<?xml version="1.0"?>
<opencv_storage>
<Depth13847 type_id="opencv-matrix">
  <rows>58</rows>
  <cols>36</cols>
  <dt>w</dt>
  <data>
    4708 4708 4645 4645 4645 4645 4645 4522 4522 4522 4522 4522 4463
    1748 1739 1731 1722 1713 1713 1705 1705 1705 1705 1705 1705 1713
    1722 1731 1739 1748 1748 1748 1748 4463 4405 4405 1904 1904 1894
    1883 1863 1853 1833 1833 1804 1804 1794 1785 1776 1748 1739 1731
    1722 1713 1713 1705 1705 1705 1705 1705 1705 1713 1713 1722 1731
    1731 1739 1748 1748 4405 4405 4349 1904 1904 1894 1883 1863 1853
    1833 1833 1804 1804 1794 1785 1776 1766 1748 1739 1731 1713 1705
    1696 1696 1696 1705 1705 1705 1713 1713 1722 1731 1731 1731 1739
    1739 4349 4349 4349 1926 1915 1894 1883 1863 1853 1843 1833 1813
    1804 1794 1785 1776 1766 1748 1739 1722 1705 1705 1696 1696 1696
    1696 1705 1705 1722 1722 1722 1722 1731 1731 1739 1739 1739 4349
    4295 1936 1904 1894 1873 1853 1843 1843 1833 1813 1804 1794 1785
    1776 1766 1748 1739 1722 1705 1705 1696 1696 1696 1696 1705 1713
    1722 1731 1722 1722 1731 1731 1739 1739 1739 4295 4295 1904 1904
    1894 1873 1853 1843 1843 1833 1813 1804 1794 1785 1776 1766 1748
    1739 1731 1713 1705 1705 1696 1696 1705 1705 1713 1722 1722 1731
    1731 1731 1731 1739 1748 1748 4349 4349 4645 1904 1894 1873 1863
    1843 1843 1833 1813 1804 1794 1785 1776 1766 1748 1739 1731 1713
    1705 1705 1705 1705 1705 1705 1705 1713 1722 1731 1731 1739 1739
    1739 1739 1739 4349 4349 4645 1894 1894 1873 1863 1843 1843 1833
    1813 1804 1804 1785 1776 1766 1748 1739 1731 1713 1705 1705 1705
    1705 1705 1705 1705 1713 1722 1722 1731 1731 1739 1739 1739 1739
    1739 4349 1915 1894 1894 1873 1863 1853 1843 1833 1813 1804 1794
    1785 1776 1766 1748 1739 1731 1722 1713 1705 1705 1705 1705 1705
    1705 1713 1722 1722 1731 1731 1739 1739 1739 1739 1739 4349 1915
    1904 1894 1873 1863 1853 1843 1833 1813 1804 1794 1785 1776 1766
    1748 1739 1731 1722 1713 1705 1705 1705 1705 1705 1705 1713 1722
    1722 1731 1731 1739 1739 1731 1731 1731 4349 1926 1915 1894 1873
    1863 1853 1843 1833 1813 1804 1804 1785 1785 1776 1766 1748 1739
    1731 1713 1705 1705 1705 1705 1705 1713 1713 1722 1731 1731 1731
    1739 1739 1731 1731 1731 4295 1926 1915 1894 1873 1863 1853 1843
    1833 1823 1813 1804 1785 1785 1776 1766 1739 1739 1731 1722 1713
    1705 1705 1705 1705 1713 1722 1722 1731 1731 1731 1739 1739 1731
    1731 1731 4295 1926 1915 1894 1883 1863 1853 1843 1833 1823 1813
    1804 1785 1785 1776 1766 1739 1739 1731 1722 1713 1705 1705 1705
    1705 1722 1722 1722 1731 1731 1731 1739 1739 1731 1731 1731 4295
    1915 1904 1894 1883 1863 1853 1843 1833 1823 1813 1804 1794 1785
    1776 1766 1748 1739 1731 1722 1705 1705 1705 1705 1705 1722 1722
    1722 1731 1731 1739 1739 1739 1739 1739 1739 4349 1915 1904 1894
    1883 1863 1853 1843 1833 1823 1813 1804 1794 1785 1776 1757 1748
    1739 1731 1722 1705 1705 1705 1713 1713 1722 1722 1722 1731 1731
    1739 1739 1739 1739 1739 1739 4405 1915 1904 1894 1883 1863 1853
    1853 1833 1813 1813 1804 1804 1785 1776 1757 1748 1739 1731 1722
    1705 1705 1713 1722 1722 1722 1722 1722 1731 1731 1739 1739 1739
    1739 1739 1739 4405 1915 1894 1883 1883 1863 1853 1853 1843 1813
    1813 1804 1804 1794 1776 1757 1748 1739 1731 1722 1713 1713 1713
    1713 1722 1722 1722 1731 1731 1731 1739 1739 1748 1739 1739 1739
    4405 1915 1894 1883 1883 1863 1863 1853 1843 1813 1813 1804 1804
    1794 1776 1757 1739 1739 1731 1722 1713 1705 1705 1705 1713 1722
    1722 1722 1722 1731 1731 1739 1748 1748 1757 1757 4349 1915 1894
    1883 1873 1863 1863 1853 1843 1823 1813 1804 1804 1794 1776 1757
    1739 1739 1731 1722 1713 1705 1705 1705 1705 1713 1713 1722 1722
    1731 1731 1739 1739 1748 1748 1748 4349 1915 1894 1883 1873 1863
    1853 1853 1843 1823 1813 1804 1804 1794 1776 1757 1748 1739 1731
    1722 1705 1705 1696 1696 1705 1713 1713 1722 1722 1731 1731 1731
    1739 1748 1748 1748 4349 1894 1894 1894 1873 1863 1853 1853 1843
    1833 1813 1813 1804 1794 1776 1757 1748 1739 1731 1722 1705 1705
    1696 1696 1705 1713 1713 1722 1722 1731 1731 1731 1739 1731 1731
    1731 4349 1894 1894 1894 1883 1873 1853 1853 1843 1833 1813 1813
    1804 1794 1776 1766 1748 1739 1731 1722 1705 1705 1696 1696 1705
    1713 1713 1722 1722 1731 1731 1739 1739 1731 1731 1731 4405 4645
    1894 1894 1883 1873 1863 1853 1843 1833 1813 1813 1804 1794 1776
    1766 1748 1739 1731 1722 1705 1705 1696 1696 1705 1713 1713 1722
    1731 1731 1739 1739 1739 1739 1739 1739 4405 4645 1894 1894 1883
    1873 1863 1853 1843 1833 1813 1813 1804 1794 1776 1757 1748 1739
    1731 1722 1705 1705 1696 1696 1705 1705 1713 1722 1731 1731 1739
    1739 1739 1739 1739 1739 4405 4582 1904 1894 1883 1873 1863 1853
    1843 1833 1813 1813 1804 1794 1766 1757 1748 1739 1731 1722 1713
    1705 1705 1705 1705 1705 1713 1722 1731 1731 1731 1731 1739 1739
    1739 1739 4405 4582 1904 1904 1883 1873 1863 1853 1843 1833 1813
    1813 1804 1776 1766 1757 1748 1739 1731 1731 1722 1705 1705 1705
    1713 1713 1722 1722 1731 1731 1731 1731 1739 1739 1739 1739 4405
    1936 1915 1904 1883 1873 1863 1853 1843 1833 1813 1813 1804 1776
    1766 1757 1748 1739 1731 1731 1713 1705 1705 1705 1713 1713 1722
    1722 1731 1731 1731 1731 1739 1739 1739 1739 4405 1936 1915 1894
    1883 1883 1863 1853 1843 1833 1813 1813 1804 1776 1766 1757 1739
    1739 1731 1731 1713 1705 1705 1705 1713 1713 1722 1722 1731 1731
    1731 1731 1739 1739 1739 1739 4405 1904 1904 1894 1883 1883 1863
    1853 1843 1833 1813 1813 1804 1776 1766 1757 1739 1739 1731 1722
    1713 1705 1705 1705 1705 1713 1722 1722 1731 1731 1731 1731 1739
    1739 1739 1739 4349 1894 1894 1894 1883 1883 1863 1853 1843 1833
    1823 1813 1804 1785 1766 1757 1748 1739 1731 1722 1713 1705 1705
    1705 1705 1713 1722 1731 1731 1731 1731 1731 1739 1739 1739 1739
    4139 1894 1894 1894 1883 1883 1863 1853 1843 1833 1823 1813 1804
    1785 1766 1766 1748 1739 1731 1731 1713 1705 1705 1705 1705 1713
    1713 1731 1731 1731 1731 1739 1739 1739 1748 1748 4041 1915 1915
    1894 1883 1883 1863 1853 1843 1833 1823 1813 1794 1785 1766 1766
    1757 1739 1739 1731 1713 1713 1705 1705 1705 1705 1713 1722 1731
    1731 1739 1739 1739 1739 1739 1739 1739 1926 1915 1904 1883 1883
    1873 1853 1843 1833 1823 1813 1794 1785 1776 1766 1757 1739 1739
    1731 1722 1713 1705 1705 1705 1705 1713 1722 1731 1731 1739 1739
    1739 1748 1739 1739 1739 1936 1915 1904 1894 1883 1873 1853 1843
    1833 1823 1813 1794 1785 1776 1766 1757 1739 1739 1731 1722 1713
    1705 1705 1705 1705 1713 1722 1731 1731 1739 1739 1739 1739 1739
    1739 1739 1926 1915 1904 1894 1883 1873 1853 1843 1833 1823 1813
    1794 1785 1776 1766 1757 1739 1739 1731 1731 1713 1705 1705 1705
    1705 1713 1722 1731 1731 1739 1739 1739 1739 1739 1739 1739 1926
    1904 1894 1883 1883 1863 1853 1843 1833 1823 1813 1794 1785 1776
    1766 1757 1739 1739 1731 1722 1713 1705 1705 1705 1713 1722 1722
    1731 1731 1739 1739 1739 1739 1748 1748 1757 1926 1904 1894 1883
    1883 1863 1853 1843 1843 1823 1813 1794 1785 1776 1766 1757 1739
    1739 1731 1722 1713 1705 1705 1705 1713 1722 1722 1731 1731 1731
    1739 1739 1739 1748 1748 1757 1926 1904 1894 1883 1883 1863 1853
    1843 1843 1823 1813 1794 1785 1776 1766 1757 1748 1739 1731 1713
    1705 1705 1705 1705 1713 1722 1731 1731 1731 1731 1731 1739 1739
    1748 1757 1766 1904 1904 1894 1894 1883 1863 1853 1853 1843 1823
    1804 1804 1794 1776 1766 1757 1748 1739 1731 1713 1705 1705 1705
    1705 1713 1722 1731 1731 1731 1731 1731 1739 1739 1739 1748 1766
    4842 1915 1894 1894 1883 1873 1853 1853 1833 1833 1804 1804 1785
    1776 1766 1757 1748 1739 1731 1713 1705 1705 1705 1705 1713 1722
    1731 1731 1731 1731 1731 1739 1739 1739 1748 1757 4842 1926 1904
    1894 1883 1873 1863 1843 1833 1823 1813 1804 1785 1776 1766 1766
    1748 1739 1731 1722 1705 1705 1705 1705 1705 1713 1722 1722 1731
    1731 1731 1739 1739 1739 1748 1757 4842 1926 1904 1894 1883 1873
