<?xml version="1.0"?>
<opencv_storage>
<Depth4449 type_id="opencv-matrix">
  <rows>16</rows>
  <cols>14</cols>
  <dt>w</dt>
  <data>
    5132 4983 4983 5056 5056 5056 5056 4983 4842 4842 4774 4774 4774
    4774 5056 4983 4983 5056 4983 4983 4983 4842 4708 4708 4774 4774
    4708 4708 5056 4983 4983 4911 4842 4842 4842 4774 4708 4708 4708
    4708 4708 4708 4983 4842 4774 4774 4708 4708 4708 4708 4645 4645
    4708 4708 4708 4708 4842 4842 4708 4582 4582 4582 4645 4645 4645
    4645 4708 4708 4708 4708 4582 4582 4582 4582 4582 4582 4645 4645
    4645 4645 4645 4774 4774 4774 4522 4522 4522 4582 4582 4582 4582
    4645 4645 4582 4582 4774 4774 4774 4522 4522 4522 4582 4582 4582
    4582 4645 4645 4582 4582 4582 4774 4774 4582 4522 4522 4582 4582
    4582 4582 4645 4708 4645 4582 4582 4582 4582 4582 4582 4582 4582
    4582 4582 4582 4708 4774 4645 4582 4582 4582 4582 4582 4582 4582
    4582 4582 4582 4582 4774 4774 4645 4582 4582 4582 4582 4522 4463
    4463 4463 4522 4522 4522 4522 4522 4522 4645 4645 4582 4582 4463
    4405 4405 4405 4522 4522 4463 4463 4463 4463 4463 4708 4708 4708
    4349 4349 4349 4349 4463 4349 4349 4405 4463 4463 4463 4708 4708 0
    4349 4349 4349 4295 4295 4295 4295 4295 0 0 0 0 0 0 4349 4349 4295
    4295 4295 4295 4295 4295 0 0 0 0 0 0</data></Depth4449>
</opencv_storage>
