<?xml version="1.0"?>
<opencv_storage>
<Depth3279 type_id="opencv-matrix">
  <rows>20</rows>
  <cols>35</cols>
  <dt>w</dt>
  <data>
    2579 2560 2541 2541 2541 2541 2560 2560 2560 2560 2560 2560 2560
    2560 2560 2541 2541 2541 2522 2522 2541 2522 2522 2522 2522 2522
    2541 2541 2541 2522 2522 2503 2485 2485 2485 2598 2560 2541 2541
    2541 2541 2560 2560 2560 2560 2560 2560 2560 2560 2541 2541 2522
    2522 2522 2522 2541 2541 2541 2541 2541 2541 2560 2541 2541 2522
    2522 2522 2503 2485 2485 2598 2560 2560 2541 2541 2541 2560 2560
    2560 2560 2560 2560 2560 2560 2541 2541 2522 2522 2541 2541 2541
    2560 2560 2560 2560 2560 2560 2541 2541 2522 2522 2503 2503 2467
    2467 0 2541 2541 2560 2560 2560 2560 2560 2560 2560 2560 2560 2560
    2560 2541 2541 2522 2522 2541 2541 2541 2560 2560 2560 2560 2560
    2560 2541 2541 2522 2522 2503 2503 2467 2467 0 2541 2541 2560 2560
    2560 2560 2560 2560 2560 2560 2560 2560 2560 2541 2541 2522 2522
    2541 2541 2541 2560 2560 2560 2560 2560 2541 2541 2541 2522 2522
    2503 2503 2503 2503 0 2503 2503 2560 2560 2560 2560 2560 2560 2560
    2560 2560 2560 2560 2560 2560 2541 2541 2541 2560 2560 2560 2560
    2560 2541 2541 2541 2541 2541 2522 2522 2522 2503 2503 2503 2432
    2432 2503 2541 2541 2560 2560 2560 2560 2560 2560 2560 2560 2560
    2560 2560 2560 2560 2560 2560 2560 2560 2560 2541 2541 2541 2541
    2541 2541 2541 2541 2541 2522 2522 2522 2432 2432 2450 2541 2541
    2560 2560 2560 2560 2560 2560 2560 2560 2560 2560 2560 2560 2560
    2560 2560 2560 2560 2560 2541 2541 2541 2522 2522 2522 2541 2541
    2541 2522 2522 2541 0 2450 2450 2541 2541 2560 2560 2560 2560 2560
    2560 2560 2560 2560 2560 2560 2560 2560 2541 2541 2560 2560 2560
    2541 2541 2541 2522 2522 2522 2541 2541 2541 2541 2541 2541 0 0 0
    2541 2541 2560 2560 2560 2560 2560 2560 2560 2560 2560 2560 2560
    2560 2560 2541 2541 2560 2560 2560 2541 2541 2541 2522 2522 2522
    2541 2541 2522 2522 2503 2503 0 0 0 0 2560 2560 2560 2560 2560 2560
    2560 2560 2560 2560 2560 2560 2560 2560 2560 2560 2560 2560 2560
    2541 2541 2541 2522 2522 2522 2522 2541 2522 2522 2503 2503 0 0 0 0
    2560 2541 2541 2560 2560 2560 2560 2560 2560 2560 2560 2560 2560
    2560 2560 2560 2560 2560 2541 2541 2541 2541 2522 2522 2522 2522
    2541 2522 2503 2503 2503 0 0 0 0 2560 2541 2541 2560 2560 2560 2560
    2560 2560 2560 2560 2560 2560 2560 2560 2560 2560 2560 2541 2541
    2541 2541 2522 2522 2522 2522 2522 2522 2503 2485 2485 0 0 0 0 2560
    2541 2541 2560 2560 2560 2560 2560 2560 2560 2560 2560 2560 2560
    2560 2560 2560 2560 2541 2541 2541 2541 2541 2541 2541 2541 2522
    2522 2503 2485 2485 0 0 0 0 0 2541 2541 2560 2560 2560 2560 2560
    2579 2579 2560 2560 2560 2560 2560 2560 2560 2560 2541 2541 2541
    2541 2541 2541 2541 2541 2522 2522 2503 2485 2485 0 0 0 0 0 0 2560
    2560 2560 2560 2560 2560 2579 2579 2560 2560 2560 2560 2560 2560
    2560 2560 2560 2541 2541 2560 2560 2560 2541 2541 2541 2541 2522
    2503 2503 0 0 0 0 0 0 2560 2560 2560 2560 2560 2560 2579 2579 2560
    2560 2560 2560 2560 2560 2560 2541 2541 2541 2541 2560 2560 2560
    2560 2541 2541 2541 2541 2503 2503 0 0 0 0 0 0 0 2560 2560 2560 2560
    2560 2560 2560 2560 2560 2560 2560 2560 2560 2560 2541 2522 2522
    2541 2541 2560 2560 2560 2541 2541 2541 2541 2541 2541 0 0 0 0 0 0 0
    2522 2522 2541 2541 2560 2541 2541 2560 2560 2560 2560 2560 2560
    2560 2541 2522 2522 2541 2541 2560 2560 2560 2560 2560 2541 2541 0 0
    0 0 0 0 0 0 0 2503 2503 2541 2541 2541 2541 2541 2541 2541 2560 2560
    2560 2560 2560 2541 2522 2522 2560 2560 2560 2560 2560 2560 2560 0 0
    0 0</data></Depth3279>
</opencv_storage>
