<?xml version="1.0"?>
<opencv_storage>
<Depth2936 type_id="opencv-matrix">
  <rows>40</rows>
  <cols>32</cols>
  <dt>w</dt>
  <data>
    4983 4983 4983 4983 4911 4911 2723 2723 2701 2680 2680 2680 2680
    2680 2680 2701 2723 2723 2723 4842 4842 4842 4774 4708 4708 4645
    4645 4645 4645 4645 4645 4645 4983 4983 4983 4911 4911 4911 2723
    2723 2701 2701 2701 2701 2701 2680 2680 2701 2723 2701 2680 2680
    4842 4708 2723 2723 4708 4645 4645 4645 4645 4645 4645 4645 4911
    4983 4911 4911 4911 4911 2723 2723 2701 2701 2701 2701 2701 2701
    2701 2701 2723 2701 2680 2680 2723 2723 2723 2723 2723 4645 4645
    4645 4645 4645 4645 4645 4911 4983 4911 4911 4911 4911 2723 2723
    2723 2723 2701 2701 2701 2701 2701 2701 2723 2701 2701 2701 2701
    2723 2723 2723 2701 2701 4645 4645 4645 4645 4645 4645 4911 4983
    4911 4911 4911 2767 2723 2723 2723 2723 2723 2723 2701 2701 2723
    2723 2723 2701 2701 2701 2701 2701 2701 2701 2701 2701 2701 2701
    2701 2701 2701 2701 4983 4983 4911 4911 4911 2744 2723 2723 2723
    2723 2723 2723 2723 2701 2701 2723 2723 2701 2701 2701 2701 2701
    2701 2701 2701 2701 2701 2701 2701 2701 2701 2701 4983 4983 4911
    4911 4911 2723 2723 2723 2723 2723 2723 2723 2723 2701 2701 2701
    2701 2701 2701 2701 2701 2701 2701 2701 2701 2701 2701 2701 2701
    2701 2701 2701 4911 4911 4911 4911 4911 2723 2723 2701 2701 2701
    2723 2723 2723 2701 2701 2701 2701 2701 2701 2701 2701 2701 2701
    2701 2701 2701 2701 2701 2701 2701 2701 2701 4911 4911 4911 4911
    2744 2723 2701 2701 2701 2701 2701 2723 2723 2701 2701 2701 2701
    2701 2701 2701 2701 2701 2701 2701 2701 2701 2701 2701 2701 2701
    2701 2701 4911 4911 4911 2701 2701 2723 2701 2701 2701 2701 2701
    2701 2701 2701 2701 2701 2701 2701 2701 2701 2701 2701 2701 2701
    2701 2701 2701 2701 2701 2701 2701 2701 4911 4911 4911 2701 2701
    2723 2701 2701 2701 2701 2701 2701 2701 2701 2701 2701 2701 2701
    2701 2701 2701 2701 2701 2701 2701 2701 2701 2701 2701 2680 2680
    2701 4983 4911 4911 2701 2701 2723 2701 2701 2701 2701 2701 2701
    2701 2701 2701 2701 2701 2701 2701 2701 2701 2701 2701 2701 2701
    2701 2701 2701 2701 2680 2680 2680 4911 4911 4911 2701 2701 2723
    2701 2701 2701 2701 2701 2701 2701 2701 2701 2701 2701 2701 2701
    2701 2701 2701 2701 2701 2680 2680 2701 2701 2701 2680 2680 2701
    4911 4911 2701 2701 2701 2723 2723 2701 2701 2701 2701 2701 2701
    2701 2701 2701 2701 2701 2701 2701 2701 2701 2701 2701 2680 2680
    2701 2701 2701 2680 2680 2701 4911 4911 2701 2701 2701 2701 2701
    2701 2701 2701 2701 2701 2701 2701 2723 2701 2701 2701 2701 2701
    2701 2701 2701 2701 2680 2680 2701 2701 2680 2680 2680 4582 4911
    4911 2701 2701 2701 2701 2701 2701 2701 2701 2701 2701 2701 2701
    2701 2701 2701 2701 2701 2701 2701 2701 2701 2701 2680 2680 2680
    2701 2659 2659 2659 4582 4911 2723 2701 2701 2701 2701 2701 2701
    2701 2701 2701 2701 2701 2701 2701 2701 2701 2701 2701 2680 2680
    2701 2701 2680 2680 2680 2680 2680 2659 2659 4582 4582 4911 2701
    2701 2701 2701 2701 2701 2701 2701 2701 2701 2701 2701 2701 2701
    2701 2701 2701 2701 2680 2680 2680 2680 2680 2680 2680 2680 2680
    2659 2659 4582 4582 4911 2701 2701 2701 2701 2701 2701 2701 2701
    2701 2701 2701 2701 2701 2701 2701 2701 2701 2701 2701 2701 2680
    2680 2680 2680 2680 2680 2680 2659 2659 4582 4582 4911 4842 2701
    2701 2701 2701 2701 2701 2701 2701 2701 2701 2701 2701 2701 2680
    2680 2701 2701 2701 2701 2680 2680 2680 2659 2659 2659 2680 2680
    2680 4645 4645 4842 2701 2701 2701 2701 2701 2701 2701 2701 2701
    2701 2701 2701 2701 2701 2680 2680 2701 2701 2701 2701 2680 2680
    2680 2659 2659 2659 2680 2680 2680 4645 4645 4842 2701 2701 2701
    2701 2701 2701 2701 2701 2701 2701 2701 2701 2701 2701 2701 2701
    2701 2701 2701 2701 2680 2680 2680 2680 2680 2680 2680 2680 2680
    4582 4582 2723 2723 2701 2701 2701 2701 2701 2701 2701 2701 2701
    2701 2701 2701 2701 2701 2701 2701 2701 2701 2701 2701 2701 2701
    2701 2701 2680 2680 2680 4582 4582 4582 2723 2723 2723 2701 2701
    2701 2701 2701 2701 2701 2701 2701 2701 2701 2701 2701 2701 2701
    2701 2701 2701 2701 2701 2701 2701 2701 2680 2680 2680 4582 4582
    4582 2723 2723 2701 2701 2701 2701 2701 2701 2701 2680 2680 2680
    2680 2680 2701 2701 2701 2701 2701 2701 2701 2701 2701 2680 2680
    2680 2659 2659 2680 4582 4582 4522 2723 2723 2701 2701 2701 2701
    2701 2701 2701 2680 2680 2680 2680 2680 2701 2701 2701 2701 2701
    2701 2680 2680 2680 2680 2680 2659 2659 2659 2659 4582 4582 4522
    2723 2701 2701 2701 2701 2701 2701 2701 2701 2680 2680 2680 2680
    2680 2680 2701 2701 2701 2701 2680 2680 2659 2659 2659 2659 2659
    2639 2639 2639 4582 4582 4522 2701 2701 2701 2701 2701 2701 2701
    2680 2680 2680 2680 2680 2680 2680 2680 2680 2701 2701 2701 2680
    2680 2659 2659 2659 2659 2659 2639 2639 4582 4582 4582 4522 2680
    2701 2701 2701 2701 2701 2701 2680 2680 2680 2680 2680 2680 2680
    2680 2680 2680 2701 2701 2680 2680 2659 2659 2659 2680 2680 2639
    2639 4582 4582 4582 4522 2680 2701 2701 2701 2701 2701 2701 2680
    2680 2680 2680 2680 2680 2680 2680 2680 2680 2680 2680 2680 2680
    2659 2659 2680 2680 2680 2639 2639 4582 4582 4582 4522 2701 2701
    2701 2701 2701 2701 2701 2701 2680 2680 2680 2680 2680 2680 2680
    2680 2680 2680 2680 2680 2680 2659 2659 2659 2659 2639 2639 2659
    4582 4582 4582 4522 2723 2701 2701 2680 2680 2680 2680 2680 2680
    2680 2680 2701 2680 2680 2680 2680 2680 2680 2680 2680 2659 2659
    2659 2659 2659 2639 2639 2639 4582 4582 4582 4522 2723 2723 2701
    2680 2680 2680 2680 2680 2680 2680 2680 2680 2680 2680 2680 2659
    2659 2659 2680 2659 2659 2659 2659 2639 2639 2639 2639 2639 4522
    4522 4522 4522 2723 2723 2701 2680 2680 2680 2680 2680 2680 2680
    2680 2680 2659 2659 2659 2659 2659 2659 2659 2659 2659 2659 2659
    2639 2639 2639 2639 4463 4463 4522 4522 4463 2723 2723 2701 2659
    2659 2659 2659 2680 2680 2680 2659 2659 2659 2659 2659 2659 2659
    2659 2659 2659 2659 2659 2659 2659 2659 2639 2639 4463 4463 4522
    4522 4463 4774 2744 2701 2659 2659 2659 2659 2659 2659 2680 2659
    2659 2659 2659 2659 2659 2659 2659 2659 2659 2659 2659 2659 2659
    2659 2639 2639 4522 4522 4522 4522 4463 4774 4774 4774 4708 4708
    4708 4708 2659 2618 2618 2618 2639 2659 2659 2659 2680 2659 2659
    2659 2659 2639 2639 2639 2639 2659 2659 4582 4582 4522 4522 4463
    4463 4774 4774 4774 4774 4774 4774 4774 4774 2618 2618 2618 2639
    2659 2659 2659 2680 2680 2659 2659 2659 2639 2639 2639 2639 2659
    2659 4522 4522 4522 4522 4463 4463 4774 4774 4842 4842 4842 4774
    4774 4774 4774 4708 4645 4645 4645 4708 2680 2680 2680 2680 2659
    2659 2659 2639 2639 2639 2659 2680 4522 4522 4522 4463 4463 4463
    4842 4842 4842 4842 4842 4842 4842 4774 4708 4645 4645 4645 4645
    4645 4645 4645 2680 2680 2680 2659 2659 2639 2639 2680 2680 2680
    4463 4522 4522 4463 4405 4405</data></Depth2936>
</opencv_storage>
