<?xml version="1.0"?>
<opencv_storage>
<Depth4662 type_id="opencv-matrix">
  <rows>62</rows>
  <cols>67</cols>
  <dt>w</dt>
  <data>
    4708 4708 4708 4708 4708 4708 4708 4708 4708 4708 4708 4774 4774
    4774 4842 4842 4842 4842 4842 1739 1731 1731 1731 1731 1731 4842
    4842 4774 4774 4774 4774 4774 4842 4842 4842 4842 4842 4842 4842
    4842 4842 4911 4842 4842 4842 4842 4842 4842 4842 4842 4842 4842
    4842 4842 4842 4842 4842 4842 4842 4842 4842 4842 4842 4842 4842
    4842 4842 4708 4708 4708 4708 4708 4774 4708 4708 4708 4708 4708
    4774 4774 4774 4774 4774 4774 1731 1731 1731 1731 1731 1731 1731
    1731 1731 1731 4842 4842 4774 4774 4774 4774 4842 4842 4842 4774
    4774 4774 4842 4842 4842 4842 4842 4842 4842 4842 4842 4842 4842
    4842 4842 4842 4842 4842 4842 4842 4842 4842 4842 4842 4842 4842
    4842 4842 4842 4842 4708 4708 4708 4708 4708 4708 4708 4708 4708
    4708 4708 1731 1713 1705 1705 1705 1705 1713 1722 1722 1722 1731
    1731 1731 1731 1731 1731 1739 1739 4774 4708 4708 4708 4842 4842
    4774 4708 4708 4774 4774 4842 4842 4842 4774 4774 4842 4842 4842
    4842 4842 4842 4842 4842 4842 4842 4842 4842 4842 4842 4842 4842
    4842 4842 4842 4842 4842 4842 4708 4708 4708 4708 4708 4708 4708
    4708 4708 4708 4708 1731 1705 1705 1705 1705 1705 1705 1713 1713
    1722 1722 1722 1722 1731 1731 1731 1731 1731 1731 4708 4708 4708
    4842 4842 4774 4708 4708 4774 4774 4774 4774 4774 4774 4774 4842
    4842 4842 4842 4842 4842 4842 4842 4842 4774 4774 4774 4774 4842
    4842 4842 4842 4842 4842 4842 4842 4842 4708 4708 4708 4708 4708
    4708 4708 4708 4708 4708 4708 4708 1705 1705 1696 1696 1696 1696
    1705 1705 1705 1713 1713 1713 1722 1722 1731 1731 1731 1731 1731
    1731 4911 4842 4774 4708 4708 4708 4708 4708 4708 4774 4774 4774
    4774 4774 4774 4842 4842 4842 4842 4842 4774 4774 4774 4774 4774
    4774 4774 4774 4774 4774 4774 4842 4842 4842 4842 4645 4645 4645
    4645 4645 4645 4708 4708 4708 4645 4645 4645 4645 4645 1696 1696
    1696 1696 1705 1705 1705 1705 1705 1705 1722 1722 1722 1722 1713
    1713 1722 1722 1722 4842 4774 4708 4708 4708 4708 4708 4708 4708
    4774 4774 4774 4774 4774 4774 4842 4842 4842 4774 4774 4708 4708
    4774 4774 4708 4708 4708 4708 4774 4774 4774 4842 4842 4842 4645
    4645 4645 4645 4645 4645 4645 4645 4645 4582 4582 4645 4645 4645
    1688 1688 1696 1696 1696 1705 1705 1705 1705 1705 1713 1713 1713
    1713 1713 1713 1713 1722 1722 1731 1731 4708 4708 4708 4708 4708
    4708 4708 4708 4708 4708 4708 4708 4774 4774 4774 4774 4774 4774
    4708 4708 4774 4774 4708 4708 4708 4708 4708 4774 4774 4774 4774
    4774 4645 4645 4645 4645 4645 4645 4645 4645 4645 4582 4582 4582
    1671 1671 1671 1680 1688 1688 1696 1696 1696 1696 1696 1696 1705
    1705 1705 1705 1705 1705 1713 1722 1722 1731 1731 1731 4708 4708
    4708 4708 4708 4708 4708 4708 4708 4708 4708 4708 4774 4774 4774
    4774 4774 4708 4708 4774 4774 4774 4708 4708 4708 4708 4708 4774
    4774 4774 4774 4582 4582 4645 4645 4645 4645 4645 4645 4582 4582
    4582 4582 1663 1663 1663 1671 1671 1680 1688 1688 1688 1688 1696
    1696 1696 1705 1705 1705 1705 1705 1705 1713 1713 1722 1722 1731
    1722 1722 4774 4774 4774 4774 4708 4708 4708 4708 4708 4708 4708
    4708 4774 4708 4708 4708 4708 4708 4708 4708 4708 4708 4708 4708
    4708 4708 4708 4774 4774 4582 4582 4645 4645 4645 4645 4645 4645
    4582 4582 4582 1663 1663 1663 1663 1663 1671 1671 1671 1671 1680
    1688 1688 1688 1696 1696 1696 1705 1705 1705 1705 1705 1705 1713
    1713 1713 1722 1705 1705 1705 4774 4774 4708 4708 4708 4708 4708
    4708 4708 4708 4774 4708 4708 4708 4708 4708 4708 4708 4708 4708
    4708 4708 4708 4708 4708 4708 4708 4582 4582 4582 4582 4645 4582
    4582 4582 4582 4582 1647 1647 1647 1655 1663 1663 1663 1671 1671
    1671 1671 1680 1680 1680 1688 1688 1696 1696 1696 1696 1696 1705
    1705 1705 1705 1713 1713 1705 1705 1705 1705 1705 4708 4708 4708
    4708 4708 4708 4708 4708 4708 4708 4708 4708 4708 4708 4708 4708
    4708 4708 4708 4708 4708 4708 4708 4708 4708 4582 4582 4582 4582
    4582 4582 4582 4582 4582 4582 1639 1639 1647 1647 1655 1655 1655
    1663 1663 1663 1663 1671 1671 1680 1680 1680 1688 1696 1696 1696
    1696 1696 1696 1696 1705 1705 1705 1705 1705 1705 1705 1713 1731
    4708 4708 4645 4645 4708 4708 4708 4708 4708 4708 4708 4708 4708
    4708 4708 4708 4708 4708 4708 4708 4708 4708 4708 4708 4582 4582
    4582 4582 4582 4582 4582 4645 4645 1639 1639 1639 1639 1639 1647
    1647 1655 1655 1663 1663 1663 1671 1671 1671 1671 1671 1680 1680
    1688 1696 1696 1696 1696 1696 1696 1696 1705 1705 1705 1705 1713
    1713 1722 1731 1731 4645 4645 4708 4708 4708 4708 4708 4708 4708
    4708 4708 4708 4708 4708 4708 4708 4708 4708 4708 4708 4708 4708
    4582 4582 4582 4582 4582 4582 4582 4582 1624 1624 1624 1632 1632
    1639 1639 1639 1647 1647 1655 1655 1663 1663 1663 1663 1663 1663
    1671 1671 1671 1680 1688 1688 1688 1696 1696 1696 1696 1696 1696
    1705 1705 1713 1722 1722 1713 1713 1713 4708 4708 4708 4708 4708
    4708 4708 4708 4708 4708 4708 4708 4708 4708 4708 4708 4708 4645
    4645 4645 4582 4582 4582 4582 4582 4582 1601 1601 1601 1609 1616
    1624 1624 1632 1632 1632 1632 1639 1639 1647 1655 1663 1663 1663
    1663 1663 1663 1663 1671 1671 1680 1680 1680 1688 1688 1688 1696
    1696 1696 1696 1705 1705 1705 1713 1705 1705 1705 1705 4708 4708
    4708 4708 4708 4708 4708 4708 4708 4708 4708 4708 4708 4708 4708
    4645 4645 4645 4645 4582 4582 4522 4522 4582 4582 1601 1601 1601
    1609 1609 1616 1616 1624 1624 1632 1632 1632 1632 1639 1639 1639
    1655 1663 1663 1663 1663 1663 1663 1663 1671 1671 1671 1671 1671
    1680 1680 1696 1696 1696 1696 1696 1705 1705 1705 1705 1705 1713
    1713 4708 4708 4645 4645 4708 4708 4708 4708 4708 4708 4708 4708
    4645 4645 4645 4645 4645 4645 4522 4522 4522 4522 4582 1586 1586
    1586 1586 1601 1601 1609 1609 1609 1616 1624 1632 1632 1632 1632
    1639 1639 1639 1639 1647 1647 1647 1655 1655 1655 1655 1663 1663
    1671 1671 1671 1671 1680 1688 1696 1696 1696 1696 1696 1696 1696
    1705 1705 1705 1705 4708 4645 4645 4708 4708 4645 4645 4645 4708
    4708 4708 4645 4645 4645 4645 4645 4645 4463 4522 4522 4522 1586
    1586 1586 1586 1586 1601 1601 1609 1609 1609 1609 1624 1624 1624
    1624 1632 1632 1632 1632 1632 1639 1639 1639 1639 1639 1639 1647
    1655 1655 1671 1671 1671 1671 1671 1680 1688 1688 1688 1688 1696
    1696 1696 1705 1705 1705 1705 1705 4645 4645 4708 4708 4645 4645
    4645 4708 4708 4708 4645 4645 4645 4645 4645 4645 4405 4405 1601
    1594 1586 1579 1579 1579 1586 1601 1601 1601 1601 1601 1609 1609
    1616 1616 1616 1616 1624 1624 1624 1624 1624 1632 1632 1639 1639
    1639 1639 1647 1647 1663 1663 1663 1663 1671 1680 1680 1680 1680
    1680 1688 1696 1696 1696 1705 1705 1705 1705 1705 4708 4708 4645
    4645 4645 4645 4645 4645 4645 4645 4645 4645 4645 4645 4645 4405
    4405 1601 1594 1586 1579 1579 1579 1579 1594 1594 1601 1601 1601
    1601 1609 1609 1609 1609 1609 1609 1616 1616 1616 1616 1624 1632
    1632 1639 1639 1639 1639 1647 1647 1655 1655 1663 1663 1671 1671
    1671 1671 1671 1680 1688 1696 1696 1696 1696 1696 1705 1705 1705
    4708 4582 4582 4582 4645 4645 4645 4645 4645 4645 4645 4645 4645
    4645 4463 4463 1601 1594 1586 1579 1579 1579 1579 1586 1594 1594
    1594 1594 1601 1601 1601 1601 1601 1601 1609 1609 1609 1609 1609
    1609 1616 1624 1632 1632 1632 1639 1639 1639 1639 1647 1655 1655
    1663 1663 1663 1663 1671 1671 1671 1671 1671 1680 1688 1696 1696
    1696 1696 1696 1696 4582 4582 4645 4645 4645 4645 4645 4645 4645
    4645 4645 4645 4463 1594 1594 1594 1586 1572 1572 1572 1572 1579
    1586 1586 1586 1586 1594 1601 1601 1601 1601 1601 1601 1609 1609
    1609 1609 1609 1609 1616 1624 1632 1632 1632 1639 1639 1639 1639
    1647 1647 1655 1655 1655 1663 1663 1663 1671 1671 1671 1671 1671
    1680 1688 1688 1688 1688 1696 1696 1696 4708 4645 4645 4645 4645
    4645 4645 4645 4645 4645 4463 1594 1594 1594 1586 1572 1572 1572
