<?xml version="1.0"?>
<opencv_storage>
<Depth1071 type_id="opencv-matrix">
  <rows>76</rows>
  <cols>100</cols>
  <dt>w</dt>
  <data>
    3576 3539 3539 3539 3539 0 0 0 0 3576 3576 3576 1038 1034 1034 1038
    1044 1044 1044 1044 1044 1041 1054 1054 1054 3539 3539 3539 3539
    3539 3539 3539 3539 3539 3539 3539 3539 3539 3539 3539 3539 3539
    3539 3539 3539 3539 3539 3539 3539 3539 3503 3503 3539 3539 3539
    3539 3503 3503 3503 3503 3503 3503 3503 3503 3503 3503 3503 3503
    3468 3468 3468 3433 3433 3433 3433 3433 3433 3433 3399 3365 3365
    3365 3365 3365 3365 3365 3365 3365 3365 3365 3365 3333 3333 3333
    3333 3333 3333 3333 3333 3333 3576 3539 3539 3539 0 0 0 0 0 0 3653
    1028 1028 1028 1028 1031 1038 1041 1041 1041 1041 1041 1047 1050
    1050 1050 3539 3539 3539 3539 3539 3539 3539 3539 3539 3539 3539
    3539 3539 3539 3539 3576 3539 3539 3539 3539 3539 3539 3539 3539
    3539 3539 3539 3539 3539 3539 3539 3503 3503 3503 3503 3503 3503
    3503 3503 3503 3503 3503 3503 3468 3468 3468 3468 3468 3468 3468
    3468 3433 3433 3365 3365 3365 3365 3399 3399 3365 3365 3365 3365
    3365 3365 3365 3333 3333 3333 3333 3333 3333 3333 3333 3576 3539
    3539 3539 0 0 0 0 0 0 0 1019 1019 1022 1022 1025 1028 1028 1034 1038
    1038 1038 1041 1044 1044 1044 1044 1044 1044 3539 3539 3539 3576
    3576 3539 3539 3539 3539 3539 3539 3539 3576 3539 3539 3539 3539
    3539 3576 3539 3539 3539 3539 3539 3539 3539 3539 3539 3539 3539
    3503 3503 3503 3503 3503 3503 3503 3503 3503 3503 3503 3503 3503
    3468 3468 3503 3503 3468 3468 3468 3433 3433 3433 3433 3433 3399
    3399 3399 3399 3399 3365 3365 3365 3365 3365 3365 3365 3365 3365
    3365 3365 3576 0 0 0 0 0 0 0 0 0 1013 1010 1010 1016 1019 1022 1025
    1025 1028 1028 1028 1031 1031 1038 1041 1041 1041 1044 1044 1047
    1054 1057 1060 1063 1063 3539 3539 3539 3539 3503 3503 3576 3576
    3576 3576 3539 3539 3576 3576 3539 3539 3539 3539 3539 3539 3539
    3539 3539 3539 3539 3539 3503 3503 3539 3539 3539 3539 3539 3503
    3503 3503 3503 3503 3503 3503 3503 3503 3503 3503 3468 3468 3468
    3468 3433 3433 3399 3399 3433 3433 3399 3399 3365 3365 3365 3365
    3365 3365 3365 3365 3365 0 0 0 0 0 0 0 0 0 0 1007 1004 1004 1010
    1016 1019 1022 1022 1025 1025 1028 1028 1028 1028 1034 1038 1038
    1041 1041 1041 1047 1050 1057 1057 1057 1060 1060 1060 1060 3503
    3503 3576 1067 1067 3576 3539 3539 3576 3539 3539 3539 3539 3539
    3539 3539 3539 3576 3539 3539 3539 3539 3539 3539 3539 3539 3539
    3539 3539 3539 3539 3539 3503 3503 3503 3503 3503 3503 3503 3503
    3503 3468 3468 3468 3468 3433 3433 3433 3433 3433 3433 3433 3433
    3399 3399 3399 3365 3365 3365 3365 3365 3692 0 0 0 0 0 0 0 0 0 1001
    1001 1001 1001 1007 1010 1013 1016 1016 1019 1022 1022 1022 1025
    1025 1034 1034 1034 1034 1031 1031 1041 1044 1050 1050 1054 1054
    1054 1054 1054 1054 1057 1060 1063 1063 1067 3576 3576 3539 3539
    3539 3576 3614 3614 3614 3576 3576 3576 3576 3576 3539 3539 3539
    3539 3539 3539 3576 3539 3539 3539 3539 3539 3539 3539 3539 3539
    3503 3503 3503 3503 3503 3503 3503 3468 3468 3433 3433 3433 3433
    3468 3468 3468 3433 3433 3433 3433 3433 3433 3399 3399 3692 0 0 0 0
    0 0 0 0 984 984 984 989 992 995 998 1004 1007 1007 1013 1013 1016
    1016 1016 1019 1025 1028 1028 1028 1028 1028 1031 1031 1038 1038
    1044 1047 1047 1050 1050 1054 1054 1057 1057 1060 1063 1067 1067
    1067 1070 1070 1073 3614 3614 3614 3614 3614 3614 3576 3576 3576
    3576 3539 3539 3539 3539 3576 3539 3539 3539 3539 3539 3539 3539
    3539 3539 3539 3539 3539 3503 3503 3503 3503 3468 3468 3468 3468
    3468 3468 3468 3468 3468 3468 3468 3468 3468 3468 3433 3433 3433
    3692 0 0 0 0 0 0 0 981 981 981 981 981 984 989 992 992 992 995 998
    1001 1007 1013 1013 1013 1016 1019 1022 1022 1025 1025 1025 1028
    1031 1031 1034 1041 1041 1044 1044 1044 1047 1050 1050 1054 1054
    1057 1063 1067 1067 1067 1073 1073 1070 3614 3614 3614 3614 3653
    3653 3614 3614 3576 3576 3576 3576 3576 3539 3539 3576 3576 3539
    3539 3539 3539 3539 3539 3539 3539 3503 3503 3503 3503 3468 3468
    3468 3468 3468 3468 3468 3468 3468 3468 3468 3468 3468 3468 3468
    3468 3433 0 0 0 0 0 0 0 0 975 975 975 978 978 981 984 987 989 989
    989 992 998 998 1001 1001 1004 1004 1004 1007 1016 1019 1019 1022
    1025 1025 1028 1028 1031 1034 1038 1038 1041 1041 1044 1047 1047
    1047 1054 1060 1060 1060 1060 1060 1067 1070 1070 3692 3653 3653
    3614 3614 3653 3614 3614 3576 3539 3539 3539 3576 3576 3576 3614
    3576 3576 3539 3539 3539 3576 3576 3539 3503 3503 3503 3503 3503
    3468 3468 3503 3503 3503 3503 3503 3503 3503 3503 3468 3468 3468
    3468 3468 3468 0 0 0 0 0 0 0 967 967 967 967 970 973 975 978 981 981
    981 984 987 992 995 995 995 998 1001 1001 1004 1004 1007 1010 1010
    1010 1013 1022 1025 1025 1028 1028 1034 1038 1038 1041 1041 1044
    1044 1050 1054 1054 1057 1057 1057 1063 1063 1070 1073 1073 1073
    1073 1073 3653 3614 3614 3576 3539 3539 3539 3576 3576 3614 3614
    3614 3614 3576 3576 3576 3576 3576 3539 3503 3503 3503 3503 3503
    3503 3503 3503 3503 3503 3468 3468 3503 3503 3503 3503 3468 3468
    3468 3468 3468 0 0 0 0 0 0 0 964 964 964 964 967 967 970 973 975 975
    975 978 981 987 989 989 992 992 995 998 998 998 1001 1004 1004 1004
    1004 1007 1013 1013 1016 1016 1019 1031 1034 1034 1034 1038 1038
    1041 1044 1047 1047 1047 1050 1054 1057 1060 1063 1067 1067 1067
    1067 1070 1070 1073 1077 1077 1077 1077 1077 1080 3614 3614 3614
    3614 3576 3576 3614 3614 3614 3576 3576 3576 3539 3539 3539 3539
    3539 3503 3503 3503 3468 3468 3503 3503 3503 3503 3468 3468 3503
    3468 3468 0 0 0 0 0 0 0 964 964 964 964 964 967 970 970 970 970 970
    970 975 981 987 987 984 984 984 984 989 995 995 998 1001 1001 1001
    1004 1007 1007 1010 1010 1013 1013 1019 1019 1022 1025 1031 1034
    1038 1038 1038 1041 1047 1047 1050 1054 1054 1054 1057 1060 1063
    1063 1063 1067 1073 1073 1073 1073 1073 1077 1077 1077 1073 3576
    3576 3576 3614 3614 3614 3614 3576 3576 3576 3576 3576 3576 3576
    3539 3539 3503 3503 3503 3503 3503 3503 3503 3503 3503 3503 3503
    3503 0 0 0 0 0 0 0 964 964 964 964 964 967 967 967 967 970 970 970
    970 970 973 978 978 978 978 981 981 984 989 992 995 995 1001 1001
    1004 1004 1004 1004 1007 1007 1013 1013 1016 1019 1019 1019 1025
    1028 1028 1028 1031 1041 1044 1044 1047 1047 1050 1054 1054 1054
    1057 1057 1063 1067 1067 1070 1070 1073 1073 1073 1073 1077 1077
    1077 3614 3614 3653 3653 3614 3614 3614 3614 3614 3614 3576 3576
    3539 3539 3503 3503 3539 3503 3503 3503 3539 3539 3539 3539 3539 0 0
    0 0 0 0 967 964 964 964 964 964 967 967 967 967 967 967 967 970 970
    973 973 975 975 975 975 975 978 981 984 989 989 992 992 995 998 1001
    1001 1001 1004 1007 1007 1010 1013 1013 1016 1019 1022 1025 1025
    1025 1028 1028 1028 1031 1031 1038 1047 1047 1047 1050 1054 1057
    1060 1060 1060 1063 1063 1070 1070 1070 1073 1073 1077 1077 1077
    1077 3614 3614 3614 3576 3576 3614 3614 3614 3576 3576 3576 3539
    3539 3576 3576 3576 3539 3539 3539 3539 3539 3539 0 0 0 0 0 0 967
    964 964 967 967 967 967 967 967 967 967 967 967 970 970 970 973 973
    973 973 975 975 975 978 978 981 981 984 987 989 992 995 995 998 998
    1004 1004 1004 1007 1007 1010 1013 1013 1019 1022 1022 1022 1025
    1025 1028 1028 1031 1031 1034 1038 1041 1041 1050 1054 1054 1057
    1057 1057 1060 1063 1067 1070 1073 1073 1073 1073 1073 1073 1073
    1077 1077 3576 3614 3614 3614 3576 3576 3576 3576 3576 3614 3614
    3614 3576 3576 3539 3539 3576 3576 0 0 0 0 0 0 967 967 967 967 967
    967 967 967 967 970 970 967 967 970 970 970 973 973 973 973 973 975
    975 978 978 978 981 981 981 984 987 989 992 992 995 995 998 1001
    1001 1001 1001 1004 1004 1007 1013 1016 1016 1019 1019 1022 1025
    1025 1028 1028 1034 1034 1038 1041 1041 1044 1047 1047 1047 1047
    1057 1060 1060 1063 1063 1063 1063 1063 1067 1070 1070 1073 1077
    1077 1077 1077 3614 3576 3576 3614 3614 3614 3614 3614 3576 3576
