<?xml version="1.0"?>
<opencv_storage>
<Depth3889 type_id="opencv-matrix">
  <rows>12</rows>
  <cols>16</cols>
  <dt>w</dt>
  <data>
    5832 5734 5734 0 0 0 0 0 0 0 0 0 0 0 0 0 5734 5734 5640 5640 5734 0
    0 0 0 0 0 0 0 0 0 0 5734 5734 5640 5640 5640 5640 5640 0 0 0 0 0 0 0
    0 0 5734 5734 5640 5640 5640 5640 5640 5734 0 0 0 0 0 0 0 0 5734
    5548 5548 5548 5640 5640 5734 5640 5640 5640 5640 0 0 0 0 0 5734
    5291 5291 5548 5640 5640 5734 5640 5640 5640 5640 5640 5734 0 0 0 0
    5291 5291 5640 5640 5640 5734 5640 5640 5640 5640 5640 5640 5640
    5640 0 0 0 0 5640 5548 5548 5734 5640 5640 5640 5640 5640 5640 5640
    5640 5640 0 0 0 5734 5548 5548 5734 5734 5734 5734 5640 5640 5640
    5640 5640 5640 0 0 0 0 0 0 5734 5734 5734 5734 5734 5640 5640 5640
    5640 5640 0 0 0 0 0 0 0 0 5832 5832 5734 5640 5640 5548 5460 5460 0
    0 0 0 0 0 0 0 0 0 5734 5640 5640 5548 5460 5460</data></Depth3889>
</opencv_storage>
