<?xml version="1.0"?>
<opencv_storage>
<Depth8091 type_id="opencv-matrix">
  <rows>21</rows>
  <cols>7</cols>
  <dt>w</dt>
  <data>
    3903 3903 3994 4645 4582 4582 4582 3994 3994 3994 4645 4582 4582
    4522 3994 3994 4645 4645 4645 4582 4522 4582 4645 4645 4645 4645
    4645 4582 4582 4645 4645 4645 4645 4645 4645 4582 4645 4645 4645
    4645 4582 4582 4582 4645 4645 4582 4582 4582 4582 4645 4645 4645
    4582 4582 4582 4582 4645 4645 4645 4582 4582 4582 4522 4582 4582
    4645 4645 4645 4582 4522 4582 4582 4645 4645 4645 4582 4582 4582
    4582 4645 4645 4645 4645 4645 4582 4582 4645 4645 4645 4645 4645
    4645 4582 4582 4582 4582 4582 4582 4645 4582 4582 4582 4582 4582
    4522 4645 4582 4582 4582 4522 4522 4522 4708 4582 4582 4582 4522
    4522 4522 5291 4645 4582 4582 4522 4522 4522 4983 5056 4708 4582
    4582 4522 4522 4911 4911 4774 4582 4582 4522 4522 4911 4911 4774
    4645 4582 4522 4522</data></Depth8091>
</opencv_storage>
