<?xml version="1.0"?>
<opencv_storage>
<Depth1857 type_id="opencv-matrix">
  <rows>64</rows>
  <cols>39</cols>
  <dt>w</dt>
  <data>
    5374 5374 5374 5374 5374 5460 5460 5460 5460 5548 5291 5210 1496
    1496 1509 5291 5291 1477 1470 1470 1464 1464 1464 1470 1477 1483
    1483 1489 1489 1483 1483 1489 1489 1489 1496 1496 1496 4645 4645
    5374 5291 5291 5374 5374 5460 5460 5460 1557 1557 5291 5210 1496
    1496 1503 1503 1489 1470 1464 1464 1464 1464 1464 1470 1470 1477
    1483 1489 1483 1483 1483 1483 1489 1489 1496 1489 1489 1489 4645
    5374 5291 5291 5291 5291 1594 1579 1579 1557 1550 1536 1529 1516
    1516 1503 1496 1489 1470 1464 1464 1464 1464 1464 1464 1470 1477
    1477 1483 1483 1483 1483 1483 1489 1489 1489 1489 1489 1489 4582
    5291 5374 5374 1632 1624 1594 1594 1579 1557 1550 1536 1529 1516
    1516 1503 1496 1489 1477 1464 1464 1464 1464 1464 1464 1470 1470
    1477 1477 1483 1483 1483 1483 1489 1489 1489 1496 1496 1496 4582
    5291 1647 1639 1632 1624 1609 1594 1579 1564 1550 1543 1536 1523
    1516 1509 1496 1489 1477 1464 1464 1464 1464 1464 1464 1470 1470
    1477 1477 1483 1483 1483 1483 1489 1489 1489 1496 1496 1496 4582
    1647 1647 1639 1632 1624 1609 1594 1579 1564 1550 1543 1536 1523
    1516 1509 1496 1489 1477 1470 1464 1464 1464 1470 1470 1470 1470
    1477 1477 1483 1483 1483 1489 1489 1489 1489 1496 1503 1503 4645
    1647 1647 1639 1632 1624 1609 1601 1586 1564 1557 1550 1543 1529
    1516 1516 1496 1489 1477 1470 1464 1464 1470 1470 1470 1470 1470
    1477 1483 1483 1483 1483 1483 1483 1489 1489 1496 1503 1503 4645
    1647 1647 1639 1632 1624 1609 1601 1586 1579 1557 1550 1536 1529
    1516 1509 1496 1489 1477 1470 1464 1464 1464 1470 1470 1470 1470
    1477 1483 1477 1477 1483 1483 1483 1483 1489 1489 1489 4645 4645
    1647 1647 1639 1632 1624 1609 1601 1586 1579 1557 1550 1536 1529
    1516 1509 1496 1489 1477 1470 1464 1464 1464 1470 1470 1470 1470
    1477 1483 1477 1477 1483 1483 1483 1483 1489 1489 1496 1496 4645 0
    1671 1639 1632 1624 1616 1601 1594 1579 1557 1550 1536 1523 1516
    1509 1496 1489 1477 1464 1464 1464 1464 1470 1470 1470 1477 1477
    1483 1483 1483 1483 1483 1483 1489 1489 1496 1496 1496 4582 0 1671
    1647 1632 1624 1616 1601 1594 1579 1564 1550 1536 1523 1516 1509
    1503 1489 1483 1464 1464 1464 1464 1464 1470 1470 1477 1477 1483
    1483 1483 1483 1483 1483 1489 1489 1496 1496 1496 4582 1671 1671
    1647 1632 1624 1616 1609 1594 1579 1564 1550 1543 1529 1516 1509
    1503 1489 1483 1464 1464 1464 1464 1464 1470 1470 1477 1477 1483
    1483 1483 1483 1483 1489 1489 1489 1496 1496 1496 4582 1671 1671
    1647 1632 1624 1616 1609 1594 1579 1564 1557 1543 1529 1523 1516
    1503 1489 1483 1464 1464 1464 1464 1470 1470 1470 1477 1477 1477
    1483 1483 1483 1483 1483 1489 1489 1489 1489 1489 4582 1671 1671
    1655 1639 1624 1616 1609 1594 1579 1572 1557 1543 1529 1523 1516
    1503 1496 1483 1464 1464 1464 1464 1464 1470 1470 1470 1477 1477
    1483 1483 1483 1483 1483 1483 1489 1489 1489 1489 4582 1671 1671
    1647 1639 1632 1616 1609 1594 1579 1572 1564 1550 1529 1523 1516
    1503 1496 1483 1464 1464 1464 1464 1464 1470 1470 1470 1470 1470
    1477 1477 1483 1483 1483 1483 1489 1489 1489 1489 4645 1696 1655
    1647 1639 1632 1624 1609 1594 1579 1572 1564 1550 1529 1523 1516
    1503 1496 1470 1464 1458 1458 1464 1464 1470 1470 1470 1470 1470
    1477 1477 1477 1483 1483 1483 1489 1489 1489 1489 4645 1696 1647
    1647 1639 1632 1616 1609 1594 1579 1564 1564 1550 1529 1523 1516
    1509 1496 1470 1464 1458 1458 1464 1464 1464 1470 1470 1470 1470
    1477 1477 1477 1483 1489 1489 1489 1489 1489 1489 4645 1696 1647
    1647 1639 1624 1609 1601 1594 1579 1564 1557 1550 1536 1523 1516
    1503 1496 1470 1464 1458 1458 1464 1464 1464 1470 1470 1470 1470
    1477 1477 1483 1483 1489 1489 1489 1489 1489 0 4645 1647 1647 1647
    1639 1624 1609 1601 1594 1579 1564 1557 1550 1529 1523 1516 1503
    1496 1477 1470 1464 1464 1464 1464 1464 1470 1470 1470 1470 1477
    1477 1483 1483 1489 1489 1489 1489 1489 0 4645 1663 1663 1647 1639
    1632 1616 1609 1601 1572 1572 1557 1550 1529 1523 1509 1503 1489
    1477 1470 1464 1464 1464 1464 1464 1470 1470 1470 1470 1477 1477
    1483 1483 1489 1489 1489 1489 1489 0 4645 1663 1663 1655 1639 1632
    1616 1609 1601 1572 1572 1557 1550 1536 1523 1509 1503 1489 1483
    1470 1464 1464 1464 1464 1464 1470 1470 1470 1477 1477 1483 1483
    1483 1489 1489 1489 1489 0 0 0 1671 1663 1655 1639 1632 1624 1609
    1601 1572 1564 1557 1550 1543 1523 1516 1503 1489 1483 1470 1470
    1464 1464 1464 1464 1470 1470 1470 1470 1477 1477 1477 1483 1483
    1489 1489 1489 0 0 0 1671 1671 1655 1647 1632 1624 1609 1601 1572
    1564 1557 1550 1543 1523 1516 1503 1483 1477 1470 1470 1470 1470
    1470 1470 1470 1470 1470 1470 1470 1470 1477 1483 1483 1489 1489
    1489 1489 0 4582 1671 1671 1663 1647 1632 1624 1609 1601 1572 1564
    1557 1550 1536 1523 1516 1503 1483 1477 1470 1470 1470 1470 1470
    1470 1470 1470 1470 1470 1470 1470 1477 1483 1483 1483 1489 1489
    1489 0 4582 1671 1671 1663 1647 1632 1624 1616 1601 1579 1564 1557
    1550 1536 1523 1516 1509 1489 1477 1470 1464 1464 1464 1464 1470
    1470 1470 1470 1470 1470 1470 1477 1483 1483 1483 1489 1489 1489 0
    4645 1663 1663 1655 1639 1632 1624 1616 1594 1579 1564 1557 1550
    1536 1523 1516 1509 1489 1477 1470 1464 1464 1464 1464 1470 1470
    1470 1470 1470 1477 1477 1477 1483 1483 1483 1489 1489 1489 1483
    4708 1680 1663 1655 1639 1632 1624 1609 1594 1579 1572 1564 1557
    1543 1529 1516 1509 1489 1483 1470 1470 1464 1464 1470 1470 1470
    1470 1470 1470 1477 1477 1477 1483 1483 1483 1483 1483 1483 1483
    4708 1680 1663 1655 1639 1632 1624 1609 1594 1579 1572 1564 1557
    1543 1529 1516 1509 1489 1483 1470 1470 1464 1464 1464 1470 1470
    1470 1470 1470 1477 1477 1477 1483 1483 1483 1477 1477 1483 1483
    1483 1663 1663 1655 1639 1632 1624 1616 1594 1579 1572 1564 1557
    1550 1529 1523 1516 1503 1483 1477 1470 1464 1464 1464 1464 1470
    1470 1470 1477 1477 1477 1477 1483 1483 1483 1477 1477 1483 1483
    4582 1655 1655 1655 1647 1632 1632 1616 1594 1579 1572 1564 1557
    1543 1529 1523 1516 1503 1483 1477 1464 1458 1458 1464 1464 1464
    1470 1470 1477 1477 1477 1477 1483 1483 1483 1477 1477 1483 1483
    4582 0 1655 1655 1647 1639 1632 1624 1594 1586 1572 1564 1557 1543
    1529 1523 1516 1503 1489 1477 1464 1458 1458 1464 1464 1464 1470
    1470 1470 1477 1477 1483 1483 1483 1483 1477 1477 1496 1496 1496
    1671 1655 1655 1647 1639 1632 1609 1586 1579 1572 1564 1557 1543
    1529 1523 1516 1503 1489 1477 1464 1458 1458 1458 1464 1464 1470
    1470 1470 1477 1477 1477 1483 1483 1483 1489 1489 1489 1496 1496
    1671 1671 1655 1655 1639 1632 1609 1586 1579 1572 1564 1557 1543
    1529 1523 1516 1503 1489 1477 1464 1458 1458 1458 1464 1464 1470
    1470 1470 1477 1477 1477 1483 1483 1483 1489 1489 1489 1489 1489 0
    1671 1655 1647 1639 1632 1609 1601 1586 1572 1564 1557 1543 1536
    1523 1516 1503 1489 1477 1464 1458 1458 1464 1464 1464 1470 1470
    1470 1470 1470 1477 1483 1483 1489 1489 1489 1489 1489 1496 0 1671
    1655 1647 1639 1624 1609 1601 1586 1572 1564 1550 1543 1529 1516
    1516 1509 1483 1470 1464 1458 1458 1464 1464 1464 1470 1470 1470
    1470 1470 1477 1483 1483 1489 1489 1489 1489 1496 1496 1655 1655
    1655 1647 1639 1616 1609 1601 1586 1579 1564 1550 1543 1529 1516
    1509 1489 1483 1470 1464 1458 1458 1464 1464 1464 1470 1470 1470
    1470 1470 1477 1483 1483 1489 1489 1489 1489 1496 1496 0 0 1655 1647
    1639 1609 1609 1601 1594 1579 1564 1550 1543 1529 1516 1509 1489
    1477 1470 1464 1464 1464 1464 1464 1464 1470 1470 1470 1470 1470
    1477 1483 1483 1489 1489 1489 1489 1489 1496 0 1663 1663 1655 1639
    1609 1609 1601 1594 1579 1572 1557 1543 1529 1523 1516 1489 1477
    1470 1464 1464 1464 1464 1464 1464 1464 1470 1470 1470 1470 1477
    1483 1483 1483 1489 1489 1496 1496 1496 0 0 1663 1663 1647 1609 1609
