<?xml version="1.0"?>
<opencv_storage>
<Depth17641 type_id="opencv-matrix">
  <rows>78</rows>
  <cols>93</cols>
  <dt>w</dt>
  <data>
    2467 2467 2485 2485 713 713 2485 711 710 710 710 776 774 773 771 769
    769 767 767 778 776 776 773 771 771 771 771 773 773 773 767 767 767
    2618 2618 2618 2618 2639 2659 2659 2659 2659 2659 2659 2659 2659
    2659 2659 2659 2659 2659 2659 2659 2659 2659 2659 2639 2639 2639
    2659 2659 0 2701 2701 2701 2701 2701 2701 2701 2701 2701 2701 2723
    2744 2744 2744 2744 2744 0 0 0 0 0 0 0 2701 2701 2723 2723 2744 2744
    2744 2723 713 713 713 713 713 711 711 710 710 710 710 776 771 769
    767 767 766 764 762 762 776 774 771 771 771 771 771 769 766 766 767
    767 0 0 706 0 706 701 698 0 0 0 0 0 0 0 701 2659 2659 2659 2659 2659
    2701 2680 2680 2680 2639 2639 2639 2639 706 0 0 708 0 0 707 707 706
    706 710 710 710 710 0 0 0 0 0 0 0 0 0 0 0 0 2723 2723 2744 2767 2744
    2723 2723 713 711 711 711 711 711 711 710 710 707 707 707 761 761
    762 764 762 761 707 707 707 707 706 704 704 704 706 707 766 766 767
    767 706 706 706 706 0 0 0 0 0 0 0 0 0 0 0 0 0 2659 2659 2659 2723
    2723 2723 2723 706 706 0 0 0 707 708 708 708 0 0 0 0 0 0 710 710 710
    708 708 0 0 727 727 727 727 0 0 0 0 0 2744 2744 2744 2744 2723 2701
    713 711 708 707 707 707 708 711 710 707 707 701 701 701 759 759 761
    759 707 707 707 707 706 704 704 704 706 706 706 707 707 706 706 706
    706 706 701 701 698 0 0 0 0 0 0 0 701 701 701 701 683 683 683 683
    683 0 706 706 706 706 706 707 708 708 0 0 0 707 706 706 706 710 710
    710 708 708 708 708 727 727 727 710 710 0 0 0 704 2744 2744 2744
    2723 2701 2680 713 711 704 703 703 703 706 706 713 701 701 701 700
    700 700 700 701 703 704 704 704 706 704 703 703 703 704 706 706 704
    704 704 700 700 701 701 701 701 698 698 698 700 700 700 700 700 701
    701 701 696 700 683 683 683 683 696 706 706 706 706 706 706 707 707
    707 707 707 707 706 706 706 706 707 708 707 707 707 708 708 708 708
    707 704 704 704 704 704 700 2723 2723 2723 2701 2680 710 703 701 701
    701 701 700 698 698 700 701 701 700 700 700 700 700 700 701 701 701
    704 703 700 700 700 701 703 703 701 701 698 698 698 700 700 701 700
    698 698 698 694 694 698 698 698 698 696 696 696 700 700 697 693 693
    696 697 697 700 701 700 700 694 693 693 693 693 698 700 700 700 698
    698 707 706 706 706 706 706 706 706 704 703 703 701 700 700 700 691
    0 690 0 0 704 703 701 700 700 701 698 697 697 697 700 700 700 700
    698 698 698 698 698 698 698 698 698 697 697 697 697 697 698 698 698
    697 696 696 697 698 698 698 697 696 693 691 691 691 696 696 696 693
    693 693 693 693 693 693 693 696 697 697 697 696 696 696 694 693 693
    693 693 694 694 694 693 693 693 691 691 693 693 694 694 700 700 701
    698 696 696 694 691 691 691 690 690 690 0 703 701 701 700 700 700
    698 697 697 697 700 700 698 698 698 698 698 698 698 697 697 697 697
    697 697 697 697 697 697 697 697 697 696 696 696 696 696 696 694 694
    693 691 691 691 693 694 694 693 693 693 693 693 693 694 694 694 696
    694 694 693 693 693 693 693 693 693 693 693 693 691 691 691 691 691
    691 691 691 691 691 691 691 696 694 693 693 693 691 690 690 690 690
    690 690 703 701 701 700 700 700 700 698 698 700 698 698 698 698 698
    698 698 698 698 697 697 697 697 697 697 697 697 697 697 697 697 696
    696 696 696 696 696 694 694 694 693 691 691 691 693 694 694 693 693
    693 693 693 693 693 694 694 694 694 693 693 693 693 693 693 693 693
    693 691 691 691 691 691 691 691 691 691 691 691 691 691 691 693 691
    691 693 691 691 690 690 690 690 688 688 703 703 701 700 700 700 700
    700 700 700 698 698 698 698 698 698 698 698 698 697 697 697 697 697
    697 697 697 697 698 697 697 696 696 696 696 696 696 694 694 694 694
    693 693 693 693 693 693 693 694 694 693 693 693 693 694 694 693 693
    693 693 693 693 693 693 693 693 693 691 691 691 691 691 691 693 693
    691 691 691 691 691 691 693 691 691 693 691 691 690 690 690 690 688
    688 706 703 701 701 700 700 700 700 698 698 698 698 698 698 698 698
    698 698 697 697 697 697 697 697 697 696 696 697 697 696 696 696 696
    696 696 694 694 694 694 694 694 693 693 693 693 693 693 693 694 693
    693 693 693 693 693 693 693 693 693 693 693 693 693 694 694 694 693
    693 691 691 691 691 691 693 693 691 691 691 691 693 691 691 691 691
    691 691 691 690 690 690 690 690 690 0 704 703 701 701 701 700 700
    698 698 698 698 698 698 697 697 698 698 697 697 697 697 697 697 696
    696 696 697 697 696 696 696 696 696 696 694 694 694 694 694 694 694
    694 694 693 693 694 694 694 693 693 693 693 693 693 693 693 693 693
    693 693 693 693 693 693 693 693 693 691 691 691 691 691 693 693 691
    691 691 691 693 691 691 691 691 691 691 691 691 690 690 690 690 690
    0 704 703 701 701 701 700 700 698 698 698 698 698 698 697 697 698
    698 697 697 697 696 696 697 696 696 697 697 697 696 696 696 696 696
    696 694 694 694 694 694 694 694 694 694 693 693 693 693 693 693 693
    693 693 693 693 693 693 693 693 693 693 693 693 693 693 693 693 693
    693 693 691 691 691 691 691 691 691 693 693 691 691 691 691 691 691
    691 691 691 691 691 691 690 690 0 707 703 701 701 701 700 698 698
    698 698 698 698 698 698 698 698 698 698 697 697 696 696 696 696 696
    697 697 697 697 697 697 696 696 696 696 694 694 696 694 694 694 694
    694 694 693 693 693 693 693 693 693 693 694 693 693 694 694 694 694
    694 693 693 693 693 693 693 693 693 693 691 691 691 691 691 691 691
    693 693 691 691 691 691 691 691 691 691 691 691 691 691 690 690 711
    707 704 701 701 701 700 698 698 698 698 698 700 700 698 698 698 698
    700 698 697 697 696 696 697 697 698 698 698 697 697 697 696 696 696
    696 694 694 696 694 694 694 694 694 694 694 694 693 693 693 693 693
    693 694 693 693 693 693 694 694 694 694 693 693 693 693 693 693 693
    693 693 691 691 691 691 691 693 693 693 693 693 691 691 691 691 691
    691 691 691 691 691 690 690 710 707 704 701 701 701 701 700 698 698
    698 700 700 698 698 698 698 700 700 698 698 697 697 696 696 698 698
    698 697 697 697 696 696 696 696 696 694 694 696 694 694 694 694 694
    694 694 694 694 693 693 693 693 693 693 693 693 693 693 694 694 694
    694 693 693 693 693 693 693 693 691 691 691 691 691 691 691 693 693
    693 693 693 693 691 691 691 691 691 691 691 691 691 690 690 708 706
    704 703 703 701 701 700 698 698 700 700 700 698 698 698 698 700 700
    700 700 698 697 696 696 698 697 697 697 697 697 696 696 696 696 694
    694 694 694 694 694 694 694 694 694 694 694 694 694 694 694 694 694
    693 693 693 693 693 693 694 694 693 693 693 693 694 693 693 693 691
    691 691 691 693 693 693 693 693 693 693 693 693 691 691 691 691 691
    693 691 691 691 691 691 708 703 703 703 703 701 701 701 700 700 700
    700 700 700 698 698 698 700 700 700 698 698 698 697 697 698 697 697
    697 697 697 696 696 696 696 694 694 694 694 694 694 694 694 694 694
    694 694 694 694 694 694 694 694 693 693 693 693 693 693 694 694 693
    693 693 693 694 694 693 693 693 693 693 693 693 691 691 693 693 693
    693 693 693 693 691 691 691 691 693 691 691 691 691 691 0 703 703
    703 701 701 701 701 700 700 700 700 700 700 700 698 698 700 698 698
    698 698 698 698 698 698 697 697 697 697 697 697 696 696 696 694 694
    694 694 694 694 694 694 694 694 696 696 694 694 694 694 694 694 694
    693 693 693 694 694 694 694 694 693 693 693 693 693 694 693 693 693
    693 693 693 691 691 693 693 693 693 693 693 693 691 691 691 691 693
    693 691 691 691 691 0 704 703 701 701 700 700 700 700 700 700 700
    700 700 700 698 698 698 698 697 697 697 698 698 697 697 697 697 697
    697 697 697 696 696 696 694 694 694 694 694 694 694 694 694 694 694
    694 694 694 694 694 694 694 694 694 693 693 694 694 694 694 694 693
    693 693 693 693 694 693 693 693 693 693 693 693 693 693 693 693 693
    693 693 693 693 691 691 691 691 693 691 691 691 691 0 704 703 701
