<?xml version="1.0"?>
<opencv_storage>
<Depth11965 type_id="opencv-matrix">
  <rows>4</rows>
  <cols>6</cols>
  <dt>w</dt>
  <data>
    0 0 0 0 5374 0 5056 5374 5374 5374 5374 5460 5056 5056 5132 5291
    5374 5460 5056 5056 5132 5291 5460 5460</data></Depth11965>
</opencv_storage>
