<?xml version="1.0"?>
<opencv_storage>
<Depth17532 type_id="opencv-matrix">
  <rows>80</rows>
  <cols>80</cols>
  <dt>w</dt>
  <data>
    3948 3903 3859 3816 3816 3859 3859 3816 3774 891 889 889 889 891 891
    3816 935 933 933 933 938 943 943 938 938 938 938 943 943 943 3816
    3816 3859 3816 3816 3816 3816 3816 3774 3774 3774 3774 3774 3774
    3774 3732 3653 3653 3653 3653 3692 3692 3732 3692 3692 3653 3653
    3653 3653 3653 3653 3653 3614 3614 3614 3614 3614 3614 3614 3614
    3614 3614 3614 901 898 898 3576 3576 3576 3576 3948 3816 3816 3816
    3816 3859 3859 3859 891 891 887 887 887 889 889 889 918 918 923 923
    925 930 938 935 933 930 928 928 928 928 928 3903 3903 3859 3859 3816
    3774 3774 3774 3774 3774 3774 3774 3774 3653 3653 3653 3653 3653
    3653 3692 3692 3732 3732 3732 3692 3614 3614 3614 3614 3614 3614
    3614 3614 3614 3614 3614 3614 3614 3576 3576 3576 3576 896 896 898
    898 3576 3653 3653 3948 3816 3816 3816 3816 885 885 885 889 889 887
    885 885 887 889 898 913 913 918 918 918 918 918 928 928 925 923 920
    920 915 910 910 910 910 3774 3774 3774 3774 3816 3816 3774 3774 3774
    3774 3653 3653 3653 3653 3653 3653 3816 3816 3816 3774 3774 3692
    3614 910 908 908 906 906 906 908 908 906 906 906 906 903 898 891 889
    887 887 891 896 3576 3576 3576 3859 885 885 882 882 882 882 882 882
    885 885 885 885 887 889 896 896 913 915 915 915 915 915 915 915 920
    920 920 920 915 910 910 910 867 862 862 3816 3816 3816 3859 3816
    3774 3774 3774 3774 851 851 851 851 851 854 849 847 847 839 896 903
    903 903 903 903 903 903 903 903 903 903 903 903 901 894 889 889 887
    887 887 894 894 894 903 0 0 885 885 882 882 882 882 875 875 875 875
    875 880 887 896 896 915 871 869 869 869 869 869 869 920 920 920 920
    906 906 906 906 867 862 862 860 854 854 3774 858 858 3774 3774 854
    851 851 851 851 851 854 849 847 847 839 896 896 896 898 898 898 898
    896 896 894 894 894 894 894 894 891 889 889 887 887 887 894 894 903
    903 0 0 0 885 882 882 880 878 875 873 873 871 871 873 875 875 875
    871 869 869 867 867 864 864 867 864 860 860 851 851 851 854 858 862
    860 860 858 854 854 854 854 858 854 854 854 851 851 851 851 851 854
    849 847 847 839 839 896 896 896 896 894 894 894 894 891 891 891 891
    891 891 887 887 889 887 887 887 887 903 903 903 0 0 885 885 882 882
    880 875 875 873 873 871 871 873 873 871 869 869 869 867 864 864 864
    864 864 860 860 858 851 851 851 854 858 860 856 851 851 851 851 849
    849 851 849 849 849 851 851 851 851 851 851 849 847 843 839 839 839
    839 839 835 833 833 833 833 891 891 889 889 882 882 882 885 887 887
    887 887 887 901 901 898 0 0 885 885 882 882 880 875 875 873 873 873
    871 871 871 869 869 869 869 867 864 864 864 864 862 860 858 858 854
    854 854 854 856 856 851 851 851 849 849 845 845 845 845 845 843 843
    843 843 847 849 849 847 845 841 839 835 835 839 839 835 833 833 833
    831 827 819 819 889 825 825 825 829 835 835 887 887 869 896 896 896
    0 0 885 885 882 882 880 875 873 873 873 873 871 871 871 869 869 869
    869 867 864 864 864 862 860 860 858 856 856 854 851 851 854 851 849
    849 847 845 843 843 843 841 841 841 839 839 839 837 837 835 835 833
    833 835 835 829 829 839 839 835 835 829 827 823 821 819 817 817 817
    817 819 825 831 831 831 871 869 869 896 896 0 0 885 885 882 880 878
    875 873 873 873 873 871 871 871 871 869 869 869 867 867 867 864 862
    860 860 858 856 856 854 851 851 851 851 849 847 847 845 843 843 843
    841 841 839 837 837 837 833 833 835 833 833 827 827 827 827 827 827
    829 829 827 823 821 819 819 817 817 813 813 815 817 821 829 831 831
    871 869 869 882 882 0 0 885 885 882 880 878 875 875 875 873 873 873
    873 873 871 869 869 867 867 867 867 864 862 860 860 858 858 856 856
    854 851 851 851 849 847 847 845 843 843 843 841 839 839 837 837 835
    833 833 833 833 829 827 827 827 827 825 825 825 825 823 821 819 817
    817 817 815 813 813 815 817 821 827 827 871 871 871 871 882 882 0 0
    885 882 882 880 878 875 875 875 873 873 873 873 873 871 869 869 867
    867 864 864 864 862 860 858 858 858 856 856 854 851 851 851 849 847
    845 845 843 843 843 841 839 837 837 837 835 833 833 833 833 829 827
    827 827 827 825 825 825 825 821 819 819 817 817 815 815 813 813 813
    815 819 823 854 854 854 867 871 887 887 0 0 887 882 882 880 878 875
    875 875 873 873 873 873 873 871 869 869 867 867 864 864 864 860 860
    858 858 858 856 856 854 851 851 851 849 847 845 845 843 843 843 841
    839 837 837 837 837 835 835 833 833 829 827 827 827 827 827 825 825
    823 821 819 819 817 817 815 815 811 811 813 815 817 823 854 854 854
    867 871 882 882 0 0 887 885 882 880 880 875 875 875 873 873 873 873
    871 871 869 869 867 867 864 862 862 860 860 858 858 858 858 856 854
    851 851 851 849 847 845 843 843 843 843 841 839 837 837 837 837 835
    835 833 833 829 829 827 827 827 827 825 825 823 821 819 819 817 815
    815 813 811 811 811 813 817 817 845 845 867 867 873 882 882 0 0 887
    885 885 880 880 875 875 875 873 873 873 873 871 869 869 869 867 867
    864 862 862 860 860 858 858 858 858 856 854 851 851 851 849 849 845
    843 843 843 841 841 839 839 837 837 835 835 835 833 833 829 829 827
    827 827 827 825 823 823 821 819 819 817 815 815 813 811 811 811 813
    815 843 845 845 864 864 873 882 882 0 0 887 885 882 882 878 875 875
    875 873 873 873 873 871 869 869 867 867 867 864 862 862 860 860 858
    858 858 856 854 851 851 851 849 849 849 845 843 843 843 841 841 839
    839 837 835 835 835 835 833 833 833 829 829 827 827 827 825 823 823
    821 819 819 817 817 815 813 813 811 811 813 813 843 845 845 864 864
    878 880 882 0 0 885 885 882 880 878 875 875 875 873 873 873 873 871
    869 869 867 867 867 864 862 862 860 860 860 858 858 856 854 851 851
    849 849 849 847 845 843 843 843 843 841 841 839 837 835 835 835 835
    833 833 831 831 829 827 827 825 825 823 823 821 819 819 817 817 815
    813 811 811 811 813 813 841 845 845 867 867 880 880 885 0 0 885 882
    882 878 878 875 875 873 873 873 873 873 871 869 869 867 867 867 864
    862 862 860 860 860 858 858 856 854 851 851 849 849 849 845 845 843
    843 843 843 841 841 841 839 835 835 835 835 833 833 831 831 829 827
    827 825 825 823 821 821 819 819 817 817 815 813 811 811 813 813 815
    841 845 845 858 864 882 882 885 0 0 882 882 882 878 875 875 875 873
    873 871 871 873 871 869 869 867 867 867 864 862 860 860 860 860 858
    858 856 854 851 851 849 847 847 843 843 843 843 843 841 841 841 839
    837 835 835 835 835 835 833 833 831 829 827 827 825 825 823 821 819
    819 819 817 817 815 813 811 811 813 813 817 835 845 858 858 864 880
    882 885 0 0 882 882 882 878 875 875 875 873 873 871 871 871 871 869
    869 867 867 864 862 862 860 860 860 858 858 858 856 854 851 851 849
    847 847 843 843 843 843 843 841 841 841 839 837 835 835 835 835 835
    833 833 829 829 827 827 825 825 823 821 819 819 819 817 817 815 813
    811 811 813 813 825 831 841 860 860 880 880 882 885 0 0 882 882 882
    878 875 875 873 873 871 871 871 871 871 869 869 867 867 864 862 862
    860 860 858 858 856 856 856 854 854 851 849 849 847 843 843 843 843
    843 841 841 839 839 837 835 835 835 835 833 833 833 829 827 827 827
    825 825 823 823 821 819 817 817 817 815 813 811 811 813 813 827 831
    841 860 860 878 880 882 885 0 0 882 882 882 878 875 875 873 873 871
    871 871 871 871 869 869 867 867 864 862 862 860 860 858 858 856 856
    856 854 854 851 849 849 847 843 843 843 843 841 841 841 839 839 837
    835 835 835 835 833 833 829 829 827 827 825 825 825 823 823 821 819
    817 817 817 813 813 811 811 813 815 829 833 845 860 860 875 880 880
    887 0 0 885 885 882 878 878 875 873 873 871 871 871 871 869 869 869
    867 867 864 862 862 860 860 858 858 856 856 856 854 854 851 849 849
    847 843 843 843 843 841 841 841 839 839 837 837 837 835 833 833 831
    829 829 827 827 825 825 825 823 821 821 819 817 817 815 813 813 813
