<?xml version="1.0"?>
<opencv_storage>
<Depth16467 type_id="opencv-matrix">
  <rows>43</rows>
  <cols>18</cols>
  <dt>w</dt>
  <data>
    4041 4041 4041 4041 4041 4041 3149 3092 3092 3092 3092 3064 3064
    3064 3064 0 0 0 4041 4041 4041 4041 4041 4041 3149 3120 3092 3092
    3092 3064 3064 3064 3064 3092 3092 0 4041 4041 4041 4041 4041 4041
    3092 3092 3092 3092 3092 3064 3064 3064 3064 3064 3092 0 4041 4041
    4041 4041 4041 3064 3064 3064 3064 3064 3092 3064 3064 3064 3037
    3037 3037 3037 4041 4041 4041 4041 4041 3064 3064 3064 3064 3064
    3064 3064 3064 3064 3037 3037 3037 3037 4041 4041 4041 4041 4041
    3064 3064 3064 3064 3064 3064 3064 3064 3064 3037 3037 3064 0 4041
    4041 4041 4041 4041 3064 3064 3064 3064 3064 3064 3064 3064 3064
    3064 3064 3064 0 4041 4041 4041 4041 4041 3092 3092 3092 3092 3064
    3064 3064 3064 3037 3037 3037 3037 0 3994 4041 4041 4041 4041 3092
    3092 3092 3092 3092 3064 3064 3064 3037 3010 3010 3010 3037 3994
    4041 4041 4041 4041 3092 3092 3092 3092 3092 3064 3064 3064 3037
    3010 3010 3010 3037 3994 3994 4041 4041 3149 3092 3092 3064 3064
    3092 3064 3064 3037 3037 3010 3010 3010 3037 3994 3994 4041 4041
    3092 3092 3092 3064 3064 3064 3064 3064 3037 3037 3010 3010 3010
    3037 3994 3994 4041 4041 3092 3092 3092 3064 3064 3064 3064 3064
    3037 3010 3010 3010 3010 3092 3994 3994 4041 4041 3064 3064 3064
    3064 3064 3064 3064 3064 3037 3010 2984 2984 2984 0 4041 4041 4041
    4041 3064 3064 3064 3064 3064 3064 3064 3064 3037 3010 2984 2984
    2984 0 4041 4041 4041 4041 3064 3064 3064 3064 3064 3064 3064 3064
    3037 3037 3010 3010 3010 0 4041 4041 4041 4041 3064 3064 3064 3064
    3064 3064 3037 3037 3037 3037 3010 3010 3010 0 4041 4041 4041 3149
    3092 3092 3064 3064 3064 3037 3037 3037 3037 3037 3037 3037 3037
    3037 3994 3994 3994 3149 3064 3064 3064 3064 3064 3037 3037 3037
    3037 3037 3037 3037 3037 3037 3994 3994 3994 3092 3037 3037 3064
    3064 3064 3037 3037 3010 3010 3010 3037 3037 3037 3037 3994 3994
    3994 3064 3037 3037 3037 3037 3064 3037 3037 3010 3010 3010 3037
    3037 3037 3037 3994 3994 3994 3064 3037 3037 3037 3037 3037 3037
    3010 3010 2984 2984 3010 3037 0 0 3994 3994 3994 3064 3064 3037 3037
    3037 3037 3037 3010 3010 2984 2984 2984 3010 0 0 4041 3994 3994 3064
    3064 3037 3037 3037 3037 3037 3010 3010 3010 2958 2958 3010 3037 0
    4041 3994 3994 3064 3064 3064 3037 3037 3037 3037 3010 3010 3010
    2958 2958 2958 2984 0 4041 4041 4041 3092 3064 3064 3064 3064 3037
    3037 3010 3010 3010 2933 2933 2933 2984 0 4041 4041 3064 3064 3064
    3064 3064 3064 3037 3037 3010 3010 2958 2933 2933 2933 0 0 3994 4041
    3064 3064 3064 3037 3037 3037 3037 3037 3010 3010 2958 2958 0 0 0 0
    3994 3994 3037 3037 3037 3037 3037 3037 3037 3037 3037 3010 2984
    2984 0 0 0 0 3994 3037 3037 3037 3037 3037 3037 3037 3037 3037 3037
    3010 2984 2984 3010 0 0 0 3903 3037 3037 3037 3037 3037 3037 3037
    3037 3037 3037 3010 3010 3010 3010 0 0 0 3903 3120 3064 3064 3064
    3037 3037 3037 3037 3037 3010 3010 3010 3010 0 0 0 0 3948 3948 3064
    3064 3064 3037 3037 3037 3037 3037 2984 2984 2984 3010 0 0 0 0 3948
    3064 3064 3064 3064 3037 3037 3037 3037 3037 2984 2984 2984 3037 0 0
    0 0 3948 3064 3064 3064 3064 3037 3037 3037 3037 3037 3010 2984 2984
    0 0 0 0 0 3994 3064 3064 3037 3037 3037 3037 3037 3010 3010 3010
    3010 3037 0 0 0 0 0 3994 3994 3064 3037 3037 3037 3037 3037 3010
    3010 3037 3037 3037 3037 0 0 0 0 3948 3948 3064 3037 3037 3037 3037
    3037 3037 3037 3037 3010 3010 3037 0 0 0 0 3064 3064 3064 3037 3037
    3037 3037 3037 3037 3010 3010 2984 2984 2984 0 0 0 0 3037 3037 3037
    3037 3037 3037 3037 3037 3037 3010 3010 2984 2958 2958 0 0 0 0 3037
    3037 3037 3037 3037 3037 3037 3037 3037 3010 3010 3010 2958 2958 0 0
    0 0 3037 3037 3037 3037 3037 3037 3037 3037 3037 3010 3010 3010 0 0
    0 0 0 0 3037 3037 3037 3064 3064 3037 3037 3037 3010 3010 3010 3010
    0 0 0 0 0 0</data></Depth16467>
</opencv_storage>
