<?xml version="1.0"?>
<opencv_storage>
<Depth18713 type_id="opencv-matrix">
  <rows>15</rows>
  <cols>17</cols>
  <dt>w</dt>
  <data>
    5056 4983 4911 4911 4911 4983 4911 4842 4708 4708 4645 4645 0 0 0 0
    0 4983 4911 4911 4911 4911 4911 4842 4842 4774 4708 4645 4645 4708
    4708 4774 4774 0 4911 4911 4911 4911 4911 4842 4774 4708 4708 4708
    4708 4708 4708 4708 4774 4774 0 4911 4911 4911 4911 4842 4774 4708
    4645 4645 4645 4645 4708 4774 4774 4774 4774 4708 4911 4911 4911
    4842 4842 4774 4708 4645 4645 4645 4645 4708 4842 4842 4774 4774
    4708 4911 4911 4911 4842 4842 4774 4708 4645 4645 4645 4645 4708
    4774 4842 4774 4774 4708 4911 4911 4911 4842 4842 4774 4708 4645
    4645 4645 4708 4708 4774 4774 4774 4774 4774 4842 4911 4911 4842
    4842 4774 4774 4708 4708 4708 4708 4708 4774 4774 4774 4774 4842
    4842 4911 4911 4842 4774 4774 4774 4708 4708 4708 4708 4708 4774
    4774 4774 4842 4911 4911 4911 4842 4842 4774 4774 4708 4708 4645
    4645 4645 4708 4774 4774 4774 4842 4911 4911 4911 4842 4774 4708
    4708 4708 4708 4645 4645 4645 4645 4708 4708 4842 4842 4842 3692
    3692 4842 4774 4708 4708 4645 4645 4645 4645 4645 4645 4708 4708
    4645 4645 4708 3653 3653 3692 4842 4708 4708 4645 4645 4645 4645
    4645 4708 4582 4582 3503 3503 4708 3614 3614 3614 3816 4708 4708
    4645 4645 4645 4645 4645 4645 4582 3539 3503 3503 3614 3576 3539
    3399 3365 3365 4708 4645 4645 4645 4645 4645 4645 4582 3539 3539
    3576 3614</data></Depth18713>
</opencv_storage>
