<?xml version="1.0"?>
<opencv_storage>
<Depth17533 type_id="opencv-matrix">
  <rows>75</rows>
  <cols>79</cols>
  <dt>w</dt>
  <data>
    3774 3774 3774 3774 3774 3774 3774 889 889 889 887 887 3774 3774
    3774 935 935 938 938 938 943 3816 3816 3816 3816 3774 3774 3732 3732
    3732 3732 3732 3732 3774 3774 3774 3774 3774 3732 3653 3653 3653
    3653 3653 3692 3692 3692 3653 3653 3653 3653 3653 3614 3614 3614
    3614 3614 3614 3614 3614 3614 3576 3576 3614 3576 3576 3576 3576
    3576 3539 882 882 882 3539 3539 3539 3539 3576 3539 3774 3774 3774
    3774 3774 3774 887 887 889 889 887 887 3774 925 925 930 933 935 935
    935 938 938 938 940 940 940 940 940 943 3732 3732 3732 3732 3774
    3816 3816 3774 3774 3732 3653 3653 3653 3653 3653 3653 3692 3692
    3653 3653 3653 3653 3653 3614 3614 3614 3614 3614 3614 3614 3614
    3614 3614 3614 3614 3576 3576 3576 3576 3576 880 880 880 880 882
    3468 3468 3539 3539 3539 3774 3774 3774 3774 3774 3774 887 887 889
    889 887 887 3774 923 923 925 930 933 933 933 935 935 938 938 940 940
    938 938 935 933 933 930 928 925 925 925 925 923 920 918 918 918 3653
    3653 3653 3692 3692 3692 3653 3653 3653 3653 3653 3653 3653 3653
    3614 3614 3614 894 889 889 3614 3614 3576 3576 3576 3576 882 878 878
    878 878 878 3468 3468 3468 3468 3539 885 885 885 885 887 887 887 887
    889 889 887 887 913 913 920 923 925 928 925 925 928 930 933 933 935
    935 933 933 930 930 930 928 925 923 923 923 923 920 920 918 913 906
    906 906 906 898 898 3692 3653 913 913 913 913 903 903 901 898 898
    896 894 889 889 894 896 896 891 887 887 880 875 875 875 873 873 3468
    3468 3468 0 3539 885 885 885 885 882 880 880 882 887 889 889 889 896
    910 918 920 920 923 923 923 923 923 925 928 930 933 928 923 918 913
    913 915 920 923 923 920 915 915 913 908 906 903 903 903 906 898 898
    903 903 910 908 906 906 901 898 898 896 896 896 894 894 891 891 891
    889 889 887 885 880 875 875 875 873 873 875 875 878 0 3576 885 885
    885 882 878 878 878 882 882 887 889 889 896 908 908 910 913 908 908
    915 918 918 920 918 918 918 928 923 913 908 906 906 906 920 920 918
    913 910 906 898 896 896 896 896 901 901 901 878 878 880 887 891 889
    889 891 891 894 894 894 891 891 887 887 887 887 887 885 882 875 875
    875 875 873 873 873 878 878 0 0 885 885 882 882 878 878 878 878 880
    880 880 880 896 908 873 869 869 869 867 864 860 858 858 856 856 918
    933 862 862 862 860 860 860 858 858 858 913 910 906 898 894 894 845
    845 847 847 901 878 878 880 885 887 885 885 887 887 887 887 887 885
    885 885 880 880 880 880 882 878 875 873 873 873 869 869 869 873 873
    0 0 885 885 882 882 878 878 878 878 875 875 871 869 869 869 869 867
    867 869 864 862 860 858 858 854 851 851 851 851 854 854 856 858 858
    858 856 856 849 849 847 847 894 841 841 843 843 843 839 837 835 829
    829 831 831 880 880 880 880 878 878 878 878 878 878 878 875 875 875
    875 875 873 873 873 869 867 867 871 871 0 0 885 885 882 882 880 878
    875 875 873 873 871 869 869 869 867 867 867 867 864 860 858 858 856
    854 851 851 851 849 849 849 849 847 845 845 843 841 841 845 843 839
    837 837 837 839 839 841 839 837 835 829 829 831 831 833 833 825 825
    825 873 873 873 873 873 873 873 871 871 871 871 873 873 873 873 867
    867 871 871 873 0 885 885 885 882 880 880 875 875 873 871 869 869
    869 869 867 867 864 864 862 860 858 858 856 854 851 849 849 849 849
    847 847 845 843 843 841 837 835 835 833 833 829 829 829 835 835 839
    839 837 835 833 831 831 831 829 827 825 825 823 819 817 817 869 873
    873 860 860 815 815 871 873 841 841 849 858 858 869 871 873 0 885
    885 885 885 882 878 875 873 873 871 869 869 869 869 867 867 864 864
    862 860 858 858 854 851 851 849 849 847 847 845 843 843 841 839 839
    835 835 833 833 833 829 827 827 825 823 823 821 821 821 831 831 831
    827 823 823 821 817 811 811 809 805 802 800 796 796 809 809 813 817
    821 837 837 847 856 856 867 873 873 0 885 885 885 885 882 878 875
    873 873 871 869 869 869 869 867 867 864 864 862 860 858 858 854 851
    851 849 849 847 845 843 843 841 841 839 837 835 835 833 833 831 829
    827 825 825 821 821 819 819 819 817 815 815 813 813 813 811 811 807
    807 805 802 802 800 796 796 809 809 811 815 819 837 837 847 856 856
    867 873 875 0 887 885 885 885 882 878 875 873 873 871 869 869 869
    869 867 867 864 864 862 860 858 858 854 851 851 849 849 847 845 843
    841 841 839 839 835 835 833 833 831 831 829 827 825 825 821 821 819
    819 817 817 815 815 813 811 811 809 805 803 803 803 802 802 800 798
    798 802 807 811 813 819 829 831 849 854 860 864 875 878 0 887 885
    885 882 878 875 875 873 873 871 869 869 869 867 867 864 864 862 860
    860 858 854 851 851 851 849 849 847 845 843 841 839 839 837 835 835
    833 833 831 829 829 827 825 825 823 823 819 819 817 817 815 815 813
    811 809 809 805 803 802 802 800 798 798 798 798 800 807 809 813 819
    829 831 854 854 860 864 873 878 0 887 885 882 882 878 875 875 873
    873 871 869 869 869 867 867 864 864 862 860 858 858 854 851 851 851
    849 849 847 845 843 841 839 839 837 835 833 833 831 831 829 829 827
    825 825 823 823 819 819 817 817 815 815 813 811 809 809 805 803 802
    802 800 798 798 798 798 798 803 809 815 823 829 831 854 854 860 864
    873 878 0 887 885 882 882 878 875 875 873 873 869 869 869 869 869
    867 864 862 862 860 858 858 854 851 851 851 849 849 849 845 843 843
    841 839 837 835 833 833 831 831 829 827 827 827 825 825 823 821 819
    817 817 817 815 813 811 809 809 805 803 802 802 800 800 798 796 796
    798 803 809 817 825 831 831 851 854 860 864 873 875 0 887 885 882
    882 878 875 875 873 873 869 869 869 869 869 867 864 862 862 860 858
    858 854 851 851 851 849 849 847 845 843 843 841 839 837 835 833 833
    831 829 829 827 827 827 825 825 823 821 819 817 817 817 815 813 811
    809 809 805 803 802 802 800 798 796 796 796 798 803 815 821 825 835
    837 851 854 860 869 873 875 0 885 885 882 878 875 875 875 873 873
    869 869 869 869 869 867 864 864 862 860 858 858 856 854 851 851 849
    847 847 845 843 843 841 839 839 835 833 833 831 829 829 827 827 825
    825 825 825 821 817 817 817 815 815 811 811 809 807 805 803 802 802
    800 798 796 796 796 796 796 817 821 825 833 839 849 860 860 869 873
    0 0 882 882 880 878 875 875 873 873 871 869 869 867 867 869 867 864
    862 860 860 858 858 856 854 851 851 849 847 845 843 843 841 841 839
    837 835 833 833 831 831 829 827 827 825 825 825 823 819 817 817 817
    815 813 811 811 809 807 805 803 803 800 798 798 796 796 796 796 796
    817 821 827 833 839 847 858 858 869 873 0 0 880 880 880 878 875 875
    873 873 871 869 869 867 867 867 867 864 862 860 860 860 858 856 854
    851 851 849 847 845 843 843 841 841 839 837 835 833 833 831 831 829
    827 827 825 825 825 823 819 817 817 815 815 813 811 811 809 809 807
    805 803 800 798 798 796 796 796 796 798 815 819 827 833 839 845 854
    854 869 875 0 0 880 880 880 878 875 875 873 873 871 869 869 867 867
    867 867 864 862 860 860 858 856 854 851 851 851 849 847 847 843 843
    841 841 839 835 835 833 833 831 831 829 827 827 825 825 823 821 819
    817 817 815 815 813 811 811 809 809 807 805 803 800 798 798 796 796
    796 796 800 811 813 829 835 841 845 854 854 873 878 880 880 885 882
    880 878 875 875 873 873 871 869 869 867 867 867 867 864 862 860 860
    858 856 854 851 851 851 849 847 847 843 843 841 841 839 835 835 833
    833 831 831 829 827 827 825 825 823 819 819 817 817 815 815 813 811
    811 809 809 807 805 802 800 798 798 796 796 796 796 803 811 813 831
    837 843 845 851 860 873 878 880 880 887 882 880 878 875 875 873 873
    871 869 867 867 867 867 864 864 862 860 860 858 856 854 854 851 851
    849 847 847 843 843 843 841 839 837 835 835 833 831 831 829 827 827
    825 825 823 819 819 819 817 815 815 811 811 811 811 809 807 805 802
    800 798 798 796 796 796 796 805 813 815 827 837 841 843 849 860 871
