<?xml version="1.0"?>
<opencv_storage>
<Depth12664 type_id="opencv-matrix">
  <rows>12</rows>
  <cols>18</cols>
  <dt>w</dt>
  <data>
    5210 5210 5210 5132 5132 5132 5132 5132 5132 5210 5210 5210 5210
    5210 5210 5132 5132 5132 5210 5210 5210 5210 5210 5210 5210 5132
    5132 5210 5210 5210 5210 5210 5210 5132 5132 5132 5210 5210 5210
    5210 5210 5210 5210 5132 5132 5210 5210 5210 5210 5210 5210 5210
    5132 5132 5210 5210 5210 5210 5132 5132 5132 5132 5132 5210 5210
    5210 5210 5210 5210 5210 5210 5132 5210 5210 5210 5210 5132 5132
    5132 5132 5132 5210 5210 5210 5210 5210 5210 5210 5132 5132 5210
    5210 5210 5210 5132 5132 5132 5132 5132 5210 5210 5210 5210 5210
    5210 5132 5132 5132 5132 5210 5210 5210 5132 5132 5132 5132 5132
    5210 5210 5210 5210 5210 5132 5056 5056 5056 5132 5132 5210 5210
    5132 5132 5132 5056 5056 5210 5210 5210 5210 5132 5132 5056 5056
    5056 5132 5132 5132 5132 5132 5132 5056 5056 5056 5210 5210 5210
    5210 5132 5132 5132 5132 5132 5132 5132 5132 5132 5132 5056 5056
    5056 5132 5210 5210 5210 5210 5210 5210 5132 5132 5056 5132 5132
    5132 5132 5056 5056 5056 5056 5132 5210 5132 5132 5132 5132 5132
    5132 5132 5056 5210 5132 5132 4983 4983 4983 4983 5056 5132 5210
    5132 5132 5132 5132 5056 5056 5132 5056</data></Depth12664>
</opencv_storage>
