<?xml version="1.0"?>
<opencv_storage>
<Depth14308 type_id="opencv-matrix">
  <rows>36</rows>
  <cols>44</cols>
  <dt>w</dt>
  <data>
    4842 4842 4842 4842 4842 4842 2317 2349 2349 2333 2333 2333 2333
    2333 2333 2333 4842 4911 4911 4911 4911 4842 4842 4842 4842 4842
    4842 4911 4911 4911 4911 4911 4842 4842 4911 4911 4911 4911 4911
    4911 4983 4911 4911 4911 4842 4842 4842 4842 4842 4842 2317 2317
    2317 2349 2349 2349 2333 2333 2333 2333 2349 2349 4911 4911 4911
    4842 4842 4842 4842 4842 4842 4842 4911 4911 4911 4911 4842 4842
    4911 4911 4911 4911 4911 4911 4983 4911 4911 4911 4842 4842 4842
    4842 4842 2317 2317 2317 2317 2333 2333 2333 2333 2333 2333 2333
    2333 2333 2333 2333 4911 4911 4842 4842 4842 4842 4842 4842 4842
    4842 4911 4911 4911 4911 4842 4842 4842 4842 4842 4911 4983 4911
    4911 4911 4842 4842 4774 4774 2333 2317 2317 2301 2301 2317 2317
    2317 2317 2317 2317 2317 2333 2333 2333 2333 2333 2333 4911 4842
    4842 4842 4842 4842 4842 4842 4842 4842 4842 4842 4842 4842 4842
    4842 4842 4842 4911 4911 4911 4911 4774 4774 4774 4774 2317 2301
    2301 2301 2301 2301 2317 2317 2317 2317 2317 2317 2317 2333 2333
    2333 2333 2333 2333 2333 2349 4842 4842 4842 4842 4842 4842 4842
    4842 4842 4842 4842 4842 4842 4842 4842 4911 4911 4911 4911 4774
    4774 4774 2301 2301 2286 2286 2286 2286 2286 2301 2301 2317 2317
    2301 2301 2301 2317 2317 2317 2317 2317 2317 2333 2333 2333 2349
    4842 4842 4842 4842 4842 4842 4774 4774 4842 4842 4842 4842 4842
    4911 4911 4911 4911 4774 4774 2333 2301 2301 2286 2286 2286 2286
    2286 2286 2301 2301 2301 2301 2301 2301 2317 2317 2317 2317 2317
    2317 2333 2333 2333 2333 2333 4842 4842 4774 4774 4842 4774 4774
    4842 4842 4842 4842 4842 4911 4911 4911 4911 4774 4774 2317 2301
    2301 2286 2286 2286 2286 2286 2286 2286 2286 2286 2286 2286 2286
    2301 2301 2301 2317 2317 2317 2317 2317 2317 2333 2333 2333 2333
    2333 4774 4842 4774 4774 4842 4842 4842 4842 4842 4842 4842 4842
    4842 4842 2333 2317 2301 2301 2286 2286 2286 2286 2286 2286 2286
    2286 2286 2286 2286 2286 2286 2286 2301 2301 2301 2301 2317 2317
    2317 2317 2317 2317 2333 2333 2333 4842 4842 4842 4842 4842 4842
    4842 4842 4842 4842 4842 4842 4842 2333 2333 2333 2317 2301 2301
    2286 2286 2286 2271 2271 2286 2286 2286 2286 2286 2286 2286 2286
    2286 2286 2286 2301 2301 2301 2301 2301 2317 2317 2317 2301 2286
    2286 4842 4842 4842 4842 4774 4774 4842 4842 4842 4842 4774 2333
    2333 2333 2333 2317 2301 2286 2286 2286 2271 2271 2271 2271 2271
    2271 2271 2286 2286 2286 2286 2286 2286 2286 2286 2301 2301 2301
    2301 2301 2301 2301 2286 2271 2271 4842 4842 4842 4774 4774 4842
    4842 4911 4842 4774 4774 2333 2333 2333 2333 2317 2301 2286 2286
    2271 2271 2271 2271 2271 2271 2271 2271 2271 2271 2271 2286 2286
    2286 2286 2286 2286 2286 2286 2286 2286 2286 2286 2271 2271 2301
    4842 4842 4842 4842 4842 4842 4842 4842 4645 2317 2317 2333 2333
    2333 2317 2317 2301 2286 2286 2286 2271 2271 2271 2271 2271 2271
    2271 2271 2271 2271 2286 2286 2286 2286 2286 2286 2286 2286 2286
    2286 2286 2286 2286 2301 2301 2301 2317 2317 4842 4842 4842 4842
    4645 2317 2317 2333 2333 2333 2333 2333 2317 2301 2286 2286 2271
    2271 2271 2271 2271 2271 2271 2271 2271 2271 2271 2271 2271 2271
    2271 2271 2271 2286 2286 2286 2286 2286 2286 2286 2301 2301 2317
    2301 2301 4842 4842 4842 2349 2349 2333 2333 2333 2333 2333 2333
    2317 2317 2301 2286 2286 2271 2271 2271 2271 2271 2271 2271 2256
    2256 2271 2271 2271 2271 2271 2271 2271 2286 2286 2286 2286 2286
    2286 2286 2301 2301 2317 2301 2301 2317 4842 4842 2349 2349 2349
    2349 2349 2333 2333 2333 2333 2333 2317 2301 2286 2286 2271 2271
    2271 2271 2271 2271 2256 2256 2256 2271 2271 2271 2271 2271 2271
    2271 2271 2286 2286 2286 2286 2286 2286 2286 2301 2301 2301 2301
    2301 2317 2349 2349 2349 2349 2349 2333 2333 2333 2333 2333 2317
    2317 2301 2286 2286 2286 2286 2286 2271 2271 2256 2256 2256 2271
    2271 2271 2271 2271 2271 2271 2271 2271 2271 2286 2286 2286 2286
    2286 2301 2301 2301 2301 2301 2301 2381 2381 2381 2365 2349 2349
    2349 2333 2333 2333 2333 2317 2317 2301 2301 2286 2286 2286 2286
    2271 2271 2271 2271 2271 2271 2256 2256 2256 2256 2271 2271 2271
    2271 2271 2271 2271 2271 2286 2301 2286 2286 2286 2301 2286 2398
    2398 2381 2381 2381 2365 2365 2365 2349 2349 2333 2317 2317 2317
    2301 2301 2286 2286 2286 2271 2271 2271 2271 2271 2271 2256 2256
    2256 2256 2256 2271 2271 2271 2271 2271 2271 2271 2271 2286 2286
    2286 2286 2286 2286 2415 2415 2398 2398 2398 2381 2381 2381 2365
    2365 2349 2349 2333 2333 2317 2317 2301 2301 2286 2286 2271 2271
    2271 2271 2271 2256 2256 2256 2256 2256 2271 2256 2256 2256 2256
    2271 2271 2271 2286 2286 2286 2286 2286 2286 2415 2415 2415 2398
    2398 2398 2398 2381 2381 2365 2365 2349 2349 2333 2333 2333 2333
    2317 2301 2301 2286 2286 2286 2286 2271 2271 2256 2256 2256 2256
    2256 2256 2256 2256 2256 2271 2271 2271 2271 2271 2271 2286 2286
    2286 2432 2415 2415 2415 2415 2398 2398 2398 2398 2381 2381 2349
    2349 2349 2349 2333 2333 2317 2317 2317 2301 2301 2286 2286 2271
    2271 2271 2271 2271 2256 2256 2241 2241 2241 2241 2256 2256 2256
    2271 2271 2271 2286 2286 2301 2450 2415 2415 2415 2415 2415 2415
    2398 2398 2398 2381 2365 2349 2349 2349 2333 2333 2333 2333 2317
    2317 2317 2301 2286 2286 2286 2286 2271 2271 2271 2271 2241 2241
    2241 2241 2241 2241 2241 2256 2256 2256 2256 2256 2286 2450 2432
    2415 2415 2415 2415 2415 2415 2398 2398 2381 2381 2365 2349 2349
    2349 2349 2349 2349 2333 2333 2333 2317 2301 2301 2286 2286 2286
    2271 2271 2271 2256 2256 2241 2241 2241 2241 2241 2256 2256 2241
    2241 2241 2286 4582 4582 4582 4582 2432 2432 2432 2415 2415 2415
    2398 2381 2365 2365 2365 2349 2349 2349 2349 2333 2333 2333 2317
    2317 2301 2301 2286 2286 2286 2271 2271 2271 2256 2256 2256 2241
    2241 2241 2256 2241 2241 2226 2226 2226 4522 4522 4522 4522 4582
    2450 2450 2432 2415 2415 2398 2398 2381 2381 2381 2381 2365 2365
    2349 2349 2333 2333 2333 2333 2333 2317 2301 2286 2286 2286 2271
    2271 2271 2271 2271 2256 2256 2256 2256 2241 2226 2184 2184 2184
    4522 4522 4463 4463 4522 4522 4522 2432 2415 2415 2398 2398 2398
    2398 2398 2398 2381 2365 2365 2349 2349 2349 2333 2333 2333 2333
    2317 2301 2286 2286 2286 2286 2286 2271 2271 2256 2256 2256 2256
    2241 2226 1843 1843 1853 4522 4463 4463 4463 4463 4522 4522 4463
    2415 2415 2398 2398 2398 2398 2398 2398 2398 2381 2365 2365 2349
    2349 2349 2333 2333 2333 2333 2317 2301 2301 2301 2286 2286 2286
    2271 2271 2271 2271 2256 2256 1843 1843 1843 1853 4522 4463 4463
    4463 4463 4463 4463 4463 4405 4405 2415 2415 2415 2415 2415 2415
    2398 2398 2381 2365 2365 2349 2349 2349 2349 2333 2333 2333 2317
    2317 2317 2301 2301 2286 2286 2271 2271 2271 1823 1823 1833 1843
    1843 1853 4463 4463 4463 4463 4463 4463 4463 4463 4463 4463 4463
    4463 2415 2415 2415 2415 2398 2398 2381 2381 2365 2349 2349 2349
    2349 2349 2349 2333 2333 2333 2333 2317 2317 2301 2286 2286 2271
    1804 1804 1813 1833 1843 1843 1853 4463 4463 4463 4463 4463 4463
    4463 4463 4463 4463 4463 4463 4463 2415 2415 2415 2415 2415 2398
    2381 2365 2349 2349 2349 2349 2349 2349 2349 2333 2333 2333 2317
    2317 2301 2286 2286 2286 1804 1804 1813 1823 1823 1843 1853 4463
    4405 4405 4463 4463 4463 4463 4463 4463 4463 4463 4463 4522 4463
    4463 2415 2415 2398 2398 2398 2381 2365 2365 2365 2365 2365 2349
    2349 2349 2349 2349 2333 2333 2301 1766 1766 1776 1804 1804 1813
    1823 1823 1843 1853 4405 4405 4405 4463 4463 4463 4463 4463 4463
    4463 4463 4463 4463 4463 4463 4463 4463 2398 2398 2398 2398 2381
    2381 2365 2365 2365 2365 2365 2349 2349 2349 2333 2333 1785 1766
    1766 1776 1794 1804 1813 1813 1823 1823 1823 4405 4405 4405 4463
    4463 4522 4463 4463 4463 4463 4463 4463 4463 4463 4463 4405 4405
    4405 4405 2415 2398 2398 2398 2398 2398 2398 2381 2381 2365 2365
