<?xml version="1.0"?>
<opencv_storage>
<Depth1145 type_id="opencv-matrix">
  <rows>116</rows>
  <cols>127</cols>
  <dt>w</dt>
  <data>
    2883 2859 2859 2835 2835 2835 2835 2835 2812 2812 2789 2789 2789
    2789 2789 2767 2767 2744 2744 2744 2744 2723 2723 2723 2723 2723
    2723 2723 2701 2701 2701 2701 2680 2680 2680 2680 2680 885 885 885
    885 885 2659 2680 2680 2680 2659 2659 2639 2639 2639 2639 2639 2639
    2639 2639 2639 2618 2618 2598 2598 2579 2579 2579 2579 2560 2560
    2560 2560 2560 2541 2541 2541 2541 2522 2503 2503 2503 2503 2503
    2503 2503 2503 2485 2485 2503 2485 2485 2485 2467 2467 2450 2450
    2432 2432 2415 2415 2415 2415 2415 2415 2415 2415 2415 2398 2398
    2398 2381 2381 2365 2365 2365 2365 2365 2349 2349 2333 2333 2317
    2317 2317 2317 2301 2301 2301 2301 2301 2883 2883 2883 2859 2859
    2859 2859 2859 2859 2835 2835 2812 2812 2789 2789 2789 2767 2767
    2767 2767 2744 2744 2744 2744 2723 2723 2723 2723 2723 2723 2701
    2701 2680 2680 2701 2701 880 880 882 882 882 885 889 889 889 889
    2659 2659 2659 2639 2639 2639 2639 2639 2639 2639 2639 2639 2618
    2618 2598 2598 2579 2579 2579 2579 2579 2560 2560 2560 2560 2560
    2560 2560 2541 2522 2522 2522 2522 2522 2522 2503 2503 2503 2503
    2503 2503 2503 2485 2485 2485 2467 2467 2450 2432 2432 2432 2415
    2415 2415 2415 2415 2415 2415 2415 2398 2381 2381 2381 2381 2381
    2381 2365 2365 2365 2365 2349 2349 2333 2333 2317 2317 2301 2301
    2301 2301 2301 2883 2883 2883 2883 2883 2883 2883 2859 2859 2835
    2835 2812 2812 2812 2812 2812 2812 2812 2789 2789 2767 2767 2744
    2744 2744 2744 2744 2744 0 0 862 862 0 2723 2723 2723 878 878 878
    880 882 885 887 887 887 889 894 894 2659 2659 2659 2659 2659 2659
    2639 2639 2639 2639 2618 2618 2618 2598 2598 2579 2579 2579 2579
    2579 2579 2560 2560 2560 2560 2560 2560 2541 2541 2541 2541 2522
    2522 2503 2503 2503 2503 2503 2503 2503 2503 2485 2485 2485 2485
    2467 2450 2450 2450 2432 2432 2432 2415 2415 2415 2415 2415 2398
    2381 2381 2398 2398 2398 2381 2365 2365 2365 2365 2365 2365 2349
    2349 2349 2333 2333 2317 2301 2301 2301 2883 2883 2883 2883 2883
    2883 2883 2859 2859 2835 2835 2835 2812 2812 2812 2812 2812 2812
    2812 2789 2789 2789 2789 2789 2789 2789 2789 2789 0 0 0 862 862 867
    867 867 867 873 875 878 880 882 885 885 887 887 887 889 889 889 2659
    2659 2659 2659 2639 2639 2639 2639 2639 2639 2618 2618 2598 2598
    2598 2598 2598 2579 2579 2579 2579 2579 2560 2560 2560 2541 2541
    2560 2541 2541 2522 2522 2522 2503 2503 2503 2503 2503 2503 2503
    2503 2485 2485 2485 2467 2450 2450 2450 2432 2432 2432 2432 2432
    2432 2432 2415 2398 2398 2398 2398 2398 2381 2381 2381 2381 2365
    2365 2365 2365 2349 2349 2349 2349 2333 2333 2317 2317 2883 2883
    2883 2883 2883 2883 2883 2883 2859 2859 2835 2835 2812 2812 2812
    2812 2812 2812 2812 2812 2812 2789 2789 2789 2789 2812 2812 0 0 0 0
    862 862 862 862 864 867 871 873 875 878 878 880 882 882 885 887 887
    889 889 889 2680 2680 2659 2659 2639 2639 2639 2639 2639 2639 2639
    2639 2618 2618 2618 2618 2598 2579 2579 2579 2579 2579 2579 2560
    2560 2560 2560 2541 2541 2522 2522 2522 2522 2522 2522 2522 2503
    2503 2485 2485 2485 2485 2485 2485 2467 2467 2450 2432 2432 2432
    2432 2432 2432 2432 2415 2398 2398 2398 2398 2415 2398 2381 2381
    2381 2365 2365 2365 2365 2365 2365 2349 2349 2349 2349 2333 2333
    2908 2908 2883 2883 2883 2883 2883 2883 2859 2859 2859 2859 2835
    2835 2835 2812 2812 2812 2812 2812 2812 2789 2789 2789 2812 0 0 0 0
    0 851 858 858 858 860 860 864 867 869 871 873 873 878 880 880 882
    885 887 889 889 894 894 891 2659 2659 2659 2659 2659 2659 2639 2639
    2639 2639 2618 2618 2639 2639 2618 2579 2579 2598 2579 2579 2579
    2579 2579 2560 2560 2541 2541 2522 2522 2522 2522 2522 2522 2522
    2503 2503 2485 2485 2503 2485 2485 2485 2467 2467 2467 2432 2432
    2432 2432 2432 2432 2432 2415 2415 2415 2415 2415 2415 2398 2398
    2381 2381 2381 2381 2381 2365 2365 2365 2365 2349 2349 2349 2349
    2349 2908 2908 2908 2908 2908 2883 2883 2883 2883 2883 2859 2859
    2859 2859 2859 2835 2812 2812 2835 2835 2835 2812 2789 2789 0 0 0 0
    0 0 0 851 851 851 854 856 858 864 867 871 871 873 873 873 875 878
    880 880 887 889 891 891 891 891 891 2659 2659 2659 2659 2639 2639
    2639 2639 2639 2639 2639 2639 2618 2618 2618 2618 2598 2598 2579
    2579 2579 2560 2560 2541 2541 2541 2522 2522 2522 2522 2522 2522
    2522 2503 2485 2485 2503 2485 2485 2485 2485 2485 2467 2467 2450
    2450 2450 2450 2432 2432 2432 2415 2415 2415 2415 2415 2398 2398
    2381 2381 2381 2381 2381 2365 2365 2365 2365 2365 2349 2349 2349
    2349 2933 2908 2908 2908 2908 2908 2908 2883 2883 2883 2883 2883
    2883 2883 2883 2859 2835 2835 2835 2835 2835 2812 2812 0 0 0 0 0 0 0
    847 847 849 849 851 851 856 860 864 867 869 871 871 871 873 873 878
    880 882 885 887 887 887 891 891 896 2659 2659 2659 2639 2639 2639
    2639 2639 2639 2639 2639 2639 2639 2639 2618 2598 2579 2579 2579
    2579 2560 2560 2560 2560 2560 2541 2541 2541 2541 2541 2522 2522
    2503 2503 2503 2503 2503 2485 2485 2485 2485 2467 2467 2450 2450
    2450 2450 2432 2432 2432 2432 2432 2432 2415 2415 2398 2398 2398
    2398 2398 2398 2381 2381 2381 2381 2365 2365 2365 2349 2349 2349
    2933 2933 2908 2908 2908 2908 2908 2908 2883 2883 2883 2883 2883
    2883 2883 2883 2859 2859 2859 2859 2859 2859 0 0 0 0 0 0 0 841 841
    841 847 847 849 849 851 860 860 862 864 869 869 871 871 871 875 880
    880 880 882 885 885 889 889 896 896 896 2639 2639 2639 2639 2639
    2639 2659 2639 2639 2639 2639 2639 2618 2598 2579 2579 2579 2579
    2579 2560 2560 2560 2560 2560 2560 2560 2560 2560 2541 2541 2522
    2503 2503 2503 2503 2485 2485 2485 2485 2485 2485 2467 2450 2450
    2450 2432 2432 2432 2432 2432 2432 2415 2415 2415 2415 2415 2415
    2415 2398 2398 2398 2398 2398 2381 2365 2365 2365 2349 2349 2958
    2958 2933 2933 2933 2933 2908 2908 2908 2908 2883 2883 2883 2883
    2883 2883 2859 2859 2859 2859 2859 0 0 0 0 0 0 0 0 841 841 841 843
    845 847 849 851 856 860 860 862 864 867 869 871 871 871 875 878 880
    882 882 882 887 889 894 891 891 891 2639 2639 2639 2639 2639 2639
    2639 2639 2639 2639 2639 2639 2639 2598 2598 2579 2579 2579 2579
    2579 2579 2579 2560 2560 2560 2560 2560 2560 2560 2541 2522 2522
    2522 2503 2503 2485 2485 2503 2503 2485 2485 2467 2467 2450 2450
    2432 2432 2432 2432 2432 2432 2415 2415 2415 2415 2415 2415 2398
    2398 2398 2398 2398 2398 2381 2381 2365 2365 2365 2958 2958 2933
    2933 2933 2933 2908 2908 2908 2908 2908 2908 2883 2883 2883 2883
    2883 2883 2859 2859 0 0 0 0 0 0 0 0 841 839 839 841 841 843 845 849
    851 854 856 858 860 862 862 867 869 869 869 871 875 878 880 880 880
    880 882 887 891 891 894 896 896 891 2639 2639 2639 2659 2659 2659
    2639 2639 2639 2639 2618 2598 2598 2598 2598 2598 2598 2598 2579
    2579 2579 2579 2579 2560 2560 2560 2541 2522 2522 2522 2522 2522
    2503 2503 2503 2503 2503 2485 2485 2485 2467 2450 2450 2432 2432
    2432 2432 2432 2432 2432 2415 2415 2415 2415 2415 2415 2415 2415
    2415 2398 2398 2381 2381 2365 2365 2958 2958 2958 2958 2958 2958
    2933 2933 2933 2908 2908 2908 2908 2908 2883 2883 2883 2883 2908 0 0
    0 0 0 0 0 0 0 837 837 837 837 841 841 843 843 845 851 854 856 858
    860 862 862 867 867 869 869 871 875 875 878 880 880 882 882 887 889
    891 891 891 891 891 887 2744 2744 2680 2659 2659 2639 2639 2639 2639
    2618 2618 2598 2598 2618 2618 2618 2579 2579 2579 2579 2579 2579
    2560 2560 2541 2522 2522 2522 2522 2522 2522 2503 2503 2522 2503
    2503 2503 2485 2485 2467 2467 2450 2432 2432 2432 2432 2432 2432
    2415 2415 2415 2415 2415 2415 2415 2415 2415 2398 2398 2398 2381
    2381 2381 2984 2984 2984 2984 2984 2958 2958 2933 2933 2933 2933
    2933 2933 2908 2908 2883 2883 2883 0 0 0 0 0 0 0 0 829 829 831 833
    833 835 839 839 841 841 843 847 851 854 854 856 858 860 862 864 867
