<?xml version="1.0"?>
<opencv_storage>
<Depth6194 type_id="opencv-matrix">
  <rows>123</rows>
  <cols>60</cols>
  <dt>w</dt>
  <data>
    3859 3859 3903 3903 3903 3903 3903 3948 3948 3948 3948 3948 3948
    3948 3948 3948 3948 3994 3994 3994 3994 3994 3994 3994 3994 4041
    4041 773 767 766 766 767 769 771 771 771 0 0 0 0 0 0 0 0 0 4190 4190
    4190 4190 4241 4241 4241 4241 4241 4241 4241 4241 4241 4241 4241
    3903 3903 3903 3903 3903 3903 3903 3948 3948 3948 3948 3948 3903
    3903 3903 3948 3994 3994 3994 3994 3994 3994 3994 3994 4041 4041 774
    773 766 766 766 766 767 769 769 769 771 773 776 778 778 780 0 0 0
    4190 4190 4190 4190 4241 4241 4241 4241 4241 4241 4241 4241 4295
    4241 4241 3903 3903 3903 3903 3903 3903 3903 3948 3948 3948 3948
    3948 3903 3903 3903 0 0 0 0 0 0 0 0 4041 4041 4041 774 773 766 766
    766 766 766 769 769 769 771 773 774 776 776 778 778 780 780 780 783
    783 4241 4241 4241 805 805 805 4241 4241 4241 4295 4295 4295 3903
    3903 3903 3903 3903 3948 3948 3948 3948 3948 3948 3948 3948 3948 0 0
    0 0 0 0 0 0 0 798 774 774 774 771 766 766 766 766 766 767 769 769
    771 773 774 776 776 778 778 780 780 781 783 783 787 789 789 805 803
    803 805 4295 4295 4295 4295 0 3903 3903 3903 3903 3903 3948 3948
    3948 3948 3948 3948 3948 3948 0 0 0 0 0 0 0 0 0 0 798 798 773 773
    769 766 766 766 766 766 767 769 769 771 773 774 774 776 776 778 780
    781 781 783 783 785 787 790 803 802 802 802 802 800 800 0 0 3903
    3903 3903 3903 3903 3948 3948 3948 3948 3948 3903 3903 0 0 0 0 0 0 0
    0 0 0 802 798 798 798 773 769 766 766 766 766 766 767 769 769 773
    774 774 774 776 776 778 780 780 781 783 783 785 787 789 790 792 798
    798 800 800 800 798 800 3903 3903 3903 3903 3948 3948 3948 3948 3948
    3948 3903 3903 0 0 0 0 0 0 0 0 0 805 802 798 796 796 773 766 766 766
    766 766 766 767 769 769 773 774 774 774 776 776 778 780 780 781 783
    783 787 787 789 790 790 796 796 796 798 798 798 800 3903 3903 3903
    3948 3903 3903 3948 3948 3948 3948 0 0 0 0 0 0 0 0 0 0 0 805 803 800
    794 780 773 766 766 764 764 764 766 767 769 769 773 774 774 774 776
    776 778 780 780 781 783 783 787 787 789 789 790 792 794 796 796 796
    798 798 3903 3903 3903 3948 3903 3903 3948 3948 3948 3948 0 0 0 0 0
    0 0 0 0 0 825 825 803 798 789 780 773 766 766 764 764 764 766 767
    769 771 773 774 774 774 776 776 778 778 780 781 783 783 787 787 787
    789 790 792 794 796 796 796 798 798 3903 3903 3948 3948 3948 3948
    3948 3948 3994 0 0 0 0 0 0 0 0 0 841 841 825 825 805 794 785 781 774
    766 766 764 764 764 766 767 769 771 773 774 774 774 776 776 778 778
    780 781 783 783 785 787 787 789 790 792 794 794 796 796 798 798 3903
    3903 3903 3903 3948 3903 3903 3948 0 0 0 0 0 0 0 0 0 847 841 839 829
    829 829 792 785 780 773 764 762 762 762 764 767 769 769 771 771 773
    774 774 776 776 778 780 780 781 783 783 785 787 787 789 790 792 792
    794 796 796 798 798 3903 3903 3903 3903 3948 3903 3903 3948 0 0 0 0
    0 0 0 0 0 847 843 839 833 833 833 790 785 780 766 764 762 762 762
    764 766 769 769 769 771 771 774 774 776 776 778 780 780 781 781 783
    783 787 787 789 790 792 792 794 796 798 798 798 3903 3903 3903 3903
    3903 3903 3903 0 0 0 0 0 0 0 0 0 0 843 843 841 833 811 800 790 785
    780 764 762 761 761 762 762 766 767 769 769 771 771 774 774 774 776
    778 780 780 781 781 783 783 787 787 789 790 790 792 796 796 798 798
    798 2503 3948 3903 3903 3903 3903 0 0 0 0 0 0 0 0 0 0 0 851 845 841
    815 811 800 794 787 774 764 762 761 761 762 762 764 767 769 769 769
    771 773 774 774 776 778 780 780 781 781 783 783 787 787 789 790 790
    792 794 798 798 798 798 2503 2541 2522 2522 3948 3948 0 0 0 0 0 0 0
    887 887 887 0 851 843 821 815 811 803 796 789 773 766 762 762 762
    762 762 764 769 769 769 769 771 773 774 776 778 778 778 780 780 781
    783 785 787 787 789 789 790 792 794 796 798 798 798 2485 2503 2503
    2503 0 0 0 0 0 0 0 0 887 887 887 887 856 849 843 821 815 811 803 798
    798 773 766 764 761 761 762 762 766 769 769 769 771 771 773 774 776
    778 778 778 780 780 781 785 785 787 787 789 789 789 790 792 796 796
    798 798 2485 2485 2503 2503 2503 0 0 0 0 0 0 0 887 887 885 867 856
    849 841 821 817 811 802 798 798 769 766 764 761 761 762 762 766 769
    769 769 771 771 773 774 776 776 776 778 778 780 783 785 787 787 787
    789 789 789 790 792 796 796 796 798 2467 2467 2485 2485 2485 0 0 0 0
    0 0 0 0 887 873 864 854 849 839 823 817 809 802 794 778 769 764 762
    761 761 762 764 766 769 769 769 769 769 771 774 774 776 776 778 778
    780 783 785 787 787 787 789 789 790 790 792 794 796 796 798 2467
    2467 2467 2485 2485 0 0 0 0 0 0 0 0 873 873 864 851 847 839 823 815
    807 798 794 778 766 764 762 761 761 761 764 766 767 769 769 769 769
    771 774 774 776 776 778 778 780 783 785 787 787 787 789 789 790 790
    792 794 796 796 798 2467 2467 2467 2467 0 0 0 0 0 0 0 0 0 878 878
    878 851 847 837 821 811 807 798 796 780 766 764 762 761 761 761 762
    766 767 769 769 769 769 773 774 774 776 778 780 780 780 783 783 787
    787 787 789 789 790 790 790 792 794 796 796 2467 2467 2467 2467 0 0
    0 0 0 925 923 918 918 918 882 880 851 847 837 821 809 803 798 794
    780 774 764 762 761 761 761 762 766 767 769 769 769 769 773 773 774
    776 778 778 780 780 783 783 787 787 789 789 789 790 790 790 792 794
    796 796 2467 2467 2485 0 0 0 0 0 0 925 923 918 913 913 873 873 851
    847 835 821 809 802 796 792 780 774 764 762 759 759 761 762 766 767
    769 769 769 769 773 773 774 774 776 778 780 780 781 783 787 787 789
    789 789 790 790 790 792 794 794 794 2467 2467 0 0 0 0 0 0 0 930 923
    918 910 875 871 867 851 849 823 821 805 800 796 790 778 773 762 761
    759 759 761 762 766 769 769 769 769 771 773 774 774 774 776 778 778
    780 781 783 785 787 789 789 789 790 790 792 794 794 794 794 2467
    2485 0 0 0 0 0 0 0 930 925 918 910 875 871 867 856 851 823 821 802
    798 796 790 774 764 762 761 759 759 761 762 764 767 769 769 771 771
    773 774 774 774 776 776 778 780 781 783 783 787 787 789 789 790 790
    792 794 794 794 796 2467 0 0 0 0 0 0 0 0 933 928 923 923 875 869 867
    858 849 825 821 798 796 794 794 774 761 761 759 759 759 761 762 764
    767 769 769 769 773 774 774 774 774 776 776 778 780 781 783 783 785
    787 787 789 789 790 792 794 796 796 796 0 0 0 0 0 0 0 0 0 930 925
    923 923 875 869 867 854 841 825 821 798 796 790 790 766 761 761 759
    759 759 761 762 766 767 769 769 769 773 773 774 774 774 776 776 778
    780 781 781 783 783 785 785 787 789 790 792 794 796 796 796 0 0 0 0
    0 0 0 0 935 928 925 923 923 878 869 867 854 837 827 821 803 800 790
    787 764 761 761 761 759 759 761 762 766 767 769 769 769 773 773 774
    774 774 776 776 778 781 781 781 783 783 785 785 787 789 789 794 796
    796 796 796 0 0 0 0 0 0 0 0 933 925 923 920 894 878 869 864 864 829
    825 819 805 802 792 787 764 761 761 761 759 759 761 762 766 767 769
    769 769 773 773 773 774 774 776 776 778 780 781 781 781 783 783 785
    787 789 789 794 794 796 794 794 0 0 0 0 0 0 0 951 933 923 920 913
    894 878 871 864 864 829 825 819 803 800 796 783 774 761 761 761 759
    759 761 762 766 769 769 769 769 771 771 773 773 774 776 776 778 780
    781 781 781 783 783 787 789 789 790 794 794 796 794 794 0 0 0 0 0 0
    956 951 935 923 918 913 896 875 871 864 856 829 825 811 803 798 794
    783 774 761 761 759 759 759 761 762 766 767 767 769 769 771 771 771
    773 773 774 776 778 780 781 781 781 783 785 787 789 789 789 792 794
    796 794 792 0 0 0 0 0 0 956 954 935 923 918 913 896 875 871 864 851
    829 829 807 802 798 792 783 766 761 759 759 759 759 761 762 764 766
    767 767 767 769 771 771 773 773 774 776 778 780 780 781 781 783 785
    787 789 789 789 790 792 796 794 792 0 0 0 0 0 0 954 948 943 925 918
    906 894 875 871 864 851 843 833 805 802 798 792 790 766 761 759 759
    759 759 761 761 762 764 766 767 767 769 771 771 773 774 774 776 778
