<?xml version="1.0"?>
<opencv_storage>
<Depth4497 type_id="opencv-matrix">
  <rows>33</rows>
  <cols>27</cols>
  <dt>w</dt>
  <data>
    5291 5291 5291 5291 5291 5291 5291 5291 5291 5291 3037 2984 2958
    2958 2984 3037 3037 3010 2984 2984 5291 5291 5291 5291 5291 5291
    5291 5291 5291 5210 5210 5291 5291 5291 3064 3064 3064 3037 2984
    2958 2958 2984 3010 3010 3010 2984 2984 3010 5291 5291 5291 5291
    5291 5291 5291 5291 5210 5210 5291 3064 3064 3064 3064 3064 3037
    3010 3010 3010 3010 3010 3010 3010 2984 2984 3010 5291 5291 5291
    5291 5291 5291 5291 5291 3149 3149 3064 3064 3064 3064 3064 3037
    3037 3010 3010 2984 2984 3010 2984 2984 2984 2984 3010 5291 5210
    5210 5291 5291 5291 3208 3208 3178 3149 3064 3064 3064 3064 3037
    3037 3037 3010 3010 2984 2984 2984 2984 2984 2984 2984 3010 3010
    5210 5210 5291 5291 5291 3208 3178 3178 3120 3064 3064 3064 3064
    3037 3037 3037 3010 3010 3010 2984 2984 2984 2984 2984 2984 2984
    2984 5210 5210 5291 5291 5291 3178 3178 3178 3120 3092 3092 3092
    3064 3064 3037 3037 3010 2984 2984 2984 2984 2984 2984 2984 2984
    2984 2984 5210 5210 5291 5291 5291 3178 3178 3149 3120 3120 3092
    3092 3064 3064 3037 3037 3010 2984 2984 2984 2984 2958 2958 2958
    2958 2984 2984 2984 5210 5291 5291 5291 3178 3149 3149 3120 3120
    3092 3064 3064 3064 3037 3037 3010 2984 2984 2958 2958 2958 2958
    2958 2958 2984 2984 2984 5210 5291 5291 5291 3178 3149 3149 3149
    3120 3092 3064 3064 3064 3037 3037 3010 2984 2984 2958 2958 2958
    2958 2984 2984 2984 2984 5210 5210 5291 5291 5291 3178 3178 3149
    3149 3120 3120 3092 3064 3064 3037 3037 3037 3010 2958 2958 2958
    2958 2958 2984 2984 2984 2984 5210 5210 5291 5291 5291 3178 3178
    3149 3149 3149 3120 3092 3064 3064 3037 3037 3037 3010 2958 2958
    2958 2958 2958 2958 2958 2958 2958 3037 5210 5291 5291 5291 3208
    3178 3178 3149 3149 3120 3092 3064 3064 3064 3037 3037 3037 2984
    2958 2958 2958 2958 2958 2958 2958 2958 2984 5291 5291 5291 5291
    3208 3178 3178 3149 3149 3092 3092 3064 3064 3064 3037 3037 3037
    2984 2958 2958 2958 2958 2958 2958 2958 2958 2984 5291 5291 5291
    5291 5132 3178 3178 3149 3149 3092 3092 3064 3064 3064 3037 3037
    3037 2984 2984 2958 2958 2958 2958 2958 2958 2958 2958 5291 5291
    5291 5291 5132 3178 3178 3149 3149 3120 3092 3064 3064 3064 3064
    3037 3037 3010 2958 2958 2958 2958 2958 2958 2958 2958 2958 2958
    5291 5291 5291 5210 3178 3149 3149 3149 3120 3092 3064 3064 3064
    3064 3037 3037 3010 2958 2958 2958 2958 2958 2958 2958 2958 2958
    2958 5291 5291 5291 5210 3120 3120 3149 3149 3149 3120 3092 3064
    3064 3064 3037 3037 3010 2958 2958 2958 2958 2958 2958 2958 2958
    2958 2958 5291 5210 5210 5210 3037 3037 3149 3149 3149 3120 3092
    3064 3064 3064 3037 3010 3010 2958 2958 2958 2958 2958 2958 2958
    2958 2958 2958 2958 5210 5210 5210 3037 3037 3149 3149 3149 3120
    3092 3092 3064 3064 3037 3010 3010 2958 2958 2958 2958 2958 2958
    2958 2958 2958 2958 2958 5132 5132 5132 3120 3120 3149 3149 3149
    3120 3092 3064 3064 3064 3037 3037 3010 2958 2958 2958 2958 2958
    2958 2958 2958 2958 2958 2958 5132 5132 5132 3149 3149 3149 3149
    3149 3120 3092 3064 3064 3064 3037 3037 3010 2958 2958 2958 2958
    2958 2958 2958 2958 2958 2958 2933 2933 5132 5132 3178 3178 3149
    3149 3149 3120 3092 3064 3064 3037 3037 3037 3010 2958 2958 2958
    2958 2958 2958 2958 2958 2958 2958 2933 2933 5210 5132 5056 3178
    3178 3149 3149 3149 3120 3092 3064 3037 3037 3037 3010 2984 2958
    2958 2958 2958 2958 2958 2958 2958 2958 2958 2958 5210 5132 5056
    3178 3178 3178 3149 3149 3120 3092 3064 3064 3037 3037 3010 2984
    2958 2933 2933 2933 2933 2933 2958 2958 2958 2958 2958 5132 5132
    5056 3178 3178 3178 3178 3149 3120 3120 3092 3064 3064 3037 3037
    3010 2958 2933 2933 2933 2933 2933 2933 2958 2933 2933 2958 5056
    5132 5132 5132 3208 3178 3178 3149 3120 3092 3064 3064 3064 3037
    3037 3010 2958 2958 2933 2933 2933 2933 2933 2933 2933 2933 2958
    2958 5056 5132 5132 5132 3178 3149 3120 3120 3092 3064 3064 3064
    3037 3037 3010 2958 2958 2933 2933 2933 2933 2933 2933 2933 2933
    2933 2933 5056 5056 5056 5056 4983 3149 3120 3120 3092 3064 3064
    3064 3064 3037 3010 2958 2958 2933 2933 2933 2933 2933 2933 2933
    2933 2933 2908 5056 5056 5056 4983 4983 3149 3149 3120 3092 3092
    3064 3064 3064 3037 3037 2958 2958 2933 2933 2933 2908 2908 2908
    2933 2933 2908 2908 5056 5056 5056 4983 4983 3149 3149 3149 3092
    3092 3064 3064 3064 3037 3037 2958 2958 2933 2933 2933 2908 2908
    2908 2908 2908 2908 2908 5056 5056 5056 4983 4983 3178 3149 3149
    3120 3092 3064 3064 3037 3037 3037 2958 2958 2958 2933 2933 2908
    2908 2908 2908 2908 5132 5132 5056 5056 5056 4983 4983 3208 3178
    3149 3120 3120 3064 3064 3010 3010 3010 2958 2958 2958 2933 2933
    2908 2908 2908 2908 5056 5056 5056</data></Depth4497>
</opencv_storage>
