<?xml version="1.0"?>
<opencv_storage>
<Depth16385 type_id="opencv-matrix">
  <rows>38</rows>
  <cols>22</cols>
  <dt>w</dt>
  <data>
    0 0 0 2028 2028 0 0 0 0 0 0 1993 1970 1970 1981 1981 2016 2016 2028
    0 0 1981 2005 2005 2005 2005 2016 2016 0 0 0 0 0 1970 1959 1959 1970
    1981 1981 1993 1993 1936 1936 1947 2005 2005 2005 2005 2005 2016 0 0
    0 0 0 1959 1959 1959 1970 1970 1970 1936 1926 1926 1915 1915 2005
    2005 2005 1993 1981 1981 1981 1993 1993 1981 1981 1959 1959 1959
    1981 1970 1959 1936 1926 1926 1915 1915 2005 2005 1993 1981 1981
    1970 1970 1970 1970 1981 1981 1959 1959 1959 1959 1959 1959 1947
    1936 1926 1926 1926 1959 1959 1959 1959 1959 1947 1936 1936 1970
    1970 1970 1936 1936 1936 1936 1947 1947 1936 1915 1915 1926 1926
    1959 1936 1936 1936 1926 1926 1926 1926 1926 1926 1926 0 1936 1936
    1936 1947 1936 1926 1915 1915 1915 1915 1936 1936 1936 1926 1926
    1926 1926 1926 1926 1926 1926 1926 1926 1926 1926 1926 1926 1926
    1915 1915 1894 1894 1926 1926 1936 1926 1904 1904 1915 1915 1926
    1926 1926 1926 1926 1853 1853 1883 1883 1894 1894 1894 1894 1894
    1894 1926 1926 1915 1894 1894 1894 1894 1904 1894 1894 1883 1853
    1853 1843 1843 1843 1843 1883 1883 1813 1813 1883 1926 1926 1904
    1883 1883 1883 1883 1894 1894 1894 1853 1843 1843 1843 1843 1843
    1843 1843 1843 1813 1813 1873 1894 1894 1883 1873 1873 1873 1873
    1883 1883 1883 1853 1843 1843 1843 1843 1843 1843 1843 1833 1823
    1823 1843 1853 1873 1863 1863 1863 1853 1853 1853 1853 1853 1853
    1853 1843 1833 1833 1843 1843 1823 1813 1813 1813 1843 1843 1853
    1853 1853 1863 1853 1853 1853 1843 1833 1833 1833 1833 1833 1833
    1843 1843 1813 1804 1804 1804 1843 1843 1843 1843 1843 1843 1833
    1833 1843 1843 1823 1823 1823 1813 1813 1813 1823 1813 1804 1794
    1794 1785 1833 1833 1833 1833 1833 1843 1833 1833 1843 1813 1813
    1813 1813 1813 1813 1813 1813 1813 1804 1794 1785 1785 1833 1833
    1833 1833 1833 1833 1823 1823 1833 1813 1804 1804 1813 1813 1813
    1813 1813 1804 1785 1785 1785 1785 1833 1833 1843 1843 1813 1813
    1813 1813 1833 1823 1804 1804 1804 1804 1804 1804 1813 1804 1785
    1785 1785 1766 1823 1823 1813 1804 1804 1804 1804 1813 1813 1804
    1794 1794 1804 1804 1804 1804 1785 1785 1785 1776 1766 1748 1813
    1823 1813 1794 1794 1794 1794 1804 1804 1804 1794 1794 1794 1794
    1794 1794 1794 1776 1766 1766 1757 1731 1794 1794 1785 1785 1785
    1785 1785 1785 1794 1794 1794 1794 1731 1731 1794 1794 1794 1776
    1766 1757 1739 1731 1785 1785 1776 1776 1776 1766 1766 1766 1766
    1766 1739 1731 1731 1731 1731 1731 1739 1757 1757 1757 1739 1731
    1785 1776 1766 1766 1766 1757 1757 1757 1748 1739 1731 1731 1731
    1731 1731 1739 1739 1705 1705 1705 1739 1739 0 1766 1757 1748 1748
    1748 1748 1748 1748 1713 1713 1731 1731 1731 1739 1739 1739 1705
    1705 1705 1713 0 1739 1739 1739 1739 1739 1739 1731 1731 1705 1705
    1713 1731 1731 1731 1731 1722 1722 1705 1705 1705 1713 0 1739 1739
    1722 1722 1722 1731 1722 1705 1705 1705 1713 1722 1722 1722 1722
    1722 1722 1705 1705 1696 1696 1663 1713 1713 1713 1713 1713 1713
    1705 1705 1705 1705 1705 1722 1722 1722 1713 1713 1705 1705 1696
    1688 1671 1663 1696 1705 1705 1705 1713 1713 1705 1696 1680 1680
    1705 1713 1713 1705 1696 1696 1696 1688 1671 1671 1663 1655 1696
    1696 1680 1680 1680 1671 1671 1671 1671 1671 1671 1671 1671 1671
    1671 1680 1680 1688 1671 1663 1663 1655 1688 1688 1680 1680 1671
    1671 1671 1663 1663 1671 1671 1663 1647 1647 1663 1663 1663 1671
    1671 1663 1647 1647 1680 1680 1671 1671 1671 1663 1655 1655 1655
    1663 1663 1663 1647 1647 1655 1655 1655 1647 1647 1639 1632 1632
    1671 1671 1671 1671 1663 1663 1655 1655 1655 1663 1663 1655 1647
    1647 1647 1639 1639 1632 1624 1624 1624 1624 1663 1663 1663 1663
    1655 1655 1655 1655 1655 1655 1655 1655 1647 1647 1639 1624 1624
    1609 1609 1609 1609 1609 1663 1663 1647 1647 1647 1647 1639 1639
    1639 1639 1639 1647 1647 1639 1639 1624 1616 1609 1609 1601 1601
    1609 0 1639 1639 1639 1632 1624 1624 1632 1632 1639 1639 1647 1655
    1616 1616 1609 1609 1609 1609 1601 1601 0 1632 1632 1632 1632 1632
    1624 1616 1616 1616 1624 1624 1616 1609 1609 1609 1601 1601 1601
    1594 1594 1601 0 1632 1624 1624 1624 1624 1624 1609 1609 1616 1616
    1624 1609 1609 1609 1609 1601 1601 1594 1594 1594 0 0 0 1616 1616
    1624 1624 1616 1601 1601 1609 1609 1609 1601 1601 1601 1601 1609
    1609 1594 1594 0 0 0</data></Depth16385>
</opencv_storage>
