<?xml version="1.0"?>
<opencv_storage>
<Depth14645 type_id="opencv-matrix">
  <rows>132</rows>
  <cols>87</cols>
  <dt>w</dt>
  <data>
    4405 4349 4349 4295 4295 4295 4295 4295 4295 4295 4295 4349 4295
    4295 796 794 792 790 790 790 4241 4241 4241 4241 4241 4139 4139 4139
    4139 4139 4139 4139 4089 4089 4089 4041 4041 4041 4041 4041 3994
    3994 3994 3948 3948 3994 3948 3903 3903 3948 3948 3903 3903 3903
    3903 3903 3903 3859 3859 3816 3816 3816 3774 3774 841 841 841 841
    831 831 3732 3732 3692 3692 3653 3653 3653 3614 3576 3576 3576 3576
    3576 3576 3576 3576 3614 4405 4405 4349 4349 4405 4405 4405 4295
    4295 4295 4295 4349 4295 4295 794 794 792 790 790 790 4241 4241 4241
    4241 0 0 787 4139 4139 4139 4139 4139 4089 4089 4089 4041 4041 4041
    3994 3994 3994 3994 3994 3948 3948 3994 802 802 800 800 800 3948
    3948 3948 815 815 813 813 3903 3816 3816 3816 3774 3774 841 837 833
    833 831 831 831 831 833 833 3692 3692 839 837 837 837 839 839 3576
    3576 3576 3576 3614 4405 4405 4405 4405 4405 4405 4405 4349 4295
    4295 4295 4295 4295 4295 794 794 794 790 790 790 4241 4241 4241 4241
    781 787 787 787 785 785 785 792 792 792 792 792 792 796 798 798 800
    3994 803 800 800 802 802 802 800 800 809 811 815 815 815 815 813 813
    819 821 821 821 821 823 825 825 831 831 831 831 831 831 831 833 833
    835 835 837 837 837 839 839 839 839 0 839 3576 4405 4405 4405 4405
    4405 4405 4405 817 817 817 4241 4295 4295 4295 794 790 789 787 787
    4295 4241 4241 781 781 781 787 787 787 785 785 785 790 790 790 792
    792 792 796 798 798 800 802 802 800 800 802 802 803 805 807 809 809
    811 813 815 815 815 817 819 819 819 821 821 821 823 825 825 825 827
    829 829 831 831 831 833 835 835 835 835 835 839 839 839 839 0 0 839
    4522 4522 862 862 862 819 819 817 815 815 815 4295 4295 783 780 780
    780 780 781 781 781 781 781 781 785 785 785 787 785 785 787 790 790
    790 792 794 796 796 798 798 800 802 802 802 802 803 803 803 805 807
    809 809 811 813 815 815 815 817 817 819 819 821 821 821 823 823 823
    825 825 825 829 831 831 831 833 833 835 835 835 835 839 841 839 839
    0 0 0 860 862 862 862 862 819 819 817 815 813 813 794 790 780 778
    778 780 780 780 780 780 781 781 783 783 785 785 785 787 787 787 790
    790 790 792 794 796 796 798 798 800 802 802 802 803 803 807 807 807
    809 809 809 811 813 815 815 815 815 817 819 819 821 821 821 823 823
    823 825 825 825 829 831 831 831 831 831 833 835 837 837 841 841 841
    0 0 0 0 860 860 862 862 862 833 821 819 815 811 803 794 790 778 778
    778 778 778 778 780 780 780 781 783 783 785 785 785 787 787 787 790
    790 792 792 794 794 798 798 800 800 802 802 802 802 803 807 807 807
    809 809 809 811 813 815 815 815 815 817 819 819 821 821 823 823 823
    823 825 825 825 829 831 831 831 831 831 833 835 837 839 841 841 841
    0 0 0 0 858 858 856 856 841 833 825 819 815 811 802 796 790 778 778
    778 778 778 778 778 780 780 781 783 783 785 785 785 787 789 789 790
    790 790 790 792 792 798 798 800 800 802 802 802 802 805 807 807 807
    809 809 809 811 813 813 815 815 815 817 819 819 821 823 823 823 823
    823 825 825 825 829 831 831 831 831 831 833 835 835 839 841 841 841
    0 0 0 0 858 858 854 854 841 835 825 819 815 809 800 796 792 780 778
    778 778 778 778 778 778 780 781 783 785 785 785 785 787 789 789 790
    790 790 790 792 792 798 798 800 800 802 802 802 803 807 807 807 807
    809 809 809 811 813 813 815 815 815 817 819 821 823 823 823 825 823
    823 825 825 825 829 831 831 831 831 831 833 835 835 837 841 841 841
    0 0 0 0 860 856 854 854 849 835 825 819 815 807 800 796 792 781 778
    776 776 776 778 778 778 780 780 785 785 785 785 785 787 789 789 790
    790 790 792 792 794 796 798 798 800 802 802 802 805 807 807 807 807
    809 809 809 811 813 813 815 815 815 817 819 821 823 823 825 825 825
    825 825 825 827 829 831 831 831 831 833 833 835 835 837 839 841 841
    0 0 0 0 860 856 856 856 851 835 825 817 815 807 800 796 792 781 778
    776 776 776 778 778 778 778 780 783 785 785 785 785 787 789 789 790
    790 790 792 792 794 796 798 798 798 802 802 803 805 807 807 807 807
    809 809 809 811 813 813 815 815 815 817 819 823 823 825 825 825 825
    825 825 825 827 829 831 831 831 833 833 833 833 833 835 839 841 0 0
    0 0 0 864 860 858 856 843 837 825 817 815 809 802 796 792 781 778
    776 776 776 778 778 778 778 780 783 785 785 785 785 787 789 789 790
    790 790 792 792 794 796 796 798 798 800 800 805 807 807 807 807 807
    809 809 809 813 813 813 815 815 815 817 819 823 823 825 825 825 825
    825 825 825 827 829 829 831 831 833 833 833 833 833 835 837 839 0 0
    0 0 0 869 867 862 854 843 839 837 819 815 811 803 796 790 781 778
    776 776 776 776 778 780 781 783 785 785 785 785 785 787 787 789 790
    790 790 792 792 794 796 796 798 798 800 800 805 807 807 807 807 809
    809 809 809 811 813 813 815 815 815 817 821 823 823 823 823 825 825
    825 825 827 829 829 829 831 831 833 833 835 833 833 835 837 839 0 0
    0 0 0 869 869 871 854 845 841 837 821 817 813 807 798 790 783 778
    776 776 776 776 778 780 781 783 783 783 785 785 785 787 787 789 790
    790 790 792 792 794 796 796 798 798 800 802 805 807 807 807 807 809
    809 809 809 811 813 813 813 813 815 817 821 823 823 823 823 823 823
    823 825 827 829 831 831 831 831 833 835 835 835 835 835 837 839 0 0
    0 0 0 869 869 871 871 845 841 837 823 819 815 807 798 792 783 781
    778 778 778 778 778 781 783 783 783 783 785 785 787 787 787 789 789
    790 792 792 792 796 796 798 798 798 800 802 805 807 807 807 807 809
    809 809 809 811 811 813 813 813 815 821 821 821 821 823 823 823 823
    823 825 827 829 831 831 831 831 833 835 835 835 835 835 841 841 847
    0 0 0 0 871 869 869 856 845 841 837 825 821 815 807 798 792 783 781
    778 778 778 778 778 781 783 783 783 783 783 785 787 787 787 789 789
    790 790 792 794 796 798 798 798 798 800 802 805 807 807 807 809 809
    809 809 809 811 811 813 813 813 815 819 821 821 821 823 823 825 825
    825 825 827 831 831 831 831 833 833 835 835 835 835 837 841 841 847
    0 0 0 0 871 869 867 856 847 843 837 827 821 815 807 798 792 783 781
    778 778 778 778 780 781 783 783 783 783 783 785 787 789 789 790 790
    790 790 792 796 796 798 798 798 798 802 803 805 807 807 807 807 809
    809 809 809 811 811 813 815 815 817 817 821 821 821 823 823 825 825
    825 825 829 831 831 831 831 833 835 835 835 837 837 837 841 843 0 0
    0 0 0 0 867 862 858 849 843 837 827 821 813 807 800 794 785 781 778
    778 778 778 780 781 783 783 783 783 785 785 787 789 789 790 790 790
    790 792 796 796 798 798 800 800 802 803 805 807 807 807 807 809 809
    809 809 811 811 813 815 815 817 817 821 821 821 823 823 825 825 825
    827 829 831 831 831 831 833 833 835 835 837 837 837 841 845 0 0 0 0
    0 0 862 860 858 851 843 837 827 821 813 807 802 794 785 781 778 778
    778 778 780 781 783 783 783 783 785 785 787 789 789 790 790 792 792
    792 796 796 798 798 798 798 802 803 807 807 807 807 809 809 809 809
    809 811 811 815 815 815 815 819 819 821 821 823 823 825 825 827 827
    829 829 831 831 831 833 833 833 835 837 837 837 841 843 0 0 0 0 0 0
    862 860 858 851 845 839 827 821 815 807 802 796 785 781 778 778 778
    778 780 781 783 783 783 783 785 785 787 789 789 790 792 792 792 792
    796 796 798 798 798 798 802 803 805 807 807 809 809 809 809 809 811
    811 813 815 815 815 815 819 819 821 823 823 825 825 825 827 829 829
    829 831 831 831 833 833 833 835 837 837 837 841 841 841 0 0 0 0 0
    862 860 858 854 845 833 827 823 815 807 802 798 785 780 778 778 778
    778 780 781 783 783 783 785 785 785 787 789 789 790 792 792 794 794
    796 798 798 798 798 798 802 802 805 807 809 809 809 809 809 811 811
    813 815 815 815 815 817 819 819 821 823 823 825 825 825 827 827 829
    829 831 831 831 833 833 833 833 837 837 837 841 841 841 0 0 0 0 0
    864 862 858 856 847 833 827 823 815 807 802 798 785 780 778 778 778
