<?xml version="1.0"?>
<opencv_storage>
<Depth19576 type_id="opencv-matrix">
  <rows>38</rows>
  <cols>40</cols>
  <dt>w</dt>
  <data>
    3692 3732 3732 3732 3732 3692 3692 3692 1421 1415 1404 1404 1392
    1392 1398 1415 1421 1410 1404 1404 3816 3816 3816 3732 3692 3692
    3732 3774 3816 3816 3816 3816 3816 3816 3816 3816 3816 3816 3816
    3816 3692 3732 3732 3732 3774 3774 3692 3692 1415 1415 1392 1392
    1392 1392 1398 1410 1415 1410 1404 1398 1392 1392 1392 3732 3692
    3692 3732 3859 3816 3816 3816 3816 3816 3816 3816 3816 3816 3859
    3859 3859 3692 3692 3732 3774 3774 1415 1415 1415 1410 1404 1392
    1387 1381 1381 1387 1410 1410 1398 1398 1398 1392 1392 1392 1392
    1392 3903 3903 3859 3816 3816 3816 3816 3816 3816 3816 3816 3816
    3859 3859 3859 3692 3692 3692 3692 3692 1415 1415 1410 1398 1392
    1359 1349 1338 1338 1387 1410 1410 1387 1387 1392 1392 1392 1381
    1381 1381 1381 1381 3948 3859 3816 3816 3816 3816 3816 3816 3816
    3816 3816 3859 3859 3653 3653 3653 3653 1415 1410 1410 1398 1387
    1365 1349 1338 1328 1322 1322 1322 1387 1387 1370 1370 1349 1343
    1343 1354 1354 1359 1343 1338 1338 3816 3816 3816 3816 3816 3816
    3816 3816 3816 3859 3816 3653 3653 3653 3653 1415 1415 1410 1398
    1381 1365 1343 1328 1297 1297 1322 1292 1288 1288 1288 1370 1333
    1328 1328 1328 1317 1317 1328 1333 1333 1333 1333 3816 3774 3774
    3816 3816 3816 3816 3859 3816 3653 3614 3614 3614 1415 1415 1410
    1398 1376 1365 1338 1312 1292 1264 1264 1250 1250 1250 1278 1278
    1328 1322 1317 1317 1312 1312 1312 1317 1322 1322 1322 3653 3653
    3653 3816 3816 3816 3816 3816 3816 3653 3614 3614 3614 1415 1410
    1404 1392 1376 1359 1333 1302 1288 1259 1232 1223 1223 1219 1210
    1206 1206 1206 1312 1307 1307 1292 1292 1307 1307 1307 1317 1322
    1328 3653 3859 3816 3816 3816 3816 3816 3653 3653 3653 1415 1415
    1410 1404 1392 1370 1349 1333 1302 1288 1259 1232 1219 1214 1214
    1210 1206 1206 1189 1189 1302 1288 1283 1283 1288 1292 1283 1283
    1322 1328 1328 3948 3903 3859 3816 3816 3816 3653 3653 3653 1421
    1421 1415 1398 1387 1359 1338 1328 1297 1273 1259 1232 1219 1214
    1210 1206 1202 1202 1189 1189 1197 1197 1202 1202 1236 1236 1236
    1236 1232 1232 1214 1214 3903 3859 3859 3859 3859 3653 3653 3653
    1415 1415 1404 1392 1381 1359 1338 1322 1292 1273 1259 1236 1219
    1210 1206 1202 1202 1202 1197 1197 1197 1197 1197 1202 1202 1206
    1210 1219 1214 1214 1210 1210 1210 1197 1197 1197 1197 3692 3692
    3692 1415 1415 1404 1392 1376 1354 1338 1322 1288 1273 1255 1255
    1214 1206 1202 1202 1202 1202 1202 1197 1197 1197 1197 1197 1197
    1202 1206 1206 1206 1206 1206 1206 1202 1197 1197 1197 1197 3692
    3692 3692 1421 1415 1398 1381 1370 1354 1338 1307 1283 1273 1250
    1223 1214 1206 1202 1202 1202 1202 1202 1202 1202 1197 1197 1197
    1197 1202 1202 1202 1202 1202 1202 1202 1202 1202 1197 1197 1197
    3692 3692 3692 1421 1415 1392 1381 1365 1349 1333 1288 1273 1268
    1241 1219 1214 1210 1202 1202 1202 1202 1202 1202 1202 1202 1202
    1202 1202 1202 1202 1202 1197 1197 1197 1202 1202 1202 1197 1193
    1193 3692 3692 3692 1421 1415 1387 1376 1365 1343 1333 1278 1273
    1264 1236 1219 1214 1206 1202 1202 1202 1202 1202 1202 1202 1202
    1202 1202 1202 1202 1202 1202 1197 1197 1197 1197 1197 1197 1193
    1193 1193 3732 3732 1439 1427 1415 1387 1370 1359 1343 1328 1278
    1268 1250 1232 1219 1214 1206 1202 1202 1202 1202 1202 1202 1202
    1202 1202 1197 1197 1202 1202 1202 1197 1197 1197 1197 1197 1197
    1193 1193 1193 3692 1433 1433 1421 1410 1387 1370 1354 1333 1322
    1273 1264 1241 1227 1214 1210 1202 1202 1202 1202 1202 1202 1202
    1202 1202 1202 1197 1197 1202 1202 1202 1197 1197 1197 1197 1193
    1193 1193 1193 1193 3732 1433 1433 1421 1410 1392 1376 1354 1333
    1322 1259 1255 1241 1227 1214 1206 1202 1202 1202 1202 1202 1202
    1197 1197 1197 1202 1197 1197 1197 1202 1202 1197 1197 1197 1193
    1193 1193 1193 1193 1193 3732 1427 1427 1415 1404 1392 1370 1349
    1328 1317 1255 1250 1236 1223 1206 1202 1202 1202 1202 1202 1202
    1202 1197 1197 1197 1197 1197 1197 1197 1197 1197 1202 1197 1197
    1193 1193 1193 1197 1193 1193 0 1427 1427 1410 1392 1387 1370 1343
    1322 1292 1255 1245 1236 1219 1202 1202 1197 1197 1202 1202 1202
    1197 1197 1197 1197 1197 1197 1197 1197 1197 1197 1197 1197 1193
    1193 1193 1193 1193 1197 1197 0 1392 1398 1398 1387 1381 1359 1338
    1317 1288 1259 1245 1236 1219 1202 1202 1197 1197 1197 1197 1202
    1197 1197 1197 1197 1197 1197 1197 1197 1197 1197 1197 1197 1193
    1193 1193 1193 1193 1197 1197 0 1392 1392 1392 1381 1376 1354 1333
    1317 1288 1255 1241 1232 1214 1202 1202 1197 1197 1197 1197 1202
    1197 1197 1197 1197 1197 1197 1197 1197 1197 1197 1197 1197 1193
    1193 1193 1193 1193 0 1193 0 0 1392 1392 1376 1370 1349 1328 1292
    1278 1255 1241 1232 1214 1202 1202 1197 1197 1197 1197 1197 1197
    1197 1197 1197 1197 1197 1197 1193 1193 1197 1193 1193 1193 1193
    1193 1193 1193 0 0 0 1392 1392 1387 1376 1370 1349 1328 1292 1273
    1264 1245 1232 1214 1206 1197 1197 1197 1197 1197 1197 1197 1197
    1197 1197 1197 1197 1197 1193 1193 1193 1193 1193 1193 1193 1193
    1193 1193 0 0 0 1392 1392 1387 1376 1365 1333 1312 1283 1273 1259
    1241 1227 1210 1202 1197 1193 1193 1193 1197 1197 1197 1197 1197
    1197 1193 1193 1193 1193 1193 1193 1193 1193 1193 1193 1193 1193
    1193 0 0 0 1387 1387 1387 1370 1349 1328 1292 1283 1273 1227 1219
    1210 1197 1193 1193 1193 1193 1193 1197 1197 1197 1197 1197 1197
    1193 1193 1193 1193 1193 1197 1197 1193 1193 1193 1193 1193 1197 0 0
    1404 1387 1387 1376 1365 1338 1328 1292 1283 1264 1219 1214 1206
    1197 1193 1193 1193 1193 1193 1197 1197 1197 1193 1193 1197 1193
    1193 1193 1197 1197 1197 1197 1193 1193 1193 1193 1193 1197 0 0 1404
    1404 1387 1370 1354 1338 1322 1288 1278 1264 1219 1210 1206 1202
    1193 1193 1193 1193 1193 1197 1197 1197 1193 1193 1197 1197 1197
    1197 1193 1193 1193 1193 1193 1193 1193 1197 1197 0 0 0 1398 1398
    1376 1365 1354 1338 1322 1288 1273 1250 1219 1210 1202 1202 1197
    1197 1197 1197 1197 1197 1193 1193 1193 1193 1193 1197 1197 1197
    1193 1193 1193 1193 1193 1193 1193 1197 1197 0 0 0 1398 1392 1376
    1365 1349 1343 1288 1278 1264 1241 1223 1214 1202 1202 1197 1197
    1197 1197 1197 1197 1193 1193 1193 1193 1193 1193 1193 1193 1193
    1193 1189 1189 1193 1193 1193 1197 1197 0 0 0 1398 1387 1376 1365
    1349 1343 1288 1278 1264 1236 1223 1206 1202 1197 1197 1193 1193
    1193 1193 1193 1193 1193 1193 1189 1189 1193 1193 1193 1193 1193
    1189 1189 1193 1193 1193 1193 1193 1193 0 0 1398 1376 1376 1370 1349
    1312 1283 1268 1259 1236 1223 1206 1197 1193 1193 1193 1193 1193
    1193 1193 1193 1193 1193 1185 1185 1193 1193 1193 1193 1193 1189
    1189 1189 1189 1189 1193 1193 0 0 0 1376 1376 1376 1365 1338 1312
    1283 1268 1255 1236 1219 1202 1197 1193 1193 1193 1193 1193 1193
    1193 1193 1193 1193 1185 1185 1193 1193 1193 1193 1193 1185 1185
    1189 1189 1189 1193 1193 0 0 0 1376 1376 1370 1354 1338 1292 1278
    1264 1250 1236 1210 1202 1197 1193 1193 1193 1193 1193 1193 1193
    1193 1193 1193 1189 1189 1193 1193 1193 1193 1193 1185 1185 1185
    1185 1189 1193 0 0 0 0 1376 1370 1370 1349 1322 1292 1273 1255 1245
    1232 1206 1197 1197 1193 1193 1193 1193 1193 1193 1193 1193 1189
    1189 1189 1189 1189 1189 1189 1193 1189 1185 1185 1185 1185 1189
    1193 0 0 0 0 1376 1370 1365 1349 1317 1283 1273 1255 1245 1232 1206
    1197 1197 1193 1193 1193 1193 1193 1193 1189 1189 1189 1189 1189
    1189 1189 1189 1189 1193 1189 1185 1185 1185 1189 1189 1193 0 0 0 0
    1381 1370 1359 1349 1312 1283 1278 1255 1241 1227 1202 1197 1193
    1193 1193 1193 1193 1193 1193 1189 1189 1189 1189 1189 1189 1189
    1189 1189 1189 1189 1185 1185 1189 1189 1189 1193 0 0 0 0 1381 1370
    1359 1333 1312 1283 1268 1250 1232 1214 1202 1193 1189 1189 1193
    1193 1193 1193 1189 1185 1185 1185 1189 1189 1189 1189 1189 1189
