<?xml version="1.0"?>
<opencv_storage>
<Depth5560 type_id="opencv-matrix">
  <rows>63</rows>
  <cols>44</cols>
  <dt>w</dt>
  <data>
    5132 5132 5056 5056 5056 1639 1632 1632 1632 1632 1632 1632 1624
    1624 1624 1632 1632 1632 4842 4774 4708 4645 1632 1632 4645 4645
    4582 4582 4522 4522 4522 4463 4463 4405 4405 4405 4405 4405 4349
    4349 4349 4295 4241 4241 5210 5210 5210 1632 1632 1632 1624 1624
    1624 1632 1632 1632 1624 1624 1624 1632 1632 1632 1632 1624 1624
    1632 1632 1632 1632 1632 1639 1632 1632 1616 1616 1624 1624 1616
    1616 4405 4405 4405 1632 1632 4349 4295 4241 4241 5210 5210 0 1632
    1632 1624 1624 1624 1624 1632 1632 1632 1624 1624 1624 1624 1632
    1632 1632 1624 1624 1632 1632 1632 1632 1632 1639 1632 1632 1616
    1616 1624 1624 1616 1616 1624 1624 1624 1632 1632 1632 1639 4241
    4241 5291 0 0 1624 1624 1624 1616 1616 1624 1624 1624 1624 1624 1624
    1624 1624 1624 1624 1632 1624 1624 1632 1632 1632 1632 1632 1632
    1632 1632 1632 1632 1632 1632 1624 1624 1624 1624 1624 1632 1632
    1632 1632 1632 4241 5291 0 0 1624 1624 1624 1616 1616 1624 1624 1624
    1624 1624 1624 1624 1624 1624 1624 1624 1624 1624 1632 1632 1624
    1624 1624 1632 1632 1632 1632 1632 1632 1632 1632 1632 1624 1624
    1632 1632 1632 1632 1632 1632 1632 5460 0 0 1624 1624 1616 1616 1616
    1616 1624 1624 1624 1624 1624 1624 1624 1624 1624 1624 1624 1624
    1624 1632 1624 1624 1624 1624 1624 1632 1632 1632 1632 1632 1632
    1632 1632 1632 1632 1632 1632 1632 1632 1632 1632 5460 5460 0 1624
    1624 1616 1616 1616 1616 1624 1624 1624 1624 1624 1624 1624 1624
    1624 1624 1624 1624 1624 1632 1624 1624 1624 1624 1624 1632 1632
    1632 1632 1632 1632 1632 1632 1632 1632 1632 1632 1632 1632 1632
    1632 5460 5460 0 1624 1624 1616 1616 1616 1616 1624 1624 1624 1624
    1624 1624 1624 1624 1624 1624 1624 1624 1624 1632 1624 1624 1616
    1616 1624 1624 1632 1632 1624 1624 1632 1632 1632 1632 1632 1632
    1632 1624 1624 1624 1624 5460 0 0 1616 1616 1616 1616 1616 1616 1624
    1624 1624 1624 1624 1624 1624 1624 1624 1624 1624 1624 1624 1624
    1624 1624 1616 1616 1624 1624 1624 1624 1624 1624 1632 1632 1624
    1624 1632 1632 1632 1624 1624 1624 1624 5210 0 0 1616 1616 1616 1616
    1616 1616 1624 1616 1616 1624 1616 1616 1624 1624 1624 1624 1624
    1624 1616 1616 1616 1616 1624 1624 1624 1624 1624 1624 1624 1624
    1624 1624 1624 1624 1632 1632 1632 1624 1624 1624 1624 5132 0 0 1609
    1609 1609 1609 1616 1616 1624 1616 1616 1624 1616 1616 1616 1616
    1616 1616 1624 1624 1616 1616 1616 1616 1624 1624 1624 1624 1624
    1624 1624 1624 1624 1624 1624 1624 1624 1624 1632 1624 1624 1624
    4190 5132 0 1609 1609 1609 1609 1609 1616 1616 1624 1624 1624 1624
    1616 1616 1616 1616 1616 1616 1624 1616 1616 1616 1616 1616 1624
    1632 1624 1624 1624 1616 1616 1624 1624 1624 1616 1616 1616 1616
    1624 1624 1624 1624 4139 5132 0 1616 1616 1616 1609 1609 1609 1609
    1616 1624 1624 1616 1609 1609 1616 1616 1616 1624 1616 1616 1616
    1616 1616 1616 1616 1624 1624 1624 1624 1616 1616 1624 1624 1624
    1616 1616 1616 1616 1616 1616 1624 1632 1632 0 0 0 1616 1616 1609
    1609 1609 1609 1609 1609 1609 1609 1609 1609 1616 1616 1616 1616
    1616 1609 1609 1616 1616 1616 1616 1616 1616 1616 1616 1616 1616
    1616 1616 1616 1616 1616 1616 1616 1616 1616 1624 1632 1632 0 0 0
    1624 1616 1609 1609 1609 1609 1609 1609 1609 1609 1609 1609 1616
    1616 1616 1616 1616 1609 1609 1616 1616 1616 1616 1616 1609 1609
    1616 1616 1616 1616 1616 1609 1609 1616 1616 1616 1616 1616 1616
    1624 1624 0 0 1616 1616 1616 1609 1609 1609 1609 1616 1616 1609 1609
    1609 1616 1616 1616 1616 1616 1609 1609 1616 1616 1616 1616 1616
    1616 1609 1609 1609 1609 1609 1616 1616 1609 1609 1616 1616 1616
    1616 1616 1616 1624 1624 0 0 1609 1609 1609 1609 1609 1609 1609 1616
    1609 1609 1609 1609 1609 1616 1616 1616 1616 1609 1609 1616 1616
    1616 1609 1609 1609 1609 1609 1609 1609 1609 1616 1616 1616 1616
    1616 1616 1616 1616 1616 1616 1624 1624 0 0 1601 1601 1601 1601 1601
    1609 1609 1609 1609 1609 1609 1609 1609 1609 1609 1609 1609 1609
    1609 1609 1609 1609 1609 1609 1609 1609 1616 1616 1609 1609 1616
    1616 1616 1609 1609 1609 1616 1616 1616 1624 1624 1624 0 0 1601 1601
    1601 1601 1601 1609 1609 1609 1609 1609 1609 1609 1609 1609 1609
    1609 1609 1609 1609 1609 1609 1609 1609 1609 1609 1609 1616 1616
    1609 1609 1609 1609 1609 1609 1609 1609 1609 1609 1616 1616 1624
    1624 0 0 1594 1594 1601 1601 1601 1601 1609 1609 1609 1609 1609 1609
    1609 1609 1609 1609 1609 1609 1609 1609 1609 1609 1609 1609 1609
    1609 1609 1616 1609 1609 1609 1609 1609 1609 1609 1609 1609 1609
    1616 1616 1616 1616 0 0 1594 1594 1594 1594 1601 1601 1601 1609 1609
    1609 1609 1609 1609 1609 1609 1609 1609 1609 1609 1609 1609 1609
    1609 1609 1609 1609 1609 1616 1609 1609 1609 1609 1609 1609 1609
    1609 1609 1609 1609 1609 1616 1616 0 0 1594 1594 1594 1594 1601 1601
    1601 1609 1609 1609 1609 1609 1609 1609 1601 1601 1609 1609 1609
    1609 1609 1609 1609 1609 1609 1609 1609 1609 1609 1609 1609 1609
    1609 1609 1609 1609 1609 1609 1609 1609 1616 1616 0 0 1594 1594 1594
    1594 1594 1601 1601 1609 1609 1601 1601 1601 1601 1609 1601 1601
    1609 1609 1609 1609 1609 1609 1609 1609 1609 1609 1609 1609 1609
    1609 1609 1609 1609 1609 1609 1609 1609 1609 1609 1609 1616 1616 0 0
    1594 1594 1594 1594 1594 1594 1601 1609 1609 1601 1601 1601 1601
    1601 1609 1609 1609 1609 1609 1609 1609 1609 1609 1609 1609 1609
    1609 1609 1609 1609 1609 1609 1609 1609 1609 1609 1609 1609 1609
    1609 1609 1609 0 0 1601 1601 1601 1594 1594 1594 1601 1601 1601 1601
    1601 1601 1601 1601 1609 1601 1601 1601 1601 1601 1601 1609 1609
    1601 1601 1601 1601 1609 1609 1609 1609 1609 1609 1609 1609 1609
    1609 1609 1609 1609 1609 1616 0 0 1601 1601 1601 1594 1594 1594 1594
    1601 1601 1601 1601 1601 1601 1601 1601 1601 1601 1601 1601 1601
    1601 1609 1609 1601 1601 1601 1601 1609 1609 1609 1609 1609 1609
    1609 1609 1609 1609 1609 1609 1609 1609 1616 0 1601 1601 1601 1601
    1594 1594 1594 1594 1601 1601 1601 1601 1601 1601 1601 1601 1601
    1601 1601 1601 1601 1601 1601 1609 1601 1601 1601 1601 1609 1609
    1609 1609 1609 1609 1609 1609 1609 1609 1609 1609 1609 1609 1609 0
    1601 1609 1609 1601 1594 1594 1594 1594 1601 1601 1601 1601 1601
    1601 1601 1601 1601 1601 1601 1601 1601 1601 1601 1601 1601 1601
    1601 1601 1601 1601 1609 1609 1609 1609 1609 1609 1609 1609 1609
    1609 1609 1609 1609 0 1601 1601 1601 1601 1594 1594 1594 1594 1601
    1601 1601 1601 1601 1601 1601 1601 1601 1601 1601 1601 1601 1601
    1601 1601 1601 1601 1601 1601 1601 1601 1609 1609 1609 1609 1609
    1609 1601 1601 1601 1609 1601 1601 1609 1594 1601 1601 1601 1594
    1594 1594 1594 1594 1601 1601 1601 1601 1601 1601 1601 1594 1594
    1594 1601 1601 1601 1601 1601 1601 1601 1601 1601 1601 1601 1601
    1601 1601 1601 1601 1601 1601 1601 1601 1601 1601 1601 1601 1601
    1594 1594 1594 1594 1594 1594 1594 1594 1594 1594 1594 1594 1601
    1601 1594 1594 1594 1594 1594 1601 1601 1601 1601 1601 1601 1601
    1601 1601 1601 1601 1601 1601 1601 1601 1601 1601 1601 1601 1601
    1601 1601 1601 1601 1601 1594 1594 1594 1594 1594 1586 1586 1586
    1586 1594 1594 1594 1594 1594 1594 1594 1594 1594 1594 1601 1601
    1601 1601 1601 1601 1601 1601 1601 1601 1601 1601 1601 1601 1601
    1601 1601 1601 1601 1601 1601 1601 1601 1601 1601 1601 1601 1594
    1594 1594 1579 1579 1579 1579 1586 1594 1594 1594 1594 1594 1594
    1594 1594 1594 1601 1601 1594 1594 1594 1594 1594 1601 1601 1601
    1601 1601 1601 1594 1594 1601 1601 1601 1601 1601 1601 1601 1601
    1601 1601 1601 1601 1594 1586 1586 1579 1579 1579 1579 1579 1594
    1594 1586 1586 1586 1586 1586 1594 1594 1594 1594 1594 1594 1594
    1594 1594 1594 1594 1594 1601 1601 1601 1594 1594 1601 1601 1601
    1601 1601 1601 1601 1601 1601 1601 1601 1601 1594 1586 1586 1579
