<?xml version="1.0"?>
<opencv_storage>
<Depth13538 type_id="opencv-matrix">
  <rows>37</rows>
  <cols>19</cols>
  <dt>w</dt>
  <data>
    2618 2618 2618 2618 2618 2639 2639 2659 2618 2618 2598 2598 2598
    6889 6753 6753 6889 6753 6753 2618 2618 2618 2618 2618 2618 2618
    2618 2618 2618 2598 2598 2618 2659 2680 2701 2723 6753 6753 2639
    2618 2618 2618 2618 2618 2618 2618 2618 2618 2598 2598 2618 2659
    2680 2701 2723 2723 6753 2639 2639 2639 2618 2618 2618 2618 2618
    2618 2618 2618 2618 2639 2680 2680 2701 2723 2812 2835 2618 2618
    2639 2639 2618 2618 2618 2618 2618 2618 2618 2639 2639 2680 2701
    2723 2767 2812 2812 2618 2618 2639 2639 2639 2639 2618 2618 2618
    2618 2618 2618 2639 2680 2701 2723 2767 2789 2812 2618 2618 2639
    2639 2639 2639 2618 2598 2598 2598 2598 2618 2639 2680 2701 2723
    2744 2789 2789 2639 2639 2639 2639 2618 2618 2618 2598 2598 2598
    2598 2618 2618 2659 2701 2723 2744 2789 2789 2639 2639 2639 2639
    2618 2618 2618 2598 2598 2598 2598 2618 2618 2659 2701 2723 2744
    2789 2812 2639 2639 2639 2639 2618 2618 2598 2598 2598 2598 2598
    2618 2618 2639 2680 2723 2744 2767 2789 2639 2639 2639 2639 2618
    2618 2598 2598 2598 2618 2618 2618 2639 2639 2680 2701 2744 2767
    2789 2639 2639 2639 2618 2618 2618 2598 2598 2618 2618 2618 2618
    2639 2639 2680 2701 2767 2789 2812 2639 2639 2618 2618 2618 2618
    2618 2618 2618 2618 2618 2618 2639 2639 2659 2701 2767 2789 2812
    2618 2618 2618 2618 2618 2618 2618 2618 2618 2618 2618 2618 2639
    2639 2659 2701 2767 2789 2789 2618 2618 2618 2618 2618 2618 2618
    2618 2618 2618 2618 2618 2639 2659 2680 2701 2744 2789 2789 2618
    2618 2618 2618 2618 2618 2618 2618 2618 2618 2618 2618 2639 2639
    2659 2701 2744 2789 2789 2639 2639 2618 2618 2618 2618 2618 2598
    2598 2598 2598 2618 2639 2639 2659 2701 2744 2767 2789 2659 2639
    2639 2618 2618 2618 2618 2598 2598 2598 2598 2618 2639 2639 2659
    2680 2744 2767 2767 2659 2639 2639 2618 2618 2618 2618 2598 2598
    2598 2598 2618 2618 2639 2659 2680 2744 2767 2767 2659 2639 2639
    2618 2618 2618 2618 2598 2598 2598 2598 2618 2618 2639 2659 2680
    2723 2767 2744 2639 2639 2639 2618 2618 2618 2618 2618 2618 2598
    2598 2618 2618 2639 2659 2701 2723 2744 2744 2639 2639 2639 2618
    2618 2618 2618 2618 2618 2598 2598 2618 2618 2639 2680 2701 2723
    2744 2767 2639 2639 2639 2618 2618 2618 2618 2598 2598 2598 2598
    2618 2618 2639 2680 2701 2723 2767 2789 2639 2639 2639 2618 2618
    2618 2618 2598 2598 2598 2598 2618 2618 2639 2680 2701 2723 2767
    2789 6889 2639 2639 2618 2618 2618 2618 2598 2598 2598 2598 2618
    2618 2639 2659 2701 2744 2767 2789 6889 2639 2639 2618 2618 2618
    2618 2598 2598 2598 2598 2618 2618 2639 2659 2701 2723 2767 2789
    7030 2639 2618 2618 2618 2618 2618 2618 2598 2598 2598 2618 2618
    2639 2659 2701 2723 2744 2767 7030 2639 2618 2618 2618 2618 2618
    2618 2618 2598 2598 2618 2618 2639 2659 2701 2701 2744 2744 7030
    2639 2618 2618 2618 2618 2618 2618 2618 2598 2598 2618 2618 2639
    2659 2701 2701 2744 2744 7030 2639 2618 2618 2618 2618 2618 2618
    2618 2598 2598 2618 2618 2639 2659 2680 2701 2744 2744 7030 2639
    2618 2618 2618 2618 2598 2598 2598 2598 2598 2618 2618 2639 2659
    2680 2701 2744 2767 2639 2639 2618 2618 2618 2618 2598 2598 2598
    2598 2598 2598 2618 2618 2659 2680 2701 2744 2789 2618 2618 2618
    2618 2618 2618 2598 2598 2598 2598 2598 2598 2618 2618 2659 2680
    2701 2744 2789 2618 2618 2618 2618 2618 2618 2598 2598 2598 2598
    2598 2598 2598 2618 2639 2701 2723 2744 2744 2639 2639 2618 2618
    2618 2618 2618 2618 2598 2598 2598 2598 2598 2618 2639 2701 2701
    2723 2723 7030 2639 2618 2618 2618 2618 2618 2618 2618 2598 2598
    2598 2598 2618 2639 2701 2701 2723 2723 6889 2639 2639 2618 2618
    2639 2618 2618 2618 2598 2598 2598 2618 2659 2659 2723 6753 6753
    6889</data></Depth13538>
</opencv_storage>
