<?xml version="1.0"?>
<opencv_storage>
<Depth8993 type_id="opencv-matrix">
  <rows>35</rows>
  <cols>11</cols>
  <dt>w</dt>
  <data>
    0 3692 3692 3653 3653 3653 3653 3653 3653 7492 7492 3774 3692 3653
    3653 3653 3653 3653 3653 3653 3653 7660 3774 3653 3614 3614 3614
    3614 3653 3653 3614 3614 7660 3732 3653 3614 3614 3614 3614 3653
    3653 3614 3614 3614 3732 3653 3653 3653 3653 3653 3614 3614 3614
    3614 3614 3774 3653 3653 3653 3653 3653 3614 3614 3614 3503 3503
    3774 3692 3653 3653 3653 3653 3614 3614 3614 3503 3503 3732 3653
    3653 3653 3653 3653 3653 3614 3614 3576 3576 3732 3653 3653 3653
    3653 3653 3653 3614 3614 3614 7660 3732 3653 3653 3653 3653 3653
    3653 3614 3614 3614 7835 3732 3653 3653 3653 3653 3653 3653 3614
    3614 3614 8019 3732 3653 3653 3653 3653 3653 3653 3653 3653 8019
    7835 3732 3653 3653 3653 3653 3653 3653 3653 3653 3653 7660 3732
    3692 3653 3653 3653 3653 3653 3653 3653 3653 7492 3732 3692 3653
    3653 3653 3653 3653 3653 3653 3653 7332 3692 3692 3653 3653 3653
    3653 3653 3653 3653 3653 3774 3692 3653 3653 3653 3653 3653 3653
    3653 3653 3653 3732 3692 3653 3653 3653 3653 3653 3653 3653 3653
    3692 3732 3692 3692 3653 3653 3653 3653 3653 3653 3653 3653 3653
    3732 3692 3653 3653 3653 3653 3653 3614 3614 3653 3653 3732 3692
    3653 3653 3653 3653 3653 3614 3614 3653 3774 3692 3692 3653 3653
    3653 3653 3653 3653 3653 3692 3732 3692 3692 3653 3653 3653 3653
    3653 3653 3653 3692 3692 3653 3653 3653 3653 3653 3653 3653 3653
    3653 3653 3653 3653 3653 3653 3653 3653 3653 3653 3653 3653 3653
    3653 3692 3653 3653 3653 3653 3653 3653 3653 3653 3614 3614 3692
    3653 3653 3614 3614 3653 3692 3692 3653 3614 3614 0 3653 3653 3614
    3614 3692 3692 3732 3692 3614 3614 0 3774 3692 3692 3692 3774 3774
    3774 3732 3732 3732 0 0 3816 3816 3816 3816 3774 3774 3774 0 0 3859
    3816 3816 3816 3816 3816 3774 3774 0 0 0 3774 3774 3774 3774 3774
    3774 3774 3732 3732 0 0 3774 3774 3774 3774 3774 3774 3774 3732 3732
    3732 3732 3732 3732 3732 3732 3732 3732 3774 3774 3732 3692 3692
    3732 3732 3732 3732 3732 3732 3774 3774 3732 3692 3692</data></Depth8993>
</opencv_storage>
