<?xml version="1.0"?>
<opencv_storage>
<Depth0373 type_id="opencv-matrix">
  <rows>10</rows>
  <cols>12</cols>
  <dt>w</dt>
  <data>
    4582 4582 4582 4645 4582 4582 4582 6146 6146 6259 6259 6259 0 0 4645
    4645 4645 4645 6259 6259 6259 6375 6375 6375 0 0 0 6259 6259 6259
    6375 6375 6375 6375 6375 6375 0 0 6375 6259 6259 6259 6259 6375 6375
    6497 6497 6497 0 0 6259 6259 6259 6259 6259 6375 6375 6375 6622 6622
    0 6259 6259 6259 6259 6259 6375 6497 6375 6375 6622 6753 6259 6259
    6259 6259 6259 6259 6375 6497 6622 6622 6622 6622 6259 6259 6146
    6146 6259 6375 6497 6622 6753 6753 6622 6622 6259 6259 6146 6146
    6259 6889 6889 6889 6753 6753 6753 6753 6375 6259 6146 6146 6259
    6889 7030 7030 6889 6889 6753 6753</data></Depth0373>
</opencv_storage>
