<?xml version="1.0"?>
<opencv_storage>
<Depth7035 type_id="opencv-matrix">
  <rows>38</rows>
  <cols>47</cols>
  <dt>w</dt>
  <data>
    4842 4774 4774 4774 4774 2143 2143 2143 2143 2143 2143 2143 2156
    2156 2156 4708 4708 4708 4708 4645 4645 4645 4645 4645 4645 4645
    4645 4582 4582 4582 4582 4582 4522 4522 4522 4522 4522 4463 4463
    4463 4463 4463 4463 4463 4522 4522 4522 4842 4842 4842 4842 2170
    2143 2143 2143 2143 2143 2143 2143 2143 2143 2156 2156 2156 4708
    4708 4708 4708 4708 4645 4645 4645 4645 4645 4582 4582 4582 4582
    4582 4522 4522 4522 4463 4463 4463 4463 4463 4463 4463 4463 4463
    4522 4522 4522 4842 4842 4842 4842 2170 2170 2156 2156 2143 2129
    2129 2129 2143 2143 2156 2143 2143 2143 4774 4708 4708 4708 4708
    4645 4645 4645 4645 4645 4582 4582 4582 4582 4522 4522 4463 4463
    4463 4463 4463 4463 4463 4463 4463 4463 4522 4522 4522 4842 4842
    4842 2129 2156 2156 2156 2156 2143 2129 2129 2129 2143 2143 2156
    2143 2143 2129 2129 2129 4708 4708 4708 4645 4645 4645 4645 4645
    4645 4582 4582 4582 4522 4522 4463 4463 4463 4463 4463 4522 4522
    4463 4463 4522 4522 4522 4522 4842 4842 2129 2129 2129 2129 2143
    2143 2143 2129 2129 2129 2129 2143 2143 2129 2129 2129 2129 2129
    2129 2143 2143 2129 2129 4645 4645 4645 4645 4645 4645 4645 4582
    4582 4582 4522 4522 4522 4522 4522 4522 4522 4522 4522 4522 4522
    4522 4842 2129 2116 2116 2129 2129 2129 2129 2129 2129 2129 2129
    2129 2129 2129 2129 2129 2129 2129 2129 2129 2129 2129 2116 2116
    2116 2116 2129 4645 4645 4645 4645 4582 4582 4582 4582 4582 4582
    4582 4582 4582 4522 4522 4522 4522 4522 4522 4911 2129 2116 2116
    2116 2116 2116 2116 2129 2129 2129 2129 2129 2129 2129 2129 2129
    2129 2129 2129 2129 2129 2129 2116 2116 2116 2116 2116 2116 2129
    2116 2116 4645 4645 4645 4582 4582 4522 4522 4582 4582 4522 4522
    4522 4522 4522 4522 2129 2129 2116 2116 2116 2116 2116 2116 2116
    2116 2116 2116 2116 2116 2116 2116 2116 2116 2116 2116 2116 2116
    2116 2116 2116 2116 2116 2116 2116 2116 2116 2116 2116 2103 2103
    4582 4522 4522 4463 4463 4582 4463 4463 4522 4522 4522 4522 2129
    2129 2129 2116 2116 2116 2116 2116 2116 2116 2116 2116 2116 2103
    2090 2090 2103 2103 2103 2116 2116 2116 2116 2116 2116 2116 2116
    2116 2116 2116 2116 2116 2116 2103 2103 2103 2103 2103 2116 2116
    4582 4463 4463 4522 4522 4522 4522 2143 2143 2129 2129 2129 2129
    2129 2116 2116 2116 2116 2103 2103 2103 2090 2090 2090 2090 2103
    2103 2103 2090 2090 2090 2090 2103 2116 2116 2103 2103 2103 2116
    2116 2103 2103 2103 2103 2103 2103 2103 2103 4522 4522 4522 4522
    4522 4522 2156 2156 2143 2143 2129 2129 2129 2129 2116 2116 2116
    2103 2103 2103 2103 2103 2090 2090 2090 2090 2090 2078 2078 2078
    2078 2090 2103 2103 2090 2090 2090 2090 2103 2103 2103 2103 2103
    2103 2103 2103 2103 2103 2078 2078 4522 4522 4522 2143 2143 2143
    2156 2143 2143 2129 2129 2116 2116 2116 2116 2116 2116 2116 2103
    2103 2090 2090 2090 2090 2078 2078 2078 2078 2078 2090 2090 2090
    2078 2078 2078 2078 2090 2090 2090 2078 2078 2090 2090 2090 2103
    2078 2078 2078 2078 2078 2143 2143 2143 2156 2156 2156 2143 2143
    2129 2129 2116 2116 2116 2116 2116 2103 2103 2103 2103 2090 2090
    2078 2078 2078 2078 2078 2078 2078 2078 2078 2078 2078 2078 2078
    2078 2078 2078 2078 2078 2078 2078 2090 2078 2078 2078 2078 2078
    4983 2170 2170 2170 2156 2156 2156 2143 2129 2129 2129 2129 2116
    2116 2116 2116 2116 2103 2103 2103 2090 2090 2090 2078 2078 2078
    2078 2078 2078 2078 2078 2078 2078 2078 2078 2078 2065 2065 2065
    2078 2078 2078 2078 2065 2065 2065 2065 2212 2170 2170 2170 2156
    2156 2170 2156 2143 2129 2129 2129 2129 2129 2129 2116 2116 2116
    2116 2103 2090 2090 2090 2078 2078 2078 2078 2078 2078 2078 2078
    2065 2065 2065 2065 2065 2065 2065 2065 2065 2065 2078 2078 2065
    2065 2065 2065 2212 2212 2184 2184 2170 2170 2170 2170 2143 2143
    2129 2129 2129 2129 2129 2129 2129 2129 2116 2116 2103 2090 2090
    2078 2078 2078 2078 2078 2078 2078 2078 2065 2065 2065 2065 2065
    2065 2040 2040 2053 2065 2078 2065 2065 2053 2053 2065 2212 2212
    2212 2198 2184 2170 2170 2170 2156 2143 2143 2143 2129 2129 2143
    2129 2129 2129 2129 2116 2116 2103 2103 2078 2078 2078 2078 2078
    2078 2078 2078 2065 2065 2065 2065 2065 2053 2040 2040 2053 2053
    2078 2065 2065 2053 2053 2053 2212 2212 2212 2212 2198 2184 2184
    2170 2170 2156 2156 2143 2143 2143 2143 2143 2129 2129 2129 2116
    2116 2116 2103 2090 2078 2078 2078 2078 2078 2078 2078 2065 2065
    2065 2053 2053 2053 2053 2053 2053 2053 2065 2065 2065 2065 2065
    2065 2212 2212 2226 2212 2212 2212 2184 2170 2170 2156 2156 2170
    2170 2156 2156 2156 2143 2143 2129 2129 2116 2116 2116 2103 2090
    2090 2090 2090 2090 2078 2078 2078 2065 2065 2053 2053 2053 2053
    2053 2053 2053 2065 2053 2053 2053 2065 2065 2226 2226 2226 2226
    2212 2212 2184 2184 2184 2184 2184 2184 2170 2170 2156 2156 2143
    2143 2143 2129 2129 2116 2116 2116 2103 2103 2103 2090 2090 2090
    2090 2078 2078 2065 2065 2065 2053 2053 2065 2053 2053 2065 2053
    2053 2053 2053 0 2241 2241 2241 2226 2226 2226 2198 2198 2184 2184
    2184 2184 2184 2170 2170 2170 2156 2156 2143 2143 2143 2129 2116
    2116 2116 2116 2116 2103 2103 2103 2090 2090 2078 2078 2078 2078
    2065 2065 2065 2053 2053 2053 2040 2040 2040 2053 0 2256 2256 2241
    2226 2226 2226 2212 2212 2198 2198 2198 2184 2184 2184 2170 2170
    2170 2170 2170 2156 2156 2143 2129 2129 2116 2116 2116 2116 2116
    2103 2103 2103 2090 2090 2078 2078 2065 2065 2065 2065 2065 2053
    2040 2040 2040 0 0 2271 2271 2271 2241 2241 2241 2226 2226 2212 2212
    2212 2198 2198 2184 2184 2170 2170 2170 2170 2170 2170 2156 2156
    2143 2129 2129 2129 2116 2116 2116 2103 2103 2090 2090 2090 2090
    2078 2078 2065 2065 2065 2065 2040 2040 0 0 0 2271 2271 2271 2256
    2241 2241 2226 2226 2226 2226 2212 2212 2198 2184 2184 2184 2184
    2170 2170 2170 2170 2170 2156 2156 2156 2143 2129 2129 2129 2116
    2116 2116 2103 2103 2103 2090 2078 2078 2078 2078 2078 2065 2065
    2078 0 0 0 2286 2286 2286 2256 2256 2241 2226 2226 2226 2226 2226
    2226 2212 2198 2198 2184 2184 2184 2184 2184 2170 2170 2170 2170
    2170 2156 2143 2129 2129 2116 2116 2116 2116 2116 2103 2103 2090
    2090 2078 2078 2078 2078 2078 2090 0 0 0 2286 2286 2286 2271 2271
    2271 2256 2241 2241 2241 2241 2226 2226 2212 2198 2198 2184 2184
    2184 2184 2184 2170 2170 2170 2170 2170 2156 2143 2129 2129 2129
    2129 2129 2129 2116 2103 2090 2090 2090 2090 2090 2090 2090 2090 0 0
    0 5056 2301 2301 2286 2286 2286 2271 2256 2241 2241 2241 2241 2241
    2241 2226 2212 2198 2198 2198 2198 2184 2170 2170 2170 2170 2170
    2156 2156 2143 2129 2129 2129 2129 2129 2116 2116 2103 2103 2090
    2090 2090 2090 2090 2090 0 0 0 5056 2317 2317 2301 2286 2286 2286
    2271 2256 2256 2256 2241 2241 2241 2226 2226 2226 2226 2226 2212
    2212 2184 2184 2184 2170 2170 2170 2170 2156 2143 2129 2129 2129
    2129 2116 2116 2116 2103 2103 2103 2103 2103 2103 2116 2116 0 0 5132
    2349 2333 2286 2286 2286 2286 2286 2286 2271 2271 2256 2256 2241
    2241 2241 2226 2226 2226 2226 2212 2198 2184 2184 2184 2184 2170
    2170 2156 2156 2143 2129 2129 2129 2116 2116 2116 2116 2116 2116
    2116 2116 2116 2116 2116 0 0 5210 5210 5210 2286 2286 2286 2286 2286
    2286 2271 2271 2256 2256 2256 2256 2241 2241 2226 2226 2226 2226
    2212 2198 2198 2184 2184 2184 2184 2184 2184 2170 2170 2129 2129
    2129 2116 2116 2116 2116 2129 2129 2129 2116 2116 2143 0 0 5210 5210
    5210 5210 5210 5210 5210 5210 5210 2286 2286 2271 2256 2256 2256
    2256 2241 2241 2241 2241 2226 2226 2212 2198 2198 2198 2198 2184
    2184 2184 2184 2184 2170 2156 2156 2143 2129 2129 2129 2129 2129
    2129 2116 2116 2143 2143 2170 5291 5210 5210 5210 5291 5291 5291
    5291 5291 5210 5210 5210 2256 2256 2256 2256 2256 2241 2241 2241
    2226 2226 2226 2226 2212 2212 2212 2198 2198 2198 2184 2184 2170
