<?xml version="1.0"?>
<opencv_storage>
<Depth15636 type_id="opencv-matrix">
  <rows>31</rows>
  <cols>39</cols>
  <dt>w</dt>
  <data>
    2579 2579 2598 2598 2522 2522 2522 2560 2560 2618 2618 2618 2639
    2639 2639 2639 2680 4842 4774 4774 4774 4774 4774 4774 4774 4774
    4774 4774 4774 4774 4774 4774 4774 4774 4774 3614 3576 3576 3576
    2522 2522 2522 2522 2467 2467 2467 2560 2560 2560 2560 2579 2598
    2618 2618 2639 2639 2639 4842 4774 4774 4774 4774 4774 4774 4774
    4774 4774 4774 4774 4774 4774 4774 4774 4774 4774 3576 3576 3576 0 0
    2450 2450 2450 2450 2450 2450 2541 2541 2541 2541 2560 2579 2598
    2618 2618 2639 2659 2659 4774 4774 4774 4774 4774 4774 4774 4774
    4774 4774 4774 4774 4774 4774 4774 4774 3576 3576 3614 0 2450 2432
    2432 2432 2450 2450 2450 2503 2503 2522 2522 2541 2560 2579 2598
    2618 2639 2639 2639 2659 4842 4842 4774 4774 4774 4774 4774 4774
    4774 4774 4774 4774 4842 4774 4774 4774 3614 3614 0 2450 2450 2432
    2432 2450 2450 2467 2467 2485 2503 2503 2522 2522 2560 2579 2598
    2618 2618 2618 2639 2639 2659 4842 4842 4842 4842 4774 4774 4774
    4774 4774 4774 4842 4842 4842 4842 4842 3614 0 0 2450 2450 2450 2450
    2450 2467 2467 2467 2485 2485 2522 2522 2522 2560 2579 2598 2598
    2618 2639 2639 2659 2659 2659 4842 4774 4774 4774 4774 4774 4774
    4774 4842 4842 4842 4842 4842 4842 2467 2467 2467 2467 2467 2467
    2467 2467 2467 2467 2467 2467 2503 2485 2485 2522 2522 2541 2560
    2579 2598 2618 2639 2639 2659 2659 4774 4774 4774 4774 4774 4774
    4774 4842 4842 4842 4842 4842 4842 2467 2467 2450 2450 2467 2467
    2467 2467 2467 2467 2467 2467 2485 2485 2485 2503 2503 2522 2522
    2541 2560 2579 2618 2639 2659 2659 2680 2680 4774 4842 4842 4842
    4842 4842 4842 4842 4842 4842 4842 2467 2467 2450 2450 2467 2467
    2467 2467 2467 2467 2467 2467 2485 2467 2467 2485 2485 2503 2522
    2522 2541 2541 2579 2618 2618 2639 2659 2659 2659 2659 2659 4774
    4774 4911 4842 4842 4842 4842 4842 2450 2450 2450 2450 2467 2467
    2467 2467 2467 2467 2467 2467 2485 2467 2467 2467 2485 2503 2503
    2522 2522 2541 2560 2598 2598 2618 2639 2659 2659 2659 2659 2659
    4774 4842 4842 4842 4842 4842 4842 2450 2450 2450 2450 2467 2467
    2467 2467 2467 2467 2467 2467 2467 2467 2467 2467 2467 2485 2503
    2503 2503 2522 2541 2560 2579 2598 2598 2618 2639 2639 2659 2659
    2680 4842 4842 4911 4911 4911 4911 2450 2450 2467 2467 2467 2467
    2467 2467 2467 2467 2467 2467 2467 2467 2467 2467 2467 2485 2485
    2485 2485 2503 2522 2541 2541 2560 2579 2598 2598 2618 2639 2639
    2680 2701 2701 4911 4911 4911 4911 2450 2450 2467 2467 2467 2467
    2467 2467 2467 2467 2467 2467 2467 2467 2467 2467 2467 2485 2485
    2485 2485 2503 2522 2522 2522 2541 2541 2560 2579 2598 2618 2618
    2659 2680 2701 2701 2701 4911 4911 2450 2450 2467 2467 2467 2467
    2467 2467 2467 2467 2467 2467 2467 2467 2467 2467 2467 2485 2485
    2485 2485 2485 2485 2503 2503 2522 2522 2541 2560 2579 2579 2598
    2639 2659 2680 2680 2680 4911 4842 2450 2450 2467 2467 2467 2467
    2467 2467 2467 2467 2467 2467 2467 2467 2467 2467 2467 2485 2485
    2485 2485 2485 2485 2485 2485 2485 2503 2522 2541 2541 2560 2560
    2598 2618 2639 2659 2659 2659 2659 2467 2467 2467 2398 2398 2467
    2485 2485 2485 2485 2485 2467 2467 2485 2485 2485 2485 2485 2485
    2485 2485 2485 2485 2485 2485 2485 2485 2503 2522 2522 2541 2541
    2579 2579 2598 2639 2639 2659 2659 4983 4983 2398 2398 2398 2467
    2485 2485 2485 2485 2485 2485 2485 2503 2485 2485 2485 2485 2485
    2485 2485 2485 2485 2485 2467 2467 2485 2485 2503 2522 2522 2522
    2541 2560 2560 2579 2598 2618 2639 4983 4983 2398 2398 2398 2467
    2485 2485 2485 2485 2485 2503 2503 2503 2503 2503 2503 2503 2503
    2503 2503 2503 2485 2485 2467 2467 2467 2467 2467 2485 2503 2503
    2541 2541 2541 2560 2560 2579 2639 4983 4983 4983 4983 4983 4983
    4983 4983 2503 2485 2485 2485 2485 2485 2503 2503 2503 2503 2503
    2503 2503 2503 2485 2485 2467 2467 2467 2467 2467 2485 2503 2503
    2522 2522 2522 2541 2560 2579 2639 4983 4983 4983 4983 4983 4983
    4983 4983 4983 2485 2485 2485 2485 2485 2503 2503 2503 2503 2503
    2503 2503 2503 2503 2503 2485 2485 2485 2467 2467 2485 2503 2503
    2522 2522 2522 2541 2541 2541 2639 4983 4983 4983 4983 4983 4983
    4983 4983 4983 4911 2485 2485 2467 2467 2485 2503 2503 2522 2503
    2503 2503 2485 2485 2503 2485 2485 2485 2467 2467 2485 2485 2485
    2503 2503 2522 2522 2541 2541 2639 4983 4983 5056 5056 5056 5056
    4983 4983 4983 4911 4911 4983 2467 2467 2485 2503 2522 2522 2503
    2503 2503 2485 2485 2503 2503 2503 2485 2485 2485 2485 2485 2485
    2485 2503 2522 2503 2503 2503 2503 4983 5056 5056 5056 5056 5056
    4983 4983 4983 4983 4983 4983 5056 5056 4983 2541 2541 2522 2522
    2503 2503 2485 2485 2485 2485 2485 2503 2503 2485 2485 2485 2485
    2485 2503 2503 2503 2503 2503 2503 4983 5056 5056 5056 5056 5056
    4983 4983 4983 4983 4983 4983 5056 5056 5056 4983 2560 2541 2522
    2503 2503 2485 2485 2485 2485 2485 2503 2503 2485 2485 2485 2485
    2485 2503 2503 2503 2503 2503 2503 5056 5056 5056 5056 5056 5056
    5056 5056 5056 5056 5056 5056 5056 5056 5056 5056 5056 4983 2522
    2522 2522 2485 2485 2503 2503 2503 2503 2503 2485 2485 2485 2485
    2503 2503 2503 2503 2503 2503 2503 5056 5056 5056 5056 5056 5056
    5056 5056 5056 5056 5056 5056 5056 5056 5056 5056 5056 4983 4983
    4983 2522 2503 2503 2503 2503 2503 2503 2503 2485 2485 2485 2485
    2503 2503 2522 2503 2503 2503 5132 5056 5056 5056 5056 5056 5056
    5056 5056 5056 5056 5056 5056 5056 5056 5056 5056 5056 5056 4983
    4983 4983 4911 2522 2522 2522 2522 2522 2503 2485 2485 2485 2485
    2503 2522 2522 2522 2522 5210 5132 5056 5056 5056 5056 5056 5056
    5056 5056 5056 5056 5056 5056 5056 5056 5056 5056 5056 5056 5056
    4983 4983 4911 4911 2541 2541 2541 2503 2503 2503 2485 2485 2485
    2522 2522 2522 2522 2522 5132 5132 5056 5056 5056 5056 5056 5056
    5056 5056 5056 5056 5056 5056 5056 5056 5056 5056 5056 5056 5056
    5056 4983 4983 4983 4983 2560 2541 2503 2485 2485 2485 2485 2503
    2522 2522 2522 2522 5132 5132 5056 5132 5132 5056 5056 5056 5056
    5056 5056 5056 5056 5056 5056 5056 5056 5056 5056 5056 5056 5056
    5056 5056 4983 4983 4983 4983 5056 5056 2485 2485 2485 2485 2503
    2522 2522 2541 2541 5132 5132 5056 5132 5132 5132 5056 5056 5056
    5056 5056 5056 5056 5056 5056 5056 5056 5056 5056 5056 5056 5056
    5056 5056 4983 4983 4983 4983 5056 5056 5056 4983 2503 2485 2485
    2522 2522 2541 2541 4983 4983 4983</data></Depth15636>
</opencv_storage>
