<?xml version="1.0"?>
<opencv_storage>
<Depth13334 type_id="opencv-matrix">
  <rows>7</rows>
  <cols>27</cols>
  <dt>w</dt>
  <data>
    4911 5056 5056 5132 5132 5210 5210 5210 5291 5291 5291 5291 5374
    5548 5640 5548 5460 5460 5460 5460 5460 5210 5210 5460 5460 5460
    6375 4983 5056 5056 5132 5132 5210 5210 5210 5291 5291 5291 5291
    5374 5374 5374 5374 5374 5374 5374 5374 5374 5210 5210 5374 5374
    5374 5460 4911 5132 5132 5132 5132 5210 5210 5291 5291 5291 5291
    5291 5374 5374 5374 5374 5374 5374 5374 5374 5374 5374 5374 5374
    5374 5374 5374 4911 5132 5132 5210 5210 5210 5291 5210 5210 5291
    5291 5374 5374 5374 5374 5460 5460 5374 5374 5374 5374 5374 5374
    5460 5374 5374 5374 5291 5291 5291 5210 5210 5210 5210 5210 5210
    5291 5291 5374 5374 5374 5374 5374 5374 5374 5374 5374 5374 5460
    5460 5460 5460 5460 5374 5374 5291 5291 5210 5056 5056 5132 5132
    5132 5374 5374 5374 5374 5374 5374 5374 5291 5291 5291 5374 5374
    5460 5374 5374 5374 5460 5460 5291 5291 5291 5291 4983 4983 5056
    5132 5132 5460 5460 5374 5374 5374 5374 5374 5291 5291 5291 5291
    5291 5374 5374 5374 5374 0 0</data></Depth13334>
</opencv_storage>
