<?xml version="1.0"?>
<opencv_storage>
<Depth0094 type_id="opencv-matrix">
  <rows>16</rows>
  <cols>10</cols>
  <dt>w</dt>
  <data>
    0 0 4983 4983 4983 4983 4983 4983 4983 4911 0 4911 4911 4983 4983
    4983 4983 4911 4911 4911 4842 4842 4842 4911 4983 4983 4983 4911
    4911 4911 4983 4842 4842 4911 4983 4983 4983 4911 4911 2639 4983
    4911 4911 4911 4911 4911 4983 4983 4983 2639 4983 4911 4911 4911
    4911 4911 4983 4983 4983 2639 4911 4842 4842 4911 4911 4911 4842
    4842 4842 2639 4911 4842 4842 4842 4842 4842 4842 4842 4842 2639
    4911 4842 4842 4842 4842 4842 4842 4842 4842 2579 4911 4842 4842
    4842 4842 4842 4774 4774 4774 2579 4842 4842 4842 4842 4842 4774
    4774 4774 4774 2579 4842 4842 4842 4842 4774 4774 4774 4645 4645
    4645 4842 4842 4774 4774 4708 4708 4708 4645 4645 4645 4842 4842
    4774 4774 4708 4708 4708 4708 4708 2659 4842 4774 4774 4708 4708
    4708 4708 4708 4708 2723 4842 4774 4774 4708 4708 4708 4708 4708
    4708 2723</data></Depth0094>
</opencv_storage>
