<?xml version="1.0"?>
<opencv_storage>
<Depth16768 type_id="opencv-matrix">
  <rows>67</rows>
  <cols>50</cols>
  <dt>w</dt>
  <data>
    3120 3120 3149 3149 3178 3178 3178 3178 3178 3178 3178 3178 3208
    3208 3208 3208 3208 3208 3208 3238 3238 3238 3238 3238 3269 3300
    3300 3333 3333 3300 3300 3333 3333 3300 3300 1496 1496 1477 1477
    1483 1489 1489 3433 3399 3399 3399 3433 3433 3433 3433 3120 3120
    3149 3149 3178 3178 3178 3178 3178 3178 3208 3208 3208 3208 3208
    3208 3208 3208 3208 3238 3238 3238 1489 1489 1496 1496 1496 1489
    1489 1496 1489 1489 1489 1489 1489 1496 1496 1489 1489 1489 1489
    1496 1496 3399 3399 3399 3433 3433 3433 3433 3120 3120 3149 3149
    3178 3208 3178 3178 3178 3178 3208 3208 3208 3208 3208 3208 3208
    3208 3238 3238 3238 1503 1489 1489 1496 1496 1496 1489 1489 1496
    1489 1489 1489 1489 1489 1496 1496 1496 1496 1496 1496 1496 1496
    3433 3433 3433 3433 3433 3433 3433 3120 3149 3149 1550 1550 3208
    3208 3178 3178 3208 3208 3208 3208 3208 1483 1483 1509 1509 1509
    1509 1509 1503 1503 1503 1503 1503 1503 1496 1496 1496 1496 1496
    1496 1496 1496 1496 1496 1496 1496 1496 1496 1496 1503 1503 3433
    3433 3433 3433 3433 3433 3120 3149 1543 1543 1543 1536 1536 1516
    1516 1516 1509 1509 1516 1509 1483 1483 1509 1509 1509 1509 1509
    1509 1509 1503 1503 1503 1503 1496 1496 1503 1503 1503 1496 1496
    1496 1489 1489 1496 1496 1496 1496 1503 1503 1503 3468 3468 3433
    3433 3433 3433 3120 1543 1536 1536 1543 1536 1523 1516 1516 1516
    1509 1509 1516 1509 1509 1516 1509 1509 1509 1509 1509 1509 1509
    1509 1509 1509 1503 1503 1503 1503 1503 1503 1503 1496 1496 1489
    1489 1489 1496 1496 1496 1503 1509 1509 3503 3503 3433 3433 3433
    3468 1543 1543 1536 1536 1536 1529 1523 1516 1516 1516 1516 1516
    1516 1516 1516 1516 1509 1509 1509 1509 1509 1509 1509 1509 1503
    1503 1503 1503 1503 1503 1503 1503 1503 1503 1496 1489 1489 1489
    1496 1496 1496 1503 1516 1550 1550 3503 3468 3468 3468 3468 1543
    1543 1536 1536 1529 1529 1523 1523 1523 1523 1523 1523 1523 1516
    1516 1516 1516 1516 1516 1509 1509 1509 1509 1509 1503 1503 1503
    1503 1503 1503 1503 1503 1503 1503 1496 1489 1489 1489 1496 1496
    1496 1503 1529 1543 1543 3468 3468 3468 3468 3468 1543 1543 1536
    1536 1529 1529 1523 1523 1523 1523 1523 1523 1523 1516 1516 1516
    1516 1516 1516 1509 1509 1509 1509 1509 1509 1503 1503 1503 1503
    1503 1509 1509 1503 1503 1496 1496 1489 1489 1496 1496 1496 1503
    1529 1543 1543 3468 3468 3468 3468 3468 1543 1543 1536 1536 1536
    1529 1523 1523 1523 1523 1523 1523 1523 1516 1516 1516 1516 1516
    1516 1509 1509 1509 1509 1509 1509 1503 1503 1503 1503 1503 1509
    1509 1503 1503 1496 1496 1489 1489 1496 1496 1496 1503 1523 1536
    1536 3468 3468 3468 3468 3468 1543 1543 1536 1536 1536 1529 1529
    1523 1523 1523 1523 1523 1523 1516 1516 1516 1516 1516 1516 1516
    1509 1509 1509 1509 1509 1509 1509 1509 1503 1503 1509 1509 1509
    1509 1503 1503 1489 1489 1496 1496 1496 1503 1516 1523 1523 3468
    3468 3468 3468 3468 1543 1543 1536 1536 1536 1529 1529 1523 1523
    1523 1523 1523 1523 1516 1516 1516 1516 1516 1516 1516 1516 1509
    1509 1509 1509 1509 1509 1509 1509 1509 1509 1509 1509 1509 1503
    1503 1496 1496 1496 1503 1503 1503 1516 1516 1516 3468 3468 3468
    3468 3468 1543 1536 1536 1536 1536 1529 1529 1529 1523 1523 1523
    1523 1523 1523 1516 1516 1516 1516 1516 1516 1516 1516 1509 1509
    1516 1516 1509 1509 1509 1509 1509 1509 1509 1509 1503 1503 1503
    1496 1496 1503 1503 1509 1516 1516 1516 3468 3468 3468 3468 3468
    1536 1536 1536 1536 1536 1536 1536 1529 1529 1529 1523 1523 1523
    1523 1516 1516 1516 1516 1516 1516 1516 1516 1516 1516 1516 1516
    1509 1509 1509 1509 1509 1503 1503 1503 1509 1503 1503 1496 1496
    1503 1503 1509 1516 1523 1523 3468 3468 3468 3468 3468 3092 1536
    1536 1536 1536 1536 1536 1529 1529 1529 1523 1523 1523 1529 1523
    1516 1516 1516 1516 1516 1516 1516 1516 1516 1516 1516 1516 1509
    1509 1509 1509 1503 1503 1503 1509 1503 1503 1496 1496 1503 1503
    1509 1509 1523 1550 1550 3503 3503 3468 3468 1550 1543 1543 1536
    1536 1536 1536 1536 1529 1529 1529 1523 1523 1529 1523 1523 1516
    1516 1516 1516 1516 1516 1516 1516 1516 1516 1509 1509 1509 1509
    1509 1503 1503 1503 1509 1509 1503 1503 1503 1503 1503 1509 1509
    1523 1550 1550 3468 3468 3468 3433 1550 1543 1543 1543 1536 1536
    1536 1536 1529 1529 1529 1529 1529 1529 1523 1523 1523 1516 1516
    1523 1523 1516 1516 1516 1516 1509 1509 1509 1509 1509 1509 1509
    1509 1509 1509 1509 1509 1509 1509 1509 1509 1509 1509 1523 1523
    3468 3468 3468 3468 3433 1557 1550 1550 1543 1536 1536 1536 1536
    1536 1529 1529 1529 1529 1529 1523 1523 1523 1523 1523 1523 1516
    1516 1516 1516 1516 1509 1509 1509 1509 1509 1509 1509 1509 1509
    1509 1509 1509 1509 1509 1509 1509 1509 1516 1523 1523 3468 3468
    3468 3468 3468 1557 1557 1543 1543 1536 1536 1536 1536 1536 1536
    1529 1529 1529 1529 1523 1523 1523 1523 1523 1523 1516 1516 1516
    1516 1516 1516 1509 1509 1516 1509 1509 1509 1509 1509 1509 1509
    1509 1509 1509 1509 1509 1509 1516 1523 1523 3468 3468 3468 3468
    3468 3092 1543 1543 1543 1536 1536 1536 1536 1536 1536 1536 1536
    1529 1529 1529 1523 1523 1523 1523 1523 1523 1516 1516 1516 1516
    1516 1516 1516 1516 1509 1509 1509 1509 1509 1509 1509 1509 1509
    1509 1509 1509 1509 1516 1523 1523 3468 3468 3468 3468 3468 1550
    1543 1543 1543 1543 1543 1543 1543 1543 1536 1536 1536 1529 1529
    1529 1529 1529 1529 1523 1523 1523 1516 1516 1516 1516 1516 1516
    1516 1516 1516 1516 1516 1516 1516 1509 1509 1509 1509 1509 1509
    1509 1509 1516 1523 1523 1523 3503 3468 3468 3468 1550 1550 1543
    1543 1543 1543 1543 1543 1543 1536 1536 1536 1536 1536 1536 1529
    1529 1529 1523 1523 1523 1523 1516 1516 1516 1516 1516 1516 1516
    1516 1516 1509 1509 1516 1509 1509 1509 1509 1509 1509 1509 1509
    1516 1523 1523 1523 3468 3468 3468 3468 1550 1550 1543 1543 1543
    1543 1543 1543 1543 1543 1536 1536 1536 1536 1536 1536 1536 1529
    1529 1529 1529 1529 1523 1523 1516 1516 1516 1516 1516 1516 1516
    1509 1509 1516 1509 1509 1509 1509 1509 1509 1509 1509 1516 1523
    1529 1529 3503 3503 3503 3503 3149 1557 1550 1550 1543 1543 1543
    1543 1543 1543 1543 1543 1543 1536 1536 1536 1536 1529 1529 1529
    1529 1529 1529 1529 1523 1523 1523 1516 1516 1516 1516 1516 1516
    1509 1509 1509 1509 1509 1509 1516 1509 1509 1509 1523 1536 1536
    3503 3503 3503 3503 1586 1557 1550 1550 1550 1550 1543 1543 1543
    1543 1543 1543 1543 1536 1536 1536 1536 1529 1529 1529 1529 1529
    1529 1529 1529 1523 1523 1516 1516 1516 1516 1516 1516 1509 1509
    1509 1509 1509 1509 1516 1509 1509 1509 1523 1543 1543 3503 3503
    3503 3503 1586 1564 1550 1550 1550 1550 1543 1543 1543 1543 1543
    1543 1543 1536 1536 1536 1536 1536 1529 1529 1529 1529 1529 1529
    1529 1529 1523 1516 1516 1516 1516 1516 1516 1516 1509 1509 1509
    1509 1509 1516 1516 1516 1516 1523 1543 1543 3468 3468 3468 3468
    3120 1557 1557 1550 1550 1550 1543 1543 1543 1543 1543 1543 1536
    1536 1536 1536 1536 1536 1536 1536 1536 1529 1529 1529 1529 1529
    1523 1516 1516 1523 1516 1516 1516 1516 1516 1516 1516 1516 1516
    1516 1516 1516 1516 1523 1529 1529 3468 3468 3468 3468 3120 1564
    1564 1564 1550 1543 1543 1550 1543 1543 1543 1543 1536 1536 1543
    1536 1536 1536 1536 1536 1536 1529 1529 1529 1529 1529 1523 1523
    1523 1523 1516 1516 1516 1516 1516 1516 1516 1516 1516 1516 1516
    1516 1516 1523 1523 1523 3468 3468 3468 3468 3120 1564 1564 1564
    1550 1543 1543 1550 1543 1543 1543 1543 1543 1543 1543 1536 1536
    1536 1536 1536 1529 1529 1529 1529 1529 1529 1523 1523 1529 1523
    1523 1516 1516 1516 1516 1516 1516 1516 1516 1516 1516 1516 1516
    1523 1523 1523 1523 3468 3468 3468 3120 1564 1564 1564 1550 1550
    1550 1550 1550 1550 1543 1543 1543 1543 1543 1543 1543 1536 1536
    1536 1529 1529 1529 1529 1529 1529 1529 1529 1523 1523 1523 1516
