<?xml version="1.0"?>
<opencv_storage>
<Depth7201 type_id="opencv-matrix">
  <rows>86</rows>
  <cols>84</cols>
  <dt>w</dt>
  <data>
    4405 4405 4405 4405 4405 4405 4405 4405 4463 4522 4582 4522 4522
    4582 4582 4582 4645 4645 4645 4645 4645 4645 4645 4708 4708 4708
    4708 4774 4842 4842 4842 4842 4774 4774 4842 4911 4911 4983 4983
    4983 4983 4983 4983 1236 1236 1241 1241 1241 1241 1241 4983 4983
    4983 4983 5056 5056 5056 5056 4983 4983 4983 4911 4911 4911 4911
    4911 4842 4842 4842 4774 4708 4708 4708 4708 4708 4708 4645 4645
    4645 4645 4582 4582 4582 4522 4349 4349 4405 4405 4405 4405 4405
    4405 4405 4522 4522 4522 4522 4582 4582 4582 4645 4645 4645 4645
    4645 4645 4645 4708 4708 4708 4708 4774 4774 4842 4842 4774 4774
    4774 4911 4911 5056 5056 4983 4983 4983 4983 4983 1227 1227 1236
    1236 1236 1236 0 0 4983 4983 4983 5056 5056 5056 5056 4983 4983 4983
    4911 4911 4911 4911 4911 4911 4842 4842 4774 4774 4774 4774 4708
    4708 4708 4708 4708 4645 4645 4582 4582 4582 4582 4349 4349 4349
    4405 4405 4405 4405 4405 4405 4522 4522 4463 4463 4522 4582 4582
    4645 4645 4645 4645 4645 4645 4645 4708 4708 4708 4708 4708 4774
    4842 4842 4774 4774 4774 5210 5210 5210 5210 5056 4983 4983 1206
    1206 1210 1219 1232 1236 1236 1236 0 0 4983 4983 4983 4983 5056 5056
    5056 4983 4983 4983 4983 4983 4983 4983 4911 4911 4842 4774 4774
    4774 4774 4774 4708 4708 4708 4708 4708 4645 4645 4645 4582 4582
    4582 4349 4349 4349 4405 4405 4405 4405 4405 4405 4463 4463 4463
    4463 4522 4522 4582 4582 4645 4645 4645 4645 4645 4645 4645 4708
    4708 4708 4708 4708 4774 4842 4842 4911 4911 5291 5291 5210 5210
    5291 1181 1181 1189 1202 1210 1214 1219 1236 1241 1241 1241 1241
    4983 4983 4983 4983 4983 5056 5056 5056 4983 4983 4983 4983 4983
    4911 4911 4911 4774 4774 4774 4774 4774 4774 4774 4774 4708 4645
    4645 4645 4645 4645 4582 4582 4582 4349 4349 4405 4405 4405 4405
    4405 4405 4405 4463 4463 4463 4463 4522 4522 4582 4582 4645 4645
    4645 4645 4645 4645 4645 4708 4708 4708 4708 4708 4774 4774 1177
    1177 1177 5291 5291 5210 1169 1169 1173 1177 1185 1202 1206 1214
    1219 1227 1236 1241 1241 1241 4983 4983 4983 4983 4983 4983 4983
    4983 4983 4983 4983 4983 4983 4911 4911 4911 4774 4774 4774 4774
    4774 4842 4774 4774 4708 4645 4645 4645 4645 4582 4582 4582 4522
    4349 4349 4349 4405 4405 4405 4405 4405 4405 4463 4463 4463 4463
    4522 4522 4522 4582 4582 4582 4645 4645 4645 4645 4645 4645 4645
    4708 4708 4708 4708 1181 1177 1177 1177 1177 1169 1169 1169 1169
    1169 1173 1181 1197 1206 1210 1219 1219 1227 1236 1236 1236 1232
    4983 4983 4983 4983 4983 4983 4983 4983 5056 4983 4983 4983 4983
    4911 4911 4774 4774 4774 4774 4842 4774 4774 4708 4708 4708 4708
    4645 4645 4582 4582 4582 4522 4349 4349 4349 4349 4349 4405 4405
    4405 4405 4463 4463 4463 4463 4522 4522 4522 4582 4582 4582 4582
    4582 4645 4645 4645 4645 4645 4708 4708 4708 1189 1181 1181 1177
    1177 1173 1169 1169 1169 1169 1169 1173 1173 1185 1193 1206 1210
    1219 1223 1223 1232 1232 1232 4983 4983 4983 4983 4983 4983 4983
    4983 4983 4983 4983 4983 4983 4911 4911 4842 4842 4842 4774 4774
    4774 4708 4708 4708 4708 4708 4708 4645 4582 4582 4582 4582 4295
    4295 4349 4349 4349 4349 4349 4349 4349 4405 4405 4463 4463 4463
    4522 4522 4582 4522 4522 4522 4582 4582 4645 4645 4645 4645 4645
    1197 0 1189 1189 1181 1181 1177 1169 1169 1169 1169 1169 1169 1169
    1169 1181 1185 1197 1210 1214 1219 1223 1227 1232 1232 1232 5056
    5056 4983 4983 4983 4983 4983 4983 4983 4983 4983 4983 4911 4911
    4842 4842 4774 4774 4774 4774 4708 4708 4708 4708 4708 4708 4645
    4645 4582 4582 4582 4295 4295 4349 4349 4349 4349 4349 4349 4349
    4405 4405 4405 4463 4463 4522 4522 4582 4522 4522 4522 4522 4522
    4522 4645 4645 4645 1197 1197 0 1185 1185 1185 1181 1177 1169 1169
    1169 1169 1169 1169 1169 1169 1177 1181 1193 1206 1210 1214 1219
    1223 1232 1232 1232 5056 5056 5056 4983 4983 4983 4983 4983 4983
    4983 4983 4983 4911 4911 4842 4842 4774 4774 4774 4774 4774 4708
    4708 4708 4708 4708 4645 4645 4582 4582 4582 4241 4295 4295 4349
    4349 4349 4349 4349 4349 4405 4405 4405 4463 4463 4463 4522 4582
    4582 4522 4522 4522 4522 4522 4522 4522 1197 1197 1197 1193 1185
    1185 1181 1181 1177 1173 1169 1169 1169 1165 1165 1165 1165 1173
    1177 1189 1197 1206 1210 1219 1223 1227 1232 1232 1227 5056 5056
    5056 5056 4983 4983 4983 4983 4983 4983 4983 4911 4911 4842 4842
    4774 4774 4774 4774 4774 4708 4708 4708 4708 4708 4708 4645 4582
    4582 4582 4241 4241 4295 4295 4349 4349 4349 4349 4349 4405 4405
    4405 4463 4463 4463 4522 4522 4582 4582 4582 4582 4582 1210 1206
    1202 1197 1197 1193 1189 1185 1181 1181 1181 1177 1173 1169 1169
    1165 1165 1165 1165 1165 1173 1173 1185 1193 1202 1206 1210 1219
    1223 1223 1227 1227 5132 5132 5056 5056 4983 4983 4983 4983 4983
    4983 4983 4911 4911 4842 4842 4774 4774 4774 4774 4774 4774 4774
    4708 4708 4708 4708 4645 4645 4582 4582 4241 4241 4295 4295 4295
    4349 4349 4349 4349 4405 4405 4405 4405 4463 4463 4463 4463 4582
    4645 4645 1206 1210 1210 1206 1202 1202 1193 1193 1185 1185 1181
    1181 1181 1177 1173 1173 1169 1165 1165 1161 1161 1161 1169 1169
    1185 1189 1193 1202 1206 1214 1219 1219 1227 0 1227 5056 5056 5056
    5056 4983 4983 4983 4983 4983 4983 4983 4983 4911 4842 4774 4774
    4774 4774 4774 4774 4774 4708 4708 4708 4708 4645 4582 4582 4582
    4241 4241 4241 4295 4295 4295 4295 4349 4349 4405 4405 4405 4405
    4405 4463 4463 4463 4463 1214 1214 1206 1206 1206 1202 1202 1197
    1193 1193 1185 1185 1181 1181 1181 1181 1173 1173 1169 1165 1165
    1161 1161 1161 1169 1169 1181 1185 1189 1197 1206 1210 1214 1214
    1223 1223 1223 5056 5056 5056 5056 4983 4983 4983 4983 4983 4983
    4983 4983 4911 4842 4842 4774 4774 4774 4774 4774 4774 4708 4708
    4708 4708 4645 4582 4582 4582 4241 4241 4241 4241 4295 4295 4295
    4295 4295 4405 4405 4405 4405 4405 4463 4463 4463 4463 1214 1214
    1210 1206 1206 1202 1202 1197 1193 1193 1189 1185 1185 1181 1181
    1177 1173 1173 1169 1165 1165 1161 1161 1161 1169 1173 1177 1185
    1189 1193 1202 1206 1210 1214 1219 1223 1223 0 4983 4983 4983 4983
    4983 4983 4983 4983 4983 4983 4983 4983 4911 4842 4842 4842 4842
    4774 4774 4774 4774 4708 4708 4708 4645 4645 4645 4582 4190 4241
    4241 4241 4241 4241 4190 4190 4190 4295 4405 4405 4405 4405 1232
    1232 1223 1219 1214 1214 1210 1206 1202 1202 1202 1202 1197 1197
    1189 1185 1185 1185 1181 1177 1177 1173 1169 1169 1165 1165 1165
    1165 1169 1169 1173 1177 1185 1185 1197 1202 1206 1210 1214 1223
    1223 1236 4983 4983 4983 4983 4983 4983 4983 4983 4983 4983 4983
    4911 4911 4842 4842 4842 4842 4774 4774 4774 4774 4708 4708 4708
    4645 4645 4645 4645 4190 4190 4241 4241 4241 4190 4190 4190 4190
    4241 4241 1236 1236 1232 1232 1232 1219 1219 1214 1214 1210 1206
    1202 1202 1202 1202 1197 1197 1193 1185 1185 1185 1181 1181 1177
    1177 1173 1169 1165 1165 1165 1165 1165 1161 1161 1165 1169 1177
    1185 1197 1206 1206 1214 1227 1236 1236 1236 4983 4983 4983 4983
    4911 4911 4911 4911 4911 4911 4911 4911 4842 4842 4842 4842 4774
    4774 4774 4774 4708 4708 4708 4708 4645 4645 4645 4190 4190 4190
    4190 4190 4190 4190 4190 4190 4241 4241 1236 1232 1232 1232 1232
    1219 1219 1214 1214 1210 1210 1202 1202 1202 1202 1197 1197 1193
    1185 1185 1185 1181 1181 1177 1177 1173 1173 1169 1165 1165 1165
    1161 1161 1161 1161 1161 1173 1185 1193 1193 1202 1206 1223 1232
    1232 1236 1236 0 4983 4983 4911 4911 4911 4911 4911 4911 4911 4911
    4842 4842 4842 4842 4842 4774 4774 4774 4708 4708 4708 4708 4645
    4645 4645 4190 4190 4190 4190 4190 4190 4190 1264 1264 1259 1241
    1236 1232 1232 1227 1227 1219 1219 1214 1214 1214 1210 1206 1202
    1202 1202 1202 1197 1193 1189 1185 1185 1181 1181 1181 1177 1173
    1173 1169 1165 1165 1165 1161 1161 1157 1157 1157 1169 1181 1189
