<?xml version="1.0"?>
<opencv_storage>
<Depth2798 type_id="opencv-matrix">
  <rows>40</rows>
  <cols>20</cols>
  <dt>w</dt>
  <data>
    5210 5210 5132 5132 5132 5132 2560 2560 2598 2618 2618 2723 2723
    2579 2579 2598 2659 4842 4842 4842 5210 5132 5132 5056 5056 2579
    2560 2560 2560 2579 2598 2560 2560 2579 2579 2598 2659 2639 2639
    4842 5210 5132 5132 2598 2579 2579 2560 2560 2560 2560 2560 2560
    2560 2560 2560 2560 2579 2639 2639 4842 5210 5210 5132 2598 2579
    2579 2560 2560 2560 2560 2560 2560 2560 2560 2560 2560 2560 2579
    2579 4842 5210 5210 5132 2618 2579 2579 2560 2560 2560 2560 2560
    2560 2560 2541 2541 2560 2560 2579 2579 5056 5210 5210 5210 2639
    2598 2579 2560 2560 2560 2560 2560 2560 2560 2541 2541 2560 2560
    2579 2639 2701 5132 5132 5132 2639 2598 2579 2560 2560 2560 2560
    2560 2560 2560 2560 2560 2579 2598 2618 2639 2701 5132 5132 5132
    5132 2598 2579 2579 2560 2560 2560 2560 2560 2560 2560 2560 2579
    2598 2618 2639 2701 5132 5056 5056 5132 2579 2560 2560 2560 2560
    2560 2560 2560 2560 2560 2560 2579 2598 2618 2639 2701 5132 5056
    5056 2579 2560 2560 2560 2560 2560 2560 2560 2560 2541 2541 2560
    2579 2598 2598 2639 2723 5132 5132 5132 2560 2560 2560 2560 2560
    2560 2560 2560 2560 2541 2541 2560 2579 2598 2598 2639 2723 5132
    5210 2598 2560 2560 2560 2560 2560 2579 2560 2560 2560 2560 2560
    2560 2579 2598 2618 2639 2723 5132 5132 2598 2560 2560 2560 2560
    2560 2560 2560 2560 2560 2560 2560 2560 2560 2598 2639 2680 2723
    5056 5056 2598 2560 2560 2560 2560 2560 2560 2560 2560 2560 2560
    2560 2560 2560 2598 2659 2701 2723 5056 5056 2579 2560 2560 2560
    2541 2541 2541 2541 2541 2541 2560 2560 2560 2579 2598 2659 2701
    2701 4983 4983 2560 2560 2560 2541 2541 2541 2541 2541 2541 2541
    2541 2560 2560 2579 2618 2659 2701 2701 4911 4911 2560 2560 2560
    2541 2541 2541 2541 2541 2541 2541 2541 2541 2560 2579 2618 2659
    2680 2701 4911 4911 2560 2560 2560 2560 2560 2560 2541 2541 2541
    2541 2541 2541 2560 2579 2618 2659 2680 2701 4911 2579 2560 2560
    2560 2560 2560 2560 2560 2560 2560 2560 2541 2541 2560 2579 2618
    2659 2680 2680 4983 2579 2560 2560 2560 2560 2560 2560 2560 2560
    2541 2541 2541 2541 2560 2579 2618 2659 2680 2680 5056 5056 2560
    2560 2560 2560 2560 2560 2560 2560 2541 2541 2541 2541 2560 2579
    2618 2659 2701 2723 5056 5056 2560 2560 2560 2560 2560 2560 2560
    2560 2560 2560 2560 2560 2560 2579 2618 2659 2701 2723 5056 5056
    2560 2560 2560 2560 2560 2560 2560 2560 2560 2560 2560 2560 2560
    2579 2618 2659 2723 2723 5132 2541 2541 2560 2560 2560 2560 2560
    2560 2560 2560 2560 2560 2560 2579 2579 2618 2659 2723 2744 5056
    2541 2541 2560 2560 2560 2560 2560 2560 2560 2560 2560 2560 2560
    2560 2579 2618 2680 2723 2744 5056 2541 2541 2560 2560 2560 2560
    2560 2560 2560 2541 2541 2541 2560 2560 2579 2639 2701 2723 2744
    2541 2541 2541 2560 2560 2560 2560 2541 2541 2541 2541 2541 2541
    2560 2579 2598 2639 2701 2723 2723 2541 2541 2541 2560 2560 2560
    2560 2541 2541 2541 2541 2541 2541 2560 2560 2618 2659 2701 2723
    2723 2541 2541 2560 2560 2560 2560 2560 2541 2541 2541 2541 2541
    2541 2560 2560 2618 2659 2701 2701 4911 2541 2541 2560 2560 2560
    2560 2560 2560 2541 2541 2541 2541 2541 2560 2579 2618 2659 2701
    2701 4911 2541 2560 2579 2560 2560 2541 2541 2560 2560 2541 2541
    2541 2541 2541 2579 2618 2659 2701 2701 4911 2560 2560 2579 2560
    2541 2541 2541 2541 2541 2541 2541 2541 2541 2541 2579 2618 2659
    2701 2701 4911 2560 2560 2560 2560 2541 2541 2541 2541 2541 2541
    2541 2541 2541 2560 2579 2618 2659 2701 2723 4842 2560 2560 2560
    2541 2541 2541 2541 2541 2541 2541 2541 2541 2541 2560 2579 2618
    2659 2701 2723 4842 2541 2560 2560 2541 2541 2541 2541 2541 2541
    2541 2541 2541 2560 2560 2579 2639 2723 2723 2723 4911 2541 2560
    2560 2541 2541 2560 2560 2560 2560 2560 2541 2541 2560 2579 2598
    2639 2701 2723 2744 4911 2541 2560 2560 2541 2541 2560 2560 2560
    2560 2560 2541 2541 2560 2579 2598 2659 2701 2723 2744 4911 2522
    2541 2560 2541 2541 2541 2541 2560 2560 2560 2541 2541 2560 2560
    2598 2659 2701 2723 2744 4983 2522 2541 2560 2541 2541 2541 2541
    2560 2560 2560 2541 2541 2560 2560 2598 2680 2723 2723 4983 4983
    5056 5056 5056 5056 5056 2560 2560 2560 2560 2560 2560 2560 2560
    2560 2560 2560 4983 4911 4911 4911</data></Depth2798>
</opencv_storage>
