<?xml version="1.0"?>
<opencv_storage>
<Depth19951 type_id="opencv-matrix">
  <rows>151</rows>
  <cols>93</cols>
  <dt>w</dt>
  <data>
    2984 2984 2984 2984 3010 3037 3037 3037 3064 3064 3092 3120 3120
    3149 3178 3178 3178 3178 3178 3178 3178 3178 3208 3208 3208 3238
    3269 3300 3333 3333 3333 3333 3365 3399 3399 3399 3433 3433 3433
    3433 3433 3468 3503 3539 3539 3576 3576 3576 3576 3614 3614 3653
    3692 3692 3732 3732 3732 3732 3774 3774 3816 3816 3816 3816 579 579
    578 578 579 579 579 579 579 580 580 3994 3994 3994 4089 0 0 4241
    4241 4241 4241 4241 4241 4241 4241 4241 4295 4295 4349 2984 2984
    2984 2984 3010 3037 3037 3037 3064 3064 3092 3120 3149 3149 3178
    3178 3178 3178 3178 3178 3178 3178 3178 3178 3208 3238 3269 3300
    3300 3333 3333 3365 3399 3399 3399 3399 3433 3433 3433 3433 3433
    3468 3468 3539 3539 3539 3539 3576 3576 3614 3653 3653 3692 3732
    3732 3774 3774 3774 3774 3774 3816 3816 579 579 579 579 578 578 579
    579 579 579 579 580 580 581 581 0 0 0 0 0 0 0 0 4241 4241 4241 4241
    4241 4295 4295 4295 2984 2984 2984 2984 3010 3037 3064 3064 3064
    3092 3092 3120 3149 3149 3149 3178 3178 3178 3178 3178 3178 3178
    3178 3178 3208 3208 3269 3269 3300 3333 3333 3365 3365 3399 3433
    3433 3433 3433 3468 3468 3468 3468 3468 3503 3503 3539 3539 3576
    3576 3614 3653 3692 3732 3732 3732 3732 3774 3774 3774 579 579 579
    579 578 578 579 579 579 579 579 579 579 579 580 580 581 581 0 0 0 0
    0 0 0 0 0 4241 4241 4241 4241 4295 4295 4295 2984 2984 2984 3010
    3010 3010 3037 3064 3064 3092 3092 3092 3120 3120 3149 3178 3208
    3208 3208 3178 3178 3178 3178 3178 3208 3208 3269 3269 3300 3333
    3333 3333 3365 3399 3433 3433 3433 3433 3433 3468 3468 3468 3468
    3503 3503 3539 3539 3576 3614 3614 3653 3692 3732 3732 3732 3732
    3774 3774 580 579 578 577 577 578 578 578 578 579 579 579 579 579
    579 580 580 581 581 0 0 0 0 0 0 0 0 0 4190 4190 4241 4241 4295 4295
    4349 2958 2984 2984 2984 3010 3010 3037 3064 3064 3064 3092 3092
    3120 3120 3149 3178 3208 3208 3208 3178 3178 3178 3178 3178 3208
    3208 3269 3269 3300 3333 3333 3333 3365 3365 3399 3433 3433 3433
    3433 3433 3468 3468 3468 3503 3539 3539 3539 3614 3614 3614 3653
    3692 3732 3732 3732 3732 3774 3774 580 580 578 577 577 578 578 578
    578 579 579 579 579 579 579 579 579 579 579 575 0 0 0 0 0 0 0 0 4190
    4190 4190 4190 4295 4295 4349 2958 2984 2984 2984 3010 3010 3037
    3064 3064 3064 3092 3092 3120 3149 3149 3178 720 719 719 719 3208
    3178 3178 3178 3208 3238 3269 3300 3300 3333 3333 3333 3365 3365
    3399 3399 3399 3433 3433 3433 3468 3468 3503 3503 3503 3539 3539
    3576 3614 3614 3653 3692 3732 3732 3732 3732 3774 3774 580 580 578
    578 578 578 579 579 579 579 579 573 572 572 572 574 575 575 575 575
    577 0 0 0 0 0 0 0 4241 4241 4190 4190 4295 4349 4349 2958 2984 2984
    3010 3010 3010 3037 3064 3064 3064 3092 3092 3149 719 719 717 717
    719 719 719 719 3178 3178 3178 3208 3208 3333 3333 3333 3333 3333
    3333 3365 3365 3399 3399 3399 3399 3399 3468 3468 3468 3503 3503
    3503 3539 3576 544 544 544 544 3732 3732 3732 3732 3732 556 556 581
    580 579 578 578 579 579 579 573 573 572 572 572 572 572 572 573 575
    575 575 576 579 579 579 0 0 0 0 0 0 0 0 4463 4405 4405 2958 2984
    2984 3010 3010 3037 3037 3064 3064 3064 3092 3092 3149 719 719 717
    717 717 717 717 719 3208 3208 3208 720 3333 3333 3333 3333 3333 3333
    3333 3365 3399 3399 3399 3399 534 534 3503 3503 3503 3503 3503 3503
    543 543 543 543 543 544 546 3653 3732 554 554 555 556 556 557 559
    560 561 3903 571 571 571 572 572 572 572 572 572 572 573 575 575 575
    576 579 579 579 580 0 0 0 0 0 0 0 0 0 4405 2958 2984 2984 3010 3010
    3037 3037 3064 3064 3064 3092 717 716 716 717 717 717 716 716 717
    717 717 720 720 0 0 0 3333 3333 3333 3333 3333 3365 3399 3399 3399
    3399 534 534 535 3539 3539 3503 3503 542 542 543 543 543 543 544 546
    550 552 553 554 555 556 556 557 559 560 561 564 565 569 570 571 572
    572 573 573 573 574 574 575 575 576 577 579 579 580 580 0 0 0 0 0 0
    0 0 0 0 2984 2984 3010 3010 3010 3037 3037 3064 3064 713 713 714 716
    716 716 716 716 716 716 717 717 720 720 720 0 0 544 544 3399 3399
    3365 3300 3300 3399 3399 3399 536 536 535 535 538 540 540 542 542
    542 543 543 543 543 544 548 550 552 553 554 555 556 557 558 559 560
    562 564 565 568 569 570 571 572 573 573 575 575 575 576 577 578 578
    579 580 580 581 0 0 0 0 0 0 0 0 0 4405 2984 2984 3010 3010 3010 714
    714 713 713 713 713 714 714 716 716 716 716 716 716 717 719 720 720
    720 549 548 544 544 544 544 534 534 534 534 534 534 536 536 536 536
    538 540 540 540 541 542 543 543 543 544 546 549 551 552 552 554 555
    557 557 558 559 561 562 563 565 567 568 568 571 573 575 575 575 575
    576 577 578 578 578 579 580 582 0 0 0 0 0 0 0 0 0 0 4405 3010 3010
    3010 3010 3010 713 713 713 713 713 714 714 714 716 716 716 716 716
    716 717 0 0 0 549 549 548 546 544 544 533 533 534 534 534 534 534
    536 536 537 537 540 540 540 540 541 542 543 544 544 546 548 550 551
    551 552 553 555 557 557 558 560 561 562 563 565 565 567 567 568 570
    575 576 576 576 577 577 577 578 579 579 580 582 0 0 0 0 0 0 0 0 0 0
    4405 3010 3010 3010 3010 3010 713 713 713 713 713 714 714 714 716
    716 716 717 717 719 0 0 0 0 549 548 547 546 546 533 533 533 534 534
    534 534 535 535 536 537 537 538 539 540 541 542 543 544 544 545 546
    548 550 551 551 552 553 555 556 557 558 560 560 562 564 565 565 565
    567 568 570 575 576 576 576 577 577 577 578 579 579 580 581 0 0 0 0
    0 0 0 0 0 0 4405 3064 3064 3064 3064 713 713 713 713 713 713 714 714
    714 716 0 0 0 0 0 0 0 0 0 548 548 546 545 545 533 533 533 534 534
    534 534 535 535 536 536 536 537 538 540 541 542 544 544 546 546 547
    548 550 551 551 552 553 554 555 557 558 560 560 562 564 565 565 565
    567 568 569 571 574 575 576 577 577 578 579 580 580 580 581 0 0 0 0
    0 0 0 0 0 0 4405 720 716 714 714 713 713 713 713 713 713 713 714 716
    0 0 0 0 0 0 0 0 0 0 548 543 541 541 540 536 533 533 534 535 534 534
    535 535 536 536 536 536 537 540 540 542 545 545 546 546 548 549 550
    551 552 552 553 553 554 556 559 560 561 563 564 565 565 565 567 568
    569 570 573 574 576 578 579 579 579 580 580 580 581 583 0 0 0 0 0 0
    0 0 0 4463 720 716 714 714 714 713 713 713 713 713 713 714 714 0 0 0
    0 0 0 0 0 0 0 0 543 540 540 538 536 533 533 534 535 535 535 535 535
    536 536 536 536 537 539 540 542 546 546 546 546 549 549 550 551 552
    552 553 553 554 556 560 561 562 563 563 565 565 565 567 568 570 570
    572 572 575 577 579 580 580 580 580 581 581 583 0 0 0 0 0 0 0 0 0
    4405 719 716 714 714 714 714 714 713 713 714 714 704 704 0 0 0 0 0 0
    0 0 0 0 0 0 540 539 537 535 534 534 535 535 535 535 535 535 536 536
    536 536 537 539 540 546 546 546 546 547 549 550 550 551 552 553 553
    553 554 556 560 561 562 563 563 564 565 565 567 568 569 570 571 572
    575 576 578 580 580 580 581 581 582 584 0 0 0 0 0 0 0 0 0 4405 719
    716 714 714 714 714 716 716 716 716 704 704 704 704 0 0 0 0 0 0 0 0
    0 587 587 588 539 537 535 534 534 535 535 535 535 535 536 536 536
    536 536 537 539 540 544 546 547 548 548 549 550 550 551 552 553 553
    553 554 557 560 561 562 562 562 564 565 567 568 568 569 570 571 572
    576 576 577 579 581 581 581 581 582 583 583 0 0 0 0 0 0 0 0 0 719
    716 716 716 716 717 719 720 720 700 700 704 704 704 679 678 678 0 0
    0 0 0 587 587 587 588 588 538 535 534 534 535 535 535 535 535 536
    536 536 537 538 540 540 544 544 546 548 549 549 549 550 550 551 552
    553 554 554 555 557 560 561 561 562 562 565 566 567 568 568 570 570
    571 574 575 575 576 578 581 581 582 582 582 583 583 0 0 0 0 0 0 0 0
    0 719 717 717 717 717 719 720 701 700 700 700 704 701 678 678 678
    675 675 0 0 0 591 587 587 588 589 589 589 589 534 533 533 535 535
    535 535 535 536 536 537 538 540 541 544 544 546 547 548 549 549 550
