<?xml version="1.0"?>
<opencv_storage>
<Depth13232 type_id="opencv-matrix">
  <rows>24</rows>
  <cols>17</cols>
  <dt>w</dt>
  <data>
    4405 4349 4295 4295 4295 4295 4295 4295 4349 4349 4295 4295 4295
    4295 4349 4349 4349 4405 4349 4295 4295 4295 4295 4295 4295 4295
    4295 4295 4295 4295 4295 4295 4295 4349 4463 4349 4349 4295 4295
    4295 4295 4295 4295 4295 4295 4295 4295 4295 4295 4295 4349 4463
    4405 4349 4295 4295 4295 4295 4295 4295 4295 4295 4295 4295 4295
    4295 4295 4349 4349 4349 4349 4295 4295 4295 4295 4295 4295 4295
    4295 4295 4295 4295 4295 4295 4349 4349 4349 4349 4295 4295 4295
    4295 4295 4295 4295 4295 4295 4295 4295 4295 4295 4349 4241 4295
    4295 4295 4295 4295 4295 4295 4295 4295 4295 4295 4295 4295 4295
    4295 4349 4241 4295 4295 4295 4295 4295 4295 4295 4295 4295 4295
    4295 4295 4295 4295 4295 4295 4349 4349 4295 4295 4295 4295 4295
    4295 4295 4295 4295 4295 4295 4295 4295 4295 4295 4463 4349 4295
    4295 4295 4295 4295 4295 4295 4295 4295 4295 4295 4295 4295 4295
    4295 4522 4349 4295 4295 4295 4295 4295 4295 4295 4295 4295 4295
    4295 4295 4295 4295 4295 4463 4349 4295 4295 4241 4241 4295 4295
    4295 4295 4295 4295 4295 4295 4295 4295 4295 4405 4295 4241 4241
    4241 4241 4241 4295 4295 4295 4295 4295 4295 4295 4295 4295 4295
    4349 4295 4241 4241 4241 4241 4241 4295 4295 4295 4295 4295 4295
    4295 4295 4295 4295 4349 4295 4241 4241 4241 4241 4241 4241 4241
    4295 4295 4295 4295 4295 4295 4295 4295 4295 4295 4241 4241 4241
    4241 4241 4241 4241 4295 4295 4295 4295 4295 4295 4295 4295 4295
    4295 4241 4241 4241 4241 4241 4295 4295 4295 4295 4295 4295 4295
    4295 4295 4295 4295 4295 4241 4241 4241 4241 4295 4295 4295 4295
    4295 4295 4295 4295 4295 4295 4349 4295 4295 4295 4295 4295 4295
    4295 4295 4295 4295 4295 4295 4295 4295 4241 4241 6497 4295 4295
    4295 4295 4295 4295 4295 4241 4241 4241 4241 4241 4241 4241 4241
    4241 4295 4295 4241 4241 4295 4295 4295 4241 4241 4241 4241 4241
    4241 4241 4241 4241 4241 4295 4190 4190 4241 4295 4295 4241 4241
    4241 4241 4241 4241 4241 4241 4241 4241 4241 4295 4190 4190 4241
    4295 4295 4241 4241 4241 4241 4241 4241 4241 4241 4241 4241 4295
    4295 6622 6622 6622 6622 4295 4241 4241 4295 4241 4241 4241 4241
    4241 4241 4241 4295 6497</data></Depth13232>
</opencv_storage>
