<?xml version="1.0"?>
<opencv_storage>
<Depth3322 type_id="opencv-matrix">
  <rows>13</rows>
  <cols>9</cols>
  <dt>w</dt>
  <data>
    7660 7835 7835 7835 8019 7835 7835 7660 7660 7660 7835 7835 7835
    7835 7835 7835 7660 7660 7660 7835 7835 7835 7835 8019 7835 7660
    7660 7660 7835 7835 7835 7835 7835 7835 7660 7660 7660 7835 7835
    7835 7835 7835 7660 7660 7660 7835 7835 7835 7835 7835 7835 7660
    7660 7660 7660 7835 7835 7835 7835 7660 7660 7660 7660 7660 7835
    7835 7835 7660 7660 7660 7660 7660 7660 7660 7660 7660 7660 7660
    7660 7660 7660 7660 7660 7660 7660 7660 7660 7660 7660 7660 7332
    7660 7835 7835 7835 7835 7660 7660 7660 7332 7660 7835 7835 7835
    7660 7660 7660 7660 0 0 8212 8019 7835 7660 7660 7660 7660</data></Depth3322>
</opencv_storage>
