<?xml version="1.0"?>
<opencv_storage>
<Depth17709 type_id="opencv-matrix">
  <rows>142</rows>
  <cols>115</cols>
  <dt>w</dt>
  <data>
    3149 3178 3178 3149 3149 3149 3178 3208 3208 3238 3238 3238 3238
    3238 3269 3269 3269 3269 3269 3300 3300 3300 3333 3333 3333 3333
    3333 3365 3365 3365 3365 3365 3365 3365 3399 3399 3468 3468 3468
    3503 3468 3468 3468 3468 3503 3503 3539 3539 3539 3539 3539 3539
    3539 3576 3576 3614 3614 3614 3614 3614 3653 3653 3653 3653 3692
    3653 3653 3692 3692 3692 3692 3692 3692 3692 3692 3692 3692 3692
    3653 3653 3653 3653 3653 3653 3614 3576 3576 3539 3539 3539 3539
    3503 3468 3433 3433 3433 3399 3399 597 597 596 595 595 595 596 3238
    3208 3208 3178 3178 0 0 3120 0 3120 3178 3178 3149 3149 3149 3149
    3178 3208 3208 3238 3238 3238 3238 3238 3269 3269 3269 3269 3269
    3300 3300 3333 3333 3333 3333 3333 3333 3365 3365 3365 3365 3365
    3365 3365 3399 3399 3433 3468 3468 3503 3468 3468 3468 3468 3503
    3503 3539 3539 3539 3539 3539 3539 3576 3576 3614 3614 3614 3614
    3614 3614 3614 3653 3653 3653 3653 3653 3653 3692 3692 3692 3692
    3692 3692 3692 3692 3692 3692 3692 3653 3653 3653 3653 3653 3653
    3614 3614 3576 3576 3576 3539 3539 3539 3468 3433 3433 3433 3399
    3399 598 597 597 595 595 595 595 595 3238 3208 3208 0 0 0 0 0 0 3149
    3149 3149 3149 3149 3149 3178 3208 3238 3238 3238 3238 3238 3238
    3269 3269 3269 3269 3269 3300 3300 3333 3333 3333 3333 3333 3333
    3365 3365 3365 3365 3365 3365 3365 3399 3399 3433 3468 3468 3503
    3468 3468 3468 3468 3503 3539 3539 3539 3539 3539 3539 3539 3576
    3614 3614 3614 3614 3614 3614 3614 3614 3653 3653 3653 3653 3692
    3692 3692 3692 3692 3692 3692 3692 3692 3692 3692 3692 3692 3653
    3653 3653 3653 3653 3653 3614 3614 3576 3576 3576 3539 3539 3503
    3468 3433 3433 3399 3399 3399 598 598 597 595 595 595 594 594 3208
    3208 3208 0 0 0 0 0 0 3149 3149 3149 3149 3149 3149 3178 3208 3238
    3238 3238 3238 3238 3238 3269 3269 3269 3269 3269 3300 3300 3333
    3333 3333 3365 3365 3365 3365 3365 3365 3365 3365 3365 3365 3365
    3365 3433 3433 3433 3468 3468 3468 3468 3468 3503 3539 3539 3539
    3539 3539 3539 3539 3576 3614 3614 3614 3614 3614 3614 3614 3614
    3653 3653 3692 3692 3692 3692 3692 3692 3692 3692 3692 3692 3692
    3692 3692 3692 3692 3653 3653 3653 3653 3653 3614 3576 3576 3576
    3576 3576 3539 3539 3503 3468 3468 3433 3399 3399 3365 599 598 597
    597 596 595 594 594 3208 3208 3238 0 0 0 0 0 0 3178 3178 3149 3149
    3149 3149 3208 3208 3208 3238 3238 3238 3238 3238 3238 3269 3300
    3300 3300 3300 3300 3333 3333 3333 3333 3365 3365 3365 3365 3365
    3365 3365 3365 3365 3365 3365 3433 3433 3433 3468 3468 3468 3468
    3468 3503 3539 3539 3539 3539 3539 3539 3539 3576 3614 3614 3614
    3614 3614 3614 3614 3614 3653 3653 3692 3692 3692 3692 3692 3692
    3692 3692 3692 3692 3692 3692 3692 3692 3692 3653 3653 3653 3653
    3653 3614 3576 3576 3576 3576 3539 3539 3539 3503 3468 3433 3433
    3399 3399 3365 599 599 598 598 597 597 594 594 610 3238 3269 0 0 0 0
    0 0 3178 3178 3149 3149 3149 3149 3208 3208 3208 3208 3238 3238 3238
    3238 3238 3269 3269 3269 3269 3300 3300 3333 3333 3333 3333 3333
    3365 3365 3365 3365 3365 3365 3365 3365 3365 3365 3433 3433 3468
    3468 3468 3468 3468 3468 3468 3503 3539 3539 3539 3539 3539 3539
    3576 3576 3576 3614 3614 3614 3614 3614 3614 3653 3653 3653 3653
    3692 3692 3692 3692 3692 3692 3692 3692 3692 3692 3692 3692 3692
    3692 3692 3692 3653 3653 3614 3576 3576 3576 3576 3539 3539 3539
    3503 3468 3433 3433 3399 3399 606 602 601 598 598 597 597 597 602
    610 611 0 0 0 0 0 0 0 3178 3178 3149 3149 3149 3149 3208 3208 3208
    3208 3238 3238 3238 3238 3238 3269 3269 3269 3269 3300 3300 3333
    3333 3333 3333 3333 3333 3333 3365 3365 3365 3365 3365 3365 3365
    3365 3433 3433 3468 3468 3468 3468 3468 3433 3433 3503 3539 3539
    3539 3539 3539 3539 3539 3539 3576 3614 3614 3614 3614 3653 3653
    3653 3653 3653 3653 3692 3692 3692 3692 3692 3692 3692 3692 3692
    3692 3692 3692 3692 3692 3692 3692 3692 3692 3614 3576 3576 3576
    3576 3539 3539 3539 3468 3433 3433 3399 3399 3399 606 602 602 600
    600 598 598 599 602 610 611 0 0 0 0 0 0 0 3149 3178 3178 3178 3178
    3178 3178 3208 3208 3208 3238 3238 3238 3238 3238 3269 3269 3269
    3269 3300 3300 3300 3300 3333 3333 3333 3333 3333 3333 3365 3365
    3365 3365 3365 3365 3399 3433 3433 3468 3468 3503 3468 3433 3433
    3433 3503 3539 3539 3539 3539 3539 3539 3539 3539 3576 3614 3614
    3614 3614 3653 3653 3653 3653 3653 3653 3692 3692 3692 3692 3692
    3692 3692 3692 3692 3692 3692 3692 3692 3692 3692 3692 3692 3692 534
    3576 3576 3576 3576 3539 619 619 619 619 618 616 616 610 606 603 602
    600 600 600 600 600 604 611 611 611 0 0 0 0 0 0 3149 3178 3208 3178
    3178 3178 3178 3208 613 613 612 612 612 3238 3269 3269 3269 3269
    3269 3300 3300 3300 3300 3333 3333 3333 3333 3333 3333 3365 3365
    3365 3399 3365 3365 3399 3468 3468 3468 3503 3503 3468 3433 3433
    3433 3503 3539 3539 3539 3539 3539 3539 3539 3539 3576 3576 3576
    3576 3576 3614 3614 3653 3653 3653 3653 3653 3653 3692 3692 3692
    3692 3692 3692 3692 3692 3692 3692 3692 3692 3692 3692 3692 0 0 534
    3576 3576 3576 618 618 619 618 529 527 527 527 610 606 603 603 601
    601 518 518 600 604 613 611 611 0 0 0 0 0 0 3178 3178 3208 3178 3178
    3178 3178 613 613 613 612 612 612 612 3269 3269 3269 3269 3269 3269
    3269 3333 3333 3333 3365 3333 3333 3333 3333 3365 3365 3399 3399
    3365 3365 3365 3433 3433 3468 3468 3503 3468 3433 3433 3433 3503
    3539 3539 3539 3539 3539 3539 3539 3539 3576 3576 3576 3576 3576
    3614 3614 3614 3614 3614 3653 3653 3653 3692 3692 3692 3692 3692
    3692 3692 3692 3692 3774 3692 3692 3692 535 535 534 534 534 534 534
    534 618 618 530 530 529 527 527 527 527 527 603 603 601 520 518 518
    602 615 614 612 612 0 0 0 0 0 0 3178 3178 3208 3178 3178 3178 3178
    613 613 612 612 612 612 612 3238 3269 3269 3269 0 3269 0 3365 0 3365
    3365 3365 3333 3333 3333 3333 3365 3365 3365 3365 3365 3365 3399
    3399 3399 3399 3399 3468 3468 3468 3503 565 565 565 565 562 561 561
    3539 3576 3576 3576 3576 3576 3576 3539 554 554 3614 3614 547 546
    546 546 3692 3692 3732 3732 3692 3692 3732 3774 3774 3774 3774 540
    535 535 534 534 534 534 534 530 530 529 528 528 529 528 528 528 527
    527 527 527 527 520 519 519 519 615 614 612 612 0 0 0 0 0 0 3208
    3208 3208 3208 3208 3178 3178 613 613 612 612 612 612 613 613 3269
    3238 3238 3238 0 0 0 3365 3365 3333 3333 3333 3333 3333 3333 3365
    3365 3365 3399 3365 3365 3399 3365 3365 3399 3399 3399 568 568 566
    565 565 564 564 562 561 559 558 558 558 3576 557 557 554 554 554 552
    551 550 547 546 546 546 546 546 546 545 545 545 543 543 541 540 540
    540 540 535 534 534 534 534 534 530 530 529 528 528 529 528 528 528
    528 528 527 527 527 523 523 525 525 615 614 614 0 0 0 0 0 0 0 3178
    3178 3178 3208 3208 3178 3178 613 613 612 612 612 612 613 613 3269
    3238 3238 3238 0 0 586 3269 3269 3269 3333 3333 3333 3333 3365 3365
    3365 3399 576 576 576 572 572 572 570 570 569 568 568 566 565 565
    564 563 562 561 559 558 558 558 557 556 555 554 554 554 552 551 550
    549 547 546 546 546 546 546 545 542 542 543 543 541 541 540 540 539
    535 535 534 534 534 534 532 531 529 529 529 529 529 529 529 528 528
    528 527 527 527 525 525 525 525 0 0 0 0 0 0 0 0 0 3178 3178 3178
    3178 3178 3178 3178 614 613 613 613 613 613 613 613 3269 3238 3238
    3238 0 588 586 586 584 584 584 585 584 584 584 579 579 578 576 576
    574 572 572 572 570 570 569 568 567 567 565 565 564 563 562 561 560
    559 559 558 557 556 555 554 554 554 552 551 550 550 549 547 546 546
    546 546 546 542 542 543 544 541 541 540 540 539 537 537 536 535 535
    534 533 533 534 534 531 531 530 530 529 529 529 529 528 528 527 525
    525 525 525 0 0 0 0 0 0 0 0 0 3178 606 604 604 603 603 3178 614 614
    613 613 613 613 613 613 3238 3238 3238 0 0 588 588 586 584 584 584
