<?xml version="1.0"?>
<opencv_storage>
<Depth7115 type_id="opencv-matrix">
  <rows>110</rows>
  <cols>87</cols>
  <dt>w</dt>
  <data>
    4522 4522 4522 4463 4463 4405 4349 4349 4349 4349 4295 4295 4295
    4295 4295 4295 4241 4241 4241 4190 4190 4190 4139 4139 4089 4089
    4089 4041 4041 4041 4041 4041 3994 3994 3948 3948 3948 3903 3903
    3859 3816 3816 3816 3774 3774 3732 3732 3692 3653 856 856 858 862
    864 864 864 3653 3692 3732 894 894 896 894 894 898 898 898 901 901
    901 0 3468 3433 3433 3433 3433 3399 3399 3399 3399 3399 3433 3433
    2317 2317 2317 3468 4522 4522 4522 4463 4463 4405 4349 4349 4405
    4349 4349 4349 4295 4295 4295 4295 4241 4241 4241 4190 4190 4190
    4139 4139 4089 4089 4089 4089 4041 4041 4041 3994 3994 3994 3948
    3948 3948 3903 3903 3859 3816 3816 3816 3816 3774 867 864 862 858
    856 856 858 862 864 864 867 871 873 873 885 885 885 889 894 898 898
    898 901 901 901 901 3433 0 3433 3433 3433 3399 3399 3399 3399 3433
    2286 2271 2271 2301 2301 2301 4522 4522 4463 4463 4463 4405 4405
    4405 4405 4349 4349 4349 4295 4295 4295 4295 4241 4241 4241 4190
    4190 4190 4139 4139 4089 4089 4089 4041 4041 3994 3994 3948 3948
    3994 3948 3948 3948 3948 3903 3859 3859 3859 3859 3859 869 867 864
    862 858 856 856 858 858 862 864 867 871 873 875 880 882 885 887 891
    894 898 898 901 901 901 0 0 3433 3433 3433 3433 3433 3433 3433 3433
    3433 2286 2271 2271 2271 2256 2241 4522 4522 4463 4463 4463 4405
    4405 4405 4405 4405 4405 4349 4295 4295 4295 4295 4241 4241 4241
    4190 4190 4190 4139 4139 4139 4089 4089 4041 3994 3994 3994 3948
    3948 3948 3948 896 889 889 885 885 882 878 873 871 869 867 864 862
    858 858 858 858 858 858 860 867 871 873 875 880 882 882 885 891 894
    898 898 901 901 901 0 0 0 0 3433 3433 3433 3433 3399 2317 2317 2286
    2271 2271 2271 2256 2226 4522 4522 4463 4463 4463 4405 4349 4349
    4349 4405 4405 4349 4349 4295 4295 4241 4241 4241 4190 4190 4139
    4139 4139 4139 4139 4089 4089 4041 3994 3994 3994 3994 906 906 901
    896 889 889 887 882 882 878 873 871 871 867 864 860 858 856 856 856
    856 856 858 867 871 873 875 880 882 882 885 889 894 898 898 901 901
    901 0 0 0 0 0 3399 3399 3433 2317 2301 2301 2286 2271 2256 2256 2241
    2226 4522 4522 4463 4463 4463 4405 4349 4349 4349 4349 4405 4349
    4349 4295 4295 4241 4241 4241 4190 4139 4139 4139 4139 4139 4139
    4139 4089 4089 4089 4089 908 908 906 906 901 896 894 889 887 882 882
    878 873 871 871 867 864 860 858 856 856 856 856 856 858 867 869 871
    875 878 882 882 885 889 891 894 898 901 901 903 0 0 0 0 0 3399 3399
    2286 2286 2286 2286 2271 2256 2256 2256 2226 2212 4522 4522 4463
    4463 4463 4405 4349 4349 4349 4349 4405 4349 4349 4295 4295 4295
    4241 4241 4190 4139 4139 4139 4139 4139 4139 4241 4241 920 920 920
    920 908 908 906 901 896 894 889 887 885 882 878 873 871 871 869 864
    860 858 858 856 856 856 856 858 867 869 871 873 875 880 885 887 889
    891 891 896 898 903 903 906 0 0 0 0 3399 3399 2286 2286 2286 2286
    2256 2256 2256 2256 2226 2212 4522 4522 4522 4522 4463 4405 4405
    4349 4349 4405 4405 4349 4295 4295 4295 4295 4241 4241 4190 4139
    4139 4139 4139 4139 4139 4139 4139 920 920 920 920 906 906 906 901
    901 896 891 887 885 882 878 875 873 873 869 867 862 858 858 856 856
    856 858 864 869 869 871 873 873 878 880 887 889 891 891 894 898 901
    903 906 0 0 0 0 0 3399 2286 2286 2271 2271 2256 2256 2256 2256 2241
    2212 4522 4522 4522 4522 4463 4405 4405 4349 4349 4405 4405 4349
    4295 4295 4295 4295 4295 4241 4190 4190 4139 4139 4139 4139 930 930
    928 920 920 920 918 913 906 906 901 901 896 891 889 887 882 880 875
    873 873 871 867 864 860 858 858 856 856 858 864 867 869 871 873 873
    875 878 885 887 891 891 894 896 901 901 901 0 0 0 0 0 0 2286 2286
    2271 2256 2241 2241 2256 2256 2241 2198 4522 4522 4522 4522 4463
    4405 4405 4405 4405 4405 4405 4349 4295 4295 4295 4241 4241 4295
    4295 4295 954 954 951 948 930 930 928 925 920 920 918 913 908 906
    901 901 896 894 889 887 882 880 875 873 873 869 867 864 862 858 858
    856 856 858 862 867 867 871 873 873 875 878 882 887 891 891 894 896
    898 898 901 0 0 0 0 0 0 2286 2286 2271 2256 2241 2241 2256 2256 2241
    2198 4582 4522 4522 4522 4463 4405 4405 4405 4405 4405 4405 4349
    4349 4295 4295 4241 4241 4295 4295 959 954 954 951 948 943 930 928
    925 920 920 918 913 908 908 901 901 898 894 889 887 882 880 878 875
    873 869 867 864 862 860 858 856 856 858 862 864 867 871 871 873 875
    875 878 885 889 891 894 896 898 898 901 0 0 0 0 0 0 2271 2271 2271
    2256 2241 2241 2256 2256 2241 2226 4582 4522 4522 4522 4463 4463
    4405 4405 4405 4405 4463 4405 4405 4405 4295 4295 4295 970 959 959
    954 951 948 946 940 930 928 925 923 920 918 915 910 908 901 901 898
    891 889 887 882 880 878 875 875 871 867 864 862 860 858 856 856 858
    862 864 864 869 871 873 875 875 878 882 885 889 891 894 898 898 898
    901 0 0 0 0 0 2256 2256 2271 2271 2256 2256 2256 2256 2241 2226 4582
    4522 4522 4522 4463 4463 4405 4405 4349 4349 4463 4463 4463 4463 973
    973 973 970 970 959 954 951 948 946 940 933 930 928 923 920 918 915
    910 908 903 901 898 891 889 887 882 880 878 875 873 871 867 864 864
    862 858 856 856 858 860 864 864 869 871 873 873 875 880 882 885 889
    891 894 896 898 898 901 0 0 0 0 0 2256 2256 2271 2271 2271 2271 2256
    2256 2241 2241 4582 4582 4522 4522 4522 4463 4405 4349 4349 4349
    4463 4463 4463 0 975 973 973 967 964 959 954 951 948 946 943 940 930
    928 923 920 920 918 913 908 906 903 898 891 889 887 882 880 878 875
    873 871 867 864 862 862 858 856 856 856 860 862 867 869 871 873 873
    875 880 882 885 887 891 894 896 898 901 901 0 0 0 0 0 2256 2256 2271
    2271 2271 2271 2256 2256 2241 2226 4582 4582 4522 4522 4522 4463
    4405 4349 4349 4349 4349 998 992 987 975 975 970 967 964 959 954 951
    951 948 943 940 933 928 925 923 920 918 913 908 906 903 898 894 891
    889 885 880 878 875 875 871 867 864 862 862 858 856 856 856 858 862
    864 869 871 871 873 875 880 882 882 887 889 894 894 896 898 898 901
    0 0 0 0 2256 2256 2271 2271 2271 2271 2256 2256 2241 2226 4522 4463
    4463 4522 4522 1044 1041 1041 1041 1001 1001 998 992 987 984 975 970
    967 964 962 956 954 951 948 946 943 940 930 925 923 920 918 913 910
    908 903 901 894 891 889 885 880 878 875 875 873 869 864 864 862 858
    856 856 856 858 860 864 869 871 871 873 875 878 882 882 885 889 891
    894 894 898 898 901 0 0 0 0 2333 2271 2271 2271 2271 2271 2256 2256
    2241 2241 4463 4405 4405 4522 1047 1044 1038 1038 1038 1001 998 998
    992 987 984 973 970 967 964 962 956 954 951 948 943 940 940 930 928
    925 923 918 913 910 908 903 901 896 891 889 887 882 880 878 875 873
    869 864 864 862 858 856 856 856 856 858 864 867 871 871 873 873 878
    880 882 885 889 889 894 894 901 901 903 0 0 0 0 2333 2301 2286 2286
    2271 2271 2256 2256 2241 2241 4295 4405 4405 4405 1041 1041 1031
    1016 1004 1001 998 998 995 987 984 973 970 967 964 962 959 954 951
    948 943 940 938 933 928 925 923 918 915 910 908 906 898 896 894 891
    889 882 880 880 878 873 871 867 864 862 858 856 856 856 856 858 862
    867 869 869 873 873 875 880 882 885 887 889 891 894 901 903 906 0 0
    0 0 0 2317 2301 2301 2271 2271 2256 2256 2241 2241 4295 4295 1034
    1031 1031 1025 1019 1013 1004 1004 1001 998 995 992 984 978 973 970
    964 962 959 956 951 948 943 940 938 933 930 925 923 920 915 910 908
    906 898 896 894 891 889 885 882 880 880 873 871 869 867 862 858 856
    856 854 854 858 862 864 867 867 871 873 875 880 882 885 887 889 891
    894 901 903 906 908 908 0 0 0 2349 2333 2317 2317 2271 2271 2256
    2256 2256 1038 1038 1034 1028 1022 1022 1016 1013 1007 1004 1004 998
    995 992 984 981 975 973 967 962 962 959 956 951 946 940 938 935 930
    928 923 920 915 910 908 906 898 896 894 891 889 885 882 880 878 875
    873 869 867 864 858 856 856 854 854 856 860 862 867 867 871 873 875
