<?xml version="1.0"?>
<opencv_storage>
<Depth12628 type_id="opencv-matrix">
  <rows>16</rows>
  <cols>24</cols>
  <dt>w</dt>
  <data>
    4349 4349 4349 4349 4349 4349 4349 4349 4349 4349 4349 4349 4349
    4295 4295 4295 4190 4190 4190 4190 4190 4295 4295 7178 4349 4349
    4349 4295 4295 4295 4295 4295 4349 4349 4349 4349 4295 4295 4295
    4295 4241 4241 4241 4241 4241 4295 4295 4295 4349 4349 4349 4295
    4295 4295 4295 4295 4349 4349 4349 4295 4295 4295 4295 4295 4295
    4295 4241 4241 4241 4295 4241 4241 4405 4349 4349 4349 4295 4295
    4349 4349 4349 4349 4349 4295 4295 4295 4295 4295 4295 4241 4241
    4241 4241 4295 4241 4241 4349 4349 4349 4349 4295 4295 4349 4349
    4349 4349 4349 4349 4349 4295 4295 4295 4295 4241 4241 4241 4241
    4241 4241 4241 4349 4349 4349 4349 4349 4349 4349 4349 4349 4349
    4349 4349 4349 4295 4295 4295 4295 4241 4241 4241 4241 4241 4241
    4241 4349 4349 4349 4349 4349 4349 4349 4349 4349 4349 4295 4295
    4349 4295 4295 4295 4295 4295 4241 4241 4241 4241 4241 4295 4349
    4349 4349 4349 4349 4349 4349 4349 4349 4349 4295 4295 4295 4295
    4295 4295 4295 4295 4295 4295 4241 4241 4295 4295 4349 4349 4349
    4349 4349 4349 4349 4349 4349 4295 4295 4295 4295 4295 4295 4295
    4349 4349 4295 4295 4241 4241 4295 4241 4405 4349 4349 4349 4349
    4349 4349 4349 4349 4295 4295 4295 4295 4295 4295 4295 4295 4349
    4295 4295 4295 4295 4295 4241 4405 4349 4349 4349 4349 4349 4349
    4349 4349 4349 4295 4295 4295 4295 4295 4295 4295 4349 4295 4295
    4295 4295 4241 4241 4405 4349 4349 4349 4349 4349 4349 4349 4349
    4349 4349 4295 4295 4295 4295 4295 4295 4295 4295 4295 4295 4295
    4241 4241 4349 4349 4349 4349 4349 4349 4349 4349 4349 4349 4349
    4295 4295 4295 4295 4295 4295 4295 4295 4295 4295 4190 4190 4190
    4295 4295 4295 4295 4349 4349 4349 4349 4349 4349 4349 4295 4295
    4295 4295 4295 4295 4295 4295 4295 4241 4190 4190 4190 4295 4295
    4295 4295 4349 4349 4349 4349 4349 4349 4349 4295 4295 4241 4241
    4241 4295 4295 4295 4295 4190 4190 4190 4190 7178 7030 4295 4295
    4349 4349 4349 4349 4349 4349 4349 4295 4295 4241 4241 4190 4190
    4295 4349 6889 4190 4190 4190 7030</data></Depth12628>
</opencv_storage>
