<?xml version="1.0"?>
<opencv_storage>
<Depth15200 type_id="opencv-matrix">
  <rows>90</rows>
  <cols>53</cols>
  <dt>w</dt>
  <data>
    2908 0 0 0 0 0 0 1054 1050 1050 1050 0 1041 1041 1044 1047 1054 1057
    1063 1063 1063 1070 1070 0 0 0 1077 1077 1077 1077 1080 1087 1087
    1087 1087 1090 1090 3178 3178 3208 3269 3238 3238 3269 3300 3333
    3365 3365 3365 3365 3333 3333 3333 2908 0 0 0 0 0 0 1054 1050 1050
    1054 1050 1041 1041 1044 1047 1054 1057 1057 1060 1063 1067 1067
    1067 1070 1070 1070 1073 1077 1077 1080 1087 1087 1087 1087 1090
    1094 1097 1097 1097 3269 3238 3238 3269 3333 3365 3576 3576 3653
    4645 3433 3433 3433 2908 0 0 0 0 0 0 1054 1050 1050 1054 1050 1050
    1050 1050 1054 1054 1057 1057 1060 1063 1067 1067 1067 1070 1070
    1070 1073 1077 1077 1080 1087 1087 1087 1087 1094 1094 1094 1097
    1097 1097 3614 3614 3503 3503 3503 3576 3653 3653 4645 4582 4522
    4522 2908 0 0 0 0 0 0 1054 1050 1050 1054 1054 1050 1050 1050 1050
    1054 1057 1057 1057 1060 1063 1067 1067 1067 1070 1070 1073 1077
    1077 1084 1087 1087 1087 1087 1094 1094 1094 1097 1097 0 3614 3614
    3614 3614 3614 3614 3653 3653 3614 3614 3614 4522 0 0 0 0 0 0 0 0
    1073 1060 1057 1054 1050 1050 1050 1050 1054 1054 1054 1057 1057
    1063 1067 1067 1067 1070 1070 1073 1077 1080 1084 1087 1087 1090
    1090 1094 1097 1097 1097 1097 1101 3614 3614 3614 3614 3614 3614
    3653 3614 3614 3614 3614 3653 4041 0 0 0 0 0 0 0 1073 1073 1060 1054
    1050 1050 1050 1050 1054 1054 1054 1057 1057 1060 1067 1067 1070
    1070 1070 1073 1073 1077 1080 1087 1087 1090 1094 1097 1097 1097
    1097 1101 1101 0 3614 3614 3614 3614 3614 3614 3614 3614 3614 3614
    3653 3994 0 0 0 0 0 1112 1101 1084 1080 1060 1054 1050 1050 1050
    1050 1054 1054 1054 1057 1057 1057 1063 1067 1070 1070 1070 1073
    1073 1077 1080 1084 1087 1087 1094 1097 1097 1097 1097 1101 1101 0
    3614 0 3614 3614 3614 3614 3614 3614 3614 3614 3653 3994 0 0 0 0 0
    1112 1101 1087 1084 1063 1054 1054 1050 1050 1054 1054 1054 1054
    1057 1057 1057 1063 1067 1070 1070 1070 1070 1073 1077 1080 1084
    1087 1087 1094 1094 1097 1097 1097 1097 1097 0 0 0 3614 3614 3614
    3614 3614 3614 3614 3614 3653 4041 0 0 0 0 1119 1112 1105 1090 1084
    1063 1057 1054 1050 1050 1050 1054 1054 1054 1057 1057 1060 1063
    1067 1067 1070 1070 1070 1073 1077 1080 1084 1084 1087 1090 1090
    1097 1097 1097 1097 0 0 0 0 3653 3614 3614 3614 3614 3653 3653 3653
    3653 0 0 0 0 0 1119 1115 1108 1090 1084 1063 1057 1054 1050 1050
    1050 1054 1054 1054 1057 1057 1060 1063 1067 1067 1070 1070 1070
    1073 1077 1077 1084 1084 1087 1090 1090 1094 1097 1097 1097 1097 0 0
    3614 3614 3614 3653 3614 3614 3653 3653 3653 3692 0 0 1185 1185 1185
    1115 1115 1112 1097 1090 1080 1060 1054 1054 1050 1050 1050 1054
    1054 1057 1057 1057 1060 1063 1067 1067 1070 1070 1073 1077 1077
    1084 1084 1087 1090 1090 1094 1097 1097 1097 0 0 0 3614 3614 3614
    3614 3614 3614 3653 3653 3653 4463 0 0 1185 1185 1185 1185 1130 1130
    1097 1090 1084 1060 1057 1054 1050 1050 1050 1054 1054 1057 1057
    1057 1060 1063 1063 1067 1070 1070 1073 1077 1077 1084 1084 1087
    1090 1090 1094 1097 1097 1097 1097 0 0 3576 3576 3576 3614 3614 3614
    3614 3614 4405 4405 0 0 1185 1185 1181 1173 1173 1173 1105 1090 1084
    1077 1060 1054 1054 1054 1054 1054 1054 1057 1057 1057 1060 1063
    1063 1067 1067 1070 1073 1077 1077 1084 1084 1087 1090 1090 1097
    1097 1097 1097 0 1101 0 0 3576 3576 3653 3614 3614 3614 3614 4349
    4349 0 1189 1185 1185 1177 1157 1149 1149 1108 1090 1084 1080 1060
    1054 1054 1054 1054 1054 1054 1057 1057 1057 1060 1063 1063 1067
    1067 1070 1073 1077 1077 1084 1084 1087 1087 1094 1094 1097 1101
    1101 1101 1101 0 0 3614 3614 3653 3653 3653 3653 4405 4349 4349 0
    1189 1189 1185 1165 1157 1149 1115 1108 1105 1090 1084 1063 1054
    1054 1054 1054 1054 1057 1057 1057 1057 1060 1063 1063 1067 1067
    1070 1073 1073 1077 1080 1084 1087 1087 1090 1094 1097 1097 1097
    1097 1097 0 0 0 3653 3653 3653 4405 4463 4405 4349 4349 0 1193 1193
    1185 1165 1157 1145 1115 1112 1108 1097 1084 1077 1054 1050 1050
    1050 1054 1057 1057 1057 1060 1063 1067 1067 1067 1067 1070 1070
    1073 1077 1080 1084 1087 1087 1087 1094 1097 1097 1097 1097 1097 0 0
    0 4349 4349 4405 4405 4463 4463 4405 4405 1223 1210 1202 1189 1165
    1157 1141 1130 1115 1108 1101 1087 1080 1054 1050 1050 1050 1054
    1057 1057 1057 1057 1063 1063 1067 1067 1067 1070 1070 1073 1077
    1084 1087 1087 1087 1087 1090 1097 1101 1097 1097 1097 1097 0 0 4349
    4349 4405 4405 4463 4463 4463 4463 1223 1214 1206 1193 1169 1161
    1141 1130 1119 1112 1105 1090 1070 1057 1050 1050 1050 1054 1054
    1057 1057 1057 1060 1063 1067 1067 1067 1070 1070 1073 1077 1084
    1087 1087 1087 1087 1090 1097 1101 1101 1101 1101 0 0 4463 4463 4463
    4463 4463 4463 4463 4522 4522 1236 1219 1206 1193 1173 1161 1145
    1130 1119 1112 1105 1094 1070 1060 1054 1050 1050 1054 1054 1057
    1057 1057 1060 1063 1063 1067 1067 1070 1070 1073 1077 1084 1084
    1087 1087 1087 1090 1097 1097 1101 1101 1101 0 0 0 4522 4463 4463
    4463 4463 4463 4522 4522 1236 1223 1214 1197 1173 1161 1149 1138
    1123 1115 1108 1097 1073 1060 1054 1050 1050 1054 1054 1054 1057
    1057 1060 1063 1063 1067 1067 1070 1070 1073 1077 1084 1084 1087
    1087 1087 1090 1094 1097 1101 1101 1101 0 0 0 4522 4463 4463 4463
    4463 4463 4522 4522 1232 1227 1219 1189 1177 1165 1153 1145 1130
    1115 1105 1097 1073 1060 1057 1054 1054 1054 1054 1054 1057 1057
    1060 1063 1063 1067 1070 1070 1070 1073 1077 1080 1084 1087 1087
    1087 1090 1094 1097 1097 1101 1101 1101 0 4405 0 4405 4405 4405 4405
    4463 4522 4522 1232 1227 1219 1189 1181 1169 1157 1149 1134 1119
    1105 1097 1073 1060 1057 1054 1054 1054 1054 1054 1057 1057 1057
    1063 1063 1067 1070 1070 1070 1073 1073 1080 1087 1087 1087 1090
    1090 1094 1097 1097 1101 1101 0 0 0 0 4405 4405 4405 4405 4463 4522
    4522 1236 1227 1223 1210 1185 1169 1157 1149 1138 1126 1105 1097
    1073 1060 1057 1054 1054 1054 1054 1054 1057 1057 1057 1060 1063
    1067 1070 1070 1070 1073 1073 1084 1087 1087 1087 1090 1090 1094
    1097 1101 1101 1101 0 0 0 0 4463 4463 4463 4463 4463 4463 4463 1236
    1232 1223 1219 1185 1173 1161 1149 1138 1126 1115 1090 1073 1063
    1057 1054 1054 1054 1054 1054 1057 1057 1057 1057 1063 1067 1067
    1070 1070 1073 1077 1084 1084 1087 1087 1090 1090 1090 1094 1101
    1101 1101 0 1101 0 4522 4522 4522 4463 4463 4463 4463 4463 1236 1232
    1227 1223 1185 1173 1165 1153 1134 1126 1119 1090 1073 1067 1060
    1054 1054 1054 1054 1054 1057 1057 1057 1057 1063 1067 1067 1070
    1073 1073 1077 1084 1084 1087 1087 1090 1090 1090 1094 1101 1101
    1101 1101 0 0 0 4582 4522 4522 4522 4463 4463 4522 1232 1232 1227
    1223 1185 1173 1165 1153 1134 1130 1119 1097 1084 1070 1060 1057
    1054 1054 1054 1054 1057 1057 1057 1057 1060 1067 1067 1070 1070
    1070 1077 1084 1084 1084 1084 1090 1090 1090 1097 1097 1101 1101
    1101 1101 0 4582 0 4582 4522 4522 4463 4463 4463 0 1232 1227 1223
    1214 1177 1169 1153 1141 1130 1119 1101 1084 1073 1067 1060 1054
    1054 1054 1054 1054 1057 1057 1057 1060 1067 1067 1070 1070 1070
    1073 1084 1084 1084 1084 1087 1090 1090 1097 1097 1101 1105 1105 0 0
    0 0 4522 4522 4522 4522 4463 4463 1232 1232 1227 1223 1219 1185 1173
    1157 1145 1138 1123 1101 1087 1073 1070 1060 1054 1054 1054 1054
    1054 1057 1057 1060 1060 1067 1067 1070 1070 1070 1073 1084 1084
    1084 1084 1087 1090 1094 1097 1101 1101 1105 1108 0 0 0 0 4522 4463
    4463 4522 4522 4463 0 1232 1232 1227 1214 1189 1177 1161 1149 1138
    1126 1101 1094 1087 1070 1063 1057 1054 1054 1054 1057 1057 1057
    1060 1060 1063 1067 1067 1070 1070 1080 1084 1084 1087 1087 1087
    1090 1094 1097 1101 1101 1105 1105 0 1101 0 4522 4522 4463 4463 4522
    4522 4522 0 1236 1232 1227 1214 1189 1177 1161 1153 1138 1126 1101
    1094 1090 1073 1063 1057 1054 1054 1054 1057 1057 1057 1060 1060
