<?xml version="1.0"?>
<opencv_storage>
<Depth17101 type_id="opencv-matrix">
  <rows>74</rows>
  <cols>51</cols>
  <dt>w</dt>
  <data>
    4089 4089 4041 4041 4041 4041 3994 3994 3994 3948 3903 3859 3859
    3816 3816 3816 3816 3816 3816 3774 3774 3732 3692 3692 3653 3653
    3653 3653 3614 3576 3576 3539 3539 3539 3539 1529 1523 1523 1516
    1516 1516 1516 3433 3433 3399 3365 3365 3365 3365 3333 3333 4089
    4089 4041 4041 4041 3994 3994 3994 3948 3948 3903 3859 3859 3816
    3816 3816 3816 3816 3816 3774 3732 3692 3692 3692 1489 1489 1489
    1489 1489 1489 1489 1489 1496 1496 1503 1523 1523 1523 1516 1516
    1516 1516 1516 3399 3399 3365 3365 3365 3365 3333 3333 4089 4041
    1477 1470 1470 1470 1458 1458 1452 1452 3903 3859 3859 3859 3816
    1464 1464 1470 1470 1470 1470 1470 1470 1470 1477 1477 1483 1483
    1483 1483 1489 1489 1496 1496 1496 1509 1516 1509 1470 1470 1509
    1509 1464 3365 3365 3365 3365 3365 3333 3333 3333 4089 1477 1470
    1464 1464 1464 1458 1452 1452 1445 1445 3948 3859 1439 1439 1439
    1445 1452 1458 1458 1464 1464 1470 1470 1470 1470 1464 1464 1464
    1470 1477 1477 1477 1477 1470 1470 1464 1452 1452 1458 1458 1458
    1464 1452 1452 3365 3365 3365 3333 3333 3333 4089 1464 1464 1458
    1458 1452 1445 1445 1439 1398 1387 1387 1392 1439 1439 1439 1439
    1439 1445 1445 1445 1458 1464 1464 1464 1452 1433 1433 1433 1439
    1445 1445 1439 1439 1439 1445 1445 1445 1445 1445 1452 1452 1452
    1445 1445 1445 1445 1445 1445 3399 3333 4089 1464 1458 1452 1445
    1445 1439 1439 1404 1381 1376 1376 1387 1392 1433 1433 1427 1427
    1421 1421 1421 1421 1421 1415 1415 1415 1421 1421 1421 1421 1427
    1427 1427 1427 1427 1433 1433 1439 1439 1439 1445 1445 1445 1445
    1445 1445 1445 1445 1445 1445 3365 1464 1464 1458 1452 1445 1439
    1433 1392 1381 1381 1376 1376 1381 1381 1392 1410 1410 1404 1404
    1404 1404 1410 1410 1404 1404 1404 1410 1415 1415 1421 1421 1421
    1421 1421 1427 1427 1427 1433 1433 1439 1439 1439 1445 1445 1445
    1445 1445 1445 1445 1445 3300 1464 1464 1458 1452 1439 1433 1421
    1387 1381 1376 1376 1376 1376 1376 1381 1392 1392 1398 1398 1398
    1398 1398 1398 1398 1398 1398 1410 1415 1415 1415 1415 1415 1415
    1421 1421 1421 1427 1427 1427 1433 1433 1439 1439 1445 1445 1445
    1445 1445 1445 1445 3300 1470 1464 1458 1452 1433 1427 1415 1387
    1376 1376 1376 1376 1376 1376 1376 1381 1387 1392 1392 1392 1392
    1392 1398 1398 1398 1398 1410 1410 1415 1415 1415 1415 1415 1421
    1421 1421 1427 1427 1427 1433 1433 1439 1439 1445 1445 1445 1445
    1445 1445 1445 3269 1470 1464 1458 1452 1433 1421 1415 1387 1376
    1376 1376 1376 1376 1376 1376 1381 1381 1387 1392 1392 1392 1392
    1398 1398 1398 1398 1410 1410 1415 1415 1415 1415 1415 1421 1421
    1421 1427 1433 1433 1433 1433 1439 1439 1445 1445 1445 1445 1445
    1445 1445 3269 1470 1464 1458 1445 1433 1421 1415 1387 1381 1376
    1376 1376 1376 1376 1376 1381 1381 1387 1387 1392 1392 1392 1398
    1398 1398 1398 1410 1415 1415 1415 1415 1415 1415 1421 1421 1421
    1427 1433 1433 1433 1433 1439 1439 1439 1439 1439 1445 1445 1445
    1445 1445 1470 1464 1458 1445 1433 1421 1404 1392 1381 1376 1376
    1376 1376 1376 1376 1381 1381 1387 1387 1392 1392 1392 1398 1398
    1398 1404 1410 1415 1415 1415 1415 1415 1415 1421 1421 1421 1427
    1433 1433 1439 1439 1439 1439 1439 1439 1439 1445 1445 1445 1445
    1445 1470 1464 1458 1445 1433 1421 1404 1392 1387 1376 1376 1376
    1376 1376 1381 1381 1381 1387 1387 1392 1392 1392 1398 1398 1398
    1404 1410 1410 1410 1415 1415 1415 1415 1421 1421 1421 1427 1433
    1433 1433 1439 1439 1439 1439 1439 1439 1445 1445 1445 1445 1445
    1470 1464 1458 1445 1433 1421 1404 1392 1387 1376 1376 1376 1376
    1376 1381 1381 1381 1387 1387 1392 1392 1392 1398 1398 1398 1404
    1410 1410 1410 1415 1415 1415 1415 1421 1421 1421 1427 1433 1433
    1433 1433 1439 1439 1439 1439 1439 1445 1445 1445 1445 1445 1464
    1464 1458 1445 1433 1421 1404 1392 1387 1381 1376 1376 1376 1376
    1376 1381 1381 1387 1387 1392 1392 1392 1398 1398 1398 1404 1410
    1415 1415 1415 1415 1415 1415 1421 1421 1421 1427 1427 1433 1433
    1433 1439 1439 1439 1439 1445 1445 1445 1445 1452 1452 1464 1464
    1458 1445 1433 1421 1404 1392 1387 1381 1376 1376 1376 1376 1376
    1381 1381 1387 1387 1392 1392 1392 1398 1398 1398 1404 1410 1410
    1415 1415 1415 1415 1415 1415 1421 1421 1427 1427 1433 1433 1439
    1439 1439 1439 1445 1445 1445 1445 1445 1452 1452 1464 1464 1458
    1445 1439 1415 1398 1392 1387 1381 1376 1376 1376 1376 1376 1381
    1381 1387 1392 1392 1392 1392 1398 1398 1398 1404 1410 1410 1415
    1415 1415 1415 1415 1415 1421 1421 1421 1427 1433 1439 1439 1439
    1439 1439 1445 1445 1445 1445 1445 1452 1452 1464 1464 1458 1445
    1439 1415 1398 1392 1387 1381 1376 1376 1376 1376 1376 1381 1381
    1387 1392 1392 1392 1392 1398 1398 1398 1404 1410 1410 1415 1415
    1415 1421 1415 1415 1421 1421 1421 1427 1427 1439 1439 1439 1439
    1439 1445 1445 1445 1445 1445 1445 1445 1464 1464 1458 1445 1439
    1415 1398 1392 1387 1376 1376 1376 1376 1376 1381 1381 1387 1387
    1387 1392 1392 1392 1398 1398 1398 1404 1410 1410 1410 1415 1415
    1415 1415 1421 1421 1421 1421 1427 1427 1433 1439 1439 1439 1439
    1439 1445 1445 1445 1445 1445 1445 1477 1464 1458 1445 1439 1415
    1398 1392 1387 1376 1376 1376 1376 1376 1381 1381 1381 1387 1387
    1392 1392 1392 1392 1392 1398 1404 1404 1410 1410 1415 1415 1415
    1415 1421 1421 1421 1421 1427 1427 1433 1439 1439 1439 1439 1439
    1445 1445 1445 1445 1452 1452 1477 1464 1458 1445 1439 1415 1398
    1392 1387 1381 1376 1376 1376 1376 1381 1381 1381 1387 1387 1392
    1392 1392 1392 1392 1398 1398 1404 1410 1410 1415 1415 1415 1421
    1421 1421 1421 1427 1427 1427 1433 1439 1439 1439 1439 1439 1445
    1445 1445 1445 1445 1445 1470 1464 1458 1445 1439 1415 1398 1392
    1387 1381 1381 1376 1376 1381 1381 1381 1387 1387 1387 1392 1392
    1392 1392 1392 1398 1398 1404 1410 1410 1415 1415 1415 1421 1421
    1421 1421 1427 1427 1427 1433 1439 1439 1439 1439 1445 1445 1445
    1445 1445 1445 1445 1470 1464 1458 1445 1439 1415 1398 1392 1387
    1381 1381 1381 1381 1381 1381 1381 1387 1387 1387 1392 1392 1392
    1398 1398 1398 1398 1404 1410 1410 1415 1415 1421 1421 1421 1421
    1427 1433 1433 1433 1433 1433 1439 1439 1439 1439 1445 1445 1445
    1445 1452 1452 1470 1464 1458 1445 1439 1415 1404 1392 1387 1381
    1381 1381 1381 1381 1381 1381 1387 1387 1387 1392 1392 1398 1398
    1398 1398 1398 1404 1410 1410 1415 1415 1415 1415 1421 1421 1427
    1427 1433 1433 1433 1433 1439 1439 1439 1439 1439 1445 1445 1445
    1445 3269 1470 1464 1458 1445 1439 1415 1404 1392 1387 1376 1376
    1381 1381 1381 1381 1381 1387 1387 1392 1392 1392 1398 1398 1398
    1398 1398 1404 1410 1410 1415 1415 1415 1415 1421 1421 1421 1427
    1427 1433 1433 1433 1439 1439 1439 1439 1439 1445 1445 1445 1445
    1445 1464 1464 1458 1445 1439 1415 1404 1387 1381 1376 1376 1376
    1381 1381 1376 1376 1387 1387 1392 1392 1398 1398 1398 1398 1398
    1404 1404 1410 1410 1415 1415 1415 1415 1415 1421 1421 1427 1427
    1433 1433 1433 1439 1439 1439 1439 1439 1445 1445 1445 1445 1445
    4139 1458 1458 1445 1439 1415 1404 1387 1381 1376 1376 1376 1376
    1381 1376 1376 1387 1387 1392 1392 1392 1398 1398 1398 1398 1404
    1404 1410 1410 1410 1415 1415 1415 1415 1421 1421 1427 1427 1433
    1433 1439 1439 1439 1439 1439 1445 1445 1445 1445 1445 1445 4190
    1458 1458 1445 1439 1415 1404 1387 1381 1376 1376 1376 1376 1381
    1376 1376 1387 1387 1392 1392 1392 1398 1398 1398 1404 1404 1410
    1410 1410 1410 1415 1415 1415 1415 1421 1421 1427 1427 1433 1433
    1439 1439 1439 1439 1439 1445 1445 1445 1445 1445 1445 4190 1464
    1458 1445 1439 1415 1398 1387 1381 1376 1376 1376 1376 1381 1381
    1381 1381 1387 1392 1392 1392 1398 1398 1398 1404 1404 1410 1410
    1410 1415 1415 1421 1421 1421 1421 1421 1433 1433 1433 1439 1439
    1439 1439 1439 1445 1445 1445 1445 1445 1445 1445 1470 1464 1458
