<?xml version="1.0"?>
<opencv_storage>
<Depth2202 type_id="opencv-matrix">
  <rows>5</rows>
  <cols>10</cols>
  <dt>w</dt>
  <data>
    9593 9593 9593 9593 9593 9593 9593 9593 9593 9593 9593 9870 9593
    9593 9593 9593 9593 9593 9593 9593 9593 9593 9593 9593 9593 9593
    9593 9593 9593 9870 9331 9331 9593 9593 9870 9593 9593 9593 9593
    9870 9331 9331 9870 9870 9870 9593 9593 9870 9870 0</data></Depth2202>
</opencv_storage>
