<?xml version="1.0"?>
<opencv_storage>
<Depth19064 type_id="opencv-matrix">
  <rows>63</rows>
  <cols>80</cols>
  <dt>w</dt>
  <data>
    935 935 938 935 935 935 935 930 930 928 928 925 925 925 925 923 920
    918 918 918 915 915 913 913 910 908 908 908 908 908 903 901 901 901
    898 898 898 898 891 891 891 891 889 889 889 887 885 882 882 882 878
    878 878 878 878 875 873 871 871 873 873 871 869 869 867 864 864 862
    862 862 862 860 856 856 856 0 0 0 0 0 940 940 938 938 935 935 935
    933 930 928 928 925 925 925 925 923 920 918 918 918 915 915 913 913
    910 908 908 906 906 906 901 901 901 901 898 898 898 898 891 891 891
    891 889 889 889 887 885 882 882 882 878 875 875 878 878 875 873 871
    871 873 873 871 869 869 867 864 864 862 862 862 862 860 856 854 854
    0 0 0 0 0 943 943 940 938 938 935 935 935 933 928 928 925 925 923
    923 923 920 920 918 918 915 915 913 913 910 908 908 906 906 903 901
    901 901 901 901 898 896 896 894 891 891 891 889 889 889 887 885 885
    882 882 878 875 875 878 878 875 873 873 873 873 873 871 867 867 867
    864 864 864 862 862 862 860 854 851 851 0 0 0 0 0 946 946 943 940
    938 938 938 935 933 930 928 925 925 923 923 923 920 918 918 918 915
    915 913 913 910 908 908 908 906 903 901 901 901 901 901 898 896 894
    894 894 891 891 889 887 887 887 885 885 882 882 878 878 878 878 878
    875 873 873 873 873 873 871 867 867 867 867 864 864 864 862 862 860
    854 849 849 0 0 0 0 0 946 946 943 940 938 938 935 935 933 930 928
    925 925 925 925 923 920 918 918 918 915 915 913 913 910 908 908 908
    908 906 906 903 903 903 901 901 896 894 894 891 891 891 889 887 887
    887 885 885 882 882 878 878 878 878 875 875 875 873 873 875 873 871
    867 867 867 867 867 864 864 862 862 862 856 849 849 0 0 0 0 0 948
    946 943 938 938 935 935 933 933 930 928 928 925 925 925 923 920 918
    918 918 915 915 915 913 910 908 908 908 908 906 906 903 901 901 901
    898 896 894 894 891 891 891 889 889 887 887 887 885 882 882 880 880
    878 878 875 875 873 873 873 873 873 871 867 867 867 867 867 864 864
    862 862 862 860 851 851 858 0 0 0 0 946 943 943 938 938 935 935 933
    933 930 928 928 925 925 925 923 920 918 918 918 915 915 918 915 910
    908 908 908 908 906 906 903 901 901 901 898 896 896 894 894 891 891
    889 889 889 887 887 885 882 882 882 880 878 878 875 873 873 873 873
    873 873 871 869 869 867 867 867 864 864 862 862 862 860 858 858 858
    0 0 0 0 938 938 940 940 938 938 935 933 933 930 928 928 928 925 925
    923 920 920 918 918 915 915 918 915 913 910 910 908 908 906 906 903
    903 901 901 898 896 896 894 894 891 891 889 889 889 887 887 885 882
    882 882 880 880 875 875 873 873 873 873 873 871 871 869 869 867 867
    864 862 862 864 862 862 860 858 858 858 0 0 0 0 938 938 940 940 938
    938 935 933 933 930 928 928 928 925 925 923 923 920 918 918 918 918
    918 915 913 910 910 908 908 906 906 903 903 901 901 898 896 896 894
    894 891 891 891 889 889 889 887 887 885 882 882 882 880 875 875 875
    873 873 873 873 871 871 869 869 867 867 864 862 862 864 862 862 858
    858 858 858 0 0 0 0 935 935 940 940 938 938 935 933 933 933 930 928
    928 925 925 925 923 923 920 918 918 918 918 918 915 913 910 910 908
    908 906 906 903 901 901 898 896 896 894 894 891 891 891 889 889 887
    887 885 885 882 882 882 880 875 875 875 873 873 873 873 871 869 869
    867 867 867 864 864 864 864 862 860 858 858 858 858 0 0 0 0 935 935
    940 940 938 938 935 933 933 930 930 930 928 928 925 925 925 923 920
    918 918 918 918 918 915 913 910 908 908 908 906 906 903 901 901 898
    896 896 894 894 891 891 891 889 889 887 887 885 882 882 882 882 880
    875 875 875 873 873 873 873 871 869 869 867 867 867 864 864 864 864
    862 860 858 858 858 858 0 0 0 0 930 935 940 940 940 938 935 933 933
    930 930 930 928 928 925 925 925 923 920 918 918 918 918 918 915 913
    910 908 908 908 908 906 906 901 901 898 896 896 894 891 891 891 891
    889 889 887 887 885 882 882 882 882 880 875 875 875 873 873 873 873
    873 871 869 867 867 867 864 864 864 864 862 862 860 858 858 860 0 0
    0 0 930 935 943 943 940 938 938 933 933 930 930 930 928 928 928 925
    925 923 923 918 918 918 918 918 915 913 910 910 908 908 908 906 906
    901 901 898 896 896 894 891 891 891 891 889 889 887 887 885 885 882
    882 880 880 878 878 875 873 873 873 873 873 871 869 867 867 864 864
    864 862 862 862 862 862 858 858 858 0 0 0 0 928 930 940 940 940 938
    938 933 933 930 930 930 928 928 925 925 925 923 923 918 918 918 918
    915 915 913 910 910 910 908 908 908 906 903 901 898 898 896 894 894
    891 891 891 889 889 887 887 885 885 882 882 880 880 880 878 875 873
    873 873 873 873 871 869 867 867 864 864 864 862 862 862 862 862 858
    858 858 0 0 0 0 928 930 938 940 940 938 938 933 933 930 930 930 928
    928 925 925 925 923 923 918 918 918 918 915 915 913 910 910 910 908
    908 908 906 903 901 898 898 898 894 894 891 891 891 891 889 889 887
    885 885 882 882 880 880 880 878 875 873 873 873 873 873 871 869 869
    867 864 864 864 862 862 862 862 860 858 858 858 858 0 0 0 0 938 938
    938 938 938 938 935 935 933 930 930 928 928 925 925 925 923 923 920
    918 918 918 915 915 913 913 910 910 908 908 908 906 903 901 898 898
    898 896 894 894 891 891 891 889 889 887 887 885 882 882 880 880 880
    878 875 873 873 873 873 873 871 871 869 867 864 864 864 862 862 860
    860 860 858 858 856 856 0 0 0 0 0 938 938 938 938 938 935 935 933
    930 930 928 928 925 925 923 923 920 920 920 918 918 915 915 913 910
    910 908 908 908 906 906 903 901 898 898 898 896 896 894 891 891 891
    889 889 887 887 885 882 882 880 880 880 878 875 873 873 873 873 873
    871 871 869 867 867 867 864 862 862 860 860 860 858 858 856 856 856
    0 0 0 0 943 938 938 938 938 938 935 933 930 930 928 928 925 925 923
    923 920 918 918 918 918 915 915 913 910 910 908 908 908 906 906 903
    901 898 898 898 896 896 894 891 891 891 889 889 887 887 885 882 882
    880 880 880 878 875 873 873 873 873 873 871 871 869 867 867 867 864
    864 862 860 860 860 858 858 858 856 856 0 0 0 0 0 938 938 938 938
    938 935 933 933 930 928 928 925 925 923 923 920 918 918 918 918 915
    915 913 910 910 908 908 908 908 906 901 901 898 898 898 896 896 894
    891 891 891 889 889 889 887 885 882 882 880 880 880 878 878 875 873
    873 873 873 871 871 869 867 867 867 867 864 862 860 860 860 860 860
    856 854 854 0 0 0 0 0 938 938 938 938 935 935 933 933 930 928 928
    925 925 925 923 923 920 918 918 918 915 915 913 910 908 908 908 908
    908 906 901 901 898 898 898 896 896 894 894 891 891 889 889 889 889
    885 882 882 882 880 880 878 878 875 873 873 873 873 871 871 869 867
    864 864 864 864 862 860 860 860 860 858 856 854 854 0 0 0 0 0 0 940
    938 938 935 935 935 933 930 930 928 925 925 925 923 923 920 918 918
    918 918 915 913 910 908 908 908 908 908 906 901 901 898 898 898 896
    896 894 894 891 889 889 889 889 889 885 882 882 882 880 880 880 878
    875 873 873 873 873 871 871 869 867 864 864 864 864 862 862 860 860
    860 858 856 854 854 0 0 0 0 0 0 940 938 938 935 935 935 935 933 930
    928 928 925 925 923 923 920 918 918 918 918 918 913 910 910 910 908
    908 908 906 901 901 898 898 898 896 896 896 894 891 889 889 889 889
    889 887 885 882 882 882 880 880 878 875 873 873 873 873 873 871 869
    867 864 864 864 864 862 860 860 860 860 858 856 854 854 0 0 0 0 0 0
    943 940 938 935 935 935 935 933 930 930 928 925 925 923 920 920 918
    918 918 918 918 913 910 910 910 908 908 908 908 908 901 901 898 898
    898 896 896 894 891 891 889 889 889 887 887 885 882 882 880 880 880
    878 875 873 873 873 873 873 871 869 867 867 864 864 862 862 860 860
    860 860 858 856 856 843 843 0 0 0 0 0 943 940 938 935 935 935 935
    933 930 930 928 925 925 923 920 918 918 918 918 918 918 915 913 910
    910 908 908 908 908 908 901 901 898 898 898 898 896 894 891 891 889
    889 889 887 887 885 882 882 880 880 878 878 875 873 873 873 873 873
