<?xml version="1.0"?>
<opencv_storage>
<Depth16477 type_id="opencv-matrix">
  <rows>7</rows>
  <cols>32</cols>
  <dt>w</dt>
  <data>
    4190 4190 4241 4190 4190 4190 4241 4241 4241 4241 4241 4241 4241
    4190 4190 4241 4241 4241 4241 4241 4241 4241 4241 4190 4190 4190
    4190 4190 4190 4190 4190 4190 4190 4241 4241 4241 4241 4241 4241
    4241 4241 4241 4241 4241 4241 4190 4190 4241 4241 4241 4241 4241
    4241 4241 4241 4190 4190 4190 4190 4190 4190 4190 4190 4190 4241
    4241 4241 4241 4241 4241 4241 4241 4241 4241 4241 4241 4241 4241
    4241 4295 4241 4241 4241 4241 4241 4241 4241 4241 4241 4190 4190
    4190 4190 4241 4190 4190 0 4241 4241 4241 4241 4241 4241 4241 4241
    4241 4241 4241 4241 4241 4241 4241 4241 4241 4241 4241 4295 4295
    4295 4241 4241 4190 4190 4190 4190 4241 4241 4241 0 4295 4295 4241
    4241 4295 4241 4241 4241 4241 4241 4241 4241 4241 4241 4241 4241
    4295 4295 4241 4241 4241 4241 4241 4241 4241 4241 4190 4190 4241
    4241 2639 0 4349 4295 4241 4241 4295 4295 4241 4241 4241 4241 4241
    4241 4295 4295 4295 4241 4241 4241 4241 4241 4241 4241 4241 4241
    4241 4241 4241 2659 2659 2659 2639 0 0 0 4241 4241 4295 4295 4241
    4241 4241 4241 4241 2432 2432 4295 4295 4241 4241 4241 4295 4295
    4190 4190 4190 4190 4241 4241 2659 2659 2659 2659 2639</data></Depth16477>
</opencv_storage>
