<?xml version="1.0"?>
<opencv_storage>
<Depth7191 type_id="opencv-matrix">
  <rows>66</rows>
  <cols>89</cols>
  <dt>w</dt>
  <data>
    3903 3903 3994 3994 3994 3994 3948 3948 3948 3948 3948 3994 3994
    3994 3994 3994 3994 4041 4041 4089 4089 4041 4041 1404 1398 1392
    1387 1381 1376 1376 1381 1387 1392 1398 4041 4041 4041 4041 4041
    4041 4041 4041 4089 4089 4089 4089 4089 4089 4089 4089 4089 4139
    4139 4089 4089 4139 4139 4139 4139 4139 4139 4139 4139 4139 4139
    4139 4139 4139 4089 4089 4139 4139 4139 4139 4139 4139 4139 4139
    4139 4139 4139 4139 4139 3994 3994 3994 3994 4041 4041 3859 3903
    3994 3994 3948 3948 3948 3948 3948 3948 3948 3994 3994 3994 3994
    3994 3994 3994 4041 4089 4139 4241 4241 1398 1398 1392 1387 1370
    1370 1376 1381 1387 1387 1392 1392 4041 3994 3994 3994 3994 3994
    4041 4089 4089 4089 4089 4089 4089 4089 4089 4089 4089 4089 4089
    4089 4089 4139 4139 4139 4139 4139 4139 4139 4139 4139 4139 4139
    4139 4089 4089 4139 4139 4139 4139 4139 4139 4139 4139 4139 4139
    4139 4089 3994 3994 3994 4041 4041 4041 4041 3859 3903 3948 3948
    3948 3948 3948 3994 3994 3994 3994 3948 3948 3948 3948 3994 3994
    3994 4041 4089 4139 4139 4139 1338 1338 1338 1338 1338 1343 1354
    1370 1376 1381 1387 1387 1387 3994 3994 3994 3994 3994 3994 4041
    4041 4041 4041 4089 4041 4041 4089 4089 4089 4089 4089 4089 4089
    4089 4089 4089 4089 4089 4089 4089 4089 4139 4139 4139 4139 4139
    4139 4139 4139 4089 4089 4139 4139 4139 4139 4139 4139 4089 4089
    3994 3994 3994 4041 4089 4041 4041 3859 3903 3903 3903 3903 3948
    3948 3994 3994 3994 3994 3948 3948 3948 3948 3994 3994 3994 4041
    4089 4089 4089 1338 1338 1338 1333 1333 1333 1333 1338 1343 1365
    1370 1376 1381 1381 1387 1387 4041 3994 3994 3994 4041 4041 4041
    4041 4041 4041 4041 4041 4041 4041 4089 4089 4089 4089 4089 4089
    4089 4089 4089 4089 4089 4089 4089 4089 4089 4089 4089 4139 4139
    4089 4089 4089 4089 4139 4139 4089 4089 4089 4041 3994 3994 4041
    4089 4089 4089 4089 4089 3859 3859 3903 3903 3903 3948 3948 3994
    3994 3994 3994 3948 3948 3948 3948 3994 3994 3994 4041 4089 0 1349
    1338 1338 1333 1328 1328 1328 1328 1333 1338 1338 1359 1359 1365
    1370 1376 1376 1381 1381 4041 4041 4041 4041 4041 4041 4041 4041
    4041 4041 4041 4041 4041 4041 4089 4089 4089 4089 4089 4089 4089
    4089 4089 4089 4089 4089 4089 4089 4089 4139 4089 4089 4089 4089
    4089 4089 4089 4089 4089 4041 3994 3948 3948 3994 4041 4089 4089
    4089 4190 3859 3859 3903 3903 3903 3948 3948 3948 3948 3948 3994
    3948 3948 3948 3948 3948 3948 3994 4041 0 4041 0 1349 1338 1333 1328
    1328 1328 1328 1333 1333 1338 1349 1359 1359 1365 1370 1370 1381
    1381 1381 4089 4089 4041 4041 3994 3994 3994 3994 4041 4041 4041
    4041 4041 4041 4089 4089 4089 4089 4089 4089 4089 4089 4041 4041
    4041 4041 4089 4089 4089 4089 4089 4089 4089 4089 4089 4089 4089
    4089 4041 3994 3948 3948 3994 3994 4041 4089 4139 4190 3859 3859
    3903 3903 3903 3903 3948 3903 3903 3903 3903 3903 3903 3948 3948
    3903 3903 3994 3994 0 0 0 1343 1333 1333 1328 1328 1328 1328 1328
    1328 1328 1333 1349 1354 1359 1359 1365 1381 1381 1387 1387 4041
    4041 4041 3994 3994 3994 3994 3994 3994 3994 3948 3948 3948 3994
    4041 4089 4041 4041 4041 4041 4041 4041 4041 4041 4041 4041 4041
    4089 4089 4089 4089 4089 4089 4089 4089 4089 4089 4041 3994 3903
    3903 3948 3948 3994 4089 4139 4190 3859 3859 3903 3903 3903 3903
    3903 3903 3903 3903 3903 3903 3903 3903 3903 3903 3903 0 3903 0 0
    1338 1338 1333 1333 1328 1328 1328 1328 1328 1328 1322 1322 1333
    1343 1349 1359 1365 1376 1376 1376 1376 1376 4041 4041 3994 3994
    3994 3994 3994 3994 3994 3948 3948 3948 3994 3994 4041 4041 4041
    4041 4041 3994 3994 3994 3994 3994 4041 4041 4089 4089 4089 4089
    4089 4089 4089 4089 4089 4089 4041 3948 3903 3903 3948 3948 3948
    4041 4089 4190 3859 3859 3903 3903 3903 3903 3903 3903 3859 3859
    3903 3903 3903 3903 3903 3903 0 3903 0 1343 0 1338 1338 1333 1333
    1333 1328 1328 1328 1328 1322 1322 1322 1328 1333 1343 1349 1354
    1359 1365 1370 1370 1376 1376 4041 4041 3994 3994 3994 3948 3948
    3948 3948 3948 3994 3994 3994 4041 3994 3994 3994 3994 3994 3994
    3994 3948 3948 3994 3994 3994 3994 4041 4089 4089 4089 4089 4089
    4089 4089 3994 3948 3948 3948 3948 3948 3948 4041 4089 4190 3816
    3816 3859 3903 3903 3903 3903 3859 3859 3859 3859 3903 3903 3903
    3903 0 3903 0 1359 0 1343 1338 1338 1338 1333 1333 1328 1328 1328
    1328 1322 1322 1322 1322 1322 1328 1333 1343 1349 1359 1365 1365
    1370 1365 1365 1365 3994 3994 3994 3948 3948 3948 3948 3948 3948
    3948 3994 3994 3994 3994 3994 3994 3994 3994 3948 3948 3948 3994
    3994 3994 3994 4041 4041 4041 4041 4041 4089 4089 4041 3948 3903
    3903 3948 3948 3994 3994 4041 4089 4190 3816 3816 3859 3903 3903
    3859 3859 3859 3859 3859 3859 3859 3903 3903 3903 0 0 1359 1359 1354
    1343 1338 1338 1338 1333 1333 1328 1328 1328 1328 1322 1322 1322
    1322 1322 1322 1322 1322 1338 1343 1354 1359 1365 1365 1365 1365
    1365 3948 3948 3903 3903 3948 3948 3948 3948 3948 3948 3948 3948
    3994 3994 3994 3994 3994 3948 3948 3948 3948 3948 3994 3994 3994
    3994 3994 3994 4041 4041 4041 3994 3948 3903 3903 3903 3948 3994
    4041 4089 4139 4190 3816 3816 3859 3859 3859 3859 3859 3859 3859
    3859 3859 3859 3859 3903 3903 0 0 0 1359 1354 1349 1343 1338 1338
    1338 1333 1333 1333 1333 1328 1322 1322 1322 1317 1317 1317 1317
    1317 1328 1338 1343 1354 1359 1359 1359 1359 1365 1365 3948 3903
    3903 3948 3948 3948 3948 3948 3948 3948 3948 3948 3948 3994 3948
    3948 3948 3948 3948 3948 3948 3994 3994 3994 3994 3994 3994 3994
    3994 3994 3948 3948 3816 3816 3903 3948 3994 4089 4089 4139 4190
    3816 3816 3859 3859 3859 3859 3859 3859 3859 3859 3859 3816 3816
    3903 3903 0 1359 1359 1359 1354 1349 1343 1343 1338 1338 1333 1333
    1333 1333 1322 1322 1322 1317 1317 1317 1312 1312 1312 1317 1322
    1328 1338 1349 1349 1349 1354 1359 1365 1376 1398 3948 3948 3903
    3903 3903 3948 3948 3948 3948 3948 3948 3948 3948 3948 3948 3948
    3948 3948 3948 3948 3948 3948 3994 3994 3994 3994 3994 3948 3903
    3859 3774 3774 3903 3994 4041 4089 4089 4139 4190 3774 3816 3859
    3859 3859 3859 3859 3859 3859 3859 3816 3774 3774 0 3774 0 1359 1359
    1354 1354 1349 1343 1343 1338 1338 1338 1333 1333 1333 1322 1322
    1322 1317 1317 1317 1312 1312 1312 1317 1317 1322 1322 1328 1338
    1343 1349 1354 1359 1365 1370 1370 3859 3859 3859 3903 3948 3948
    3948 3948 3948 3948 3948 3948 3948 3948 3948 3948 3948 3948 3948
    3948 3948 3948 3994 3994 3994 3948 3903 3859 3816 3774 3774 3903
    3994 4041 4089 4089 4139 4139 3774 3774 3816 3816 3816 3774 3774
    3816 3816 3816 3774 3774 3774 3774 0 0 1359 1359 1354 1349 1349 1343
    1343 1338 1338 1338 1338 1333 1333 1328 1322 1322 1317 1317 1312
    1312 1312 1312 1317 1317 1317 1317 1317 1328 1333 1338 1343 1349
    1354 1359 1365 1365 3859 3859 3903 3903 3903 3948 3948 3948 3948
    3948 3948 3948 3948 3948 3948 3948 3948 3948 3948 3948 3948 3948
    3948 3948 3903 3859 3859 3816 3774 3774 3903 3994 3994 4041 4089
    4139 4139 3774 3774 3816 3816 3816 3774 3774 3774 3774 3816 3774
    3774 3774 0 1359 1354 1354 1354 1354 1349 1349 1343 1343 1338 1338
    1338 1338 1333 1333 1328 1322 1322 1317 1317 1312 1312 1312 1312
    1317 1317 1312 1312 1317 1317 1328 1333 1333 1338 1343 1354 1359
    1359 3774 3774 3774 3859 3903 3903 3903 3903 3903 3903 3903 3903
    3903 3903 3903 3903 3948 3948 3948 3948 3948 3948 3948 3903 3816
    3816 3816 3816 3816 3859 3903 3994 3994 4041 4041 4139 4139 3732
    3774 3816 3816 3816 3774 3774 3774 3774 3774 3774 3774 0 1365 0 1359
    1354 1354 1354 1354 1349 1343 1343 1338 1338 1338 1338 1333 1333
    1328 1322 1322 1317 1317 1312 1312 1312 1312 1317 1312 1312 1312
    1312 1312 1312 1317 1322 1333 1338 1343 1354 1354 1354 3774 3774
    3816 3816 3859 3903 3903 3903 3903 3903 3903 3903 3903 3903 3903
