<?xml version="1.0"?>
<opencv_storage>
<Depth5184 type_id="opencv-matrix">
  <rows>67</rows>
  <cols>41</cols>
  <dt>w</dt>
  <data>
    4405 4405 4405 4405 4405 4405 4405 4405 4463 4463 4463 1616 1616
    1616 1616 1705 1705 1705 1713 1722 1722 1757 1757 1757 4522 4522
    4522 4522 1705 1705 1705 1722 1731 1731 1731 1731 1739 1748 4645
    4522 4522 4405 4405 1680 1671 1671 1671 1671 1680 1680 1671 1632
    1616 1616 1616 1616 1688 1688 1688 1696 1705 1705 1713 1757 1757
    1671 1671 1705 1705 1696 1696 1696 1722 1731 1731 1731 1731 1739
    1739 1748 1748 4645 1671 1671 1671 1671 1671 1671 1671 1671 1671
    1647 1632 1616 1616 1616 1616 1616 1655 1663 1663 1663 1663 1663
    1663 1671 1671 1671 1696 1696 1696 1688 1688 1705 1722 1731 1731
    1731 1731 1731 1739 1739 4522 1671 1671 1671 1663 1663 1663 1663
    1663 1647 1632 1616 1609 1609 1609 1609 1609 1624 1632 1639 1639
    1639 1647 1647 1655 1663 1663 1680 1688 1688 1688 1688 1705 1713
    1722 1722 1722 1731 1731 1731 1731 4522 1671 1671 1671 1663 1663
    1655 1647 1639 1632 1624 1616 1609 1609 1601 1601 1609 1609 1616
    1632 1632 1639 1647 1647 1655 1663 1663 1671 1680 1680 1680 1680
    1705 1705 1713 1713 1713 1722 1722 1731 1731 4522 1680 1671 1671
    1663 1655 1647 1639 1632 1624 1616 1609 1609 1601 1601 1601 1601
    1609 1616 1624 1632 1632 1639 1647 1655 1655 1663 1663 1671 1671
    1680 1680 1705 1705 1713 1713 1713 1722 1722 1722 1722 4522 1680
    1671 1671 1663 1655 1647 1639 1632 1624 1616 1609 1609 1601 1601
    1601 1601 1609 1616 1624 1632 1632 1639 1639 1647 1655 1655 1663
    1671 1671 1671 1696 1705 1705 1705 1705 1713 1722 1722 1722 1731
    1731 1680 1671 1671 1663 1655 1647 1639 1632 1624 1616 1609 1609
    1601 1601 1601 1601 1609 1616 1616 1624 1632 1639 1639 1647 1655
    1655 1663 1663 1663 1671 1696 1696 1705 1705 1705 1713 1722 1722
    1731 1731 1731 1671 1671 1671 1663 1655 1647 1639 1632 1624 1616
    1609 1609 1601 1601 1601 1601 1609 1616 1616 1624 1632 1632 1632
    1639 1647 1655 1663 1663 1663 1671 1696 1696 1705 1705 1705 1713
    1722 1722 1731 1731 4522 1671 1671 1671 1663 1655 1647 1639 1632
    1624 1616 1609 1609 1601 1601 1601 1609 1609 1616 1616 1616 1624
    1632 1632 1639 1647 1655 1663 1663 1663 1671 1688 1696 1696 1705
    1705 1713 1722 1722 1731 1731 4522 1671 1671 1671 1663 1655 1639
    1639 1632 1624 1616 1609 1609 1601 1601 1601 1609 1609 1609 1609
    1616 1624 1632 1632 1639 1655 1663 1663 1663 1663 1663 1688 1696
    1696 1705 1705 1713 1722 1722 1731 1731 4522 1671 1671 1671 1663
    1663 1639 1639 1632 1624 1616 1609 1601 1601 1601 1601 1601 1609
    1609 1609 1616 1624 1632 1632 1639 1655 1663 1663 1663 1663 1663
    1688 1696 1696 1705 1705 1713 1722 1722 1731 1731 4582 1671 1671
    1671 1663 1663 1647 1639 1632 1616 1609 1609 1601 1601 1601 1601
    1601 1609 1609 1609 1616 1624 1632 1632 1639 1647 1663 1663 1663
    1663 1671 1688 1696 1696 1705 1705 1713 1722 1722 1713 1713 1713
    1680 1671 1663 1663 1655 1639 1632 1624 1609 1609 1609 1601 1601
    1601 1601 1601 1609 1609 1609 1616 1624 1632 1632 1639 1647 1663
    1663 1663 1663 1680 1688 1696 1696 1705 1705 1713 1722 1722 1713
    1713 1713 1671 1663 1663 1655 1647 1632 1624 1616 1609 1609 1609
    1601 1601 1601 1601 1601 1601 1609 1616 1624 1624 1632 1632 1639
    1655 1655 1663 1663 1663 1671 1680 1696 1696 1696 1705 1713 1722
    1722 1722 1722 1722 1671 1663 1663 1655 1639 1632 1624 1616 1609
    1609 1609 1601 1601 1601 1601 1601 1601 1609 1616 1624 1632 1632
    1632 1639 1655 1655 1655 1663 1663 1671 1680 1696 1696 1696 1705
    1713 1722 1722 1722 1722 1722 1663 1663 1663 1655 1639 1632 1632
    1624 1616 1609 1609 1601 1594 1594 1601 1601 1609 1609 1609 1624
    1624 1632 1632 1632 1647 1655 1655 1663 1663 1671 1680 1696 1696
    1696 1705 1705 1713 1713 1713 1722 1722 1663 1663 1663 1655 1639
    1632 1632 1624 1616 1609 1609 1601 1594 1594 1601 1601 1601 1609
    1609 1616 1624 1632 1632 1632 1647 1655 1655 1663 1663 1671 1680
    1688 1696 1696 1705 1705 1705 1713 1705 1705 1705 1671 1663 1663
    1655 1639 1639 1632 1624 1616 1609 1601 1601 1594 1594 1594 1601
    1601 1609 1609 1616 1624 1632 1632 1632 1647 1655 1655 1663 1663
    1671 1680 1688 1696 1696 1705 1705 1705 1713 1705 1705 1705 1671
    1671 1663 1663 1647 1639 1632 1624 1609 1609 1601 1601 1594 1594
    1594 1601 1601 1601 1609 1609 1616 1624 1632 1639 1647 1655 1655
    1663 1663 1671 1680 1688 1696 1696 1696 1705 1705 1713 1705 1705
    1705 1671 1663 1663 1663 1647 1639 1632 1624 1609 1609 1601 1601
    1594 1594 1594 1594 1601 1601 1609 1609 1616 1624 1632 1639 1647
    1663 1663 1663 1663 1671 1671 1688 1696 1696 1696 1705 1705 1713
    1713 1713 1713 1671 1663 1663 1647 1639 1639 1632 1624 1609 1609
    1601 1601 1594 1594 1594 1594 1601 1601 1609 1609 1616 1624 1632
    1639 1647 1655 1655 1663 1663 1671 1671 1688 1696 1696 1705 1705
    1705 1722 1722 1731 1731 1663 1663 1663 1647 1639 1639 1632 1624
    1609 1609 1601 1594 1586 1586 1594 1594 1601 1609 1609 1609 1616
    1624 1632 1639 1647 1655 1655 1655 1663 1663 1671 1688 1688 1696
    1705 1705 1713 1722 1722 1731 1731 1663 1663 1663 1647 1639 1632
    1624 1616 1609 1609 1601 1594 1586 1586 1594 1594 1601 1609 1609
    1616 1624 1624 1632 1639 1647 1655 1655 1655 1663 1663 1671 1688
    1688 1696 1705 1705 1713 1722 1722 1722 1722 1663 1663 1663 1647
    1639 1632 1624 1616 1609 1609 1601 1601 1594 1594 1594 1601 1601
    1609 1609 1616 1624 1632 1632 1639 1647 1655 1655 1663 1663 1663
    1671 1680 1688 1696 1696 1705 1713 1713 1713 1722 1722 1663 1663
    1663 1647 1639 1632 1624 1616 1609 1609 1601 1594 1586 1586 1586
    1601 1601 1609 1609 1616 1624 1632 1632 1639 1647 1655 1655 1663
    1663 1663 1671 1680 1688 1696 1696 1705 1705 1713 1713 1713 1713
    4190 1671 1663 1647 1639 1632 1624 1616 1609 1609 1601 1594 1586
    1586 1586 1601 1601 1609 1609 1616 1624 1632 1632 1639 1647 1655
    1655 1663 1663 1671 1671 1680 1688 1696 1705 1705 1705 1713 1713
    1713 1713 1663 1663 1647 1639 1639 1632 1624 1616 1609 1609 1601
    1594 1594 1594 1594 1601 1601 1609 1609 1609 1624 1632 1632 1639
    1639 1647 1655 1663 1663 1671 1671 1680 1688 1696 1705 1705 1705
    1713 1713 1713 1713 1688 1663 1647 1639 1639 1632 1632 1624 1609
    1609 1601 1594 1594 1594 1594 1601 1601 1601 1609 1609 1616 1632
    1632 1639 1639 1647 1647 1655 1663 1671 1671 1680 1680 1696 1696
    1705 1705 1705 1705 1705 1705 1688 1663 1647 1639 1639 1632 1632
    1616 1609 1609 1601 1594 1594 1594 1594 1601 1601 1601 1609 1609
    1609 1624 1632 1632 1639 1639 1647 1655 1663 1663 1671 1680 1680
    1696 1696 1705 1705 1705 1705 1705 1705 1688 1671 1647 1639 1632
    1632 1624 1616 1609 1601 1601 1594 1594 1594 1594 1594 1601 1601
    1609 1609 1609 1616 1632 1632 1632 1639 1647 1655 1655 1663 1671
    1680 1688 1696 1696 1696 1705 1705 1713 1713 1713 1705 1671 1647
    1639 1632 1632 1624 1616 1609 1601 1601 1594 1586 1586 1586 1594
    1601 1601 1609 1609 1609 1616 1624 1632 1632 1639 1647 1655 1655
    1663 1671 1680 1688 1696 1696 1696 1705 1705 1713 1722 1731 1671
    1671 1647 1639 1632 1632 1616 1616 1609 1601 1594 1594 1586 1586
    1586 1594 1601 1601 1601 1609 1609 1616 1616 1632 1639 1639 1647
    1655 1663 1663 1671 1680 1688 1696 1696 1705 1705 1705 1713 1722
    1731 1671 1671 1647 1639 1632 1624 1616 1616 1609 1601 1594 1594
    1586 1586 1586 1594 1594 1601 1601 1609 1609 1616 1616 1632 1639
    1647 1647 1655 1663 1663 1671 1671 1680 1696 1696 1705 1705 1705
    1713 1713 1722 1663 1663 1647 1639 1632 1624 1624 1616 1609 1601
    1594 1586 1579 1579 1579 1586 1594 1601 1601 1609 1609 1616 1616
    1632 1639 1647 1647 1655 1655 1655 1663 1671 1671 1688 1696 1705
    1705 1705 1713 1713 1722 1663 1663 1647 1639 1632 1632 1624 1616
    1609 1601 1594 1586 1579 1579 1579 1586 1594 1601 1601 1601 1609
    1616 1624 1632 1639 1639 1647 1655 1655 1655 1663 1671 1671 1688
    1688 1696 1705 1705 1713 1713 1713 1647 1647 1647 1639 1639 1632
