<?xml version="1.0"?>
<opencv_storage>
<Depth15969 type_id="opencv-matrix">
  <rows>8</rows>
  <cols>28</cols>
  <dt>w</dt>
  <data>
    0 0 0 4911 4911 0 0 0 4842 4774 4774 4774 4774 4774 4708 4708 4774
    4774 4911 4911 4911 0 0 0 0 4582 4582 0 0 0 4774 4774 4842 4842 4842
    4842 4842 4774 4774 4774 4774 4774 4708 4708 4708 4774 4774 4842
    4774 4774 4708 4645 4645 4582 4582 4645 4911 4842 4774 4774 4842
    4842 4842 4842 4842 4842 4774 4774 4774 4774 4708 4708 4708 4774
    4774 4774 4774 4774 4708 4645 4645 4582 4582 4582 4911 4842 4842
    4842 4842 4842 4842 4842 4842 4842 4842 4774 4774 4774 4774 4708
    4708 4774 4774 4774 4708 4708 4708 4645 4645 4582 4582 4582 4911
    4911 4911 4842 4842 4842 4842 4842 4842 4842 4842 4842 4774 4774
    4708 4708 4708 4774 4774 4774 4708 4708 4708 4645 4645 4645 4645
    4582 4911 4911 4911 4842 4842 4842 4842 4842 4842 4842 4842 4842
    4774 4774 4708 4708 4708 4774 4774 4774 4708 4708 4708 4645 4645
    4645 4645 4645 4911 4911 4842 4842 4911 4911 4911 4911 4842 4842
    4842 4842 4842 4774 4774 4774 4774 4774 4774 4774 4708 4708 4708
    4645 4645 4645 4645 4645 4842 4842 4842 4842 4911 4911 4911 4911
    4911 4911 4911 4983 4911 4911 4842 4842 4774 4774 4774 4774 4774
    4708 4708 4645 4645 4708 4708 4708</data></Depth15969>
</opencv_storage>
