<?xml version="1.0"?>
<opencv_storage>
<Depth16807 type_id="opencv-matrix">
  <rows>21</rows>
  <cols>76</cols>
  <dt>w</dt>
  <data>
    2744 2744 2744 2744 2744 2767 2767 2767 2767 2767 2767 2767 2789
    2789 2789 2789 2789 2789 2789 2789 2789 2789 2789 2789 2812 2812
    2812 2812 2812 2812 2812 2812 2812 2812 2812 2812 2812 2812 2812
    2835 2859 2859 2883 2883 2883 2028 2028 2040 2040 2883 2883 2883
    2005 2005 2005 2016 2016 2005 2005 2005 2005 2005 2005 2016 2005
    2005 2005 2005 2005 2005 1993 1993 1970 1959 1452 1445 2723 2723
    2723 2723 2723 2744 2767 2767 2767 2767 2767 2767 2789 2789 2789
    2789 2789 2789 2789 2789 2812 2812 2812 2812 2812 2812 2812 2812
    2812 2812 2812 2812 2812 2812 2812 2812 2812 2812 2016 2016 2859
    2859 2859 2016 2016 2016 2016 2028 2028 2005 2005 2005 2005 2005
    2005 2005 2005 2005 2005 2005 2005 2005 2005 2005 2005 2005 2005
    2005 2005 1993 1993 1993 1959 1936 1452 1439 2723 2723 2723 2723
    2723 2744 2767 2767 2767 2767 2767 2767 2789 2789 2789 2789 2789
    2789 2789 2789 2812 2859 2859 2859 2859 2859 2859 2835 2835 2835
    2835 2835 2835 2812 2040 2028 2028 2016 2016 2016 2005 2005 2005
    2005 2005 2005 2005 2016 2005 1993 1993 2005 2005 2005 2005 2005
    1993 1993 1993 1993 1993 2005 1993 1981 1981 1981 1970 1970 1981
    1970 1959 1959 1947 1936 1926 1439 2723 2723 2723 2723 2723 2744
    2767 2767 2767 2767 2767 2767 2789 2789 2789 2812 2812 2812 2812
    2859 2859 2883 2859 2859 2883 2028 2005 2005 2040 2028 2016 2016
    2016 2016 2016 2016 2016 2016 2016 2005 2005 2005 2005 2005 1993
    1993 1993 1993 1981 1970 1970 1981 1981 1993 1993 1993 1959 1947
    1947 1959 1959 1959 1959 1947 1947 1936 1936 1947 1947 1947 1947
    1947 1936 1936 1926 1439 2723 2723 2723 2767 2767 2767 2767 2767
    2767 2005 2005 1993 1993 2005 2005 2005 2016 2016 2016 2016 2016
    2016 2028 2028 2016 2016 2005 2005 2028 2028 2005 2005 2005 2005
    2005 2016 2016 2016 2005 2005 1993 1981 1981 1981 1970 1970 1970
    1970 1970 1959 1947 1947 1936 1936 1936 1936 1936 1936 1936 1936
    1936 1936 1926 1926 1926 1926 1926 1926 1936 1936 1936 1936 1936
    1936 1936 1427 2723 2723 2744 2767 2789 2789 2789 2016 2005 2005
    1993 1993 1993 1993 1993 2005 2005 2005 2005 2005 1993 1993 2005
    2016 2005 2005 2005 2005 2016 2005 1993 1993 1993 1981 1981 1993
    2005 2005 2005 1981 1970 1959 1959 1947 1947 1947 1947 1947 1947
    1936 1936 1926 1926 1926 1926 1926 1926 1926 1926 1926 1926 1926
    1926 1926 1926 1926 1926 1926 1936 1936 1936 1936 1936 1926 1415
    1415 2767 2744 2744 2789 2812 2812 2812 2005 1993 1993 1981 1970
    1970 1970 1970 1993 1993 1993 1981 1981 1970 1970 1970 1970 1970
    1959 1936 1936 1981 1993 1981 1981 1981 1970 1970 1970 1970 1981
    1970 1936 1936 1915 1915 1926 1926 1926 1926 1926 1926 1926 1926
    1926 1926 1915 1915 1915 1915 1926 1926 1926 1926 1926 1926 1915
    1915 1915 1915 1926 1926 1936 1936 1936 1936 1926 1410 1410 2767
    2767 2767 2789 2789 1981 1981 1981 1981 1970 1970 1959 1959 1959
    1959 1959 1959 1959 1959 1959 1947 1936 1936 1936 1947 1947 1926
    1926 1926 1915 1915 1926 1936 1936 1936 1936 1936 1936 1936 1926
    1926 1915 1915 1926 1926 1926 1926 1926 1926 1926 1926 1915 1915
    1915 1915 1915 1915 1926 1926 1926 1926 1926 1926 1915 1915 1915
    1915 1926 1926 1936 1936 1936 1936 1936 1398 1392 2467 2450 2450
    2789 2789 1970 1970 1970 1970 1959 1959 1947 1947 1936 1926 1926
    1936 1936 1936 1947 1936 1926 1926 1926 1926 1926 1926 1915 1915
    1915 1915 1915 1926 1926 1915 1915 1926 1926 1926 1915 1915 1915
    1915 1915 1915 1926 1926 1926 1926 1926 1926 1915 1915 1926 1926
    1926 1926 1926 1926 1926 1926 1926 1926 1926 1926 1926 1926 1926
    1926 1936 1936 1926 1926 1926 1381 1381 2467 2432 2432 2450 2450
    1947 1947 1947 1947 1947 1936 1936 1926 1926 1926 1915 1915 1915
    1915 1915 1915 1915 1915 1915 1915 1915 1915 1915 1915 1915 1915
    1915 1926 1915 1915 1915 1915 1926 1926 1915 1915 1915 1915 1915
    1915 1926 1926 1926 1926 1926 1926 1926 1926 1926 1926 1926 1926
    1926 1926 1936 1936 1936 1936 1926 1926 1926 1926 1926 1926 1936
    1936 1926 1926 1926 1376 1370 2432 2432 2432 2450 1926 1926 1926
    1926 1926 1926 1926 1915 1915 1915 1915 1904 1883 1853 1853 1883
    1883 1883 1915 1915 1915 1915 1915 1915 1915 1915 1915 1926 1926
    1915 1915 1915 1915 1926 1926 1915 1915 1915 1915 1926 1926 1926
    1926 1926 1926 1926 1926 1926 1926 1926 1926 1926 1926 1926 1936
    1936 1947 1947 1947 1936 1936 1936 1936 1926 1926 1936 1936 1936
    1915 1359 1359 1365 2398 2398 2415 2415 1915 1904 1904 1904 1904
    1904 1904 1904 1904 1904 1894 1883 1843 1843 1843 1843 1873 1873
    1915 1915 1915 1926 1926 1926 1926 1926 1926 1926 1915 1915 1915
    1915 1915 1926 1926 1926 1926 1926 1926 1936 1936 1936 1926 1926
    1926 1926 1926 1926 1926 1936 1936 1936 1926 1926 1936 1947 1947
    1947 1947 1936 1936 1936 1936 1936 1936 1936 1936 1936 1915 1359
    1359 1359 2381 2381 2398 2398 1894 1894 1894 1894 1894 1894 1883
    1883 1873 1873 1873 1843 1833 1833 1823 1823 1873 1873 1926 1926
    1926 1926 1926 1926 1926 1926 1926 1926 1915 1915 1915 1915 1915
    1936 1936 1926 1926 1936 1936 1936 1936 1936 1936 1936 1936 1936
    1926 1926 1936 1936 1936 1936 1936 1936 1936 1936 1936 1936 1947
    1947 1936 1936 1936 1936 1936 1936 1936 1936 1926 1926 1926 1359
    2381 2381 2398 1873 1873 1873 1873 1883 1883 1883 1873 1873 1863
    1863 1853 1823 1823 1813 1804 1804 1873 1873 1926 1926 1926 1926
    1926 1926 1926 1926 1926 1936 1926 1926 1926 1926 1926 1936 1936
    1926 1926 1926 1926 1926 1926 1926 1936 1936 1947 1936 1936 1936
    1936 1936 1936 1936 1936 1936 1936 1936 1936 1936 1947 1947 1947
    1936 1936 1947 1947 1947 1947 1947 1947 1947 1947 1947 2349 2381
    1843 1843 1853 1843 1843 1873 1873 1873 1873 1863 1853 1843 1804
    1804 1804 1804 1766 1748 1748 1926 1926 1926 1926 1926 1926 1936
    1926 1926 1926 1936 1936 1936 1936 1936 1936 1936 1936 1926 1926
    1926 1926 1926 1926 1926 1936 1936 1947 1947 1936 1936 1936 1936
    1936 1936 1936 1936 1936 1936 1936 1936 1936 1936 1947 1947 1947
    1947 1947 1947 1947 1947 1947 1936 1936 1936 2349 1833 1833 1833
    1843 1843 1843 1843 1843 1833 1833 1843 1833 1833 1785 1785 1794
    1794 1766 1748 1748 1926 1926 1926 1926 1926 1926 1936 1936 1926
    1926 1936 1936 1936 1936 1936 1936 1936 1936 1926 1926 1926 1926
    1926 1926 1926 1936 1936 1936 1947 1947 1936 1936 1926 1926 1936
    1936 1936 1936 1936 1936 1936 1936 1936 1936 1947 1947 1959 1947
    1947 1947 1936 1936 1936 1926 1915 2349 1833 1833 1833 1813 1813
    1813 1813 1813 1804 1794 1794 1813 1813 1766 1766 1776 1776 1776
    1766 1766 1926 1926 1926 1926 1926 1936 1936 1936 1936 1936 1936
    1926 1926 1926 1926 1926 1936 1936 1926 1926 1926 1926 1926 1926
    1926 1936 1936 1936 1936 1936 1936 1926 1926 1926 1926 1926 1936
    1947 1947 1947 1947 1936 1936 1936 1936 1936 1947 1959 1959 1947
    1936 1926 1926 1926 1915 1813 1804 1804 1804 1794 1794 1804 1804
    1804 1804 1794 1794 1794 1785 1757 1757 1757 1776 1776 1766 1766
    1926 1926 1926 1926 1915 1915 1926 1926 1926 1936 1936 1926 1926
    1926 1926 1926 1915 1915 1915 1915 1926 1926 1926 1926 1926 1936
    1936 1936 1936 1936 1926 1926 1915 1915 1926 1926 1936 1947 1947
    1947 1947 1936 1926 1926 1926 1926 1936 1947 1959 1947 1936 1926
    1926 1926 1926 1794 1804 1804 1794 1794 1794 1794 1794 1794 1794
    1794 1794 1785 1739 1739 1739 1757 1766 1776 1766 1766 1926 1926
    1926 1926 1915 1915 1926 1926 1926 1936 1936 1926 1926 1926 1926
    1926 1915 1915 1915 1915 1926 1926 1926 1926 1926 1926 1926 1926
    1926 1926 1926 1926 1915 1915 1926 1926 1926 1947 1947 1947 1947
    1936 1926 1904 1904 1915 1936 1947 1959 1959 1959 1936 1936 1947
    1947 1776 1785 1766 1766 1766 1776 1776 1776 1785 1785 1766 1739
    1731 1722 1722 1731 1748 1757 1776 1915 1915 1926 1926 1926 1926
    1926 1926 1926 1926 1926 1936 1936 1926 1926 1926 1926 1926 1926
