<?xml version="1.0"?>
<opencv_storage>
<Depth8221 type_id="opencv-matrix">
  <rows>26</rows>
  <cols>15</cols>
  <dt>w</dt>
  <data>
    4645 4582 4582 4582 4582 4645 4645 4645 4645 4582 4582 4582 4645
    4645 4645 4645 4645 4582 4582 4582 4645 4645 4645 4645 4582 4582
    4582 4645 4645 4645 4645 4645 4582 4582 4582 4645 4645 4645 4645
    4582 4582 4582 4645 4645 4708 4645 4645 4582 4582 4582 4582 4582
    4645 4645 4582 4582 4582 4645 4645 4708 4645 4645 4582 4582 4582
    4582 4582 4645 4645 4582 4582 4582 4645 4645 4645 4645 4645 4582
    4582 4582 4582 4582 4645 4645 4645 4645 4645 4645 4645 4645 4645
    4645 4582 4582 4582 4582 4645 4645 4645 4645 4645 4645 4645 4708
    4708 4708 4645 4645 4645 4645 4645 4645 4645 4645 4645 4645 4645
    4645 4708 4708 4645 4645 4645 4645 4645 4645 4645 4645 4645 4645
    4645 4645 4708 4708 4645 4645 4645 4645 4645 4645 4645 4645 4645
    4645 4645 4645 4645 4645 4645 4645 4645 4645 4645 4645 4645 4645
    4645 4645 4645 4645 4645 4645 4645 4645 4645 4645 4645 4582 4582
    4645 4645 4645 4645 4645 4582 4582 4645 4645 4645 4645 4645 4645
    4582 4582 4645 4645 4645 4645 4645 4582 4582 4645 4645 4645 4708
    4645 4645 4645 4645 4645 4645 4645 4645 4645 4645 4645 4645 4645
    4645 4708 4645 4645 4582 4582 4582 4645 4645 4645 4645 4645 4645
    4645 4645 4645 4708 4645 4645 4582 4582 4582 4645 4645 4645 4708
    4708 4708 4708 4645 4645 4645 4645 4645 4645 4582 4582 4645 4645
    4645 4645 4708 4708 4774 4645 4645 4645 4645 4645 4645 4582 4582
    4645 4645 4645 4645 4708 4708 4774 4708 4708 4842 4645 4645 4645
    4645 4645 4645 4645 4645 4645 4708 4708 4774 4774 4774 4842 4645
    4582 4582 4582 4582 4645 4645 4645 4645 4708 4708 6889 7030 7030
    7030 6889 4582 4582 4582 4582 4645 4645 4645 4708 4708 4774 6889
    6889 6889 7030 6889 6889 4405 4405 4582 4645 4645 4645 4774 4774
    6889 6889 6889 6889 6889 7030 6889 4405 4405 4405 4645 4645 4645
    4645 4645 6889 6889 6889 6889 6889 7030 6889 4842 4842 4708 4645
    4645 4645 4645 4645 4645 4708 6889 6889 7030 6889 6889 4774 4708
    4708 4645 4645 4645 4582 4582 4645 4645 7030 7030 7030 6889 7030
    4774 4645 4645 4645 4645 4645 4582 4582 4645 4645 7178 7030 7030</data></Depth8221>
</opencv_storage>
