<?xml version="1.0"?>
<opencv_storage>
<Depth3076 type_id="opencv-matrix">
  <rows>39</rows>
  <cols>35</cols>
  <dt>w</dt>
  <data>
    2723 5548 5548 5548 5460 5460 5460 0 0 2680 0 0 2701 2701 2701 2701
    2701 2723 2744 2789 2767 2767 2767 5291 5291 5210 5210 5210 5210
    5210 5210 5132 5132 5132 5132 5460 5548 5548 5460 5460 5460 5460 0
    2701 2680 2680 2680 2680 2680 2701 2701 2701 2701 2767 2789 2767
    2767 2767 2767 5291 5291 5210 5210 5210 5210 5210 5210 5132 5132
    5132 5460 5460 5460 5460 5460 5460 0 2560 2701 2701 2680 2680 2680
    2680 2701 2701 2701 2701 2744 2767 2767 2767 2767 2767 5291 5291
    5210 5210 5210 5210 5210 5210 5210 5210 5132 5460 5460 5460 5460
    2618 2579 2560 2560 2560 2701 2639 2639 2659 2659 2680 2701 2701
    2723 2744 2767 2789 2767 2767 2767 5291 5291 5291 5210 5210 5210
    5210 5210 5210 5210 5210 5374 5374 5291 5291 2598 2579 2560 2560
    2560 2579 2618 2639 2639 2639 2639 2701 2701 2723 2723 2744 2767
    2767 2767 2767 2789 5291 5291 5291 5291 5210 5210 5210 5210 5210
    5132 5374 2618 2598 2598 2598 2579 2579 2579 2579 2579 2618 2618
    2639 2639 2639 2701 2701 2723 2723 2723 2744 2767 2789 2789 2789
    5291 5291 5291 5291 5210 5210 5210 5210 5210 5132 2618 2598 2598
    2598 2598 2579 2579 2579 2598 2598 2618 2618 2639 2639 2639 2701
    2701 2701 2723 2723 2744 2767 2767 2789 2789 2789 5291 5291 5291
    5291 5210 5210 5210 5210 5132 2618 2598 2598 2598 2598 2579 2579
    2598 2598 2598 2618 2618 2639 2639 2639 2701 2701 2701 2701 2701
    2744 2767 2767 2789 2789 2789 5291 5291 5291 5291 5210 5210 5210
    5210 5210 2618 2598 2598 2598 2598 2579 2579 2579 2598 2618 2618
    2618 2639 2639 2639 2680 2701 2701 2701 2701 2744 2767 2789 2789
    2789 2789 5374 5374 5291 5291 5210 5210 5210 5210 5210 2618 2618
    2618 2598 2598 2579 2579 2579 2598 2618 2618 2618 2618 2618 2639
    2639 2701 2701 2701 2723 2723 2744 2789 2789 2789 2789 2812 5374
    5291 5291 5291 5210 5210 5210 5210 2618 2618 2618 2618 2598 2579
    2579 2598 2598 2618 2618 2618 2618 2618 2639 2639 2639 2639 2659
    2659 2701 2723 2744 2789 2789 2789 2812 5374 5374 5291 5291 5210
    5210 5210 5210 2618 2618 2618 2618 2598 2579 2579 2598 2598 2618
    2618 2618 2618 2618 2639 2639 2639 2639 2659 2659 2701 2723 2723
    2789 2789 2789 2767 2767 5374 5291 5291 5210 5210 5210 5210 2639
    2618 2618 2618 2618 2598 2598 2598 2598 2598 2598 2598 2618 2618
    2618 2639 2639 2639 2639 2659 2680 2701 2723 2767 2767 2767 2767
    2767 2789 5291 5291 5210 5210 5210 5132 5933 2639 2618 2618 2618
    2618 2618 2598 2598 2598 2598 2598 2618 2618 2618 2639 2639 2639
    2639 2659 2680 2701 2701 2723 2767 2767 2789 2789 2789 5291 5291
    5291 5210 5210 5132 2639 2639 2639 2618 2618 2618 2618 2598 2598
    2598 2598 2598 2618 2618 2618 2618 2618 2618 2639 2659 2680 2680
    2701 2723 2744 2767 2789 2789 2789 2812 5291 5291 5291 5210 5210
    2639 2639 2639 2639 2598 2598 2618 2598 2598 2598 2598 2579 2579
    2618 2618 2618 2618 2618 2639 2659 2680 2680 2701 2723 2723 2744
    2789 2789 2789 2789 2789 5291 5291 5210 5210 5460 2659 2659 2639
    2598 2598 2618 2618 2598 2598 2598 2579 2579 2618 2618 2618 2618
    2618 2639 2659 2680 2680 2701 2701 2723 2744 2789 2789 2789 2789
    2789 5374 5291 5291 5210 5460 2680 2680 2639 2618 2618 2618 2618
    2618 2598 2598 2579 2579 2618 2639 2618 2618 2639 2639 2659 2659
    2680 2701 2701 2723 2767 2767 2789 2789 2789 2789 2812 5291 5291
    5210 5640 5640 2701 2639 2618 2618 2618 2618 2618 2598 2598 2579
    2579 2618 2639 2618 2618 2639 2639 2639 2659 2680 2701 2701 2723
    2744 2767 2767 2767 2767 2789 2789 5374 5291 5210 5640 5640 5832
    2639 2618 2618 2618 2598 2598 2598 2598 2579 2579 2618 2618 2618
    2639 2639 2639 2639 2659 2680 2701 2701 2723 2744 2744 2744 2744
    2744 2767 2789 5374 5291 5210 5734 5734 5832 2639 2639 2639 2618
    2598 2598 2598 2598 2598 2598 2618 2618 2618 2618 2618 2639 2639
    2639 2659 2659 2701 2723 2723 2744 2744 2744 2744 2767 2789 2789
    5291 5291 5734 5734 5734 2639 2639 2639 2618 2618 2598 2598 2579
    2579 2618 2579 2579 2618 2618 2618 2639 2639 2639 2639 2659 2701
    2723 2723 2723 2723 2744 2744 2767 2789 2789 5460 5291 5640 5640 0
    2639 2639 2639 2618 2618 2598 2598 2579 2579 2618 2579 2579 2618
    2618 2618 2618 2618 2639 2639 2639 2659 2701 2701 2723 2723 2723
    2744 2767 2789 2789 5548 5374 5548 5548 5374 2659 2659 2639 2639
    2618 2618 2598 2579 2579 2618 2598 2598 2598 2598 2598 2618 2618
    2639 2639 2639 2659 2701 2701 2723 2723 2723 2767 2767 2789 2789
    2789 5374 5460 5460 5374 5374 5374 2560 2560 2618 2618 2618 2618
    2598 2598 2598 2598 2560 2560 2579 2618 2618 2639 2639 2639 2659
    2680 2701 2701 2723 2744 2767 2767 2789 2767 2767 5374 5460 5460
    5210 5132 5132 2560 2560 2618 2618 2618 2618 2598 2598 2598 2598
    2560 2560 2579 2618 2618 2639 2639 2639 2659 2680 2680 2701 2723
    2744 2767 2767 2789 2767 2767 2767 5460 5460 5210 5132 5132 5460
    2618 2618 2639 2618 2618 2618 2618 2598 2598 2598 2579 2579 2618
    2618 2618 2639 2639 2659 2680 2680 2701 2723 2723 2744 2767 2767
    2767 2767 2767 5460 5460 5460 5460 5460 5460 5460 2639 2639 2639
    2618 2618 2618 2598 2598 2579 2579 2579 2598 2598 2618 2639 2639
    2639 2659 2659 2701 2723 2723 2723 2744 2744 2767 2767 2767 5460
    5460 5460 5548 5640 5734 5734 2639 2639 2639 2618 2618 2618 2618
    2598 2579 2579 2579 2598 2598 2618 2618 2639 2639 2639 2659 2680
    2701 2701 2723 2723 2744 2744 2767 2789 5460 5460 5460 5548 5640
    5734 5734 2639 2639 2639 2639 2618 2618 2618 2598 2598 2579 2579
    2579 2598 2618 2618 2639 2639 2639 2659 2659 2680 2701 2701 2723
    2723 2723 2767 2767 5374 5374 5460 5460 5548 5548 5460 2639 2639
    2639 2639 2618 2618 2598 2598 2598 2579 2560 2560 2598 2598 2618
    2618 2639 2639 2659 2659 2680 2701 2701 2723 2723 2723 5132 5132
    5374 5374 5460 5460 5460 5460 5460 5460 2639 2639 2639 2639 2618
    2598 2598 2598 2579 2560 2560 2560 2598 2618 2618 2639 2639 2639
    2659 2659 2701 2701 2723 2723 5210 5132 5132 5374 5374 5460 5374
    5374 5460 5460 5548 2618 2618 2618 2639 2618 2618 2618 2598 2579
    2560 2560 2560 2598 2618 2618 2618 2639 2639 2659 2659 2701 2701
    5460 5374 5291 5210 5210 5374 5374 5460 5374 5374 5374 5460 5460
    2618 2618 2618 2639 2639 2639 2639 2618 2618 2560 2560 2560 2598
    2618 2618 2618 2618 2639 2659 2680 5548 5460 5460 5374 5291 5291
    5291 5374 5374 5460 5374 5374 5374 5460 5460 5548 5548 2639 2639
    2639 2639 2618 2618 2618 2598 2598 2598 2598 2618 2598 2598 2598
    2639 5460 5460 5460 5460 5374 5374 5291 5291 5291 5291 5374 5460
    5460 5460 5460 5460 5460 5548 5460 5460 2639 2639 2639 2618 2618
    2618 2618 2618 2618 2598 2598 2598 2598 2598 5460 5460 5460 5460
    5460 5374 5374 5374 5291 5291 5291 5374 5460 5460 5460 5460 5460
    5460 5374 5374 5374 2659 2639 2639 2618 2618 2618 2618 2618 2618
    2598 2598 2598 5460 5460 5460 5374 5374 5374 5460 5374 5374 5374
    5291 5291 5291 5374 5374 5460 5460 5460 5460 5460 5374 5374 5291
    5291 2639 2639 2639 2618 2598 2598 2598 2598 2618 2618 5548 5460
    5460 5460 5374 5374 5374 5460 5460 5374 5374 5291 5291 5210 5291
    5374 5374 5460 5460 5460 5460 5374 5374 5291 5210 2639 2639 2639
    2618 2598 2598 2598 2598 5548 5548 5460 5460 5460 5460 5460 5374
    5374 5460 5460 5460 5374 5374 5374</data></Depth3076>
</opencv_storage>
