<?xml version="1.0"?>
<opencv_storage>
<Depth16710 type_id="opencv-matrix">
  <rows>21</rows>
  <cols>36</cols>
  <dt>w</dt>
  <data>
    3433 3576 3576 3539 3503 3503 3503 3539 3503 3503 3539 3539 3539
    3539 3539 3539 3539 3576 3576 2618 2598 2598 2618 2598 2598 2598
    2579 2579 2598 2598 2618 2618 2618 2618 2618 2598 3433 3468 3468
    3468 3468 3468 3468 3468 3468 3468 3468 3503 3503 3539 3539 3539
    3539 2579 2579 2598 2598 2598 2598 2598 2598 2598 2560 2560 2598
    2598 2618 2618 2598 2598 2598 2579 3433 3433 3433 3433 3433 3468
    3433 3433 3433 3433 3433 3468 3468 3503 3539 2598 2598 2579 2579
    2598 2598 2579 2579 2579 2579 2579 2560 2560 2579 2579 2579 2598
    2598 2579 2579 2560 3433 3433 3433 2541 2522 2522 2522 2522 2541
    2560 2560 2579 2579 2579 2579 2579 2579 2579 2579 2579 2579 2579
    2579 2560 2541 2541 2560 2560 2579 2579 2579 2598 2598 2579 2560
    2541 2522 2522 2522 2522 2522 2522 2522 2522 2522 2541 2560 2560
    2560 2560 2541 2541 2541 2560 2560 2560 2560 2541 2541 2541 2522
    2522 2560 2560 2560 2560 2560 2579 2598 2579 2560 2541 2522 2503
    2503 2522 2503 2503 2503 2503 2503 2522 2522 2541 2522 2522 2522
    2541 2541 2541 2541 2522 2522 2522 2541 2541 2522 2522 2541 2541
    2560 2560 2560 2560 2598 2579 2560 2541 2503 2485 2485 2485 2485
    2485 2485 2485 2485 2503 2503 2522 2522 2522 2522 2522 2522 2522
    2522 2522 2522 2522 2541 2541 2541 2541 2541 2541 2560 2560 2560
    2560 2579 2560 2541 2541 2450 2450 2467 2467 2450 2450 2450 2467
    2485 2485 2485 2503 2503 2503 2503 2522 2522 2503 2503 2503 2522
    2522 2541 2541 2541 2541 2541 2541 2579 2579 2560 2560 2560 2560
    2541 2541 2450 2450 2450 2450 2450 2450 2450 2467 2467 2467 2485
    2485 2503 2503 2503 2522 2522 2503 2503 2503 2522 2522 2541 2541
    2541 2541 2541 2541 2579 2560 2560 2560 2560 2560 2560 2541 1705
    2432 2432 2432 2450 2450 2450 2467 2467 2467 2485 2485 2503 2503
    2503 2503 2503 2503 2522 2522 2541 2522 2522 2522 2522 2541 2541
    2541 2579 2560 2560 2560 2560 2560 2560 2560 1705 2432 2432 2432
    2450 2450 2467 2467 2485 2485 2485 2503 2503 2503 2503 2503 2503
    2503 2522 2522 2541 2522 2522 2522 2522 2522 2541 2541 2579 2579
    2560 2560 2560 2560 2560 2541 1705 2450 2450 2450 2467 2467 2467
    2467 2485 2485 2485 2485 2485 2503 2503 2503 2503 2503 2522 2522
    2522 2522 2522 2522 2522 2522 2541 2541 2560 2579 2560 2560 2560
    2560 2560 2541 2450 2450 2450 2450 2450 2467 2467 2467 2485 2485
    2485 2485 2485 2503 2485 2485 2503 2503 2522 2522 2522 2522 2522
    2522 2522 2522 2522 2522 2560 2579 2579 2579 2579 2579 2560 2541
    2450 2450 2450 2450 2450 2467 2467 2467 2485 2485 2485 2485 2485
    2503 2485 2485 2503 2503 2522 2522 2522 2522 2522 2522 2522 2522
    2522 2522 2541 2579 2579 2560 2560 2560 2560 2541 2450 2450 2450
    2450 2450 2467 2467 2467 2485 2485 2485 2485 2485 2503 2485 2485
    2503 2503 2522 2522 2522 2522 2522 2522 2503 2503 2503 2503 2541
    2560 2560 2541 2541 2560 2560 0 2450 2450 2450 2450 2450 2467 2467
    2485 2485 2485 2485 2503 2503 2503 2485 2485 2503 2503 2522 2522
    2522 2522 2522 2503 2485 2485 2503 2503 2541 2560 2560 2541 2541
    2579 0 0 1696 1705 2450 2450 2450 2450 2467 2485 2467 2467 2485 2485
    2485 2503 2485 2485 2503 2522 2522 2541 2522 2522 2522 2503 2450
    2450 2503 2503 2541 2560 2598 2579 2579 2579 0 0 1696 1696 1696 2467
    2450 2450 2450 2450 2450 2450 2485 2485 2485 2485 2467 2467 2467
    2503 2503 2522 2503 2503 2503 2450 2450 2450 0 0 0 0 0 0 0 0 0 0
    1680 1688 1713 2467 2450 2450 2432 2432 2450 2450 2467 2485 2503
    2485 2450 2450 2450 2503 2503 2503 2503 2503 2503 2450 2450 0 0 0 0
    0 0 0 0 0 0 0 1671 1671 1680 1680 2450 2432 2415 2415 2432 2432 2467
    2485 2485 2467 2432 2432 2432 0 2522 2503 2503 0 0 0 0 0 0 0 0 0 0 0
    0 0 0 0 1655 1663 1671 1671 1671 2432 2415 2415 2432 2432 2467 2485
    2485 2467 2432 2432 2432 0 0 0 0 0 0 0 0 0 0 0 0 0 0 0 0 0 0 0</data></Depth16710>
</opencv_storage>
