<?xml version="1.0"?>
<opencv_storage>
<Depth1605 type_id="opencv-matrix">
  <rows>97</rows>
  <cols>63</cols>
  <dt>w</dt>
  <data>
    3614 3614 3614 3614 3576 3576 3576 3539 3539 3503 3503 3503 3503
    3503 3503 3468 3468 3468 3433 3399 3333 3333 1108 1108 1108 1101
    1097 1090 1090 1090 1087 1084 1080 1077 1077 1077 1077 1073 1070
    1067 1067 1063 1060 1057 1050 1047 1047 1044 1044 1047 1047 1047
    1054 1054 1101 1101 1101 1105 1105 3010 3010 2984 2984 3614 3576
    3576 3614 3614 3614 3576 3539 3539 3503 3503 3503 3503 3503 3503
    3503 3468 3468 3433 3399 3333 1112 1108 1108 1108 1101 1097 1090
    1090 1090 1087 1084 1080 1077 1077 1077 1077 1073 1070 1067 1063
    1063 1060 1057 1050 1047 1047 1047 1047 1047 1050 1054 1060 1070
    1080 1087 1094 1105 1105 1105 2984 2984 2984 3539 3539 3539 3614
    3614 3576 3539 1169 1169 3539 3503 3503 3503 1134 1134 3503 1123
    1119 1108 1108 1112 1112 1108 1108 1108 1101 1097 1094 1090 1090
    1087 1084 1080 1080 1080 1077 1073 1073 1067 1067 1063 1060 1060
    1057 1050 1047 1047 1047 1047 1047 1050 1054 1060 1070 1080 1087
    1090 1101 1105 1105 1105 3010 3010 3539 3539 3539 3576 3576 3539
    1157 1157 1161 3539 3539 1138 1134 1134 1130 1130 1123 1119 1108
    1108 1112 1108 1108 1108 1105 1101 1097 1094 1090 1090 1087 1084
    1080 1080 1080 1077 1073 1070 1067 1067 1063 1060 1060 1057 1050
    1047 1047 1047 1047 1047 1050 1054 1060 1070 1080 1084 1087 1097
    1101 1101 1123 3010 3010 3653 3576 3576 3576 3576 1153 1149 1149
    1149 1141 1138 1138 1134 1134 1126 1126 1123 1119 1115 1112 1112
    1108 1108 1105 1105 1101 1101 1094 1090 1090 1087 1087 1080 1080
    1077 1077 1073 1070 1067 1067 1063 1063 1060 1057 1050 1047 1047
    1047 1047 1047 1050 1054 1060 1070 1077 1084 1087 1094 1101 1123
    1123 0 3010 1165 1161 1161 1161 1161 1153 1149 1149 1145 1141 1138
    1138 1134 1134 1126 1123 1123 1119 1119 1115 1112 1108 1108 1105
    1105 1101 1101 1094 1090 1090 1087 1084 1080 1080 1077 1077 1073
    1070 1067 1067 1063 1063 1060 1057 1050 1047 1047 1047 1047 1047
    1050 1054 1060 1070 1077 1084 1087 1094 1105 1119 1119 1126 0 1165
    1165 1161 1157 1153 1149 1149 1149 1145 1141 1141 1138 1134 1130
    1130 1123 1123 1123 1119 1115 1112 1108 1105 1105 1105 1101 1097
    1094 1090 1090 1087 1084 1080 1080 1077 1077 1073 1070 1067 1067
    1063 1063 1060 1057 1050 1047 1047 1047 1047 1047 1050 1054 1060
    1067 1077 1084 1090 1097 1105 1119 1126 0 3010 1165 1165 1161 1157
    1153 1149 1149 1145 1141 1141 1138 1138 1134 1130 1126 1123 1123
    1119 1119 1115 1112 1108 1105 1105 1101 1097 1094 1094 1090 1087
    1087 1084 1084 1080 1077 1077 1073 1070 1070 1067 1063 1063 1060
    1054 1050 1047 1047 1047 1047 1047 1050 1054 1060 1067 1077 1084
    1090 1097 1108 1119 1126 0 3010 1165 1165 1161 1157 1153 1153 1149
    1145 1141 1141 1138 1138 1134 1130 1126 1123 1123 1119 1119 1115
    1112 1108 1105 1105 1101 1097 1094 1094 1090 1087 1087 1084 1084
    1080 1077 1073 1073 1070 1070 1067 1063 1063 1060 1054 1050 1050
    1047 1047 1047 1047 1050 1054 1060 1067 1077 1087 1090 1097 1108
    1115 1115 0 2984 1165 1165 1161 1157 1153 1153 1153 1149 1145 1145
    1138 1134 1134 1130 1126 1123 1123 1119 1119 1115 1112 1108 1108
    1105 1105 1097 1094 1090 1090 1087 1087 1084 1084 1080 1077 1073
    1073 1070 1070 1067 1063 1063 1060 1054 1050 1050 1047 1047 1047
    1047 1050 1054 1060 1067 1077 1087 1090 1097 1108 1115 1119 0 2984
    1165 1161 1161 1157 1153 1153 1149 1149 1145 1141 1138 1134 1134
    1130 1126 1123 1123 1119 1119 1115 1112 1108 1108 1105 1101 1097
    1094 1090 1090 1087 1087 1087 1084 1080 1077 1077 1073 1070 1067
    1063 1063 1060 1057 1054 1050 1047 1047 1047 1047 1047 1050 1054
    1060 1067 1077 1087 1090 1097 1108 1115 1115 0 1115 1161 1161 1161
    1157 1153 1149 1149 1145 1145 1141 1138 1134 1134 1130 1126 1123
    1123 1119 1119 1115 1112 1112 1108 1105 1101 1097 1094 1090 1090
    1090 1090 1087 1084 1080 1077 1073 1073 1070 1067 1063 1063 1060
    1057 1054 1050 1047 1047 1047 1047 1047 1050 1054 1060 1067 1077
    1087 1090 1097 1105 1112 1115 1115 0 1157 1157 1157 1153 1153 1149
    1149 1145 1141 1138 1138 1134 1134 1130 1126 1123 1123 1119 1119
    1115 1112 1108 1108 1105 1101 1097 1094 1094 1090 1090 1090 1087
    1080 1080 1077 1073 1073 1070 1067 1063 1063 1060 1057 1054 1050
    1047 1047 1047 1047 1047 1050 1054 1060 1070 1077 1084 1090 1094
    1101 1112 1115 1115 0 1157 1157 1157 1153 1153 1149 1149 1145 1141
    1138 1138 1134 1134 1130 1126 1123 1123 1119 1119 1115 1112 1108
    1108 1105 1101 1097 1094 1094 1090 1090 1090 1084 1080 1077 1077
    1073 1073 1070 1067 1063 1063 1060 1057 1054 1050 1047 1047 1044
    1044 1044 1047 1054 1060 1070 1073 1084 1090 1094 1101 1112 1119
    1119 0 1153 1153 1157 1153 1153 1149 1149 1145 1141 1138 1138 1134
    1134 1130 1126 1123 1123 1119 1115 1112 1108 1108 1105 1105 1101
    1097 1094 1094 1090 1090 1087 1084 1080 1077 1077 1073 1073 1070
    1067 1063 1063 1060 1057 1054 1050 1047 1047 1044 1044 1044 1047
    1054 1060 1070 1073 1080 1087 1094 1101 1112 1119 0 0 1153 1153 1157
    1153 1153 1149 1149 1145 1141 1138 1138 1134 1134 1130 1126 1123
    1119 1119 1115 1108 1108 1108 1105 1105 1101 1097 1094 1094 1090
    1090 1087 1084 1080 1080 1077 1073 1073 1070 1067 1063 1063 1060
    1057 1054 1050 1047 1047 1044 1044 1044 1047 1054 1060 1070 1073
    1077 1087 1094 1101 1108 1115 0 0 1161 1157 1157 1153 1153 1149 1149
    1145 1141 1138 1138 1134 1134 1130 1126 1123 1119 1119 1115 1108
    1108 1108 1108 1105 1101 1097 1094 1094 1090 1090 1090 1084 1080
    1080 1077 1077 1073 1070 1067 1063 1063 1060 1057 1054 1047 1047
    1047 1044 1044 1047 1047 1054 1060 1070 1073 1077 1087 1094 1097
    1108 1115 0 0 1161 1157 1157 1153 1153 1149 1149 1149 1145 1141 1138
    1134 1134 1130 1126 1123 1119 1119 1115 1108 1108 1108 1105 1105
    1101 1097 1094 1094 1090 1090 1090 1084 1080 1080 1080 1077 1073
    1070 1067 1063 1063 1060 1054 1054 1047 1047 1044 1044 1044 1047
    1047 1050 1060 1070 1073 1077 1087 1090 1097 1115 1115 0 0 1165 1161
    1157 1153 1153 1149 1149 1145 1141 1138 1134 1134 1134 1130 1126
    1123 1119 1119 1115 1112 1108 1108 1105 1105 1101 1097 1094 1094
    1090 1090 1090 1084 1080 1080 1080 1077 1077 1070 1063 1063 1063
    1060 1054 1054 1047 1047 1044 1044 1044 1044 1047 1050 1057 1067
    1073 1080 1084 1090 1097 1115 1115 1115 0 1161 1157 1157 1153 1149
    1149 1149 1145 1141 1138 1134 1134 1130 1126 1123 1123 1119 1119
    1115 1112 1108 1108 1105 1101 1097 1097 1094 1090 1090 1090 1087
    1084 1080 1080 1077 1077 1077 1070 1063 1063 1063 1057 1054 1054
    1047 1047 1044 1044 1044 1044 1044 1050 1057 1067 1073 1080 1084
    1090 1097 1108 1112 1112 0 1161 1153 1153 1153 1149 1149 1149 1145
    1141 1138 1134 1134 1130 1126 1123 1123 1123 1119 1115 1112 1112
    1108 1105 1101 1097 1097 1094 1090 1090 1087 1087 1084 1080 1080
    1077 1077 1073 1070 1063 1063 1063 1057 1054 1054 1047 1047 1047
    1044 1044 1044 1044 1050 1057 1063 1070 1080 1087 1094 1105 1108
    1108 1108 0 0 1153 1153 1153 1149 1149 1149 1145 1141 1138 1134 1134
    1126 1123 1123 1123 1123 1119 1119 1112 1112 1108 1105 1105 1101
    1097 1094 1090 1090 1087 1087 1084 1080 1077 1077 1077 1073 1070
    1063 1063 1063 1057 1054 1054 1047 1047 1047 1044 1044 1044 1047
    1050 1057 1063 1067 1080 1087 1094 1105 1108 1108 1108 1112 0 1153
    1153 1153 1149 1149 1145 1145 1141 1138 1134 1134 1126 1123 1123
    1123 1123 1119 1119 1112 1112 1108 1105 1105 1101 1097 1094 1094
    1090 1087 1087 1084 1080 1077 1077 1077 1073 1070 1067 1063 1060
    1057 1054 1050 1047 1047 1047 1047 1044 1044 1044 1050 1057 1067
    1067 1077 1087 1090 1105 1108 1108 1112 1112 0 1149 1149 1153 1149
    1149 1145 1145 1141 1138 1134 1134 1126 1123 1123 1123 1123 1119
    1119 1112 1112 1108 1105 1105 1101 1097 1094 1094 1090 1090 1087
    1084 1080 1077 1077 1073 1073 1070 1067 1063 1060 1057 1054 1050
