<?xml version="1.0"?>
<opencv_storage>
<Depth7300 type_id="opencv-matrix">
  <rows>54</rows>
  <cols>32</cols>
  <dt>w</dt>
  <data>
    3614 3653 3692 3692 1926 1926 1947 1947 1947 1947 1936 1936 1936
    1926 1926 1926 4349 4295 4295 4295 4295 4349 4349 4349 4295 4241
    4241 4241 4295 4295 4241 4241 3653 3653 1936 1936 1926 1926 1926
    1936 1936 1936 1936 1936 1926 1926 1926 1926 1936 4295 4295 4295
    4295 4349 4349 4349 4349 4241 4241 4241 4241 4241 4241 4241 3576
    1936 1936 1936 1936 1926 1926 1926 1926 1936 1936 1926 1926 1926
    1926 1926 1936 1936 4295 4295 4349 4349 4349 4349 4349 4241 4241
    4241 4241 4241 4241 4241 3576 1936 1936 1936 1936 1926 1926 1926
    1926 1926 1926 1926 1926 1926 1926 1926 1936 1936 4295 4295 4349
    4295 4295 4295 4295 4241 4241 4241 4295 4241 4241 4241 1926 1926
    1936 1936 1936 1926 1926 1926 1926 1926 1926 1926 1926 1926 1926
    1926 1926 1926 4349 4349 4349 4295 4295 4295 4295 4295 4241 4241
    4295 4241 4241 4241 1926 1926 1926 1926 1926 1926 1926 1926 1926
    1926 1926 1926 1926 1926 1926 1926 1926 1936 4349 4349 4349 4349
    4349 4295 4295 4295 4241 4241 4241 4241 4241 4241 1926 1926 1926
    1926 1926 1926 1926 1926 1926 1926 1926 1926 1926 1926 1926 1915
    1915 1926 1926 4349 4349 4349 4349 4295 4295 4295 4241 4241 4241
    4241 4241 4241 1936 1926 1926 1926 1926 1926 1926 1926 1926 1926
    1926 1926 1926 1926 1926 1915 1915 1915 1915 4295 4295 4349 4349
    4295 4295 4241 4241 4241 4241 4241 4241 4241 1936 1926 1926 1926
    1926 1926 1926 1926 1926 1926 1926 1926 1926 1915 1915 1915 1904
    1894 1894 4295 4295 4349 4349 4295 4295 4241 4241 4241 4241 4241
    4241 4241 1936 1926 1926 1926 1926 1926 1926 1926 1926 1926 1926
    1926 1926 1915 1915 1915 1904 1894 1894 1894 4349 4349 4349 4295
    4295 4241 4241 4241 4241 4241 4241 4241 1926 1926 1926 1926 1926
    1926 1926 1926 1926 1926 1926 1926 1926 1926 1926 1915 1915 1904
    1904 1904 4405 4349 4349 4295 4295 4241 4241 4241 4241 4241 4241
    4241 1926 1926 1926 1926 1926 1926 1926 1926 1915 1915 1915 1915
    1915 1915 1915 1915 1915 1915 1915 1915 4349 4349 4349 4295 4295
    4241 4241 4241 4241 4241 4241 4241 3539 1926 1926 1926 1926 1926
    1926 1926 1915 1915 1915 1915 1915 1915 1915 1915 1915 1915 1915
    1915 4349 4349 4349 4349 4295 4295 4241 4241 4241 4241 4241 4241
    3503 1915 1915 1915 1926 1926 1926 1926 1915 1915 1915 1915 1915
    1915 1915 1915 1915 1926 1915 1915 1915 4349 4349 4349 4349 4295
    4241 4241 4241 4241 4241 4241 3503 1915 1915 1915 1926 1926 1926
    1926 1915 1915 1915 1915 1915 1915 1915 1915 1915 1926 1915 1915
    1915 4349 4349 4349 4349 4295 4241 4241 4295 4295 4241 4241 3503
    3503 1904 1904 1915 1926 1926 1926 1915 1915 1904 1904 1915 1915
    1915 1926 1926 1926 1926 1926 1926 4349 4349 4349 4349 4295 4295
    4295 4295 4241 4241 4241 3503 3503 1904 1904 1915 1915 1926 1926
    1915 1915 1904 1904 1915 1915 1915 1926 1915 1915 1915 1915 1926
    4405 4405 4349 4349 4295 4295 4295 4295 4241 4241 4241 3539 3539
    3539 1915 1915 1915 1915 1915 1915 1915 1915 1915 1915 1915 1915
    1915 1915 1915 1915 1915 1915 1926 4405 4349 4295 4295 4241 4241
    4295 4241 4241 4241 3576 3576 3576 1915 1915 1915 1915 1915 1915
    1915 1915 1915 1915 1915 1904 1904 1904 1904 1904 1904 1904 1915
    1915 4295 4295 4295 4241 4241 4295 4241 4241 4241 3576 3576 3576
    1915 1915 1904 1904 1904 1904 1904 1915 1915 1904 1904 1904 1904
    1904 1904 1904 1904 1894 1894 1894 4295 4241 4241 4241 4241 4295
    4241 4241 4241 3576 3576 3576 1915 1915 1904 1904 1904 1904 1904
    1904 1904 1904 1904 1904 1904 1904 1904 1904 1904 1894 1894 1894
    4241 4241 4241 4241 4241 4295 4295 4295 4295 3539 3539 3539 1904
    1904 1904 1904 1904 1904 1904 1904 1904 1904 1894 1894 1904 1904
    1904 1904 1904 1894 1883 1883 1883 4295 4241 4241 4241 4295 4295
    4295 4295 3539 3539 3539 1904 1904 1904 1904 1904 1904 1894 1894
    1904 1894 1894 1894 1904 1904 1904 1904 1904 1894 1883 1883 1883
    4241 4241 4241 4241 4295 4295 4295 4295 3539 3539 3539 3539 1904
    1904 1904 1904 1904 1894 1894 1894 1894 1894 1894 1894 1894 1894
    1894 1894 1894 1894 1883 1883 1883 4295 4241 4241 4295 4295 4295
    4241 3539 3539 3539 3539 1894 1894 1904 1904 1904 1894 1894 1894
    1894 1894 1894 1894 1894 1894 1894 1894 1894 1894 1883 1883 1883
    4295 4295 4295 4295 4295 4295 4241 3539 3539 3539 3539 1894 1894
    1904 1904 1904 1904 1894 1894 1894 1894 1894 1894 1894 1894 1894
    1894 1894 1894 1894 1894 1894 4241 4241 4241 4295 4295 4295 4295
    3539 3539 3539 3539 1904 1904 1904 1904 1904 1904 1904 1904 1894
    1894 1894 1894 1894 1894 1894 1894 1894 1904 1904 1904 1904 4241
    4241 4241 4295 4295 4295 4295 3539 3539 3539 3539 3539 1894 1894
    1894 1904 1904 1904 1904 1894 1894 1894 1894 1894 1894 1894 1894
    1894 1894 1894 1904 1904 4241 4241 4295 4295 4295 4295 4295 3539
    3539 3576 3539 3539 1894 1894 1894 1904 1894 1894 1904 1894 1894
    1894 1894 1894 1894 1894 1894 1894 1894 1894 1894 1894 4241 4241
    4295 4295 4295 4241 4241 3539 3539 3539 3576 3576 1894 1894 1894
    1894 1894 1894 1894 1894 1894 1894 1894 1894 1894 1894 1894 1894
    1894 1894 1894 1894 1894 4295 4295 4295 4295 4241 4241 3539 3539
    3539 3576 3576 3576 1894 1894 1894 1894 1894 1894 1894 1894 1894
    1894 1894 1894 1894 1894 1894 1894 1894 1894 1894 1904 4295 4295
    4295 4295 4241 4241 3503 3539 3576 3576 3576 3576 3576 1894 1894
    1894 1894 1894 1894 1894 1894 1894 1894 1894 1894 1894 1894 1894
    1894 1894 1894 1904 1904 4295 4295 4295 4241 4241 3503 3539 3576
    3576 3576 3576 3576 1904 1894 1894 1894 1894 1894 1894 1894 1894
    1894 1894 1894 1894 1894 1894 1894 1894 1894 1904 1904 4295 4295
    4295 4241 4241 3539 3576 3576 3576 3576 3576 3576 3614 1904 1894
    1894 1894 1894 1894 1894 1894 1894 1894 1894 1894 1883 1883 1894
    1883 1883 1904 1904 4295 4295 4295 4295 4241 3539 3576 3576 3576
    3539 3539 3539 3576 1904 1894 1894 1894 1894 1894 1894 1894 1894
    1894 1894 1883 1883 1883 1883 1883 1883 1904 1904 4295 4295 4295
    4295 4295 3539 3539 3576 3576 3539 3539 3539 3539 1904 1894 1894
    1894 1894 1894 1894 1894 1894 1894 1894 1883 1883 1883 1883 1883
    1883 1894 1894 4241 4241 4241 4295 4295 3539 3539 3576 3576 3576
    3576 3539 3539 1904 1894 1894 1894 1894 1894 1894 1894 1894 1883
    1883 1883 1883 1883 1883 1883 1883 1894 1894 4241 4241 4241 4295
    4295 3539 3539 3576 3576 3576 3576 3539 3539 3539 1894 1894 1883
    1883 1894 1894 1894 1894 1883 1883 1883 1883 1883 1883 1883 1883
    1894 1894 1894 4241 4241 4241 4241 3539 3539 3539 3576 3576 3576
    3576 3576 3539 3539 1894 1883 1883 1883 1883 1883 1883 1883 1883
    1883 1883 1883 1883 1883 1883 1894 1894 1894 1894 4241 4241 4241
    3539 3539 3539 3539 3539 3539 3539 3576 3539 3539 1883 1883 1883
    1883 1883 1883 1883 1883 1883 1883 1883 1883 1883 1883 1883 1894
    1894 1894 1894 4241 4241 4241 3539 3539 3539 3539 3539 3539 3539
    3576 3614 3614 1883 1883 1883 1883 1883 1883 1883 1883 1883 1883
    1883 1883 1883 1883 1883 1894 1894 1883 1883 1883 4241 4241 3539
    3539 3539 3539 3539 3539 3576 3614 3614 3614 1883 1883 1883 1883
    1883 1883 1883 1883 1873 1873 1883 1883 1883 1883 1883 1894 1894
    1883 1883 1883 4295 4295 3539 3539 3539 3539 3539 3539 3539 3576
    3614 3614 3614 1883 1883 1883 1883 1883 1883 1873 1873 1873 1883
    1883 1883 1883 1883 1894 1894 1883 1873 1873 4295 4241 3539 3539
    3539 3539 3539 3539 3539 3576 3576 3576 3576 1883 1883 1883 1883
    1883 1883 1873 1873 1873 1883 1883 1883 1883 1883 1894 1883 1883
    1873 1863 1863 4241 3539 3539 3539 3539 3539 3539 3576 3576 3576
    3576 2005 2005 1894 1883 1883 1883 1883 1883 1873 1873 1883 1883
    1883 1873 1873 1883 1883 1883 1873 1863 1863 1863 3539 3503 3503
    3539 3539 3539 3539 3539 3576 1970 1970 1993 1894 1894 1883 1883
    1883 1883 1883 1883 1873 1873 1873 1863 1863 1883 1883 1873 1873
    1863 1863 1863 3539 3503 3503 3539 3539 3539 3539 3539 3576 1970
