<?xml version="1.0"?>
<opencv_storage>
<Depth10898 type_id="opencv-matrix">
  <rows>149</rows>
  <cols>116</cols>
  <dt>w</dt>
  <data>
    3433 3433 3468 3468 3468 3468 3468 3503 3503 3503 3503 3539 3539
    3539 3539 3539 3539 3539 3539 3539 3539 3576 3576 3576 3614 3614
    3576 3576 3614 3614 3614 3653 3653 3653 3653 3653 3653 3653 3653
    3653 3692 3692 3692 3692 3653 3653 3653 3653 3614 3614 3732 3732
    3732 3732 3732 3732 0 0 0 0 0 0 3816 3816 3859 3859 3859 3859 3816
    3816 3816 3816 3816 3816 3816 3816 3859 3859 3859 3859 3859 3859 0 0
    0 0 0 0 0 0 0 3903 601 598 592 592 590 589 586 585 584 582 582 581
    581 581 581 581 572 572 4089 4089 4089 4041 4041 3948 3468 3468 3468
    3503 3503 3468 3468 3503 3503 3503 3503 3539 3539 3539 3539 3539
    3539 3539 3539 3539 3539 3576 3576 3576 3614 3614 3576 3576 3614
    3614 3614 3653 3653 3653 3653 3653 3653 3653 3653 3653 3692 3692
    3692 3692 3653 3653 3653 3653 3614 3614 3774 0 0 0 0 0 0 0 0 0 0 0 0
    3859 3859 3903 0 0 0 0 0 3816 3816 3859 3816 3816 0 0 0 3948 3903
    3903 0 0 0 0 0 0 0 0 0 0 0 598 592 592 590 589 586 585 581 580 580
    581 581 581 581 582 572 572 572 573 575 575 0 3948 3468 3468 3468
    3503 3503 3503 3503 3503 3503 3503 3503 3539 3539 3539 3539 3539
    3539 3539 3576 3576 3576 3576 3576 3576 3576 3576 3576 3614 3614
    3614 3653 3653 3653 3653 3653 3653 3692 3692 3692 3692 3692 3692
    3692 3692 3692 3653 3653 3653 0 0 0 0 0 0 0 0 0 0 0 0 0 0 0 0 0 0 0
    0 0 0 0 0 0 0 0 0 0 0 0 0 0 0 0 0 0 0 0 0 0 0 0 0 0 567 567 590 590
    589 589 573 573 578 578 579 580 581 582 582 572 572 572 573 575 575
    0 0 3468 3468 3468 3503 3503 3503 3503 3503 3503 3503 3503 3539 3539
    3539 3539 3539 3539 3539 3576 3576 3576 3576 3576 3576 3576 3576
    3576 3576 3576 3576 3614 3653 3653 3653 3653 3692 3692 3692 3692
    3692 3692 3692 3692 3692 3692 3653 3653 0 0 0 0 0 0 0 0 0 0 0 0 0 0
    0 0 0 0 0 0 0 0 0 0 0 0 0 0 0 0 0 0 0 0 0 0 0 0 0 0 0 0 0 0 0 0 0
    567 566 566 566 569 570 570 576 578 579 580 581 582 569 569 569 572
    572 575 575 0 0 3468 3503 3503 3503 3503 3503 3503 3503 3503 3539
    3539 3539 3539 3539 3539 3539 3539 3539 3576 3576 3614 3614 3614
    3576 3576 3576 3576 3576 3576 3576 3614 3614 3614 3653 3692 3692
    3692 3692 3692 3692 3692 3692 3692 3692 3692 3692 0 0 0 0 0 0 0 0 0
    0 0 0 0 0 0 0 0 0 0 0 0 0 0 0 0 0 0 0 0 0 0 0 0 0 0 0 0 0 0 0 0 0 0
    0 0 0 558 558 563 565 566 566 569 569 570 576 578 579 580 580 569
    569 569 569 571 572 575 575 0 0 3468 3503 3503 3503 3503 3503 3503
    3539 3539 3539 3539 3539 3539 3539 3539 3539 3539 3539 3539 3576
    3576 3576 3614 3576 3576 3576 3576 3576 3576 3576 3614 3614 3614
    3653 3692 3692 3692 3692 3692 3692 3692 3692 3692 3692 0 0 0 0 0 0 0
    0 0 0 0 0 0 0 0 0 0 0 0 0 0 0 0 0 0 0 0 0 0 0 0 0 0 0 0 0 0 0 0 0 0
    0 0 0 0 0 556 556 557 558 560 564 565 567 569 569 569 586 586 559
    559 560 560 566 566 568 570 573 571 571 0 0 3503 3503 3503 3503 3503
    3503 3503 3503 3539 3539 3539 3539 3539 3539 3539 3539 3539 3539
    3539 3576 3576 3576 3576 3576 3576 3576 3576 3614 3653 3653 3653
    3653 3653 3692 3692 3692 3692 3692 0 0 0 0 0 0 0 0 0 0 0 0 0 0 0 0 0
    0 0 0 0 0 0 0 0 0 0 0 0 0 0 0 0 0 0 0 0 0 0 0 0 0 0 0 0 0 0 0 0 0 0
    0 556 556 557 558 559 563 564 548 548 548 554 554 558 558 559 560
    561 566 566 568 570 573 570 570 0 0 3503 3503 3503 3503 3503 3503
    3503 3503 3503 3539 3539 3539 3503 3503 3539 3539 3539 3539 3539
    3576 3576 3576 3576 3576 3539 3539 3539 3614 3653 3653 3653 3653 0 0
    0 0 0 0 0 0 0 0 0 0 0 0 0 0 0 0 0 0 0 0 0 0 0 0 0 0 0 0 0 0 0 0 0 0
    0 0 0 0 0 0 0 0 0 0 0 0 0 0 0 0 0 0 0 0 0 0 0 0 558 558 541 541 546
    547 548 550 552 554 556 558 559 561 561 565 566 569 571 573 570 570
    0 0 3503 3503 3503 3503 3503 3503 3503 3503 3503 3539 3539 3539 3503
    3503 3503 3503 3539 3539 3539 3576 3576 3576 3576 3576 3539 3539
    3539 0 0 0 0 0 0 0 0 0 0 0 0 0 0 0 0 0 0 0 0 0 0 0 0 0 0 0 0 0 0 0 0
    0 0 0 0 0 0 0 0 0 0 0 0 0 0 0 0 0 0 0 0 0 0 0 0 0 0 0 0 0 0 0 0 0
    539 539 540 541 544 546 548 550 552 554 556 559 559 561 561 565 565
    568 572 575 575 577 0 0 3503 3503 3503 3503 3503 3503 3503 3503 3503
    3503 3503 3503 3503 3503 3503 3503 3539 3539 3576 3576 3576 3576
    3576 3576 0 0 0 0 0 0 0 0 0 0 0 0 0 0 0 0 0 0 0 0 0 0 0 0 0 0 0 0 0
    0 0 0 0 0 0 0 0 0 0 0 0 0 0 0 0 0 0 0 0 0 0 0 0 0 0 0 0 0 0 0 0 0 0
    0 0 0 0 537 537 539 540 541 544 541 541 551 554 555 558 559 560 562
    563 565 565 568 570 574 575 0 0 0 3503 3503 3468 3468 3503 3503 3503
    3503 3503 3503 3468 3468 3503 3503 3503 0 0 0 0 0 0 0 0 0 0 0 0 0 0
    0 0 0 0 0 0 0 0 0 0 0 0 0 0 0 0 0 0 0 0 0 0 0 0 0 0 0 0 0 0 0 0 0 0
    0 0 0 0 0 0 0 0 0 0 0 0 0 0 0 0 0 0 0 0 0 0 0 0 0 0 0 0 537 537 539
    540 542 544 541 541 555 555 556 558 560 560 562 564 565 565 568 570
    574 576 0 0 0 3468 3468 3468 3468 3468 3468 3539 3539 3539 3503 3468
    3468 3503 3539 0 0 0 0 0 0 0 0 0 0 0 0 0 0 0 0 0 0 0 0 0 0 0 0 0 0 0
    0 0 0 0 0 0 0 0 0 0 0 0 0 0 0 0 0 0 0 0 0 0 0 0 0 0 0 0 0 0 0 0 0 0
    0 0 0 0 514 514 0 0 522 522 524 525 525 0 0 0 540 540 540 541 542
    544 546 547 554 554 555 558 560 561 562 564 565 565 569 570 577 577
    578 0 0 3468 3468 3468 3468 3468 3468 0 0 0 0 0 0 0 0 0 0 0 0 0 0 0
    0 0 0 0 0 0 0 0 0 0 0 0 0 0 0 0 0 0 0 0 0 0 0 0 0 0 0 0 0 0 0 0 0 0
    0 0 0 0 0 0 0 0 0 0 0 0 0 0 0 0 0 0 0 0 0 0 0 0 514 514 517 519 520
    522 524 525 525 530 530 536 536 540 540 541 542 544 546 547 554 554
    555 558 562 562 563 565 568 568 569 571 575 577 578 0 0 0 0 0 0 0 0
    0 0 0 0 0 0 0 0 0 0 0 0 0 0 0 0 0 0 0 0 0 0 0 0 0 0 0 0 0 0 0 0 0 0
    0 0 0 0 0 0 0 0 0 0 0 0 0 0 0 0 0 0 0 0 0 0 0 0 0 0 0 0 0 0 0 0 0 0
    506 506 0 0 515 515 515 517 518 520 524 524 525 526 530 530 533 534
    540 540 542 543 545 546 547 552 554 555 562 562 563 564 565 568 569
    569 575 575 578 578 580 0 0 0 0 0 0 0 0 0 0 0 0 0 0 0 0 0 0 0 0 0 0
    0 0 0 0 0 0 0 0 0 0 0 0 0 0 0 0 0 0 0 0 0 0 0 0 0 0 0 0 0 0 0 0 0 0
    0 0 0 0 0 0 0 0 0 0 0 0 0 0 0 0 0 505 505 506 506 507 511 515 515
    515 518 518 519 524 525 525 526 530 531 533 534 540 541 542 543 547
    547 552 552 554 555 558 562 564 565 566 568 568 569 577 577 579 579
    580 0 0 0 0 0 0 0 0 0 0 0 0 0 0 0 0 0 0 0 0 0 0 0 0 0 0 0 0 0 0 0 0
    0 0 0 0 0 0 0 0 0 0 0 0 0 0 0 0 0 0 0 0 0 0 0 0 0 0 0 0 0 0 0 0 0 0
    0 0 496 496 496 0 0 505 505 506 507 507 511 511 511 517 518 519 519
    524 525 527 528 530 531 534 534 540 541 543 545 550 550 552 554 554
    555 558 562 563 565 566 568 568 569 577 577 580 580 581 0 0 0 0 0 0
    0 0 0 0 0 0 0 0 0 0 0 0 0 0 0 0 0 0 0 0 0 0 0 0 0 0 0 0 0 0 0 0 0 0
    0 0 0 0 0 0 0 0 0 0 0 0 0 0 0 0 0 0 0 0 0 0 0 0 0 0 0 496 496 496
    496 0 0 504 504 506 507 508 511 511 511 518 520 519 519 521 526 529
    529 531 533 534 534 540 541 544 545 547 550 552 554 554 556 560 562
    563 565 566 568 569 570 577 577 579 579 579 0 0 531 529 525 525 0 0
    0 0 0 0 0 0 0 0 0 0 0 0 0 0 0 0 0 0 0 0 0 0 0 0 0 0 0 0 0 0 0 0 0 0
    0 0 0 0 0 0 0 0 0 0 0 0 0 0 0 0 0 0 0 0 0 0 0 0 496 496 496 498 498
    498 0 504 504 506 507 508 509 512 512 518 520 519 519 521 530 530
    531 532 533 534 534 541 541 545 546 547 550 551 554 554 557 561 563
    563 565 566 569 570 570 578 578 579 579 579 0 537 531 528 525 524
    524 0 0 0 0 0 0 0 0 0 0 0 0 0 0 0 0 0 0 0 0 0 0 0 0 0 0 0 0 0 0 0 0
    0 0 0 0 0 0 0 0 0 0 0 0 0 0 0 0 480 480 480 481 482 482 0 0 0 0 496
    496 496 496 496 496 504 0 504 504 505 507 507 509 513 519 519 520
    521 521 522 530 530 531 532 533 534 534 534 547 546 546 548 550 551
    554 555 558 562 563 564 565 567 569 570 571 576 578 579 579 579 0
    537 531 527 526 524 521 520 518 518 509 509 504 504 0 0 0 0 0 0 0 0
    0 0 0 0 0 0 0 0 0 0 0 0 0 0 0 0 0 0 0 0 0 0 0 0 0 0 0 0 0 0 477 476
    476 477 480 480 481 482 482 491 491 491 492 495 496 496 496 496 502
    502 505 505 505 505 507 507 511 514 519 519 519 521 521 523 529 529
    531 532 533 534 534 546 546 547 547 548 551 552 555 557 559 561 564
