<?xml version="1.0"?>
<opencv_storage>
<Depth15508 type_id="opencv-matrix">
  <rows>26</rows>
  <cols>25</cols>
  <dt>w</dt>
  <data>
    0 0 2156 2143 2116 2116 2103 2103 2103 2103 2103 2090 2090 2078 2078
    2065 2053 2053 2040 2040 2053 0 1959 1959 1959 0 0 2156 2143 2116
    2116 2116 2103 2103 2103 2103 2090 2090 2090 2078 2078 2065 2053
    2040 2040 2040 1959 1959 1947 1947 0 0 2170 2156 2129 2116 2116 2116
    2116 2116 2103 2103 2103 2090 2078 2065 2053 2040 2028 2016 2016
    1970 1947 1936 1936 2659 2659 2170 2156 2129 2116 2116 2116 2116
    2116 2103 2103 2090 2078 2065 2053 2053 2028 2016 2016 2016 1970
    1947 1936 1936 2659 2659 2170 2156 2143 2116 2116 2116 2116 2103
    2103 2103 2090 2078 2065 2040 2028 2016 2016 2005 2005 1981 1970
    1936 1936 2659 2659 2170 2156 2156 2143 2143 2116 2116 2103 2103
    2103 2090 2065 2053 2040 2028 2016 2016 2005 2005 1993 1981 1959
    1959 2659 2659 2701 2156 2156 2156 2156 2129 2116 2103 2103 2103
    2090 2065 2053 2040 2028 2016 2016 2016 2016 1993 1981 1970 1970
    2701 2701 2701 2156 2156 2156 2156 2143 2116 2116 2103 2103 2090
    2078 2065 2053 2053 2053 2028 2016 2016 2016 1981 1970 1970 2701
    2701 2701 2701 2156 2156 2156 2143 2116 2116 2103 2103 2090 2078
    2078 2078 2078 2349 2065 2065 2065 2053 1993 1970 1970 2701 2701
    2701 2701 2170 2170 2156 2143 2116 2116 2103 2103 2103 2103 2349
    2349 2349 0 0 2212 2212 2212 2170 2170 2184 2723 2701 2701 2701 2701
    2170 2156 2143 2116 2116 2129 2129 2129 2349 2349 2349 2349 2286
    2286 2226 2212 2212 2198 2184 2184 2723 2701 2701 2701 2701 2170
    2156 2143 2143 2143 2143 2301 2301 2333 2333 2317 2286 2286 2286
    2226 2226 2226 2212 2212 2212 2744 2723 2723 2723 2723 2170 2156
    2156 2156 2286 2301 2301 2301 2301 2317 2286 2256 2256 2241 2226
    2226 2226 2226 2212 2212 2212 2226 2226 2212 2212 2212 2212 2271
    2271 2286 2286 2286 2286 2286 2286 2271 2241 2241 2241 2226 2226
    2226 2226 2212 2212 2212 2212 2212 2212 2212 2212 2271 2271 2271
    2271 2286 2286 2286 2271 2271 2256 2241 2241 2256 2241 2241 2256
    2256 2241 2241 2226 2212 2212 2226 2256 2256 2271 2271 2271 2286
    2286 2301 2286 2271 2271 2256 2241 2241 2256 2256 2256 2271 2286
    2286 2286 2226 2226 2226 2271 2286 2286 2271 2271 2286 2286 2317
    2317 2317 2317 2317 2365 2365 2450 2432 2286 2286 2286 2301 2317
    2301 2241 2241 2241 2271 2286 2286 2271 2271 2286 2301 2317 2317
    2381 2381 2365 2365 2415 2432 2432 2398 2333 2333 2333 2333 2301
    2271 2271 2271 2286 2286 2286 2286 2286 2286 2301 2317 2317 2398
    2398 2398 2398 2415 2398 2398 2365 2365 2365 2365 2365 2349 2333
    2301 2286 2271 2271 2286 2286 2301 2301 2317 2349 2349 2398 2398
    2398 2398 2415 2398 2398 2365 2349 2349 2365 2365 2365 2317 2301
    2301 2271 2271 2286 2286 2333 2349 2365 2398 2398 2398 2398 2398
    2398 2415 2398 2398 2365 2349 2349 2365 2365 2365 2317 2301 2301
    2286 2286 2286 2317 2365 2398 2398 2398 2398 2398 2381 2381 2415
    2415 2398 2398 2365 2349 2349 2365 2365 2365 0 2333 2333 2301 2301
    2301 2415 2415 2415 2415 2398 2398 2398 2381 2381 2398 2432 2398
    2398 2381 2349 2349 2365 2365 2365 0 0 0 4463 2467 2467 2450 2432
    2415 2415 2398 2398 2398 2381 2381 2398 2432 2432 2415 2398 2365
    2365 2365 2365 2365 0 0 0 4463 4463 4463 4463 2432 2415 2415 2398
    2398 2398 2398 2485 2485 2467 2467 2415 2415 2365 2365 2381 2381
    2381 0 0 0 4522 4405 4405 4405 4405 4405 4645 4645 4645 4774 0 2485
    2485 2467 2467 2450 2415 2398 2398 2398 2398 2398</data></Depth15508>
</opencv_storage>
