<?xml version="1.0"?>
<opencv_storage>
<Depth12108 type_id="opencv-matrix">
  <rows>7</rows>
  <cols>37</cols>
  <dt>w</dt>
  <data>
    6889 6889 6889 6497 6497 6375 6259 6038 6038 6622 6622 5933 5832
    5832 5832 5832 5832 5832 5832 7178 7030 6889 5832 5832 5933 5832
    5832 5832 5832 5832 5734 5734 5734 5734 5832 5734 5734 5933 5933
    6038 6038 6038 5933 5933 5933 5933 5832 5832 5832 5832 5832 5832
    5832 5832 5832 5832 5832 5832 5832 5832 5832 5832 5832 5832 5832
    5832 5734 5734 5734 5734 5734 5832 5734 5640 5933 5933 5933 5933
    5933 5933 5933 5933 5933 5832 5832 5832 5832 5832 5832 5832 5832
    5832 5832 5832 5832 5832 5832 5832 5832 5832 5832 5832 5832 5734
    5734 5734 5734 5734 5832 5734 5640 5933 5933 5933 5933 5933 5933
    5933 5933 5933 5832 5832 5832 5832 5832 5832 5832 5832 5832 5832
    5832 5832 5832 5832 5832 5832 5832 5832 5832 5832 5832 5734 5734
    5734 5640 5640 5734 5734 5933 5933 5933 5933 5933 5933 5933 5933
    5933 5832 5832 5832 5832 5832 5832 5832 5832 5832 5832 5832 5832
    5832 5832 5832 5832 5832 5832 5832 5832 5640 5640 5640 5734 5548
    5548 5640 5734 5933 5933 5933 5933 5933 5933 5933 6038 5933 5933
    5832 5832 5832 5832 5832 5832 5832 5832 5933 5933 5933 5832 5832
    5832 5832 5832 5832 5832 5832 5640 5640 5640 0 5548 5548 5640 0 5734
    5734 5832 5832 5933 6038 6146 6146 5933 5933 5933 5933 5933 5933
    5832 5832 5832 5832 5933 5832 5832 5832 5832 5832 0 0 0 0 0 0 0 0 0
    0 0 0 0</data></Depth12108>
</opencv_storage>
