<?xml version="1.0"?>
<opencv_storage>
<Depth5687 type_id="opencv-matrix">
  <rows>82</rows>
  <cols>59</cols>
  <dt>w</dt>
  <data>
    4708 4774 4774 4842 4911 4911 4911 4911 4911 4911 5056 1322 1317
    1317 1322 1322 1322 1312 1307 1307 1307 1307 1307 1307 1312 1312
    5291 5291 5374 5374 5460 5460 5460 5460 5460 5460 5460 5460 5460
    5548 5548 5548 5548 5548 5548 5548 5548 5640 5734 5734 5640 5640
    5640 5640 5640 5640 5548 5460 5374 4708 4774 4774 4842 4911 4911
    4983 4983 1307 1317 1317 1317 1317 1317 1312 1312 1312 1312 1307
    1307 1307 1307 1307 1307 1307 1307 1307 1307 1307 1302 1302 1302
    5460 5460 5460 5460 5460 5460 5460 5460 5548 5548 5548 5548 5548
    5548 5548 5640 5734 5734 5640 5640 5640 5640 5640 5640 5548 5460
    5374 4774 4774 4774 4842 4911 4983 5132 5132 1307 1307 1307 1312
    1312 1312 1312 1312 1312 1312 1312 1307 1307 1307 1307 1307 1307
    1307 1307 1307 1307 1302 1302 1302 1302 1302 1302 1302 1302 1302
    1302 1302 1302 1302 1297 1297 1297 1297 1297 1302 5734 5734 5640
    5640 5640 5640 5640 5548 5548 5460 5460 4774 4842 4842 4842 4911
    5056 5056 5056 1307 1307 1307 1312 1307 1307 1307 1307 1312 1312
    1307 1307 1307 1307 1307 1307 1307 1307 1307 1307 1307 1302 1302
    1302 1302 1302 1302 1302 1302 1302 1302 1302 1302 1297 1297 1297
    1297 1297 1297 1297 1297 1288 1288 1288 1288 1288 1288 1288 1292
    5460 5460 4842 4842 4842 4842 4911 5056 5056 1322 1317 1317 1312
    1312 1307 1307 1307 1307 1307 1307 1307 1307 1307 1307 1307 1307
    1307 1307 1307 1307 1302 1302 1302 1302 1302 1302 1302 1302 1302
    1302 1302 1302 1297 1297 1297 1297 1297 1297 1297 1297 1297 1288
    1288 1288 1288 1288 1288 1288 1288 1288 1292 4842 4842 4774 4774
    4842 4842 4842 0 1322 1317 1312 1312 1307 1307 1307 1307 1307 1307
    1307 1307 1307 1307 1307 1302 1302 1302 1302 1302 1302 1302 1302
    1302 1302 1302 1302 1302 1302 1302 1302 1297 1297 1292 1292 1297
    1297 1297 1297 1297 1297 1292 1288 1288 1288 1288 1288 1288 1288
    1288 1292 4842 4842 4774 4774 4774 4774 0 1312 1312 1312 1307 1307
    1307 1307 1307 1307 1307 1307 1307 1307 1307 1307 1302 1302 1302
    1302 1302 1302 1297 1297 1297 1297 1297 1297 1297 1297 1297 1297
    1297 1297 1292 1292 1292 1297 1292 1292 1297 1292 1292 1292 1288
    1288 1288 1288 1288 1288 1288 1283 1283 4842 4842 4774 4708 4708
    4708 0 1307 1307 1307 1307 1307 1307 1307 1307 1307 1307 1307 1307
    1307 1302 1302 1302 1302 1302 1302 1302 1297 1297 1297 1297 1297
    1297 1297 1297 1297 1297 1297 1297 1292 1292 1288 1288 1292 1292
    1292 1292 1292 1292 1288 1288 1288 1288 1288 1288 1288 1288 1283
    1283 4774 4774 4774 4708 4708 4708 0 1302 1302 1302 1307 1307 1307
    1307 1307 1307 1307 1302 1302 1302 1302 1302 1302 1302 1302 1302
    1302 1297 1297 1297 1297 1297 1297 1292 1292 1292 1292 1292 1292
    1292 1292 1288 1288 1292 1292 1292 1292 1288 1288 1288 1288 1288
    1288 1288 1288 1288 1288 1283 1283 4774 4774 4774 4774 4774 4774 0
    1302 1302 1302 1302 1302 1307 1307 1307 1307 1307 1302 1302 1302
    1302 1302 1302 1297 1297 1302 1302 1297 1297 1297 1297 1297 1297
    1292 1288 1288 1288 1288 1288 1292 1292 1288 1288 1288 1288 1288
    1288 1288 1288 1288 1288 1288 1283 1283 1288 1288 1288 1283 1283
    4774 4774 4774 4774 4774 0 0 1302 1302 1302 1302 1302 1302 1302 1302
    1302 1302 1302 1302 1302 1297 1292 1292 1292 1292 1292 1292 1292
    1297 1302 1292 1292 1292 1288 1288 1288 1288 1288 1288 1288 1288
    1288 1288 1283 1283 1283 1288 1283 1283 1283 1283 1288 1283 1283
    1288 1288 1288 1283 1283 4774 4774 4774 4774 4774 0 1307 1302 1302
    1302 1302 1302 1302 1302 1302 1302 1302 1302 1302 1302 1292 1292
    1292 1292 1292 1292 1292 1292 1297 1292 1288 1288 1288 1288 1288
    1288 1288 1288 1288 1288 1288 1288 1288 1283 1283 1283 1288 1283
    1283 1283 1283 1283 1283 1283 1283 1283 1283 1288 1288 4774 4774
    4774 4774 4774 0 1307 1307 1302 1302 1302 1302 1302 1302 1302 1302
    1297 1297 1297 1297 1292 1292 1292 1292 1292 1292 1292 1297 1292
    1292 1288 1288 1288 1288 1288 1288 1288 1288 1288 1288 1288 1283
    1283 1288 1283 1283 1283 1283 1283 1283 1283 1283 1283 1283 1283
    1283 1283 1288 1288 4774 4774 4774 4842 4842 0 1307 1307 1302 1302
    1302 1302 1302 1302 1302 1302 1297 1297 1297 1292 1292 1292 1292
    1292 1292 1288 1288 1292 1292 1292 1288 1288 1288 1288 1283 1283
    1283 1288 1288 1288 1283 1283 1283 1283 1283 1283 1283 1283 1283
    1283 1283 1283 1278 1278 1278 1278 1283 1283 0 4774 4774 4842 4842 0
    0 1302 1302 1297 1297 1302 1302 1302 1302 1297 1297 1297 1292 1292
    1292 1292 1292 1292 1288 1288 1288 1288 1288 1288 1288 1288 1288
    1288 1288 1283 1283 1283 1283 1283 1283 1283 1283 1283 1283 1283
    1283 1283 1283 1283 1283 1283 1278 1278 1273 1273 1278 1278 1278 0
    4842 4842 4911 4911 0 0 1302 1302 1297 1297 1297 1297 1297 1297 1288
    1288 1292 1292 1292 1292 1292 1288 1288 1288 1288 1288 1288 1288
    1288 1288 1283 1283 1283 1288 1283 1283 1283 1283 1283 1283 1283
    1283 1283 1283 1283 1283 1283 1283 1278 1278 1278 1278 1273 1273
    1273 1273 1273 1278 0 4842 4842 4911 4911 0 1297 1297 1297 1297 1292
    1292 1292 1288 1288 1288 1288 1288 1288 1288 1288 1288 1288 1288
    1288 1288 1288 1288 1288 1288 1283 1283 1283 1283 1288 1283 1283
    1283 1283 1278 1278 1283 1278 1278 1283 1283 1283 1283 1278 1278
    1273 1273 1273 1273 1268 1268 1268 1273 1273 1273 4842 4842 4911
    4911 0 1297 1297 1292 1292 1292 1288 1288 1288 1288 1288 1288 1288
    1288 1288 1288 1283 1283 1288 1288 1288 1288 1288 1288 1288 1283
    1283 1283 1283 1283 1283 1278 1278 1278 1278 1278 1278 1278 1278
    1278 1278 1278 1278 1278 1273 1273 1273 1273 1268 1268 1268 1268
    1268 1268 1268 4774 4774 4911 4911 0 1292 1292 1292 1292 1292 1288
    1288 1288 1288 1288 1288 1288 1288 1288 1288 1283 1283 1288 1288
    1288 1283 1283 1283 1283 1283 1283 1283 1283 1283 1283 1278 1278
    1278 1278 1278 1278 1278 1278 1278 1278 1278 1278 1273 1273 1268
    1268 1273 1268 1268 1268 1268 1259 1259 1259 4774 4774 4774 4774 0
    1292 1292 1292 1292 1288 1288 1288 1283 1283 1283 1283 1283 1283
    1288 1288 1283 1283 1283 1283 1283 1283 1283 1283 1283 1283 1283
    1283 1283 1283 1283 1273 1273 1278 1278 1278 1278 1273 1273 1278
    1278 1278 1273 1273 1268 1268 1268 1268 1268 1268 1268 1268 1259
    1259 1259 4774 4774 0 0 0 1288 1288 1288 1288 1288 1288 1288 1283
    1283 1283 1283 1283 1283 1288 1288 1288 1288 1283 1283 1283 1283
    1283 1283 1283 1283 1278 1278 1283 1273 1273 1273 1273 1273 1278
    1278 1278 1273 1273 1273 1273 1273 1273 1273 1268 1268 1268 1268
    1268 1268 1268 1268 1264 1219 1219 4774 4842 4842 0 0 1283 1283 1283
    1283 1288 1288 1288 1283 1283 1283 1283 1283 1283 1283 1283 1283
    1283 1283 1283 1283 1283 1283 1283 1283 1278 1278 1273 1273 1273
    1273 1268 1268 1273 1273 1278 1273 1273 1273 1273 1268 1268 1268
    1268 1268 1264 1264 1264 1264 1264 1264 1268 1264 1219 1219 4774
    4842 0 0 0 1283 1283 1283 1283 1288 1283 1283 1283 1283 1283 1283
    1283 1283 1283 1283 1283 1283 1283 1283 1283 1278 1278 1278 1283
    1278 1278 1273 1273 1273 1268 1268 1268 1273 1273 1273 1268 1268
    1273 1268 1268 1268 1268 1268 1264 1264 1264 1264 1264 1264 1264
    1264 1268 1268 1268 4774 4774 4774 0 1292 1292 1288 1283 1283 1283
    1283 1283 1283 1283 1283 1283 1283 1283 1283 1283 1283 1283 1283
    1278 1278 1273 1273 1273 1273 1273 1273 1273 1273 1268 1268 1268
    1268 1273 1273 1273 1268 1268 1268 1268 1268 1268 1268 1264 1264
    1264 1264 1264 1264 1264 1264 1264 1268 0 1268 4708 4774 4774 0 1288
    1288 1288 1283 1283 1283 1283 1283 1283 1283 1283 1283 1283 1283
    1283 1278 1278 1283 1283 1278 1278 1273 1273 1273 1273 1268 1268
    1273 1273 1268 1268 1268 1268 1268 1268 1268 1268 1268 1268 1268
    1268 1268 1264 1264 1264 1264 1264 1264 1264 1264 1264 1264 1264 0 0
    4708 4774 4774 0 1283 1283 1283 1283 1283 1283 1283 1283 1283 1278
    1278 1283 1283 1278 1278 1278 1278 1283 1283 1278 1273 1273 1268
