<?xml version="1.0"?>
<opencv_storage>
<Depth18165 type_id="opencv-matrix">
  <rows>131</rows>
  <cols>71</cols>
  <dt>w</dt>
  <data>
    4139 4139 4139 4139 4089 973 967 967 964 964 967 967 967 0 0 4089
    4089 4089 4089 4041 4041 3994 3994 3994 3948 3948 0 0 0 0 0 0 3948
    3948 3948 3948 0 0 0 3859 3859 3816 3816 3859 3859 3859 3816 3774
    3774 3774 3774 856 851 851 849 849 3732 3692 3692 3774 3774 3774
    3692 3692 3692 3692 3692 3692 3653 3653 3653 4089 4089 4089 4089
    4139 967 964 964 964 964 964 964 933 933 933 0 906 4089 4089 4089
    4089 3994 3994 3994 3948 3948 0 0 0 0 0 0 0 0 0 0 0 0 0 0 0 0 0 0 0
    3859 3816 3774 3774 3774 3774 851 851 851 849 849 851 3732 3732 3732
    860 0 0 3653 3653 3653 3692 3692 3692 3692 3653 4089 4089 4089 4089
    4089 964 962 962 964 964 933 933 933 933 933 906 906 906 0 0 0 0 0 0
    0 0 0 0 0 0 0 0 0 0 0 0 0 0 0 0 0 0 0 0 0 0 0 851 851 851 851 851
    851 851 849 849 851 854 860 860 860 856 858 3653 3653 3653 3692 3692
    3692 3692 3653 973 970 967 956 954 954 951 951 964 933 930 930 930
    906 906 906 906 906 0 0 0 0 0 0 0 0 0 0 0 0 0 0 0 0 0 0 0 0 0 0 0 0
    0 0 0 0 0 0 0 0 851 851 851 849 849 849 849 849 854 854 856 856 858
    858 860 0 3732 3732 3692 3653 3653 973 970 967 956 951 948 943 938
    933 930 928 925 925 903 903 901 901 901 0 889 0 0 0 0 0 0 0 0 0 0 0
    0 0 0 0 0 821 817 817 817 0 0 0 0 0 0 0 0 0 833 833 843 843 843 843
    845 845 847 851 854 854 856 858 860 0 0 0 3732 3732 3653 3653 973
    970 962 954 948 946 943 935 930 928 925 920 910 903 901 896 894 894
    889 889 867 867 867 867 864 862 862 862 0 0 0 0 0 0 825 825 821 817
    817 0 0 0 811 809 809 0 0 819 825 833 833 833 835 839 841 841 843
    843 849 851 854 856 858 858 858 0 0 3653 0 3653 3653 973 973 962 954
    948 946 943 935 930 928 923 918 908 903 898 894 889 887 882 882 867
    864 864 864 858 858 856 849 849 0 0 0 809 809 809 821 813 811 809
    809 809 809 809 809 809 813 817 819 825 827 831 831 835 835 839 841
    843 843 847 851 851 856 858 858 858 0 0 0 0 0 3653 981 973 970 956
    954 948 943 935 930 928 920 915 908 903 898 891 887 885 882 873 867
    862 860 858 854 851 843 839 837 827 817 813 809 809 807 805 805 805
    809 809 809 809 809 809 811 813 817 819 825 827 829 831 835 835 837
    841 843 843 847 851 851 856 858 858 860 0 0 0 0 0 3653 981 975 973
    956 954 948 943 938 933 928 920 915 908 903 898 891 887 885 882 873
    867 862 856 854 849 847 841 837 829 825 817 813 811 809 807 805 803
    803 805 807 809 811 811 811 813 815 817 823 825 827 829 833 835 835
    837 841 843 843 849 851 854 856 858 860 0 0 0 0 0 3653 3653 981 978
    975 959 954 951 946 938 933 928 923 918 910 906 901 894 887 885 882
    875 867 862 856 854 849 847 841 837 829 825 819 815 813 809 805 805
    803 803 803 807 807 809 811 811 813 815 817 823 825 827 829 831 835
    837 839 841 843 845 849 854 854 856 858 860 0 0 0 0 0 3653 3653 0
    975 975 964 956 951 948 940 935 930 923 918 910 906 901 894 889 885
    882 878 869 862 858 854 851 847 841 837 833 825 819 815 813 809 805
    805 803 803 803 805 807 809 811 811 813 815 817 825 825 827 831 831
    835 837 839 841 843 845 851 854 854 858 860 862 0 0 0 0 0 3653 3653
    0 975 973 964 956 951 948 943 935 933 925 918 910 906 901 894 889
    887 882 873 869 862 858 854 851 849 841 837 833 825 819 815 811 809
    807 805 805 805 805 805 807 809 811 813 815 817 819 825 825 829 831
    835 837 839 841 841 843 847 851 851 854 858 860 862 0 0 0 0 0 3653
    3653 0 973 970 967 962 951 948 943 935 933 928 918 910 906 901 896
    891 887 885 873 869 864 858 854 851 849 845 837 833 827 823 817 811
    811 809 807 805 805 805 805 807 809 811 813 815 819 821 825 827 829
    831 835 837 839 841 841 843 847 851 851 854 858 860 862 0 0 0 0 0
    3653 3653 0 973 970 967 962 956 951 946 938 933 928 920 913 906 901
    896 891 889 885 873 869 864 860 856 851 851 845 839 835 827 825 817
    813 811 809 807 805 805 805 805 807 809 811 813 817 819 823 825 827
    829 833 835 835 839 841 841 845 847 851 851 854 858 860 862 0 0 0 0
    0 3653 3653 0 973 973 970 964 959 951 946 940 935 930 923 915 908
    903 898 894 891 887 875 871 867 862 858 854 851 847 841 835 829 825
    821 813 811 809 807 805 805 805 805 807 809 813 815 817 819 825 825
    827 829 831 835 835 837 839 841 845 847 851 854 856 858 860 862 862
    0 0 0 0 3653 3653 0 975 975 973 967 959 951 946 940 938 928 923 918
    913 906 901 896 894 889 878 873 869 862 858 856 851 847 841 837 833
    827 825 819 813 809 807 805 805 805 805 807 809 813 815 817 819 825
    827 827 831 831 835 835 837 839 843 847 849 851 854 856 858 860 862
    862 0 0 0 0 0 3653 0 981 978 973 970 962 954 946 943 938 928 923 918
    913 908 903 898 894 889 885 873 869 867 862 858 851 847 843 837 835
    827 825 819 817 811 807 805 805 805 807 809 811 813 817 817 819 825
    827 827 831 831 835 835 839 841 843 847 849 851 854 856 860 860 862
    862 0 0 0 0 0 0 0 984 978 975 970 962 954 948 946 940 928 925 920
    915 910 906 901 896 891 887 875 871 867 862 858 854 847 843 839 835
    829 825 821 819 815 809 807 805 805 807 809 811 813 817 817 819 825
    827 829 831 833 835 837 839 841 843 847 849 851 854 856 860 860 862
    864 871 0 0 0 0 0 0 984 978 975 970 962 954 951 946 940 930 928 923
    918 910 906 903 896 894 889 878 871 869 864 860 856 849 843 839 837
    829 825 821 819 815 811 809 807 807 809 809 811 813 817 817 819 825
    827 829 831 833 835 837 841 841 843 847 849 851 854 856 860 862 864
    867 871 0 0 0 0 0 0 984 978 975 970 964 959 954 948 940 930 930 923
    918 913 906 903 898 894 891 878 873 869 867 860 856 849 845 841 837
    835 827 823 819 817 811 809 807 807 809 809 811 813 817 819 823 825
    827 829 831 833 835 839 841 843 843 847 849 851 854 856 860 862 867
    867 871 0 0 0 0 0 0 984 981 975 970 964 962 954 948 940 933 930 925
    920 915 910 906 901 896 891 887 875 869 867 860 858 851 847 843 839
    833 827 823 821 817 811 809 809 809 809 809 811 813 817 819 823 825
    827 831 831 835 837 837 841 843 845 847 849 851 856 858 860 862 867
    869 0 0 0 0 0 0 0 984 981 978 973 964 962 956 948 943 940 933 925
    920 915 910 906 901 896 894 887 875 871 867 862 858 854 849 843 841
    833 827 823 821 817 813 809 809 809 809 809 811 815 817 819 823 825
    827 831 831 835 837 837 841 843 847 849 849 854 856 860 862 864 867
    869 0 0 0 0 0 0 0 987 984 978 973 967 964 956 951 946 940 933 928
    920 915 913 908 903 898 894 887 878 871 867 862 858 851 849 845 841
    835 831 825 821 819 815 811 809 809 809 811 811 815 817 819 823 825
    827 831 833 835 837 837 841 843 847 849 851 856 858 860 862 864 869
    869 0 0 0 0 0 0 0 0 984 981 975 967 962 959 954 948 943 933 928 923
    918 913 910 903 901 894 889 885 873 869 867 858 851 849 845 841 835
    831 827 823 819 815 811 811 809 809 811 811 815 819 821 823 827 827
    831 833 835 837 837 841 843 847 851 851 858 858 860 864 867 869 869
    0 0 0 0 0 0 0 0 984 981 978 967 962 959 954 948 943 938 930 923 918
    913 910 906 901 894 891 887 873 871 867 860 854 851 847 843 835 833
    827 825 819 817 811 811 809 809 811 811 815 819 821 825 827 827 831
    833 835 837 839 841 843 847 851 851 858 858 860 864 867 869 869 0 0
    0 0 0 0 0 0 987 981 978 970 962 959 954 951 946 938 930 925 918 915
    913 906 901 894 891 882 875 871 869 860 856 851 847 843 837 833 829
    825 821 817 813 811 809 809 811 813 817 819 823 825 827 829 831 833
    835 837 841 841 843 849 851 851 858 860 860 864 867 869 869 0 0 0 0
    0 0 0 0 987 984 978 973 964 959 954 951 946 940 933 925 918 915 913
    908 901 896 894 882 875 871 869 862 858 854 849 843 839 835 829 825
    823 817 813 811 811 811 811 813 817 819 823 825 827 829 831 833 837
    839 841 843 843 847 851 854 858 860 862 864 867 869 869 0 0 0 0 0 0
    0 0 987 984 978 975 970 962 956 951 946 940 940 925 920 918 913 908
    903 898 894 885 878 871 869 864 860 858 854 843 839 835 831 827 823
