<?xml version="1.0"?>
<opencv_storage>
<Depth15342 type_id="opencv-matrix">
  <rows>55</rows>
  <cols>37</cols>
  <dt>w</dt>
  <data>
    3816 3816 3816 3859 3859 3859 3816 3774 3774 3774 1936 1936 1936 0
    1959 1959 0 2028 2028 2016 2016 2016 2016 3948 3948 3948 3948 3948
    3948 3948 3994 3994 3994 3994 3994 4041 4089 3859 3816 3816 3859
    3859 3859 3859 3816 3816 3816 1936 1936 1947 1947 1959 1959 0 3903
    3903 3903 3859 3859 3859 3859 3948 3948 3994 3994 3948 3948 3994
    3994 3994 3994 3994 4041 4089 3816 3816 3816 3859 3859 3859 3859
    3859 3859 3859 1936 1936 1936 1936 1947 1947 0 0 3903 3903 3903 3859
    3859 3859 3948 3948 3994 3994 3994 3994 3994 3994 4041 4041 4041
    4041 4089 3816 3816 3816 1959 1959 3816 3859 3859 3859 1883 1883
    1904 1915 1915 1947 1947 0 0 4041 4041 4041 3859 3859 3903 3903 3903
    3994 3994 3994 3994 3994 3994 3994 3994 3994 4041 4089 3816 3816
    1947 1947 1936 1936 1936 1915 1915 1883 1883 1904 1915 1915 1915
    1926 1926 1936 4041 4041 1936 1936 1936 1936 1926 1926 3994 3994
    3994 3994 3994 1947 1947 3994 3994 4041 4089 1926 1926 1936 1936
    1926 1926 1926 1915 1915 1904 1904 1904 1926 1926 1926 1926 1926
    1936 1936 1936 1936 1926 1926 1926 1926 1926 1936 1936 4041 1947
    1947 1947 1947 3994 4089 4089 4089 1915 1915 1926 1915 1915 1915
    1915 1915 1915 1926 1926 1926 1926 1926 1926 1926 1936 1936 1936
    1936 1936 1926 1926 1926 1926 1936 1936 1936 1947 1947 1947 1947
    1947 1959 4089 4089 4089 1915 1915 1926 1915 1915 1915 1915 1915
    1915 1926 1926 1926 1926 1936 1936 1936 1936 1936 1936 1936 1936
    1936 1936 1936 1936 1936 1936 1947 1947 1947 1947 1947 1947 1959
    1959 4139 4089 1926 1926 1926 1915 1915 1915 1915 1926 1926 1915
    1915 1915 1926 1936 1936 1936 1936 1936 1936 1936 1936 1936 1936
    1936 1936 1947 1947 1947 1947 1947 1947 1947 1947 1959 1959 4139
    4139 1926 1926 1926 1926 1926 1926 1926 1926 1926 1915 1915 1915
    1926 1936 1936 1936 1936 1936 1936 1936 1936 1936 1936 1936 1936
    1936 1947 1947 1947 1947 1947 1947 1947 1959 1959 4139 4139 1926
    1926 1926 1926 1926 1926 1926 1926 1926 1926 1915 1915 1936 1936
    1936 1936 1936 1936 1936 1936 1936 1936 1936 1936 1936 1936 1947
    1947 1947 1947 1947 1947 1947 1959 1959 1959 4139 1926 1926 1915
    1915 1926 1926 1936 1936 1936 1926 1926 1926 1936 1936 1936 1936
    1936 1936 1936 1936 1936 1936 1936 1936 1936 1936 1947 1947 1947
    1947 1947 1947 1947 1959 1959 1959 4139 1926 1915 1915 1915 1926
    1926 1936 1936 1936 1936 1926 1926 1936 1936 1947 1936 1936 1936
    1936 1936 1936 1936 1936 1936 1936 1936 1947 1947 1947 1947 1947
    1947 1947 1959 1959 1959 4139 1926 1915 1915 1915 1915 1915 1926
    1926 1926 1926 1926 1926 1936 1936 1936 1947 1936 1936 1936 1936
    1936 1936 1936 1936 1936 1936 1936 1947 1947 1947 1947 1947 1947
    1959 1959 1959 4139 1926 1915 1915 1915 1915 1915 1926 1926 1926
    1926 1926 1936 1936 1936 1936 1936 1936 1936 1936 1936 1936 1936
    1936 1936 1936 1936 1936 1947 1947 1947 1947 1947 1947 1959 1959
    1959 4139 1936 1915 1915 1915 1915 1915 1926 1926 1936 1926 1926
    1936 1936 1936 1936 1936 1936 1936 1936 1936 1936 1936 1947 1947
    1947 1947 1947 1947 1947 1947 1947 1947 1947 1936 1936 1936 4089
    1936 1926 1926 1926 1915 1915 1926 1926 1936 1936 1936 1936 1936
    1936 1936 1936 1936 1936 1947 1936 1936 1936 1947 1947 1947 1947
    1947 1947 1947 1947 1947 1947 1947 1936 1936 1936 4089 1936 1926
    1926 1926 1915 1915 1926 1936 1936 1936 1936 1936 1936 1936 1936
    1936 1936 1936 1947 1947 1947 1947 1947 1947 1947 1947 1947 1947
    1947 1947 1947 1947 1947 1959 1959 1959 4089 1936 1915 1915 1926
    1926 1926 1936 1936 1936 1936 1936 1936 1936 1936 1936 1936 1936
    1936 1947 1947 1947 1947 1947 1947 1947 1947 1947 1947 1947 1947
    1947 1947 1947 1959 1959 1959 4089 1936 1915 1915 1926 1926 1926
    1926 1926 1936 1936 1936 1936 1936 1936 1936 1936 1936 1936 1936
    1947 1947 1947 1947 1947 1947 1947 1947 1947 1959 1947 1947 1947
    1959 1959 1959 1959 4089 1926 1915 1915 1926 1926 1926 1926 1926
    1926 1936 1936 1926 1926 1936 1936 1936 1936 1936 1936 1936 1936
    1947 1947 1947 1947 1947 1947 1947 1947 1947 1947 1959 1959 1959
    1959 4089 4089 1915 1915 1915 1926 1926 1926 1926 1926 1926 1936
    1936 1926 1926 1936 1936 1936 1936 1936 1936 1936 1936 1936 1947
    1947 1947 1947 1947 1947 1947 1947 1947 1959 1959 1959 1959 4089
    4089 1915 1915 1926 1926 1926 1926 1926 1926 1926 1926 1926 1936
    1936 1936 1936 1936 1936 1936 1936 1936 1936 1936 1936 1947 1947
    1947 1947 1947 1947 1947 1947 1947 1947 1959 1959 4089 4089 1915
    1915 1926 1926 1926 1926 1926 1926 1926 1926 1926 1936 1936 1936
    1936 1936 1936 1947 1936 1936 1936 1936 1936 1947 1947 1947 1947
    1947 1947 1947 1947 1947 1947 1959 1959 4089 4089 1915 1915 1926
    1926 1926 1926 1926 1926 1936 1936 1936 1936 1936 1936 1936 1936
    1936 1947 1947 1936 1936 1936 1936 1947 1947 1947 1947 1947 1947
    1947 1947 1947 1959 1959 1959 4089 4089 1915 1915 1926 1926 1926
    1926 1926 1936 1936 1936 1936 1936 1936 1936 1936 1936 1936 1947
    1947 1936 1936 1936 1947 1947 1947 1947 1947 1947 1947 1947 1947
    1947 1947 1947 1947 4089 4089 1915 1926 1915 1915 1926 1926 1926
    1936 1936 1936 1936 1936 1936 1936 1936 1936 1936 1947 1947 1947
    1947 1947 1947 1947 1947 1947 1947 1947 1947 1947 1947 1947 1947
    1947 1947 1947 4139 1926 1926 1915 1915 1915 1915 1915 1926 1926
    1936 1936 1936 1936 1936 1936 1936 1947 1947 1947 1947 1947 1947
    1947 1947 1947 1947 1947 1959 1947 1947 1947 1947 1959 1959 1959
    1959 4089 1926 1926 1915 1915 1915 1915 1915 1926 1926 1926 1936
    1936 1936 1936 1947 1947 1947 1947 1947 1947 1947 1947 1947 1947
    1947 1947 1947 1947 1947 1947 1947 1947 1959 1959 1970 1970 4089
    1926 1926 1915 1915 1915 1915 1915 1926 1926 1926 1936 1936 1936
    1936 1936 1947 1947 1936 1936 1947 1947 1947 1947 1947 1947 1947
    1947 1947 1947 1947 1947 1947 1959 1959 1970 1993 4089 1926 1926
    1915 1915 1915 1915 1915 1926 1926 1926 1936 1926 1926 1936 1936
    1936 1936 1936 1936 1947 1947 1947 1947 1947 1947 1947 1947 1947
    1947 1947 1947 1947 1959 1959 1970 1993 4089 1926 1926 1926 1926
    1926 1926 1926 1926 1926 1926 1926 1926 1926 1936 1936 1936 1936
    1936 1936 1947 1947 1947 1947 1947 1947 1947 1947 1947 1947 1947
    1947 1947 1959 1959 1959 1959 4089 1915 1915 1926 1926 1926 1926
    1926 1926 1926 1936 1926 1926 1926 1936 1936 1936 1936 1936 1947
    1947 1947 1947 1947 1947 1947 1947 1947 1947 1947 1947 1947 1947
    1959 1959 1959 1959 4089 1904 1915 1915 1926 1926 1926 1936 1926
    1926 1936 1936 1926 1926 1936 1936 1936 1936 1936 1947 1947 1947
    1947 1947 1947 1947 1947 1947 1947 1947 1947 1947 1959 1959 1959
    1959 1970 4139 1904 1915 1915 1926 1926 1926 1936 1936 1936 1936
    1936 1936 1936 1936 1936 1936 1936 1936 1936 1936 1947 1947 1947
    1947 1947 1947 1947 1947 1947 1959 1959 1959 1959 1970 1970 1970
    4139 1915 1915 1926 1926 1926 1926 1926 1926 1936 1936 1936 1926
    1926 1926 1936 1936 1936 1936 1936 1936 1947 1947 1959 1959 1947
    1947 1947 1947 1947 1959 1959 1959 1959 1970 1970 1970 4190 1926
    1926 1936 1926 1926 1926 1926 1926 1936 1936 1936 1926 1926 1926
    1936 1936 1936 1947 1947 1947 1947 1947 1947 1947 1947 1947 1959
    1959 1959 1959 1959 1959 1959 1970 1970 2005 4139 1936 1936 1936
    1926 1926 1926 1936 1936 1936 1936 1936 1936 1926 1926 1936 1947
    1947 1947 1947 1947 1947 1947 1947 1947 1947 1947 1947 1959 1959
    1959 1959 1959 1970 1981 1981 2005 4139 1947 1926 1926 1926 1926
    1926 1936 1936 1926 1926 1936 1936 1936 1936 1936 1936 1936 1947
    1947 1947 1947 1947 1947 1947 1947 1947 1947 1959 1959 1959 1959
    1959 1970 1981 1981 1981 4089 1936 1915 1915 1915 1926 1936 1936
    1936 1926 1926 1936 1936 1936 1936 1936 1936 1936 1947 1947 1947
    1947 1959 1947 1947 1947 1947 1959 1959 1959 1959 1959 1959 1970
