<?xml version="1.0"?>
<opencv_storage>
<Depth13458 type_id="opencv-matrix">
  <rows>5</rows>
  <cols>21</cols>
  <dt>w</dt>
  <data>
    0 5548 5374 5374 5374 5374 5374 5460 5460 5460 5460 5460 5460 5374
    5374 0 0 0 5460 5460 5548 5548 5548 5374 5374 5374 5291 5291 5460
    5374 5291 5291 5374 5460 5374 5291 5291 5291 5374 5460 5460 5460
    5460 5460 5460 5460 5374 5291 5291 5291 5374 5291 5291 5374 5374
    5460 5291 5291 5291 5374 5374 5460 5460 5460 5460 5460 5374 5291
    5291 5291 5291 5374 5374 5374 5374 5374 5460 5460 5374 5374 5460 0 0
    5460 5548 5548 5460 5374 5291 5291 5374 5374 5460 5374 5374 5374
    5374 5460 5460 5374 5374 5460 0 0 0</data></Depth13458>
</opencv_storage>
