<?xml version="1.0"?>
<opencv_storage>
<Depth17019 type_id="opencv-matrix">
  <rows>85</rows>
  <cols>52</cols>
  <dt>w</dt>
  <data>
    3037 3037 3037 3037 3037 3010 3010 3010 3010 3037 3064 3064 3064
    3092 3092 3092 3092 3092 3092 3092 3092 3092 3092 3092 3092 3092
    3092 3092 3120 3120 3120 1392 1392 1392 1398 1398 1398 1392 1392
    1392 1392 1398 1392 1392 1392 1392 3238 3238 3238 3238 3238 3238
    1398 1398 1387 1381 1376 1370 1370 3010 3010 3037 3064 3064 3064
    3092 3092 3092 3092 3092 3092 3092 3064 3064 1376 1376 1381 1376
    1376 1381 1381 1387 1387 1387 1387 1392 1392 1398 1392 1392 1392
    1392 1392 1392 1392 1392 1392 1398 1398 3269 3238 3238 3238 3238
    1387 1387 1387 1381 1370 1365 1365 1370 1370 3064 1376 1376 1376
    1376 1376 1376 1376 1376 1376 1381 1376 1376 1376 1376 1381 1376
    1376 1376 1376 1387 1387 1387 1387 1392 1392 1392 1392 1392 1392
    1392 1392 1392 1392 1392 1392 1398 1398 3238 3238 3238 3238 3238
    1387 1381 1381 1376 1370 1365 1365 1365 1370 1370 1370 1370 1370
    1376 1376 1376 1376 1376 1376 1376 1376 1376 1376 1381 1381 1376
    1376 1376 1376 1387 1387 1387 1387 1387 1392 1392 1392 1392 1392
    1392 1392 1392 1392 1392 1398 1398 1398 3238 3238 3238 3238 3238
    1387 1381 1376 1370 1365 1365 1365 1365 1370 1370 1370 1370 1370
    1376 1370 1370 1376 1376 1376 1376 1370 1370 1370 1376 1381 1381
    1376 1376 1376 1387 1387 1387 1387 1387 1392 1392 1392 1392 1392
    1392 1392 1392 1392 1392 1398 1398 3238 3238 3238 3238 3238 3238
    1376 1376 1365 1365 1365 1365 1365 1365 1370 1370 1370 1370 1370
    1370 1370 1370 1370 1370 1376 1376 1370 1370 1370 1376 1376 1376
    1376 1376 1376 1381 1387 1387 1392 1392 1392 1392 1392 1392 1392
    1392 1392 1392 1392 1392 1398 1398 3238 3238 3238 3238 3238 3238
    1370 1370 1359 1359 1365 1365 1365 1365 1370 1370 1370 1370 1370
    1370 1370 1370 1370 1370 1370 1376 1370 1370 1370 1376 1376 1376
    1376 1376 1376 1381 1381 1387 1392 1392 1392 1392 1392 1392 1387
    1387 1392 1392 1392 1392 1392 1392 1392 3238 3238 3238 3238 3238
    1370 1365 1359 1359 1365 1365 1370 1370 1370 1370 1370 1370 1370
    1370 1370 1370 1370 1370 1370 1370 1370 1370 1370 1376 1376 1376
    1376 1376 1376 1381 1381 1381 1387 1387 1387 1387 1387 1387 1387
    1387 1387 1392 1392 1392 1392 1392 1392 3208 3208 3208 3238 3238
    1370 1365 1359 1359 1365 1365 1370 1370 1370 1370 1370 1370 1370
    1370 1370 1370 1370 1370 1370 1370 1370 1370 1370 1376 1376 1376
    1376 1376 1381 1387 1381 1381 1387 1387 1387 1387 1387 1387 1387
    1387 1387 1392 1392 1392 1392 1392 1392 3208 3208 3208 3238 3238
    1365 1365 1365 1359 1359 1365 1365 1370 1370 1370 1370 1370 1370
    1370 1370 1370 1370 1370 1370 1370 1370 1370 1370 1370 1370 1376
    1376 1376 1376 1387 1387 1387 1387 1387 1387 1387 1387 1387 1387
    1392 1392 1392 1392 1392 1392 1392 1392 1392 3208 3208 3238 3238
    1365 1365 1365 1359 1359 1365 1365 1365 1365 1370 1370 1370 1370
    1370 1370 1370 1370 1370 1370 1370 1370 1370 1370 1370 1370 1376
    1376 1376 1376 1387 1387 1387 1387 1387 1387 1387 1387 1387 1387
    1392 1392 1392 1392 1392 1392 1392 1392 1392 3238 3238 3238 3238
    1365 1359 1359 1365 1365 1365 1365 1365 1365 1370 1370 1370 1370
    1370 1370 1370 1370 1370 1370 1370 1370 1370 1370 1370 1370 1376
    1376 1376 1376 1387 1387 1387 1387 1387 1387 1387 1387 1387 1387
    1392 1392 1392 1392 1392 1392 1392 1392 1392 3238 3238 3238 3238
    1365 1359 1359 1365 1365 1365 1365 1365 1365 1370 1370 1370 1370
    1370 1370 1370 1370 1370 1370 1370 1370 1370 1370 1370 1370 1370
    1376 1376 1376 1387 1387 1387 1387 1387 1387 1387 1387 1387 1387
    1392 1387 1387 1392 1392 1392 1392 1398 1398 3269 3269 3238 3238
    1365 1365 1365 1365 1365 1365 1365 1365 1365 1370 1370 1370 1370
    1370 1370 1370 1370 1370 1370 1370 1370 1370 1370 1370 1370 1370
    1376 1376 1376 1387 1381 1381 1381 1381 1381 1381 1387 1387 1387
    1387 1387 1387 1392 1392 1392 1392 1392 1392 3238 3238 3238 3238
    1370 1365 1365 1365 1365 1365 1365 1365 1365 1370 1370 1370 1370
    1370 1370 1365 1365 1370 1370 1370 1370 1370 1370 1370 1370 1370
    1376 1376 1376 1381 1381 1381 1381 1381 1381 1381 1387 1387 1387
    1387 1387 1387 1387 1392 1392 1392 1392 1392 3238 3238 3238 3238
    1370 1365 1365 1365 1365 1365 1365 1365 1365 1365 1365 1370 1370
    1370 1370 1365 1365 1370 1370 1370 1370 1370 1370 1370 1370 1370
    1370 1370 1370 1381 1381 1381 1381 1381 1381 1381 1381 1381 1381
    1387 1387 1387 1387 1387 1392 1392 1392 1392 3238 3238 3238 3238
    1370 1365 1365 1365 1365 1365 1365 1365 1365 1365 1365 1365 1370
    1370 1370 1365 1365 1370 1370 1370 1370 1370 1370 1370 1370 1370
    1370 1370 1370 1376 1381 1381 1381 1381 1381 1381 1381 1381 1381
    1381 1387 1387 1387 1387 1387 1387 1387 1387 3238 3238 3238 3238
    1370 1365 1365 1365 1365 1365 1365 1365 1365 1365 1365 1365 1370
    1370 1370 1370 1370 1370 1370 1370 1370 1370 1370 1370 1370 1370
    1370 1370 1370 1376 1381 1381 1381 1381 1381 1381 1381 1381 1381
    1381 1381 1387 1387 1387 1387 1387 1387 1387 1387 3238 3238 3238
    1365 1365 1365 1365 1365 1365 1365 1365 1365 1365 1365 1365 1365
    1365 1370 1370 1370 1370 1370 1370 1370 1370 1370 1370 1370 1370
    1370 1370 1370 1376 1376 1381 1381 1381 1381 1381 1381 1381 1381
    1381 1381 1387 1381 1381 1387 1387 1387 1387 1387 3269 3269 3269
    1365 1365 1359 1359 1359 1359 1365 1365 1365 1365 1365 1365 1365
    1365 1365 1370 1370 1370 1370 1370 1370 1370 1370 1370 1370 1370
    1370 1370 1370 1376 1376 1381 1381 1381 1381 1381 1381 1381 1381
    1381 1381 1387 1381 1381 1387 1387 1392 1392 1392 3269 3269 3269
    1365 1365 1359 1359 1359 1359 1365 1365 1365 1365 1365 1365 1365
    1365 1365 1365 1365 1365 1365 1370 1370 1370 1370 1370 1370 1370
    1370 1370 1370 1381 1381 1381 1381 1381 1381 1381 1387 1387 1387
    1387 1387 1387 1387 1387 1387 1387 1392 1392 1392 3269 3269 3238
    1365 1365 1365 1359 1359 1359 1365 1365 1365 1365 1365 1365 1365
    1365 1365 1365 1365 1365 1365 1370 1370 1370 1370 1370 1370 1370
    1370 1370 1370 1381 1381 1381 1381 1381 1381 1381 1381 1387 1381
    1381 1387 1387 1387 1387 1387 1387 1392 1392 1392 3269 3269 3238
    1359 1359 1359 1359 1359 1359 1365 1365 1365 1365 1365 1365 1365
    1365 1365 1365 1365 1365 1365 1365 1370 1370 1370 1370 1370 1370
    1370 1370 1370 1381 1381 1381 1381 1381 1381 1381 1381 1387 1381
    1381 1387 1387 1387 1387 1387 1387 1392 1392 1392 1392 3269 3269
    1359 1359 1359 1359 1359 1359 1365 1365 1365 1365 1365 1365 1365
    1365 1365 1365 1365 1365 1365 1365 1370 1370 1370 1370 1370 1370
    1370 1370 1370 1376 1381 1381 1381 1381 1381 1381 1387 1387 1381
    1381 1381 1387 1387 1387 1387 1387 1387 1392 1392 1392 3269 3269
    1359 1354 1354 1359 1359 1359 1365 1365 1365 1365 1365 1365 1365
    1365 1365 1365 1365 1365 1365 1365 1370 1370 1370 1365 1365 1365
    1365 1365 1365 1370 1376 1376 1376 1381 1381 1381 1381 1387 1381
    1381 1381 1387 1387 1381 1381 1387 1387 1392 1392 1392 3269 3269
    1349 1349 1354 1354 1359 1359 1365 1365 1365 1365 1365 1365 1359
    1359 1365 1365 1365 1365 1365 1365 1370 1370 1365 1365 1365 1365
    1365 1365 1365 1370 1376 1376 1376 1376 1376 1376 1381 1381 1381
    1381 1381 1387 1387 1381 1381 1381 1387 1387 1387 1387 3269 3269
    1349 1349 1354 1354 1359 1359 1359 1359 1365 1365 1365 1359 1359
    1359 1365 1365 1365 1365 1365 1365 1370 1370 1365 1365 1365 1365
    1365 1365 1365 1370 1376 1376 1376 1376 1376 1376 1381 1381 1376
    1376 1381 1381 1381 1387 1381 1381 1381 1387 1387 1387 3269 3269
    1354 1354 1354 1359 1359 1359 1359 1359 1359 1359 1359 1359 1359
    1359 1365 1365 1365 1365 1365 1365 1365 1365 1365 1365 1365 1365
    1365 1365 1365 1370 1376 1376 1376 1376 1376 1376 1376 1376 1376
    1376 1376 1381 1381 1381 1381 1381 1381 1381 1381 1381 3269 3269
    1354 1354 1359 1359 1359 1359 1359 1359 1359 1359 1359 1359 1359
    1359 1365 1365 1365 1365 1365 1365 1365 1365 1365 1365 1365 1365
