<?xml version="1.0"?>
<opencv_storage>
<Depth8666 type_id="opencv-matrix">
  <rows>83</rows>
  <cols>26</cols>
  <dt>w</dt>
  <data>
    0 0 0 0 0 0 0 0 0 0 0 0 1219 1219 1214 1214 1214 1223 1227 1219 1214
    1214 1219 1219 0 1219 1227 1219 1214 1214 1214 1214 1227 1223 1219
    1219 1214 1214 1214 1214 1214 1214 1214 1219 1223 1219 1214 1214
    1219 1219 1219 0 1223 1219 1214 1210 1210 1210 1214 1214 1214 1214
    1214 1214 1214 1214 1214 1214 1219 1219 1219 1219 1214 1214 1219
    1210 1210 0 1223 1219 1214 1210 1210 1210 1214 1214 1214 1214 1214
    1214 1214 1214 1214 1214 1219 1219 1219 1219 1214 1214 1219 1210
    1210 1210 1227 1214 1214 1214 1214 1214 1214 1214 1214 1214 1214
    1214 1214 1214 1214 1214 1219 1219 1214 1214 1219 1219 1219 1214
    1214 0 1227 1214 1214 1210 1210 1214 1219 1219 1214 1214 1214 1214
    1214 1214 1214 1214 1219 1219 1214 1214 1219 1219 1219 1219 1219 0
    1223 1214 1214 1210 1210 1214 1219 1219 1219 1214 1214 1214 1214
    1214 1214 1214 1219 1219 1219 1219 1214 1214 1219 1219 1219 0 1219
    1214 1210 1210 1214 1214 1219 1219 1219 1214 1214 1214 1214 1214
    1219 1219 1219 1219 1219 1219 1214 1214 1219 1214 1214 0 1210 1210
    1210 1210 1214 1219 1219 1219 1219 1214 1214 1214 1214 1214 1219
    1219 1219 1219 1214 1214 1219 1219 1219 1214 1214 0 1210 1210 1210
    1210 1214 1214 1219 1219 1219 1214 1214 1214 1214 1214 1219 1219
    1219 1219 1214 1214 1214 1214 1214 1214 1214 0 1210 1210 1214 1214
    1214 1214 1219 1219 1219 1214 1214 1219 1219 1219 1219 1219 1219
    1219 1214 1214 1214 1214 1214 1214 1214 0 1210 1210 1210 1210 1214
    1214 1219 1219 1219 1219 1219 1219 1219 1219 1219 1214 1214 1219
    1214 1214 1214 1214 1214 1219 1219 0 1210 1210 1210 1210 1214 1214
    1219 1219 1219 1219 1219 1219 1219 1219 1219 1214 1214 1219 1214
    1214 1214 1214 1214 1219 1219 0 1210 1210 1214 1214 1214 1214 1219
    1219 1219 1219 1219 1219 1219 1214 1214 1214 1214 1214 1214 1214
    1214 1214 1219 1219 1223 0 1210 1210 1214 1214 1214 1219 1219 1219
    1214 1214 1219 1219 1219 1214 1214 1214 1214 1214 1214 1214 1214
    1214 1219 1219 1219 0 1210 1210 1214 1214 1214 1219 1219 1219 1214
    1214 1219 1219 1219 1214 1214 1214 1214 1214 1214 1214 1214 1219
    1219 1219 1219 0 0 1219 1214 1214 1214 1219 1219 1219 1219 1219 1219
    1219 1219 1214 1214 1219 1219 1219 1214 1214 1219 1214 1210 1210
    1214 0 1227 1219 1219 1214 1214 1214 1214 1219 1219 1219 1219 1214
    1214 1214 1214 1219 1219 1219 1214 1214 1219 1214 1210 1210 1214 0
    1223 1219 1219 1214 1214 1214 1214 1214 1214 1219 1214 1214 1214
    1214 1214 1219 1219 1219 1219 1219 1219 1214 1210 1210 1214 1214
    1223 1219 1219 1214 1214 1214 1214 1214 1214 1214 1214 1214 1214
    1214 1214 1219 1219 1219 1219 1219 1219 1214 1214 1214 1214 0 1223
    1219 1214 1214 1214 1214 1214 1214 1214 1214 1214 1214 1214 1214
    1214 1219 1219 1219 1219 1219 1219 1214 1214 1214 1214 1214 0 1214
    1214 1214 1214 1214 1214 1214 1214 1214 1214 1214 1214 1214 1214
    1219 1219 1219 1214 1214 1219 1214 1214 1214 1214 1214 0 1214 1214
    1214 1214 1214 1214 1214 1214 1214 1214 1214 1214 1214 1219 1219
    1219 1219 1214 1214 1219 1214 1214 1214 1214 1214 1214 1214 1214
    1214 1214 1214 1214 1214 1219 1219 1214 1214 1214 1214 1219 1219
    1219 1219 1214 1214 1219 1214 1214 1214 1214 1214 1214 1214 1214
    1214 1214 1214 1214 1214 1219 1219 1214 1214 1214 1219 1219 1219
    1219 1219 1219 1219 1219 1219 1219 1214 1214 1214 1214 1214 1214
    1214 1214 1214 1219 1219 1219 1219 1214 1214 1214 1219 1219 1219
    1219 1219 1219 1219 1219 1219 1219 1214 1214 0 0 1214 1214 1214 1214
    1214 1214 1214 1214 1219 1214 1214 1214 1219 1219 1219 1219 1219
    1219 1214 1214 1219 1219 1214 1214 1214 0 1214 1214 1214 1214 1214
    1214 1214 1214 1214 1214 1214 1214 1219 1219 1219 1219 1214 1214
    1214 1214 1219 1219 1219 1219 0 0 1214 1214 1214 1214 1214 1214 1214
    1214 1214 1214 1214 1214 1214 1214 1214 1214 1214 1214 1214 1219
    1223 1223 1219 1219 0 0 1214 1214 1214 1214 1214 1214 1214 1214 1214
    1214 1214 1214 1214 1214 1214 1214 1214 1214 1214 1219 1223 1223
    1223 1223 1223 1223 1219 1219 1219 1214 1214 1214 1214 1214 1214
    1214 1214 1214 1214 1214 1214 1214 1214 1214 1214 1223 1223 1223
    1219 1219 0 1219 1214 1214 1219 1219 1219 1214 1214 1214 1214 1214
    1214 1214 1214 1214 1214 1214 1214 1214 1214 1223 1223 1223 1219
    1219 0 1219 1214 1214 1219 1214 1214 1214 1214 1214 1214 1214 1214
    1214 1214 1214 1214 1214 1214 1214 1214 1219 1219 1219 1214 1214 0
    1214 1214 1214 1214 1214 1214 1214 1214 1214 1214 1214 1214 1214
    1219 1219 1219 1219 1219 1214 1214 1214 1219 1214 1214 1197 1197
    1214 1214 1214 1214 1214 1214 1219 1219 1214 1214 1214 1214 1214
    1219 1219 1214 1214 1214 1214 1214 1214 1219 1214 1214 1197 1197
    1214 1214 1214 1210 1210 1214 1214 1214 1214 1214 1214 1214 1214
    1219 1219 1214 1214 1214 1214 1214 1219 1219 1214 1214 1210 1197
    1214 1210 1210 1210 1210 1214 1214 1214 1214 1214 1214 1214 1214
    1214 1214 1214 1214 1214 1214 1219 1219 1214 1214 1214 1206 1197
    1214 1210 1210 1210 1210 1214 1214 1214 1214 1214 1214 1214 1214
    1214 1214 1214 1214 1214 1214 1219 1219 1214 1214 1214 1206 1202
    1214 1214 1214 1214 1214 1214 1214 1214 1214 1214 1214 1214 1214
    1214 1214 1214 1214 1214 1214 1219 1219 1214 1214 1214 1210 1210
    1214 1214 1214 1214 1214 1214 1214 1214 1214 1214 1214 1214 1214
    1214 1214 1214 1214 1214 1214 1214 1219 1219 1219 1219 1219 1223
    1214 1214 1214 1214 1214 1214 1214 1214 1214 1214 1214 1214 1214
    1214 1214 1214 1214 1214 1214 1214 1214 1214 1219 1219 1219 1219
    1214 1214 1219 1219 1219 1219 1219 1214 1214 1214 1214 1214 1214
    1214 1214 1214 1214 1214 1214 1214 1214 1214 1219 1214 1214 1214
    1214 1214 1219 1219 1219 1219 1219 1214 1214 1214 1214 1214 1214
    1214 1214 1214 1214 1214 1214 1214 1214 1214 1214 1214 1214 1214
    1214 1214 1219 1219 1219 1219 1219 1214 1214 1214 1214 1214 1214
    1214 1214 1214 1214 1214 1214 1214 1214 1214 1214 1214 1214 1214
    1214 1214 1214 1214 1219 1214 1214 1214 1214 1214 1214 1214 1214
    1214 1214 1219 1219 1214 1214 1219 1219 1219 1214 1214 1214 1214
    1214 1214 1214 1214 1214 1214 1214 1214 1214 1214 1214 1214 1214
    1214 1214 1219 1219 1214 1214 1219 1219 1219 1214 1214 1214 0 1219
    1214 1214 1214 1214 1214 1214 1214 1214 1214 1214 1214 1214 1214
    1214 1219 1219 1219 1219 1219 1219 1219 1219 1214 1202 1202 1214
    1214 1214 1214 1214 1214 1214 1214 1214 1214 1214 1214 1214 1214
    1214 1219 1219 1219 1214 1214 1214 1219 1219 1214 1197 1197 1214
    1214 1214 1214 1214 1214 1214 1214 1214 1214 1214 1214 1214 1214
    1214 1219 1219 1214 1214 1214 1214 1214 1214 1214 1197 1197 1214
    1214 1214 1214 1214 1214 1214 1214 1214 1214 1214 1214 1214 1214
    1219 1219 1219 1214 1214 1214 1214 1214 1214 1214 1189 1189 1214
    1214 1214 1214 1214 1214 1214 1214 1214 1214 1214 1219 1219 1219
    1219 1219 1219 1214 1214 1214 1219 1219 1219 1206 1189 1185 1214
    1214 1214 1214 1214 1214 1214 1214 1214 1214 1214 1219 1219 1219
    1219 1219 1214 1214 1214 1214 1219 1219 1219 1206 1193 1185 1219
    1219 1219 1214 1214 1219 1219 1219 1219 1219 1219 1219 1214 1214
    1214 1214 1214 1214 1214 1214 1219 1219 1219 1210 1210 1185 1219
    1219 1219 1219 1219 1219 1219 1219 1219 1219 1219 1219 1214 1214
    1214 1214 1214 1214 1214 1214 1223 1223 1223 1214 1214 0 1219 1219
    1219 1219 1219 1219 1219 1219 1219 1219 1219 1219 1214 1214 1214
    1214 1214 1214 1214 1214 1223 1223 1223 1223 1223 0 1214 1214 1214
    1214 1214 1214 1214 1214 1214 1214 1219 1214 1214 1214 1214 1214
    1214 1214 1214 1214 1219 1227 1223 1223 1223 0 1214 1214 1214 1214
    1214 1214 1214 1214 1214 1214 1214 1214 1214 1214 1214 1214 1214
    1214 1214 1214 1219 1227 1223 1223 1223 0 1214 1214 1214 1214 1214
    1214 1214 1214 1214 1219 1214 1214 1214 1214 1214 1214 1214 1214
