<?xml version="1.0"?>
<opencv_storage>
<Depth5967 type_id="opencv-matrix">
  <rows>23</rows>
  <cols>39</cols>
  <dt>w</dt>
  <data>
    2639 2618 2618 2618 2618 2598 2598 2598 2598 2598 2598 2598 2579
    2579 2598 3433 3399 3399 3399 3399 2432 2381 2365 2365 2349 2349
    2349 2349 2365 2365 2365 2381 2381 2398 3433 3399 2349 2317 2317
    2639 2639 2639 2639 2639 2618 2598 2579 2579 2579 2579 2598 2579
    2381 2365 2365 3399 3365 3365 2415 2398 2381 2365 2365 2349 2349
    2349 2349 2365 2365 2365 2365 2365 2365 2333 2333 2333 2317 2317
    2639 2639 2639 2639 2639 2618 2598 2579 2579 2579 2579 2598 2349
    2349 2365 2365 2365 2381 2381 2381 2381 2365 2365 2365 2349 2349
    2349 2365 2365 2365 2365 2365 2365 2365 2333 2333 2333 2317 2317
    2349 2349 2349 2349 2349 2349 2365 2365 2381 2333 2333 2333 2349
    2349 2349 2365 2365 2365 2365 2365 2365 2365 2349 2349 2365 2365
    2365 2365 2365 2365 2365 2365 2365 2365 2349 2349 2333 2333 2317
    2365 2349 2349 2349 2349 2349 2365 2333 2333 2333 2333 2333 2333
    2333 2349 2349 2365 2365 2365 2365 2365 2365 2349 2349 2365 2365
    2365 2365 2365 2365 2381 2381 2365 2365 2365 2365 2349 2333 2333
    2349 2349 2365 2365 2349 2349 2349 2333 2333 2349 2333 2333 2333
    2333 2349 2349 2365 2365 2365 2365 2365 2365 2365 2365 2365 2381
    2381 2365 2365 2365 2365 2365 2365 2365 2365 2365 2349 2333 2333
    2349 2349 2365 2365 2349 2349 2349 2333 2333 2349 2349 2349 2349
    2349 2349 2349 2365 2365 2365 2365 2349 2349 2365 2365 2365 2365
    2365 2365 2365 2365 2365 2365 2365 2365 2365 2349 2349 2333 2317
    2349 2349 2365 2365 2365 2349 2349 2349 2349 2349 2349 2365 2365
    2365 2365 2365 2365 2381 2365 2365 2349 2349 2365 2365 2365 2365
    2365 2365 2365 2365 2365 2365 2365 2365 2349 2349 2333 2333 2317
    2349 2349 2365 2365 2365 2349 2349 2365 2365 2365 2365 2381 2381
    2365 2365 2365 2365 2365 2365 2365 2349 2349 2349 2349 2365 2365
    2365 2365 2365 2365 2365 2365 2365 2365 2349 2349 2333 2317 2317
    2349 2349 2365 2365 2365 2349 2349 2349 2349 2365 2365 2381 2381
    2381 2365 2365 2365 2365 2365 2365 2349 2349 2349 2349 2365 2365
    2365 2365 2365 2365 2365 2365 2365 2365 2349 2349 2333 2317 2317
    2349 2349 2365 2365 2365 2365 2349 2349 2349 2365 2365 2365 2381
    2365 2365 2349 2349 2365 2365 2365 2349 2349 2365 2365 2349 2349
    2349 2349 2365 2365 2365 2365 2365 2365 2349 2333 2317 2317 2317
    2365 2365 2365 2365 2365 2365 2333 2333 2333 2349 2365 2365 2381
    2365 2365 2349 2349 2349 2349 2365 2365 2365 2365 2365 2349 2349
    2349 2349 2365 2365 2365 2365 2365 2365 2349 2317 2317 2317 2317
    2365 2365 2365 2365 2365 2365 2333 2333 2333 2349 2365 2365 2365
    2365 2365 2349 2349 2349 2349 2365 2365 2365 2365 2365 2349 2349
    2349 2349 2365 2365 2365 2365 2365 2365 2333 2317 2317 2317 2317
    2365 2349 2349 2349 2365 2365 2349 2349 2349 2349 2365 2365 2365
    2349 2349 2349 2349 2365 2365 2365 2365 2365 2365 2365 2349 2349
    2349 2349 2365 2365 2365 2365 2365 2365 2333 2333 2317 2317 2317
    2365 2349 2349 2349 2349 2349 2349 2349 2349 2349 2365 2349 2349
    2349 2349 2349 2349 2349 2349 2365 2365 2365 2381 2365 2365 2365
    2365 2365 2365 2365 2365 2365 2365 2365 2349 2333 2317 2317 2317 981
    2349 2349 2317 2317 2349 2333 2333 2365 2365 2365 2349 2349 2349
    2349 2349 2349 2349 2333 2333 2349 2365 2381 2381 2381 2365 2365
    2381 2381 2365 2365 2365 2365 2365 2349 2333 2333 2317 2317 973 2286
    2286 2286 2286 0 2333 2333 2365 2365 2365 2349 2349 2349 2349 2349
    2349 2349 2333 2333 2349 2365 2381 2398 2398 2381 2381 2381 2381
    2365 2365 2365 2349 2349 2349 2333 2333 2317 2317 0 0 0 2286 2286 0
    0 0 2415 2381 2365 2349 2349 2349 2349 2349 2349 2349 2317 2317 2349
    2349 2381 2398 2398 2381 2381 2365 2365 2349 2349 2349 2349 2349
    2301 2301 2301 2317 2301 0 0 0 0 0 0 0 0 2432 2398 2365 2349 2349
    2349 2349 2365 2349 2349 2317 2317 2349 2349 2365 2381 2398 2381
    2381 2365 2365 2349 2349 2349 2365 2349 2301 2301 2301 2301 2301 0 0
    0 0 0 0 0 0 0 0 2365 2349 2349 2349 2349 2365 2365 2365 2333 2333
    2349 2365 2365 2317 2317 2398 2381 2381 2365 2349 2349 2349 2365
    2333 2301 2286 2271 2256 2256 0 0 0 0 0 0 0 0 0 0 2365 2365 2349
    2333 2333 2349 2365 2365 2349 2349 2365 2365 2365 2317 2317 3614
    2398 2398 3468 3468 3468 2317 2317 2317 2301 2286 2271 2256 2256 0 0
    0 0 0 0 0 0 0 0 2365 2365 2349 2333 2333 2349 2381 2398 2365 2365
    2381 2381 2333 2317 2317 3539 3503 3468 3468 3468 3468 3433 2317
    2317 2317 2317 3433 3399 3208 0 0 0 0 0 0 0 0 0 0 0 2381 2365 2349
    2349 2381 2381 2398 0 2381 2365 2349 2333 2317 2317 3503 3503 3468
    3468 3468 3468 3433 3399 3399 3433 3433 3433 3399 3208</data></Depth5967>
</opencv_storage>
