<?xml version="1.0"?>
<opencv_storage>
<Depth12714 type_id="opencv-matrix">
  <rows>11</rows>
  <cols>8</cols>
  <dt>w</dt>
  <data>
    3178 3178 6375 6375 6375 6146 6146 6038 3178 3178 6375 6375 6375
    6259 6259 6038 3178 3178 6497 6497 6497 6375 6375 6146 3149 6497
    6497 6497 6497 6375 6375 6497 3149 6497 6497 6497 6497 6375 6375
    6375 6497 6497 6375 6375 6375 6259 6259 6259 6497 6375 6375 6375
    6259 6259 6146 6146 6497 6375 6375 6259 6259 6259 6146 6146 6497
    6375 6375 6259 6259 6259 6146 6146 6497 6375 6375 6375 6259 6259
    6146 6146 6497 6375 6146 6146 6375 6375 6375 0</data></Depth12714>
</opencv_storage>
