<?xml version="1.0"?>
<opencv_storage>
<Depth11153 type_id="opencv-matrix">
  <rows>126</rows>
  <cols>84</cols>
  <dt>w</dt>
  <data>
    3653 3653 3653 3653 3653 3653 3653 3614 3614 915 915 918 918 918
    3503 908 908 3503 3539 3503 3503 3503 3503 3468 3399 3399 3433 3433
    3433 3468 3399 3399 3399 3399 3399 3399 3399 3399 3399 3399 880 880
    3433 3399 3399 3399 3399 3399 3399 3399 959 959 959 962 962 964 964
    967 967 973 973 973 975 978 975 975 970 970 970 970 970 3178 3269
    3269 3269 3269 3269 3269 3269 3238 3238 3238 3208 3208 3692 0 0 0 0
    0 0 0 0 915 915 915 913 908 908 906 903 903 898 898 3503 3503 851
    851 851 851 3433 3433 3433 3433 3399 3399 3399 3399 3399 3399 3503
    3503 3503 882 880 880 3433 3399 3399 3399 3399 3399 3399 3399 959
    954 954 956 956 959 959 959 964 967 970 973 973 975 975 973 970 970
    970 970 0 3178 3178 3178 3238 3269 3238 3238 3238 3238 3238 3238
    3208 3208 3692 0 0 0 0 0 0 0 0 915 915 913 908 908 908 903 901 898
    891 885 885 854 851 851 851 849 849 849 847 847 849 849 0 847 847 0
    0 3539 3539 882 880 880 3433 3433 3433 3433 946 946 946 946 943 943
    940 940 940 940 951 954 954 951 951 970 970 973 970 970 970 973 973
    0 0 3178 3178 3178 3238 3269 3238 3238 3238 3238 3238 3238 3208 3208
    3692 0 0 0 0 0 0 0 0 918 915 910 891 889 889 889 901 898 891 875 871
    854 851 851 851 849 847 847 847 0 0 0 0 0 0 0 889 885 885 882 880
    880 880 880 880 0 935 935 933 933 933 933 933 935 935 938 946 946
    946 951 951 954 964 973 970 970 970 970 970 0 910 910 910 910 3238
    3238 3238 3269 3269 3238 3238 3238 3208 3208 0 0 0 0 0 0 0 0 0 918
    915 910 889 887 885 880 880 880 871 871 871 856 851 851 851 851 847
    847 847 851 849 849 0 847 847 860 889 889 882 880 880 880 880 880 0
    0 930 930 930 933 930 930 933 933 933 933 946 938 938 943 946 946
    948 973 973 973 973 908 908 910 910 910 910 910 910 3238 3238 3269
    3269 3238 3238 3238 3208 3178 0 0 0 0 0 0 0 0 930 920 918 913 889
    887 882 878 871 867 867 871 839 837 837 841 847 849 854 854 856 851
    849 849 847 847 847 860 860 860 873 873 875 875 882 882 862 862 930
    930 930 882 882 928 923 923 933 933 933 938 938 943 943 946 948 948
    896 910 910 908 908 910 910 910 910 910 910 910 913 901 910 3269
    3269 3238 3208 3178 0 0 0 0 0 0 0 0 928 923 920 913 889 887 880 878
    871 851 845 841 839 837 837 837 837 841 845 845 845 847 847 847 847
    847 851 854 854 858 858 858 864 864 864 862 862 862 864 869 873 873
    875 875 875 882 891 887 887 885 885 885 889 889 891 896 896 908 908
    908 908 908 910 910 913 913 913 913 913 901 910 910 910 908 908 908
    0 0 0 0 0 0 0 0 928 923 920 901 891 885 880 878 869 849 845 841 839
    837 837 837 837 839 843 843 843 845 845 847 847 847 851 854 854 856
    856 856 860 862 862 862 862 862 864 867 867 871 871 871 873 875 875
    885 885 885 882 882 887 887 889 889 889 903 903 906 906 908 908 908
    910 903 903 901 901 901 903 903 906 908 908 908 0 0 0 0 0 0 0 0 925
    923 920 901 894 885 880 875 869 849 845 843 839 837 837 837 837 839
    841 843 843 845 845 845 847 847 851 851 854 856 856 856 858 860 862
    864 864 864 864 867 867 871 871 871 871 873 873 873 878 880 880 880
    882 882 882 885 887 889 894 894 898 901 901 901 901 901 901 901 901
    901 901 903 906 906 906 906 0 0 0 0 0 0 0 0 925 923 918 901 896 887
    880 875 869 849 845 841 839 837 837 837 837 839 841 843 843 845 845
    845 847 847 851 851 856 856 856 856 858 860 862 864 864 864 864 867
    867 871 871 871 871 873 873 873 878 880 880 880 882 882 882 885 885
    887 889 891 894 896 896 898 898 898 898 901 901 901 901 903 906 906
    906 906 0 0 0 0 0 0 0 0 928 923 918 901 896 887 880 875 869 849 845
    841 839 837 837 837 837 839 843 843 843 845 845 847 847 849 851 851
    856 856 856 858 860 862 862 864 864 864 864 867 869 871 871 873 873
    873 873 873 880 880 880 882 882 885 885 885 885 887 889 891 894 896
    896 898 898 898 898 901 901 901 901 906 906 906 908 908 0 0 0 0 0 0
    0 0 928 923 915 901 896 887 880 875 869 851 845 843 839 837 837 839
    839 841 843 843 843 845 845 847 849 849 851 851 854 856 856 860 860
    862 864 864 867 867 867 867 871 871 873 873 873 873 875 875 880 880
    880 882 885 887 887 887 889 889 891 891 894 896 896 898 898 898 898
    901 901 901 903 906 906 908 908 908 0 0 0 0 0 0 0 0 930 925 913 903
    894 889 880 875 869 851 845 843 839 837 837 839 841 841 843 845 845
    847 847 849 851 851 851 854 854 858 858 862 862 862 864 864 867 867
    869 871 871 873 873 873 873 875 875 878 880 880 880 882 885 887 889
    889 889 891 891 894 896 898 898 898 898 898 898 901 901 901 903 906
    908 908 908 908 0 0 0 0 0 0 0 935 930 928 910 903 894 887 880 875
    869 851 847 843 839 839 839 839 841 843 845 845 845 847 847 849 851
    851 854 854 854 858 862 862 862 864 864 864 867 869 869 871 871 873
    873 873 875 875 878 880 882 882 882 885 885 889 889 891 891 894 894
    898 898 898 898 901 901 901 901 901 901 903 906 908 908 910 910 910
    0 0 0 0 0 0 0 935 933 930 910 903 894 887 880 873 869 851 847 843
    843 841 841 841 843 843 845 847 847 849 849 849 851 851 854 854 856
    860 862 862 864 864 864 864 867 869 871 871 873 873 873 875 875 878
    880 882 882 885 885 885 889 889 891 891 891 894 896 898 898 901 901
    901 901 901 903 906 906 908 908 910 910 910 913 0 0 0 0 0 0 0 0 933
    930 928 908 903 894 887 880 873 869 851 847 845 843 841 841 841 843
    845 845 847 849 849 851 851 851 854 854 856 856 860 862 864 864 864
    864 867 869 871 871 873 873 875 875 878 878 880 882 882 885 885 885
    887 889 891 891 894 894 896 898 898 901 901 901 901 903 903 906 908
    908 908 910 910 910 913 918 0 0 0 0 0 0 0 0 933 930 928 908 903 894
    887 880 873 869 851 847 845 843 843 843 843 845 845 845 847 849 849
    851 851 854 854 854 856 858 862 862 864 864 867 867 869 869 871 873
    873 875 875 875 878 880 880 882 882 885 885 887 887 891 891 894 894
    896 898 898 898 901 903 903 903 906 906 908 908 908 910 910 910 913
    918 920 0 0 0 0 0 0 0 0 935 933 928 908 903 896 889 880 873 871 851
    847 845 845 843 843 843 845 845 847 849 849 851 851 854 854 856 856
    858 860 862 864 864 864 867 867 869 869 873 875 875 878 878 880 880
    880 880 882 882 887 887 887 889 891 894 894 896 896 898 898 901 901
    903 906 906 908 908 908 910 910 910 913 913 915 918 920 0 0 0 0 0 0
    0 0 938 933 928 908 903 896 887 880 873 871 862 849 847 845 843 843
    845 845 847 847 849 851 851 854 854 854 856 856 858 860 862 864 867
    869 869 869 871 871 875 878 878 878 878 880 880 882 882 882 885 887
    889 889 889 894 896 896 898 898 898 901 901 903 903 906 906 908 908
    908 910 910 910 913 915 915 918 920 0 0 0 0 0 0 0 940 938 935 930
    908 903 896 887 880 873 871 862 849 847 845 845 845 845 847 849 849
    851 851 851 854 854 856 858 858 860 860 864 864 867 871 869 869 871
    873 875 878 878 878 878 880 882 882 882 885 885 889 889 891 891 896
    896 898 898 898 901 901 903 906 906 906 908 908 910 910 910 913 913
    913 915 918 918 0 0 0 0 0 0 0 0 940 938 935 918 908 906 896 887 878
    871 869 864 851 847 845 845 845 847 847 851 851 851 854 854 854 856
    858 860 860 862 862 867 867 867 871 869 869 873 873 878 878 878 878
    880 882 882 882 885 887 887 889 891 891 891 896 896 898 898 898 901
    903 906 906 906 908 908 908 910 910 910 910 910 913 915 918 918 0 0
    0 0 0 0 0 0 0 946 933 918 913 906 898 887 878 871 869 856 851 849
    847 847 849 851 851 851 851 851 854 854 856 856 858 860 860 862 862
    867 867 869 871 871 871 873 875 878 878 878 878 880 882 882 885 885
    887 887 889 891 891 894 896 896 898 898 898 901 903 906 906 908 908
    908 908 910 910 913 910 910 915 915 918 918 0 0 0 0 0 0 0 0 0 0 930
    918 913 908 896 889 878 871 869 856 851 851 849 849 849 851 851 854
    854 854 854 856 858 858 860 860 860 862 864 869 869 871 871 871 871
    873 878 878 880 880 880 882 882 885 885 887 887 889 889 891 891 896
