<?xml version="1.0"?>
<opencv_storage>
<Depth10167 type_id="opencv-matrix">
  <rows>133</rows>
  <cols>75</cols>
  <dt>w</dt>
  <data>
    0 0 0 0 0 0 0 0 0 0 0 0 0 0 0 0 0 0 0 0 0 0 0 0 0 0 0 0 0 0 970 967
    964 962 959 951 946 943 940 938 935 935 933 933 933 933 935 938 940
    943 948 951 954 964 973 970 970 970 0 0 0 0 0 0 0 0 0 0 0 0 0 0 0 0
    1223 0 0 0 0 0 0 0 0 0 0 0 0 0 0 0 0 0 0 0 0 0 0 0 0 0 0 0 0 975 970
    967 964 962 959 954 951 946 943 940 938 935 935 933 933 933 933 933
    938 940 943 948 951 954 962 970 970 970 970 0 0 0 0 0 0 0 0 0 0 0 0
    0 0 0 0 1219 0 0 0 0 0 0 0 0 0 0 0 0 0 0 0 0 0 0 0 0 0 0 0 0 989 987
    987 978 975 970 967 964 962 959 954 951 948 943 940 938 935 935 933
    933 933 933 933 938 940 946 948 951 956 962 967 970 970 0 0 0 0 0 0
    0 0 0 0 0 0 0 0 0 0 0 1219 0 0 0 0 0 0 0 0 0 0 0 0 0 0 0 0 0 0 0 0 0
    0 0 989 989 987 978 978 975 970 967 964 962 959 954 951 948 943 938
    938 935 935 933 933 933 933 933 938 940 946 948 954 956 964 964 970
    970 973 0 0 0 0 0 0 0 0 0 0 0 0 0 0 0 0 1219 0 0 0 0 0 0 0 0 0 0 0 0
    0 0 0 0 0 0 0 0 0 0 992 987 987 984 978 978 975 970 967 964 964 959
    954 951 948 946 938 938 935 935 933 930 930 930 933 938 940 946 948
    954 956 964 964 970 970 973 989 0 0 0 0 0 0 0 0 0 0 0 0 0 0 0 1223 0
    0 0 0 0 0 0 0 0 0 0 0 0 0 0 0 0 0 1007 1004 1004 1001 992 987 987
    984 978 975 973 970 967 967 962 959 954 948 946 946 940 938 933 933
    930 930 930 930 933 938 940 946 948 954 959 964 967 970 975 978 989
    989 992 0 0 0 0 0 0 0 0 0 0 0 1227 1227 1227 0 0 0 0 0 0 0 0 0 0 0 0
    0 0 0 0 0 0 1007 1004 1004 1001 992 989 987 984 978 975 973 970 967
    964 962 956 951 948 946 946 940 935 933 933 930 930 930 933 933 938
    940 943 946 956 959 964 967 973 978 984 987 989 992 992 0 0 0 0 0 0
    0 0 0 0 1227 1227 1232 0 0 0 0 0 0 0 0 0 0 0 0 0 0 0 0 0 0 1007 1007
    1004 998 992 989 987 984 978 975 975 970 964 964 959 954 951 948 946
    946 940 935 933 933 933 930 930 933 933 938 940 943 946 956 959 964
    970 973 978 987 987 989 992 992 1001 0 0 0 0 0 0 0 0 1245 1236 1236
    1232 0 0 0 0 0 0 0 0 0 0 0 0 0 0 0 0 0 0 1007 1007 1004 998 992 987
    987 981 978 975 973 970 964 962 959 954 951 948 946 946 940 935 933
    933 935 933 933 935 935 938 940 943 948 954 959 964 973 975 978 987
    989 992 995 995 1001 1004 0 0 0 0 0 0 0 1245 1241 1241 1236 0 0 0 0
    0 0 0 0 0 0 0 0 0 0 0 0 0 1010 1007 1007 1004 1001 989 987 984 981
    978 975 973 967 964 962 959 954 951 948 946 946 940 938 935 935 935
    935 935 938 938 940 943 946 948 954 964 964 973 975 978 987 989 995
    995 1001 1004 1004 1010 1013 1013 0 0 0 0 1250 1245 1241 1236 0 0 0
    0 0 0 0 0 0 0 0 0 0 0 0 0 0 1007 1007 1004 1004 992 989 987 984 981
    978 975 973 967 964 962 959 954 951 948 948 948 943 938 935 935 938
    938 938 938 940 943 946 946 951 954 964 964 973 975 981 987 989 995
    995 1004 1007 1007 1010 1013 1013 0 0 0 1268 1255 1250 1245 1236 0 0
    0 0 0 0 0 0 0 0 0 0 0 0 0 0 1010 1007 1007 1004 1001 992 989 987 987
    981 978 975 973 970 970 967 964 956 954 954 954 951 948 948 951 951
    962 951 946 946 948 948 948 951 954 954 964 964 973 975 981 987 989
    995 995 1004 1007 1010 1013 1013 1013 1013 1278 1268 1268 1259 1255
    1250 1236 0 0 0 0 0 0 0 0 0 0 0 0 0 0 0 0 1010 1007 1007 1001 1001
    992 989 987 987 984 978 975 973 973 970 970 973 970 967 967 964 964
    964 959 959 959 962 956 954 954 954 954 956 956 956 956 967 967 973
    975 981 984 989 992 995 1001 1007 1013 1013 1013 1013 1013 1278 1278
    1268 1259 1255 1250 1227 0 0 0 0 0 0 0 0 0 0 0 0 0 0 0 0 0 1007 1004
    1001 1001 992 989 989 987 984 984 978 975 975 975 975 978 978 975
    975 975 973 973 970 967 967 967 967 964 964 967 967 967 964 964 967
    970 973 973 975 981 984 989 992 1001 1001 1007 1013 1016 1013 1013
    1013 1273 1273 1268 1264 1259 1245 1214 0 0 0 0 0 0 0 0 0 0 0 0 0 0
    0 0 0 0 1004 1001 1001 998 992 989 989 989 989 987 987 978 978 984
    984 984 981 981 981 984 978 973 970 970 970 970 978 981 981 978 978
    978 973 973 975 975 975 975 984 984 989 992 1001 1001 1007 1010 1016
    1016 1016 1016 1273 1273 1268 1264 1259 1236 1214 0 0 0 0 0 0 0 0 0
    0 0 0 0 0 0 0 0 0 0 1004 1004 1001 998 998 995 995 998 998 998 1007
    1004 995 989 989 989 989 992 989 981 975 973 973 973 973 987 992 989
    984 984 984 981 981 981 981 981 981 987 987 989 992 1001 1004 1010
    1010 1013 1016 1016 1292 1292 1278 1273 1264 1255 1219 1214 0 0 0 0
    0 0 0 0 0 0 0 0 0 0 0 0 0 0 0 1010 1007 1004 1001 1001 1001 1001
    1004 1007 1007 1007 1004 1004 1004 1004 1007 1007 1004 1001 1001 975
    973 973 973 973 1004 1001 998 995 992 992 989 989 989 987 987 989
    989 992 995 995 1004 1007 1010 1010 1013 1016 1019 1292 1288 1278
    1232 1223 1219 1219 1219 0 0 0 0 0 0 0 0 0 0 0 0 0 0 0 0 0 0 0 1016
    1013 1010 1010 1010 1013 1013 1013 1013 1013 1007 1007 1004 1004
    1007 1010 1010 1010 1007 1007 1007 970 970 970 973 1010 1007 1007
    1010 1007 1007 1010 1010 992 992 992 992 992 995 995 998 1004 1010
    1013 1013 1013 1013 1013 1292 1288 1278 1232 1223 1219 1219 1219 0 0
    0 0 0 0 0 0 0 0 0 0 0 0 0 0 0 0 0 0 0 0 0 1013 1013 1022 1022 1016
    1013 1010 1004 1004 1004 1010 1013 1016 1016 1016 1016 1016 964 964
    967 1016 1016 1016 1019 1016 1016 1016 1016 1016 1013 1013 1022 1022
    1022 1007 1004 1004 1010 1013 1013 1013 1013 1013 1317 1292 1292
    1283 1232 1232 1232 1223 1223 0 0 0 0 0 0 0 0 0 0 0 0 0 0 0 0 0 0 0
    0 0 0 0 0 0 1034 1028 1013 1010 1004 1001 1001 1001 1013 1031 1028
    1028 946 946 948 964 964 964 1025 970 970 1022 1022 1022 1025 1025
    1022 1022 1022 1022 1025 1025 1022 1016 1013 1013 1016 1016 1016
    1016 1016 1317 1297 1292 1283 1236 1236 1232 1232 1232 0 0 0 0 0 0 0
    0 0 0 0 0 0 0 0 0 0 0 0 0 0 0 0 0 0 0 1034 1010 1010 1004 1001 1001
    1001 1047 1044 1041 1038 946 946 948 962 964 962 962 967 967 1031
    1031 1031 1031 1028 1025 1022 1019 1019 1025 1025 1022 1019 1016
    1016 1016 1016 1016 1016 1016 1312 1302 1292 1250 1241 1236 1236
    1236 1236 0 0 0 0 0 0 0 0 0 0 0 0 0 0 0 0 0 0 0 0 0 0 0 0 0 0 0 1010
    1007 1004 1001 1001 1001 1050 1050 1047 1044 1044 951 951 962 964
    962 962 967 967 1047 1044 1044 1038 1031 1025 1019 1016 1016 1025
    1028 1028 1016 1013 1013 1013 1019 1019 1333 1312 1312 1307 1288
    1250 1245 1241 1241 1241 1241 0 0 0 0 0 0 0 0 0 0 0 0 0 0 0 0 0 0 0
    0 0 0 0 0 0 0 0 1010 1007 1004 1001 998 998 1057 1057 1057 1063 1060
    1060 1060 964 964 964 967 1063 1060 1054 1050 1047 1041 1041 1016
    1013 1013 1010 1010 1034 1034 1016 1013 1013 1013 1013 1333 1333
    1322 1312 1307 1268 1255 1250 1250 1250 1250 1250 0 0 0 0 0 0 0 0 0
    0 0 0 0 0 0 0 0 0 0 0 0 0 0 0 0 0 0 1010 1007 1004 998 998 998 1073
    1067 1067 1067 1067 1067 1067 967 967 964 964 1067 1063 1057 1057
    1057 1057 1016 1016 1013 1007 898 896 894 894 894 896 906 1333 1333
    1333 1333 1322 1317 1312 1264 1255 1255 1250 1250 1255 1255 0 0 0 0
    0 0 0 0 0 0 0 0 0 0 0 0 0 0 0 0 0 0 0 0 0 0 0 1007 1004 1004 995 995
    995 1070 1070 1070 1070 1067 1067 1067 967 964 962 962 962 1063 1063
    1063 910 908 1010 1010 1007 901 898 896 894 894 896 896 906 906 1333
    1333 1333 1328 1322 1273 1264 1259 1259 1259 1259 1259 1259 0 0 0 0
    0 0 0 0 0 0 0 0 0 0 0 0 0 0 0 0 0 0 0 0 0 0 0 1007 1004 1004 995 995
    995 995 995 951 951 946 964 964 964 964 962 962 962 962 918 910 910
    908 906 906 901 898 898 896 896 896 896 906 906 906 906 1338 1333
    1328 1322 1273 1268 1264 1264 1264 1264 1259 1259 0 0 0 0 0 0 0 0 0
    0 0 0 0 0 0 0 0 0 0 0 0 0 0 0 0 0 0 1004 1004 1004 998 998 998 0 0 0
    0 0 946 962 962 962 962 962 962 918 918 915 910 908 906 906 901 898
    898 896 896 898 901 906 906 906 906 1343 1338 1333 1273 1268 1268
    1268 1268 1268 1264 1264 1264 0 0 0 0 0 0 0 0 0 0 0 0 0 0 0 0 0 0 0
    0 0 0 0 0 0 0 0 1004 1004 1004 1001 1001 1001 956 954 951 951 946
    946 946 946 954 954 928 923 920 918 915 913 910 908 906 901 898 896
