<?xml version="1.0"?>
<opencv_storage>
<Depth16483 type_id="opencv-matrix">
  <rows>9</rows>
  <cols>14</cols>
  <dt>w</dt>
  <data>
    5734 5734 5640 5548 5548 5548 5548 5548 5548 5548 0 0 0 0 5548 5548
    5640 5548 5548 5548 5548 5548 5548 5548 5548 5548 0 0 5548 5548 5640
    5548 5548 5548 5548 5548 5548 5548 5548 5548 0 0 5548 5548 5548 5460
    5460 5548 5548 5548 5548 5548 5548 5640 5640 0 5548 5548 5460 5460
    5460 5460 5548 5548 5460 5460 5460 5640 5640 5734 5640 5548 5460
    5374 5374 5460 5548 5548 5460 5460 5460 5548 5548 5548 5734 5548
    5548 5374 5374 5460 5548 5548 5548 5460 5460 5548 5548 5548 0 0 0 0
    5460 5460 5640 5640 5548 5460 5460 5548 5548 5460 0 0 0 0 0 0 0 0 0
    0 5548 5548 5548 5460</data></Depth16483>
</opencv_storage>
