<?xml version="1.0"?>
<opencv_storage>
<Depth12833 type_id="opencv-matrix">
  <rows>8</rows>
  <cols>22</cols>
  <dt>w</dt>
  <data>
    6622 6622 6622 6497 6497 5640 5640 5734 5734 5734 5640 5460 5460
    5460 5460 5548 5640 5640 0 0 5056 5056 6753 5640 5640 5640 5640 5640
    5640 5640 5640 5640 5548 5460 5460 5460 5460 5460 5548 5548 0 5210
    5056 5056 5640 5640 5640 5548 5548 5548 5640 5640 5640 5640 5548
    5460 5460 5460 5460 5460 5548 5548 5291 5210 5210 5056 5640 5640
    5640 5548 5548 5548 5640 5640 5640 5640 5548 5460 5460 5374 5374
    5374 5460 5374 5291 5291 5210 5132 5640 5640 5640 5640 5640 5640
    5640 5640 5640 5640 5548 5548 5460 5374 5291 5291 5374 5291 5291
    5210 5210 5132 5640 5640 5640 5640 5640 5640 5640 5640 5640 5548
    5548 5548 5548 5374 5291 5291 5374 5291 5291 5210 5132 5132 5640
    5640 5640 5640 5640 5548 5548 5640 5640 5548 5548 5548 5548 5548
    5640 5374 5374 5210 5210 5132 5056 5056 5640 5640 5640 5640 5640
    5548 5548 5640 5640 5548 5548 5548 5640 5640 6497 6497 5210 5210
    5210 5132 5056 5056</data></Depth12833>
</opencv_storage>
