<?xml version="1.0"?>
<opencv_storage>
<Depth8100 type_id="opencv-matrix">
  <rows>27</rows>
  <cols>31</cols>
  <dt>w</dt>
  <data>
    5832 5832 5832 5832 5832 5832 5933 5832 5832 5832 5832 5832 5734
    5734 5640 3576 3539 3539 3539 3539 3539 3503 3503 5460 5460 5460
    5460 5548 0 0 0 5832 5832 5832 5832 5832 5832 5832 5832 5832 5832
    5832 5734 5640 3576 3539 3539 3539 3539 3539 3503 3503 3503 3468
    3468 3503 5374 5460 0 0 0 0 5832 5832 5832 5832 5832 5832 5832 5832
    5832 5832 5734 5734 3576 3576 3539 3539 3539 3539 3539 3503 3503
    3503 3468 3468 3433 3433 0 0 0 0 0 5832 5832 5832 5734 5734 5734
    5832 5832 5832 5734 3614 3614 3576 3576 3576 3576 3576 3576 3539
    3503 3503 3503 3503 3503 3433 3433 3433 0 0 3433 0 5832 5832 5832
    5734 5734 5734 5832 5832 3653 3614 3614 3614 3576 3576 3576 3576
    3576 3576 3539 3503 3503 3503 3503 3503 3468 3468 3468 3468 3433
    3433 3433 5832 5832 5734 5734 5640 5640 5640 3653 3653 3614 3614
    3614 3576 3576 3576 3539 3539 3539 3503 3503 3503 3503 3503 3468
    3468 3468 3468 3468 3433 3433 3433 5832 5832 5734 5734 3576 3576
    3614 3614 3614 3614 3614 3576 3576 3539 3539 3539 3503 3503 3503
    3503 3503 3503 3468 3468 3433 3433 3433 3433 3399 3399 3399 5832
    5832 5832 3614 3576 3576 3614 3614 3614 3576 3539 3539 3539 3539
    3539 3539 3503 3503 3503 3503 3468 3468 3468 3433 3433 3433 3433
    3433 3399 3399 3399 5832 3653 3653 3614 3576 3576 3614 3614 3576
    3539 3539 3503 3503 3503 3503 3503 3503 3468 3468 3468 3468 3468
    3468 3433 3399 3399 3365 3365 3365 3365 3399 3653 3653 3614 3614
    3576 3576 3614 3576 3576 3539 3503 3503 3503 3503 3503 3503 3503
    3468 3468 3468 3433 3433 3399 3399 3399 3399 3365 3365 3365 3365
    3399 3653 3653 3614 3576 3576 3576 3614 3576 3576 3576 3503 3503
    3503 3503 3503 3503 3503 3468 3468 3468 3433 3433 3399 3399 3399
    3365 3365 3365 3365 3365 3399 3614 3614 3576 3576 3576 3576 3576
    3576 3539 3539 3539 3503 3503 3503 3503 3503 3503 3468 3468 3433
    3433 3433 3399 3399 3399 3365 3365 3365 3365 3365 3365 3576 3576
    3576 3576 3576 3576 3576 3539 3539 3539 3539 3503 3503 3503 3503
    3468 3468 3468 3468 3433 3433 3433 3433 3399 3399 3399 3365 3365
    3333 3300 3300 3576 3576 3576 3539 3539 3576 3539 3539 3539 3503
    3503 3503 3503 3503 3503 3468 3468 3468 3468 3433 3433 3433 3433
    3399 3399 3399 3365 3365 3333 3300 3300 3576 3576 3576 3539 3539
    3539 3539 3539 3503 3503 3503 3503 3503 3503 3503 3468 3468 3468
    3468 3433 3433 3399 3399 3399 3399 3433 3399 3399 3365 3333 3333
    5734 3614 3576 3576 3576 3539 3503 3503 3503 3503 3503 3503 3503
    3503 3503 3468 3468 3468 3433 3433 3433 3399 3399 3399 3399 3433
    3433 3399 3399 3365 3365 5734 3653 3576 3503 3503 3503 3503 3503
    3503 3468 3468 3503 3503 3503 3468 3468 3433 3433 3433 3433 3433
    3433 3433 3433 3433 3433 3468 3433 3433 3433 5460 5734 3692 3576
    3503 3503 3503 3503 3503 3468 3468 3468 3503 3503 3468 3468 3433
    3433 3433 3399 3399 3433 3433 3433 3433 3433 3468 3468 3468 5374
    5460 5460 5734 3692 3576 3503 3503 3503 3503 3503 3468 3468 3468
    3503 3468 3468 3468 3433 3433 3433 3399 3399 3433 3433 3433 3433
    3433 3468 3468 5291 5374 5460 5374 5640 5460 3576 3503 3503 3503
    3503 3503 3468 3468 3468 3503 3468 3468 3468 3433 3433 3433 3433
    3433 3468 3468 3433 3433 3433 5291 5291 5291 5374 5374 5374 5640
    5460 3576 3503 3503 3503 3503 3503 3503 3503 3468 3468 3468 3468
    3468 3468 3468 3468 3433 3433 3468 3468 3468 3503 5460 5374 5291
    5291 5374 5291 5291 5640 5548 5210 3503 3503 3503 3503 3503 3503
    3503 3468 3468 3468 3468 3468 3468 3468 3468 3468 3468 3468 3468
    5460 5460 5460 5460 5374 5374 5374 5291 5291 5734 5640 5548 5548
    3503 3503 3503 3503 3503 3503 3468 3468 3468 3468 3468 3468 3468
    3503 3503 3503 3503 5460 5460 5460 5460 5460 5460 5374 5374 5374
    5291 5734 5640 5640 5548 5548 5548 3539 3503 3468 3468 3468 3468
    3468 3468 3468 3468 3503 3503 3539 3539 5460 5460 5460 5460 5460
    5374 5374 5374 5374 5374 5291 5734 5640 5640 5548 5460 5460 3539
    3503 3468 3468 3468 3468 3468 3468 3468 3468 3503 3503 5460 5460
    5460 5460 5460 5460 5460 5374 5374 5374 5374 5374 5374 5734 5734
    5640 5548 5460 5460 5460 3503 3468 3468 3503 3503 3503 3468 3468
    3468 3503 5460 5460 5460 5460 5460 5460 5460 5460 5460 5460 5374
    5374 5374 5374 5734 5640 5640 5548 5460 5460 5460 3503 3433 3433
    3468 3503 3503 3503 5460 5460 5460 5460 5460 5460 5460 5460 5460
    5460 5460 5460 5374 5374 5374 5374 5291</data></Depth8100>
</opencv_storage>
