<?xml version="1.0"?>
<opencv_storage>
<Depth18231 type_id="opencv-matrix">
  <rows>103</rows>
  <cols>67</cols>
  <dt>w</dt>
  <data>
    2381 2381 2381 2398 2398 2398 2415 2415 2432 2467 2618 2639 2639
    2639 2639 2639 2659 2659 3948 3948 3948 3948 3948 3948 3948 3948
    3948 3948 3948 3948 3948 3948 3994 4041 4041 4041 4041 4041 4041
    4089 1025 1025 1025 1025 4089 4089 4089 1232 1223 1223 1223 1223
    4190 4190 4190 4190 4190 4190 4241 4241 4241 4241 4241 4241 4295
    4295 4295 2381 2381 2381 2398 2398 2398 2415 2415 2432 2467 2639
    2639 2639 2639 2639 2639 2639 2659 3948 3948 3948 3948 3948 3948
    3948 3948 3948 3948 3948 3994 3948 3948 3994 4041 4041 4041 4041
    4041 4041 4089 1025 1025 1025 1025 4089 4139 4139 1227 1223 1223
    1219 1219 4190 4190 4190 4241 4241 4241 4241 4241 4241 4241 4241
    4295 4295 4295 4295 2381 2381 2381 2398 2398 2398 2415 2415 2432
    2450 2639 2639 2639 2639 2639 2639 2639 2659 3948 3948 3948 3948
    3948 3948 1044 1044 3994 3994 3994 3994 3994 3994 3994 4041 4041
    4041 4041 4041 4089 1016 1016 1022 1022 1025 1025 1025 1227 1223
    1223 1219 1214 1214 4190 4190 0 4241 4241 4241 4241 4241 4241 4241
    4295 4295 4295 4295 4295 2365 2381 2398 2398 2398 2415 2415 2415
    2432 2450 2639 2639 2639 2639 2639 2639 2639 2659 3948 3948 3948
    3948 1050 1050 1044 1044 1044 1044 4041 4041 3994 3994 3994 4041
    4041 4041 1019 1016 1016 1016 1016 1019 1019 1016 1016 1016 1227
    1223 1223 1219 1210 1210 1210 1210 4190 4241 4241 4241 4241 4241
    4241 4241 4295 4295 4295 4295 4295 1926 2398 2398 2398 2415 2415
    2415 2415 2432 2618 2639 2639 2639 2639 2639 2639 2659 2659 3948
    1050 1050 1050 1050 1047 1044 1041 1041 1041 1041 1041 1028 4041
    4041 4041 1025 1022 1019 1016 1016 1019 1019 1019 1016 1013 1013
    1013 1223 1223 1223 1219 1210 1210 1210 0 4190 4190 4190 4241 4241
    4241 4241 4241 4241 4241 4241 4241 4295 1926 1915 1915 2398 2415
    2415 2415 2432 2432 2618 2639 2639 2639 2639 2639 2639 2659 3948
    1050 1050 1050 1050 1047 1047 1044 1041 1041 1041 1038 1028 1028
    1028 1025 1025 1022 1022 1022 1019 1019 1016 1016 1016 1016 1013
    1013 1219 1219 1223 1223 1219 1219 1219 1070 1073 4190 4190 4190
    4190 4241 4241 4241 4241 4241 4241 4241 4241 4295 1915 1915 1915
    1915 2415 2415 2415 2432 2522 2618 2639 2639 2639 2618 2618 2639
    1057 1050 1050 1050 1050 1050 1047 1044 1044 1041 1041 1041 1038
    1028 1028 1025 1025 1022 1022 1022 1022 1019 1019 1016 1016 1016
    1013 1013 1013 1219 1219 1223 1223 1219 1219 1070 1070 1073 1077
    4190 4190 4190 4241 4241 4241 4241 4241 4295 4241 4241 4349 1915
    1904 1904 1904 1904 1915 1915 2485 2560 2618 2639 2639 2618 2618
    2618 1060 1057 1050 1050 1050 1047 1047 1044 1041 1041 1041 1041
    1041 1038 1034 1031 1025 1025 1022 1022 1022 1019 1019 1016 1016
    1013 1013 1013 1013 1013 1219 1219 1223 1223 1223 1067 1067 1070
    1073 1077 4190 4190 4241 4241 4241 4241 4241 4241 4295 4241 4241
    4349 1904 1904 1904 1904 1904 1904 1915 2598 2598 2639 2639 2639
    2618 2618 2618 1060 1054 1050 1050 1050 1047 1047 1044 1041 1041
    1041 1038 1038 1034 1031 1031 1028 1025 1025 1022 1019 1016 1016
    1016 1013 1013 1013 1010 1010 1010 1219 1219 1219 1219 1067 1067
    1067 1070 1073 1077 1105 1105 1108 1108 1134 1134 4295 4295 4295
    4349 1189 1189 1904 1894 1894 1894 1894 1904 1915 1915 2659 2639
    2639 2639 2618 2618 2618 1063 1054 1050 1050 1050 1047 1047 1047
    1044 1041 1038 1038 1038 1034 1031 1028 1028 1025 1025 1022 1019
    1016 1016 1016 1013 1010 1010 1010 1010 1016 1038 1034 1034 1041
    1047 1057 1067 1073 1090 1090 1097 1105 1108 1115 1134 1134 1149
    1153 1161 1169 1185 1185 1894 1894 1894 1894 1894 1904 1915 1915
    2659 2639 2639 2639 2618 2618 2618 1054 1054 1050 1050 1050 1047
    1047 1047 1044 1041 1038 1038 1038 1038 1031 1028 1028 1025 1025
    1022 1016 1013 1013 1013 1010 1007 1007 1010 1010 1016 1028 1034
    1034 1041 1047 1057 1067 1077 1080 1090 1094 1105 1108 1115 1126
    1138 1149 1153 1161 1169 1177 1185 1894 1883 1883 1883 1894 1904
    1915 1915 2659 2639 2639 2639 2618 2618 2618 1050 1050 1050 1050
    1050 1050 1047 1047 1044 1038 1038 1038 1038 1034 1031 1028 1028
    1025 1022 1019 1016 1013 1013 1010 1007 1004 1004 1007 1010 1019
    1028 1028 1034 1041 1047 1057 1067 1077 1080 1090 1094 1105 1108
    1115 1126 1138 1149 1153 1165 1169 1177 1189 1883 1883 1883 1883
    1894 1904 1915 1915 2639 2639 2659 2639 2560 2541 2541 2541 1050
    1050 1050 1047 1047 1047 1044 1041 1038 1038 1034 1034 1031 1028
    1028 1025 1022 1022 1019 1016 1016 1013 1010 1004 1004 1004 1007
    1013 1019 1025 1028 1034 1041 1047 1057 1063 1073 1080 1090 1094
    1105 1108 1119 1130 1138 1149 1153 1169 1173 1177 1177 1883 1883
    1883 1883 1894 1904 1915 1904 1904 2639 2659 2618 2560 2541 2541
    1050 1050 1050 1047 1047 1047 1044 1041 1038 1038 1038 1034 1034
    1031 1028 1025 1025 1022 1019 1016 1016 1016 1013 1010 1004 1004
    1004 1007 1013 1019 1025 1031 1034 1044 1047 1057 1060 1073 1077
    1090 1094 1105 1112 1119 1134 1141 1149 1157 1169 1173 1177 1177
    1883 1883 1883 1883 1894 1904 1904 1904 1894 1894 2639 2618 2598
    2579 2579 1050 1050 1050 1047 1047 1047 1044 1041 1038 1038 1038
    1034 1031 1028 1025 1025 1022 1019 1019 1016 1013 1013 1013 1007
    1004 1004 1004 1007 1016 1022 1025 1031 1041 1050 1050 1057 1060
    1073 1077 1094 1101 1105 1112 1123 1134 1141 1149 1161 1169 1177
    1181 1181 1883 1883 1883 1883 1883 1883 1894 1894 1894 1894 2618
    2618 2598 2579 1050 1050 1050 1050 1047 1047 1047 1044 1038 1038
    1038 1038 1034 1031 1028 1025 1025 1022 1019 1016 1016 1013 1013
    1010 1007 1004 1004 1007 1010 1016 1025 1028 1034 1041 1050 1054
    1060 1060 1073 1094 1101 1101 1108 1112 1130 1138 1145 1149 1165
    1173 1181 1181 1181 1883 1883 1883 1883 1883 1883 1873 1873 1883
    1894 2618 2618 2598 2579 1050 1050 1050 1047 1047 1047 1047 1044
    1038 1038 1038 1038 1031 1028 1028 1025 1025 1022 1019 1016 1016
    1016 1013 1010 1007 1004 1004 1007 1013 1019 1025 1031 1038 1044
    1050 1057 1060 1070 1080 1094 1101 1101 1108 1115 1134 1149 1153
    1161 1169 1181 1181 1181 0 1883 1883 1883 1883 1883 1883 1873 1873
    1873 1883 2618 2618 2598 2579 1050 1050 1050 1047 1047 1047 1044
    1044 1038 1038 1038 1034 1028 1028 1028 1025 1025 1019 1016 1016
    1016 1016 1013 1010 1007 1004 1004 1010 1016 1022 1025 1031 1038
    1047 1050 1057 1063 1073 1084 1094 1101 1105 1112 1130 1138 1149
    1153 1165 1169 1181 1181 1181 0 1883 1883 1883 1883 1873 1873 1863
    1863 1863 1863 1883 2618 2598 2598 1050 1050 1047 1047 1047 1047
    1044 1041 1038 1038 1034 1034 1028 1028 1028 1025 1025 1019 1016
    1016 1016 1016 1013 1010 1004 1004 1004 1013 1016 1022 1028 1031
    1041 1047 1050 1057 1067 1077 1084 1094 1101 1105 1112 1130 1141
    1145 1157 1165 1169 1181 1181 1185 0 1883 1883 1883 1873 1873 1873
    1863 1863 1863 1853 1853 2639 2639 2639 1050 1050 1047 1047 1047
    1044 1041 1038 1038 1038 1034 1034 1028 1028 1028 1025 1025 1019
    1016 1016 1016 1013 1013 1010 1004 1004 1007 1013 1016 1025 1031
    1034 1041 1047 1054 1060 1070 1080 1087 1094 1101 1108 1119 1134
    1141 1145 1157 1165 1169 1181 1185 0 0 1883 1883 1873 1873 1873 1873
    1863 1863 1863 1853 1853 1853 1853 1050 1050 1050 1047 1047 1044
    1041 1038 1038 1038 1038 1034 1031 1031 1028 1028 1025 1025 1019
    1016 1016 1013 1013 1013 1007 1004 1004 1010 1013 1019 1025 1031
    1034 1041 1050 1054 1060 1070 1084 1090 1097 1105 1108 1123 1134
    1141 1149 1161 1165 1177 1177 1181 0 0 1883 1883 1873 1853 1853 1853
    1843 1843 1843 1843 1843 1843 1057 1050 1050 1050 1050 1047 1044
    1041 1038 1038 1038 1034 1034 1031 1031 1028 1028 1025 1025 1019
    1016 1016 1013 1013 1013 1007 1004 1004 1010 1016 1019 1028 1031
    1038 1044 1050 1057 1067 1073 1084 1090 1101 1105 1108 1130 1138
    1145 1149 1161 1169 1177 1177 1177 0 0 1894 1873 1863 1853 1843 1843
