<?xml version="1.0"?>
<opencv_storage>
<Depth19058 type_id="opencv-matrix">
  <rows>11</rows>
  <cols>34</cols>
  <dt>w</dt>
  <data>
    4139 4139 4139 4190 4190 4241 4241 4241 4241 4241 4241 4241 4241
    4349 4349 4405 4405 4405 0 0 0 0 0 0 0 0 0 0 0 0 0 0 0 0 4139 4139
    4139 4139 4190 4190 4241 4241 4241 4190 4190 4241 4241 4295 4349
    4405 4405 4349 4349 4405 4405 4405 0 0 0 0 0 0 0 0 0 0 0 0 4089 4139
    4139 4139 4190 4190 4190 4190 4190 4190 4190 4190 4241 4241 4295
    4349 4349 4349 4349 4405 4405 4405 4463 4463 4582 0 0 0 0 0 0 0 0 0
    4089 4139 4190 4190 4190 4190 4190 4190 4190 4190 4190 4190 4190
    4241 4295 4295 4349 4349 4349 4405 4405 4405 4463 4463 4582 4645
    4645 4645 4645 0 0 0 0 0 0 0 5933 5933 4190 4190 4190 4190 4190 4190
    4190 4190 4190 4241 4295 4295 4349 4349 4349 4349 4405 4405 4463
    4522 4582 4645 4645 4645 4645 4708 0 0 0 0 0 5933 5933 0 0 6038 6038
    6038 6038 4190 4190 4190 4190 4241 4295 4295 4349 4349 4349 4349
    4405 4405 4522 4522 4582 4645 4645 4645 4645 4708 4774 4774 4774
    4983 5933 5933 5933 5832 5832 6038 6038 0 0 0 6038 5548 5933 4349
    4349 4349 4349 4295 4295 4405 4405 4463 4522 4522 4582 4645 4645
    4645 4708 4708 4708 4774 4774 4983 5832 5832 5832 5832 5832 6038
    6038 6038 6038 6038 5548 0 0 0 0 4295 4295 4295 4295 4295 4463 4463
    4522 4522 4645 4645 4645 4645 4708 4708 4708 4774 4911 4983 5832
    5832 5832 5734 5734 5933 6038 6038 5548 5548 5548 5933 5933 6038
    6038 6038 6038 6038 6038 6038 6038 4645 4645 4645 4645 4645 4645
    4645 4774 4774 4774 4911 4911 4983 5933 5933 5933 5734 5734 5933
    5933 5933 5548 5548 5933 5933 5933 6038 6038 6038 6038 6038 6038
    6038 6038 6038 6038 4645 4645 4645 4645 4645 4645 4911 4911 4911
    4911 4911 5933 5933 5933 5832 5832 5933 5933 5933 5933 5933 5933
    5933 5933 6038 6038 6038 6038 6038 6038 6038 6038 6038 6259 6259
    6375 6497 6497 6497 4911 4911 4911 4911 4911 4911</data></Depth19058>
</opencv_storage>
