<?xml version="1.0"?>
<opencv_storage>
<Depth19100 type_id="opencv-matrix">
  <rows>122</rows>
  <cols>56</cols>
  <dt>w</dt>
  <data>
    1915 1904 1904 1904 1904 1904 1915 1926 1936 1959 1970 1993 1993
    1993 2005 2005 2016 2028 2028 0 1041 1041 1038 1038 1038 1031 1031
    1028 1028 1028 1031 1031 1038 1038 1041 1047 1047 1047 1044 1041
    1041 1047 1047 1050 1057 1060 1063 1421 1415 1404 1404 1410 1415
    1410 1410 1415 1926 1915 1915 1915 1926 1926 1926 1936 1947 1959
    1970 1993 2005 2005 2005 2005 2016 2028 2028 2028 1038 1038 1038
    1034 1034 1034 1031 1031 1031 1031 1034 1034 1038 1038 1041 1041
    1041 1038 1038 1038 1038 1038 1044 1044 1044 1034 1034 1421 1415
    1415 1415 1415 1421 1421 1421 1415 1936 1936 1936 1936 1947 1947
    1947 1947 1947 1959 1970 1993 2005 2005 2016 2016 2016 2028 2028
    1038 1038 1038 1038 1034 1034 1034 1034 1034 1034 1034 1038 1038
    1038 1038 1041 1041 1041 1038 1038 1038 1038 1038 1041 1041 1038
    1034 1034 1034 1415 1415 1415 1415 1421 1421 1421 1415 1970 1959
    1959 1959 1959 1959 1947 1947 1947 1959 1970 2005 2005 2016 2016
    2016 2016 2040 2040 1038 1038 1038 1038 1034 1034 1034 1034 1038
    1038 1038 1038 1038 1038 1041 1041 1041 1041 1038 1038 1038 1038
    1041 1041 1041 1038 1034 1034 1034 1034 1415 1415 1421 1427 1427
    1421 1421 1970 1970 1970 1970 1970 1970 1970 1970 1970 1970 1981
    2005 2016 2028 2028 2028 2028 2053 2065 1034 1034 1038 1038 1038
    1038 1038 1038 1038 1038 1038 1038 1038 1038 1038 1041 1041 1041
    1038 1038 1038 1038 1041 1038 1038 1038 1034 1034 1034 1034 1034
    1038 1041 1041 1041 1427 1427 1981 1981 1981 1981 1981 1970 1970
    1970 1970 1970 1981 2005 2016 2028 2040 2040 2040 2065 1034 1034
    1034 1038 1038 1038 1038 1038 1038 1038 1038 1038 1038 1038 1038
    1038 1038 1041 1041 1038 1038 1041 1041 1041 1038 1038 1038 1041
    1041 1041 1034 1034 1038 1041 1041 1041 1041 1427 2005 2005 1993
    1993 1993 1993 1993 1981 1981 1981 1993 2005 2016 2040 2040 2053
    2053 2078 1034 1034 1038 1038 1038 1038 1038 1038 1038 1038 1038
    1038 1038 1038 1038 1038 1038 1038 1038 1038 1038 1041 1041 1041
    1041 1041 1041 1041 1038 1038 1041 1041 1044 1044 1041 1041 1041
    1041 2016 2016 2016 2016 2005 2005 2005 1993 1993 1993 1993 2005
    2016 2028 2028 2040 2053 2078 2078 1038 1038 1038 1038 1038 1038
    1038 1038 1038 1038 1038 1038 1038 1038 1038 1038 1038 1038 1041
    1041 1041 1041 1041 1041 1041 1041 1038 1038 1038 1041 1041 1044
    1044 1044 1041 1041 1041 2016 2016 2016 2016 2016 2016 2016 2016
    2016 2005 2005 2016 2016 2016 2016 2040 2040 1054 1041 1041 1038
    1038 1038 1038 1038 1034 1034 1038 1038 1038 1038 1038 1038 1038
    1038 1038 1038 1038 1041 1041 1041 1041 1041 1041 1041 1038 1038
    1038 1041 1041 1044 1044 1044 1041 1041 1041 2028 2028 2040 2040
    2040 2040 2028 2028 2040 2028 2028 2028 2028 2005 2005 2005 1050
    1054 1054 1047 1044 1041 1038 1038 1038 1034 1034 1038 1038 1038
    1038 1038 1038 1038 1038 1038 1038 1038 1038 1038 1041 1041 1041
    1041 1041 1038 1038 1038 1041 1041 1044 1044 1044 1041 1038 1038
    2090 2078 2065 2065 2053 2053 2053 2053 2053 2053 2053 2040 2040
    2005 2005 2005 1050 1050 1050 1050 1047 1044 1041 1041 1041 1041
    1041 1038 1038 1038 1038 1038 1038 1038 1038 1038 1038 1038 1038
    1038 1041 1041 1041 1041 1041 1041 1041 1041 1041 1041 1044 1044
    1041 1041 1038 1034 2116 2090 2090 2078 2078 2078 2065 2065 2065
    2053 2053 2053 2040 2040 2040 2040 1050 1050 1050 1054 1054 1050
    1050 1050 1050 1050 1047 1044 1041 1041 1041 1041 1041 1041 1041
    1038 1038 1038 1038 1038 1041 1041 1041 1041 1041 1041 1041 1041
    1041 1041 1044 1044 1041 1041 1038 1034 2116 2116 2103 2103 2103
    2090 2090 2090 2078 2078 2090 2090 2078 2078 2078 2078 1063 1063
    1063 1060 1060 1063 1063 1063 1057 1057 1054 1054 1054 1050 1047
    1047 1044 1041 1041 1041 1041 1041 1041 1041 1041 1041 1041 1041
    1041 1041 1041 1041 1041 1041 1044 1044 1041 1041 1038 1038 2143
    2129 2129 2116 2116 2103 2103 2103 2103 2103 2103 2103 2090 2090
    2090 2090 2090 1080 1077 1073 1073 1073 1070 1070 1067 1067 1063
    1060 1060 1060 1057 1057 1057 1047 1044 1044 1044 1044 1044 1044
    1041 1041 1041 1041 1041 1041 1041 1041 1041 1041 1044 1041 1041
    1041 1038 1038 2170 2156 2143 2143 2143 2129 2129 2129 2116 2116
    2103 2103 2103 2103 2090 2090 2090 1087 1087 1087 1087 1080 1077
    1077 1073 1070 1067 1067 1063 1063 1063 1063 1063 1063 1057 1054
    1054 1050 1050 1050 1044 1044 1041 1041 1041 1041 1041 1041 1041
    1041 1044 1041 1041 1041 1041 0 2256 2198 2170 2156 2156 2156 2156
    2156 2143 2129 2116 2116 2116 2116 2116 2116 2143 1097 1094 1094
    1090 1090 1090 1087 1080 1067 1067 1067 1067 1067 1067 1070 1070
    1073 1070 1063 1060 1057 1057 1057 1054 1054 1054 1044 1041 1041
    1041 1041 1044 1044 1044 1044 1044 1044 1047 0 2286 2241 2184 2170
    2170 2170 2170 2156 2156 2156 2143 2143 2143 2143 2143 2143 1123
    1112 1108 1105 1105 1101 1097 1090 1077 1067 1067 1067 1067 1067
    1084 1084 1077 1077 1073 1073 1073 1070 1067 1063 1063 1063 1060
    1057 1054 1050 1047 1047 1047 1047 1047 1047 1047 1047 1080 1080
    2301 2271 2241 2184 2170 2170 2170 2170 2170 2170 2156 2156 2156
    2156 2156 2156 1123 1119 1119 1119 1119 1115 1112 1112 1077 1063
    1063 1063 1060 1060 1094 1094 1094 1090 1087 1087 1087 1080 1073
    1070 1070 1070 1070 1063 1060 1060 1057 1057 1057 1057 1057 1057
    1057 1080 1080 1080 2317 2317 2271 2226 2184 2184 2184 2184 2184
    2184 2184 2170 2170 2170 2170 2156 2156 1126 975 973 973 973 975 975
    975 975 1060 1057 1057 1060 1105 1105 1105 1097 1097 1094 1094 1094
    1087 1080 1077 1073 1073 1067 1067 1067 1063 1063 1063 1063 1067
    1070 1077 1080 1080 1080 2908 2317 2317 2301 2301 2212 2212 2212
    2198 2198 2198 2184 2184 2198 2184 2184 2184 975 975 973 973 973 973
    973 973 973 970 970 1057 1115 1115 1115 1112 1112 1112 1105 1105
    1105 1101 1101 1067 1067 1067 1073 1073 1077 1080 1080 1073 1073
    1080 1080 1080 1080 1080 1077 2958 2317 2317 2317 2333 2226 2226
    2226 2212 2212 2212 2212 2212 2212 2212 2212 973 973 975 973 973 975
    973 973 973 973 970 967 967 967 967 970 970 1115 1115 1115 1112 1105
    1105 1108 1067 1067 1067 1073 1077 1084 1087 1087 1090 1090 1094
    1094 1094 0 1077 1077 2984 2333 2301 2301 2349 2349 2271 2241 2241
    2241 2241 2226 2226 2226 2226 2226 973 973 975 975 975 975 975 975
    973 973 970 967 967 967 967 970 970 973 1119 1119 1119 1119 1115
    1067 1067 1067 1067 1067 1084 1094 1097 1097 1097 1097 1097 1097 0 0
    0 0 3010 2333 2301 2301 2365 2349 2317 2286 2271 2271 2256 2256 2241
    2241 2241 2226 2226 975 975 975 975 973 973 973 973 973 970 970 970
    970 970 970 970 973 973 1123 973 973 973 973 973 1067 1067 1067 1087
    1101 1105 1105 1105 1105 1108 1108 0 0 0 0 3064 3064 3064 2398 2398
    2381 2365 2333 2301 2286 2271 2271 2271 2271 2271 2271 2271 970 970
    973 973 973 973 973 973 973 970 970 973 973 973 973 973 973 973 975
    973 973 973 973 973 975 975 975 975 1108 978 978 978 981 981 981 0 0
    0 0 3120 3120 3120 2415 2415 2398 2398 2398 2365 2301 2301 2301 2286
    2286 2286 2286 970 970 970 973 970 970 970 970 970 970 970 970 970
    970 973 973 973 973 973 973 973 973 975 975 975 975 975 973 973 973
    973 975 975 978 978 1126 1126 0 0 0 3120 3120 3120 3120 2415 2415
    2398 2398 2398 2398 2398 2365 2333 2333 2349 2349 975 970 970 970
    970 970 970 970 970 970 970 970 970 970 973 973 970 970 970 973 973
    973 975 975 975 975 975 973 970 970 970 973 973 975 973 973 1126 0 0
    0 3120 3120 3120 3120 2432 2432 2415 2415 2415 2398 2398 2398 2398
    2349 2349 2349 975 970 970 970 970 970 970 970 970 970 970 970 973
    973 973 970 970 970 970 973 973 973 975 978 978 975 975 973 970 970
    970 970 970 973 973 970 970 0 0 0 3149 3149 2432 2415 2415 2432 2415
    2415 2415 2415 2398 2398 2415 2432 2432 978 978 973 973 970 970 970
