<?xml version="1.0"?>
<opencv_storage>
<Depth12267 type_id="opencv-matrix">
  <rows>6</rows>
  <cols>25</cols>
  <dt>w</dt>
  <data>
    0 4911 4911 4911 4842 4708 4708 4708 4708 4645 4645 4645 4645 4645
    4645 4645 4645 4582 4522 4522 4463 4463 4522 0 4522 4708 4774 4774
    4774 4774 4645 4645 4645 4645 4645 4645 4645 4645 4645 4645 4582
    4582 4582 4522 4522 4463 4463 4522 4463 4463 4708 4708 4708 4708
    4708 4645 4645 4645 4645 4645 4645 4645 4645 4645 4645 4582 4582
    4582 4522 4463 4463 4463 4463 4463 4463 4708 4708 4708 4645 4645
    4645 4645 4645 4645 4645 4645 4645 4645 4582 4582 4645 4582 4582
    4582 4463 4463 4463 4463 4463 4405 4708 4708 4708 4645 4645 4582
    4582 4582 4582 4645 4708 4645 4645 4582 4582 4645 4645 4582 4582
    4463 4463 4463 4463 4463 4405 0 4708 4708 4645 4645 4582 4582 4582
    4582 4708 4708 4645 4645 4582 4582 4708 4708 4645 4645 4645 4582
    4582 4582 5210 0</data></Depth12267>
</opencv_storage>
