<?xml version="1.0"?>
<opencv_storage>
<Depth7764 type_id="opencv-matrix">
  <rows>6</rows>
  <cols>22</cols>
  <dt>w</dt>
  <data>
    0 4463 4463 4463 4463 4463 4522 4582 4582 4582 4645 4582 4582 4774
    4708 4708 4708 4708 4774 0 0 0 4522 4463 4463 4463 4463 4463 4463
    4522 4645 4645 4645 4645 4645 4708 4645 4645 4645 4645 4645 4708
    4708 4774 4522 4522 4463 4463 4463 4463 4463 4522 4645 4645 4645
    4645 4645 4645 4645 4645 4645 4645 4645 4708 4708 4708 4522 4522
    4522 4463 4463 4463 4522 4645 4645 4645 4582 4582 4582 4582 4582
    4645 4645 4645 4645 4645 4645 4708 4522 4522 4522 4463 4463 4522
    4645 4645 4645 4645 4522 4522 4522 4522 4522 4582 4582 4582 4645
    4645 4645 4645 0 0 0 4522 4522 4708 4708 4708 4708 4645 4522 4522
    4405 4405 4405 4582 4582 4582 4645 4708 4645 4645</data></Depth7764>
</opencv_storage>
