<?xml version="1.0"?>
<opencv_storage>
<Depth16023 type_id="opencv-matrix">
  <rows>27</rows>
  <cols>33</cols>
  <dt>w</dt>
  <data>
    6146 6146 6259 6259 6259 6259 2639 2618 2598 2598 2579 2560 2560
    2560 2560 2560 2579 2618 2618 6497 6497 6497 6497 6497 6497 6622
    6622 6753 6753 6753 6753 6753 6753 6038 6146 6146 6146 6146 6038
    2618 2579 2560 2541 2522 2522 2522 2541 2541 2560 2579 2579 2579
    2560 2560 6497 6497 6497 6497 6622 6622 6753 6753 6753 6753 6753
    6753 6038 6146 6146 6038 6038 6038 2598 2560 2541 2522 2503 2503
    2522 2522 2541 2560 2560 2579 2560 2560 2560 2560 2560 6622 6622
    6622 6622 6753 6753 6753 6753 6753 6753 6146 6146 6146 6038 5933
    5933 2560 2541 2541 2522 2503 2485 2485 2485 2503 2503 2541 2541
    2541 2541 2541 2541 2541 2541 2541 6753 6753 6753 6753 6753 6753
    6753 6753 6259 6259 6146 6038 5933 5933 2541 2541 2541 2522 2503
    2485 2485 2485 2485 2485 2485 2485 2485 2485 2503 2503 2503 2503
    2503 2503 2503 2485 2485 6753 6753 6753 6753 6259 6259 6146 6038
    5933 5933 2485 2485 2522 2503 2503 2485 2485 2485 2467 2467 2467
    2467 2467 2467 2467 2467 2467 2485 2485 2485 2485 2485 2485 2485
    2467 2467 2467 6259 6259 6259 6146 6038 2541 2485 2485 2503 2503
    2503 2485 2485 2485 2467 2467 2467 2467 2467 2450 2432 2432 2432
    2450 2467 2450 2450 2467 2467 2467 2467 2467 2467 6259 6259 6146
    6146 2560 2541 2522 2503 2485 2485 2503 2485 2485 2485 2467 2467
    2467 2467 2450 2450 2432 2432 2432 2432 2432 2432 2432 2450 2450
    2467 2450 2450 2467 6259 6259 6146 6146 2560 2541 2522 2503 2485
    2485 2485 2485 2485 2467 2467 2467 2467 2467 2450 2450 2432 2415
    2415 2432 2432 2432 2432 2450 2450 2450 2450 2450 2450 6259 6259
    6146 6146 2541 2522 2522 2522 2503 2503 2485 2485 2467 2467 2467
    2467 2467 2467 2450 2450 2432 2415 2415 2432 2432 2432 2432 2450
    2450 2450 2450 2450 2450 6259 6259 6146 6146 2522 2522 2522 2522
    2503 2503 2485 2467 2467 2450 2450 2450 2450 2450 2450 2432 2415
    2415 2415 2432 2450 2432 2432 2450 2450 2467 2467 2467 2467 6038
    6038 6146 6146 2503 2503 2503 2522 2503 2485 2485 2467 2467 2450
    2450 2450 2450 2450 2450 2432 2415 2415 2415 2432 2432 2450 2450
    2450 2467 2467 2467 2467 2485 6038 5933 5933 2522 2503 2503 2503
    2503 2485 2485 2485 2467 2467 2450 2450 2450 2450 2450 2432 2415
    2415 2415 2415 2415 2432 2432 2467 2467 2467 2467 2467 2485 2503
    6038 5933 5933 2522 2503 2503 2503 2503 2485 2485 2485 2467 2467
    2450 2450 2450 2450 2450 2432 2415 2415 2415 2415 2415 2432 2432
    2450 2467 2467 2467 2467 2485 2485 6038 5933 2541 2522 2503 2485
    2485 2485 2485 2485 2467 2467 2450 2450 2450 2450 2450 2450 2432
    2415 2415 2415 2415 2415 2415 2415 2450 2467 2467 2467 2467 2467
    2467 6038 5933 2522 2503 2503 2485 2485 2485 2485 2485 2467 2467
    2450 2432 2415 2415 2415 2432 2432 2415 2415 2415 2415 2415 2415
    2415 2432 2450 2467 2450 2432 2432 2432 6038 5933 2522 2503 2485
    2485 2485 2485 2485 2467 2467 2467 2450 2432 2415 2415 2415 2415
    2432 2415 2415 2415 2415 2415 2415 2432 2432 2450 2450 2450 2432
    2432 6753 6038 6038 6038 2485 2485 2485 2485 2485 2467 2467 2467
    2415 2415 2415 2415 2415 2415 2415 2415 2415 2415 2398 2398 2415
    2415 2432 2432 2450 2450 2450 2450 2450 6753 6038 6038 2485 2485
    2485 2485 2467 2467 2467 2467 2467 2415 2415 2415 2415 2415 2415
    2415 2415 2398 2398 2398 2398 2415 2415 2415 2432 2432 2450 2450
    2450 2450 6753 5933 5933 2467 2467 2467 2467 2467 2467 2467 2467
    2415 2415 2415 2398 2398 2415 2415 2415 2398 2398 2398 2398 2398
    2415 2415 2415 2415 2432 2432 2450 2450 2450 6753 5933 5933 2467
    2467 2467 2467 2467 2467 2467 2450 2415 2415 2415 2398 2398 2415
    2398 2398 2398 2398 2398 2398 2398 2398 2415 2415 2415 2432 2415
    2415 2450 2450 6753 5933 2522 2467 2467 2467 2467 2467 2450 2450
    2450 2415 2398 2398 2415 2415 2398 2398 2398 2398 2398 2398 2398
    2398 2398 2415 2415 2415 2432 2415 2415 2450 6753 6753 5933 2503
    2467 2467 2467 2467 2467 2450 2432 2432 2398 2398 2398 2415 2415
    2398 2398 2398 2398 2398 2398 2398 2398 2415 2415 2415 2415 2415
    2415 2415 2415 6622 6622 2541 2467 2467 2467 2467 2450 2450 2450
    2415 2415 2398 2398 2398 2398 2415 2398 2398 2398 2398 2398 2398
    2398 2398 2415 2398 2398 2415 2415 2415 2415 2415 6497 6497 2503
    2467 2467 2450 2450 2450 2450 2450 2415 2415 2398 2398 2381 2381
    2398 2398 2398 2398 2398 2398 2398 2398 2398 2415 2398 2398 2432
    2450 2415 2415 6375 6375 6497 2467 2467 2467 2450 2450 2450 2450
    2450 2432 2432 2398 2398 2381 2381 2381 2398 2398 2398 2398 2398
    2398 2398 2398 2415 2415 2415 2432 2432 2432 2432 6375 6375 6375
    2467 2467 2467 2450 2450 2415 2415 2415 2415 2415 2398 2398 2398
    2381 2381 2381 2381 2381 2398 2398 2398 2398 2398 2415 2415 2415
    2432 2432 2432 2432 6259 6259 6259</data></Depth16023>
</opencv_storage>
