<?xml version="1.0"?>
<opencv_storage>
<Depth3989 type_id="opencv-matrix">
  <rows>165</rows>
  <cols>93</cols>
  <dt>w</dt>
  <data>
    7492 7492 7492 7332 7332 7332 7332 546 546 7178 7178 539 539 539
    7030 7030 533 531 529 529 528 527 526 524 522 522 7030 6889 6889 517
    515 514 514 514 511 507 506 506 505 505 7030 6889 6889 6889 501 498
    498 496 493 493 493 493 493 0 0 0 0 0 0 0 0 0 0 0 0 0 0 0 0 0 0 0 0
    0 0 0 6497 6497 6375 6375 6375 6497 0 0 0 0 0 0 6375 6375 6375 6375
    6259 0 0 0 0 546 546 546 544 542 541 540 539 539 538 533 533 533 531
    529 529 528 527 526 524 522 522 521 519 517 517 515 514 514 513 511
    510 507 507 505 505 507 507 502 502 501 498 498 496 494 493 493 493
    493 0 0 0 0 0 0 0 0 0 0 0 0 0 0 0 0 0 0 0 0 0 0 0 0 6497 6375 6375
    6497 0 0 0 0 0 0 0 0 670 670 671 671 0 0 0 546 546 546 546 544 542
    541 540 540 539 538 533 533 533 532 530 529 528 527 526 524 523 522
    521 519 517 517 515 514 514 513 511 511 508 507 507 507 507 507 502
    502 501 498 498 496 494 493 493 493 492 492 0 0 0 0 0 0 0 0 0 0 0 0
    0 0 0 0 0 0 0 0 0 0 0 0 0 0 0 0 0 0 0 0 0 0 672 670 670 671 671 0 0
    0 547 546 546 546 545 543 542 541 540 539 538 533 533 533 532 531
    529 528 527 526 525 523 522 521 520 519 517 515 514 514 513 511 510
    508 507 507 507 504 504 502 502 501 499 498 496 494 493 493 493 492
    492 0 0 0 0 0 0 0 0 0 0 0 0 0 0 0 0 0 0 0 0 0 0 0 0 0 0 0 0 0 0 0
    658 668 668 668 670 670 671 671 0 0 0 547 547 547 546 545 544 542
    541 540 540 538 536 534 533 532 531 529 529 528 527 526 524 522 521
    520 519 517 516 515 514 513 511 510 508 507 507 506 504 504 502 502
    500 499 498 496 494 493 493 493 493 0 0 0 0 0 0 0 0 0 0 0 0 0 0 0 0
    0 0 0 0 0 0 0 0 0 0 0 0 0 0 0 0 0 658 658 662 670 671 672 672 0 0 0
    0 547 547 546 546 544 543 541 540 540 539 536 535 534 532 531 530
    529 529 527 526 524 522 521 520 519 517 517 516 515 514 512 511 510
    508 507 505 504 504 503 502 500 499 498 496 496 494 493 493 0 0 0 0
    0 0 0 0 0 0 0 0 0 0 0 0 0 0 0 0 0 0 0 0 0 0 0 0 0 0 0 0 0 659 658
    658 661 670 671 674 674 0 0 0 550 548 548 546 546 544 543 541 540
    539 538 536 536 534 533 531 530 529 529 527 526 524 522 521 521 519
    517 517 516 515 514 512 511 510 508 507 505 504 504 503 502 501 499
    497 496 496 494 493 493 0 0 0 0 0 521 521 0 0 0 0 0 0 0 0 0 0 0 0 0
    0 0 0 0 0 0 0 0 0 0 0 0 0 659 659 659 661 661 674 676 676 0 0 0 550
    549 549 547 546 545 543 541 540 539 538 536 536 535 534 532 530 530
    529 527 527 524 522 521 521 520 517 517 516 515 514 512 511 511 509
    507 506 505 504 503 502 501 499 497 496 496 496 496 0 0 0 0 0 0 521
    521 0 0 0 0 0 0 0 0 0 0 0 0 0 0 0 0 0 604 604 606 607 607 632 632
    634 634 659 658 658 657 657 678 678 678 0 0 0 550 549 549 548 546
    546 544 543 542 540 539 536 536 535 534 532 531 530 529 527 527 526
    523 521 521 520 518 517 516 515 514 513 511 511 510 508 506 505 504
    504 502 501 499 498 496 496 496 496 496 0 0 0 0 0 522 522 524 0 0 0
    0 0 0 0 0 0 0 0 0 0 0 0 0 604 604 606 606 606 632 632 632 632 659
    658 658 657 657 682 680 680 0 0 0 550 550 549 548 546 546 544 543
    542 540 539 536 536 535 534 533 532 530 529 529 527 526 523 522 521
    520 518 517 517 516 514 513 511 511 510 508 507 507 505 504 502 501
    499 498 497 497 496 496 496 496 0 0 0 0 524 524 524 0 0 0 0 0 0 0 0
    0 0 0 0 0 0 0 0 604 604 604 604 606 632 632 632 632 661 658 657 657
    682 680 679 679 0 0 0 550 550 549 548 546 546 545 544 543 541 539
    537 537 535 534 534 532 531 530 529 528 526 525 523 521 520 519 518
    517 517 515 514 512 511 510 508 507 507 505 504 503 501 501 500 499
    499 498 496 496 496 496 0 524 524 524 524 524 525 527 0 0 0 0 0 0 0
    0 0 0 0 0 0 0 603 603 603 604 632 632 632 632 634 652 652 655 657
    657 680 679 679 0 0 0 551 550 549 548 546 546 545 544 544 542 539
    538 537 536 534 534 533 531 530 529 528 527 525 523 521 521 520 519
    517 517 516 514 512 511 511 509 507 507 506 505 504 501 501 501 499
    499 496 496 496 496 496 0 524 524 524 525 525 525 527 0 0 0 0 0 0 0
    0 0 0 0 0 0 604 603 602 602 604 632 632 632 632 634 647 648 653 657
    664 682 682 0 0 0 0 551 550 549 549 548 546 546 545 543 542 539 539
    539 537 535 534 533 531 530 529 529 527 525 523 522 521 521 519 518
    517 517 514 513 512 511 510 508 507 506 505 504 503 502 500 499 498
    496 496 496 496 495 517 524 524 524 525 525 525 529 0 0 0 0 0 0 0 0
    0 0 0 0 0 601 601 602 602 603 631 631 631 632 634 647 648 653 662
    663 663 0 0 0 0 0 552 551 550 549 549 547 546 545 543 542 539 539
    539 537 535 534 533 532 530 530 529 527 526 523 522 521 521 519 518
    517 517 514 513 512 511 511 509 507 506 505 504 503 502 500 499 498
    496 496 495 495 495 517 517 517 523 527 525 525 529 0 0 0 0 0 556
    556 0 0 0 0 0 0 601 601 601 601 601 631 629 629 632 634 647 648 657
    662 663 663 0 0 0 0 0 552 552 551 550 549 548 547 545 543 542 539
    539 539 537 536 534 533 532 531 530 529 528 525 523 523 521 521 519
    518 517 515 514 513 512 511 510 509 508 506 506 504 504 502 500 499
    498 496 496 495 495 495 517 517 517 522 529 525 525 530 0 554 554
    554 554 556 556 0 0 0 0 0 599 599 600 601 601 601 631 629 629 632
    646 647 652 659 662 663 663 0 0 0 0 0 552 552 551 550 549 549 547
    546 543 542 540 539 539 538 537 534 533 532 531 530 529 527 525 524
    522 521 521 520 518 517 515 514 514 513 511 510 510 508 507 506 504
    504 502 500 500 499 499 496 495 495 513 514 516 516 521 525 525 530
    532 534 534 554 554 554 557 557 0 0 0 0 0 599 599 600 601 601 601
    632 629 629 640 641 647 658 659 664 664 667 0 0 0 0 0 552 551 551
    550 549 548 547 546 543 541 540 540 539 537 536 535 534 533 531 530
    529 527 526 524 522 521 521 520 518 517 515 514 514 513 511 510 509
    508 507 507 505 504 502 500 500 499 499 497 496 496 513 514 515 516
    520 525 525 531 533 534 544 549 554 555 557 558 560 0 0 0 0 601 601
    602 602 603 631 628 628 629 640 641 642 654 662 670 670 671 672 0 0
    0 0 551 551 551 550 549 548 547 546 544 541 540 540 539 537 536 536
    534 533 532 530 529 529 526 524 523 522 521 520 519 517 517 514 514
    513 511 510 509 509 507 507 504 504 502 500 500 499 499 499 499 513
    513 514 514 518 518 525 525 532 535 537 543 546 554 555 557 558 559
    0 0 0 0 601 601 603 603 604 604 628 628 629 640 638 638 654 671 671
    671 671 672 675 0 0 0 551 551 551 550 549 548 547 546 544 541 540
    540 539 537 536 536 534 534 533 531 530 529 527 524 523 522 521 521
    520 517 517 514 514 514 512 511 510 509 507 507 504 504 502 501 500
    499 499 499 513 513 513 514 514 518 518 518 528 528 535 539 542 544
    554 555 557 558 559 0 0 0 0 603 603 604 604 604 604 629 629 629 640
    638 638 658 668 671 671 671 671 675 0 0 0 553 552 552 550 549 549
    547 546 544 541 540 540 540 538 537 536 535 534 533 531 530 529 527
    525 524 522 521 520 520 518 517 517 514 514 511 511 510 509 507 507
    506 505 502 501 500 500 499 499 499 514 514 514 515 518 518 534 528
    528 536 540 540 543 555 555 557 559 0 0 0 0 0 0 606 606 604 604 634
    629 629 629 640 641 641 663 667 671 671 671 671 0 0 0 0 553 552 552
    552 550 550 548 546 545 542 540 540 540 539 537 536 535 534 533 531
    530 529 527 525 524 522 521 520 520 518 517 517 514 514 511 511 510
    509 507 507 506 505 503 502 501 499 499 499 499 514 514 515 519 518
    518 531 529 529 538 540 540 543 556 556 557 0 0 0 0 0 0 603 603 606
    604 604 636 635 635 640 641 642 644 666 666 671 671 671 672 0 0 0 0
    554 553 553 553 550 550 548 546 545 542 541 541 540 540 538 536 535
    534 533 532 530 529 527 526 525 522 521 521 520 520 518 517 514 514
    512 511 511 509 507 507 506 505 504 502 501 499 499 499 499 515 515
    517 521 521 521 531 530 530 540 540 540 557 556 556 0 0 0 0 0 0 599
    599 600 603 604 604 635 635 635 637 642 642 646 666 666 671 672 674
    0 0 0 0 0 0 553 553 553 551 551 548 547 546 543 542 542 541 540 539
