<?xml version="1.0"?>
<opencv_storage>
<Depth2762 type_id="opencv-matrix">
  <rows>41</rows>
  <cols>26</cols>
  <dt>w</dt>
  <data>
    4774 4774 4774 4774 4708 2579 2579 4708 4842 4842 2485 2485 2467
    2467 2503 4708 4708 2432 2432 2432 2485 2485 2485 4582 4522 4463
    4842 4774 4774 2598 2598 2579 2560 2541 2503 2485 2485 2485 2450
    2450 2450 2450 2432 2432 2432 2432 2450 2467 2467 2485 4463 4463
    4842 4774 2618 2598 2579 2579 2560 2522 2503 2485 2485 2467 2450
    2450 2432 2432 2432 2432 2450 2450 2450 2450 2467 2467 4463 4463
    4842 2639 2618 2598 2579 2560 2560 2522 2503 2485 2485 2467 2450
    2432 2432 2432 2432 2432 2450 2450 2450 2450 2450 2450 4463 4463
    2659 2639 2618 2598 2579 2560 2560 2522 2503 2485 2485 2467 2450
    2432 2432 2432 2432 2432 2432 2450 2450 2450 2450 2450 4463 4463
    2659 2639 2618 2598 2579 2560 2560 2541 2503 2485 2485 2467 2450
    2432 2432 2432 2432 2432 2432 2450 2450 2450 2450 2467 4463 4463
    2659 2639 2618 2598 2579 2560 2560 2541 2503 2485 2485 2467 2450
    2432 2432 2432 2432 2432 2432 2432 2432 2450 2432 2432 4463 4463
    2659 2639 2618 2598 2579 2560 2560 2541 2503 2485 2485 2467 2450
    2432 2432 2432 2432 2432 2432 2432 2432 2432 2432 2432 2432 4463
    2659 2639 2618 2598 2579 2579 2560 2541 2503 2485 2485 2467 2450
    2432 2432 2432 2432 2432 2432 2432 2432 2432 2450 2450 2450 4582
    2659 2639 2618 2598 2579 2579 2560 2541 2503 2485 2485 2467 2450
    2432 2432 2432 2432 2432 2432 2432 2432 2432 2450 2450 2450 4582
    2659 2639 2618 2598 2579 2579 2560 2522 2503 2503 2485 2467 2450
    2432 2432 2432 2432 2432 2432 2432 2432 2432 2450 2450 2450 4582
    2659 2639 2618 2598 2579 2579 2560 2522 2503 2503 2485 2467 2450
    2432 2432 2432 2432 2432 2432 2432 2432 2432 2432 2432 2432 4522
    2659 2639 2618 2598 2579 2579 2560 2522 2503 2503 2485 2467 2467
    2450 2450 2432 2432 2432 2432 2432 2432 2432 2432 2432 2432 4463
    2659 2639 2618 2598 2579 2579 2560 2522 2503 2503 2485 2485 2467
    2450 2432 2432 2432 2432 2432 2432 2450 2450 2432 2432 2432 4463
    2659 2639 2618 2598 2579 2579 2560 2522 2503 2503 2485 2485 2467
    2450 2432 2432 2432 2432 2432 2432 2450 2450 2432 2432 2432 2432
    2659 2639 2618 2598 2579 2579 2560 2541 2503 2503 2485 2467 2450
    2432 2432 2432 2432 2432 2432 2432 2450 2450 2432 2432 2432 2432
    2701 2618 2618 2598 2579 2579 2560 2541 2503 2503 2485 2467 2450
    2432 2432 2415 2415 2432 2432 2432 2432 2450 2432 2432 2432 2432
    2701 2618 2618 2598 2579 2579 2560 2560 2522 2503 2485 2467 2450
    2432 2432 2415 2415 2432 2432 2432 2432 2432 2432 2432 2432 2432
    4842 2639 2639 2598 2579 2579 2560 2541 2522 2503 2485 2467 2450
    2432 2432 2415 2415 2432 2432 2432 2432 2432 2432 2432 2432 2432
    4842 2639 2639 2618 2598 2579 2560 2541 2522 2503 2485 2467 2450
    2450 2432 2432 2432 2432 2432 2432 2432 2432 2432 2432 2432 2432
    4842 2639 2639 2639 2598 2579 2560 2541 2522 2503 2485 2467 2467
    2450 2432 2432 2432 2432 2432 2432 2432 2432 2432 2432 2432 2432
    4842 2639 2639 2639 2598 2579 2560 2541 2522 2503 2485 2467 2467
    2450 2432 2432 2432 2432 2432 2432 2432 2432 2450 2450 2450 2450
    4842 2639 2639 2639 2598 2579 2560 2541 2522 2503 2485 2467 2450
    2450 2432 2432 2432 2432 2432 2432 2432 2432 2432 2432 2432 2450
    4911 2639 2639 2639 2618 2579 2560 2541 2522 2503 2485 2467 2450
    2450 2432 2432 2432 2432 2432 2432 2432 2432 2432 2432 2432 2450
    4911 2639 2639 2639 2618 2579 2560 2560 2541 2522 2485 2485 2467
    2450 2432 2432 2432 2432 2432 2432 2432 2432 2432 2432 2432 2432
    4911 2680 2659 2659 2639 2579 2579 2560 2541 2522 2503 2485 2467
    2450 2432 2432 2432 2432 2432 2432 2432 2432 2432 2432 2432 2432
    4842 2680 2680 2659 2639 2579 2579 2560 2541 2522 2503 2503 2485
    2450 2432 2432 2432 2415 2415 2432 2432 2432 2432 2432 2432 2432
    4842 2680 2680 2659 2618 2598 2579 2560 2541 2522 2503 2503 2485
    2485 2450 2432 2432 2415 2415 2432 2432 2432 2432 2432 2432 2432
    4842 2701 2680 2659 2618 2598 2579 2560 2541 2522 2503 2503 2485
    2485 2450 2432 2432 2415 2415 2432 2432 2432 2432 2450 2432 2432
    4842 2701 2680 2659 2618 2598 2579 2560 2541 2522 2503 2503 2485
    2485 2467 2432 2432 2415 2415 2432 2432 2432 2450 2450 2450 2450
    4911 2723 2680 2659 2618 2598 2579 2560 2541 2522 2503 2503 2485
    2485 2467 2432 2432 2432 2432 2432 2432 2432 2450 2450 2450 2467
    4842 4911 2680 2659 2618 2598 2579 2579 2541 2522 2503 2503 2485
    2485 2467 2432 2432 2432 2432 2432 2432 2432 2450 2450 2450 2485
    4774 4708 2659 2659 2618 2598 2579 2560 2541 2522 2503 2503 2503
    2485 2467 2450 2432 2432 2432 2432 2432 2432 2450 2450 2450 2467
    4774 4708 2659 2639 2618 2598 2579 2560 2541 2522 2503 2503 2503
    2485 2450 2432 2432 2415 2415 2432 2432 2432 2450 2450 2450 2467
    4842 4842 2659 2639 2618 2579 2579 2560 2541 2522 2503 2503 2503
    2485 2450 2432 2432 2415 2415 2432 2432 2432 2450 2450 2450 2450
    4911 4911 2659 2618 2598 2579 2579 2560 2560 2522 2503 2503 2503
    2485 2450 2432 2432 2432 2432 2432 2432 2432 2450 2450 2450 2450
    4911 4911 2680 2618 2598 2579 2579 2579 2560 2541 2522 2503 2485
    2485 2450 2432 2432 2432 2432 2432 2450 2450 2432 2432 2450 2450
    4911 4911 4911 2618 2598 2579 2579 2579 2560 2541 2522 2503 2485
    2485 2467 2450 2432 2432 2432 2432 2432 2432 2415 2415 2432 2432
    4842 4842 4842 2659 2618 2579 2579 2579 2560 2541 2541 2541 2541
    4708 2467 2467 2432 2432 2432 2432 2415 2415 2415 2415 2432 2432
    4842 4842 4842 2659 2618 2579 2579 2579 2560 2560 4774 4708 4708
    4708 4708 2432 2432 2432 2432 2432 2415 2415 2415 4522 4463 4463
    4842 4842 4842 4842 4911 2579 2579 4911 4842 4774 4774 4708 4708
    4708 4708 4708 4645 2432 2415 2415 2415 2415 4582 4522 4522 4522</data></Depth2762>
</opencv_storage>
