<?xml version="1.0"?>
<opencv_storage>
<Depth13058 type_id="opencv-matrix">
  <rows>17</rows>
  <cols>22</cols>
  <dt>w</dt>
  <data>
    6889 4582 4522 4522 4522 4463 4463 4463 4463 4463 4463 4463 4463
    4463 4463 4463 6497 6497 6622 6497 6497 6497 4405 4405 4522 4522
    4522 4463 4463 4463 4463 4463 4463 4463 4463 4463 4463 4463 4463
    4463 6622 6497 6497 6497 4405 4405 4463 4463 4522 4463 4463 4463
    4463 4463 4463 4463 4463 4463 4463 4463 4463 4463 4463 4463 4463
    4405 4405 4405 4463 4463 4522 4522 4522 4463 4463 4463 4463 4463
    4463 4463 4463 4463 4463 4463 4463 4463 4463 4405 4405 4405 4463
    4522 4463 4463 4522 4463 4463 4463 4463 4463 4463 4463 4405 4405
    4405 4405 4405 4463 4405 4405 4405 4405 4463 4522 4463 4463 4522
    4522 4463 4463 4463 4463 4463 4463 4405 4405 4405 4405 4405 4463
    4405 4405 6497 4522 4522 4522 4522 4522 4522 4522 4463 4463 4522
    4522 4463 4463 4463 4463 4405 4405 4405 4405 4405 4463 4582 4582
    4522 4522 4522 4522 4522 4522 4522 4522 4522 4522 4522 4463 4463
    4405 4405 4405 4405 4405 4405 4463 4582 4582 4522 4522 4522 4522
    4522 4522 4522 4522 4522 4522 4522 4463 4463 4405 4405 4405 4405
    4463 4463 4582 4582 4582 4582 4522 4522 4522 4522 4522 4522 4522
    4522 4522 4522 4463 4463 4463 4463 4463 4463 4463 4463 4463 4463
    4463 4522 4522 4522 4522 4522 4522 4522 4582 4582 4582 4522 4463
    4463 4463 4463 4463 4463 4463 4463 4463 4463 4463 4522 4522 4522
    4522 4522 4522 4522 4582 4582 4582 4522 4463 4463 4463 4463 4463
    4463 4463 4463 6622 4522 4522 4522 4522 4522 4522 4522 4522 4582
    4582 4582 4582 4522 4463 4463 4463 4463 4463 4463 4463 4463 4582
    4522 4522 4522 4582 4582 4582 4582 4582 4582 4582 4582 4582 4522
    4522 4463 4463 4522 4522 4582 4463 4463 4582 6889 4645 4645 4582
    4582 4582 4582 4582 4582 4582 4582 4582 4582 4582 4522 4522 4522
    4522 4582 4522 4522 4522 6753 6753 6753 6753 6753 4645 4645 6753
    4645 4582 4582 4645 4645 4645 4522 4522 4522 4522 4522 4463 4463
    4522 6753 6753 6753 6753 6753 6753 6753 6622 6622 6622 4708 4708
    4774 6622 6497 4582 4522 4522 4522 4463 4463 6497</data></Depth13058>
</opencv_storage>
