<?xml version="1.0"?>
<opencv_storage>
<Depth5205 type_id="opencv-matrix">
  <rows>6</rows>
  <cols>77</cols>
  <dt>w</dt>
  <data>
    1705 1713 1713 3208 3208 3149 3149 3576 3064 3064 3178 3178 3208
    3208 4041 3208 3208 4241 3178 3178 3208 3238 3300 3300 3333 3365
    3365 3365 3333 3333 4582 4522 4522 4582 4582 4645 3468 3468 4582
    3433 3433 3433 3433 3433 4645 4645 3468 3468 3503 4774 4774 4842
    3576 3576 3576 3614 3614 3614 3653 3614 3539 3539 3576 3576 3614
    4842 4842 4842 4911 4983 4983 4983 5056 5056 5132 5132 5132 1705
    1722 1722 3149 3149 3149 3120 3092 3064 3064 3178 3178 3208 3208
    3208 3178 3149 3120 3120 3178 3178 3238 3269 3269 3269 3333 3365
    3365 3333 3333 3300 3300 3333 3333 3333 3333 3365 3399 3433 3399
    3399 3433 3433 3433 3433 3433 3468 3468 3468 3468 3468 3468 3503
    3576 3576 3576 3576 3614 3614 3614 3539 3539 3576 3576 3614 3653
    4842 4842 4911 4983 3692 3692 4983 5056 5056 5132 5132 1705 1722
    1722 3149 3120 3120 3120 3092 3092 3120 3178 3178 3208 3208 3178
    3149 3120 3120 3120 3149 3178 3238 3238 3238 3269 3300 3333 3333
    3333 3300 3300 3300 3333 3333 3300 3300 3365 3399 3433 3399 3399
    3399 3399 3399 3433 3433 3468 3468 3468 3468 3468 3468 3503 3539
    3576 3576 3576 3614 3614 3614 3576 3576 3576 3614 3614 3653 3692
    3692 3692 3692 3692 3692 3692 3732 3732 3732 5056 1705 3092 3064
    3064 3092 3092 3092 3092 3092 3120 3149 3178 3178 3178 3178 3149
    3120 3120 3120 3149 3178 3238 3238 3238 3238 3269 3300 3300 3300
    3269 3269 3269 3269 3269 3269 3269 3300 3333 3365 3433 3399 3399
    3399 3399 3433 3468 3468 3503 3503 3468 3468 3468 3503 3503 3539
    3576 3576 3576 3576 3576 3576 3576 3576 3614 3653 3653 3692 3653
    3653 3653 3692 3692 3692 3732 3692 3692 5056 3092 3092 3064 3064
    3092 3092 3092 3092 3092 3120 3149 3149 3178 3178 3178 3149 3149
    3149 3178 3178 3208 3238 3238 3238 3238 3269 3300 3300 3300 3269
    3269 3269 3300 3300 3269 3269 3300 3300 3333 3399 3399 3399 3399
    3399 3468 3468 3468 3468 3468 3468 3468 3468 3503 3503 3503 3503
    3539 3539 3539 3539 3539 3539 3576 3614 3614 3653 3653 3653 3653
    3653 3653 3692 3732 3732 3692 3692 3732 3092 3092 3092 3092 3092
    3092 3092 3092 3092 3120 3120 3120 3149 3178 3178 3178 3178 3178
    3208 3208 3208 3238 3238 3238 3238 3269 3238 3238 3300 3300 3300
    3300 3300 3300 3300 3300 3300 3300 3333 3365 3399 3399 3399 3433
    3468 3468 3468 3468 3468 3468 3503 3503 3503 3503 3503 3503 3503
    3503 3503 3503 3539 3539 3576 3614 3614 3614 3614 3653 3653 3653
    3653 3653 3692 3692 3692 3692 3732</data></Depth5205>
</opencv_storage>
