<?xml version="1.0"?>
<opencv_storage>
<Depth10380 type_id="opencv-matrix">
  <rows>79</rows>
  <cols>47</cols>
  <dt>w</dt>
  <data>
    0 1185 1185 1181 1173 1173 1169 1169 1169 1169 1161 1157 1153 1153
    1149 1145 1141 1138 1134 1130 1126 1126 1126 1126 1130 1134 1141
    1149 1153 1157 1157 1165 1173 1185 1197 1202 1206 1214 1223 1227
    1236 1245 1264 1273 1278 1278 0 1193 1189 1185 1181 1173 1173 1169
    1169 1169 1165 1161 1157 1153 1153 1149 1141 1141 1138 1134 1130
    1126 1126 1126 1126 1130 1134 1141 1149 1153 1157 1157 1165 1173
    1185 1197 1202 1206 1214 1223 1227 1236 1245 1264 1273 1278 1278 0
    1193 1189 1185 1185 1177 1173 1169 1169 1165 1161 1161 1157 1157
    1153 1153 1141 1141 1138 1134 1130 1130 1126 1126 1130 1134 1134
    1141 1149 1153 1157 1157 1169 1173 1181 1197 1206 1210 1219 1223
    1236 1241 1250 1264 1273 1278 1278 1278 1193 1189 1185 1185 1177
    1173 1169 1169 1165 1161 1161 1157 1157 1153 1153 1149 1141 1138
    1134 1130 1130 1130 1130 1130 1134 1138 1141 1149 1153 1157 1169
    1169 1173 1181 1197 1206 1214 1214 1223 1232 1241 1250 1264 1273
    1278 1283 1283 1193 1189 1185 1185 1177 1173 1173 1169 1169 1165
    1161 1157 1157 1153 1153 1149 1138 1138 1138 1134 1130 1126 1126
    1126 1130 1138 1141 1149 1149 1157 1169 1173 1177 1177 1193 1210
    1214 1214 1223 1232 1245 1255 1264 1273 1278 1283 1283 1189 1189
    1185 1181 1181 1173 1173 1169 1169 1165 1165 1161 1157 1153 1153
    1149 1138 1138 1138 1134 1130 1126 1126 1126 1130 1138 1141 1149
    1149 1157 1165 1177 1177 1177 1193 1210 1219 1219 1232 1236 1245
    1255 1268 1273 1278 1278 1278 1189 1189 1189 1181 1181 1177 1173
    1169 1169 1161 1161 1157 1157 1153 1153 1149 1141 1138 1138 1134
    1130 1126 1126 1126 1130 1138 1141 1149 1149 1157 1165 1177 1181
    1181 1202 1210 1219 1219 1232 1241 1245 1255 1268 1273 1278 1273
    1273 1189 1189 1189 1181 1181 1177 1173 1169 1169 1161 1161 1157
    1157 1153 1153 1149 1141 1138 1138 1134 1130 1126 1126 1130 1130
    1138 1141 1149 1153 1157 1169 1177 1185 1185 1202 1210 1214 1219
    1232 1241 1245 1259 1273 1278 1278 1273 1273 1193 1193 1189 1185
    1185 1177 1173 1169 1169 1161 1161 1157 1157 1153 1149 1145 1141
    1138 1138 1134 1130 1130 1130 1130 1130 1141 1145 1149 1153 1157
    1169 1173 1189 1189 1206 1206 1214 1219 1232 1241 1250 1259 1273
    1278 1278 1278 1278 1189 1189 1189 1181 1181 1181 1173 1173 1165
    1161 1161 1157 1157 1153 1149 1145 1141 1138 1138 1134 1130 1130
    1130 1130 1130 1138 1145 1149 1153 1157 1169 1173 1185 1193 1206
    1206 1210 1219 1236 1241 1255 1259 1268 1278 1278 1278 1278 3399
    1181 1181 1181 1181 1181 1173 1173 1165 1161 1161 1157 1157 1153
    1153 1145 1141 1138 1138 1134 1130 1130 1130 1130 1134 1138 1145
    1149 1153 1161 1169 1173 1185 1193 1206 1206 1210 1219 1241 1245
    1255 1259 1268 1278 1278 1278 1278 0 1193 1181 1181 1185 1181 1177
    1173 1169 1169 1165 1161 1157 1157 1153 1145 1141 1138 1138 1134
    1130 1130 1130 1130 1134 1138 1145 1149 1153 1161 1169 1177 1181
    1193 1206 1210 1214 1219 1241 1250 1255 1255 1268 1278 1283 1283
    1283 0 1193 1189 1185 1185 1181 1177 1177 1169 1169 1165 1161 1157
    1157 1153 1145 1141 1141 1138 1134 1130 1130 1130 1130 1134 1138
    1145 1149 1153 1157 1165 1177 1181 1189 1202 1210 1214 1223 1245
    1250 1255 1255 1268 1278 1283 1283 1288 1197 1197 1189 1185 1185
    1185 1177 1177 1173 1169 1169 1165 1161 1157 1153 1153 1141 1141
    1138 1134 1130 1130 1130 1130 1134 1138 1145 1149 1153 1157 1165
    1177 1181 1189 1202 1214 1219 1223 1241 1250 1255 1255 1264 1273
    1283 1283 1288 1197 1197 1189 1185 1185 1185 1181 1177 1173 1169
    1169 1165 1161 1157 1157 1153 1145 1141 1138 1138 1134 1130 1130
    1130 1130 1138 1145 1149 1157 1157 1165 1173 1181 1189 1202 1214
    1219 1223 1241 1250 1255 1255 1264 1268 1283 1283 1288 1189 1189
    1189 1185 1185 1185 1181 1173 1173 1169 1169 1165 1161 1157 1157
    1153 1145 1141 1141 1138 1134 1130 1126 1126 1126 1134 1145 1149
    1157 1157 1165 1173 1181 1189 1206 1214 1219 1223 1227 1250 1255
    1255 1264 1268 1283 1283 1283 1189 1189 1189 1185 1185 1181 1177
    1173 1173 1169 1165 1161 1157 1157 1153 1153 1145 1145 1141 1138
    1134 1130 1126 1126 1126 1134 1141 1149 1153 1157 1165 1177 1185
    1189 1206 1214 1219 1223 1227 1245 1255 1259 1264 1273 1283 1288
    1288 1197 1189 1189 1185 1185 1181 1177 1173 1173 1169 1165 1161
    1157 1157 1153 1153 1145 1145 1141 1138 1134 1130 1126 1126 1126
    1134 1141 1149 1153 1157 1169 1177 1189 1193 1206 1210 1219 1223
    1232 1245 1250 1259 1268 1273 1283 1288 1288 1197 1197 1189 1185
    1185 1181 1177 1173 1173 1169 1165 1161 1157 1157 1153 1145 1141
    1141 1141 1138 1134 1130 1130 1130 1130 1134 1141 1149 1153 1161
    1169 1177 1189 1197 1202 1210 1214 1227 1232 1245 1250 1259 1264
    1268 1283 1288 1297 1197 1197 1189 1185 1185 1181 1177 1173 1173
    1169 1165 1161 1157 1157 1153 1145 1141 1141 1141 1138 1134 1130
    1130 1134 1134 1141 1145 1149 1153 1161 1169 1173 1181 1193 1202
    1210 1210 1223 1236 1245 1250 1259 1264 1268 1283 1288 1292 1197
    1197 1189 1185 1185 1185 1177 1173 1173 1169 1165 1161 1157 1157
    1153 1145 1141 1141 1138 1138 1134 1130 1130 1134 1134 1141 1145
    1153 1153 1161 1169 1173 1177 1193 1202 1210 1210 1223 1232 1245
    1250 1259 1264 1273 1283 1288 1292 1202 1202 1189 1185 1185 1185
    1181 1173 1173 1169 1169 1165 1161 1157 1157 1153 1141 1141 1138
    1138 1134 1130 1130 1130 1130 1134 1141 1153 1157 1157 1169 1173
    1177 1193 1202 1214 1214 1223 1232 1241 1250 1259 1268 1278 1283
    1283 1292 1202 1202 1189 1185 1185 1185 1181 1177 1173 1169 1169
    1165 1165 1157 1157 1153 1145 1141 1138 1138 1134 1130 1130 1130
    1130 1134 1141 1153 1157 1157 1165 1173 1177 1193 1206 1214 1219
    1223 1232 1241 1250 1259 1268 1278 1283 1283 1283 1189 1189 1185
    1185 1185 1185 1185 1177 1173 1169 1169 1169 1165 1157 1157 1153
    1153 1141 1141 1138 1134 1130 1130 1134 1134 1138 1141 1153 1157
    1161 1165 1173 1177 1189 1206 1219 1219 1223 1232 1241 1250 1264
    1278 1283 1283 1288 1288 1189 1189 1185 1185 1185 1185 1185 1177
    1173 1173 1169 1169 1165 1161 1157 1153 1153 1141 1141 1138 1134
    1130 1130 1134 1134 1138 1141 1153 1157 1161 1169 1173 1177 1189
    1206 1219 1219 1223 1232 1241 1250 1268 1278 1283 1283 1288 1288
    1189 1189 1189 1185 1185 1185 1185 1181 1173 1173 1169 1169 1165
    1161 1157 1157 1153 1145 1141 1138 1134 1130 1130 1134 1134 1138
    1145 1153 1157 1161 1169 1173 1177 1189 1206 1214 1219 1227 1236
    1241 1250 1268 1278 1278 1283 1288 1288 1197 1197 1189 1189 1189
    1189 1185 1181 1177 1173 1169 1169 1165 1161 1157 1157 1145 1145
    1141 1138 1138 1134 1134 1134 1138 1141 1145 1149 1153 1161 1169
    1177 1181 1189 1206 1214 1219 1227 1236 1241 1250 1259 1273 1278
    1283 1288 1288 1197 1197 1193 1189 1189 1189 1185 1181 1177 1173
    1169 1169 1165 1161 1157 1153 1145 1141 1141 1138 1138 1134 1134
    1134 1138 1141 1141 1149 1153 1161 1169 1177 1185 1193 1206 1214
    1219 1223 1232 1241 1250 1259 1273 1283 1283 1292 1292 1197 1197
    1197 1189 1189 1189 1185 1181 1177 1173 1169 1169 1165 1161 1157
    1153 1145 1141 1141 1138 1138 1134 1134 1134 1138 1141 1141 1149
    1153 1161 1169 1181 1185 1189 1202 1214 1219 1223 1232 1241 1250
    1259 1268 1283 1288 1297 1297 1197 1197 1197 1189 1189 1189 1185
    1181 1177 1173 1169 1169 1165 1161 1157 1153 1145 1141 1141 1138
    1138 1134 1134 1134 1138 1138 1141 1149 1153 1157 1169 1177 1185
    1189 1202 1214 1219 1223 1236 1245 1255 1259 1268 1283 1288 1297
    1297 1202 1197 1193 1189 1189 1189 1185 1181 1177 1173 1169 1169
    1161 1157 1153 1153 1145 1141 1141 1138 1138 1134 1134 1134 1138
    1138 1141 1149 1153 1157 1165 1173 1185 1189 1202 1214 1219 1223
    1232 1245 1255 1259 1273 1283 1283 1283 1283 1197 1197 1193 1189
    1189 1189 1185 1181 1177 1173 1169 1169 1161 1157 1153 1153 1145
