<?xml version="1.0"?>
<opencv_storage>
<Depth19558 type_id="opencv-matrix">
  <rows>124</rows>
  <cols>93</cols>
  <dt>w</dt>
  <data>
    6259 6259 6259 6259 6259 6375 6375 6375 6375 6375 6375 6497 6497
    6497 6497 6497 6497 6497 6497 6497 6497 6497 6497 6497 6497 6497
    6497 6622 6622 6753 6753 6622 6622 6622 6753 6753 6753 6753 6753
    6753 6753 6753 6889 6889 6889 6753 6753 6889 6889 6889 7030 7030
    7030 7030 7030 7030 7030 7030 7030 7030 7178 7178 7178 7030 7030
    7178 7178 7332 7332 7178 7178 7178 7178 7178 7178 7332 871 869 869
    869 873 873 875 7332 7332 7332 7332 885 7492 0 7492 7492 7492 6259
    6259 6259 6259 6259 6375 6375 6375 6375 6375 6375 6497 6497 6497
    6497 6497 6497 6497 6497 6497 6497 6497 6497 6497 6497 6497 6497
    6622 6622 6753 6753 6622 6622 6622 6753 6753 6753 6753 6753 6753
    6753 6753 6889 6889 6889 6753 6753 6889 6889 6889 6889 7030 7030
    7030 7030 7030 7030 7030 7030 7030 7178 7178 7030 7030 7030 7178
    7332 7332 7332 7178 7178 7178 7178 7178 7178 871 869 869 869 869 873
    873 875 7492 7492 885 885 0 0 0 7492 7492 7492 6259 6259 6146 6146
    6146 6259 6375 6375 6497 813 813 813 813 815 6375 6375 6259 6259
    6497 6497 6497 6375 6375 6497 6497 6497 6497 6622 6622 6753 6753
    6753 6753 6753 6753 6753 6753 6753 6753 6753 6753 6753 6889 6889
    6753 6753 6753 6753 6753 6753 6753 6753 6889 7030 7030 7030 7030 875
    873 873 873 875 875 7030 7178 7178 885 882 878 878 878 880 882 878
    873 871 869 869 869 869 873 873 875 882 885 885 885 0 0 0 0 0 7492
    6259 6146 6146 6146 6146 6259 6375 6375 6497 813 813 813 813 815 815
    6146 6146 6259 6259 860 6375 6375 6375 6497 6497 6497 6497 6622 6753
    6753 6753 6753 6622 6622 6622 6753 6753 6753 6753 6753 6753 6753
    6889 6889 6753 6753 858 854 854 856 864 867 867 864 817 817 873 873
    873 871 871 873 875 875 875 878 882 880 878 878 878 880 880 878 873
    871 869 869 869 869 873 875 880 882 885 885 885 0 0 0 0 0 0 6146
    6146 6146 6146 6146 6375 6375 6375 813 813 813 813 813 815 815 815
    817 858 858 860 860 860 6622 6497 6497 871 871 871 867 867 867 867
    6622 6622 860 860 858 858 858 862 864 867 867 867 867 862 858 854
    854 856 862 864 867 809 809 813 869 869 869 869 869 871 873 871 869
    869 871 871 875 878 878 878 878 875 873 871 869 869 871 871 873 878
    882 882 882 882 882 0 0 0 0 0 0 6146 6146 6146 6259 6259 6375 809
    809 809 811 811 813 813 815 815 815 817 849 854 856 856 858 858 860
    862 864 864 864 864 867 867 867 867 864 860 860 858 858 858 862 864
    864 864 864 864 860 858 858 858 858 860 807 807 809 807 807 807 809
    809 809 809 811 811 809 809 807 807 807 809 809 878 878 878 875 871
    869 794 794 796 796 796 880 882 882 882 882 882 0 0 0 0 0 7492 6259
    6259 6259 6259 6259 805 805 807 807 809 809 811 813 815 815 817 843
    845 849 851 854 856 856 858 858 858 858 860 860 864 864 862 862 860
    860 860 860 860 860 862 862 862 862 862 860 858 856 856 856 856 802
    802 802 802 802 803 805 807 807 807 807 807 807 807 807 805 803 803
    803 803 802 798 796 794 794 794 794 794 796 796 796 798 882 882 882
    882 0 0 0 0 0 0 7492 6259 6259 6259 6375 803 803 805 805 807 807 807
    809 813 815 815 839 841 843 845 849 849 851 851 854 854 854 854 854
    800 800 800 800 800 800 800 798 796 796 860 860 800 800 800 800 800
    802 802 800 800 800 800 800 800 800 800 800 802 803 803 803 803 803
    805 805 802 802 800 800 798 798 798 796 796 794 794 794 794 796 796
    796 798 798 882 882 882 882 0 0 0 0 0 7178 7178 800 800 800 803 803
    803 805 805 805 805 805 807 809 819 839 839 839 841 843 847 847 847
    847 851 851 854 800 800 800 800 800 798 798 798 798 796 796 796 798
    798 800 800 800 800 800 800 800 800 798 798 796 796 796 796 796 796
    796 798 798 798 796 796 796 798 796 796 796 796 796 796 796 796 796
    794 794 794 796 796 796 798 800 800 887 885 885 0 0 0 0 0 0 7178
    7178 800 800 800 800 800 802 803 805 805 805 805 805 805 825 839 839
    839 841 800 800 798 798 798 798 798 798 798 800 800 800 796 796 796
    796 796 796 796 796 796 798 798 798 798 798 798 798 798 798 796 796
    794 794 794 794 794 794 794 796 796 796 796 796 796 796 796 796 796
    796 796 796 796 796 796 794 794 796 796 796 796 798 798 800 887 885
    885 0 0 0 0 0 0 7332 7332 800 798 798 798 798 798 800 803 803 803
    802 800 798 796 796 796 796 798 800 800 798 798 798 798 798 796 796
    798 796 796 796 796 796 796 796 796 796 796 796 798 798 798 796 796
    796 796 796 796 794 794 794 794 794 794 794 794 794 794 796 796 796
    796 796 796 796 796 796 796 798 796 796 796 796 796 796 796 796 796
    796 798 798 800 800 800 0 0 0 0 0 0 0 7332 7332 800 798 798 798 798
    798 798 798 798 798 798 798 798 796 796 796 796 798 800 800 800 800
    798 798 798 796 796 796 796 796 796 796 796 794 794 794 796 796 796
    798 798 796 796 796 796 796 796 796 794 794 794 794 794 794 794 794
    794 794 796 796 796 796 796 796 796 796 796 796 798 796 796 796 796
    796 796 796 796 798 798 798 800 800 800 864 0 0 0 0 0 0 0 0 0 798
    798 798 798 798 798 798 798 798 798 798 798 798 798 798 798 798 798
    800 800 800 800 800 798 798 798 796 796 796 796 796 796 796 794 794
    794 796 796 798 798 798 796 796 796 796 796 796 796 794 794 794 794
    794 794 794 794 794 796 796 798 796 796 796 798 796 796 796 796 800
    798 796 796 796 796 796 796 796 798 798 798 800 800 802 864 873 875
    0 0 0 0 0 0 0 798 798 798 798 798 798 798 798 798 798 798 798 798
    798 798 798 798 798 800 800 800 800 800 800 800 798 796 796 796 796
    796 796 794 794 796 796 796 798 798 800 798 798 798 796 796 796 798
    798 796 796 794 794 794 796 796 796 796 798 798 798 798 798 798 798
    796 796 796 798 802 800 800 798 798 798 798 798 798 798 798 800 800
    800 802 864 871 871 871 0 0 0 0 0 0 798 798 798 798 798 798 798 798
    798 798 798 800 800 800 800 800 800 800 802 800 800 800 800 800 800
    798 798 798 798 798 798 796 794 794 798 798 798 798 800 800 798 798
    798 798 798 798 798 798 798 798 796 796 796 798 798 798 798 798 798
    798 798 798 798 798 798 796 796 798 802 802 800 800 798 798 798 796
    796 798 798 800 802 802 802 862 871 871 871 0 0 0 0 0 0 798 798 798
    798 800 800 800 800 798 798 798 800 800 800 800 800 800 800 802 802
    802 802 800 800 800 800 800 800 800 798 798 796 796 796 798 798 798
    800 800 800 800 800 800 800 800 798 798 798 798 798 798 798 798 798
    798 798 798 798 800 798 798 798 798 798 798 796 796 798 802 800 800
    800 798 798 798 796 796 798 798 800 802 802 802 862 873 873 0 0 0 0
    0 0 0 798 798 798 800 800 800 802 802 800 800 800 800 800 800 800
    800 800 800 802 802 802 802 802 802 802 802 802 802 802 800 800 798
    798 798 800 800 800 800 800 800 798 798 798 800 800 800 800 800 798
    798 798 798 798 800 798 798 798 798 800 798 798 798 798 798 798 798
    798 798 800 800 800 800 798 798 798 798 798 800 800 800 802 802 802
    869 873 873 873 878 0 0 0 0 0 796 798 798 800 800 800 802 802 800
    800 802 802 800 800 800 800 800 800 802 802 802 802 802 802 802 802
    802 802 802 802 802 800 800 800 800 800 800 800 800 800 798 798 798
    800 800 800 800 800 800 800 800 798 798 800 798 798 798 798 800 798
    798 798 798 798 798 798 798 798 800 800 800 800 800 800 800 800 800
    800 800 802 802 802 864 869 873 873 873 878 0 0 0 0 0 796 798 798
    800 800 802 802 802 802 802 802 802 800 800 800 800 800 800 802 802
    802 802 802 802 802 802 802 802 802 802 802 802 800 800 800 800 800
    800 800 800 798 798 798 800 800 800 800 800 800 800 800 798 798 798
    798 798 798 798 800 798 798 798 798 798 798 798 798 798 800 800 800
    800 800 800 800 800 800 800 800 802 802 802 867 869 871 871 871 0 0
    0 0 0 0 796 798 800 800 800 802 802 800 800 800 802 802 800 800 800
    800 800 800 802 802 802 802 802 802 802 802 802 802 802 802 802 802
    800 800 800 800 800 800 800 800 800 800 800 800 800 800 800 800 800
    800 800 798 798 798 800 800 800 800 800 798 798 798 798 798 800 800
