<?xml version="1.0"?>
<opencv_storage>
<Depth9072 type_id="opencv-matrix">
  <rows>6</rows>
  <cols>19</cols>
  <dt>w</dt>
  <data>
    4241 4241 4190 4190 4241 4241 4295 4295 4295 4349 4405 4405 4349
    4349 4349 4349 4295 4190 4190 4241 4241 4190 4190 4241 4241 4241
    4295 4295 4349 4405 4405 4349 4349 4349 4349 4295 4190 4190 4295
    4295 4295 4241 4241 4241 4241 4295 4295 4349 4405 4405 4349 4349
    4349 4349 4349 4295 4190 4295 4241 4241 4241 4241 4190 4190 4295
    4295 4349 4349 4349 4349 4295 4295 4349 4405 4349 4190 4295 4241
    4241 4241 4241 4190 4190 4295 4295 4295 4295 4241 4241 4295 4295
    4295 4405 4349 4190 4295 4241 4241 4295 4295 4295 4295 4349 4241
    4241 4190 4190 4241 4295 4295 4295 4405 4349 4241</data></Depth9072>
</opencv_storage>
