<?xml version="1.0"?>
<opencv_storage>
<Depth1890 type_id="opencv-matrix">
  <rows>38</rows>
  <cols>16</cols>
  <dt>w</dt>
  <data>
    3539 3539 3539 3539 3539 3503 2053 2053 2040 1993 1993 1981 1981
    1993 1981 1970 3539 3539 3539 3539 3539 3503 2040 2040 2040 1993
    1993 1981 1981 1981 1981 1947 3539 3539 3539 3503 3503 3503 2040
    2040 3503 3503 3503 1993 1993 1981 1981 1947 3539 3503 3503 3503
    3503 3503 3468 3468 3503 3503 3468 2005 2005 2005 2005 2005 3503
    3503 3503 3503 3503 3468 3468 3468 3468 3468 3468 2016 2016 2016
    2028 0 3468 3468 3468 3468 3468 3468 3468 3468 3433 3433 3433 0 0 0
    0 0 3433 3433 3468 3468 3468 3468 3468 3468 3433 3433 0 0 0 0 0 0
    3433 3433 3433 3433 3433 3468 3468 3433 3433 3433 0 0 0 0 0 0 3433
    3433 3433 3433 3433 3433 3433 3433 3399 3365 3300 3300 0 0 0 0 3468
    3433 3433 3399 3399 3399 3399 3433 3399 3365 3300 3300 0 0 0 0 3468
    3468 3433 3399 3399 3399 3399 3399 3433 3399 3333 3333 3399 0 0 0
    3503 3468 3433 3433 3433 3399 3399 3399 3433 3433 3399 3399 3399 0 0
    0 3468 3399 3399 3399 3399 3399 3399 3399 3399 3433 3433 3433 3433 0
    0 0 3468 3399 3399 3399 3399 3365 3365 3399 3399 3399 3399 3468 0 0
    0 0 3365 3365 3365 3365 3365 3365 3365 3365 3365 3365 3365 3365 0 0
    0 0 3333 3333 3365 3365 3365 3365 3365 3365 3365 3365 3333 3333 0 0
    0 0 3333 3333 3399 3365 3365 3365 3365 3365 3365 3333 3333 3333 0 0
    0 0 4645 4645 3365 3365 3333 3333 3333 3333 3333 3333 3333 3333 0 0
    0 0 4645 4645 3365 3365 3333 3333 3333 3333 3333 3333 3300 3269 3269
    0 0 0 4645 4645 4645 3365 3333 3333 3333 3333 3300 3300 3300 3269
    3269 0 0 0 4645 3653 3539 3399 3300 3300 3300 3300 3300 3269 3269
    3269 3269 3269 0 0 4645 3653 3539 3333 3269 3269 3300 3300 3269 3269
    3269 3269 3238 3238 0 0 4645 4774 4774 3269 3269 3269 3238 3238 3269
    3269 3269 3269 3238 3238 0 0 4645 4582 3269 3269 3269 3269 3238 3238
    3238 3238 3238 3238 3238 3238 0 0 4645 4582 3269 3269 3269 3269 3238
    3238 3238 3238 3238 3238 3238 3238 0 0 4582 4645 3238 3238 3238 3238
    3238 3238 3238 3238 3238 3238 3238 3238 0 0 4582 4645 3238 3238 3238
    3208 3208 3238 3238 3238 3238 3208 3208 3208 3238 0 4582 4582 3269
    3238 3238 3208 3208 3208 3208 3238 3208 3208 3208 3208 3238 0 4582
    4582 3269 3269 3238 3178 3178 3208 3208 3208 3208 3208 3208 3178
    3178 0 4582 4582 3269 3238 3238 3178 3178 3178 3208 3208 3208 3208
    3208 3178 3178 3208 4582 4582 3238 3238 3238 3208 3178 3178 3178
    3178 3208 3208 3208 3178 3178 3178 4582 4582 3238 3208 3208 3208
    3178 3178 3178 3178 3208 3178 3178 3178 3178 3178 4522 4522 4582
    3208 3208 3208 3178 3178 3178 3178 3178 3178 3178 3178 3178 3178
    4463 4463 4463 4463 3208 3208 3208 3178 3178 3178 3178 3149 3149
    3149 3149 3178 4463 4405 4405 4405 3208 3208 3178 3149 3149 3178
    3120 3120 3149 3149 3149 3178 4463 4405 4405 4405 3238 3178 3120
    3120 3120 3149 3120 3120 3120 3149 3149 3149 4463 4405 4405 4405
    4405 3149 3120 3120 3120 3120 3120 3120 3120 3120 3120 3120 4463
    4405 4349 4349 4349 3149 3120 3120 3120 3120 3120 3120 3120 3120
    3092 3092</data></Depth1890>
</opencv_storage>
