<?xml version="1.0"?>
<opencv_storage>
<Depth13034 type_id="opencv-matrix">
  <rows>16</rows>
  <cols>20</cols>
  <dt>w</dt>
  <data>
    6622 4708 4708 4708 4708 4708 4708 4708 4708 4645 4645 4708 4708
    4708 4708 4708 6497 6497 6497 6497 4708 4645 4645 4645 4645 4645
    4708 4645 4645 4645 4645 4645 4645 4645 4708 4645 4645 4645 4645
    6497 4708 4645 4645 4645 4645 4645 4645 4645 4645 4645 4645 4645
    4645 4645 4645 4582 4582 4582 4522 4522 4645 4645 4645 4645 4645
    4645 4645 4645 4645 4645 4645 4645 4645 4645 4645 4582 4582 4582
    4522 4522 4645 4645 4645 4645 4645 4645 4645 4645 4582 4582 4582
    4645 4645 4645 4645 4582 4582 4522 4522 4463 4645 4645 4645 4645
    4645 4645 4708 4645 4582 4582 4582 4645 4645 4582 4582 4582 4582
    4522 4522 4463 4645 4645 4645 4645 4645 4645 4645 4645 4645 4582
    4582 4645 4645 4582 4582 4645 4645 4522 4522 4463 4645 4645 4645
    4645 4645 4645 4645 4645 4645 4645 4645 4645 4645 4645 4645 4645
    4645 4645 4645 4522 4645 4645 4645 4645 4645 4645 4645 4645 4645
    4645 4645 4645 4645 4645 4645 4645 4645 4645 4645 4582 4645 4645
    4645 4708 4708 4645 4645 4645 4645 4645 4645 4645 4645 4645 4645
    4645 4645 4645 4645 4582 4645 4645 4645 4708 4708 4708 4708 4708
    4645 4645 4645 4645 4645 4645 4645 4645 4645 4645 4582 4582 4645
    4708 4708 4708 4708 4708 4708 4708 4708 4645 4645 4645 4645 4645
    4645 4645 4645 4645 4582 4582 4708 4708 4708 4708 4708 4708 4708
    4708 4708 4708 4645 4645 4645 4645 4645 4645 4645 4645 4582 4582
    4708 4708 4708 4708 4708 4708 4708 4708 4708 4708 4645 4645 4645
    4645 4645 4645 4645 4582 4582 4582 4708 4708 4708 4774 4708 4708
    4708 4708 4708 4708 4645 4645 4645 4645 4645 4645 4645 4582 4582
    4582 6753 6753 6753 6753 6622 6622 6497 4708 4708 4708 4708 4708
    4645 4645 4645 4645 4582 4582 4582 6622</data></Depth13034>
</opencv_storage>
