<?xml version="1.0"?>
<opencv_storage>
<Depth12330 type_id="opencv-matrix">
  <rows>7</rows>
  <cols>33</cols>
  <dt>w</dt>
  <data>
    0 5210 5210 5832 5832 5832 5832 5210 5210 5210 5291 5291 0 0 0 0 0
    4774 4708 4708 4708 4708 4774 4842 4842 4842 4774 4708 4708 4708
    4708 4522 4522 5132 5132 5132 5832 5832 5832 4774 4911 4911 4911
    4911 5056 5132 0 0 4842 4842 4774 4708 4708 4708 4708 4774 4774 4774
    4708 4708 4645 4645 4708 4708 4708 4708 4842 4983 4983 4983 4911
    4774 4774 4774 4774 4774 4842 4911 4911 4842 4842 4842 4842 4774
    4774 4708 4708 4708 4708 4708 4708 4645 4582 4582 4645 4708 4708
    4708 4708 4842 4911 4911 4911 4911 4774 4774 4774 4774 4774 4842
    4774 4774 4774 4774 4774 4842 4774 4774 4774 4708 4708 4708 4708
    4708 4645 4582 4582 0 4708 4708 4708 4774 4911 4911 4911 4911 4842
    4774 4774 4774 4774 4842 4842 4774 4774 4774 4774 4774 4774 4774
    4842 4774 4774 4774 4708 4708 4708 4708 4708 4774 0 0 0 0 0 4911
    4911 4842 4842 4842 4774 4774 4774 4774 4842 4842 4774 4774 4774
    4708 4708 4774 4774 4842 4774 4774 4774 4911 4911 4983 0 0 0 0 0 0 0
    0 4911 4911 4842 4842 4774 4774 4774 4774 4983 4983 4911 4842 4774
    4774 4708 4708 0 0 0 0 0 0 0 0 0 0 0 0 0 0 0 0 0</data></Depth12330>
</opencv_storage>
