<?xml version="1.0"?>
<opencv_storage>
<Depth1951 type_id="opencv-matrix">
  <rows>55</rows>
  <cols>38</cols>
  <dt>w</dt>
  <data>
    4190 4241 4241 1731 1722 1722 1731 1731 4241 4241 4295 4295 1696
    1696 1705 1705 1705 1705 1748 1748 1766 1766 1776 1813 1823 1843
    1843 1853 1873 1873 1873 4405 4405 4349 4349 4349 4349 4349 4190
    4190 1731 1731 1722 1722 1722 1713 1713 1705 1705 1696 1696 1696
    1696 1696 1705 1705 1748 1748 1757 1766 1776 1804 1813 1833 1843
    1853 1863 1873 1873 1873 4405 4349 4349 4349 4349 4349 1739 1731
    1731 1722 1722 1722 1713 1713 1705 1705 1705 1696 1696 1696 1696
    1696 1705 1705 1739 1757 1757 1776 1776 1804 1813 1823 1843 1853
    1863 1873 1873 1873 4405 4349 4349 4349 4349 4349 1739 1731 1731
    1722 1722 1722 1713 1713 1705 1705 1705 1696 1696 1696 1696 1696
    1705 1705 1731 1739 1757 1757 1776 1804 1804 1813 1833 1853 1863
    1863 1873 1873 4463 4405 4349 4349 4349 4349 1739 1739 1731 1722
    1722 1722 1722 1713 1705 1705 1705 1696 1696 1696 1696 1696 1705
    1705 1731 1739 1748 1757 1776 1804 1804 1813 1833 1843 1853 1863
    1873 1873 4463 4405 4349 4349 4349 4349 1739 1739 1731 1731 1731
    1722 1722 1713 1713 1705 1705 1705 1705 1696 1696 1696 1705 1705
    1731 1739 1748 1757 1776 1794 1804 1813 1833 1843 1853 1863 1873
    1873 4463 4349 4349 4349 4349 4349 1739 1739 1731 1731 1731 1731
    1722 1713 1713 1705 1705 1705 1705 1696 1696 1705 1705 1713 1722
    1731 1739 1757 1776 1794 1804 1813 1823 1843 1853 1853 1863 1843
    1843 4349 4349 4349 4349 4349 1739 1739 1731 1731 1731 1731 1722
    1722 1713 1705 1705 1705 1705 1696 1696 1705 1705 1713 1722 1731
    1739 1757 1776 1794 1804 1813 1823 1843 1853 1853 1863 1843 1843
    1843 4349 4349 4349 4349 1739 1739 1731 1731 1731 1731 1731 1722
    1722 1713 1705 1705 1705 1696 1696 1696 1705 1722 1731 1731 1748
    1757 1776 1785 1794 1813 1833 1843 1853 1853 1863 1843 1843 1843
    4349 4349 4349 4349 1739 1739 1731 1731 1731 1731 1731 1722 1713
    1713 1705 1705 1705 1696 1696 1696 1696 1713 1731 1731 1748 1766
    1776 1785 1794 1804 1833 1843 1853 1853 1863 1853 1853 4349 4349
    4349 4349 4349 1739 1739 1739 1739 1731 1731 1731 1722 1713 1713
    1705 1705 1705 1696 1696 1696 1696 1713 1731 1731 1748 1766 1776
    1794 1794 1804 1823 1843 1853 1853 1863 1863 1863 4349 4349 4349
    4349 4349 1748 1748 1739 1739 1739 1731 1731 1722 1722 1713 1713
    1705 1705 1696 1696 1696 1696 1713 1731 1739 1748 1766 1776 1794
    1804 1804 1823 1843 1853 1853 1863 1863 1863 4349 4349 4349 4349
    4349 1748 1748 1748 1739 1739 1739 1731 1731 1722 1722 1713 1705
    1705 1696 1696 1705 1705 1713 1722 1739 1748 1766 1776 1785 1794
    1804 1813 1833 1853 1853 1863 1863 1863 4405 4349 4349 4349 4349
    1748 1748 1739 1739 1739 1731 1731 1731 1731 1722 1713 1705 1705
    1705 1705 1705 1705 1713 1722 1731 1739 1757 1776 1785 1794 1804
    1804 1833 1843 1863 1863 1873 1873 4405 4405 4405 4349 4349 4241
    1748 1739 1739 1739 1731 1731 1731 1731 1731 1722 1713 1705 1705
    1705 1705 1705 1713 1722 1731 1739 1757 1766 1776 1794 1804 1804
    1823 1843 1853 1863 1873 1873 1873 4405 4405 4349 4349 4190 1748
    1739 1739 1739 1731 1731 1731 1731 1731 1722 1713 1705 1705 1696
    1696 1705 1713 1722 1731 1739 1748 1766 1776 1785 1794 1804 1813
    1833 1853 1863 1873 1873 1873 4405 4405 4349 4349 4190 1748 1739
    1739 1739 1731 1731 1731 1731 1731 1722 1722 1705 1705 1696 1696
    1705 1713 1722 1731 1739 1748 1757 1776 1785 1794 1804 1813 1833
    1843 1863 1873 1863 1863 4405 4405 4405 4405 1757 1757 1748 1739
    1739 1731 1731 1731 1731 1731 1722 1722 1705 1705 1696 1696 1705
    1713 1722 1731 1739 1739 1757 1776 1785 1804 1804 1813 1833 1843
    1863 1873 1863 1863 1863 4405 4405 4349 4241 1757 1757 1748 1739
    1731 1731 1731 1731 1731 1722 1722 1705 1705 1705 1705 1705 1713
    1722 1731 1739 1739 1757 1776 1785 1804 1804 1813 1833 1843 1863
    1873 1863 1863 1863 4405 4405 4349 4241 1748 1748 1748 1739 1739
    1739 1739 1731 1731 1722 1722 1713 1705 1705 1705 1705 1713 1713
    1722 1731 1748 1766 1776 1785 1804 1813 1813 1833 1853 1863 1873
    1863 1863 1863 4463 4405 4349 4241 1748 1748 1748 1748 1739 1739
    1739 1731 1731 1731 1722 1713 1705 1705 1705 1705 1705 1713 1722
    1731 1748 1766 1776 1785 1804 1804 1813 1833 1843 1863 1873 1873
    1873 1873 4405 4405 4349 4241 1739 1739 1739 1748 1739 1739 1739
    1731 1731 1731 1731 1722 1705 1705 1705 1705 1705 1705 1722 1731
    1748 1757 1766 1776 1794 1804 1813 1833 1843 1863 1873 1873 1883
    1883 4405 4405 4405 4241 1731 1731 1739 1739 1739 1739 1739 1731
    1731 1731 1731 1722 1705 1705 1705 1705 1705 1705 1713 1731 1739
    1748 1766 1776 1794 1804 1813 1823 1843 1863 1873 1873 1883 1883
    4349 4349 4349 4241 1731 1731 1739 1739 1748 1739 1739 1739 1731
    1731 1731 1722 1713 1705 1705 1705 1705 1705 1713 1731 1739 1748
    1757 1776 1785 1804 1813 1823 1843 1863 1863 1863 1873 1873 4349
    4349 4349 4241 1739 1739 1739 1748 1748 1739 1739 1739 1731 1731
    1731 1722 1713 1705 1705 1705 1705 1713 1722 1731 1739 1748 1757
    1766 1785 1804 1804 1823 1843 1863 1863 1863 1873 1873 4349 4349
    4349 4190 4190 1757 1757 1757 1757 1748 1739 1739 1731 1731 1731
    1722 1713 1713 1705 1705 1705 1713 1722 1731 1739 1739 1757 1766
    1785 1804 1804 1813 1843 1853 1853 1853 1863 1863 4349 4349 4349
    4190 4190 1757 1757 1757 1757 1748 1739 1739 1739 1739 1731 1731
    1722 1722 1713 1713 1713 1713 1722 1731 1739 1739 1748 1766 1785
    1794 1804 1813 1833 1853 1853 1853 1863 1863 1863 4349 4349 4190
    4190 1757 1757 1757 1757 1748 1739 1739 1739 1739 1731 1731 1722
    1722 1713 1713 1713 1713 1722 1731 1739 1739 1748 1766 1785 1794
    1804 1813 1833 1853 1853 1853 1863 1863 1863 4349 4349 4190 4241
    4241 1757 1757 1757 1748 1739 1739 1739 1739 1739 1731 1731 1722
    1722 1713 1713 1713 1722 1731 1731 1739 1748 1766 1785 1794 1804
    1813 1833 1853 1853 1853 1863 1863 1873 4349 4349 4241 4241 4241
    1766 1766 1757 1748 1739 1739 1739 1739 1739 1731 1731 1722 1722
    1713 1705 1705 1713 1722 1731 1739 1757 1766 1785 1794 1804 1813
    1833 1853 1853 1863 1863 1863 1873 1873 4349 4241 4241 4295 1766
    1766 1766 1757 1739 1739 1739 1739 1739 1731 1731 1722 1722 1713
    1705 1705 1713 1722 1731 1739 1757 1766 1776 1785 1804 1813 1833
    1853 1853 1863 1863 1863 1873 1873 4349 4241 4295 4295 1766 1766
    1766 1757 1739 1739 1739 1739 1731 1731 1731 1731 1722 1722 1713
    1713 1713 1722 1731 1739 1757 1766 1776 1785 1794 1813 1823 1843
    1853 1853 1873 1873 1883 1883 4190 4241 4241 4295 4295 1766 1766
    1757 1739 1739 1739 1739 1731 1731 1731 1731 1722 1722 1713 1713
    1722 1722 1731 1739 1757 1766 1776 1785 1794 1813 1813 1833 1853
    1853 1873 1883 1883 1883 4190 4241 4241 4241 4241 1766 1766 1757
    1748 1748 1739 1739 1731 1731 1731 1731 1722 1722 1722 1722 1722
    1722 1731 1739 1748 1766 1776 1776 1794 1813 1813 1833 1853 1863
    1873 1883 1883 1883 1883 4190 4139 4139 4139 1766 1766 1766 1757
    1748 1748 1739 1739 1731 1731 1731 1722 1722 1713 1713 1722 1731
    1731 1739 1748 1766 1776 1776 1804 1813 1813 1833 1853 1853 1863
    1883 1883 1883 1883 4190 4139 4139 4139 1766 1766 1766 1757 1757
    1748 1739 1739 1739 1731 1722 1722 1722 1713 1713 1722 1731 1731
    1739 1748 1766 1776 1776 1794 1813 1813 1833 1843 1843 1863 1873
    1883 1883 1883 4241 4190 4190 4190 4139 1766 1766 1766 1757 1748
    1739 1739 1739 1731 1722 1722 1722 1713 1713 1722 1731 1731 1739
    1748 1757 1766 1776 1794 1813 1813 1823 1843 1843 1863 1873 1873
    1883 1883 4241 4190 4139 4139 4139 1766 1766 1766 1757 1757 1748
    1739 1739 1731 1731 1731 1722 1722 1722 1722 1731 1731 1739 1748
    1757 1766 1776 1785 1804 1804 1823 1843 1843 1863 1873 1873 1883
    1883 4241 4190 4139 4139 4139 1776 1776 1766 1757 1757 1748 1748
    1739 1739 1731 1731 1731 1731 1731 1731 1731 1731 1739 1748 1757
    1776 1776 1785 1804 1804 1813 1833 1843 1863 1873 1883 1894 1904
