<?xml version="1.0"?>
<opencv_storage>
<Depth2327 type_id="opencv-matrix">
  <rows>32</rows>
  <cols>49</cols>
  <dt>w</dt>
  <data>
    967 967 967 951 951 951 948 943 943 943 943 943 1090 1090 1090 1087
    1084 1080 1077 1073 1067 1067 1067 1067 856 856 847 843 843 837 831
    827 827 823 819 819 1853 1853 1853 1776 1766 1766 1766 1739 1739
    1731 1722 1713 1705 964 964 964 2184 2170 2170 948 943 943 943 943
    943 1090 1090 1090 1087 1084 1080 1077 1073 1067 1067 1067 1067 1947
    1926 1926 1915 1894 1883 1883 1873 827 825 825 1843 1843 1804 1785
    1776 1776 1776 1766 1757 1739 1739 1731 1713 1705 964 964 964 2184
    2184 2170 2156 2143 2116 2103 2065 2053 1090 1090 1090 1087 1084
    1077 1073 1070 1067 1067 1067 1959 1947 1926 1915 1904 1894 1883
    1883 1873 829 827 827 1843 1833 1804 1785 1776 1766 1766 1748 1748
    1748 1739 1739 1731 1696 959 959 959 2170 2170 2143 2143 2129 2103
    2090 2065 2053 1090 1090 1090 1087 1084 1077 1073 1070 1070 1981
    1959 1936 1926 1915 1904 1894 1883 1883 1873 1863 1863 1853 1843
    1833 1823 1804 1785 1776 1766 1766 1748 1748 1739 1731 1731 1722
    1696 956 956 954 2170 2170 2143 2129 2116 2103 2090 2078 2065 2040
    1094 1094 1087 1087 1993 1077 1077 1981 1970 1936 1926 1926 1915
    1894 1883 1883 1873 1863 1853 1853 1853 1833 1823 1813 1804 1785
    1776 1766 1757 1739 1739 1739 1731 1722 1696 1688 954 954 954 954
    2143 2143 2129 2116 2103 2103 2090 2065 2040 2028 2016 2016 2005
    1993 1993 1981 1970 1959 1926 1926 1915 1904 1894 1883 1863 1853
    1843 1843 1843 1843 1833 1813 1813 1804 1794 1776 1766 1757 1739
    1731 1731 1731 1705 1696 1688 951 954 954 0 2129 2129 2129 2116 2116
    2116 2090 2078 2053 2028 2016 2016 2005 2005 1993 1981 1959 1947
    1926 1926 1915 1904 1894 1883 1863 1853 1843 1843 1843 1833 1833
    1813 1813 1804 1794 1785 1766 1748 1739 1731 1731 1722 1705 1696
    1688 948 948 948 0 2129 2129 2129 2116 2116 2103 2090 2078 2053 2040
    2016 2005 2005 1981 1970 1959 1947 1936 1926 1926 1926 1904 1894
    1873 1863 1853 1843 1843 1833 1823 1823 1813 1813 1804 1794 1766
    1766 1748 1739 1731 1731 1722 1696 1696 1680 946 946 0 2129 2129
    2129 2129 2116 2103 2090 2078 2065 2053 2040 2028 2005 1993 1970
    1959 1936 1936 1936 1926 1926 1926 1883 1863 1863 1863 1853 1843
    1843 1833 1823 1823 1813 1813 1794 1766 1757 1748 1739 1731 1722
    1722 1713 1696 1688 1680 946 946 0 2129 2129 2129 2116 2103 2090
    2065 2065 2065 2040 2028 2016 1993 1970 1959 1947 1936 1926 1926
    1915 1904 1894 1883 1863 1863 1863 1853 1853 1843 1833 1823 1823
    1813 1794 1785 1766 1757 1739 1739 1731 1722 1722 1713 1696 1688
    1671 0 946 0 2129 2129 2129 2116 2078 2078 2065 2053 2053 2040 2028
    2005 1993 1970 1959 1947 1936 1926 1926 1915 1894 1883 1883 1873
    1873 1863 1853 1853 1843 1833 1823 1813 1804 1785 1776 1766 1748
    1739 1739 1731 1722 1722 1713 1696 1680 1671 0 0 0 2116 2116 2103
    2090 2065 2065 2065 2053 2053 2028 2005 1981 1981 1981 1970 1959
    1936 1926 1926 1904 1894 1883 1883 1873 1873 1863 1853 1843 1833
    1823 1813 1804 1794 1776 1766 1757 1748 1739 1739 1739 1731 1722
    1705 1696 1680 1663 943 0 2116 2116 2103 2090 2078 2065 2053 2053
    2040 2028 2016 1993 1981 1981 1970 1959 1959 1936 1926 1904 1904
    1894 1883 1883 1883 1873 1863 1853 1843 1833 1823 1813 1804 1794
    1776 1766 1757 1748 1739 1739 1739 1731 1713 1705 1696 1680 1663 938
    0 2116 2116 2078 2078 2078 2065 2053 2040 2040 2016 2016 1993 1981
    1970 1970 1959 1959 1936 1926 1904 1904 1894 1883 1883 1883 1863
    1853 1843 1843 1823 1813 1804 1804 1794 1776 1757 1748 1748 1739
    1739 1731 1722 1705 1705 1696 1647 1647 0 0 2078 2078 2078 2078 2078
    2053 2040 2028 2016 2016 1993 1993 1981 1970 1970 1959 1947 1936
    1926 1904 1894 1894 1883 1883 1873 1863 1853 1843 1833 1823 1813
    1804 1804 1794 1766 1757 1748 1739 1739 1739 1731 1722 1705 1705
    1696 1639 1639 0 2129 2078 2078 2078 2065 2065 2040 2040 2028 1993
    1993 1993 1981 1981 1970 1959 1959 1947 1936 1926 1904 1894 1883
    1883 1883 1863 1853 1843 1823 1823 1813 1813 1804 1804 1785 1766
    1757 1739 1739 1731 1731 1705 1705 1705 1696 1688 1639 1639 0 2129
    2103 2078 2078 2065 2053 2040 2040 2028 1993 1993 1981 1981 1970
    1970 1959 1947 1936 1926 1915 1894 1894 1883 1883 1883 1863 1853
    1833 1823 1813 1813 1804 1804 1785 1776 1757 1748 1739 1739 1731
    1722 1705 1696 1696 1680 1671 1639 1639 2129 2129 2103 2078 2078
    2065 2040 2040 2040 2028 2016 1993 1981 1970 1970 1970 1959 1947
    1926 1915 1894 1894 1883 1883 1873 1873 1853 1843 1823 1813 1813
    1813 1804 1804 1785 1766 1757 1748 1731 1722 1713 1705 1705 1696
    1696 1680 1671 1639 1639 2116 2116 2103 2078 2078 2065 2040 2040
    2040 2028 2016 1981 1970 1970 1959 1947 1947 1947 1926 1904 1894
    1883 1873 1863 1863 1853 1843 1833 1823 1813 1804 1804 1794 1794
    1776 1766 1757 1739 1722 1713 1705 1705 1696 1696 1696 1671 1671
    1639 1639 2103 2103 2090 2090 2078 2065 2040 2028 2028 2028 2016
    1981 1970 1959 1959 1936 1936 1936 1926 1904 1883 1883 1873 1863
    1853 1853 1843 1823 1813 1813 1804 1785 1785 1785 1776 1757 1748
    1731 1713 1705 1705 1705 1696 1696 1680 1671 1671 1639 1639 2090
    2090 2078 2078 2078 2053 2040 2028 2028 2016 2005 1981 1970 1959
    1959 1936 1936 1926 1926 1904 1883 1873 1863 1853 1853 1843 1843
    1823 1813 1804 1794 1785 1776 1776 1766 1757 1739 1731 1713 1705
    1705 1705 1696 1688 1680 1671 1671 1639 1639 2078 2078 2078 2078
    2078 2053 2040 2028 2016 2005 1993 1970 1959 1959 1959 1936 1936
    1926 1926 1915 1883 1873 1863 1853 1853 1843 1843 1823 1813 1804
    1794 1785 1776 1776 1748 1739 1739 1731 1713 1705 1705 1696 1696
    1680 1671 1663 1663 1639 1639 2065 2065 2078 2078 2065 2053 2028
    2016 2016 2005 1993 1970 1959 1959 1959 1947 1936 1926 1926 1915
    1873 1863 1853 1853 1843 1843 1833 1823 1813 1804 1794 1785 1776
    1748 1739 1739 1731 1722 1705 1696 1696 1696 1688 1680 1671 1663
    1647 1624 1624 2065 2065 2078 2065 2053 2040 2016 2016 2005 2005
    1981 1970 1936 1936 1936 1936 1936 1926 1915 1915 1873 1863 1853
    1853 1843 1833 1833 1823 1813 1794 1785 1776 1766 1739 1739 1739
    1731 1722 1705 1696 1696 1696 1680 1671 1663 1655 1639 1616 1616
    2078 2078 2078 2065 2053 2028 2016 2016 2005 1993 1981 1970 1936
    1936 1936 1936 1926 1915 1904 1904 1863 1853 1843 1843 1843 1833
    1813 1813 1813 1794 1776 1766 1748 1739 1739 1731 1722 1713 1705
    1696 1696 1688 1680 1671 1647 1639 1616 1609 1609 2090 2090 2078
    2078 2053 2028 2016 2016 2005 1993 1970 1970 1947 1936 1926 1926
    1915 1904 1894 1894 1853 1843 1843 1843 1843 1833 1813 1813 1813
    1794 1776 1766 1748 1739 1739 1731 1722 1705 1705 1696 1696 1688
    1680 1671 1647 1639 1616 1609 1609 0 2090 2078 2078 2053 2005 2005
    2005 1993 1981 1970 1947 1936 1936 1926 1915 1915 1904 1894 1894
    1853 1843 1843 1833 1833 1833 1823 1804 1804 1794 1776 1766 1748
    1739 1739 1731 1722 1705 1705 1696 1696 1688 1680 1671 1647 1639
    1616 1609 1609 2053 2053 2053 2065 2053 2005 2005 1993 1981 1970
    1959 1947 1936 1936 1926 1915 1915 1904 1894 1873 1853 1853 1843
    1833 1833 1794 1794 1776 1776 1785 1776 1766 1748 1739 1739 1731
    1722 1713 1705 1696 1696 1688 1671 1663 1647 1639 1609 1601 1601 0
    2053 2040 2040 2040 2005 2005 1993 1981 1970 1959 1947 1936 1936
    1926 1894 1894 1894 1894 1873 1853 1853 1843 1833 1833 1794 1794
    1776 1776 1785 1776 1766 1748 1739 1739 1731 1722 1713 1705 1696
    1688 1680 1671 1663 1639 1632 1609 1601 1601 2065 2053 2040 2040
    2016 2005 1993 1981 1981 1970 1959 1947 1936 1926 1926 1894 1894
    1894 1894 1873 1863 1853 1843 1833 1813 1804 1804 1785 1776 1776
    1776 1766 1748 1739 1739 1731 1722 1705 1705 1696 1688 1680 1663
    1663 1639 1609 1609 1601 1601 2065 2053 2040 2028 2016 2005 1993
    1981 1981 1981 1970 1947 1936 1926 1926 1904 1894 1894 1883 1873
    1853 1853 1843 1823 1813 1804 1804 1794 1776 1776 1776 1766 1748
