<?xml version="1.0"?>
<opencv_storage>
<Depth10524 type_id="opencv-matrix">
  <rows>14</rows>
  <cols>10</cols>
  <dt>w</dt>
  <data>
    4983 4983 4911 4911 4842 4774 4139 4139 4089 4089 4911 4911 4911
    4911 4842 4774 4190 4139 4139 4139 4911 4911 4911 4911 4842 4842
    4842 4190 4190 4139 4911 4911 4911 4911 4842 4842 4842 4842 4190
    4139 4842 4911 4911 4911 4911 4842 4842 4842 4774 4190 4842 4842
    4911 4911 4911 4842 4842 4842 4774 4190 4842 4842 4911 4911 4842
    4842 4842 4842 4842 4842 4842 4911 4842 4842 4842 4842 4842 4842
    4842 4911 4911 4911 4842 4842 4842 4911 4911 4911 4911 4911 4911
    4911 4842 4842 4911 4911 4911 4911 4983 4983 4911 4911 4911 4911
    4911 4911 4911 4911 4911 4911 4911 4911 4911 4911 4911 4911 4911
    4983 4911 4911 3903 4983 4911 4911 4911 4911 4911 4983 4911 4911
    3903 3903 4911 4911 4911 4983 4983 4983 3774 3774</data></Depth10524>
</opencv_storage>
