<?xml version="1.0"?>
<opencv_storage>
<Depth9267 type_id="opencv-matrix">
  <rows>92</rows>
  <cols>52</cols>
  <dt>w</dt>
  <data>
    4241 4241 4241 4241 4241 4241 1376 1376 1370 1370 1376 1376 1376
    1376 1376 4241 4241 4241 4241 4241 4190 4190 4190 4190 4190 4190
    4190 4190 4190 4190 4190 4190 4190 4190 4190 4190 4190 4190 4139
    4139 4139 4139 4139 4139 4139 4139 4089 4089 4041 4041 4089 4089
    4295 4295 0 0 1376 1376 1370 1370 1370 1370 1370 1376 1376 1370 1370
    1370 1376 1376 1376 1376 1376 1376 4190 4190 4190 1338 1338 4190
    4190 4190 4190 4190 4190 4190 4190 4190 4190 4190 4139 4139 4139
    4139 4139 4139 4139 4089 4089 4089 4041 4041 4089 4089 4295 4295 0 0
    0 1376 1370 1370 1370 1370 1370 1370 1370 1370 1370 1370 1370 1376
    1376 1370 1370 1365 1359 1359 1359 1338 1338 1338 4190 1376 1370
    1370 1376 1370 1370 4190 4190 4190 4139 4139 4139 4139 4139 4139
    4139 4089 4089 4139 4139 4139 4089 4089 4295 4295 0 0 1376 1376 1370
    1370 1370 1370 1370 1370 1370 1370 1370 1370 1370 1370 1370 1370
    1370 1359 1359 1359 1359 1349 1349 1359 1365 1365 1370 1370 1370
    1365 1365 1365 1359 1359 1365 1349 1349 1354 1370 4139 4139 4139
    4190 4190 4190 1376 4139 4139 0 4241 0 0 0 1376 1370 1370 1370 1370
    1370 1370 1370 1365 1365 1365 1365 1370 1370 1370 1365 1359 1359
    1359 1359 1359 1359 1359 1365 1365 1365 1365 1365 1365 1359 1359
    1359 1359 1365 1349 1349 1354 1365 1365 1365 1365 1370 1370 1376
    1376 1365 4139 0 0 0 0 0 1376 1376 1370 1370 1370 1370 1370 1370
    1365 1365 1365 1365 1370 1370 1370 1365 1359 1359 1359 1359 1359
    1359 1359 1365 1359 1359 1365 1365 1365 1359 1359 1359 1359 1359
    1359 1359 1359 1359 1365 1365 1365 1365 1365 1365 1365 1365 1365 0 0
    0 1381 0 1376 1370 1370 1370 1370 1370 1370 1370 1365 1365 1365 1365
    1370 1370 1370 1365 1359 1359 1359 1359 1359 1359 1359 1359 1359
    1359 1365 1365 1365 1365 1365 1359 1359 1359 1359 1359 1359 1359
    1365 1359 1359 1359 1365 1365 1365 1359 1359 0 0 0 1381 1381 1376
    1370 1370 1370 1370 1370 1370 1370 1365 1365 1365 1365 1365 1365
    1365 1365 1359 1359 1359 1359 1359 1359 1359 1359 1359 1359 1365
    1365 1365 1365 1365 1365 1359 1359 1359 1359 1359 1359 1354 1354
    1359 1359 1359 1365 1365 1359 1359 0 0 0 1387 1376 1370 1370 1370
    1370 1370 1370 1370 1370 1365 1365 1365 1365 1365 1365 1365 1365
    1365 1365 1365 1365 1365 1365 1359 1359 1359 1359 1365 1365 1365
    1365 1365 1365 1359 1359 1359 1359 1365 1365 1354 1354 1359 1359
    1359 1365 1365 1365 1365 0 0 0 1387 1376 1370 1370 1370 1370 1370
    1370 1370 1370 1365 1365 1365 1365 1370 1370 1370 1365 1365 1365
    1365 1365 1365 1365 1365 1359 1359 1365 1365 1359 1359 1365 1365
    1365 1365 1365 1365 1365 1365 1365 1365 1359 1359 1359 1365 1365
    1365 1365 1365 0 0 1387 1387 1376 1370 1370 1370 1370 1370 1370 1370
    1370 1365 1365 1370 1370 1370 1370 1370 1365 1365 1370 1365 1365
    1365 1365 1365 1365 1365 1359 1359 1359 1359 1365 1365 1365 1365
    1365 1365 1365 1365 1365 1365 1359 1359 1359 1365 1365 1365 1359
    1359 4295 0 1370 1370 1370 1370 1370 1370 1370 1370 1370 1370 1370
    1370 1370 1370 1370 1370 1370 1365 1365 1365 1365 1365 1365 1365
    1365 1365 1365 1365 1359 1359 1359 1359 1359 1365 1365 1365 1365
    1365 1365 1365 1365 1365 1359 1359 1359 1365 1365 1365 1359 1359
    4295 0 0 1370 1370 1370 1370 1370 1370 1370 1370 1370 1370 1370 1370
    1370 1370 1370 1370 1365 1365 1365 1365 1365 1365 1365 1365 1365
    1365 1365 1359 1359 1359 1359 1359 1365 1365 1365 1365 1365 1365
    1365 1365 1365 1365 1359 1359 1365 1359 1359 1359 1359 4295 4349 0
    1370 1370 1370 1370 1370 1370 1370 1370 1370 1370 1370 1370 1370
    1370 1370 1370 1365 1365 1365 1365 1365 1365 1370 1365 1365 1365
    1365 1359 1359 1359 1359 1365 1365 1365 1365 1365 1365 1359 1359
    1359 1359 1359 1359 1359 1365 1359 1359 1359 1359 4349 4349 0 1376
    1370 1370 1370 1370 1370 1370 1365 1365 1365 1370 1370 1370 1370
    1370 1370 1365 1365 1365 1365 1365 1365 1365 1365 1365 1365 1365
    1365 1365 1365 1365 1365 1365 1365 1365 1365 1365 1359 1359 1359
    1359 1359 1359 1359 1365 1365 1365 1359 1359 4349 0 0 1370 1370 1370
    1370 1370 1370 1370 1365 1365 1365 1370 1370 1370 1370 1370 1370
    1365 1365 1370 1365 1365 1365 1365 1365 1365 1365 1365 1365 1365
    1365 1365 1365 1365 1365 1365 1365 1365 1365 1365 1365 1365 1365
    1365 1365 1365 1365 1359 1359 1359 4295 0 0 1370 1370 1370 1370 1370
    1370 1370 1370 1370 1370 1370 1370 1370 1365 1365 1370 1370 1365
    1365 1365 1365 1365 1365 1365 1365 1365 1365 1365 1359 1359 1365
    1365 1365 1365 1365 1365 1365 1365 1365 1365 1365 1365 1365 1365
    1365 1365 1359 1359 1359 0 0 0 1376 1370 1370 1370 1370 1370 1370
    1370 1370 1370 1370 1370 1365 1365 1365 1370 1370 1365 1365 1359
    1359 1365 1365 1365 1365 1365 1365 1365 1359 1359 1365 1365 1365
    1365 1365 1365 1365 1365 1365 1365 1365 1365 1365 1365 1359 1359
    1359 1359 1359 0 0 1376 1376 1370 1370 1370 1370 1370 1370 1370 1370
    1365 1365 1365 1365 1365 1365 1365 1365 1365 1365 1359 1359 1365
    1365 1365 1365 1365 1365 1359 1359 1365 1365 1365 1365 1365 1365
    1365 1365 1365 1365 1365 1365 1359 1359 1365 1359 1359 1359 1359
    1359 0 0 1376 1376 1370 1370 1370 1370 1370 1370 1370 1365 1365 1365
    1365 1365 1365 1365 1365 1365 1370 1365 1365 1365 1365 1365 1365
    1365 1365 1365 1359 1359 1365 1365 1365 1365 1365 1365 1365 1365
    1365 1365 1365 1359 1359 1359 1365 1359 1359 1359 1359 1359 0 0 0
    1376 1370 1370 1370 1370 1370 1370 1370 1365 1365 1365 1365 1365
    1365 1365 1365 1365 1370 1365 1365 1365 1365 1365 1365 1365 1365
    1365 1365 1365 1365 1365 1359 1359 1365 1365 1359 1359 1365 1365
    1365 1359 1359 1359 1365 1365 1365 1370 1370 1370 0 0 0 1376 1370
    1370 1370 1370 1370 1370 1370 1370 1365 1365 1365 1365 1365 1365
    1365 1365 1365 1365 1365 1370 1370 1370 1365 1365 1365 1365 1365
    1365 1365 1365 1359 1359 1359 1359 1359 1359 1365 1365 1365 1359
    1359 1359 1365 1365 1365 1376 1376 1359 0 0 0 1370 1370 1370 1370
    1370 1370 1370 1370 1370 1365 1365 1365 1370 1370 1370 1365 1365
    1365 1365 1365 1370 1370 1370 1365 1365 1365 1365 1365 1365 1365
    1365 1359 1359 1359 1359 1359 1359 1359 1365 1365 1359 1359 1359
    1365 1365 1365 1359 1359 1359 0 0 0 1370 1370 1370 1370 1370 1370
    1370 1370 1370 1365 1365 1365 1370 1370 1370 1365 1365 1365 1365
    1370 1370 1370 1370 1365 1365 1365 1365 1365 1365 1365 1365 1359
    1359 1359 1359 1359 1359 1359 1365 1365 1365 1359 1359 1365 1365
    1365 1359 1359 1359 0 0 0 1376 1370 1370 1370 1370 1370 1370 1370
    1370 1365 1365 1370 1370 1370 1370 1365 1365 1365 1365 1370 1370
    1370 1365 1365 1365 1365 1365 1365 1365 1365 1365 1359 1359 1359
    1359 1354 1354 1359 1359 1365 1365 1365 1365 1370 1370 1365 1359
    1359 1359 0 0 0 1376 1370 1370 1370 1370 1370 1370 1370 1370 1365
    1365 1365 1365 1370 1370 1370 1365 1365 1370 1370 1370 1370 1365
    1365 1365 1365 1365 1365 1365 1365 1365 1365 1359 1359 1359 1354
    1354 1359 1359 1365 1365 1365 1365 1370 1370 1365 1359 1359 1359 0 0
    0 1376 1376 1376 1370 1370 1370 1370 1370 1370 1370 1365 1365 1365
    1370 1370 1370 1370 1370 1370 1370 1370 1370 1365 1365 1365 1365
    1365 1365 1365 1365 1365 1365 1359 1359 1359 1354 1354 1359 1359
    1365 1365 1365 1365 1370 1370 1365 1365 1365 1365 0 0 0 1376 1376
    1376 1370 1370 1370 1370 1370 1370 1370 1370 1370 1370 1370 1370
    1370 1370 1370 1370 1370 1370 1370 1365 1365 1365 1365 1365 1365
    1365 1365 1365 1365 1359 1359 1359 1359 1359 1359 1359 1365 1365
    1365 1365 1365 1365 1365 1365 1365 0 0 0 0 1376 1376 1376 1370 1370
    1370 1370 1370 1370 1370 1370 1365 1365 1365 1365 1370 1370 1370
    1370 1370 1370 1370 1365 1365 1365 1365 1365 1365 1365 1365 1365
    1365 1359 1359 1359 1359 1359 1365 1365 1365 1365 1359 1359 1359
    1359 1365 1365 1365 0 0 0 1381 1376 1376 1370 1370 1370 1370 1370
