<?xml version="1.0"?>
<opencv_storage>
<Depth7970 type_id="opencv-matrix">
  <rows>24</rows>
  <cols>30</cols>
  <dt>w</dt>
  <data>
    6497 6497 6497 4405 4405 4405 4463 6375 6375 6497 6497 6497 6497
    6497 6497 6497 6375 6375 6375 6375 6375 6375 6375 6259 6259 6259
    6259 6375 6375 6375 6497 6497 6497 4349 4295 4295 4295 4295 6375
    6375 6375 6497 6497 6497 6497 6497 6375 6375 6375 6375 6375 6375
    6375 6259 6259 6259 6259 6375 6259 6259 6375 6375 6375 4295 4295
    4295 4295 4295 4349 4349 6375 6497 6497 6497 6497 6497 6497 6497
    6375 6375 6375 6375 6375 6375 6375 6259 6259 6375 6259 6259 6375
    6375 4241 4241 4241 4241 4295 4295 4295 4295 4295 4349 6497 6497
    6497 6497 6497 6497 6497 6375 6375 6375 6375 6375 6375 6375 6375
    6375 6259 6259 6375 6375 4241 4241 4241 4241 4241 4241 4295 4295
    4295 4295 4295 6497 6375 6375 6497 6497 6497 6497 6497 6497 6375
    6375 6375 6375 6375 6375 6259 6259 6375 4241 4241 4241 4241 4241
    4241 4241 4241 4241 4241 4241 4295 6497 6375 6375 6497 6497 6497
    6497 6497 6497 6375 6375 6375 6375 6375 6375 6259 6259 4190 4190
    4241 4241 4241 4190 4190 4241 4241 4241 4241 4241 4241 4295 4295
    4349 4349 6375 6497 6497 6497 6375 6375 6375 6375 6375 6375 6375
    6259 6259 4190 4190 4190 4241 4241 4190 4190 4241 4241 4241 4190
    4190 4190 4241 4241 4295 4295 4295 6497 6497 6497 6375 6375 6375
    6375 6259 6259 6259 6259 6259 4190 4190 4190 4241 4241 4190 4190
    4190 4190 4190 4190 4190 4190 4190 4190 4241 4241 4295 4295 6497
    6497 6375 6375 6375 6375 6259 6259 6259 6259 6259 4139 4139 4190
    4241 4241 4241 4190 4190 4190 4190 4190 4190 4190 4190 4190 4190
    4190 4190 4190 4241 6497 6375 6375 6375 6375 6375 6259 6259 6259
    6259 4139 4139 4190 4241 4241 4241 4241 4190 4190 4190 4190 4190
    4190 4190 4190 4139 4139 4139 4139 4190 4190 4190 6375 6375 6375
    6259 6259 6259 6259 6259 6375 6259 6259 4241 4241 4241 4241 4190
    4190 4190 4190 4190 4190 4139 4139 4139 4139 4139 4139 4190 4190
    4190 6375 6375 6259 6259 6259 6259 6259 6259 6375 6259 6259 4241
    4241 4241 4241 4190 4190 4190 4190 4190 4190 4139 4139 4139 4139
    4139 4139 4139 4139 4190 4241 6375 6259 6146 6146 6146 6146 6146
    6375 6375 6375 6375 6497 4295 4190 4139 4139 4139 4190 4190 4139
    4139 4139 4139 4139 4139 4139 4089 4089 4190 4139 4139 6146 6038
    6038 6146 6146 6146 6375 6375 6375 6375 6497 6497 4190 4139 4139
    4139 4190 4190 4139 4139 4139 4139 4139 4089 4089 4089 4089 4139
    4139 4139 4089 4089 6038 6038 5933 5933 6375 6375 6375 6375 6497
    6497 6497 6497 4190 4190 4190 4190 4139 4139 4139 4139 4139 4089
    4089 4089 4089 4139 4190 4139 4089 4089 4089 5832 5832 5933 6375
    6375 6375 6375 6497 6497 6497 6497 6497 4190 4190 4241 4190 4139
    4139 4139 4139 4139 4089 4089 4089 4139 4190 4089 4089 4041 4041
    5734 5734 5933 6375 6375 6375 6375 6497 6497 6497 6497 6497 6497
    6497 4241 4190 4190 4089 4089 4139 4139 4139 4139 4139 4139 4139
    4089 4089 4041 4041 4089 4139 5933 6375 6375 6375 6375 6497 6497
    6497 6497 6497 6497 6497 6497 4241 4190 4089 4089 4139 4139 4139
    4139 4139 4139 4139 4089 4089 4089 4089 4089 4089 5933 6375 6375
    6375 6375 6497 6497 6497 6497 6497 6497 6497 6497 6497 6259 4139
    4139 4089 4089 4089 4089 4089 4139 4139 4190 4190 4089 4089 4089
    4041 4041 6375 6375 6375 6375 6497 6497 6497 6497 6375 6375 6375
    6375 6375 6375 6259 4139 4089 4089 4089 4089 4089 4089 4089 4089
    4089 4139 4089 4089 4041 4041 6375 6375 6375 6375 6497 6497 6497
    6497 6375 6375 6375 6375 6375 6375 6375 6375 6259 6146 6146 6146
    4139 4041 4041 4089 4089 4139 4089 4089 4139 4089 6375 6375 6375
    6375 6497 6497 6497 6497 6375 6375 6375 6375 6375 6375 6259 6259
    6259 6259 6259 6146 6146 4041 4041 4089 4089 4089 4089 4089 4139
    4139 6375 6375 6375 6375 6497 6497 6497 6497 6375 6375 6375 6375
    6375 6259 6259 6259 6259 6259 6259 6259 6146 6146 4089 4089 4089
    4089 4089 4089 4089 6259</data></Depth7970>
</opencv_storage>
