<?xml version="1.0"?>
<opencv_storage>
<Depth18572 type_id="opencv-matrix">
  <rows>39</rows>
  <cols>98</cols>
  <dt>w</dt>
  <data>
    1004 1004 1004 1004 1004 1004 1004 1004 1004 1004 1004 1001 1001 998
    998 1001 1001 1001 1001 1001 1001 1001 1001 1001 1004 1001 1001 1001
    1001 1001 1001 1001 1001 1001 1001 1001 998 998 998 998 998 1001
    1001 1001 1001 1004 1001 1001 1001 1001 1001 1001 998 998 998 998
    998 998 998 998 998 998 995 995 995 995 1001 998 998 995 995 995 995
    998 998 998 995 995 995 995 995 998 998 998 998 998 998 995 995 995
    995 998 995 995 995 995 998 998 1007 1007 1010 1007 1007 1010 1010
    1007 1007 1007 1007 1004 1004 1004 1004 1004 1004 1004 1004 1007
    1007 1007 1004 1004 1004 1004 1004 1004 1004 1007 1004 1004 1004
    1004 1004 1004 1001 1001 1001 998 998 1001 1001 1001 1001 1004 1001
    1001 1001 1001 1001 1001 998 998 998 998 998 998 998 998 998 998 995
    995 995 995 1001 998 998 995 995 995 995 998 998 998 995 995 995 995
    995 998 998 998 998 998 998 995 995 995 995 998 995 995 995 995 998
    998 1016 1013 1013 1013 1013 1010 1010 1013 1013 1013 1010 1010 1010
    1010 1010 1010 1010 1010 1010 1013 1013 1010 1010 1010 1010 1010
    1010 1010 1010 1010 1010 1007 1007 1007 1007 1007 1004 1004 1004
    1004 1004 1007 1007 1007 1007 1007 1007 1007 1004 1004 1004 1004
    1001 1001 1001 1001 1001 1004 1004 1004 1004 1004 1001 1001 1001
    1004 1004 1004 1004 1001 1001 1001 1001 1004 1004 1001 1001 998 998
    998 998 1001 1001 1001 1001 1001 1001 1001 1001 998 998 1001 998 998
    1001 1001 1004 1004 0 1016 1016 1016 1016 1016 1016 1016 1016 1016
    1016 1016 1016 1016 1016 1016 1016 1013 1013 1016 1016 1016 1013
    1013 1013 1013 1013 1013 1013 1013 1013 1013 1010 1010 1010 1010
    1007 1007 1007 1007 1007 1010 1010 1010 1013 1013 1013 1013 1013
    1013 1010 1007 1007 1007 1007 1007 1007 1007 1007 1007 1007 1007
    1007 1007 1007 1007 1007 1007 1007 1004 1004 1004 1007 1007 1007
    1007 1004 1004 1004 1004 1004 1004 1004 1004 1007 1007 1007 1004
    1004 1004 1004 1007 1004 1004 1004 1004 1007 1004 0 1022 1019 1019
    1019 1019 1019 1022 1022 1022 1019 1019 1019 1019 1019 1019 1019
    1019 1019 1019 1019 1019 1019 1019 1016 1016 1016 1016 1013 1013
    1013 1013 1013 1013 1013 1013 1013 1013 1013 1013 1013 1016 1016
    1016 1016 1016 1016 1016 1016 1016 1016 1013 1013 1016 1016 1016
    1010 1010 1010 1010 1010 1010 1010 1007 1007 1007 1007 1007 1010
    1010 1010 1010 1013 1010 1010 1010 1010 1010 1010 1010 1010 1007
    1007 1007 1010 1010 1010 1010 1010 1007 1007 1007 1007 1007 1007
    1007 1007 1004 0 0 1022 1019 1019 1022 1022 1025 1025 1025 1025 1025
    1025 1025 1025 1025 1025 1022 1022 1022 1022 1022 1022 1022 1022
    1022 1022 1019 1019 1016 1016 1016 1016 1016 1016 1016 1019 1019
    1019 1016 1016 1019 1019 1019 1022 1022 1022 1022 1019 1019 1019
    1016 1016 1019 1019 1019 1016 1016 1019 1019 1019 1019 1016 1013
    1013 1010 1010 1013 1013 1013 1016 1016 1016 1013 1013 1013 1013
    1016 1016 1013 1013 1013 1013 1013 1013 1013 1013 1013 1013 1013
    1013 1013 1013 1013 1010 1010 1010 1007 0 0 1025 1025 1025 1025 1025
    1028 1031 1031 1028 1028 1028 1028 1028 1028 1028 1028 1028 1028
    1025 1025 1025 1025 1025 1028 1028 1025 1025 1022 1022 1019 1019
    1019 1022 1025 1022 1022 1022 1022 1022 1022 1022 1025 1025 1025
    1025 1025 1022 1022 1022 1022 1022 1022 1022 1022 1022 1022 1025
    1022 1022 1022 1022 1022 1022 1022 1019 1019 1019 1019 1019 1019
    1019 1019 1019 1016 1016 1016 1016 1016 1016 1013 1013 1016 1016
    1016 1019 1019 1019 1016 1016 1016 1016 1016 1016 1016 1013 1013 0 0
    0 1028 1028 1028 1031 1034 1034 1034 1034 1031 1031 1028 1028 1028
    1028 1031 1031 1028 1028 1028 1028 1028 1028 1031 1031 1028 1028
    1028 1025 1025 1025 1028 1028 1028 1028 1025 1025 1025 1025 1028
    1028 1028 1028 1028 1031 1028 1028 1025 1025 1025 1028 1028 1028
    1028 1028 1028 1028 1028 1028 1025 1025 1028 1025 1025 1025 1025
    1025 1025 1025 1025 1025 1022 1022 1022 1019 1019 1016 1016 1016
    1019 1019 1019 1022 1022 1022 1022 1019 1019 1016 1016 1016 1016
    1019 1019 1019 1019 0 0 0 1038 1038 1038 1038 1038 1038 1038 1038
    1038 1038 1038 1038 1034 1034 1034 1034 1034 1034 1034 1034 1034
    1034 1034 1034 1031 1031 1031 1028 1028 1031 1031 1034 1034 1034
    1028 1028 1028 1028 1031 1031 1031 1031 1031 1034 1031 1031 1031
    1031 1031 1034 1034 1031 1031 1031 1031 1031 1031 1031 1031 1031
    1031 1031 1028 1028 1028 1028 1028 1028 1028 1028 1028 1028 1028
    1028 1028 1028 1028 1022 1022 1022 1022 1028 1025 1025 1025 1022
    1022 1019 1019 1019 1022 1022 1022 1022 1022 0 0 0 1044 1041 1041
    1041 1038 1038 1041 1038 1038 1041 1041 1041 1038 1038 1041 1041
    1038 1038 1038 1038 1038 1038 1038 1038 1038 1038 1034 1034 1034
    1034 1034 1034 1034 1034 1034 1034 1031 1031 1034 1038 1038 1038
    1038 1038 1038 1034 1034 1034 1034 1038 1038 1034 1034 1034 1034
    1034 1034 1034 1034 1038 1038 1038 1034 1034 1034 1034 1034 1034
    1034 1034 1031 1031 1031 1031 1031 1031 1031 1031 1031 1028 1028
    1031 1031 1031 1028 1025 1025 1025 1025 1025 1025 1025 1025 1022
    1022 0 0 1067 1067 1047 1047 1044 1044 1044 1044 1044 1044 1044 1041
    1041 1041 1041 1041 1041 1041 1041 1041 1041 1041 1041 1044 1041
    1041 1041 1041 1041 1038 1038 1038 1038 1038 1038 1041 1038 1038
    1038 1038 1038 1041 1041 1041 1041 1038 1038 1038 1038 1038 1041
    1041 1041 1041 1041 1041 1041 1041 1041 1041 1041 1041 1041 1038
    1038 1041 1038 1038 1038 1038 1034 1034 1038 1034 1034 1031 1031
    1034 1034 1038 1034 1034 1034 1034 1034 1034 1034 1034 1034 1031
    1031 1031 1031 1031 1028 1028 1067 1067 1067 1067 1054 1050 1050
    1047 1047 1047 1047 1047 1047 1044 1044 1044 1044 1047 1047 1047
    1044 1044 1044 1044 1044 1047 1047 1047 1047 1044 1044 1044 1044
    1044 1047 1047 1047 1044 1044 1041 1041 1044 1044 1044 1044 1044
    1044 1041 1041 1041 1041 1041 1041 1041 1044 1044 1044 1044 1041
    1041 1041 1044 1041 1041 1044 1041 1041 1041 1041 1041 1041 1041
    1038 1038 1038 1038 1038 1038 1038 1041 1041 1041 1041 1044 1044
    1044 1041 1041 1038 1038 1034 1034 1041 1041 1041 1041 1041 1044
    1067 1067 1067 1067 1063 1057 1057 1054 1054 1054 1054 1050 1050
    1050 1050 1050 1050 1050 1050 1050 1047 1047 1047 1047 1050 1050
    1050 1050 1050 1050 1050 1047 1047 1050 1054 1054 1050 1050 1050
    1047 1047 1050 1047 1047 1047 1050 1050 1050 1047 1047 1044 1044
    1044 1044 1047 1047 1047 1047 1047 1044 1044 1044 1044 1044 1047
    1047 1047 1044 1044 1044 1044 1044 1044 1044 1044 1041 1041 1041
    1041 1041 1044 1044 1044 1044 1047 1047 1047 1044 1044 1044 1044
    1044 1047 1047 1047 1047 1044 1044 1073 1073 1077 1063 1063 1060
    1060 1057 1057 1057 1057 1054 1054 1054 1054 1054 1054 1054 1054
    1054 1050 1050 1050 1050 1054 1054 1057 1057 1057 1054 1054 1054
    1054 1057 1057 1054 1054 1050 1050 1050 1050 1054 1054 1054 1054
    1054 1054 1054 1054 1054 1050 1050 1050 1050 1050 1050 1050 1050
    1050 1047 1047 1047 1047 1050 1050 1050 1050 1047 1047 1047 1047
    1050 1047 1047 1047 1047 1047 1047 1047 1047 1047 1047 1047 1047
    1050 1054 1050 1050 1047 1047 1047 1047 1047 1047 1047 1047 1047
    1047 1084 1084 0 1063 1063 1063 1063 1063 1063 1063 1060 1057 1057
    1057 1057 1057 1057 1060 1060 1060 1057 1057 1057 1057 1060 1060
    1060 1060 1060 1060 1057 1057 1057 1057 1057 1057 1054 1054 1054
    1054 1054 1057 1057 1057 1057 1057 1057 1057 1054 1054 1054 1054
    1054 1054 1057 1057 1054 1054 1054 1054 1054 1054 1054 1054 1054
    1054 1054 1054 1054 1054 1054 1054 1054 1054 1054 1050 1050 1050
    1050 1050 1050 1050 1050 1050 1057 1054 1054 1054 1054 1054 1050
    1050 1054 1050 1050 1050 1050 1050 0 0 0 1063 1063 1063 1067 1067
    1067 1067 1067 1063 1063 1060 1060 1063 1063 1063 1067 1063 1063
    1063 1063 1063 1063 1063 1067 1067 1063 1063 1063 1063 1063 1063
