<?xml version="1.0"?>
<opencv_storage>
<Depth3943 type_id="opencv-matrix">
  <rows>156</rows>
  <cols>90</cols>
  <dt>w</dt>
  <data>
    6375 6375 6497 6497 6375 6375 6375 6375 6622 6497 6497 6497 6497
    6497 6497 6497 6622 6622 6622 6497 6497 6497 6622 6622 6622 6622
    6753 6753 6753 6753 6753 6622 6622 6622 6622 6753 6753 6753 6753
    6753 6753 6889 6889 6889 6889 6889 6889 6889 6889 6889 6889 614 613
    613 613 613 613 613 613 613 613 7030 7030 7030 7030 610 610 7030
    7030 7030 7030 7030 7030 7030 7030 7030 7030 7030 7030 7030 7030
    7030 7030 7030 7030 7030 6889 6889 6889 6889 6259 6375 6375 6497
    6375 6375 6375 6375 6622 6497 6497 6497 6497 6497 6497 6497 6622
    6622 6622 6497 6497 6497 6622 6622 6753 6753 6753 6753 6753 6753
    6753 6622 6622 6622 6622 6753 6753 6753 6753 6753 6753 6889 6889
    6889 6889 6889 6889 6889 6889 6889 6889 614 614 613 613 613 613 613
    613 612 612 612 613 610 610 610 612 0 613 7030 7030 7030 7030 7030
    7030 7030 7030 6889 6889 7030 7030 7030 7030 7178 7178 7030 7030
    7030 7030 7030 6259 6375 6375 6375 6375 6375 6375 6375 6497 6497
    6497 6622 6497 6497 6622 6622 6622 6622 6622 6497 6497 6497 6622
    6622 6753 6753 6753 6753 6753 6753 6753 6622 6622 0 0 0 6889 6889
    6753 6753 6753 6889 6889 6889 6889 6889 6889 6889 6889 6889 614 614
    614 613 613 613 613 613 613 612 612 612 612 610 610 612 612 613 613
    613 0 612 612 7030 7030 7030 7030 6889 6889 7030 7030 7030 7030 7178
    7178 7178 7030 7030 7030 7030 6259 6375 6375 6375 6375 6375 6375
    6375 6497 6497 6497 6622 6622 6622 6622 6622 6622 6622 6622 6497
    6497 6497 6622 6622 6753 6753 6753 6753 6753 6753 6753 6622 6622 0 0
    0 0 0 0 6753 6753 6753 6753 6889 6889 6889 6889 6889 6889 6889 614
    614 614 613 613 613 613 613 613 612 612 612 612 612 612 612 613 613
    613 613 612 612 0 0 7332 7332 7332 7030 7030 7030 7030 7030 7178
    7178 7030 7030 7030 7030 7030 7030 6375 6375 6375 6375 6375 6375
    6375 6375 6497 6497 6622 6622 6622 6622 6622 6622 6622 6622 6622
    6622 6622 6622 6622 6622 6753 6753 6753 6753 6753 6753 6753 6753
    6753 0 0 0 0 0 0 0 0 6753 6753 6889 6889 7030 6889 6889 6889 614 614
    614 614 613 613 613 613 613 613 613 613 612 612 612 612 613 613 613
    612 612 612 612 612 612 612 611 612 0 7332 7332 7178 7178 7178 7178
    7030 7030 7030 7030 7030 7030 6375 6375 6375 6375 6375 6375 6375
    6375 6497 6497 6622 6753 6753 6622 6622 6622 6622 6622 6622 6622
    6622 6622 6622 6753 6753 6753 6753 6753 6753 6753 6753 6753 6753 0 0
    0 0 0 0 0 0 0 0 0 0 0 6889 613 613 613 614 614 614 614 613 613 613
    613 613 613 613 612 612 612 612 613 613 612 612 612 612 612 612 612
    612 611 612 612 0 0 7178 7178 7178 7178 7030 7030 6889 6889 6889
    6889 6375 6375 6375 6375 6497 6375 6375 6375 6497 6622 6622 6753
    6753 6622 6622 6622 6622 6622 6622 6622 6622 6622 6622 6753 6753
    6753 6753 6622 6622 6622 6622 6622 6889 0 0 0 0 0 0 0 0 0 0 0 0 0
    612 612 613 613 614 615 614 613 613 613 613 613 613 613 613 613 613
    613 613 613 613 612 612 612 612 612 612 612 611 611 612 612 0 612
    611 0 0 7030 7030 7030 6889 6889 6889 6889 6375 6259 6259 6375 6375
    6497 6375 6375 6622 6622 6622 6622 6753 6622 6622 6622 6622 6622
    6753 6753 6622 6622 6622 6753 6753 6753 6622 6497 6497 6497 6497
    6497 0 0 0 0 0 0 0 0 0 0 0 0 0 0 612 612 613 614 614 614 614 613 613
    613 613 613 613 613 613 612 612 612 612 612 612 613 613 613 612 612
    612 612 611 611 611 611 612 612 611 611 0 0 0 6889 0 6889 6889 6889
    6375 6259 6259 6375 6375 6497 6497 6497 6622 6622 6622 6622 6622
    6622 6622 6622 6622 6622 6753 6753 6753 6753 6753 6753 6753 6753
    6622 6497 6497 6497 6497 6497 0 0 0 0 0 0 0 0 0 0 0 0 0 0 614 614
    615 614 614 614 613 613 613 613 613 613 613 613 613 612 612 612 612
    612 612 613 613 613 613 613 613 612 612 612 611 611 611 611 611 611
    0 0 0 0 0 0 6889 6889 6375 6259 6259 6375 6375 6497 6497 6497 6622
    6622 6622 6622 6622 6622 6622 6622 6622 6622 6753 6753 6753 6753
    6753 6753 6753 6753 6753 6622 6622 6497 6497 6497 0 0 0 0 0 0 0 0 0
    0 0 0 0 0 614 614 615 614 614 614 613 613 613 613 613 613 613 613
    613 613 612 612 612 612 612 613 613 613 613 613 612 612 612 612 612
    612 611 611 611 611 0 611 0 0 0 612 0 0 6375 6375 6375 6375 6375
    6375 6375 6497 6622 6622 6622 6622 6622 6622 6622 6622 6622 6753
    6753 6753 6753 6753 6753 6753 6753 6753 6753 6753 6622 6622 6497
    6497 0 0 0 0 0 0 0 0 0 0 0 0 0 0 615 615 615 614 614 614 613 613 613
    613 613 613 613 613 613 613 612 612 612 612 612 613 613 613 613 613
    612 612 612 612 612 612 611 611 611 611 611 611 0 0 0 0 0 0 6375
    6375 6375 6375 6375 6375 6375 6497 6497 6622 6622 6622 6622 6622
    6753 6753 6753 6753 6753 6753 6753 6753 6622 6622 6753 6753 6889
    6753 6753 6622 6622 6622 0 0 0 0 0 0 0 0 0 0 0 0 0 0 615 615 615 614
    614 614 613 613 613 613 613 613 612 612 613 613 613 613 612 612 612
    613 613 613 612 612 612 612 612 612 612 612 611 611 611 611 611 611
    611 612 0 0 0 0 6375 6375 6375 6375 6375 6375 6375 6497 6497 6622
    6622 6622 6622 6622 6753 6753 6753 6753 6622 6622 6753 6753 6622
    6622 6753 6753 6889 6753 6753 6753 6753 0 0 0 0 0 0 0 0 0 0 0 0 0 0
    614 614 614 615 614 614 614 614 613 613 613 613 613 612 612 613 613
    613 613 613 612 612 612 612 612 612 612 612 612 612 611 611 612 611
    611 611 611 611 611 611 611 611 611 0 0 6497 6497 6497 6375 6375
    6497 6497 6497 6622 6622 6622 6622 6622 6622 6753 6753 6753 6753
    6622 6622 6753 6753 6753 6753 6753 6753 6753 6753 6753 6753 0 0 0 0
    0 0 0 0 0 0 0 0 0 0 0 614 614 614 615 615 614 614 614 614 614 614
    613 613 613 613 613 613 613 612 612 612 612 612 612 612 612 612 612
    612 612 611 611 611 611 611 610 610 611 611 611 611 611 611 611 611
    6497 6497 6375 6375 6375 6497 6497 6497 6622 6622 6622 6622 6622
    6622 6622 6622 6622 6753 6753 6753 6753 6753 6753 6753 6753 6753
    6753 6622 6622 6753 0 0 0 0 0 0 0 0 0 0 0 0 0 0 0 616 616 615 615
    615 614 614 614 614 614 614 613 613 613 613 613 613 613 612 612 612
    612 612 612 612 612 612 612 612 612 611 611 611 611 611 610 610 611
    611 611 611 611 611 611 611 6375 6497 6375 6375 6375 6497 6497 6622
    6753 6622 6622 6622 6622 6622 6622 6622 6622 6753 6753 6753 6753
    6753 6753 6753 6753 6622 6622 6375 6375 0 0 0 0 0 0 0 0 0 0 0 0 0 0
    0 618 616 616 615 615 615 614 614 614 614 614 613 613 613 613 613
    613 613 613 612 612 612 612 612 612 612 611 611 612 612 612 611 611
    611 611 611 610 610 611 611 611 612 612 611 610 610 6375 6497 6375
    6375 6375 6497 6497 6497 6753 6753 6622 6622 6622 6622 6622 6622
    6622 6622 6753 6753 6753 6889 6753 6753 6753 6622 6622 6375 6375 0 0
    0 0 0 0 0 0 0 0 0 0 0 0 0 615 615 615 615 615 615 614 614 613 613
    613 613 613 613 613 613 613 613 613 612 612 612 612 612 612 612 611
    611 612 612 612 612 612 612 611 611 610 610 611 611 611 612 612 611
    610 610 6375 6497 6497 6497 6375 6375 6497 6497 6622 6753 6753 6753
    6622 6622 6622 6622 6622 6622 6753 6753 6753 6753 6753 6753 6753
    6753 6622 6375 6375 0 0 0 0 0 0 0 0 0 0 0 0 0 0 616 615 615 615 615
    615 615 614 614 613 613 613 612 612 613 613 613 613 612 612 612 612
    612 612 612 612 612 612 612 612 612 612 612 612 612 611 611 611 611
    611 611 612 612 612 611 611 611 6375 6497 6497 6497 6375 6375 6497
    6497 6622 6753 6753 6753 6622 6622 6622 6622 6622 6753 6753 6753
    6753 6753 6753 6753 6753 6753 6753 6753 0 0 0 0 0 0 0 0 0 0 0 0 0 0
    616 616 615 615 615 615 615 615 614 614 613 613 613 612 612 613 613
    613 613 612 612 612 612 612 612 612 612 612 612 612 612 612 612 612
    612 612 612 612 612 612 612 612 612 612 612 612 612 612 6375 6497
    6497 6497 6497 6497 6497 6497 6622 6753 6753 6753 6753 6753 6753
    6753 6753 6753 6753 6753 6753 6753 6753 6753 6753 6622 6622 6753 0 0
    0 0 0 0 0 0 0 0 0 0 0 0 616 615 615 615 615 615 615 615 615 615 614
    613 613 613 613 613 613 613 613 613 613 613 612 612 612 612 612 612
