<?xml version="1.0"?>
<opencv_storage>
<Depth9833 type_id="opencv-matrix">
  <rows>41</rows>
  <cols>86</cols>
  <dt>w</dt>
  <data>
    4911 4983 1138 1138 1138 1134 1130 1126 1126 1126 1126 1126 1123
    1123 1123 1123 1119 1119 1115 1115 1115 1119 1119 1115 1115 4708
    4708 4708 4645 4582 4522 4463 4463 4522 4522 4582 4582 4582 4582
    4522 4522 4582 4582 4582 4522 4522 4522 4522 4522 4522 4522 4463
    4405 4405 4405 4405 4405 4463 4463 4463 4522 4522 3503 3503 3539
    3539 3539 3539 3539 3539 3539 3539 3576 3576 0 0 0 0 0 0 0 0 0 0 0 0
    1134 1134 1130 1130 1126 1126 1126 1123 1123 1123 1123 1123 1123
    1119 1119 1119 1119 1115 1115 1112 1112 1115 1115 1112 1112 1112
    1108 1108 1108 1105 1101 1101 1105 1108 1105 1101 1101 1101 1101
    1101 4522 4582 4582 4582 4582 4522 4522 4522 4522 4522 4463 4463
    4405 4405 4405 4405 4405 4405 4463 4463 4522 4522 3503 3503 3539
    3539 3539 3539 3539 3539 3539 3539 3539 3539 0 0 0 0 0 0 0 0 0 0 0 0
    1138 1134 1130 1130 1126 1123 1123 1115 1115 1115 1115 1115 1115
    1112 1112 1115 1112 1112 1112 1108 1108 1112 1112 1112 1108 1108
    1108 1108 1105 1101 1101 1101 1101 1105 1101 1101 1101 1101 1101
    1101 1101 1101 1101 1097 1097 1097 1097 1097 4522 4522 4463 4463
    4349 4349 4405 4405 4405 4405 1084 1084 4463 4463 3539 3539 3539
    3539 3539 3539 3539 3539 3539 3539 3539 3539 0 0 0 0 0 0 0 0 0 0 0 0
    1138 1138 1134 1130 1123 1119 1119 1115 1115 1115 1112 1112 1112
    1112 1112 1108 1108 1108 1108 1108 1108 1108 1108 1108 1108 1105
    1105 1101 1101 1101 1101 1101 1101 1101 1101 1097 1097 1097 1097
    1097 1097 1101 1097 1094 1094 1094 1094 1094 1087 1087 1087 1084
    1084 4349 4405 4405 4463 1087 1084 1084 1084 1084 4349 3539 3539
    3539 3539 3539 3539 3539 3539 3503 3503 3539 0 0 0 0 0 0 0 0 0 0 0 0
    1141 1134 1130 1126 1123 1115 1115 1115 1115 1112 1112 1108 1108
    1108 1108 1105 1105 1105 1105 1105 1101 1101 1105 1105 1105 1101
    1097 1097 1097 1101 1097 1097 1097 1097 1097 1097 1097 1097 1094
    1094 1094 1094 1094 1094 1090 1090 1094 1090 1087 1087 1087 1084
    1084 1087 1087 1087 1084 1084 1084 1084 1084 1084 1087 1087 3539
    3539 3539 3539 1070 1070 1070 3503 3503 3539 0 0 0 0 0 0 0 0 0 0 0 0
    1141 1134 1130 1126 1123 1115 1112 1112 1112 1108 1108 1108 1108
    1108 1108 1105 1105 1101 1101 1101 1097 1097 1097 1097 1097 1097
    1097 1097 1097 1097 1097 1094 1094 1094 1094 1094 1094 1094 1094
    1090 1090 1090 1090 1087 1087 1087 1090 1087 1087 1087 1084 1084
    1084 1084 1084 1084 1084 1084 1077 1077 1080 1080 1084 1087 1084
    1080 1077 1073 1070 1070 1070 1063 1060 1060 0 0 0 0 0 0 0 0 0 0 0 0
    1141 1134 1126 1119 1115 1112 1108 1105 1101 1101 1105 1105 1105
    1105 1101 1101 1101 1097 1097 1097 1097 1097 1094 1094 1094 1094
    1094 1094 1094 1094 1094 1094 1090 1090 1090 1090 1090 1087 1087
    1087 1087 1087 1087 1087 1087 1087 1087 1084 1084 1084 1084 1080
    1080 1080 1080 1080 1080 1077 1077 1077 1077 1077 1080 1080 1080
    1077 1073 1073 1070 1070 1070 1063 1060 1060 1070 1070 1073 1077
    1073 1060 1060 1073 0 0 0 0 1145 1134 1123 1112 1105 1101 1101 1097
    1097 1097 1097 1097 1097 1097 1097 1097 1097 1097 1097 1094 1094
    1090 1090 1090 1090 1087 1087 1087 1087 1087 1087 1087 1087 1087
    1087 1084 1084 1084 1084 1084 1084 1084 1084 1084 1084 1080 1080
    1080 1080 1080 1077 1077 1073 1073 1073 1073 1073 1073 1073 1070
    1070 1070 1073 1073 1073 1073 1070 1070 1070 1073 1073 1073 1070
    1070 1070 1070 1073 1073 1073 1060 1060 1070 1073 0 1067 1063 1145
    1134 1119 1112 1101 1097 1097 1097 1097 1097 1097 1097 1094 1094
    1094 1090 1090 1094 1090 1090 1090 1087 1087 1087 1087 1084 1084
    1084 1084 1084 1084 1084 1084 1080 1080 1080 1077 1077 1080 1080
    1080 1080 1077 1077 1080 1077 1077 1073 1073 1073 1073 1073 1073
    1073 1070 1070 1073 1073 1073 1070 1070 1070 1070 1070 1070 1067
    1067 1067 1067 1067 1067 1067 1067 1067 1067 1070 1070 1070 1070
    1070 1070 1070 1067 1063 1063 1063 0 1134 1108 1105 1094 1094 1094
    1094 1094 1094 1094 1094 1090 1090 1087 1084 1084 1084 1084 1084
    1087 1084 1084 1084 1080 1080 1080 1080 1080 1080 1080 1080 1080
    1080 1077 1077 1077 1077 1077 1077 1077 1077 1077 1077 1073 1073
    1073 1070 1070 1073 1070 1070 1070 1070 1070 1070 1070 1070 1063
    1063 1063 1063 1067 1067 1063 1063 1063 1063 1063 1063 1063 1063
    1063 1063 1063 1067 1067 1067 1067 1067 1067 1063 1063 1063 1060
    1060 0 0 1097 1087 1087 1090 1090 1090 1094 1094 1090 1090 1087 1087
    1084 1084 1084 1080 1080 1080 1080 1080 1080 1080 1080 1077 1077
    1077 1077 1077 1077 1080 1077 1073 1073 1073 1073 1073 1073 1073
    1073 1073 1073 1073 1073 1070 1070 1070 1067 1067 1070 1067 1067
    1067 1067 1067 1067 1063 1063 1060 1060 1060 1063 1060 1060 1060
    1060 1060 1060 1060 1060 1060 1060 1060 1060 1060 1060 1060 1063
    1063 1063 1060 1060 1057 1054 1054 0 0 1097 1084 1084 1084 1080 1080
    1084 1087 1087 1084 1084 1084 1080 1080 1080 1080 1077 1077 1077
    1077 1077 1077 1073 1073 1073 1070 1070 1073 1077 1073 1073 1073
    1070 1070 1070 1070 1070 1070 1070 1067 1067 1070 1067 1067 1067
    1067 1063 1063 1067 1063 1063 1063 1063 1063 1060 1060 1060 1060
    1060 1060 1060 1060 1060 1060 1060 1057 1057 1057 1057 1057 1054
    1054 1057 1057 1057 1057 1057 1054 1054 1054 1050 1050 1050 1050 0 0
    0 1080 1080 1080 1080 1077 1077 1073 1073 1073 1073 1073 1077 1077
    1077 1077 1073 1070 1070 1070 1070 1070 1070 1070 1070 1070 1070
    1073 1073 1073 1073 1070 1070 1070 1070 1070 1070 1067 1067 1063
    1063 1063 1063 1063 1063 1060 1060 1060 1060 1060 1060 1060 1060
    1060 1060 1057 1057 1057 1057 1057 1057 1057 1057 1057 1057 1054
    1054 1050 1050 1050 1050 1050 1054 1054 1054 1054 1054 1050 1050
    1050 1047 1044 1044 1044 0 0 0 1077 1077 1077 1077 1073 1073 1073
    1070 1070 1070 1070 1070 1070 1067 1067 1070 1070 1070 1067 1067
    1067 1067 1067 1067 1067 1067 1070 1070 1067 1067 1070 1067 1067
    1067 1067 1063 1063 1060 1060 1060 1060 1060 1060 1060 1057 1057
    1057 1057 1057 1057 1057 1057 1057 1054 1054 1054 1054 1054 1054
    1054 1054 1054 1054 1050 1050 1047 1047 1047 1047 1047 1047 1050
    1050 1050 1047 1047 1047 1047 1047 1044 1041 1041 1038 0 0 0 1073
    1073 1070 1070 1070 1070 1070 1067 1067 1067 1067 1067 1067 1063
    1063 1060 1060 1060 1063 1067 1067 1067 1067 1063 1063 1063 1063
    1063 1063 1063 1063 1063 1060 1060 1060 1060 1057 1057 1057 1057
    1057 1057 1057 1057 1057 1057 1057 1057 1057 1057 1054 1050 1050
    1047 1047 1050 1050 1050 1050 1050 1050 1050 1047 1047 1047 1047
    1044 1044 1044 1044 1044 1044 1044 1044 1041 1041 1044 1041 1041
    1041 1038 1038 1034 0 0 0 1067 1067 1067 1067 1063 1063 1063 1067
    1067 1063 1063 1063 1060 1060 1057 1057 1057 1057 1057 1057 1057
    1057 1060 1060 1057 1057 1060 1060 1060 1060 1060 1060 1057 1057
    1057 1054 1054 1054 1054 1054 1054 1054 1050 1050 1054 1054 1050
    1050 1050 1050 1050 1047 1047 1047 1047 1047 1047 1047 1047 1047
    1047 1047 1044 1044 1044 1044 1044 1041 1041 1041 1041 1041 1038
    1038 1038 1038 1038 1038 1038 1038 1034 1034 1031 0 0 1067 1063 1063
    1063 1060 1060 1060 1060 1060 1060 1060 1057 1057 1057 1057 1057
    1054 1054 1054 1054 1054 1054 1054 1054 1054 1054 1054 1057 1057
    1057 1057 1057 1057 1054 1054 1050 1050 1050 1050 1050 1047 1047
    1047 1047 1047 1047 1047 1047 1047 1047 1047 1047 1044 1044 1044
    1044 1044 1044 1044 1044 1044 1044 1041 1041 1041 1041 1041 1041
    1038 1038 1034 1034 1038 1034 1034 1038 1038 1034 1034 1034 1031
    1031 1028 1025 0 1063 1060 1060 1060 1060 1060 1057 1057 1057 1057
    1057 1057 1054 1054 1054 1054 1050 1050 1050 1050 1050 1050 1047
    1047 1047 1047 1047 1047 1050 1047 1047 1047 1050 1050 1050 1050
    1047 1047 1047 1047 1047 1047 1044 1044 1044 1044 1044 1044 1044
    1044 1044 1044 1044 1041 1038 1038 1041 1041 1041 1041 1041 1041
    1041 1034 1034 1034 1034 1034 1034 1034 1034 1034 1034 1034 1034
