<?xml version="1.0"?>
<opencv_storage>
<Depth7807 type_id="opencv-matrix">
  <rows>29</rows>
  <cols>22</cols>
  <dt>w</dt>
  <data>
    6497 3468 3468 3468 3503 3503 3503 3468 3468 3433 3433 3433 3433
    3468 3468 3468 3433 3399 3365 3365 3365 6753 3503 3468 3468 3468
    3468 3503 3503 3468 3468 3433 3433 3433 3433 3468 3433 3433 3433
    3399 3365 3365 3365 6753 3468 3468 3468 3468 3468 3468 3468 3468
    3468 3468 3468 3468 3468 3433 3433 3433 3433 3399 3399 3365 3365
    3399 3468 3468 3468 3468 3468 3468 3468 3468 3468 3468 3468 3468
    3468 3433 3433 3433 3433 3433 3399 3365 3365 3399 3468 3468 3468
    3468 3468 3468 3468 3468 3468 3468 3468 3468 3468 3468 3433 3433
    3433 3433 3399 3399 3399 3399 3468 3468 3468 3468 3468 3468 3468
    3468 3468 3468 3468 3468 3468 3468 3433 3433 3433 3433 3433 3399
    3399 3399 3468 3468 3468 3468 3468 3468 3468 3468 3468 3468 3468
    3468 3468 3468 3468 3433 3433 3433 3433 3399 3399 3399 3468 3468
    3468 3468 3468 3468 3468 3468 3468 3468 3468 3468 3468 3468 3433
    3433 3433 3433 3433 3433 3399 3399 3468 3468 3468 3468 3468 3468
    3468 3468 3468 3468 3468 3468 3468 3433 3433 3433 3433 3433 3433
    3399 3399 6753 3503 3468 3468 3468 3468 3468 3468 3468 3468 3468
    3468 3433 3433 3433 3433 3433 3433 3433 3433 3399 3399 6753 6497
    3468 3468 3468 3468 3468 3468 3468 3468 3468 3468 3433 3433 3433
    3433 3433 3433 3433 3433 3399 3399 6753 6375 3468 3468 3468 3468
    3468 3468 3468 3468 3468 3468 3468 3433 3433 3433 3433 3433 3399
    3399 3399 3399 3468 3539 3468 3468 3468 3468 3468 3468 3468 3468
    3468 3468 3468 3468 3468 3468 3468 3433 3399 3399 3433 3433 3468
    3539 3468 3468 3468 3468 3468 3468 3468 3468 3468 3468 3468 3468
    3468 3468 3468 3433 3433 3433 3433 3433 3433 3539 3503 3468 3468
    3468 3468 3468 3468 3468 3468 3468 3468 3468 3468 3468 3468 3433
    3433 3433 3433 3433 3433 3539 3503 3468 3468 3468 3468 3468 3468
    3468 3468 3468 3468 3468 3468 3468 3468 3468 3433 3433 3433 3433
    3433 3503 3468 3468 3468 3468 3468 3468 3468 3468 3468 3468 3468
    3468 3468 3468 3468 3468 3433 3433 3433 3433 3433 3468 3468 3468
    3468 3468 3468 3468 3468 3468 3468 3468 3468 3468 3468 3468 3468
    3468 3433 3399 3399 3433 3433 3468 3468 3468 3468 3468 3468 3468
    3468 3468 3468 3468 3468 3468 3468 3468 3468 3468 3433 3399 3399
    3433 6889 3468 3468 3468 3468 3468 3468 3468 3468 3468 3468 3468
    3468 3468 3468 3468 3468 3468 3433 3433 3433 3433 6889 3468 3468
    3468 3468 3468 3468 3468 3468 3468 3468 3468 3468 3468 3468 3468
    3468 3468 3433 3433 3433 3433 3468 3503 3468 3468 3468 3468 3468
    3468 3468 3468 3468 3468 3468 3468 3468 3468 3468 3468 3433 3433
    3433 3468 3468 3503 3503 3468 3468 3468 3468 3468 3468 3468 3468
    3468 3468 3468 3468 3468 3468 3468 3468 3433 3433 3468 3468 3503
    3468 3468 3468 3468 3468 3468 3468 3468 3468 3468 3433 3433 3433
    3468 3468 3433 3433 3433 3433 3468 3468 3468 3468 3468 3468 3468
    3468 3468 3468 3468 3468 3468 3433 3433 3433 3468 3468 3433 3433
    3433 3433 3468 3468 3468 3468 3468 3468 3468 3468 3468 3468 3468
    3468 3468 3433 3433 3433 3468 3433 3433 3433 3433 3433 3468 3468
    3468 3468 3468 3468 3468 3468 3468 3468 3468 3468 3468 3468 3468
    3468 3468 3433 3433 3433 3433 3433 3468 3468 3468 3468 3468 3468
    3468 3433 3433 3433 3433 3433 3468 3468 3468 3468 3468 3433 3399
    3399 3433 3468 3468 3468 3468 3433 3433 3433 3433 3433 3433 3433
    3433 3433 3468 3468 3468 3468 3468 3433 3365 3365 3433 3468 3503
    3503</data></Depth7807>
</opencv_storage>
