<?xml version="1.0"?>
<opencv_storage>
<Depth12382 type_id="opencv-matrix">
  <rows>27</rows>
  <cols>8</cols>
  <dt>w</dt>
  <data>
    4645 4645 4708 4708 4708 4645 4645 6497 4645 4645 4708 4708 4708
    4645 4645 6497 4645 4645 4708 4708 4708 4708 4708 6497 4708 4708
    4708 4708 4645 4645 4645 4645 4708 4708 4708 4708 4645 4645 4645
    4645 4708 4708 4708 4645 4645 4645 4645 4645 4774 4708 4708 4645
    4645 4645 4645 4645 4774 4708 4708 4645 4645 4645 4645 4708 4774
    4708 4708 4645 4645 4645 4645 4708 4774 4708 4708 4708 4708 4708
    4645 4645 4774 4708 4708 4708 4708 4708 4645 4645 4774 4708 4708
    4708 4645 4645 4645 4645 4708 4708 4708 4708 4645 4645 4645 4645
    4708 4708 4708 4708 4645 4645 4645 4645 4645 4645 4645 4645 4708
    4645 4645 4645 4645 4645 4645 4645 4645 4645 4645 4645 4645 4582
    4582 4645 4645 4645 4582 4582 6497 4522 4522 4645 4645 4645 4582
    4522 6497 4522 4522 4645 4645 4645 4582 4522 6497 6497 4645 4645
    4645 4645 4645 4645 6497 6497 4645 4645 4645 4645 4645 4645 6497
    6497 4645 4645 4645 4645 4645 4645 6497 6497 4645 4645 4645 4645
    4645 4708 4645 4645 4708 4708 4708 4708 4708 4708 4582 4582 4708
    4708 4708 4708 4708 4708 4582 4582 4708 4708 4708 4645 4645 4645
    4582 4582 4708 4708 4708 4645 4645 4645</data></Depth12382>
</opencv_storage>
