<?xml version="1.0"?>
<opencv_storage>
<Depth18770 type_id="opencv-matrix">
  <rows>14</rows>
  <cols>20</cols>
  <dt>w</dt>
  <data>
    2116 3732 3732 3732 3732 3732 3732 3732 3732 3774 2016 2005 1993
    1993 1993 1993 1981 1970 1959 1959 2103 3732 3692 3692 3732 3732
    3732 3732 3732 3774 3774 3816 3903 3903 3948 4139 4139 4139 4349
    2450 2103 3732 3692 3692 3732 3732 3732 3774 3774 3774 3816 3859
    3859 3903 3948 4089 4089 4041 4041 2432 2116 3692 3692 3692 3692
    3692 3732 3732 3774 3774 3816 3816 3859 3859 3948 4041 4041 4041
    4041 2432 3614 3614 3653 3653 3692 3692 3732 3732 3774 3774 3774
    3774 3816 3816 3903 3948 3994 4041 4041 2450 3614 3614 3653 3653
    3653 3692 3732 3732 3732 3732 3732 3774 3774 3774 3903 3948 3948
    3948 3948 3948 3614 3614 3614 3653 3653 3692 3692 3732 3732 3732
    3732 3732 3774 3774 3816 3859 3903 3903 3903 3903 3614 3614 3614
    3614 3653 3692 3692 3692 3732 3732 3732 3732 3732 3732 3816 3816
    3816 3859 3903 3948 3614 3614 3614 3614 3653 3692 3692 3692 3692
    3732 3732 3732 3732 3732 3774 3774 3816 3816 3903 2467 3614 3614
    3614 3653 3653 3653 3653 3653 3692 3692 3692 3692 3692 3732 3732
    3774 3774 3816 3859 2467 3614 3614 3614 3614 3614 3614 3614 3614
    3653 3653 3692 3692 3692 3732 3732 3732 3774 3774 3816 2467 3576
    3576 3576 3614 3614 3614 3614 3614 3653 3653 3653 3653 3692 3692
    3732 3732 3732 3732 3816 3774 2090 2090 2090 2090 3614 3614 3614
    3614 3653 3653 3653 3653 3692 3692 3732 3732 3732 3732 3774 3774
    2078 2078 2078 2090 2090 2078 2078 2078 3653 3653 3653 3653 3653
    3692 3732 3732 3732 3732 3774 3774</data></Depth18770>
</opencv_storage>
