<?xml version="1.0"?>
<opencv_storage>
<Depth4018 type_id="opencv-matrix">
  <rows>160</rows>
  <cols>93</cols>
  <dt>w</dt>
  <data>
    7030 7030 7178 7178 7332 7332 7332 7332 7332 7332 7332 7332 7332
    7332 0 0 0 7332 7332 7332 7332 7178 7178 7178 7178 7178 7332 7332
    7178 7030 7030 7030 7030 7030 7178 7030 7030 7030 7030 7030 7030 0
    6889 6889 6889 6889 6889 0 0 0 0 0 0 0 0 0 0 0 0 0 0 0 0 0 0 0 0 0 0
    0 0 0 0 0 0 0 0 0 0 641 641 648 648 648 648 664 664 664 6622 6497
    6497 0 0 6889 7030 7178 7332 7332 7492 7492 7492 7492 7332 7332 7332
    7332 7332 0 0 7332 7332 7332 7332 517 517 517 7332 7178 7178 7332
    7332 7332 7332 7332 7178 7178 7178 7178 7178 7178 0 506 0 0 0 0 0 0
    0 0 0 0 0 0 0 0 0 0 0 0 0 0 0 0 0 0 0 0 0 0 0 0 0 0 0 0 0 0 0 0 0 0
    641 641 642 644 647 647 663 663 664 0 0 0 0 0 6889 7030 7178 7332
    7332 7492 7492 7492 7492 7332 7332 7332 0 0 0 0 0 517 517 517 517
    517 517 517 517 514 514 514 513 512 0 0 508 507 506 0 0 0 0 0 0 0 0
    0 0 0 0 0 0 0 0 0 0 0 0 0 0 0 0 0 0 0 0 0 0 0 0 0 0 0 0 0 0 0 0 0 0
    0 0 640 640 641 644 647 657 661 662 0 0 0 0 0 0 6889 7030 7332 7492
    7492 7492 543 542 542 542 540 540 0 0 531 531 0 0 517 517 517 517
    517 517 0 514 514 514 513 512 511 509 508 0 0 0 0 0 0 0 0 0 0 0 0 0
    0 0 0 0 0 0 0 0 0 0 0 0 0 0 0 0 0 0 0 0 0 0 0 0 0 0 0 0 0 0 0 0 0
    638 638 641 642 647 657 661 662 664 0 0 0 0 0 551 551 550 549 546
    546 543 542 540 540 540 540 533 533 531 531 531 0 524 524 524 522
    521 521 520 514 514 514 513 512 511 509 508 507 506 506 506 506 502
    499 499 499 499 499 499 0 0 0 0 0 0 0 0 0 0 0 0 0 0 0 0 0 0 0 0 0 0
    0 0 0 0 0 0 0 0 0 0 0 634 634 637 638 641 647 659 663 664 664 0 0 0
    0 0 551 551 550 548 546 543 542 542 540 540 538 535 534 533 531 530
    529 528 524 524 524 522 521 521 520 520 514 514 513 512 511 509 508
    507 506 504 504 502 502 499 499 499 498 498 499 0 0 0 0 0 0 0 0 0 0
    0 0 0 0 0 0 0 0 0 0 0 0 0 0 0 0 0 0 0 0 0 0 0 634 634 637 638 641
    648 659 663 664 664 0 0 0 0 0 551 551 549 548 546 543 542 542 540
    540 538 535 534 534 531 530 529 528 524 524 524 522 521 521 520 518
    515 514 513 512 511 509 508 507 506 504 504 502 502 499 499 499 498
    498 499 0 0 0 0 0 0 0 0 0 0 0 0 0 0 0 0 0 0 0 0 0 0 0 0 0 0 0 0 0 0
    0 0 0 636 636 636 642 643 648 648 666 666 666 0 0 0 0 0 552 551 549
    548 547 546 542 542 540 540 539 537 534 534 531 530 529 528 525 525
    525 524 522 521 520 518 516 514 514 513 511 509 508 507 506 504 504
    502 502 499 499 499 496 496 498 0 0 0 0 0 0 0 0 0 0 0 0 0 0 0 0 0 0
    0 0 0 0 0 0 0 0 0 0 0 0 0 0 0 0 636 636 643 647 648 648 666 666 666
    0 0 0 0 0 553 551 550 549 547 545 543 542 540 540 539 538 535 534
    532 530 529 529 527 525 525 525 523 521 520 519 517 515 514 514 511
    510 508 507 507 505 504 502 502 499 499 499 496 496 498 0 0 0 0 0 0
    0 0 0 0 0 0 0 0 0 0 0 0 0 0 0 0 0 0 0 0 0 0 608 608 0 0 0 636 636
    637 644 647 648 655 657 657 0 0 0 0 0 0 553 551 550 549 548 545 543
    542 541 540 540 538 536 534 532 530 529 529 527 525 525 525 523 522
    521 520 517 516 515 514 511 510 508 507 507 505 504 502 502 501 500
    499 496 496 496 0 0 0 0 0 0 0 0 0 0 0 0 0 550 550 0 0 0 0 0 0 0 0 0
    588 588 0 606 606 607 607 628 628 630 635 637 641 647 648 655 657
    657 0 0 0 0 0 0 553 551 551 550 548 546 544 543 541 540 540 539 536
    535 533 531 530 529 528 526 526 525 524 523 521 520 517 517 515 514
    511 511 510 508 507 505 504 502 502 502 501 499 499 499 506 506 507
    0 0 0 0 0 0 0 536 536 0 0 550 550 0 0 0 0 0 0 0 0 589 588 588 593
    603 604 606 606 627 627 629 635 638 641 646 648 655 658 670 670 0
    683 683 0 0 553 551 551 550 548 546 544 543 542 540 540 539 536 535
    534 532 530 529 529 527 526 525 524 523 522 519 517 517 515 514 513
    512 511 509 507 505 504 504 503 502 502 499 499 499 499 506 507 0 0
    0 0 0 0 0 536 536 536 550 550 550 551 0 0 0 0 0 0 585 585 588 590
    593 603 604 606 606 625 625 628 634 640 640 644 649 657 657 668 678
    683 683 683 683 0 553 553 552 550 550 546 545 543 542 541 540 539
    537 536 534 532 531 529 529 527 527 526 525 524 523 519 517 517 516
    514 514 513 511 510 507 506 504 504 504 502 502 500 500 499 499 506
    507 509 511 0 0 0 0 0 536 536 536 550 550 550 551 0 0 0 0 0 581 581
    584 587 590 593 602 603 606 606 625 625 628 634 640 640 644 654 657
    657 668 674 676 683 683 683 0 555 554 553 551 550 546 545 544 543
    542 540 540 538 536 534 533 532 530 529 528 527 526 525 524 523 520
    518 517 516 514 514 514 511 510 508 506 504 504 504 502 502 500 500
    500 500 506 507 509 511 0 0 0 0 535 535 536 538 550 550 551 552 0 0
    0 0 580 580 581 584 587 590 593 601 603 606 606 622 624 628 634 638
    642 647 654 657 657 671 672 672 683 683 0 0 556 555 554 553 549 547
    546 546 544 543 540 540 539 536 535 534 533 531 529 528 528 527 526
    525 523 521 519 517 517 515 514 514 511 510 508 507 506 505 504 503
    502 501 501 501 502 505 505 509 509 0 0 529 529 530 534 537 537 551
    551 551 552 0 0 0 0 578 578 580 584 588 591 593 601 604 606 606 622
    624 628 635 637 642 649 653 655 658 671 672 672 0 0 0 0 557 555 554
    553 549 547 546 546 545 544 541 540 539 538 537 534 533 531 529 529
    529 527 526 525 523 521 519 517 517 516 515 514 512 511 509 508 507
    506 504 503 502 502 502 502 502 505 505 505 521 521 521 529 529 530
    534 537 537 551 551 551 552 564 564 564 578 578 578 580 586 589 591
    593 601 604 606 606 625 625 628 636 637 642 650 652 655 658 671 672
    674 0 0 0 0 556 555 554 554 549 547 546 546 545 544 542 540 540 539
    538 534 533 532 529 529 529 528 526 525 523 521 519 518 517 517 516
    514 512 511 510 508 508 506 505 504 503 502 502 502 502 502 517 517
    517 517 518 529 529 530 533 537 538 550 550 550 554 555 564 564 578
    578 578 580 587 590 591 593 601 606 606 606 606 629 630 636 640 643
    650 652 658 663 670 672 688 688 688 0 0 556 555 554 553 550 548 547
    546 545 544 542 541 540 539 538 536 533 532 531 529 529 528 526 525
    523 521 520 519 517 517 516 514 514 512 510 508 507 507 505 504 504
    502 502 502 502 502 517 517 517 517 518 526 528 530 533 535 538 547
    548 549 555 555 564 564 564 578 578 580 582 588 591 597 603 607 607
    606 606 629 634 637 640 643 650 654 661 664 668 672 688 688 688 0 0
    557 555 554 552 550 549 547 546 546 545 543 542 541 540 539 536 534
    533 531 530 529 528 526 525 523 521 521 520 519 517 516 515 514 512
    511 510 507 507 505 504 504 502 502 502 502 502 517 517 517 518 519
    525 527 530 534 535 545 547 547 549 562 562 563 564 564 578 578 580
    582 582 591 599 604 607 607 606 606 630 631 636 641 643 649 657 661
    664 668 668 687 687 688 0 0 557 556 555 552 552 550 548 548 546 545
    543 542 541 540 539 537 534 533 532 531 530 529 527 526 524 522 521
    520 520 518 517 515 514 514 511 511 510 507 505 504 504 502 502 502
    502 511 511 511 517 518 519 521 524 531 534 537 545 547 547 549 561
    562 563 564 564 580 580 581 581 582 599 599 604 607 608 608 608 630
    631 635 638 643 649 658 662 666 670 675 684 684 0 0 0 558 556 556
    553 552 551 549 548 546 545 543 543 542 541 539 537 534 533 532 531
    531 529 527 526 524 523 521 521 520 518 517 516 514 514 512 511 509
    507 506 505 504 503 503 502 502 511 511 511 517 519 521 521 524 534
    534 538 543 546 546 549 561 562 563 564 565 565 580 581 581 582 601
    601 604 607 608 609 609 629 630 635 638 643 653 657 662 667 671 675
    683 683 0 0 0 558 557 556 554 553 551 550 548 546 546 543 543 542
    541 540 538 535 533 532 532 531 529 528 527 525 523 522 521 520 519
    517 517 514 514 512 511 509 508 507 506 504 504 503 503 503 511 509
    509 518 521 521 521 536 536 536 540 541 543 546 555 555 563 564 563
    563 565 580 581 581 581 599 599 606 607 608 609 628 629 630 636 638
    648 653 654 662 667 672 676 682 682 0 0 0 558 558 557 554 553 551
    550 549 547 546 545 544 543 541 540 538 536 534 533 532 532 529 528
