<?xml version="1.0"?>
<opencv_storage>
<Depth9788 type_id="opencv-matrix">
  <rows>81</rows>
  <cols>58</cols>
  <dt>w</dt>
  <data>
    3433 3433 3433 3433 3433 3399 3399 3333 3333 3365 3365 3433 3468
    3468 3468 3468 3468 3468 3468 3468 3468 3468 3468 3468 3468 3433
    3433 3433 3433 3399 3399 3433 3468 3468 3468 3468 3468 3468 1268
    1264 1255 1250 1250 3468 3468 3468 3468 3468 3468 3468 3468 3468
    3468 3468 3468 3468 3468 3468 3433 3433 3433 3433 3433 3433 3399
    3365 3365 3365 3365 3433 3433 3468 3468 3468 3468 3468 3468 3468
    3468 3468 3468 3468 3468 3433 3433 3433 3433 3433 3433 3433 3468
    3468 3468 3468 3468 1264 1264 1259 1255 1250 1250 1250 1250 3468
    3468 3468 3468 3468 3468 3468 3468 3468 3468 3468 3468 3468 3433
    3433 3433 3433 3433 3433 3399 3365 3365 3365 3399 3433 3433 3468
    3468 3468 3468 3468 3468 3468 3468 3468 3468 3468 3468 3433 3433
    3433 3433 3433 3433 3433 3468 3468 3468 3468 3468 1259 1259 1259
    1255 1255 1255 1255 0 3503 3503 3468 3468 3468 3468 3468 3468 3468
    3468 3433 3433 3433 3433 3433 3433 3433 3433 3433 3433 3365 3365
    3399 3433 3433 3433 3468 3468 3468 3468 3468 3468 3468 3468 3468
    3468 3468 3468 3433 3399 3399 3433 3433 3433 3433 3468 1219 1219
    1232 1241 1245 1250 1255 1255 1255 1259 1259 1268 3468 3468 3468
    3468 3433 3433 3433 3433 3468 3433 3399 3399 3399 3433 3433 3433
    3433 3433 3399 3399 3399 3399 3399 3433 3433 3433 3468 3468 3468
    3468 3468 3468 3468 3468 3468 3468 3468 3468 3433 3399 1189 1189
    1189 1193 1202 1206 1210 1214 1227 1241 1245 1250 1255 1255 1259
    1264 1268 1268 3468 3468 3468 3433 1214 1214 1245 1245 1245 1245
    3399 3399 3399 3433 3433 3433 3433 3433 3399 3399 3399 3399 3399
    3433 3433 3433 3468 3468 3468 3468 3468 3433 3433 3433 3433 3433
    3468 3468 3433 3399 1181 1181 1189 1193 1197 1202 1210 1214 1223
    1232 1245 1250 1255 1259 1259 1264 1264 1264 1197 1197 1197 1206
    1210 1214 1236 1241 1241 1232 1232 1232 3433 3468 3468 3433 3433
    3433 3399 3399 3365 3365 3365 3433 3433 3433 3468 3468 3468 3468
    3468 3433 1123 1123 1126 1134 1165 1165 1165 1165 1173 1177 1185
    1189 1197 1202 1206 1210 1214 1223 1241 1245 1250 1259 1264 1264
    1264 1185 1185 1189 1193 1197 1206 1214 1236 1236 1232 1223 1223
    1223 1223 3433 3433 3433 3433 3433 3399 3399 3365 3365 3365 3433
    3433 3433 1101 1101 1105 1105 1108 1115 1119 1123 1123 1134 1161
    1050 1050 1050 1173 1173 1177 1181 1189 1197 1202 1206 1210 1210
    1241 1245 1250 1259 1264 1268 1268 1181 1181 1185 1189 1193 1202
    1214 1236 1232 1227 1223 1223 1223 1223 3433 3433 3433 3433 3433
    3399 3399 3333 3333 3333 1087 1087 1090 1090 1094 1097 1097 1101
    1112 1115 1119 1123 1130 1161 1050 1047 1047 1047 1157 1157 1161
    1169 1197 1202 1206 1210 1210 1130 1130 1149 1153 1153 1157 1165
    1169 1177 1177 1177 1181 1189 1202 1214 1219 1223 1223 1223 1223
    1223 3433 3433 3433 3433 3433 1084 1077 1077 1080 1084 1087 1087
    1090 1090 1090 1090 1094 1097 1105 1108 1115 1119 1130 1054 1050
    1047 1047 1047 1153 1149 1149 1149 1149 1115 1115 1115 1126 1126
    1130 1141 1145 1149 1157 1165 1165 1169 1169 1169 1173 1181 1197
    1206 1210 1214 1219 1219 1227 1227 3433 3433 3433 1077 1077 1077
    1077 1077 1080 1080 1080 1084 1087 1090 1090 1090 1090 1090 1090
    1090 1090 1119 1057 1050 1047 1047 1047 1047 1145 1145 1145 1149
    1134 1119 1115 1115 1119 1119 1130 1134 1141 1145 1153 1165 1165
    1165 1165 1165 1173 1181 1193 1197 1206 1214 1219 1219 1219 1219
    3433 3433 3433 1077 1073 1073 1077 1077 1077 1073 1073 1080 1087
    1087 1087 1087 1084 1080 1080 1077 1060 1057 1054 1047 1047 1047
    1047 1047 1145 1145 1145 1145 1108 1108 1112 1112 1112 1112 1112
    1123 1130 1138 1138 1149 1157 1165 1165 1165 1173 1181 1189 1197
    1202 1210 1214 1219 1219 0 3399 1084 1084 1077 1073 1073 1073 1073
    1073 1073 1070 1070 1077 1077 1080 1080 1080 1077 1077 1077 1060
    1054 1050 1047 1047 1047 1047 1050 1057 1057 1097 1097 1097 1101
    1108 1105 1105 1112 1112 1119 1123 1130 1134 1141 1149 1153 1161
    1165 1173 1181 1189 1197 1202 1206 1214 1219 1223 0 3365 1084 1084
    1077 1077 1073 1070 1070 1070 1070 1070 1070 1070 1070 1067 1067
    1067 1063 1063 1060 1050 1047 1047 1047 1047 1047 1047 1050 1054
    1054 1063 1084 1087 1090 1101 1101 1101 1108 1108 1115 1123 1130
    1134 1138 1145 1153 1161 1165 1173 1181 1189 1193 1197 1206 1214
    1219 1223 1223 0 1080 1080 1077 1077 1073 1070 1070 1067 1067 1067
    1067 1063 1063 1060 1057 1057 1060 1057 1057 1044 1041 1038 1038
    1038 1041 1041 1047 1054 1054 1063 1067 1077 1080 1084 1090 1094
    1101 1108 1112 1119 1126 1134 1138 1141 1149 1157 1169 1177 1181
    1189 1193 1197 1206 1210 1219 1223 1223 0 1080 1080 1077 1077 1077
    1070 1070 1067 1067 1067 1067 1063 1060 1057 1057 1054 1054 1054
    1050 1044 1041 1034 1034 1034 1038 1038 1044 1047 1054 1060 1063
    1070 1073 1084 1087 1090 1097 1105 1112 1119 1126 1130 1138 1141
    1149 1157 1173 1177 1181 1185 1193 1197 1206 1210 1219 1223 1223 0
    1080 1080 1077 1077 1077 1070 1070 1070 1070 1067 1063 1060 1060
    1057 1057 1054 1050 1047 1047 1041 1038 1034 1034 1034 1038 1038
    1041 1047 1054 1060 1063 1070 1073 1084 1087 1090 1094 1105 1112
    1119 1126 1130 1138 1141 1145 1153 1177 1177 1181 1185 1193 1197
    1206 1214 1219 1223 1223 0 0 1077 1077 1077 1077 1073 1070 1070 1067
    1067 1063 1060 1060 1057 1054 1054 1050 1047 1047 1041 1038 1034
    1034 1034 1038 1038 1041 1047 1054 1060 1067 1070 1073 1084 1087
    1090 1094 1108 1115 1119 1126 1130 1138 1141 1145 1153 1173 1177
    1181 1185 1193 1202 1206 1214 1219 1223 1223 0 0 0 1080 1077 1073
    1073 1073 1070 1067 1063 1063 1060 1060 1057 1054 1050 1047 1044
    1044 1041 1038 1034 1034 1034 1034 1038 1044 1047 1054 1060 1063
    1073 1077 1084 1087 1094 1101 1112 1115 1123 1126 1130 1138 1141
    1149 1157 1169 1173 1177 1185 1193 1202 1206 1214 1223 1223 1223 0 0
    0 1077 1077 1073 1073 1073 1070 1063 1063 1060 1060 1060 1057 1050
    1050 1047 1044 1044 1041 1038 1034 1034 1034 1034 1038 1047 1050
    1054 1057 1063 1073 1077 1084 1087 1097 1101 1112 1119 1126 1130
    1134 1138 1145 1153 1161 1169 1173 1177 1185 1197 1206 1210 1214
    1223 1223 1223 0 0 0 1077 1073 1073 1070 1070 1070 1063 1063 1060
    1060 1057 1054 1050 1050 1047 1044 1044 1041 1038 1034 1034 1034
    1034 1038 1047 1050 1054 1057 1067 1077 1077 1084 1090 1097 1101
    1112 1119 1126 1130 1134 1138 1145 1153 1165 1173 1177 1181 1185
    1197 1206 1210 1214 1219 1223 1223 0 0 0 1077 1073 1073 1070 1070
    1070 1063 1063 1060 1060 1057 1054 1050 1050 1047 1047 1044 1041
    1034 1034 1034 1034 1034 1038 1047 1050 1054 1054 1070 1077 1077
    1084 1090 1101 1105 1112 1119 1123 1126 1134 1141 1145 1153 1165
    1173 1177 1181 1185 1193 1206 1210 1214 1219 1223 1223 0 0 0 1073
    1073 1070 1070 1070 1070 1067 1063 1060 1060 1057 1054 1050 1050
    1047 1047 1044 1041 1034 1034 1034 1034 1034 1038 1044 1050 1054
    1054 1070 1073 1080 1087 1094 1101 1105 1108 1115 1119 1126 1134
    1141 1149 1157 1165 1173 1177 1181 1185 1193 1206 1210 1214 1219
    1219 1219 0 0 0 1073 1073 1070 1070 1070 1070 1067 1063 1060 1060
    1057 1050 1050 1050 1047 1047 1044 1041 1034 1034 1034 1034 1034
    1038 1044 1050 1054 1057 1070 1073 1077 1087 1094 1101 1105 1108
    1115 1119 1126 1134 1141 1149 1157 1165 1173 1177 1181 1185 1193
    1206 1210 1214 1219 1219 1219 0 0 0 1073 1073 1070 1070 1070 1070
    1063 1063 1060 1057 1054 1050 1050 1050 1047 1047 1044 1041 1034
    1034 1034 1034 1038 1038 1044 1050 1057 1060 1070 1073 1077 1084
    1090 1097 1105 1108 1115 1119 1126 1134 1141 1149 1157 1165 1173
    1177 1181 1185 1193 1206 1210 1214 1219 1219 1219 0 0 0 1073 1073
    1070 1070 1070 1067 1063 1063 1060 1057 1054 1050 1050 1050 1047
    1044 1044 1041 1034 1034 1034 1034 1038 1038 1044 1050 1054 1060
    1070 1073 1077 1084 1090 1097 1101 1108 1115 1123 1130 1138 1145
