<?xml version="1.0"?>
<opencv_storage>
<Depth14474 type_id="opencv-matrix">
  <rows>104</rows>
  <cols>61</cols>
  <dt>w</dt>
  <data>
    4349 4349 4349 4349 4295 4295 4241 4241 4241 4241 4241 0 973 973 970
    970 970 962 962 943 938 925 925 923 923 923 923 920 915 915 915 3948
    3903 3816 3774 3774 3774 885 885 882 882 882 864 864 864 849 851 851
    851 851 845 827 827 827 3576 3576 3468 3468 3238 3238 3238 4349 1028
    1025 1022 1022 1022 1022 1013 995 989 987 984 973 973 970 964 962
    962 962 943 938 925 925 923 923 920 918 915 913 913 913 4041 3994
    896 896 887 882 882 882 882 882 867 864 864 864 849 849 847 845 845
    845 827 827 827 837 837 837 837 839 841 843 1028 1028 1022 1019 1016
    1013 1013 1013 995 989 987 984 978 973 967 962 959 951 948 943 938
    933 925 923 920 918 915 913 910 908 906 906 901 896 891 887 882 880
    875 871 867 862 860 858 856 849 847 843 843 837 833 827 827 833 835
    837 837 837 839 841 843 1034 1028 1022 1019 1016 1010 1007 998 995
    989 987 981 978 973 967 962 959 951 948 943 938 933 925 923 920 918
    915 913 910 908 903 903 898 891 887 882 880 875 871 869 864 860 860
    858 854 847 845 841 839 835 833 833 833 833 835 837 837 837 841 843
    843 1034 1028 1022 1019 1016 1010 1007 998 995 989 987 981 978 973
    967 962 959 954 948 943 940 933 928 923 920 918 915 913 908 906 903
    903 896 891 887 882 880 875 871 869 864 860 860 858 849 847 843 841
    837 835 833 833 833 833 833 835 837 841 841 843 843 1034 1028 1022
    1019 1016 1010 1004 998 995 992 987 981 973 973 967 962 959 954 948
    943 940 933 928 923 923 918 915 910 906 906 906 901 896 891 887 885
    880 875 871 869 864 860 860 858 849 847 843 841 835 835 833 833 833
    833 833 835 837 839 841 843 843 1034 1028 1022 1019 1016 1010 1004
    998 995 992 987 984 973 973 967 962 959 954 948 943 940 933 930 925
    923 918 913 910 906 906 903 901 896 894 889 885 880 875 871 869 867
    862 860 856 849 847 841 839 835 835 833 833 833 833 833 835 837 837
    841 843 843 1034 1031 1025 1019 1013 1010 1004 998 995 992 987 984
    975 973 967 962 959 954 948 943 940 933 930 925 923 918 913 910 906
    906 903 901 896 894 891 887 880 875 871 869 867 862 860 856 849 847
    841 839 835 835 833 833 833 833 833 835 837 837 841 841 843 1038
    1034 1028 1019 1013 1010 1004 998 998 992 987 984 975 973 967 962
    959 954 951 943 940 938 930 925 923 920 915 910 906 906 906 901 896
    894 891 885 880 875 871 869 867 864 860 858 849 847 841 839 835 835
    833 833 833 833 833 835 837 837 841 841 843 1038 1034 1028 1019 1013
    1010 1007 1001 995 992 987 984 975 973 967 964 959 956 951 943 940
    938 930 928 923 920 915 910 908 908 906 901 896 894 887 885 880 875
    871 869 867 864 860 856 849 847 843 841 839 835 833 833 833 833 833
    835 837 837 841 841 843 1038 1034 1025 1019 1013 1010 1007 1001 995
    992 987 981 975 973 967 964 962 956 951 946 943 940 933 928 923 920
    915 913 908 908 906 901 898 894 885 885 880 875 871 869 867 864 860
    851 849 847 843 841 839 835 833 833 831 831 833 837 837 839 841 841
    843 1041 1038 1025 1019 1016 1013 1007 1004 998 992 987 981 975 973
    970 967 962 956 951 946 943 940 933 928 923 920 915 913 910 908 906
    903 901 894 885 885 880 875 871 869 867 864 858 851 851 847 845 841
    839 835 835 833 831 831 833 835 837 841 841 843 843 0 1041 1028 1022
    1019 1013 1007 1004 998 992 989 984 978 973 970 967 962 956 951 951
    946 940 930 928 923 920 915 913 908 908 906 903 901 896 885 885 880
    875 873 869 867 862 858 851 851 849 847 841 839 835 835 833 831 831
    833 835 837 839 841 841 843 0 1041 1028 1022 1019 1013 1010 1004 998
    995 992 984 975 973 970 967 962 956 951 948 946 940 930 928 923 920
    915 913 908 908 906 903 901 896 885 885 880 878 873 869 867 862 858
    851 851 849 849 841 839 835 835 833 831 831 833 835 835 837 839 841
    843 0 1038 1028 1022 1019 1013 1010 1004 998 995 989 981 975 973 970
    967 962 956 951 948 946 940 933 928 923 920 918 913 910 908 908 906
    901 896 887 885 880 878 875 869 867 864 860 858 851 849 847 841 839
    835 835 833 833 833 833 833 835 837 839 839 841 0 1038 1028 1022
    1019 1016 1010 1004 998 995 989 981 975 973 970 964 962 956 954 948
    946 940 933 928 925 923 918 913 910 910 908 906 901 889 887 885 880
    878 875 871 869 864 860 858 851 849 847 843 839 835 835 833 833 833
    833 833 835 837 839 839 841 1041 1038 1028 1022 1019 1013 1010 1004
    998 992 989 981 975 973 970 964 962 956 954 948 943 940 933 928 925
    923 920 915 910 910 906 906 898 889 887 885 882 878 875 871 869 867
    860 858 856 849 845 843 839 837 835 833 833 833 833 833 837 837 837
    839 841 1041 1038 1028 1022 1019 1013 1010 1004 998 992 987 981 975
    973 970 964 962 959 954 948 943 940 933 930 925 923 918 915 910 910
    906 906 898 891 887 885 882 878 875 873 869 864 860 858 856 849 845
    843 839 835 833 833 833 833 833 833 837 837 837 839 839 1038 1038
    1031 1025 1022 1019 1010 1004 998 995 987 984 975 973 970 964 962
    959 954 948 943 943 933 930 925 923 918 915 913 910 908 906 898 891
    887 885 882 878 875 873 869 864 860 860 856 849 845 843 839 835 833
    833 833 831 831 833 835 835 837 839 839 1038 1034 1031 1025 1022
    1019 1010 1007 1001 995 987 981 975 973 970 967 962 959 954 948 946
    943 933 930 925 923 920 918 913 910 908 906 898 891 887 887 885 878
    875 871 869 864 860 860 858 849 845 843 839 837 833 831 831 831 831
    833 833 835 837 839 839 1034 1034 1031 1025 1022 1019 1010 1007 1001
    995 987 981 978 975 973 967 962 962 954 948 946 943 940 933 925 923
    920 918 910 910 908 906 898 891 889 887 885 878 875 871 869 867 862
    860 851 849 845 843 839 837 833 831 831 831 831 833 833 835 837 839
    839 1034 1034 1031 1025 1022 1016 1010 1007 1001 998 987 984 978 975
    973 970 964 962 954 951 946 943 938 933 928 923 920 918 910 910 908
    906 896 891 889 887 882 878 875 871 869 867 862 860 851 849 847 843
    841 837 835 833 831 831 831 831 833 833 837 839 841 0 1031 1031 1025
    1022 1016 1010 1007 1001 998 987 984 978 975 973 967 964 962 954 951
    948 943 938 933 928 923 920 915 910 910 908 906 896 891 889 887 882
    878 875 871 869 867 864 860 856 849 847 843 841 839 837 833 831 831
    831 831 833 833 837 839 841 0 1028 1028 1028 1025 1019 1010 1007
    1001 992 987 984 984 975 973 967 964 962 959 951 948 943 933 933 930
    925 918 915 910 910 908 906 896 894 889 887 882 878 875 871 869 867
    864 860 856 849 847 843 843 839 837 833 831 829 829 831 833 835 837
    839 841 0 1028 1028 1028 1025 1019 1010 1007 1001 992 989 984 978
    975 973 967 964 962 959 951 948 946 933 933 930 925 918 915 910 910
    906 906 896 894 889 887 882 880 878 873 869 867 867 860 858 851 849
    845 843 841 837 835 831 829 829 831 833 835 839 839 841 0 1031 1028
    1028 1022 1016 1013 1007 1001 992 989 984 978 975 973 967 964 962
    959 951 948 943 933 933 930 925 918 915 910 910 906 906 898 894 889
    885 885 880 878 873 869 867 867 860 858 851 849 847 845 841 837 835
    833 831 831 831 833 835 837 839 839 0 1034 1034 1031 1022 1016 1013
    1007 1004 992 989 984 981 975 973 967 964 962 959 951 951 943 940
    933 930 923 918 915 913 910 906 906 898 896 891 885 885 880 878 873
    869 867 867 862 858 851 849 847 843 841 837 835 833 831 831 831 833
    835 837 839 839 0 1034 1031 1028 1022 1019 1013 1010 1004 992 989
    984 981 975 973 967 964 962 956 951 946 943 940 933 928 923 920 918
    913 913 908 906 898 896 891 887 885 880 880 875 871 867 867 860 858
    851 849 847 843 839 837 835 833 831 829 829 831 833 837 839 839 0
    1034 1028 1025 1022 1019 1016 1010 1004 992 989 987 981 975 973 970
    964 964 956 954 946 943 938 933 928 923 920 920 915 913 913 901 898
    896 894 887 885 880 880 875 871 867 864 860 856 851 849 847 843 839
    837 835 833 831 829 829 831 833 837 839 839 0 1031 1028 1025 1022
    1019 1013 1010 1007 998 989 987 981 975 973 970 964 962 959 954 948
