<?xml version="1.0"?>
<opencv_storage>
<Depth9040 type_id="opencv-matrix">
  <rows>11</rows>
  <cols>7</cols>
  <dt>w</dt>
  <data>
    8019 8212 8212 8019 8019 0 0 8019 8212 8019 8019 8019 0 0 8019 8019
    8019 8019 8019 8019 0 8019 8019 8019 8019 8019 8019 0 8019 8019 8019
    8212 8019 8019 0 8212 8212 8212 8212 8019 8019 8019 0 0 8212 8212
    8212 8019 8019 0 0 8212 8212 8212 8019 8019 0 0 8019 8019 8019 8019
    8019 0 0 8019 8019 8019 8019 8019 0 0 8019 8019 8019 8019 7835</data></Depth9040>
</opencv_storage>
