<?xml version="1.0"?>
<opencv_storage>
<Depth18360 type_id="opencv-matrix">
  <rows>26</rows>
  <cols>33</cols>
  <dt>w</dt>
  <data>
    2349 2349 2349 2349 2349 2349 3064 3092 3149 3149 3149 3149 3120
    3120 3149 3149 3149 3178 3208 3238 3269 3269 3300 3300 3300 3300
    3300 3333 3333 3333 3333 3333 3333 2333 2333 2349 2333 2333 2317
    2317 2317 2317 3149 3120 3120 3120 3120 3120 3149 3149 3149 3178
    3208 3238 3238 3269 3269 3238 3238 3269 3269 3300 3300 3300 3333 0
    2301 2286 2286 2333 2333 2286 2286 2301 2301 2317 2317 2317 3064
    3092 3092 3120 3149 3149 3178 3178 3178 3178 3178 3178 3178 3208
    3208 3238 3269 3269 3269 3300 0 2256 2256 2241 2226 2226 2241 2241
    2286 2301 2317 2301 2301 2984 3010 3010 3037 3064 3064 3178 3178
    3149 3149 3149 3149 3149 3178 3178 3208 3269 3269 3269 3300 0 2256
    2256 2241 2226 2226 2226 2226 2286 2301 2317 2301 2301 2301 2317
    2349 2349 2349 2365 3178 3092 3092 3120 3120 3120 3149 3149 3178
    3178 3238 3269 3269 3300 0 2256 2241 2241 2226 2226 2226 2226 2226
    2349 2301 2301 2301 2301 2301 2333 2349 2349 2349 2349 2365 3092
    3092 3092 3092 3120 3120 3120 3149 3149 3178 3269 3300 0 2286 2241
    2241 2226 2226 2226 2226 2226 2301 2301 2286 2286 2301 2301 2317
    2333 2333 2349 2349 2349 2349 2365 2365 2365 3120 3120 3120 3120
    3149 3178 3178 3300 0 2286 2271 2271 2256 2256 2241 2241 2241 2226
    2226 2241 2241 2271 2286 2286 2286 2301 2333 2333 2333 2349 2349
    2365 2365 2349 2349 2349 2349 3149 3149 3178 0 0 2286 2286 2286 2286
    2271 2256 2241 2241 2226 2226 2241 2241 2256 2256 2256 2271 2271
    2317 2317 2317 2317 2333 2349 2349 2349 2333 2333 2333 3149 3149
    3178 0 0 2286 2286 2286 2271 2271 2256 2256 2256 2241 2241 2241 2241
    2256 2256 2256 2241 2241 2301 2301 2301 2301 2301 2301 2333 2333
    2333 2333 2333 2349 2349 2349 2365 2365 2271 2271 2286 2271 2271
    2256 2256 2256 2256 2256 2256 2241 2241 2256 2256 2241 2241 2241
    2271 2271 2286 2256 2256 2301 2301 2301 2301 2301 2301 2333 2333
    2349 2349 2271 2271 2286 2271 2271 2271 2271 2271 2271 2256 2256
    2241 2241 2256 2256 2241 2241 2241 2256 2256 2271 2256 2256 2271
    2271 2271 2286 2271 2271 2286 2286 2286 2349 2271 2271 2271 2271
    2271 2271 2271 2271 2256 2256 2256 2241 2241 2256 2256 2256 2256
    2271 2256 2256 2271 2256 2256 2271 2256 2256 2256 2241 2241 2226
    2226 2286 2349 2271 2271 2271 2271 2271 2271 2271 2271 2256 2256
    2256 2241 2241 2256 2256 2271 2271 2286 2271 2271 2286 2286 2286
    2271 2256 2256 2256 2241 2226 2212 2212 2365 2365 2271 2271 2286
    2286 2286 2286 2286 2271 2256 2256 2256 2256 2256 2271 2271 2271
    2271 2286 2271 2271 2286 2286 2286 2271 2256 2256 2256 2241 2226
    2212 2212 2212 0 2271 2271 2286 2286 2286 2271 2271 2271 2271 2271
    2271 2271 2271 2271 2271 2271 2271 2286 2286 2286 2301 2286 2286
    2286 2286 2271 2256 2241 2226 2198 2198 2198 0 0 2301 2286 2286 2286
    2271 2271 2286 2286 2271 2271 2271 2271 2271 2271 2271 2271 2286
    2286 2286 2301 2301 2286 2286 2286 2271 2256 2241 2226 2198 2198
    2198 0 0 2301 2286 2286 2286 2286 2271 2271 2286 2286 2286 2271 2271
    2271 2271 2271 2271 2286 2286 2286 2301 2301 2286 2286 2286 2286
    2271 2241 2226 2226 2241 0 0 0 0 2256 2256 2271 2286 2271 2271 2286
    2286 2286 2286 2286 2286 2286 2271 2271 2286 2286 2286 2301 2301
    2301 2271 2271 2271 2256 2256 2256 2241 2241 0 0 2256 2241 2241 2241
    2271 0 0 0 0 0 2271 2271 2271 2286 2286 2286 2286 2301 2301 2301
    2301 2301 2286 2271 2271 2271 2256 2256 2256 2256 2256 0 0 2256 2241
    2241 2241 0 0 0 0 0 0 2271 2271 2271 2286 2286 2301 2301 2301 2301
    2301 2301 2301 2286 2271 2271 2271 2271 2286 2271 2256 2256 0 0 0 0
    0 0 0 0 0 0 0 0 0 2286 2286 2286 2286 2301 2301 2317 2301 2301 2301
    2301 2286 2271 2271 2271 2271 2286 2271 2256 2256 0 0 0 0 0 0 0 0 0
    0 0 0 0 0 2286 2286 0 0 0 2317 2286 2286 2286 2301 2286 2286 2286
    2286 2286 2286 2271 2256 2256 0 0 0 0 0 0 0 0 0 0 0 0 0 0 0 0 0 0 0
    0 2286 2286 2286 2301 2301 2301 2286 2286 2286 2286 2301 2286 2286 0
    0 0 0 0 0 0 0 0 0 0 0 0 0 0 0 0 0 0 0 0 0 0 0 2333 2317 2286 2286
    2286 2286 2301 2301 2301 0 0 0 0 0 0 0 0 0 0 0 0 0 0 0 0 0 0 0 0 0 0
    0 0 0 0 0 2317 2301 2301 2317 2317 2317 0 0</data></Depth18360>
</opencv_storage>
