<?xml version="1.0"?>
<opencv_storage>
<Depth10317 type_id="opencv-matrix">
  <rows>96</rows>
  <cols>119</cols>
  <dt>w</dt>
  <data>
    3503 3503 3503 3503 3503 3503 3468 3468 3433 3433 3468 3468 3468
    3503 3468 3468 3468 3468 913 913 913 913 918 915 915 918 918 918 918
    3503 3503 3468 3433 3433 3433 3468 3468 3433 3433 3468 3468 3433
    3433 3433 3433 3433 3433 3433 3433 3433 3399 3399 3433 3433 3399
    3399 3433 3433 3433 3468 3433 3433 3433 3433 3433 3433 3433 3399
    3365 3333 3333 3300 3300 3333 3333 3399 3433 3433 3433 3433 3433
    3433 3433 3433 3365 3365 3333 3333 3333 3300 3300 3269 3269 2503
    2485 2467 2450 2432 2432 2432 2432 2432 2432 2450 2467 2467 2467
    2467 2467 0 0 0 0 0 0 0 0 0 0 3503 3503 3503 3503 3503 3503 3503
    3503 3503 3503 3503 3503 3503 3468 3468 3468 3468 3468 910 910 910
    910 915 915 915 918 918 918 918 915 915 3468 3468 3468 3468 3468
    3468 3468 3433 3433 3468 3433 3433 3433 3433 3433 3433 3433 3433
    3433 3399 3399 3433 3433 3399 3399 3468 3433 3433 3468 3468 3468
    3468 3433 3433 3433 3433 3399 3365 3333 3333 3300 3300 3333 3333
    3399 3433 3433 3433 3433 3433 3433 3433 3433 3365 3365 3333 3333
    3300 3269 3269 3269 2503 2485 2485 2467 2450 2450 2432 2432 2432
    2432 2432 2450 2467 2467 2467 2467 2467 0 0 0 0 0 0 0 0 0 0 3503
    3503 3503 3503 3503 3503 3503 3503 3503 3503 3503 3503 933 933 933
    3468 3468 910 910 910 910 910 910 913 913 915 915 915 915 915 915
    918 918 3503 3503 3468 3468 3468 3433 3433 3468 3433 3433 3433 3433
    3433 3433 3433 3433 3433 3433 3433 3433 3433 3433 3433 3468 3433
    3433 3433 3433 3433 3468 3433 3433 3433 3433 3399 3399 3333 3333
    3333 3333 3333 3365 3399 3433 3433 3433 3433 3433 3433 3399 3399
    3399 3365 3333 3333 3300 3269 3238 3238 2503 2485 2485 2467 2432
    2432 2432 2432 2432 2450 2450 2450 2450 2450 2467 2415 2398 2398 0 0
    0 0 0 0 0 0 0 3503 3503 3503 3503 3503 3503 3503 3503 3503 3503 3503
    0 930 930 928 928 923 910 910 910 910 908 908 908 908 908 910 910
    910 913 915 918 915 913 913 913 913 913 3468 3468 3468 3433 3433
    3433 3433 3433 3433 3433 3433 3433 3433 3433 3433 3433 3433 3433
    3433 3433 3433 3433 3433 3433 3433 3433 3433 3433 3399 3365 3365
    3333 3333 3333 3333 3333 3365 3433 3433 3433 3433 3433 3433 3433
    3399 3399 3365 3365 3333 3333 3269 3269 3238 3238 2503 2503 2485
    2467 2415 2415 2432 2432 2432 2450 2450 2450 2450 2450 2450 2415
    2398 2349 2333 2333 0 0 0 0 0 0 0 3503 3503 3503 3503 3503 3503 3503
    3503 3503 3503 0 0 930 930 928 928 920 908 906 906 906 906 906 906
    908 908 908 910 910 910 915 918 915 913 913 913 913 913 915 915 915
    3433 3433 3433 3433 3433 3433 3433 3433 3433 3433 3433 3433 3433
    3433 3433 3433 3468 3433 3433 3433 3433 3433 3433 3433 3433 3399
    3365 3365 3333 3333 3333 3333 3333 3333 3433 3433 3433 3433 3433
    3468 3468 3433 3399 3365 3333 3333 3300 3269 3269 3178 3178 2503
    2503 2485 2467 2415 2415 2432 2432 2432 2450 2450 2450 2450 2450
    2450 2415 2365 2349 2333 2333 0 0 0 0 0 0 0 3503 3503 3503 3503 3503
    3503 3503 3503 3503 3503 0 0 933 933 930 928 920 908 903 903 903 903
    903 903 906 906 908 908 908 910 910 910 913 913 915 915 915 915 915
    915 915 915 3433 3433 3433 3433 3433 3399 3399 3433 3433 3433 3433
    3433 3433 3433 3468 3433 3433 3433 3433 3433 3433 3433 3433 3399
    3365 3333 3333 3333 3333 3333 3333 3333 3333 3433 3433 3433 3433
    3433 3468 3468 3433 3399 3333 3300 3300 3300 3269 3269 3178 3178
    2467 2467 2467 2432 2432 2432 2432 2450 2450 2432 2432 2432 2432
    2450 2450 2415 2365 2349 2333 2333 0 0 0 0 0 0 0 3503 3503 3503 3503
    3503 3503 3399 3399 3503 3503 0 0 0 930 928 925 920 903 898 898 898
    901 901 901 903 906 906 908 908 908 908 908 910 910 910 913 913 915
    915 915 915 915 915 915 918 3433 3433 3399 3399 3399 3399 3433 3433
    3433 3433 3433 3468 3433 3433 3433 3433 3433 3433 3433 3399 3399
    3365 3333 3333 3333 3333 3333 3333 3399 3433 3433 3433 3433 3433
    3433 3433 3433 3433 3399 3333 3300 3300 3269 3269 3208 3178 3178
    2467 2467 2467 2432 2432 2432 2432 2450 2450 2432 2432 2432 2432
    2450 2450 2467 2467 2317 2317 0 0 0 0 0 0 0 0 3503 3503 3503 3503
    3503 3468 3333 3333 3333 0 0 0 0 930 923 920 910 898 896 896 896 896
    898 898 901 903 906 906 906 906 906 906 908 908 910 910 910 910 910
    913 913 913 915 915 918 918 918 918 3399 3399 3399 3433 3433 3433
    3433 3433 3468 3468 3468 3468 3468 3433 3433 3433 3399 3365 3333
    3333 3333 3333 3333 3333 3333 3433 3433 3433 3433 3433 3433 3433
    3433 3433 3433 3365 3365 3333 3300 3269 3269 3208 3178 2522 2467
    2467 2450 2432 2432 2432 2450 2450 2450 2432 2432 2432 2432 2432
    2415 2415 2415 2317 2317 2317 2317 0 0 0 0 0 0 3503 3503 3503 3468
    3468 3468 3333 3333 3333 0 0 0 933 925 920 918 908 898 894 891 891
    894 894 894 896 898 898 901 901 903 903 906 906 908 908 908 908 910
    910 910 910 910 910 910 913 913 915 918 918 913 3433 3433 3433 3433
    3433 3433 3468 3433 3433 3468 3468 3433 3433 3433 3399 3365 3333
    3333 3333 3365 3365 3365 3399 3433 3433 3468 3468 3468 3433 3433
    3433 3433 3399 3333 3333 3333 3269 3269 3238 3238 2541 2503 2467
    2467 2432 2432 2432 2432 2450 2432 2432 2432 2432 2432 2432 2415
    2415 2415 2485 2317 2317 2317 2286 2286 0 0 0 0 2170 3468 3468 3468
    3468 3468 0 0 0 0 0 0 0 933 925 915 910 906 894 889 889 889 889 891
    891 891 894 896 898 898 901 901 901 901 903 903 903 906 906 908 910
    910 910 910 910 910 910 913 913 913 913 918 918 920 920 923 3433
    3468 3433 3433 3468 3468 3468 3433 3433 3399 3365 3365 3333 3333
    3333 3333 3399 3399 3433 3433 3433 3433 3468 3468 3433 3433 3399
    3399 3333 3333 3333 3269 3238 3238 3238 2522 2485 2467 2450 2432
    2432 2450 2450 2450 2432 2432 2432 2432 2432 2432 2415 2415 2467
    2349 2317 2317 2301 2286 2286 0 0 0 0 2170 3468 3468 3468 3468 0 0 0
    0 0 0 0 0 940 938 913 908 906 885 885 887 889 889 889 889 889 891
    891 891 894 896 898 901 901 901 901 901 901 903 903 906 908 908 908
    908 908 910 913 913 913 913 915 915 918 920 923 923 923 920 920 920
    3468 3468 3468 3433 3399 3399 3365 3365 3333 3333 3333 3399 3433
    3433 3433 3433 3433 3468 3468 3433 3433 3399 3399 3365 3333 3300
    3269 3238 3238 3238 2522 2467 2450 2450 2432 2432 2450 2450 2450
    2450 2450 2450 2432 2432 2415 2415 2415 2432 2317 2301 2286 2286
    2271 2256 2256 2256 0 2156 2156 3503 3468 3468 3468 0 0 0 0 0 0 0 0
    940 938 913 871 871 873 873 882 885 887 887 887 889 889 889 889 891
    891 894 896 896 898 898 898 898 901 901 903 906 906 908 908 908 908
    910 910 910 910 913 913 915 918 920 923 923 920 920 920 925 930 930
    930 3399 3399 3365 3365 3300 3300 3333 3399 3433 3433 3433 3433 3468
    3468 3468 3433 3433 3399 3399 3365 3333 3300 3269 3269 3269 2522
    2485 2467 2450 2415 2415 2432 2450 2450 2450 2450 2450 2450 2432
    2432 2415 2415 2415 2398 2317 2301 2271 2256 2241 2226 2226 2212
    2212 2212 2156 3468 3468 3468 3468 0 0 0 0 0 0 0 0 943 943 943 871
    871 873 873 878 880 882 882 882 882 887 887 889 889 889 891 891 891
    894 896 896 896 898 898 901 901 901 903 903 903 906 906 908 908 910
    913 913 913 913 915 920 920 923 920 920 923 925 925 928 928 928 925
    3300 3300 3300 3333 3399 3433 3433 3433 3433 3433 3433 3433 3433
    3433 3399 3399 3399 3333 3300 3269 3269 3269 2503 2467 2450 2432
    2415 2415 2432 2450 2450 2450 2450 2450 2450 2432 2432 2415 2415
    2398 2381 2381 2301 2271 2256 2241 2226 2226 2212 2198 2198 2156
    3468 3468 3468 3468 0 0 0 0 0 0 0 0 0 0 873 873 873 873 873 875 878
    880 880 880 882 882 882 885 885 887 889 889 889 891 891 894 896 896
    896 896 896 901 901 901 901 901 903 906 908 908 910 910 910 913 913
    915 918 918 920 920 923 923 923 923 925 925 925 923 925 3433 3433
    3433 3468 3468 3468 3433 3433 3433 3433 3433 3433 3433 3433 3399
    3365 3333 3300 3269 3269 2503 2467 2450 2432 2432 2432 2450 2450
    2432 2432 2432 2432 2450 2415 2415 2381 2381 2398 2381 2381 2301
