<?xml version="1.0"?>
<opencv_storage>
<Depth11740 type_id="opencv-matrix">
  <rows>10</rows>
  <cols>17</cols>
  <dt>w</dt>
  <data>
    6146 6038 5832 5734 5734 5734 5640 5640 5734 5734 5734 6038 6038
    6038 6038 6038 6038 5832 5734 5734 5640 5640 5640 5640 5640 5640
    5640 5640 5734 5734 5933 5933 5933 5933 5734 5640 5640 5640 5640
    5640 5640 5640 5640 5640 5640 5640 5640 5734 5734 5734 5933 5640
    5640 5640 5548 5548 5640 5640 5640 5640 5548 5548 5548 5548 5548
    5548 5640 5640 5640 5548 5548 5548 5548 5548 5548 5548 5548 5548
    5548 5548 5548 5548 5548 5548 5548 5640 5548 5548 5548 5548 5548
    5548 5548 5460 5460 5460 5460 5460 5460 5460 5460 5460 5640 5640
    5548 5548 5548 5460 5460 5460 5460 5460 5460 5374 5374 5374 5374
    5374 5374 5640 5640 5548 5460 5460 5460 5460 5460 5460 5460 5374
    5374 5374 5374 5291 5291 5210 1370 5640 5548 5460 5460 5460 5460
    5460 5374 5374 5374 5291 5291 5291 5210 5210 5132 1370 1370 1370
    5460 5460 5460 5460 5374 5291 5210 5210 5056 5056 4983 4983 4774
    4774</data></Depth11740>
</opencv_storage>
