<?xml version="1.0"?>
<opencv_storage>
<Depth15373 type_id="opencv-matrix">
  <rows>47</rows>
  <cols>29</cols>
  <dt>w</dt>
  <data>
    4295 4295 4295 4241 4241 4295 4295 4295 2156 1833 1833 1823 1823
    2198 2198 2198 2198 4522 4522 4582 4582 4582 4645 4645 4708 4708
    4708 4708 4708 4295 4295 2116 2116 2129 2129 2143 2129 2129 2143
    2129 2116 2116 2129 2184 2198 2212 2212 2198 2198 2198 2226 4645
    4645 4708 4708 4708 4708 4708 2156 2143 2116 2116 2129 2129 2129
    2129 2129 2129 2129 2116 2116 2129 2156 2184 2198 2198 2198 2198
    2198 2226 2271 4708 4708 4708 4708 4708 4708 2156 2143 2116 2116
    2116 2116 2129 2129 2129 2116 2116 2116 2116 2129 2143 2156 2198
    2198 2198 2198 2198 2256 2271 2271 2286 2301 4708 4708 4708 2143
    2143 2129 2129 2116 2116 2129 2129 2129 2103 2103 2103 2116 2129
    2143 2156 2198 2198 2198 2212 2226 2256 2271 2271 2286 2301 2301
    2333 4708 2143 2143 2143 2129 2129 2129 2116 2116 2116 2103 2103
    2103 2116 2129 2156 2156 2170 2184 2198 2212 2226 2256 2256 2271
    2286 2301 2301 2317 4708 2143 2143 2143 2129 2129 2129 2116 2116
    2103 2103 2103 2103 2116 2129 2156 2156 2170 2184 2198 2212 2226
    2241 2256 2271 2286 2301 2301 2317 4708 2143 2143 2143 2129 2129
    2129 2116 2116 2103 2103 2103 2103 2116 2129 2156 2156 2170 2184
    2212 2212 2226 2241 2256 2286 2286 2301 2317 2317 4708 2129 2129
    2143 2129 2129 2129 2129 2116 2103 2103 2103 2116 2116 2129 2156
    2170 2170 2184 2212 2212 2226 2256 2271 2286 2286 2317 2317 2333
    4774 2129 2129 2129 2129 2129 2129 2129 2116 2103 2103 2103 2116
    2116 2129 2156 2170 2184 2198 2212 2212 2226 2256 2271 2286 2286
    2317 2317 2333 4842 2129 2129 2129 2129 2129 2129 2129 2116 2116
    2103 2103 2116 2116 2129 2156 2156 2184 2198 2212 2212 2226 2256
    2271 2286 2301 2317 2317 2333 4911 2129 2129 2129 2129 2129 2129
    2129 2129 2116 2116 2116 2116 2116 2129 2156 2156 2184 2184 2212
    2212 2241 2256 2271 2286 2286 2301 2317 2317 4911 2116 2129 2129
    2129 2129 2129 2116 2116 2116 2116 2116 2116 2116 2129 2156 2156
    2170 2184 2198 2212 2241 2256 2271 2286 2286 2301 2317 2317 4911
    2116 2129 2129 2129 2129 2129 2116 2116 2103 2103 2116 2116 2116
    2116 2143 2156 2170 2184 2198 2212 2226 2256 2286 2286 2301 2317
    2317 2333 4911 2116 2129 2129 2129 2129 2129 2116 2116 2103 2103
    2103 2103 2116 2116 2143 2156 2156 2198 2198 2212 2226 2256 2286
    2286 2301 2317 2317 2333 2333 2116 2129 2129 2129 2129 2129 2116
    2116 2116 2116 2103 2103 2116 2129 2156 2156 2156 2184 2198 2212
    2226 2241 2286 2286 2301 2317 2317 2349 2349 2116 2129 2129 2129
    2129 2129 2116 2116 2116 2116 2103 2103 2116 2129 2156 2156 2170
    2184 2198 2212 2212 2241 2286 2286 2286 2301 2333 2333 2333 2129
    2129 2129 2129 2129 2129 2129 2116 2116 2116 2103 2103 2103 2129
    2156 2156 2156 2170 2198 2198 2212 2241 2286 2286 2286 2301 2333
    2333 2333 2129 2129 2129 2129 2129 2129 2129 2129 2116 2116 2103
    2103 2103 2129 2156 2156 2156 2170 2198 2198 2212 2256 2271 2286
    2286 2301 2333 2333 2333 2143 2143 2143 2129 2129 2129 2129 2129
    2116 2116 2116 2116 2116 2129 2156 2156 2156 2170 2198 2198 2212
    2256 2271 2271 2286 2301 2317 2317 2317 2156 2143 2143 2129 2129
    2129 2129 2129 2116 2116 2116 2116 2116 2129 2156 2156 2156 2184
    2198 2212 2226 2256 2271 2271 2286 2301 2317 2317 2317 2156 2143
    2143 2129 2129 2129 2129 2129 2116 2116 2116 2116 2116 2129 2156
    2156 2170 2184 2198 2212 2226 2256 2271 2286 2286 2317 2317 2333
    2333 2156 2143 2143 2143 2129 2129 2129 2116 2116 2116 2116 2116
    2116 2129 2156 2156 2170 2198 2198 2212 2226 2256 2271 2286 2286
    2317 2317 2333 2333 2156 2143 2143 2143 2129 2129 2129 2116 2116
    2116 2090 2090 2116 2129 2156 2156 2170 2184 2184 2198 2241 2256
    2271 2286 2286 2317 2317 2333 2333 2143 2143 2143 2143 2129 2129
    2129 2116 2116 2116 2090 2090 2116 2129 2156 2156 2170 2184 2184
    2198 2241 2256 2271 2271 2286 2317 2333 2333 2333 2143 2143 2143
    2143 2143 2129 2129 2116 2116 2116 2103 2103 2116 2129 2156 2156
    2170 2170 2184 2198 2241 2256 2256 2271 2301 2317 2317 2317 2317
    2129 2129 2129 2129 2143 2129 2129 2116 2116 2103 2103 2116 2116
    2129 2156 2156 2170 2170 2184 2198 2241 2256 2256 2271 2301 2317
    2317 2317 2317 2129 2129 2129 2129 2143 2129 2129 2129 2116 2103
    2103 2116 2116 2129 2156 2156 2170 2170 2184 2198 2241 2241 2256
    2271 2301 2317 2301 2301 2301 2129 2129 2143 2143 2143 2129 2129
    2129 2129 2116 2116 2116 2116 2129 2156 2156 2170 2184 2198 2198
    2241 2241 2256 2271 2301 2317 2301 2301 2301 4241 2143 2143 2143
    2143 2129 2129 2129 2129 2116 2116 2116 2116 2129 2143 2156 2170
    2184 2198 2212 2241 2241 2271 2286 2301 2317 2317 2317 2317 4241
    2143 2143 2143 2143 2129 2129 2129 2129 2129 2116 2116 2116 2129
    2143 2156 2184 2184 2198 2212 2241 2256 2271 2271 2301 2317 2317
    2317 2317 4241 2143 2143 2143 2143 2143 2143 2129 2129 2129 2116
    2116 2116 2116 2143 2143 2170 2184 2198 2226 2241 2256 2256 2271
    2301 2317 2317 2333 2333 4241 2156 2143 2143 2143 2143 2129 2129
    2129 2129 2116 2116 2116 2116 2143 2143 2156 2170 2198 2226 2241
    2256 2256 2271 2301 2317 2333 2333 2333 4241 2143 2143 2143 2143
    2143 2129 2129 2129 2129 2129 2129 2129 2129 2143 2143 2156 2170
    2198 2212 2241 2256 2256 2271 2301 2317 2333 2333 2333 4241 2143
    2143 2143 2143 2143 2143 2129 2129 2129 2129 2129 2129 2129 2143
    2143 2170 2170 2198 2212 2241 2256 2271 2271 2301 2317 2317 2333
    2333 4241 2143 2143 2143 2143 2143 2143 2129 2129 2129 2116 2116
    2129 2129 2156 2156 2170 2170 2184 2212 2256 2271 2271 2271 2286
    2301 2317 2333 2333 4190 2129 2129 2143 2143 2143 2143 2129 2129
    2129 2116 2116 2129 2129 2143 2156 2170 2170 2184 2212 2241 2256
    2271 2271 2286 2301 2317 2317 2333 4190 2129 2129 2143 2143 2143
    2143 2129 2129 2129 2129 2129 2129 2129 2143 2156 2170 2170 2198
    2212 2241 2256 2271 2271 2286 2301 2317 2317 2333 4190 2129 2129
    2143 2143 2129 2129 2129 2129 2129 2116 2116 2116 2129 2143 2156
    2156 2170 2198 2212 2241 2256 2256 2271 2286 2301 2317 2317 2317
    4190 4190 2143 2143 2143 2129 2129 2129 2129 2116 2116 2116 2116
    2143 2143 2143 2156 2184 2198 2212 2226 2256 2256 2271 2271 2301
    2317 2317 2317 4190 4190 2143 2143 2143 2143 2129 2129 2129 2116
    2116 2116 2116 2143 2143 2143 2156 2184 2198 2212 2226 2241 2256
    2256 2271 2301 2317 2317 2317 4241 4241 2143 2143 2143 2143 2129
    2129 2129 2116 2116 2116 2116 2143 2143 2143 2156 2184 2198 2212
    2226 2241 2241 2256 2271 2301 2317 2333 2333 4241 2184 2156 2143
    2143 2143 2129 2129 2129 2116 2116 2116 2116 2143 2143 2143 2156
    2184 2198 2212 2226 2241 2241 2256 2271 2271 2317 2333 2349 4241
    2170 2156 2143 2143 2143 2129 2129 2129 2116 2116 2103 2103 2129
    2129 2143 2170 2198 2198 2198 2212 2226 2226 2256 2256 2271 2271
    2271 4582 4190 2170 2156 2143 2143 2143 2143 2129 2129 2129 2116
    2103 2103 2129 2129 2143 2170 2184 2198 2198 2212 2226 2226 2256
    2256 2256 4708 4708 4582 4190 2170 2156 2143 2143 2143 2143 2129
    2129 2129 2129 2116 2116 2129 2143 2143 2170 2184 4645 4645 4645
    4645 4582 4582 4708 4708 4708 4708 4582 4295 4190 2156 2143 2143
    2143 2143 2143 2129 2129 2129 2129 2129 2129 2143 2156 2184 4522
    4582 4582 4582 4645 4582 4582 4708 4708 4708 4774 4774</data></Depth15373>
</opencv_storage>
