<?xml version="1.0"?>
<opencv_storage>
<Depth2238 type_id="opencv-matrix">
  <rows>8</rows>
  <cols>7</cols>
  <dt>w</dt>
  <data>
    6622 6889 6889 6889 6889 6889 6889 6889 6889 7030 7030 7030 7030
    7030 6889 6889 6889 6889 6889 6889 7030 6889 6889 6889 6889 6889
    6889 6753 7030 6753 6753 6753 6753 6753 6753 7030 6753 6753 6753
    6753 6753 6889 7178 7178 7332 7660 7660 8212 0 7178 7178 7332 7660
    8212 8212 0</data></Depth2238>
</opencv_storage>
