<?xml version="1.0"?>
<opencv_storage>
<Depth14230 type_id="opencv-matrix">
  <rows>48</rows>
  <cols>47</cols>
  <dt>w</dt>
  <data>
    6375 6259 6259 6259 6259 6146 6038 6038 6038 6038 5933 5933 5933
    5933 5933 5832 5832 5832 5933 5933 5832 5734 2241 2241 2241 2241
    2226 2226 5640 5640 5640 5548 5460 5460 5374 5374 5374 5291 5291
    5291 5291 5291 5291 5291 5291 5210 5132 6375 6259 6259 6259 6259
    6146 6146 6038 6038 6038 5933 5933 5933 5933 5933 5832 5832 5832
    5933 5933 2256 2241 2241 2241 2241 2241 2226 2212 2212 5640 5640
    5548 5548 5460 5374 5374 5374 5291 5291 5291 5291 5291 5291 5291
    5291 5291 5291 6375 6375 6259 6259 6146 6146 6146 6038 6038 6038
    6038 5933 5933 5933 5933 5832 5832 5832 5933 2256 2241 2241 2241
    2241 2241 2241 2241 2212 2212 2212 5640 5548 5548 5460 5460 5374
    5374 5374 5374 5291 5291 5291 5291 5291 5210 5210 5210 6375 6259
    6259 6259 6146 6146 6146 6146 6038 6038 6038 5933 5933 5933 5933
    5832 5832 2212 2212 2241 2241 2226 2226 2226 2226 2241 2241 2241
    2241 2241 5640 5640 5548 5460 5460 5374 5374 5460 5374 5374 5291
    5291 5291 5291 5210 5210 5210 6375 6259 6259 6259 6146 6146 6146
    6146 6146 6038 6038 2212 2212 6038 2170 2170 2184 2198 2198 2226
    2226 2226 2226 2226 2226 2226 2241 2241 2241 2241 5640 5640 5548
    5548 5460 5460 5460 5460 5374 5374 5291 5291 5291 5291 5291 5210
    5210 6375 6259 6259 6259 6146 6038 6038 6038 6146 2170 2170 2184
    2184 2170 2170 2170 2184 2198 2198 2212 2212 2212 2226 2226 2226
    2226 2241 2241 2226 2226 5640 5640 5640 5548 5460 5460 5460 5460
    5460 5374 5374 5291 5291 5291 5291 5210 5210 6375 6259 6259 6259
    6146 6038 6038 6038 2170 2170 2170 2170 2170 2170 2170 2170 2184
    2184 2198 2198 2198 2212 2226 2226 2226 2241 2241 2241 2226 2226
    2226 5640 5640 5548 5460 5460 5460 5460 5460 5374 5374 5374 5291
    5291 5291 5291 5210 6375 6259 6259 6259 6146 6146 6038 2184 2170
    2156 2156 2156 2156 2170 2170 2170 2184 2184 2184 2198 2198 2212
    2226 2226 2226 2241 2241 2241 2226 2226 2241 5640 5640 5548 5548
    5548 5548 5460 5460 5460 5374 5374 5291 5291 5291 5291 5291 6375
    6259 6259 6259 6259 6146 6038 2170 2170 2156 2156 2156 2156 2156
    2170 2170 2184 2184 2184 2198 2198 2212 2212 2212 2212 2226 2241
    2241 2226 2226 2241 2241 5548 5548 5548 5548 5548 5548 5460 5374
    5374 5374 5374 5291 5291 5291 5291 6375 6259 6259 6259 6259 6375
    6375 2143 2143 2143 2143 2156 2156 2156 2156 2170 2184 2184 2184
    2198 2198 2198 2198 2198 2212 2226 2226 2226 2226 2241 2241 2241
    5548 5548 5640 5548 5548 5548 5460 5374 5374 5291 5291 5374 5291
    5291 5291 6375 6259 6259 6259 2156 2143 2143 2129 2129 2129 2143
    2143 2156 2156 2156 2156 2184 2184 2184 2198 2198 2198 2198 2198
    2198 2212 2212 2226 2226 2226 2241 2241 2241 5640 5640 5640 5548
    5548 5460 5374 5374 5291 5291 5374 5374 5374 5210 6375 6375 6375
    2170 2156 2156 2129 2129 2129 2129 2129 2143 2156 2156 2156 2156
    2184 2184 2184 2198 2198 2198 2198 2198 2198 2198 2198 2212 2212
    2226 2226 2226 2241 5734 5640 5640 5640 5548 5460 5374 5374 5291
    5291 5374 5374 5291 5210 2226 2226 2184 2170 2143 2143 2129 2129
    2129 2129 2129 2143 2143 2143 2143 2143 2170 2184 2198 2198 2198
    2198 2198 2198 2198 2198 2198 2212 2212 2212 2226 2226 2226 2226
    5734 5640 5640 5548 5460 5460 5374 5374 5374 5374 5374 5291 5210
    2226 2184 2184 2170 2143 2143 2143 2129 2129 2129 2129 2129 2129
    2143 2143 2143 2170 2184 2184 2198 2198 2198 2198 2198 2198 2198
    2198 2198 2198 2212 2226 2226 2226 2226 2226 5734 5640 5548 5548
    5460 5374 5374 5374 5374 5374 5291 5210 2226 2184 2184 2184 2170
    2156 2143 2129 2129 2129 2129 2129 2129 2143 2156 2156 2184 2184
    2184 2184 2198 2198 2198 2198 2198 2198 2198 2198 2198 2212 2212
    2226 2226 2226 2241 5832 5640 5548 5548 5460 5460 5374 5374 5374
    5374 5291 5210 2226 2212 2184 2184 2170 2156 2143 2129 2129 2129
    2129 2129 2129 2143 2156 2156 2170 2170 2170 2184 2184 2184 2184
    2184 2184 2184 2198 2198 2212 2212 2212 2212 2226 2226 2226 2226
    5640 5548 5548 5460 5460 5374 5374 5374 5374 5374 5291 2212 2198
    2198 2184 2184 2170 2156 2129 2129 2129 2129 2129 2129 2143 2143
    2156 2170 2170 2170 2170 2184 2184 2184 2184 2184 2184 2198 2198
    2198 2198 2198 2212 2226 2226 2226 2241 5734 5640 5548 5548 5460
    5460 5374 5374 5374 5374 5291 2170 2170 2184 2198 2184 2170 2170
    2143 2129 2129 2129 2129 2129 2143 2143 2143 2156 2170 2170 2170
    2184 2184 2184 2184 2184 2184 2184 2198 2198 2198 2198 2198 2212
    2226 2226 2226 2226 5640 5640 5548 5460 5460 5460 5374 5374 5374
    5291 2170 2170 2170 2184 2198 2184 2170 2156 2129 2129 2129 2129
    2129 2129 2129 2143 2156 2156 2156 2156 2184 2184 2184 2184 2184
    2184 2184 2198 2198 2198 2198 2198 2212 2212 2226 2212 2198 2198
    5640 5640 5548 5460 5460 5374 5374 5374 5291 2170 2170 2170 2184
    2198 2184 2170 2170 2129 2129 2129 2129 2129 2129 2129 2129 2156
    2156 2156 2156 2170 2170 2184 2184 2184 2184 2184 2184 2198 2198
    2198 2212 2212 2212 2212 2212 2198 2198 2212 5640 5548 5548 5460
    5460 5374 5374 5291 6497 6497 2184 2184 2198 2184 2170 2170 2143
    2143 2129 2129 2129 2129 2129 2129 2156 2156 2156 2156 2170 2170
    2184 2184 2184 2184 2184 2184 2198 2198 2212 2212 2212 2212 2198
    2198 2198 2212 2212 2212 5548 5548 5460 5460 5374 5374 5291 6497
    6497 2184 2184 2198 2198 2184 2170 2156 2129 2129 2129 2129 2129
    2129 2129 2156 2156 2156 2156 2170 2170 2170 2184 2184 2184 2184
    2184 2198 2198 2212 2212 2212 2198 2198 2198 2198 2212 2212 2198
    2198 5548 5460 5460 5374 5374 5374 6375 6375 6375 2212 2212 2198
    2198 2184 2156 2129 2129 2129 2129 2129 2129 2129 2156 2156 2156
    2156 2170 2170 2170 2170 2170 2184 2184 2184 2198 2198 2212 2212
    2198 2198 2198 2198 2198 2212 2212 2198 2198 2198 5460 5460 5460
    5460 5374 6375 6375 6375 2212 2212 2198 2198 2184 2170 2156 2143
    2129 2129 2129 2129 2129 2156 2156 2156 2156 2170 2170 2170 2170
    2170 2184 2184 2184 2184 2198 2198 2198 2198 2198 2198 2198 2198
    2212 2212 2212 2226 2241 5460 5460 5460 5460 5374 6497 6497 6497
    6497 2212 2212 2198 2184 2170 2156 2143 2143 2129 2129 2129 2129
    2143 2143 2156 2156 2156 2156 2156 2156 2170 2184 2184 2184 2184
    2184 2198 2198 2198 2198 2198 2198 2198 2212 2212 2212 2226 2241
    2241 5548 5548 5548 5460 6497 6497 6497 6622 2212 2198 2198 2184
    2184 2170 2170 2143 2143 2143 2129 2129 2143 2143 2143 2156 2156
    2156 2156 2156 2170 2170 2184 2184 2184 2184 2184 2198 2198 2198
    2198 2198 2198 2212 2212 2226 2226 2241 2241 5548 5548 5548 5460
    6622 6622 6622 6622 6622 2198 2198 2184 2184 2170 2170 2156 2143
    2143 2143 2143 2143 2143 2143 2156 2156 2156 2156 2156 2170 2170
    2184 2184 2184 2184 2184 2198 2198 2198 2198 2198 2212 2212 2212
    2212 2226 2226 2241 5640 5640 5640 5548 6622 6622 6497 6497 6497
    2226 2226 2198 2184 2184 2170 2156 2143 2143 2143 2143 2143 2143
    2143 2143 2143 2143 2156 2156 2156 2170 2184 2184 2184 2184 2184
    2184 2198 2198 2198 2198 2212 2212 2212 2212 2226 2226 2226 2226
    5640 5640 5548 6622 6622 6497 6497 6497 6497 2226 2198 2198 2184
    2170 2170 2156 2143 2129 2129 2143 2143 2143 2143 2143 2143 2156
    2156 2156 2170 2184 2184 2184 2184 2184 2184 2198 2198 2198 2226
    2226 2226 2226 2226 2226 2226 2226 2226 5640 5548 5548 6753 6622
    6497 6497 6497 6497 2198 2198 2198 2184 2184 2170 2156 2143 2129
    2129 2143 2143 2143 2143 2143 2143 2143 2143 2156 2156 2184 2184
    2184 2184 2184 2184 2198 2198 2198 2198 2226 2198 2198 2212 2212
    2212 2226 2226 5640 5548 5460 6753 6753 6622 6622 6497 6497 2198
    2198 2198 2198 2184 2170 2170 2156 2129 2129 2143 2143 2143 2143
    2143 2143 2143 2143 2156 2156 2184 2184 2184 2184 2184 2184 2184
    2198 2198 2198 2198 2198 2198 2212 2212 2212 2212 2226 2241 5548
    5460 6753 6753 6753 6753 6753 6622 6622 6622 2198 2198 2184 2170
    2170 2156 2143 2143 2143 2143 2143 2143 2143 2143 2143 2143 2143
