<?xml version="1.0"?>
<opencv_storage>
<Depth15314 type_id="opencv-matrix">
  <rows>63</rows>
  <cols>46</cols>
  <dt>w</dt>
  <data>
    3859 3859 3903 3903 3903 3903 3903 3903 3903 3903 1529 1529 1536
    1543 1543 1536 1536 1536 1639 1632 1632 1632 1586 1586 1586 3948
    3948 3948 3948 3948 3994 4041 4089 4041 3994 3994 3994 3994 4041
    3994 3994 3994 4089 4089 4089 4089 3859 3859 1586 1557 1557 3903
    3903 3903 3903 1529 1529 1529 1529 1529 1529 1536 1536 1536 1579
    1594 1601 1601 1586 1586 1586 3948 3948 3948 3994 3994 3994 4041
    4089 4041 3994 3994 4041 4041 4041 3994 3994 3994 4089 4089 4089
    4089 1550 1550 1550 1557 1557 1543 1536 1536 1529 1529 1523 1516
    1516 1516 1523 1529 1536 1543 1557 1564 1579 1586 1586 1586 1586
    1586 3948 3948 3994 3994 4041 4041 4089 4041 3994 3994 4041 4041
    4041 4041 4041 4041 4089 4089 4089 4089 1550 1550 1550 1557 1550
    1543 1536 1536 1529 1529 1523 1516 1516 1516 1523 1529 1536 1543
    1550 1557 1564 1579 1586 1586 1586 1594 1594 1609 1616 1616 1624
    1639 1647 4089 4041 4041 4041 4041 4041 4041 4041 4041 4089 4089
    4089 4089 1550 1550 1557 1557 1550 1543 1543 1536 1529 1529 1523
    1523 1523 1523 1523 1529 1536 1543 1550 1557 1564 1579 1586 1586
    1586 1594 1594 1609 1616 1616 1624 1639 1647 1639 1639 4041 4041
    1688 1688 1688 1696 4041 4089 4089 4089 4089 1564 1564 1557 1557
    1557 1550 1543 1536 1529 1529 1523 1523 1523 1523 1523 1529 1536
    1543 1550 1557 1564 1572 1579 1586 1586 1594 1594 1609 1616 1616
    1624 1632 1639 1639 1639 1655 1655 1671 1688 1688 1696 1713 1713
    4089 4089 4089 1572 1564 1557 1557 1557 1550 1550 1543 1536 1536
    1529 1523 1523 1529 1529 1529 1536 1543 1550 1550 1564 1572 1579
    1586 1586 1594 1601 1609 1616 1616 1624 1632 1639 1647 1647 1655
    1655 1671 1688 1696 1713 1713 1713 4041 4041 4041 1572 1564 1557
    1557 1557 1550 1550 1543 1536 1529 1529 1523 1523 1523 1529 1529
    1536 1543 1550 1550 1564 1572 1579 1586 1586 1601 1601 1609 1616
    1616 1624 1624 1639 1647 1655 1655 1663 1671 1680 1705 1705 1696
    1696 1696 4041 4041 1550 1550 1557 1557 1550 1550 1550 1550 1536
    1529 1529 1523 1523 1523 1529 1529 1536 1543 1543 1550 1564 1572
    1579 1579 1579 1594 1601 1609 1609 1616 1616 1624 1639 1647 1655
    1655 1655 1671 1680 1696 1705 1696 1696 1696 4089 4089 1550 1550
    1557 1557 1550 1550 1550 1543 1536 1536 1529 1529 1529 1529 1529
    1529 1536 1543 1543 1550 1564 1572 1579 1579 1579 1594 1601 1609
    1609 1616 1616 1624 1639 1647 1655 1655 1655 1671 1680 1696 1705
    1696 1696 1696 4089 4089 1564 1557 1557 1557 1550 1550 1550 1543
    1536 1536 1529 1529 1529 1529 1529 1529 1536 1543 1543 1550 1564
    1572 1579 1579 1579 1586 1594 1601 1609 1616 1616 1624 1639 1647
    1655 1655 1655 1671 1680 1696 1705 1705 1705 1705 4041 4041 1564
    1557 1557 1557 1557 1557 1550 1543 1536 1529 1529 1529 1529 1529
    1529 1529 1536 1543 1543 1550 1557 1572 1579 1579 1579 1586 1594
    1601 1609 1616 1616 1624 1639 1647 1655 1655 1663 1671 1680 1696
    1705 1713 1713 1713 4041 4041 1572 1557 1557 1557 1557 1557 1550
    1543 1536 1529 1529 1529 1523 1523 1529 1529 1536 1543 1550 1550
    1557 1564 1579 1579 1579 1586 1594 1601 1609 1616 1616 1624 1632
    1647 1655 1655 1671 1680 1680 1696 1705 1713 1713 1713 4041 4041
    1572 1572 1572 1564 1557 1557 1550 1543 1536 1529 1529 1529 1523
    1523 1529 1529 1536 1543 1550 1550 1557 1564 1572 1579 1579 1586
    1594 1601 1609 1616 1616 1624 1632 1647 1655 1655 1671 1680 1680
    1696 1705 1713 1713 1713 4089 4089 1572 1572 1572 1564 1557 1557
    1550 1543 1536 1536 1529 1529 1523 1523 1529 1529 1536 1543 1550
    1550 1557 1564 1572 1579 1579 1586 1594 1601 1616 1616 1616 1624
    1639 1647 1655 1655 1671 1680 1680 1696 1705 1705 1705 1705 4089
    4089 1572 1572 1572 1572 1564 1557 1550 1543 1536 1536 1529 1529
    1523 1523 1529 1536 1543 1543 1550 1550 1557 1564 1572 1579 1586
    1586 1594 1601 1616 1616 1616 1624 1639 1647 1655 1655 1671 1671
    1680 1696 1705 1705 1705 1705 4089 4089 1572 1572 1572 1572 1564
    1557 1550 1550 1536 1536 1529 1529 1523 1523 1529 1529 1543 1550
    1550 1550 1557 1564 1572 1579 1586 1586 1601 1609 1616 1616 1616
    1632 1639 1647 1655 1655 1671 1671 1680 1696 1705 1713 1713 1713
    4089 4089 1572 1572 1572 1572 1564 1557 1550 1550 1543 1536 1529
    1529 1523 1523 1529 1529 1543 1550 1550 1557 1564 1572 1572 1579
    1586 1586 1601 1601 1609 1616 1616 1639 1647 1647 1655 1655 1671
    1671 1680 1696 1696 1705 1713 1713 4089 4089 1572 1572 1572 1572
    1564 1557 1557 1550 1543 1536 1529 1529 1529 1529 1529 1529 1543
    1550 1550 1557 1564 1572 1572 1579 1586 1586 1594 1601 1609 1616
    1624 1639 1647 1647 1655 1663 1671 1671 1680 1696 1696 1705 1713
    1713 4089 4089 1572 1572 1572 1572 1564 1557 1557 1550 1543 1536
    1529 1529 1529 1529 1529 1529 1543 1543 1550 1557 1557 1564 1572
    1579 1586 1586 1586 1601 1609 1616 1624 1639 1639 1647 1655 1655
    1671 1671 1680 1696 1696 1705 1713 1713 4041 4041 1572 1572 1572
    1572 1564 1557 1550 1550 1543 1536 1529 1529 1529 1529 1529 1529
    1543 1543 1550 1550 1557 1564 1572 1579 1579 1586 1586 1594 1609
    1616 1632 1639 1639 1647 1647 1655 1671 1671 1680 1688 1696 1705
    1713 1713 4041 4041 1557 1557 1557 1572 1572 1557 1550 1550 1543
    1536 1536 1529 1529 1529 1529 1529 1536 1543 1550 1550 1557 1564
    1572 1579 1579 1586 1586 1594 1609 1609 1632 1632 1639 1639 1647
    1655 1671 1671 1680 1688 1696 1705 1713 1713 1713 4089 1557 1557
    1557 1572 1572 1557 1550 1550 1543 1536 1536 1529 1529 1529 1529
    1529 1536 1543 1543 1550 1557 1557 1572 1579 1579 1586 1586 1594
    1609 1609 1632 1632 1639 1639 1647 1655 1671 1671 1680 1688 1696
    1705 1713 1713 1713 4139 3994 1564 1564 1572 1572 1557 1550 1550
    1543 1536 1536 1529 1529 1529 1529 1529 1536 1543 1543 1550 1557
    1557 1572 1572 1579 1586 1586 1601 1609 1609 1624 1632 1639 1639
    1647 1655 1671 1671 1680 1688 1696 1713 1713 1713 1713 4190 3994
    1564 1564 1579 1572 1550 1550 1550 1543 1536 1536 1529 1529 1529
    1529 1529 1536 1543 1550 1550 1557 1564 1572 1572 1579 1586 1594
    1601 1609 1609 1624 1632 1639 1639 1647 1655 1663 1671 1680 1688
    1696 1713 1713 1713 1713 4190 1586 1586 1579 1579 1564 1550 1550
    1550 1543 1536 1536 1529 1529 1529 1529 1529 1529 1536 1550 1550
    1557 1564 1572 1572 1579 1586 1594 1609 1609 1616 1624 1632 1639
    1639 1647 1655 1663 1671 1680 1688 1696 1713 1722 1722 1722 4139
    1594 1594 1586 1579 1564 1557 1550 1550 1543 1536 1536 1529 1529
    1529 1529 1529 1529 1536 1543 1550 1557 1564 1564 1572 1579 1586
    1594 1601 1609 1616 1624 1632 1639 1647 1647 1655 1663 1671 1680
    1696 1696 1713 1713 1713 1713 4139 1594 1594 1586 1579 1564 1557
    1550 1550 1550 1536 1536 1529 1529 1529 1529 1529 1529 1536 1543
    1550 1557 1564 1564 1579 1586 1586 1586 1601 1609 1616 1624 1632
    1639 1639 1647 1663 1663 1671 1680 1688 1696 1705 1713 1713 1713
    4089 3859 1579 1579 1579 1564 1557 1557 1557 1550 1543 1543 1536
    1529 1529 1529 1529 1529 1536 1543 1550 1557 1557 1572 1579 1586
    1586 1586 1594 1609 1616 1616 1624 1632 1639 1655 1663 1671 1671
    1671 1688 1696 1705 1713 1713 1713 4089 0 1579 1579 1579 1579 1557
    1557 1557 1550 1543 1543 1536 1529 1529 1529 1529 1529 1536 1543
    1550 1557 1557 1572 1579 1579 1586 1586 1594 1609 1616 1616 1624
    1624 1639 1647 1655 1663 1671 1671 1688 1696 1705 1713 1713 1713
    4089 3948 1579 1579 1579 1579 1564 1557 1557 1550 1543 1543 1536
    1529 1529 1529 1529 1529 1536 1543 1550 1557 1557 1564 1572 1579
    1579 1586 1594 1609 1616 1616 1624 1624 1632 1639 1647 1663 1663
    1671 1688 1696 1705 1713 1713 1713 4089 3948 1579 1579 1572 1572
    1564 1557 1557 1550 1543 1543 1536 1529 1529 1529 1529 1529 1536
    1543 1550 1557 1564 1564 1572 1579 1579 1586 1594 1609 1616 1616
    1624 1624 1632 1639 1647 1663 1663 1671 1688 1696 1713 1713 1713
