<?xml version="1.0"?>
<opencv_storage>
<Depth15152 type_id="opencv-matrix">
  <rows>27</rows>
  <cols>39</cols>
  <dt>w</dt>
  <data>
    5210 5056 5056 5210 2639 2639 2659 2659 2659 2680 2680 2680 2680
    2680 2680 2701 2701 2723 5548 5548 5460 5460 5460 5460 5460 5374
    5374 5460 5460 5548 5548 5548 5548 5548 5460 5460 5460 5548 5548
    5132 5056 5056 2639 2639 2639 2659 2659 2659 2680 2680 2680 2680
    2680 2680 2701 2701 2701 2701 2701 2701 2701 2723 2767 2767 2767
    5374 5374 5374 2767 2767 5460 5460 5548 5548 5460 5460 5548 5548
    5132 5056 5056 2639 2639 2639 2659 2659 2659 2659 2659 2659 2680
    2680 2680 2701 2701 2701 2701 2701 2701 2701 2723 2744 2767 2744
    2723 2723 2744 2744 2767 2767 2767 2767 2767 5548 5548 5734 5734
    5210 5210 5210 2639 2639 2659 2659 2639 2639 2639 2639 2639 2680
    2680 2680 2680 2701 2701 2701 2701 2701 2701 2723 2723 2723 2723
    2723 2723 2723 2744 2744 2744 2767 2767 2767 2767 2767 2789 5734
    5291 2680 2659 2639 2639 2659 2639 2639 2639 2639 2639 2639 2659
    2680 2680 2680 2701 2701 2701 2680 2680 2701 2701 2701 2723 2723
    2723 2723 2723 2744 2744 2744 2744 2744 2767 2767 2767 2767 5734
    2659 2659 2659 2659 2659 2659 2639 2639 2639 2639 2639 2639 2659
    2659 2659 2659 2680 2680 2680 2680 2680 2701 2701 2701 2701 2701
    2701 2723 2723 2723 2723 2723 2744 2744 2744 2744 2701 2701 2701
    2659 2659 2659 2659 2659 2659 2659 2639 2639 2639 2639 2639 2659
    2659 2659 2659 2680 2680 2680 2680 2680 2680 2701 2701 2701 2701
    2701 2701 2701 2701 2701 2701 2723 2723 2723 2723 2701 2701 2701
    2680 2680 2659 2659 2659 2659 2659 2659 2639 2639 2639 2639 2659
    2659 2659 2659 2680 2680 2680 2680 2680 2680 2701 2701 2701 2701
    2701 2701 2701 2701 2701 2701 2701 2723 2723 2723 2701 2701 2701
    2701 2680 2659 2659 2659 2659 2659 2659 2659 2659 2659 2659 2659
    2659 2659 2659 2680 2680 2680 2701 2701 2701 2701 2701 2701 2701
    2701 2701 2701 2701 2701 2701 2701 2723 2723 2701 2701 2701 2701
    2701 2701 2680 2680 2680 2680 2680 2659 2659 2659 2659 2659 2659
    2659 2659 2680 2701 2701 2701 2701 2701 2701 2701 2701 2723 2701
    2701 2701 2701 2701 2701 2723 2723 2723 2723 2701 2701 2701 2701
    2701 2701 2680 2680 2680 2680 2680 2680 2680 2680 2680 2659 2659
    2680 2680 2680 2701 2701 2701 2701 2701 2723 2701 2701 2723 2723
    2723 2723 2723 2723 2723 2744 2723 2723 2723 2723 2723 2723 2723
    5056 2680 2680 2680 2680 2680 2680 2680 2680 2680 2680 2680 2680
    2680 2680 2680 2701 2701 2723 2723 2723 2723 2723 2723 2723 2723
    2723 2723 2744 2744 2744 2744 2744 2744 2723 2723 2723 2723 2723
    5056 5056 2680 2680 2680 2680 2680 2701 2680 2680 2680 2680 2680
    2701 2701 2701 2723 2723 2723 2723 2723 2723 2723 2723 2723 2723
    2744 2744 2767 2767 2767 2744 2744 2744 2744 2744 2744 2701 2701
    4983 4983 2723 2723 2723 2680 2680 2701 2701 2680 2680 2680 2680
    2701 2701 2723 2744 2744 2723 2723 2723 2723 2723 2723 2744 2744
    2744 2767 2767 2767 2767 2767 2767 2767 2744 2744 2744 2701 2701
    4983 2767 2723 2723 2723 2723 2723 2723 2701 2680 2680 2680 2701
    2701 2723 2723 2744 2744 2744 2744 2744 2744 2744 2744 2744 2744
    2767 2767 2767 2767 2767 2767 2767 2767 2767 2767 2744 2744 5460
    4983 2767 2744 2744 2744 2723 2723 2723 2723 2701 2701 2701 2701
    2723 2744 2744 2767 2767 2767 2744 2744 2767 2767 2767 2767 2767
    2767 2767 2767 2767 2767 2767 2767 2767 2767 2767 2744 2744 5548
    5056 5056 2744 2744 2744 2744 2744 2744 2723 2723 2723 2723 2744
    2744 2744 2744 2767 2767 2767 2744 2744 2767 2767 2767 2767 2767
    2767 2789 2789 2789 2767 2767 2767 2767 2767 2767 2744 2744 5460
    4983 4983 2744 2744 2744 2744 2744 2744 2744 2744 2723 2723 2744
    2744 2744 2744 2767 2767 2767 2789 2789 2767 2767 2767 2767 2789
    2789 2789 2789 2789 2789 2789 2789 2767 2767 2789 2767 2767 2789
    4983 4983 2744 2744 2744 2744 2744 2767 2744 2744 2744 2744 2744
    2767 2744 2744 2767 2767 2789 2789 2789 2789 2789 2789 2789 2789
    2789 2789 2789 2789 2789 2789 2789 2789 2812 2812 2789 2789 2789
    4983 4983 2767 2767 2767 2767 2767 2767 2744 2744 2744 2744 2744
    2767 2744 2744 2789 2789 2789 2789 2789 2789 2789 2789 2789 2789
    2812 2812 2812 2812 2789 2789 2789 2812 2812 2812 2812 2812 5210
    4983 2767 2767 2767 2767 2767 2767 2767 2767 2767 2767 2767 2767
    2767 2767 2767 2789 2789 2789 2812 2789 2789 2789 2789 2789 2789
    2812 2812 2812 2812 2812 2789 2789 2812 2812 2812 2789 2789 5210
    4983 2767 2767 2767 2767 2789 2789 2767 2767 2767 2767 2767 2767
    2767 2789 2789 2789 2789 2789 2812 2812 2812 2812 2812 2812 2812
    2812 2835 2835 2812 2812 2812 2812 2812 2812 2812 2789 2789 5291
    4983 2744 2744 2767 2789 2789 2812 2812 2789 2767 2767 2767 2767
    2767 2789 2789 2812 2812 2812 2835 2835 2835 2812 2812 2835 2835
    2835 2835 2835 2812 2812 2812 2812 2812 2812 2812 2789 2789 5291
    4983 2744 2744 2767 2789 2789 2789 2789 2812 2812 2812 2835 2812
    2789 2789 2812 2835 2835 2835 2835 2835 2835 2835 2835 2835 2835
    2835 2835 2835 2835 2835 2835 2835 2812 2812 2812 2812 2812 5374
    4983 5056 4983 2812 2789 2789 2789 2789 2812 2835 2835 2835 2812
    2789 2789 2812 2859 2859 2812 2812 2812 2812 2835 2835 2859 2859
    2835 2812 2812 2835 2835 2835 2835 2835 2835 2835 2835 5374 5374
    4983 4983 4983 4983 4983 4983 4983 4983 2835 2835 2835 2835 2835
    4983 4983 4983 2859 2859 2812 2812 2812 2812 2835 2859 2859 2859
    2812 2789 2789 2789 2789 2835 2835 2835 2835 2835 2835 5374 5374
    4983 4983 4983 4983 4983 4983 4983 4983 4983 4983 4983 4983 4983
    4983 4983 4983 4983 4983 2835 2835 2835 5056 5132 5132 5132 2859
    2812 2789 2789 2789 2789 2835 2835 2835 2835 2859 2859 5210 5210</data></Depth15152>
</opencv_storage>
