<?xml version="1.0"?>
<opencv_storage>
<Depth18202 type_id="opencv-matrix">
  <rows>117</rows>
  <cols>89</cols>
  <dt>w</dt>
  <data>
    4089 4089 4139 4139 4139 4139 4139 4139 4190 4190 4190 4190 4190
    4190 4190 4241 4295 4349 4349 4349 4349 4349 4349 4349 4349 4405
    4405 4405 4463 4463 4463 4522 4582 4582 4522 4522 4522 4522 4522
    4582 4582 4582 4522 4463 4405 4405 4463 4463 4463 4405 4405 981 978
    978 970 967 967 970 4295 981 981 981 978 4089 4089 4089 4089 4041
    4041 4041 4041 4041 3994 3994 3994 3948 3903 3859 3859 3859 3859
    3859 3859 3859 3816 3816 3774 3774 3732 4089 4089 4139 4139 4139
    4139 4139 4139 4190 4190 4190 4190 4190 4190 4190 4241 4241 4295
    4295 4349 4349 4349 4349 4349 4349 4405 4405 4405 4405 4463 4463
    4522 4582 4582 4522 4522 4522 4522 4522 4582 4582 4582 4522 4463
    4463 4463 4463 4463 4405 4405 4405 981 978 975 973 970 970 970 984
    981 978 978 978 978 4089 4089 4089 4041 4041 4041 4041 4041 4041
    3994 3994 3948 3903 3903 3859 3859 3859 3859 3859 3859 3816 3816
    3774 3774 3732 4089 4089 4139 4139 4139 4139 4139 4139 4190 4190
    4190 4190 4190 4190 4241 4241 4241 4241 4241 4349 4349 4349 4349
    4349 4349 4405 4405 4405 4405 4463 4463 4522 4582 4582 4522 4522
    4522 4522 4522 4582 4582 4582 4522 4522 4522 4463 4463 984 981 981
    984 981 978 975 973 970 970 970 984 981 978 978 978 901 901 901 4089
    4089 4041 4041 4041 4041 3994 3994 3994 3903 3903 3903 3859 3859
    3859 3859 3859 3859 3816 3816 3774 3774 3732 4041 4041 4089 4139
    4139 4139 4190 4190 4190 4190 4190 4190 4190 4190 4241 4241 4241
    4241 4241 4295 4349 4349 4349 4349 4349 4349 4405 4405 4405 4463
    4463 4522 4582 4522 4522 4522 4522 4522 4522 4582 4582 4582 4582 981
    981 981 978 978 978 978 978 978 975 973 973 973 973 973 913 913 910
    910 901 901 901 901 901 901 901 4041 4041 4041 3994 3994 3948 3903
    3903 3903 3903 3859 3859 3859 3859 3859 3816 3816 3816 3774 3774
    4041 4041 4089 4139 4139 4190 4190 4190 4190 4190 4190 4190 4190
    4241 4241 4241 4241 4241 4241 4295 4349 4349 4349 4349 4349 4349
    4405 4405 4405 4405 4463 4522 4522 4522 4522 4522 4522 4522 4522
    4582 975 973 973 975 975 978 975 975 973 973 973 970 967 967 906 906
    908 913 913 910 903 901 901 901 901 901 901 901 901 901 906 906 3903
    3903 3903 3903 3903 3948 3903 3903 3903 3903 3859 3859 3816 3816
    3816 3774 3774 4089 4089 4139 4139 4139 4190 4190 4190 4190 4190
    4190 4190 4241 4241 4241 4241 4241 4295 4295 4349 4349 4349 4349
    4349 4349 4349 4405 4405 4405 4405 4463 4463 4522 975 973 973 973
    4522 978 975 973 970 970 970 970 973 970 970 970 967 962 959 959 908
    906 906 906 906 906 903 901 901 898 898 898 898 901 901 901 906 906
    0 0 3903 3903 3903 3948 3948 3948 3948 3948 3903 3859 3859 3816 3816
    3816 3816 3816 4089 4089 4139 4139 4139 4139 4190 4190 4190 4190
    4190 4190 4241 4241 4241 4241 4295 4295 4349 4349 4349 4349 4349
    4349 4349 4349 4405 4405 4405 4405 4405 4405 973 973 970 970 970 970
    970 970 970 967 964 962 962 962 962 964 967 956 906 906 906 906 903
    901 901 901 901 901 898 898 898 898 898 898 901 903 903 906 0 0 0 0
    0 3948 3948 3948 3948 3948 3948 3903 3903 3859 3816 3816 3816 3816
    3816 4089 4089 4139 4139 4139 4139 4190 4190 4190 4190 4241 4241
    4241 4241 4241 4241 4295 4295 4295 4349 4349 4349 4349 4349 4349
    4349 4405 967 967 967 970 970 970 970 967 964 962 962 959 959 959
    959 956 956 956 959 908 908 906 903 903 901 901 901 898 898 898 898
    898 898 898 898 898 898 901 901 901 903 903 906 906 0 0 0 0 3948
    3948 3948 3948 3948 3948 3948 3903 3859 3859 3859 3816 3816 3816
    4089 4089 4139 4139 4139 4139 4139 4190 4190 4190 4190 4190 4241
    4241 4295 4295 4241 4241 4241 4295 4295 4349 4349 4349 4349 967 967
    964 962 956 956 959 964 964 962 962 959 959 959 954 954 959 896 896
    896 896 898 903 901 901 898 898 896 896 896 896 896 896 896 898 898
    898 898 898 901 901 903 906 906 906 906 0 0 0 0 4041 4041 3994 3994
    3948 3948 3948 3903 3903 3859 3859 3859 3816 3816 4089 4089 4139
    4139 4139 4139 4139 4139 4190 4190 4190 4190 4241 4241 4241 4241
    4190 4190 4190 4295 4295 4295 959 956 956 956 956 951 951 951 951
    954 959 962 962 962 959 898 896 896 896 896 894 891 891 891 894 891
    891 891 891 894 894 894 894 894 896 896 896 898 898 898 898 901 901
    903 906 906 906 906 906 0 0 0 0 0 4041 3994 3994 3948 3948 3903 3903
    3903 3859 3859 3859 3859 3816 4089 4089 4139 4139 4139 4139 4139
    4139 4190 4190 4190 4190 4190 4190 4190 4190 4190 4190 956 956 956
    956 954 954 954 954 948 946 943 943 948 901 901 901 901 898 898 898
    896 894 891 891 889 889 889 889 889 889 889 891 891 894 894 894 894
    894 896 896 898 898 898 898 898 898 901 903 906 906 906 906 906 0 0
    0 0 0 3994 3994 3994 3948 3948 3903 3903 3859 3859 3859 3859 3859
    3816 4089 4089 4089 4139 4139 4139 4139 4139 4139 4190 4190 4190 956
    954 954 4190 956 956 956 954 951 951 948 948 948 946 946 946 943 898
    898 896 896 896 896 896 894 889 889 889 889 889 889 889 889 889 889
    889 889 891 891 894 894 894 894 894 896 898 898 898 898 898 898 898
    901 903 906 906 906 906 906 0 0 0 0 0 3994 3994 3994 3948 3948 3903
    3903 3859 3859 3859 3859 3859 3859 4089 4089 4089 4139 4139 4139
    4139 4139 4139 964 964 956 951 951 951 951 956 956 954 946 946 943
    943 943 935 935 935 935 898 898 894 891 891 891 891 891 889 887 887
    887 887 887 889 889 889 889 889 889 891 894 894 894 894 896 896 896
    898 898 898 898 898 898 901 901 901 903 906 906 906 906 906 0 0 0 0
    0 3994 3994 3994 3948 3948 3903 3903 3903 3859 3859 3859 3859 3859
    4041 4041 4089 4139 4139 4139 4139 4139 956 956 954 951 948 948 948
    948 954 956 933 933 938 943 943 943 928 928 935 935 898 898 889 887
    887 887 887 887 887 885 885 887 887 887 889 887 887 887 889 889 891
    894 896 894 894 896 896 896 898 898 898 898 898 898 901 901 901 903
    903 906 906 906 906 906 0 0 0 0 4041 3994 3994 3948 3948 3903 3903
    3903 3859 3859 3859 3859 3859 4041 4041 4089 878 878 878 4089 4139
    956 946 943 943 940 940 940 928 925 925 923 923 930 930 878 878 878
    878 878 875 875 878 880 882 882 885 885 885 885 885 885 887 887 887
    889 887 887 887 889 889 894 896 896 896 896 896 896 896 898 898 898
    898 898 903 903 903 903 901 901 906 906 906 906 906 0 0 0 0 4041
    3994 3994 3948 3948 3948 3948 3903 3903 3859 3859 3859 3859 4041 891
    885 878 878 875 875 875 875 938 938 938 935 935 933 925 925 925 923
    923 930 930 878 878 878 878 878 875 875 878 878 880 880 882 885 885
    885 885 885 887 887 887 889 889 889 889 889 891 894 894 896 896 896
    896 896 896 898 898 898 898 901 903 903 903 903 901 901 906 906 908
    906 906 906 0 0 0 0 4041 3994 3994 3948 3948 3948 3948 3903 3903
    3859 3859 3859 4041 887 882 878 878 875 875 875 933 933 935 933 933
    920 920 923 923 923 878 878 878 880 878 878 878 878 878 878 878 878
    878 880 880 882 885 885 885 887 887 887 887 887 889 889 889 889 891
    891 894 894 894 896 896 896 896 896 898 898 898 898 901 903 903 906
    906 903 903 906 906 908 908 906 906 0 0 0 0 0 4041 3994 3994 3994
    3948 3948 3903 3903 3859 3859 3859 880 880 880 878 875 875 873 873
    933 930 930 933 915 915 915 869 869 871 873 873 875 878 878 878 878
    878 878 878 878 878 880 880 880 882 885 885 887 887 887 887 887 887
    889 889 889 889 891 891 894 894 894 896 896 896 896 896 898 898 898
    901 901 903 903 906 906 903 903 906 906 908 908 908 908 0 0 0 0 0
    4041 3994 3994 3994 3994 3948 3903 3903 3859 3859 3859 869 873 873
    875 873 873 871 871 873 930 930 871 869 869 869 869 869 871 873 873
    873 875 875 875 878 878 878 878 878 880 880 880 882 882 885 885 887
    887 887 887 887 887 889 889 889 891 891 894 894 894 894 896 896 896
    896 896 898 898 898 901 901 903 906 906 906 903 903 906 908 908 908
    908 908 0 0 0 0 0 4041 3994 3994 3994 3994 3948 3903 3903 3859 3859
