<?xml version="1.0"?>
<opencv_storage>
<Depth13888 type_id="opencv-matrix">
  <rows>141</rows>
  <cols>96</cols>
  <dt>w</dt>
  <data>
    4842 4842 4842 4774 4774 4708 4708 4708 4708 4708 4708 4708 4708
    4708 4708 4708 4708 4708 4708 4645 4645 4645 4645 4645 4645 4645
    4645 4582 4582 4522 4522 4522 4522 4522 4463 4463 4463 4463 4463
    4405 4405 4405 4405 4405 4405 4405 4405 4405 4405 4405 4405 4349
    4349 4405 4405 4463 4463 807 4463 4463 4349 4349 803 803 802 802 800
    800 800 800 800 800 798 796 796 0 0 0 0 0 0 0 2723 2723 2723 2744
    2744 2744 2744 2744 2744 2744 2744 2767 2789 2789 4842 4842 4842
    4842 4774 4708 4708 4708 4708 4708 4708 4708 4708 4708 4708 4708
    4708 4708 4708 4645 4645 4645 4645 4645 4645 4645 4645 4582 4522
    4522 4522 4522 4522 4582 4582 4522 4463 4463 4463 4405 4405 4405
    4405 4405 4405 4405 4295 4295 4349 4349 4349 4349 4349 4405 4405
    4405 807 807 805 805 800 800 802 802 800 800 800 798 798 798 798 798
    798 796 796 0 0 0 0 0 0 0 2744 2701 2701 2701 2723 2744 2744 2744
    2744 2744 2744 2789 2789 2789 4842 4842 4842 4842 4774 4774 4708
    4708 4645 4645 4645 4645 4645 4708 4708 4708 4708 4708 4645 4645
    4645 4645 4645 4645 4645 4645 4645 4582 4522 4463 4463 4522 4522
    4582 4582 4582 4522 4522 4463 4463 4405 4405 4405 4405 4405 4405
    4295 4295 4349 4349 4349 4349 811 811 809 807 807 805 803 803 800
    800 800 800 800 800 798 798 798 798 798 798 798 798 798 0 0 0 0 0 0
    0 0 2701 2701 2701 2723 2744 2767 2767 2767 2767 2767 2789 2789 2789
    4842 4774 4774 4842 4774 4774 4708 4645 4645 4645 4645 4645 4645
    4708 4708 4708 4708 4708 4645 4645 4645 4645 4645 4645 4645 4645
    4645 4582 4522 4463 4463 4522 4522 4582 4582 4582 4582 4582 4463
    4405 4405 809 809 809 809 811 811 809 809 807 807 807 807 807 807
    807 805 805 803 803 802 802 800 800 800 800 798 798 798 798 798 798
    798 798 0 0 0 0 0 0 0 0 0 2701 2701 2701 2723 2744 2767 2767 2767
    2767 2767 2789 2789 2789 4842 4774 4774 4774 4774 4774 4708 4645
    4645 4645 4645 4645 4645 4708 4708 4708 4708 4708 4645 4645 4645
    4645 4645 4645 4645 4645 4645 4582 4463 4463 4463 4463 4522 4582
    4582 4582 811 809 809 811 811 809 809 809 809 809 811 809 809 807
    807 807 807 807 807 805 805 803 803 802 802 800 800 800 800 800 798
    798 798 798 798 798 798 798 800 0 0 0 0 0 0 0 0 2701 2701 2701 2723
    2744 2767 2767 2767 2767 2767 2789 2789 2789 4842 4708 4708 4774
    4774 4774 4708 4708 4645 4645 4645 4645 4645 4708 4708 4708 4708
    4708 4645 4645 4645 4645 4645 4645 4645 4645 4645 4645 4463 4463
    4463 819 819 817 813 813 811 809 809 811 811 811 811 809 809 809 809
    809 809 809 807 807 807 807 807 805 805 803 803 802 802 800 800 800
    800 800 798 798 798 798 798 798 798 798 798 0 0 0 0 0 0 0 0 2701
    2701 2701 2744 2767 2767 2767 2767 2767 2767 2789 2789 2789 4842
    4708 4708 4708 4708 4774 4774 4708 4708 4708 4645 4645 4645 4708
    4708 4708 4708 4645 4645 4645 4645 4645 4645 4645 4582 4582 819 817
    817 817 821 819 817 815 813 813 811 811 811 813 813 811 811 811 809
    809 809 809 809 809 807 807 807 807 807 807 805 805 803 802 802 800
    800 800 800 800 798 798 798 798 798 798 798 798 798 0 0 0 0 0 0 0 0
    0 2744 2744 2767 2789 2767 2767 2767 2767 2767 2789 2789 2789 4774
    4708 4708 4708 4708 4774 4774 4774 4708 4708 4708 4708 4708 4708
    4708 4708 4708 4645 4645 4645 4645 4645 4645 4645 821 819 819 817
    817 819 819 817 817 815 813 813 813 813 813 813 813 811 811 811 809
    809 809 809 809 809 807 807 807 807 807 807 805 805 803 802 802 802
    800 800 800 800 798 798 798 798 798 798 798 798 798 0 0 0 0 0 0 0 0
    0 2859 2835 2835 2812 2789 2767 2767 2767 2767 2789 2789 2789 4774
    4774 4708 849 849 851 851 851 4708 4708 4708 4708 4708 4708 4708
    4708 4708 4708 831 829 829 827 825 823 821 819 819 819 819 819 819
    817 817 815 813 813 813 813 813 813 813 811 811 811 809 809 809 809
    809 809 807 807 807 807 805 805 805 803 803 803 802 802 800 800 800
    800 800 800 798 798 798 798 798 798 798 0 0 0 0 0 0 0 0 0 2859 2859
    2835 2812 2812 2789 2767 2767 2767 2789 2789 2789 4774 4774 4708 849
    849 851 851 851 851 849 845 843 841 841 837 837 837 831 829 829 829
    827 825 823 821 821 821 821 821 821 819 817 815 815 815 813 813 813
    813 813 813 811 811 811 809 809 809 809 809 809 807 807 807 807 805
    805 803 803 803 803 802 802 800 800 800 800 800 800 798 798 798 798
    798 798 798 0 0 0 0 0 0 0 0 0 2859 2859 2859 2835 2835 2812 2789
    2789 2789 2789 2789 2789 4842 849 849 849 849 851 854 854 851 849
    845 841 839 839 837 833 831 829 829 829 829 827 825 823 821 821 821
    821 821 821 819 817 815 815 815 815 813 813 813 811 811 811 811 811
    809 809 809 809 809 809 807 807 807 807 805 805 803 803 803 802 802
    800 800 800 800 800 800 800 798 798 798 798 796 796 798 0 0 0 0 0 0
    0 0 0 0 2883 2859 2859 2835 2835 2812 2812 2812 2812 2812 2812 839
    839 841 849 849 849 851 851 851 847 841 837 837 837 835 831 829 829
    827 827 827 827 825 823 821 821 821 821 821 819 819 817 815 815 815
    815 813 813 813 811 811 811 811 811 809 809 809 809 809 809 807 807
    807 805 805 805 803 803 803 802 802 800 800 800 800 800 800 800 798
    798 798 798 796 796 798 0 0 0 0 0 0 0 0 0 0 2883 2859 2859 2859 2859
    2835 2835 2835 2812 2812 2835 839 839 839 837 837 837 837 837 837
    837 839 837 835 833 829 829 829 827 827 827 827 827 825 823 823 821
    821 821 821 819 819 817 815 815 815 815 813 813 813 813 813 811 811
    811 809 809 809 809 807 807 807 807 807 805 805 805 803 803 802 802
    802 802 800 800 800 800 800 798 798 798 798 798 796 796 798 0 0 0 0
    0 0 0 0 0 0 2883 2883 2859 2859 2859 2835 2835 2835 2835 2835 2835
    839 839 837 835 835 837 835 835 837 835 835 833 831 829 829 829 829
    827 827 827 827 825 825 823 823 821 821 821 821 819 819 817 815 815
    815 813 813 813 813 811 811 811 811 811 809 809 809 809 807 807 807
    807 807 805 805 805 805 803 802 802 802 800 800 800 800 800 800 798
    798 798 798 798 796 796 798 0 0 0 0 0 0 0 0 0 0 0 2883 2859 2859
    2859 2835 2835 2835 2859 2859 2835 839 839 837 835 835 837 835 835
    835 835 835 833 831 829 829 829 829 827 827 827 827 825 825 823 823
    821 821 821 821 819 819 817 815 815 815 813 813 813 811 811 811 811
    811 811 809 809 809 809 807 807 807 807 807 807 807 805 805 803 802
    802 802 800 800 800 800 800 800 798 798 798 798 798 796 796 798 0 0
    0 0 0 0 0 0 0 0 0 2908 2908 2883 2859 2835 2835 2835 2859 2859 2859
    839 839 837 835 835 837 835 835 835 835 833 833 831 831 829 829 829
    827 827 827 825 825 825 823 823 821 821 821 821 819 819 817 815 815
    815 813 813 813 811 811 811 811 811 811 809 809 809 809 807 807 807
    807 807 807 807 805 805 803 802 800 800 800 800 800 800 800 798 798
    798 798 798 796 796 796 798 0 0 0 0 0 0 0 0 0 0 0 2933 2908 2908
    2883 2859 2835 2835 2859 2859 2859 837 837 837 837 837 837 835 835
    835 835 833 831 831 831 831 829 829 827 827 827 825 825 823 823 823
    821 821 819 819 819 817 817 817 815 815 815 813 813 811 811 811 811
    811 807 807 809 809 809 807 807 807 807 807 807 805 805 805 802 802
    800 800 800 800 800 800 800 798 798 798 798 798 796 796 796 798 0 0
    0 0 0 0 0 0 0 0 0 2933 2908 2908 2859 2859 2835 2835 2859 2859 2859
    837 837 839 837 837 837 835 835 835 835 833 831 831 831 829 829 829
    827 827 827 827 825 823 823 821 821 821 819 819 819 817 817 817 817
    815 813 813 813 811 811 813 813 811 807 807 809 809 809 807 807 807
    807 807 807 805 805 805 802 802 800 800 800 800 800 800 800 798 798
    798 798 798 796 796 796 798 0 0 0 0 0 0 0 0 0 0 0 2933 2908 2883
    2859 2859 2835 2835 2859 2859 2859 835 837 839 837 837 837 835 835
    835 835 833 833 833 829 829 829 829 827 827 827 827 825 823 823 821
    821 821 819 819 819 817 817 817 817 815 813 813 813 813 813 813 813
    811 811 809 809 809 809 807 807 807 807 807 807 805 805 805 802 802
