<?xml version="1.0"?>
<opencv_storage>
<Depth1422 type_id="opencv-matrix">
  <rows>89</rows>
  <cols>45</cols>
  <dt>w</dt>
  <data>
    3120 3092 3064 3064 3092 3092 1077 1077 1077 3037 1087 1084 1080
    1077 1077 1077 3010 1073 1073 1073 1070 1070 1067 1063 1063 1067
    1067 1067 2984 2958 2933 2933 2933 2933 2908 2908 2908 2908 2883
    2883 2883 2883 2859 2859 2859 3149 3092 3064 1094 1094 1087 1077
    1077 1077 1087 1087 1084 1080 1077 1077 1077 1077 1073 1073 1070
    1067 1067 1063 1063 1067 1067 1067 1080 1087 2958 2933 2933 2933
    2933 2908 2883 2883 2883 2883 2883 2883 2883 2859 2859 2859 1094
    1094 1094 1094 1094 1087 1087 1087 1087 1087 1084 1080 1077 1077
    1077 1073 1073 1070 1070 1067 1067 1067 1063 1063 1067 1067 1070
    1080 1084 1084 1123 2933 2933 2933 2908 2883 2883 2883 2883 2883
    2883 2859 2859 2859 2835 1094 1094 1094 1094 1090 1090 1087 1087
    1084 1084 1084 1080 1077 1077 1073 1073 1070 1070 1070 1067 1067
    1067 1063 1063 1063 1067 1073 1080 1084 1123 1123 1130 1130 2984
    2908 2883 2883 2883 2883 2883 2859 2859 2859 2859 2835 1097 1094
    1094 1094 1090 1090 1087 1087 1084 1084 1080 1080 1077 1077 1073
    1073 1070 1070 1070 1067 1067 1067 1063 1063 1063 1063 1070 1080
    1101 1108 1119 1126 1130 1134 1134 2908 2908 2883 2883 2883 2859
    2859 2859 2859 2835 1097 1094 1094 1090 1090 1090 1087 1087 1084
    1080 1080 1080 1077 1077 1077 1073 1073 1070 1070 1067 1067 1067
    1063 1063 1063 1063 1067 1080 1105 1108 1119 1126 1130 1134 1165
    1177 1177 2908 2883 2883 2883 2859 2859 2859 2835 1097 1094 1094
    1090 1090 1087 1087 1087 1080 1080 1080 1080 1077 1077 1077 1073
    1073 1070 1070 1067 1067 1067 1063 1063 1063 1067 1067 1077 1101
    1108 1123 1123 1134 1165 1165 1177 1193 1202 2908 2883 2789 2789
    2835 2835 2835 1097 1094 1094 1090 1090 1087 1087 1084 1080 1080
    1080 1080 1077 1077 1077 1077 1073 1070 1070 1067 1067 1067 1063
    1063 1063 1067 1067 1077 1094 1108 1119 1123 1161 1165 1169 1177
    1189 1197 1219 1219 2789 2789 2835 2835 2835 1094 1094 1094 1090
    1090 1087 1087 1084 1080 1080 1080 1080 1077 1077 1077 1073 1073
    1070 1070 1067 1067 1067 1063 1063 1063 1067 1070 1080 1090 1108
    1115 1115 1123 1165 1173 1181 1189 1197 1214 1214 1250 2883 2883
    2859 2859 1094 1094 1094 1090 1090 1087 1087 1087 1080 1080 1080
    1080 1077 1077 1077 1073 1073 1070 1070 1067 1067 1063 1063 1063
    1063 1070 1077 1080 1087 1108 1115 1115 1123 1165 1173 1177 1185
    1197 1214 1241 1250 1250 1250 2859 2835 1097 1094 1094 1094 1090
    1090 1090 1087 1084 1084 1080 1080 1077 1077 1077 1073 1073 1070
    1070 1067 1067 1063 1063 1063 1063 1067 1077 1080 1087 1108 1115
    1115 1123 1161 1173 1177 1185 1206 1227 1236 1250 1250 1250 2680
    2680 1097 1094 1094 1094 1090 1090 1090 1087 1084 1080 1080 1080
    1077 1077 1077 1077 1073 1070 1070 1067 1067 1063 1063 1063 1063
    1067 1073 1084 1090 1112 1112 1112 1123 1161 1173 1181 1181 1206
    1223 1236 1250 1250 2659 2659 2659 1097 1094 1094 1094 1090 1090
    1090 1087 1084 1080 1080 1080 1077 1077 1077 1077 1073 1070 1067
    1067 1067 1063 1063 1063 1067 1067 1073 1084 1090 1112 1112 1112
    1126 1165 1173 1177 1181 1206 1223 1232 1245 1255 1255 2659 2659
    1094 1094 1094 1094 1090 1090 1087 1087 1084 1080 1080 1077 1077
    1077 1077 1077 1073 1070 1067 1067 1067 1063 1063 1063 1063 1067
    1070 1084 1090 1112 1112 1115 1134 1165 1169 1177 1181 1206 1223
    1232 1245 1255 1255 2812 2812 1094 1094 1094 1094 1090 1090 1087
    1087 1084 1080 1080 1077 1077 1077 1077 1077 1073 1070 1067 1067
    1063 1063 1063 1063 1063 1070 1070 1084 1090 1115 1115 1115 1130
    1161 1169 1177 1185 1206 1219 1236 1245 1255 1255 1255 2835 1090
    1094 1094 1094 1090 1090 1087 1084 1084 1080 1080 1077 1077 1077
    1077 1073 1070 1067 1067 1067 1063 1063 1063 1063 1063 1067 1067
    1084 1097 1115 1115 1119 1130 1157 1165 1177 1181 1197 1219 1232
    1241 1255 1255 1255 2812 1090 1094 1094 1090 1090 1090 1087 1084
    1084 1080 1080 1080 1077 1077 1077 1073 1070 1067 1067 1067 1063
    1063 1060 1060 1063 1067 1067 1084 1097 1112 1112 1119 1130 1157
    1165 1177 1181 1197 1223 1232 1236 1255 1255 1255 2812 1090 1094
    1094 1090 1090 1090 1087 1084 1084 1080 1080 1080 1077 1077 1077
    1073 1073 1070 1067 1067 1063 1063 1060 1060 1063 1063 1067 1070
    1097 1112 1112 1119 1130 1161 1161 1177 1185 1206 1223 1227 1236
    1250 1255 1255 2812 1090 1090 1094 1090 1090 1090 1087 1087 1080
    1080 1080 1077 1077 1077 1077 1073 1073 1070 1067 1067 1067 1063
    1063 1063 1063 1063 1067 1070 1097 1112 1112 1115 1134 1161 1161
    1169 1185 1202 1223 1227 1236 1245 1255 1255 2835 1090 1090 1094
    1090 1090 1090 1087 1087 1080 1080 1080 1077 1077 1077 1073 1073
    1073 1070 1070 1067 1067 1063 1063 1063 1063 1067 1067 1070 1097
    1112 1112 1115 1134 1161 1161 1165 1185 1193 1219 1227 1236 1245
    1255 1255 2835 1090 1090 1090 1094 1090 1090 1087 1087 1080 1080
    1080 1077 1077 1077 1073 1073 1073 1070 1067 1067 1067 1063 1063
    1063 1063 1067 1067 1080 1094 1115 1115 1119 1141 1161 1161 1161
    1189 1193 1219 1227 1236 1245 1245 2835 2835 1090 1090 1090 1094
    1090 1090 1087 1087 1084 1080 1080 1077 1077 1077 1077 1073 1073
    1070 1067 1067 1067 1063 1060 1060 1063 1067 1067 1080 1090 1115
    1115 1119 1141 1153 1153 1153 1189 1206 1219 1227 1236 1245 1245
    2835 2835 1090 1090 1090 1094 1090 1090 1087 1087 1080 1080 1080
    1077 1077 1077 1073 1073 1070 1070 1067 1067 1063 1063 1060 1060
    1063 1067 1067 1080 1090 1115 1115 1119 1134 1149 1149 1149 1202
    1202 1214 1223 1236 1245 1245 2835 2835 1090 1090 1090 1094 1090
    1090 1087 1087 1080 1080 1080 1077 1077 1077 1073 1073 1070 1070
    1067 1067 1063 1063 1060 1060 1060 1063 1067 1080 1094 1115 1115
    1123 1134 1145 1149 1149 1197 1197 1214 1223 1245 1245 1250 1250
    2859 1090 1090 1090 1094 1090 1090 1087 1084 1080 1080 1080 1077
    1077 1077 1073 1073 1070 1070 1067 1067 1063 1063 1060 1060 1060
    1063 1067 1087 1094 1112 1112 1126 1134 1145 1149 1149 1197 1197
    1210 1219 1245 1245 1250 1250 2812 1094 1094 1094 1094 1090 1090
    1090 1084 1080 1080 1080 1077 1077 1077 1073 1073 1070 1070 1067
    1067 1063 1063 1060 1060 1060 1063 1067 1090 1094 1112 1112 1126
    1130 1141 1149 1149 1197 1197 1210 1219 1241 1245 1250 1250 2812
    1094 1094 1094 1094 1090 1090 1090 1087 1084 1080 1080 1077 1077
    1077 1073 1073 1070 1070 1070 1067 1063 1060 1060 1060 1060 1063
    1070 1090 1094 1108 1108 1123 1130 1141 1157 1173 1202 1202 1210
    1219 1241 1250 1250 1250 2812 1094 1094 1094 1094 1090 1090 1090
    1087 1084 1080 1080 1077 1077 1077 1073 1073 1070 1070 1070 1067
    1063 1060 1060 1060 1060 1060 1070 1090 1094 1101 1108 1123 1130
    1138 1157 1169 1202 1202 1214 1219 1241 1245 1250 1250 2812 1094
    1094 1094 1094 1090 1090 1090 1087 1084 1080 1077 1077 1077 1077
    1073 1070 1070 1067 1067 1067 1063 1063 1063 1060 1060 1060 1067
    1087 1094 1101 1112 1123 1130 1138 1153 1161 1206 1206 1219 1223
    1236 1245 1245 1245 2812 1094 1094 1094 1094 1090 1090 1090 1087
    1087 1080 1077 1077 1077 1077 1073 1070 1070 1067 1067 1067 1063
    1063 1063 1060 1060 1060 1067 1087 1090 1097 1112 1123 1134 1138
    1153 1161 1210 1210 1219 1227 1236 1245 1245 1245 2812 1097 1094
    1094 1094 1090 1090 1087 1087 1084 1080 1077 1077 1077 1073 1073
    1070 1067 1067 1067 1063 1063 1063 1063 1060 1060 1060 1067 1077
    1090 1097 1112 1123 1130 1138 1153 1161 1177 1214 1214 1227 1236
    1250 1250 1250 2835 1094 1094 1094 1090 1090 1090 1087 1087 1084
    1080 1077 1077 1077 1073 1073 1070 1067 1067 1067 1063 1063 1063
    1063 1063 1063 1063 1067 1077 1087 1094 1115 1123 1130 1138 1157
    1165 1177 1210 1210 1223 1236 1245 1245 1245 2859 1094 1094 1090
    1090 1090 1090 1087 1084 1080 1080 1077 1077 1077 1073 1073 1070
    1070 1067 1067 1063 1063 1063 1063 1063 1063 1063 1070 1077 1087
    1094 1119 1123 1130 1138 1161 1165 1177 1210 1210 1223 1241 1245
