<?xml version="1.0"?>
<opencv_storage>
<Depth8611 type_id="opencv-matrix">
  <rows>16</rows>
  <cols>14</cols>
  <dt>w</dt>
  <data>
    3948 3948 3948 2639 2618 2618 3948 3948 3948 3948 3903 2984 2984
    2984 3948 3948 3948 3948 3948 3948 3948 3948 3903 3903 3859 2984
    2984 2984 3948 3948 3948 3948 3948 3948 3948 3948 3903 3903 3859
    3859 3010 3010 4041 4041 3994 3994 3994 3948 3948 3948 3903 3903
    3859 3859 3816 3010 4089 4089 4041 4041 3994 3994 3948 3948 3948
    3903 3859 3859 3859 3010 4089 4089 4041 4041 3994 3994 3948 3948
    3948 3948 3903 3903 3903 2984 4089 4089 4041 4041 3994 3994 3994
    3994 3948 3948 3948 3948 3903 2984 4089 4089 4041 4041 4041 3994
    3994 3994 3948 3948 3948 3948 3903 3903 4089 4089 4041 4041 4041
    4041 4041 4041 3994 3994 3948 3948 3948 3948 4089 4089 4089 4089
    4089 4041 4041 4041 3994 3994 3948 3948 3903 3903 4089 4089 4089
    4089 4089 4089 4041 4041 4041 3994 3948 3948 3903 3903 4139 4139
    4089 4089 4089 4089 4041 4041 4041 4041 3994 3948 3948 3903 4139
    4139 4139 4089 4089 4041 4041 4041 4041 4041 3994 3948 3948 3903
    4190 4190 4089 4041 4041 4041 4041 4041 4041 3994 3994 3948 3948
    3903 4139 4190 4089 4041 3994 3994 4041 4041 3994 3948 3948 3948
    3948 3903 4139 4139 3064 3064 3064 3064 3092 3994 3994 3948 3948
    3948 3948 3903</data></Depth8611>
</opencv_storage>
