<?xml version="1.0"?>
<opencv_storage>
<Depth13577 type_id="opencv-matrix">
  <rows>7</rows>
  <cols>12</cols>
  <dt>w</dt>
  <data>
    6753 6753 6753 6889 6889 0 6375 6259 6259 6259 6375 6375 6753 6753
    6753 6753 6753 6497 6375 6375 6259 6259 6375 6375 6622 6622 6622
    6622 6622 6497 6497 6375 6375 6375 6375 6375 6622 6622 6622 6622
    6622 6622 6497 6497 6497 6375 6375 6375 6622 6622 6497 6497 6497
    6375 6375 6375 6497 6375 6375 6259 6622 6622 6497 6497 6497 6375
    6146 6146 6146 6375 6375 6259 0 7030 6753 6622 6497 6259 6146 6146
    6146 6375 6375 6375</data></Depth13577>
</opencv_storage>
