<?xml version="1.0"?>
<opencv_storage>
<Depth0342 type_id="opencv-matrix">
  <rows>6</rows>
  <cols>18</cols>
  <dt>w</dt>
  <data>
    6146 6038 6038 6038 6146 6375 6375 6375 6375 6497 6497 6497 6497
    6497 6497 6497 6497 6497 6146 6146 6146 6146 6146 6375 6375 6375
    6375 6375 6375 6375 6497 6497 6497 6497 6375 6375 6497 6497 6375
    6259 6259 6375 6375 6375 6375 6375 6375 6375 6497 6497 6497 6497
    6375 6375 6375 6375 6259 6259 6259 6259 6375 6375 6375 6375 6497
    6497 6497 6497 6497 6497 6497 6497 6375 6375 6259 6259 6146 6146
    6375 6375 6375 6375 6497 6497 6497 6497 6497 6622 6622 6622 6497
    6375 6375 6259 5933 5933 6375 6375 6497 6497 6497 6497 6497 6497
    6497 6622 6622 6753</data></Depth0342>
</opencv_storage>
