<?xml version="1.0"?>
<opencv_storage>
<Depth4788 type_id="opencv-matrix">
  <rows>39</rows>
  <cols>29</cols>
  <dt>w</dt>
  <data>
    5460 5460 5460 2618 2618 2618 2618 2598 2579 2560 2560 2541 2541
    2541 2522 2522 2503 2503 2522 2522 2522 2522 2541 2560 2560 2560
    5210 5056 5056 5460 2618 2618 2618 2618 2618 2618 2579 2579 2560
    2541 2541 2541 2541 2522 2522 2503 2503 2503 2503 2503 2522 2522
    2541 2560 2560 4983 4983 5056 2680 2639 2618 2618 2618 2618 2598
    2579 2579 2560 2541 2541 2541 2541 2522 2522 2503 2503 2503 2503
    2503 2522 2522 2541 2560 2560 2579 4983 5210 2680 2639 2618 2618
    2618 2618 2598 2579 2579 2560 2560 2560 2541 2541 2541 2541 2522
    2503 2503 2503 2503 2522 2522 2541 2541 2560 2560 5210 5132 2680
    2639 2639 2639 2618 2598 2598 2598 2579 2560 2560 2560 2541 2541
    2541 2541 2522 2503 2503 2503 2522 2522 2522 2541 2541 2560 2560
    5132 5132 2659 2639 2618 2618 2618 2598 2598 2598 2598 2579 2560
    2560 2541 2541 2541 2541 2503 2503 2503 2503 2522 2522 2541 2541
    2541 2560 2560 5132 5132 2639 2639 2618 2618 2618 2598 2598 2598
    2598 2579 2560 2560 2541 2541 2541 2522 2503 2503 2503 2503 2522
    2541 2541 2541 2541 2541 2541 5132 5132 2639 2639 2618 2618 2618
    2598 2598 2598 2598 2579 2560 2541 2541 2541 2541 2522 2503 2503
    2503 2503 2522 2522 2541 2541 2541 2541 2541 5132 5132 2639 2639
    2618 2618 2618 2618 2598 2598 2598 2579 2560 2541 2541 2541 2522
    2503 2503 2503 2503 2503 2522 2522 2522 2541 2541 2541 2541 5210
    5210 2639 2639 2618 2618 2618 2618 2598 2598 2579 2579 2560 2541
    2541 2541 2522 2503 2503 2503 2503 2503 2522 2522 2522 2541 2541
    2541 2541 5210 5210 2639 2639 2639 2618 2618 2618 2598 2579 2579
    2560 2560 2560 2541 2541 2522 2503 2503 2503 2503 2503 2503 2522
    2541 2541 2541 2541 2541 5210 5210 2680 2659 2639 2639 2618 2618
    2598 2579 2579 2560 2560 2560 2541 2541 2541 2503 2485 2485 2485
    2503 2503 2522 2541 2541 2541 2541 2541 5210 5210 5460 2659 2639
    2639 2618 2618 2598 2598 2579 2560 2560 2560 2560 2560 2541 2522
    2485 2485 2485 2485 2485 2503 2503 2522 2541 2541 2541 2560 5210
    5460 2659 2639 2639 2618 2618 2598 2598 2579 2579 2560 2560 2560
    2541 2541 2522 2503 2503 2485 2485 2485 2485 2503 2522 2541 2541
    2541 2541 5210 5548 2659 2639 2639 2618 2618 2598 2579 2579 2560
    2560 2560 2560 2541 2541 2522 2522 2485 2485 2485 2485 2485 2503
    2522 2541 2541 2541 2541 5210 5548 2659 2639 2639 2618 2618 2598
    2579 2579 2560 2560 2560 2560 2541 2541 2522 2522 2485 2485 2485
    2485 2485 2503 2522 2541 2541 2541 2541 5210 5374 2639 2639 2639
    2618 2618 2598 2579 2579 2579 2560 2560 2560 2541 2541 2522 2503
    2485 2485 2485 2485 2485 2503 2522 2541 2541 2541 2541 5210 5374
    2639 2639 2639 2618 2618 2598 2579 2579 2579 2560 2560 2560 2541
    2541 2522 2503 2485 2485 2485 2485 2503 2522 2522 2541 2541 2541
    2541 5132 5460 5460 2639 2639 2618 2618 2618 2598 2598 2579 2579
    2579 2560 2560 2541 2541 2522 2503 2485 2485 2485 2503 2522 2522
    2541 2541 2541 2541 5132 5460 5460 2639 2639 2618 2618 2598 2598
    2598 2579 2579 2579 2560 2560 2541 2541 2522 2503 2485 2485 2503
    2503 2522 2522 2541 2541 2560 2560 5210 5460 5460 2659 2639 2639
    2618 2598 2598 2598 2579 2579 2560 2560 2541 2541 2541 2541 2503
    2485 2485 2485 2503 2522 2541 2541 2541 2541 2541 5210 5460 5548
    2639 2639 2618 2618 2598 2598 2598 2579 2560 2560 2560 2541 2541
    2541 2522 2503 2485 2485 2485 2503 2522 2541 2541 2541 2541 2541
    5210 5460 5548 2639 2639 2618 2618 2598 2598 2579 2579 2560 2560
    2541 2541 2541 2541 2522 2503 2485 2485 2485 2503 2522 2522 2522
    2541 2541 2541 5210 5460 5548 2639 2618 2618 2618 2598 2579 2579
    2579 2560 2560 2541 2541 2541 2522 2503 2485 2485 2485 2485 2485
    2503 2503 2522 2541 2541 2541 5210 5460 5548 2618 2618 2618 2618
    2598 2579 2579 2579 2560 2560 2541 2541 2541 2522 2503 2485 2485
    2485 2485 2485 2485 2503 2522 2541 2541 2541 2579 5460 5460 2618
    2618 2618 2618 2598 2598 2579 2579 2579 2560 2560 2560 2541 2522
    2503 2485 2485 2485 2485 2485 2485 2503 2522 2541 2541 2541 2560
    5460 5460 2618 2618 2639 2618 2598 2598 2598 2579 2579 2579 2560
    2560 2541 2541 2503 2503 2485 2485 2485 2485 2485 2503 2522 2541
    2541 2541 2560 5460 5460 2618 2618 2639 2618 2618 2598 2598 2579
    2579 2579 2560 2560 2541 2541 2522 2503 2503 2485 2485 2485 2485
    2503 2522 2541 2541 2541 2541 5548 5548 2639 2639 2639 2618 2618
    2598 2598 2579 2579 2560 2560 2541 2541 2541 2522 2522 2503 2485
    2485 2485 2485 2503 2522 2541 2541 2541 2541 5548 5548 2639 2639
    2639 2618 2618 2598 2598 2579 2579 2560 2560 2541 2541 2541 2522
    2522 2503 2503 2485 2485 2485 2503 2522 2522 2541 2541 2541 5548
    5548 2680 2639 2639 2618 2618 2598 2598 2598 2579 2560 2560 2541
    2541 2541 2522 2522 2503 2503 2485 2485 2485 2503 2522 2522 2541
    2541 2541 5548 5548 2680 2639 2639 2618 2618 2618 2598 2598 2579
    2560 2560 2541 2541 2541 2522 2522 2503 2503 2485 2485 2503 2503
    2522 2541 2541 2541 2541 5548 5548 2659 2639 2639 2618 2618 2618
    2598 2598 2560 2560 2560 2541 2541 2541 2522 2522 2503 2503 2485
    2485 2485 2503 2522 2541 2541 2560 2560 5460 5460 2639 2639 2639
    2618 2618 2618 2598 2598 2560 2560 2560 2541 2541 2541 2541 2522
    2503 2503 2485 2485 2485 2503 2503 2541 2541 2541 2541 5460 5460
    2639 2639 2639 2618 2618 2618 2618 2598 2560 2560 2560 2541 2541
    2541 2541 2522 2522 2503 2485 2485 2503 2503 2503 2541 2541 2541
    2541 5460 5460 2639 2639 2639 2618 2618 2618 2598 2598 2560 2560
    2560 2560 2541 2541 2541 2522 2522 2503 2485 2485 2503 2503 2522
    2541 2541 2541 2541 5460 5460 2639 2639 2639 2618 2618 2618 2579
    2579 2560 2560 2560 2560 2560 2541 2541 2522 2522 2503 2485 2485
    2503 2503 2522 2541 2541 2541 2541 5460 5460 2659 2659 2639 2639
    2618 2618 2560 2560 2560 2560 2560 2541 2541 2560 2541 2541 2522
    2503 2503 2485 2485 2503 2522 2541 2541 2560 5132 5460 5460 5460
    5460 5460 5460 5374 5374 2560 2560 2560 2560 2560 2541 2541 2560
    2541 2541 2541 5460 5460 2485 2485 2503 2522 5132 5132 5132 5132</data></Depth4788>
</opencv_storage>
