<?xml version="1.0"?>
<opencv_storage>
<Depth1524 type_id="opencv-matrix">
  <rows>103</rows>
  <cols>64</cols>
  <dt>w</dt>
  <data>
    3774 3774 989 989 1004 1004 1004 1001 1001 3692 3692 3692 3614 3614
    3614 3576 3576 3539 3539 3539 3539 3539 3539 3503 3503 3503 3468
    3468 3468 3433 3399 3399 3399 3399 3399 3399 3399 3399 3365 3365
    3365 3365 3365 3365 3333 3300 3269 3269 3269 3238 3238 3208 3208
    3208 3208 3208 3208 3178 3149 3149 3120 3120 3092 3092 3774 987 987
    989 989 995 998 998 998 998 992 995 995 995 995 992 992 992 995 998
    3539 3539 3539 3539 3503 3503 3503 3468 3399 3399 3399 3399 3399
    1016 1013 1010 1010 1010 3365 3365 3365 3365 3365 3365 3333 3269
    3269 3269 3269 3269 3269 3208 3208 3208 3208 3208 3208 3178 3149
    3149 3120 3120 3092 3092 3816 987 987 989 989 992 992 992 992 992
    992 995 995 998 995 992 992 992 995 998 1001 1001 1004 1004 3539
    3539 1007 1007 1010 1010 1010 1013 1010 1010 1010 1010 1010 1010
    1013 1013 1016 1013 1013 3365 3333 1019 1013 1013 1013 1013 1013
    1013 1013 1013 3208 3208 3208 3178 3178 3178 3120 3092 3092 3092 0
    989 989 989 989 989 989 992 992 992 992 992 995 998 998 998 998 998
    998 1001 1001 1001 1004 1004 1004 1004 1004 1007 1007 1010 1010 1010
    1010 1010 1010 1010 1010 1010 1013 1013 1013 1013 1013 1013 1016
    1016 1013 1013 1013 1013 1013 1013 1013 1013 1016 1016 1022 1022
    1025 1022 1022 1022 1022 3092 989 989 989 989 989 989 989 992 992
    992 992 992 995 995 998 998 998 998 998 1001 1001 1001 1004 1004
    1004 1004 1004 1004 1007 1010 1007 1007 1007 1007 1010 1010 1010
    1013 1013 1016 1013 1013 1013 1013 1016 1016 1013 1013 1013 1013
    1013 1016 1013 1013 1016 1016 1022 1022 1022 1022 1022 1022 1019
    1019 987 987 989 989 989 989 989 992 992 992 992 992 992 995 998 998
    998 998 998 1001 1001 1001 1004 1004 1004 1004 1004 1004 1004 1007
    1007 1007 1007 1007 1010 1010 1010 1010 1013 1013 1013 1013 1013
    1013 1016 1016 1013 1013 1013 1013 1013 1016 1016 1016 1016 1016
    1019 1019 1022 1022 1022 1022 1019 1019 987 987 989 989 989 989 989
    992 992 992 992 992 992 995 995 998 998 998 1001 1001 1001 1001 1004
    1004 1004 1004 1004 1004 1004 1007 1007 1007 1007 1007 1010 1010
    1010 1010 1013 1013 1013 1016 1013 1013 1016 1016 1013 1013 1013
    1013 1013 1016 1016 1016 1016 1016 1019 1019 1022 1022 1022 1022
    1019 1019 989 989 987 987 989 989 989 992 992 992 992 992 992 995
    995 998 998 998 1001 1001 1001 1001 1004 1004 1004 1004 1004 1004
    1004 1004 1007 1007 1007 1007 1010 1010 1010 1010 1013 1013 1013
    1013 1016 1016 1016 1016 1013 1013 1013 1013 1013 1016 1016 1016
    1016 1016 1019 1019 1019 1022 1022 1022 1022 1022 989 989 987 987
    989 989 989 992 992 992 992 992 992 995 998 1001 1001 1001 1001 1001
    1001 1001 1004 1004 1004 1004 1004 1004 1004 1004 1007 1007 1007
    1007 1010 1010 1010 1010 1013 1013 1013 1013 1013 1016 1016 1016
    1013 1013 1013 1013 1013 1016 1016 1016 1016 1016 1019 1019 1019
    1022 1022 1022 1022 1022 989 989 989 989 989 989 992 992 992 995 995
    995 995 998 998 998 1001 1001 1001 1001 1001 1001 1001 1001 1001
    1001 1004 1004 1004 1004 1007 1007 1007 1007 1007 1010 1010 1010
    1010 1010 1013 1013 1013 1016 1016 1016 1013 1013 1013 1013 1013
    1013 1016 1016 1016 1016 1019 1019 1019 1019 1022 1022 1022 1022 992
    989 989 989 989 989 992 992 992 995 995 995 995 995 998 998 998 1001
    1001 1001 1001 1001 1001 1001 1001 1001 1004 1004 1004 1004 1007
    1007 1007 1007 1007 1010 1010 1010 1010 1010 1013 1013 1013 1013
    1016 1016 1013 1013 1013 1013 1013 1013 1013 1016 1016 1016 1019
    1019 1019 1019 1019 1022 1022 0 992 989 989 989 989 989 992 992 992
    995 995 995 995 995 998 998 998 1001 1001 1001 1001 1004 1001 1001
    1001 1001 1004 1004 1004 1004 1004 1007 1007 1007 1007 1010 1010
    1010 1010 1010 1013 1013 1013 1013 1016 1016 1013 1013 1013 1013
    1013 1013 1013 1016 1016 1016 1016 1019 1019 1019 1019 1022 1022
    1025 989 989 989 989 989 989 992 992 992 992 995 995 995 995 995 998
    998 1001 1001 1001 1001 1004 1001 1001 1001 1001 1004 1004 1004 1004
    1004 1007 1007 1007 1007 1010 1010 1010 1010 1013 1013 1013 1013
    1013 1013 1016 1013 1013 1013 1013 1013 1013 1013 1016 1016 1016
    1016 1019 1019 1019 1019 1019 1022 1022 989 989 989 989 989 989 992
    992 992 992 995 995 995 995 995 998 998 1001 1001 1001 1001 1004
    1004 1004 1004 1004 1004 1004 1004 1004 1004 1007 1007 1007 1007
    1010 1010 1010 1010 1013 1013 1013 1013 1013 1013 1016 1013 1013
    1013 1013 1013 1013 1013 1013 1013 1016 1016 1016 1016 1016 1019
    1019 1022 1022 989 989 989 989 989 989 992 992 992 992 995 995 998
    998 998 998 998 1001 1001 1001 1001 1004 1004 1004 1004 1004 1004
    1004 1004 1004 1004 1004 1004 1007 1007 1007 1010 1010 1013 1013
    1013 1013 1013 1013 1013 1013 1013 1013 1013 1013 1013 1013 1013
    1013 1013 1016 1016 1016 1016 1016 1016 1019 1022 1022 989 989 989
    989 989 989 992 992 992 992 992 995 998 998 998 998 998 1001 1001
    1001 1001 1001 1001 1004 1004 1004 1004 1004 1004 1004 1004 1004
    1004 1007 1007 1007 1007 1013 1013 1013 1013 1013 1013 1013 1013
    1013 1013 1013 1013 1013 1013 1013 1013 1013 1016 1016 1016 1013
    1013 1016 1016 1019 1019 1019 989 989 989 989 989 989 992 992 992
    992 992 995 998 998 998 998 998 1001 1001 1001 1001 1001 1001 1004
    1004 1004 1004 1004 1004 1004 1004 1007 1007 1007 1007 1007 1007
    1010 1013 1013 1013 1013 1013 1013 1013 1013 1013 1013 1013 1013
    1013 1013 1013 1013 1016 1016 1016 1013 1013 1016 1019 1019 1016
    1016 989 989 989 989 989 989 992 992 992 992 992 992 995 995 995 998
    998 1001 1001 1001 1001 1001 1001 1001 1004 1004 1004 1004 1004 1004
    1004 1007 1007 1007 1007 1007 1007 1010 1010 1013 1013 1013 1013
    1013 1013 1013 1013 1013 1013 1013 1013 1013 1013 1013 1016 1016
    1016 1016 1016 1019 1019 1019 1016 1016 0 989 987 987 989 989 992
    992 992 992 992 992 995 995 995 998 998 1001 1001 1001 1001 1001
    1001 1001 1001 1004 1004 1004 1004 1004 1004 1007 1007 1007 1007
    1007 1007 1010 1010 1013 1013 1013 1013 1013 1013 1013 1013 1013
    1013 1013 1013 1013 1013 1013 1013 1016 1016 1016 1016 1019 1019
    1019 1016 1016 0 989 987 987 989 989 992 992 992 992 992 992 992 995
    995 998 998 1001 1001 1001 1001 1001 1001 1001 1001 1004 1004 1004
    1004 1004 1004 1004 1004 1007 1007 1007 1007 1010 1010 1013 1013
    1013 1013 1013 1016 1013 1013 1013 1013 1013 1013 1013 1013 1013
    1013 1016 1016 1016 1019 1022 1022 1019 1016 1016 989 989 987 987
    989 989 992 992 992 992 992 992 992 995 995 998 1001 1001 1001 1001
    1001 1001 1001 1001 1001 1001 1004 1004 1004 1004 1004 1004 1004
    1007 1007 1007 1010 1010 1010 1010 1013 1013 1016 1016 1016 1013
    1013 1013 1013 1013 1013 1013 1013 1013 1013 1013 1016 1016 1019
    1022 1022 1019 1019 1019 989 989 989 989 989 989 992 992 992 992 992
    995 995 995 998 998 998 998 1001 1001 1001 1001 1001 1001 1001 1001
    1004 1004 1004 1004 1004 1004 1004 1007 1007 1007 1010 1010 1010
    1010 1010 1013 1013 1013 1013 1016 1013 1013 1013 1013 1013 1013
    1013 1013 1013 1013 1013 1016 1016 1019 1019 1019 1019 1019 989 989
    989 989 989 992 992 992 992 992 992 995 995 995 995 995 998 998 1001
    1001 1001 1001 1001 1001 1001 1004 1004 1004 1004 1004 1004 1004
    1004 1007 1007 1007 1010 1010 1010 1010 1010 1013 1013 1013 1013
    1013 1013 1013 1013 1013 1013 1013 1013 1013 1013 1013 1013 1016
    1016 1019 1019 1019 1019 1019 0 989 989 989 989 992 992 992 992 992
    992 992 992 995 995 995 998 998 1001 1001 1001 1001 1001 1001 1001
    1004 1004 1004 1004 1004 1004 1004 1004 1007 1007 1007 1007 1007
    1010 1010 1010 1010 1013 1013 1013 1013 1013 1013 1013 1013 1013
    1013 1013 1013 1013 1013 1013 1016 1016 1016 1019 1019 1019 1019 0
    992 989 989 989 992 992 992 992 992 992 992 992 995 995 995 998 998
    1001 1001 1001 1001 1001 1001 1001 1004 1004 1004 1004 1004 1004
