<?xml version="1.0"?>
<opencv_storage>
<Depth17038 type_id="opencv-matrix">
  <rows>93</rows>
  <cols>63</cols>
  <dt>w</dt>
  <data>
    3859 3859 3903 3903 3948 3948 3948 1250 1250 1241 1236 1236 1236
    3816 3816 3816 3774 3774 3774 3774 3774 3732 3732 3732 3692 3692
    3692 3692 3692 3692 3653 3653 3653 3614 3614 3576 3576 3576 3539
    3539 3539 3539 3503 3468 3468 3433 3433 3399 3399 3399 3399 3399
    3399 3365 1193 1193 1193 3300 3300 3269 3269 3238 3238 3859 3859
    3859 3903 3948 3948 1255 1241 1241 1241 1236 1236 1236 1223 3774
    3774 3774 3774 3774 3774 3774 3732 3732 3732 3692 3692 3692 3692
    3692 3692 3653 3653 3653 3653 3614 3576 3576 3539 3539 3539 3539
    3539 3503 3468 3433 3433 3433 3399 3399 3399 3399 3399 3399 3365
    1193 1193 1189 1189 3300 3269 3269 3269 3238 3859 3859 3859 3859
    3903 3948 1250 1241 1236 1236 1232 1232 1232 1223 1223 3774 3774
    3774 1202 1202 1202 3732 3732 3732 3692 3692 3692 3692 3692 3692
    3692 3653 3653 3653 3614 3614 3576 3539 3539 3539 3539 3503 3468
    3468 3433 3433 3433 3433 3433 3399 3399 3433 3399 1197 1197 1193
    1189 1181 1181 1181 3269 3269 3178 3859 1255 1236 1236 1236 1236
    1236 1236 1236 1236 1227 1227 1227 1219 1219 1214 1210 1210 1202
    1202 1197 1197 1197 1197 3692 3692 3692 3732 3732 3692 3692 3653
    3653 3653 3614 3614 3539 3539 3503 3503 3503 3503 3468 1153 1149
    1145 1141 1141 1138 1138 1138 3433 3399 1197 1197 1189 1185 1181
    1177 1177 1177 3178 3178 3859 1255 1236 1236 1236 1236 1232 1232
    1232 1232 1227 1227 1223 1219 1219 1214 1210 1210 1206 1202 1197
    1197 1197 1189 1189 1185 1185 1185 1185 1177 1177 1173 1169 1169
    1169 1169 1161 1157 1157 1157 1157 1161 1157 1153 1145 1145 1141
    1138 1138 1134 1130 1130 1126 1115 1115 1189 1185 1181 1177 1177
    1177 1185 3178 3859 3859 1241 1241 1236 1236 1232 1232 1227 1223
    1219 1219 1219 1214 1214 1214 1206 1202 1202 1202 1197 1197 1193
    1189 1185 1185 1185 1185 1181 1177 1177 1173 1169 1169 1165 1161
    1161 1157 1157 1157 1157 1153 1145 1145 1141 1141 1138 1134 1134
    1130 1126 1126 1123 1115 1112 1112 1189 1181 1177 1177 1185 1185
    3178 3816 1241 1241 1241 1236 1236 1232 1232 1227 1223 1219 1219
    1219 1214 1214 1210 1206 1202 1202 1202 1197 1197 1193 1189 1185
    1185 1185 1185 1181 1177 1177 1173 1169 1169 1165 1161 1161 1157
    1157 1153 1153 1153 1145 1141 1141 1138 1138 1134 1130 1126 1126
    1123 1123 1119 1112 1112 1112 1181 1181 1181 1185 1185 1185 3859
    1241 1241 1241 1236 1236 1232 1232 1227 1223 1219 1219 1219 1214
    1210 1210 1206 1202 1202 1197 1197 1197 1193 1189 1185 1185 1185
    1181 1177 1177 1173 1173 1169 1165 1161 1161 1157 1157 1157 1153
    1153 1153 1145 1141 1138 1138 1134 1130 1126 1126 1123 1123 1123
    1119 1112 1112 1112 1181 1181 1181 1181 1181 0 3859 1250 1250 1241
    1236 1236 1232 1232 1227 1223 1219 1219 1219 1214 1210 1210 1206
    1202 1202 1197 1197 1197 1193 1189 1185 1185 1185 1181 1177 1173
    1173 1173 1169 1165 1161 1161 1157 1157 1157 1153 1153 1153 1141
    1141 1138 1134 1130 1130 1126 1126 1123 1123 1123 1119 1112 1112
    1112 1177 1177 1177 1181 1181 0 1241 1241 1241 1241 1236 1236 1232
    1232 1227 1223 1223 1219 1219 1214 1214 1210 1206 1202 1202 1197
    1193 1193 1193 1189 1189 1185 1185 1181 1177 1173 1173 1169 1169
    1165 1161 1161 1157 1157 1157 1153 1149 1145 1141 1141 1138 1134
    1130 1130 1126 1126 1123 1119 1119 1115 1112 1112 1112 1177 1173
    1173 1177 1177 0 1236 1236 1236 1236 1236 1236 1232 1227 1227 1223
    1223 1219 1214 1214 1214 1210 1206 1206 1202 1197 1193 1193 1193
    1189 1189 1185 1185 1181 1177 1173 1173 1169 1169 1165 1161 1161
    1157 1157 1153 1153 1149 1145 1141 1141 1138 1134 1130 1126 1126
    1123 1123 1119 1119 1115 1112 1112 1112 1169 1169 1169 1173 1173 0
    1236 1236 1236 1236 1236 1236 1232 1227 1227 1223 1219 1219 1214
    1214 1214 1210 1206 1202 1197 1197 1193 1193 1193 1189 1189 1185
    1185 1181 1177 1173 1173 1169 1169 1165 1161 1161 1157 1157 1153
    1149 1145 1141 1141 1141 1138 1134 1130 1126 1123 1123 1123 1119
    1119 1115 1112 1112 1112 1112 1165 1165 1165 1165 0 1236 1236 1236
    1236 1236 1236 1232 1232 1223 1223 1219 1219 1214 1214 1210 1206
    1206 1202 1197 1197 1193 1193 1193 1189 1189 1185 1181 1181 1177
    1173 1173 1169 1165 1165 1161 1157 1157 1153 1153 1149 1145 1141
    1141 1141 1138 1134 1130 1126 1123 1123 1119 1119 1119 1115 1112
    1112 1112 1112 1161 1161 1161 1161 0 1236 1236 1236 1236 1236 1236
    1232 1227 1223 1223 1219 1219 1214 1210 1210 1206 1202 1202 1202
    1197 1193 1193 1193 1189 1189 1185 1181 1177 1177 1173 1173 1169
    1165 1165 1161 1157 1153 1153 1149 1149 1145 1141 1141 1141 1138
    1134 1130 1126 1126 1123 1119 1119 1119 1115 1112 1112 1112 1112
    1157 1157 1161 1161 1169 3859 1236 1236 1236 1236 1236 1232 1227
    1223 1223 1219 1219 1214 1210 1210 1206 1202 1202 1197 1197 1197
    1197 1193 1189 1185 1181 1181 1177 1177 1173 1173 1169 1165 1165
    1161 1157 1153 1153 1149 1149 1145 1141 1141 1138 1138 1134 1130
    1126 1126 1123 1119 1119 1119 1115 1112 1112 1112 1149 1153 1157
    1161 1169 1169 3859 1236 1236 1241 1236 1236 1232 1227 1223 1223
    1219 1219 1214 1210 1210 1206 1202 1202 1197 1197 1193 1193 1193
    1189 1185 1181 1177 1177 1173 1173 1173 1169 1165 1161 1161 1157
    1153 1153 1149 1149 1145 1141 1141 1138 1134 1130 1126 1126 1123
    1123 1123 1119 1115 1115 1115 1112 1112 1141 1149 1157 1161 1169
    1169 3774 1236 1236 1236 1236 1232 1232 1227 1223 1219 1219 1219
    1214 1214 1210 1206 1206 1197 1197 1197 1193 1193 1193 1189 1185
    1181 1177 1177 1173 1173 1169 1165 1165 1161 1161 1157 1153 1153
    1149 1149 1145 1145 1141 1141 1134 1130 1126 1126 1123 1123 1119
    1119 1115 1115 1115 1115 1126 1138 1145 1157 1165 1165 1165 3774
    1241 1236 1236 1236 1232 1232 1227 1223 1219 1219 1219 1214 1214
    1210 1206 1206 1197 1197 1197 1193 1193 1189 1189 1185 1181 1177
    1177 1173 1173 1169 1165 1165 1161 1161 1157 1157 1153 1149 1149
    1145 1145 1141 1138 1134 1130 1126 1126 1123 1123 1119 1119 1115
    1115 1115 1119 1126 1138 1141 1157 1165 1165 1165 3774 1241 1236
    1236 1236 1232 1232 1227 1223 1219 1219 1219 1214 1214 1210 1206
    1206 1197 1197 1193 1193 1193 1189 1189 1185 1181 1181 1177 1173
    1173 1169 1169 1165 1161 1161 1157 1157 1153 1153 1149 1145 1141
    1141 1138 1138 1130 1126 1126 1123 1123 1119 1115 1115 1115 1115
    1119 1126 1138 1141 1153 1157 1161 1161 3774 1241 1236 1236 1232
    1232 1232 1227 1223 1223 1219 1219 1214 1210 1210 1206 1202 1197
    1197 1193 1193 1193 1189 1189 1185 1185 1181 1177 1173 1173 1169
    1169 1165 1165 1161 1161 1157 1153 1153 1149 1145 1141 1141 1138
    1138 1134 1126 1126 1123 1123 1119 1115 1112 1112 1112 1112 1130
    1138 1141 1149 1157 1161 0 1259 1250 1236 1236 1232 1232 1232 1227
    1223 1223 1219 1219 1214 1210 1210 1206 1202 1197 1197 1193 1189
    1189 1189 1189 1185 1185 1181 1177 1173 1173 1169 1169 1165 1165
    1161 1157 1157 1153 1153 1149 1145 1141 1141 1138 1134 1130 1126
    1123 1123 1119 1115 1112 1112 1112 1112 1112 1130 1138 1141 1145
    1153 1161 0 1259 1250 1236 1236 1232 1232 1232 1223 1223 1219 1219
    1214 1214 1210 1206 1202 1202 1197 1197 1193 1189 1189 1189 1189
    1185 1181 1177 1177 1173 1173 1169 1169 1165 1161 1161 1157 1157
    1153 1153 1145 1141 1141 1138 1138 1134 1130 1126 1123 1123 1119
    1115 1112 1112 1112 1112 1112 1130 1138 1141 1145 1153 1153 0 3816
    1236 1236 1236 1232 1232 1227 1223 1219 1219 1214 1214 1214 1206
    1206 1202 1197 1197 1197 1193 1189 1189 1189 1189 1181 1181 1177
    1173 1173 1169 1169 1165 1161 1161 1157 1153 1153 1153 1153 1141
    1141 1138 1138 1138 1130 1130 1126 1123 1123 1119 1115 1112 1112
    1112 1112 1112 1126 1138 1141 1149 1153 1153 0 1241 1236 1236 1236
    1232 1232 1227 1223 1219 1219 1214 1214 1214 1206 1206 1202 1197
    1197 1197 1193 1189 1189 1189 1189 1181 1181 1177 1173 1173 1169
