<?xml version="1.0"?>
<opencv_storage>
<Depth16087 type_id="opencv-matrix">
  <rows>28</rows>
  <cols>10</cols>
  <dt>w</dt>
  <data>
    4842 4842 4842 4842 4842 4842 2958 2933 2933 2933 4842 4842 4842
    4842 4842 4842 4842 4842 4842 4774 4774 4774 4774 4774 4842 4774
    4774 4842 4842 4774 4774 4774 4774 4774 4774 4774 4774 4774 4774
    4774 4774 4774 4774 4774 4774 4774 4774 4774 4774 4774 4842 4842
    4774 4774 4774 4774 4774 4774 4774 4774 4842 4842 4774 4774 4774
    4774 4774 4774 4774 4774 4842 4842 4842 4842 4842 4774 4774 4774
    4774 4774 3948 4911 4842 4842 4842 4842 4842 4774 4774 4774 3948
    4911 4911 4911 4911 4842 4842 4774 4774 4774 3948 4911 4842 4842
    4842 4842 4842 4842 4842 4842 3948 4842 4842 4842 4842 4842 4842
    4842 4842 4842 4774 4774 4774 4774 4774 4774 4842 4842 4842 4842
    4774 4774 4708 4708 4708 4774 4708 4708 4911 4911 4774 4708 4708
    4708 4708 4708 4708 4708 4708 4645 4774 4708 4708 4708 4708 4708
    4645 4645 4645 4645 4774 4708 4708 4708 4708 4708 4645 4645 4645
    4645 4774 4708 4708 4708 4708 4708 4708 4708 4708 1926 4774 4774
    4774 4774 4774 4774 4708 4708 4708 1926 4842 4842 4842 4842 4842
    4842 4842 4708 4708 1936 4842 4842 4842 4911 4911 4842 4774 4645
    4645 1936 4911 4911 4911 4911 4911 4842 4774 4645 4645 1936 4842
    4842 4842 4842 4842 4774 4708 4708 4708 1936 4774 4774 4774 4774
    4774 4708 4708 4708 4708 1936 4708 4708 4708 4708 4708 4708 4708
    4645 4645 1936 4708 4708 4708 4708 4708 4708 4708 4645 4645 1936
    4708 4708 4708 4708 4708 4708 4708 4708 4708 1936 4708 4708 4708
    4708 4708 4708 4708 4708 4708 1936</data></Depth16087>
</opencv_storage>
