<?xml version="1.0"?>
<opencv_storage>
<Depth13907 type_id="opencv-matrix">
  <rows>16</rows>
  <cols>8</cols>
  <dt>w</dt>
  <data>
    0 5933 5933 5832 5832 5832 5832 5933 0 5933 5933 5832 5832 5832 5832
    5832 5933 5933 5933 5933 5832 5734 5734 5734 5933 5832 5832 5832
    5832 5734 5734 5734 5933 5832 5832 5832 5832 5734 5734 5734 5933
    5933 5933 5832 5832 5832 5832 5832 5933 5933 5832 5832 5832 5832
    5832 5832 5734 5832 5832 5734 5734 5832 5734 5734 5734 5734 5734
    5734 5734 5734 5640 5640 5640 5640 5734 5734 5734 5734 5640 5640
    5640 5640 5734 5734 5734 5734 5640 5640 0 5832 5832 5734 5734 5734
    5734 5734 0 5832 5832 5734 5734 5734 5734 5734 0 5832 5832 5734 5734
    5734 5734 5734 0 5832 5832 5734 5734 5640 5640 5734 0 0 5832 5734
    5734 5640 5640 5734</data></Depth13907>
</opencv_storage>
