<?xml version="1.0"?>
<opencv_storage>
<Depth9695 type_id="opencv-matrix">
  <rows>37</rows>
  <cols>66</cols>
  <dt>w</dt>
  <data>
    3859 1404 1404 1398 1398 1404 1398 1398 1392 1392 1392 1392 1387
    1381 1381 1381 1381 1387 1387 1381 1381 1376 1376 1376 1376 1365
    1365 1365 1370 3816 1370 1370 3732 3732 1359 1359 1359 3732 3732
    3732 3732 3732 3732 3732 3692 3692 3732 3732 3732 3692 3692 3732
    3774 1338 1338 3732 3732 3774 3774 3653 3614 3614 3614 3614 3614
    3653 1404 1398 1398 1398 1398 1392 1392 1387 1387 1387 1387 1387
    1387 1387 1381 1381 1381 1387 1381 1381 1376 1376 1376 1370 1370
    1365 1365 1365 1365 1365 1365 1365 1365 1365 1359 1359 1359 1354
    1354 1354 1354 1354 1359 1359 1365 1365 1359 1359 1354 1354 3692
    3732 1349 1338 1338 1343 1343 1343 1343 3653 3614 3576 1343 1343
    1343 3614 1404 1398 1398 1392 1392 1387 1387 1387 1381 1381 1381
    1387 1381 1381 1376 1376 1376 1376 1376 1376 1376 1370 1365 1365
    1365 1365 1365 1365 1359 1359 1359 1359 1359 1359 1354 1354 1354
    1354 1354 1349 1349 1349 1349 1349 1349 1349 1349 1349 1349 1349
    1349 1343 1343 1343 1343 1343 1343 1343 1343 1343 1343 1343 1343
    1343 1338 1328 1404 1398 1398 1387 1387 1387 1381 1381 1381 1381
    1381 1376 1376 1376 1376 1370 1370 1370 1370 1370 1365 1365 1365
    1359 1359 1359 1359 1354 1354 1354 1354 1354 1354 1349 1349 1349
    1349 1349 1349 1349 1343 1343 1343 1343 1343 1338 1338 1343 1349
    1349 1349 1343 1343 1343 1343 1343 1343 1343 1343 1338 1338 1333
    1333 1333 1333 1328 1404 1404 1398 1387 1387 1387 1381 1381 1381
    1376 1376 1370 1370 1370 1370 1370 1365 1365 1365 1365 1359 1359
    1359 1359 1359 1354 1354 1349 1349 1354 1354 1354 1349 1349 1343
    1343 1343 1343 1343 1343 1343 1343 1343 1343 1338 1338 1338 1338
    1343 1343 1343 1343 1343 1343 1343 1343 1338 1338 1338 1338 1333
    1328 1328 1328 1328 1328 1404 1398 1387 1381 1381 1381 1381 1376
    1376 1370 1370 1365 1365 1365 1365 1365 1365 1365 1359 1359 1359
    1359 1359 1354 1354 1349 1349 1349 1349 1349 1349 1349 1343 1343
    1338 1338 1338 1343 1338 1338 1338 1338 1338 1338 1338 1338 1333
    1333 1338 1338 1333 1333 1333 1333 1338 1338 1333 1333 1328 1328
    1328 1322 1322 1322 1322 1322 1404 1387 1381 1376 1370 1370 1370
    1370 1370 1365 1365 1365 1365 1365 1365 1359 1359 1359 1359 1359
    1359 1354 1354 1349 1343 1343 1343 1343 1343 1343 1343 1343 1343
    1338 1338 1338 1338 1338 1338 1333 1333 1333 1333 1333 1333 1333
    1328 1328 1333 1333 1333 1328 1328 1328 1328 1328 1328 1328 1328
    1322 1322 1322 1322 1322 1317 1317 1387 1387 1376 1370 1370 1365
    1365 1365 1365 1365 1359 1359 1359 1359 1359 1359 1359 1354 1354
    1354 1349 1349 1343 1343 1343 1343 1343 1343 1343 1343 1338 1338
    1338 1338 1333 1333 1338 1338 1333 1333 1328 1328 1328 1322 1322
    1328 1322 1322 1328 1328 1322 1322 1322 1322 1322 1322 1322 1322
    1317 1317 1317 1312 1312 1312 1312 1312 1376 1376 1370 1365 1365
    1365 1359 1359 1359 1359 1359 1354 1354 1354 1354 1354 1354 1349
    1343 1343 1343 1343 1343 1338 1338 1338 1338 1338 1338 1338 1338
    1333 1333 1328 1328 1333 1333 1333 1328 1328 1322 1322 1322 1322
    1322 1322 1322 1322 1322 1322 1322 1322 1317 1317 1317 1317 1317
    1312 1307 1307 1307 1307 1307 1307 1307 1307 1370 1370 1365 1359
    1359 1354 1354 1354 1359 1354 1354 1354 1349 1349 1349 1349 1343
    1343 1343 1338 1338 1338 1338 1333 1333 1333 1338 1338 1333 1333
    1328 1328 1328 1322 1322 1322 1322 1322 1322 1322 1322 1317 1317
    1317 1317 1317 1317 1317 1317 1317 1317 1317 1317 1317 1312 1312
    1307 1307 1307 1307 1307 1302 1302 1302 1297 1297 1370 1370 1359
    1349 1349 1343 1343 1349 1354 1349 1349 1343 1343 1343 1343 1338
    1338 1338 1338 1338 1333 1333 1333 1333 1333 1333 1333 1328 1328
    1322 1322 1322 1322 1317 1317 1322 1322 1322 1322 1317 1317 1317
    1317 1312 1312 1312 1307 1307 1312 1312 1312 1307 1307 1307 1307
    1307 1307 1307 1302 1302 1302 1302 1302 1297 1297 1297 0 1359 1359
    1343 1343 1343 1343 1343 1343 1343 1343 1338 1338 1338 1338 1338
    1333 1333 1333 1333 1328 1328 1328 1322 1322 1328 1328 1322 1322
    1322 1322 1317 1317 1317 1317 1317 1317 1317 1317 1317 1317 1317
    1312 1307 1307 1307 1302 1302 1307 1307 1307 1307 1307 1307 1302
    1302 1302 1302 1297 1297 1297 1297 1297 1292 1292 1292 0 0 1359 1333
    1333 1338 1338 1338 1338 1338 1338 1338 1338 1333 1333 1333 1328
    1328 1328 1322 1322 1322 1322 1322 1322 1322 1322 1322 1322 1317
    1317 1317 1317 1317 1312 1312 1312 1312 1312 1312 1312 1312 1307
    1307 1302 1302 1302 1302 1302 1302 1302 1302 1302 1302 1302 1302
    1297 1297 1292 1292 1288 1288 1288 1288 1288 1288 0 1333 0 1333 1333
    1333 1333 1333 1328 1328 1322 1322 1328 1322 1322 1322 1322 1322
    1322 1322 1322 1322 1317 1317 1317 1317 1317 1317 1317 1312 1312
    1312 1312 1312 1312 1307 1302 1302 1302 1302 1302 1302 1302 1302
    1297 1297 1297 1297 1302 1302 1302 1302 1302 1297 1297 1297 1292
    1292 1288 1288 1288 1283 1283 1283 1283 1283 0 1328 1328 1328 1322
    1322 1322 1322 1322 1322 1317 1317 1317 1317 1317 1317 1317 1317
    1317 1317 1317 1317 1317 1317 1317 1317 1312 1312 1312 1307 1307
    1302 1302 1302 1302 1302 1302 1302 1297 1297 1302 1297 1297 1297
    1297 1297 1292 1292 1297 1292 1292 1297 1297 1297 1292 1292 1292
    1288 1288 1288 1288 1283 1283 1273 1273 1273 0 0 1328 1322 1322 1322
    1322 1322 1322 1317 1317 1317 1317 1312 1312 1312 1307 1307 1307
    1307 1312 1312 1312 1312 1307 1307 1307 1307 1302 1302 1302 1302
    1302 1297 1297 1297 1297 1297 1297 1297 1297 1292 1292 1292 1288
    1288 1283 1283 1288 1288 1288 1288 1288 1288 1288 1283 1283 1283
    1283 1283 1283 1278 1278 1273 1273 1273 0 0 1322 1317 1317 1317 1317
    1317 1317 1317 1317 1312 1312 1307 1307 1307 1307 1307 1302 1302
    1302 1302 1302 1307 1302 1302 1302 1302 1302 1302 1302 1297 1297
    1297 1297 1297 1292 1292 1288 1288 1288 1288 1288 1288 1283 1283
    1283 1283 1288 1288 1288 1288 1288 1283 1283 1283 1278 1278 1278
    1278 1278 1268 1268 1264 1264 1268 0 0 1317 1317 1317 1317 1317 1317
    1317 1312 1312 1307 1302 1302 1302 1302 1302 1302 1302 1297 1297
    1297 1292 1292 1292 1297 1297 1297 1297 1297 1297 1297 1297 1297
    1292 1292 1288 1288 1288 1283 1283 1283 1288 1283 1283 1283 1278
    1278 1283 1283 1283 1283 1283 1283 1278 1278 1273 1273 1268 1268
    1264 1264 1264 1264 1259 1259 0 0 1317 1312 1312 1312 1312 1312 1312
    1312 1307 1302 1302 1302 1297 1297 1297 1297 1297 1297 1292 1288
    1288 1288 1288 1297 1292 1288 1288 1292 1297 1297 1297 1292 1288
    1283 1283 1283 1288 1283 1283 1283 1283 1283 1283 1278 1278 1278
    1283 1283 1283 1283 1278 1278 1278 1278 1273 1268 1268 1268 1264
    1264 1264 1259 1259 1259 0 0 1312 1312 1307 1302 1302 1302 1307 1302
    1302 1302 1297 1297 1297 1297 1297 1297 1292 1292 1288 1283 1283
    1283 1283 1288 1288 1288 1283 1283 1283 1283 1283 1288 1283 1283
    1283 1283 1283 1283 1278 1278 1278 1278 1278 1278 1278 1278 1283
    1283 1278 1278 1273 1273 1273 1273 1268 1268 1264 1264 1264 1264
    1264 1259 1255 1255 0 0 1302 0 1302 1302 1302 1302 1302 1302 1297
    1297 1297 1292 1292 1292 1292 1292 1288 1288 1283 1283 1283 1283
    1283 1283 1283 1283 1278 1278 1283 1278 1278 1278 1278 1278 1278
    1283 1283 1278 1278 1278 1273 1273 1268 1268 1268 1268 1273 1278
    1273 1273 1268 1268 1268 1264 1264 1264 1264 1264 1264 1264 1259
    1255 1255 1255 0 0 1302 1302 1297 1297 1297 1297 1297 1297 1297 1292
    1292 1288 1288 1288 1288 1288 1283 1283 1283 1283 1278 1278 1278
    1278 1278 1278 1278 1278 1278 1278 1278 1273 1273 1273 1273 1264
    1264 1273 1273 1268 1268 1264 1264 1264 1264 1264 1264 1264 1268
    1268 1264 1264 1264 1264 1264 1259 1259 1259 1259 1255 1255 1245
    1245 1245 0 0 1297 1297 1297 1297 1297 1297 1292 1292 1292 1292 1288
    1288 1288 1283 1283 1283 1283 1283 1278 1278 1278 1273 1273 1273
    1273 1273 1273 1273 1273 1273 1273 1268 1268 1268 1268 1264 1264
