<?xml version="1.0"?>
<opencv_storage>
<Depth0618 type_id="opencv-matrix">
  <rows>24</rows>
  <cols>16</cols>
  <dt>w</dt>
  <data>
    6497 6497 6497 6497 6497 6497 4463 4463 4522 4522 4522 6375 6375
    6497 6497 6497 6497 6497 6497 4522 4463 4463 4463 4463 4463 4463
    4463 4405 4349 4349 6375 6497 6497 4582 4522 4522 4463 4463 4463
    4463 4463 4405 4405 4349 4295 4295 4295 4295 6497 4582 4522 4522
    4463 4463 4463 4463 4463 4405 4405 4349 4295 4295 4295 4295 4463
    4463 4522 4522 4463 4463 4405 4405 4405 4349 4349 4349 4295 4295
    4295 4349 4463 4463 4522 4463 4463 4463 4405 4405 4405 4349 4295
    4295 4295 4295 4295 4349 4463 4463 4522 4463 4463 4463 4463 4405
    4405 4349 4295 4295 4295 4295 4295 4349 6497 4582 4522 4463 4463
    4463 4463 4405 4405 4349 4349 4295 4295 4295 4349 4405 6497 4582
    4582 4463 4463 4463 4463 4405 4405 4405 4349 4349 4349 4349 4405
    4405 6497 4463 4463 4463 4463 4405 4405 4405 4405 4405 4405 4349
    4349 4349 4405 4405 4463 4463 4463 4463 4463 4405 4405 4405 4405
    4405 4405 4349 4349 4349 4349 4349 4463 4463 4463 4463 4463 4405
    4405 4405 4405 4405 4349 4349 4295 4295 4295 4295 4463 4463 4463
    4463 4463 4463 4405 4405 4405 4405 4349 4349 4295 4295 4295 4295
    4522 4522 4522 4463 4463 4463 4405 4405 4405 4405 4349 4349 4295
    4295 4295 4349 4582 4522 4463 4463 4405 4405 4405 4405 4405 4405
    4349 4349 4295 4295 4349 4349 4582 4522 4463 4405 4405 4405 4405
    4405 4405 4405 4405 4349 4349 4349 4349 4349 4522 4463 4463 4405
    4405 4405 4405 4405 4405 4405 4405 4349 4295 4295 4349 4349 4522
    4463 4463 4405 4405 4405 4405 4405 4405 4405 4405 4349 4295 4295
    4349 4349 4463 4463 4463 4463 4405 4405 4405 4405 4405 4405 4405
    4349 4349 4349 4349 4349 4463 4463 4463 4463 4463 4405 4405 4405
    4405 4349 4349 4349 4349 4349 4295 4295 4522 4463 4463 4463 4463
    4405 4405 4405 4349 4349 4349 4349 4349 4349 4295 4295 4522 4522
    4463 4463 4463 4405 4405 4405 4349 4349 4349 4349 4349 4349 4295
    4295 4522 4522 4463 4463 4463 4405 4405 4349 4349 4349 4349 4349
    4349 4349 4349 4349 4463 4463 4463 4463 4463 4405 4405 4349 4295
    4295 4349 4349 4349 4405 4405 6622</data></Depth0618>
</opencv_storage>
