<?xml version="1.0"?>
<opencv_storage>
<Depth13883 type_id="opencv-matrix">
  <rows>134</rows>
  <cols>88</cols>
  <dt>w</dt>
  <data>
    4645 4645 4645 4645 4645 4645 4645 4582 4582 4582 4522 4522 4522
    4522 4522 4463 4463 4463 4463 4463 4463 4463 4463 4405 4405 4405
    4405 4405 4405 4405 4405 4405 4349 4349 4349 4349 4349 4349 4349
    4349 4349 4295 4295 4295 4295 851 847 845 845 845 843 843 835 835
    835 847 847 847 2767 2767 2767 862 864 869 887 887 887 889 889 889 0
    0 2723 2723 2767 2789 2789 2767 2767 2767 2767 2767 2767 2767 2767
    2767 2767 2767 4645 4645 4645 4645 4645 4645 4645 4582 4582 4582
    4522 4463 4463 4522 4522 4463 4463 4463 4463 4463 4463 4463 4463
    4405 4405 4405 4405 4405 4405 4405 4349 4349 4349 4349 4349 4349
    4405 4405 4349 4349 4349 862 862 856 854 851 847 845 843 841 841 837
    831 831 831 831 847 847 847 849 851 862 864 869 871 875 885 889 889
    896 896 0 2789 0 2789 2789 2789 2767 2767 2767 2767 2767 2767 2767
    2767 2767 2767 2767 4645 4645 4645 4645 4645 4645 4645 4645 4645
    4582 4522 4463 4463 4463 4522 4463 4463 4463 4463 4463 4463 4463
    4463 4405 4405 4405 4405 4405 4405 4405 4349 4349 4405 4405 4405
    4405 4405 4405 4349 4349 862 860 858 856 854 849 847 845 843 839 837
    835 831 831 831 831 845 845 847 849 851 858 864 869 871 873 880 885
    887 894 898 0 0 0 2789 2789 2767 2767 2767 2767 2767 2767 2767 2767
    2767 2767 2767 2767 4645 4645 4645 4645 4645 4645 4645 4645 4645
    4645 4522 4463 4463 4463 4522 4522 4522 4522 4522 4522 4463 4463
    4405 4405 4405 4405 4405 4405 4405 4405 4405 4405 4463 4463 880 878
    878 871 867 864 862 860 858 856 854 849 847 845 843 839 837 835 831
    831 829 829 829 839 845 851 854 858 862 867 869 871 878 885 887 894
    898 0 0 0 0 2789 2767 2767 2767 2767 2767 2767 2767 2767 2767 2767
    2767 2789 4645 4645 4645 4645 4645 4645 4645 4645 4645 4645 4522
    4463 4463 4463 4463 4522 4522 4582 4522 4522 4463 4463 4405 4405
    4405 4405 4405 4405 4405 891 889 885 885 882 880 878 875 871 867 864
    862 860 858 856 854 851 847 845 843 841 837 835 831 831 829 829 829
    833 845 849 856 858 860 862 867 871 875 882 891 898 898 0 0 0 0 0
    2767 2767 2767 2767 2767 2767 2767 2767 2767 2767 2767 2789 4708
    4645 4645 4645 4645 4645 4645 4645 4645 4582 4522 4463 4463 4405
    4405 4522 4522 4582 4522 4522 4463 4463 4463 906 906 4405 898 896
    896 891 889 885 885 882 880 875 873 871 867 864 862 860 858 856 854
    851 847 845 843 841 837 835 831 831 829 829 829 833 841 847 854 856
    858 862 867 871 873 878 889 896 896 0 0 0 0 0 2767 2767 2767 2789
    2789 2767 2767 2767 2767 2767 2767 2789 4708 4645 4645 4645 4645
    4645 4645 4645 4645 4582 4522 4463 4463 4405 4405 4405 4582 4582
    4522 4522 4522 4522 910 906 906 903 898 896 896 894 889 887 885 882
    880 875 873 871 867 864 862 860 858 856 854 851 847 845 843 841 837
    837 833 831 831 831 831 835 839 845 854 856 858 862 864 869 873 878
    887 894 896 0 0 0 0 0 2767 2767 2767 2767 2789 2789 2789 2789 2789
    2767 2767 2789 4708 4645 4645 4645 4645 4645 4645 4645 4645 4582
    4522 4463 4463 4463 4463 4463 928 925 925 923 920 915 910 908 906
    901 898 896 894 894 889 887 885 882 880 878 875 871 867 864 862 860
    858 856 854 851 847 845 845 841 837 837 833 831 831 831 831 835 839
    845 851 856 858 862 864 869 873 878 885 891 894 901 0 0 0 0 2767
    2767 2767 2767 2789 2789 2789 2789 2789 2767 2767 2789 4708 4645 989
    987 987 984 984 984 4645 4582 4522 4522 4522 946 940 935 928 928 925
    920 918 915 913 908 903 901 898 896 894 891 889 887 885 882 880 878
    875 871 867 864 862 860 860 856 854 851 847 845 845 839 837 837 833
    833 831 831 833 835 839 845 849 854 858 862 864 869 873 878 882 889
    894 898 0 0 0 0 0 2789 2789 2789 2789 2789 2812 2812 2789 2789 2789
    2789 989 989 989 987 984 981 981 984 984 951 951 948 948 946 940 935
    930 925 923 918 918 915 913 908 903 898 896 896 894 891 889 887 885
    882 880 880 873 871 869 864 862 860 858 856 854 851 849 847 845 839
    837 837 833 831 831 831 831 835 839 843 847 854 858 862 864 869 873
    878 882 889 894 898 0 0 0 0 0 2789 2789 2789 2789 2789 2812 2812
    2812 2789 2789 2789 987 987 987 981 978 973 964 962 956 951 948 948
    946 943 938 935 930 925 923 918 918 915 910 908 903 898 896 896 894
    891 889 887 885 882 880 880 873 871 867 864 862 862 858 856 854 851
    849 847 845 839 837 837 833 831 831 831 831 833 837 843 845 851 856
    860 864 869 873 880 882 887 891 896 0 0 0 0 0 2789 2789 2789 2812
    2812 2812 2812 2812 2789 2789 2789 987 987 978 975 970 967 959 959
    956 951 948 948 946 943 938 935 930 928 925 920 918 915 910 908 903
    898 896 896 894 891 889 887 885 882 882 880 873 871 867 864 864 862
    858 856 854 851 849 847 845 841 839 837 833 831 829 829 829 831 835
    843 845 851 856 858 860 867 873 880 882 887 891 896 901 0 0 0 0 2789
    2789 2789 2812 2812 2812 2812 2835 2789 2789 2789 987 984 975 970
    970 964 959 959 956 954 951 948 946 943 938 935 930 928 925 923 918
    915 913 908 903 898 898 896 896 891 889 887 885 885 882 880 873 871
    867 864 864 862 860 856 856 854 851 847 845 841 839 837 833 831 829
    829 829 829 833 843 845 849 854 856 858 867 873 878 880 885 889 891
    901 0 0 0 0 2767 2767 2789 2812 2812 2812 2812 2835 2835 2789 2789
    987 984 975 970 970 964 959 959 956 954 951 948 946 943 938 935 930
    928 925 925 918 915 913 910 908 901 898 896 896 891 889 889 887 885
    882 880 873 871 869 864 864 862 860 858 856 854 851 847 847 843 839
    837 833 831 829 829 829 829 833 843 845 847 854 856 858 867 871 875
    880 885 889 891 898 898 0 0 0 2767 2767 2812 2812 2812 2812 2812
    2835 2859 2812 2789 984 984 975 970 970 964 962 962 956 956 954 948
    946 943 935 935 930 928 925 925 920 918 915 910 908 901 898 896 896
    894 891 889 889 885 882 880 875 871 869 864 864 862 862 858 856 854
    851 847 845 843 839 837 833 831 831 829 829 829 831 841 845 847 854
    854 858 864 871 873 878 885 889 891 896 0 0 0 0 2789 2789 2812 2812
    2812 2812 2812 2835 2859 2812 2789 984 984 975 973 970 967 962 962
    959 956 956 951 948 946 935 935 930 928 925 923 920 918 915 910 908
    901 898 896 896 894 891 891 889 885 882 880 875 873 871 867 864 862
    862 860 856 854 849 847 845 843 839 837 833 831 831 829 829 829 831
    841 843 845 851 854 858 864 869 873 878 885 887 891 894 0 0 0 0 2789
    2789 2812 2835 2835 2835 2835 2835 2812 2789 2767 984 981 978 975
    973 970 967 964 959 956 956 951 948 946 935 935 930 928 925 923 920
    918 915 910 908 903 898 898 898 894 891 891 889 885 882 880 875 873
    871 867 864 862 862 860 856 854 849 847 845 843 839 837 833 831 831
    831 829 829 831 837 843 845 851 854 858 862 869 871 875 885 887 891
    894 0 0 0 0 2789 2789 2835 2835 2835 2859 2835 2812 2789 2789 2767
    984 981 978 975 970 970 967 964 962 956 954 951 948 946 938 935 933
    930 928 923 918 915 915 910 908 903 898 898 898 896 894 891 889 885
    882 880 875 873 871 867 864 862 862 860 856 854 851 849 845 843 839
    837 835 831 831 831 829 829 829 831 843 845 849 854 856 860 867 871
    875 882 885 891 891 891 891 0 2812 2812 2812 2859 2859 2859 2859
    2835 2812 2789 2767 2767 987 981 978 975 970 970 967 964 959 956 954
    951 946 946 938 935 933 930 928 923 918 915 915 910 908 903 901 898
    898 896 894 891 889 885 882 882 875 873 871 867 864 862 862 860 856
    854 851 849 845 843 841 837 835 833 831 831 829 829 829 831 845 847
    847 849 854 856 864 871 873 880 885 891 891 891 0 0 0 0 2883 2859
    2859 2859 2859 2859 2835 2789 2767 2767 989 981 975 973 970 970 967
    962 959 956 954 951 946 946 938 935 933 930 928 923 918 918 915 910
    908 908 901 898 898 896 894 891 889 885 885 882 875 873 871 869 864
    864 862 860 858 856 854 847 845 845 841 839 835 833 833 831 829 829
    829 831 841 845 847 849 854 856 864 869 873 878 882 887 891 891 0 0
    0 0 2883 2883 2883 2883 2883 2859 2835 2812 2767 2767 989 978 973
