<?xml version="1.0"?>
<opencv_storage>
<Depth10781 type_id="opencv-matrix">
  <rows>107</rows>
  <cols>67</cols>
  <dt>w</dt>
  <data>
    3333 3333 3333 3333 3333 3399 933 933 935 3433 3433 3433 3468 3468
    3468 3468 3503 3503 3503 3539 3539 3539 3539 3576 3576 3614 3614
    3614 3614 3614 3614 3653 3653 3653 3653 3653 3653 3692 3732 3774
    3774 3816 3816 1044 1044 1041 1041 1047 3732 3816 3859 3859 1060
    1060 1060 1054 1054 1054 1057 1060 1060 0 0 4089 4089 4089 4089 3333
    3333 3333 3333 3333 3399 933 933 930 930 933 938 3468 3468 3468 3468
    3503 3503 3503 3503 3539 3539 3576 3539 3539 3576 3614 3614 3614
    3614 3614 3653 3653 3653 3614 3614 3576 3576 3732 1038 1034 1034
    3816 1044 1044 1038 1038 1041 3653 3653 1047 1047 1047 1054 1050
    1050 1050 1057 1060 1060 1060 0 0 4041 4041 4041 4041 3300 3300 3300
    3333 930 930 933 933 930 930 933 938 938 938 946 3503 3503 3503 3503
    3503 3539 3539 3539 3503 3468 3468 3614 3614 3614 3653 3653 3653
    3653 3653 3614 3614 3576 3576 1034 1031 1028 1028 3816 3816 1038
    1038 1038 1038 3614 3614 1047 1047 1047 1050 1050 1050 1050 1057
    1063 1063 1063 0 0 4041 4041 4041 4041 3300 3300 3300 3300 930 930
    933 933 930 930 935 938 938 946 946 0 935 3576 3576 3576 3576 3576
    3539 3503 3468 3468 3468 3468 3653 3653 3653 3653 964 964 964 956
    1028 1028 1025 1022 1022 1025 1028 1028 967 967 1031 1038 3614 3614
    1047 1047 1047 1044 1041 1041 1041 967 967 0 0 0 981 0 981 4041 4041
    0 920 915 915 915 923 933 933 933 933 935 938 946 946 946 935 935
    938 938 938 956 956 956 956 951 943 943 938 938 938 940 959 959 956
    956 956 1022 1019 1016 1013 1013 964 962 962 964 964 967 967 3614
    3614 1047 970 970 970 967 967 967 967 967 984 984 981 981 981 981
    984 4089 0 915 915 915 915 918 923 925 925 925 928 928 928 930 930
    935 935 938 938 938 938 951 951 951 951 943 943 938 938 938 940 946
    946 956 951 951 954 954 956 956 956 962 962 962 964 964 964 964 964
    964 964 967 970 970 967 967 967 967 981 981 981 981 981 981 984 984
    984 0 915 915 915 915 918 920 920 920 923 925 925 925 928 928 928
    933 933 933 935 935 938 940 940 943 943 943 940 938 938 940 946 946
    946 948 948 951 951 954 954 956 956 962 964 964 964 964 964 964 964
    964 964 970 970 970 970 970 973 978 978 978 978 978 978 981 981 981
    918 918 918 918 918 918 918 920 920 920 923 925 925 925 928 928 930
    930 933 933 935 935 935 935 940 940 940 940 940 940 943 946 946 946
    948 948 951 951 954 954 954 956 959 959 959 959 959 962 964 964 964
    964 970 970 970 973 973 975 975 978 978 978 978 978 981 981 981 918
    918 918 918 918 918 918 920 920 920 923 925 925 925 928 928 930 930
    933 933 935 935 935 935 940 940 940 940 940 943 943 946 946 946 946
    948 951 951 954 954 954 956 956 959 959 959 959 962 964 964 964 964
    970 970 970 973 973 975 975 978 978 978 978 978 981 981 981 918 918
    918 920 918 918 920 920 920 920 923 925 925 925 928 928 930 933 933
    933 935 935 935 935 940 940 940 940 940 943 943 946 946 946 946 948
    951 951 954 954 954 956 956 959 959 962 962 962 964 964 964 967 970
    970 973 973 975 978 978 978 978 978 978 978 981 981 981 915 915 918
    920 918 918 918 920 920 920 925 925 925 928 928 928 930 933 933 935
    935 935 935 938 940 940 943 943 943 946 946 946 946 946 948 948 951
    954 954 954 956 956 956 956 959 962 962 964 964 967 967 967 970 970
    973 973 978 978 978 978 978 978 981 981 981 981 984 915 915 915 918
    918 918 918 920 920 920 925 925 925 928 930 930 933 933 933 935 935
    938 938 938 940 943 943 943 943 946 946 946 948 948 948 951 954 954
    956 956 956 956 956 956 959 962 962 964 967 967 967 967 970 970 973
    975 978 978 978 978 978 981 981 981 984 984 984 918 915 915 918 918
    918 918 918 920 920 925 925 925 928 930 933 933 933 933 935 935 938
    938 940 940 943 943 943 943 946 946 946 948 948 951 951 954 954 956
    956 956 956 956 956 962 962 962 964 964 967 967 967 970 970 973 973
    978 978 978 978 978 981 981 981 987 984 984 920 920 920 918 918 918
    918 918 920 920 925 925 925 928 930 933 933 933 935 935 935 938 938
    940 940 943 943 943 943 946 946 946 948 951 951 954 954 954 956 956
    956 956 959 959 962 962 962 964 964 967 967 967 970 970 973 973 975
    978 978 978 978 981 981 981 987 987 987 920 920 920 918 918 918 918
    918 920 923 925 925 928 930 930 933 933 933 935 935 935 938 938 940
    940 943 943 946 946 946 946 948 948 951 951 954 954 954 956 956 956
    956 959 959 962 964 964 964 964 967 967 967 973 973 973 973 975 978
    978 981 981 981 981 981 987 987 987 0 920 920 918 918 918 918 920
    923 923 925 925 928 930 930 933 933 933 935 935 935 938 938 940 940
    943 943 946 946 946 946 948 948 951 951 951 954 954 956 956 956 956
    959 959 962 964 964 964 964 967 967 967 973 973 975 978 978 978 978
    978 981 981 981 984 984 987 987 0 920 920 918 918 918 920 920 923
    923 925 928 928 930 933 933 933 933 935 935 935 938 938 940 943 943
    943 946 946 946 948 948 951 951 951 951 954 954 956 956 956 956 956
    959 962 964 964 964 964 967 967 967 973 973 975 978 978 978 978 978
    981 981 981 984 984 987 987 0 0 920 918 918 918 920 920 923 923 925
    928 928 930 933 933 933 933 935 935 938 938 938 943 943 943 943 943
    946 946 948 951 951 951 951 951 954 954 956 956 956 956 956 959 962
    964 964 964 964 967 967 967 973 973 975 978 978 978 981 981 981 981
    981 984 987 987 987 0 0 923 920 920 920 920 920 923 923 925 928 930
    930 933 933 933 933 935 935 938 938 940 940 943 943 943 943 946 946
    948 951 951 951 951 951 954 954 956 956 956 956 959 962 962 964 964
    964 967 967 967 967 973 973 975 978 978 978 981 981 981 981 984 984
    987 987 987 0 925 923 920 920 920 920 920 923 923 925 930 933 933
    933 933 933 933 935 938 938 938 940 940 943 943 943 943 946 946 948
    951 951 951 951 954 954 954 956 956 956 956 959 964 964 964 964 964
    967 967 967 967 973 973 975 978 978 978 981 981 981 981 984 984 987
    987 989 923 923 923 920 920 920 920 920 923 923 928 930 933 933 933
    933 933 935 935 938 938 938 940 940 943 943 943 943 946 946 948 951
    951 954 954 954 954 954 956 956 956 956 959 964 964 964 964 964 967
    967 967 967 973 975 978 978 981 981 981 981 981 984 984 984 987 989
    989 923 920 920 920 920 920 920 920 923 923 928 930 933 933 933 933
    933 935 938 940 938 938 940 940 943 943 943 946 946 948 951 951 951
    954 954 954 956 956 956 956 956 956 962 964 964 967 967 967 967 967
    967 967 973 975 978 978 981 981 981 981 981 984 984 987 989 989 992
    0 920 920 920 920 920 920 920 923 923 925 928 930 933 933 933 933
    935 938 938 938 938 940 943 943 943 946 946 948 948 951 951 954 954
    954 956 956 956 956 956 959 959 962 964 964 967 967 967 967 967 967
    970 973 975 978 981 981 981 981 981 981 984 984 987 989 989 992 0 0
    923 920 920 920 920 920 923 923 925 928 928 933 933 933 935 935 935
    935 938 938 940 940 943 943 946 946 948 948 951 951 954 954 956 956
    956 956 956 959 959 959 962 964 964 967 967 967 967 970 970 973 975
    978 978 981 981 981 981 981 981 984 987 989 989 992 989 0 0 923 920
    920 920 920 923 923 923 928 928 928 933 933 935 935 935 935 935 935
    938 940 940 943 943 946 946 948 948 948 951 954 954 956 956 956 956
    956 959 959 959 962 964 964 967 967 967 970 970 970 973 975 978 978
    981 981 981 981 981 981 984 987 989 989 992 989 0 0 923 920 920 920
    920 923 923 925 928 928 930 933 933 935 935 935 935 935 935 940 940
    943 943 946 946 946 946 946 948 951 954 954 956 956 956 956 959 959
    959 959 962 964 964 967 967 967 970 970 970 973 978 978 978 981 981
    981 981 981 981 984 989 989 989 992 989 0 0 923 923 920 920 920 923
    923 923 928 928 933 933 933 933 935 935 935 935 938 940 943 943 943
    946 946 946 946 946 948 951 954 956 956 956 956 956 959 959 959 959
    962 964 964 967 967 967 970 970 973 973 978 978 978 981 981 981 981
