<?xml version="1.0"?>
<opencv_storage>
<Depth18310 type_id="opencv-matrix">
  <rows>94</rows>
  <cols>107</cols>
  <dt>w</dt>
  <data>
    4190 4190 4190 4190 4190 4190 4190 4241 4241 4241 4241 4241 4241
    4241 4295 4295 4295 4295 4241 4241 4241 4241 4241 4241 1034 1034
    1038 1028 1028 4295 4295 4295 4295 4241 4241 4241 4241 4241 4241
    4241 4241 4190 4190 4241 4241 4241 4241 4241 4295 4295 4295 4241
    4241 4241 4241 4241 4241 4241 4241 4241 4241 4241 4241 4190 4190
    4190 4190 4190 4190 4190 4190 4190 4139 4139 4139 4139 4139 4139
    4089 4089 4089 4089 4089 4089 4089 4089 4139 4139 4139 4139 4089
    4089 3994 3994 3994 3994 4041 4089 3994 3948 3903 3859 3816 3816
    3859 3859 3859 4190 4190 4190 4190 4190 4190 4190 4241 4241 4241
    4241 4241 4241 4241 4295 4295 4295 4295 4190 4190 981 981 981 4241
    1038 1038 1019 1019 1019 1025 1025 1016 1016 4241 4241 4241 4241
    4241 4241 4190 4190 4190 4190 4241 4241 4190 4190 4241 4241 4241
    4241 4241 4241 4241 4241 4190 4190 4190 4190 4190 4190 4190 4190
    4139 4139 4190 4190 4190 4190 4139 4139 4139 4139 4139 4139 4139
    4139 4139 4089 4089 4089 4089 4089 4089 4089 4089 4139 4139 4139
    4139 4089 4089 3994 3994 3994 3994 4041 4089 3994 3948 3903 3859
    3816 3816 3816 3816 3816 4190 4190 4190 4190 4190 4190 4190 4241
    4241 4241 4241 4241 4190 4190 4190 0 0 4190 4190 4190 981 978 975
    975 4190 992 992 1013 1013 1016 1016 1016 1016 1016 1016 4295 4241
    4241 4241 4190 4190 4190 4190 4190 4190 4190 4190 4241 4241 4241
    4241 4241 4190 4190 4190 4190 4190 4190 4190 4190 4139 4139 4139
    4139 4139 4139 4139 4139 4139 4139 4139 4139 4139 4139 4139 4089
    4089 4089 4089 4089 4089 4089 4089 4089 4089 4089 4089 4139 4139
    4089 4041 4041 3994 3994 3994 3994 4089 4089 4041 3994 3903 3859
    3816 3816 3816 3774 3774 4190 4190 4190 4190 4190 4190 4190 4241
    4241 4241 4241 4190 4190 4190 0 0 0 0 0 981 981 978 975 975 981 984
    989 992 1004 1007 1010 1010 1013 1016 1016 1016 1016 1016 4190 4190
    4190 4190 4190 4190 4190 4190 4190 4241 4190 4190 4190 4190 4190
    4190 4190 4190 4190 4190 4139 4139 4139 4139 4139 4139 4139 4139
    4139 4139 4139 4139 4139 4139 4139 4139 4089 4089 4089 4089 4089
    4089 4089 4089 4089 4089 4089 4089 4089 4089 4089 4041 3994 3994
    3994 3994 3994 3994 4041 4041 4041 4041 3948 3903 3859 3816 3816
    3774 2958 4190 4190 4190 4190 4190 4190 4190 4241 4241 4241 4241
    4190 4190 4190 0 0 0 0 0 0 978 978 975 975 975 975 975 989 992 995
    1001 1001 1007 1007 1010 1010 1016 1016 1016 4190 4190 4190 4139
    4139 4139 4190 4190 4190 4190 4190 4190 4190 4190 4190 4139 4139
    4139 4139 4139 4139 4139 4139 4139 4139 4139 4139 4139 4139 4139
    4139 4139 4139 4139 4139 4089 4089 4089 4089 4089 4089 4089 4089
    4089 4089 4089 4041 4041 4089 4041 4041 3994 3994 3994 3994 3994
    3994 3994 4041 4089 4089 3994 3948 3903 3859 3816 3774 2908 4190
    4190 4190 4190 4190 4190 4190 4241 4190 4190 4190 4190 4190 0 0 0 0
    0 0 0 915 938 938 948 948 948 951 989 989 989 992 992 995 995 998
    1007 1010 1013 1010 1007 1007 1007 4139 4139 4139 4190 4190 4190
    4190 4190 4190 4190 4190 4190 4139 4139 4139 4139 4139 4139 4139
    4139 4139 4139 4139 4139 4139 4139 4089 4089 4089 4089 4089 4139
    4089 4089 4089 4089 4089 4089 4089 4089 4089 4089 4089 4041 4041
    4089 3994 3994 3948 3948 3948 3948 3994 3994 3994 4041 4089 4139
    4041 3994 3994 3948 3903 3903 2908 4139 4139 4139 4139 4139 4139
    4190 4241 4190 4190 4190 4190 0 0 0 0 0 0 918 915 915 938 938 935
    935 940 943 948 948 948 987 987 987 987 987 992 995 1004 1004 1004
    1004 1004 1013 1019 1019 4190 4190 4190 4190 4190 4190 4190 4139
    4139 4139 4139 4139 4139 4139 4139 4139 4139 4139 4139 4139 4139
    4139 4089 4089 4089 4089 4089 4089 4089 4089 4089 4089 4089 4089
    4089 4089 4089 4089 4089 4041 4041 4041 4041 3994 3948 3948 3948
    3948 3948 3994 3994 3994 4041 4089 4089 4041 3994 3994 3948 2789
    2789 2908 4139 4139 4139 4139 4139 4139 4139 4190 4190 4190 4190 0 0
    0 0 0 0 0 918 913 913 913 918 933 933 935 938 938 943 943 943 987
    987 984 984 987 989 989 998 1001 1004 1004 1010 1010 1010 1010 1007
    4241 4241 4190 4190 4139 4139 4139 4139 4139 4139 4139 4139 4089
    4089 4139 4139 4139 4139 4139 4139 4089 4089 4089 4089 4089 4089
    4089 4089 4089 4089 4089 4089 4089 4089 4089 4089 4089 4041 4041
    4041 4041 3994 3948 3948 3948 3948 3948 3994 4041 4041 4089 4089
    4089 4041 3994 3994 3948 2789 2789 2908 4089 4089 4089 4089 4089
    4139 4139 4190 4190 0 4190 0 0 0 0 0 0 0 918 910 910 910 913 913 928
    933 933 938 940 943 943 948 948 978 978 978 981 981 984 992 998 1001
    1004 1004 1007 1007 1007 1007 1007 4190 4190 4139 4089 4089 4089
    4089 4139 4139 4089 4089 4089 4089 4089 4139 4139 4139 4139 4089
    4089 4089 4089 4089 4089 4089 4089 4089 4041 4041 4089 4089 4041
    4041 4041 4041 3994 3994 4041 3994 3948 3948 3903 3903 3948 3948
    3994 4041 4041 4089 4089 4089 4041 3994 3948 3903 2812 2812 2933
    4089 4089 4089 4089 4089 4089 4089 4190 0 0 0 0 0 0 0 0 0 0 880 880
    880 882 885 898 898 898 933 938 933 933 938 938 938 938 978 978 981
    981 984 984 987 989 989 995 995 1004 1007 1007 1001 1001 1001 4041
    4041 4041 4041 4089 4089 4089 4089 4089 4089 4089 4089 4089 4089
    4139 4089 4089 4089 4089 4089 4089 4089 4089 4089 4041 4041 4041
    4089 4089 4041 4041 4041 4041 3994 3994 3994 3948 3948 3903 3903
    3903 3948 3948 3994 3994 4041 4089 4089 4089 4041 3994 3948 3903
    2883 2883 2908 4089 4089 4089 4089 4089 4041 4041 4041 0 0 0 0 0 0
    854 854 854 0 878 878 878 882 882 885 896 896 898 901 906 913 935
    935 935 935 938 946 946 948 975 975 975 984 984 987 989 998 1004
    1004 1001 1001 1001 4041 4041 4041 4041 4089 4089 4089 4089 4089
    4089 4089 4089 4089 4089 4089 4089 4089 4089 4089 4089 4089 4089
    4089 4041 4041 3994 3994 4041 4041 4041 3994 3994 3994 3994 3948
    3948 3948 3903 3903 3903 3903 3948 3948 3994 3994 3994 4041 4041
    4041 3994 3948 3948 3903 2883 2883 2883 4089 4089 4089 4041 4041
    4041 4041 0 860 0 858 0 0 0 847 847 849 849 851 856 856 873 880 880
    896 896 898 898 901 901 901 933 935 935 935 940 940 940 943 948 967
    978 978 984 984 987 995 995 998 1001 1001 1004 1004 1004 4089 4089
    4089 4089 4089 4089 4089 4089 4089 4089 4089 4041 4041 4089 4089
    4089 4089 4089 4089 4041 4041 3994 3994 3994 4041 3994 3994 3994
    3994 3994 3948 3948 3948 3948 3903 3903 3948 3948 3948 3994 3994
    3994 3994 4041 4041 4041 3994 3948 3948 3903 3903 2883 2883 4089
    4089 4041 4041 3994 3994 4041 0 860 858 858 856 854 854 845 845 845
    847 849 854 854 864 864 862 862 864 878 885 891 891 891 894 898 901
    915 933 933 933 935 935 967 973 973 973 978 975 975 978 989 989 995
    1004 1004 1004 1004 1004 4089 4089 4089 4139 4089 4089 4089 4041
    4041 4041 4041 4041 4089 4089 4089 4041 4041 4041 4041 3994 3994
    3994 3994 3994 3994 3994 3994 3948 3948 3948 3948 3948 3948 3948
    3948 3948 3948 3994 3994 3994 3994 4041 4089 4089 3994 3948 3948
    3903 3774 2859 2859 4089 4041 4041 4041 3994 3994 0 0 858 858 856
    856 854 849 841 841 841 841 845 847 854 864 862 858 858 862 878 885
    887 887 887 891 891 891 891 894 923 923 925 925 928 933 935 959 964
    967 967 970 975 978 984 989 1001 1001 998 998 998 998 4139 4139 4089
    4089 4089 4041 4041 4041 4041 4041 4089 4089 4041 3994 3994 4041
    4041 3994 3994 3994 3948 3948 3948 3948 3994 3948 3948 3948 3948
    3948 3948 3948 3948 3948 3948 3994 3994 3994 3994 4041 4041 4041
    3994 3948 3903 3816 3692 2859 2859 4041 4041 4041 4041 4041 0 0 0
    858 858 856 856 854 849 841 841 841 841 839 839 839 839 862 858 858
    862 862 875 875 875 882 882 887 889 889 891 891 918 918 920 920 930
    925 925 933 933 935 943 959 973 978 984 987 992 995 992 992 995 995
    995 4089 4089 4089 4089 4041 4041 4041 4041 4041 3994 3994 3994 3994
    3994 3994 3994 3994 3994 3948 3948 3948 3948 3994 3948 3948 3903
