<?xml version="1.0"?>
<opencv_storage>
<Depth18395 type_id="opencv-matrix">
  <rows>13</rows>
  <cols>7</cols>
  <dt>w</dt>
  <data>
    7178 7178 7332 7332 7660 7660 7660 7178 7178 7332 7332 7660 7660 0
    7332 7332 7332 7332 7332 7492 0 7492 7492 7492 7492 7492 7492 0 7492
    7492 7492 7492 7492 7492 0 7660 7492 7492 7492 7492 7492 0 7332 7332
    7492 7492 7332 7332 0 7332 7332 7492 7492 7332 7332 0 7492 7492 7492
    7492 7492 7492 7492 7492 7492 7492 7492 7492 7492 7492 7492 7492
    7492 7492 7492 7492 7492 7492 7492 7660 7492 7492 7492 7492 7835
    7835 7660 7492 7492 7492 7492</data></Depth18395>
</opencv_storage>
