<?xml version="1.0"?>
<opencv_storage>
<Depth19150 type_id="opencv-matrix">
  <rows>19</rows>
  <cols>7</cols>
  <dt>w</dt>
  <data>
    7492 7492 7492 7492 7492 7332 2789 7492 7492 7492 7492 7492 7332
    7332 7492 7492 7492 7492 7492 7492 7332 0 7492 7492 7492 7492 7492
    7332 7660 7492 7492 7492 7492 7492 7492 7660 7492 7492 7492 7492
    7492 7492 7660 7492 7492 7492 7492 7492 7492 7492 7492 7492 7492
    7492 7492 7332 7492 7492 7492 7492 7492 7492 7332 7492 7492 7660
    7492 7492 7492 7332 7492 7492 7660 7660 7492 7492 7492 7835 7835
    7660 7660 7492 7492 7492 7835 7835 7660 7660 7492 7492 7492 8019
    7835 7835 7660 7660 7660 7492 7835 7835 7835 7660 7660 7660 7492
    7660 7660 7835 7660 7660 7660 7492 7660 7660 7660 7660 7660 7660
    7660 7835 7835 7660 7660 7660 7660 7492 8019 8019 7835 7660 7660
    7492 7332</data></Depth19150>
</opencv_storage>
