<?xml version="1.0"?>
<opencv_storage>
<Depth2073 type_id="opencv-matrix">
  <rows>16</rows>
  <cols>10</cols>
  <dt>w</dt>
  <data>
    4041 4041 4089 4089 2744 2723 2723 2701 2680 2680 4041 4041 4041
    4041 4041 2723 2723 2723 2701 2701 3994 3994 4041 4041 4041 4041
    2723 2723 2701 2680 3994 3994 3994 4041 4041 4041 3948 2723 2701
    2680 3948 3948 3948 3994 3994 3994 3948 2723 2723 2701 3859 3859
    3903 3903 3994 3994 3948 2701 2701 2701 3774 3774 3816 3859 3903
    3948 3948 2701 2701 2723 3774 3774 3816 3816 3859 3903 3903 3903
    2723 2723 3816 3774 3774 3774 3774 3816 3859 3816 2723 2723 3816
    3774 3732 3732 3732 3732 3816 3816 3816 2723 3816 3774 3732 3732
    3732 3732 3774 3816 3816 2723 3816 3774 3774 3774 3732 3732 3774
    3816 3816 3816 3816 3732 3732 3732 3774 3774 3816 3816 3816 3816
    3816 3732 3732 3732 3774 3816 3816 3859 3859 3816 2522 3774 3774
    3774 3774 3816 3816 3859 3816 3816 2503 2503 3653 3653 3692 3774
    3816 3816 3816 3816</data></Depth2073>
</opencv_storage>
