<?xml version="1.0"?>
<opencv_storage>
<Depth6282 type_id="opencv-matrix">
  <rows>9</rows>
  <cols>42</cols>
  <dt>w</dt>
  <data>
    3576 3576 3653 3653 3614 2579 2541 2541 2560 3653 3653 3692 3692
    3732 2522 2522 3732 3732 3774 3774 3774 3859 3859 3859 2579 3948
    3948 3948 3948 2680 2659 2659 2659 2680 2680 2680 2701 2723 2723
    2744 2789 0 3576 3576 3692 3653 3614 2541 2541 2541 2541 3732 3732
    3732 3732 2541 2522 2522 2522 2522 2522 2541 2560 2560 2560 2579
    2579 2579 2579 2579 2701 2701 2659 2659 2659 2659 2680 2680 2701
    2723 2723 2744 0 0 0 2398 2398 2415 2450 2450 2450 2503 2503 2503
    3732 2541 2541 2541 2522 2522 2522 2522 2522 2541 2560 2560 2560
    2598 2560 2560 2560 2560 2579 2659 2659 2659 2659 2659 2659 2659
    2680 2723 2701 2701 2744 0 0 2398 2398 2415 2415 2432 2432 2432 2485
    2485 2503 2503 2522 2560 2541 2541 2541 2503 2503 2522 2541 2541
    2541 2598 2579 2560 2560 2579 2579 2598 2618 2659 2659 2659 2659
    2659 2680 2701 2701 2701 2744 2767 2415 2398 2398 2415 2415 2432
    2432 2432 2432 2450 2503 2503 2485 2485 2467 2467 2522 2503 2503
    2522 2541 2541 2560 2579 2579 2579 2579 2579 2579 2598 2618 2659
    2659 2659 2659 2659 2680 2701 2701 2701 2723 2767 2415 2398 2398
    2415 2432 2432 2432 2432 2432 2450 2522 2503 2485 2485 2467 2467
    2503 2522 2541 2541 2541 2541 2541 2560 2598 2618 2598 2579 2579
    2598 2618 2659 2701 2701 2701 2701 2701 2701 2701 2701 2723 2744
    2415 2398 2398 2415 2432 2432 2432 2432 2450 2467 2485 2503 2485
    2485 2485 2485 2503 2522 2522 2522 2522 2541 2541 2560 2598 2618
    2598 2598 2598 2618 2618 2659 2701 2701 2701 2723 2723 2723 2723
    2723 2744 2744 2398 2415 2432 2432 2450 2450 2450 2450 2450 2467
    2467 2485 2485 2485 2485 2503 2522 2522 2522 2522 2522 2522 2522
    2598 2598 2618 2618 2618 2618 2618 2618 2659 2680 2701 2701 2723
    2723 2723 2723 2723 2723 2723 2398 2415 2432 2432 2450 2450 2450
    2467 2467 2467 2467 2485 2503 2503 2503 2503 2522 2522 2522 2522
    2522 2522 2522 2579 2579 2618 2618 2618 2639 2639 2639 2659 2659
    2680 2680 2701 2723 2744 2723 2723 2701 2701</data></Depth6282>
</opencv_storage>
