<?xml version="1.0"?>
<opencv_storage>
<Depth15534 type_id="opencv-matrix">
  <rows>9</rows>
  <cols>10</cols>
  <dt>w</dt>
  <data>
    8212 8212 6038 6038 6038 6038 6146 6146 6375 7030 8212 8212 6038
    6038 6038 6038 6038 6038 6259 6259 8413 8413 6038 6038 6038 6038
    6038 6038 6146 6146 8413 6146 6146 6146 6146 6146 6146 6146 6146
    6038 6146 6146 6146 6038 6038 6038 6038 6038 6038 6038 6146 6038
    6038 6038 6038 6038 6038 6038 6038 6038 6146 6038 6038 6038 6038
    6038 6038 6038 6038 6038 6146 6038 6038 6038 5933 5933 6038 6146
    6146 8019 0 6038 6038 6038 5933 5933 6038 6146 6146 8019</data></Depth15534>
</opencv_storage>
