<?xml version="1.0"?>
<opencv_storage>
<Depth7185 type_id="opencv-matrix">
  <rows>61</rows>
  <cols>79</cols>
  <dt>w</dt>
  <data>
    3859 3859 3903 3903 3903 3903 3903 3903 3903 3859 3859 3859 3859
    3859 3859 1439 1427 1427 1421 1421 1421 3994 1427 1427 3903 3903
    3859 3859 3859 3859 3859 3859 3859 3859 3859 3816 3816 3816 3774
    3774 3774 3816 3816 3859 3816 3816 3816 3816 3816 3816 3816 3816
    3816 3816 3816 3816 3816 3859 3859 3816 3816 3859 3859 3859 3859
    3859 3859 3859 3903 3859 3859 3774 3732 3732 3732 3732 3732 3774
    3816 3859 3859 3903 3903 3903 3859 3859 3859 3859 3859 3859 3859
    3859 1445 1439 1433 1421 1421 1421 1415 1415 1421 1415 1415 1415
    1415 3859 3859 3859 3859 3859 3859 3859 3859 3859 3816 3816 3816
    3774 3774 3774 3816 3816 3816 3816 3816 3774 3774 3774 3774 3816
    3816 3816 3774 3774 3774 3774 3816 3816 3816 3816 3859 3859 3859
    3859 3859 3859 3859 3859 3859 3859 3774 3732 3732 3732 3732 3732
    3774 3816 3859 3859 3859 3859 3859 3859 3859 3859 3859 3859 3859
    3859 1445 1445 1439 1433 1421 1421 1421 1392 1392 1392 1410 1410
    1410 1410 1410 1410 3859 3816 3816 3816 3816 3816 3816 3816 3774
    3774 3774 3774 3774 3774 3774 3774 3774 3774 3774 3774 3774 3774
    3774 3774 3774 3774 3774 3774 3774 3816 3816 3816 3816 3859 3859
    3859 3859 3859 3859 3859 3859 3859 3816 3816 3774 3774 3774 3774
    3774 3816 3816 3859 3859 3859 3859 3859 3859 3859 3816 3816 3816
    3859 3859 1452 1452 1439 1439 1439 1370 1370 1376 1381 1387 1387
    1392 1392 1398 1398 1398 1387 1387 3816 3816 3816 3816 3816 3774
    3774 3774 3774 3774 3774 3774 3774 3774 3774 3774 3774 3774 3774
    3774 3774 3774 3774 3774 3774 3774 3774 3816 3816 3816 3816 3816
    3816 3816 3816 3816 3859 3859 3859 3859 3816 3816 3774 3774 3774
    3774 3774 3774 3774 3859 3859 3859 3859 3859 3859 3859 3816 3816
    3816 3859 3859 3859 1359 1365 1365 1365 1359 1359 1365 1376 1376
    1381 1381 1381 1387 1392 1387 1387 1387 1387 1387 1387 3816 3816
    3774 3774 3774 3774 3732 3732 3732 3732 3774 3774 3774 3774 3732
    3732 3774 3774 3774 3774 3774 3774 3774 3774 3816 3816 3816 3816
    3816 3816 3816 3816 3816 3859 3859 3859 3859 3816 3816 3774 3774
    3774 3774 3774 3774 3774 3859 3816 3816 3816 3816 3859 3859 3816
    3774 3774 3774 3774 0 1359 1359 1359 1359 1359 1359 1359 1359 1365
    1370 1370 1376 1376 1376 1381 1381 1387 1387 1387 1387 1387 1381
    1381 3816 3774 3774 3732 3732 3732 3732 3732 3774 3774 3732 3732
    3732 3732 3732 3774 3774 3774 3774 3732 3732 3816 3816 3816 3816
    3816 3816 3816 3816 3816 3859 3859 3859 3859 3816 3816 3732 3732
    3774 3774 3774 3732 3732 3816 3816 3816 3816 3816 3816 3816 3816
    3774 3774 3774 0 0 0 1359 1359 1359 1354 1354 1349 1349 1359 1359
    1365 1365 1365 1365 1370 1370 1381 1381 1381 1387 1387 1381 1381
    1387 1387 1387 3732 3653 3653 3692 3692 3732 3732 3732 3732 3732
    3732 3732 3732 3732 3732 3732 3732 3732 3774 3774 3774 3774 3774
    3774 3774 3774 3774 3816 3816 3816 3774 3732 3732 3692 3692 3732
    3732 3732 3692 3692 3816 3816 3816 3816 3816 3816 3816 3816 3816
    3859 3859 0 1359 1359 1359 1359 1354 1349 1349 1343 1343 1349 1354
    1354 1354 1354 1359 1359 1359 1370 1370 1376 1381 1381 1381 1381
    1381 1381 1381 1381 1381 1387 3692 3692 3732 3732 3732 3732 3732
    3732 3732 3732 3692 3692 3692 3692 3732 3774 3774 3774 3774 3774
    3774 3774 3774 3774 3774 3816 3816 3732 3692 3653 3653 3653 3692
    3692 3692 3692 3692 3816 3816 3816 3774 3774 3774 3774 3774 3774
    3774 3774 0 1359 1359 1359 1359 1354 1349 1349 1343 1343 1343 1343
    1343 1343 1349 1349 1354 1354 1359 1359 1359 1359 1365 1376 1376
    1376 1376 1381 1381 1381 1376 1376 1376 3774 3732 3732 3732 3732
    3732 3732 3692 3692 3692 3692 3692 3732 3774 3774 3774 3774 3774
    3774 3732 3732 3732 3732 3774 3732 3732 3692 3653 3653 3653 3653
    3692 3692 3732 3732 3774 3774 3774 3774 3774 3774 3774 3774 3774 0 0
    1370 1359 1359 1359 1359 1354 1349 1349 1343 1343 1343 1343 1343
    1338 1338 1338 1338 1343 1343 1343 1343 1343 1349 1354 1365 1365
    1365 1365 1370 1370 1370 1370 1370 1365 1365 3732 3732 3732 3732
    3732 3692 3692 3692 3692 3692 3692 3732 3732 3732 3732 3732 3774
    3732 3732 3732 3732 3732 3732 3692 3692 3653 3653 3653 3614 3614
    3692 3692 3732 3732 3732 3732 3732 3732 3732 3732 3732 3732 3732 0
    1370 1370 1365 1365 1359 1359 1354 1349 1343 1343 1343 1338 1338
    1338 1338 1333 1333 1333 1333 1333 1338 1338 1338 1343 1349 1349
    1359 1359 1365 1365 1365 1365 1365 1365 1365 1365 1365 3774 3732
    3732 3692 3692 3692 3653 3653 3692 3692 3732 3732 3732 3732 3732
    3732 3732 3692 3692 3732 3653 3653 3653 3614 3614 3614 3614 3614
    3653 3692 3732 3732 3732 3732 3732 3732 3732 3692 3692 3692 0 1381
    1381 1370 1370 1365 1359 1359 1354 1349 1349 1343 1343 1338 1338
    1338 1338 1333 1328 1328 1328 1328 1328 1333 1333 1333 1338 1338
    1343 1349 1354 1354 1354 1359 1359 1359 1359 1365 1365 1365 1370
    1370 3732 3732 3692 3653 3653 3692 3692 3692 3692 3692 3692 3732
    3732 3732 3692 3692 3732 3653 3653 3653 3614 3614 3576 3576 3576
    3614 3732 3732 3732 3732 3692 3692 3732 3692 3692 3692 3692 0 1381
    1381 1370 1370 1365 1359 1359 1359 1354 1349 1343 1343 1338 1338
    1338 1338 1333 1328 1328 1328 1328 1328 1328 1322 1322 1328 1333
    1333 1338 1338 1343 1343 1349 1354 1354 1359 1359 1359 1365 1365
    1370 1370 1376 1376 3653 3653 3692 3653 3653 3653 3692 3692 3732
    3732 3732 3692 3692 3692 3653 3653 3653 3614 3576 3539 3539 3576
    3576 3732 3732 3732 3732 3692 3692 3692 3692 3614 3614 3614 0 1381
    1381 1370 1370 1365 1365 1365 1359 1359 1349 1349 1343 1338 1338
    1338 1338 1333 1328 1328 1328 1328 1328 1322 1322 1322 1322 1322
    1322 1322 1322 1328 1328 1338 1338 1338 1343 1354 1354 1354 1359
    1365 1365 1370 1370 1370 1370 3692 3653 3614 3614 3653 3653 3692
    3692 3732 3692 3692 3653 3653 3653 3653 3614 3576 3539 3539 3576
    3576 3732 3732 3692 3692 3692 3692 3692 3692 3614 3614 3614 0 1376
    1376 1370 1370 1365 1365 1365 1359 1359 1349 1349 1343 1343 1338
    1338 1338 1338 1338 1333 1328 1328 1328 1322 1322 1317 1317 1317
    1317 1317 1322 1322 1322 1322 1328 1328 1328 1333 1338 1343 1349
    1354 1354 1359 1365 1365 1365 1365 3653 3614 3614 3614 3614 3653
    3692 3692 3692 3692 3653 3653 3653 3653 3614 3614 3539 3539 3576
    3614 3732 3732 3692 3692 3692 3692 3692 3653 3653 3653 3653 1370
    1370 1370 1370 1365 1365 1365 1365 1359 1359 1349 1343 1343 1343
    1338 1338 1338 1338 1338 1333 1333 1328 1328 1322 1322 1317 1317
    1317 1317 1317 1317 1317 1317 1317 1317 1312 1312 1317 1322 1322
    1328 1328 1338 1343 1354 1359 1354 1354 1354 1354 1354 3614 3614
    3653 3692 3692 3692 3653 3653 3653 3653 3614 3614 3614 3503 3503
    3576 3614 3692 3692 3692 3692 3692 3653 3614 3614 3653 3653 0 1365
    1365 1365 1370 1365 1365 1359 1359 1359 1354 1349 1343 1343 1343
    1338 1338 1338 1338 1338 1338 1333 1333 1328 1322 1322 1317 1317
    1317 1317 1317 1312 1312 1312 1312 1307 1307 1312 1312 1317 1317
    1317 1317 1322 1322 1333 1343 1349 1349 1349 1349 1349 1349 1349
    3692 3692 3653 3653 3653 3653 3653 3653 3614 3614 3614 3503 3503
    3539 3614 3653 3692 3692 3653 3653 3614 3614 3614 3614 3614 1381
    1365 1365 1365 1370 1365 1365 1359 1359 1359 1354 1349 1343 1343
    1343 1343 1343 1338 1338 1338 1338 1333 1333 1328 1328 1322 1322
    1317 1317 1317 1317 1312 1312 1307 1307 1302 1302 1302 1307 1307
    1312 1312 1312 1317 1317 1328 1328 1333 1333 1338 1338 1338 1343
    1349 1349 3653 3653 3653 3653 1343 1343 1349 1349 3653 3653 3503
    3503 3539 3614 3653 3692 3653 3653 3653 3614 3614 0 1392 1392 1381
    1381 1370 1370 1370 1365 1365 1359 1359 1359 1354 1354 1349 1343
    1343 1343 1343 1343 1338 1338 1338 1333 1333 1328 1322 1322 1322
    1322 1317 1317 1317 1312 1312 1307 1307 1302 1302 1302 1302 1302
    1302 1307 1307 1312 1312 1317 1322 1322 1328 1328 1328 1328 1333
