<?xml version="1.0"?>
<opencv_storage>
<Depth15193 type_id="opencv-matrix">
  <rows>82</rows>
  <cols>69</cols>
  <dt>w</dt>
  <data>
    4190 4190 4241 4190 4190 4190 4190 4190 4190 4190 4241 4241 4241
    4241 4295 4295 4295 4295 4190 4190 4241 4241 4241 4349 4349 4349
    4349 4405 4463 4463 4463 4463 1264 1264 1259 1259 1259 1259 1255
    1255 1259 1259 1259 1264 1264 1268 1268 1268 1268 1268 1268 1268
    1273 4582 4582 4582 4582 4582 4582 4582 4645 4645 4645 3774 3774
    3732 3732 3732 3732 4139 4139 4190 4190 4190 4190 4190 4190 4190
    4190 4190 4241 4241 4241 4295 4295 4295 4295 4295 4241 4241 4241
    1236 1236 4349 4349 4349 4349 4463 4463 4463 1259 1259 1259 1255
    1255 1250 1250 1255 1255 1259 1259 1259 1264 1264 1268 1268 1268
    1268 1268 1268 1273 1273 4582 4582 4582 4582 4582 4582 4582 4645
    4645 3732 3732 3732 3732 3732 3732 3732 4139 4139 4139 4139 4139
    4190 4190 4190 4139 4139 4139 4241 4241 4241 4295 4295 4295 4295
    4295 1241 1241 1236 1236 1236 1236 1241 1241 1241 1241 1245 1245
    1250 1250 1255 1255 1255 1250 1250 1255 1255 1259 1259 1259 1259
    1259 1268 1268 1273 1273 1268 1268 1273 1273 1273 4582 4582 4582
    4645 4645 4645 3732 3732 3732 3732 3732 3732 3732 3732 3774 4139
    4139 4139 4139 4139 4139 4139 4139 4089 4089 4089 4241 4241 4241
    4295 4295 4295 1227 1227 1236 1236 1236 1236 1236 1236 1241 1241
    1241 1241 1245 1245 1245 1250 1250 1250 1250 1250 1250 1250 1255
    1255 1259 1259 1259 1259 1268 1268 1273 1273 1273 1273 1273 1273 0
    4645 4645 4645 4645 4645 4645 3732 3732 3774 3774 3774 3774 3774
    3774 3774 4139 4139 4139 4089 4089 4089 4089 4139 4089 4089 4089
    4241 4241 4241 1210 1210 1210 1223 1227 1236 1236 1236 1236 1236
    1241 1241 1241 1241 1241 1241 1245 1245 1245 1245 1245 1250 1250
    1250 1250 1255 1255 1259 1259 1264 1264 1268 1268 1273 1273 1273
    1268 1268 1268 0 0 4774 4774 4774 3692 3692 3692 3732 3774 3774 3774
    3774 3774 3732 3732 4139 4139 4139 4089 4089 4089 1219 1214 1214
    1223 1223 1227 1227 1227 1210 1210 1210 1223 1227 1232 1232 1232
    1232 1236 1236 1241 1241 1241 1241 1241 1245 1245 1245 1245 1245
    1250 1250 1250 1255 1255 1255 1259 1259 1264 1264 1268 1268 1268
    1268 1268 1268 1268 1268 1268 0 4774 4774 4774 3653 3653 3692 3732
    3732 3732 3732 3732 3732 3732 3692 4089 4089 4089 4089 4089 1219
    1219 1214 1214 1219 1223 1223 1227 1227 1223 1223 1223 1227 1227
    1232 1232 1227 1227 1236 1236 1241 1241 1241 1241 1241 1245 1245
    1245 1245 1250 1255 1255 1255 1255 1255 1259 1259 1259 1264 1264
    1268 1268 1268 1268 1268 1268 1268 1268 0 0 4842 4842 4842 3653 3653
    3692 3732 3732 3732 3732 3692 3692 3692 3692 4089 4089 4089 1210
    1210 1214 1214 1214 1214 1219 1223 1223 1223 1227 1227 1227 1227
    1227 1227 1232 1232 1227 1227 1236 1241 1241 1241 1241 1245 1245
    1245 1245 1245 1245 1250 1250 1255 1255 1255 1259 1259 1259 1259
    1259 1259 1264 1268 1268 1268 1268 1268 1268 1268 0 1268 0 4911 4911
    3692 3692 3692 3692 3732 3732 3732 3692 3692 3692 3692 4089 1206
    1206 1206 1210 1214 1214 1214 1214 1219 1223 1223 1223 1227 1227
    1227 1227 1227 1227 1227 1227 1232 1232 1232 1241 1241 1241 1241
    1245 1245 1245 1245 1245 1245 1250 1250 1250 1250 1255 1255 1255
    1259 1259 1259 1259 1264 1264 1268 1268 1268 1268 1268 1268 1268
    1268 0 3692 0 3692 3692 3692 3692 3692 3692 3692 3692 3692 3732 3732
    1206 1206 1206 1206 1206 1210 1210 1214 1214 1219 1219 1219 1223
    1227 1227 1227 1227 1227 1227 1227 1227 1227 1232 1232 1241 1241
    1241 1241 1241 1245 1245 1245 1245 1245 1245 1245 1250 1250 1255
    1255 1255 1259 1259 1259 1259 1264 1264 1268 1268 1268 1273 1273
    1268 1268 1268 0 0 0 3732 3692 3692 3692 3692 3692 3692 3692 3692
    3732 3732 1193 1193 1197 1206 1206 1206 1206 1214 1214 1219 1219
    1219 1223 1223 1227 1227 1227 1227 1227 1227 1227 1227 1227 1232
    1236 1241 1241 1241 1241 1245 1245 1245 1245 1245 1245 1245 1250
    1250 1255 1255 1259 1259 1259 1259 1259 1268 1268 1268 1273 1273
    1273 1273 1268 1268 1268 0 0 0 3732 3692 3692 3732 3692 3692 3692
    3692 3692 3732 3732 1193 1193 1197 1206 1206 1206 1206 1214 1214
    1223 1223 1223 1223 1223 1227 1227 1227 1227 1227 1232 1232 1227
    1227 1232 1236 1241 1241 1241 1241 1245 1245 1245 1245 1245 1245
    1250 1250 1255 1255 1255 1259 1259 1259 1259 1259 1268 1268 1268
    1268 1273 1273 1273 1273 1273 1273 0 0 0 3732 3732 3732 3692 3692
    3653 3653 3692 3732 3732 3732 1202 1202 1206 1206 1206 1210 1210
    1214 1214 1223 1223 1223 1223 1223 1223 1227 1227 1227 1227 1232
    1227 1227 1227 1236 1241 1241 1241 1241 1241 1241 1241 1245 1245
    1245 1245 1250 1250 1255 1259 1259 1259 1259 1259 1259 1259 1268
    1268 1268 1268 1273 1273 1273 1278 1273 1273 1273 0 3774 3774 3732
    3732 3692 3692 3653 3653 3692 3732 3732 3732 0 1206 1206 1206 1206
    1210 1214 1219 1219 1223 1219 1219 1223 1223 1223 1227 1227 1227
    1227 1227 1227 1227 1227 1236 1241 1241 1241 1241 1241 1241 1241
    1245 1245 1245 1245 1250 1250 1255 1259 1259 1259 1259 1259 1259
    1259 1268 1268 1268 1268 1268 1268 1273 1278 1278 1278 1278 0 3774
    3774 3732 3732 3692 3692 3692 3692 3692 3692 3692 3692 0 0 1210 1210
    1210 1210 1214 1214 1219 1219 1219 1219 1219 1223 1223 1223 1227
    1227 1227 1227 1227 1227 1227 1236 1241 1241 1241 1241 1241 1245
    1245 1245 1245 1245 1245 1245 1250 1250 1255 1255 1259 1259 1259
    1259 1259 1268 1268 1268 1268 1268 1268 1273 1278 1278 1278 1278 0
    3774 3774 3774 3732 3692 3692 3653 3653 3692 3692 3692 3692 0 0 1210
    1206 1206 1210 1210 1214 1214 1219 1219 1219 1219 1223 1223 1223
    1227 1227 1227 1227 1227 1227 1227 1236 1241 1241 1241 1241 1241
    1245 1245 1245 1245 1245 1245 1245 1250 1250 1255 1255 1255 1259
    1259 1259 1264 1268 1268 1268 1268 1268 1268 1268 1273 1273 1273
    1273 1268 0 3816 3732 3732 3692 3692 3653 3653 3692 3692 3732 3732 0
    0 1210 1206 1206 1210 1210 1210 1214 1219 1219 1219 1219 1223 1223
    1223 1227 1227 1227 1227 1227 1227 1227 1236 1236 1241 1241 1241
    1241 1241 1245 1245 1245 1245 1245 1245 1250 1250 1255 1255 1255
    1255 1255 1259 1268 1268 1268 1268 1268 1268 1268 1268 1273 1273
    1268 1268 1268 0 3732 3732 3732 3692 3692 3692 3692 3692 3692 3692
    3692 0 0 1206 1206 1206 1206 1210 1210 1214 1219 1219 1219 1219 1223
    1223 1227 1227 1227 1227 1227 1227 1227 1232 1236 1236 1241 1241
    1241 1241 1241 1245 1245 1245 1245 1245 1250 1250 1255 1259 1259
    1259 1255 1255 1259 1268 1268 1268 1268 1268 1268 1268 1268 1273
    1273 1268 1268 1268 1278 3692 3692 3692 3692 3692 3692 3692 3692
    3692 3692 3692 0 0 1206 1206 1206 1206 1210 1210 1214 1219 1219 1219
    1219 1223 1223 1227 1227 1227 1227 1227 1227 1227 1236 1236 1236
    1236 1236 1241 1241 1241 1245 1245 1245 1245 1245 1250 1250 1255
    1259 1259 1259 1259 1259 1259 1268 1268 1268 1268 1268 1268 1268
    1273 1273 1273 1273 1273 1278 1278 3692 3692 3692 3692 3692 3692
    3692 3692 3692 3732 3732 0 0 1210 1210 1210 1210 1210 1210 1214 1219
    1219 1219 1223 1223 1223 1227 1227 1227 1227 1227 1227 1232 1236
    1236 1236 1236 1236 1241 1241 1245 1245 1245 1245 1245 1245 1245
    1250 1255 1255 1255 1259 1259 1259 1259 1268 1268 1268 1268 1268
    1273 1273 1273 1273 1273 1273 1273 1273 0 1273 3692 3692 3692 3692
    3692 3692 3692 3692 3692 3692 0 0 1210 1210 1210 1210 1210 1210 1214
    1219 1219 1219 1219 1223 1223 1227 1227 1227 1227 1227 1232 1232
    1232 1232 1232 1232 1236 1241 1241 1241 1241 1241 1245 1245 1245
    1245 1250 1255 1255 1255 1259 1259 1259 1259 1268 1268 1268 1268
    1268 1268 1268 1273 1273 1273 1273 1273 1273 1273 3732 3653 3653
    3653 3653 3692 3692 3692 3692 3692 3692 0 0 1210 1210 1210 1210 1210
    1214 1214 1219 1219 1219 1219 1223 1223 1223 1227 1227 1227 1227
    1227 1232 1232 1227 1227 1232 1236 1241 1241 1241 1241 1241 1245
    1245 1245 1245 1245 1250 1250 1255 1255 1255 1259 1259 1268 1268
