<?xml version="1.0"?>
<opencv_storage>
<Depth9412 type_id="opencv-matrix">
  <rows>105</rows>
  <cols>61</cols>
  <dt>w</dt>
  <data>
    4349 4295 4295 4241 4241 4349 4349 1130 1130 1123 1123 1123 1126
    1130 1134 1134 1134 1126 1123 1119 1119 4241 4241 1077 1073 1073
    4241 4241 4190 4190 4190 4190 4190 4190 4190 4190 0 0 0 0 1123 1126
    1138 0 0 1157 1157 1157 1157 1157 4089 4089 4041 4041 3994 3994 3994
    3948 3948 3948 3948 4349 4295 4295 4241 4241 4349 1134 1130 1130
    1123 1119 1119 1119 1119 1126 1130 1134 1126 1123 1105 1105 1084
    1080 1077 1073 1067 1067 1067 1070 1070 1070 1101 1097 1097 0 0 0 0
    0 0 0 0 0 1138 0 1157 1157 1157 1157 1157 1157 1165 4089 4089 4041
    3994 3994 3903 3903 3948 3948 0 4349 4349 1138 0 1138 1134 1134 1126
    1123 1115 1112 1108 1105 1094 1094 1134 1105 1097 1094 1087 1080
    1077 1073 1070 1067 1067 1070 1070 1070 1070 1101 1097 1097 0 1101 0
    0 0 0 0 1126 0 1138 1138 1138 1145 1153 1157 1157 1157 1165 1169
    1173 1189 1193 1193 1197 1193 1193 3948 0 0 0 0 0 1138 1134 1130
    1126 1119 1115 1108 1108 1101 1094 1094 1090 1090 1087 1084 1080
    1077 1070 1063 1063 1063 1067 1067 1070 1070 1070 1101 1097 1097
    1097 1101 1130 1123 1123 1123 1123 1126 1126 1134 1134 1138 1141
    1149 1153 1157 1157 1161 1165 1169 1189 1189 1193 1193 1193 1193
    1193 0 0 0 0 0 1138 1134 1130 1126 1119 1115 1108 1108 1101 1094
    1094 1087 1084 1080 1080 1077 1070 1063 1060 1060 1060 1063 1067
    1070 1070 1070 1080 1094 1097 1097 1097 1101 1112 1112 1115 1119
    1123 1126 1134 1134 1138 1141 1145 1149 1153 1157 1157 1161 1169
    1173 1181 1189 1193 1193 1193 1193 0 0 0 0 0 1138 1134 1130 1123
    1119 1115 1112 1105 1101 1094 1094 1087 1084 1080 1080 1077 1067
    1063 1060 1060 1060 1060 1067 1070 1073 1077 1080 1090 1094 1097
    1097 1101 1108 1108 1112 1119 1123 1126 1130 1134 1138 1138 1145
    1149 1153 1157 1157 1161 1169 1173 1181 1185 1189 1193 1193 1193 0 0
    0 0 0 1138 1134 1130 1123 1119 1115 1112 1105 1101 1094 1090 1087
    1084 1080 1077 1073 1067 1063 1060 1060 1060 1060 1070 1070 1073
    1077 1080 1090 1094 1097 1097 1105 1108 1108 1112 1119 1123 1126
    1130 1134 1138 1138 1145 1145 1153 1157 1161 1165 1169 1173 1181
    1185 1189 1189 1189 1193 0 0 0 0 0 1134 1134 1130 1123 1123 1119
    1112 1105 1101 1094 1090 1087 1084 1080 1077 1073 1067 1063 1060
    1060 1060 1060 1070 1070 1073 1080 1080 1090 1094 1097 1101 1105
    1108 1108 1112 1119 1123 1126 1130 1134 1141 1141 1145 1145 1153
    1161 1165 1169 1169 1173 1181 1185 1189 1189 1189 1189 0 0 0 0 1138
    1134 1130 1130 1123 1123 1119 1112 1105 1101 1094 1090 1090 1084
    1080 1077 1073 1067 1063 1060 1060 1060 1060 1070 1070 1080 1080
    1084 1090 1094 1097 1105 1105 1108 1108 1112 1123 1126 1126 1130
    1138 1138 1141 1145 1153 1161 1165 1169 1169 1173 1173 1181 1185
    1189 1189 1193 1193 0 0 0 0 1134 1134 1130 1130 1123 1123 1119 1112
    1105 1101 1094 1090 1090 1084 1080 1077 1073 1067 1063 1063 1060
    1060 1060 1070 1070 1077 1080 1087 1094 1097 1101 1105 1108 1108
    1112 1119 1123 1126 1126 1130 1138 1138 1141 1145 1157 1161 1161
    1165 1173 1173 1177 1181 1185 1189 1189 1193 1193 0 0 0 0 1134 1134
    1130 1130 1123 1123 1119 1115 1105 1101 1094 1090 1087 1084 1080
    1077 1070 1067 1063 1063 1060 1060 1060 1067 1073 1077 1080 1087
    1094 1097 1101 1105 1108 1112 1112 1119 1123 1126 1130 1134 1138
    1138 1141 1149 1157 1157 1161 1165 1173 1173 1177 1181 1185 1189
    1189 1193 1193 0 0 0 0 1138 1134 1130 1130 1126 1123 1119 1115 1105
    1101 1094 1090 1087 1084 1080 1077 1070 1067 1063 1063 1060 1060
    1067 1067 1077 1077 1080 1084 1094 1097 1101 1105 1108 1112 1115
    1119 1123 1126 1130 1134 1138 1138 1141 1149 1157 1157 1161 1165
    1173 1173 1177 1181 1185 1189 1189 1193 0 0 0 0 0 0 1134 1134 1134
    1126 1123 1119 1115 1105 1101 1094 1090 1087 1084 1080 1077 1070
    1067 1063 1063 1060 1060 1067 1067 1077 1077 1080 1084 1094 1097
    1097 1105 1108 1112 1115 1119 1123 1126 1130 1134 1138 1138 1141
    1153 1157 1157 1161 1169 1173 1173 1177 1181 1185 1189 1189 1193 0 0
    0 0 0 0 1138 1134 1134 1126 1123 1119 1112 1105 1101 1094 1090 1090
    1084 1080 1077 1067 1067 1063 1063 1063 1063 1067 1067 1077 1080
    1080 1087 1094 1097 1097 1105 1108 1112 1115 1119 1123 1126 1130
    1134 1138 1138 1149 1153 1157 1161 1169 1169 1173 1177 1181 1185
    1185 1189 1189 1189 1189 0 0 0 0 0 1138 1138 1134 1126 1123 1119
    1112 1105 1101 1094 1090 1090 1087 1084 1077 1067 1067 1063 1063
    1063 1063 1067 1070 1080 1080 1080 1087 1094 1097 1097 1105 1108
    1112 1115 1119 1123 1126 1130 1138 1138 1141 1149 1157 1157 1161
    1165 1169 1173 1177 1181 1185 1185 1189 1189 1189 0 0 0 0 0 0 1138
    1138 1134 1126 1123 1119 1112 1105 1101 1094 1090 1090 1087 1084
    1077 1073 1067 1063 1063 1063 1063 1067 1070 1080 1080 1084 1090
    1094 1097 1097 1108 1112 1115 1119 1123 1126 1130 1134 1138 1138
    1141 1149 1153 1161 1161 1165 1169 1173 1177 1181 1185 1185 1189
    1189 1189 0 0 0 0 0 0 1138 1138 1134 1126 1123 1119 1112 1105 1101
    1094 1090 1090 1087 1084 1077 1073 1070 1063 1063 1067 1067 1067
    1070 1080 1080 1087 1090 1097 1097 1101 1108 1112 1115 1119 1123
    1126 1130 1134 1138 1141 1141 1149 1153 1161 1161 1165 1169 1173
    1177 1181 1185 1189 1189 1189 1189 0 0 0 0 0 0 1145 1141 1134 1123
    1123 1119 1112 1105 1101 1094 1090 1087 1084 1080 1077 1070 1067
    1067 1067 1067 1067 1070 1070 1080 1080 1090 1094 1097 1097 1101
    1108 1112 1115 1119 1123 1126 1130 1134 1138 1141 1141 1149 1157
    1165 1165 1169 1169 1173 1177 1181 1185 1189 1189 1189 1189 0 0 0 0
    0 1153 1145 1141 1134 1123 1119 1119 1112 1105 1101 1094 1090 1087
    1084 1077 1077 1070 1067 1063 1063 1063 1067 1070 1077 1080 1080
    1090 1094 1097 1097 1105 1108 1112 1115 1119 1123 1126 1130 1138
    1138 1141 1141 1141 1153 1165 1165 1169 1169 1173 1181 1185 1185
    1189 1193 1193 1193 4089 0 0 0 1165 1153 1145 1141 1134 1123 1119
    1119 1115 1105 1105 1094 1090 1087 1084 1077 1073 1070 1067 1063
    1063 1063 1067 1070 1073 1080 1084 1090 1094 1097 1101 1108 1108
    1112 1115 1119 1123 1126 1130 1138 1138 1141 1141 1141 1153 1165
    1165 1169 1169 1173 1181 1185 1185 1189 1197 1197 0 4089 0 0 0 1165
    1153 1145 1138 1134 1123 1123 1119 1115 1105 1101 1094 1090 1090
    1084 1077 1073 1070 1067 1067 1067 1067 1067 1070 1073 1080 1084
    1090 1094 1097 1101 1108 1108 1112 1115 1119 1123 1126 1130 1138
    1141 1141 1141 1145 1153 1161 1165 1169 1169 1177 1181 1185 1185
    1189 1193 1193 0 3994 0 0 0 1165 1153 1145 1134 1134 1126 1123 1119
    1115 1105 1101 1097 1090 1090 1084 1080 1077 1073 1067 1067 1067
    1067 1067 1070 1073 1080 1090 1090 1097 1097 1105 1108 1108 1112
    1115 1123 1126 1126 1130 1138 1141 1141 1149 1149 1157 1161 1165
    1169 1173 1181 1185 1185 1185 1189 1193 1193 0 3994 0 0 0 1161 1153
    1145 1134 1134 1126 1123 1119 1119 1105 1101 1097 1094 1090 1084
    1080 1077 1073 1067 1067 1067 1067 1067 1070 1073 1080 1090 1094
    1097 1101 1105 1108 1112 1115 1119 1123 1126 1130 1134 1138 1141
    1145 1149 1153 1157 1161 1169 1169 1173 1181 1185 1185 1185 1189
    1193 1206 0 3994 0 0 0 1161 1149 1145 1138 1134 1126 1123 1119 1115
    1105 1101 1097 1094 1090 1087 1080 1077 1073 1070 1067 1067 1067
    1070 1073 1077 1084 1094 1094 1097 1101 1105 1108 1112 1115 1119
    1123 1126 1130 1134 1138 1141 1149 1153 1153 1157 1161 1169 1173
    1177 1185 1185 1185 1185 1193 1193 1202 1202 1202 0 0 0 1149 1145
    1145 1138 1134 1126 1123 1119 1115 1112 1101 1097 1094 1090 1087
    1080 1077 1073 1070 1067 1067 1067 1070 1073 1077 1080 1094 1097
    1097 1101 1108 1112 1112 1115 1119 1126 1130 1134 1138 1141 1141
    1145 1149 1157 1157 1165 1169 1173 1177 1185 1185 1189 1189 1193
    1197 1202 1202 0 0 0 0 1149 1145 1145 1138 1134 1130 1123 1119 1115
    1105 1101 1097 1094 1090 1087 1080 1077 1073 1070 1067 1067 1070
