<?xml version="1.0"?>
<opencv_storage>
<Depth15235 type_id="opencv-matrix">
  <rows>56</rows>
  <cols>48</cols>
  <dt>w</dt>
  <data>
    3037 3859 3859 3859 3903 3948 3948 3948 3948 3948 3994 1853 1853
    1843 1843 1853 1873 4089 4089 4089 4139 1904 1904 1894 1894 4241
    4241 4241 4241 4241 4241 4241 4241 4295 4295 4295 4295 4295 4295
    4295 4295 4295 4349 4349 4349 4349 4349 4405 3010 3859 3859 3859
    3903 3903 3903 3903 3903 3903 4041 3994 3994 1863 1863 1863 1873
    1873 1863 1863 1873 1873 1873 1873 1873 1873 4241 4241 4241 4241
    4241 4241 1883 1883 1883 1904 4295 4295 4295 4295 4295 4295 4349
    4349 4349 4349 4349 4405 3010 3816 3859 3859 3903 3903 3903 3903
    3903 3903 1853 1853 1863 1863 1863 1863 1863 1863 1863 1863 1873
    1873 1873 1873 1873 1863 1863 1873 1863 1863 1873 1873 1873 1883
    1883 1894 1894 1904 4295 4295 4295 4349 4349 4349 4349 4349 4349
    4405 3010 3010 3816 3859 3903 3903 3903 3903 3948 1843 1843 1843
    1853 1853 1853 1863 1863 1863 1863 1863 1863 1863 1873 1873 1873
    1863 1863 1873 1863 1863 1873 1873 1873 1883 1883 1894 1894 1904
    1904 4349 4349 4349 4295 4295 4349 4405 4405 4405 3010 3010 3816
    3859 3903 3903 3903 1804 1804 1813 1843 1843 1853 1853 1853 1853
    1863 1853 1853 1863 1863 1863 1873 1873 1873 1873 1873 1873 1883
    1883 1894 1883 1883 1894 1894 1894 1894 1894 1894 1894 4349 4349
    4295 4295 4349 4405 4405 4405 1813 1813 1823 1823 1833 1833 1823
    1804 1804 1813 1843 1843 1853 1853 1853 1853 1853 1853 1853 1853
    1863 1863 1873 1873 1873 1873 1873 1873 1883 1883 1883 1894 1894
    1894 1894 1894 1894 1883 1883 1883 4349 4349 4349 4349 4349 4349
    4405 4405 1813 1813 1823 1823 1823 1823 1813 1813 1813 1823 1843
    1853 1853 1853 1853 1853 1853 1853 1853 1853 1863 1863 1873 1863
    1863 1863 1863 1863 1873 1883 1883 1894 1894 1894 1894 1894 1883
    1883 1883 1883 4405 4349 4349 4349 4349 4349 4349 4349 1813 1813
    1813 1813 1813 1823 1813 1813 1823 1823 1843 1853 1853 1853 1853
    1853 1853 1853 1853 1853 1863 1863 1863 1863 1863 1863 1863 1863
    1873 1883 1883 1894 1894 1894 1894 1894 1883 1883 1873 1873 4405
    4295 4295 4349 4349 4349 4349 4349 1813 1813 1813 1813 1813 1813
    1813 1813 1823 1823 1843 1843 1853 1843 1843 1853 1853 1853 1853
    1853 1863 1863 1863 1863 1863 1873 1873 1873 1883 1894 1894 1894
    1894 1894 1894 1894 1894 1883 1873 1873 1873 4241 4241 4295 4295
    4349 4349 4349 1823 1813 1813 1813 1813 1813 1813 1813 1823 1823
    1833 1843 1843 1843 1843 1853 1853 1853 1853 1853 1863 1863 1863
    1863 1863 1863 1873 1883 1883 1883 1894 1894 1894 1894 1894 1894
    1894 1894 1883 1883 1883 4241 4241 4295 4295 4349 4349 4349 1813
    1813 1813 1813 1813 1823 1823 1823 1823 1823 1833 1843 1843 1853
    1853 1853 1853 1853 1853 1853 1863 1863 1863 1863 1863 1863 1873
    1873 1883 1883 1894 1894 1894 1894 1894 1894 1894 1894 1894 1894
    1894 4241 4241 4295 4295 4349 4349 4349 1813 1813 1813 1813 1813
    1813 1813 1813 1823 1823 1833 1843 1843 1853 1853 1853 1853 1853
    1853 1853 1863 1863 1863 1863 1873 1873 1873 1873 1883 1883 1883
    1894 1894 1894 1894 1894 1894 1894 1894 1894 1894 4241 4241 4295
    4295 4349 4349 4349 1813 1813 1813 1813 1813 1813 1813 1813 1823
    1823 1843 1843 1843 1853 1853 1853 1853 1853 1853 1863 1863 1863
    1863 1863 1873 1873 1873 1883 1883 1883 1883 1894 1894 1894 1894
    1894 1894 1904 1904 1904 1904 4241 4241 4295 4349 4405 4405 4405
    1813 1813 1823 1823 1823 1823 1823 1823 1823 1833 1843 1843 1843
    1843 1843 1853 1853 1853 1863 1863 1863 1863 1863 1863 1873 1873
    1873 1883 1883 1883 1883 1894 1894 1894 1894 1894 1904 1904 1904
    1904 1904 4241 4241 4295 4349 4405 4405 4405 2933 1823 1823 1823
    1823 1823 1823 1823 1823 1833 1853 1843 1843 1843 1843 1853 1853
    1863 1863 1863 1853 1853 1863 1873 1873 1873 1883 1883 1883 1883
    1883 1883 1883 1894 1894 1894 1904 1904 1904 1904 1904 4241 4241
    4349 4349 4405 4405 4405 2933 1823 1823 1823 1823 1823 1833 1833
    1833 1833 1843 1843 1843 1843 1843 1853 1853 1863 1853 1853 1853
    1853 1863 1863 1873 1873 1873 1873 1873 1873 1883 1883 1883 1894
    1894 1894 1904 1904 1904 1904 1904 1904 4405 4349 4349 4349 4405
    4405 2933 1833 1823 1823 1823 1823 1823 1833 1833 1843 1843 1843
    1843 1843 1853 1853 1853 1863 1853 1853 1853 1863 1863 1863 1873
    1873 1873 1873 1873 1873 1883 1894 1894 1894 1894 1894 1904 1904
    1904 1904 1904 1904 1904 4349 4349 4349 4405 4405 2933 2958 1823
    1823 1813 1813 1823 1823 1833 1843 1843 1843 1853 1853 1853 1853
    1853 1853 1853 1853 1863 1863 1863 1873 1873 1873 1873 1873 1873
    1873 1883 1894 1894 1894 1894 1904 1904 1904 1904 1904 1904 1904
    1904 4405 4405 4405 4405 4405 2958 2958 1823 1823 1813 1813 1823
    1823 1833 1843 1843 1843 1853 1853 1853 1853 1853 1853 1853 1853
    1863 1863 1863 1873 1873 1873 1883 1873 1873 1873 1883 1894 1894
    1894 1894 1894 1904 1904 1904 1904 1904 1904 1904 4405 4349 4349
    4349 4349 2984 2958 1823 1823 1823 1823 1823 1833 1833 1843 1853
    1853 1853 1853 1853 1853 1853 1853 1853 1853 1863 1863 1873 1873
    1873 1873 1883 1883 1883 1883 1883 1894 1894 1894 1894 1894 1904
    1904 1904 1904 1904 1904 1904 4405 4349 4349 4349 4349 2984 2984
    1823 1823 1823 1823 1823 1833 1833 1843 1843 1853 1853 1853 1853
    1853 1853 1853 1853 1863 1863 1863 1873 1873 1873 1873 1883 1883
    1883 1894 1883 1883 1894 1894 1894 1894 1904 1904 1904 1904 1904
    1904 1904 1904 4349 4349 4349 4349 2933 2984 1843 1843 1823 1823
    1823 1823 1833 1843 1843 1853 1853 1853 1853 1853 1853 1853 1863
    1863 1863 1863 1863 1873 1873 1873 1883 1883 1894 1894 1883 1883
    1894 1894 1894 1894 1904 1894 1894 1904 1894 1894 1904 1904 4349
    4349 4349 4349 2933 2984 2984 1853 1843 1833 1823 1823 1833 1843
    1853 1853 1853 1853 1853 1853 1853 1853 1863 1863 1863 1863 1863
    1863 1873 1873 1883 1883 1883 1894 1894 1894 1894 1894 1894 1894
    1904 1894 1894 1904 1894 1894 1904 1904 4349 4349 4405 4405 2984
    2984 2984 1853 1843 1833 1833 1833 1833 1843 1853 1853 1853 1853
    1853 1853 1853 1853 1863 1863 1863 1863 1863 1863 1863 1863 1873
    1873 1873 1894 1894 1894 1894 1904 1904 1904 1904 1894 1894 1904
    1904 1904 1904 1904 4405 4405 4463 4463 2984 2984 2984 1853 1843
    1833 1823 1823 1833 1843 1843 1853 1853 1853 1853 1853 1853 1853
    1863 1863 1863 1863 1863 1863 1863 1863 1873 1873 1873 1894 1894
    1894 1894 1894 1894 1904 1904 1904 1904 1904 1904 1904 1904 1904
    4463 4405 4405 4463 2984 2984 3010 1853 1843 1833 1823 1823 1833
    1843 1843 1843 1853 1853 1853 1853 1853 1853 1863 1863 1863 1863
    1863 1863 1883 1883 1883 1883 1883 1894 1894 1894 1894 1894 1894
    1904 1904 1904 1904 1904 1904 1904 1904 1904 4463 4405 4405 4463
    2984 3010 3010 2984 1843 1833 1833 1833 1833 1843 1843 1843 1853
    1853 1853 1853 1853 1863 1863 1863 1863 1863 1863 1873 1883 1883
    1883 1883 1883 1894 1894 1894 1894 1894 1904 1904 1904 1904 1904
    1904 1904 1904 1904 1904 1904 4405 4405 4405 2984 3010 2984 2984
    1853 1833 1823 1823 1823 1853 1853 1853 1853 1853 1853 1853 1853
    1863 1853 1853 1863 1873 1873 1873 1873 1883 1883 1883 1883 1883
    1894 1894 1894 1904 1904 1904 1904 1904 1904 1904 1904 1915 1915
    1915 1936 4463 4405 4405 2984 2984 2984 2984 1853 1833 1823 1823
    1823 1843 1853 1853 1853 1853 1853 1853 1863 1863 1853 1853 1863
    1873 1873 1873 1873 1873 1883 1883 1883 1883 1894 1894 1894 1904
    1904 1904 1904 1904 1904 1904 1904 1904 1904 1904 1936 1936 4405
    4405 2984 2984 2984 2984 2984 1843 1833 1833 1833 1843 1853 1853
    1853 1853 1853 1863 1863 1863 1853 1853 1863 1863 1863 1863 1863
    1873 1883 1883 1883 1883 1894 1894 1894 1904 1904 1904 1904 1904
    1904 1904 1904 1904 1904 1904 1926 1926 4405 4405 2984 2984 2984
    2984 2984 1833 1833 1833 1833 1843 1853 1853 1853 1853 1853 1863
    1863 1863 1863 1863 1863 1863 1863 1863 1863 1873 1883 1883 1883
    1883 1894 1894 1894 1894 1904 1904 1904 1904 1904 1904 1904 1904
