<?xml version="1.0"?>
<opencv_storage>
<Depth18610 type_id="opencv-matrix">
  <rows>102</rows>
  <cols>109</cols>
  <dt>w</dt>
  <data>
    3120 3120 3120 3120 3149 3149 3149 3149 3208 3208 3208 3208 3208
    3208 3238 3238 3238 3269 3269 3269 3269 3269 3269 3300 3333 3333
    3333 3300 3300 3300 3333 3333 3333 3333 3333 3333 3399 3399 3399
    3365 3365 3365 3399 3399 3399 3399 3399 3399 3399 3433 3433 3399
    3399 3365 3365 3365 3365 3300 3300 3300 3300 3269 1028 1025 1022
    1019 1019 1016 1016 1016 0 0 0 1016 0 0 0 3208 3178 3149 3149 3149
    3149 3149 3120 3120 3120 3092 3092 3092 3092 3092 3092 3064 3064
    3064 3064 3037 3037 3037 3010 3010 3010 2984 2984 2984 2984 2984
    2958 3120 3120 3149 3149 3149 3149 3149 3178 3208 3208 3238 3238
    3238 3238 3238 3238 3269 3269 3269 3269 3269 3269 3269 3300 3333
    3333 3333 3333 3333 3333 3333 3365 3365 3365 3365 3365 3399 3399
    3399 3399 3399 3399 3399 3399 3433 3433 3433 3433 3433 3433 3433
    3399 3399 3399 3399 0 1044 1041 1041 1041 1028 1028 1025 1022 1022
    1019 1016 1013 1013 1013 1007 0 0 0 0 0 0 3149 3149 3149 3149 3149
    3149 3149 3120 3120 3092 3092 3092 3092 3092 3092 3092 3064 3064
    3064 3037 3037 3037 3037 3010 2984 2984 2984 2984 2984 2984 2984
    2958 3149 3149 3149 3149 3149 3178 3178 3208 3238 3238 3238 3238
    3238 3238 3269 3269 3269 3269 3300 3300 3300 3300 3300 3300 3333
    3333 3333 3333 3365 3365 3365 3365 3365 3365 3399 3399 3433 3433
    3433 3433 3433 3433 3433 3433 3433 3433 3433 3433 3399 3399 3399
    3399 3399 3399 0 0 0 1044 1041 1041 1034 1028 1022 1019 1019 1016
    1013 1007 1007 1007 1007 0 0 0 0 0 0 3178 3149 3149 3149 3149 3149
    3149 3120 3120 3092 3092 3092 3092 3092 3092 3092 3064 3064 3064
    3037 3037 3037 3010 3010 2984 2984 2984 2984 2984 2984 2984 2958
    3149 3149 3149 3149 3178 3208 3208 3208 3238 3238 3238 3269 3269
    3269 3269 3269 3300 3300 3300 3300 3300 3300 3300 3333 3365 3365
    3365 3365 3365 3399 3399 3399 3399 3399 3399 3399 3433 3433 3433
    3433 3468 3468 3468 3433 3433 3433 3433 3399 3399 3399 3399 3399 0 0
    1044 1044 1044 1044 1044 1041 1034 1025 1022 1019 1016 1010 1007
    1004 1001 998 998 998 0 0 0 0 3178 3178 3149 3149 3149 3149 3149
    3149 3120 3092 3092 3092 3092 3092 3092 3092 3092 3064 3064 3064
    3037 3037 3037 3010 3010 3010 2984 2984 2984 2984 2984 2984 2958
    3178 3178 3178 3178 3178 3208 3208 3238 3238 3238 3269 3269 3269
    3300 3300 3300 3300 3300 3300 3300 3300 3333 3333 3365 3365 3365
    3365 3365 3365 3399 3399 3399 3399 3399 3399 3399 3433 3433 3433
    3433 3468 3468 3468 3433 3433 3433 3433 3399 3399 3399 3399 0 0 0 0
    1044 1044 1041 1038 1031 1028 1019 1019 1016 1013 1007 1004 1001 998
    995 995 995 0 0 0 0 0 3178 3149 3149 3149 3149 3149 3149 3120 3092
    3092 3092 3092 3092 3092 3092 3092 3064 3064 3064 3037 3037 3037
    3010 3010 3010 2984 2984 2984 2984 2984 2984 2958 3178 3178 3208
    3208 3208 3238 3238 3238 3269 3269 3269 3269 3300 3333 3333 3300
    3300 3300 3300 3333 3333 3365 3365 3365 3365 3365 3399 3399 3399
    3399 3399 3399 3399 3399 3399 3399 3433 3433 3468 3468 3468 3468
    3468 3433 3433 3433 3433 3399 3399 0 0 0 0 0 0 1031 1031 1031 1031
    1028 1022 1019 1016 1010 1007 1004 1001 998 998 995 992 987 987 987
    0 0 0 3149 3149 3149 3149 3149 3149 3149 3120 3092 3092 3092 3092
    3092 3092 3092 3064 3064 3064 3064 3037 3037 3037 3010 3010 3010
    2984 2984 2984 2984 2984 2984 2958 3208 3208 3208 3238 3238 3238
    3269 3269 3269 3269 3269 3269 3300 3333 3333 3333 3300 3300 3300
    3365 3365 3365 3365 3399 3399 3399 3399 3399 3433 3433 3433 3433
    3433 3433 3433 3433 3468 3468 3468 3468 3433 3433 3433 3433 3433
    3433 3433 0 0 0 0 0 0 1057 1038 1031 1031 1031 1031 1028 1019 1016
    1013 1010 1004 1001 995 992 989 987 984 981 978 978 0 967 0 3178
    3178 3149 3149 3149 3149 3149 3149 3120 3092 3092 3092 3092 3092
    3092 3064 3064 3064 3064 3037 3037 3010 3010 3010 2984 2984 2984
    2984 2984 2958 2958 2958 3238 3238 3238 3238 3238 3238 3269 3269
    3300 3300 3269 3269 3300 3333 3365 3365 3333 3333 3333 3365 3365
    3365 3399 3399 3399 3399 3399 3399 3433 3433 3433 3433 3433 3433
    3433 3433 3468 3503 3468 3468 3433 3433 3433 3433 3433 3468 0 0 0 0
    0 1057 1057 1057 1038 1038 1038 1031 1031 1025 1019 1016 1010 1007
    1001 998 995 992 987 984 984 981 975 967 967 967 956 3178 3178 3149
    3149 3149 3149 3149 3120 3120 3092 3092 3092 3092 3092 3092 3064
    3064 3064 3064 3037 3037 3010 3010 2984 2958 2958 2984 2958 2958
    2958 2958 2958 3238 3238 3238 3269 3269 3269 3269 3300 3300 3300
    3300 3300 3333 3333 3365 3365 3365 3365 3365 3365 3365 3399 3399
    3399 3399 3399 3433 3433 3433 3433 3433 3433 3433 3433 3433 3468
    3503 3503 3468 3468 3433 3433 3433 3433 3433 3468 3468 0 1060 1057
    1057 1057 1050 1044 1038 1034 1034 1028 1028 1025 1016 1013 1007
    1004 1001 995 995 989 984 981 981 975 973 967 962 959 956 956 956
    3178 3178 3178 3149 3120 3120 3092 3092 3092 3092 3092 3092 3064
    3064 3064 3064 3064 3064 3037 3010 3010 2984 2958 2958 2958 2958
    2958 2958 2958 2958 3269 3269 3269 3269 3269 3269 3300 3300 3300
    3333 3333 3333 3365 3365 3365 3365 3365 3365 3365 3365 3399 3399
    3399 3399 3433 3433 3433 3433 3433 3433 3468 3468 3468 3468 3468
    3468 3503 3503 3468 3468 3433 3433 3433 3433 0 3433 3433 0 0 1060
    1057 1054 1050 1041 1034 1031 1031 1028 1025 1022 1013 1007 1004
    1001 998 995 992 989 984 978 975 973 970 962 959 956 954 951 946 946
    946 943 3120 3120 3120 3092 3092 3092 3092 3092 3092 3064 3064 3064
    3064 3064 3037 3010 2984 2984 2984 2958 2958 2958 2958 2958 2958
    2958 2958 3269 3269 3300 3300 3300 3300 3300 3300 3300 3333 3365
    3365 3365 3365 3399 3399 3365 3365 3365 3365 3399 3399 3433 3433
    3433 3468 3433 3433 3433 3433 3468 3468 3468 3468 3468 3503 3503
    3503 3503 3468 3433 3433 3433 3433 0 0 0 0 1057 1057 1054 1050 1047
    1038 1034 1031 1028 1025 1022 1016 1010 1007 1001 998 995 992 989
    984 981 975 973 970 970 959 956 954 951 948 943 943 943 943 943 3120
    3120 3092 3092 3092 3092 3092 3092 3092 3064 3064 3037 3037 3010
    3010 2984 2984 2984 2958 2958 2958 2984 2984 2984 2958 2958 3300
    3300 3300 3300 3333 3333 3333 3333 3333 3365 3365 3365 3365 3365
    3399 3399 3399 3399 3399 3399 3399 3399 3433 3433 3433 3468 3468
    3468 3468 3468 3468 3503 3503 3503 3503 3503 3539 3503 3503 3468
    3433 3433 0 0 0 1044 0 1054 0 1050 1047 1047 1041 1034 1031 1028
    1025 1022 1019 1010 1007 1004 998 998 995 992 989 984 978 973 973
    970 962 956 954 951 951 948 943 943 943 943 938 3120 3120 3120 3120
    3092 3092 3092 3092 3092 3064 3064 3037 3037 3010 3010 3010 2984
    2984 2984 2958 2958 2984 2958 2958 2958 2958 3300 3300 3333 3333
    3333 3333 3333 3333 3333 3365 3365 3365 3365 3365 3399 3399 3399
    3399 3399 3399 3433 3433 3433 3433 3433 3468 3468 3468 3468 3468
    3503 3503 3503 3503 3503 3503 3539 3503 3503 3468 3468 3468 0 0 1044
    1044 1047 1054 1050 1044 1044 1041 1038 1031 1028 1025 1022 1019
    1016 1007 1004 1001 995 992 989 989 984 981 975 973 970 967 959 956
    954 951 948 946 940 940 938 938 938 933 3120 3120 3120 3092 3092
    3092 3092 3092 3064 3064 3037 3037 3037 3010 3010 2984 2984 2984
    2958 2958 2958 2958 2958 2958 2933 3333 3365 3365 3365 3365 3365
    3365 3365 3365 3365 3365 3365 3365 3365 3399 3399 3399 3399 3399
    3399 3433 3433 3433 3433 3433 3468 3503 3503 3503 3503 3503 3503
    3503 3503 3503 3503 3539 3503 3503 3503 3503 0 0 1044 1044 1044 1047
    1054 1047 1044 1041 1041 1034 1028 1028 1025 1022 1019 1013 1004
    1004 995 992 989 987 987 984 975 973 970 970 962 956 951 951 948 946
    943 940 940 935 933 933 933 933 0 3120 3092 3092 3092 3092 3092 3064
    3064 3037 3037 3037 3010 3010 2984 2984 2984 2958 2958 2958 2933
    2933 2933 2933 3333 3365 3365 3365 3365 3399 3399 3399 3399 3399
    3399 3399 3399 3399 3399 3399 3399 3399 3433 3433 3468 3468 3433
