<?xml version="1.0"?>
<opencv_storage>
<Depth9664 type_id="opencv-matrix">
  <rows>55</rows>
  <cols>85</cols>
  <dt>w</dt>
  <data>
    4241 1328 1328 1333 1328 1322 1317 1317 1317 1312 1312 1307 1307
    1312 1307 1307 1302 1302 1302 1297 1297 1297 1292 1292 1297 1297
    1297 1297 1292 1292 1292 1297 1297 1292 1292 1292 1288 1288 1292
    1288 1288 1292 1288 1283 1283 1283 1278 1278 1278 1278 1278 1273
    1273 1273 1273 3903 1264 1264 3903 3948 3948 1268 1268 1268 1268
    1268 1268 3092 3064 3010 3010 2984 2984 2984 2984 2984 2984 1264
    1264 3010 0 0 0 0 0 1328 1328 1328 1328 1317 1317 1317 1317 1312
    1307 1307 1302 1302 1307 1302 1297 1297 1297 1297 1297 1297 1292
    1292 1292 1292 1292 1292 1292 1292 1288 1288 1288 1288 1288 1288
    1288 1288 1288 1283 1283 1283 1283 1283 1278 1278 1278 1278 1273
    1268 1268 1273 1273 1273 1273 1264 1264 1264 1264 1264 1264 1259
    1259 1259 1264 1264 1264 1264 1264 1264 1264 3010 3010 2984 1259
    1255 1255 1255 1259 1255 1255 0 0 0 0 0 1333 1333 1333 1307 1307
    1307 1312 1312 1307 1302 1302 1297 1297 1297 1297 1297 1292 1292
    1292 1292 1292 1292 1288 1283 1283 1283 1283 1288 1288 1283 1283
    1283 1278 1278 1278 1283 1278 1278 1278 1273 1273 1273 1273 1268
    1268 1268 1268 1268 1264 1259 1259 1259 1259 1259 1259 1259 1264
    1259 1259 1259 1255 1250 1250 1255 1255 1255 1255 1259 1259 1259
    1259 1259 1255 1255 1255 1255 1255 1250 1250 1250 1250 0 0 0 0 1317
    1317 1317 1297 1297 1297 1297 1302 1302 1297 1297 1292 1292 1292
    1292 1292 1288 1288 1288 1283 1283 1283 1278 1278 1278 1278 1278
    1283 1283 1278 1278 1278 1273 1268 1268 1273 1268 1268 1268 1264
    1264 1264 1264 1264 1259 1259 1259 1259 1259 1255 1250 1250 1250
    1250 1250 1250 1255 1255 1255 1250 1250 1250 1250 1250 1250 1245
    1241 1241 1241 1241 1241 1250 1250 1250 1250 1250 1250 1245 1245
    1245 1250 0 0 0 0 1317 1317 1317 1297 1292 1292 1297 1297 1292 1292
    1292 1292 1288 1288 1283 1283 1283 1283 1283 1278 1273 1273 1273
    1273 1273 1273 1273 1273 1273 1273 1273 1268 1268 1268 1268 1264
    1264 1264 1259 1259 1259 1259 1259 1259 1259 1255 1255 1250 1250
    1250 1250 1250 1245 1245 1245 1245 1245 1245 1245 1245 1241 1241
    1241 1241 1241 1241 1236 1236 1232 1232 1232 1241 1241 1236 1236
    1241 1241 1241 1241 1241 1241 0 0 0 0 1317 1317 1317 1292 1288 1288
    1288 1288 1288 1288 1283 1283 1278 1278 1278 1278 1278 1273 1273
    1273 1268 1268 1268 1268 1264 1264 1264 1264 1264 1264 1264 1264
    1264 1259 1259 1259 1259 1259 1255 1255 1255 1255 1255 1250 1250
    1245 1245 1245 1245 1245 1245 1245 1241 1241 1241 1241 1241 1236
    1236 1236 1241 1236 1236 1232 1232 1232 1232 1232 1232 1232 1232
    1232 1232 1227 1227 1227 1227 1227 1232 1232 1232 0 0 0 0 1317 1317
    1317 1288 1283 1283 1278 1278 1278 1278 1278 1273 1273 1268 1268
    1268 1268 1268 1268 1268 1264 1264 1264 1259 1259 1259 1259 1259
    1259 1259 1259 1259 1255 1255 1255 1255 1255 1255 1250 1245 1245
    1245 1245 1245 1241 1241 1241 1236 1236 1236 1236 1236 1236 1236
    1236 1232 1232 1232 1232 1232 1232 1227 1227 1227 1223 1223 1223
    1223 1227 1227 1227 1227 1223 1219 1219 1223 1223 1227 1227 1223
    1219 1219 0 0 0 0 1297 1288 1278 1273 1259 1259 1259 1259 1268 1264
    1259 1259 1259 1259 1259 1259 1259 1259 1259 1255 1255 1255 1255
    1255 1250 1250 1255 1250 1250 1250 1250 1250 1245 1245 1245 1250
    1245 1245 1241 1241 1241 1241 1241 1241 1236 1236 1232 1227 1227
    1227 1227 1227 1232 1227 1227 1227 1227 1227 1227 1227 1223 1223
    1223 1219 1219 1219 1219 1219 1219 1219 1219 1219 1219 1214 1214
    1214 1214 1214 1210 1210 1210 0 0 0 0 1292 1288 1278 1264 1255 1255
    1250 1250 1255 1255 1250 1250 1250 1255 1255 1255 1255 1255 1255
    1255 1250 1250 1245 1245 1245 1245 1245 1245 1245 1245 1241 1241
    1241 1241 1241 1241 1236 1236 1236 1232 1232 1236 1236 1232 1227
    1227 1227 1227 1223 1223 1219 1219 1223 1223 1223 1223 1223 1223
    1223 1219 1219 1219 1219 1214 1214 1214 1210 1210 1210 1210 1214
    1214 1214 1210 1210 1210 1210 1210 1206 1206 1202 1202 1202 0 0 1288
    1278 1264 1255 1255 1250 1250 1245 1245 1245 1245 1245 1245 1245
    1241 1241 1241 1241 1241 1241 1241 1241 1236 1236 1236 1245 1241
    1241 1236 1236 1236 1236 1241 1236 1236 1232 1227 1227 1232 1227
    1227 1223 1223 1223 1223 1223 1223 1223 1223 1223 1219 1219 1219
    1219 1219 1219 1214 1214 1214 1214 1210 1210 1210 1210 1210 1210
    1206 1206 1206 1206 1210 1210 1210 1206 1202 1197 1197 1197 1197
    1197 1197 1197 1197 0 0 1288 1264 1259 1255 1250 1245 1241 1241 1241
    1241 1241 1241 1241 1241 1236 1236 1232 1232 1227 1227 1227 1232
    1236 1232 1232 1236 1232 1232 1227 1227 1227 1227 1232 1227 1227
    1223 1223 1223 1227 1219 1214 1214 1210 1210 1214 1214 1214 1214
    1214 1210 1210 1210 1210 1210 1210 1210 1210 1210 1206 1206 1202
    1202 1206 1202 1202 1202 1202 1202 1202 1202 1202 1202 1202 1202
    1197 1193 1193 1193 1197 1193 1193 1193 1193 1197 0 0 1264 1255 1255
    1250 1241 1241 1241 1236 1236 1236 1236 1236 1236 1236 1232 1227
    1227 1227 1223 1223 1223 1223 1223 1223 1227 1227 1227 1223 1223
    1223 1227 1223 1223 1223 1219 1219 1219 1219 1214 1214 1210 1210
    1210 1210 1210 1206 1206 1206 1206 1206 1206 1202 1202 1202 1202
    1202 1202 1202 1197 1193 1193 1197 1197 1193 1193 1193 1193 1193
    1193 1197 1197 1197 1189 1185 1185 1189 1189 1193 1193 1193 1193
    1193 1197 0 0 0 1255 1255 1241 1241 1241 1241 1236 1236 1236 1236
    1236 1236 1236 1232 1227 1227 1223 1223 1223 1223 1223 1223 1223
    1227 1223 1223 1223 1223 1223 1223 1219 1219 1214 1214 1214 1214
    1210 1210 1210 1210 1210 1210 1206 1206 1202 1202 1202 1202 1197
    1197 1197 1197 1193 1193 1193 1193 1193 1193 1189 1189 1193 1193
    1193 1193 1189 1189 1189 1189 1193 1193 1193 1185 1185 1185 1185
    1185 1185 1185 1185 1185 1185 1185 0 0 0 1255 1250 1241 1241 1241
    1241 1236 1236 1236 1236 1232 1232 1236 1232 1227 1227 1223 1223
    1223 1223 1223 1223 1223 1227 1223 1223 1223 1223 1219 1219 1219
    1219 1214 1214 1214 1214 1210 1210 1210 1210 1206 1206 1206 1202
    1202 1202 1202 1197 1197 1193 1193 1197 1193 1193 1193 1193 1193
    1189 1189 1189 1189 1189 1189 1189 1189 1189 1189 1189 1193 1193
    1189 1181 1181 1181 1181 1181 1181 1185 1185 1181 1177 1177 0 0 0
    1255 1250 1241 1241 1241 1241 1241 1236 1236 1236 1232 1232 1236
    1232 1232 1227 1227 1223 1223 1223 1223 1223 1223 1227 1227 1227
    1223 1223 1219 1219 1219 1219 1214 1214 1214 1214 1210 1210 1210
    1206 1206 1206 1206 1202 1202 1202 1202 1197 1197 1193 1193 1197
    1193 1193 1193 1193 1193 1189 1189 1189 1189 1189 1189 1189 1189
    1189 1189 1189 1189 1189 1185 1181 1181 1181 1181 1181 1181 1185
    1185 1181 1177 1177 0 0 0 0 1250 1241 1241 1241 1241 1241 1236 1236
    1236 1236 1236 1236 1236 1236 1236 1232 1227 1223 1223 1223 1227
    1227 1227 1227 1227 1223 1223 1223 1223 1223 1223 1214 1214 1214
    1214 1210 1210 1210 1206 1206 1206 1206 1202 1202 1202 1202 1197
    1197 1197 1197 1197 1197 1193 1193 1193 1193 1193 1189 1189 1189
    1189 1189 1189 1189 1189 1189 1189 1189 1189 1185 1185 1185 1181
    1181 1181 1181 1181 1181 1181 1177 1173 0 0 0 0 1255 1245 1245 1245
    1241 1241 1241 1241 1241 1236 1236 1236 1236 1236 1236 1236 1232
    1227 1227 1227 1232 1232 1232 1227 1227 1227 1227 1227 1223 1223
    1223 1223 1219 1219 1214 1210 1210 1210 1206 1206 1206 1206 1206
    1206 1206 1202 1202 1197 1197 1202 1202 1197 1197 1193 1193 1193
    1193 1193 1193 1189 1189 1189 1189 1189 1193 1189 1189 1189 1189
    1189 1189 1185 1185 1185 1181 1181 1181 1181 1181 1177 1173 0 0 0
    1259 1255 1250 1245 1245 1245 1241 1241 1241 1241 1241 1241 1241
    1241 1236 1236 1236 1236 1232 1232 1232 1232 1232 1236 1232 1227
    1227 1227 1227 1227 1227 1223 1223 1223 1219 1219 1214 1210 1210
    1210 1210 1206 1206 1206 1206 1206 1206 1206 1202 1202 1202 1202
    1202 1197 1193 1193 1193 1193 1193 1193 1189 1189 1193 1193 1193
