<?xml version="1.0"?>
<opencv_storage>
<Depth13076 type_id="opencv-matrix">
  <rows>15</rows>
  <cols>21</cols>
  <dt>w</dt>
  <data>
    4645 4645 4582 4582 4645 4645 4645 4645 4645 4645 4582 4582 4582
    4582 4582 4645 4645 6622 6497 6497 6497 4645 4645 4645 4645 4645
    4645 4645 4645 4645 4645 4582 4582 4582 4582 4582 4582 4582 4645
    4645 4645 6497 4645 4645 4645 4645 4582 4582 4582 4645 4582 4582
    4522 4522 4522 4522 4522 4582 4582 4582 4582 4582 4522 4645 4645
    4645 4645 4582 4582 4582 4582 4582 4582 4522 4522 4522 4522 4522
    4522 4522 4582 4522 4522 4463 4645 4645 4645 4645 4582 4522 4522
    4522 4522 4522 4522 4522 4522 4522 4522 4522 4522 4522 4522 4522
    4463 4582 4582 4645 4582 4522 4522 4463 4463 4463 4522 4522 4522
    4522 4522 4522 4522 4522 4522 4522 4463 4463 4582 4582 4582 4522
    4522 4463 4463 4463 4463 4463 4463 4463 4463 4463 4463 4463 4463
    4463 4463 4463 4463 4582 4522 4522 4463 4463 4463 4463 4463 4463
    4463 4463 4463 4463 4463 4405 4405 4405 4405 4405 4405 4405 4582
    4522 4522 4463 4463 4463 4463 4463 4463 4463 4463 4463 4463 4463
    4405 4405 4405 4405 4405 4405 4405 4582 4522 4522 4522 4463 4463
    4463 4463 4463 4463 4463 4463 4463 4463 4405 4405 4405 4405 4405
    4405 4405 4582 4582 4582 4522 4522 4463 4463 4463 4463 4463 4463
    4463 4463 4463 4405 4405 4405 4405 4463 4463 4463 4522 4582 4582
    4582 4522 4463 4463 4463 4463 4463 4463 4463 4463 4463 4463 4463
    4463 4463 4463 4405 4405 4522 4582 4582 4582 4582 4522 4522 4463
    4463 4463 4463 4463 4463 4463 4463 4463 4463 4463 4405 4405 4405
    6753 6753 6753 4645 4645 4582 4522 4522 4522 4463 4463 4463 4522
    4522 4463 4463 4463 4463 4405 4405 4405 6889 6889 6753 6622 6622
    6622 6622 6753 4522 4463 4463 4522 4522 4522 4582 4522 4522 4463
    4463 4463 4463</data></Depth13076>
</opencv_storage>
