<?xml version="1.0"?>
<opencv_storage>
<Depth3911 type_id="opencv-matrix">
  <rows>188</rows>
  <cols>67</cols>
  <dt>w</dt>
  <data>
    0 0 0 0 0 0 774 773 769 767 764 761 761 759 759 757 755 755 755 754
    754 754 754 754 755 755 757 757 761 762 767 767 767 769 0 0 0 0 0 0
    0 0 0 0 0 0 1101 1097 1090 1087 1087 1087 1087 1087 1087 1084 1084
    1087 1087 1090 1090 1090 1090 1090 1090 1090 1090 0 0 0 0 0 0 774
    773 769 767 762 761 759 757 757 755 754 754 755 754 754 754 754 755
    755 755 757 757 761 762 766 767 767 769 0 0 0 0 0 0 1105 1105 1101
    1101 1105 1105 1101 1097 1094 1094 1094 1090 1090 1090 1094 1094
    1094 1094 1094 1094 1097 1097 1090 1090 1090 1090 1090 0 0 0 0 0 780
    774 774 771 767 762 761 759 757 755 754 754 754 755 754 754 754 754
    755 755 755 757 759 759 762 766 767 767 769 0 0 0 0 0 0 1105 1105
    1101 1101 1105 1105 1105 1101 1097 1097 1101 1101 1097 1097 1097
    1097 1097 1097 1097 1101 1101 1101 1101 1101 1094 1094 1094 0 0 0 0
    0 778 776 774 771 767 762 761 759 757 755 754 754 754 754 754 754
    754 754 754 755 755 755 757 759 762 764 766 767 769 0 0 0 0 1108
    1108 1108 1108 1105 1105 1105 1105 1105 1105 1101 1101 1105 1105
    1108 1108 1105 1105 1105 1101 1101 1105 1105 1105 1105 1105 1663
    1647 1639 0 0 0 0 0 778 776 774 771 767 762 759 757 757 755 754 754
    754 754 754 754 754 754 754 754 755 755 755 757 761 764 766 769 769
    0 0 0 1108 1108 1108 1112 1108 1108 1108 1112 1112 1112 1112 1108
    1108 1108 1108 1108 1112 1112 1108 1105 1105 1105 1108 1108 1108
    1671 1663 1663 1647 1647 0 0 0 0 0 0 0 773 767 766 762 759 757 757
    755 754 754 754 754 754 754 754 754 754 754 754 755 755 755 759 762
    766 769 769 0 0 0 1126 1115 1115 1112 1112 1115 1115 1115 1115 1115
    1115 1112 1112 1112 1112 1112 1112 1108 1108 1108 1108 1108 1663
    1671 1671 1671 1671 1663 1663 1663 0 0 0 0 0 0 0 769 767 766 762 759
    759 757 754 754 754 754 754 754 754 754 754 754 754 754 755 755 755
    759 762 766 767 767 773 773 0 1126 1123 1123 1123 1123 1123 1123
    1119 1119 1119 1119 1119 1119 1119 1115 1115 1115 1108 1108 1663
    1663 1663 1663 1671 1671 1671 1671 1671 1671 1671 1119 0 0 0 0 0 0
    767 767 764 762 759 757 757 754 754 754 754 754 754 754 754 754 754
    754 754 755 755 755 755 761 764 767 767 771 773 773 1130 1130 1130
    1130 1126 1126 1123 1119 1119 1119 1119 1696 1696 1696 1696 1696
    1688 1671 1663 1663 1663 1663 1663 1688 1688 1680 1680 1680 1680
    1680 1119 0 0 0 0 0 0 767 767 762 761 759 757 755 754 754 754 754
    754 754 752 752 752 752 752 754 754 754 755 755 761 762 767 767 771
    773 773 1134 1134 1134 1134 1130 1130 1126 1119 1119 1713 1696 1696
    1696 1696 1696 1696 1696 1680 1671 1671 1671 1671 1696 1696 1696
    1688 1688 1680 1680 1680 1119 1119 0 0 0 0 0 771 767 762 761 759 757
    755 752 752 752 752 746 746 742 742 741 741 742 746 746 750 754 755
    761 762 764 769 771 774 774 733 736 736 736 1138 1134 1130 1130 1705
    1705 1705 1705 1696 1696 1696 1696 1705 1696 1696 1696 1696 1696
    1696 1696 1696 1696 1696 1688 1688 1688 1119 1119 1119 1119 0 0 0
    771 769 762 761 755 754 754 752 752 752 744 739 739 739 738 738 738
    738 738 738 736 736 755 761 762 764 769 771 776 776 733 733 734 734
    734 734 734 738 1705 1705 1705 1705 1696 1696 1705 1705 1705 1705
    1705 1705 1705 1731 1722 1705 1705 1696 1696 1696 1696 1696 1119
    1119 1119 1119 727 731 731 731 731 762 761 755 754 754 752 733 731
    731 734 734 734 736 736 736 736 736 736 734 734 733 733 733 733 733
    731 731 734 733 733 734 734 734 734 734 734 736 0 0 0 1713 1713 1705
    1705 1713 1722 1731 1731 1731 1731 1722 1713 1705 1705 1705 1705
    1705 1713 1115 1115 728 728 727 727 728 730 730 731 731 731 731 731
    730 730 731 731 733 734 733 733 733 733 734 734 734 734 734 733 733
    733 731 731 731 731 734 733 733 733 734 734 734 734 734 734 0 0 0 0
    0 0 0 1731 1731 1739 1739 1739 1739 1731 1722 1722 1722 1722 1739
    1739 1739 728 728 728 728 727 727 728 728 730 730 730 731 731 731
    728 728 730 730 731 733 733 731 731 731 733 733 734 734 734 733 733
    733 731 731 733 733 734 733 733 733 733 734 734 733 733 733 0 0 0 0
    0 0 0 1731 1731 1731 1748 1739 1739 1739 1739 1739 1748 1757 1757
    1757 1748 728 728 728 728 728 728 728 728 728 728 728 730 730 731
    728 728 730 730 731 733 733 731 731 731 733 733 733 733 733 731 731
    733 731 731 733 733 733 733 733 733 733 734 734 733 733 733 0 0 0 0
    0 0 0 1731 1731 1766 1757 1748 1748 1748 1748 1748 1766 1785 1776
    1766 1757 728 728 728 728 728 728 728 728 728 728 728 730 730 730
    730 730 730 730 730 731 731 731 731 733 733 733 733 731 731 730 730
    731 731 731 733 731 731 731 731 731 731 731 731 731 730 730 0 0 0 0
    0 0 0 1739 1739 1766 1766 1766 1757 1757 1757 1757 1766 1785 1785
    1776 1776 730 728 728 728 728 728 728 728 728 728 728 730 728 728
    728 728 728 728 730 731 731 731 731 733 733 733 733 731 730 730 730
    730 730 731 731 731 731 731 731 731 730 730 730 730 730 730 0 0 0 0
    0 0 0 1766 1766 1804 1785 1776 1776 1776 1776 1785 1785 1804 1804
    1804 1813 728 728 728 728 728 728 728 728 728 728 728 728 728 728
    728 728 728 728 730 731 731 731 733 734 733 733 731 731 730 730 728
    728 730 730 731 731 730 730 730 730 730 730 730 730 728 728 0 0 0 0
    0 0 0 1813 1804 1804 1804 1804 1804 1794 1794 1794 1794 1813 1813
    1813 1813 728 728 728 727 727 727 727 727 727 727 728 728 728 728
    728 728 728 730 730 730 730 731 731 731 731 733 731 731 730 730 728
    728 730 730 730 730 730 730 730 730 730 730 730 728 728 728 0 0 0 0
    0 0 0 1813 1813 1804 1804 1804 1804 1813 1813 1813 1813 1833 1833
    1823 1813 728 728 727 727 727 727 727 727 727 727 727 728 728 728
    728 727 727 730 730 730 730 730 730 730 730 731 731 730 730 730 730
    730 730 730 730 730 730 730 730 730 730 730 728 728 728 727 727 0 0
    0 0 0 0 0 1843 1833 1833 1833 1823 1823 1823 1823 1823 1843 1843
    1843 1833 728 727 727 727 727 727 727 727 727 727 727 728 727 727
    727 727 727 730 730 728 728 728 730 728 728 728 728 730 730 728 728
    728 728 730 730 730 730 730 730 730 730 730 728 728 727 727 727 0 0
    0 0 0 0 0 1853 1843 1843 1843 1863 1863 1843 1843 1853 1883 1904
    1853 1843 728 727 727 727 727 727 727 727 727 727 727 727 727 727
    727 727 727 728 728 728 728 728 730 728 728 728 728 730 728 728 728
    728 728 728 730 730 730 730 730 730 730 730 728 728 727 727 727 0 0
    0 0 0 0 1883 1873 1863 1863 1873 1873 1873 1873 1873 1883 1883 1904
    1883 1883 728 727 727 727 727 727 727 727 727 727 727 727 727 727
    727 727 727 728 728 728 728 728 730 728 728 728 728 728 728 728 728
    727 727 727 730 730 730 730 730 730 730 730 730 728 728 728 0 0 0 0
    0 0 1894 1883 1873 1873 1883 1883 1883 1883 1883 1894 1894 1904 1915
    1894 1883 728 727 727 727 727 727 727 725 725 725 725 725 725 725
    725 725 727 728 728 728 728 730 730 728 728 728 728 728 728 728 728
    727 725 725 730 730 730 730 730 730 731 733 733 731 731 733 736 0 0
    0 0 0 1894 1894 1894 1894 1904 1904 1904 1894 1894 1894 1904 1904
    1915 1904 1904 728 727 727 727 725 725 725 725 725 725 725 725 725
    725 725 725 727 728 728 728 728 730 730 730 730 730 730 730 730 728
    728 727 725 725 730 730 730 730 730 731 733 734 734 734 734 736 736
    0 0 0 0 1926 1926 1926 1926 1926 1926 1926 1926 1915 1904 1904 1904
    1904 1926 1926 1926 728 727 727 727 725 725 725 725 725 725 725 725
    725 725 727 727 728 728 730 730 730 730 730 731 731 731 731 731 731
    731 731 730 730 731 731 734 736 734 734 734 734 734 736 736 738 738
    0 0 0 0 0 1926 1926 1926 1926 1926 1926 1926 1936 1926 1926 1904
    1904 1915 1970 1970 1970 728 728 728 727 725 725 727 725 725 727 727
    727 727 728 728 728 730 730 733 734 734 734 734 734 734 736 736 736
    736 736 736 736 741 738 738 739 739 739 749 749 749 755 741 741 739
    739 0 0 0 0 0 0 1947 1936 1936 1936 1936 1936 1936 1936 1936 1993
