<?xml version="1.0"?>
<opencv_storage>
<Depth10420 type_id="opencv-matrix">
  <rows>22</rows>
  <cols>85</cols>
  <dt>w</dt>
  <data>
    1915 1915 1926 1926 1936 1936 1936 1947 1936 1936 1936 1926 1926
    1926 1936 1936 1936 1936 1936 1936 1936 1947 1959 1959 1936 1926
    1926 1947 1947 1970 1959 1959 1970 1970 1993 1981 1981 0 0 0 0 0
    2078 2078 2078 0 0 0 2065 2065 0 2103 2103 2103 2103 0 0 2156 2143
    2143 2143 2143 2129 2129 2143 2129 2116 2116 0 0 0 0 1639 1632 1616
    1601 1594 1594 1594 1594 1594 1601 1601 1632 1632 1915 1915 1936
    1936 1926 1926 1936 1936 1936 1947 1947 1926 1926 1936 1936 1936
    1936 1936 1936 1947 1947 1947 1959 1959 1936 1936 1947 1947 1959
    1981 1981 2005 1993 1993 2016 2016 2028 2028 0 0 0 2065 2065 2078
    2078 2090 2090 2090 2065 2065 2078 2103 2103 2103 2103 2116 2116
    2129 2143 2143 2143 2143 2143 2143 2143 2143 2143 2143 2143 2226
    2226 2226 1639 1632 1624 1616 1601 1601 1601 1594 1594 1647 1647
    1655 1647 1915 1915 1936 1936 1926 1926 1926 1926 1936 1936 1936
    1936 1936 1936 1936 1936 1936 1936 1936 1947 1947 1959 1959 1970
    1970 1970 1970 1970 1981 1993 1993 2016 2028 2028 2028 2028 2028
    2028 2028 2040 2065 2065 2065 2078 2090 2090 2090 2090 2065 2065
    2078 2103 2129 2129 2129 2116 2116 2129 2143 2143 2143 2143 2143
    2143 2143 2143 2143 2143 2198 2226 2226 2226 2226 1639 1639 1639
    1639 1601 1601 1639 1639 1655 1655 1655 1655 1915 1915 1926 1926
    1926 1926 1926 1926 1915 1915 1936 1936 1936 1936 1936 1936 1936
    1936 1936 1936 1959 1959 1970 1970 1970 1981 1981 1981 1981 1993
    1993 2016 2028 2028 2028 2028 2028 2028 2028 2040 2053 2065 2078
    2078 2078 2090 2090 2090 2090 2090 2103 2116 2129 2143 2129 2129
    2129 2129 2143 2156 2156 2143 2143 2156 2156 2170 2184 2184 2198
    2226 2226 2226 2226 1639 1639 1663 1663 1680 1671 1671 1655 1655
    1671 1663 1655 1915 1926 1926 1926 1926 1926 1926 1904 1904 1904
    1915 1926 1936 1936 1947 1947 1947 1936 1936 1936 1947 1959 1970
    1970 1970 1970 1981 1981 1993 2005 2005 2016 2016 2016 2028 2028
    2028 2028 2028 2040 2053 2065 2078 2078 2078 2078 2090 2090 2103
    2103 2103 2116 2129 2129 2129 2129 2129 2129 2143 2156 2156 2170
    2170 2170 2184 2184 2198 2198 2212 2226 2226 2226 2226 2226 2241
    2241 1680 1680 1688 1688 1688 1680 1671 1663 1663 1915 1926 1926
    1926 1926 1915 1915 1904 1904 1904 1915 1926 1936 1936 1936 1936
    1947 1947 1947 1947 1947 1959 1970 1970 1970 1970 1981 1981 1993
    2005 2005 2016 2016 2016 2016 2016 2016 2016 2016 2028 2053 2065
    2078 2078 2078 2078 2090 2090 2103 2103 2103 2116 2129 2129 2129
    2129 2129 2143 2143 2156 2170 2170 2184 2184 2184 2198 2198 2198
    2212 2226 2226 2226 2226 2241 2241 2241 2241 2256 1688 1688 1688
    1680 1680 1671 1671 1904 1915 1915 1926 1926 1915 1915 1904 1904
    1915 1915 1926 1926 1936 1936 1936 1947 1947 1947 1947 1947 1959
    1959 1970 1970 1970 1981 1981 1993 1993 2005 2016 2016 2016 2016
    2016 2016 2016 2016 2028 2040 2053 2078 2078 2078 2078 2090 2090
    2103 2103 2103 2116 2116 2129 2129 2129 2129 2129 2143 2156 2170
    2170 2184 2184 2184 2198 2198 2198 2212 2212 2212 2226 2226 2241
    2241 2241 2241 2256 1688 1688 1680 1680 1680 1671 1671 1904 1915
    1915 1926 1926 1915 1915 1915 1915 1915 1915 1926 1926 1926 1936
    1936 1936 1947 1947 1947 1947 1959 1959 1970 1970 1970 1970 1981
    1981 1993 1993 2016 2016 2016 2016 2016 2016 2016 2016 2028 2040
    2053 2065 2065 2078 2078 2090 2090 2103 2103 2103 2116 2116 2129
    2129 2129 2129 2129 2143 2156 2170 2184 2184 2184 2184 2198 2198
    2212 2212 2212 2212 2212 2226 2241 2241 2241 2241 2241 2271 1680
    1680 1680 1680 1680 1680 1894 1904 1915 1915 1915 1915 1915 1915
    1915 1915 1915 1926 1926 1926 1936 1936 1936 1947 1947 1947 1947
    1959 1959 1970 1970 1970 1970 1970 1981 1993 1993 2005 2005 2005
    2016 2016 2016 2016 2028 2028 2040 2053 2065 2065 2078 2078 2090
    2090 2090 2103 2103 2103 2116 2129 2129 2143 2143 2143 2143 2156
    2170 2184 2184 2184 2184 2184 2198 2212 2212 2198 2198 2212 2212
    2226 2241 2241 2241 2241 2271 1680 1680 1680 1680 1680 1688 1883
    1904 1915 1894 1894 1894 1894 1894 1904 1904 1904 1915 1926 1926
    1926 1926 1926 1936 1936 1947 1947 1959 1959 1970 1959 1959 1959
    1959 1970 1993 1993 1993 1993 1993 2016 2016 2016 2016 2028 2028
    2053 2053 2053 2053 2078 2078 2090 2090 2090 2090 2103 2103 2103
    2116 2129 2129 2143 2143 2143 2156 2156 2170 2170 2184 2184 2184
    2198 2198 2198 2198 2198 2198 2212 2226 2241 2241 2241 2241 2271
    2271 1680 1680 1680 1680 1688 1883 1894 1894 1894 1894 1894 1894
    1894 1894 1904 1904 1915 1915 1926 1926 1926 1926 1936 1936 1947
    1947 1959 1959 1959 1947 1947 1947 1959 1970 1981 1981 1981 1993
    1993 2016 2016 2016 2016 2016 2028 2053 2053 2053 2053 2078 2090
    2090 2090 2090 2090 2103 2103 2103 2116 2116 2129 2143 2143 2143
    2143 2143 2156 2170 2184 2184 2184 2198 2198 2198 2198 2198 2198
    2198 2226 2226 2241 2241 2241 2256 2271 1680 1680 1680 1680 1680
    1873 1883 1883 1894 1894 1894 1894 1894 1894 1894 1894 1904 1904
    1904 1904 1904 1915 1926 1926 1936 1936 1959 1959 1959 1947 1947
    1947 1959 1959 1970 1981 1981 1981 2005 2016 2016 2016 2016 2016
    2028 2040 2040 2065 2065 2078 2078 2078 2078 2078 2078 2090 2103
    2103 2116 2116 2129 2129 2129 2129 2129 2129 2143 2170 2170 2184
    2184 2184 2198 2198 2198 2198 2198 2198 2212 2226 2241 2241 2241
    2256 2271 2271 1680 1680 1680 1680 1873 1883 1883 1883 1894 1894
    1894 1894 1894 1894 1894 1904 1904 1894 1894 1894 1904 1915 1926
    1936 1936 1936 1936 1936 1936 1936 1947 1959 1959 1959 1970 1981
    1981 2005 2005 2005 2016 2016 2016 2028 2040 2040 2053 2053 2078
    2078 2078 2078 2065 2065 2078 2090 2090 2116 2129 2129 2129 2129
    2129 2129 2129 2129 2143 2156 2170 2184 2184 2198 2198 2198 2184
    2184 2184 2198 2212 2226 2241 2241 2256 2271 2271 1680 1680 1680
    1680 1863 1873 1873 1883 1894 1894 1894 1894 1894 1894 1894 1904
    1894 1894 1894 1894 1894 1915 1926 1936 1936 1936 1936 1936 1936
    1936 1936 1947 1959 1959 1970 1981 1981 1993 2005 2005 2016 2016
    2016 2028 2040 2040 2053 2053 2078 2078 2078 2078 2065 2065 2078
    2090 2090 2103 2116 2116 2129 2129 2129 2129 2129 2129 2143 2143
    2170 2170 2184 2198 2198 2198 2184 2184 2184 2184 2198 2226 2241
    2241 2256 2256 2256 2271 1696 1688 1688 1853 1863 1873 1883 1894
    1894 1904 1904 1904 1904 1904 1904 1894 1894 1894 1894 1894 1915
    1926 1936 1936 1959 1947 1947 1947 1936 1936 1947 1959 1959 1970
    1981 1981 1993 2005 2005 2016 2016 2016 2028 2040 2040 2078 2090
    2090 2090 2090 2078 2065 2065 2078 2090 2103 2103 2116 2116 2129
    2129 2129 2143 2143 2143 2143 2143 2170 2170 2184 2198 2198 2198
    2198 2198 2184 2184 2198 2226 2241 2241 2256 2256 2256 2271 1713
    1705 1705 1853 1863 1873 1883 1904 1915 1915 1926 1926 1926 1926
    1926 1915 1904 1904 1904 1904 1915 1936 1947 1947 1959 1959 1970
    1981 1981 1970 1970 1970 1970 1981 1981 1981 2005 2005 2016 2028
    2028 2028 2040 2065 2065 2078 2090 2090 2090 2090 2078 2078 2078
    2090 2103 2116 2116 2129 2129 2129 2129 2143 2143 2143 2143 2143
    2156 2184 2198 2198 2212 2212 2212 2212 2198 2198 2212 2226 2241
    2241 2241 2256 2256 2256 2271 1722 1722 1713 1883 1883 1894 1904
    1926 1926 1926 1936 1947 1947 1947 1947 1936 1936 1936 1926 1926
    1959 1970 1970 1970 1970 1970 1981 1993 1993 1993 1993 1981 1981
    1981 1993 2016 2028 2028 2040 2040 2053 2053 2065 2078 2078 2090
    2103 2116 2116 2116 2103 2103 2103 2116 2116 2129 2143 2143 2143
    2143 2156 2170 2170 2170 2170 2170 2184 2198 2198 2212 2226 2241
    2241 2241 2241 2256 2241 2241 2256 2256 2256 2271 2271 2271 2271
    2256 1722 1722 1894 1894 1926 1926 1936 1936 1936 1936 1947 1947
    1959 1959 1959 1959 1959 1970 1981 1981 1981 1981 1981 1993 1993
    2005 2005 2005 2005 2016 2016 2016 2016 2028 2053 2053 2053 2065
