<?xml version="1.0"?>
<opencv_storage>
<Depth13054 type_id="opencv-matrix">
  <rows>16</rows>
  <cols>22</cols>
  <dt>w</dt>
  <data>
    6622 4645 4582 4582 4582 4582 4582 4582 4463 4463 4463 4463 4463
    6622 6622 6622 6622 6622 6622 6622 6622 6622 4774 4645 4582 4582
    4582 4582 4582 4582 4463 4463 4463 4463 4463 4522 4463 4405 4405
    6622 6497 6497 6622 6622 4774 4645 4582 4582 4582 4582 4522 4522
    4522 4463 4463 4463 4463 4463 4463 4405 4405 4463 4463 4522 4405
    4405 4582 4582 4582 4522 4522 4522 4522 4522 4522 4463 4463 4463
    4463 4463 4463 4463 4463 4463 4463 4463 4405 4405 4582 4582 4582
    4522 4522 4522 4522 4522 4522 4463 4463 4463 4463 4463 4463 4463
    4463 4463 4463 4463 4463 4463 4463 4463 4522 4522 4522 4522 4522
    4522 4522 4522 4522 4463 4463 4463 4463 4463 4463 4463 4463 4463
    4405 4405 4405 4405 4463 4522 4522 4522 4522 4522 4522 4522 4522
    4463 4463 4463 4463 4463 4463 4463 4463 4405 4405 4405 4405 4405
    4463 4522 4522 4522 4522 4522 4522 4522 4522 4522 4522 4522 4463
    4463 4463 4463 4463 4405 4405 4405 4463 4463 4463 4463 4463 4463
    4463 4463 4463 4463 4463 4463 4522 4522 4463 4463 4463 4463 4463
    4405 4405 4463 4463 4463 4463 4463 4463 4463 4463 4463 4463 4463
    4463 4463 4522 4522 4463 4463 4463 4463 4463 4405 4405 4463 4582
    4582 4522 4522 4463 4463 4522 4522 4522 4522 4522 4522 4522 4522
    4463 4463 4522 4463 4463 4463 4463 4463 4645 4645 4582 4582 4522
    4522 4522 4522 4522 4522 4522 4582 4522 4522 4522 4522 4582 4522
    4522 4463 4463 4463 4645 4645 4645 4582 4582 4582 4582 4582 4582
    4582 4582 4582 4522 4522 4522 4522 4522 4522 4522 4463 4463 4463
    4645 4645 4645 4645 4582 4582 4582 4582 4582 4582 4582 4582 4582
    4522 4522 4522 4522 4522 4463 4463 4463 6375 6889 6753 4645 4645
    4645 4645 4645 4645 4582 4582 4582 4582 4582 4522 4463 4463 4522
    4522 4463 4463 6375 6375 6753 6889 6753 6753 6753 6753 6622 6622
    4582 4582 4645 4582 4582 4522 4463 4463 4463 4463 4463 4463 6497
    6497</data></Depth13054>
</opencv_storage>
