<?xml version="1.0"?>
<opencv_storage>
<Depth11898 type_id="opencv-matrix">
  <rows>6</rows>
  <cols>15</cols>
  <dt>w</dt>
  <data>
    6038 6038 5933 5832 5832 5832 5933 6038 5832 5832 5832 5832 5933
    5933 6038 5933 5933 5933 5933 5832 5832 5933 5933 5832 5832 5832
    5832 5832 5933 5933 5933 5933 5933 5933 6038 6038 5933 5933 5832
    5832 5832 5832 5832 5832 5832 5933 5933 5933 5933 6038 6038 5933
    5933 5832 5832 5832 5734 5734 5734 5734 5933 5933 5933 5933 6038
    6146 6038 6038 5734 5734 5734 5734 5734 5640 5640 0 0 5933 5933 6038
    6146 0 0 5734 5734 5734 5734 5734 5640 5640</data></Depth11898>
</opencv_storage>
