<?xml version="1.0"?>
<opencv_storage>
<Depth7827 type_id="opencv-matrix">
  <rows>47</rows>
  <cols>23</cols>
  <dt>w</dt>
  <data>
    7030 6889 6889 6889 6889 6889 2579 2560 2560 2579 2579 2579 2579
    2579 2579 2503 2680 2680 2680 2680 2680 2701 6375 7030 7030 6889
    6889 6889 2560 2560 2560 2560 2560 2560 2579 2560 2522 2503 2503
    2522 2618 2639 2659 2659 2659 2659 6889 6889 6889 6889 2560 2560
    2560 2560 2560 2560 2560 2560 2541 2522 2503 2503 2503 2522 2598
    2639 2639 2639 2639 6753 6753 6753 6753 2560 2560 2560 2541 2541
    2541 2522 2522 2522 2503 2503 2503 2503 2522 2541 2598 2618 2639
    2639 6753 6753 6753 2579 2560 2560 2560 2541 2541 2541 2522 2522
    2503 2503 2503 2503 2503 2503 2541 2579 2598 2618 2639 6889 6889
    6889 2579 2560 2560 2560 2541 2541 2541 2522 2522 2503 2503 2503
    2503 2503 2503 2541 2579 2598 2618 2639 6889 6889 6889 2579 2579
    2579 2560 2541 2541 2541 2541 2522 2503 2503 2503 2503 2503 2522
    2560 2579 2598 2618 2639 7030 6889 6889 2579 2579 2579 2560 2541
    2541 2541 2541 2522 2503 2485 2485 2485 2503 2522 2560 2579 2598
    2618 2639 6889 6889 6753 2579 2579 2579 2560 2560 2541 2541 2522
    2522 2503 2485 2485 2485 2503 2541 2560 2579 2618 2618 2639 6753
    6753 6753 2560 2560 2579 2560 2560 2541 2541 2522 2522 2503 2503
    2503 2503 2522 2541 2560 2579 2618 2639 2639 6622 6622 6622 2560
    2560 2579 2560 2541 2541 2541 2522 2503 2503 2503 2503 2503 2522
    2541 2560 2579 2618 2639 2659 6622 6622 6622 2560 2560 2560 2560
    2541 2541 2541 2522 2503 2503 2503 2503 2503 2522 2541 2560 2579
    2618 2639 2639 6753 6753 6753 2560 2560 2560 2541 2541 2522 2522
    2522 2503 2503 2503 2503 2503 2522 2541 2560 2579 2618 2639 2639
    6753 2541 2541 2560 2579 2560 2541 2541 2522 2522 2522 2503 2503
    2503 2503 2503 2541 2541 2560 2579 2618 2618 2618 6622 2541 2541
    2560 2560 2560 2541 2541 2522 2522 2522 2503 2503 2503 2503 2503
    2541 2560 2579 2598 2618 2618 2618 6622 2560 2560 2560 2560 2541
    2541 2541 2522 2522 2522 2503 2503 2485 2485 2503 2541 2560 2579
    2598 2618 2618 2618 6622 6622 2560 2560 2560 2541 2541 2522 2522
    2522 2503 2503 2485 2485 2485 2503 2541 2560 2579 2598 2618 2639
    6259 6622 6622 2560 2560 2541 2541 2522 2503 2503 2503 2503 2503
    2485 2485 2485 2503 2541 2560 2579 2598 2618 2639 6375 6753 6753
    2560 2541 2522 2522 2503 2503 2503 2503 2503 2503 2485 2485 2503
    2503 2522 2541 2579 2598 2618 2618 6375 6753 6753 2560 2541 2522
    2522 2503 2503 2503 2503 2503 2503 2485 2485 2503 2522 2522 2541
    2579 2598 2618 2618 6146 6889 6889 2560 2541 2522 2522 2503 2503
    2503 2503 2503 2503 2503 2503 2503 2522 2541 2560 2579 2598 2618
    6038 6038 6753 2560 2541 2541 2522 2522 2503 2503 2503 2503 2503
    2503 2503 2503 2503 2522 2541 2560 2579 2598 2618 6038 6038 6753
    2560 2541 2541 2522 2522 2503 2503 2503 2503 2503 2503 2503 2503
    2503 2541 2541 2560 2579 2598 2618 6146 6146 6753 2541 2541 2541
    2522 2522 2503 2503 2503 2503 2485 2485 2485 2503 2503 2541 2560
    2560 2579 2618 2639 6146 6146 6753 2541 2541 2541 2522 2522 2503
    2503 2503 2485 2485 2485 2485 2503 2503 2541 2541 2560 2598 2618
    2659 6375 6259 6753 2541 2541 2541 2522 2522 2503 2503 2503 2485
    2485 2485 2485 2485 2503 2541 2541 2560 2598 2618 2659 6375 6259
    6889 2522 2522 2541 2522 2522 2503 2503 2503 2503 2485 2485 2485
    2485 2503 2541 2541 2560 2598 2618 2639 6375 6259 6889 2522 2522
    2522 2522 2503 2503 2503 2503 2503 2485 2485 2485 2503 2503 2522
    2541 2560 2598 2618 2639 6375 6259 2522 2522 2522 2522 2503 2503
    2503 2503 2503 2485 2485 2485 2485 2503 2503 2522 2541 2560 2598
    2618 2639 6259 6259 2541 2522 2522 2522 2503 2503 2503 2503 2503
    2485 2485 2485 2485 2503 2503 2522 2541 2560 2598 2639 2639 6259
    6259 2522 2522 2522 2522 2503 2503 2503 2503 2485 2485 2485 2485
    2485 2503 2503 2541 2560 2560 2579 2598 6259 6259 6146 2522 2522
    2522 2522 2503 2503 2485 2485 2485 2485 2485 2485 2485 2503 2503
    2541 2560 2579 2579 2598 6259 6146 6038 2541 2522 2522 2522 2503
    2503 2485 2485 2485 2485 2485 2485 2485 2503 2522 2541 2560 2579
    2579 6259 6259 6146 6038 2541 2541 2503 2503 2485 2485 2485 2467
    2467 2485 2485 2503 2503 2503 2522 2541 2560 2579 2579 2598 6146
    6146 6038 2503 2503 2503 2503 2485 2485 2485 2467 2467 2467 2467
    2485 2503 2522 2541 2541 2560 2579 2579 2598 6146 6146 6146 2503
    2503 2503 2503 2485 2485 2485 2485 2485 2467 2467 2467 2485 2503
    2522 2522 2560 2579 2598 2618 6259 6146 6146 2503 2503 2503 2503
    2485 2485 2485 2485 2467 2450 2450 2467 2485 2485 2522 2522 2560
    2579 2598 6375 6259 6146 6146 2503 2503 2503 2503 2485 2485 2485
    2467 2467 2450 2450 2467 2485 2485 2503 2522 2560 2598 2598 5291
    6259 6038 6038 2503 2503 2503 2503 2503 2485 2467 2467 2467 2450
    2450 2467 2485 2485 2503 2541 2579 5210 5210 5291 5291 6038 5374 0 0
    2503 2503 2503 2485 2467 2467 2467 2450 2450 2467 2485 2503 2522
    2560 5291 5210 5210 5210 5210 5291 5291 0 0 0 0 2503 2485 2485 2485
    2467 2467 2467 2485 2503 2503 2541 2579 5291 5210 5210 5210 5210
    5291 5291 0 0 0 2560 2560 2503 2503 2485 2485 2485 2485 2485 2503
    2503 2560 5374 5291 5291 5291 5291 5291 5291 5291 0 0 2560 2560 2598
    2579 2579 2639 2503 2503 2503 2503 2522 2522 2560 5374 5291 5291
    5291 5210 5210 5210 5210 0 2560 2560 2560 2579 2579 2598 2639 2522
    2522 2503 2503 2522 2541 2579 0 2579 0 5291 5132 5132 5210 5210 2541
    2541 2560 2560 2560 2579 2598 2598 2560 2541 2522 2522 2522 2541
    2541 0 0 0 0 5132 5132 5210 5210 2541 2541 2541 2541 2541 2560 2560
    2579 2560 2560 2560 2541 2541 2560 2598 0 0 0 0 0 0 0 0 2560 2541
    2522 2522 2522 2541 2541 2541 2522 2522 2541 2560 2560 2579 2579 0 0
    0 0 0 0 0 0</data></Depth7827>
</opencv_storage>
