<?xml version="1.0"?>
<opencv_storage>
<Depth1995 type_id="opencv-matrix">
  <rows>48</rows>
  <cols>34</cols>
  <dt>w</dt>
  <data>
    3539 3539 3503 3503 3468 3468 4582 4522 4522 4463 4463 4463 4463
    4522 1981 1981 4405 4405 1970 1970 1993 1993 2005 2005 2005 2005
    2005 2005 4405 4405 4349 4349 4349 4349 3503 3503 3503 3503 3468
    3468 4582 4582 4522 4522 4522 2016 2005 1993 1970 1970 1970 1970
    1970 1981 1981 1981 1993 1993 2005 2005 2005 2005 4405 4405 4349
    4349 4349 4405 3503 3503 3503 3503 3468 2156 2156 4582 2078 2040
    2016 2016 2005 1981 1970 1970 1970 1970 1970 1981 1981 1981 1993
    1993 2005 2005 2005 2005 4405 4349 4349 4349 4349 4405 3503 3503
    2156 2116 2129 2129 2116 2078 2065 2028 2016 2016 2005 1970 1970
    1970 1970 1970 1970 1981 1981 1981 1993 2005 2005 2005 2005 2016
    4405 4349 4349 4349 4349 4405 2170 2170 2156 2116 2103 2103 2078
    2065 2053 2028 2016 2016 2005 1970 1970 1970 1970 1970 1970 1970
    1981 1981 1993 2005 2005 2005 2005 2005 2005 4349 4349 4349 4349
    4405 2170 2170 2116 2103 2103 2090 2078 2065 2053 2028 2016 2016
    2005 1970 1970 1970 1970 1970 1970 1970 1981 1993 1993 2005 2005
    2005 2005 2005 2005 4405 4349 4349 4405 4405 2170 2170 2116 2103
    2103 2090 2078 2065 2053 2028 2028 2016 2005 1970 1970 1970 1970
    1970 1970 1970 1970 1981 1993 2005 2005 2005 2005 2005 2005 4405
    4349 4349 4405 4405 2170 2170 2156 2116 2103 2090 2078 2065 2053
    2040 2028 2028 2016 1981 1981 1981 1981 1981 1970 1970 1970 1981
    1993 2005 2005 2005 2005 2005 2005 2005 4349 4349 4405 4405 2170
    2170 2156 2116 2103 2090 2078 2065 2053 2053 2040 2028 2016 1981
    1981 1970 1970 1970 1981 1970 1970 1981 1993 2005 2005 2005 2005
    2016 2016 2016 4349 4349 4349 4349 2184 2170 2170 2116 2103 2090
    2078 2065 2065 2053 2040 2028 2016 1981 1981 1970 1970 1970 1981
    1981 1981 1981 1993 2005 2005 2005 2005 2005 2016 2016 4349 4349
    4349 4349 2184 2184 2170 2143 2116 2090 2078 2065 2065 2053 2040
    2028 2016 2005 1981 1970 1970 1970 1981 1981 1981 1981 1993 2005
    2005 2005 2005 2005 2016 2016 4349 4349 4349 4349 2198 2184 2184
    2156 2116 2103 2090 2065 2065 2053 2040 2028 2016 2005 1981 1970
    1970 1970 1970 1981 1981 1981 1993 1993 2005 2005 2005 2005 2005
    2005 4349 4349 4349 4349 2212 2198 2184 2143 2129 2116 2090 2078
    2065 2053 2040 2028 2016 2005 2005 1970 1970 1970 1970 1981 1981
    1981 1993 1993 2005 2005 2005 2005 2005 2005 4349 4349 4349 4349
    2212 2198 2184 2143 2129 2116 2103 2090 2065 2065 2053 2040 2016
    2005 1981 1970 1970 1970 1970 1981 1981 1981 1993 1993 2005 2005
    2005 2005 2005 2005 4349 4349 4349 4349 3539 2184 2184 2143 2129
    2116 2103 2090 2078 2065 2053 2040 2028 2016 1981 1970 1970 1970
    1970 1981 1981 1981 1993 1993 2005 2005 2005 2005 2005 2005 4349
    4349 4349 4405 3503 2184 2184 2143 2129 2116 2103 2090 2078 2065
    2053 2040 2028 2016 1981 1970 1970 1970 1970 1981 1981 1993 1993
    1993 2005 2005 2005 2005 2005 2005 2005 4405 4405 4405 3503 2198
    2184 2156 2129 2116 2103 2090 2078 2065 2053 2040 2028 2016 2005
    1981 1981 1981 1981 1981 1993 1993 1993 1993 2005 2005 2005 2005
    2005 2005 2005 4405 4405 4349 3503 2226 2198 2156 2129 2116 2103
    2090 2078 2065 2053 2040 2028 2016 2005 1981 1981 1981 1981 1981
    1993 1993 1993 1993 2005 2005 2005 2005 2005 2005 2005 2005 4405
    4349 3433 3433 2170 2156 2129 2116 2116 2103 2078 2078 2065 2053
    2028 2016 2016 1993 1981 1981 1981 1981 1993 1993 1993 1993 2005
    2005 2005 2005 2005 2005 2005 4405 4405 4349 3399 3399 2170 2156
    2143 2116 2116 2103 2090 2078 2065 2053 2040 2016 2016 1993 1981
    1981 1981 1981 1981 1993 1993 1993 2005 2005 2005 2005 2005 2005
    2016 4405 4405 4349 3399 3399 2170 2156 2143 2129 2116 2103 2090
    2078 2065 2065 2053 2028 2028 1993 1981 1981 1981 1981 1981 1981
    1993 2005 2005 2005 2005 2005 2005 2005 2016 2016 4405 4349 3433
    3433 2170 2170 2156 2143 2129 2116 2103 2090 2078 2065 2053 2028
    2016 1993 1981 1981 1981 1981 1981 1981 1993 2005 2005 2005 2005
    2005 2005 2016 2016 2016 4405 4349 3468 3468 2170 2170 2156 2143
    2129 2116 2103 2090 2078 2065 2053 2040 2016 1993 1981 1981 1981
    1981 1981 1981 1993 1993 2005 2005 2005 2005 2005 2016 2016 2016
    2016 4349 3503 3503 2184 2170 2156 2143 2129 2116 2103 2090 2078
    2065 2053 2040 2016 2005 1993 1981 1981 1981 1981 1981 1993 1993
    2005 2005 2005 2005 2005 2005 2016 2016 2016 4349 3539 2226 2184
    2170 2156 2156 2129 2116 2103 2090 2078 2065 2053 2040 2016 2005
    1993 1993 1981 1981 1981 1993 1993 1993 1993 2005 2005 2005 2005
    2005 2016 2016 2016 4349 3539 2226 2198 2170 2156 2156 2129 2129
    2116 2103 2078 2065 2053 2040 2016 2005 1993 1993 1981 1981 1981
    1981 1981 1993 1993 1993 2005 2005 2005 2005 2016 2016 2040 4349
    3503 3503 2198 2170 2156 2156 2143 2129 2116 2103 2090 2065 2053
    2040 2016 2005 2005 1993 1981 1981 1981 1981 1981 1993 1993 1993
    2005 2005 2005 2016 2016 2028 2040 4405 3503 3503 2198 2170 2156
    2156 2143 2129 2116 2103 2090 2065 2053 2040 2028 2016 2005 1993
    1981 1970 1970 1981 1993 1993 1993 1993 2005 2005 2016 2016 2016
    2028 2040 4405 3503 3503 3503 2170 2170 2156 2156 2129 2116 2103
    2090 2078 2065 2040 2040 2016 2005 1993 1981 1970 1970 1981 1993
    2005 1993 1993 2005 2005 2016 2016 2016 2016 2028 4405 3503 3503
    3503 3503 2184 2170 2170 2143 2116 2103 2090 2078 2065 2053 2040
    2028 2016 2005 1981 1981 1981 1981 1993 2005 1993 1993 2005 2005
    2016 2016 2016 2016 2028 4463 3503 3503 3503 3503 2184 2170 2170
    2143 2129 2116 2103 2103 2090 2053 2040 2028 2016 2005 1993 1981
    1981 1993 1993 1993 2005 2005 2005 2005 2005 2016 2016 2016 2016
    4463 3503 3503 3503 3503 2212 2170 2170 2143 2129 2116 2103 2103
    2090 2065 2053 2040 2016 2016 2005 1993 1993 1993 1993 1993 2005
    2005 2005 2005 2005 2016 2016 2016 2028 4463 3503 3503 3503 3503
    2198 2184 2170 2156 2143 2116 2103 2103 2078 2065 2053 2040 2028
    2016 2005 2005 1993 1993 1993 1993 1993 2005 2005 2005 2005 2016
    2016 2016 2028 2040 3503 3539 3539 3539 2198 2184 2170 2156 2143
    2129 2116 2103 2078 2065 2065 2053 2040 2016 2005 2005 2005 1993
    1993 1993 1993 2005 2005 2005 2016 2016 2016 2016 2028 2028 3503
    3539 3539 3539 2198 2184 2170 2170 2156 2143 2116 2116 2078 2065
    2065 2053 2053 2016 2016 2005 2005 1993 1993 1993 2005 2005 2005
    2005 2016 2016 2016 2016 2016 2028 3503 3539 3539 2184 2184 2198
    2184 2170 2156 2143 2129 2116 2078 2065 2065 2053 2053 2028 2016
    2005 2005 1993 1993 2005 2005 2005 2005 2005 2016 2016 2016 2016
    2016 2016 3503 3503 3503 2184 2184 2198 2184 2170 2156 2143 2129
    2116 2090 2078 2065 2065 2053 2028 2016 2005 2005 2005 2005 2005
    2005 2005 2005 2005 2016 2016 2016 2016 2016 2016 3503 3503 3503
    3503 2212 2212 2198 2170 2156 2143 2129 2116 2103 2078 2065 2065
    2053 2040 2016 2005 2005 2005 2005 2005 2005 2005 2005 2005 2016
    2016 2016 2016 2016 2016 3503 3503 3503 3503 3539 2212 2198 2170
    2170 2156 2129 2116 2103 2090 2078 2065 2053 2040 2016 2016 2005
    2005 2005 2005 2005 2005 2016 2016 2016 2016 2028 2028 2028 2028
    3503 3503 3503 3539 3539 2212 2198 2184 2170 2156 2129 2116 2103
    2090 2078 2065 2065 2053 2040 2016 2005 2005 2005 2005 2005 2005
    2016 2016 2016 2016 2028 2028 2028 2028 3503 3503 3539 3503 3468
    2212 2198 2184 2170 2156 2143 2116 2103 2103 2078 2065 2053 2053
    2040 2016 2016 2005 2005 2005 2005 2005 2016 2016 2016 2028 2016
    2016 2016 2016 3503 3539 3539 3503 3468 3468 2198 2184 2170 2156
    2156 2116 2116 2103 2090 2078 2053 2053 2040 2028 2016 2005 2005
    2005 2005 2005 2016 2016 2016 2016 2016 2016 2016 2016 3503 3539
    3539 3503 3468 3468 2198 2184 2170 2156 2156 2116 2116 2103 2090
    2078 2053 2053 2040 2016 2016 2005 2005 2005 2005 2016 2016 2016
    2016 2016 2028 2028 2016 2016 3503 3539 3539 3503 3468 3468 2198
    2184 2184 2170 2156 2156 2116 2103 2103 2078 2065 2053 2053 2016
