<?xml version="1.0"?>
<opencv_storage>
<Depth9620 type_id="opencv-matrix">
  <rows>56</rows>
  <cols>84</cols>
  <dt>w</dt>
  <data>
    4190 1370 1370 1359 1359 1365 1365 1370 1370 1370 1370 1370 1370
    1365 1365 1365 1359 1359 1359 1359 1359 1359 1359 4041 4041 4041
    1349 1349 1343 1343 1349 1349 1349 1354 1354 1354 4041 4041 4041
    1338 1338 1333 1333 1333 1343 1343 1338 1338 1338 1338 1343 3903
    3903 3859 1343 1343 3816 3859 1322 1322 1322 3903 3948 3903 3903
    3859 3037 3037 2984 2933 2933 2933 2933 2933 2933 2908 2883 2883
    2883 2883 0 0 0 0 1381 1376 1370 1365 1365 1365 1365 1370 1370 1370
    1370 1365 1365 1365 1359 1359 1359 1359 1359 1354 1354 1354 1354
    1354 1354 1349 1349 1349 1343 1343 1343 1349 1349 1349 1349 1343
    1343 1338 1338 1338 1333 1333 1333 1333 1338 1343 1338 1338 1338
    1338 1338 1338 1328 1328 1317 1317 1322 1322 1322 1322 1322 1322
    1317 1312 1312 1317 1317 1317 1317 1317 1317 1317 2933 2933 2933
    2908 2883 2883 2883 2883 0 0 0 0 1381 1376 1370 1365 1365 1365 1365
    1365 1365 1365 1365 1365 1365 1359 1359 1359 1359 1359 1354 1354
    1354 1354 1354 1354 1354 1349 1349 1343 1343 1343 1343 1343 1343
    1343 1343 1343 1343 1338 1338 1338 1333 1333 1333 1338 1338 1338
    1333 1333 1333 1333 1328 1328 1328 1322 1317 1317 1317 1317 1317
    1317 1317 1317 1317 1312 1312 1317 1317 1317 1317 1317 1312 1312
    1312 1312 2958 2908 2883 2883 2883 2812 2767 2767 2723 2723 1387
    1376 1365 1359 1359 1359 1359 1359 1359 1359 1359 1359 1359 1359
    1359 1354 1354 1354 1354 1349 1349 1349 1349 1349 1343 1343 1338
    1338 1338 1338 1338 1343 1343 1343 1343 1338 1338 1338 1338 1338
    1333 1333 1333 1333 1333 1328 1328 1328 1322 1322 1322 1322 1322
    1322 1317 1317 1317 1317 1317 1317 1317 1317 1317 1317 1317 1312
    1312 1312 1312 1312 1312 1307 1307 1307 1307 2958 2883 2883 2883
    2812 2767 2767 2723 2723 1381 1376 1365 1359 1359 1359 1359 1359
    1359 1354 1354 1359 1359 1359 1354 1354 1354 1354 1354 1349 1349
    1343 1343 1343 1338 1338 1338 1333 1333 1333 1333 1343 1343 1338
    1338 1338 1338 1338 1338 1338 1333 1333 1328 1328 1328 1328 1328
    1322 1322 1317 1317 1317 1317 1317 1317 1317 1317 1317 1317 1317
    1312 1312 1312 1312 1312 1312 1307 1307 1307 1307 1307 1307 1307
    1307 1307 1307 2908 2908 2883 2835 2789 2789 2744 2744 1365 1365
    1359 1354 1354 1359 1359 1359 1354 1354 1354 1354 1354 1354 1354
    1349 1349 1349 1343 1343 1343 1343 1338 1338 1338 1338 1333 1333
    1333 1333 1333 1338 1338 1338 1333 1333 1333 1333 1333 1333 1328
    1328 1328 1322 1322 1322 1322 1322 1317 1317 1317 1317 1317 1317
    1317 1312 1312 1312 1312 1312 1312 1312 1312 1312 1312 1307 1302
    1302 1302 1302 1302 1307 1307 1307 1307 1307 2908 2908 2908 2835
    2789 2789 2744 2744 1359 1354 1354 1354 1354 1354 1354 1354 1354
    1349 1349 1354 1354 1354 1349 1349 1343 1343 1338 1338 1338 1343
    1338 1338 1338 1333 1333 1333 1333 1328 1328 1338 1338 1333 1333
    1333 1333 1328 1328 1328 1322 1322 1322 1322 1322 1322 1322 1317
    1317 1317 1317 1317 1317 1317 1312 1312 1312 1307 1307 1307 1307
    1307 1307 1307 1302 1302 1302 1302 1302 1302 1302 1302 1302 1302
    1302 2883 2883 2883 2908 2883 2812 2789 2744 2744 1354 1354 1354
    1354 1354 1349 1349 1349 1343 1343 1343 1343 1349 1349 1343 1343
    1338 1338 1338 1338 1338 1338 1338 1338 1333 1333 1333 1328 1328
    1328 1328 1333 1328 1328 1328 1328 1328 1328 1328 1322 1322 1322
    1317 1317 1317 1317 1317 1317 1317 1317 1312 1312 1312 1312 1312
    1312 1307 1307 1307 1302 1302 1307 1307 1302 1302 1302 1297 1297
    1297 1297 1297 1302 1302 1292 1292 1292 2883 2883 2908 2908 2933 0 0
    0 1354 1349 1349 1349 1349 1349 1349 1343 1343 1343 1343 1338 1338
    1338 1338 1338 1333 1333 1333 1333 1333 1333 1333 1333 1333 1333
    1328 1328 1328 1322 1322 1328 1322 1322 1322 1322 1322 1322 1322
    1317 1317 1317 1317 1317 1317 1317 1317 1317 1312 1312 1307 1307
    1307 1307 1307 1307 1302 1302 1302 1302 1302 1302 1302 1302 1297
    1297 1297 1292 1292 1292 1297 1297 1297 1292 1292 1292 2908 2908
    2908 2908 2933 0 0 0 1349 1349 1343 1343 1343 1343 1343 1338 1338
    1338 1338 1338 1338 1338 1333 1333 1333 1333 1328 1328 1328 1328
    1328 1328 1328 1328 1322 1317 1317 1317 1317 1322 1322 1322 1322
    1322 1317 1317 1317 1317 1317 1317 1317 1317 1312 1312 1312 1312
    1307 1307 1307 1302 1302 1302 1302 1302 1302 1302 1297 1297 1302
    1297 1297 1297 1297 1297 1297 1288 1288 1288 1288 1292 1292 1288
    1288 1288 2883 2883 2883 2883 2908 0 0 0 1338 1338 1338 1338 1343
    1338 1338 1338 1338 1338 1338 1333 1333 1333 1333 1328 1328 1328
    1328 1322 1322 1322 1322 1322 1322 1322 1322 1317 1317 1317 1317
    1322 1317 1317 1317 1317 1317 1312 1312 1312 1317 1317 1312 1312
    1307 1307 1307 1307 1302 1302 1302 1302 1302 1302 1302 1297 1297
    1297 1297 1297 1297 1297 1297 1297 1292 1292 1292 1288 1288 1288
    1288 1292 1288 1283 1283 1283 1283 2883 2883 2883 2835 2835 0 0 1333
    1333 1333 1333 1338 1338 1338 1333 1333 1333 1333 1333 1328 1328
    1328 1328 1322 1322 1322 1322 1322 1317 1317 1317 1317 1317 1317
    1317 1317 1312 1312 1317 1317 1317 1317 1317 1312 1312 1312 1312
    1312 1312 1312 1307 1302 1302 1302 1302 1302 1302 1302 1302 1297
    1297 1297 1297 1297 1297 1297 1297 1297 1297 1297 1292 1292 1292
    1292 1288 1283 1283 1283 1288 1283 1283 1283 1283 1283 2859 2859
    2859 2835 2835 0 0 1328 1328 1333 1333 1333 1333 1333 1333 1328 1328
    1328 1328 1328 1322 1322 1322 1322 1322 1322 1317 1317 1317 1317
    1317 1317 1317 1317 1317 1312 1312 1312 1317 1312 1307 1307 1312
    1312 1307 1307 1307 1307 1307 1302 1302 1302 1302 1302 1302 1302
    1302 1302 1297 1297 1297 1292 1292 1292 1292 1292 1292 1297 1292
    1292 1288 1288 1288 1288 1288 1283 1283 1283 1283 1283 1283 1283
    1283 1283 2859 2859 2859 2859 2883 0 0 1328 1328 1328 1328 1328 1328
    1333 1328 1328 1328 1328 1328 1322 1322 1317 1317 1317 1317 1317
    1317 1317 1312 1312 1312 1312 1312 1312 1312 1312 1312 1312 1312
    1312 1307 1302 1302 1302 1302 1302 1307 1307 1302 1302 1302 1302
    1302 1302 1302 1297 1297 1297 1297 1292 1292 1288 1288 1288 1292
    1288 1288 1288 1288 1288 1283 1283 1283 1283 1283 1283 1283 1283
    1283 1283 1278 1278 1283 1283 2883 2883 2859 2859 2859 0 0 1333 1333
    1328 1322 1322 1322 1322 1322 1317 1317 1317 1317 1317 1317 1317
    1317 1317 1317 1317 1312 1312 1312 1312 1312 1307 1307 1307 1307
    1307 1307 1307 1307 1307 1302 1302 1302 1302 1302 1302 1297 1297
    1297 1297 1297 1297 1297 1297 1297 1297 1297 1297 1292 1292 1288
    1288 1288 1288 1288 1288 1283 1283 1283 1283 1283 1283 1283 1283
    1283 1283 1283 1278 1278 1278 1278 1278 1283 1283 2883 2883 2859
    2835 2835 0 0 1328 1328 1322 1322 1317 1317 1317 1317 1317 1317 1317
    1317 1317 1317 1312 1312 1312 1312 1312 1312 1312 1312 1312 1307
    1307 1307 1302 1302 1302 1302 1302 1302 1302 1302 1297 1297 1297
    1297 1297 1297 1292 1292 1292 1288 1288 1292 1292 1292 1297 1292
    1292 1292 1288 1288 1288 1288 1288 1288 1283 1283 1283 1283 1283
    1283 1278 1278 1278 1283 1283 1283 1278 1278 1278 1273 1273 1278
    1278 2883 2883 2859 2835 2835 0 0 1322 1322 1322 1317 1317 1317 1317
    1317 1317 1317 1317 1317 1312 1312 1312 1312 1312 1312 1312 1312
    1312 1307 1307 1302 1302 1302 1297 1297 1297 1297 1297 1302 1297
    1297 1297 1297 1297 1297 1297 1292 1292 1292 1292 1288 1288 1288
    1288 1288 1288 1283 1283 1283 1283 1283 1283 1283 1283 1283 1283
    1283 1283 1283 1283 1278 1278 1278 1278 1278 1278 1278 1278 1273
    1273 1273 1273 1273 1273 2883 2883 2859 2812 2812 0 0 1317 1317 1317
    1317 1317 1317 1317 1317 1317 1312 1312 1312 1312 1312 1312 1312
    1312 1312 1307 1307 1302 1302 1302 1302 1297 1297 1297 1297 1297
    1297 1297 1297 1297 1297 1297 1297 1297 1297 1292 1292 1288 1288
    1288 1283 1283 1283 1283 1283 1283 1283 1283 1283 1278 1278 1278
    1278 1283 1283 1283 1278 1278 1278 1278 1278 1278 1273 1273 1273
