<?xml version="1.0"?>
<opencv_storage>
<Depth9774 type_id="opencv-matrix">
  <rows>96</rows>
  <cols>59</cols>
  <dt>w</dt>
  <data>
    3300 3269 3269 3269 3269 3300 3269 3269 3269 3269 3269 3269 3269
    3269 3269 3269 3269 3269 3269 3269 3269 3269 3269 3238 3238 3238
    3238 3238 3238 3238 3238 1349 1349 1343 1338 1338 3238 3238 3208
    3208 3208 3208 3208 3208 3208 3208 3208 3178 3178 3178 3178 3178
    2198 2170 2156 2143 2129 2116 2078 3300 3269 3269 3300 3300 3269
    3269 3269 3269 3269 3269 3269 3269 3269 3269 3269 3269 3269 3269
    3269 3269 3269 3269 3238 3238 3238 3238 3238 3238 3238 3238 1349
    1343 1343 1338 1338 1338 3178 3178 3178 3178 3208 3208 3208 3208
    3208 3208 3178 3178 3178 3178 3178 3178 2170 2156 2143 2129 2090
    2078 3300 3300 3300 3300 3300 3269 3269 3269 3269 3269 3269 3269
    3269 3269 3269 3269 3269 3269 3269 3269 3269 3269 3269 3238 3238
    3238 3238 3238 3269 3269 1343 1343 1338 1338 1343 1343 1354 1354
    3178 3149 3149 3178 3208 3208 3178 3178 1297 1297 3178 3208 3208
    3178 3178 2170 2156 2129 2103 2090 2065 3300 3300 3300 3300 3269
    3269 3269 3269 3269 3269 3269 3269 3269 3269 3269 3269 3269 3269
    3269 3269 3269 3238 3238 1288 1288 1292 1292 1292 3269 3269 1338
    1338 1338 1338 1343 1349 1354 1250 1250 1255 1255 3178 3208 1292
    1292 1297 1297 1292 1292 3208 3208 3178 3178 3178 2156 2116 2103
    2078 2065 3300 3300 3300 3300 3269 3269 3269 3269 3269 3269 3269
    3269 3269 3269 3269 3269 3269 3269 3269 3269 3269 3238 3238 1273
    1273 1278 1292 1292 1292 1307 1307 1317 1338 1338 1343 1343 1349
    1245 1245 1250 1250 1250 1268 1273 1278 1292 1292 1292 1292 1292
    1292 3208 3208 3178 3178 2090 2078 2078 2053 3269 3269 3300 3300
    3269 3269 3269 3269 3269 3269 3269 3269 1219 1219 1161 1161 1161
    1153 1153 3269 3269 1259 1259 1273 1273 1278 1292 1292 1292 1302
    1214 1214 1338 1338 1343 1343 1241 1241 1245 1245 1245 1250 1268
    1273 1273 1278 1283 1292 1292 1292 1292 3208 3208 3208 3208 2078
    2078 2053 2053 3269 3269 3269 3269 3269 3269 3269 3269 3269 3269
    1219 1219 1214 1169 1161 1161 1161 1153 1153 1157 1157 1255 1255
    1255 1259 1278 1288 1288 1288 1202 1202 1210 1333 1333 1338 1338
    1236 1236 1241 1241 1245 1250 1264 1268 1273 1273 1283 1288 1288
    1292 1292 3208 3178 3178 3178 2065 2065 2053 2053 3269 3269 3269
    1219 1219 1214 1214 1214 1219 1219 1214 1210 1202 1169 1165 1165
    1165 1165 1157 1157 1165 1241 1241 1245 1250 1273 1283 1288 1202
    1197 1197 1202 1210 1219 1219 1227 1232 1236 1236 1236 1245 1245
    1259 1264 1268 1273 1273 1283 1283 1292 1292 3208 3208 3178 3178
    2065 2065 2053 2040 3269 1219 1214 1214 1214 1214 1214 1214 1214
    1214 1214 1210 1197 1169 1169 1165 1165 1165 1161 1157 1153 1153
    1153 1165 1169 1185 1185 1197 1202 1197 1197 1197 1202 1210 1219
    1223 1232 1236 1236 1236 1245 1245 1255 1259 1268 1268 1273 1278
    1283 1292 1292 3208 3208 3208 3178 3149 2040 2040 2040 3269 1219
    1214 1210 1210 1210 1214 1214 1214 1214 1214 1206 1189 1165 1165
    1161 1161 1165 1157 1157 1153 1153 1153 1165 1169 1177 1181 1189
    1197 1197 1197 1197 1202 1210 1219 1219 1223 1232 1236 1236 1250
    1250 1255 1259 1268 1268 1273 1278 1283 1288 1288 1288 3238 3208
    3178 3178 2040 2040 2040 1219 1214 1214 1210 1210 1210 1210 1210
    1214 1210 1210 1193 1173 1161 1161 1157 1157 1161 1157 1157 1157
    1157 1161 1165 1169 1177 1181 1189 1193 1197 1197 1197 1202 1214
    1219 1219 1223 1232 1232 1236 1245 1245 1255 1259 1264 1268 1273
    1273 1283 1288 1288 1288 3208 3208 3178 3178 2040 2040 2040 1219
    1214 1214 1210 1210 1210 1206 1206 1206 1202 1185 1181 1169 1161
    1157 1153 1153 1157 1153 1153 1157 1161 1161 1165 1169 1177 1181
    1185 1193 1193 1197 1197 1202 1210 1219 1219 1223 1227 1232 1236
    1245 1245 1250 1259 1264 1264 1268 1273 1283 1292 1292 1292 3178
    3178 3178 3178 2040 2040 2040 1223 1219 1214 1210 1210 1206 1202
    1202 1197 1189 1181 1173 1165 1161 1157 1153 1153 1153 1153 1153
    1153 1161 1165 1165 1169 1173 1181 1185 1189 1193 1193 1197 1202
    1210 1214 1219 1223 1227 1236 1241 1245 1250 1250 1255 1259 1264
    1268 1273 1278 1288 1292 1292 3178 3178 3178 3178 3178 3178 2040
    1219 1214 1214 1210 1202 1202 1202 1197 1193 1181 1177 1173 1165
    1161 1157 1153 1149 1149 1149 1149 1153 1157 1161 1165 1169 1173
    1177 1185 1185 1189 1189 1197 1202 1210 1214 1219 1223 1227 1236
    1241 1245 1245 1250 1255 1259 1264 1268 1273 1273 1283 1288 1288
    1288 3208 3178 3178 3178 3178 3149 1219 1214 1214 1214 1202 1197
    1197 1193 1189 1181 1177 1173 1165 1161 1157 1153 1149 1145 1145
    1149 1149 1157 1161 1165 1169 1173 1177 1181 1185 1185 1189 1193
    1202 1210 1214 1214 1223 1227 1232 1236 1245 1245 1250 1255 1255
    1264 1268 1268 1273 1278 1283 1288 1288 3178 3178 3178 3178 3178
    3178 1219 1219 1214 1214 1202 1197 1197 1189 1185 1181 1177 1173
    1165 1161 1157 1153 1149 1145 1145 1149 1149 1157 1161 1165 1169
    1173 1177 1181 1185 1185 1189 1193 1197 1210 1214 1214 1219 1223
    1227 1236 1241 1245 1250 1255 1255 1264 1268 1268 1273 1278 1283
    1288 1288 3178 3178 3178 3178 3178 3178 1219 1219 1214 1210 1202
    1202 1197 1189 1185 1181 1177 1173 1165 1161 1157 1153 1149 1145
    1145 1149 1149 1157 1161 1165 1169 1169 1177 1181 1181 1185 1185
    1193 1197 1202 1214 1214 1219 1223 1227 1232 1241 1245 1250 1255
    1259 1259 1268 1268 1273 1283 1288 1292 1292 3178 3178 3178 3178
    3178 3178 1223 1219 1219 1210 1206 1202 1197 1193 1185 1181 1181
    1177 1165 1161 1157 1153 1149 1149 1149 1149 1153 1157 1161 1165
    1165 1169 1177 1181 1181 1185 1185 1193 1197 1202 1210 1214 1219
    1227 1227 1232 1241 1245 1250 1255 1255 1259 1264 1268 1273 1283
    1288 1288 1288 3178 3178 3178 3178 3178 3178 1227 1223 1219 1210
    1206 1202 1197 1193 1185 1181 1181 1169 1165 1161 1157 1153 1149
    1149 1149 1149 1153 1157 1161 1161 1165 1169 1173 1181 1181 1185
    1189 1193 1197 1202 1210 1214 1223 1223 1227 1232 1241 1245 1250
    1250 1255 1259 1264 1268 1273 1283 1288 1288 1288 3178 3178 3178
    3178 3178 3178 1223 1223 1219 1210 1206 1202 1197 1193 1189 1185
    1181 1169 1165 1161 1157 1153 1149 1149 1149 1149 1153 1157 1161
    1161 1165 1169 1169 1181 1185 1185 1185 1193 1197 1202 1210 1214
    1219 1223 1227 1232 1236 1245 1245 1250 1255 1255 1268 1268 1273
    1283 1283 1283 1283 3178 3178 3178 3178 3178 3178 1223 1223 1219
    1214 1206 1202 1197 1193 1189 1181 1181 1169 1165 1161 1157 1153
    1149 1149 1149 1149 1153 1157 1161 1161 1161 1169 1169 1177 1181
    1185 1185 1193 1197 1202 1206 1214 1219 1223 1227 1232 1236 1245
    1245 1250 1255 1255 1268 1268 1273 1283 1283 1283 1283 3178 3178
    3178 3178 3178 3178 1223 1223 1219 1214 1206 1202 1197 1193 1189
    1181 1181 1169 1169 1165 1157 1153 1149 1149 1149 1149 1153 1157
    1161 1161 1161 1169 1173 1177 1181 1185 1189 1193 1197 1202 1206
    1214 1219 1223 1223 1227 1236 1241 1245 1250 1255 1255 1268 1268
    1273 1278 1283 1283 1283 3178 3178 3178 3178 3178 3178 1223 1223
    1219 1214 1206 1202 1197 1193 1189 1185 1181 1173 1169 1165 1157
    1153 1149 1149 1149 1149 1149 1153 1157 1161 1161 1169 1173 1177
    1181 1185 1189 1197 1197 1202 1206 1214 1219 1223 1223 1227 1232
    1241 1245 1250 1255 1255 1264 1268 1273 1278 1278 1278 1283 1283
    3178 3178 3178 3178 3178 1223 1219 1219 1214 1210 1202 1197 1193
    1189 1185 1177 1173 1169 1165 1161 1153 1149 1149 1149 1149 1149
    1153 1157 1161 1165 1169 1173 1177 1181 1181 1189 1197 1197 1202
    1206 1214 1219 1223 1223 1227 1232 1241 1245 1250 1255 1255 1264
    1268 1273 1278 1278 1278 1283 1283 3178 3178 3178 3178 3178 1223
    1219 1219 1214 1210 1206 1202 1193 1189 1185 1177 1173 1169 1165
    1161 1153 1149 1149 1149 1149 1149 1149 1153 1161 1165 1169 1169
    1177 1177 1181 1189 1197 1197 1202 1206 1214 1219 1223 1223 1227
    1232 1241 1245 1245 1250 1255 1264 1268 1273 1278 1283 1283 1288
    1288 3178 3178 3178 3178 3178 1223 1219 1219 1214 1210 1206 1202
