<?xml version="1.0"?>
<opencv_storage>
<Depth5889 type_id="opencv-matrix">
  <rows>59</rows>
  <cols>42</cols>
  <dt>w</dt>
  <data>
    4295 4405 4405 4582 1705 1696 1696 1705 1705 1705 1713 1722 1722
    1722 1722 1722 4582 4582 4582 4582 4582 4522 4522 4522 4522 4582
    4582 4582 4582 4582 4645 4645 4645 4645 4645 4645 4645 4645 4645
    4645 4708 4708 4295 4295 1731 1722 1705 1696 1696 1705 1705 1713
    1713 1722 1722 1722 1722 1722 1731 1731 1731 1739 1748 1757 1766
    1766 1766 1766 1766 1766 1776 1776 1794 1785 1785 1794 4645 4645
    4645 4645 4645 4708 4774 4774 1748 1748 1731 1722 1722 1713 1705
    1705 1705 1713 1722 1722 1722 1722 1722 1722 1731 1731 1731 1739
    1748 1757 1757 1757 1757 1757 1766 1766 1766 1776 1785 1785 1785
    1794 1794 1794 1794 1794 4645 4708 4842 4774 1748 1748 1731 1731
    1722 1713 1705 1705 1713 1713 1722 1722 1722 1722 1722 1731 1731
    1731 1739 1748 1757 1757 1757 1757 1757 1757 1766 1766 1766 1766
    1776 1776 1785 1794 1794 1794 1794 1794 1794 1794 4842 4708 1785
    1766 1739 1731 1722 1713 1713 1713 1713 1722 1722 1722 1722 1722
    1731 1731 1731 1731 1739 1748 1748 1757 1757 1757 1757 1757 1766
    1766 1766 1766 1776 1776 1785 1794 1794 1794 1794 1794 1794 1794
    4708 4708 1785 1766 1748 1731 1731 1713 1713 1722 1722 1722 1722
    1722 1722 1722 1731 1731 1731 1731 1739 1748 1748 1748 1757 1757
    1757 1766 1766 1766 1776 1776 1776 1776 1776 1785 1794 1794 1794
    1794 1794 1794 4708 4708 1785 1766 1748 1739 1722 1713 1713 1713
    1722 1722 1722 1722 1722 1722 1731 1731 1731 1731 1739 1748 1748
    1748 1757 1757 1757 1766 1766 1766 1766 1766 1776 1776 1776 1785
    1785 1794 1794 1794 1794 1794 1794 4708 1776 1766 1748 1731 1722
    1713 1713 1713 1713 1722 1722 1722 1722 1722 1722 1731 1731 1731
    1739 1739 1739 1748 1757 1757 1757 1766 1766 1766 1766 1766 1776
    1776 1776 1785 1785 1794 1794 1794 1785 1785 1785 4708 1766 1766
    1748 1731 1722 1705 1705 1705 1713 1722 1722 1722 1722 1722 1722
    1731 1731 1731 1739 1739 1739 1748 1757 1757 1757 1757 1766 1766
    1766 1766 1766 1766 1776 1776 1785 1785 1794 1794 1785 1785 1785
    4708 1766 1766 1748 1731 1713 1705 1705 1705 1705 1722 1722 1722
    1722 1722 1722 1731 1731 1731 1739 1739 1748 1748 1748 1757 1757
    1757 1757 1766 1766 1766 1766 1766 1776 1776 1785 1785 1794 1794
    1785 1785 1785 4708 1776 1766 1748 1731 1713 1705 1696 1696 1705
    1722 1713 1713 1722 1722 1722 1731 1731 1731 1731 1739 1748 1748
    1748 1748 1757 1757 1757 1757 1757 1766 1766 1766 1776 1776 1785
    1785 1794 1794 1794 1794 1794 4645 1776 1766 1757 1731 1705 1696
    1696 1696 1705 1713 1713 1713 1722 1722 1722 1722 1731 1731 1731
    1739 1748 1748 1748 1748 1757 1757 1757 1757 1757 1766 1766 1766
    1776 1776 1785 1794 1794 1794 1794 1794 1794 4645 1785 1776 1757
    1739 1705 1696 1696 1696 1696 1705 1713 1713 1722 1722 1722 1722
    1731 1731 1731 1731 1739 1748 1748 1748 1748 1757 1757 1757 1757
    1766 1766 1766 1776 1776 1785 1794 1794 1794 1794 1794 1794 4645
    1776 1766 1757 1739 1713 1696 1696 1696 1696 1705 1713 1713 1722
    1722 1722 1722 1731 1731 1731 1731 1739 1748 1748 1748 1748 1757
    1757 1757 1766 1766 1766 1766 1766 1776 1785 1785 1785 1785 1785
    1785 1785 4645 1766 1766 1757 1739 1722 1705 1705 1696 1696 1696
    1705 1713 1722 1722 1722 1722 1731 1731 1731 1731 1739 1748 1757
    1748 1748 1757 1757 1757 1766 1766 1766 1766 1766 1776 1785 1785
    1785 1785 1776 1776 1776 4645 1766 1766 1748 1731 1722 1713 1705
    1696 1696 1696 1705 1705 1722 1722 1722 1722 1731 1731 1731 1731
    1731 1739 1748 1748 1748 1757 1757 1757 1766 1766 1766 1766 1766
    1776 1776 1776 1776 1785 1776 1776 1776 4645 1766 1766 1748 1731
    1722 1713 1705 1696 1696 1696 1705 1705 1713 1722 1722 1731 1722
    1722 1731 1731 1731 1739 1748 1748 1748 1748 1748 1757 1757 1766
    1766 1766 1766 1776 1776 1776 1776 1776 1776 1776 1776 4708 1766
    1766 1757 1731 1731 1713 1705 1696 1696 1705 1705 1705 1713 1722
    1722 1722 1722 1722 1722 1722 1731 1739 1748 1748 1757 1748 1748
    1757 1757 1757 1766 1766 1766 1766 1766 1776 1776 1776 1776 1776
    1794 1794 1766 1766 1757 1739 1731 1713 1705 1696 1696 1705 1705
    1713 1713 1713 1722 1722 1722 1722 1722 1722 1731 1731 1739 1739
    1748 1748 1748 1757 1757 1757 1766 1766 1766 1766 1766 1776 1776
    1776 1776 1785 1794 1794 1776 1766 1757 1739 1731 1713 1696 1696
    1696 1696 1696 1713 1713 1713 1713 1722 1722 1722 1722 1731 1731
    1731 1739 1739 1739 1739 1739 1748 1757 1757 1766 1766 1766 1766
    1766 1776 1776 1776 1785 1794 1794 1794 1794 1766 1757 1739 1731
    1713 1696 1696 1696 1696 1696 1705 1705 1713 1713 1722 1722 1722
    1722 1731 1731 1731 1739 1739 1739 1739 1739 1739 1757 1757 1766
    1766 1766 1766 1766 1776 1776 1785 1785 1794 1804 1804 1794 1766
    1757 1739 1722 1713 1696 1696 1696 1696 1696 1705 1705 1713 1713
    1722 1722 1722 1722 1731 1731 1739 1739 1739 1739 1739 1739 1739
    1757 1757 1757 1766 1766 1766 1776 1776 1776 1785 1785 1785 1794
    1794 1766 1757 1757 1739 1722 1705 1696 1696 1696 1696 1696 1705
    1705 1705 1722 1722 1722 1722 1722 1731 1731 1739 1739 1739 1739
    1739 1739 1748 1757 1757 1757 1757 1766 1766 1776 1776 1776 1785
    1785 1785 1794 1794 1766 1757 1757 1739 1731 1705 1696 1696 1696
    1696 1696 1705 1705 1705 1713 1722 1722 1722 1722 1722 1731 1739
    1739 1739 1739 1739 1739 1748 1748 1757 1757 1757 1766 1766 1766
    1776 1776 1776 1776 1776 1804 1804 3092 1757 1757 1739 1731 1713
    1696 1696 1696 1696 1696 1705 1705 1705 1713 1722 1722 1722 1722
    1722 1731 1731 1731 1731 1739 1739 1748 1748 1748 1757 1757 1757
    1766 1766 1766 1776 1776 1776 1776 1776 1804 1804 3092 1757 1757
    1739 1731 1713 1696 1696 1696 1696 1705 1696 1696 1705 1713 1722
    1722 1722 1722 1722 1731 1731 1731 1731 1731 1731 1739 1748 1748
    1757 1757 1757 1757 1766 1766 1766 1776 1776 1776 1794 1794 1794
    3092 1757 1757 1739 1731 1705 1696 1696 1696 1696 1696 1696 1696
    1705 1713 1713 1722 1722 1722 1722 1722 1731 1731 1731 1731 1731
    1739 1748 1748 1757 1757 1757 1757 1766 1766 1766 1776 1776 1785
    1785 1794 1794 1776 1766 1757 1739 1722 1705 1696 1696 1696 1696
    1696 1696 1705 1705 1713 1713 1722 1722 1722 1722 1722 1731 1731
    1731 1731 1731 1731 1748 1748 1757 1757 1757 1757 1766 1766 1766
    1776 1776 1776 1785 1785 1785 1776 1766 1757 1739 1722 1705 1696
    1696 1696 1696 1696 1705 1705 1705 1713 1713 1713 1713 1713 1722
    1722 1731 1731 1731 1731 1731 1731 1748 1757 1757 1757 1757 1766
    1766 1766 1766 1766 1776 1776 1785 1785 1785 1766 1766 1757 1739
    1731 1713 1696 1696 1696 1696 1696 1705 1705 1705 1713 1713 1713
    1713 1713 1722 1722 1731 1731 1731 1739 1739 1739 1757 1757 1757
    1757 1757 1766 1766 1766 1766 1766 1766 1766 1766 1766 1766 1766
    1766 1757 1739 1731 1713 1705 1696 1696 1696 1696 1705 1705 1713
    1713 1713 1713 1713 1713 1722 1722 1731 1731 1731 1731 1731 1739
    1748 1748 1748 1757 1757 1757 1757 1766 1766 1766 1766 1766 1766
    1766 1766 1766 1766 1748 1731 1731 1713 1705 1688 1688 1696 1696
    1696 1705 1713 1713 1713 1713 1713 1713 1722 1722 1722 1731 1731
    1731 1731 1739 1748 1748 1748 1757 1757 1757 1757 1757 1757 1766
    1766 1766 1766 1766 1766 2984 1766 1748 1731 1722 1713 1705 1688
    1688 1696 1696 1696 1705 1705 1705 1713 1713 1713 1713 1722 1722
    1722 1722 1731 1731 1731 1731 1739 1757 1757 1757 1757 1757 1757
    1757 1757 1766 1766 1766 1766 1766 1766 2984 1766 1748 1739 1722
    1713 1696 1688 1688 1696 1696 1696 1696 1696 1705 1705 1713 1713
    1713 1713 1722 1722 1722 1731 1731 1731 1731 1739 1748 1757 1757
    1757 1757 1757 1757 1757 1766 1766 1766 1766 1766 1766 2958 1766
    1748 1739 1731 1713 1696 1688 1688 1688 1696 1696 1696 1696 1696
    1696 1705 1713 1713 1713 1722 1722 1722 1731 1731 1731 1731 1739
    1739 1748 1748 1757 1757 1757 1757 1766 1766 1766 1766 1766 1766
    1766 2933 1766 1757 1739 1731 1713 1688 1688 1688 1688 1696 1688
