<?xml version="1.0"?>
<opencv_storage>
<Depth15139 type_id="opencv-matrix">
  <rows>48</rows>
  <cols>28</cols>
  <dt>w</dt>
  <data>
    2835 2859 2859 2859 2859 3653 3614 3576 3576 3576 4911 4842 4842
    4842 4842 4842 4842 4774 4774 4774 4774 4774 4774 4774 4774 4774
    4774 4774 2835 3614 3614 3614 3614 3614 3614 3576 3576 3576 4911
    4842 4842 4774 4774 4842 4842 4774 4774 4774 4774 4774 4774 4774
    4774 4774 4774 4774 3614 3614 3614 3614 3614 3614 3576 3576 3576
    3576 4911 4842 4842 4774 4774 4842 4774 4774 4774 4774 4774 4774
    4774 4774 4774 4774 4774 4774 3614 3614 3614 3576 3576 3576 3576
    3576 3576 3539 3539 4842 4774 4774 4774 4774 4774 4774 4774 4774
    4774 4774 4774 4774 4774 4774 4774 4774 3576 3576 3614 3576 3539
    3539 3576 3576 3576 3539 3539 4842 4774 4774 4774 4774 4774 4708
    4708 4708 4708 4708 4774 4774 4774 4774 4774 4774 3576 3576 3576
    3576 3539 3539 3576 3576 3576 3539 3539 4774 4774 4842 4774 4774
    4774 4708 4708 4708 4708 4708 4774 4774 4774 4774 4774 4774 3576
    3576 3576 3576 3576 3576 3576 3576 3576 3539 3539 3539 4774 4842
    4774 4774 4774 4708 4708 4708 4708 4708 4708 4774 4774 4708 4708
    4708 0 3539 3539 3539 3576 3539 3539 3539 3539 3539 3539 3539 3539
    4774 4774 4774 4774 4708 4708 4708 4708 4708 4708 4708 4708 4708
    4708 4708 0 3539 3539 3539 3539 3539 3539 3539 3539 3539 3539 3539
    3539 4774 4774 4774 4774 4774 4708 4708 4645 4645 4645 4645 4708
    4708 4708 4708 0 3576 3539 3539 3539 3576 3539 3539 3539 3539 3503
    3503 3503 3503 4774 4774 4774 4774 4708 4708 4645 4645 4645 4645
    4645 4708 4708 4708 0 3576 3539 3539 3539 3539 3539 3539 3539 3503
    3503 3503 3503 3503 4774 4774 4774 4708 4708 4708 4708 4645 4645
    4645 4645 4708 4708 4708 0 3576 3503 3503 3539 3539 3539 3539 3539
    3503 3503 3503 3503 3503 4774 4774 4774 4708 4708 4708 4708 4645
    4645 4645 4645 4708 4708 4645 0 0 3503 3503 3539 3539 3539 3539 3539
    3503 3468 3468 3433 3433 4708 4708 4708 4708 4708 4645 4645 4645
    4708 4708 4645 4645 4645 4645 0 0 3433 3433 3503 3503 3539 3539 3503
    3503 3468 3468 3433 3433 4708 4708 4708 4708 4708 4645 4645 4645
    4645 4645 4645 4582 4582 4582 0 0 3433 3433 3503 3503 3503 3503 3503
    3503 3468 3468 3433 3433 3468 4708 4708 4708 4708 4645 4645 4645
    4645 4645 4645 4582 4582 4582 0 0 0 3399 3399 3399 3468 3468 3468
    3468 3468 3468 3468 3433 3433 3433 4708 4708 4708 4645 4645 4645
    4645 4645 4645 4582 4582 4582 0 0 0 3399 3399 3399 3433 3433 3433
    3433 3468 3468 3468 3433 3433 3433 4708 4708 4708 4645 4645 4645
    4582 4582 4582 4582 4582 4522 0 0 0 0 3433 3433 3433 3433 3433 3433
    3468 3468 3468 3433 3433 3433 3433 4708 4645 4645 4645 4645 4582
    4582 4522 4522 4522 4522 0 0 0 0 3433 3433 3433 3433 3433 3433 3468
    3433 3433 3433 3433 3433 3433 4774 4645 4582 4582 4645 4582 4582
    4522 4522 4522 4522 0 0 0 0 3433 3399 3399 3399 3399 3433 3433 3433
    3433 3433 3433 3433 3433 3433 4645 4582 4582 4645 4582 4582 4522
    4522 4522 4522 0 0 0 0 0 3399 3399 3399 3399 3399 3433 3433 3433
    3433 3433 3433 3433 3433 3433 4645 4645 4645 4582 4522 4522 4522
    4522 4522 0 0 0 0 0 3399 3399 3399 3399 3399 3433 3433 3433 3433
    3433 3433 3433 3433 3433 4582 4582 4582 4582 4522 4522 4522 4522
    4522 0 0 0 0 0 3269 3269 3399 3399 3399 3433 3399 3399 3433 3433
    3433 3433 3433 3399 3399 4582 4522 4522 4522 4522 4522 4522 4522 0 0
    0 0 0 3269 3269 3433 3433 3433 3433 3399 3399 3433 3433 3399 3399
    3399 3399 3399 4582 4522 4522 4522 4522 4522 4522 4522 0 0 0 0 0
    3433 3433 3433 3433 3433 3433 3433 3433 3433 3399 3399 3399 3399
    3333 3333 4582 4522 4522 4522 4522 4522 4522 4522 0 0 0 0 0 0 0 3468
    3433 3433 3399 3399 3399 3399 3399 3399 3399 3399 3333 3333 4582
    4522 4522 4522 4522 4463 4463 4522 0 0 0 0 0 0 0 0 3399 3399 3365
    3365 3399 3399 3399 3399 3399 3399 3399 3399 4582 4522 4522 4522
    4463 4463 4463 4463 0 0 0 0 0 0 0 0 3365 3365 3365 3365 3399 3399
    3399 3399 3365 3365 3365 3365 4582 4522 4522 4522 4463 4463 4463
    4463 0 0 0 0 0 0 0 0 3365 3300 3300 3300 3365 3365 3365 3365 3365
    3365 3365 3365 4582 4522 4522 4463 4463 4463 4463 4463 0 0 0 0 0 0 0
    0 0 3300 3300 3300 3365 3365 3333 3333 3333 3333 3300 3300 3300 3300
    4522 4463 4463 4463 4463 4463 0 0 0 0 0 0 0 0 0 0 3333 3333 3333
    3365 3333 3333 3333 3333 3300 3300 3300 3300 4522 4463 4463 4463
    4463 4463 0 0 0 0 0 0 0 0 0 0 0 3333 3333 3333 3333 3333 3333 3333
    3300 3300 3300 3300 4522 4463 4463 4463 4463 4463 0 0 0 0 0 0 0 0 0
    0 0 3333 3300 3300 3333 3333 3300 3300 3300 3300 3300 3300 3300 4463
    4463 4463 4405 4405 0 0 0 0 0 0 0 0 0 0 3300 3300 3300 3300 3333
    3300 3300 3300 3300 3300 3300 3300 3300 4463 4405 4405 4405 4405 0 0
    0 0 0 0 0 0 0 0 3300 3300 3300 3300 3300 3300 3300 3300 3300 3300
    3300 3300 3300 3300 4349 4349 4405 4405 0 0 0 0 0 0 0 0 0 0 0 3238
    3238 3300 3300 3269 3269 3269 3300 3300 3300 3300 3300 3300 3333
    4349 4349 4349 0 0 0 0 0 0 0 0 0 0 0 3238 3238 3300 3269 3269 3269
    3269 3300 3300 3300 3300 3300 3300 3300 3300 4295 4349 0 0 0 0 0 0 0
    0 0 0 0 3269 3269 3300 3269 3269 3269 3269 3300 3300 3269 3269 3269
    3269 3238 3238 4241 4295 0 0 0 0 0 0 0 0 0 0 0 3269 3269 3300 3300
    3269 3269 3269 3269 3269 3269 3269 3269 3238 3238 3178 3178 4295 0 0
    0 0 0 0 0 0 0 0 0 0 3300 3300 3269 3269 3269 3269 3269 3269 3269
    3269 3238 3238 3238 3178 3178 4295 0 0 0 0 0 0 0 0 0 0 0 0 0 3269
    3269 3238 3238 3269 3238 3238 3238 3238 3238 3238 3238 3178 3178
    4349 0 0 0 0 0 0 0 0 0 0 0 0 0 3269 3269 3208 3208 3238 3208 3208
    3238 3238 3238 3238 3238 3208 3208 3208 0 0 0 0 0 0 0 0 0 0 0 0 0
    3269 3238 3208 3208 3238 3208 3208 3238 3208 3208 3208 3238 3238
    3208 3208 0 0 0 0 0 0 0 0 0 0 0 0 0 0 3238 3238 3208 3208 3208 3208
    3208 3208 3208 3208 3238 3208 3178 3178 0 0 0 0 0 0 0 0 0 0 0 0 0 0
    3238 3238 3208 3208 3208 3208 3208 3208 3208 3208 3208 3208 3178
    3178 0 0 0 0 0 0 0 0 0 0 0 0 0 0 0 3238 3208 3208 3238 3238 3238
    3208 3208 3208 3208 3178 3178 3178 0 0 0 0 0 0 0 0 0 0 0 0 0 0 0 0
    3208 3208 3208 3208 3238 3238 3208 3208 3208 3178 3178 3178 0 0 0 0
    0 0 0 0 0 0 0 0 0 0 0 0 0 3238 3178 3178 3208 3208 3208 3208 3178
    3178 3178 3178</data></Depth15139>
</opencv_storage>
