<?xml version="1.0"?>
<opencv_storage>
<Depth3189 type_id="opencv-matrix">
  <rows>41</rows>
  <cols>43</cols>
  <dt>w</dt>
  <data>
    2485 2485 2485 2485 2485 4911 4911 4911 4842 4842 2541 2541 2522
    2522 2522 2522 2522 2541 4645 4645 4645 4645 4645 4645 4645 4645
    4645 4645 4645 4582 4582 4582 4582 4582 4522 4522 4463 4463 4463
    4405 4405 4405 4405 2467 2467 2503 2503 2503 4983 4911 4842 4842
    2541 2522 2522 2522 2522 2541 2522 2522 2541 2541 4708 4708 4645
    4645 4645 4645 4645 4708 4645 4645 4582 4582 4582 4582 4582 4522
    4522 4463 4463 4463 4463 4405 4405 4405 2432 2467 2503 2522 2541
    4983 4911 4842 2541 2522 2503 2503 2522 2522 2541 2541 2541 2541
    2541 2541 4645 4645 4645 4645 4708 4708 4645 4645 4645 4582 4582
    4582 4582 4582 4582 4522 4522 4463 4463 4463 4405 4405 4405 2432
    2432 2522 2522 2560 4911 2503 2503 2503 2485 2485 2503 2522 2522
    2522 2522 2522 2541 2541 2541 2541 2541 4645 4645 4645 4645 4645
    4645 4582 4582 4582 4582 4582 4582 4582 4582 4582 4522 4522 4463
    4463 4463 4405 2432 2432 2541 4911 4911 4911 2485 2485 2503 2485
    2485 2503 2503 2503 2522 2522 2522 2541 2541 2522 2522 2503 2503
    4645 4645 4645 4645 4645 4582 4582 4582 4582 4582 4582 4582 4582
    4582 4522 4522 4522 4463 4463 4463 2415 2541 2541 2541 2541 2485
    2485 2485 2485 2485 2485 2503 2503 2503 2503 2522 2522 2541 2541
    2522 2522 2503 2503 4645 4645 4645 4645 4645 4582 4582 4582 4582
    4582 4645 4582 4582 4582 4582 4522 4522 4463 4463 4463 2432 2541
    2541 2541 2503 2485 2485 2485 2485 2485 2485 2503 2485 2485 2503
    2503 2503 2522 2522 2522 2522 2522 2522 2522 2522 2541 2541 4645
    4645 4582 4582 4582 4582 4645 4582 4582 4582 4582 4582 4522 4522
    4463 4463 5210 5210 2541 2522 2503 2485 2485 2485 2485 2485 2485
    2485 2485 2485 2485 2485 2503 2503 2503 2503 2522 2522 2522 2522
    2503 2503 2522 2541 4645 4645 4645 4645 4645 4645 4645 4582 4582
    4582 4582 4522 4522 4522 4463 5210 5210 5210 2485 2485 2467 2467
    2467 2467 2485 2485 2485 2485 2485 2485 2485 2485 2485 2503 2503
    2503 2522 2522 2522 2503 2503 2522 2541 2560 4708 4708 4708 4645
    4645 4645 4645 4582 4582 4582 4582 4582 4582 4522 5210 5210 5210
    2485 2467 2467 2467 2467 2467 2485 2485 2485 2485 2485 2485 2485
    2485 2485 2503 2503 2503 2522 2522 2522 2522 2522 2522 2541 2541
    2541 4708 4708 4645 4645 4645 4645 4645 4582 4582 4582 4582 4582
    4582 5210 5210 5210 2467 2450 2450 2467 2467 2467 2467 2485 2485
    2485 2485 2485 2485 2485 2485 2485 2485 2485 2503 2503 2503 2503
    2503 2522 2541 2541 2541 2541 4645 4645 4645 4645 4645 4645 4645
    4645 4645 4645 4582 4582 5374 2467 2450 2450 2450 2450 2450 2467
    2450 2450 2467 2467 2485 2485 2485 2485 2467 2467 2485 2485 2485
    2503 2503 2503 2503 2503 2522 2541 2541 2541 2541 2541 2541 4645
    4645 4645 4645 4645 4645 4645 4645 4582 4582 5374 2467 2450 2450
    2450 2450 2450 2450 2450 2450 2450 2467 2467 2467 2485 2467 2467
    2467 2467 2485 2485 2485 2503 2503 2503 2522 2522 2522 2522 2522
    2541 2522 2522 2541 2541 4708 4708 4645 4645 4645 4645 4645 4582
    2467 2450 2450 2450 2450 2450 2450 2450 2450 2450 2450 2467 2467
    2467 2467 2467 2467 2467 2467 2485 2485 2485 2485 2485 2503 2522
    2522 2522 2522 2522 2522 2522 2522 2522 2522 2522 2522 4645 4645
    4645 4645 4645 4645 2450 2450 2450 2450 2450 2450 2450 2450 2450
    2450 2450 2450 2467 2467 2467 2467 2467 2467 2467 2485 2485 2485
    2485 2485 2485 2503 2522 2522 2522 2522 2522 2503 2503 2522 2522
    2522 2522 4645 4645 4645 4645 4645 4645 2450 2450 2450 2450 2432
    2432 2432 2450 2450 2450 2450 2450 2450 2450 2467 2467 2467 2467
    2485 2485 2485 2467 2467 2485 2485 2485 2503 2503 2503 2503 2503
    2503 2503 2503 2503 2522 2522 2522 4645 4582 4582 4645 4645 2467
    2450 2450 2450 2432 2432 2432 2432 2450 2450 2432 2432 2432 2450
    2467 2467 2467 2467 2485 2485 2485 2467 2467 2485 2485 2485 2503
    2503 2503 2503 2503 2503 2503 2503 2503 2522 2522 2522 2541 4582
    4582 4645 4645 2467 2467 2467 2450 2432 2432 2432 2432 2450 2432
    2432 2432 2432 2450 2450 2467 2467 2467 2467 2467 2485 2467 2467
    2485 2485 2485 2503 2485 2485 2485 2485 2485 2503 2485 2485 2503
    2522 2522 2541 2541 2541 4645 4645 2485 2467 2467 2467 2450 2432
    2432 2432 2432 2432 2432 2432 2432 2450 2450 2450 2450 2467 2467
    2467 2467 2467 2467 2467 2485 2485 2485 2485 2485 2485 2485 2485
    2503 2485 2485 2503 2522 2522 2541 2541 2541 2541 4645 2485 2485
    2485 2467 2467 2450 2432 2432 2432 2432 2432 2432 2432 2432 2450
    2450 2450 2450 2467 2467 2467 2467 2467 2467 2467 2485 2485 2485
    2485 2485 2485 2485 2485 2503 2503 2503 2522 2522 2522 2522 2541
    2522 2522 2503 2503 2485 2485 2467 2450 2432 2432 2432 2432 2432
    2432 2432 2432 2450 2450 2450 2450 2450 2450 2450 2467 2467 2467
    2467 2467 2467 2467 2467 2467 2485 2485 2485 2485 2485 2485 2503
    2522 2522 2522 2541 2522 2522 5374 2522 2503 2485 2467 2450 2450
    2450 2450 2450 2432 2432 2432 2432 2432 2450 2450 2450 2450 2450
    2450 2450 2467 2467 2467 2467 2467 2467 2467 2467 2467 2467 2485
    2485 2485 2485 2503 2503 2522 2522 2522 2541 2541 5374 2522 2503
    2503 2485 2485 2467 2467 2467 2467 2450 2432 2432 2432 2432 2450
    2450 2432 2432 2432 2432 2450 2467 2467 2467 2467 2467 2467 2467
    2467 2467 2467 2485 2485 2485 2485 2503 2503 2503 2503 2522 2541
    2541 5460 2560 2522 2522 2503 2503 2485 2485 2485 2467 2467 2450
    2450 2450 2432 2432 2450 2432 2432 2432 2432 2432 2450 2450 2467
    2450 2450 2450 2450 2450 2467 2467 2485 2485 2485 2485 2485 2503
    2503 2503 2522 2541 2541 5460 5460 2541 2541 2541 2522 2503 2503
    2485 2485 2467 2467 2450 2450 2432 2432 2432 2432 2432 2415 2415
    2415 2432 2450 2450 2450 2432 2432 2432 2450 2467 2467 2485 2485
    2485 2485 2485 2503 2485 2485 2503 2503 2541 5460 5460 2560 2541
    2522 2522 2503 2503 2503 2503 2485 2485 2467 2467 2450 2450 2432
    2432 2432 2415 2415 2415 2415 2432 2450 2450 2432 2432 2432 2450
    2467 2467 2467 2485 2485 2485 2485 2485 2485 2485 2485 2503 4842
    5460 5460 5460 5460 2522 2522 2503 2503 2503 2503 2503 2485 2485
    2467 2467 2450 2450 2432 2415 2415 2415 2415 2415 2432 2450 2450
    2432 2432 2432 2450 2467 2467 2467 2467 2467 2467 2485 2485 2485
    2485 2485 4842 4842 5460 5460 5460 5460 5374 5374 2503 2503 2522
    2522 2503 2485 2485 2467 2467 2450 2450 2432 2415 2415 2415 2415
    2415 2432 2432 2450 2432 2432 2432 2450 2467 2450 2450 2467 2467
    2467 2467 2485 2485 2485 4842 4842 4842 5460 5460 5460 5460 5460
    5374 5374 5374 2522 2522 2503 2503 2485 2485 2467 2467 2450 2432
    2432 2415 2415 2415 2432 2432 2432 2450 2432 2432 2450 2450 2450
    2450 2450 2450 2467 2467 2467 2485 2485 4842 4842 4842 4842 5460
    5460 5460 5460 5460 5460 5374 5374 2522 2503 2503 2485 2485 2485
    2485 2485 2467 2467 2450 2432 2432 2432 2432 2432 2450 2450 2415
    2415 2450 2450 2450 2432 2432 2450 2450 2467 2467 2485 2485 4842
    4842 4911 4911 5460 5460 5460 5460 5460 5460 5374 5374 5374 2503
    2503 2467 2467 2503 2503 2503 2467 2467 2467 2450 2450 2450 2450
    2450 2450 2432 2415 2415 2450 2450 2450 2432 2432 2432 2450 2450
    2467 2503 4983 4911 4911 4911 4911 5460 5460 5460 5460 5460 5460
    5460 5460 5460 5374 5210 2467 2467 2503 2503 2503 2485 2485 2467
    2467 2467 2467 2450 2450 2450 2415 2415 2415 2432 2432 2432 2432
    2432 2432 2432 2432 2467 4983 4911 4911 4911 4911 4911 5548 5548
    5460 5460 5460 5460 5460 5460 5460 5374 5374 5210 5210 2522 2503
    2503 2485 2485 2485 2467 2467 2467 2467 2467 2450 2415 2415 2415
    2432 2432 2432 2432 2432 2432 2432 2432 2432 4983 4911 4911 4911
    4911 4911 5548 5548 5548 5460 5460 5460 5460 5460 5460 5460 5374
    5291 5291 5291 5210 2503 2485 2485 2485 2485 2485 2467 2467 2467
    2450 2432 2432 2432 2432 2432 2432 2432 2432 2432 2432 2432 5056
    4983 4983 4983 4983 4911 4911 5548 5548 5548 5460 5460 5460 5460
    5460 5460 5460 5374 5374 5374 5374 5374 5374 2485 2485 2485 2485
