<?xml version="1.0"?>
<opencv_storage>
<Depth4554 type_id="opencv-matrix">
  <rows>51</rows>
  <cols>60</cols>
  <dt>w</dt>
  <data>
    4774 4774 4774 4708 4708 4708 4708 4774 4774 2065 2053 2053 2053
    2053 2065 2065 2065 2065 4645 4645 4708 4708 4708 4645 4645 4582
    4582 4582 4582 4582 4645 4582 4582 4582 4582 4582 4645 4645 4645
    4645 4582 4582 4582 4582 4582 4582 4582 4582 4582 4582 4582 4645
    4645 4645 4645 4582 4582 4582 4582 4582 4774 4774 4774 4708 4708
    4708 4708 4774 2053 2040 2040 2040 2040 2040 2053 2053 2040 2028
    2028 2040 4708 4708 4708 4645 4645 4582 4582 4582 4582 4582 4582
    4582 4582 4582 4582 4582 4582 4582 4645 4645 4582 4582 4582 4582
    4522 4522 4582 4582 4582 4582 4582 4582 4582 4645 4645 4582 4582
    4582 4582 4582 4774 4774 4774 4708 4708 4708 4708 2078 2053 2040
    2040 2040 2040 2040 2040 2040 2028 2028 2028 2028 2028 4708 4708
    4708 4708 4645 4582 4582 4582 4582 4582 4582 4522 4522 4522 4522
    4582 4582 4582 4582 4582 4582 4582 4582 4522 4522 4582 4582 4582
    4582 4582 4582 4582 4582 4582 4645 4645 4645 4582 4582 4774 4774
    4708 4708 4708 4708 4708 2065 2040 2040 2028 2028 2028 2040 2028
    2028 2028 2028 2028 2028 2028 2028 4774 4708 4708 4645 4582 4582
    4582 4582 4582 4582 4522 4522 4522 4522 4522 4522 4522 4522 4582
    4582 4582 4582 4582 4582 4582 4582 4582 4582 4582 4582 4582 4582
    4582 4582 4645 4582 4582 4522 4708 4708 4708 4708 4708 4708 4708
    2053 2028 2028 2016 2016 2016 2028 2028 2028 2028 2028 2028 2028
    2028 2028 2028 2040 4708 4582 4582 4582 4522 4522 4582 4522 4522
    4522 4522 4463 4463 4522 4522 4522 4522 4582 4582 4522 4522 4582
    4582 4582 4582 4582 4582 4582 4582 4582 4582 4582 4582 4582 4522
    4522 4708 4708 4708 4774 4774 4774 2040 2040 2016 2005 2005 1993
    1993 2005 2016 2016 2016 2016 2016 2016 2016 2016 2016 2016 2016
    2016 4582 4522 4522 4522 4522 4522 4522 4522 4522 4463 4463 4522
    4522 4522 4522 4522 4522 4522 4522 4522 4582 4582 4582 4582 4582
    4582 4582 4582 4582 4582 4582 4582 4522 4522 4708 4582 4582 4774
    4774 4774 1981 1981 1981 1981 1981 1981 1993 1993 1993 1993 2005
    2005 2005 2005 2005 2016 2005 2005 2005 2005 2016 4522 4522 4522
    4522 4522 4522 4522 4522 4522 4463 4463 4522 4522 4522 4522 4522
    4522 4463 4463 4522 4522 4582 4582 4522 4522 4582 4582 4582 4582
    4582 4522 4522 4522 4708 4582 4582 4582 4582 1970 1970 1970 1970
    1970 1970 1981 1981 1981 1981 1981 1993 1993 1993 1993 1993 1993
    1993 2005 2005 2005 2005 2005 4522 4463 4463 4463 4522 4522 4522
    4522 4463 4463 4522 4522 4522 4522 4522 4463 4463 4463 4463 4522
    4522 4522 4522 4522 4522 4582 4582 4582 4522 4522 4522 4522 4708
    4582 4582 4582 0 1970 1970 1970 1959 1947 1947 1959 1959 1970 1970
    1970 1981 1981 1981 1981 1981 1993 1993 1993 1993 1993 1993 1993
    1993 2005 4463 4463 4522 4522 4522 4463 4463 4463 4522 4522 4522
    4522 4463 4463 4463 4463 4463 4522 4522 4522 4522 4522 4522 4582
    4582 4522 4522 4522 4522 4522 4708 4582 4582 4582 1947 1947 1947
    1947 1936 1936 1947 1947 1947 1947 1959 1959 1959 1959 1959 1970
    1970 1970 1981 1981 1993 1993 1993 1993 1993 1993 1993 2005 2005
    2005 4463 4463 4463 4463 4522 4522 4522 4463 4463 4463 4463 4463
    4522 4522 4522 4522 4522 4522 4522 4522 4522 4522 4522 4522 4522
    4463 4708 4582 4582 4582 0 1947 1936 1936 1926 1926 1936 1936 1936
    1936 1936 1936 1947 1947 1947 1947 1947 1947 1959 1959 1970 1970
    1970 1981 1981 1993 1993 1993 1993 1993 4463 4463 4463 4463 4463
    4463 4522 4463 4463 4463 4463 4463 4522 4522 4522 4522 4522 4522
    4522 4522 4522 4522 4522 4463 4463 4463 4708 4708 4708 0 0 1936 1926
    1926 1915 1915 1926 1926 1926 1926 1926 1936 1936 1936 1936 1947
    1947 1947 1947 1947 1959 1959 1959 1970 1970 1981 1981 1981 1981
    1993 1981 1981 4463 4463 4405 4405 4463 4463 4463 4463 4463 4463
    4522 4522 4522 4522 4522 4582 4522 4522 4522 4522 4522 4463 4463
    4463 4708 4708 4708 0 1936 1936 1904 1904 1904 1904 1915 1915 1915
    1915 1915 1926 1926 1936 1936 1936 1936 1936 1936 1936 1947 1947
    1947 1947 1959 1970 1959 1959 1970 1970 1970 1981 1970 1970 1981
    4405 4463 4463 4463 4463 4463 4463 4522 4522 4522 4522 4522 4582
    4522 4522 4522 4463 4463 4463 4463 4463 4645 4645 4645 0 1904 1904
    1894 1894 1894 1894 1904 1904 1904 1904 1904 1915 1915 1926 1926
    1926 1926 1926 1936 1936 1936 1936 1936 1947 1947 1947 1947 1947
    1947 1959 1959 1970 1970 1970 1981 1993 1993 4463 4463 4463 4463
    4463 4522 4522 4522 4522 4522 4522 4522 4522 4463 4463 4463 4405
    4405 4463 4645 4645 0 1904 1894 1894 1894 1894 1894 1894 1894 1894
    1894 1904 1904 1904 1904 1915 1915 1915 1915 1926 1926 1926 1926
    1926 1936 1936 1947 1947 1947 1947 1947 1947 1947 1959 1970 1970
    1970 1970 1970 1970 1970 4463 4463 4463 4522 4463 4463 4522 4522
    4522 4522 4463 4463 4405 4405 4405 4405 4405 4645 1936 1936 1904
    1904 1894 1894 1894 1894 1894 1894 1894 1894 1894 1904 1904 1904
    1904 1904 1904 1904 1915 1915 1915 1915 1915 1926 1926 1936 1936
    1936 1936 1947 1947 1947 1947 1947 1947 1959 1959 1959 1959 1959
    1970 1970 1981 1993 4463 4463 4463 4463 4522 4522 4405 4405 4349
    4349 4349 4349 4405 1947 1936 1936 1915 1904 1894 1894 1894 1894
    1883 1883 1894 1894 1894 1894 1894 1894 1894 1894 1894 1904 1904
    1904 1904 1904 1904 1904 1915 1915 1915 1926 1926 1936 1936 1936
    1936 1947 1947 1947 1947 1947 1947 1947 1959 1970 1970 1981 4463
    4463 4463 4463 4522 4522 4349 4349 4349 4349 4349 4349 4405 1947
    1947 1936 1915 1904 1894 1894 1894 1894 1883 1883 1883 1873 1873
    1883 1883 1894 1894 1894 1894 1894 1894 1894 1894 1894 1894 1904
    1904 1904 1915 1915 1915 1926 1926 1926 1936 1936 1936 1936 1936
    1947 1947 1947 1959 1970 1970 1970 1970 4463 4463 4405 4405 4405
    4349 4349 4349 4349 4405 4405 4463 1936 1936 1926 1915 1904 1894
    1894 1894 1894 1883 1883 1873 1863 1863 1863 1863 1873 1873 1873
    1873 1873 1883 1883 1894 1894 1894 1894 1894 1904 1904 1904 1904
    1915 1915 1915 1915 1915 1926 1936 1936 1936 1936 1936 1947 1959
    1959 1959 1959 1959 1970 4405 4405 4405 4349 4349 4349 4349 4349
    4405 4463 1936 1926 1915 1915 1904 1894 1894 1894 1894 1883 1883
    1873 1863 1863 1863 1863 1863 1863 1863 1863 1873 1873 1883 1883
    1883 1883 1883 1894 1894 1894 1904 1904 1904 1904 1904 1904 1904
    1904 1915 1915 1926 1936 1936 1936 1947 1959 1959 1959 1959 1970
    1970 1970 4522 4405 4405 4349 4349 4349 4349 4463 1936 1926 1915
    1915 1904 1894 1894 1894 1894 1883 1883 1873 1863 1863 1863 1863
    1863 1863 1863 1863 1863 1873 1873 1873 1873 1873 1873 1873 1883
    1883 1883 1894 1894 1904 1904 1894 1894 1894 1904 1904 1915 1915
    1926 1936 1947 1947 1947 1947 1947 1959 1959 1959 1970 4522 4522
    4463 4349 4349 4349 4463 1926 1915 1915 1915 1904 1894 1894 1894
    1894 1894 1883 1883 1863 1863 1853 1853 1853 1853 1853 1853 1853
    1863 1863 1863 1863 1863 1863 1873 1873 1873 1883 1883 1894 1894
    1894 1894 1894 1894 1904 1904 1904 1904 1915 1915 1936 1936 1936
    1947 1947 1947 1947 1959 1959 1959 1959 1970 1970 4349 4463 4463
    1926 1915 1915 1915 1904 1894 1894 1894 1894 1894 1883 1883 1873
    1863 1853 1853 1853 1853 1853 1853 1853 1853 1853 1853 1853 1853
    1853 1863 1863 1873 1873 1873 1873 1883 1883 1894 1894 1894 1894
    1894 1894 1904 1904 1904 1915 1915 1926 1936 1936 1936 1947 1947
    1947 1947 1959 1959 1959 1959 4463 4463 1926 1926 1915 1915 1904
    1904 1894 1894 1894 1894 1883 1883 1873 1863 1863 1853 1853 1853
    1853 1853 1853 1853 1853 1853 1853 1853 1853 1853 1863 1863 1863
    1863 1863 1873 1873 1873 1873 1873 1883 1894 1894 1894 1894 1894
    1904 1904 1926 1926 1926 1936 1936 1947 1947 1947 1947 1947 1947
    1947 4522 4522 1936 1926 1915 1915 1915 1904 1894 1894 1894 1894
    1883 1883 1873 1863 1863 1863 1853 1853 1853 1853 1843 1843 1843
    1843 1843 1843 1843 1843 1853 1853 1853 1853 1863 1863 1863 1863
