<?xml version="1.0"?>
<opencv_storage>
<Depth10345 type_id="opencv-matrix">
  <rows>62</rows>
  <cols>100</cols>
  <dt>w</dt>
  <data>
    3816 3816 3816 3774 3774 3774 3774 3816 3816 3816 3774 3774 3774
    3774 3774 3732 3732 3732 3732 3732 3732 906 898 896 896 898 898 901
    901 901 901 901 901 901 898 898 898 3816 3774 3774 3774 3774 3774
    3732 3732 3732 3732 3732 3732 3732 3653 3614 3614 3614 3614 3614
    3614 3653 3692 3692 3692 3732 3732 3774 3774 3732 3614 3539 3468
    3365 3365 3365 3433 3468 2659 2639 2639 2618 2598 2579 2579 2579
    2579 2560 2560 2560 2560 2560 2541 2541 2541 2541 2522 0 2365 0 0
    2365 2349 2349 3774 3816 3816 3816 3816 3816 3816 3816 3816 3816
    3774 3732 3732 3732 3774 3774 3732 3732 3732 3732 903 901 898 896
    896 898 898 901 901 901 901 901 901 901 898 898 901 901 901 901 901
    3774 3774 3774 3732 3732 3732 3732 3732 3653 3614 3576 3576 3576
    3576 3576 3614 3653 3692 3692 3692 3732 3732 3774 3732 3653 3614
    3539 3468 3365 3365 3365 3433 3468 2659 2659 2639 2618 2598 2579
    2579 2579 2579 2560 2560 2560 2560 2560 2541 2541 2522 2522 2522 0 0
    0 0 2333 2333 2333 3774 3816 3816 3816 3816 3816 3816 3816 3816 3816
    3774 3732 3732 3732 3774 3774 3732 3732 906 906 903 901 898 898 898
    898 898 901 901 901 903 901 901 901 901 901 901 901 901 901 901 901
    901 901 898 898 3774 3732 3732 3653 3614 3576 3576 3576 3576 3576
    3614 3653 3692 3692 3692 3732 3732 3774 3732 3653 3614 3576 3503
    3468 3468 3468 3468 3468 2659 2639 2639 2618 2598 2579 2560 2560
    2560 2560 2560 2560 2560 2560 2560 2541 2503 2503 0 0 2415 0 0 0
    2333 2333 3774 3816 3816 3816 3816 3816 3816 3816 3816 3816 0 0 3816
    908 0 0 908 908 906 903 901 901 898 898 898 898 901 903 901 901 901
    901 901 901 901 901 901 901 901 901 901 901 901 901 898 898 901 901
    901 901 901 3576 3576 3576 3576 3576 3653 3653 3692 3692 3692 3732
    3774 3774 3774 3653 3614 3614 3576 3576 3576 3433 3433 3468 2659
    2639 2639 2618 2598 2579 2560 2560 2560 2560 2560 2560 2560 2560
    2560 2541 2503 2503 2415 2415 2415 2415 0 2301 2301 2301 3774 3774
    3732 3732 3774 3774 3774 3774 3774 3816 0 0 0 0 0 908 908 908 903
    901 901 898 898 898 898 898 901 903 903 901 901 898 898 901 901 901
    901 901 901 903 903 901 901 901 898 898 901 901 901 901 901 901 898
    898 896 896 898 3692 3732 3732 3732 3774 3774 3774 3774 3653 3614
    3614 3576 3576 3576 3433 3433 3468 2659 2639 2618 2618 2598 2560
    2560 2560 2560 2560 2560 2560 2560 2560 2560 2541 2541 2485 2415
    2415 2415 2415 0 2301 2301 2301 3774 3774 3732 3732 3774 3774 3774
    3774 3774 3816 0 0 0 0 0 0 908 908 903 901 901 898 898 898 898 898
    898 901 901 901 898 898 898 901 901 901 901 901 901 901 903 901 901
    901 901 901 901 901 901 901 901 898 898 898 896 896 898 898 898 898
    898 898 898 898 3774 3732 3653 3614 3614 3614 3468 3468 3468 3468
    2659 2618 2618 2618 2598 2560 2541 2541 2541 2560 2560 2560 2541
    2541 2560 2541 2541 2467 2450 2415 2415 2432 2432 0 2286 2286 3774
    3732 3732 3732 3732 3774 3774 3774 3774 3816 0 0 0 0 0 918 913 910
    908 903 901 901 901 898 898 898 898 901 901 898 898 898 898 901 901
    901 898 898 898 898 898 901 901 901 901 901 901 901 901 901 901 898
    898 898 898 898 898 898 898 898 898 898 898 898 898 898 898 898 901
    901 3468 3468 3468 3468 3433 2598 2598 2618 2598 2560 2541 2541 2541
    2560 2541 2541 2541 2541 2522 2522 2522 2467 2450 2432 2432 2432
    2432 0 2286 2286 3774 3732 3732 3732 3732 3774 3774 3774 3816 3903 0
    0 0 0 920 918 918 913 908 903 901 901 901 898 898 898 898 901 901
    898 898 898 898 901 901 901 898 898 896 896 896 898 898 898 898 898
    898 898 898 898 901 898 898 901 901 901 901 901 901 901 898 898 898
    898 898 898 898 898 901 901 901 901 898 898 901 2598 2598 2618 2598
    2579 2541 2541 2541 2560 2541 2541 2541 2541 2503 2503 2503 2450
    2432 2415 2398 2381 2381 2381 2286 2286 3732 3732 3732 3732 3732
    3774 3774 3774 0 0 0 0 0 0 920 918 918 915 913 913 901 901 898 898
    898 898 898 901 901 898 898 898 898 898 901 901 898 898 896 896 896
    898 898 898 898 898 896 896 896 896 898 898 901 901 901 901 901 901
    901 901 898 898 898 898 898 898 898 898 901 901 901 901 898 898 901
    901 903 903 2541 2541 2541 2541 2541 2560 2541 2541 2541 2541 2503
    2503 2503 2432 2415 2415 2398 2381 2381 2381 2286 2286 3732 3732
    3732 3732 3732 3732 3732 0 0 0 0 0 0 0 920 918 918 918 918 913 901
    898 898 896 896 898 898 901 901 898 898 898 898 898 898 898 898 898
    896 896 896 898 898 898 898 898 896 896 896 896 898 898 901 901 901
    901 901 901 901 901 901 901 901 901 901 901 901 901 903 903 901 901
    901 901 901 903 903 903 903 2541 2541 2541 2541 906 903 898 896 894
    894 894 894 2432 2415 2415 2415 2415 2415 2271 2271 2271 3732 3732
    3732 3732 3732 3732 3732 0 0 0 0 0 0 0 920 920 920 923 923 910 901
    898 898 896 896 898 898 898 898 898 898 898 898 898 898 898 898 898
    898 898 898 901 901 898 898 898 896 896 896 896 898 898 901 901 901
    898 898 898 898 901 898 898 898 898 901 903 903 903 903 903 903 901
    901 903 903 903 903 903 903 901 901 903 901 901 898 898 896 894 894
    894 894 901 896 896 901 898 898 2271 2271 2271 3732 3732 3732 3732
    3692 3692 0 0 0 0 0 0 0 0 0 0 0 925 923 901 898 898 898 898 898 898
    898 898 898 898 898 898 898 898 896 896 898 898 898 898 901 901 901
    901 901 901 898 898 898 898 898 898 898 898 901 898 898 898 898 901
    898 898 896 896 901 903 903 903 903 901 901 901 901 901 903 903 903
    903 903 901 901 903 901 901 898 898 896 896 896 896 901 901 896 896
    901 898 898 901 2286 2286 3732 3732 3692 3692 3692 3692 0 0 0 0 0 0
    0 0 0 0 0 0 928 901 898 898 898 898 898 898 898 896 896 898 898 898
    898 898 896 896 898 898 898 898 898 898 898 901 901 901 898 898 898
    898 898 898 898 898 898 898 898 898 898 901 898 898 896 896 898 901
    901 901 901 901 901 898 898 901 903 903 906 903 903 903 903 903 903
    901 901 898 896 896 896 898 901 901 896 896 898 898 896 896 896 896
    3692 3732 3692 3692 3692 3692 0 0 0 0 0 0 0 0 0 0 0 0 903 898 898
    898 898 898 898 898 898 896 896 896 896 896 898 898 896 896 898 898
    898 898 898 898 898 898 898 898 898 898 898 898 898 898 898 898 898
    898 898 901 901 901 898 898 896 896 898 901 901 898 898 901 901 898
    898 898 898 901 901 903 903 903 901 901 901 901 901 901 901 898 898
    901 901 901 901 901 898 898 896 896 896 901 3692 3732 3732 3692 3692
    0 0 0 0 0 0 0 0 0 0 0 0 0 901 898 896 896 896 896 898 898 898 896
    896 896 896 896 898 898 898 898 898 898 898 898 898 898 898 898 898
    898 901 901 901 898 898 898 898 898 898 898 898 901 898 898 898 898
    896 896 898 898 898 898 898 898 901 898 898 898 898 898 898 901 901
    901 901 898 898 898 898 901 903 903 903 903 903 903 903 901 901 901
    898 898 898 898 3732 3653 3653 3692 3692 0 0 0 0 0 0 0 0 0 0 0 0 0
    901 898 896 894 894 894 896 898 898 898 898 898 896 896 898 898 898
    898 898 898 898 898 898 896 896 898 898 898 901 901 901 898 898 898
    898 898 898 898 898 898 898 898 898 898 898 898 901 898 898 898 898
    898 901 901 901 898 898 898 898 898 901 901 901 898 898 898 898 901
    903 903 903 903 903 903 901 901 901 901 901 901 901 898 3732 3653
    3653 0 0 0 0 0 0 0 0 0 0 0 0 0 0 0 898 896 894 894 894 894 894 896
    896 898 898 898 896 896 896 898 898 898 898 898 898 898 898 896 896
    896 896 896 898 898 901 898 898 898 898 898 898 898 898 898 898 898
    898 898 898 898 901 901 898 898 898 901 903 901 901 898 898 898 898
    898 901 901 901 901 901 898 898 903 901 901 901 901 901 901 898 898
    898 901 901 901 901 901 3692 3692 3692 0 0 0 0 0 0 0 0 0 0 0 0 0 0 0
    894 894 894 894 894 894 894 896 896 898 898 898 896 896 896 898 898
    898 896 896 896 898 898 896 896 896 896 896 898 898 898 898 898 898
    898 898 898 898 898 898 898 898 898 898 898 898 901 901 898 898 901
    901 901 901 901 901 898 898 898 898 901 901 903 901 901 901 901 903
