<?xml version="1.0"?>
<opencv_storage>
<Depth16474 type_id="opencv-matrix">
  <rows>9</rows>
  <cols>24</cols>
  <dt>w</dt>
  <data>
    4708 4708 3732 3732 3774 3732 3732 3732 3692 3653 3653 3653 3692
    3692 3692 3692 3692 3653 3653 3653 3576 3576 3576 3614 3692 3692
    3732 3732 3774 3732 3732 3732 3732 3653 3653 3692 3692 3692 3692
    3692 3692 3653 3653 3653 3653 3653 3653 3653 3692 3692 3732 3774
    3774 3774 3732 3732 3732 3732 3692 3692 3692 3692 3692 3692 3692
    3653 3653 3653 3653 3653 3692 3692 3732 3732 3774 3774 3774 3774
    3732 3732 3732 3732 3692 3692 3692 3692 3732 3692 3692 3653 3653
    3653 3653 3653 3692 3692 3732 3774 3774 3816 3774 3774 3732 3732
    3692 3692 3692 3692 3692 3692 3692 3692 3692 3653 3653 3653 3653
    3653 3692 3692 3816 3774 3774 3774 3774 3774 3732 3732 3692 3692
    3692 3692 3692 3692 3692 3692 3692 3653 3653 3653 3653 3653 3692
    3692 3774 3774 3732 3732 3732 3732 3732 3732 3732 3732 3692 3692
    3692 3692 3692 3692 3692 3692 3692 3692 3692 3692 3732 3692 3774
    3774 2256 2256 2256 3732 3732 3732 3692 3692 3692 3692 3692 3692
    3732 3692 3692 3692 3692 3692 3692 3692 3732 3732 2271 2256 2256
    2241 2241 2241 3732 3732 3692 3692 3692 3692 3692 3732 3732 3732
    3653 3653 3692 3732 3774 3774 3732 3732</data></Depth16474>
</opencv_storage>
