<?xml version="1.0"?>
<opencv_storage>
<Depth14514 type_id="opencv-matrix">
  <rows>93</rows>
  <cols>54</cols>
  <dt>w</dt>
  <data>
    4911 4983 4983 4983 5056 1470 1470 1470 1470 1470 1470 5056 5056
    5056 5132 5210 5210 5210 5210 5210 5291 5291 5291 5291 5291 5291
    5291 5291 5210 5210 5291 5291 5210 5210 1376 1376 1365 1365 5210
    5132 5132 5132 5056 5056 5056 4983 4983 5056 5056 5056 5056 4842
    4842 4774 4911 4983 4983 4983 1464 1464 1464 1458 1445 1439 1439
    1439 1445 1439 1427 1421 1421 1404 1404 1421 1415 1410 1410 5291
    5291 1381 1381 1381 1376 1370 1365 1365 1365 1370 1370 1365 1359
    1359 1359 1354 1349 1349 1343 1343 5056 5056 5056 5132 5132 1398
    1398 1398 4708 4708 1477 1477 1470 1470 1458 1458 1458 1452 1445
    1439 1439 1439 1439 1427 1421 1421 1415 1404 1404 1415 1415 1404
    1398 1392 1381 1381 1381 1381 1376 1370 1365 1365 1365 1370 1365
    1365 1359 1349 1343 1343 1343 1343 1343 1343 1343 1343 1333 1349
    1398 1398 1398 1398 4708 4708 1477 1477 1470 1470 1458 1458 1452
    1452 1445 1445 1445 1445 1433 1427 1421 1421 1415 1415 1415 1415
    1410 1398 1398 1392 1381 1381 1381 1381 1381 1376 1370 1370 1370
    1370 1365 1365 1359 1349 1343 1343 1343 1338 1338 1338 1338 1333
    1333 1349 1381 1387 1392 1392 1392 4708 1470 1470 1470 1470 1464
    1464 1452 1452 1445 1445 1439 1439 1427 1427 1421 1421 1421 1421
    1415 1410 1404 1398 1398 1392 1381 1381 1381 1381 1381 1376 1370
    1370 1370 1365 1359 1359 1354 1354 1343 1343 1343 1338 1338 1338
    1338 1333 1333 1349 1376 1381 1387 1387 0 0 1445 1445 1470 1470 1464
    1464 1452 1452 1445 1445 1439 1433 1427 1427 1421 1421 1415 1415
    1415 1410 1404 1398 1398 1392 1392 1387 1381 1381 1376 1376 1370
    1370 1370 1365 1359 1359 1354 1354 1349 1343 1343 1338 1338 1338
    1338 1338 1338 1349 1365 1381 1387 1387 0 4708 1445 1445 1452 1464
    1464 1458 1452 1452 1445 1439 1439 1433 1427 1427 1421 1421 1415
    1415 1410 1410 1398 1398 1398 1398 1392 1387 1381 1381 1376 1376
    1370 1365 1365 1365 1365 1359 1354 1354 1349 1343 1343 1338 1338
    1338 1338 1338 1338 1354 1365 1381 1387 1387 0 4708 1445 1445 1452
    1464 1464 1458 1458 1445 1445 1439 1439 1433 1427 1427 1427 1421
    1415 1415 1404 1404 1398 1398 1398 1398 1392 1381 1381 1381 1376
    1376 1370 1365 1365 1365 1365 1359 1354 1349 1349 1343 1343 1338
    1338 1333 1333 1338 1338 1354 1370 1381 1381 1381 0 4708 1452 1452
    1452 1464 1464 1458 1458 1445 1445 1439 1439 1433 1427 1427 1427
    1421 1415 1415 1404 1404 1404 1404 1398 1398 1392 1381 1381 1376
    1376 1376 1376 1365 1365 1365 1365 1359 1354 1349 1349 1343 1343
    1338 1338 1333 1333 1338 1343 1359 1365 1381 1381 1381 0 4774 1464
    1464 1464 1464 1464 1458 1452 1445 1445 1445 1439 1433 1433 1427
    1421 1421 1421 1415 1410 1410 1404 1404 1398 1398 1387 1381 1381
    1376 1376 1376 1376 1365 1365 1365 1365 1359 1349 1349 1349 1343
    1343 1338 1333 1328 1328 1333 1338 1354 1365 1376 1376 1376 1370
    4842 1464 1464 1464 1464 1464 1458 1452 1452 1445 1445 1439 1433
    1433 1427 1421 1421 1421 1415 1410 1404 1404 1398 1398 1398 1387
    1381 1381 1381 1376 1376 1376 1365 1365 1365 1365 1359 1349 1349
    1349 1343 1343 1338 1333 1328 1328 1333 1338 1354 1365 1376 1370
    1370 1370 4842 1470 1470 1470 1470 1464 1458 1452 1452 1445 1439
    1439 1433 1427 1427 1421 1421 1421 1415 1410 1404 1404 1398 1398
    1392 1387 1381 1381 1381 1376 1376 1370 1365 1365 1365 1365 1359
    1354 1349 1349 1343 1343 1338 1333 1328 1328 1333 1338 1354 1365
    1376 1370 1370 1370 1370 0 1477 1470 1470 1464 1458 1452 1452 1445
    1439 1439 1433 1427 1427 1427 1421 1421 1415 1410 1404 1404 1398
    1398 1392 1381 1381 1381 1381 1376 1376 1370 1365 1365 1365 1365
    1359 1354 1349 1343 1343 1338 1338 1333 1328 1328 1333 1338 1349
    1365 1376 1376 1376 1376 4774 0 0 1470 1470 1464 1458 1452 1445 1445
    1439 1433 1427 1427 1427 1421 1421 1421 1415 1410 1404 1404 1398
    1398 1398 1381 1381 1381 1381 1381 1376 1376 1365 1365 1365 1365
    1365 1354 1349 1343 1343 1338 1338 1333 1322 1322 1333 1338 1349
    1365 1376 1376 1381 1381 4774 0 0 1477 1470 1470 1458 1452 1445 1445
    1439 1427 1427 1427 1427 1421 1421 1421 1415 1410 1404 1398 1398
    1398 1392 1387 1381 1381 1381 1376 1376 1376 1365 1365 1365 1365
    1365 1359 1349 1343 1343 1338 1338 1333 1322 1322 1333 1338 1343
    1359 1376 1381 1387 1387 4774 0 1477 1477 1470 1464 1458 1452 1445
    1445 1445 1427 1427 1427 1427 1421 1421 1421 1415 1410 1404 1398
    1398 1398 1392 1387 1381 1381 1381 1376 1376 1370 1365 1365 1365
    1359 1359 1359 1354 1349 1343 1338 1333 1333 1328 1328 1333 1338
    1343 1354 1381 1387 1387 1387 4774 0 1477 1477 1470 1464 1452 1452
    1445 1445 1439 1427 1427 1427 1427 1421 1421 1415 1410 1410 1404
    1398 1398 1398 1392 1387 1381 1381 1381 1376 1376 1370 1365 1365
    1365 1359 1359 1359 1354 1349 1343 1333 1333 1333 1328 1328 1333
    1338 1338 1354 1376 1387 1387 1387 4774 0 1464 1464 1464 1464 1452
    1452 1445 1445 1439 1433 1427 1427 1427 1427 1421 1415 1410 1410
    1404 1398 1398 1398 1392 1387 1387 1381 1381 1376 1376 1370 1365
    1365 1365 1359 1359 1359 1354 1349 1343 1333 1333 1333 1328 1328
    1333 1338 1338 1354 1370 1381 1387 1387 4774 0 1470 1464 1464 1458
    1452 1452 1445 1445 1439 1433 1427 1427 1427 1427 1421 1421 1415
    1410 1404 1398 1398 1398 1392 1387 1381 1381 1376 1376 1376 1370
    1365 1365 1365 1359 1359 1359 1354 1349 1343 1338 1333 1333 1333
    1333 1333 1338 1343 1354 1370 1381 1387 1387 4708 0 1470 1464 1464
    1458 1452 1452 1445 1445 1439 1433 1427 1427 1427 1427 1421 1421
    1415 1410 1404 1404 1398 1398 1392 1387 1381 1381 1376 1376 1376
    1376 1370 1365 1365 1365 1359 1354 1349 1349 1343 1338 1333 1328
    1328 1333 1333 1338 1343 1354 1365 1376 1381 1387 1387 0 1464 1464
    1464 1458 1452 1452 1445 1445 1439 1433 1427 1427 1427 1421 1421
    1421 1410 1410 1404 1404 1398 1398 1392 1392 1381 1381 1376 1376
    1370 1370 1370 1365 1365 1359 1354 1354 1343 1343 1343 1338 1333
    1328 1328 1328 1333 1338 1343 1354 1365 1376 1381 1387 1387 0 1470
    1470 1470 1458 1452 1452 1445 1445 1439 1433 1427 1427 1421 1421
    1421 1421 1410 1410 1404 1398 1398 1398 1392 1392 1381 1381 1376
    1376 1370 1370 1365 1365 1365 1359 1354 1349 1343 1343 1343 1338
    1333 1328 1328 1328 1328 1333 1343 1349 1365 1376 1381 1381 4582 0
    1470 1470 1470 1458 1452 1452 1445 1439 1439 1433 1427 1427 1421
    1421 1415 1415 1410 1404 1404 1398 1398 1398 1392 1392 1381 1381
    1376 1376 1370 1370 1365 1365 1365 1359 1354 1349 1349 1343 1343
    1338 1333 1328 1328 1328 1328 1333 1343 1349 1365 1376 1387 1387
    4582 0 1470 1470 1464 1452 1452 1445 1445 1439 1439 1433 1427 1427
    1421 1421 1415 1415 1410 1404 1398 1398 1398 1398 1392 1381 1381
    1376 1376 1376 1370 1365 1365 1365 1365 1354 1354 1349 1349 1343
    1343 1338 1333 1328 1322 1322 1333 1333 1343 1354 1365 1376 1387
    1387 4522 0 1470 1464 1464 1452 1452 1445 1445 1439 1433 1433 1427
    1427 1421 1421 1415 1415 1410 1404 1398 1398 1398 1398 1387 1381
    1381 1376 1376 1376 1370 1365 1365 1365 1365 1354 1354 1349 1349
    1343 1338 1338 1333 1328 1322 1322 1322 1322 1343 1354 1365 1376
    1387 1398 1398 0 1458 1458 1458 1452 1452 1445 1445 1439 1433 1433
    1427 1427 1421 1421 1415 1415 1410 1404 1398 1398 1398 1392 1387
    1381 1376 1376 1376 1376 1370 1365 1359 1359 1365 1359 1354 1349
    1343 1343 1338 1338 1333 1328 1328 1328 1322 1322 1338 1354 1365
    1370 1387 1398 1398 0 1458 1458 1458 1452 1452 1445 1445 1439 1439
    1433 1427 1427 1421 1421 1415 1415 1410 1404 1398 1398 1398 1392
    1387 1381 1376 1376 1376 1376 1370 1365 1359 1359 1365 1359 1354
    1349 1343 1343 1338 1333 1333 1328 1322 1322 1322 1322 1338 1354
    1365 1370 1381 1381 4645 0 1464 1464 1458 1452 1452 1445 1445 1439
    1439 1433 1427 1427 1421 1421 1415 1415 1404 1404 1404 1398 1398
    1387 1387 1381 1381 1376 1376 1370 1370 1365 1359 1359 1365 1359
