<?xml version="1.0"?>
<opencv_storage>
<Depth1501 type_id="opencv-matrix">
  <rows>95</rows>
  <cols>65</cols>
  <dt>w</dt>
  <data>
    3816 3816 3774 3774 3816 3816 3816 3816 3774 1001 1001 1004 1004
    1004 1004 1001 1001 1007 3614 3614 3614 3614 3614 3576 3576 3576
    3576 3539 3539 3503 3503 3503 3503 3503 3503 3468 3468 3468 3468
    3433 3399 3399 3399 3399 3399 3399 3365 3365 3333 3333 3333 3333
    3300 3269 3269 3269 3238 3208 3208 3238 3208 3208 3178 3149 3149 0 0
    3774 3774 3816 3816 3816 995 995 995 995 1001 1001 1001 1001 1001
    1001 1007 1010 1010 1010 3614 3614 3576 3576 3576 3576 3539 3539
    3539 3539 3503 3503 3503 3503 3503 3468 3468 3433 3433 3399 3399
    3399 3399 3399 3399 3365 3365 3365 3333 3333 3333 3300 3269 3269
    3269 3269 3238 3238 3238 3208 3208 3178 3149 3149 0 0 0 992 992 992
    992 992 992 995 995 998 998 1001 1001 1001 1001 1007 1010 1010 1010
    1013 1013 1016 1016 3614 3576 1022 1022 1022 1022 3539 3503 3503
    3503 3503 3468 3468 3433 3399 3399 3399 3399 3399 3365 3365 3365
    3365 3365 3333 3333 3333 3300 3269 3269 3269 3269 3238 3238 3238
    3208 3208 3178 3149 3149 0 0 0 1031 992 992 992 992 992 992 992 995
    998 998 1001 1001 1004 1007 1010 1010 1013 1013 1013 1016 1019 1019
    1022 1022 1022 1022 1022 1031 1034 1038 1038 1038 3503 3468 3433
    3399 3399 3399 3399 3399 3365 3365 3365 3365 3365 3333 3333 3333
    3300 3269 3238 3238 3238 3238 3238 3208 3208 3208 3178 3149 3149 0 0
    0 1031 1031 992 992 992 992 992 992 995 995 998 1001 1001 1004 1007
    1010 1010 1013 1013 1013 1016 1019 1019 1022 1025 1025 1028 1031
    1031 1034 1038 1038 1038 1038 1041 1044 1050 1050 1050 1054 1054
    1054 1054 1054 1063 1063 1070 1067 1067 3300 3269 3238 3238 3238
    3208 3208 3208 3208 3208 3178 3149 3149 0 0 1034 1031 1031 1031 992
    992 992 992 992 995 995 998 1001 1004 1004 1004 1007 1010 1013 1016
    1016 1016 1022 1022 1025 1025 1025 1028 1031 1031 1034 1038 1038
    1038 1038 1041 1044 1047 1050 1050 1050 1050 1054 1054 1054 1057
    1063 1067 1067 1067 1067 1067 1070 1073 1073 1077 1077 3208 3208
    3208 3208 3178 3149 0 0 1034 1031 1028 1028 992 992 992 992 992 995
    998 1001 1001 1004 1004 1004 1007 1010 1013 1016 1016 1016 1019 1022
    1025 1025 1025 1028 1028 1031 1034 1034 1038 1038 1041 1041 1044
    1047 1047 1050 1050 1050 1054 1054 1054 1057 1063 1067 1067 1067
    1067 1067 1070 1073 1073 1073 1077 1077 1077 1080 1080 3208 3178 0 0
    1034 1031 1028 1013 1001 992 992 992 992 995 998 1001 1001 1004 1004
    1007 1007 1013 1013 1016 1016 1016 1019 1019 1025 1025 1025 1028
    1028 1028 1034 1034 1038 1041 1041 1041 1044 1044 1047 1047 1050
    1050 1054 1054 1054 1057 1063 1063 1067 1067 1067 1067 1070 1070
    1073 1073 1077 1077 1077 1080 1080 1080 1080 0 0 0 1031 1028 1013
    1001 992 992 992 992 998 1001 1001 1001 1004 1004 1007 1007 1010
    1013 1013 1016 1016 1019 1019 1025 1025 1025 1028 1028 1028 1034
    1034 1038 1038 1041 1041 1044 1044 1047 1047 1050 1050 1054 1054
    1054 1057 1063 1063 1067 1067 1067 1067 1067 1070 1073 1073 1073
    1080 1080 1084 1080 1080 1080 0 0 0 1031 1022 1013 1001 992 992 992
    995 1001 1001 1001 1001 1004 1004 1007 1007 1010 1013 1013 1016 1016
    1019 1019 1022 1025 1025 1028 1028 1028 1034 1034 1038 1038 1041
    1041 1044 1044 1047 1047 1050 1050 1054 1054 1054 1057 1063 1063
    1067 1067 1067 1067 1067 1067 1070 1073 1073 1077 1077 1080 1080
    1080 1080 0 0 1038 1031 1022 1013 1004 992 992 992 995 998 1001 1001
    1001 1004 1004 1004 1007 1010 1010 1013 1016 1016 1019 1022 1022
    1025 1025 1028 1028 1028 1034 1034 1038 1038 1041 1041 1044 1044
    1044 1047 1050 1050 1054 1057 1060 1060 1063 1063 1063 1067 1067
    1067 1067 1067 1070 1070 1073 1077 1077 1080 1080 1080 1080 0 0 1038
    1031 1022 1013 1004 992 992 992 995 998 1001 1001 1001 1004 1004
    1004 1007 1010 1010 1013 1016 1016 1019 1022 1022 1025 1025 1028
    1028 1031 1034 1038 1038 1038 1041 1041 1041 1044 1044 1047 1050
    1050 1054 1057 1060 1060 1063 1063 1063 1067 1067 1067 1067 1067
    1070 1070 1073 1073 1077 1077 1080 1080 1080 0 0 1041 1031 1019 1013
    1001 992 992 995 998 998 1001 1001 1001 1004 1004 1007 1010 1010
    1013 1013 1016 1019 1019 1025 1025 1025 1028 1028 1028 1031 1034
    1038 1038 1038 1041 1041 1041 1044 1044 1047 1047 1050 1054 1057
    1057 1060 1063 1063 1067 1067 1067 1067 1067 1070 1070 1073 1073
    1073 1077 1077 1080 1080 1080 0 1054 1041 1034 1019 1013 1001 992
    992 995 998 998 998 1001 1001 1004 1004 1007 1010 1013 1013 1013
    1016 1019 1019 1022 1025 1025 1025 1028 1028 1031 1034 1038 1038
    1041 1041 1041 1041 1044 1044 1044 1047 1050 1054 1054 1057 1057
    1063 1063 1063 1067 1067 1067 1067 1070 1073 1073 1073 1073 1077
    1077 1077 1077 1077 0 1054 1044 1034 1022 1016 1001 992 992 995 998
    998 998 1001 1001 1004 1004 1007 1010 1013 1013 1013 1016 1016 1019
    1022 1025 1025 1025 1028 1028 1028 1031 1034 1038 1041 1041 1041
    1041 1044 1044 1044 1047 1050 1054 1054 1057 1057 1063 1063 1063
    1067 1067 1067 1067 1070 1073 1073 1073 1073 1073 1077 1077 1077
    1077 0 1054 1044 1034 1022 1016 995 992 992 992 995 995 998 1001
    1001 1004 1004 1007 1007 1010 1013 1013 1016 1016 1019 1019 1022
    1025 1025 1028 1028 1028 1031 1034 1038 1041 1041 1041 1041 1044
    1044 1047 1047 1050 1054 1054 1057 1060 1060 1063 1063 1067 1067
    1067 1067 1070 1073 1073 1073 1073 1073 1077 1077 1080 1080 1070
    1057 1044 1034 1022 1013 995 992 992 992 995 995 998 1001 1001 1004
    1004 1004 1007 1010 1013 1013 1016 1016 1019 1019 1022 1025 1025
    1025 1028 1028 1031 1034 1038 1038 1041 1041 1041 1044 1044 1047
    1047 1054 1054 1057 1057 1060 1060 1063 1063 1067 1067 1067 1067
    1070 1073 1073 1073 1073 1073 1077 1080 1080 1080 1070 1063 1044
    1034 1019 1013 995 992 992 992 995 995 998 1001 1001 1004 1004 1004
    1004 1010 1013 1013 1016 1016 1019 1022 1022 1025 1025 1025 1028
    1028 1034 1034 1038 1038 1038 1041 1044 1044 1044 1044 1047 1050
    1054 1054 1057 1060 1060 1063 1063 1067 1067 1067 1067 1070 1073
    1073 1073 1073 1077 1077 1080 1080 1080 1073 1070 1050 1050 1016
    1013 995 992 992 992 992 995 998 1001 1001 1004 1004 1004 1004 1010
    1013 1013 1016 1016 1019 1022 1022 1025 1025 1028 1028 1028 1034
    1034 1038 1038 1038 1041 1041 1044 1044 1044 1047 1050 1054 1054
    1057 1060 1060 1063 1063 1067 1067 1067 1067 1070 1073 1073 1073
    1073 1073 1077 1080 1084 1084 1073 1063 1054 1041 1016 1013 992 992
    992 992 992 995 998 1001 1001 1004 1004 1007 1007 1010 1013 1013
    1016 1016 1016 1022 1022 1025 1025 1028 1028 1031 1034 1034 1038
    1038 1038 1041 1041 1044 1044 1044 1047 1050 1054 1054 1054 1057
    1060 1063 1063 1067 1067 1067 1067 1070 1073 1073 1073 1073 1073
    1077 1077 1084 1084 1073 1060 1050 1041 1031 1004 992 992 992 992
    992 995 1001 1001 1001 1004 1004 1007 1007 1010 1013 1013 1013 1016
    1016 1022 1025 1025 1025 1028 1031 1031 1034 1034 1038 1038 1038
    1041 1041 1044 1044 1047 1047 1050 1054 1054 1054 1057 1060 1063
    1063 1067 1067 1067 1067 1067 1073 1073 1073 1073 1077 1077 1077
    1077 1080 1070 1060 1050 1038 1025 1004 992 992 992 992 995 998 1001
    1001 1001 1004 1004 1004 1007 1010 1010 1013 1013 1016 1016 1019
    1025 1025 1028 1028 1031 1031 1034 1034 1038 1038 1038 1041 1041
    1044 1044 1047 1047 1050 1054 1054 1054 1057 1060 1063 1063 1067
    1063 1063 1067 1067 1073 1073 1073 1073 1077 1077 1080 1080 1080
    1070 1060 1047 1034 1025 1004 992 992 992 992 995 998 1001 1001 1001
    1001 1004 1004 1004 1010 1010 1013 1013 1016 1016 1019 1025 1025
    1025 1028 1028 1031 1031 1034 1038 1038 1038 1041 1044 1044 1044
    1047 1047 1050 1050 1054 1054 1057 1060 1063 1063 1067 1063 1063
    1067 1070 1073 1073 1073 1073 1077 1077 1080 1080 1080 1070 1057
    1047 1031 1025 998 992 992 992 992 995 998 998 1001 1001 1001 1004
    1004 1004 1007 1010 1013 1013 1016 1019 1022 1025 1025 1025 1028
