<?xml version="1.0"?>
<opencv_storage>
<Depth7037 type_id="opencv-matrix">
  <rows>40</rows>
  <cols>47</cols>
  <dt>w</dt>
  <data>
    4774 4708 4708 4842 2116 2116 2116 2129 2129 2116 2116 4708 4645
    4645 4645 4645 4645 4645 4645 4645 4645 4582 4582 4582 4582 4582
    4645 4645 4645 4582 4582 4582 4522 4522 4522 4522 4463 4463 4463
    4463 4405 4405 4405 4463 4463 4463 4405 4708 4645 4645 4842 2116
    2116 2116 2129 2129 2116 2103 2103 4708 4708 4708 4708 4708 4708
    4708 4645 4645 4645 4582 4582 4582 4582 4645 4645 4582 4582 4582
    4582 4582 4582 4582 4522 4522 4463 4463 4463 4463 4463 4463 4463
    4463 4463 4463 4708 4645 4645 4645 2116 2116 2116 2116 2116 2116
    2103 2103 2090 2090 2090 2090 4708 4645 4645 4645 4645 4645 4645
    4582 4582 4645 4645 4645 4582 4582 4582 4582 4582 4582 4582 4582
    4522 4522 4463 4463 4463 4463 4463 4463 4463 4463 4463 4645 4645
    2103 2103 2103 2103 2103 2103 2103 2103 2103 2090 2090 2090 2090
    2090 2103 2103 4645 4645 4645 4645 4645 4645 4645 4645 4645 4645
    4582 4582 4582 4522 4522 4582 4582 4582 4522 4522 4522 4463 4463
    4463 4463 4463 4463 4463 4463 4645 4645 2103 2103 2103 2103 2103
    2103 2103 2090 2090 2090 2090 2090 2103 2103 2103 2103 2103 2090
    2090 2090 2090 2090 4645 4645 4645 4645 4645 4582 4582 4522 4522
    4582 4582 4582 4522 4522 4463 4463 4463 4463 4463 4522 4522 4463
    4463 4774 2103 2103 2103 2103 2103 2090 2090 2090 2078 2078 2090
    2090 2090 2090 2103 2103 2103 2103 2090 2090 2090 2078 2078 2078
    2078 4645 4645 4645 4645 4582 4582 4582 4582 4582 4582 4522 4522
    4463 4463 4463 4463 4463 4522 4522 4522 4522 4774 2103 2103 2103
    2103 2103 2090 2090 2078 2078 2078 2078 2090 2090 2090 2090 2090
    2090 2090 2090 2090 2090 2078 2078 2078 2078 2078 2065 2065 2065
    2065 2065 4582 4582 4582 4582 4522 4522 4522 4522 4463 4463 4522
    4522 4522 4522 4522 4842 2078 2078 2078 2090 2090 2090 2090 2078
    2078 2078 2078 2078 2090 2090 2078 2078 2078 2078 2078 2078 2078
    2078 2078 2078 2078 2078 2065 2065 2065 2065 2065 2065 2065 4645
    4582 4582 4582 4582 4522 4463 4463 4522 4522 4522 4522 4522 2103
    2103 2078 2078 2090 2090 2090 2078 2078 2078 2078 2078 2078 2078
    2078 2078 2078 2078 2078 2078 2078 2078 2078 2078 2078 2078 2078
    2078 2078 2078 2065 2065 2065 2065 2065 4645 4582 4582 4582 4522
    4463 4463 4522 4522 4522 4522 4522 2103 2090 2078 2078 2078 2078
    2078 2078 2078 2078 2078 2078 2078 2078 2078 2078 2078 2078 2078
    2078 2078 2065 2065 2078 2078 2078 2078 2078 2078 2078 2078 2065
    2065 2065 2065 2078 2078 2078 2065 2065 4522 4522 4522 4522 4522
    4522 4522 2103 2090 2078 2078 2078 2078 2078 2065 2065 2065 2065
    2078 2065 2065 2065 2065 2078 2078 2065 2065 2065 2065 2065 2065
    2065 2065 2065 2065 2065 2065 2065 2065 2065 2065 2065 2065 2065
    2065 2053 2053 2065 2065 4522 4522 4522 4522 4522 2103 2103 2103
    2090 2090 2078 2078 2065 2065 2065 2065 2065 2065 2065 2065 2065
    2065 2065 2065 2065 2065 2065 2065 2065 2065 2065 2065 2065 2065
    2065 2065 2065 2065 2065 2065 2053 2053 2053 2053 2053 2065 2065
    2053 2053 2040 2040 4582 2103 2103 2116 2103 2103 2090 2078 2078
    2078 2078 2078 2065 2065 2065 2065 2065 2065 2065 2065 2065 2053
    2053 2053 2053 2053 2053 2053 2053 2053 2053 2053 2053 2053 2053
    2053 2053 2053 2053 2053 2053 2065 2053 2053 2053 2040 2040 2040
    2103 2103 2116 2116 2116 2116 2103 2090 2090 2078 2078 2078 2065
    2065 2065 2065 2065 2065 2065 2053 2053 2040 2040 2040 2040 2053
    2053 2053 2053 2053 2053 2053 2053 2053 2053 2053 2053 2040 2040
    2040 2053 2053 2053 2053 2040 2040 2040 2116 2116 2129 2129 2116
    2116 2116 2103 2103 2090 2078 2078 2078 2078 2078 2065 2065 2065
    2065 2053 2053 2040 2040 2040 2040 2040 2040 2040 2040 2040 2053
    2053 2040 2040 2040 2040 2040 2040 2040 2040 2053 2053 2040 2040
    2040 2040 2040 2129 2129 2143 2129 2116 2116 2116 2116 2103 2103
    2090 2090 2090 2078 2078 2078 2065 2065 2065 2053 2053 2053 2040
    2040 2040 2040 2040 2040 2040 2040 2040 2040 2040 2040 2028 2028
    2028 2028 2028 2028 2040 2040 2040 2040 2040 2040 2040 2170 2170
    2170 2156 2143 2129 2116 2116 2116 2116 2116 2103 2103 2090 2090
    2078 2078 2065 2065 2065 2065 2053 2053 2040 2040 2040 2040 2040
    2028 2028 2028 2040 2028 2028 2028 2028 2028 2028 2028 2028 2040
    2028 2028 2028 2028 2040 2040 2184 2184 2170 2170 2156 2129 2129
    2129 2116 2116 2116 2116 2116 2103 2103 2090 2090 2078 2078 2065
    2065 2065 2053 2053 2053 2053 2040 2040 2028 2028 2028 2028 2028
    2028 2028 2028 2016 2016 2028 2028 2040 2028 2028 2028 2028 2040
    2040 2184 2184 2184 2170 2170 2156 2143 2129 2129 2129 2116 2116
    2116 2116 2116 2116 2103 2103 2090 2078 2078 2065 2065 2065 2065
    2053 2040 2040 2040 2028 2028 2028 2028 2028 2028 2028 2016 2016
    2016 2016 2028 2028 2028 2028 2028 2028 2028 2184 2198 2184 2184
    2170 2170 2170 2156 2143 2129 2129 2129 2129 2129 2116 2116 2116
    2116 2103 2090 2078 2078 2078 2065 2065 2065 2053 2053 2040 2040
    2028 2028 2028 2028 2028 2028 2016 2016 2016 2016 2028 2028 2028
    2028 2028 2028 2028 2198 2198 2184 2184 2184 2170 2170 2170 2156
    2143 2143 2129 2129 2129 2129 2116 2116 2116 2103 2103 2078 2078
    2078 2078 2065 2065 2065 2065 2053 2053 2040 2040 2028 2028 2028
    2028 2016 2016 2016 2016 2028 2028 2028 2028 2028 2028 2028 2226
    2226 2212 2198 2184 2184 2170 2170 2170 2156 2156 2143 2143 2129
    2129 2129 2129 2129 2116 2103 2090 2090 2078 2078 2078 2078 2078
    2065 2065 2065 2053 2053 2040 2028 2028 2028 2016 2016 2016 2016
    2028 2028 2028 2028 2028 2028 0 2226 2226 2226 2212 2198 2184 2184
    2184 2170 2170 2170 2156 2156 2143 2129 2129 2129 2129 2116 2116
    2103 2103 2103 2090 2090 2078 2078 2078 2065 2065 2065 2065 2053
    2053 2040 2028 2028 2016 2016 2016 2028 2028 2028 2028 2028 2028 0
    2226 2226 2226 2226 2226 2198 2184 2184 2184 2184 2170 2170 2170
    2156 2156 2143 2129 2129 2129 2116 2116 2116 2103 2103 2103 2103
    2090 2078 2078 2065 2065 2065 2065 2053 2053 2028 2028 2028 2028
    2028 2040 2028 2028 2028 2028 0 0 2226 2226 2241 2241 2226 2212 2212
    2198 2184 2184 2184 2184 2184 2170 2170 2156 2143 2143 2143 2129
    2129 2116 2116 2116 2116 2116 2103 2103 2078 2078 2078 2065 2065
    2065 2065 2040 2040 2028 2028 2028 2040 2028 2028 2028 0 0 0 2286
    2241 2241 2241 2241 2226 2226 2212 2212 2198 2198 2184 2184 2184
    2170 2170 2156 2156 2156 2143 2143 2129 2129 2129 2116 2116 2116
    2116 2090 2078 2078 2078 2078 2065 2065 2053 2053 2040 2040 2040
    2040 2040 2028 2028 0 0 0 2286 2271 2256 2241 2241 2226 2226 2226
    2226 2226 2212 2198 2184 2184 2184 2184 2170 2170 2170 2156 2143
    2143 2143 2129 2129 2129 2116 2116 2103 2103 2090 2090 2090 2078
    2078 2065 2065 2053 2053 2053 2053 2053 2053 2053 0 0 0 2301 2286
    2271 2256 2256 2241 2241 2241 2241 2226 2226 2212 2198 2198 2184
    2184 2184 2184 2170 2170 2156 2156 2156 2143 2143 2129 2129 2116
    2116 2116 2116 2103 2103 2078 2078 2078 2078 2065 2065 2065 2065
    2065 2078 2078 0 0 0 5210 2286 2271 2271 2256 2241 2241 2241 2241
    2241 2226 2226 2212 2212 2198 2198 2184 2184 2184 2184 2170 2170
    2170 2170 2156 2143 2129 2129 2116 2116 2116 2116 2116 2103 2090
    2090 2078 2078 2078 2078 2090 2090 2090 2090 2116 2116 2143 5210
    5210 5291 5291 5291 5291 2241 2241 2241 2241 2241 2241 2241 2226
    2212 2212 2198 2198 2198 2184 2170 2170 2170 2170 2170 2156 2143
    2129 2129 2129 2129 2129 2116 2116 2103 2090 2090 2078 2078 2078
    2090 2090 2090 2090 2116 2116 2143 5210 5210 5291 5291 5291 5291
    5210 5210 5210 2241 2241 2241 2226 2226 2226 2226 2226 2226 2212
    2212 2184 2184 2184 2170 2170 2170 2156 2156 2143 2129 2129 2129
    2116 2116 2116 2103 2090 2090 2090 2090 2103 2090 2090 2090 2090
    4582 4582 5210 5210 5210 5291 5291 5291 5210 5210 5210 5210 2241
    2241 2226 2226 2226 2241 2226 2226 2226 2226 2212 2198 2198 2184
