<?xml version="1.0"?>
<opencv_storage>
<Depth13213 type_id="opencv-matrix">
  <rows>9</rows>
  <cols>32</cols>
  <dt>w</dt>
  <data>
    5640 5548 5548 5640 5640 5640 5640 5640 5640 5640 5548 4911 4911
    4842 4842 5291 5460 5460 5460 4842 4842 4708 4645 4645 4645 4708
    4708 4645 4582 4582 4522 4522 5640 4983 4842 4842 4842 4911 4911
    4842 4842 4842 4774 4774 4842 4842 4774 4774 4774 4774 4774 4774
    4774 4645 4645 4645 4645 4645 4708 4645 4582 4582 4522 4522 4983
    4983 4842 4842 4842 4842 4842 4842 4842 4774 4774 4774 4774 4774
    4774 4774 4774 4708 4708 4708 4645 4645 4645 4645 4645 4645 4645
    4645 4582 4582 4582 4582 4983 4842 4842 4842 4842 4842 4842 4842
    4842 4774 4774 4774 4774 4774 4774 4774 4774 4708 4708 4708 4645
    4645 4645 4645 4645 4645 4582 4582 4582 4582 4582 4582 4983 4842
    4842 4842 4842 4842 4842 4842 4842 4774 4774 4774 4774 4774 4774
    4774 4774 4774 4774 4774 4645 4645 4582 4582 4582 4582 4582 4582
    4582 4582 4582 4582 4983 4911 4842 4842 4842 4842 4842 4842 4842
    4774 4774 4774 4774 4774 4774 4774 4774 4774 4774 4774 4645 4645
    4582 4582 4582 4582 4582 4582 4582 4582 4582 4582 4842 4842 4842
    4842 4842 4842 4842 4842 4774 4708 4708 4708 4774 4774 4774 4774
    4774 4774 4774 4774 4708 4645 4582 4582 4582 4582 4582 4645 4645
    4708 4708 0 4842 4842 4842 4842 4842 4842 4842 4842 4774 4708 4645
    4645 4774 4774 4774 4774 4774 4774 4774 4708 4708 4708 4582 4582
    4582 4582 4582 4645 4645 5460 5460 0 4842 4842 4911 4911 4842 4842
    4842 4842 5832 4645 4645 4582 4582 4774 4774 4774 4774 4774 4774
    4708 4708 4708 5460 5460 5460 5460 5374 5291 5460 5460 5460 5460</data></Depth13213>
</opencv_storage>
