<?xml version="1.0"?>
<opencv_storage>
<Depth4947 type_id="opencv-matrix">
  <rows>50</rows>
  <cols>27</cols>
  <dt>w</dt>
  <data>
    4089 4089 4089 4041 4041 4041 4041 4089 4089 4089 4089 4089 4089
    4089 4089 2016 2016 2016 2005 1993 1981 1959 1959 4041 3994 3994
    3994 4089 4089 4089 4089 4089 4041 4041 4089 2005 1993 1993 1993
    2005 2005 1993 1993 2016 1993 1993 1981 1981 1959 1959 1959 4041
    4041 4041 4089 4089 4089 2078 2078 2053 2028 2028 2005 1993 1993
    1993 2005 1993 1993 1993 1993 1993 1993 1981 1981 1970 1970 1981
    4089 4089 4041 2143 2143 2129 2078 2078 2053 2028 2028 2016 2005
    1993 1993 1993 1993 1993 1981 1981 1981 1981 1981 1981 1981 1981
    1981 4089 4041 4041 2143 2143 2129 2116 2078 2040 2028 2016 2005
    2005 1993 1993 1993 1993 1993 1981 1981 1981 1981 1981 1981 1981
    1981 1981 4041 4041 4041 2170 2143 2129 2116 2078 2040 2028 2016
    2005 2005 1981 1981 1981 1981 1993 1981 1981 1981 1981 1981 1993
    1993 1993 2005 4041 4041 4041 2170 2143 2129 2116 2090 2065 2040
    2028 2016 2005 1981 1981 1981 1981 1993 1981 1981 1981 1981 1981
    1993 1993 1993 2005 4041 4041 3994 2170 2143 2129 2116 2090 2078
    2053 2028 2005 2005 1993 1993 1981 1981 1981 1981 1981 1981 1981
    1981 1993 1993 1993 2016 4041 4041 3994 2184 2156 2129 2116 2103
    2078 2053 2040 2005 1993 1993 1993 1981 1981 1981 1981 1981 1993
    1981 1981 1981 1981 1981 1981 1981 4041 4041 2184 2170 2143 2116
    2103 2090 2053 2040 2016 1993 1993 1993 1981 1981 1981 1981 1993
    1993 1981 1981 1981 1981 1981 1981 1981 4041 4041 2184 2184 2156
    2129 2103 2090 2065 2028 2005 1993 1993 1981 1981 1981 1981 1981
    1981 1981 1981 1981 1981 1981 1981 1981 1981 4041 4041 2184 2184
    2156 2129 2103 2090 2065 2028 2005 1993 1981 1981 1981 1981 1981
    1981 1981 1981 1981 1981 1981 1981 1981 1981 1981 4041 4041 2198
    2184 2156 2129 2103 2090 2078 2040 2016 1993 1981 1981 1981 1981
    1981 1993 1993 1993 1993 1993 1993 1981 1981 1981 1981 4041 4041
    2184 2170 2156 2129 2103 2090 2065 2040 2016 1993 1993 1993 1981
    1981 1981 1981 1981 1993 1993 1993 1993 1981 1981 1981 1981 4041
    4041 2184 2170 2156 2129 2103 2090 2065 2040 2028 2005 1993 1981
    1981 1981 1981 1981 1981 1993 1993 1993 1981 1981 1981 1970 1970
    4041 4041 2198 2170 2156 2129 2116 2090 2065 2040 2028 2005 1993
    1981 1981 1981 1981 1981 1981 1993 1993 1993 1981 1981 1981 1970
    1970 4041 4041 2198 2184 2156 2143 2129 2103 2078 2040 2028 2005
    1981 1981 1981 1981 1981 1981 1981 1981 1981 1981 1981 1981 1981
    1970 1970 4041 4041 4041 2184 2170 2156 2129 2103 2078 2040 2028
    1993 1981 1981 1981 1981 1981 1981 1981 1981 1981 1981 1981 1981
    1981 1970 1970 4041 4041 2184 2184 2170 2156 2129 2103 2078 2040
    2028 1993 1993 1981 1981 1981 1981 1981 1981 1981 1981 1981 1981
    1981 1981 1970 1970 4041 4041 2184 2170 2170 2156 2129 2103 2078
    2053 2028 1993 1993 1981 1981 1981 1993 1981 1981 1981 1981 1981
    1993 1993 1981 1981 1981 4041 4041 2184 2170 2170 2156 2129 2103
    2078 2053 2028 2005 1993 1993 1981 1981 1981 1981 1993 1981 1981
    1981 1993 1981 1981 1981 1981 4041 4041 2198 2170 2170 2143 2129
    2116 2078 2065 2040 2016 1993 1993 1981 1981 1981 1981 1993 1981
    1981 1981 1981 1981 1970 1970 1970 4041 3994 2212 2184 2170 2143
    2129 2116 2090 2065 2040 2016 1993 1993 1993 1993 1993 1993 1993
    1993 1981 1981 1981 1981 1970 1970 1970 3994 3994 2212 2184 2170
    2143 2129 2116 2090 2065 2028 2005 1993 1993 1993 1993 1993 1993
    1993 1993 1981 1981 1981 1981 1970 1970 1970 3994 3994 2212 2184
    2170 2156 2143 2116 2090 2078 2028 2005 1993 1993 1981 1981 1993
    1993 1993 1993 1981 1981 1981 1981 1970 1970 1970 3948 3948 4139
    2198 2170 2156 2143 2116 2090 2078 2028 2005 1993 1981 1981 1981
    1981 1981 1981 1981 1981 1981 1981 1981 1970 1970 1970 3948 3948
    4139 4139 2170 2156 2143 2129 2090 2078 2028 2005 1993 1981 1981
    1981 1981 1981 1981 1981 1981 1981 1981 1981 1981 1970 1970 1970
    3948 4139 4139 2170 2156 2156 2129 2103 2078 2040 2016 1993 1981
    1981 1981 1981 1981 1981 1981 1981 1981 1981 1981 1981 1970 1970
    3948 3948 4139 4139 2170 2156 2156 2129 2103 2078 2040 2016 1993
    1981 1981 1981 1981 1981 1981 1981 1981 1981 1981 1981 1981 1970
    1970 1981 3948 4139 4139 2170 2156 2156 2129 2103 2065 2040 2016
    1993 1981 1981 1981 1981 1981 1981 1981 1981 1981 1981 1981 1981
    1970 1970 1981 3994 4041 4041 2170 2170 2156 2129 2116 2065 2040
    2016 1993 1981 1981 1981 1981 1981 1981 1981 1981 1981 1981 1981
    1981 1981 1981 1981 1981 4041 4041 2170 2170 2170 2129 2116 2065
    2040 2016 1993 1993 1981 1981 1981 1981 1981 1981 1981 1981 1981
    1981 1981 1981 1981 1981 1981 4041 4041 2170 2170 2170 2143 2116
    2065 2040 2016 1993 1981 1981 1981 1981 1981 1981 1981 1981 1981
    1981 1981 1981 1981 1981 1981 1981 4041 4041 2170 2170 2170 2143
    2129 2065 2040 2016 1993 1981 1981 1981 1981 1981 1981 1981 1981
    1981 1981 1981 1981 1981 1981 1981 1981 4041 4041 2170 2170 2170
    2143 2129 2078 2040 2028 2005 1993 1981 1981 1981 1981 1981 1981
    1981 1981 1981 1981 1981 1981 1981 1981 1981 4041 4041 4041 2170
    2170 2143 2103 2090 2065 2040 2005 1993 1981 1981 1981 1981 1981
    1981 1981 1981 1981 1981 1981 1981 1981 1981 1981 4089 4041 4041
    2170 2170 2156 2103 2090 2078 2040 2016 1993 1993 1981 1981 1981
    1981 1981 1981 1981 1981 1981 1981 1981 1981 1981 1981 4041 4041
    4041 2170 2170 2156 2116 2090 2065 2040 2016 2005 1993 1981 1981
    1981 1981 1981 1981 1981 1981 1981 1981 1981 1981 1981 1981 4041
    3994 3994 2170 2170 2156 2116 2090 2053 2028 2016 1993 1993 1981
    1981 1981 1981 1981 1981 1981 1981 1981 1981 1981 1981 1981 1981
    4041 3994 3994 2170 2170 2156 2116 2090 2053 2028 2016 1993 1993
    1993 1981 1981 1981 1981 1981 1981 1981 1970 1970 1970 1981 1981
    1981 4041 3994 3994 2170 2170 2156 2116 2090 2053 2040 2016 2005
    1993 1993 1993 1981 1981 1981 1981 1981 1981 1970 1970 1970 1970
    1970 1970 4041 3994 3994 2170 2170 2170 2116 2090 2053 2040 2016
    2005 1993 1981 1981 1981 1981 1970 1970 1981 1981 1970 1970 1970
    1970 1970 1970 4041 3994 3994 2170 2170 2170 2103 2078 2065 2040
    2016 2005 1993 1981 1981 1981 1981 1970 1970 1981 1981 1981 1981
    1970 1970 1959 1959 4041 4041 3994 2184 2184 2170 2103 2078 2065
    2053 2028 2016 1993 1981 1981 1981 1981 1970 1970 1981 1981 1981
    1981 1981 1970 1959 1959 4041 4041 3994 2184 2184 2198 2198 2078
    2053 2040 2028 2016 1993 1981 1981 1981 1970 1970 1970 1970 1970
    1970 1970 1970 1970 1959 1959 4041 4041 4041 4041 4041 4041 2053
    2053 2053 2040 2028 2016 1993 1981 1981 1981 1970 1970 1970 1970
    1970 1970 1970 1970 1970 1959 1959 4041 4041 4041 4041 4041 4041
    4089 4089 2040 2040 2016 2005 1993 1981 1981 1981 1970 1970 1970
    1970 1970 1959 1959 1970 1970 1959 1959 4089 4041 4041 4041 4041
    4041 4089 4089 2040 2040 2016 2005 1993 1981 1981 1970 1970 1970
    1970 1970 1970 1959 1959 1970 1970 1970 1959 4089 4041 4041 4041
    4041 4041 4041 4089 4089 4190 2005 2005 1981 1981 1981 1970 1970
    1970 1970 1970 1981 1981 1981 1981 1970 1970 3948 4089 4041 4041
    4041 4041 4041 4041 4089 4190 4190 4190 4190 1981 1981 1970 1959
    1959 1947 1947 1981 1981 1981 1981 1981 3948 3948 3948</data></Depth4947>
</opencv_storage>
