<?xml version="1.0"?>
<opencv_storage>
<Depth4465 type_id="opencv-matrix">
  <rows>5</rows>
  <cols>53</cols>
  <dt>w</dt>
  <data>
    0 0 0 0 0 0 4708 4708 0 4582 4349 4349 0 0 0 0 4842 4708 4708 4708
    4708 4645 4645 4708 0 0 0 4708 4645 4645 4774 0 4842 4842 4842 4774
    4708 4708 4708 4708 4774 4842 4842 4842 4842 4911 4911 4911 5056
    4983 4983 4911 4911 4582 4582 4582 4645 4645 4582 4582 4522 4522
    4582 4405 4405 4645 0 4708 4708 4645 4645 4645 4645 4645 4645 4645
    4708 4774 4774 4774 4708 4708 4708 4708 4708 4774 4774 4774 4774
    4708 4708 4708 4708 4774 4842 4842 4774 4774 4911 4911 4911 4983
    4983 4983 4911 4911 4582 4582 4582 4582 4582 4522 4522 4522 4522
    4582 4522 4522 4645 4645 4645 4645 4645 4645 4645 4645 4645 4645
    4645 4708 4774 4774 4774 4708 4708 4708 4708 4708 4774 4774 4774
    4774 4774 4708 4708 4774 4842 4842 4842 4774 4774 4911 4911 4911
    4911 4911 4911 4911 4911 4582 4582 4582 4582 4522 4522 4522 4582
    4582 4582 4582 4645 4645 4582 4582 4582 4582 4645 4645 4645 4645
    4645 4645 4708 4708 4708 4708 4708 4708 4708 4708 4708 4774 4774
    4774 4774 4774 4911 4911 4911 4911 4911 4911 4842 4842 4842 4911
    4911 4911 4911 4911 4842 4842 4582 4582 4582 4582 4522 4522 4522
    4582 4582 4582 4582 4582 4582 4582 4582 4582 4582 4645 4645 4645
    4645 4645 4645 4708 4708 4708 4708 4708 4708 4708 4708 4842 4774
    4774 4774 4842 4911 4911 4911 4911 4911 4911 4911 4842 4842 4842
    4911 4911 4911 4983 4983 4842 4842</data></Depth4465>
</opencv_storage>
