<?xml version="1.0"?>
<opencv_storage>
<Depth10549 type_id="opencv-matrix">
  <rows>109</rows>
  <cols>68</cols>
  <dt>w</dt>
  <data>
    4349 4349 4349 4349 4349 4349 4349 4405 4405 4405 4349 4349 4405
    4405 4405 4522 4582 4582 4582 4582 4645 4645 4645 4645 4645 4645
    4645 4645 4645 4645 4708 4774 4774 4774 4842 4842 4842 4774 4774
    4708 4708 4708 4708 1016 1016 1016 1016 1013 1013 1019 1019 1016
    1010 1007 1007 1007 1004 1001 1001 998 998 998 0 0 4708 4463 4463
    4842 4349 4349 4349 4349 1044 1044 1044 4405 1041 1041 4463 4463
    4405 4405 4405 4582 4582 4645 4645 4645 4645 4645 4645 4645 4645
    4645 4645 4645 4645 4645 4708 4842 4842 4842 4842 1019 1019 4842
    4842 4708 1013 1013 1013 1013 1013 1013 1013 1010 1010 1013 1013
    1010 1007 1004 1004 1004 1004 1004 1001 998 998 998 0 0 0 4463 4463
    4842 4295 4295 4349 4295 1044 1044 1044 1041 1041 1041 1041 1041
    1041 1038 1038 1034 1031 1031 1028 1025 1025 1025 1022 1022 1025
    1025 1025 1025 1025 1022 1022 1022 1022 1019 1019 1019 1016 1016
    1013 1013 1013 1013 1013 1013 1013 1010 1010 1007 1007 1010 1010
    1010 1007 1004 1004 1004 1004 1004 1001 998 998 998 0 0 0 0 0 0 4295
    4295 4349 4295 1044 1041 1041 1041 1041 1038 1038 1038 1038 1038
    1034 1034 1031 1031 1028 1025 1025 1022 1022 1022 1022 1022 1022
    1022 1019 1019 1019 1022 1019 1013 1013 1016 1016 1013 1013 1010
    1010 1013 1010 1010 1010 1010 1007 1004 1004 1007 1007 1007 1004
    1004 1004 1004 1004 1004 1001 998 998 998 0 0 0 0 0 0 1038 1038 1038
    1038 1038 1038 1034 1034 1034 1038 1038 1038 1034 1034 1034 1034
    1031 1028 1028 1025 1025 1022 1022 1022 1022 1022 1022 1019 1016
    1016 1016 1016 1016 1013 1013 1013 1013 1013 1010 1010 1010 1010
    1010 1010 1010 1010 1007 1004 1004 1007 1004 1004 1004 1004 1004
    1004 1004 1004 1001 1001 1001 1001 0 0 0 0 0 0 1041 1038 1034 1034
    1034 1031 1031 1034 1034 1038 1034 1034 1034 1034 1034 1028 1025
    1025 1025 1025 1025 1022 1022 1019 1019 1022 1019 1019 1016 1016
    1016 1016 1016 1013 1013 1013 1013 1013 1010 1010 1010 1010 1010
    1010 1010 1010 1007 1004 1004 1007 1004 1004 1004 1004 1004 1004
    1004 1004 1004 1001 998 998 0 0 0 0 0 0 1034 1034 1034 1031 1031
    1031 1031 1031 1031 1034 1034 1031 1031 1028 1028 1028 1025 1025
    1025 1025 1025 1022 1022 1019 1019 1022 1019 1019 1016 1016 1016
    1016 1016 1016 1016 1013 1013 1013 1013 1013 1013 1013 1010 1010
    1010 1007 1007 1004 1004 1007 1004 1004 1004 1004 1004 1004 1004
    1004 1004 1001 998 998 0 0 0 0 0 0 1034 1034 1034 1031 1031 1031
    1031 1031 1031 1034 1034 1031 1031 1028 1028 1028 1025 1025 1025
    1025 1025 1022 1022 1022 1022 1022 1022 1022 1016 1016 1016 1016
    1016 1016 1016 1013 1013 1013 1013 1013 1010 1010 1010 1010 1010
    1007 1007 1004 1004 1007 1007 1004 1004 1004 1004 1004 1004 1004
    1004 1004 1001 1001 0 0 0 0 0 0 1034 1034 1034 1034 1031 1031 1031
    1031 1031 1031 1031 1031 1031 1028 1028 1028 1025 1025 1025 1025
    1025 1022 1022 1022 1022 1022 1022 1022 1019 1016 1016 1016 1016
    1016 1016 1016 1016 1013 1013 1013 1010 1010 1010 1010 1010 1007
    1007 1004 1004 1007 1007 1004 1004 1004 1004 1004 1004 1004 1004
    1004 1001 1001 1001 0 0 0 0 0 1034 1034 1034 1034 1031 1031 1031
    1031 1031 1031 1031 1031 1031 1028 1028 1028 1028 1025 1025 1025
    1025 1025 1025 1022 1022 1022 1022 1022 1019 1019 1016 1016 1013
    1013 1013 1013 1013 1016 1013 1013 1010 1010 1010 1010 1010 1007
    1007 1004 1004 1007 1007 1007 1004 1004 1004 1004 1004 1004 1004
    1004 1001 1001 1001 0 0 0 0 0 1034 1034 1034 1034 1034 1034 1031
    1031 1031 1034 1034 1031 1031 1031 1028 1028 1028 1025 1025 1025
    1025 1025 1025 1025 1025 1022 1022 1022 1019 1019 1016 1016 1013
    1013 1013 1013 1013 1013 1013 1013 1010 1010 1010 1010 1010 1007
    1007 1007 1007 1007 1007 1007 1007 1007 1004 1004 1004 1004 1004
    1001 1001 1001 1001 0 0 0 0 0 1034 1034 1034 1034 1034 1031 1031
    1031 1031 1034 1034 1034 1031 1031 1028 1028 1028 1025 1025 1025
    1025 1025 1025 1025 1025 1022 1022 1019 1019 1019 1019 1019 1016
    1016 1013 1013 1013 1013 1013 1013 1010 1010 1010 1010 1010 1010
    1010 1010 1010 1010 1010 1007 1007 1007 1007 1004 1004 1004 1004
    1001 1001 1001 1001 0 0 0 0 0 1034 1034 1034 1034 1034 1031 1031
    1031 1031 1034 1034 1034 1031 1031 1031 1028 1028 1028 1025 1025
    1028 1025 1025 1025 1025 1022 1022 1019 1019 1019 1019 1019 1019
    1016 1013 1013 1013 1013 1013 1013 1010 1010 1010 1010 1010 1010
    1010 1010 1010 1013 1010 1010 1007 1007 1007 1007 1004 1004 1004
    1004 1004 1004 1004 0 0 0 0 0 1034 1034 1034 1034 1034 1034 1031
    1031 1031 1034 1034 1034 1031 1031 1031 1031 1028 1028 1028 1028
    1028 1025 1025 1025 1025 1025 1022 1022 1022 1022 1022 1022 1019
    1016 1013 1013 1013 1013 1013 1013 1013 1013 1010 1010 1010 1010
    1010 1010 1010 1013 1010 1010 1010 1010 1007 1007 1004 1004 1004
    1004 1004 1004 1004 0 0 0 0 0 1034 1034 1034 1034 1031 1031 1031
    1031 1031 1034 1034 1034 1034 1034 1031 1031 1031 1028 1028 1028
    1025 1025 1025 1025 1025 1025 1022 1022 1022 1022 1022 1022 1022
    1019 1016 1013 1013 1016 1016 1013 1013 1010 1010 1010 1010 1010
    1010 1007 1007 1007 1007 1010 1010 1010 1007 1004 1004 1004 1004
    1004 1004 1004 1004 0 0 0 0 0 1038 1034 1034 1034 1031 1031 1031
    1031 1031 1034 1034 1034 1034 1034 1031 1031 1031 1028 1028 1028
    1025 1025 1025 1025 1025 1025 1022 1022 1022 1022 1022 1019 1019
    1019 1019 1016 1016 1016 1016 1013 1013 1010 1010 1010 1010 1010
    1010 1007 1007 1007 1007 1010 1010 1010 1007 1004 1004 1004 1004
    1004 1004 1004 1004 0 0 0 0 0 1034 1034 1034 1034 1031 1031 1031
    1031 1031 1034 1034 1034 1034 1034 1031 1031 1028 1028 1028 1028
    1025 1025 1025 1025 1025 1025 1022 1022 1022 1022 1022 1019 1019
    1019 1016 1016 1016 1016 1016 1016 1013 1013 1013 1013 1010 1010
    1010 1010 1010 1010 1010 1010 1010 1007 1007 1007 1004 1004 1004
    1004 1004 1004 1004 0 0 0 0 0 1034 1034 1034 1034 1034 1031 1031
    1031 1031 1034 1034 1034 1034 1034 1031 1031 1028 1028 1028 1028
    1025 1025 1025 1025 1025 1025 1022 1022 1022 1022 1022 1019 1019
    1019 1016 1016 1016 1016 1016 1016 1013 1013 1013 1013 1010 1010
    1010 1010 1010 1010 1010 1010 1010 1007 1004 1004 1004 1004 1004
    1004 1004 1004 1004 0 0 0 0 0 1034 1034 1034 1034 1034 1034 1034
    1034 1034 1034 1034 1034 1034 1031 1031 1031 1031 1028 1028 1028
    1025 1025 1025 1025 1025 1025 1022 1022 1022 1022 1022 1019 1019
    1022 1019 1016 1016 1016 1016 1016 1013 1013 1013 1013 1010 1010
    1010 1010 1010 1010 1010 1010 1010 1007 1004 1004 1004 1004 1004
    1004 1004 1004 1004 0 0 0 0 0 1038 1038 1034 1034 1034 1031 1031
    1031 1031 1034 1034 1034 1034 1031 1031 1031 1031 1031 1031 1028
    1028 1025 1025 1022 1022 1022 1022 1022 1022 1022 1022 1022 1022
    1022 1019 1016 1016 1016 1016 1016 1013 1013 1013 1013 1010 1010
    1010 1010 1010 1013 1010 1010 1010 1007 1007 1004 1004 1004 1004
    1004 1004 1001 1001 0 0 0 0 0 0 1038 1034 1034 1034 1031 1031 1031
    1031 1034 1034 1034 1034 1034 1034 1031 1031 1031 1031 1028 1028
    1025 1025 1022 1022 1022 1022 1022 1022 1022 1022 1022 1022 1022
    1019 1016 1016 1016 1016 1016 1013 1013 1013 1013 1010 1010 1010
    1010 1010 1010 1010 1010 1007 1007 1007 1004 1004 1004 1004 1004
    1004 1001 1001 0 0 0 0 0 0 1038 1038 1034 1034 1034 1034 1034 1034
    1034 1034 1034 1034 1034 1034 1031 1031 1028 1028 1028 1028 1028
    1025 1025 1025 1025 1022 1022 1022 1022 1022 1022 1022 1019 1016
    1016 1016 1016 1016 1016 1016 1013 1013 1013 1010 1010 1010 1010
    1010 1010 1010 1010 1007 1007 1007 1007 1004 1004 1004 1004 1004
    1001 1001 0 0 0 0 0 0 1038 1038 1034 1034 1034 1034 1034 1034 1034
    1034 1034 1034 1034 1031 1031 1031 1028 1028 1028 1028 1028 1025
    1025 1025 1025 1022 1022 1022 1022 1022 1022 1019 1016 1016 1016
    1013 1013 1016 1016 1016 1013 1013 1013 1013 1013 1010 1010 1010
