<?xml version="1.0"?>
<opencv_storage>
<Depth7409 type_id="opencv-matrix">
  <rows>37</rows>
  <cols>20</cols>
  <dt>w</dt>
  <data>
    5291 5291 5291 5291 2723 2701 2659 2659 5132 5132 5132 5132 5132
    5132 5132 5056 5056 5056 5056 4983 5291 5291 5291 5291 2723 2680
    2659 2659 5210 5210 5132 5132 5132 5132 5132 5132 5056 5056 5056
    4983 5291 5291 5374 5374 2723 2680 2659 2659 2659 5210 5210 5132
    5132 5132 5132 5132 5056 2522 2522 4983 5291 5291 5374 2723 2723
    2680 2659 2659 2659 5132 5132 5132 5132 5132 5132 5132 2541 2522
    2522 4911 5374 5374 2744 2723 2723 2701 2680 2680 4983 4983 2579
    2579 2579 5132 5132 5056 2541 2522 2522 2522 5374 5374 2701 2701
    2701 2659 2639 2618 2579 2560 2560 2560 2541 2541 2541 2541 2541
    2522 2522 2522 5291 5291 2701 2701 2701 2659 2618 2579 2560 2522
    2522 2522 2541 2541 2541 2541 2522 2522 2522 2522 5291 5210 2723
    2723 2701 2639 2598 2560 2522 2503 2503 2522 2522 2522 2522 2522
    2522 2503 2503 2522 5291 2723 2723 2723 2639 2618 2579 2560 2522
    2503 2503 2522 2522 2522 2522 2522 2522 2503 2503 2503 5291 2723
    2701 2680 2639 2598 2560 2541 2503 2485 2485 2503 2522 2522 2503
    2503 2522 2503 2503 2503 5291 2701 2680 2680 2618 2579 2522 2522
    2503 2485 2485 2503 2522 2522 2503 2503 2522 2503 2503 2503 5291
    2701 2680 2659 2598 2560 2522 2522 2503 2485 2485 2522 2522 2522
    2503 2503 2503 2503 2503 2503 5291 2680 2659 2639 2579 2541 2522
    2503 2503 2485 2485 2503 2503 2503 2503 2503 2503 2503 2503 2503
    5291 2659 2659 2639 2579 2541 2503 2503 2485 2485 2485 2503 2503
    2503 2503 2503 2503 2503 2503 2485 5291 2659 2659 2618 2579 2541
    2503 2503 2485 2485 2485 2503 2503 2503 2503 2503 2503 2503 2503
    2485 5291 2659 2659 2598 2560 2522 2503 2503 2485 2485 2485 2503
    2503 2503 2503 2503 2503 2503 2503 2503 2659 2659 2659 2598 2560
    2522 2503 2503 2485 2485 2485 2503 2503 2503 2503 2503 2503 2503
    2503 2503 2639 2639 2639 2579 2560 2522 2503 2503 2485 2467 2467
    2485 2503 2503 2503 2503 2485 2485 2485 2485 2639 2639 2639 2579
    2560 2522 2503 2485 2485 2467 2467 2485 2485 2503 2485 2485 2485
    2485 2485 2485 2659 2639 2598 2579 2560 2522 2503 2485 2485 2467
    2467 2485 2467 2467 2485 2485 2485 2485 2485 2485 2659 2639 2598
    2579 2560 2522 2503 2485 2485 2467 2467 2467 2467 2467 2485 2485
    2485 2485 2485 2485 2659 2639 2598 2560 2541 2503 2503 2485 2485
    2467 2467 2467 2467 2467 2485 2485 2485 2467 2467 2485 2639 2639
    2598 2560 2522 2503 2503 2485 2485 2467 2467 2485 2485 2485 2485
    2467 2467 2467 2467 2467 2639 2639 2579 2560 2522 2503 2485 2485
    2467 2467 2467 2485 2467 2467 2467 2467 2467 2467 2467 2467 2639
    2639 2579 2560 2522 2503 2485 2485 2467 2467 2467 2485 2467 2467
    2467 2450 2450 2467 2467 2467 2639 2618 2579 2560 2522 2503 2485
    2467 2467 2450 2450 2467 2467 2467 2467 2450 2450 2450 2450 2450
    2659 2598 2560 2541 2503 2503 2485 2467 2450 2450 2450 2467 2467
    2467 2467 2467 2467 2450 2450 4911 2659 2579 2560 2522 2503 2485
    2485 2450 2450 2432 2432 2450 2450 2467 2467 2467 2450 2450 2450
    4911 2639 2579 2560 2522 2503 2485 2467 2450 2432 2432 2432 2450
    2450 2450 2467 2450 2450 2450 2450 4911 2639 2560 2560 2522 2503
    2485 2467 2450 2432 2432 2432 2450 2450 2450 2450 2450 2450 2432
    2432 2432 2639 2560 2560 2522 2503 2485 2467 2450 2432 2432 2432
    2450 2450 2450 2450 2450 2450 2432 2432 2432 2639 2579 2541 2503
    2485 2467 2450 2432 2432 2432 2432 2450 2450 2450 2450 2450 2450
    2432 2432 2432 2618 2579 2522 2485 2467 2467 2450 2432 2432 2432
    2432 2450 2450 2450 2450 2450 2450 2432 2432 4774 2598 2560 2522
    2485 2467 2450 2450 2432 2432 2432 2432 2450 2450 2450 2450 2450
    2450 2450 2450 4774 2579 2560 2522 2485 2467 2450 2432 2432 2432
    2432 2432 2450 2450 2450 2450 2450 2450 2450 2450 4774 2560 2541
    2503 2485 2467 2450 2432 2432 2432 2432 2432 2432 2432 2432 2432
    2432 2432 2450 2450 4774 2560 2541 2503 2485 2467 2450 2432 2432
    2432 2432 2432 2432 2432 2432 2432 2432 2432 2432 2432 4774</data></Depth7409>
</opencv_storage>
