<?xml version="1.0"?>
<opencv_storage>
<Depth5040 type_id="opencv-matrix">
  <rows>82</rows>
  <cols>39</cols>
  <dt>w</dt>
  <data>
    4911 4911 4842 4842 4842 4842 4842 4774 4708 4708 4708 1785 1785
    1776 1776 1776 1766 1766 1766 1766 1766 4645 4645 4582 4522 4522
    4463 4463 4463 4463 4522 4522 4522 4522 4522 4463 4463 4463 4463
    4911 4911 4911 4842 4842 4842 4842 4842 4842 4842 1766 1766 1776
    1776 1776 1776 1766 1766 1766 1766 1776 4708 4645 4582 4582 4522
    4463 4463 4463 4463 4522 4522 4522 4522 4522 4463 4463 4463 4463
    4842 4911 4911 4911 4911 1794 1794 1794 1776 1776 1766 1766 1776
    1776 1776 1776 1766 1766 1766 1766 1776 1776 4645 4582 4582 4522
    4463 4463 4463 4463 4522 4522 4522 4522 4522 4463 4463 4463 4463
    1993 1993 1970 1813 1813 1794 1785 1776 1776 1776 1776 1776 1766
    1766 1776 1766 1766 1776 1766 1766 1776 1776 4645 4582 4522 4522
    4522 4463 4463 4463 4522 4522 4522 4463 4463 4463 4463 4463 4463
    1970 1970 1970 1813 1804 1785 1776 1776 1776 1766 1766 1766 1766
    1766 1776 1766 1766 1776 1766 1766 1766 1766 1766 4582 4522 4522
    4522 4463 4463 4463 4522 4522 4522 4463 4463 4463 4463 4463 4463
    1947 1947 1947 1813 1804 1776 1776 1766 1766 1766 1766 1766 1766
    1766 1766 1766 1766 1766 1766 1766 1766 1766 1766 1766 4463 4463
    4463 4463 4463 4463 4522 4522 4522 4463 4463 4463 4463 4463 4463
    1936 1915 1833 1813 1804 1776 1776 1766 1766 1766 1766 1766 1766
    1766 1766 1766 1766 1766 1766 1766 1766 1766 1766 1766 4463 4463
    4463 4463 4463 4463 4522 4522 4522 4522 4463 4463 4463 4463 4463
    1936 1915 1833 1813 1804 1776 1776 1766 1766 1766 1766 1766 1766
    1766 1766 1766 1766 1766 1766 1766 1766 1766 1757 1757 1757 4522
    4522 4463 4463 4463 4522 4522 4522 4522 4463 4463 4463 4463 4463
    1936 1915 1873 1823 1794 1776 1776 1766 1766 1766 1766 1766 1766
    1766 1766 1766 1766 1766 1766 1766 1766 1766 1757 1757 1757 4522
    4522 4463 4463 4463 4522 4522 4522 4522 4463 4463 4463 4463 4463
    1936 1915 1873 1833 1794 1776 1776 1766 1766 1766 1766 1766 1766
    1766 1766 1766 1766 1766 1766 1766 1766 1766 1757 1757 1757 4522
    4522 4463 4463 4463 4522 4522 4522 4522 4463 4463 4463 4463 4463
    1947 1926 1883 1853 1804 1785 1776 1766 1766 1766 1766 1766 1766
    1766 1766 1766 1766 1766 1766 1766 1766 1766 1766 1766 1766 4463
    4463 4463 4463 4463 4522 4522 4522 4522 4463 4463 4463 4463 4463
    1959 1936 1894 1863 1813 1804 1776 1766 1766 1766 1766 1766 1766
    1766 1766 1766 1766 1766 1766 1766 1766 1766 1766 1766 1766 4463
    4463 4463 4463 4463 4522 4522 4522 4463 4463 4463 4463 4463 4463
    1959 1947 1915 1873 1813 1804 1776 1766 1757 1757 1757 1766 1766
    1757 1757 1757 1757 1766 1766 1766 1757 1757 1757 1757 1757 4463
    4463 4463 4463 4463 4522 4522 4522 4463 4463 4463 4463 4463 4463
    1959 1947 1915 1853 1823 1804 1776 1766 1757 1757 1757 1766 1757
    1757 1757 1757 1757 1766 1766 1757 1757 1757 1757 1757 1776 1776
    4463 4463 4463 4463 4522 4522 4522 4463 4463 4463 4463 4463 4463
    1959 1947 1926 1853 1833 1813 1776 1757 1757 1757 1757 1766 1757
    1757 1757 1757 1757 1757 1757 1757 1757 1757 1757 1766 1766 1766
    1766 4463 4463 4463 4522 4522 4522 4522 4522 4463 4463 4463 4405
    1970 1959 1926 1883 1843 1823 1794 1757 1757 1757 1757 1757 1766
    1766 1766 1757 1757 1757 1757 1757 1757 1757 1757 1757 1766 1766
    1766 4463 4463 4463 4522 4522 4522 4522 4522 4463 4463 4463 4405
    1981 1970 1936 1894 1853 1833 1794 1766 1757 1757 1757 1757 1757
    1766 1766 1766 1757 1757 1757 1757 1757 1757 1757 1757 1739 1739
    1739 4463 4463 4463 4522 4522 4522 4522 4522 4522 4463 4463 4463
    1970 1970 1926 1894 1873 1843 1804 1776 1766 1757 1757 1757 1757
    1766 1766 1757 1757 1757 1757 1757 1757 1757 1757 1739 1739 1739
    1739 4463 4463 4463 4522 4522 4463 4463 4463 4463 4463 4463 4463
    4911 1926 1926 1904 1883 1843 1813 1776 1766 1766 1766 1766 1757
    1757 1757 1757 1748 1748 1757 1757 1757 1757 1757 1739 1739 1739
    1739 4463 4463 4463 4522 4522 4463 4463 4463 4463 4463 4463 4463
    4842 1936 1936 1926 1904 1853 1813 1794 1776 1766 1766 1766 1757
    1757 1757 1748 1748 1748 1757 1757 1757 1757 1757 1757 1757 1757
    1757 1757 4463 4463 4522 4522 4463 4463 4463 4463 4463 4463 4463
    4911 4911 1936 1926 1915 1894 1823 1804 1785 1776 1766 1757 1757
    1757 1748 1748 1748 1748 1757 1757 1748 1748 1757 1757 1757 1757
    1757 1757 4582 4582 4522 4522 4522 4463 4463 4463 4463 4463 4463
    4911 4911 1936 1936 1926 1904 1823 1804 1785 1776 1766 1757 1757
    1748 1748 1748 1748 1748 1748 1757 1748 1748 1757 1757 1757 1766
    1766 1766 4522 4522 4522 4522 4522 4463 4463 4463 4463 4463 4463
    4911 1981 1959 1936 1936 1904 1823 1804 1785 1776 1766 1757 1757
    1748 1748 1748 1748 1748 1748 1748 1748 1748 1748 1757 1757 1757
    1757 1757 4522 4522 4522 4522 4522 4522 4463 4463 4463 4463 4405
    4911 1981 1959 1936 1926 1904 1843 1804 1785 1776 1766 1757 1748
    1748 1748 1748 1748 1748 1748 1748 1748 1748 1748 1748 1748 1748
    1757 1757 4522 4522 4522 4522 4522 4522 4522 4463 4463 4463 4405
    4911 4911 4911 1936 1926 1904 1853 1813 1785 1776 1766 1757 1748
    1748 1748 1748 1748 1748 1748 1748 1748 1748 1748 1748 1748 1739
    1739 1739 4463 4463 4463 4522 4522 4522 4522 4463 4463 4463 4405
    4911 4911 4911 1936 1926 1915 1863 1833 1804 1776 1766 1757 1748
    1748 1748 1748 1748 1748 1748 1748 1748 1748 1748 1748 1739 1739
    1739 1748 1748 4463 4463 4522 4522 4522 4522 4522 4522 4463 4463
    4911 4911 4911 1926 1926 1915 1863 1843 1813 1785 1766 1757 1748
    1748 1739 1739 1739 1739 1739 1748 1748 1748 1748 1748 1739 1739
    1739 1739 1739 4522 4522 4522 4463 4463 4522 4522 4522 4463 4463
    4911 4911 4911 1926 1926 1915 1863 1843 1823 1794 1776 1757 1748
    1748 1739 1739 1739 1739 1739 1739 1748 1748 1748 1739 1739 1739
    1739 1739 1739 4522 4522 4522 4463 4463 4522 4522 4522 4463 4463
    4911 4842 4842 4842 1936 1936 1883 1853 1833 1804 1776 1757 1748
    1739 1739 1739 1739 1739 1739 1739 1748 1748 1748 1739 1739 1739
    1739 1739 1739 1739 4522 4522 4463 4463 4522 4522 4522 4463 4463
    4911 4842 4842 4842 1936 1936 1915 1883 1843 1804 1776 1766 1748
    1739 1739 1739 1739 1739 1739 1739 1748 1748 1748 1739 1739 1739
    1739 1739 1739 1739 4463 4463 4463 4463 4522 4522 4463 4463 4463
    4911 4842 4842 4842 4842 1936 1926 1894 1853 1813 1785 1766 1757
    1739 1739 1739 1739 1739 1739 1739 1739 1748 1748 1739 1739 1739
    1739 1748 1748 1748 4463 4463 4463 4463 4522 4522 4463 4463 4463
    4911 4842 4842 4842 4842 1936 1926 1894 1853 1823 1794 1776 1757
    1739 1739 1739 1739 1739 1739 1739 1739 1739 1739 1739 1739 1739
    1739 1748 1739 1739 4522 4522 4463 4463 4522 4463 4463 4463 4463
    4983 4911 4911 4911 4911 1936 1926 1904 1873 1833 1804 1776 1766
    1739 1739 1739 1739 1739 1739 1739 1739 1739 1739 1739 1739 1739
    1739 1748 1739 1739 1739 4522 4463 4463 4522 4463 4463 4463 4463
    4983 4983 4983 4983 4983 1926 1926 1904 1873 1843 1813 1785 1766
    1739 1739 1739 1739 1739 1739 1739 1739 1739 1739 1739 1739 1739
    1739 1748 1748 1739 1739 4522 4463 4463 4463 4463 4463 4463 4463
    4983 4983 4983 4983 4983 1926 1926 1904 1883 1853 1833 1804 1776
    1748 1739 1739 1739 1739 1739 1739 1739 1739 1739 1739 1739 1739
    1739 1748 1748 1739 1739 1739 4463 4463 4463 4463 4463 4463 4463
    4983 4983 4983 4983 4983 1947 1947 1915 1894 1863 1833 1804 1785
    1748 1739 1739 1739 1739 1739 1739 1739 1739 1739 1739 1739 1739
    1739 1748 1748 1748 1748 1748 4463 4463 4463 4463 4463 4463 4405
    4983 4983 4983 4983 4983 4983 1926 1926 1894 1873 1843 1804 1785
    1766 1739 1739 1731 1731 1739 1739 1739 1739 1739 1739 1739 1739
    1739 1748 1748 1748 1748 1748 4405 4405 4463 4463 4463 4463 4405
    4983 4983 4983 4983 4983 4983 1936 1936 1904 1883 1843 1813 1785
    1766 1739 1731 1731 1731 1739 1739 1739 1739 1739 1739 1739 1739
    1739 1748 1748 1748 1748 1757 4405 4405 4463 4463 4463 4463 4405
