<?xml version="1.0"?>
<opencv_storage>
<Depth1390 type_id="opencv-matrix">
  <rows>12</rows>
  <cols>53</cols>
  <dt>w</dt>
  <data>
    1883 1883 1883 1883 1883 1894 1894 2541 1873 1853 1853 1853 1853
    1853 1853 1853 1853 1863 1873 2560 1853 1853 1853 1853 1853 1843
    1843 1843 1843 2485 1853 1813 1804 1804 1813 1813 1823 1823 1823
    1823 1833 1843 1843 1843 2398 2398 2381 2365 2333 2317 1843 1843
    2349 1883 1883 1883 1883 1883 1883 1883 1873 1853 1853 1853 1853
    1853 1853 1853 1853 1853 1853 1853 1843 1843 1843 1843 1843 1853
    1843 1843 1833 1833 1843 1843 1813 1804 1804 1813 1813 1813 1813
    1823 1823 1833 1833 1833 1833 1833 1823 1813 1813 1813 1823 1823
    1823 2349 1873 1863 1863 1873 1863 1863 1863 1853 1853 1843 1843
    1843 1853 1843 1843 1843 1833 1833 1833 1833 1833 1833 1833 1833
    1843 1833 1833 1823 1813 1813 1823 1813 1813 1813 1813 1813 1813
    1813 1813 1813 1823 1823 1813 1813 1813 1813 1813 1813 1813 1813
    1804 1804 1804 1863 1863 1853 1853 1853 1853 1863 1853 1853 1833
    1833 1823 1823 1833 1823 1823 1823 1823 1813 1813 1813 1823 1823
    1813 1813 1813 1813 1813 1804 1804 1804 1804 1804 1804 1804 1813
    1813 1804 1804 1794 1794 1804 1794 1785 1785 1785 1785 1794 1794
    1794 1794 1794 1804 1843 1843 1843 1843 1843 1843 1843 1843 1833
    1813 1813 1823 1823 1823 1813 1813 1804 1804 1804 1804 1813 1813
    1804 1794 1785 1785 1785 1794 1785 1785 1785 1785 1794 1794 1794
    1804 1804 1794 1794 1785 1785 1785 1776 1776 1776 1776 1776 1776
    1776 1776 1766 1766 1766 1833 1833 1843 1843 1843 1843 1843 1843
    1813 1813 1794 1794 1804 1804 1804 1794 1785 1785 1776 1776 1785
    1785 1794 1785 1785 1785 1785 1785 1766 1766 1776 1776 1776 1776
    1757 1757 1757 1766 1776 1776 1776 1776 1766 1766 1766 1766 1776
    1766 1766 1766 1757 1748 1748 1813 1813 1843 1843 1843 1785 1776
    1776 1776 1785 1776 1776 1776 1776 1776 1766 1757 1757 1757 1757
    1757 1757 1757 1776 1776 1766 1757 1757 1748 1748 1757 1757 1748
    1739 1739 1731 1731 1739 1748 1766 1766 1766 1757 1757 1757 1757
    1766 1766 1766 1757 1757 1731 1731 1813 1813 1813 1804 1804 1776
    1776 1776 1776 1776 1776 1776 1776 1766 1766 1748 1748 1748 1748
    1748 1748 1739 1739 1757 1757 1748 1748 1748 1739 1739 1739 1731
    1731 1731 1731 1722 1722 1722 1731 1739 1705 1705 1713 1713 1722
    1739 1731 1731 1739 1739 1739 1731 1731 1813 1804 1804 1794 1776
    1776 1776 1776 1776 1776 1776 1776 1776 1766 1766 1748 1739 1739
    1748 1748 1722 1722 1731 1731 1739 1739 1731 1731 1731 1731 1731
    1731 1731 1731 1722 1722 1705 1705 1705 1696 1696 1696 1705 1705
    1705 1705 1713 1722 1731 1739 1739 1748 1748 1813 1804 1804 1794
    1776 1776 1776 1776 1776 1776 1776 1776 1776 1766 1766 1748 1739
    1739 1739 1739 1722 1722 1731 1731 1739 1739 1731 1731 1722 1722
    1722 1722 1722 1713 1713 1713 1705 1705 1705 1696 1696 1696 1705
    1705 1705 1705 1705 1705 1731 1739 1268 1268 1268 1813 1813 1804
    1804 1794 1785 1785 1776 1776 1776 1776 1776 1776 1776 1776 1766
    1739 1739 1739 1739 1739 1739 1757 1748 1748 1739 1731 1731 1722
    1722 1722 1722 1722 1713 1705 1705 1705 1705 1705 1705 1705 1705
    1705 1705 1705 1705 1705 1705 0 1268 1268 1268 1268 1833 1813 1813
    1813 1813 1804 1785 1785 1785 1776 1776 1776 1776 1776 1776 1766
    1757 1739 1739 1739 1739 1757 1757 1748 1748 1748 1739 1739 1731
    1731 1731 1731 1731 1713 1705 1705 1705 1705 1705 1705 1705 1713
    1713 1705 1705 1705 1713 0 0 0 1259 1259 1264</data></Depth1390>
</opencv_storage>
