<?xml version="1.0"?>
<opencv_storage>
<Depth19195 type_id="opencv-matrix">
  <rows>19</rows>
  <cols>41</cols>
  <dt>w</dt>
  <data>
    0 0 0 0 3503 3503 3468 3468 3503 3539 3539 3539 3539 3539 3539 3503
    3503 3576 0 0 0 0 0 0 0 0 0 0 0 0 0 0 0 0 0 0 0 0 0 0 0 0 0 0 0 3503
    3503 3468 3468 3503 3503 3503 3503 3503 3539 3539 3539 3539 3539 0 0
    0 0 3503 3503 0 0 0 0 0 0 0 0 0 0 0 0 0 0 0 0 0 0 0 0 0 3468 3468
    3468 3468 3503 3503 3503 3503 3503 3539 3539 3539 3539 3539 3576
    3576 3576 0 3503 3503 0 0 0 0 0 0 0 0 0 0 0 0 0 0 0 0 0 3333 3333
    3333 3333 3433 3433 3468 3503 3539 3539 3539 3539 3539 3539 3539
    3539 3576 3576 3576 3576 3576 3576 3503 3503 3539 3539 0 0 0 0 0 0 0
    0 0 0 0 0 0 0 0 3333 3333 3333 3333 3365 3365 3399 3399 3503 3539
    3539 3539 3539 3539 3539 3576 3576 3576 3576 3576 3576 3576 3539
    3539 3539 3503 3503 3539 3539 0 0 0 0 0 0 0 0 0 0 0 0 3399 3365 3365
    3433 3365 3365 3399 3399 3468 3539 3539 3576 3539 3539 3539 3576
    3576 3576 3576 3576 3576 3576 3576 3576 3576 3503 3503 3539 3539
    3614 3614 3539 3539 3653 0 0 0 0 0 0 0 3433 3399 3399 3433 3433 3433
    3433 3433 3468 3503 3539 3539 3539 3539 3539 3539 3539 3539 3576
    3576 3576 3576 3576 3614 3576 3576 3539 3539 3576 3614 3614 3539
    3539 3653 3692 3692 3692 0 0 0 3365 3468 3433 3433 3468 3468 3468
    3433 3433 3468 3503 3539 3539 3539 3539 3539 3539 3539 3539 3576
    3576 3576 3576 3576 3614 3614 3614 3614 3614 3614 3614 3653 3653
    3653 3653 3692 3692 3692 3692 3732 3732 3365 4582 4582 4582 4582
    3468 3468 3468 3468 3503 3503 3503 3503 3503 3539 3539 3539 3539
    3539 3576 3576 3576 3576 3576 3614 3614 3614 3614 3614 3614 3653
    3653 3653 3653 3692 3692 3692 3692 3692 3692 3653 3365 4645 4582
    4582 4582 4645 3503 3503 3503 3539 3539 3503 3503 3503 3539 3539
    3539 3539 3539 3576 3576 3614 3614 3614 3614 3614 3653 3653 3653
    3653 3653 3653 3653 3692 3692 3692 3692 3692 3692 3692 3653 3653
    4645 4645 4645 4645 4582 4582 4582 4582 4582 4582 3503 3468 3468
    3503 3539 3539 3539 3539 3576 3576 3614 3614 3614 3614 3614 3653
    3653 3653 3653 3653 3653 3692 3692 3692 3692 3692 3692 3692 3692
    3692 3692 4645 4645 4645 4645 4582 4582 4582 4582 4582 4582 4582
    3468 3468 3503 3539 3576 3576 3576 3576 3614 3614 3614 3614 3614
    3614 3653 3653 3653 3653 3653 3653 3692 3692 3692 3692 3692 3692
    3692 3692 3732 3732 4645 4645 4645 4645 4522 4522 4190 4190 4241
    4241 4522 4463 4463 3539 3539 3576 3576 3576 3576 3614 3614 3653
    3653 3614 3614 3653 3653 3653 3692 3692 3692 3692 3692 3692 3692
    3692 3692 3692 3692 3732 3732 4645 4645 4645 4645 4522 4522 4190
    4190 4241 4241 4522 4405 4349 4349 4349 4349 4405 3614 3614 3653
    3653 3692 3653 3653 3653 3653 3653 3692 3692 3692 3692 3692 3692
    3692 3692 3692 3692 3692 3692 3732 3732 4708 4645 4645 4645 4582
    4522 4522 4241 4241 4241 4582 4405 4349 4349 4349 4295 4295 4241
    4241 4190 4190 3732 3732 3732 3692 3692 3692 3692 3692 3692 3692
    3692 3692 3692 3692 3653 3653 3692 3692 3732 3732 4842 4842 4842
    4774 4708 4708 4645 4645 4582 4582 4582 4463 4349 4349 4349 4295
    4241 4241 4241 4190 4190 4190 4139 4139 4349 4349 3692 3692 3692
    3692 3692 3732 3732 3692 3692 3653 3653 3692 3692 3732 3732 4911
    4842 4842 4842 4842 4842 4708 4708 4708 4645 4645 4645 4582 4463
    4405 4295 4241 4241 4241 4241 4241 4190 4190 4241 4349 4295 4295
    4190 4041 3994 3994 3859 3774 3732 3692 3653 3653 3692 3692 3732
    3732 4983 4842 4842 4842 4842 4842 4774 4774 4842 4842 4911 4842
    4708 4708 4842 4295 4241 4241 4241 4241 4241 4190 4190 4241 4405
    4295 4295 4190 4190 4190 4139 4041 3816 3732 3692 3692 3692 3732
    3774 3774 3300 4983 4842 4842 4911 4911 4911 4842 4842 4911 4911
    4911 4911 4842 4842 4842 4842 4911 4774 4774 4911 4911 4911 4708
    4645 4645 4582 4582 4842 4774 4708 4708 4708 3816 3732 3732 3692
    3692 3732 3774 3774 3300</data></Depth19195>
</opencv_storage>
