<?xml version="1.0"?>
<opencv_storage>
<Depth5456 type_id="opencv-matrix">
  <rows>22</rows>
  <cols>40</cols>
  <dt>w</dt>
  <data>
    1141 1145 1145 1145 1145 1145 1161 1161 1161 1161 1165 1165 1165
    1165 1173 1173 2398 2398 2450 2450 2522 2522 2541 2560 2541 2541
    2579 2579 2579 2579 2579 2579 2579 2560 2560 2579 2598 2618 2639
    2659 1141 1145 1145 1153 1153 1157 1161 1161 1165 1169 1169 2398
    2398 2398 2398 2398 2398 2398 2432 2450 2467 2522 2541 2560 2579
    2579 2579 2579 2579 2579 2579 2579 2579 2579 2598 2598 2618 2639
    2639 2701 1141 2398 2398 2415 2415 1165 1165 1169 1169 2381 2365
    2365 2398 2398 2398 2398 2398 2398 2432 2450 2467 2503 2503 2579
    2579 2579 2579 2579 2579 2598 2579 2579 2598 2598 2598 2598 2618
    2639 2659 2701 2467 2398 2398 2415 2415 2415 2398 2381 2381 2381
    2365 2365 2381 2398 2398 2398 2415 2415 2450 2450 2467 2503 2503
    2560 2560 2560 2560 2579 2579 2579 2579 2579 2598 2598 2598 2598
    2618 2639 2680 3614 2467 2398 2398 2415 2398 2398 2398 2381 2381
    2398 2381 2381 2381 2398 2398 2398 2398 2398 2432 2450 2522 2541
    2541 2541 2541 2560 2560 2579 2579 2579 2579 2579 2598 2598 2598
    2598 2618 2639 2680 3614 2432 2432 2415 2415 2398 2398 2381 2381
    2381 2381 2381 2381 2381 2398 2398 2398 2398 2398 2432 2432 2522
    2560 2560 2541 2541 2541 2560 2560 2579 2579 2560 2560 2560 2560
    2598 2598 2618 2639 3576 3576 2485 2467 2432 2415 2415 2381 2381
    2381 2381 2381 2381 2381 2381 2398 2398 2398 2398 2415 2432 2432
    2522 2560 2560 2541 2541 2541 2541 2541 2560 2541 2541 2541 2560
    2560 2579 2598 2618 2618 2701 2701 2485 2467 2450 2432 2415 2381
    2381 2381 2381 2381 2381 2398 2398 2398 2415 2398 2398 2432 2432
    2432 2522 2560 2560 2541 2541 2541 2541 2522 2522 2522 2541 2541
    2560 2560 2579 2598 2618 2618 2680 2701 2485 2467 2450 2432 2415
    2381 2381 2381 2381 2381 2381 2398 2398 2398 2415 2398 2398 2432
    2450 2485 2522 2522 2560 2541 2541 2541 2541 2522 2522 2522 2541
    2541 2541 2560 2579 2598 2598 2618 2639 3576 2485 2450 2450 2432
    2415 2381 2381 2381 2381 2381 2381 2398 2398 2398 2415 2415 2432
    2432 2450 2485 2522 2522 2560 2541 2541 2522 2522 2522 2522 2541
    2541 2541 2541 2560 2579 2598 2598 2598 2598 3539 2432 2432 2432
    2415 2398 2381 2381 2381 2381 2381 2381 2398 2398 2398 2415 2415
    2432 2432 2450 2485 2522 2541 2560 2541 2541 2503 2503 2503 2541
    2541 2541 2541 2541 2560 2598 2598 2598 2598 2598 3539 2415 2415
    2415 2398 2398 2398 2398 2381 2381 2381 2381 2398 2398 2398 2398
    2415 2432 2432 2467 2503 2560 2560 2560 2541 2541 2503 2503 2503
    2541 2541 2541 2541 2541 2579 2579 2579 2560 2560 3576 3576 2415
    2415 2415 2398 2398 2398 2398 2381 2381 2381 2381 2398 2398 2398
    2398 2415 2415 2415 2450 2560 2579 2560 2560 2560 2560 2522 2522
    2522 2541 2541 2541 2579 2579 2579 2579 2579 2560 2560 3576 3576
    2432 2432 2432 2415 2398 2398 2398 2398 2398 2398 2398 2398 2398
    2398 2398 2398 2415 2415 2450 2579 2560 2560 2560 2560 2560 2522
    2522 2522 2541 2541 2541 2560 2560 2560 2560 2560 2579 3576 3576
    3576 2450 2450 2432 2415 2398 2398 2398 2398 2398 2415 2398 2398
    2398 2398 2398 2398 2415 2432 2432 2579 2560 2560 2522 2522 2541
    2541 2541 2541 2560 2560 2560 2560 2560 2560 2560 2560 3503 3503
    3539 3576 2450 2450 2432 2432 2415 2398 2398 2398 2398 2415 2398
    2398 2398 2398 2398 2415 2415 2432 2432 2560 2560 2560 2522 2522
    2541 2541 2541 2560 2579 2560 2560 2560 2560 2560 2579 3468 3468
    3503 3539 3576 2450 2450 2450 2450 2450 2432 2415 2415 2415 2415
    2415 2398 2398 2415 2415 2415 2415 2432 2432 2579 2560 2560 2541
    2541 2541 2541 2541 2560 2579 2560 2560 2560 2560 2579 2579 3468
    3468 3468 3503 3539 2467 2467 2450 2450 2450 2432 2415 2415 2415
    2415 2415 2398 2398 2415 2415 2415 2432 2467 2598 2579 2560 2560
    2541 2541 2541 2541 2541 2579 2579 2560 2560 2560 2560 2579 2598
    3468 3468 3468 3503 3539 2450 2450 2450 2450 2450 2432 2432 2415
    2415 2415 2415 2415 2415 2415 2415 2415 2432 2467 2560 2560 2541
    2522 2522 2522 2522 2522 2541 2579 2579 2541 2541 2560 2560 2579
    2598 3468 3468 3468 3503 3576 2450 2450 2450 2450 2450 2415 2415
    2398 2398 2398 2415 2398 2398 2432 2415 2415 2450 2522 2541 2541
    2522 2522 2522 2522 2522 2522 2541 2560 2560 2541 2541 2560 2579
    2598 2598 3468 3468 3503 3539 3576 2450 2467 2450 2450 2432 2415
    2415 2398 2398 2398 2398 2398 2398 2432 2432 2432 2467 2522 2522
    2541 2522 2522 2503 2503 2522 2522 2541 2560 2560 2541 2541 2560
    2579 2598 2598 3539 3539 3576 3576 3576 2467 2467 2450 2450 2432
    2415 2415 2398 2398 2398 2398 2398 2398 2432 2432 2450 2467 2522
    2522 2541 2522 2522 2503 2503 2522 2541 2541 2541 2560 2560 2560
    2579 2579 0 0 3539 3468 3468 3576 3503</data></Depth5456>
</opencv_storage>
