<?xml version="1.0"?>
<opencv_storage>
<Depth9168 type_id="opencv-matrix">
  <rows>19</rows>
  <cols>13</cols>
  <dt>w</dt>
  <data>
    7492 7492 5460 5460 5460 5460 5374 5291 5291 5210 5210 5132 5132
    7492 5291 5291 5460 5460 5460 5374 5374 5291 5210 5210 5132 5132
    7492 5291 5291 5460 5460 5460 5374 5374 5291 5291 5291 5210 5210
    7492 7492 5548 5460 5460 5374 5374 5291 5291 5291 5291 5291 5291
    7492 7492 5460 5460 5460 5374 5374 5291 5291 5291 5291 5291 5291
    7492 7492 5460 5460 5460 5374 5374 5291 5291 5291 5291 5291 5291
    7492 5460 5460 5460 5460 5374 5374 5291 5291 5291 5291 5291 5291
    5460 5460 5460 5460 5460 5374 5374 5291 5291 5291 5291 5291 5291
    5374 5374 5374 5374 5374 5374 5374 5291 5291 5291 5291 5291 5291
    5210 5291 5374 5374 5374 5374 5291 5291 5291 5291 5291 5291 5291
    5210 5291 5374 5374 5374 5374 5291 5291 5291 5291 5291 5291 5291
    5291 5460 5374 5374 5374 5374 5291 5291 5291 5291 5291 5291 5291
    5460 5460 5374 5374 5374 5374 5291 5291 5291 5291 5291 5291 7030
    5460 5460 5374 5374 5374 5374 5374 5374 5374 5291 5291 7030 7030
    7332 5460 5374 5374 5374 5374 5374 5291 5210 5210 5210 7030 7030
    7492 7492 5374 5374 5374 5374 5291 5291 5210 5210 5210 7030 7030
    7492 7660 5460 5374 5374 5291 5291 5291 5291 5291 5291 7030 7030
    7492 7660 5460 5374 5374 5291 5291 5291 5291 5291 5291 6889 6889
    5460 5460 5460 5460 5374 5374 5291 5291 5291 5291 6889 6889 6889</data></Depth9168>
</opencv_storage>
