<?xml version="1.0"?>
<opencv_storage>
<Depth0778 type_id="opencv-matrix">
  <rows>51</rows>
  <cols>75</cols>
  <dt>w</dt>
  <data>
    3365 3399 3365 3365 1529 1516 1503 1496 1496 1496 1496 1496 1496
    1496 1489 1489 1496 1496 1496 1503 1496 1496 3365 3399 3365 3365
    3333 3333 3365 3399 3399 3399 3365 3365 3365 3399 3365 3333 3333
    3333 3300 3300 3333 3333 3333 3300 3300 3269 3269 3300 3300 3300
    3300 3300 3300 3300 3300 3300 3333 3300 3238 3238 3238 3269 3269
    3269 3269 3269 3300 3300 3300 3300 3300 3300 3300 3365 3399 3399
    3399 1529 1516 1496 1496 1496 1489 1489 1489 1489 1489 1489 1489
    1496 1496 1496 1496 1496 1489 1489 1489 1489 1489 1496 1496 3365
    3399 1483 1483 1496 3365 1496 1489 1489 1489 1489 3333 3300 3300
    3333 1489 1489 1489 3300 3269 3269 3269 3269 3269 3269 3269 3269
    3300 3300 3300 3269 3269 3238 3238 3238 3269 3269 3269 3269 3269
    3269 3300 3300 3300 3300 3269 3269 3365 3399 3399 3399 3399 1496
    1496 1496 1496 1489 1489 1489 1489 1489 1489 1489 1489 1489 1489
    1489 1489 1489 1489 1489 1489 1489 1489 1483 1483 1483 1483 1483
    1489 1489 1489 1489 1489 1489 1483 1483 1483 1489 1489 1489 1489
    1489 1489 1489 3269 3238 3238 3269 3269 3269 3269 3300 3300 3300
    3269 3269 3238 3238 3238 3269 3269 3269 3269 3269 3269 3269 3269
    3269 3269 3269 3269 3365 3365 3399 3399 0 1496 1496 1489 1489 1483
    1483 1489 1489 1489 1489 1489 1489 1489 1489 1489 1489 1489 1489
    1489 1489 1489 1489 1483 1483 1483 1477 1477 1483 1483 1483 1489
    1489 1489 1483 1483 1483 1489 1489 1489 1489 1483 1477 1477 1483
    1489 1489 1483 1483 1483 1483 3300 3300 3269 3269 3269 3269 3238
    3238 3269 3269 3269 3269 3269 3269 3269 3269 3269 3269 3300 3300
    3333 3365 3399 3399 0 1489 1489 1489 1489 1483 1483 1483 1483 1483
    1489 1489 1483 1483 1483 1483 1489 1489 1489 1483 1483 1483 1489
    1483 1483 1483 1477 1477 1477 1483 1483 1489 1483 1483 1489 1489
    1489 1489 1489 1483 1483 1483 1477 1477 1483 1489 1489 1483 1483
    1483 1483 1483 1477 1477 3269 3269 1496 1496 1496 1489 1489 3269
    3269 3238 3238 3269 3269 3269 3269 3269 3300 3333 3365 3399 3399 0
    1489 1489 1483 1483 1483 1477 1477 1483 1483 1483 1483 1483 1483
    1477 1477 1483 1483 1483 1483 1483 1483 1483 1483 1477 1477 1477
    1477 1477 1477 1483 1483 1483 1483 1483 1483 1483 1483 1483 1483
    1483 1483 1477 1477 1483 1483 1483 1483 1483 1483 1483 1483 1477
    1477 1477 1477 1489 1489 1489 1489 1489 1489 1489 3238 3238 3269
    3269 3269 3269 3269 3300 3365 3365 3365 0 0 0 1483 1483 1483 1477
    1477 1470 1470 1470 1470 1470 1470 1477 1477 1477 1477 1477 1477
    1477 1477 1483 1477 1477 1470 1470 1470 1470 1470 1470 1470 1477
    1477 1477 1477 1477 1477 1477 1477 1477 1477 1477 1477 1477 1483
    1483 1483 1483 1483 1483 1483 1477 1477 1477 1477 1477 1483 1483
    1483 1483 1483 1483 1477 1477 1477 1477 3269 3300 3300 3300 3300
    3365 3365 3365 0 1464 1477 1477 1477 1477 1470 1470 1470 1470 1470
    1470 1470 1470 1470 1470 1470 1470 1470 1470 1470 1470 1477 1470
    1470 1470 1470 1470 1470 1470 1470 1470 1470 1470 1470 1470 1470
    1470 1470 1470 1470 1470 1477 1477 1477 1477 1477 1477 1477 1477
    1477 1477 1470 1470 1470 1470 1470 1477 1477 1477 1477 1477 1483
    1477 1477 1477 1477 1477 1477 3333 3333 3300 3365 3365 3365 0 1464
    1464 1464 1470 1470 1470 1470 1470 1470 1470 1470 1470 1470 1470
    1470 1470 1470 1464 1464 1464 1464 1470 1470 1470 1470 1470 1470
    1470 1470 1470 1470 1470 1470 1470 1470 1470 1470 1470 1470 1470
    1470 1470 1470 1470 1470 1470 1470 1470 1470 1470 1470 1470 1470
    1470 1470 1470 1470 1470 1477 1470 1470 1477 1483 1483 1483 1477
    1477 1477 3333 3333 3333 3365 3365 0 0 1464 1464 1464 1464 1464 1464
    1464 1464 1464 1464 1464 1464 1464 1464 1464 1464 1464 1464 1464
    1464 1464 1464 1464 1464 1464 1464 1464 1464 1464 1464 1464 1464
    1464 1470 1464 1464 1470 1470 1470 1470 1470 1470 1470 1470 1470
    1470 1470 1470 1470 1470 1470 1470 1470 1470 1470 1470 1470 1470
    1470 1470 1470 1470 1477 1477 1477 1477 1477 1477 3333 3333 3333
    3365 3365 3238 3238 1458 1458 1458 1464 1464 1464 1464 1464 1464
    1464 1464 1464 1464 1464 1464 1464 1464 1464 1458 1458 1458 1458
    1464 1464 1464 1464 1464 1464 1464 1464 1464 1464 1464 1464 1464
    1464 1464 1464 1470 1470 1470 1464 1464 1464 1464 1464 1464 1464
    1464 1464 1464 1464 1464 1470 1470 1470 1470 1470 1470 1470 1470
    1470 1470 1470 1470 1470 1470 1470 3333 3333 3333 3269 3238 3238 0
    1458 1458 1458 1464 1458 1458 1458 1458 1458 1458 1458 1464 1464
    1464 1464 1458 1458 1458 1458 1458 1458 1458 1464 1464 1464 1464
    1464 1464 1464 1464 1464 1464 1464 1464 1464 1458 1458 1458 1458
    1464 1464 1464 1464 1464 1464 1464 1464 1464 1464 1464 1464 1464
    1464 1464 1464 1470 1470 1470 1470 1470 1464 1464 1464 1464 1464
    1464 1464 1464 1464 3365 3365 3269 3238 3238 3238 1458 1458 1464
    1458 1458 1458 1458 1458 1458 1458 1458 1458 1458 1458 1458 1458
    1458 1458 1452 1452 1452 1452 1458 1458 1458 1458 1464 1464 1464
    1464 1464 1464 1458 1458 1458 1458 1458 1452 1452 1458 1458 1458
    1458 1458 1458 1464 1464 1464 1464 1464 1464 1458 1458 1464 1464
    1464 1464 1464 1464 1464 1464 1464 1464 1464 1464 1458 1458 1458
    1445 1445 3468 3365 3365 3365 1452 1452 1452 1458 1458 1452 1452
    1452 1452 1452 1452 1452 1452 1452 1452 1452 1452 1445 1445 1445
    1445 1452 1452 1452 1452 1452 1452 1452 1452 1452 1458 1458 1458
    1458 1458 1458 1452 1452 1452 1452 1452 1452 1452 1452 1452 1452
    1458 1458 1458 1458 1458 1458 1452 1452 1458 1458 1464 1458 1458
    1458 1464 1458 1458 1452 1452 1452 1445 1445 1445 1445 1445 3468
    3365 3365 3365 1445 1445 1445 1458 1458 1452 1452 1452 1452 1452
    1452 1452 1452 1445 1445 1445 1445 1445 1445 1445 1445 1445 1445
    1445 1445 1445 1445 1445 1445 1445 1445 1452 1452 1452 1452 1452
    1452 1452 1452 1452 1452 1452 1452 1452 1452 1452 1452 1452 1452
    1452 1452 1452 1452 1452 1452 1452 1452 1452 1452 1452 1458 1458
    1458 1452 1452 1452 1445 1445 1445 1445 3539 3468 3365 3365 3365
    1439 1439 1439 1452 1452 1445 1445 1445 1445 1452 1452 1452 1445
    1445 1445 1445 1445 1439 1439 1445 1445 1445 1445 1445 1445 1445
    1445 1445 1445 1445 1445 1445 1445 1445 1445 1445 1445 1445 1452
    1445 1445 1445 1445 1445 1445 1445 1445 1445 1445 1445 1445 1445
    1452 1452 1452 1452 1452 1452 1452 1452 1452 1445 1445 1445 1445
    1445 1445 1445 1445 3503 3503 3468 3365 3365 3365 1439 1439 1439
    1445 1445 1445 1445 1445 1445 1445 1445 1445 1445 1445 1445 1445
    1439 1439 1439 1445 1445 1445 1445 1445 1439 1439 1445 1445 1445
    1445 1445 1445 1445 1445 1445 1445 1445 1445 1445 1445 1445 1445
    1445 1445 1445 1445 1445 1445 1445 1445 1445 1445 1445 1445 1445
    1445 1445 1445 1452 1452 1445 1445 1445 1445 1445 1445 1445 1445
    1445 3433 3433 3433 3333 3365 3365 1439 1439 1439 1445 1439 1439
    1445 1445 1445 1445 1445 1445 1445 1445 1445 1439 1439 1439 1439
    1439 1445 1445 1439 1439 1439 1439 1445 1445 1445 1445 1445 1445
    1445 1439 1439 1439 1439 1445 1445 1445 1445 1445 1445 1445 1445
    1445 1445 1445 1445 1445 1445 1445 1445 1445 1445 1439 1439 1439
    1445 1445 1445 1445 1445 1445 1445 1445 1445 1445 1445 3433 3433
    3433 3333 3365 3365 1439 1439 1439 1439 1439 1439 1439 1439 1439
    1439 1439 1439 1439 1439 1445 1439 1439 1439 1439 1439 1439 1439
    1439 1439 1439 1439 1439 1439 1439 1439 1439 1439 1439 1439 1439
    1439 1439 1439 1439 1439 1439 1439 1439 1439 1439 1439 1439 1439
    1439 1439 1439 1439 1439 1439 1439 1439 1439 1439 1439 1445 1439
    1439 1439 1439 1439 1439 1439 1445 1445 3399 3399 3399 3333 3333
    1439 1433 1433 1433 1433 1433 1433 1439 1439 1439 1439 1439 1439
    1439 1439 1439 1439 1439 1433 1433 1433 1439 1439 1433 1433 1433
    1439 1439 1439 1439 1439 1433 1433 1433 1439 1439 1439 1439 1439
    1439 1439 1439 1439 1439 1439 1439 1439 1439 1439 1439 1439 1439
