<?xml version="1.0"?>
<opencv_storage>
<Depth1921 type_id="opencv-matrix">
  <rows>61</rows>
  <cols>75</cols>
  <dt>w</dt>
  <data>
    5056 5056 4983 4983 4842 4842 4842 4842 4983 1464 1452 1445 1439
    1439 1445 1445 1439 1439 1445 2933 2933 2933 2908 2908 2883 2883
    2883 2883 2883 2883 2859 2859 2859 2859 2859 4911 4911 4911 4911
    4911 4911 4911 4911 4911 4911 4842 4842 4842 4842 4842 4842 4842
    4842 4842 4842 4774 4774 4774 4774 4774 4774 4842 4842 4842 4774
    4774 4708 4708 4708 4708 4708 4774 4708 4708 4645 5132 5056 5056
    5056 4911 4911 4911 4911 1464 1464 1445 1445 1445 1452 1452 1445
    1439 1439 1439 1445 1445 1445 1433 1433 1433 2883 2883 2883 2883
    2883 2859 2859 2859 2859 2859 2859 4911 4911 4911 4911 4911 4911
    4911 4911 4911 4911 4842 4842 4842 4842 4842 4842 4842 4842 4842
    4842 4842 4842 4842 4842 4842 4842 4842 4842 4774 4774 4708 4708
    4708 4774 4774 4774 4708 4708 4708 5132 5132 5056 5056 5056 5056
    5056 0 1445 1445 1445 1445 1445 1445 1445 1439 1439 1439 1439 1439
    1439 1439 1433 1433 1433 1439 1439 2883 2883 2883 2883 2835 2835
    2835 2835 2835 2835 4983 4911 4911 4911 4911 4911 4911 4911 4911
    4911 4911 4842 4842 4842 4842 4842 4842 4911 4911 4911 4911 4911
    4842 4842 4842 4842 4842 4842 4774 4774 4708 4708 4774 4708 4708
    4708 4708 4708 5132 5132 5132 5132 5132 5132 0 1445 1445 1445 1439
    1439 1439 1439 1445 1439 1439 1439 1439 1439 1439 1439 1439 1439
    1439 1439 1439 1439 1415 1415 1445 1445 1445 1445 2835 2835 2835
    4911 4911 4911 4911 4911 4911 4911 4911 4911 4911 4911 4911 4911
    4911 4911 4842 4842 4911 4911 4911 4911 4911 4842 4842 4842 4842
    4774 4774 4774 4774 4774 4774 4774 4708 4708 4708 4708 4708 5132
    5132 5132 5132 5132 5132 0 1445 1445 1439 1439 1439 1439 1439 1439
    1439 1439 1439 1439 1439 1439 1439 1439 1439 1439 1439 1439 1439
    1415 1415 1445 1445 1445 1439 1439 1439 1439 1439 1445 1445 4911
    4911 4911 4911 4911 4911 4911 4911 4911 4911 4911 4911 4842 4842
    4911 4911 4911 4842 4842 4911 4842 4842 4842 4774 4774 4774 4774
    4842 4842 4774 4708 4708 4708 4708 4708 5132 5132 5132 5132 5132
    5132 0 1439 1439 1439 1439 1439 1439 1439 1439 1439 1439 1439 1439
    1439 1439 1439 1439 1439 1433 1433 1439 1439 1439 1439 1445 1445
    1445 1439 1439 1439 1439 1439 1439 1445 1445 1445 1439 1439 4911
    4911 4911 4911 4983 4983 4911 4911 4911 4911 4911 4911 4911 4842
    4842 4911 4911 4842 4842 4842 4842 4842 4842 4842 4842 4774 4708
    4708 4708 4708 4708 5132 5132 5056 5056 5132 5132 0 1439 1439 1439
    1433 1433 1433 1439 1439 1439 1439 1439 1439 1439 1439 1433 1433
    1433 1433 1433 1439 1439 1439 1439 1439 1439 1439 1439 1439 1439
    1439 1439 1439 1439 1439 1439 1439 1439 1445 1439 1439 1445 1439
    1439 4983 4983 4911 4911 4911 4911 4911 4911 4911 4911 4911 4911
    4842 4842 4842 4842 4842 4842 4842 4842 4774 4774 4708 4708 4708
    5132 5132 5056 5056 5132 5132 0 1439 1439 1433 1433 1433 1433 1439
    1439 1439 1439 1439 1439 1439 1433 1433 1433 1433 1433 1433 1439
    1439 1439 1439 1439 1439 1439 1439 1439 1439 1439 1439 1439 1439
    1439 1439 1445 1445 1445 1439 1439 1439 1439 1439 1439 1439 1439
    1439 1439 4911 4911 4911 4911 4911 4911 4911 4911 4911 4911 4911
    4911 4911 4842 4842 4842 4774 4708 4708 4708 5132 5132 5056 5056
    5056 5056 1439 1433 1433 1433 1433 1433 1433 1439 1439 1439 1439
    1439 1439 1433 1433 1433 1433 1433 1433 1433 1439 1439 1439 1439
    1439 1439 1439 1439 1439 1439 1439 1439 1439 1439 1439 1439 1439
    1439 1439 1439 1439 1439 1439 1439 1439 1439 1439 1439 1439 1439
    1439 1439 1439 4911 4911 4911 4911 4911 4911 4911 4911 4911 4842
    4842 4842 4842 4774 4774 4842 5132 5132 5056 5056 5056 0 1439 1439
    1433 1433 1433 1433 1433 1433 1433 1433 1433 1439 1433 1433 1433
    1433 1433 1433 1433 1433 1439 1439 1439 1439 1439 1439 1439 1439
    1439 1439 1439 1439 1439 1439 1439 1439 1439 1439 1439 1439 1439
    1439 1439 1439 1439 1439 1439 1439 1439 1439 1439 1439 1439 1439
    1439 1439 1439 1439 4842 4842 4911 4911 4842 4842 4842 4842 4842
    4842 4842 5132 5132 5132 5132 5132 0 1433 1433 1433 1433 1433 1433
    1433 1433 1433 1433 1433 1433 1433 1433 1433 1433 1433 1433 1433
    1433 1439 1439 1439 1439 1439 1439 1439 1439 1439 1439 1439 1439
    1439 1439 1439 1439 1439 1439 1439 1439 1439 1439 1439 1439 1433
    1433 1439 1439 1439 1439 1439 1439 1439 1439 1439 1439 1439 1433
    1433 1433 1433 1433 1439 1439 4708 4774 4842 4911 4911 5132 5132
    5210 5210 5210 0 1433 1433 1433 1433 1433 1433 1433 1433 1433 1433
    1433 1433 1433 1433 1433 1427 1427 1433 1433 1433 1439 1439 1439
    1439 1439 1439 1439 1433 1433 1439 1439 1439 1433 1433 1439 1439
    1439 1439 1439 1439 1439 1439 1439 1439 1433 1433 1439 1439 1439
    1433 1433 1439 1439 1439 1439 1439 1439 1433 1433 1433 1433 1433
    1433 1439 1439 1439 1439 1439 4911 5132 5132 5210 5210 5210 0 1445
    1433 1433 1433 1433 1433 1433 1433 1433 1433 1433 1433 1433 1433
    1427 1427 1427 1427 1427 1433 1433 1433 1439 1439 1439 1439 1439
    1433 1433 1439 1439 1439 1433 1433 1433 1439 1439 1439 1439 1439
    1439 1439 1439 1439 1433 1433 1433 1433 1433 1433 1433 1439 1439
    1439 1439 1439 1439 1439 1439 1433 1433 1433 1433 1433 1439 1433
    1433 1433 1433 5210 5132 5132 5132 5132 1439 1439 1433 1433 1433
    1427 1427 1433 1427 1427 1427 1427 1433 1433 1427 1427 1427 1427
    1427 1427 1433 1433 1433 1433 1439 1439 1439 1439 1433 1433 1433
    1433 1439 1433 1433 1433 1433 1439 1439 1439 1439 1433 1433 1433
    1433 1433 1433 1433 1433 1427 1427 1433 1433 1439 1433 1433 1433
    1439 1439 1439 1439 1439 1433 1433 1433 1433 1433 1433 1433 1433
    5210 5132 5132 5132 0 1439 1439 1433 1433 1433 1427 1427 1427 1427
    1427 1427 1427 1427 1433 1427 1421 1421 1421 1427 1427 1427 1433
    1433 1433 1433 1433 1433 1433 1433 1433 1433 1433 1433 1433 1433
    1433 1433 1433 1439 1439 1439 1433 1433 1433 1433 1439 1439 1433
    1433 1427 1427 1427 1433 1433 1433 1433 1433 1433 1433 1439 1439
    1439 1433 1433 1433 1433 1433 1433 1433 1433 5210 5056 5056 5056 0
    1439 1439 1433 1427 1427 1421 1421 1421 1427 1427 1427 1427 1427
    1433 1427 1421 1421 1421 1427 1427 1427 1433 1433 1433 1427 1427
    1433 1433 1433 1433 1427 1427 1427 1427 1433 1427 1427 1433 1433
    1433 1439 1433 1433 1427 1427 1433 1433 1433 1433 1427 1427 1427
    1427 1433 1433 1433 1433 1433 1433 1433 1433 1439 1433 1433 1433
    1433 1433 1427 1427 1433 5210 5056 5056 5056 0 1433 1433 1427 1427
    1421 1421 1421 1421 1421 1421 1421 1427 1427 1433 1427 1421 1421
    1421 1421 1427 1427 1433 1433 1433 1427 1427 1427 1427 1433 1427
    1427 1427 1427 1427 1427 1427 1427 1427 1427 1427 1433 1433 1433
    1427 1427 1427 1433 1433 1433 1427 1427 1427 1427 1433 1433 1433
    1427 1427 1433 1433 1433 1439 1433 1433 1433 1427 1427 1427 1427
    1427 5056 5056 5132 0 0 0 1433 1427 1421 1421 1415 1415 1421 1421
    1421 1421 1421 1427 1427 1421 1421 1421 1421 1421 1427 1427 1433
    1427 1427 1421 1421 1427 1427 1427 1427 1427 1421 1421 1427 1427
    1427 1427 1427 1427 1427 1433 1433 1433 1427 1427 1427 1427 1427
    1427 1427 1427 1427 1427 1433 1433 1433 1427 1427 1433 1433 1433
    1433 1433 1433 1427 1427 1427 1427 1427 1427 5056 5056 5056 0 0 0
    1427 1421 1421 1421 1415 1415 1421 1415 1415 1415 1415 1421 1421
    1421 1421 1421 1421 1421 1421 1421 1433 1427 1427 1421 1421 1427
    1427 1427 1421 1421 1421 1421 1427 1427 1427 1427 1427 1427 1427
    1427 1433 1433 1427 1427 1427 1427 1427 1427 1427 1427 1433 1433
    1433 1427 1427 1433 1433 1433 1433 1433 1433 1433 1427 1427 1421
    1421 1421 1421 1427 5132 5132 0 0 0 0 1421 1421 1421 1421 1415 1415
    1415 1415 1415 1415 1415 1415 1415 1415 1415 1415 1415 1415 1415
    1421 1427 1427 1427 1421 1421 1427 1427 1427 1421 1421 1421 1421
    1421 1427 1427 1427 1427 1427 1427 1427 1427 1433 1427 1427 1427
    1427 1421 1421 1427 1427 1433 1427 1427 1427 1427 1427 1427 1433
