<?xml version="1.0"?>
<opencv_storage>
<Depth2623 type_id="opencv-matrix">
  <rows>91</rows>
  <cols>96</cols>
  <dt>w</dt>
  <data>
    1028 1031 1034 1038 1038 1044 1050 1050 0 0 0 0 4842 4774 4708 4708
    4708 4645 4463 4463 4774 4774 4911 4842 4842 4842 1138 1138 1145
    1145 1149 1149 1153 4842 4842 4842 4911 4911 4911 4911 4911 4911
    4911 4911 4983 4983 4983 5056 4983 4983 5056 5132 5132 5056 5056
    5056 5056 5132 5132 5132 5132 5132 5132 5132 5132 5132 5210 5210
    5210 5210 5210 5210 5210 5210 5132 5132 5056 4983 4983 5056 5056
    5056 5056 5056 4983 4983 4983 4983 4983 4983 4911 4911 4911 4911
    4911 4911 1022 1028 1028 1034 1034 1038 1050 0 1050 0 0 0 4842 4774
    4708 4708 4645 4645 4405 4349 4349 4349 4911 4911 4911 1130 1130
    1134 1138 1141 1145 1149 1153 1153 1153 1149 4983 4983 4911 4842
    4842 4911 4911 4911 4911 4911 4983 4983 4983 4983 5056 5056 5132
    5056 5056 5056 5056 5132 5132 5132 5132 5132 5132 5132 5056 5056
    5132 5210 5210 5210 5210 5210 5210 5210 5210 5132 5056 5056 5056
    5056 5056 5132 5056 5056 4983 4983 4983 4983 4983 4983 4983 4983
    4911 4911 4911 4911 1019 1025 1025 1028 1028 1038 0 0 0 0 0 4842
    4842 4774 4774 4708 4645 4645 4349 4349 4349 4349 4349 4911 4911
    1126 1126 1130 1130 1134 1138 1141 1145 1149 1149 1149 1153 4911
    4911 4842 4842 4842 4911 4911 4911 4911 4983 4983 4983 4983 5056
    5056 5056 5056 5056 5056 5056 5056 5132 5132 5132 5132 5132 5132
    5056 5056 5132 5210 5210 5210 5210 5210 5210 5210 5210 5210 5132
    5056 5056 5132 5132 5132 5132 5132 5056 4983 4983 4983 4983 4983
    4983 4983 4983 4911 4911 4911 1016 1019 1022 1025 1025 0 0 0 0 0 0 0
    4842 4842 4774 4708 4708 4708 4349 4349 4349 4349 1105 1119 1119
    1119 1119 1123 1126 1130 1130 1134 1141 1149 1149 1153 1153 1149
    4842 4842 4842 4842 4911 4911 4911 4911 4983 4983 4983 4983 5056
    5056 5056 5056 5056 4983 4983 4983 4983 5056 5132 5132 5132 5056
    5056 5056 5210 5210 5210 5210 5210 5210 5210 5210 5210 5210 5210
    5132 5132 5132 5132 5132 5132 5132 5056 5056 5056 5056 5056 5056
    4983 4983 4983 4911 4911 4911 1013 1016 1019 1019 1025 0 0 0 0 0
    4708 4708 4708 4582 4582 4582 4774 1087 1087 1087 1097 1097 1105
    1105 1105 1112 1115 1119 1123 1126 1126 1130 1134 1141 1145 1149
    1149 1149 1153 1153 4911 4911 4911 4983 4983 4983 4983 4983 4983
    4983 5056 5056 5056 5056 4983 4983 4983 4983 4983 5056 5132 5132
    5132 5056 5056 5056 5210 5210 5210 5210 5210 5210 5210 5210 5210
    5210 5210 5210 5132 5132 5132 5210 5210 5132 5132 5132 5132 5132
    5056 5056 4983 4983 4983 4983 4911 4911 1010 1013 1016 1019 0 0 0 0
    4708 4645 4582 4582 4582 4582 4582 4774 0 0 0 0 0 0 1097 1097 1101
    1105 1108 1115 1119 1123 1123 1126 1130 1134 1138 1141 1145 1145
    1149 1153 1153 1153 4983 4983 4983 4983 4983 4983 4983 4983 4983
    5056 5056 5056 4983 4983 4983 4983 5056 5056 5132 5132 5132 5056
    5056 5056 5210 5210 5210 5210 5210 5210 5210 5210 5210 5210 5210
    5210 5210 5210 5210 5210 5210 5210 5210 5210 5210 5132 5056 5056
    4983 4983 4983 4983 4983 4911 1007 1010 1016 0 0 0 0 4645 4645 4645
    4582 4582 4582 4582 4774 4774 0 0 1087 0 1087 0 1094 1094 1101 1101
    1105 1108 1115 1119 1119 1123 1130 1134 1134 1138 1141 1145 1145
    1149 1153 1157 1157 1157 4983 4983 4911 4911 4911 4983 4983 4983
    4983 5056 5056 4983 4983 5056 5056 5056 5056 5056 5132 5132 5132
    5132 5210 5210 5210 5210 5210 5210 5210 5210 5210 5210 5210 5210
    5210 5210 5210 5210 5210 5210 5210 5210 5210 5132 5056 5056 4983
    4983 4983 4983 4983 4911 1001 1010 0 0 0 0 0 4645 4645 4645 4645
    4645 4645 1084 1084 1084 1090 1087 1087 1087 1087 1090 1090 1094
    1094 1094 1097 1101 1108 1115 1119 1119 1123 1126 1130 1134 1138
    1138 1141 1145 1149 1153 1153 1157 1157 1157 4911 4911 4911 4911
    4911 4983 4983 5056 5056 4983 4983 5056 5056 5132 5056 5056 5056
    5056 5132 5132 5132 5132 5132 5210 5210 5210 5210 5210 5210 5210
    5210 5210 5210 5210 5210 5210 5210 5132 5132 5132 5210 5132 5056
    5056 5056 4983 4983 4983 4983 4983 995 0 0 0 0 0 0 4645 4645 4645
    4645 4645 4582 1084 1084 1090 1090 1090 1087 1080 1080 1084 1084
    1087 1090 1090 1094 1097 1105 1108 1115 1115 1119 1119 1126 1130
    1134 1134 1138 1141 1145 1149 1149 1153 1157 1161 1161 1161 4911
    4911 4911 4983 4983 4983 5056 5056 5056 5056 5056 5056 5056 5056
    5056 5056 5132 5132 5132 5132 5132 5210 5210 5210 5210 5210 5210
    5210 5210 5210 5210 5210 5210 5210 5210 5132 5132 5132 5210 5210
    5056 5056 5056 5056 5056 5056 5056 4983 992 0 0 0 0 0 0 4645 4645
    4645 4645 4645 4582 1084 1084 1090 1090 1090 1084 1077 1077 1077
    1080 1080 1084 1087 1090 1094 1101 1105 1108 1115 1115 1119 1123
    1126 1130 1130 1134 1138 1141 1149 1149 1149 1153 1157 1157 1161
    4911 4911 4911 4983 4983 4983 4983 4983 4983 4983 4983 5056 5056
    5056 4983 4983 4983 4983 5056 5132 5132 5210 5210 5210 5210 5210
    5210 5210 5210 5210 5210 5210 5210 5210 5210 5132 5132 5210 5210
    5210 5132 5132 5132 5056 5056 5056 5056 5056 992 0 0 0 0 0 0 0 4645
    4645 4645 4645 4645 0 1090 1090 1087 1087 1084 1077 1073 1073 1077
    1080 1084 1087 1087 1094 1097 1101 1105 1108 1112 1115 1119 1123
    1126 1130 1130 1134 1138 1145 1149 1149 1153 1157 1157 1161 1161
    4983 4983 4983 4983 4983 4983 4983 4983 4983 4983 4983 4983 4983
    4983 4983 4983 4983 5056 5132 5132 5210 5132 5132 5210 5210 5210
    5210 5210 5210 5210 5210 5210 5210 5210 5210 5210 5210 5210 5210
    5132 5132 5132 5132 5132 5132 5132 5056 0 0 0 0 0 0 0 0 0 0 4645
    4645 0 0 0 1087 1087 1084 1077 1070 1070 1070 1070 1073 1077 1080
    1084 1087 1094 1097 1101 1105 1105 1108 1112 1115 1119 1126 1130
    1130 1134 1141 1145 1149 1149 1153 1153 1161 1165 1169 1169 4983
    4983 4983 4911 4911 4983 4983 4983 4983 4983 4983 4983 4911 4911
    4983 5056 5132 5132 5210 5132 5132 5210 5210 5210 5210 5210 5210
    5210 5210 5210 5210 5210 5210 5210 5210 5210 5210 5210 5210 5210
    5210 5210 5132 5132 5132 0 0 0 0 0 0 0 0 0 0 0 0 0 0 0 0 1087 1084
    1060 1060 1060 1063 1063 1073 1077 1077 1080 1080 1087 1094 1101
    1101 1101 1105 1108 1112 1115 1119 1123 1126 1130 1134 1134 1141
    1145 1149 1149 1153 1157 1165 1165 1165 1165 4911 4911 4911 4983
    4911 4911 4983 4983 4983 4983 4911 4911 4983 5056 5132 5132 5210
    5210 5210 5132 5132 5210 5210 5210 5210 5210 5210 5210 5210 5210
    5210 5210 5210 5210 5210 5210 5210 5210 5210 5210 5210 5210 5132 0 0
    0 0 0 0 0 0 0 0 0 0 0 0 0 1047 1047 1047 1047 1054 1057 1057 1060
    1067 1073 1077 1077 1077 1080 1087 1094 1097 1101 1105 1105 1108
    1112 1115 1119 1123 1123 1130 1134 1138 1138 1145 1145 1149 1149
    1157 1157 1161 1161 1161 1161 4983 4983 4842 4842 4911 4983 4983
    4983 4911 4911 4983 5056 5132 5132 5210 5210 5132 5132 5132 5132
    5210 5210 5210 5210 5210 5210 5210 5210 5210 5210 5210 5210 5210
    5210 5210 5210 5210 5210 5210 5210 5132 0 0 0 0 0 0 0 0 0 0 0 0 0 0
    0 0 1041 1041 1044 1047 1047 1050 1054 1057 1063 1070 1073 1073 1077
    1077 1087 1090 1094 1101 1101 1105 1112 1112 1115 1119 1123 1130
    1130 1134 1134 1141 1145 1145 1149 1153 1153 1157 1161 1161 1161
    1161 4842 4842 4842 4911 4911 4983 4983 4983 5056 5056 5132 5132
    5132 5210 5132 5132 5132 5132 5132 5210 5210 5210 5210 5210 5210
    5210 5210 5210 5210 5210 5210 5210 5210 5291 5210 5210 5210 5210
    5210 5210 0 0 0 0 0 0 0 0 0 0 0 0 0 0 0 1034 1034 1038 1041 1044
    1047 1047 1050 1054 1057 1060 1063 1063 1067 1073 1077 1080 1087
    1090 1094 1101 1108 1108 1112 1115 1119 1123 1126 1130 1130 1134
    1141 1145 1145 1149 1149 1153 1157 1157 1161 1161 1161 1165 4911
    4911 4911 4983 4983 4983 5056 5056 5132 5132 5132 5210 5132 5132
    5132 5132 5132 5210 5210 5210 5210 5210 5210 5210 5210 5210 5210
    5210 5210 5210 5210 5210 5210 5210 5210 5210 5210 5210 0 0 0 0 0 0 0
    0 0 0 0 0 0 0 1028 1028 1031 1034 1038 1041 1041 1044 1047 1050 1050
    1057 1060 1060 1063 1070 1073 1077 1080 1084 1087 1094 1097 1105
