<?xml version="1.0"?>
<opencv_storage>
<Depth5250 type_id="opencv-matrix">
  <rows>47</rows>
  <cols>35</cols>
  <dt>w</dt>
  <data>
    4645 4645 4708 4842 2170 2156 2156 2170 2156 2156 2156 2156 2156
    2156 2156 2156 2156 2156 2156 4983 5056 5056 5056 5056 5132 5132
    2116 2116 5056 2129 2129 2129 5210 5210 5291 4582 4645 4645 2156
    2156 2156 2156 2170 2156 2156 2156 2156 2156 2156 2156 2156 2156
    2156 2156 2156 2170 2156 2156 2143 2143 2116 2116 2116 2143 2129
    2129 2129 2143 5374 5374 4582 4582 2156 2156 2156 2156 2156 2170
    2156 2156 2156 2156 2156 2156 2170 2156 2156 2156 2156 2156 2156
    2156 2156 2143 2143 2116 2116 2116 2143 2143 2143 2143 2143 2184
    5374 4645 2156 2156 2156 2156 2156 2156 2170 2170 2156 2156 2156
    2156 2156 2170 2156 2156 2156 2156 2156 2156 2156 2156 2143 2143
    2143 2143 2143 2143 2143 2143 2156 2156 2184 2212 4708 2184 2184
    2170 2170 2156 2156 2170 2170 2170 2156 2156 2156 2156 2170 2156
    2156 2156 2156 2156 2156 2156 2156 2156 2156 2156 2143 2129 2129
    2143 2143 2156 2156 2184 2212 4708 4708 2170 2170 2170 2170 2170
    2170 2170 2170 2156 2156 2170 2170 2170 2156 2156 2156 2156 2156
    2156 2156 2156 2143 2143 2143 2143 2129 2129 2129 2129 2143 2170
    2198 2212 4708 0 2170 2170 2170 2170 2170 2170 2170 2170 2170 2170
    2156 2156 2156 2156 2156 2156 2156 2156 2156 2156 2156 2143 2143
    2143 2129 2129 2129 2129 2129 2143 2170 2198 2212 4708 2198 2170
    2170 2170 2170 2170 2170 2170 2170 2170 2170 2156 2156 2156 2156
    2156 2156 2156 2156 2156 2156 2143 2143 2143 2143 2129 2129 2129
    2129 2143 2143 2184 2198 2226 4708 2198 2198 2170 2170 2170 2170
    2170 2170 2170 2170 2170 2170 2156 2156 2156 2170 2156 2156 2156
    2156 2156 2143 2143 2143 2143 2129 2129 2129 2129 2143 2156 2184
    2198 2226 4708 2184 2184 2170 2170 2170 2170 2170 2170 2170 2170
    2170 2170 2156 2156 2156 2170 2156 2156 2156 2156 2156 2156 2143
    2143 2143 2129 2129 2129 2129 2143 2156 2198 2198 2198 4708 2170
    2170 2170 2170 2170 2170 2170 2170 2170 2170 2170 2170 2170 2170
    2156 2156 2156 2156 2156 2156 2156 2143 2143 2143 2143 2129 2129
    2129 2129 2143 2170 2198 2198 2198 4708 2170 2170 2170 2170 2170
    2170 2170 2170 2170 2170 2156 2156 2170 2170 2156 2156 2156 2156
    2156 2156 2156 2143 2143 2143 2143 2143 2143 2129 2129 2143 2156
    2156 2156 2156 4708 2170 2170 2170 2170 2170 2170 2170 2170 2170
    2156 2156 2156 2156 2170 2156 2156 2156 2156 2156 2143 2143 2143
    2143 2143 2143 2143 2143 2129 2129 2143 2156 2156 2156 2156 4708
    2170 2170 2170 2170 2170 2170 2170 2170 2170 2156 2156 2156 2156
    2156 2156 2156 2156 2156 2143 2143 2143 2143 2143 2143 2143 2143
    2143 2129 2129 2143 2156 2156 2170 2170 4708 2170 2170 2170 2170
    2170 2156 2156 2170 2156 2156 2156 2156 2156 2156 2156 2156 2156
    2156 2143 2143 2143 2143 2143 2143 2143 2143 2143 2143 2143 2143
    2156 2156 2170 2170 4708 2184 2184 2170 2170 2170 2156 2156 2170
    2156 2156 2156 2156 2156 2156 2156 2156 2156 2156 2143 2143 2143
    2143 2143 2143 2143 2143 2143 2143 2143 2156 2170 2170 2184 2184
    2198 2184 2184 2170 2170 2170 2170 2170 2170 2156 2156 2156 2156
    2156 2156 2156 2156 2156 2156 2143 2143 2143 2156 2156 2143 2143
    2143 2143 2143 2143 2156 2170 2170 2184 2184 2198 2198 2184 2170
    2170 2170 2170 2170 2170 2156 2156 2156 2156 2156 2156 2156 2156
    2156 2156 2156 2143 2143 2156 2156 2156 2156 2143 2143 2143 2143
    2156 2170 2170 2184 2184 2184 2184 2184 2170 2170 2170 2170 2170
    2156 2143 2143 2143 2143 2143 2156 2156 2156 2156 2156 2156 2156
    2156 2156 2143 2143 2156 2143 2143 2143 2143 2156 2170 2170 2184
    2184 4645 2184 2184 2170 2170 2170 2170 2170 2156 2143 2143 2143
    2143 2143 2156 2156 2156 2156 2156 2156 2156 2156 2143 2143 2143
    2143 2143 2143 2143 2143 2156 2170 2170 2170 5460 4645 2184 2184
    2170 2170 2170 2170 2170 2156 2156 2143 2143 2143 2143 2156 2156
    2143 2143 2156 2156 2156 2156 2143 2143 2143 2143 2143 2143 2143
    2156 2170 2170 2170 5548 5374 4582 2198 2184 2170 2170 2156 2156
    2156 2156 2156 2156 2143 2143 2143 2156 2156 2143 2143 2156 2156
    2156 2156 2156 2143 2143 2143 2143 2143 2143 2156 2156 2170 2184
    5548 5374 4582 2198 2184 2184 2184 2156 2156 2156 2156 2156 2156
    2156 2156 2156 2156 2156 2143 2143 2156 2156 2156 2156 2143 2143
    2143 2143 2143 2143 2143 2143 2156 2170 2170 5548 5374 4645 2170
    2170 2170 2170 2170 2170 2170 2170 2170 2170 2156 2156 2156 2156
    2156 2143 2143 2156 2156 2156 2143 2143 2143 2143 2143 2143 2129
    2129 2129 2156 2184 2198 5548 5374 2170 2170 2170 2170 2170 2170
    2170 2170 2156 2156 2156 2156 2156 2156 2156 2156 2156 2156 2156
    2156 2156 2143 2143 2143 2143 2143 2143 2129 2129 2129 2156 2170
    2198 2212 2212 2170 2170 2170 2170 2170 2170 2170 2170 2156 2156
    2156 2156 2156 2156 2170 2156 2156 2156 2156 2156 2156 2143 2143
    2129 2129 2129 2129 2129 2129 2129 2156 2170 2198 2212 2226 2170
    2170 2170 2170 2170 2170 2170 2170 2156 2156 2156 2156 2156 2156
    2156 2156 2156 2156 2156 2156 2156 2143 2143 2129 2129 2129 2129
    2129 2116 2116 2143 2143 2170 2212 2226 2170 2170 2170 2170 2170
    2170 2170 2170 2156 2156 2156 2156 2156 2156 2156 2156 2156 2156
    2156 2156 2156 2143 2143 2129 2129 2129 2129 2129 2116 2116 2143
    2143 2170 2212 2212 4582 2170 2170 2170 2170 2170 2170 2170 2156
    2156 2156 2156 2156 2156 2156 2156 2156 2156 2156 2156 2143 2143
    2143 2143 2143 2129 2129 2116 2116 2116 2156 2156 2170 2212 2212
    4582 2170 2170 2170 2170 2170 2170 2170 2170 2156 2156 2156 2143
    2143 2156 2156 2156 2143 2143 2143 2143 2143 2143 2143 2143 2129
    2129 2116 2116 2129 2156 2156 2170 2212 2212 4645 2170 2170 2170
    2156 2156 2170 2170 2170 2156 2156 2156 2143 2143 2156 2156 2156
    2143 2143 2143 2143 2143 2143 2143 2129 2129 2129 2116 2116 2143
    2156 2170 2184 2198 2198 2170 2170 2170 2170 2156 2156 2170 2170
    2170 2170 2156 2156 2143 2143 2156 2156 2156 2143 2143 2143 2143
    2143 2143 2143 2129 2129 2129 2129 2129 2143 2156 2170 2184 2198
    2198 2170 2170 2170 2170 2156 2156 2156 2170 2170 2170 2156 2156
    2156 2156 2156 2143 2143 2143 2143 2143 2143 2143 2143 2143 2143
    2129 2129 2129 2129 2143 2156 2156 2170 2170 5374 2170 2170 2156
    2156 2156 2156 2156 2170 2170 2170 2170 2156 2156 2156 2156 2143
    2143 2143 2143 2143 2143 2143 2143 2143 2143 2129 2129 2116 2116
    2143 2156 2156 2170 2170 5374 2170 2170 2156 2156 2170 2170 2170
    2170 2170 2170 2170 2156 2156 2156 2156 2143 2143 2143 2143 2143
    2143 2143 2143 2143 2129 2129 2116 2116 2116 2129 2156 2170 2170
    2170 5291 2170 2170 2170 2156 2156 2156 2156 2156 2156 2170 2170
    2170 2170 2156 2156 2156 2143 2143 2143 2143 2143 2143 2143 2143
    2129 2116 2116 2116 2116 2129 2156 2170 2184 2184 5374 2156 2156
    2156 2156 2156 2156 2156 2156 2156 2156 2170 2170 2170 2156 2156
    2156 2143 2143 2143 2143 2143 2143 2143 2129 2129 2116 2116 2116
    2116 2143 2156 2170 2184 2184 5291 2156 2156 2156 2156 2156 2156
    2156 2156 2156 2156 2170 2156 2156 2156 2156 2156 2143 2143 2143
    2143 2143 2143 2143 2129 2129 2116 2116 2116 2116 2143 2156 2170
    2198 5374 5291 2143 2156 2156 2156 2156 2156 2156 2156 2156 2156
    2170 2156 2156 2156 2156 2156 2143 2143 2143 2143 2143 2143 2143
    2143 2129 2116 2116 2129 2129 2143 2170 2170 2170 5291 5291 2143
    2156 2156 2156 2156 2156 2156 2156 2156 2156 2156 2156 2156 2156
    2156 2156 2143 2143 2156 2143 2143 2143 2143 2129 2129 2129 2129
    2129 2129 2156 2170 2170 2170 5291 5291 2156 2156 2156 2156 2156
    2156 2156 2156 2156 2156 2156 2156 2156 2143 2143 2156 2156 2156
    2143 2143 2143 2143 2143 2129 2129 2116 2116 2129 2129 2156 2170
    2170 2170 5210 5210 2170 2170 2156 2156 2156 2156 2156 2143 2143
    2143 2156 2156 2156 2143 2143 2143 2156 2156 2143 2129 2129 2129
    2143 2129 2129 2116 2116 2116 2129 2156 2156 2156 2156 5210 5210
