<?xml version="1.0"?>
<opencv_storage>
<Depth5714 type_id="opencv-matrix">
  <rows>77</rows>
  <cols>60</cols>
  <dt>w</dt>
  <data>
    5210 5210 5210 5291 5291 0 0 1264 1264 1264 1264 1264 1264 1264 1259
    1259 1259 1264 1259 1259 1259 1259 1255 1250 1245 1241 1241 1241
    1245 1245 1245 1245 1245 1241 1241 1241 1241 1227 1223 1223 1223
    1236 1232 1227 1227 1227 1227 1227 1227 1227 1223 1219 1214 1214
    1214 1214 1219 1219 1223 4774 5132 0 0 5132 1264 0 0 1264 1264 1264
    1264 1264 1264 1264 1259 1259 1259 1259 1259 1259 1255 1255 1250
    1250 1250 1245 1245 1245 1245 1245 1245 1245 1245 1241 1236 1236
    1236 1236 1232 1232 1232 1232 1232 1232 1227 1227 1227 1227 1227
    1227 1227 1219 1214 1214 1214 1219 1223 1223 1223 1214 5132 0 0 0 0
    0 0 1268 1268 1268 1264 1264 1264 1264 1259 1259 1259 1259 1259 1255
    1255 1250 1250 1250 1250 1250 1250 1245 1245 1245 1245 1245 1245
    1241 1236 1236 1236 1236 1232 1232 1232 1232 1232 1232 1227 1227
    1227 1227 1227 1227 1223 1219 1214 1214 1219 1219 1223 1214 1214
    1214 5132 0 0 0 0 0 0 1268 1268 1268 1264 1264 1264 1264 1259 1259
    1259 1259 1259 1255 1255 1250 1250 1250 1250 1250 1245 1245 1245
    1245 1245 1245 1245 1236 1236 1232 1232 1232 1232 1232 1232 1232
    1232 1232 1227 1227 1227 1227 1223 1223 1223 1219 1214 1214 1219
    1219 1219 1214 1214 1214 5132 0 0 0 0 0 0 1268 1268 1268 1264 1264
    1264 1264 1259 1259 1255 1255 1255 1255 1255 1250 1250 1250 1250
    1250 1245 1245 1245 1245 1245 1245 1241 1236 1236 1232 1232 1232
    1232 1232 1232 1232 1227 1227 1227 1227 1227 1223 1223 1223 1219
    1219 1219 1214 1214 1214 1219 1219 1219 0 5132 0 0 0 0 0 0 1264 1264
    1264 1264 1264 1259 1259 1259 1259 1255 1255 1255 1250 1250 1250
    1245 1245 1245 1245 1245 1245 1245 1245 1245 1245 1241 1236 1232
    1232 1232 1232 1232 1232 1232 1232 1227 1227 1227 1227 1227 1223
    1223 1223 1219 1219 1219 1214 1214 1214 1219 1223 1223 0 5056 0 0 0
    0 0 0 1264 1264 1264 1259 1259 1259 1259 1255 1255 1255 1250 1250
    1250 1250 1245 1245 1245 1245 1245 1245 1245 1245 1245 1241 1241
    1236 1232 1232 1232 1232 1232 1232 1232 1232 1232 1227 1227 1223
    1223 1223 1223 1223 1219 1219 1214 1214 1214 1214 1214 1219 1223 0 0
    4911 4911 0 0 0 0 1268 1264 1264 1259 1259 1259 1255 1255 1255 1255
    1250 1250 1250 1250 1245 1245 1245 1245 1245 1245 1245 1245 1241
    1241 1241 1241 1236 1232 1232 1232 1232 1232 1232 1232 1232 1227
    1227 1227 1223 1223 1223 1223 1219 1214 1214 1214 1214 1214 1214
    1214 1223 1227 0 0 4911 4911 0 0 0 0 1268 1264 1264 1259 1259 1255
    1255 1250 1250 1250 1250 1250 1250 1250 1245 1245 1245 1245 1245
    1245 1245 1241 1241 1241 1241 1236 1232 1232 1232 1232 1232 1232
    1232 1227 1227 1227 1227 1227 1223 1223 1223 1219 1219 1214 1214
    1214 1214 1214 1214 1214 1223 1227 0 0 4911 4911 0 0 0 0 0 1259 1259
    1259 1259 1255 1255 1250 1250 1250 1250 1250 1250 1250 1245 1245
    1245 1245 1245 1245 1245 1241 1236 1236 1236 1232 1232 1232 1232
    1232 1232 1227 1227 1227 1227 1227 1227 1227 1223 1223 1219 1219
    1214 1214 1210 1210 1210 1210 1214 1219 1227 1241 1245 1245 5056 0 0
    0 0 0 1245 1245 1255 1259 1259 1255 1255 1250 1250 1245 1245 1250
    1250 1245 1245 1245 1245 1245 1245 1245 1241 1241 1236 1236 1236
    1232 1232 1232 1232 1232 1232 1227 1227 1227 1227 1227 1223 1223
    1223 1223 1219 1214 1214 1210 1210 1210 1210 1210 1210 1219 1227
    1241 1245 1259 0 0 0 0 0 0 1245 1245 1255 1255 1255 1255 1250 1250
    1250 1245 1245 1250 1250 1245 1245 1245 1245 1245 1241 1241 1241
    1236 1236 1236 1236 1232 1227 1227 1227 1227 1227 1227 1227 1227
    1227 1223 1223 1223 1223 1219 1219 1214 1214 1210 1210 1210 1210
    1210 1210 1219 1227 1236 1245 1259 0 0 0 0 0 0 1245 1245 1255 1255
    1255 1255 1250 1250 1250 1245 1245 1245 1245 1245 1245 1245 1245
    1245 1241 1241 1241 1236 1236 1236 1236 1232 1227 1227 1227 1227
    1227 1227 1227 1223 1223 1223 1219 1219 1219 1219 1214 1214 1214
    1210 1210 1210 1206 1206 1210 1219 1227 1236 1245 1245 0 0 0 0 0 0
    1250 1250 1255 1255 1255 1250 1250 1250 1250 1245 1245 1245 1245
    1245 1245 1241 1241 1241 1241 1241 1236 1236 1236 1236 1232 1232
    1227 1227 1227 1227 1227 1227 1223 1223 1223 1219 1219 1219 1214
    1214 1214 1214 1214 1210 1210 1210 1206 1206 1206 1219 1227 1236
    1255 1288 0 0 0 0 0 0 1250 1250 1250 1250 1250 1250 1250 1250 1250
    1245 1245 1245 1245 1245 1245 1241 1236 1236 1236 1236 1236 1236
    1232 1232 1232 1227 1227 1223 1223 1223 1223 1223 1223 1223 1223
    1219 1214 1214 1214 1214 1214 1210 1210 1210 1210 1206 1206 1206
    1206 1219 1232 1245 1259 1288 0 0 0 0 0 0 1250 1250 1250 1250 1250
    1250 1245 1245 1245 1245 1241 1241 1241 1241 1241 1236 1236 1236
    1236 1236 1232 1232 1232 1232 1232 1227 1227 1223 1223 1223 1223
    1223 1223 1223 1219 1214 1214 1214 1214 1214 1214 1210 1210 1210
    1210 1206 1206 1206 1206 1219 1236 1250 1268 1283 0 0 0 0 0 0 1250
    1250 1250 1250 1250 1245 1245 1245 1245 1245 1241 1241 1241 1241
    1241 1236 1236 1236 1232 1232 1232 1232 1232 1232 1232 1227 1227
    1227 1227 1223 1223 1223 1223 1219 1214 1214 1214 1214 1214 1214
    1214 1210 1210 1206 1206 1206 1202 1202 1206 1214 1245 1250 1264
    1278 0 0 0 0 0 1264 1259 1255 1250 1250 1245 1245 1245 1245 1245
    1245 1241 1241 1241 1241 1241 1236 1236 1236 1232 1232 1232 1232
    1232 1232 1232 1227 1227 1223 1223 1223 1223 1223 1219 1219 1214
    1214 1214 1214 1214 1210 1210 1210 1210 1206 1206 1206 1202 1202
    1206 1214 1245 1250 1264 1278 0 0 0 0 0 1255 1255 1250 1250 1250
    1245 1245 1245 1245 1245 1245 1241 1241 1241 1241 1241 1236 1236
    1236 1236 1232 1232 1232 1232 1232 1232 1227 1227 1223 1223 1223
    1223 1223 1219 1214 1214 1214 1214 1214 1214 1210 1210 1210 1210
    1206 1206 1206 1202 1202 1206 1214 1241 1250 1259 1278 0 0 0 0 1250
    1250 1250 1250 1250 1250 1245 1245 1245 1245 1245 1241 1241 1241
    1241 1241 1241 1236 1236 1232 1232 1232 1232 1232 1232 1227 1227
    1227 1227 1223 1223 1223 1223 1223 1219 1214 1214 1214 1214 1214
    1210 1210 1210 1210 1206 1202 1202 1206 1202 1202 1206 1214 1241
    1245 1255 1255 0 0 0 0 1250 1250 1250 1245 1245 1245 1245 1245 1241
    1241 1241 1241 1236 1236 1236 1236 1236 1236 1236 1232 1232 1232
    1232 1232 1227 1227 1227 1227 1227 1223 1223 1223 1219 1219 1214
    1214 1214 1214 1214 1210 1210 1210 1210 1210 1206 1202 1202 1202
    1202 1202 1206 1210 1223 1245 1255 1273 0 0 0 0 1250 1250 1250 1245
    1245 1245 1245 1241 1241 1236 1236 1236 1236 1236 1232 1232 1232
    1232 1232 1232 1232 1232 1232 1232 1227 1227 1223 1223 1223 1223
    1223 1223 1219 1214 1214 1214 1214 1214 1210 1210 1210 1210 1210
    1206 1206 1202 1202 1202 1202 1202 1206 1210 1219 1250 1259 1273 0 0
    0 0 1250 1250 1250 1245 1245 1245 1241 1241 1236 1236 1236 1236 1232
    1232 1232 1232 1232 1232 1232 1232 1232 1232 1227 1227 1227 1227
    1223 1223 1219 1219 1219 1219 1214 1214 1214 1210 1210 1210 1210
    1210 1210 1210 1210 1206 1202 1202 1202 1197 1197 1197 1202 1202
    1214 1255 1259 1273 0 0 0 0 1250 1250 1250 1245 1245 1245 1241 1241
    1236 1236 1232 1232 1232 1232 1232 1232 1232 1232 1227 1227 1227
    1227 1227 1227 1227 1227 1223 1223 1219 1214 1214 1214 1214 1214
    1214 1210 1210 1210 1210 1210 1210 1210 1206 1202 1202 1202 1202
    1197 1197 1197 1202 1202 1214 1259 1259 1273 0 0 0 0 1245 1245 1245
    1245 1245 1241 1236 1236 1236 1236 1232 1232 1232 1232 1232 1232
    1227 1227 1227 1227 1227 1227 1227 1223 1223 1223 1223 1223 1219
    1214 1214 1214 1214 1214 1210 1210 1210 1210 1210 1210 1210 1206
    1206 1202 1202 1202 1202 1197 1197 1197 1202 1202 1255 1259 1259
    1273 0 0 0 0 1245 1241 1241 1241 1241 1241 1236 1236 1236 1236 1232
    1232 1232 1227 1227 1227 1227 1227 1227 1227 1227 1227 1227 1223
    1223 1223 1223 1223 1219 1214 1214 1214 1214 1210 1210 1210 1210
    1210 1210 1206 1206 1202 1197 1197 1197 1197 1197 1197 1197 1197
