<?xml version="1.0"?>
<opencv_storage>
<Depth14851 type_id="opencv-matrix">
  <rows>131</rows>
  <cols>74</cols>
  <dt>w</dt>
  <data>
    4463 4463 4463 4463 4405 4405 4405 4405 4405 4349 4349 4405 4405
    4349 4349 4349 4295 4295 4295 4295 964 964 4241 4241 4241 4190 4190
    4190 4190 981 1007 1007 1007 1050 1050 1050 1054 1060 1067 1067 1094
    1101 1105 1108 1115 1115 3903 3903 3859 3859 3859 3859 3816 3816
    3859 3859 3859 3859 3816 3774 3774 3774 3774 3774 3732 3732 3732
    3732 3732 3692 3653 3653 3653 3614 4463 4463 4463 4463 4463 4405
    4405 4405 4405 4349 4349 4349 4463 4463 4349 4349 4349 4295 4295
    4295 964 964 951 948 948 951 951 951 973 981 1007 1007 1007 1038
    1038 1044 1050 1057 1060 1067 1094 1097 1108 1108 1115 1115 1115
    3859 3859 3859 3903 3903 3859 3859 3859 3859 3859 3816 3816 3774
    3774 3774 3774 3774 3774 3732 3732 3732 3732 3692 3692 3653 3653
    3653 4463 4463 4463 4463 4463 4405 4405 4405 4405 4349 4349 4349
    4463 4463 4405 4405 4405 967 959 959 959 956 951 948 948 951 951 967
    973 981 984 1007 1007 1031 1031 1041 1050 1054 1057 1067 1087 1094
    1105 1108 1108 1112 0 3903 3903 3903 3903 3903 3903 3903 3859 3859
    3859 3816 3816 3774 3774 3774 3774 3774 3732 3732 3732 3732 3732
    3692 3692 3653 3653 3653 4463 4463 4463 4463 4463 4405 4405 4405
    4349 4349 4349 4349 4349 975 973 970 967 967 964 956 956 954 948 948
    948 951 951 964 970 978 984 992 998 1031 1031 1041 1047 1054 1057
    1067 1080 1087 1097 1108 1112 1112 0 3903 3903 3903 3903 3903 3903
    3903 3859 3859 3859 3816 3774 3774 3774 3774 3774 3774 3732 3732
    3732 3732 3732 3692 3692 3653 3653 3653 4405 4405 4405 4405 4405
    4405 4349 4349 4349 4349 4349 981 978 975 973 970 970 964 962 956
    956 951 948 948 948 951 954 962 970 975 978 987 998 1031 1031 1041
    1044 1050 1057 1067 1080 1087 1094 1105 1112 1112 0 3903 3903 3903
    3903 3903 3859 3859 3859 3859 3859 3816 3774 3774 3774 3774 3774
    3774 3732 3732 3732 3732 3732 3692 3692 3692 3692 3614 4405 4405
    4405 4405 4405 4405 4241 4241 4349 4349 4349 981 978 975 973 973 970
    964 959 956 954 951 948 948 948 951 951 959 970 975 978 984 998 1007
    1010 1034 1044 1047 1054 1063 1077 1084 1090 1101 1108 0 1112 0 3903
    3903 3903 3903 3859 3859 3859 3859 3859 3816 3774 3774 3774 3774
    3774 3774 3732 3732 3732 3732 3732 3732 3692 3692 3692 3614 4405
    4405 4405 4405 1010 1010 1007 1004 984 981 981 978 975 973 970 970
    970 964 959 956 951 951 948 948 948 948 951 954 970 973 978 984 1001
    1004 1010 1022 1038 1047 1050 1060 1073 1084 1090 1097 1105 1112
    1112 0 0 3903 3859 3859 3859 3859 3859 3816 3816 3816 3774 3774 3774
    3774 3774 3774 3732 3732 3732 3732 3732 3732 3732 3692 3692 3653
    1004 1001 1001 1001 1001 1001 987 984 981 981 978 975 973 973 970
    970 967 964 959 956 951 951 948 948 948 948 948 951 967 970 978 984
    998 1004 1010 1019 1031 1044 1047 1060 1070 1084 1090 1097 1101 1108
    1108 0 3859 0 3859 3859 3859 3859 3816 3816 3816 3816 3816 3774 3774
    3774 3774 3774 3732 3732 3732 3732 3732 3732 3692 3692 3653 3653
    1004 1001 1001 1001 1001 998 987 984 981 981 978 975 973 973 970 970
    967 964 959 956 954 951 951 951 948 948 948 951 954 964 978 984 995
    1004 1007 1016 1022 1031 1041 1054 1070 1080 1087 1097 1101 1108
    1112 0 0 0 3859 3816 3816 3859 3816 3816 3816 3774 3774 3816 3816
    3774 3774 3774 3774 3774 3774 3732 3732 3732 3692 3692 3653 3653
    1001 1001 998 995 989 987 987 984 981 981 978 975 973 973 973 970
    970 964 959 959 954 954 951 951 948 948 948 951 954 962 964 984 992
    998 1004 1013 1022 1028 1038 1044 1070 1080 1084 1090 1101 1108 1112
    1115 0 0 0 3816 3816 3859 3816 3816 3816 3774 3774 3816 3816 3816
    3816 3774 3774 3774 3732 3732 3732 3732 3692 3653 3653 3653 998 998
    998 992 987 987 987 984 984 981 978 975 973 973 973 970 970 962 959
    959 956 956 951 951 951 948 948 951 956 962 964 978 989 995 1001
    1010 1022 1028 1034 1041 1060 1080 1080 1087 1097 1108 1112 1115
    1115 0 3859 0 3859 3859 3859 3816 3816 3816 3816 3859 3859 3859 3816
    3774 3774 3774 3732 3732 3732 3692 3692 3653 3653 3614 998 998 995
    992 987 987 987 984 984 981 978 975 973 973 973 970 970 962 962 962
    959 956 954 951 951 948 948 951 954 959 964 973 987 992 998 1004
    1022 1028 1034 1038 1047 1077 1080 1084 1094 1105 1112 1115 1115 0 0
    3859 3859 3859 3859 3859 3859 3816 3816 3859 3859 3859 3816 3774
    3774 3774 3732 3732 3732 3692 3692 3653 3653 3614 995 998 995 992
    987 987 987 984 984 981 981 978 975 973 973 970 970 962 962 962 959
    956 954 951 951 948 948 951 954 959 964 970 984 992 995 1001 1007
    1028 1034 1038 1044 1077 1080 1080 1090 1101 1108 1112 1112 0 0 3859
    3859 3859 3859 3859 3859 3859 3859 3816 3816 3816 3816 3774 3774
    3774 3732 3732 3732 3692 3692 3692 3653 3614 995 998 995 992 989 989
    987 984 984 981 981 978 975 973 973 970 970 962 962 962 959 956 954
    951 951 951 951 951 951 951 962 970 978 987 995 998 1004 1028 1034
    1038 1044 1077 1080 1080 1087 1097 1108 1112 0 1115 0 3859 3859 3859
    3859 3859 3859 3859 3859 3816 3816 3816 3816 3774 3774 3774 3774
    3774 3732 3732 3732 3692 3653 3614 1001 998 995 992 989 989 989 984
    984 981 981 978 975 973 973 970 970 967 962 962 959 959 956 951 951
    951 951 951 951 951 959 967 975 981 989 995 1001 1025 1031 1034 1041
    1047 1080 1080 1084 1094 1105 1112 1115 0 0 0 3859 3859 3859 3859
    3859 3859 3859 3816 3816 3816 3774 3774 3774 3774 3774 3774 3732
    3732 3732 3692 3653 3614 1001 1001 995 992 989 989 989 987 984 984
    981 978 975 973 973 970 970 967 962 962 959 959 956 954 954 951 951
    951 948 948 956 964 973 978 989 992 998 1007 1025 1031 1034 1044
    1080 1080 1084 1090 1101 1108 1115 0 1134 0 3903 3903 3903 3903 3859
    3859 3816 3732 3732 3816 3774 3774 3774 3774 3774 3774 3774 3732
    3732 3692 3692 3692 1004 1001 998 992 992 992 992 987 984 984 981
    981 978 975 973 973 970 967 962 962 959 959 956 954 954 951 951 951
    948 948 951 954 970 975 987 992 998 1004 1022 1031 1031 1044 1060
    1077 1084 1090 1097 1105 1112 1134 0 0 0 3903 3903 3859 3859 3816
    3732 3732 3732 3774 3774 3774 3774 3816 3774 3774 3774 3732 3692
    3692 3692 3692 1007 1001 998 992 992 992 992 989 987 984 984 981 978
    975 973 973 970 970 967 962 962 959 959 956 954 954 951 951 948 948
    951 954 967 975 987 992 995 1001 1022 1031 1031 1044 1050 1060 1080
    1090 1097 1105 1108 1126 0 0 0 0 3903 3859 3859 3816 3732 3732 3816
    3774 3774 3816 3816 3816 3774 3774 3774 3732 3692 3692 3692 3653 0
    1001 998 998 992 992 992 989 987 984 984 981 981 978 973 973 970 970
    970 967 962 962 959 956 956 954 951 951 948 948 948 951 959 973 984
    989 995 998 1010 1028 1034 1041 1047 1054 1070 1087 1094 1101 1108
    1112 1112 1115 0 3903 3903 3859 3859 3859 3816 3816 3816 3816 3816
    3816 3774 3774 3774 3774 3774 3732 3732 3732 3692 3653 0 1001 998
    998 998 995 992 989 987 984 984 981 981 978 975 973 973 970 970 970
    962 962 959 959 956 954 951 951 951 948 948 951 954 970 978 987 992
    998 1007 1028 1034 1041 1044 1050 1057 1087 1094 1101 1108 1112 1115
    0 0 0 3903 3903 3859 3859 3816 3816 3816 3816 3816 3816 3774 3774
    3774 3774 3774 3774 3732 3732 3732 3653 0 1001 998 998 998 995 992
    989 987 984 984 984 981 981 975 975 973 970 970 970 964 962 959 956
    956 954 954 951 951 948 948 951 954 970 978 984 989 995 1004 1028
    1038 1041 1044 1050 1054 1073 1094 1101 1108 1112 1115 1115 0 3903 0
    3903 3859 3859 3859 3859 3903 3816 3816 3816 3816 3774 3774 3774
    3774 3774 3732 3732 3732 3653 0 0 1001 1001 998 995 992 992 989 987
    987 984 981 981 978 975 973 970 970 970 964 962 959 956 954 954 954
    951 951 948 948 951 954 962 975 984 989 995 1004 1004 1038 1041 1044
    1054 1054 1070 1094 1101 1108 1112 1115 0 1112 0 3903 3903 3859 3859
    3859 3859 3903 3859 3859 3859 3816 3816 3816 3774 3774 3774 3732
