<?xml version="1.0"?>
<opencv_storage>
<Depth4501 type_id="opencv-matrix">
  <rows>14</rows>
  <cols>32</cols>
  <dt>w</dt>
  <data>
    4983 5056 5056 5132 5132 5056 5056 4983 4983 4911 4774 4774 4842
    4911 5056 5132 5056 5056 5056 3903 3903 3994 3948 3948 3859 3859
    3903 3903 3903 3859 3859 3903 4983 5056 5056 5056 5056 5056 5056
    5056 5056 4911 4708 4708 4842 4911 5056 5132 3948 3948 3903 3903
    3903 3994 3994 3948 3948 3948 3903 3816 3816 3816 3816 3816 4983
    4983 4983 4983 4983 4983 4983 5056 5056 5056 4708 3994 3948 3948
    3948 3948 3948 3948 3859 3859 3859 3994 3994 3948 3948 3948 3903
    3816 3816 3816 3816 3774 4983 4911 4911 4983 4983 4983 4983 5056
    5056 3903 3994 3994 3948 3948 3948 3948 3948 3903 3859 3859 3903
    3948 3948 3948 3948 3948 3903 3859 3859 3816 3816 3774 4983 4911
    4911 4911 4911 4041 3948 3903 3903 3903 3903 3948 3903 3903 3903
    3903 3903 3903 3903 3903 3903 3948 3948 3994 3994 3948 3903 3903
    3859 3816 3816 3774 4983 4983 3903 3903 3903 4041 3948 3903 3903
    3903 3903 3903 3903 3903 3903 3903 3903 3903 3903 3903 3948 3948
    3948 3948 3948 3948 3903 3903 3859 3816 3816 3774 3859 3859 3903
    3903 3903 4041 3948 3948 3903 3903 3903 3903 3903 3903 3903 3903
    3903 3903 3903 3903 3948 3948 3948 3948 3948 3948 3903 3903 3903
    3816 3816 3774 3774 3816 3816 3859 3859 3948 3903 3903 3903 3903
    3903 3903 3903 3903 3903 3903 3903 3903 3903 3903 3948 3948 3948
    3948 3948 3948 3903 3903 3903 3859 3859 3774 3774 3774 3816 3859
    3859 3903 3903 3903 3903 3903 3903 3903 3903 3903 3903 3903 3903
    3903 3903 3903 3948 3948 3994 3948 3948 3948 3948 3903 3903 3903
    3859 3859 3774 3774 3816 3859 3859 3903 3903 3903 3903 3903 3948
    3903 3816 3816 3859 3859 3903 3948 3948 3994 3948 3948 3948 3903
    3903 3903 3903 3903 3903 3903 0 0 3859 3903 3903 3903 3903 3903 3903
    3903 3903 3903 3948 3903 3816 3774 3774 3774 3903 3948 0 4089 3948
    3948 3948 3903 3903 3903 3903 3903 0 0 0 0 2933 3903 3903 3859 3859
    3859 3903 3859 3859 3903 3948 3903 3859 3774 3774 3774 0 0 0 4190
    3948 3948 0 0 0 0 0 0 0 0 0 0 2883 3948 3903 3859 3859 3816 3816
    3816 3816 3816 3948 4041 0 0 0 0 0 0 0 0 0 0 0 0 0 0 0 0 0 0 0 0
    2789 2789 2789 3903 3903 3816 3816 3816 3816 3816 3948 0 0 0 0 0 0 0
    0 0 0 0 0 0 0 0 0 0 0 0 0 0</data></Depth4501>
</opencv_storage>
