<?xml version="1.0"?>
<opencv_storage>
<Depth14341 type_id="opencv-matrix">
  <rows>34</rows>
  <cols>35</cols>
  <dt>w</dt>
  <data>
    4911 4911 4983 5056 5056 4983 4983 4983 4983 4983 3178 3178 3178
    3149 3149 3149 4983 4983 4983 4983 4983 4983 4983 4983 4983 4983
    4983 4983 4983 4983 4983 4983 4983 4983 4983 4911 4911 4983 4983
    4983 4983 4983 4983 4983 3178 3149 3149 3149 3149 3149 3149 3149
    4983 4983 4983 4983 4983 4983 4983 4983 4983 4983 4983 4983 4983
    4983 4983 4983 4983 4983 4911 4911 4983 4983 4983 4911 4911 4983
    4983 3149 3149 3149 3149 3149 3149 3149 3149 3120 3120 4983 4983
    4983 4983 4983 4983 4983 4983 4983 4983 4983 4983 4983 4983 4983
    4983 4911 4911 4983 4983 4983 4911 4911 4911 3092 3092 3120 3149
    3149 3149 3149 3149 3149 3120 3120 3120 5056 4983 4983 4983 4983
    4983 5056 4983 4983 4983 4983 4983 4983 4983 4983 4911 4911 4983
    4983 4911 4842 4842 3120 3092 3092 3120 3149 3120 3120 3120 3120
    3149 3120 3120 3120 3120 5056 4983 4983 5056 5056 5056 4983 4983
    4983 4983 4983 4983 4983 4983 4911 4983 4983 4983 4911 4842 3092
    3092 3092 3092 3120 3120 3120 3120 3120 3120 3149 3120 3120 3120
    3120 5056 5056 5056 5056 4983 4983 4983 4983 4983 4983 4983 4983
    4983 4983 4911 4911 4983 4983 3092 3064 3064 3092 3064 3064 3092
    3092 3120 3120 3149 3149 3149 3120 3120 3120 3120 3092 3092 5056
    5056 4983 4983 4911 4911 4983 4983 4983 4983 4983 4983 4911 4911
    4983 3120 3064 3064 3064 3064 3064 3064 3092 3092 3120 3120 3120
    3120 3120 3120 3120 3120 3120 3092 3092 3092 5056 4983 4983 4911
    4911 4983 4983 4983 4983 4983 4983 4911 4911 4983 3120 3064 3064
    3064 3064 3064 3064 3092 3092 3120 3120 3120 3120 3120 3120 3120
    3120 3120 3120 3092 3092 3092 3092 4911 4911 4983 4983 4983 4983
    4983 4983 4983 4911 4911 4983 4983 3064 3064 3064 3037 3037 3064
    3092 3092 3120 3120 3120 3120 3120 3120 3120 3120 3120 3120 3120
    3092 3092 3092 3120 4911 4911 4911 4983 4983 4983 4983 4983 4911
    4911 4983 3092 3037 3037 3037 3037 3037 3064 3092 3092 3120 3120
    3120 3120 3120 3120 3120 3120 3120 3120 3120 3120 3120 3120 3120
    3149 4911 4911 4911 4983 4983 4983 4983 4842 3120 3092 3092 3037
    3037 3037 3037 3037 3037 3064 3064 3092 3092 3092 3092 3092 3092
    3092 3120 3120 3120 3120 3120 3120 3120 3120 3120 3149 4911 4911
    4911 4983 4983 4983 3120 3120 3092 3064 3037 3037 3037 3037 3037
    3037 3064 3064 3092 3092 3092 3092 3092 3092 3092 3092 3120 3120
    3120 3120 3120 3120 3120 3120 3120 3092 3092 4911 4911 4911 4911
    3120 3120 3092 3064 3037 3037 3037 3037 3037 3037 3064 3064 3064
    3064 3064 3064 3064 3092 3092 3092 3120 3120 3120 3120 3120 3120
    3120 3120 3120 3092 3092 4911 4911 4911 4911 3120 3120 3092 3064
    3037 3037 3037 3037 3037 3037 3037 3037 3037 3064 3064 3064 3064
    3064 3064 3092 3092 3092 3092 3092 3120 3120 3120 3120 3120 3092
    3092 3092 4911 4911 4911 3120 3120 3120 3092 3064 3064 3037 3037
    3037 3010 3010 3010 3037 3037 3064 3037 3037 3037 3037 3064 3064
    3092 3092 3092 3064 3064 3092 3092 3120 3120 3092 3092 3092 4911
    4911 3120 3120 3120 3092 3064 3064 3064 3064 3037 3010 3010 3010
    3037 3037 3037 3037 3037 3037 3037 3037 3037 3064 3064 3064 3037
    3037 3064 3092 3092 3092 3120 3092 3092 3120 4911 3120 3120 3120
    3120 3120 3092 3064 3064 3064 3037 3010 3010 3037 3037 3037 3037
    3037 3037 3037 3037 3037 3064 3064 3064 3037 3037 3064 3092 3092
    3092 3120 3092 3092 3120 3120 4842 4842 3149 3149 3120 3092 3092
    3092 3092 3064 3037 3037 3037 3037 3037 3037 3037 3037 3037 3037
    3037 3037 3064 3064 3037 3037 3064 3092 3092 3092 3092 3092 3092
    3092 3120 4842 4842 4911 4911 3149 3120 3120 3092 3092 3064 3064
    3064 3037 3037 3037 3037 3037 3037 3037 3037 3037 3037 3037 3037
    3037 3064 3064 3092 3092 3092 3064 3064 3064 3092 3120 4911 4911
    4911 4911 4911 3149 3120 3120 3120 3092 3092 3064 3064 3064 3037
    3037 3037 3037 3037 3037 3037 3037 3037 3037 3037 3064 3064 3092
    3064 3064 3064 3064 3064 3092 3120 4911 4911 4911 4911 4911 4911
    3120 3120 3120 3092 3092 3064 3064 3064 3037 3037 3037 3037 3010
    3010 3010 3037 3037 3037 3037 3037 3037 3064 3037 3037 3092 3092
    3092 4911 4911 4842 4911 4911 4911 4911 4911 3120 3120 3120 3092
    3092 3092 3092 3064 3064 3037 3037 3037 3010 3010 3010 3037 3037
    3037 3037 3037 3037 3037 3037 3037 3037 3037 0 4911 4911 4842 4911
    4911 4911 4911 4911 4911 4842 4842 3092 3092 3092 3092 3064 3064
    3037 3037 3037 3010 3010 3010 3010 3037 3037 3037 3037 3037 3037
    3037 3037 3037 0 0 4911 4911 4842 4842 4911 4911 4911 4911 4911 4911
    4911 4911 4983 3120 3092 3064 3064 3037 3037 3037 3010 3010 3010
    3010 3010 3037 3037 3037 3037 3037 3037 3037 3037 3149 0 4911 0 4842
    4842 4911 4911 4911 4911 4911 4911 4911 4911 4911 3120 3120 3092
    3064 3037 3037 3037 3010 3010 3010 3010 3010 3037 3037 3037 3037
    3037 3037 3037 3149 0 0 0 0 4842 4842 4911 4911 4911 4911 4911 4911
    4911 4911 4911 4911 3120 3120 3092 3064 3037 3037 3037 3010 3010
    3010 3037 3037 3037 3037 3037 3037 3064 3064 3149 0 0 0 0 4842 4842
    4911 4911 4911 4911 4911 4911 4911 4911 4911 4911 4911 3120 3092
    3064 3064 3037 3037 3010 3010 3037 3037 3037 3037 3037 3037 3037
    3064 3064 3149 0 0 0 3037 4842 4842 4911 4911 4911 4911 4911 4911
    4911 4911 4911 4911 4842 3149 3120 3120 3064 3064 3037 3037 3037
    3037 3037 3037 3010 3010 3010 3010 3064 3064 3149 0 0 0 3037 4842
    4842 4911 4911 4911 4911 4911 4911 4911 4911 4911 4911 4842 4842
    4911 3120 3092 3064 3064 3064 3064 3037 3037 3010 3010 3010 3010
    3010 3010 4911 4911 0 0 0 0 4774 4774 4842 4842 4911 4911 4911 4911
    4911 4911 4911 4911 4911 4911 4911 4911 3092 3092 3092 3064 3064
    3037 3037 3010 3010 3010 3010 3010 4911 4911 4911 4911 3037 3037
    3037 4774 4774 4842 4842 4911 4911 4911 4911 4911 4911 4911 4911
    4911 4911 4911 4911 4842 3092 3092 3092 3064 3037 3037 3010 3010
    3010 3010 4842 4842 4911 4911 4911 3037 3037 3037 4774 4774 4842
    4842 4911 4911 4911 4911 4911 4911 4911 4911 4911 4911 4911 4911
    4842 4774 3092 3092 3064 3037 3037 3010 3010 3010 4774 4774 4774
    4774 4774 4774 3037 3037 3010 4842 4842 4842 4842 4911 4911 4911
    4911 4911 4911 4911 4911 4911 4911 4911 4911 4842 4774 3092 3092
    3037 3037 3037 3037 3037 4774 4774 4774 4774 4774 4774 4774 3037
    3037 3010</data></Depth14341>
</opencv_storage>
