<?xml version="1.0"?>
<opencv_storage>
<Depth5941 type_id="opencv-matrix">
  <rows>63</rows>
  <cols>53</cols>
  <dt>w</dt>
  <data>
    4041 4041 4041 4041 4041 4041 4041 4089 4089 1523 1523 1523 1523
    1523 1523 1529 1536 1543 1550 1557 1557 4190 4241 4089 4041 4041
    3994 1579 1579 1579 1579 4089 4139 4089 4041 4041 4089 4089 4089
    4041 4041 4089 4041 4041 4041 4041 4041 4041 4041 4041 4041 4041
    2883 4041 4041 4041 4041 4041 4041 1557 1543 1543 1523 1523 1523
    1523 1523 1523 1529 1529 1543 1543 1550 1557 1557 1557 1564 1572
    1572 1579 1579 1579 1579 1579 1579 1586 4089 4041 4041 4089 4089
    4041 4041 4041 4041 4041 4041 4041 4041 4041 4041 4041 4041 4041
    4041 2933 4041 4041 4041 4041 4041 1557 1557 1557 1543 1523 1523
    1523 1523 1523 1523 1529 1529 1543 1543 1550 1557 1557 1557 1557
    1564 1572 1572 1579 1579 1579 1579 1579 1586 1609 1609 1616 1616
    1616 1616 1632 1639 1639 4041 4041 4041 4041 4041 4041 4041 4041
    4041 4041 4041 4041 3994 3994 3994 1557 1550 1550 1550 1543 1523
    1523 1523 1523 1523 1523 1529 1529 1543 1543 1550 1557 1557 1550
    1550 1557 1557 1572 1572 1579 1579 1586 1594 1594 1601 1601 1609
    1616 1616 1616 1624 1639 1632 1632 1632 4041 4041 4041 4041 4041
    4041 4041 4041 4041 4041 3994 3994 3994 1557 1557 1550 1550 1543
    1523 1523 1523 1523 1523 1523 1529 1536 1543 1543 1543 1550 1557
    1550 1550 1550 1550 1564 1572 1572 1579 1586 1594 1601 1601 1601
    1609 1616 1616 1616 1616 1632 1632 1632 1632 1632 4041 4041 4041
    4041 4041 4041 4041 4041 4041 4041 1572 1572 1564 1557 1550 1550
    1543 1529 1523 1516 1516 1523 1523 1529 1529 1536 1536 1543 1543
    1550 1550 1550 1550 1550 1557 1564 1572 1579 1586 1594 1601 1601
    1601 1609 1616 1616 1616 1616 1616 1632 1632 1632 1632 4041 4041
    4041 4041 4041 4041 4041 3994 4089 1601 1572 1572 1564 1557 1550
    1550 1543 1529 1523 1516 1516 1523 1523 1529 1529 1529 1536 1536
    1543 1543 1550 1550 1550 1550 1557 1564 1572 1579 1586 1594 1601
    1601 1601 1609 1609 1609 1616 1616 1616 1632 1632 1639 1639 4041
    4041 4041 4041 4041 4041 3994 3994 1601 1601 1572 1572 1564 1557
    1550 1550 1543 1529 1523 1516 1516 1523 1523 1523 1529 1529 1529
    1536 1543 1543 1550 1550 1550 1550 1557 1572 1572 1579 1579 1586
    1601 1601 1601 1609 1609 1609 1609 1616 1616 1624 1624 1632 1632
    4041 4041 4041 3994 3994 4041 3994 3994 1594 1594 1586 1572 1564
    1557 1550 1550 1543 1529 1523 1516 1516 1516 1523 1523 1523 1529
    1529 1536 1543 1543 1543 1550 1550 1557 1564 1572 1572 1579 1579
    1579 1601 1601 1601 1601 1601 1609 1609 1616 1616 1624 1624 1632
    1632 3994 3994 4041 3994 3994 3994 3994 3037 1594 1594 1586 1579
    1572 1564 1557 1550 1543 1536 1523 1516 1516 1516 1516 1516 1516
    1523 1529 1536 1543 1543 1543 1550 1550 1550 1564 1572 1572 1579
    1579 1579 1594 1601 1601 1601 1601 1609 1609 1616 1624 1632 1624
    1624 1624 3994 3994 4041 4041 4041 3994 3010 3010 1586 1586 1586
    1586 1572 1572 1564 1550 1543 1536 1529 1516 1509 1509 1509 1509
    1516 1523 1529 1536 1543 1543 1543 1543 1550 1550 1557 1572 1572
    1579 1579 1586 1594 1601 1601 1601 1601 1609 1609 1616 1624 1624
    1624 1624 1624 4041 4041 4089 3037 3037 3037 3010 3010 1586 1586
    1586 1586 1579 1572 1564 1550 1543 1536 1523 1516 1509 1509 1509
    1509 1516 1523 1529 1536 1543 1543 1543 1543 1543 1550 1557 1572
    1572 1572 1572 1579 1586 1594 1601 1601 1601 1601 1609 1616 1624
    1624 1624 1624 1624 4089 4089 3037 3010 3010 3010 3010 3010 1594
    1594 1594 1594 1579 1572 1572 1557 1543 1536 1523 1516 1509 1509
    1509 1509 1516 1523 1529 1529 1536 1536 1543 1543 1543 1550 1564
    1572 1572 1572 1572 1579 1579 1594 1601 1601 1601 1601 1609 1616
    1616 1624 1616 1616 1616 4190 4190 3037 3010 2984 2984 2984 2958
    1594 1594 1594 1594 1579 1572 1572 1557 1550 1536 1523 1516 1509
    1509 1509 1509 1516 1523 1523 1529 1529 1536 1543 1543 1543 1550
    1564 1564 1572 1572 1572 1579 1579 1594 1594 1601 1601 1601 1609
    1609 1616 1616 1616 1609 1609 1609 3064 3037 3010 2984 2984 2984
    2958 4041 1601 1601 1594 1586 1572 1572 1550 1543 1536 1523 1516
    1516 1516 1516 1516 1516 1523 1523 1523 1523 1529 1536 1543 1550
    1550 1557 1564 1572 1572 1572 1579 1579 1594 1594 1601 1601 1601
    1609 1609 1616 1616 1616 1609 1609 1609 3037 3010 2958 2958 2933
    2933 2958 0 1594 1594 1594 1579 1572 1564 1550 1543 1536 1523 1516
    1516 1516 1516 1516 1523 1523 1529 1523 1523 1529 1529 1543 1550
    1550 1557 1564 1572 1572 1572 1579 1579 1594 1594 1594 1601 1601
    1609 1609 1609 1609 1616 1609 1609 1632 3037 3010 2958 2958 2933
    2933 2933 0 1586 1586 1586 1579 1572 1564 1550 1543 1536 1529 1523
    1516 1516 1516 1516 1523 1523 1523 1523 1523 1529 1529 1536 1543
    1543 1550 1557 1564 1572 1572 1579 1579 1586 1586 1594 1594 1601
    1609 1609 1609 1609 1616 1624 1624 1624 1624 3010 2958 2933 2933
    2933 2933 4089 1586 1586 1586 1579 1572 1564 1557 1543 1536 1529
    1523 1516 1516 1516 1516 1523 1523 1523 1523 1523 1523 1529 1536
    1543 1543 1550 1557 1564 1572 1572 1572 1572 1579 1579 1586 1594
    1601 1601 1609 1609 1609 1616 1616 1624 1624 1624 3010 2984 2933
    2933 2933 2933 4089 1586 1586 1579 1579 1572 1564 1557 1543 1536
    1529 1523 1516 1516 1516 1516 1516 1516 1523 1523 1523 1523 1523
    1536 1536 1543 1550 1557 1564 1564 1572 1572 1572 1579 1579 1586
    1586 1601 1601 1609 1609 1609 1609 1616 1616 1616 1616 3010 3010
    2984 2958 2933 2933 4089 1586 1586 1579 1579 1572 1564 1557 1550
    1543 1536 1523 1523 1516 1516 1516 1516 1516 1523 1523 1523 1523
    1523 1536 1536 1543 1550 1557 1557 1564 1564 1572 1572 1572 1579
    1579 1586 1594 1601 1601 1609 1609 1609 1609 1609 1609 1609 2984
    2984 2958 2958 2933 2933 4041 4139 1586 1586 1579 1572 1564 1557
    1550 1543 1536 1523 1516 1516 1516 1516 1516 1516 1516 1516 1523
    1523 1523 1529 1536 1543 1550 1557 1557 1564 1564 1572 1572 1572
    1572 1579 1586 1594 1601 1601 1609 1609 1609 1609 1609 1609 1609
    2958 2958 2958 2958 2933 2933 4139 4139 1586 1586 1586 1579 1572
    1557 1550 1543 1536 1523 1516 1516 1516 1516 1516 1516 1516 1516
    1516 1523 1523 1529 1536 1543 1550 1550 1557 1564 1564 1572 1572
    1572 1572 1579 1586 1594 1601 1601 1601 1601 1609 1609 1609 1609
    1609 2958 2958 2958 2933 2933 2933 4041 4041 1594 1594 1586 1579
    1572 1557 1550 1543 1536 1529 1516 1516 1509 1509 1516 1516 1516
    1516 1516 1523 1523 1529 1536 1543 1543 1550 1557 1564 1564 1572
    1572 1572 1572 1579 1586 1594 1594 1601 1601 1601 1609 1609 1609
    1609 1609 2958 2958 2958 2933 2933 2908 3994 3994 1594 1594 1586
    1579 1572 1557 1550 1543 1536 1529 1516 1516 1509 1509 1516 1516
    1516 1516 1516 1523 1523 1529 1543 1543 1543 1550 1557 1557 1564
    1564 1572 1572 1572 1579 1586 1586 1594 1601 1601 1601 1609 1609
    1609 1609 1609 2958 2958 2958 2933 2933 2908 3994 3994 3994 1586
    1579 1579 1572 1557 1550 1543 1536 1529 1516 1516 1509 1509 1509
    1516 1516 1516 1516 1523 1523 1529 1536 1543 1543 1543 1550 1557
    1557 1564 1572 1572 1572 1572 1579 1586 1594 1601 1601 1601 1609
    1609 1609 1609 1609 2958 2958 2933 2933 2933 2908 3994 3994 3994
    1586 1579 1579 1572 1557 1550 1543 1543 1529 1523 1516 1509 1509
    1509 1509 1516 1516 1516 1523 1523 1529 1536 1543 1543 1543 1550
    1557 1557 1557 1564 1564 1572 1572 1579 1586 1594 1601 1601 1601
    1609 1609 1609 1609 1609 2958 2958 2933 2933 2933 2933 3994 3994
    3994 1586 1579 1579 1579 1564 1550 1550 1543 1536 1523 1516 1509
    1509 1509 1509 1509 1516 1516 1516 1523 1523 1529 1536 1536 1543
    1543 1550 1557 1557 1564 1564 1564 1572 1579 1586 1594 1594 1601
    1601 1609 1609 1609 1609 1616 1616 2958 2933 2933 2933 2933 3994
    3994 3994 1586 1586 1586 1579 1579 1557 1550 1543 1529 1523 1516
    1509 1509 1503 1503 1509 1516 1516 1516 1523 1523 1523 1529 1536
    1543 1543 1550 1557 1557 1557 1557 1564 1572 1579 1586 1586 1594
