<?xml version="1.0"?>
<opencv_storage>
<Depth0394 type_id="opencv-matrix">
  <rows>7</rows>
  <cols>33</cols>
  <dt>w</dt>
  <data>
    0 0 0 0 0 0 0 0 0 0 0 0 6259 6259 0 6259 6259 6259 6259 6375 6146
    6146 6146 6146 6146 6259 6375 6259 6146 6146 6259 6259 6375 0 6259
    6259 6259 0 0 0 6259 6259 0 0 6259 6259 6259 6259 6259 6259 6259
    6259 6259 6146 6146 6146 6146 6146 6375 6259 6259 6259 6259 6259
    6375 6259 6259 6146 6146 6146 6259 0 6259 6259 6259 6259 6259 6259
    6259 6259 6259 6259 6259 6259 6259 6259 6259 6259 6259 6259 6259
    6259 6259 6259 6259 6259 6259 6259 6259 6259 6146 6146 6146 6259
    6259 6259 6259 6259 6259 6259 6259 6259 6259 6259 6259 6375 6259
    6259 6259 6259 6259 6259 6259 6259 6259 6259 6259 6259 6259 6259
    6259 6259 6259 6146 6146 6259 6146 6146 6259 6259 6259 6259 6259
    6259 6259 6259 6146 6146 6259 6259 6259 6375 6375 6375 6259 6259
    6375 6259 6259 6259 6259 6259 6259 6259 6259 6146 6146 6146 6146
    6038 6038 6259 6259 6259 6259 6259 6259 6259 6259 6146 6146 6146
    6146 6259 6375 6375 6375 6375 6375 6375 6375 6375 6259 6259 7332
    7332 7178 7178 6146 6146 6146 6146 6038 6038 6259 6259 6259 6259
    6259 6259 6259 6259 6146 6146 6146 6146 7492 7492 7492 7492 7492
    7660 7660 7660 7332 7332 7492 7332 7332 7178 7178</data></Depth0394>
</opencv_storage>
