<?xml version="1.0"?>
<opencv_storage>
<Depth3292 type_id="opencv-matrix">
  <rows>118</rows>
  <cols>96</cols>
  <dt>w</dt>
  <data>
    871 867 864 862 860 860 860 858 858 856 851 851 849 847 845 843 843
    841 841 841 839 837 835 835 835 833 833 831 831 829 827 827 825 825
    825 823 819 819 817 817 817 815 815 817 815 815 811 811 811 809 809
    807 807 807 805 803 803 802 802 802 802 800 798 798 796 796 796 794
    794 792 790 789 789 789 789 787 787 785 783 781 781 780 780 780 780
    785 0 0 0 0 0 0 0 0 0 0 871 867 867 862 860 860 860 858 858 856 851
    851 849 847 847 843 843 843 841 841 839 837 835 835 835 833 833 833
    831 827 827 827 827 825 825 823 819 819 817 817 815 815 815 815 815
    815 811 811 811 809 807 807 807 805 803 803 803 802 802 802 802 800
    798 798 796 796 794 794 794 792 790 789 789 789 789 787 785 785 783
    781 781 780 780 778 776 776 0 0 0 0 0 0 0 0 0 0 869 867 867 862 860
    860 860 858 856 851 851 851 849 847 847 845 843 843 841 841 841 839
    837 835 833 833 831 831 829 827 827 827 827 825 825 823 821 819 817
    817 815 815 815 815 813 813 811 811 811 807 807 805 805 805 803 803
    803 802 802 802 802 800 798 798 796 796 794 794 794 792 790 789 789
    789 789 787 785 785 783 783 781 780 780 778 776 776 0 0 0 0 0 0 0 0
    0 0 869 867 867 862 860 860 860 858 856 851 851 851 849 847 847 845
    845 843 841 841 841 839 837 835 833 833 831 831 829 827 827 825 825
    825 825 821 821 819 817 817 815 815 815 815 813 813 813 811 811 807
    807 805 805 805 803 803 803 803 802 802 802 800 798 798 796 796 794
    794 794 792 790 790 789 789 789 787 785 785 783 781 781 781 780 780
    778 778 0 0 0 0 0 0 0 0 0 0 871 867 867 862 860 860 860 858 858 856
    851 851 849 849 849 847 845 843 843 841 841 839 835 835 833 833 833
    831 831 827 827 825 825 823 823 821 821 819 817 817 817 815 815 815
    813 813 813 811 811 807 807 807 805 805 803 803 803 803 802 800 800
    798 796 796 796 796 794 794 792 792 790 790 790 789 789 789 785 783
    783 781 781 781 780 780 780 780 0 0 0 0 0 0 0 0 0 0 871 869 867 864
    860 860 860 858 858 858 854 851 851 849 849 847 847 843 843 841 841
    839 835 835 833 833 833 831 829 827 827 825 825 823 823 821 821 819
    817 817 817 815 815 815 813 813 811 811 811 809 807 807 805 805 805
    803 803 803 802 800 800 798 796 796 796 796 794 794 792 790 790 790
    790 789 789 789 785 783 783 781 781 781 781 780 780 780 0 0 0 0 0 0
    0 0 0 0 871 869 867 864 864 860 860 858 858 858 856 851 851 849 849
    849 847 843 843 841 841 839 835 835 833 833 833 831 829 827 827 825
    825 823 823 821 821 819 817 817 817 817 815 815 813 811 811 811 809
    809 807 807 805 805 805 803 803 803 802 800 800 798 798 798 796 796
    794 794 792 790 790 790 789 787 787 787 787 783 783 781 781 780 780
    780 780 780 0 0 0 0 0 0 0 0 0 0 871 869 867 864 864 860 860 858 858
    856 854 851 851 849 849 849 845 843 843 841 841 839 835 835 833 833
    833 831 831 827 827 825 825 823 823 821 821 819 819 819 817 817 817
    815 813 811 811 811 809 809 807 807 807 807 805 803 803 803 802 800
    800 800 798 798 798 796 796 794 792 792 790 789 789 787 787 787 787
    785 781 781 780 778 778 778 778 780 0 0 0 0 0 0 0 0 0 0 873 869 867
    864 864 860 860 860 858 854 854 851 849 849 849 849 845 843 843 841
    841 839 837 835 833 833 833 831 829 827 827 825 825 825 823 821 821
    819 819 819 817 817 817 815 813 811 811 811 809 809 807 807 807 807
    805 803 803 803 802 802 802 800 798 798 798 796 794 794 792 790 790
    789 789 787 787 787 787 785 781 781 780 778 778 778 778 778 778 0 0
    0 0 0 0 0 0 0 873 869 867 867 864 862 860 860 858 854 851 851 849
    849 849 847 845 843 843 841 841 839 837 835 833 833 833 831 829 829
    827 825 825 825 823 819 819 819 819 819 817 817 817 813 813 811 811
    811 809 809 807 807 807 805 805 803 803 803 802 802 800 800 798 798
    796 796 794 794 794 790 790 789 789 789 787 787 785 785 781 781 780
    780 780 778 778 778 778 780 0 0 0 0 0 0 0 0 873 869 869 867 864 862
    860 860 858 854 851 851 849 849 847 845 845 843 843 841 841 839 835
    835 833 833 833 833 833 829 827 827 825 825 823 819 819 819 819 819
    819 817 815 813 813 813 811 811 809 809 807 805 805 805 803 803 803
    803 802 802 800 800 798 796 796 796 794 794 794 792 790 789 789 789
    787 787 785 785 781 781 780 780 780 780 780 780 780 780 0 0 0 0 0 0
    0 0 869 869 869 867 864 862 860 860 858 854 854 851 849 849 847 845
    845 843 843 843 841 839 835 835 833 833 833 831 831 829 827 827 825
    825 823 821 819 819 819 819 817 817 815 813 813 813 811 811 809 809
    807 805 805 805 803 803 803 803 803 802 800 800 796 796 796 796 794
    794 794 792 790 789 789 787 787 785 785 783 781 781 780 780 780 780
    780 780 780 780 0 0 0 0 0 0 0 0 869 867 867 867 864 862 860 860 858
    854 851 851 849 849 847 847 845 843 843 843 841 839 835 835 835 833
    833 831 829 829 829 827 825 825 823 821 819 819 819 819 817 817 817
    815 813 813 811 811 809 809 809 805 805 803 803 803 803 803 802 802
    800 800 796 796 794 794 794 794 794 792 789 789 789 787 787 785 783
    783 781 781 780 780 778 776 774 774 776 0 0 0 0 0 0 0 0 0 869 867
    867 864 862 862 860 860 856 854 851 851 851 849 849 847 845 843 843
    841 841 839 835 835 835 833 833 831 829 827 827 827 825 823 823 821
    819 819 817 817 817 817 817 815 815 813 811 811 811 809 809 805 805
    803 803 803 803 803 802 802 800 798 796 796 794 794 794 792 792 790
    789 789 789 787 787 785 783 783 781 781 781 780 778 776 774 774 776
    0 0 0 0 0 0 0 0 0 869 869 867 864 862 862 860 860 854 854 851 851
    851 849 849 847 845 843 843 841 841 839 837 835 835 833 833 831 829
    827 827 827 825 823 823 821 819 819 817 817 817 817 817 815 815 815
    813 811 811 809 809 809 805 803 803 803 803 803 802 802 800 798 798
    796 796 794 794 792 792 790 789 789 789 787 787 785 785 783 781 781
    781 780 778 776 774 774 774 0 0 0 0 0 0 0 0 0 871 869 867 864 862
    862 860 858 854 854 851 851 849 849 849 847 845 843 843 841 841 837
    837 835 835 833 833 833 831 829 827 827 825 825 821 821 819 819 817
    817 817 815 815 813 813 813 811 811 811 809 809 809 807 805 803 803
    803 803 802 800 800 798 798 796 796 794 794 794 794 792 789 789 789
    787 787 787 785 783 781 781 781 780 778 776 774 773 773 0 0 0 0 0 0
    0 0 0 871 869 867 864 862 862 860 858 856 854 851 851 849 849 849
    847 845 843 843 841 841 837 837 835 835 833 833 833 831 829 827 827
    825 825 821 821 819 819 819 817 817 815 815 813 811 811 811 811 811
    809 809 809 809 807 805 803 803 803 802 800 800 798 798 796 796 794
    794 794 792 790 790 789 789 789 785 785 785 783 781 781 781 780 778
    776 774 773 773 0 0 0 0 0 0 0 0 0 871 869 867 864 862 862 860 858
    856 854 854 851 849 849 847 847 847 843 843 841 839 839 837 835 835
    833 833 831 831 829 827 827 825 825 821 821 819 819 819 817 817 815
    813 813 811 811 811 809 809 809 809 809 807 805 805 803 803 803 803
    802 800 798 798 796 796 794 794 794 792 790 790 790 789 787 785 785
    785 783 781 781 780 780 778 776 774 774 774 0 0 0 0 0 0 0 0 0 873
    869 867 864 862 862 860 858 858 856 854 854 849 849 847 847 845 843
    843 843 839 839 835 835 835 833 833 831 831 829 827 825 825 825 823
    819 819 819 819 817 815 815 813 813 813 811 811 809 809 809 809 807
    805 805 803 803 803 803 802 802 800 800 798 796 796 794 794 794 792
    792 790 790 789 787 787 785 783 783 780 780 780 780 778 776 774 774
    774 0 0 0 0 0 0 0 0 0 875 871 867 864 862 862 860 858 858 856 854
    854 849 849 847 847 845 843 843 841 839 839 835 835 835 833 833 833
    831 829 827 825 825 823 823 819 819 819 819 817 815 815 813 813 811
    811 811 809 809 809 807 805 805 803 803 803 803 802 802 802 800 800
    798 796 796 794 794 792 792 792 790 790 789 789 785 785 781 781 780
    780 780 780 778 776 774 774 774 0 0 0 0 0 0 0 0 0 875 869 867 867
    864 862 860 858 858 856 854 854 849 849 847 845 845 843 841 841 839
