<?xml version="1.0"?>
<opencv_storage>
<Depth14049 type_id="opencv-matrix">
  <rows>54</rows>
  <cols>49</cols>
  <dt>w</dt>
  <data>
    4405 4349 4349 4349 4349 4405 4405 4405 4405 4405 4463 4463 4463
    4463 4463 4463 4405 4405 4405 4349 4349 4349 2028 2028 2028 2028
    2016 2016 2028 4349 4349 4349 4349 4349 4349 4295 4295 4295 4295
    4349 4405 4405 4349 4349 4349 4349 4349 4349 4349 4405 4405 4405
    4405 4405 4405 4405 4405 4405 4405 4463 4463 4463 4463 4463 4463
    4349 4349 4405 4295 4295 2016 2016 2028 2028 2028 2016 2016 2028
    2028 4349 4349 4405 4349 4349 4295 4295 4295 4295 4349 4405 4405
    4349 4349 4349 4349 4349 4349 4349 4405 4405 4405 4405 4405 4405
    4405 4405 4405 4405 4463 4463 4463 4463 4463 4463 4349 1981 1981
    1993 1993 2016 2016 2028 2028 2028 2016 2016 2016 2016 2016 4405
    4405 4349 4349 4349 4349 4349 4349 4349 4405 4405 4349 4349 4405
    4349 4349 4349 4349 4405 4405 4405 4405 4405 4405 4405 4405 4405
    4405 4463 4463 4463 4463 4463 4463 2005 1981 1981 1993 1993 2016
    2016 2016 2016 2016 2028 2016 2016 2016 2016 2016 4463 4405 4405
    4405 4349 4349 4349 4349 4349 4349 4405 4405 4405 4405 4405 4349
    4349 4405 4405 4405 4405 4405 4405 4405 4405 4405 4405 4463 4405
    4405 4463 4463 1993 1993 2005 1993 1993 2005 2016 2016 2016 2016
    2016 2016 2016 2016 2016 2016 2016 2040 4295 4295 4405 4405 4349
    4349 4349 4349 4349 4349 4405 4405 4405 4405 4405 4405 4405 4405
    4405 4405 4405 4405 4405 4405 4405 4405 4405 4405 4405 1993 1993
    1993 1993 2005 2005 2005 2005 2016 2016 2028 2028 2028 2016 2016
    2016 2016 2028 2028 2040 4295 4295 4405 4463 4405 4349 4349 4349
    4349 4349 4349 4405 4405 4463 4405 4405 4405 4405 4405 4405 4405
    4405 4405 4405 4405 4405 4405 1993 1993 1993 1993 1993 2005 2005
    2005 2005 2005 2016 2016 2016 2016 2016 2028 2016 2016 2016 2028
    2028 2028 2028 4463 4463 4463 4405 4349 4349 4349 4349 4349 4349
    4349 4405 4405 4405 4405 4405 4405 4405 4405 4405 4405 4405 4405
    1993 1993 1981 1981 1981 1981 1993 1993 2005 2005 2005 2005 2005
    2016 2016 2016 2016 2016 2016 2016 2016 2016 2016 2016 2016 2028
    2028 4582 4522 4405 4349 4349 4349 4349 4349 4349 4349 4405 4405
    4405 4349 4405 4405 4405 4405 4405 4405 4405 1993 1993 1993 1981
    1981 1981 1981 1993 1993 2005 2005 2005 2005 2005 2005 2016 2016
    2016 2016 2016 2016 2016 2016 2016 2016 2016 2016 2016 4582 4522
    4463 4405 4349 4349 4349 4349 4349 4405 4405 4405 4405 4349 4405
    4405 4405 4405 4405 4405 1993 1993 1993 1993 1981 1981 1981 1993
    1993 1993 2005 2005 2005 2005 2005 2005 2005 2005 2005 2016 2016
    2016 2016 2016 2016 2016 2016 2016 2028 2028 4522 4463 4405 4405
    4349 4349 4349 4349 4349 4349 4349 4349 4349 4405 4405 4405 4405
    4405 1993 1993 1993 1993 1993 1993 1993 1993 1993 1993 2005 2005
    2005 2005 2005 2005 2005 2005 2005 2005 2016 2016 2016 2016 2016
    2016 2016 2005 2005 2005 2005 2005 4405 4405 4405 4405 4349 4349
    4349 4349 4349 4349 4349 4349 4405 4405 4405 4405 4405 1981 1981
    1981 1993 1993 1993 1993 1993 1993 1993 2005 2005 2005 2005 1993
    1993 2005 2005 2005 2005 2016 2016 2016 2016 2016 2016 2016 2005
    2005 2005 2005 2005 4405 4405 4463 4405 4405 4349 4349 4349 4349
    4349 4349 4295 4349 4405 4405 1970 1970 1970 1981 1981 1993 1993
    1993 1993 1993 1993 1993 2005 2005 2005 2005 1993 1993 2005 2005
    2005 2005 2005 2016 2016 2016 2016 2005 2005 2016 2005 2005 2016
    2016 4405 4405 4463 4405 4405 4405 4405 4349 4349 4349 4349 4295
    4349 4349 1981 1981 1970 1970 1981 1981 1993 1993 1993 1993 1993
    1993 2005 2005 2005 2005 2005 2005 2005 2005 2005 2005 2005 2005
    2016 2016 2016 2016 2005 2005 2016 2005 2005 2016 2016 4522 4522
    4463 4463 4405 4405 4405 4349 4349 4349 4349 4349 2028 2016 2005
    1981 1981 1981 1981 1981 1993 1993 1993 1993 1993 1993 2005 2005
    2016 2016 2005 2005 2005 2005 2005 2005 2005 2005 2016 2016 2016
    2016 2016 2016 2016 2016 2016 2016 2016 2028 4522 4522 4463 4405
    4405 4405 4405 4405 4295 4295 4349 2028 2016 2005 1981 1981 1981
    1981 1981 1993 1993 1993 1993 1993 1993 2005 2005 2005 2005 2005
    2005 2005 2005 2005 2005 2005 2005 2005 2016 2016 2016 2016 2016
    2016 2016 2016 2016 2016 2016 2016 4522 4463 4405 4405 4405 4405
    4405 4295 4295 4349 2028 2028 2005 1993 1981 1981 1981 1981 1993
    1993 1993 1993 2005 2005 2005 2005 2005 2005 2005 2005 2016 2016
    2016 2005 2005 2005 2005 2016 2016 2016 2016 2016 2016 2016 2016
    2016 2016 2016 2016 2016 4463 4405 4405 4405 4405 4349 4349 4349
    4349 2040 2040 2016 1993 1981 1981 1981 1981 1993 1993 1993 1993
    1993 1993 1993 1993 1993 1993 1993 1993 2005 2016 2016 2016 2005
    2005 2005 2005 2016 2016 2016 2028 2028 2016 2016 2016 2016 2016
    2016 2016 4463 4405 4405 4405 4349 4349 4349 4349 4405 2053 2040
    2028 2016 1993 1981 1981 1981 1993 1993 1993 1993 1993 1993 1993
    1993 1993 1993 1993 1993 2005 2005 2005 2005 2005 2005 2005 2005
    2005 2016 2016 2028 2028 2016 2016 2016 2016 2016 2016 2016 2016
    4405 4405 4405 4349 4349 4349 4349 4405 2065 2053 2040 2028 2005
    1993 1981 1981 1993 1993 1993 1993 1993 1993 1993 1993 1993 1993
    1993 1993 1993 1993 2005 2005 2005 2005 1993 1993 2005 2005 2016
    2016 2016 2016 2016 2016 2016 2016 2016 2016 2016 4405 4349 4349
    4349 4349 4349 4349 4349 2065 2065 2053 2040 2016 2005 1993 1993
    1993 1993 1993 1993 1993 1993 1993 1993 1993 1993 1993 1993 1993
    1993 2005 2005 2005 1993 1993 1993 1993 1993 2005 2016 2016 2028
    2016 2016 2016 2016 2016 2016 2016 2016 4349 4349 4349 4349 4349
    4295 4295 2078 2065 2065 2053 2028 2016 2005 2005 2005 2005 1993
    1993 1993 1993 1993 1993 1993 1993 1993 1993 2005 2005 2005 2005
    2005 1993 1993 1993 1993 1993 2005 2005 2005 2005 2016 2016 2016
    2016 2016 2016 2016 2016 4405 4405 4349 4349 4349 4295 4295 4522
    2078 2065 2065 2040 2028 2016 2016 2005 1993 1993 1993 1993 1993
    1993 1993 1993 1993 1993 1993 1993 2005 2005 2005 2005 1993 1993
    1993 1993 1993 1993 2005 2005 2005 2016 2016 2016 2016 2016 2016
    2016 2016 2016 4463 4349 4349 4349 4295 4295 4463 4463 2065 2065
    2065 2040 2016 2016 2005 1993 1993 1993 1993 1993 1993 1993 1993
    1993 1993 1993 1993 1993 1993 2005 2005 2005 1993 1993 1993 1993
    1993 2005 2005 2016 2016 2016 2016 2028 2016 2016 2016 2016 2016
    2028 4349 4349 4349 4349 4349 4463 4463 2065 2065 2065 2053 2028
    2016 2005 2005 1993 1993 1993 1993 1993 1993 1993 1993 1993 1993
    1993 1993 1993 2005 2005 2005 1993 1993 1993 1993 1993 2005 2005
    2016 2016 2016 2016 2016 2016 2016 2016 2016 2028 2028 2028 4405
    4405 4405 4349 4405 4405 4405 2078 2065 2053 2028 2028 2016 2005
    1993 1993 1993 1993 1993 1993 1993 1993 1993 1993 1993 1993 1993
    1993 2005 2005 2005 1993 1993 2005 2005 2005 2005 2016 2005 2005
    2016 2016 2016 2016 2016 2028 2016 2016 2005 2005 4405 4405 4405
    4405 4405 4405 2090 2040 2040 2040 2040 2028 2005 2005 1993 1993
    1993 1993 1993 1993 1993 1993 1993 1993 1993 1993 1993 1993 1993
    2005 2005 2005 2005 2005 2005 2005 2016 2005 2005 2005 2005 2016
    2016 2016 2016 2016 2016 2005 1993 1993 4405 4405 4405 4405 4349
    4349 2040 2040 2053 2053 2040 2028 2005 2005 2005 1993 1993 1993
    1993 1993 1993 1993 1993 1993 1993 1993 1993 1993 2005 2005 2005
    2005 2005 2005 2005 2005 2005 2005 2005 2005 2016 2016 2016 2016
    2016 2005 2005 1993 1993 1993 4405 4405 4405 4349 4349 2028 2028
    2053 2065 2040 2040 2028 2005 2005 1993 1993 1993 1993 1993 1993
    1993 1993 1993 1993 1993 1993 1993 2005 2005 2016 2016 2005 2005
    2005 2005 2005 2005 2005 2005 2005 2016 2016 2016 2016 2005 2005
    2005 2005 2005 4405 4405 4405 4349 4349 2028 2028 2053 2065 2053
    2040 2028 2016 2005 2005 1993 1993 1993 1993 1993 1993 1993 2005
    2005 1993 1993 1993 1993 2005 2005 2005 2005 2005 2005 2005 2005
    2005 2005 2005 2005 2016 2016 2016 2016 2005 2005 2005 2005 2005
    4405 4405 4405 4349 4349 4349 4349 2065 2065 2065 2040 2028 2028
