<?xml version="1.0"?>
<opencv_storage>
<Depth3437 type_id="opencv-matrix">
  <rows>23</rows>
  <cols>6</cols>
  <dt>w</dt>
  <data>
    5291 5374 5460 5460 5460 5640 5210 5374 5460 5548 5548 5640 5132
    5460 5460 5548 5548 5640 5132 5374 5460 5548 5640 5640 5132 5291
    5374 5460 5548 5548 5132 5291 5374 5460 5548 5548 5132 5291 5374
    5460 5548 5548 5210 5291 5374 5460 5548 5548 5210 5291 5374 5460
    5548 5548 5210 5291 5374 5460 5548 5548 5210 5291 5374 5460 5548
    5548 5210 5291 5460 5460 5548 5548 5210 5291 5460 5460 5548 5640
    5210 5291 5374 5548 5640 5734 5210 5291 5374 5460 5548 5640 5210
    5291 5374 5460 5548 5640 5210 5291 5374 5460 5460 5548 5210 5291
    5374 5460 5460 5548 5210 5291 5374 5460 5548 5640 5210 5374 5374
    5460 5548 5734 5210 5291 5460 5460 5548 5734 5132 5210 5374 5460
    5548 5734 5056 5132 5374 5460 5548 5734</data></Depth3437>
</opencv_storage>
