<?xml version="1.0"?>
<opencv_storage>
<Depth13340 type_id="opencv-matrix">
  <rows>22</rows>
  <cols>15</cols>
  <dt>w</dt>
  <data>
    7030 4708 4708 4708 4708 4645 4645 4582 4582 4645 4645 4582 4582
    4463 4463 7030 4708 4708 4708 4708 4645 4645 4582 4582 4582 4582
    4582 4582 4463 4463 4774 4708 4708 4708 4708 4645 4645 4582 4582
    4582 4582 4582 4582 4582 4463 4774 4774 4708 4708 4708 4645 4645
    4582 4582 4582 4582 4645 4582 4582 4582 7178 4774 4708 4708 4708
    4645 4645 4645 4582 4522 4522 4582 4582 4582 4582 7332 4842 4774
    4708 4708 4645 4645 4645 4582 4522 4522 4582 4582 4582 4522 7178
    4842 4774 4708 4708 4645 4645 4645 4582 4582 4582 4582 4582 4582
    4522 7030 4842 4842 4708 4708 4645 4645 4645 4582 4582 4582 4582
    4582 4582 4582 7030 4842 4842 4708 4708 4645 4645 4645 4582 4582
    4582 4582 4582 4582 4582 4842 4842 4842 4708 4708 4645 4645 4582
    4582 4582 4582 4582 4582 4582 4582 4708 4708 4774 4774 4708 4645
    4582 4522 4522 4582 4582 4582 4582 4582 6889 4708 4708 4708 4708
    4645 4645 4582 4522 4522 4582 4582 4582 4582 4582 7030 4708 4708
    4708 4708 4645 4645 4582 4522 4522 4582 4645 4645 4582 4582 7030
    4774 4708 4708 4708 4645 4645 4645 4582 4582 4582 4645 4645 4582
    4463 4463 4774 4708 4708 4708 4645 4645 4645 4645 4645 4645 4645
    4582 4522 4463 4463 4774 4708 4708 4708 4645 4645 4645 4645 4645
    4645 4582 4522 4522 4522 7178 4774 4708 4708 4645 4645 4582 4582
    4582 4582 4582 4582 4522 4522 7332 7332 7178 4708 4645 4645 4645
    4582 4582 4582 4522 4522 4522 4522 4522 7332 7332 7178 7332 4645
    4645 4645 4582 4582 4582 4522 4522 4522 4522 4522 7332 7332 7332
    7332 7332 4645 4645 4582 4582 4582 4522 4522 4522 4522 4522 4522
    7332 7178 7178 7178 7178 4708 4708 4645 4582 4522 4522 4522 4522
    4522 4522 7332 7178 7178 7178 7030 7030 7030 4708 4708 4522 4522
    4522 4522 4522 4522 7332</data></Depth13340>
</opencv_storage>
