<?xml version="1.0"?>
<opencv_storage>
<Depth9699 type_id="opencv-matrix">
  <rows>41</rows>
  <cols>86</cols>
  <dt>w</dt>
  <data>
    4041 4041 1452 1452 1452 1445 1445 1445 1445 1452 1452 1452 1452
    3994 3994 3994 3948 1458 1452 1433 1427 1427 1427 1427 1433 3948
    3948 3903 3903 3903 3903 3903 3903 3903 3903 3903 3859 3859 3859
    3859 3859 3859 3859 3816 3816 3816 3816 3816 3774 3774 3774 3816
    3816 3816 3816 3816 3774 3774 3732 3732 3692 3692 3653 3653 3653
    3653 3653 3692 3732 3774 3816 3816 3816 3774 3774 2984 2984 2933
    2908 2883 2883 2908 2908 2908 2883 2883 4041 1464 1452 1452 1445
    1445 1445 1439 1439 1439 1439 1439 1439 1427 1427 1427 1433 1439
    1433 1427 1427 1427 1427 1427 1427 1427 1427 1427 3903 3903 3903
    3903 3903 3903 3903 3859 3859 3859 3859 3903 3859 3816 3816 3816
    3816 3816 3816 3774 3774 3774 3774 3774 3774 3774 3774 3774 3774
    3774 3732 3732 3692 3692 3653 3653 3653 3653 3653 3653 3692 3692
    3732 3774 3774 3774 3774 2984 2984 2933 2908 2883 2883 2883 2883
    2883 2883 2883 4089 1458 1452 1445 1445 1439 1439 1433 1427 1427
    1427 1433 1427 1427 1427 1427 1427 1427 1427 1427 1427 1427 1427
    1427 1421 1421 1421 1415 1415 1410 1410 1410 1410 1410 1410 1410
    1404 1404 1404 1410 1410 3816 3816 3816 3816 3816 3774 3774 3774
    3774 3774 3774 3774 3774 3774 3774 3774 3774 3774 3732 3732 3732
    3653 3653 3653 3653 3653 3653 3653 3653 3653 3692 3692 3732 2984
    2984 2984 2933 2908 2883 2883 2883 2883 2883 2908 2883 4041 1452
    1452 1445 1439 1433 1427 1427 1427 1427 1427 1427 1427 1421 1421
    1421 1421 1427 1421 1421 1421 1421 1421 1421 1415 1415 1415 1415
    1415 1410 1410 1410 1410 1410 1410 1410 1404 1404 1404 1410 1410
    1404 1404 1410 1410 1410 1410 3774 3774 3774 3774 3774 3774 3774
    3774 3774 3774 3774 3732 3732 3732 3732 3732 3653 3653 3653 3614
    3614 3614 3614 3614 3653 3653 3692 2984 2984 2958 2933 2908 2883
    2883 2908 2883 2883 2883 2883 3994 1452 1445 1439 1433 1427 1427
    1427 1421 1421 1421 1421 1415 1415 1415 1415 1421 1415 1415 1415
    1415 1415 1410 1410 1410 1410 1410 1410 1410 1410 1410 1410 1410
    1410 1410 1404 1404 1404 1404 1404 1404 1404 1404 1404 1404 1404
    1398 1398 1398 3774 3774 3774 3774 3774 1410 1410 3774 3732 3732
    3732 3732 3732 3692 3653 3653 3653 3614 3614 3614 3614 3614 3614
    3614 3692 2984 2933 2908 2908 2908 2908 2908 2883 2883 2883 2883
    2883 1452 1445 1445 1433 1427 1421 1421 1421 1421 1415 1415 1415
    1410 1410 1410 1410 1410 1404 1404 1404 1404 1404 1404 1404 1404
    1404 1404 1404 1404 1404 1404 1404 1404 1404 1404 1404 1404 1398
    1398 1398 1398 1398 1398 1398 1398 1392 1392 1392 1392 1392 1392
    1392 1387 1387 1387 1387 1387 1381 1381 1381 1381 1381 1387 1387
    1392 3653 3614 3614 3614 3614 3576 3576 3614 3692 3692 2933 2908
    2908 2908 2908 2908 2883 2883 2883 2883 2883 1445 1439 1439 1427
    1421 1415 1415 1415 1410 1410 1410 1404 1404 1404 1404 1404 1404
    1404 1404 1404 1398 1398 1404 1398 1398 1398 1404 1404 1404 1398
    1398 1398 1398 1398 1398 1398 1398 1392 1392 1392 1392 1392 1392
    1392 1387 1387 1387 1387 1387 1387 1387 1387 1381 1381 1381 1381
    1381 1381 1381 1381 1381 1381 1381 1381 1381 1381 1381 1381 1381
    1381 1376 1370 1370 3692 3692 2984 2883 2883 2883 2883 2883 2883
    2883 2883 2883 2883 1439 1433 1427 1415 1415 1404 1404 1404 1404
    1404 1404 1404 1404 1404 1398 1398 1398 1398 1398 1398 1398 1398
    1398 1398 1392 1392 1392 1392 1392 1387 1387 1387 1387 1387 1387
    1387 1387 1387 1387 1387 1387 1387 1381 1381 1381 1381 1381 1381
    1381 1381 1381 1381 1381 1381 1376 1376 1376 1376 1376 1376 1381
    1381 1381 1376 1376 1376 1370 1370 1370 1376 1376 1370 1370 1387
    1387 2859 2859 2859 2883 2883 2883 2883 2883 2883 2883 2859 1439
    1427 1421 1410 1404 1398 1398 1398 1398 1398 1398 1392 1392 1392
    1392 1392 1392 1392 1392 1387 1387 1387 1381 1381 1381 1381 1387
    1387 1387 1387 1381 1381 1376 1376 1381 1381 1387 1381 1381 1381
    1381 1381 1376 1376 1370 1370 1370 1370 1370 1376 1376 1376 1376
    1376 1370 1370 1370 1370 1370 1370 1376 1370 1370 1370 1370 1370
    1370 1370 1370 1370 1370 1370 1370 1381 1381 2859 2859 2859 2883
    2883 2883 2883 2883 2883 2859 2859 1439 1421 1404 1398 1398 1398
    1392 1392 1398 1392 1392 1387 1381 1381 1387 1387 1381 1381 1381
    1381 1381 1381 1376 1376 1376 1376 1381 1381 1381 1381 1381 1381
    1370 1370 1376 1376 1376 1376 1376 1376 1376 1376 1370 1370 1365
    1365 1365 1365 1365 1365 1365 1365 1365 1365 1365 1365 1365 1365
    1365 1365 1365 1365 1365 1365 1365 1365 1365 1365 1365 1365 1365
    1365 1370 1370 1370 2859 2859 2859 2883 2883 2883 2883 2883 2883
    2859 2859 4041 1421 1398 1387 1381 1381 1387 1387 1387 1387 1381
    1381 1381 1376 1376 1376 1376 1376 1376 1376 1376 1376 1376 1370
    1370 1370 1370 1370 1376 1376 1376 1370 1365 1365 1370 1370 1370
    1370 1370 1370 1370 1370 1365 1365 1365 1359 1359 1365 1359 1359
    1359 1359 1365 1359 1359 1359 1359 1359 1365 1359 1359 1359 1359
    1359 1359 1359 1359 1359 1359 1359 1365 1365 1365 1365 1365 2859
    2859 2859 2883 2883 2883 2883 2883 2859 2859 2859 1398 1398 1398
    1387 1376 1370 1365 1365 1365 1365 1376 1376 1376 1370 1365 1365
    1370 1370 1370 1370 1370 1370 1370 1365 1359 1359 1365 1370 1370
    1370 1365 1365 1365 1365 1365 1365 1365 1365 1365 1365 1359 1359
    1359 1359 1359 1359 1359 1359 1359 1359 1359 1359 1359 1354 1354
    1354 1354 1359 1359 1359 1359 1354 1354 1354 1354 1354 1354 1349
    1349 1354 1354 1354 1354 1354 1354 1328 2908 2908 2883 2883 2883
    2883 2883 2859 2859 2859 0 1343 1376 1376 1376 1359 1359 1359 1359
    1359 1359 1359 1354 1354 1359 1359 1359 1359 1359 1354 1354 1359
    1359 1359 1359 1359 1365 1365 1365 1365 1365 1359 1359 1359 1359
    1359 1365 1359 1359 1354 1354 1354 1354 1354 1354 1354 1354 1354
    1354 1354 1354 1354 1354 1349 1349 1349 1349 1349 1354 1354 1354
    1349 1349 1349 1343 1343 1343 1343 1343 1349 1349 1349 1343 1338
    1328 1328 1328 2984 2908 2883 2883 2883 2883 2883 2859 2859 0 0 1343
    1354 1354 1354 1354 1359 1359 1359 1354 1354 1354 1349 1349 1349
    1349 1349 1354 1354 1354 1354 1354 1354 1354 1354 1359 1359 1359
    1359 1359 1359 1359 1359 1359 1359 1359 1354 1349 1349 1349 1349
    1349 1349 1349 1349 1349 1349 1349 1349 1349 1349 1343 1343 1343
    1343 1343 1343 1343 1343 1343 1343 1343 1343 1343 1343 1343 1338
    1338 1343 1343 1343 1338 1338 1328 1328 1328 2908 2908 2883 2883
    2883 2883 2883 2859 2859 3859 1338 1343 1343 1343 1349 1354 1354
    1354 1354 1354 1349 1349 1343 1343 1343 1343 1343 1343 1338 1338
    1338 1343 1349 1343 1343 1349 1349 1349 1349 1349 1349 1349 1349
    1349 1349 1349 1343 1343 1343 1338 1338 1338 1343 1343 1343 1343
    1343 1343 1343 1343 1343 1338 1338 1338 1338 1338 1338 1338 1338
    1338 1338 1338 1338 1338 1333 1333 1328 1328 1333 1333 1333 1333
    1333 1333 1333 1333 2908 2908 2908 2883 2883 2883 2859 2859 2859
    3859 1338 1338 1338 1338 1343 1349 1349 1343 1343 1343 1343 1343
    1338 1338 1338 1338 1338 1338 1333 1333 1333 1333 1338 1338 1338
    1343 1343 1343 1343 1343 1343 1343 1343 1338 1338 1338 1338 1338
    1338 1333 1333 1338 1338 1338 1338 1338 1338 1338 1338 1333 1333
    1338 1338 1338 1338 1338 1338 1338 1338 1338 1333 1333 1333 1333
    1328 1328 1328 1328 1328 1328 1328 1328 1328 1328 1328 1328 2908
    2908 2908 2883 2883 2883 2859 2859 2835 3816 3816 1338 1338 1338
    1338 1338 1338 1338 1338 1338 1338 1338 1333 1333 1333 1333 1333
    1333 1333 1328 1328 1333 1333 1333 1333 1333 1333 1333 1338 1338
    1338 1338 1333 1333 1333 1333 1333 1333 1328 1322 1322 1328 1328
    1328 1328 1328 1328 1328 1328 1322 1322 1328 1328 1328 1328 1328
    1328 1328 1328 1328 1328 1328 1328 1328 1322 1322 1322 1322 1328
    1328 1328 1328 1322 1322 1317 1317 1317 2958 2883 2883 2883 2883
    2859 2835 2812 3816 1338 1338 1338 1333 1333 1333 1333 1333 1333
