<?xml version="1.0"?>
<opencv_storage>
<Depth11034 type_id="opencv-matrix">
  <rows>91</rows>
  <cols>56</cols>
  <dt>w</dt>
  <data>
    3503 3503 3468 3468 3468 3433 3399 3399 3399 3399 3399 3399 3433
    3399 3399 3399 3399 3365 3333 3333 3333 3300 3300 3269 3269 3269
    3269 3269 3238 3238 3238 3208 3208 3238 3208 3208 3178 1245 1245
    1241 1241 3149 3149 3149 3149 3120 3120 3092 3092 3092 3064 3064
    3064 3064 3064 3037 3503 3503 3503 3503 3468 3433 3433 3399 3399
    3399 3399 3399 3433 3433 3399 3399 3399 3365 3365 3333 3333 3300
    3300 3269 3269 3269 3269 3269 3269 3238 3238 3208 3208 3238 3208
    3208 1250 1245 1245 1241 1241 1241 1241 3149 3149 3120 3120 3120
    3092 3064 3037 3037 3064 3064 3064 3037 3503 3503 3503 3468 3468
    3433 3433 3399 3399 3399 3399 3399 3433 3433 3399 3399 3399 3399
    3365 3333 3333 3300 3300 3300 3300 3269 3269 3269 3269 3269 3238
    3238 3238 3238 1245 1245 1250 1250 1250 1241 1241 1241 1219 3149
    3149 3120 3120 3092 3092 3064 3037 3037 3064 3064 3064 3037 3503
    3503 3468 3468 3468 3433 3433 3399 3399 3399 3399 3399 3433 3433
    3399 3399 3365 3365 3365 3365 3333 3300 3300 3300 3300 3269 1202
    1202 1197 1197 1197 1202 3238 3238 1236 1236 1241 1241 1245 1236
    1219 1219 1219 3149 3149 3120 3120 3092 3092 3064 3037 3037 3064
    3064 3064 3037 3503 3503 3468 3468 3433 3433 3399 3399 3399 3399
    3399 3399 3433 3399 3399 3365 3365 3333 3333 3300 3269 3269 3300
    3300 3300 3269 1189 1189 1193 1193 1193 1197 1202 1206 1223 1227
    1232 1232 1241 1232 1219 1214 1214 1214 1202 1202 1202 3120 3092
    3092 3064 3064 3064 3064 3064 3037 3503 3503 3468 3468 3433 3433
    3399 3365 3365 3365 3365 3399 3433 3399 3399 1126 1126 1126 1138
    1134 1134 1138 1145 1153 1153 1165 1173 1181 1185 1189 1193 1197
    1197 1197 1202 1206 1232 1232 1189 1189 1197 1206 1206 1214 1202
    1197 1197 1197 1197 1197 3064 1227 1227 1227 3064 3037 3503 3468
    3468 3468 3433 3399 3365 3365 1112 1112 1112 3365 1112 1112 1112
    1115 1119 1123 1126 1126 1126 1134 1134 1141 1145 1153 1157 1060
    1060 1181 1189 1189 1185 1185 1202 1206 1173 1169 1169 1173 1197
    1206 1206 1206 1173 1173 1185 1185 1189 1193 1223 1223 1223 1223
    1214 1214 3503 3468 3468 3433 3399 3399 3365 3365 1112 1112 1112
    1108 1108 1112 1112 1115 1115 1119 1115 1115 1115 1112 1112 1123
    1130 1149 1057 1057 1060 1060 1060 1060 1060 1165 1165 1157 1157
    1161 1157 1157 1214 1206 1165 1165 1173 1173 1173 1177 1181 1181
    1223 1223 1219 1210 1210 1214 3503 3468 3468 3433 3399 3399 3365
    1112 1112 1108 1108 1108 1105 1105 1105 1108 1112 1112 1108 1108
    1105 1101 1101 1101 1130 1149 1057 1057 1060 1060 1060 1060 1060
    1165 1112 1112 1126 1126 1126 1126 1134 1138 1138 1145 1157 1165
    1165 1169 1165 1165 1165 1219 1206 1206 1206 1206 3503 3468 3468
    3468 3468 1112 1112 1112 1108 1108 1108 1105 1105 1101 1101 1101
    1105 1108 1105 1097 1094 1090 1087 1084 1080 1070 1063 1060 1057
    1057 1060 1060 1060 1087 1094 1101 1105 1115 1123 1123 1119 1119
    1119 1119 1126 1157 1157 1157 1157 1157 1157 1193 1193 1193 1197
    1202 3503 3503 3503 3503 0 1119 1112 1112 1108 1108 1105 1101 1101
    1097 1097 1094 1094 1097 1097 1084 1084 1084 1084 1080 1077 1067
    1063 1057 1057 1057 1060 1060 1067 1084 1087 1087 1087 1094 1112
    1112 1108 1108 1112 1115 1123 1138 1141 1153 1153 1157 1181 1189
    1193 1193 1197 1197 3503 3503 3503 3503 0 1119 1119 1112 1108 1108
    1105 1097 1097 1094 1094 1094 1090 1087 1080 1080 1077 1077 1077
    1077 1070 1057 1057 1057 1057 1057 1057 1060 1070 1077 1080 1080
    1080 1084 1090 1094 1105 1108 1108 1115 1123 1138 1141 1149 1153
    1157 1177 1185 1189 1193 1193 1197 3503 3503 3503 3503 0 1119 1119
    1108 1108 1108 1105 1097 1097 1094 1094 1090 1090 1084 1080 1077
    1073 1073 1070 1067 1060 1054 1054 1054 1054 1054 1054 1057 1063
    1067 1070 1073 1077 1077 1087 1087 1105 1108 1108 1115 1123 1138
    1145 1149 1157 1165 1177 1185 1189 1193 1193 1197 3503 3503 3503 0 0
    0 1112 1108 1108 1108 1105 1097 1097 1094 1094 1090 1090 1084 1080
    1077 1073 1070 1067 1063 1057 1054 1054 1047 1047 1050 1054 1054
    1057 1060 1063 1067 1073 1077 1084 1087 1097 1108 1108 1115 1123
    1138 1145 1161 1161 1169 1177 1189 1189 1193 1197 1197 3503 3503
    3503 0 0 0 1112 1112 1108 1108 1108 1105 1097 1094 1094 1094 1090
    1084 1080 1077 1073 1070 1067 1063 1057 1054 1050 1047 1047 1047
    1047 1050 1054 1057 1063 1067 1073 1080 1084 1087 1097 1112 1112
    1119 1126 1138 1145 1149 1161 1169 1177 1189 1189 1193 1202 1202
    3503 3503 3503 0 0 0 1112 1112 1112 1108 1108 1101 1097 1094 1094
    1094 1090 1084 1080 1080 1073 1070 1067 1063 1057 1054 1050 1047
    1047 1047 1047 1050 1050 1057 1063 1067 1073 1080 1087 1090 1101
    1115 1115 1119 1126 1138 1149 1149 1161 1173 1177 1189 1193 1193
    1202 1206 3503 3503 3539 0 0 0 1112 1112 1112 1108 1108 1101 1097
    1094 1094 1094 1087 1084 1084 1080 1073 1070 1067 1067 1060 1057
    1054 1050 1047 1047 1047 1050 1050 1057 1067 1070 1073 1084 1087
    1090 1101 1115 1115 1123 1130 1141 1153 1153 1161 1173 1181 1189
    1193 1193 1202 1202 3503 3503 3503 0 0 0 1112 1112 1112 1108 1108
    1101 1097 1097 1094 1090 1087 1084 1084 1080 1070 1070 1067 1067
    1063 1060 1054 1050 1047 1044 1044 1047 1050 1057 1067 1073 1077
    1087 1094 1094 1105 1108 1115 1123 1134 1141 1153 1153 1165 1177
    1181 1189 1193 1193 1197 1197 3503 3503 3503 0 0 0 1112 1112 1112
    1108 1105 1101 1097 1097 1094 1090 1087 1084 1080 1073 1070 1070
    1067 1067 1063 1060 1057 1050 1047 1044 1044 1047 1050 1063 1067
    1073 1077 1087 1094 1101 1108 1108 1119 1126 1134 1141 1153 1153
    1165 1177 1181 1189 1193 1193 1193 1193 3503 3503 3539 0 0 0 1112
    1112 1112 1108 1105 1101 1097 1097 1094 1090 1087 1084 1080 1073
    1070 1070 1070 1063 1060 1057 1054 1047 1044 1044 1047 1047 1054
    1067 1070 1073 1077 1087 1094 1101 1112 1112 1119 1126 1138 1141
    1153 1153 1165 1177 1185 1189 1193 1193 1193 1193 3503 3503 3503 0 0
    0 1112 1112 1108 1108 1105 1105 1097 1097 1094 1090 1087 1084 1080
    1077 1070 1067 1067 1063 1060 1057 1054 1047 1044 1044 1047 1054
    1054 1067 1070 1073 1077 1087 1094 1101 1112 1112 1123 1126 1138
    1141 1153 1153 1169 1177 1185 1193 1193 1202 1202 1202 3503 3503
    3503 0 0 0 1112 1112 1108 1108 1105 1101 1097 1097 1094 1090 1087
    1084 1080 1077 1070 1067 1063 1063 1057 1057 1054 1047 1047 1047
    1047 1057 1060 1067 1070 1073 1080 1090 1094 1105 1112 1115 1123
    1126 1138 1141 1153 1153 1173 1181 1189 1193 1193 1202 1202 1202
    3503 3503 3503 0 0 0 1112 1112 1108 1108 1105 1101 1097 1097 1094
    1090 1087 1084 1080 1077 1070 1067 1063 1063 1057 1057 1054 1050
    1047 1047 1047 1057 1063 1067 1070 1073 1080 1090 1094 1105 1112
    1112 1123 1126 1141 1145 1153 1153 1173 1181 1189 1193 1193 1202
    1206 1206 3503 3503 3503 0 1115 1112 1112 1108 1108 1108 1105 1101
    1097 1097 1094 1090 1087 1084 1080 1077 1070 1067 1067 1063 1057
    1057 1054 1050 1047 1047 1050 1054 1060 1067 1070 1077 1084 1090
    1097 1105 1112 1112 1123 1134 1141 1145 1153 1153 1177 1181 1189
    1193 1193 1202 1206 1206 3503 3503 0 0 0 1115 1112 1108 1108 1108
    1105 1101 1097 1097 1094 1094 1087 1080 1080 1077 1070 1070 1067
    1063 1060 1057 1054 1050 1047 1047 1050 1054 1060 1067 1070 1080
    1087 1090 1101 1105 1112 1112 1123 1134 1141 1145 1149 1153 1177
    1181 1189 1193 1193 1202 1206 0 3503 3503 0 0 0 1115 1112 1112 1112
    1108 1105 1101 1097 1097 1094 1094 1084 1080 1080 1077 1070 1070
    1067 1063 1060 1057 1054 1050 1047 1047 1050 1057 1060 1067 1070
    1080 1087 1090 1101 1105 1112 1112 1123 1134 1141 1149 1149 1157
    1177 1181 1193 1193 1193 1202 1206 1206 3503 3503 3503 0 1115 1115
    1115 1112 1112 1108 1108 1101 1097 1097 1097 1094 1084 1080 1080
    1077 1073 1070 1067 1063 1060 1057 1054 1050 1050 1050 1054 1057
    1060 1067 1073 1080 1087 1090 1101 1105 1108 1112 1126 1134 1145
