<?xml version="1.0"?>
<opencv_storage>
<Depth11724 type_id="opencv-matrix">
  <rows>69</rows>
  <cols>58</cols>
  <dt>w</dt>
  <data>
    4582 4645 4645 4645 4645 4645 4645 4645 4645 4645 4645 4645 4708
    4708 4645 4645 4645 4708 4708 4708 4774 4774 4774 4708 4708 4774
    4774 4774 4842 4842 4911 1557 1529 1529 1543 1529 1529 1523 1509
    1503 1503 1503 1503 1529 1529 4983 4983 4983 4983 4983 4983 4983
    4983 4983 4983 4983 4983 4911 4582 4645 4645 4645 4645 4645 4645
    4645 4645 4708 4645 4645 4645 4645 4645 4645 4645 4708 4708 4708
    4774 4708 4708 4708 4708 1550 1550 1550 1543 1543 1543 1543 1529
    1529 1529 1516 1516 1496 1496 1496 1496 1503 1509 1523 1523 1523
    4983 4983 4983 4983 4983 4983 4983 4983 4983 4983 4983 4983 4645
    4645 4645 4645 4645 4645 4645 4645 4645 4708 4645 4645 4645 4582
    4582 4645 4645 1586 1579 1579 1557 1550 1550 1543 1543 1543 1543
    1543 1536 1536 1529 1529 1536 1523 1477 1464 1464 1470 1470 1477
    1477 1489 1496 1503 1509 1509 1503 5056 5056 5056 4983 4983 4983
    4983 4983 4983 4983 4983 4582 4645 4645 4645 4645 4645 4645 4645
    4708 1639 1609 1601 1601 1601 1601 1594 1586 1579 1579 1572 1550
    1543 1543 1543 1543 1543 1543 1536 1523 1523 1496 1477 1470 1458
    1458 1452 1452 1452 1458 1464 1470 1477 1489 1503 1503 1503 1503
    5056 5056 4983 4983 4983 4983 4983 4983 4983 4983 4983 4582 4645
    4645 4582 4582 4645 4645 1639 1624 1616 1609 1601 1601 1594 1594
    1586 1579 1572 1572 1543 1536 1529 1523 1523 1523 1536 1529 1509
    1496 1483 1477 1470 1452 1452 1452 1445 1445 1445 1452 1452 1464
    1470 1483 1496 1496 1496 1496 1496 4983 4983 4983 4983 4983 4983
    4983 4983 4983 4983 4645 4645 1550 1550 1550 1550 4645 1624 1616
    1609 1601 1594 1594 1586 1579 1564 1529 1523 1516 1516 1509 1503
    1496 1496 1496 1496 1489 1489 1483 1470 1470 1464 1452 1445 1445
    1445 1445 1445 1445 1445 1452 1470 1483 1489 1496 1496 1496 0 4983
    4983 4983 4983 4983 4983 4983 4983 4911 4911 4582 4582 1550 1550
    1536 1523 1523 1523 1543 1550 1557 1557 1564 1564 1529 1523 1523
    1516 1509 1503 1503 1496 1489 1483 1477 1477 1477 1477 1477 1470
    1464 1458 1452 1445 1445 1445 1439 1439 1439 1439 1452 1464 1477
    1483 1489 1489 1489 0 4911 4911 4911 4983 4983 4983 4983 4983 4911
    4911 4582 1557 1557 1550 1536 1523 1523 1523 1536 1543 1543 1529
    1523 1516 1516 1516 1509 1509 1503 1496 1496 1489 1483 1477 1477
    1477 1477 1477 1470 1470 1458 1458 1452 1452 1445 1445 1439 1439
    1439 1439 1452 1464 1477 1483 1489 1489 1489 0 4911 4911 4911 4911
    4911 4983 4911 4911 4911 4911 1557 1550 1550 1550 1543 1529 1529
    1529 1536 1536 1529 1523 1516 1516 1509 1503 1503 1496 1496 1496
    1489 1483 1477 1477 1477 1477 1477 1477 1470 1470 1458 1458 1452
    1452 1445 1445 1445 1445 1445 1445 1452 1458 1477 1483 1489 1496
    1496 0 4911 4911 4911 4911 4911 4983 4911 4911 4911 4911 1550 1550
    1550 1550 1543 1536 1529 1529 1529 1523 1523 1523 1516 1516 1509
    1503 1503 1496 1496 1489 1489 1483 1477 1477 1477 1477 1477 1477
    1470 1470 1464 1458 1452 1452 1445 1445 1445 1445 1445 1445 1452
    1458 1470 1483 1489 1496 1496 1496 4983 4983 4911 4911 4911 4983
    4911 4911 4911 4911 1550 1550 1550 1543 1543 1536 1529 1529 1523
    1523 1523 1516 1516 1509 1503 1503 1496 1496 1496 1489 1489 1483
    1477 1477 1477 1477 1477 1477 1470 1470 1470 1458 1452 1452 1452
    1445 1445 1445 1445 1445 1445 1452 1458 1477 1489 1496 1496 1496
    4983 4983 4983 4911 4911 4983 4983 4983 4911 4911 1543 1543 1543
    1543 1543 1536 1529 1523 1523 1523 1523 1516 1516 1509 1503 1503
    1496 1496 1496 1489 1489 1483 1477 1477 1477 1477 1477 1470 1470
    1470 1470 1458 1452 1452 1452 1445 1445 1439 1439 1439 1445 1445
    1458 1470 1489 1489 1496 1496 5056 5056 4983 4983 4983 4983 4983
    4983 4983 4983 1543 1543 1543 1543 1543 1536 1529 1523 1523 1523
    1523 1516 1516 1509 1509 1503 1496 1496 1496 1489 1489 1483 1483
    1477 1477 1477 1477 1470 1470 1470 1464 1458 1452 1452 1452 1445
    1445 1439 1439 1439 1439 1445 1458 1470 1483 1489 1496 1496 5056
    5056 4983 4983 4983 4983 4983 4983 4983 4983 1543 1543 1543 1543
    1543 1543 1529 1529 1523 1523 1523 1516 1516 1509 1509 1503 1503
    1496 1496 1489 1489 1483 1477 1477 1477 1477 1477 1477 1470 1464
    1464 1452 1452 1452 1452 1445 1445 1439 1439 1439 1439 1445 1452
    1464 1477 1489 1496 1496 1496 5056 5056 4983 4983 4983 4983 4983
    4983 4911 1543 1543 1543 1543 1543 1543 1536 1529 1523 1523 1516
    1516 1516 1509 1509 1503 1503 1496 1496 1489 1489 1483 1477 1477
    1477 1477 1477 1477 1470 1464 1464 1452 1452 1452 1452 1445 1445
    1439 1439 1433 1433 1439 1452 1464 1470 1483 1489 1496 1496 4983
    4983 4983 4983 4983 4983 4983 4911 4911 1543 1543 1543 1543 1543
    1536 1529 1523 1523 1523 1516 1516 1516 1516 1509 1509 1503 1496
    1496 1489 1489 1483 1477 1477 1477 1477 1477 1477 1470 1470 1464
    1458 1452 1452 1452 1445 1445 1439 1439 1433 1433 1439 1445 1458
    1470 1483 1489 1496 1496 4983 4983 4983 4983 4983 4983 4983 4911
    4911 1543 1543 1550 1543 1543 1536 1529 1523 1523 1523 1516 1516
    1516 1516 1509 1509 1503 1496 1496 1489 1489 1483 1477 1477 1477
    1477 1477 1477 1470 1470 1464 1458 1452 1452 1452 1445 1445 1445
    1439 1439 1439 1439 1445 1452 1464 1483 1489 1496 1496 4911 4911
    4911 4911 4983 4911 4911 4911 4911 1543 1543 1550 1543 1543 1536
    1536 1529 1523 1523 1516 1516 1516 1516 1516 1509 1509 1496 1496
    1489 1489 1489 1483 1483 1477 1477 1477 1477 1470 1470 1464 1458
    1452 1452 1452 1445 1445 1445 1439 1433 1433 1433 1445 1452 1458
    1477 1489 1496 1503 1503 4911 4911 4911 4983 4911 4911 4911 4911
    1557 1550 1550 1543 1543 1536 1536 1529 1523 1523 1516 1516 1516
    1516 1516 1509 1509 1496 1496 1489 1489 1489 1483 1483 1477 1477
    1477 1477 1470 1470 1458 1452 1452 1452 1452 1445 1445 1445 1439
    1433 1433 1433 1445 1445 1458 1477 1489 1496 1503 1503 4842 4842
    4842 4911 4842 4842 4911 4911 1550 1550 1550 1543 1543 1543 1536
    1529 1523 1523 1516 1516 1516 1516 1516 1509 1509 1496 1496 1496
    1489 1489 1483 1483 1477 1477 1477 1477 1470 1470 1458 1452 1452
    1452 1452 1452 1445 1445 1439 1433 1433 1433 1439 1445 1452 1470
    1483 1496 1496 1496 4842 4842 4842 4911 4842 4842 4842 4842 1564
    1550 1550 1550 1550 1543 1536 1529 1523 1523 1523 1516 1516 1516
    1516 1509 1503 1496 1496 1496 1489 1489 1483 1477 1477 1477 1477
    1477 1477 1470 1458 1458 1458 1452 1452 1452 1445 1445 1439 1433
    1427 1427 1439 1439 1452 1470 1477 1483 1489 1489 1489 4911 4842
    4842 4842 4842 4842 4842 1564 1557 1557 1550 1550 1543 1536 1529
    1523 1523 1523 1516 1516 1516 1516 1509 1503 1496 1496 1496 1489
    1489 1483 1477 1477 1477 1477 1477 1477 1470 1464 1458 1458 1452
    1452 1452 1445 1445 1439 1433 1427 1427 1439 1439 1452 1464 1470
    1483 1483 1483 1483 4842 4842 4774 4774 4774 4774 4774 1557 1557
    1557 1550 1550 1543 1536 1529 1523 1523 1523 1523 1516 1516 1516
    1509 1503 1496 1496 1496 1489 1489 1483 1477 1477 1477 1477 1477
    1477 1470 1464 1458 1458 1452 1452 1452 1452 1445 1439 1433 1427
    1427 1439 1439 1452 1464 1470 1483 1483 1470 1470 1470 4774 4774
    4774 4774 4774 4774 4463 1564 1557 1550 1550 1543 1536 1529 1529
    1523 1523 1523 1516 1516 1516 1509 1496 1496 1496 1496 1489 1489
    1489 1477 1477 1477 1477 1477 1477 1464 1458 1458 1458 1452 1452
    1452 1452 1445 1445 1439 1433 1433 1433 1433 1445 1458 1464 1477
    1489 1470 1470 1470 4983 4983 4911 4911 4911 4911 4463 1550 1550
    1550 1550 1543 1536 1529 1529 1523 1523 1523 1516 1516 1516 1509
    1496 1496 1496 1496 1496 1489 1489 1483 1477 1477 1477 1477 1477
    1464 1458 1458 1458 1452 1452 1452 1452 1445 1445 1439 1433 1433
    1433 1433 1445 1452 1464 1477 1483 1483 1483 1483 4983 4983 4983
    4911 4911 4911 4463 1550 1550 1550 1550 1543 1536 1536 1529 1523
    1523 1523 1516 1516 1516 1509 1503 1496 1496 1496 1496 1489 1489
