<?xml version="1.0"?>
<opencv_storage>
<Depth0184 type_id="opencv-matrix">
  <rows>38</rows>
  <cols>12</cols>
  <dt>w</dt>
  <data>
    0 4089 4089 3994 3948 3948 3994 3948 3948 3948 3948 3994 0 4089 4041
    3994 3948 3948 3948 3948 3948 3948 3948 3994 0 0 3994 3994 3994 3948
    3948 3948 3948 3948 3994 3948 0 0 3994 3994 3994 3994 3948 3903 3903
    3903 3948 3948 0 0 0 3994 3994 3994 3948 3903 3859 3859 3903 3948 0
    0 0 3994 3994 3994 3994 3948 3859 3859 3903 3948 0 0 4089 3994 3994
    3994 3994 3948 3948 3948 3994 4041 0 0 4041 3994 3994 3948 3948 3994
    3994 3994 3994 3994 0 4089 4041 3994 3994 3948 3948 3948 3994 3994
    3994 5460 0 4089 3994 3994 3948 3948 3948 3948 3948 3994 3994 5460 0
    3948 3948 3948 3948 3948 3948 3948 3948 3948 3948 5460 0 3948 3948
    3948 3948 3948 3948 3948 3903 3903 3903 5460 0 0 3903 3903 3948 3903
    3903 3859 3859 3903 3903 5210 0 3948 3903 3903 3948 3903 3903 3816
    3816 3859 3859 5210 0 3948 3948 3948 3948 3903 3903 3816 3816 3816
    3816 5210 0 0 3948 3948 3903 3903 3859 3859 3816 3816 3948 3948 0
    4041 3948 3948 3903 3903 3859 3859 3816 3816 3903 3948 0 3948 3948
    3948 3948 3903 3903 3903 3859 3859 3859 3903 3816 3816 3903 3903
    3948 3903 3903 3903 3859 3859 3859 3903 3816 3816 3859 3903 3903
    3903 3903 3903 3903 3903 3948 3948 3816 3816 3859 3903 3903 3903
    3903 3903 3948 3948 3948 3994 3816 3903 3903 3903 3903 3903 3903
    3903 3903 3903 3948 3948 3903 3859 3859 3903 3903 3903 3859 3859
    3859 3859 3903 3948 0 3859 3859 3903 3903 3859 3859 3859 3859 3859
    3903 5132 0 3948 3948 3903 3859 3859 3816 3816 3816 3859 3859 5132 0
    3948 3948 3903 3859 3859 3816 3816 3816 3859 3859 5132 0 3948 3948
    3903 3859 3859 3816 3816 3816 3859 3859 5132 0 3859 3859 3859 3859
    3816 3816 3816 3816 3816 3816 5132 0 3816 3816 3859 3816 3816 3816
    3816 3816 3816 3816 5132 3816 3816 3816 3816 3816 3816 3816 3816
    3816 5210 5210 5132 3816 3816 3816 3816 3816 3816 3816 3816 3859
    5210 5210 5132 3859 3816 3816 3816 3816 3816 3816 3816 3859 3903
    5210 5132 3816 3816 3816 3816 3816 3816 3816 3816 3859 3903 5210
    5132 3816 3816 3816 3816 3816 3816 3816 3816 3859 3903 5210 5132
    3774 3774 3816 3774 3774 3774 3774 3774 3816 3859 5132 5132 3774
    3774 3774 3774 3774 3774 3774 3774 3816 3859 5056 5056 3774 3774
    3774 3774 3774 3774 3774 3774 3816 3816 5056 5056 3774 3774 3774
    3774 3774 3774 3774 3774 3816 3816 5056 5056</data></Depth0184>
</opencv_storage>
