<?xml version="1.0"?>
<opencv_storage>
<Depth18271 type_id="opencv-matrix">
  <rows>28</rows>
  <cols>54</cols>
  <dt>w</dt>
  <data>
    3816 3816 3816 3816 3774 3774 3774 3774 3774 3816 3816 3859 3859
    3859 3903 3903 3903 3903 3903 3903 3903 3948 3948 3948 3903 3903
    3903 3903 3903 3859 3859 3903 3948 3948 3948 3948 3903 3903 3903
    3948 2908 2908 2933 2958 2958 2984 2984 2984 2984 2984 1421 1410
    1398 1392 3774 3774 3774 3774 3774 3774 3774 3774 3774 3816 3816
    3816 3816 3859 3859 3859 3903 3859 3859 3859 3859 3903 3903 3903
    3903 3903 3903 3859 3859 3816 3816 3859 3859 3859 3948 3948 3903
    3903 3903 2908 2908 2908 2933 2933 2933 2958 2958 2958 2933 2933
    2933 1410 1392 1387 3732 3774 3774 3774 3774 3774 3774 3774 3774
    3774 3774 3774 3774 3774 3816 3816 3816 3816 3816 3816 3816 3816
    3859 3859 3859 3816 3816 3816 3774 3774 3774 3816 3816 3859 3859
    2908 2908 2908 2908 2908 2908 2908 2908 2908 2908 2908 2908 2908
    2908 2908 2908 1410 1392 1387 3732 3732 3774 3774 3774 3774 3774
    3774 3774 3774 3774 3774 3774 3774 3774 3774 3774 3774 3774 3774
    3774 3774 3774 3816 3774 3774 3774 3774 3774 3774 3774 3774 2883
    2883 2883 2883 2883 2883 2883 2908 2908 2908 2883 2883 2883 2883
    2908 2908 2908 2908 2908 2908 2933 2933 3732 3732 3732 3732 3732
    3732 3774 3774 3774 3774 3774 3774 3732 3732 3732 3732 3732 3774
    3732 3732 3732 3732 3732 3774 3774 3774 3774 3774 3774 3774 3774
    2859 2859 2859 2859 2859 2859 2859 2859 2859 2859 2859 2859 2859
    2859 2883 2883 2908 2908 2908 2908 2908 2908 2908 3692 3692 3732
    3732 3732 3732 3732 3732 3732 3732 3732 3732 3692 3692 3732 3732
    3732 3692 3692 3692 3692 3692 3732 3732 3774 3774 2789 2789 2789
    2789 2812 2835 2835 2859 2835 2835 2835 2835 2835 2835 2835 2835
    2859 2859 2859 2883 2883 2908 2908 2908 2908 2908 2908 2908 3653
    3653 3692 3692 3692 3692 3692 3692 3692 3692 3692 3692 3692 3692
    3692 3692 3692 3653 3653 3653 3653 3653 3692 3692 3732 2789 2767
    2767 2789 2789 2812 2835 2835 2835 2812 2812 2812 2812 2812 2812
    2812 2835 2859 2859 2883 2883 2883 2908 2908 2908 2908 2933 2933
    2933 3653 3653 3653 3653 3653 3653 3653 3653 3653 3653 3614 3614
    3614 3614 3653 3653 3614 3614 3614 3614 3614 3614 2744 2744 2744
    2767 2767 2767 2767 2789 2812 2812 2812 2789 2789 2789 2812 2812
    2812 2812 2812 2835 2859 2859 2883 2883 2883 2908 2908 2908 2908
    2933 2933 2933 3614 3614 3614 3614 3614 3614 3614 3614 3614 3614
    3576 3576 3576 3614 3614 3614 3614 2744 2744 2767 2723 2723 2723
    2723 2723 2744 2744 2744 2767 2767 2789 2789 2789 2789 2789 2789
    2789 2789 2812 2812 2812 2835 2859 2883 2883 2883 2883 2883 2908
    2908 2908 2933 2933 2933 3576 3576 3576 3576 3576 3576 3576 3576
    3576 3576 3539 3539 3576 3576 2723 2723 2723 2723 2723 2744 2723
    2723 2701 2701 2701 2701 2701 2701 2701 2701 2744 2744 2744 2767
    2789 2789 2789 2789 2812 2812 2812 2835 2859 2859 2859 2859 2883
    2883 2908 2908 2908 2908 2908 2908 3503 3468 3468 3539 3539 3539
    3503 3503 3468 3468 3468 3503 3539 2723 2701 2701 2701 2701 2701
    2701 2701 2701 2701 2701 2701 2701 2701 2701 2701 2701 2723 2723
    2744 2767 2767 2789 2789 2789 2812 2812 2812 2835 2835 2859 2859
    2859 2883 2883 2908 2908 2908 2908 2883 2883 3433 3433 3468 3468
    3468 3503 3468 3468 3468 2680 2680 2659 2659 2680 2680 2680 2680
    2680 2680 2680 2680 2680 2680 2680 2680 2701 2701 2701 2701 2701
    2723 2723 2744 2767 2767 2789 2789 2789 2812 2812 2812 2812 2812
    2859 2859 2859 2883 2883 2908 2908 2908 2908 2859 2859 3433 3399
    3399 2618 2598 2598 2598 2598 2618 2618 2618 2639 2639 2639 2639
    2659 2639 2639 2639 2618 2618 2639 2639 2659 2680 2701 2701 2723
    2723 2723 2723 2744 2767 2767 2789 2789 2789 2789 2812 2812 2812
    2812 2812 2835 2859 2859 2883 2883 2883 2908 2908 2908 2859 2859
    2579 2579 2598 2598 2598 2598 2598 2598 2598 2598 2618 2618 2618
    2618 2618 2598 2598 2598 2618 2618 2618 2639 2639 2659 2680 2701
    2723 2701 2701 2723 2723 2744 2767 2767 2789 2789 2789 2789 2789
    2812 2812 2812 2812 2835 2835 2859 2859 2859 2883 2859 2859 2908
    2908 1387 2541 2579 2598 2598 2579 2579 2579 2579 2579 2579 2598
    2598 2598 2598 2598 2598 2598 2598 2618 2618 2618 2639 2639 2659
    2680 2680 2701 2701 2701 2723 2723 2744 2767 2767 2789 2789 2789
    2789 2789 2789 2812 2812 2812 2835 2835 2835 2835 2859 2883 2859
    2859 2908 1387 1387 2541 2598 2598 2598 2579 2560 2560 2541 2541
    2560 2579 2579 2579 2579 2598 2598 2598 2618 2618 2639 2639 2639
    2639 2659 2680 2680 2701 2701 2701 2701 2744 2744 2767 2789 2789
    2789 2789 2789 2789 2789 2812 2812 2812 2835 2835 2835 2835 2859
    2859 0 1387 1387 1387 1387 2541 2541 2541 2560 2541 2541 2541 2541
    2541 2541 2541 2560 2560 2579 2598 2598 2618 2618 2618 2639 2659
    2659 2659 2680 2680 2680 2680 2701 2701 2701 2723 2723 2744 2767
    2789 2789 2789 2789 2789 2789 2812 2835 2835 2812 2812 2812 2835
    2859 0 0 0 1387 1387 1387 2541 2485 2485 2503 2522 2522 2541 2541
    2541 2541 2541 2560 2560 2579 2598 2598 2598 2618 2618 2639 2639
    2659 2659 2680 2680 2680 2680 2701 2701 2701 2723 2723 2723 2744
    2767 2789 2789 2789 2789 2789 2812 2835 2835 2812 2812 2812 0 0 0 0
    0 1387 1387 1387 1387 2467 2467 2485 2503 2503 2522 2522 2541 2541
    2541 2560 2560 2579 2598 2598 2598 2618 2618 2639 2639 2659 2659
    2680 2680 2680 2680 2701 2701 2701 2723 2701 2701 2701 2767 2789
    2789 2789 2789 2789 2812 0 0 0 0 0 0 0 0 0 0 0 1387 1387 1387 2467
    2467 2467 2503 2503 2522 2522 2541 2541 2541 2560 2560 2579 2598
    2598 2598 2618 2618 2639 2639 2659 2659 2659 2659 2659 2680 2701
    2701 2701 2723 2701 2701 2701 2701 2701 0 0 0 0 0 0 0 0 0 0 0 0 0 0
    0 0 1392 1387 1376 1376 2467 2467 2503 2503 2522 2522 2541 2541 2560
    2560 2560 2579 2598 2598 2618 2618 2618 2618 2639 2639 2639 2659
    2659 2659 2659 2680 2680 2680 2723 2701 2701 2701 2701 1398 1398 0 0
    0 0 0 0 0 0 0 0 0 0 0 0 0 0 1338 1376 1376 1376 2503 2503 2522 2522
    2541 2541 2541 2560 2560 2560 2579 2598 2598 2618 2618 2618 2618
    2639 2639 2639 2618 2618 2618 2659 2680 2680 2680 2723 2723 1376
    1387 1387 1398 1398 1398 0 0 0 0 0 0 0 0 0 0 0 0 0 0 0 1338 1376
    1365 1365 2522 2522 2541 2541 2541 2541 2541 2560 2560 2579 2579
    2598 2598 2598 2618 2618 2618 2618 2639 2639 2618 2618 2618 2659
    2680 2680 2680 1365 1365 1376 1387 1387 1387 1387 1392 0 0 0 0 0 0 0
    0 0 0 0 0 0 0 0 1338 1365 1365 1365 1365 2541 2541 2541 2541 2541
    2560 2560 2560 2579 2579 2598 2598 2598 2598 2598 2560 2560 2639
    2639 2639 2639 1359 1359 1359 1359 1359 1365 1365 1376 1387 1387
    1387 1387 1387 0 0 0 0 0 0 0 0 0 0 0 0 0 0 0 1343 1365 1365 1365
    2522 2522 2522 2541 2541 2541 2560 2560 2560 2579 2579 2598 2598
    2598 2598 2598 2560 2560 2560 1343 1343 1359 1359 1359 1359 1359
    1359 1365 1370 1381 1387 1387 1387 1387 1387 0 0 0 0 0 0 0 0 0 0 0 0
    0 0 0 1349 1365 1365 1365 1365 2522 2522 2541 2541 2541 2560 2560
    2560 2560 2560 2598 2598 2598 2598 2598 2598 1338 1343 1343 1343
    1349 1354 1359 1365 1365 1365 1370 1370 1370 1381 1387 1387 1387
    1387 0 0 0 0 0 0 0 0 0 0 0 0 0 0 0 0 1365 1359 1359 1359 1359 2541
    2541 2560 2541 2541 2541 2541 2541 2560 2598 2598 2598 2598 1343
    1338 1338 1338 1343 1343 1343 1349 1354 1359 1365 1365 1370 1370
    1370 1376 1381 1381 1387 1387 0 0 0 0 0 0 0 0 0 0 0 0 0 0 0 0 1365
    1359 1359 1359 1359 1359 1359 2560 2541 2522 2522 2522 2522 2598
    2598 2598 2598 1317 1343 1343 1338 1338 1343 1343 1343 1343 1343
    1349 1354 1359 1359 1365 1365 1365 1370 1376 1381 1387 0 0 0 0 0 0 0
    0 0 0 0 0 0 0 0 0</data></Depth18271>
</opencv_storage>
