<?xml version="1.0"?>
<opencv_storage>
<Depth12895 type_id="opencv-matrix">
  <rows>17</rows>
  <cols>8</cols>
  <dt>w</dt>
  <data>
    6375 6375 5374 5291 5291 5291 5291 5291 6259 5374 5291 5291 5291
    5291 5291 5291 6259 5291 5291 5291 5291 5291 5291 5291 6259 5291
    5291 5291 5291 5291 5291 5291 6259 5374 5291 5291 5291 5291 5291
    5291 6259 5374 5291 5291 5291 5291 5291 5291 5640 5374 5374 5291
    5291 5291 5210 5210 5548 5374 5374 5291 5291 5291 5210 5210 5460
    5460 5374 5374 5291 5291 5291 5291 5460 5460 5374 5374 5291 5291
    5291 5291 5374 5374 5374 5291 5291 5291 5291 5291 5291 5291 5291
    5291 5210 5210 5210 5210 5291 5291 5291 5291 5210 5210 5210 0 5291
    5291 5291 5291 5291 5210 5210 5210 5291 5291 5291 5291 5291 5291
    5291 0 5291 5291 5291 5291 5291 5291 5291 0 5291 5374 5374 5374 5374
    5291 5291 0</data></Depth12895>
</opencv_storage>
