<?xml version="1.0"?>
<opencv_storage>
<Depth12220 type_id="opencv-matrix">
  <rows>11</rows>
  <cols>13</cols>
  <dt>w</dt>
  <data>
    5056 5056 5056 5132 5132 5132 5132 5132 5132 3539 3539 3576 3576
    5056 5056 5132 5132 5132 5132 5132 5132 5132 5132 5132 3576 3576
    5056 5132 5132 5132 5132 5132 5132 5132 5132 5210 5374 3576 3576
    5056 5132 5132 5132 5132 5132 5132 5210 5210 5291 5374 5374 5291
    5132 5132 5132 5210 5210 5210 5210 5291 5374 5374 5374 5374 5291
    5132 5132 5210 5210 5210 5210 5291 5374 5374 5374 5374 5291 5132
    5132 5210 5210 5210 5210 5291 5291 5460 5460 5374 5374 5291 5132
    5210 5210 5210 5291 5291 5374 5374 5460 5460 5460 5374 5374 5132
    1328 1333 5374 5374 5374 5374 5374 5460 5460 5548 5460 5460 5374
    1333 1333 1343 1343 1343 1343 5374 5460 5460 5548 5460 5460 5460
    1333 1333 1338 1338 1343 1343 1343 1343 1343 5640 5548 5548 5548</data></Depth12220>
</opencv_storage>
