<?xml version="1.0"?>
<opencv_storage>
<Depth10072 type_id="opencv-matrix">
  <rows>96</rows>
  <cols>68</cols>
  <dt>w</dt>
  <data>
    3503 3503 3503 3503 3468 3468 3433 1034 1031 1028 1025 1025 1025
    1025 1025 1025 1028 1031 1031 1028 1028 1028 1025 1025 1025 1025 0 0
    0 0 0 0 0 0 0 0 0 0 0 0 3399 3300 3300 3300 3300 3300 3300 3300 3333
    3300 3269 3269 3269 3269 3269 3269 3269 3269 3269 3269 3269 3238
    3238 3238 3238 3208 3208 3178 3503 3503 3503 3503 3468 3399 3399
    1034 1031 1028 1025 1025 1022 1022 1025 1025 1028 1028 1028 1028
    1028 1028 1025 1025 1025 1025 1038 1041 1044 1044 1047 0 0 0 0 0 0 0
    0 0 1060 1060 1067 1067 3300 3300 3300 3300 3333 3300 3269 3269 3269
    3269 3269 3269 3269 3269 3269 3269 3269 3238 3238 3238 3238 3208
    3208 3178 3503 3503 3503 1077 3399 3399 3399 1034 1028 1025 1025
    1025 1022 1022 1022 1022 1025 1028 1028 1028 1028 1028 1028 1028
    1028 1031 1034 1038 1041 1041 1044 1044 1044 1047 1047 1047 1050
    1054 1054 1054 1054 1057 1063 1060 1060 1067 1067 1067 3365 3300
    3269 3269 3269 3269 3269 3269 3238 3238 1084 1084 3269 3238 3208
    3208 3208 3208 3208 3178 3468 3468 1084 1077 1077 1057 1047 1034
    1028 1025 1022 1022 1022 1022 1022 1022 1025 1025 1028 1028 1028
    1028 1028 1028 1028 1031 1034 1038 1041 1041 1044 1044 1044 1044
    1044 1044 1047 1050 1054 1054 1054 1057 1060 1060 1060 1063 1067
    1067 1067 1067 1067 1067 1067 3269 3269 3269 3238 1080 1080 1080
    1080 1084 1084 3208 3208 3208 3208 3178 0 0 1084 1084 1077 1057 1044
    1034 1028 1025 1022 1022 1022 1022 1022 1022 1025 1025 1028 1028
    1028 1028 1028 1028 1028 1031 1034 1038 1038 1041 1044 1044 1044
    1044 1044 1044 1047 1050 1050 1054 1054 1054 1057 1057 1057 1057
    1060 1060 1067 1063 1063 1067 1067 1067 1070 1070 1073 1077 1077
    1080 1080 1080 1080 1084 1084 1084 3178 3178 0 0 1094 1084 1080 1057
    1044 1034 1028 1022 1022 1019 1019 1019 1022 1022 1025 1025 1025
    1025 1028 1028 1028 1028 1028 1031 1034 1034 1038 1038 1044 1044
    1044 1044 1044 1044 1047 1050 1050 1054 1054 1054 1057 1057 1057
    1057 1057 1057 1063 1063 1063 1067 1067 1067 1070 1070 1070 1073
    1077 1080 1080 1080 1080 1084 1084 0 3208 3208 0 0 1094 1084 1080
    1060 1050 1034 1028 1022 1019 1019 1019 1019 1022 1025 1025 1025
    1025 1025 1028 1028 1028 1028 1031 1031 1034 1034 1038 1038 1041
    1041 1041 1041 1041 1044 1044 1050 1050 1054 1054 1054 1057 1057
    1057 1057 1057 1057 1060 1060 1063 1063 1067 1067 1070 1070 1070
    1073 1073 1080 1080 1080 1080 1080 1080 0 0 3238 0 0 1094 1090 1080
    1060 1050 1031 1028 1022 1019 1019 1019 1019 1022 1025 1025 1025
    1025 1025 1025 1028 1028 1028 1031 1031 1034 1034 1034 1038 1041
    1041 1041 1041 1041 1044 1044 1050 1050 1054 1054 1054 1054 1054
    1057 1057 1057 1060 1060 1060 1063 1063 1067 1067 1070 1070 1070
    1070 1073 1077 1077 1080 1077 1077 1077 1077 0 3300 0 0 1101 1090
    1080 1060 1050 1031 1025 1019 1016 1016 1019 1019 1022 1022 1025
    1025 1025 1025 1025 1025 1028 1028 1028 1031 1031 1031 1034 1034
    1038 1041 1041 1041 1041 1044 1044 1047 1047 1050 1050 1054 1054
    1054 1057 1057 1057 1060 1060 1060 1063 1063 1067 1067 1067 1070
    1070 1070 1073 1073 1077 1077 1073 1073 1077 1077 0 3269 0 0 1097
    1090 1080 1060 1050 1031 1025 1019 1016 1016 1016 1019 1022 1022
    1022 1022 1022 1025 1025 1025 1025 1028 1028 1031 1031 1031 1034
    1034 1038 1041 1041 1041 1041 1044 1044 1047 1047 1047 1047 1050
    1050 1054 1057 1057 1057 1060 1060 1060 1060 1060 1063 1063 1067
    1067 1070 1070 1070 1073 1077 1077 1073 1073 1077 0 0 0 0 1094 1094
    1090 1070 1060 1050 1031 1025 1019 1016 1016 1016 1019 1019 1019
    1022 1022 1022 1025 1025 1025 1025 1028 1028 1028 1031 1031 1031
    1034 1038 1041 1041 1041 1041 1044 1044 1047 1047 1047 1047 1050
    1050 1054 1054 1057 1057 1057 1057 1060 1060 1060 1063 1063 1067
    1067 1067 1070 1070 1070 1073 1077 1077 1080 1080 0 0 0 0 1090 1090
    1090 1070 1060 1050 1031 1025 1019 1016 1016 1016 1016 1019 1019
    1019 1022 1022 1025 1025 1025 1025 1025 1028 1028 1028 1031 1031
    1031 1034 1034 1041 1041 1044 1044 1044 1044 1044 1044 1047 1047
    1050 1050 1054 1057 1057 1057 1057 1057 1060 1060 1063 1063 1067
    1067 1067 1067 1070 1070 1070 1073 1077 1080 1080 0 0 0 0 1090 1090
    1090 1070 1060 1054 1034 1025 1019 1016 1016 1016 1016 1019 1019
    1019 1019 1022 1025 1025 1025 1025 1025 1028 1028 1028 1031 1031
    1031 1034 1034 1041 1041 1041 1044 1044 1044 1044 1044 1047 1047
    1050 1050 1054 1054 1057 1057 1057 1057 1057 1060 1063 1063 1067
    1067 1067 1067 1070 1070 1070 1073 1073 1073 1077 1077 0 0 0 1094
    1094 1090 1073 1063 1060 1034 1025 1019 1016 1016 1016 1016 1016
    1016 1019 1019 1022 1022 1025 1025 1025 1025 1025 1028 1028 1031
    1031 1031 1034 1034 1041 1041 1041 1041 1044 1044 1044 1044 1044
    1047 1047 1050 1054 1054 1057 1057 1057 1057 1057 1060 1063 1067
    1067 1067 1067 1067 1070 1070 1070 1073 1073 1073 1073 1073 0 0 0 0
    1094 1090 1070 1060 1044 1034 1022 1019 1016 1016 1016 1016 1016
    1016 1019 1019 1022 1022 1025 1025 1025 1025 1025 1028 1028 1028
    1031 1031 1034 1034 1038 1041 1041 1041 1041 1044 1044 1044 1044
    1047 1047 1047 1050 1054 1054 1057 1057 1057 1057 1060 1060 1067
    1067 1067 1067 1067 1070 1070 1070 1070 1070 1070 1070 1070 0 0 0 0
    1101 1073 1067 1057 1044 1034 1019 1016 1016 1013 1013 1013 1016
    1016 1016 1016 1019 1019 1022 1022 1022 1025 1025 1025 1028 1028
    1028 1031 1034 1034 1038 1041 1041 1041 1041 1044 1044 1044 1044
    1044 1047 1047 1047 1050 1054 1057 1057 1057 1057 1057 1060 1063
    1067 1067 1067 1067 1070 1070 1070 1070 1070 1070 1070 1070 1073 0 0
    1105 1097 1073 1067 1057 1047 1031 1019 1016 1013 1013 1013 1013
    1016 1016 1016 1016 1019 1019 1022 1022 1022 1025 1025 1025 1025
    1028 1028 1028 1031 1034 1034 1038 1038 1041 1041 1044 1044 1044
    1044 1044 1044 1047 1047 1050 1054 1057 1057 1057 1057 1057 1057
    1063 1063 1067 1067 1067 1067 1067 1070 1070 1070 1070 1070 1073
    1073 0 0 1101 1097 1077 1067 1057 1047 1031 1022 1016 1013 1013 1013
    1013 1013 1016 1016 1016 1016 1016 1016 1019 1019 1022 1025 1025
    1025 1025 1025 1028 1031 1031 1034 1034 1038 1041 1041 1041 1044
    1044 1044 1044 1044 1044 1047 1054 1054 1057 1057 1057 1057 1057
    1057 1060 1060 1063 1063 1067 1067 1067 1067 1070 1070 1070 1070
    1073 1073 0 0 1101 1097 1077 1067 1054 1041 1031 1025 1016 1013 1010
    1010 1013 1013 1016 1016 1016 1016 1016 1016 1016 1019 1022 1022
    1025 1025 1025 1025 1025 1031 1031 1031 1031 1038 1041 1041 1041
    1044 1044 1044 1044 1044 1044 1047 1054 1054 1054 1057 1057 1057
    1057 1057 1060 1060 1063 1063 1067 1067 1067 1067 1067 1070 1070
    1070 1073 1073 0 0 1105 1097 1077 1067 1050 1041 1031 1025 1016 1013
    1010 1010 1013 1013 1013 1016 1016 1016 1016 1016 1016 1019 1022
    1022 1025 1025 1025 1025 1025 1031 1031 1031 1031 1034 1038 1041
    1041 1041 1044 1044 1044 1044 1044 1047 1050 1054 1054 1054 1054
    1057 1057 1057 1060 1060 1063 1063 1067 1067 1067 1067 1067 1070
    1070 1070 1070 1070 0 1108 1105 1097 1080 1073 1041 1041 1031 1025
    1016 1010 1010 1010 1013 1013 1013 1013 1016 1016 1016 1016 1019
    1019 1019 1022 1022 1025 1025 1025 1025 1031 1031 1031 1031 1034
    1038 1038 1038 1041 1041 1044 1044 1044 1044 1047 1050 1050 1054
    1054 1054 1057 1057 1057 1057 1060 1063 1063 1063 1067 1067 1067
    1067 1070 1070 1070 1070 0 3208 1108 1105 1084 1080 1077 1041 1041
    1034 1022 1013 1010 1010 1010 1013 1013 1013 1013 1013 1013 1016
    1016 1016 1016 1019 1022 1022 1025 1025 1025 1025 1031 1031 1031
    1031 1034 1038 1038 1038 1041 1041 1041 1044 1044 1044 1044 1047
    1050 1054 1054 1054 1057 1057 1057 1057 1057 1060 1060 1063 1063
    1063 1067 1067 1070 1070 1070 1070 0 3208 1119 1101 1084 1080 1077
    1044 1041 1034 1022 1013 1010 1010 1010 1013 1013 1013 1013 1013
    1013 1016 1016 1016 1016 1019 1019 1022 1025 1025 1025 1025 1031
