<?xml version="1.0"?>
<opencv_storage>
<Depth11987 type_id="opencv-matrix">
  <rows>11</rows>
  <cols>9</cols>
  <dt>w</dt>
  <data>
    0 0 5291 3859 3859 5548 5640 5640 5734 0 5374 5291 5291 5460 5548
    5548 5640 5734 0 5374 5374 5460 5460 5548 5548 5548 5640 0 5374 5374
    5460 5460 5460 5460 5548 5640 0 5460 5460 5460 5460 5460 5460 5548
    5548 5548 5548 5460 5460 5460 5460 5460 5460 5548 5548 5548 5460
    5460 5460 5460 5460 5460 5548 5460 5460 5460 5460 5460 5460 5460
    5460 5548 5374 5374 5374 5460 5460 5460 5460 5460 5548 5374 5374
    5374 5460 5548 5548 5548 5548 5640 0 5460 5460 5548 5548 5640 5640
    5640 5832</data></Depth11987>
</opencv_storage>
