<?xml version="1.0"?>
<opencv_storage>
<Depth type_id="opencv-matrix">
  <rows>40</rows>
  <cols>40</cols>
  <dt>f</dt>
  <data>
    0. 0. 0. 0. 0. 0. 0. 0. 0. 0. 0. 0. 0. 0. 0. 0. 0. 0. 0. 0. 0. 0. 0.
    0. 0. 0. 0. 0. 0. 0. 0. 0. 0. 0. 0. 0. 0. 0. 0. 0. 0. 0. 0. 0. 0. 0.
    0. 0. 0. 0. 0. 0. 0. 0. 0. 0. 0. 0. 0. 0. 0. 0. 0. 0. 0. 0. 0. 0. 0.
    0. 0. 0. 0. 0. 0. 0. 0. 0. 0. 0. 0. 0. 0. 0. 0. 0. 0. 0. 0. 0. 0. 0.
    0. 0. 0. 0. 0. 0. 0. 0. 0. 0. 0. 0. 0. 0. 0. 0. 0. 0. 0. 0. 0. 0. 0.
    0. 0. 0. 0. 0. 0. 0. 0. 0. 0. 0. 0. 0. 0. 0. 0. 1.97500002e+00
    1.97500002e+00 2.04299998e+00 2.04500008e+00 2.03500009e+00
    2.05599999e+00 2.04999995e+00 2.05100012e+00 2.05299997e+00
    2.05999994e+00 2.05900002e+00 0. 0. 2.07100010e+00 2.07299995e+00
    2.07599998e+00 2.06699991e+00 2.05599999e+00 2.98499990e+00
    1.13800001e+00 0. 0. 0. 0. 0. 0. 0. 0. 0. 0. 0. 0. 0. 0. 0.
    1.13800001e+00 1.13800001e+00 1.13800001e+00 1.19200003e+00
    1.97399998e+00 1.97500002e+00 1.97399998e+00 1.99699998e+00
    2.00399995e+00 2.01699996e+00 1.99800003e+00 2.01399994e+00
    2.02099991e+00 2.02200007e+00 2.03600001e+00 2.03999996e+00
    2.04299998e+00 2.04800010e+00 2.04500008e+00 2.05200005e+00
    2.05500007e+00 2.06200004e+00 2.05299997e+00 2.05599999e+00
    1.13800001e+00 1.13800001e+00 0. 0. 0. 0. 0. 0. 0. 0. 0. 0. 0. 0. 0.
    0. 1.13800001e+00 1.13800001e+00 1.13800001e+00 1.97399998e+00
    1.96700001e+00 1.96700001e+00 1.96700001e+00 1.97000003e+00
    1.97399998e+00 1.97399998e+00 1.97800004e+00 1.97700000e+00
    1.98000002e+00 1.98699999e+00 1.98599994e+00 1.98599994e+00
    1.99300003e+00 1.99600005e+00 1.99300003e+00 2. 1.99399996e+00
    2.03099990e+00 2.01900005e+00 2.00600004e+00 2.00200009e+00
    1.37600005e+00 1.40900004e+00 0. 0. 0. 0. 0. 0. 0. 0. 0. 0. 0. 0. 0.
    1.13800001e+00 1.13800001e+00 1.13800001e+00 1.46200001e+00
    1.96700001e+00 1.96599996e+00 1.96700001e+00 1.96800005e+00
    1.96899998e+00 1.97099996e+00 1.97300005e+00 1.97200000e+00
    1.97399998e+00 1.97500002e+00 1.97700000e+00 1.97899997e+00
    1.98099995e+00 1.98099995e+00 1.98099995e+00 1.98099995e+00
    1.98599994e+00 1.98599994e+00 1.99000001e+00 1.99399996e+00
    1.99199998e+00 1.99000001e+00 1.99000001e+00 0. 0. 0. 0. 0. 0. 0. 0.
    0. 0. 0. 0. 0. 1.13800001e+00 1.13800001e+00 1.13800001e+00
    1.46300006e+00 1.96800005e+00 1.96700001e+00 1.96899998e+00
    1.97099996e+00 1.97200000e+00 1.97300005e+00 1.97300005e+00
    1.97300005e+00 1.97399998e+00 1.97599995e+00 1.97800004e+00
    1.98099995e+00 1.98300004e+00 1.98099995e+00 1.98000002e+00
    1.98199999e+00 1.98500001e+00 1.98399997e+00 1.98500001e+00
    1.98500001e+00 1.98300004e+00 1.98300004e+00 1.98300004e+00 0. 0. 0.
    0. 0. 0. 0. 0. 0. 0. 0. 0. 0. 1.13800001e+00 1.13800001e+00
    1.13800001e+00 1.97000003e+00 1.96899998e+00 1.97000003e+00
    1.97200000e+00 1.97300005e+00 1.97300005e+00 1.97500002e+00
    1.97500002e+00 1.97500002e+00 1.97700000e+00 1.98000002e+00
    1.98099995e+00 1.98099995e+00 1.98300004e+00 1.98300004e+00
    1.98300004e+00 1.98599994e+00 1.98500001e+00 1.98699999e+00
    1.98800004e+00 1.98800004e+00 1.98699999e+00 1.98399997e+00
    1.98599994e+00 0. 0. 0. 0. 0. 0. 0. 0. 0. 0. 0. 0. 0. 1.13800001e+00
    1.13800001e+00 1.13800001e+00 1.60399997e+00 1.97300005e+00
    1.97300005e+00 1.97399998e+00 1.97399998e+00 1.97300005e+00
    1.97500002e+00 1.97500002e+00 1.97500002e+00 1.97899997e+00
    1.98099995e+00 1.98300004e+00 1.98300004e+00 1.98300004e+00
    1.98300004e+00 1.98500001e+00 1.98699999e+00 1.98500001e+00
    1.98500001e+00 1.98699999e+00 1.98699999e+00 1.98800004e+00
    1.98800004e+00 1.98699999e+00 0. 0. 0. 0. 0. 0. 0. 0. 0. 0. 0. 0. 0.
    1.13800001e+00 1.13800001e+00 1.13800001e+00 1.97599995e+00
    1.97500002e+00 1.97500002e+00 1.97500002e+00 1.97700000e+00
    1.97500002e+00 1.97700000e+00 1.97700000e+00 1.97899997e+00
    1.98099995e+00 1.98300004e+00 1.98300004e+00 1.98300004e+00
    1.98500001e+00 1.98500001e+00 1.98699999e+00 1.98699999e+00
    1.98699999e+00 1.98699999e+00 1.98699999e+00 1.99199998e+00
    1.98800004e+00 1.98699999e+00 1.98699999e+00 0. 0. 0. 0. 0. 0. 0. 0.
    0. 0. 0. 0. 0. 1.13800001e+00 1.13800001e+00 1.13800001e+00
    1.97800004e+00 1.97500002e+00 1.97500002e+00 1.97500002e+00
    1.97899997e+00 1.97899997e+00 1.97899997e+00 1.98099995e+00
    1.98099995e+00 1.98199999e+00 1.98500001e+00 1.98500001e+00
    1.98599994e+00 1.98699999e+00 1.98699999e+00 1.98899996e+00
    1.98699999e+00 1.99100006e+00 1.98899996e+00 1.99199998e+00
    1.99199998e+00 1.98899996e+00 1.99399996e+00 1.98899996e+00 0. 0. 0.
    0. 0. 0. 0. 0. 0. 0. 0. 0. 0. 1.13800001e+00 1.13800001e+00
    1.13800001e+00 1.97899997e+00 1.97700000e+00 1.97899997e+00
    1.97899997e+00 1.98099995e+00 1.98099995e+00 1.98099995e+00
    1.98099995e+00 1.98300004e+00 1.98399997e+00 1.98500001e+00
    1.98599994e+00 1.98800004e+00 1.98899996e+00 1.98899996e+00
    1.98899996e+00 1.99199998e+00 1.99199998e+00 1.99199998e+00
    1.99199998e+00 1.99199998e+00 1.99199998e+00 1.99199998e+00
    1.98899996e+00 0. 0. 0. 0. 0. 0. 0. 0. 0. 0. 0. 0. 0. 1.13800001e+00
    1.16199994e+00 1.96899998e+00 1.98000002e+00 1.98000002e+00
    1.98099995e+00 1.98099995e+00 1.98099995e+00 1.98099995e+00
    1.98300004e+00 1.98300004e+00 1.98300004e+00 1.98599994e+00
    1.98800004e+00 1.98699999e+00 1.98899996e+00 1.99199998e+00
    1.99199998e+00 1.99399996e+00 1.99199998e+00 1.99300003e+00
    1.99399996e+00 1.99399996e+00 1.99399996e+00 1.99399996e+00
    1.99399996e+00 1.99000001e+00 0. 0. 0. 0. 0. 0. 0. 0. 0. 0. 0. 0. 0.
    1.13800001e+00 1.13800001e+00 1.37300003e+00 1.98199999e+00
    1.98199999e+00 1.98099995e+00 1.98199999e+00 1.98300004e+00
    1.98300004e+00 1.98300004e+00 1.98399997e+00 1.98500001e+00
    1.98800004e+00 1.98899996e+00 1.98899996e+00 1.99100006e+00
    1.99199998e+00 1.99199998e+00 1.99399996e+00 1.99399996e+00
    1.99399996e+00 1.99399996e+00 1.99399996e+00 1.99600005e+00
    1.99399996e+00 1.99600005e+00 1.99500000e+00 0. 0. 0. 0. 0. 0. 0. 0.
    0. 0. 0. 0. 0. 1.13800001e+00 1.13800001e+00 1.37399995e+00
    1.98399997e+00 1.98300004e+00 1.98300004e+00 1.98399997e+00
    1.98500001e+00 1.98500001e+00 1.98500001e+00 1.98699999e+00
    1.98800004e+00 1.98899996e+00 1.99199998e+00 1.99199998e+00
    1.99399996e+00 1.99399996e+00 1.99500000e+00 1.99500000e+00
    1.99600005e+00 1.99600005e+00 1.99600005e+00 1.99600005e+00
    1.99699998e+00 1.99399996e+00 1.99600005e+00 1.67499995e+00 0. 0. 0.
    0. 0. 0. 0. 0. 0. 0. 0. 0. 0. 1.13800001e+00 1.13800001e+00
    1.68299997e+00 1.98599994e+00 1.98500001e+00 1.98599994e+00
    1.98699999e+00 1.98800004e+00 1.98800004e+00 1.98899996e+00
    1.98899996e+00 1.98899996e+00 1.99300003e+00 1.99399996e+00
    1.99399996e+00 1.99399996e+00 1.99399996e+00 1.99600005e+00
    1.99600005e+00 1.99600005e+00 1.99800003e+00 1.99899995e+00
    1.99899995e+00 1.99899995e+00 1.99699998e+00 1.99500000e+00
    1.17999995e+00 0. 0. 0. 0. 0. 0. 0. 0. 0. 0. 0. 0. 0. 1.13800001e+00
    1.13800001e+00 1.37500000e+00 1.98699999e+00 1.98800004e+00
    1.98800004e+00 1.98800004e+00 1.98899996e+00 1.98899996e+00
    1.99199998e+00 1.99199998e+00 1.99000001e+00 1.99300003e+00
    1.99500000e+00 1.99699998e+00 1.99600005e+00 1.99800003e+00
    1.99899995e+00 1.99899995e+00 1.99800003e+00 2. 2. 2. 2.
    2.00099993e+00 2. 1.99399996e+00 0. 0. 0. 0. 0. 0. 0. 0. 0. 0. 0. 0.
    0. 1.13800001e+00 1.13800001e+00 1.37600005e+00 1.98899996e+00
    1.98899996e+00 1.99199998e+00 1.99100006e+00 1.99199998e+00
    1.99199998e+00 1.99300003e+00 1.99199998e+00 1.99199998e+00
    1.99300003e+00 1.99699998e+00 2. 2. 1.99899995e+00 2. 2.
    1.99899995e+00 2. 2.00099993e+00 2.00099993e+00 2.00200009e+00
    2.00200009e+00 2. 1.13800001e+00 0. 0. 0. 0. 0. 0. 0. 0. 0. 0. 0. 0.
    0. 1.13800001e+00 1.13800001e+00 1.89400005e+00 1.99199998e+00
    1.99100006e+00 1.99199998e+00 1.99199998e+00 1.99199998e+00
