<?xml version="1.0"?>
<opencv_storage>
<Depth type_id="opencv-matrix">
  <rows>40</rows>
  <cols>40</cols>
  <dt>f</dt>
  <data>
    0. 0. 0. 0. 0. 0. 0. 0. 0. 0. 0. 0. 0. 0. 0. 0. 0. 0. 0. 0. 0. 0. 0.
    0. 0. 0. 0. 0. 0. 0. 0. 0. 0. 0. 0. 0. 0. 0. 0. 0. 0. 0. 0. 0. 0. 0.
    0. 0. 0. 0. 0. 0. 0. 0. 0. 0. 0. 0. 0. 0. 0. 0. 0. 0. 0. 0. 0. 0. 0.
    0. 0. 0. 0. 0. 0. 0. 0. 0. 0. 0. 0. 0. 0. 0. 0. 0. 0. 0. 0. 0. 0. 0.
    0. 0. 0. 0. 0. 0. 0. 0. 0. 0. 0. 0. 0. 0. 0. 0. 0. 0. 0. 0. 0. 0. 0.
    0. 0. 0. 0. 0. 0. 0. 0. 0. 0. 0. 0. 0. 0. 0. 0. 0. 0. 0. 0. 0. 0. 0.
    0. 0. 0. 0. 0. 0. 0. 0. 0. 0. 0. 0. 0. 0. 0. 0. 0. 0. 0. 0. 0. 0. 0.
    0. 0. 0. 0. 0. 0. 0. 0. 0. 0. 0. 0. 0. 0. 0. 0. 0. 0. 0. 0. 0. 0. 0.
    0. 0. 0. 0. 0. 0. 0. 0. 0. 0. 0. 0. 0. 0. 0. 0. 0. 0. 0. 0. 0. 0. 0.
    0. 0. 0. 0. 0. 0. 0. 0. 0. 0. 0. 0. 0. 0. 0. 0. 0. 0. 0. 0. 0. 0. 0.
    0. 0. 0. 0. 0. 0. 0. 0. 0. 0. 0. 0. 0. 0. 0. 0. 0. 0. 0. 0. 0. 0. 0.
    0. 0. 0. 0. 0. 0. 0. 0. 0. 0. 0. 0. 0. 0. 0. 0. 0. 0. 0. 0. 0. 0. 0.
    0. 0. 0. 0. 0. 0. 0. 0. 0. 0. 0. 0. 0. 0. 0. 0. 0. 0. 0. 0. 0. 0. 0.
    0. 0. 0. 0. 0. 0. 0. 0. 0. 0. 0. 0. 0. 0. 0. 0. 0. 0. 0. 0. 0. 0. 0.
    0. 0. 0. 0. 0. 0. 0. 0. 0. 0. 0. 0. 0. 0. 0. 0. 0. 0. 0. 0. 0. 0. 0.
    0. 0. 0. 0. 0. 0. 0. 0. 0. 0. 0. 0. 0. 0. 0. 2.99099994e+00
    2.94000006e+00 2.91499996e+00 2.91499996e+00 2.91499996e+00
    2.91499996e+00 2.91499996e+00 2.91499996e+00 2.91499996e+00
    2.91499996e+00 2.91499996e+00 2.91499996e+00 2.96000004e+00
    2.99600005e+00 2.99600005e+00 2.99600005e+00 2.99600005e+00
    2.99600005e+00 2.99600005e+00 2.99600005e+00 2.99600005e+00
    2.98200011e+00 2.93099999e+00 2.91499996e+00 2.91499996e+00
    2.91499996e+00 2.91499996e+00 2.91499996e+00 2.83100009e+00
    2.63199997e+00 2.15599990e+00 2. 2. 2. 1.98399997e+00 1.95000005e+00
    1.94599998e+00 1.94599998e+00 1.94599998e+00 1.92499995e+00
    2.99300003e+00 2.96499991e+00 2.95000005e+00 2.95000005e+00
    2.93099999e+00 2.91499996e+00 2.91499996e+00 2.91499996e+00
    2.91499996e+00 2.91499996e+00 2.91499996e+00 2.91499996e+00
    2.96000004e+00 2.99600005e+00 2.99600005e+00 2.99600005e+00
    2.99600005e+00 2.99600005e+00 2.99600005e+00 2.99600005e+00
    2.99600005e+00 2.98799992e+00 2.96000004e+00 2.95000005e+00
    2.94899988e+00 2.92700005e+00 2.78900003e+00 2.52500010e+00
    2.44499993e+00 2.33599997e+00 2.08299994e+00 2. 2. 2. 1.98399997e+00
    1.95000005e+00 1.94599998e+00 1.94599998e+00 1.94599998e+00
    1.93400002e+00 2.99600005e+00 2.99600005e+00 2.99600005e+00
    2.99600005e+00 2.95300007e+00 2.92000008e+00 2.92000008e+00
    2.92000008e+00 2.92000008e+00 2.91700006e+00 2.91499996e+00
    2.91499996e+00 2.96000004e+00 2.99600005e+00 2.99600005e+00
    2.99600005e+00 2.99600005e+00 2.99600005e+00 2.99600005e+00
    2.99600005e+00 2.96099997e+00 2.93199992e+00 2.93199992e+00
    2.93099999e+00 2.92499995e+00 2.87800002e+00 2.58400011e+00
    2.01699996e+00 1.94599998e+00 1.95500004e+00 1.98899996e+00 2. 2. 2.
    1.98399997e+00 1.95000005e+00 1.94599998e+00 1.94599998e+00
    1.94599998e+00 1.94599998e+00 2.99600005e+00 2.99600005e+00
    2.99600005e+00 2.99600005e+00 2.98200011e+00 2.97099996e+00
    2.97099996e+00 2.97099996e+00 2.96700001e+00 2.93300009e+00
    2.91499996e+00 2.91499996e+00 2.96000004e+00 2.99600005e+00
    2.99600005e+00 2.99600005e+00 2.99600005e+00 2.99600005e+00
    2.99600005e+00 2.99600005e+00 2.59999990e+00 2.27600002e+00
    2.27600002e+00 2.26099992e+00 2.24000001e+00 2.22399998e+00
    2.13599992e+00 1.96700001e+00 1.94599998e+00 1.95500004e+00
    1.98899996e+00 2. 2. 2. 1.98399997e+00 1.95000005e+00 1.94599998e+00
    1.94599998e+00 1.94599998e+00 1.94599998e+00 2.99600005e+00
    2.99600005e+00 2.99600005e+00 2.99600005e+00 2.99600005e+00
    2.99600005e+00 2.99600005e+00 2.99600005e+00 2.99099994e+00
    2.94099998e+00 2.91499996e+00 2.91499996e+00 2.96000004e+00
    2.99600005e+00 2.99600005e+00 2.87100005e+00 2.70400000e+00
    2.70400000e+00 2.69899988e+00 2.68799996e+00 2.27999997e+00
    1.94599998e+00 1.94599998e+00 1.92400002e+00 1.89499998e+00
    1.89499998e+00 1.90999997e+00 1.94200003e+00 1.94599998e+00
    1.95500004e+00 1.98899996e+00 1.99300003e+00 1.98300004e+00
    1.98300004e+00 1.97700000e+00 1.96399999e+00 1.96300006e+00
    1.96300006e+00 1.96300006e+00 1.95599997e+00 2.99600005e+00
    2.99600005e+00 2.99600005e+00 2.99600005e+00 2.99600005e+00
    2.99600005e+00 2.99600005e+00 2.99600005e+00 2.99099994e+00
    2.94099998e+00 2.91499996e+00 2.91499996e+00 2.96000004e+00
    2.99600005e+00 2.99600005e+00 2.61899996e+00 2.11599994e+00
    2.11599994e+00 2.10100007e+00 2.06900001e+00 2. 1.94599998e+00
    1.94599998e+00 1.92400002e+00 1.89499998e+00 1.89499998e+00
    1.90999997e+00 1.94200003e+00 1.94599998e+00 1.95500004e+00
    1.98899996e+00 1.97899997e+00 1.95000005e+00 1.95000005e+00
    1.96300006e+00 1.99300003e+00 1.99600005e+00 1.99600005e+00
    1.99600005e+00 1.97599995e+00 2.99600005e+00 2.99600005e+00
    2.98200011e+00 2.95400000e+00 2.95099998e+00 2.95099998e+00
    2.95099998e+00 2.97000003e+00 2.99399996e+00 2.97199988e+00
    2.78099990e+00 2.41400003e+00 2.39299989e+00 2.40899992e+00
    2.40899992e+00 2.23099995e+00 1.99500000e+00 2.01399994e+00
    2.01699996e+00 2.00200009e+00 1.97000003e+00 1.94599998e+00
    1.94599998e+00 1.93599999e+00 1.92400002e+00 1.92400002e+00
    1.92999995e+00 1.94400001e+00 1.94599998e+00 1.95500004e+00
    1.98899996e+00 1.97700000e+00 1.94599998e+00 1.94599998e+00
    1.95299995e+00 1.96800005e+00 1.97000003e+00 1.97000003e+00
    1.97000003e+00 1.96000004e+00 2.96099997e+00 2.89800000e+00
    2.84200001e+00 2.79399991e+00 2.78900003e+00 2.78699994e+00
    2.77999997e+00 2.79800010e+00 2.82299995e+00 2.82299995e+00
    2.55500007e+00 2.00699997e+00 1.94599998e+00 1.94599998e+00
    1.94599998e+00 1.94599998e+00 1.94900000e+00 1.98300004e+00 2. 2.
    1.97599995e+00 1.95599997e+00 1.95599997e+00 1.95599997e+00
    1.95599997e+00 1.95599997e+00 1.95599997e+00 1.95599997e+00
    1.95599997e+00 1.96300006e+00 1.99100006e+00 1.97700000e+00
    1.94599998e+00 1.94599998e+00 1.94599998e+00 1.94599998e+00
    1.94599998e+00 1.94599998e+00 1.94599998e+00 1.94599998e+00
    2.83999991e+00 2.56299996e+00 2.40300012e+00 2.36299992e+00
    2.35899997e+00 2.34999990e+00 2.32100010e+00 2.27800012e+00
    2.23499990e+00 2.23499990e+00 2.14700007e+00 1.96599996e+00
    1.94599998e+00 1.94599998e+00 1.94599998e+00 1.94599998e+00
    1.94900000e+00 1.98300004e+00 2. 2. 1.99399996e+00 1.99000001e+00
    1.99000001e+00 1.99000001e+00 1.99000001e+00 1.99000001e+00
    1.99000001e+00 1.99000001e+00 1.99000001e+00 1.99100006e+00
    1.99800003e+00 1.97700000e+00 1.94599998e+00 1.94599998e+00
    1.94599998e+00 1.94599998e+00 1.94599998e+00 1.94599998e+00
    1.94599998e+00 1.94599998e+00 2.55399990e+00 2.35899997e+00
    2.24300003e+00 2.20499992e+00 2.20099998e+00 2.19099998e+00
    2.15400004e+00 2.10400009e+00 2.05399990e+00 2.05399990e+00
    2.02800012e+00 1.97500002e+00 1.96899998e+00 1.96899998e+00
    1.96899998e+00 1.96899998e+00 1.97099996e+00 1.99000001e+00 2. 2. 2.
    2. 2. 2. 2. 2. 2. 2. 2. 2. 2. 1.98699999e+00 1.96800005e+00
    1.95400000e+00 1.94599998e+00 1.94599998e+00 1.94599998e+00
    1.94599998e+00 1.94599998e+00 1.94599998e+00 2.22700000e+00
    2.22499990e+00 2.20600009e+00 2.17199993e+00 2.16799998e+00
    2.15700006e+00 2.12100005e+00 2.08599997e+00 2.05399990e+00
    2.05399990e+00 2.03699994e+00 2.00399995e+00 2. 2. 2. 2. 2. 2. 2. 2.
    2. 2. 2. 2. 2. 2. 2. 2. 2. 2. 2. 2. 1.99800003e+00 1.96599996e+00
    1.94799995e+00 1.94599998e+00 1.94599998e+00 1.94599998e+00
    1.94599998e+00 1.94599998e+00 2.22499990e+00 2.19899988e+00
    2.18099999e+00 2.16899991e+00 2.16799998e+00 2.15700006e+00
    2.12100005e+00 2.08599997e+00 2.05399990e+00 2.05399990e+00
    2.03699994e+00 2.00399995e+00 2. 2. 2. 2. 2. 2. 2. 2. 2. 2. 2. 2. 2.
    2. 2. 2. 2. 2. 2. 2. 1.99899995e+00 1.98899996e+00 1.97200000e+00
