<?xml version="1.0"?>
<opencv_storage>
<Depth type_id="opencv-matrix">
  <rows>40</rows>
  <cols>40</cols>
  <dt>f</dt>
  <data>
    0. 0. 0. 0. 0. 0. 0. 0. 0. 0. 0. 0. 0. 0. 0. 0. 0. 0. 0. 0. 0. 0. 0.
    0. 0. 0. 0. 0. 0. 0. 0. 0. 0. 0. 0. 0. 0. 0. 0. 0. 0. 0. 0. 0. 0. 0.
    0. 0. 0. 0. 0. 0. 0. 0. 0. 0. 0. 0. 0. 0. 0. 0. 0. 0. 0. 0. 0. 0. 0.
    0. 0. 0. 0. 0. 0. 0. 0. 0. 0. 0. 0. 0. 0. 0. 0. 0. 0. 0. 0. 0. 0. 0.
    0. 0. 0. 0. 0. 0. 0. 0. 0. 0. 0. 0. 0. 0. 0. 0. 0. 0. 0. 0. 0. 0. 0.
    0. 0. 0. 0. 0. 0. 0. 0. 0. 0. 0. 0. 0. 0. 0. 0. 0. 0. 0. 0. 0. 0. 0.
    0. 0. 0. 0. 0. 0. 0. 0. 0. 0. 0. 0. 0. 0. 0. 0. 0. 0. 0. 0. 0. 0. 0.
    0. 0. 0. 0. 0. 0. 0. 0. 0. 0. 0. 0. 0. 0. 0. 0. 0. 0. 0. 0. 0. 0. 0.
    0. 0. 0. 0. 0. 0. 0. 0. 0. 0. 0. 0. 0. 0. 0. 0. 0. 0. 0. 0. 0. 0. 0.
    0. 0. 0. 0. 0. 0. 0. 0. 0. 0. 0. 0. 0. 0. 0. 0. 0. 0. 0. 0. 0. 0. 0.
    0. 0. 0. 0. 0. 0. 0. 0. 0. 0. 0. 0. 0. 0. 0. 0. 0. 0. 0. 0. 0. 0. 0.
    0. 0. 0. 0. 0. 0. 0. 0. 0. 0. 0. 0. 0. 0. 0. 0. 0. 0. 0. 0. 0. 0. 0.
    0. 0. 0. 0. 0. 0. 0. 0. 0. 0. 0. 0. 0. 0. 0. 0. 0. 0. 0. 0. 0. 0. 0.
    0. 0. 0. 0. 0. 0. 0. 0. 0. 0. 0. 0. 0. 0. 0. 0. 0. 0. 0. 0. 0. 0. 0.
    0. 0. 0. 0. 0. 0. 0. 0. 0. 0. 0. 0. 0. 0. 0. 0. 0. 0. 0. 0. 0. 0. 0.
    0. 0. 0. 0. 0. 0. 0. 0. 0. 0. 0. 0. 0. 0. 0. 0. 0. 0. 0. 0. 0. 0. 0.
    2.25600004e+00 2.25600004e+00 2.25600004e+00 2.25600004e+00
    2.20900011e+00 2.15499997e+00 2.12500000e+00 2.12500000e+00
    2.12500000e+00 2.12500000e+00 2.12500000e+00 2.12500000e+00
    2.12500000e+00 2.12500000e+00 2.12500000e+00 2.12500000e+00
    2.16599989e+00 2.22000003e+00 2.25600004e+00 2.25600004e+00
    2.25600004e+00 2.25600004e+00 2.25600004e+00 2.25600004e+00 0. 0. 0.
    0. 0. 0. 0. 0. 0. 0. 0. 0. 0. 0. 0. 0. 2.25600004e+00 2.25600004e+00
    2.25600004e+00 2.25600004e+00 2.20400000e+00 2.14400005e+00
    2.10999990e+00 2.10999990e+00 2.10999990e+00 2.11599994e+00
    2.12299991e+00 2.12500000e+00 2.12500000e+00 2.12500000e+00
    2.12500000e+00 2.12500000e+00 2.16100001e+00 2.20900011e+00
    2.24000001e+00 2.24000001e+00 2.24000001e+00 2.24600005e+00
    2.25300002e+00 2.25600004e+00 0. 0. 0. 0. 0. 0. 0. 0. 0. 0. 0. 0. 0.
    0. 0. 0. 2.25600004e+00 2.25600004e+00 2.25600004e+00 2.25600004e+00
    2.18499994e+00 2.10400009e+00 2.05800009e+00 2.05800009e+00
    2.05900002e+00 2.08699989e+00 2.11400008e+00 2.12500000e+00
    2.12500000e+00 2.12500000e+00 2.12500000e+00 2.12500000e+00
    2.14400005e+00 2.16899991e+00 2.18600011e+00 2.18600011e+00
    2.18600011e+00 2.21199989e+00 2.24099994e+00 2.25600004e+00 0. 0. 0.
    0. 0. 0. 0. 0. 0. 0. 0. 0. 0. 0. 0. 0. 2.25600004e+00 2.25600004e+00
    2.25600004e+00 2.25600004e+00 2.16700006e+00 2.06399989e+00
    2.00699997e+00 2.00699997e+00 2.00799990e+00 2.05699992e+00
    2.10500002e+00 2.12500000e+00 2.12500000e+00 2.12500000e+00
    2.12500000e+00 2.12500000e+00 2.12700009e+00 2.13000011e+00
    2.13199997e+00 2.13199997e+00 2.13199997e+00 2.17899990e+00
    2.23000002e+00 2.25600004e+00 0. 0. 0. 0. 0. 0. 0. 0. 0. 0. 0. 0. 0.
    0. 0. 0. 2.20900011e+00 2.20900011e+00 2.20900011e+00 2.20900011e+00
    2.13400006e+00 2.04800010e+00 2. 2. 2.00099993e+00 2.03399992e+00
    2.06699991e+00 2.07999992e+00 2.07999992e+00 2.08400011e+00
    2.10200000e+00 2.11999989e+00 2.12500000e+00 2.12500000e+00
    2.12500000e+00 2.12500000e+00 2.12500000e+00 2.17400002e+00
    2.22799993e+00 2.25600004e+00 0. 0. 0. 0. 0. 0. 0. 0. 0. 0. 0. 0. 0.
    0. 0. 0. 2.15499997e+00 2.15499997e+00 2.15499997e+00 2.15499997e+00
    2.09999990e+00 2.03600001e+00 2. 2. 2. 2.01200008e+00 2.02399993e+00
    2.02900004e+00 2.02900004e+00 2.03600001e+00 2.07500005e+00
    2.11500001e+00 2.12500000e+00 2.12500000e+00 2.12500000e+00
    2.12500000e+00 2.12500000e+00 2.17400002e+00 2.22799993e+00
    2.25600004e+00 0. 0. 0. 0. 0. 0. 0. 0. 0. 0. 0. 0. 0. 0. 0. 0.
    2.07999992e+00 2.08500004e+00 2.10400009e+00 2.12299991e+00
    2.07999992e+00 2.02900004e+00 2. 2. 2. 2. 2. 2. 2. 2.00900006e+00
    2.06100011e+00 2.11199999e+00 2.12500000e+00 2.12500000e+00
    2.12500000e+00 2.12500000e+00 2.12500000e+00 2.16499996e+00
    2.20900011e+00 2.23200011e+00 0. 0. 0. 0. 0. 0. 0. 0. 0. 0. 0. 0. 0.
    0. 0. 0. 1.97800004e+00 1.99500000e+00 2.05599999e+00 2.11700010e+00
    2.07999992e+00 2.02900004e+00 2. 2. 2. 2. 2. 2. 2. 2.00900006e+00
    2.06100011e+00 2.11199999e+00 2.12500000e+00 2.12500000e+00
    2.12500000e+00 2.12500000e+00 2.12500000e+00 2.14499998e+00
    2.16700006e+00 2.17799997e+00 0. 0. 0. 0. 0. 0. 0. 0. 0. 0. 0. 0. 0.
    0. 0. 0. 1.87800002e+00 1.90699995e+00 2.00900006e+00 2.11100006e+00
    2.07999992e+00 2.02900004e+00 2. 2. 2. 2. 2. 2. 2. 2.00900006e+00
    2.06100011e+00 2.11199999e+00 2.12500000e+00 2.12500000e+00
    2.12500000e+00 2.12500000e+00 2.12500000e+00 2.12500000e+00
    2.12500000e+00 2.12500000e+00 0. 0. 0. 0. 0. 0. 0. 0. 0. 0. 0. 0. 0.
    0. 0. 0. 1.87800002e+00 1.90699995e+00 2.00900006e+00 2.11100006e+00
    2.07999992e+00 2.02900004e+00 2. 2. 2. 2. 2. 2. 2. 2.00900006e+00
    2.06100011e+00 2.11199999e+00 2.12500000e+00 2.12500000e+00
    2.12500000e+00 2.12500000e+00 2.12500000e+00 2.12500000e+00
    2.12500000e+00 2.12500000e+00 0. 0. 0. 0. 0. 0. 0. 0. 0. 0. 0. 0. 0.
    0. 0. 0. 1.87800002e+00 1.90699995e+00 2.00900006e+00 2.11100006e+00
    2.07999992e+00 2.02900004e+00 2. 2. 2. 2. 2. 2. 2. 2.00900006e+00
    2.06100011e+00 2.11199999e+00 2.12500000e+00 2.12500000e+00
    2.12500000e+00 2.12500000e+00 2.12500000e+00 2.12500000e+00
    2.12500000e+00 2.12500000e+00 0. 0. 0. 0. 0. 0. 0. 0. 0. 0. 0. 0. 0.
    0. 0. 0. 1.84899998e+00 1.87500000e+00 1.96300006e+00 2.05200005e+00
    2.02999997e+00 1.99100006e+00 1.97500002e+00 1.98800004e+00 2. 2. 2.
    2.00799990e+00 2.01999998e+00 2.03800011e+00 2.07699990e+00
    2.11500001e+00 2.11500001e+00 2.10299993e+00 2.09400010e+00
    2.09400010e+00 2.09400010e+00 2.09400010e+00 2.09400010e+00
    2.09400010e+00 0. 0. 0. 0. 0. 0. 0. 0. 0. 0. 0. 0. 0. 0. 0. 0.
    1.80100000e+00 1.82099998e+00 1.88699996e+00 1.95299995e+00
    1.94700003e+00 1.92900002e+00 1.93400002e+00 1.96700001e+00 2. 2. 2.
    2.01999998e+00 2.05399990e+00 2.08599997e+00 2.10299993e+00
    2.12100005e+00 2.09899998e+00 2.06500006e+00 2.04200006e+00
    2.04200006e+00 2.04200006e+00 2.04200006e+00 2.04200006e+00
    2.04200006e+00 0. 0. 0. 0. 0. 0. 0. 0. 0. 0. 0. 0. 0. 0. 0. 0.
    1.74600005e+00 1.76100004e+00 1.81200004e+00 1.86300004e+00
    1.87300003e+00 1.87600005e+00 1.89999998e+00 1.95099998e+00 2. 2. 2.
    2.02900004e+00 2.07599998e+00 2.11500001e+00 2.11199999e+00
    2.10800004e+00 2.07100010e+00 2.02300000e+00 1.99199998e+00
    1.99600005e+00 2. 2. 2. 2. 0. 0. 0. 0. 0. 0. 0. 0. 0. 0. 0. 0. 0. 0.
    0. 0. 1.65499997e+00 1.67499995e+00 1.74399996e+00 1.81200004e+00
    1.84200001e+00 1.86500001e+00 1.89999998e+00 1.95099998e+00 2. 2. 2.
    2.01600003e+00 2.04200006e+00 2.05999994e+00 2.03600001e+00
    2.01099992e+00 1.98500001e+00 1.95799994e+00 1.94900000e+00
    1.97300005e+00 1.99800003e+00 2. 2. 2. 0. 0. 0. 0. 0. 0. 0. 0. 0. 0.
    0. 0. 0. 0. 0. 0. 1.56299996e+00 1.58899999e+00 1.67499995e+00
    1.76199996e+00 1.81099999e+00 1.85399997e+00 1.89999998e+00
    1.95099998e+00 2. 2. 2. 2.00300002e+00 2.00799990e+00 2.00500011e+00
    1.95899999e+00 1.91400003e+00 1.89900005e+00 1.89400005e+00
    1.90499997e+00 1.95099998e+00 1.99600005e+00 2. 2. 2. 0. 0. 0. 0. 0.
    0. 0. 0. 0. 0. 0. 0. 0. 0. 0. 0. 1.54100001e+00 1.56299996e+00
    1.63999999e+00 1.71700001e+00 1.76800001e+00 1.81500006e+00
    1.86399996e+00 1.91299999e+00 1.96200001e+00 1.96200001e+00
    1.96200001e+00 1.95299995e+00 1.93799996e+00 1.91999996e+00
    1.88499999e+00 1.85000002e+00 1.85300004e+00 1.86800003e+00
    1.89499998e+00 1.94500005e+00 1.99500000e+00 2. 2. 2. 0. 0. 0. 0. 0.
    0. 0. 0. 0. 0. 0. 0. 0. 0. 0. 0. 1.54100001e+00 1.55799997e+00
    1.61500001e+00 1.67200005e+00 1.72099996e+00 1.76800001e+00
    1.81599998e+00 1.86399996e+00 1.91199994e+00 1.91199994e+00
