<?xml version="1.0"?>
<opencv_storage>
<Depth type_id="opencv-matrix">
  <rows>40</rows>
  <cols>40</cols>
  <dt>f</dt>
  <data>
    0. 0. 0. 0. 0. 0. 0. 0. 0. 0. 0. 0. 0. 0. 0. 0. 0. 0. 0. 0. 0. 0. 0.
    0. 0. 0. 0. 0. 0. 0. 0. 0. 0. 0. 0. 0. 0. 0. 0. 0. 0. 0. 0. 0. 0. 0.
    0. 0. 0. 0. 0. 0. 0. 0. 0. 0. 0. 0. 0. 0. 0. 0. 0. 0. 0. 0. 0. 0. 0.
    0. 0. 0. 0. 0. 0. 0. 0. 0. 0. 0. 0. 0. 0. 0. 0. 0. 0. 0. 0. 0. 0. 0.
    0. 0. 0. 0. 0. 0. 0. 0. 0. 0. 0. 0. 0. 0. 0. 0. 0. 0. 0. 0. 0. 0. 0.
    0. 0. 0. 0. 0. 0. 0. 0. 0. 0. 0. 0. 0. 0. 0. 0. 0. 0. 0. 0. 0. 0. 0.
    0. 0. 0. 0. 0. 0. 0. 0. 0. 0. 0. 0. 0. 0. 0. 0. 0. 0. 0. 0. 0. 0. 0.
    0. 0. 0. 0. 0. 0. 0. 0. 0. 0. 0. 0. 0. 0. 0. 0. 0. 0. 0. 0. 0. 0. 0.
    0. 0. 0. 0. 0. 0. 0. 0. 0. 0. 0. 0. 0. 0. 0. 0. 0. 0. 0. 0. 0. 0. 0.
    0. 0. 0. 0. 0. 0. 0. 0. 0. 0. 0. 0. 0. 0. 0. 0. 0. 0. 0. 0. 0. 0. 0.
    0. 0. 0. 0. 0. 0. 0. 0. 0. 0. 0. 0. 0. 0. 0. 0. 0. 0. 0. 0. 0. 0. 0.
    0. 0. 0. 0. 0. 0. 0. 0. 0. 0. 0. 0. 0. 0. 0. 0. 0. 0. 0. 0. 0. 0. 0.
    0. 0. 0. 0. 0. 0. 0. 0. 0. 0. 0. 0. 0. 0. 0. 0. 0. 0. 0. 0. 0. 0. 0.
    0. 0. 0. 0. 0. 0. 0. 0. 0. 0. 0. 0. 0. 0. 0. 0. 0. 0. 0. 0. 0. 0. 0.
    0. 0. 0. 0. 0. 0. 0. 0. 0. 0. 0. 0. 0. 0. 0. 0. 0. 0. 0. 0. 0. 0. 0.
    0. 0. 0. 0. 0. 0. 0. 0. 0. 0. 0. 0. 0. 0. 0. 0. 0. 0. 0. 0. 0. 0. 0.
    0. 0. 0. 0. 0. 0. 0. 0. 0. 0. 0. 0. 0. 0. 0. 0. 0. 0. 0. 0. 0. 0. 0.
    0. 0. 0. 0. 0. 0. 0. 0. 0. 0. 0. 0. 0. 0. 0. 0. 0. 0. 0. 0. 0. 0. 0.
    0. 0. 0. 0. 0. 0. 0. 0. 0. 0. 0. 0. 0. 0. 0. 0. 0. 0. 0. 0. 0. 0. 0.
    0. 0. 0. 0. 0. 0. 0. 0. 0. 0. 0. 0. 0. 0. 0. 0. 0. 0. 0. 0. 0. 0. 0.
    0. 0. 0. 0. 0. 0. 0. 0. 0. 0. 0. 0. 0. 0. 0. 0. 0. 0. 0. 0. 0. 0. 0.
    0. 0. 0. 0. 0. 0. 0. 0. 0. 0. 0. 0. 0. 0. 0. 0. 0. 0. 0. 0. 0. 0. 0.
    0. 0. 0. 0. 0. 0. 0. 0. 0. 0. 0. 0. 0. 0. 2. 2. 2. 2. 2.
    1.96399999e+00 1.91999996e+00 1.90799999e+00 1.90799999e+00
    1.90799999e+00 1.90799999e+00 1.90799999e+00 1.90799999e+00
    1.88999999e+00 1.84899998e+00 1.82000005e+00 1.82000005e+00
    1.83800006e+00 1.92400002e+00 2. 2. 2. 2. 2. 2.03999996e+00
    2.08500004e+00 2.09400010e+00 2.09400010e+00 2.09400010e+00
    2.09400010e+00 2.09400010e+00 2.09400010e+00 2.09400010e+00
    2.09400010e+00 2.11199999e+00 2.15899992e+00 2.19199991e+00
    2.19199991e+00 2.19199991e+00 2.19199991e+00 2. 2. 2. 2. 2.
    1.96399999e+00 1.91999996e+00 1.90799999e+00 1.90799999e+00
    1.90799999e+00 1.90799999e+00 1.90799999e+00 1.90799999e+00
    1.89400005e+00 1.86099994e+00 1.83899999e+00 1.83899999e+00
    1.85500002e+00 1.93200004e+00 2. 2. 2. 2. 2. 2.03999996e+00
    2.08500004e+00 2.09400010e+00 2.09400010e+00 2.09400010e+00
    2.09400010e+00 2.09400010e+00 2.09400010e+00 2.09400010e+00
    2.09400010e+00 2.10800004e+00 2.14499998e+00 2.17100000e+00
    2.17100000e+00 2.17100000e+00 2.17100000e+00 2. 2. 2. 2. 2.
    1.96399999e+00 1.91999996e+00 1.90799999e+00 1.90799999e+00
    1.90799999e+00 1.90799999e+00 1.90799999e+00 1.90799999e+00
    1.90300000e+00 1.88999999e+00 1.88100004e+00 1.88100004e+00
    1.89300001e+00 1.95000005e+00 2. 2. 2. 2. 2. 2.03999996e+00
    2.08500004e+00 2.09400010e+00 2.09400010e+00 2.09400010e+00
    2.09400010e+00 2.09400010e+00 2.09400010e+00 2.09400010e+00
    2.09400010e+00 2.09999990e+00 2.11400008e+00 2.12400007e+00
    2.12400007e+00 2.12400007e+00 2.12400007e+00 2. 2. 2. 1.99300003e+00
    1.98599994e+00 1.95400000e+00 1.91799998e+00 1.90799999e+00
    1.90799999e+00 1.90799999e+00 1.90799999e+00 1.90799999e+00
    1.90799999e+00 1.90799999e+00 1.90799999e+00 1.90799999e+00
    1.90799999e+00 1.91700006e+00 1.96099997e+00 2. 2. 2. 2. 2.
    2.03999996e+00 2.08500004e+00 2.09400010e+00 2.09400010e+00
    2.09400010e+00 2.09400010e+00 2.09400010e+00 2.09400010e+00
    2.09400010e+00 2.09400010e+00 2.09400010e+00 2.09400010e+00
    2.09400010e+00 2.09400010e+00 2.09400010e+00 2.09400010e+00 2. 2. 2.
    1.97399998e+00 1.94599998e+00 1.92799997e+00 1.91199994e+00
    1.90799999e+00 1.90799999e+00 1.90799999e+00 1.90799999e+00
    1.90799999e+00 1.90799999e+00 1.90799999e+00 1.90799999e+00
    1.90799999e+00 1.90799999e+00 1.91700006e+00 1.96099997e+00 2. 2. 2.
    2. 2. 2.03999996e+00 2.08500004e+00 2.09400010e+00 2.09400010e+00
    2.09400010e+00 2.09400010e+00 2.09400010e+00 2.09400010e+00
    2.09400010e+00 2.09400010e+00 2.09400010e+00 2.09400010e+00
    2.09400010e+00 2.09400010e+00 2.09400010e+00 2.09400010e+00
    2.01099992e+00 2.00600004e+00 2. 1.95899999e+00 1.91499996e+00
    1.90799999e+00 1.90799999e+00 1.90799999e+00 1.90799999e+00
    1.90799999e+00 1.90799999e+00 1.90799999e+00 1.90799999e+00
    1.90799999e+00 1.90799999e+00 1.90999997e+00 1.91499996e+00
    1.92700005e+00 1.96599996e+00 2. 2. 2. 2. 2. 2.03999996e+00
    2.08500004e+00 2.09400010e+00 2.09400010e+00 2.09400010e+00
    2.09400010e+00 2.09400010e+00 2.09400010e+00 2.09400010e+00
    2.09400010e+00 2.09400010e+00 2.09400010e+00 2.09400010e+00
    2.09400010e+00 2.09400010e+00 2.09400010e+00 2.05500007e+00
    2.02800012e+00 2.00200009e+00 1.95899999e+00 1.91499996e+00
    1.90799999e+00 1.90799999e+00 1.90799999e+00 1.90799999e+00
    1.90799999e+00 1.90799999e+00 1.90799999e+00 1.90799999e+00
    1.90799999e+00 1.90799999e+00 1.91600001e+00 1.94200003e+00
    1.96599996e+00 1.98399997e+00 2. 2. 2. 2. 2. 2.03999996e+00
    2.08500004e+00 2.09400010e+00 2.09400010e+00 2.09400010e+00
    2.09400010e+00 2.09400010e+00 2.09400010e+00 2.09400010e+00
    2.09400010e+00 2.09400010e+00 2.09400010e+00 2.09400010e+00
    2.09400010e+00 2.09400010e+00 2.09400010e+00 2.09200001e+00
    2.05100012e+00 2.00900006e+00 1.96300006e+00 1.91600001e+00
    1.90799999e+00 1.90799999e+00 1.90799999e+00 1.90799999e+00
    1.90799999e+00 1.90799999e+00 1.90799999e+00 1.90799999e+00
    1.90900004e+00 1.91199994e+00 1.92700005e+00 1.96800005e+00
    2.00099993e+00 2.00399995e+00 2.00600004e+00 2.00600004e+00
    2.00600004e+00 2.00600004e+00 2.00600004e+00 2.04399991e+00
    2.08599997e+00 2.09400010e+00 2.09400010e+00 2.09400010e+00
    2.09400010e+00 2.09400010e+00 2.09400010e+00 2.09400010e+00
    2.09400010e+00 2.09299994e+00 2.08999991e+00 2.08800006e+00
    2.08800006e+00 2.08800006e+00 2.09100008e+00 2.09299994e+00
    2.07299995e+00 2.05200005e+00 1.98699999e+00 1.91900003e+00
    1.90799999e+00 1.90799999e+00 1.90799999e+00 1.90799999e+00
    1.90799999e+00 1.90799999e+00 1.90799999e+00 1.90799999e+00
    1.91799998e+00 1.94200003e+00 1.96399999e+00 1.98399997e+00
    2.00500011e+00 2.02900004e+00 2.05100012e+00 2.05100012e+00
    2.05100012e+00 2.05100012e+00 2.05100012e+00 2.06900001e+00
    2.08999991e+00 2.09400010e+00 2.09400010e+00 2.09400010e+00
    2.09400010e+00 2.09400010e+00 2.09400010e+00 2.09400010e+00
    2.09400010e+00 2.08500004e+00 2.05999994e+00 2.04299998e+00
    2.04299998e+00 2.04800010e+00 2.07200003e+00 2.09400010e+00
    2.04500008e+00 1.99699998e+00 1.91199994e+00 1.82500005e+00
    1.81099999e+00 1.81099999e+00 1.81099999e+00 1.81099999e+00
    1.84099996e+00 1.88800001e+00 1.91100001e+00 1.91100001e+00
    1.90900004e+00 1.90400004e+00 1.90100002e+00 1.90100002e+00
    1.90999997e+00 1.95400000e+00 1.99300003e+00 1.99300003e+00
    1.99399996e+00 2.04200006e+00 2.09100008e+00 2.09599996e+00
    2.09599996e+00 2.09500003e+00 2.09400010e+00 2.09400010e+00
    2.09400010e+00 2.09400010e+00 2.09400010e+00 2.09400010e+00
    2.09400010e+00 2.07699990e+00 2.03200006e+00 2. 2. 2.00799990e+00
    2.05299997e+00 2.09200001e+00 0. 0. 0. 0. 0. 0. 0. 0. 0.
    1.35800004e+00 2. 2. 1.44500005e+00 0. 0. 0. 0. 0. 0. 0. 0. 0.
    2.01200008e+00 2.14199996e+00 2.14199996e+00 2.12400007e+00
    2.10100007e+00 2.09400010e+00 2.09400010e+00 2.09400010e+00
    2.09400010e+00 2.09400010e+00 2.09400010e+00 2.07699990e+00
    2.03200006e+00 2. 2. 2.00799990e+00 2.05299997e+00 2.08999991e+00 0.
    0. 0. 0. 0. 0. 0. 0. 0. 0. 2.08800006e+00 2.08800006e+00 0. 0. 0. 0.
    0. 0. 0. 0. 0. 0. 1.93400002e+00 2.18899989e+00 2.18899989e+00
