<?xml version="1.0"?>
<opencv_storage>
<Depth type_id="opencv-matrix">
  <rows>40</rows>
  <cols>40</cols>
  <dt>f</dt>
  <data>
    0. 0. 0. 0. 0. 0. 0. 0. 0. 0. 0. 0. 0. 0. 0. 0. 0. 0. 0. 0. 0. 0. 0.
    0. 0. 0. 0. 0. 0. 0. 0. 0. 0. 0. 0. 0. 0. 0. 0. 0. 0. 0. 0. 0. 0. 0.
    0. 0. 0. 0. 0. 0. 0. 0. 0. 0. 0. 0. 0. 0. 0. 0. 0. 0. 0. 0. 0. 0. 0.
    0. 0. 0. 0. 0. 0. 0. 0. 0. 0. 0. 0. 0. 0. 0. 0. 0. 0. 0. 0. 0. 0. 0.
    0. 0. 0. 0. 0. 0. 0. 0. 0. 0. 0. 0. 0. 0. 0. 0. 0. 0. 0. 0. 0. 0. 0.
    0. 0. 0. 0. 0. 0. 0. 0. 0. 0. 0. 1.35200000e+00 1.35200000e+00
    1.35200000e+00 1.35200000e+00 1.35200000e+00 1.35200000e+00
    1.35200000e+00 0. 0. 0. 0. 0. 0. 0. 0. 0. 0. 0. 0. 1.98800004e+00
    2.94099998e+00 0. 0. 0. 0. 0. 0. 0. 0. 0. 0. 0. 0. 0. 0. 0. 0. 0. 0.
    0. 1.35200000e+00 1.35200000e+00 1.35200000e+00 1.35200000e+00
    1.35200000e+00 1.35200000e+00 1.35200000e+00 1.35200000e+00
    1.35200000e+00 0. 0. 0. 0. 0. 1.35200000e+00 1.35200000e+00
    1.35200000e+00 1.35200000e+00 1.98899996e+00 1.98699999e+00
    1.98199999e+00 1.97899997e+00 1.98300004e+00 1.35200000e+00
    1.35200000e+00 0. 0. 0. 0. 0. 0. 0. 0. 0. 0. 0. 0. 0. 0. 0.
    1.35200000e+00 1.35200000e+00 1.35200000e+00 1.35200000e+00
    1.35200000e+00 1.35200000e+00 1.35200000e+00 1.35200000e+00
    1.35200000e+00 1.35200000e+00 0. 0. 0. 2.43499994e+00 1.35200000e+00
    1.35200000e+00 1.35200000e+00 1.98500001e+00 1.98899996e+00
    1.98599994e+00 1.98199999e+00 1.97800004e+00 1.97399998e+00
    1.47599995e+00 1.35200000e+00 1.35200000e+00 1.35200000e+00
    1.35200000e+00 0. 0. 0. 0. 0. 0. 0. 0. 0. 0. 0. 0. 1.35200000e+00
    1.35200000e+00 1.35200000e+00 1.35200000e+00 1.35200000e+00
    1.35200000e+00 1.35200000e+00 1.35200000e+00 1.35200000e+00
    1.35200000e+00 1.35200000e+00 1.43400002e+00 0. 1.40400004e+00
    1.35200000e+00 1.35200000e+00 1.35200000e+00 1.99300003e+00
    1.98899996e+00 1.98599994e+00 1.98099995e+00 1.97800004e+00
    1.97399998e+00 1.97000003e+00 1.95700002e+00 1.92799997e+00
    1.35200000e+00 1.35200000e+00 0. 0. 0. 0. 0. 0. 0. 0. 0. 0. 0. 0.
    1.35200000e+00 1.35200000e+00 1.35200000e+00 1.35200000e+00
    1.35200000e+00 1.35200000e+00 1.35200000e+00 1.35200000e+00
    1.35200000e+00 1.35200000e+00 1.35200000e+00 1.35200000e+00
    1.35200000e+00 1.35200000e+00 1.35200000e+00 1.35200000e+00
    1.99600005e+00 1.99300003e+00 1.98800004e+00 1.98399997e+00
    1.98099995e+00 1.97700000e+00 1.97399998e+00 1.97000003e+00
    1.96599996e+00 1.96500003e+00 1.41400003e+00 1.35200000e+00 0. 0. 0.
    0. 0. 0. 0. 0. 0. 0. 0. 0. 1.35200000e+00 1.35200000e+00
    1.35200000e+00 1.35200000e+00 1.35200000e+00 1.35200000e+00
    1.35200000e+00 1.35200000e+00 1.35200000e+00 1.35200000e+00
    1.35200000e+00 1.35200000e+00 1.35200000e+00 1.35200000e+00
    1.35200000e+00 1.46300006e+00 1.99500000e+00 1.99199998e+00
    1.98800004e+00 1.98300004e+00 1.98000002e+00 1.97700000e+00
    1.97300005e+00 1.96800005e+00 1.96599996e+00 1.96399999e+00
    1.96000004e+00 1.95700002e+00 0. 0. 0. 0. 0. 0. 0. 0. 0. 0. 0. 0.
    1.35200000e+00 1.35200000e+00 1.35200000e+00 1.35200000e+00
    1.35200000e+00 1.35200000e+00 1.35200000e+00 1.35200000e+00
    1.35200000e+00 1.35200000e+00 1.35200000e+00 1.35200000e+00
    1.35200000e+00 1.35200000e+00 1.35200000e+00 1.99800003e+00
    1.99300003e+00 1.99100006e+00 1.98800004e+00 1.98300004e+00
    1.98000002e+00 1.97700000e+00 1.97300005e+00 1.96800005e+00
    1.96500003e+00 1.96399999e+00 1.96099997e+00 1.96300006e+00 0. 0. 0.
    0. 0. 0. 0. 0. 0. 0. 0. 0. 1.35200000e+00 1.35200000e+00
    1.35200000e+00 1.35200000e+00 1.35200000e+00 1.35200000e+00
    1.35200000e+00 1.35200000e+00 1.35200000e+00 1.35200000e+00
    1.35200000e+00 1.35200000e+00 1.35200000e+00 1.35200000e+00
    2.00099993e+00 1.99800003e+00 1.99399996e+00 1.99100006e+00
    1.98699999e+00 1.98300004e+00 1.98000002e+00 1.97700000e+00
    1.97300005e+00 1.97000003e+00 1.96599996e+00 1.96200001e+00
    1.90100002e+00 1.35200000e+00 0. 0. 0. 0. 0. 0. 0. 0. 0. 0. 0. 0.
    1.35200000e+00 1.35200000e+00 1.35200000e+00 1.35200000e+00
    1.35200000e+00 1.35200000e+00 1.35200000e+00 1.35200000e+00
    1.35200000e+00 1.35200000e+00 1.35200000e+00 1.35200000e+00
    1.35200000e+00 1.59599996e+00 2.00099993e+00 1.99800003e+00
    1.99300003e+00 1.98899996e+00 1.98699999e+00 1.98300004e+00
    1.98000002e+00 1.97599995e+00 1.97200000e+00 1.96800005e+00
    1.96599996e+00 1.96399999e+00 1.35200000e+00 1.35200000e+00 0. 0. 0.
    0. 0. 0. 0. 0. 0. 0. 0. 0. 1.35200000e+00 1.35200000e+00
    1.35200000e+00 1.35200000e+00 1.35200000e+00 1.35200000e+00
    1.35200000e+00 1.35200000e+00 1.35200000e+00 1.35200000e+00
    1.35200000e+00 1.35200000e+00 1.35200000e+00 2.00200009e+00
    2.00099993e+00 1.99699998e+00 1.99199998e+00 1.99000001e+00
    1.98599994e+00 1.98300004e+00 1.97899997e+00 1.97599995e+00
    1.97200000e+00 1.96800005e+00 1.96500003e+00 1.35200000e+00
    1.35200000e+00 1.35200000e+00 0. 0. 0. 0. 0. 0. 0. 0. 0. 0. 0. 0.
    1.35200000e+00 1.35200000e+00 1.35200000e+00 1.35200000e+00
    1.35200000e+00 1.35200000e+00 1.35200000e+00 1.35200000e+00
    1.35200000e+00 1.35200000e+00 1.35200000e+00 1.35200000e+00
    1.98800004e+00 2.00300002e+00 1.99899995e+00 1.99600005e+00
    1.99199998e+00 1.98899996e+00 1.98699999e+00 1.98199999e+00
    1.97899997e+00 1.97500002e+00 1.97099996e+00 1.96800005e+00
    1.96500003e+00 1.35200000e+00 1.35200000e+00 1.35200000e+00 0. 0. 0.
    0. 0. 0. 0. 0. 0. 0. 0. 0. 1.35200000e+00 1.35200000e+00
    1.35200000e+00 1.35200000e+00 1.35200000e+00 1.35200000e+00
    1.35200000e+00 1.35200000e+00 1.35200000e+00 1.35200000e+00
    1.35200000e+00 1.35200000e+00 2.00699997e+00 2.00300002e+00
    1.99800003e+00 1.99399996e+00 1.99199998e+00 1.98899996e+00
    1.98399997e+00 1.98099995e+00 1.97800004e+00 1.97399998e+00
    1.97099996e+00 1.96800005e+00 1.40600002e+00 1.35200000e+00
    1.35200000e+00 1.35200000e+00 0. 0. 0. 0. 0. 0. 0. 0. 0. 0. 0. 0.
    1.35200000e+00 1.35200000e+00 1.35200000e+00 1.35200000e+00
    1.35200000e+00 1.35200000e+00 1.35200000e+00 1.35200000e+00
    1.35200000e+00 1.35200000e+00 1.35200000e+00 2.01099992e+00
    2.00600004e+00 2.00300002e+00 1.99800003e+00 1.99500000e+00
    1.99199998e+00 1.98899996e+00 1.98399997e+00 1.98099995e+00
    1.97800004e+00 1.97399998e+00 1.97099996e+00 1.85699999e+00
    1.35200000e+00 1.35200000e+00 1.35200000e+00 1.35200000e+00 0. 0. 0.
    0. 0. 0. 0. 0. 0. 0. 0. 0. 1.35200000e+00 1.35200000e+00
    1.35200000e+00 1.35200000e+00 1.35200000e+00 1.35200000e+00
    1.35200000e+00 1.35200000e+00 1.35200000e+00 1.35200000e+00
    1.98699999e+00 2.00999999e+00 2.00600004e+00 2.00200009e+00
    1.99800003e+00 1.99500000e+00 1.99199998e+00 1.98899996e+00
    1.98399997e+00 1.98199999e+00 1.97800004e+00 1.97399998e+00
    1.97099996e+00 1.35200000e+00 1.35200000e+00 1.35200000e+00
    1.35200000e+00 1.35200000e+00 0. 0. 0. 0. 0. 0. 0. 0. 0. 0. 0. 0.
    1.35200000e+00 1.35200000e+00 1.35200000e+00 1.35200000e+00
    1.35200000e+00 1.35200000e+00 1.35200000e+00 1.35200000e+00
    1.35200000e+00 1.35200000e+00 2.01300001e+00 2.00699997e+00
    2.00500011e+00 2.00200009e+00 1.99800003e+00 1.99300003e+00
    1.99199998e+00 1.98899996e+00 1.98399997e+00 1.98099995e+00
    1.97800004e+00 1.97399998e+00 1.46500003e+00 1.35200000e+00
    1.35200000e+00 1.35200000e+00 1.35200000e+00 1.35200000e+00 0. 0. 0.
    0. 0. 0. 0. 0. 0. 0. 0. 0. 1.35200000e+00 1.35200000e+00
    2.92700005e+00 1.35200000e+00 2.97399998e+00 1.35200000e+00
    1.35200000e+00 1.35200000e+00 1.35200000e+00 1.89800000e+00
    2.01300001e+00 2.00900006e+00 2.00500011e+00 2.00200009e+00
    1.99800003e+00 1.99300003e+00 1.99000001e+00 1.98800004e+00
    1.98300004e+00 1.98099995e+00 1.97700000e+00 1.97500002e+00
    1.35200000e+00 1.35200000e+00 1.35200000e+00 1.35200000e+00
    1.35200000e+00 1.35200000e+00 0. 0. 0. 0. 0. 0. 0. 0. 0. 0. 0. 0. 0.
    0. 0. 0. 0. 2.78999996e+00 1.35200000e+00 1.35200000e+00
