<?xml version="1.0"?>
<opencv_storage>
<Depth type_id="opencv-matrix">
  <rows>40</rows>
  <cols>40</cols>
  <dt>f</dt>
  <data>
    0. 0. 0. 0. 0. 0. 0. 0. 0. 0. 0. 0. 0. 0. 0. 0. 0. 0. 0. 0. 0. 0. 0.
    0. 0. 0. 0. 0. 0. 0. 0. 0. 0. 0. 0. 0. 0. 0. 0. 0. 0. 0. 0. 0. 0. 0.
    0. 0. 0. 0. 0. 0. 0. 0. 0. 0. 0. 0. 0. 0. 0. 0. 0. 0. 0. 0. 0. 0. 0.
    0. 0. 0. 0. 0. 0. 0. 0. 0. 0. 0. 0. 0. 0. 0. 0. 0. 0. 0. 0. 0. 0. 0.
    0. 0. 0. 0. 0. 0. 0. 0. 0. 0. 0. 0. 0. 0. 0. 0. 0. 0. 0. 0. 0. 0. 0.
    0. 0. 0. 0. 0. 0. 0. 0. 0. 0. 0. 0. 0. 0. 0. 0. 0. 0. 0. 0. 0. 0. 0.
    0. 0. 0. 0. 0. 0. 0. 0. 0. 0. 0. 0. 0. 0. 0. 0. 0. 0. 0. 0. 0. 0. 0.
    0. 0. 0. 0. 0. 0. 0. 0. 0. 0. 0. 0. 0. 0. 0. 0. 0. 0. 0. 0. 0. 0. 0.
    0. 0. 0. 0. 0. 0. 0. 0. 0. 0. 0. 0. 0. 0. 0. 0. 0. 0. 0. 0. 0. 0. 0.
    0. 0. 0. 0. 0. 0. 0. 0. 0. 0. 0. 0. 0. 0. 0. 0. 0. 0. 0. 0. 0. 0. 0.
    0. 0. 0. 0. 0. 0. 0. 0. 0. 0. 0. 0. 0. 0. 0. 0. 0. 0. 0. 0. 0. 0. 0.
    0. 0. 0. 0. 0. 0. 0. 0. 0. 0. 0. 0. 0. 0. 0. 0. 0. 0. 0. 0. 0. 0. 0.
    0. 0. 0. 0. 0. 0. 0. 0. 0. 0. 0. 0. 0. 0. 0. 0. 0. 0. 0. 0. 0. 0. 0.
    0. 0. 0. 0. 0. 0. 0. 0. 0. 0. 0. 0. 0. 0. 0. 0. 0. 0. 0. 0. 0. 0. 0.
    0. 0. 0. 0. 0. 0. 0. 0. 0. 0. 0. 0. 0. 0. 0. 0. 0. 0. 0. 0. 0. 0. 0.
    0. 0. 0. 0. 0. 0. 0. 0. 0. 0. 0. 0. 0. 0. 0. 0. 0. 0. 0. 0. 0. 0. 0.
    0. 0. 0. 0. 0. 0. 0. 0. 0. 0. 0. 0. 0. 0. 0. 0. 0. 0. 0. 0. 0. 0. 0.
    0. 0. 0. 0. 0. 0. 0. 0. 0. 0. 0. 0. 0. 0. 0. 0. 0. 0. 0. 0. 0. 0. 0.
    0. 0. 0. 0. 0. 0. 0. 0. 0. 0. 0. 0. 0. 0. 0. 0. 0. 0. 0. 0. 0. 0. 0.
    0. 0. 0. 0. 0. 0. 0. 0. 0. 0. 0. 0. 0. 0. 0. 0. 0. 0. 0. 0. 0. 0. 0.
    0. 0. 0. 0. 0. 0. 0. 0. 0. 0. 0. 0. 0. 0. 0. 0. 0. 0. 0. 0. 0.
    1.90199995e+00 1.90199995e+00 1.90199995e+00 1.90199995e+00
    1.90199995e+00 1.89900005e+00 1.85599995e+00 1.81299996e+00
    1.80799997e+00 1.80799997e+00 1.80799997e+00 1.80799997e+00
    1.88100004e+00 2.01600003e+00 2.10100007e+00 2.10100007e+00
    2.10100007e+00 2.10100007e+00 2.10100007e+00 2.10100007e+00
    2.10100007e+00 2.10100007e+00 2.10100007e+00 2.10100007e+00
    2.10100007e+00 2.10100007e+00 2.10100007e+00 2.10100007e+00
    2.10100007e+00 2.10800004e+00 2.15599990e+00 2.20499992e+00
    2.15899992e+00 2.11100006e+00 2.10100007e+00 2.10100007e+00
    2.10100007e+00 0. 0. 0. 1.90199995e+00 1.90199995e+00 1.90199995e+00
    1.90199995e+00 1.90199995e+00 1.89900005e+00 1.85599995e+00
    1.81299996e+00 1.80799997e+00 1.80799997e+00 1.80799997e+00
    1.80799997e+00 1.87100005e+00 1.98899996e+00 2.06599998e+00
    2.07500005e+00 2.08400011e+00 2.09200001e+00 2.10100007e+00
    2.10100007e+00 2.10100007e+00 2.10100007e+00 2.10100007e+00
    2.10100007e+00 2.10100007e+00 2.10100007e+00 2.10100007e+00
    2.10100007e+00 2.10100007e+00 2.10700011e+00 2.14599991e+00
    2.18499994e+00 2.14800000e+00 2.10899997e+00 2.09400010e+00
    2.08500004e+00 2.08200002e+00 0. 0. 0. 1.90199995e+00 1.90199995e+00
    1.90199995e+00 1.90199995e+00 1.90199995e+00 1.89900005e+00
    1.85599995e+00 1.81299996e+00 1.80799997e+00 1.80799997e+00
    1.80799997e+00 1.80799997e+00 1.84899998e+00 1.92400002e+00
    1.98199999e+00 2.01200008e+00 2.04099989e+00 2.07100010e+00
    2.10100007e+00 2.10100007e+00 2.10100007e+00 2.10100007e+00
    2.10100007e+00 2.10100007e+00 2.10100007e+00 2.10100007e+00
    2.10100007e+00 2.10100007e+00 2.10100007e+00 2.10299993e+00
    2.11999989e+00 2.13700008e+00 2.12100005e+00 2.10400009e+00
    2.07699990e+00 2.04699993e+00 2.03500009e+00 0. 0. 0. 1.90199995e+00
    1.90199995e+00 1.90199995e+00 1.90199995e+00 1.90199995e+00
    1.89900005e+00 1.85599995e+00 1.81299996e+00 1.80799997e+00
    1.80799997e+00 1.80799997e+00 1.80799997e+00 1.83099997e+00
    1.87500000e+00 1.91799998e+00 1.96399999e+00 2.00799990e+00
    2.04900002e+00 2.08999991e+00 2.08999991e+00 2.08999991e+00
    2.08999991e+00 2.08999991e+00 2.08999991e+00 2.08999991e+00
    2.09200001e+00 2.09800005e+00 2.10100007e+00 2.10100007e+00
    2.10100007e+00 2.10100007e+00 2.10100007e+00 2.09599996e+00
    2.09100008e+00 2.05699992e+00 2.01600003e+00 2. 0. 0. 0.
    1.90199995e+00 1.90199995e+00 1.90199995e+00 1.90199995e+00
    1.90199995e+00 1.89900005e+00 1.85599995e+00 1.81299996e+00
    1.80799997e+00 1.80799997e+00 1.80799997e+00 1.80799997e+00
    1.83099997e+00 1.87500000e+00 1.91799998e+00 1.96399999e+00
    2.00399995e+00 2.02399993e+00 2.04299998e+00 2.04299998e+00
    2.04299998e+00 2.04299998e+00 2.04299998e+00 2.04299998e+00
    2.04299998e+00 2.05699992e+00 2.08299994e+00 2.10100007e+00
    2.10100007e+00 2.10100007e+00 2.10100007e+00 2.10100007e+00
    2.07500005e+00 2.04900002e+00 2.02800012e+00 2.00799990e+00 2. 0. 0.
    0. 1.90199995e+00 1.90199995e+00 1.90199995e+00 1.90199995e+00
    1.90199995e+00 1.89900005e+00 1.85599995e+00 1.81299996e+00
    1.80799997e+00 1.80799997e+00 1.80900002e+00 1.80999994e+00
    1.83299994e+00 1.87500000e+00 1.91799998e+00 1.96399999e+00 2. 2. 2.
    2. 2. 2. 2. 2. 2. 2.02300000e+00 2.06900001e+00 2.10100007e+00
    2.10100007e+00 2.10100007e+00 2.09899998e+00 2.09800005e+00
    2.05399990e+00 2.00900006e+00 1.99899995e+00 1.99800003e+00
    1.99699998e+00 0. 0. 0. 1.90199995e+00 1.90199995e+00 1.90199995e+00
    1.90199995e+00 1.90199995e+00 1.89900005e+00 1.85599995e+00
    1.81299996e+00 1.80799997e+00 1.80799997e+00 1.82299995e+00
    1.84399998e+00 1.86600006e+00 1.88800001e+00 1.91799998e+00
    1.96399999e+00 2. 2. 2. 2. 2. 2. 2. 2. 2. 2.02300000e+00
    2.06900001e+00 2.10100007e+00 2.10100007e+00 2.09800005e+00
    2.07500005e+00 2.05200005e+00 2.02900004e+00 2.00500011e+00
    1.98199999e+00 1.96000004e+00 1.95200002e+00 0. 0. 0. 1.90199995e+00
    1.90199995e+00 1.90199995e+00 1.90199995e+00 1.90199995e+00
    1.89900005e+00 1.85599995e+00 1.81299996e+00 1.80799997e+00
    1.80799997e+00 1.83700001e+00 1.87800002e+00 1.89800000e+00
    1.90100002e+00 1.91799998e+00 1.96399999e+00 2. 2. 2. 2. 2. 2. 2. 2.
    2. 2.02300000e+00 2.06900001e+00 2.10100007e+00 2.10100007e+00
    2.09500003e+00 2.05100012e+00 2.00600004e+00 2.00300002e+00 2.
    1.96599996e+00 1.92299998e+00 1.90699995e+00 0. 0. 0. 1.90199995e+00
    1.90199995e+00 1.90199995e+00 1.89800000e+00 1.88000000e+00
    1.86199999e+00 1.83599997e+00 1.81099999e+00 1.82400000e+00
    1.84099996e+00 1.86500001e+00 1.88999999e+00 1.90199995e+00
    1.90199995e+00 1.91799998e+00 1.96399999e+00 2. 2. 2. 2. 2. 2. 2.
    2.01300001e+00 2.03200006e+00 2.05500007e+00 2.08200002e+00
    2.09500003e+00 2.07599998e+00 2.05599999e+00 2.02800012e+00
    2.00099993e+00 1.98199999e+00 1.96399999e+00 1.92499995e+00
    1.88000000e+00 1.86399996e+00 0. 0. 0. 1.90199995e+00 1.90199995e+00
    1.90199995e+00 1.89300001e+00 1.85500002e+00 1.82000005e+00
    1.81400001e+00 1.80900002e+00 1.84099996e+00 1.87899995e+00
    1.89400005e+00 1.89900005e+00 1.90199995e+00 1.90199995e+00
    1.91799998e+00 1.96399999e+00 2. 2. 2. 2. 2. 2. 2. 2.02699995e+00
    2.06699991e+00 2.09100008e+00 2.09699988e+00 2.08800006e+00
    2.04800010e+00 2.01200008e+00 2.00600004e+00 2. 1.96200001e+00
    1.92299998e+00 1.88000000e+00 1.83700001e+00 1.82000005e+00 0. 0. 0.
    0. 0. 1.24199998e+00 1.89199996e+00 1.84800005e+00 1.80799997e+00
    1.80799997e+00 1.80799997e+00 1.84599996e+00 1.88999999e+00
    1.90199995e+00 1.90199995e+00 1.90199995e+00 1.90199995e+00
    1.91799998e+00 1.96399999e+00 2. 2. 2. 2. 2. 2. 2. 2.03099990e+00
    2.07699990e+00 2.10100007e+00 2.10100007e+00 2.08599997e+00
    2.03999996e+00 2. 2. 2. 1.95599997e+00 1.91100001e+00 1.86800003e+00
    1.82400000e+00 1.80799997e+00 0. 0. 0. 0. 0. 0. 1.89199996e+00
    1.84800005e+00 1.80799997e+00 1.80799997e+00 1.80799997e+00
    1.84599996e+00 1.88999999e+00 1.90199995e+00 1.90199995e+00
    1.90199995e+00 1.90199995e+00 1.91799998e+00 1.96399999e+00 2. 2. 2.
    2. 2. 2. 2. 2.03099990e+00 2.07699990e+00 2.10100007e+00
    2.10100007e+00 2.08599997e+00 2.03999996e+00 2. 2. 2. 1.95599997e+00
    1.91100001e+00 1.86800003e+00 1.82400000e+00 1.80799997e+00 0. 0. 0.
