<?xml version="1.0"?>
<opencv_storage>
<Depth type_id="opencv-matrix">
  <rows>40</rows>
  <cols>40</cols>
  <dt>f</dt>
  <data>
    0. 0. 0. 0. 0. 0. 0. 0. 0. 0. 0. 0. 0. 0. 0. 0. 0. 0. 0. 0. 0. 0. 0.
    0. 0. 0. 0. 0. 0. 0. 0. 0. 0. 0. 0. 0. 0. 0. 0. 0. 0. 0. 0. 0. 0. 0.
    0. 0. 0. 0. 0. 0. 0. 0. 0. 0. 0. 0. 0. 0. 0. 0. 0. 0. 0. 0. 0. 0. 0.
    0. 0. 0. 0. 0. 0. 0. 0. 0. 0. 0. 0. 0. 0. 0. 0. 0. 0. 0. 0. 0. 0. 0.
    0. 0. 0. 0. 0. 0. 0. 0. 0. 0. 0. 0. 0. 0. 0. 0. 0. 0. 0. 0. 0. 0. 0.
    0. 0. 0. 0. 0. 0. 0. 0. 0. 0. 0. 0. 0. 0. 0. 0. 0. 0. 0. 0. 0. 0. 0.
    0. 0. 0. 0. 0. 0. 0. 0. 0. 0. 0. 0. 0. 0. 0. 0. 0. 0. 0. 0. 0. 0. 0.
    0. 0. 0. 0. 0. 0. 0. 0. 0. 0. 0. 0. 0. 0. 0. 0. 0. 0. 0. 0. 0. 0. 0.
    0. 0. 0. 0. 0. 0. 0. 0. 0. 0. 0. 0. 0. 0. 0. 0. 0. 0. 0. 0. 0. 0. 0.
    0. 0. 0. 0. 0. 0. 0. 0. 0. 0. 0. 0. 0. 0. 0. 0. 0. 0. 0. 0. 0. 0. 0.
    0. 0. 0. 0. 0. 0. 0. 0. 0. 0. 0. 0. 0. 0. 0. 0. 0. 0. 0. 0. 0. 0. 0.
    0. 0. 0. 0. 0. 0. 0. 0. 0. 0. 0. 0. 0. 0. 0. 0. 0. 0. 0. 0. 0. 0. 0.
    0. 0. 0. 0. 0. 0. 0. 2.03699994e+00 2.02999997e+00 2.02200007e+00
    2.02200007e+00 2.02200007e+00 2.02099991e+00 2.01999998e+00
    2.01999998e+00 2.01999998e+00 2.01999998e+00 2.01999998e+00 0.
    2.01999998e+00 2.01900005e+00 2.00999999e+00 2. 2.00300002e+00
    2.00799990e+00 2.02600002e+00 0. 0. 0. 0. 0. 0. 0. 0. 0. 0. 0. 0. 0.
    0. 0. 0. 0. 0. 0. 0. 2.59400010e+00 2.02300000e+00 2.02699995e+00
    2.02999997e+00 2.02999997e+00 2.02999997e+00 2.02200007e+00
    2.01999998e+00 2.01999998e+00 2.01999998e+00 2.01999998e+00
    2.01999998e+00 2.01999998e+00 2.01999998e+00 2.01900005e+00
    2.00999999e+00 2.00699997e+00 2. 2. 2.01300001e+00 2.01999998e+00
    2.00999999e+00 2.41700006e+00 2.78600001e+00 0. 2.55599999e+00
    2.00999999e+00 2.00999999e+00 2.61299992e+00 2.60700011e+00
    2.59899998e+00 2.59899998e+00 2.89599991e+00 2.54600000e+00
    2.10899997e+00 0. 0. 0. 0. 0. 2.58899999e+00 2.01999998e+00
    2.01999998e+00 2.02999997e+00 2.01999998e+00 2.01999998e+00
    2.01999998e+00 2.01900005e+00 2.01900005e+00 2.01900005e+00
    2.01999998e+00 2.01900005e+00 2.01900005e+00 2.01399994e+00
    2.00999999e+00 2.00999999e+00 2.00999999e+00 2.00999999e+00
    2.00999999e+00 2.01300001e+00 2.01999998e+00 2.00999999e+00
    2.00999999e+00 2.00999999e+00 2.00999999e+00 2.00999999e+00
    2.00999999e+00 2.00999999e+00 2.00999999e+00 2.00999999e+00 2. 2.
    2.00200009e+00 2.00900006e+00 1.99800003e+00 1.99000001e+00 0. 0. 0.
    0. 2.59800005e+00 2.01999998e+00 2.01999998e+00 2.02399993e+00
    2.01999998e+00 2.01999998e+00 2.01999998e+00 2.01099992e+00
    2.00999999e+00 2.00999999e+00 2.01399994e+00 2.01099992e+00
    2.01099992e+00 2.01200008e+00 2.00999999e+00 2.00999999e+00
    2.00999999e+00 2.00999999e+00 2.00999999e+00 2.01300001e+00
    2.01999998e+00 2.00999999e+00 2.00999999e+00 2.00999999e+00
    2.00999999e+00 2.00999999e+00 2.00999999e+00 2.00999999e+00
    2.00999999e+00 2.00999999e+00 2. 2. 2. 2. 1.99899995e+00
    1.99199998e+00 0. 0. 0. 0. 2.61299992e+00 2.02200007e+00
    2.02399993e+00 2.01999998e+00 2.01999998e+00 2.01999998e+00
    2.01999998e+00 2.01200008e+00 2.00999999e+00 2.00999999e+00
    2.00999999e+00 2.00999999e+00 2.00999999e+00 2.00999999e+00
    2.00999999e+00 2.00999999e+00 2.00999999e+00 2.00999999e+00
    2.00999999e+00 2.01300001e+00 2.01200008e+00 2.00999999e+00
    2.00999999e+00 2.00999999e+00 2.00999999e+00 2.00999999e+00
    2.00999999e+00 2.00999999e+00 2.00999999e+00 2.00999999e+00
    2.00999999e+00 2.00999999e+00 2.00699997e+00 2. 2. 1.99399996e+00 0.
    0. 0. 0. 2.62599993e+00 2.02999997e+00 2.02399993e+00 2.01999998e+00
    2.01999998e+00 2.01999998e+00 2.01999998e+00 2.01999998e+00
    2.01799989e+00 2.01099992e+00 2.00999999e+00 2.00999999e+00
    2.00999999e+00 2.00999999e+00 2.00999999e+00 2.00999999e+00
    2.00999999e+00 2.00999999e+00 2.00999999e+00 2.00999999e+00
    2.00999999e+00 2.00999999e+00 2.00999999e+00 2.00999999e+00
    2.00999999e+00 2.00999999e+00 2.00999999e+00 2.00999999e+00
    2.00999999e+00 2.00999999e+00 2.00999999e+00 2.00999999e+00 2. 2. 2.
    2. 0. 0. 0. 0. 2.05500007e+00 2.02900004e+00 2.01399994e+00
    2.00999999e+00 2.00999999e+00 2.00999999e+00 2.01600003e+00
    2.00999999e+00 2.00999999e+00 2.00999999e+00 2.00999999e+00
    2.00999999e+00 2.00999999e+00 2.00999999e+00 2.00999999e+00
    2.00999999e+00 2.00999999e+00 2.00999999e+00 2.00999999e+00
    2.00999999e+00 2.00999999e+00 2.00999999e+00 2.00999999e+00
    2.00999999e+00 2.00999999e+00 2.00999999e+00 2.00999999e+00
    2.00999999e+00 2.00999999e+00 2.00999999e+00 2. 2. 2. 2. 2. 2. 0. 0.
    0. 0. 2.02600002e+00 2.02500010e+00 2.01699996e+00 2.01399994e+00
    2.00999999e+00 2.00999999e+00 2.00999999e+00 2.00999999e+00
    2.00999999e+00 2.00999999e+00 2.00999999e+00 2.00999999e+00
    2.00999999e+00 2.00999999e+00 2.00999999e+00 2.00999999e+00
    2.00999999e+00 2.00999999e+00 2.00999999e+00 2.00999999e+00
    2.00999999e+00 2.00999999e+00 2.00999999e+00 2.00600004e+00
    2.00600004e+00 2.00999999e+00 2.00999999e+00 2.00999999e+00
    2.00600004e+00 2.00099993e+00 2. 2. 2. 2. 2. 2. 0. 0. 0. 0.
    2.01999998e+00 2.01999998e+00 2.01999998e+00 2.01099992e+00
    2.00999999e+00 2.00999999e+00 2.00999999e+00 2.00999999e+00
    2.00999999e+00 2.00999999e+00 2.00999999e+00 2.00999999e+00
    2.00999999e+00 2.00999999e+00 2.00999999e+00 2.00999999e+00
    2.00999999e+00 2.00999999e+00 2.00999999e+00 2.00999999e+00
    2.00999999e+00 2.00799990e+00 2.00099993e+00 2. 2. 2.00099993e+00
    2.00600004e+00 2.00200009e+00 2. 2. 2. 2. 2. 2. 1.99899995e+00
    1.99100006e+00 0. 0. 0. 0. 2.02699995e+00 2.01999998e+00
    2.01799989e+00 2.00999999e+00 2.00999999e+00 2.00999999e+00
    2.00999999e+00 2.00999999e+00 2.00999999e+00 2.00999999e+00
    2.00999999e+00 2.00999999e+00 2. 2.00600004e+00 2.00999999e+00
    2.00999999e+00 2. 2.00399995e+00 2.00999999e+00 2.00999999e+00
    2.00999999e+00 2.00799990e+00 2.00099993e+00 2. 2. 2. 2. 2. 2. 2. 2.
    2. 2. 2. 1.99800003e+00 1.99000001e+00 0. 0. 0. 0. 2.02500010e+00
    2.01999998e+00 2.01399994e+00 2.00999999e+00 2.00999999e+00
    2.00999999e+00 2.00999999e+00 2.00999999e+00 2.00999999e+00
    2.00999999e+00 2.00999999e+00 2.00999999e+00 2.00799990e+00
    2.00900006e+00 2.00999999e+00 2.00600004e+00 2. 2.00399995e+00
    2.00999999e+00 2.00999999e+00 2.00999999e+00 2.00799990e+00
    2.00099993e+00 2. 2. 2. 2. 2. 2. 2. 2. 2. 2. 2. 2. 1.11199999e+00 0.
    0. 0. 0. 2.01799989e+00 2.00999999e+00 2.00999999e+00 2.00999999e+00
    2.00999999e+00 2.00999999e+00 2.00999999e+00 2.00999999e+00
    2.00999999e+00 2.00999999e+00 2.00999999e+00 2.00999999e+00
    2.00999999e+00 2.00999999e+00 2.00999999e+00 2.00600004e+00
    2.00200009e+00 2.00500011e+00 2.00799990e+00 2.00799990e+00
    2.00999999e+00 2.00799990e+00 2. 2. 2. 2. 2. 2. 2. 2. 2. 2. 2. 2. 2.
    0. 0. 0. 0. 2.00999999e+00 2.00999999e+00 2.00999999e+00
    2.00999999e+00 2.00999999e+00 2.00999999e+00 2.00999999e+00
    2.00999999e+00 2.00999999e+00 2.00999999e+00 2.00999999e+00
    2.00999999e+00 2.00999999e+00 2.00999999e+00 2.00999999e+00
    2.00999999e+00 2.00999999e+00 2.00999999e+00 2.00600004e+00 2. 2.
    2.00200009e+00 2.00799990e+00 2. 2. 2. 2.00699997e+00 2.00300002e+00
    2. 2. 2. 2. 2. 2. 2. 2. 1.64900005e+00 0. 0. 0. 2.00999999e+00
    2.00999999e+00 2.00999999e+00 2.00999999e+00 2.00999999e+00
    2.00999999e+00 2.00999999e+00 2.00999999e+00 2.00999999e+00
    2.00999999e+00 2.00999999e+00 2.00999999e+00 2.00999999e+00
    2.00999999e+00 2.00999999e+00 2.00999999e+00 2.00999999e+00
    2.00999999e+00 2.00999999e+00 2.00099993e+00 2. 2. 2.00200009e+00
    2.00300002e+00 2. 2. 2. 2. 2. 2. 2. 2. 2. 2. 2. 2. 1.99899995e+00 0.
    0. 0. 2.00999999e+00 2.01399994e+00 2.00999999e+00 2.00999999e+00
    2.00999999e+00 2.01300001e+00 2.00999999e+00 2.00999999e+00
    2.00999999e+00 2.00399995e+00 2.00900006e+00 2.00999999e+00
    2.00999999e+00 2.00999999e+00 2.00999999e+00 2.00999999e+00
