<?xml version="1.0"?>
<opencv_storage>
<Depth type_id="opencv-matrix">
  <rows>40</rows>
  <cols>40</cols>
  <dt>f</dt>
  <data>
    0. 0. 0. 0. 0. 0. 0. 0. 0. 0. 0. 0. 0. 0. 0. 0. 0. 0. 0. 0. 0. 0. 0.
    0. 0. 0. 0. 0. 0. 0. 0. 0. 0. 0. 0. 0. 0. 0. 0. 0. 0. 0. 0. 0. 0. 0.
    0. 0. 0. 0. 0. 0. 0. 0. 0. 0. 0. 0. 0. 0. 0. 0. 0. 0. 0. 0. 0. 0. 0.
    0. 0. 0. 0. 0. 0. 0. 0. 0. 0. 0. 0. 0. 0. 0. 0. 0. 0. 0. 0. 0. 0. 0.
    0. 0. 0. 0. 0. 0. 0. 0. 0. 0. 0. 0. 0. 0. 0. 0. 0. 0. 0. 0. 0. 0. 0.
    0. 0. 0. 0. 0. 0. 0. 0. 0. 0. 0. 0. 0. 0. 0. 0. 0. 0. 0. 0. 0. 0. 0.
    0. 0. 0. 0. 0. 0. 0. 0. 0. 0. 0. 0. 0. 0. 0. 0. 0. 0. 0. 0. 0. 0. 0.
    0. 0. 0. 0. 0. 0. 0. 0. 0. 0. 0. 0. 0. 0. 0. 0. 0. 0. 0. 0. 0. 0. 0.
    0. 0. 0. 0. 0. 0. 0. 0. 0. 0. 0. 0. 0. 0. 0. 0. 0. 0. 0. 0. 0. 0. 0.
    0. 0. 0. 0. 0. 0. 0. 0. 0. 0. 0. 0. 0. 0. 0. 0. 0. 0. 0. 0. 0. 0. 0.
    0. 0. 0. 0. 0. 0. 0. 0. 0. 0. 0. 0. 0. 0. 0. 0. 0. 0. 0. 0. 0. 0. 0.
    0. 0. 0. 0. 0. 0. 0. 0. 0. 0. 0. 0. 0. 0. 0. 0. 0. 0. 0. 0. 0. 0. 0.
    0. 0. 0. 0. 0. 0. 0. 0. 0. 0. 0. 0. 0. 0. 0. 0. 0. 0. 0. 0. 0. 0. 0.
    0. 0. 0. 0. 0. 0. 0. 0. 0. 0. 0. 0. 0. 0. 0. 0. 0. 0. 0. 0. 0. 0. 0.
    0. 0. 0. 0. 0. 0. 0. 0. 0. 0. 0. 0. 0. 0. 0. 0. 0. 0. 0. 0. 0. 0. 0.
    0. 0. 0. 0. 0. 0. 0. 0. 0. 0. 0. 0. 0. 0. 0. 0. 0. 0. 0. 0. 0. 0. 0.
    0. 0. 0. 0. 0. 0. 0. 0. 0. 0. 0. 0. 0. 0. 0. 0. 0. 0. 0. 0. 0. 0. 0.
    0. 0. 0. 0. 0. 0. 0. 0. 0. 0. 0. 0. 0. 0. 0. 0. 0. 0. 0. 0. 0. 0. 0.
    0. 0. 0. 0. 0. 0. 0. 0. 0. 0. 0. 0. 0. 0. 0. 0. 0. 0. 0. 0. 0. 0. 0.
    0. 0. 0. 0. 0. 0. 0. 0. 0. 0. 0. 0. 0. 0. 0. 0. 0. 0. 0. 0. 0. 0. 0.
    0. 0. 0. 0. 0. 0. 0. 0. 0. 0. 0. 0. 0. 0. 0. 0. 0. 0. 0. 0. 0. 0. 0.
    0. 0. 0. 0. 0. 0. 0. 0. 0. 0. 0. 0. 0. 0. 0. 0. 0. 0. 0. 0. 0. 0. 0.
    0. 0. 0. 0. 0. 0. 0. 0. 0. 0. 0. 0. 0. 0. 0. 0. 0. 0. 0. 0. 0. 0. 0.
    0. 0. 0. 0. 0. 0. 0. 0. 0. 0. 0. 0. 0. 0. 0. 0. 0. 0. 0. 0. 0. 0. 0.
    0. 0. 0. 0. 0. 0. 0. 0. 1.90600002e+00 1.90600002e+00 1.94500005e+00
    1.98899996e+00 1.96700001e+00 1.92299998e+00 1.90600002e+00
    1.90600002e+00 1.90600002e+00 1.90600002e+00 1.90600002e+00
    1.90600002e+00 1.90600002e+00 1.90600002e+00 1.90799999e+00
    1.95200002e+00 1.99600005e+00 2. 2. 1.96599996e+00 1.92200005e+00
    1.90600002e+00 1.90600002e+00 1.92799997e+00 1.97200000e+00
    2.01699996e+00 2.06200004e+00 2.10899997e+00 2.15599990e+00
    2.19499993e+00 2.14800000e+00 2.09999990e+00 2.05500007e+00
    2.00900006e+00 2. 2. 2. 2. 2. 2. 1.90600002e+00 1.90600002e+00
    1.94500005e+00 1.98899996e+00 1.96700001e+00 1.92299998e+00
    1.90600002e+00 1.90600002e+00 1.90600002e+00 1.90600002e+00
    1.90600002e+00 1.90600002e+00 1.90600002e+00 1.90600002e+00
    1.90799999e+00 1.95200002e+00 1.99600005e+00 2. 2. 1.96599996e+00
    1.92200005e+00 1.90600002e+00 1.90600002e+00 1.92799997e+00
    1.97200000e+00 2.01699996e+00 2.06200004e+00 2.10599995e+00
    2.14400005e+00 2.17499995e+00 2.13800001e+00 2.09999990e+00
    2.05500007e+00 2.00900006e+00 2. 2. 2. 2. 2. 2. 1.90600002e+00
    1.90600002e+00 1.94500005e+00 1.98899996e+00 1.96700001e+00
    1.92299998e+00 1.90600002e+00 1.90600002e+00 1.90600002e+00
    1.90600002e+00 1.90600002e+00 1.90600002e+00 1.90600002e+00
    1.90600002e+00 1.90799999e+00 1.95200002e+00 1.99600005e+00 2. 2.
    1.96599996e+00 1.92200005e+00 1.90600002e+00 1.90600002e+00
    1.92799997e+00 1.97200000e+00 2.01699996e+00 2.06200004e+00
    2.10100007e+00 2.11700010e+00 2.13000011e+00 2.11400008e+00
    2.09899998e+00 2.05500007e+00 2.00900006e+00 2. 2. 2. 2. 2. 2.
    1.91199994e+00 1.91799998e+00 1.95200002e+00 1.99000001e+00
    1.96700001e+00 1.92299998e+00 1.90600002e+00 1.90600002e+00
    1.90600002e+00 1.90600002e+00 1.90600002e+00 1.90600002e+00
    1.90600002e+00 1.90600002e+00 1.90799999e+00 1.95200002e+00
    1.99600005e+00 2. 2. 1.97099996e+00 1.93299997e+00 1.91900003e+00
    1.91900003e+00 1.93799996e+00 1.97599995e+00 2.01699996e+00
    2.06200004e+00 2.09800005e+00 2.09800005e+00 2.09800005e+00
    2.09800005e+00 2.09800005e+00 2.05500007e+00 2.00900006e+00 2. 2. 2.
    2. 2. 2. 1.93299997e+00 1.96000004e+00 1.97800004e+00 1.99600005e+00
    1.96700001e+00 1.92299998e+00 1.90600002e+00 1.90600002e+00
    1.90600002e+00 1.90600002e+00 1.90600002e+00 1.90600002e+00
    1.90600002e+00 1.90600002e+00 1.90799999e+00 1.95200002e+00
    1.99600005e+00 2. 2. 1.98699999e+00 1.96899998e+00 1.96300006e+00
    1.96300006e+00 1.97200000e+00 1.98899996e+00 2.01699996e+00
    2.06200004e+00 2.09800005e+00 2.09800005e+00 2.09800005e+00
    2.09800005e+00 2.09800005e+00 2.05500007e+00 2.00900006e+00 2. 2. 2.
    2. 2. 2. 1.95099998e+00 1.99500000e+00 2. 2. 1.96700001e+00
    1.92299998e+00 1.90600002e+00 1.90600002e+00 1.90600002e+00
    1.90600002e+00 1.90600002e+00 1.90600002e+00 1.90600002e+00
    1.90600002e+00 1.90799999e+00 1.95200002e+00 1.99600005e+00
    2.00300002e+00 2.00600004e+00 2.00500011e+00 2.00099993e+00 2. 2. 2.
    2. 2.01500010e+00 2.05800009e+00 2.09200001e+00 2.09500003e+00
    2.09800005e+00 2.10200000e+00 2.10500002e+00 2.06200004e+00
    2.01600003e+00 2.00699997e+00 2.00699997e+00 2.00699997e+00
    2.00699997e+00 2.00699997e+00 2.00699997e+00 1.95099998e+00
    1.99500000e+00 2. 2. 1.96700001e+00 1.92299998e+00 1.90600002e+00
    1.90600002e+00 1.90600002e+00 1.90600002e+00 1.90600002e+00
    1.90600002e+00 1.90600002e+00 1.90600002e+00 1.90799999e+00
    1.95200002e+00 1.99600005e+00 2.02300000e+00 2.04699993e+00
    2.03399992e+00 2.00900006e+00 2. 2. 2. 2. 2.00799990e+00
    2.02900004e+00 2.05100012e+00 2.07500005e+00 2.09999990e+00
    2.12599993e+00 2.15100002e+00 2.10800004e+00 2.06200004e+00
    2.05299997e+00 2.05299997e+00 2.05299997e+00 2.05299997e+00
    2.05299997e+00 2.05299997e+00 1.95099998e+00 1.99500000e+00 2. 2.
    1.96700001e+00 1.92299998e+00 1.90600002e+00 1.90600002e+00
    1.90600002e+00 1.90600002e+00 1.90600002e+00 1.90600002e+00
    1.90600002e+00 1.90600002e+00 1.90799999e+00 1.95200002e+00
    1.99600005e+00 2.04200006e+00 2.08800006e+00 2.06299996e+00
    2.01699996e+00 2.00099993e+00 2. 2. 2. 2. 2. 2.00999999e+00
    2.05599999e+00 2.09999990e+00 2.12500000e+00 2.15000010e+00
    2.10700011e+00 2.05999994e+00 2.05100012e+00 2.05100012e+00
    2.05100012e+00 2.05100012e+00 2.06299996e+00 2.08500004e+00
    1.97399998e+00 1.99699998e+00 2. 2. 1.96700001e+00 1.92299998e+00
    1.90600002e+00 1.90600002e+00 1.90600002e+00 1.90600002e+00
    1.90600002e+00 1.90600002e+00 1.90600002e+00 1.90600002e+00
    1.90799999e+00 1.95200002e+00 1.99600005e+00 2.06200004e+00
    2.13100004e+00 2.10999990e+00 2.06299996e+00 2.03299999e+00
    2.01099992e+00 2. 2. 2. 2. 2.00999999e+00 2.05599999e+00
    1.98899996e+00 0. 0. 0. 0. 0. 0. 0. 0. 0. 1.31400001e+00
    1.99699998e+00 2. 2. 2. 1.96700001e+00 1.92299998e+00 1.90600002e+00
    1.90600002e+00 1.90600002e+00 1.90600002e+00 1.90600002e+00
    1.90600002e+00 1.90600002e+00 1.90600002e+00 1.90799999e+00
    1.95200002e+00 1.99600005e+00 2.08299994e+00 2.17300010e+00
    2.15700006e+00 2.10999990e+00 2.06500006e+00 2.02200007e+00 2. 2. 2.
    2. 2.00999999e+00 2.05599999e+00 1.87800002e+00 0. 0. 0. 0. 0. 0. 0.
    0. 0. 0. 2. 2. 2. 2. 1.96700001e+00 1.92299998e+00 1.90600002e+00
    1.90600002e+00 1.90600002e+00 1.90600002e+00 1.90600002e+00
    1.90600002e+00 1.90600002e+00 1.90600002e+00 1.90799999e+00
    1.95200002e+00 1.99600005e+00 2.08500004e+00 2.17799997e+00
    2.16199994e+00 2.11500001e+00 2.06900001e+00 2.02300000e+00 2. 2. 2.
    2. 2.00999999e+00 2.05599999e+00 1.86399996e+00 0. 0. 0. 0. 0. 0. 0.
    0. 0. 0. 0. 0. 0. 0. 0. 0. 0. 0. 0. 0. 0. 0. 0. 0. 0. 0. 0. 0. 0. 0.
    0. 0. 0. 0. 0. 0. 0. 0. 0. 0. 0. 0. 0. 0. 0. 0. 0. 0. 0. 0. 0. 0. 0.
    0. 0. 0. 0. 0. 0. 0. 0. 0. 0. 0. 0. 0. 0. 0. 0. 0. 0. 0. 0. 0. 0. 0.
    0. 0. 0. 0. 0. 0. 0. 0. 0. 0. 0. 0. 0. 0. 0. 0. 0. 0. 0. 0. 0. 0. 0.
    0. 0. 0. 0. 0. 0. 0. 0. 0. 0. 0. 0. 0. 0. 0. 0. 0. 0. 0. 0. 0. 0. 0.
    0. 0. 0. 0. 0. 0. 0. 0. 0. 0. 0. 0. 0. 0. 0. 0. 0. 0. 0. 0. 0. 0. 0.
