<?xml version="1.0"?>
<opencv_storage>
<Depth type_id="opencv-matrix">
  <rows>40</rows>
  <cols>40</cols>
  <dt>f</dt>
  <data>
    0. 0. 0. 0. 0. 0. 0. 0. 0. 0. 0. 0. 0. 0. 0. 0. 0. 0. 0. 0. 0. 0. 0.
    0. 0. 0. 0. 0. 0. 0. 0. 0. 0. 0. 0. 0. 0. 0. 0. 0. 0. 0. 0. 0. 0. 0.
    0. 0. 0. 0. 0. 0. 0. 0. 0. 0. 0. 0. 0. 0. 0. 0. 0. 0. 0. 0. 0. 0. 0.
    0. 0. 0. 0. 0. 0. 0. 0. 0. 0. 0. 0. 0. 0. 0. 0. 0. 0. 0. 0. 0. 0. 0.
    0. 0. 0. 0. 0. 0. 0. 0. 0. 0. 0. 0. 0. 0. 0. 0. 0. 0. 0. 0. 0. 0. 0.
    0. 0. 0. 0. 0. 0. 0. 0. 0. 0. 0. 0. 0. 0. 0. 0. 0. 0. 0. 0. 0. 0. 0.
    0. 0. 0. 0. 0. 0. 0. 0. 0. 0. 0. 0. 0. 0. 0. 0. 0. 0. 0. 0. 0. 0. 0.
    0. 0. 0. 0. 0. 0. 0. 0. 0. 0. 0. 0. 0. 0. 0. 0. 0. 0. 0. 0. 0. 0. 0.
    0. 0. 0. 0. 0. 0. 0. 0. 0. 0. 0. 0. 0. 0. 0. 0. 0. 0. 0. 0. 0. 0. 0.
    0. 0. 0. 0. 1.06500006e+00 1.06500006e+00 1.06500006e+00
    1.06500006e+00 1.06500006e+00 1.06500006e+00 1.05200005e+00
    1.04900002e+00 1.04900002e+00 1.31200004e+00 2.23900008e+00
    2.23900008e+00 2.23900008e+00 2.23900008e+00 2.23900008e+00
    2.23900008e+00 2.23900008e+00 0. 0. 0. 0. 0. 0. 0. 0. 0. 0. 0. 0. 0.
    0. 0. 0. 0. 0. 0. 0. 0. 0. 0. 1.06500006e+00 1.06500006e+00
    1.06500006e+00 1.06500006e+00 1.06500006e+00 1.06500006e+00
    1.05200005e+00 1.04900002e+00 1.05400002e+00 1.32099998e+00
    2.23900008e+00 2.23900008e+00 2.23900008e+00 2.23900008e+00
    2.23200011e+00 2.21300006e+00 2.21300006e+00 0. 0. 0. 0. 0. 0. 0. 0.
    0. 0. 0. 0. 0. 0. 0. 0. 0. 0. 0. 0. 0. 0. 0. 1.06500006e+00
    1.06500006e+00 1.06500006e+00 1.06500006e+00 1.06500006e+00
    1.06500006e+00 1.05200005e+00 1.04900002e+00 1.30999994e+00
    1.81099999e+00 2.23900008e+00 2.23900008e+00 2.23900008e+00
    2.23000002e+00 2.21499991e+00 2.20099998e+00 2.18600011e+00 0. 0. 0.
    0. 0. 0. 0. 0. 0. 0. 0. 0. 0. 0. 0. 0. 0. 0. 0. 0. 0. 0. 0.
    1.06500006e+00 1.06500006e+00 1.06500006e+00 1.06500006e+00
    1.06500006e+00 1.06500006e+00 1.05700004e+00 1.05499995e+00
    1.53299999e+00 2.22700000e+00 2.22700000e+00 2.22700000e+00
    2.22700000e+00 2.21499991e+00 2.20300007e+00 2.20000005e+00
    2.17100000e+00 0. 0. 0. 0. 0. 0. 0. 0. 0. 0. 0. 0. 0. 0. 0. 0. 0. 0.
    0. 0. 0. 0. 0. 1.06500006e+00 1.06500006e+00 1.06500006e+00
    1.06500006e+00 1.06500006e+00 1.06299996e+00 1.06200004e+00
    1.16700006e+00 1.63000000e+00 2.19899988e+00 2.20300007e+00
    2.20300007e+00 2.20300007e+00 2.20300007e+00 2.20099998e+00
    2.19499993e+00 2.17100000e+00 0. 0. 0. 0. 0. 0. 0. 0. 0. 0. 0. 0. 0.
    0. 0. 0. 0. 0. 0. 0. 0. 0. 0. 1.06500006e+00 1.06500006e+00
    1.06500006e+00 1.06500006e+00 1.06299996e+00 1.04999995e+00
    1.04900002e+00 1.69599998e+00 2.14899993e+00 2.17700005e+00
    2.20300007e+00 2.20300007e+00 2.20300007e+00 2.20300007e+00
    2.19300008e+00 2.16899991e+00 2.16799998e+00 0. 0. 0. 0. 0. 0. 0. 0.
    0. 0. 0. 0. 0. 0. 0. 0. 0. 0. 0. 0. 0. 0. 0. 1.06500006e+00
    1.06500006e+00 1.06500006e+00 1.06500006e+00 1.06200004e+00
    1.04900002e+00 1.04900002e+00 1.68299997e+00 2.12500000e+00
    2.14199996e+00 2.14899993e+00 2.17100000e+00 2.19400001e+00
    2.20300007e+00 2.19300008e+00 2.16799998e+00 2.16799998e+00 0. 0. 0.
    0. 0. 0. 0. 0. 0. 0. 0. 0. 0. 0. 0. 0. 0. 0. 0. 0. 0. 0. 0.
    1.06500006e+00 1.06500006e+00 1.06500006e+00 1.06500006e+00
    1.06400001e+00 1.05900002e+00 1.53999996e+00 1.92700005e+00
    2.10500002e+00 2.11299992e+00 2.11400008e+00 2.14199996e+00
    2.17000008e+00 2.18199992e+00 2.17799997e+00 2.16799998e+00
    2.16799998e+00 0. 0. 0. 0. 0. 0. 0. 0. 0. 0. 0. 0. 0. 0. 0. 0. 0. 0.
    0. 0. 0. 0. 0. 1.06500006e+00 1.06500006e+00 1.06500006e+00
    1.06500006e+00 1.13100004e+00 1.47399998e+00 1.96599996e+00
    2.09899998e+00 2.09899998e+00 2.09899998e+00 2.09999990e+00
    2.11599994e+00 2.14199996e+00 2.15400004e+00 2.15000010e+00
    2.14000010e+00 2.14000010e+00 0. 0. 0. 0. 0. 0. 0. 0. 0. 0. 0. 0. 0.
    0. 0. 0. 0. 0. 0. 0. 0. 0. 0. 1.06500006e+00 1.06500006e+00
    1.06500006e+00 1.06500006e+00 1.22800004e+00 2.06800008e+00
    2.09899998e+00 2.09899998e+00 2.09899998e+00 2.09899998e+00
    2.09899998e+00 2.09899998e+00 2.11599994e+00 2.12500000e+00
    2.11800003e+00 2.09899998e+00 2.09899998e+00 0. 0. 0. 0. 0. 0. 0. 0.
    0. 0. 0. 0. 0. 0. 0. 0. 0. 0. 0. 0. 0. 0. 0. 1.06500006e+00
    1.06500006e+00 1.06500006e+00 1.06500006e+00 1.22800004e+00
    2.06800008e+00 2.09899998e+00 2.09899998e+00 2.09899998e+00
    2.09899998e+00 2.09899998e+00 2.09899998e+00 2.09899998e+00
    2.09899998e+00 2.09899998e+00 2.09800005e+00 2.09800005e+00 0. 0. 0.
    0. 0. 0. 0. 0. 0. 0. 0. 0. 0. 0. 0. 0. 0. 0. 0. 0. 0. 0. 0.
    1.06500006e+00 1.06500006e+00 1.06500006e+00 1.06500006e+00
    1.22800004e+00 2.06800008e+00 2.09899998e+00 2.09899998e+00
    2.09899998e+00 2.09899998e+00 2.09899998e+00 2.09899998e+00
    2.09899998e+00 2.09899998e+00 2.09100008e+00 2.06999993e+00
    2.06999993e+00 0. 0. 0. 0. 0. 0. 0. 0. 0. 0. 0. 0. 0. 0. 0. 0. 0. 0.
    0. 0. 0. 0. 0. 1.06500006e+00 1.06500006e+00 1.06500006e+00
    1.29200006e+00 1.77999997e+00 2.06599998e+00 2.07699990e+00
    2.07699990e+00 2.07699990e+00 2.07699990e+00 2.07699990e+00
    2.07699990e+00 2.07699990e+00 2.07699990e+00 2.07299995e+00
    2.06500006e+00 2.06500006e+00 0. 0. 0. 0. 0. 0. 0. 0. 0. 0. 0. 0. 0.
    0. 0. 0. 0. 0. 0. 0. 0. 0. 0. 1.06500006e+00 1.06500006e+00
    1.06500006e+00 1.40400004e+00 2.04999995e+00 2.04999995e+00
    2.04999995e+00 2.04999995e+00 2.04999995e+00 2.04999995e+00
    2.04999995e+00 2.04999995e+00 2.04999995e+00 2.04999995e+00
    2.04999995e+00 2.05100012e+00 2.06399989e+00 0. 0. 0. 0. 0. 0. 0. 0.
    0. 0. 0. 0. 0. 0. 0. 0. 0. 0. 0. 0. 0. 0. 0. 1.06500006e+00
    1.06500006e+00 1.20200002e+00 1.56400001e+00 2.02399993e+00
    2.02399993e+00 2.02399993e+00 2.02399993e+00 2.02399993e+00
    2.02399993e+00 2.02399993e+00 2.02399993e+00 2.02399993e+00
    2.01900005e+00 2.01500010e+00 2.01900005e+00 2.05200005e+00 0. 0. 0.
    0. 0. 0. 0. 0. 0. 0. 0. 0. 0. 0. 0. 0. 0. 0. 0. 0. 0. 0. 0.
    1.06500006e+00 1.12600005e+00 1.58399999e+00 1.97700000e+00
    1.99699998e+00 1.99699998e+00 1.99699998e+00 1.99699998e+00
    1.99699998e+00 1.99699998e+00 1.99699998e+00 1.99699998e+00
    1.99500000e+00 1.98099995e+00 1.96599996e+00 1.97300005e+00
    2.02699995e+00 0. 0. 0. 0. 0. 0. 0. 0. 0. 0. 0. 0. 0. 0. 0. 0. 0. 0.
    0. 0. 0. 0. 0. 1.06500006e+00 1.63600004e+00 1.90300000e+00
    1.95099998e+00 1.97200000e+00 1.97200000e+00 1.97200000e+00
    1.97200000e+00 1.97200000e+00 1.97200000e+00 1.97200000e+00
    1.97200000e+00 1.95299995e+00 1.94200003e+00 1.94099998e+00
    1.95000005e+00 2.02500010e+00 0. 0. 0. 0. 0. 0. 0. 0. 0. 0. 0. 0. 0.
    0. 0. 0. 0. 0. 0. 0. 0. 0. 0. 1.05299997e+00 1.67400002e+00
    1.91600001e+00 1.92700005e+00 1.94700003e+00 1.94700003e+00
    1.94700003e+00 1.94700003e+00 1.94700003e+00 1.94700003e+00
    1.94700003e+00 1.94700003e+00 1.94099998e+00 1.93799996e+00
    1.93799996e+00 1.71300006e+00 0. 0. 0. 0. 0. 0. 0. 0. 0. 0. 0. 0. 0.
    0. 0. 0. 0. 0. 0. 0. 0. 0. 0. 0. 1.04900002e+00 1.63300002e+00
    1.86899996e+00 1.88699996e+00 1.90600002e+00 1.90600002e+00
    1.91799998e+00 1.92200005e+00 1.92200005e+00 1.92200005e+00
    1.92200005e+00 1.92200005e+00 1.92200005e+00 1.91400003e+00
    1.90600002e+00 1.59399998e+00 0. 0. 0. 0. 0. 0. 0. 0. 0. 0. 0. 0. 0.
    0. 0. 0. 0. 0. 0. 0. 0. 0. 0. 0. 1.31700003e+00 1.67900002e+00
    1.83500004e+00 1.85899997e+00 1.87800002e+00 1.87800002e+00
    1.89300001e+00 1.89800000e+00 1.89800000e+00 1.89800000e+00
    1.89800000e+00 1.90600002e+00 1.90799999e+00 1.89400005e+00
    1.87800002e+00 1.56900001e+00 0. 0. 0. 0. 0. 0. 0. 0. 0. 0. 0. 0. 0.
    0. 0. 0. 0. 0. 0. 0. 0. 0. 0. 0. 1.82000005e+00 1.82000005e+00
    1.83299994e+00 1.85399997e+00 1.87300003e+00 1.87300003e+00
    1.87300003e+00 1.87300003e+00 1.87500000e+00 1.87800002e+00
    1.87899995e+00 1.90300000e+00 1.90499997e+00 1.89100003e+00
    1.73199999e+00 1.10699999e+00 0. 0. 0. 0. 0. 0. 0. 0. 0. 0. 0. 0. 0.
