<?xml version="1.0"?>
<opencv_storage>
<Depth type_id="opencv-matrix">
  <rows>40</rows>
  <cols>40</cols>
  <dt>f</dt>
  <data>
    0. 0. 0. 0. 0. 0. 0. 0. 0. 0. 0. 0. 0. 0. 0. 0. 0. 0. 0. 0. 0. 0. 0.
    0. 0. 0. 0. 0. 0. 0. 0. 0. 0. 0. 0. 0. 0. 0. 0. 0. 0. 0. 0. 0. 0. 0.
    0. 0. 0. 0. 0. 0. 0. 0. 0. 0. 0. 0. 0. 0. 0. 0. 0. 0. 0. 0. 0. 0. 0.
    0. 0. 0. 0. 0. 0. 0. 0. 0. 0. 0. 0. 0. 0. 0. 0. 0. 0. 0. 0. 0. 0. 0.
    0. 0. 0. 0. 0. 0. 0. 0. 0. 0. 0. 0. 0. 0. 0. 0. 0. 0. 0. 0. 0. 0. 0.
    0. 0. 0. 0. 0. 0. 0. 0. 0. 0. 0. 0. 0. 0. 0. 0. 0. 0. 0. 0. 0. 0. 0.
    0. 0. 0. 0. 0. 0. 0. 0. 0. 0. 0. 0. 0. 0. 0. 0. 0. 0. 0. 0. 0. 0. 0.
    0. 0. 0. 0. 0. 0. 0. 0. 0. 0. 0. 0. 0. 0. 0. 0. 0. 0. 0. 0. 0. 0. 0.
    0. 0. 0. 0. 0. 0. 0. 0. 0. 0. 0. 0. 0. 0. 0. 0. 0. 0. 0. 0. 0. 0. 0.
    0. 0. 0. 0. 0. 0. 0. 0. 0. 0. 0. 0. 0. 0. 0. 0. 0. 0. 0. 0. 0. 0. 0.
    0. 0. 0. 0. 0. 0. 0. 0. 0. 0. 0. 0. 0. 0. 0. 0. 0. 0. 0. 0. 0. 0. 0.
    0. 0. 0. 0. 0. 0. 0. 0. 0. 0. 0. 0. 0. 0. 0. 0. 0. 0. 0. 0. 0. 0. 0.
    0. 0. 0. 0. 0. 0. 0. 0. 0. 0. 0. 0. 0. 0. 0. 0. 0. 0. 0. 0. 0. 0. 0.
    0. 0. 0. 0. 0. 0. 0. 0. 0. 0. 0. 0. 0. 0. 0. 0. 0. 0. 0. 0. 0. 0. 0.
    0. 0. 0. 0. 0. 0. 0. 0. 0. 0. 0. 0. 0. 0. 0. 0. 0. 0. 0. 0. 0. 0. 0.
    0. 0. 0. 0. 0. 0. 0. 0. 0. 0. 0. 0. 0. 0. 0. 0. 0. 0. 0. 0. 0. 0. 0.
    0. 0. 0. 0. 0. 0. 0. 0. 0. 0. 0. 0. 0. 0. 0. 0. 0. 0. 0. 0. 0. 0. 0.
    0. 0. 0. 0. 0. 0. 0. 0. 0. 0. 0. 0. 0. 0. 0. 0. 0. 0. 0. 0. 0. 0. 0.
    0. 0. 0. 0. 0. 0. 0. 0. 0. 0. 0. 0. 0. 0. 0. 0. 0. 0. 0. 0. 0. 0. 0.
    0. 0. 0. 0. 0. 0. 0. 0. 0. 0. 0. 0. 0. 0. 0. 0. 0. 0. 0. 0. 0. 0. 0.
    0. 0. 0. 0. 0. 0. 0. 0. 0. 0. 0. 0. 0. 0. 0. 0. 0. 0. 0. 0. 0. 0. 0.
    0. 0. 0. 0. 0. 0. 0. 0. 0. 0. 0. 0. 0. 0. 0. 0. 0. 0. 0. 0. 0. 0. 0.
    0. 0. 0. 0. 0. 0. 0. 0. 0. 0. 0. 0. 0. 0. 0. 0. 0. 0. 0. 0. 0. 0. 0.
    0. 0. 0. 0. 0. 0. 0. 0. 0. 0. 0. 0. 0. 0. 0. 0. 0. 0. 0. 0. 0. 0. 0.
    0. 0. 0. 0. 0. 0. 0. 0. 0. 0. 0. 0. 0. 0. 0. 0. 0. 0. 0. 0. 0. 0. 0.
    0. 0. 0. 0. 0. 0. 0. 0. 0. 0. 0. 0. 0. 0. 0. 0. 0. 0. 0. 0. 0. 0. 0.
    0. 0. 2.03699994e+00 2.18899989e+00 1.97099996e+00 1.90600002e+00
    1.90799999e+00 1.92100000e+00 1.92100000e+00 1.92799997e+00
    1.95299995e+00 1.93099999e+00 1.90799999e+00 1.90799999e+00
    1.93099999e+00 1.96200001e+00 1.95200002e+00 1.96200001e+00
    1.96800005e+00 1.95400000e+00 1.95299995e+00 1.97500002e+00
    2.00399995e+00 2.01399994e+00 1.99600005e+00 1.98399997e+00
    1.98399997e+00 2.01600003e+00 2.01900005e+00 2.03600001e+00
    2.04900002e+00 2.05999994e+00 2.06599998e+00 2.07900000e+00
    2.08100009e+00 2.08299994e+00 2.09800005e+00 2.10899997e+00
    2.11800003e+00 2.11800003e+00 2.13299990e+00 2.15300012e+00
    1.89199996e+00 1.90100002e+00 1.89499998e+00 1.89199996e+00
    1.90699995e+00 1.90699995e+00 1.90600002e+00 1.90400004e+00
    1.90600002e+00 1.90699995e+00 1.90699995e+00 1.91100001e+00
    1.93299997e+00 1.95299995e+00 1.95099998e+00 1.95299995e+00
    1.96099997e+00 1.95599997e+00 1.95700002e+00 1.98300004e+00
    1.98099995e+00 1.98199999e+00 1.98399997e+00 1.98399997e+00
    1.98399997e+00 2.01600003e+00 2.01600003e+00 2.02099991e+00
    2.04399991e+00 2.06299996e+00 2.06599998e+00 2.05100012e+00
    2.04900002e+00 2.04900002e+00 2.06500006e+00 2.10700011e+00
    2.11400008e+00 2.11700010e+00 2.11800003e+00 2.13599992e+00
    1.89699996e+00 1.90300000e+00 1.89499998e+00 1.89199996e+00
    1.90699995e+00 1.90699995e+00 1.90199995e+00 1.89199996e+00
    1.90100002e+00 1.90699995e+00 1.91199994e+00 1.92299998e+00
    1.95200002e+00 1.95700002e+00 1.94599998e+00 1.92200005e+00
    1.93299997e+00 1.96500003e+00 1.96899998e+00 1.98099995e+00
    1.96800005e+00 1.97500002e+00 1.98399997e+00 1.98800004e+00
    1.99000001e+00 2.01600003e+00 2.02200007e+00 2.02500010e+00
    2.03200006e+00 2.05200005e+00 2.06599998e+00 2.05100012e+00
    2.04900002e+00 2.06100011e+00 2.07299995e+00 2.10100007e+00
    2.10100007e+00 2.11299992e+00 2.12400007e+00 2.13599992e+00
    1.90699995e+00 1.90699995e+00 1.90100002e+00 1.89900005e+00
    1.90699995e+00 1.90699995e+00 1.90199995e+00 1.89199996e+00
    1.90100002e+00 1.90699995e+00 1.92100000e+00 1.92400002e+00
    1.96000004e+00 1.96300006e+00 1.94599998e+00 1.92200005e+00
    1.93299997e+00 1.96500003e+00 1.97599995e+00 1.98300004e+00
    1.97599995e+00 1.98000002e+00 1.98899996e+00 1.99800003e+00 2.
    2.01699996e+00 2.03200006e+00 2.03200006e+00 2.03600001e+00
    2.06100011e+00 2.07399988e+00 2.05200005e+00 2.04999995e+00
    2.09200001e+00 2.09500003e+00 2.10100007e+00 2.10100007e+00
    2.11299992e+00 2.13400006e+00 2.13599992e+00 1.90699995e+00
    1.90699995e+00 1.90699995e+00 1.90699995e+00 1.90699995e+00
    1.90699995e+00 1.90499997e+00 1.90199995e+00 1.90499997e+00
    1.90699995e+00 1.92100000e+00 1.92400002e+00 1.96800005e+00
    1.96800005e+00 1.96000004e+00 1.95099998e+00 1.95500004e+00
    1.97599995e+00 1.98399997e+00 1.98599994e+00 1.99399996e+00
    1.99899995e+00 2.00799990e+00 2.00999999e+00 2.00999999e+00
    2.02600002e+00 2.03200006e+00 2.03200006e+00 2.03999996e+00
    2.06900001e+00 2.08299994e+00 2.06299996e+00 2.06100011e+00
    2.10299993e+00 2.11199999e+00 2.10700011e+00 2.10100007e+00
    2.11299992e+00 2.12400007e+00 2.13599992e+00 1.90699995e+00
    1.90699995e+00 1.90699995e+00 1.90699995e+00 1.90699995e+00
    1.90699995e+00 1.90699995e+00 1.91299999e+00 1.91900003e+00
    1.91900003e+00 1.92200005e+00 1.92299998e+00 1.94400001e+00
    1.94799995e+00 1.96099997e+00 1.96800005e+00 1.96800005e+00
    1.98199999e+00 1.98500001e+00 1.99899995e+00 2.01200008e+00
    2.01399994e+00 2.01600003e+00 2.01600003e+00 2.01600003e+00
    2.03200006e+00 2.03399992e+00 2.04500008e+00 2.05299997e+00
    2.07500005e+00 2.07299995e+00 2.06599998e+00 2.06699991e+00
    2.08999991e+00 2.10899997e+00 2.11599994e+00 2.11400008e+00
    2.11700010e+00 2.11800003e+00 2.13599992e+00 1.89300001e+00
    1.89300001e+00 1.90400004e+00 1.90699995e+00 1.90699995e+00
    1.90699995e+00 1.90699995e+00 1.91400003e+00 1.92200005e+00
    1.92200005e+00 1.92200005e+00 1.92299998e+00 1.93700004e+00
    1.94200003e+00 1.96000004e+00 1.96800005e+00 1.96800005e+00
    1.98199999e+00 1.98399997e+00 1.98800004e+00 2.00600004e+00
    2.02300000e+00 2.02200007e+00 2.01600003e+00 2.02900004e+00
    2.03200006e+00 2.03200006e+00 2.03800011e+00 2.04999995e+00
    2.06100011e+00 2.06599998e+00 2.06599998e+00 2.06599998e+00
    2.08299994e+00 2.08999991e+00 2.10200000e+00 2.11199999e+00
    2.11800003e+00 2.13299990e+00 2.13599992e+00 1.88399994e+00
    1.89199996e+00 1.89199996e+00 1.89199996e+00 1.89300001e+00
    1.90699995e+00 1.90699995e+00 1.91499996e+00 1.92200005e+00
    1.92200005e+00 1.92200005e+00 1.92299998e+00 1.93700004e+00
    1.94200003e+00 1.95899999e+00 1.96800005e+00 1.96800005e+00
    1.96800005e+00 1.98399997e+00 1.98399997e+00 1.98399997e+00
    1.99100006e+00 2.00999999e+00 2.01600003e+00 2.01600003e+00
    2.03200006e+00 2.03200006e+00 2.03699994e+00 2.04800010e+00
    2.04900002e+00 2.07299995e+00 2.08299994e+00 2.08299994e+00
    2.08299994e+00 2.08800006e+00 2.09999990e+00 2.10999990e+00
    2.11800003e+00 2.13299990e+00 2.15300012e+00 1.88399994e+00
    1.89199996e+00 1.89199996e+00 1.89199996e+00 1.89300001e+00
    1.90799999e+00 1.91400003e+00 1.92200005e+00 1.92200005e+00
    1.92200005e+00 1.92200005e+00 1.92299998e+00 1.93700004e+00
    1.94200003e+00 1.95200002e+00 1.96200001e+00 1.96800005e+00
    1.97099996e+00 1.98399997e+00 1.98399997e+00 1.98399997e+00
    1.99100006e+00 2.00999999e+00 2.01799989e+00 2.01900005e+00
    2.03200006e+00 2.03200006e+00 2.03200006e+00 2.03200006e+00
    2.04200006e+00 2.06200004e+00 2.08100009e+00 2.08299994e+00
    2.08299994e+00 2.08299994e+00 2.09100008e+00 2.09899998e+00
    2.10700011e+00 2.11400008e+00 2.13599992e+00 1.88399994e+00
    1.89199996e+00 1.89199996e+00 1.89199996e+00 1.89300001e+00
    1.90999997e+00 1.92200005e+00 1.92200005e+00 1.92200005e+00
    1.92200005e+00 1.92200005e+00 1.92299998e+00 1.93700004e+00
