<?xml version="1.0"?>
<opencv_storage>
<Depth type_id="opencv-matrix">
  <rows>40</rows>
  <cols>40</cols>
  <dt>f</dt>
  <data>
    0. 0. 0. 0. 0. 0. 0. 0. 0. 0. 2.05900002e+00 2.06100011e+00
    2.06299996e+00 2.06299996e+00 2.06299996e+00 2.06299996e+00
    2.06299996e+00 2.06299996e+00 2.06299996e+00 2.06699991e+00
    2.10400009e+00 2.11100006e+00 2.07500005e+00 2.06299996e+00
    2.06299996e+00 2.02500010e+00 1.82599998e+00 1.19900000e+00 0. 0. 0.
    0. 0. 0. 0. 0. 0. 0. 0. 0. 0. 0. 0. 0. 0. 0. 0. 0. 0. 0.
    2.02200007e+00 2.03800011e+00 2.06200004e+00 2.06299996e+00
    2.06299996e+00 2.06299996e+00 2.06299996e+00 2.06299996e+00
    2.06299996e+00 2.06699991e+00 2.10400009e+00 2.11100006e+00
    2.07500005e+00 2.06299996e+00 2.06299996e+00 1.65400004e+00
    1.28499997e+00 1.04799998e+00 0. 0. 0. 0. 0. 0. 0. 0. 0. 0. 0. 0. 0.
    0. 0. 0. 0. 0. 0. 0. 0. 0. 2. 2.02399993e+00 2.06100011e+00
    2.06299996e+00 2.06299996e+00 2.06299996e+00 2.06299996e+00
    2.06299996e+00 2.06299996e+00 2.06599998e+00 2.09400010e+00
    2.10400009e+00 2.08400011e+00 2.05999994e+00 2.03500009e+00
    1.41299999e+00 0. 0. 0. 0. 0. 0. 0. 0. 0. 0. 0. 0. 0. 0. 0. 0. 0. 0.
    0. 0. 0. 0. 0. 0. 2. 2.02399993e+00 2.06100011e+00 2.06299996e+00
    2.06299996e+00 2.06299996e+00 2.06299996e+00 2.06299996e+00
    2.06299996e+00 2.06399989e+00 2.06999993e+00 2.08400011e+00
    2.10700011e+00 2.05299997e+00 1.96399999e+00 1.37000000e+00 0. 0. 0.
    0. 0. 0. 0. 0. 0. 0. 0. 0. 0. 0. 0. 0. 0. 0. 0. 0. 0. 0. 0. 0.
    2.02500010e+00 2.03999996e+00 2.06200004e+00 2.06299996e+00
    2.06299996e+00 2.06299996e+00 2.06299996e+00 2.06299996e+00
    2.06299996e+00 2.06299996e+00 2.06299996e+00 2.07800007e+00
    2.11400008e+00 2.05100012e+00 1.94200003e+00 1.34800005e+00 0. 0. 0.
    0. 0. 0. 0. 0. 0. 0. 0. 0. 0. 0. 0. 0. 0. 0. 0. 0. 0. 0. 0. 0.
    2.06200004e+00 2.06299996e+00 2.06299996e+00 2.06299996e+00
    2.06299996e+00 2.06299996e+00 2.06299996e+00 2.06299996e+00
    2.06299996e+00 2.06299996e+00 2.06299996e+00 2.07800007e+00
    2.11400008e+00 2.05100012e+00 1.94200003e+00 1.33700001e+00 0. 0. 0.
    0. 0. 0. 0. 0. 0. 0. 0. 0. 0. 0. 0. 0. 0. 0. 0. 0. 0. 0. 0. 0.
    2.02699995e+00 2.04099989e+00 2.06200004e+00 2.06299996e+00
    2.06299996e+00 2.06299996e+00 2.06299996e+00 2.06299996e+00
    2.07999992e+00 2.09899998e+00 2.09899998e+00 2.09699988e+00
    2.09200001e+00 2.02999997e+00 1.94200003e+00 1.33599997e+00 0. 0. 0.
    0. 0. 0. 0. 0. 0. 0. 0. 0. 0. 0. 0. 0. 0. 0. 0. 0. 0. 0. 0. 0.
    1.83500004e+00 1.92100000e+00 2.05500007e+00 2.06299996e+00
    2.06299996e+00 2.06299996e+00 2.06299996e+00 2.06299996e+00
    2.08800006e+00 2.11599994e+00 2.11599994e+00 2.10100007e+00
    2.06500006e+00 2.00799990e+00 1.94099998e+00 1.33599997e+00 0. 0. 0.
    0. 0. 0. 0. 0. 0. 0. 0. 0. 0. 0. 0. 0. 0. 0. 0. 0. 0. 0. 0. 0.
    1.22500002e+00 1.54200006e+00 2.03200006e+00 2.06299996e+00
    2.06299996e+00 2.06299996e+00 2.06299996e+00 2.06299996e+00
    2.07100010e+00 2.07900000e+00 2.07900000e+00 2.06500006e+00
    2.02800012e+00 1.98599994e+00 1.94099998e+00 1.33599997e+00 0. 0. 0.
    0. 0. 0. 0. 0. 0. 0. 0. 0. 0. 0. 0. 0. 0. 0. 0. 0. 0. 0. 0. 0. 0.
    1.37500000e+00 2.02200007e+00 2.06299996e+00 2.06299996e+00
    2.06299996e+00 2.06299996e+00 2.06299996e+00 2.06299996e+00
    2.06299996e+00 2.06299996e+00 2.04800010e+00 2.01200008e+00
    1.98399997e+00 1.96000004e+00 1.34500003e+00 0. 0. 0. 0. 0. 0. 0. 0.
    0. 0. 0. 0. 0. 0. 0. 0. 0. 0. 0. 0. 0. 0. 0. 0. 0. 1.37500000e+00
    2.02200007e+00 2.06299996e+00 2.06299996e+00 2.06299996e+00
    2.06299996e+00 2.06299996e+00 2.06299996e+00 2.06299996e+00
    2.06299996e+00 2.04800010e+00 2.01200008e+00 1.99800003e+00
    1.99500000e+00 1.36000001e+00 0. 0. 0. 0. 0. 0. 0. 0. 0. 0. 0. 0. 0.
    0. 0. 0. 0. 0. 0. 0. 0. 0. 0. 0. 1.54100001e+00 1.73800004e+00
    2.04399991e+00 2.06299996e+00 2.06299996e+00 2.06299996e+00
    2.05299997e+00 2.03500009e+00 2.03200006e+00 2.03299999e+00
    2.05200005e+00 2.04800010e+00 2.01200008e+00 2. 2. 1.37199998e+00 0.
    0. 0. 0. 0. 0. 0. 0. 0. 0. 0. 0. 0. 0. 0. 0. 0. 0. 0. 0. 0. 0. 0. 0.
    2.12599993e+00 2.10200000e+00 2.06500006e+00 2.06299996e+00
    2.06299996e+00 2.06299996e+00 2.04399991e+00 2.00699997e+00 2.
    2.00399995e+00 2.04099989e+00 2.04800010e+00 2.01200008e+00 2. 2.
    1.38199997e+00 0. 0. 0. 0. 0. 0. 0. 0. 0. 0. 0. 0. 0. 0. 0. 0. 0. 0.
    0. 0. 0. 0. 0. 0. 2.12599993e+00 2.10200000e+00 2.06500006e+00
    2.06299996e+00 2.06299996e+00 2.06299996e+00 2.04399991e+00
    2.00699997e+00 2. 2.00399995e+00 2.04099989e+00 2.04800010e+00
    2.01200008e+00 2. 2. 1.38199997e+00 0. 0. 0. 0. 0. 0. 0. 0. 0. 0. 0.
    0. 0. 0. 0. 0. 0. 0. 0. 0. 0. 0. 0. 0. 2.12599993e+00 2.10200000e+00
    2.06500006e+00 2.06299996e+00 2.06299996e+00 2.06299996e+00
    2.04399991e+00 2.00699997e+00 2. 2.00399995e+00 2.04099989e+00
    2.04800010e+00 2.01200008e+00 1.99399996e+00 1.98500001e+00
    1.38100004e+00 0. 0. 0. 0. 0. 0. 0. 0. 0. 0. 0. 0. 0. 0. 0. 0. 0. 0.
    0. 0. 0. 0. 0. 0. 2.12599993e+00 2.10200000e+00 2.06500006e+00
    2.06299996e+00 2.06299996e+00 2.06299996e+00 2.04399991e+00
    2.00699997e+00 2. 2.00399995e+00 2.04099989e+00 2.04800010e+00
    2.01200008e+00 1.98000002e+00 1.95000005e+00 1.37800002e+00 0. 0. 0.
    0. 0. 0. 0. 0. 0. 0. 0. 0. 0. 0. 0. 0. 0. 0. 0. 0. 0. 0. 0. 0.
    2.07200003e+00 2.05900002e+00 2.03699994e+00 2.05100012e+00
    2.06299996e+00 2.06299996e+00 2.04399991e+00 2.00699997e+00 2.
    2.00200009e+00 2.02300000e+00 2.02800012e+00 2.00699997e+00
    1.97599995e+00 1.94099998e+00 1.37699997e+00 0. 0. 0. 0. 0. 0. 0. 0.
    0. 0. 0. 0. 0. 0. 0. 0. 0. 0. 0. 0. 0. 0. 0. 0. 2. 2. 2.
    2.03500009e+00 2.06299996e+00 2.06299996e+00 2.04399991e+00
    2.00799990e+00 2. 2. 2. 2. 2. 1.97599995e+00 1.94099998e+00
    1.37699997e+00 0. 0. 0. 0. 0. 0. 0. 0. 0. 0. 0. 0. 0. 0. 0. 0. 0. 0.
    0. 0. 0. 0. 0. 0. 2. 2. 2. 2.03500009e+00 2.06299996e+00
    2.06299996e+00 2.05500007e+00 2.03999996e+00 2.01999998e+00 2. 2. 2.
    2. 1.97599995e+00 1.94099998e+00 1.38999999e+00 0. 0. 0. 0. 0. 0. 0.
    0. 0. 0. 0. 0. 0. 0. 0. 0. 0. 0. 0. 0. 0. 0. 0. 0. 2. 2. 2.
    2.03500009e+00 2.06299996e+00 2.06299996e+00 2.06299996e+00
    2.06299996e+00 2.03299999e+00 2. 2. 2. 2. 1.98000002e+00
    1.95200002e+00 1.40300000e+00 0. 0. 0. 0. 0. 0. 0. 0. 0. 0. 0. 0. 0.
    0. 0. 0. 0. 0. 0. 0. 0. 0. 0. 0. 2. 2. 2. 2.03500009e+00
    2.06299996e+00 2.06299996e+00 2.06299996e+00 2.06299996e+00
    2.03299999e+00 2. 2. 2. 2. 1.99399996e+00 1.98599994e+00
    1.41799998e+00 0. 0. 0. 0. 0. 0. 0. 0. 0. 0. 0. 0. 0. 0. 0. 0. 0. 0.
    0. 0. 0. 0. 0. 0. 2. 2. 2. 2.02200007e+00 2.04099989e+00
    2.04099989e+00 2.04099989e+00 2.04099989e+00 2.02099991e+00 2. 2. 2.
    2. 2. 2. 1.62699997e+00 1.28499997e+00 1.04799998e+00 0. 0. 0. 0. 0.
    0. 0. 0. 0. 0. 0. 0. 0. 0. 0. 0. 0. 0. 0. 0. 0. 0. 2. 2. 2.
    2.00200009e+00 2.00399995e+00 2.00399995e+00 2.00399995e+00
    2.00399995e+00 2.00200009e+00 2. 2. 2. 2. 2. 2. 1.96399999e+00
    1.77699995e+00 1.18400002e+00 0. 0. 0. 0. 0. 0. 0. 0. 0. 0. 0. 0. 0.
    0. 0. 0. 0. 0. 0. 0. 0. 0. 2. 2. 2. 1.98300004e+00 1.96899998e+00
    1.96899998e+00 1.96899998e+00 1.96899998e+00 1.96899998e+00
    1.96899998e+00 1.96899998e+00 1.96899998e+00 1.96899998e+00
    1.96899998e+00 1.96899998e+00 1.96899998e+00 1.80299997e+00
    1.19000006e+00 0. 0. 0. 0. 0. 0. 0. 0. 0. 0. 0. 0. 0. 0. 0. 0. 0. 0.
    0. 0. 0. 0. 2. 1.99800003e+00 1.99399996e+00 1.96399999e+00
    1.93900001e+00 1.93499994e+00 1.93400002e+00 1.93400002e+00
    1.93400002e+00 1.93400002e+00 1.93799996e+00 1.94000006e+00
    1.94000006e+00 1.94000006e+00 1.94000006e+00 1.94000006e+00
    1.77900004e+00 1.18299997e+00 0. 0. 0. 0. 0. 0. 0. 0. 0. 0. 0. 0. 0.
    0. 0. 0. 0. 0. 0. 0. 0. 0. 2. 1.98399997e+00 1.96000004e+00
    1.94799995e+00 1.93499994e+00 1.91100001e+00 1.89900005e+00
    1.89900005e+00 1.89900005e+00 1.90199995e+00 1.92600000e+00
    1.94000006e+00 1.94000006e+00 1.94000006e+00 1.94000006e+00
