<?xml version="1.0"?>
<opencv_storage>
<Depth type_id="opencv-matrix">
  <rows>40</rows>
  <cols>40</cols>
  <dt>f</dt>
  <data>
    0. 0. 0. 0. 0. 0. 0. 0. 0. 0. 0. 0. 0. 0. 0. 0. 0. 0. 0. 0. 0. 0. 0.
    0. 0. 0. 0. 0. 0. 0. 0. 0. 0. 0. 0. 0. 0. 0. 0. 0. 0. 0. 0. 0. 0. 0.
    0. 0. 0. 0. 0. 0. 0. 0. 0. 0. 0. 0. 0. 0. 0. 0. 0. 0. 0. 0. 0. 0. 0.
    0. 0. 0. 0. 0. 0. 0. 0. 0. 0. 0. 0. 0. 0. 0. 0. 0. 0. 0. 0. 0. 0. 0.
    0. 0. 0. 0. 0. 0. 0. 0. 0. 0. 0. 0. 0. 0. 0. 0. 0. 0. 0. 0. 0. 0. 0.
    0. 0. 0. 0. 0. 0. 0. 0. 0. 0. 0. 0. 0. 0. 0. 0. 0. 0. 0. 0. 0. 0. 0.
    0. 0. 0. 0. 0. 0. 0. 0. 0. 0. 0. 0. 0. 0. 0. 0. 0. 0. 0. 0. 0. 0. 0.
    0. 0. 0. 0. 0. 0. 0. 0. 0. 0. 0. 0. 0. 0. 0. 0. 0. 0. 0. 0. 0. 0. 0.
    0. 0. 0. 0. 0. 0. 0. 0. 0. 0. 0. 0. 0. 0. 0. 0. 0. 0. 1.24600005e+00
    1.29900002e+00 1.97300005e+00 1.97800004e+00 1.97800004e+00
    1.97300005e+00 1.97200000e+00 1.97800004e+00 1.98000002e+00 0. 0. 0.
    0. 0. 0. 0. 0. 0. 0. 0. 0. 0. 0. 0. 0. 0. 0. 0. 0. 0. 0. 0. 0. 0. 0.
    0. 0. 0. 0. 0. 1.11099994e+00 1.11099994e+00 1.98000002e+00
    1.98000002e+00 1.97800004e+00 1.97800004e+00 1.97800004e+00
    1.97500002e+00 1.97500002e+00 1.97500002e+00 1.97500002e+00
    1.97200000e+00 2.53399992e+00 0. 0. 0. 0. 0. 0. 0. 0. 0. 0. 0. 0. 0.
    0. 0. 0. 0. 0. 0. 0. 0. 0. 0. 0. 0. 0. 1.11099994e+00 1.11099994e+00
    1.11099994e+00 1.97800004e+00 1.98000002e+00 1.98000002e+00
    1.98000002e+00 1.98000002e+00 1.97800004e+00 1.97500002e+00
    1.97700000e+00 1.97300005e+00 1.97399998e+00 1.97700000e+00
    1.97500002e+00 1.97500002e+00 1.97099996e+00 2.67899990e+00 0. 0. 0.
    0. 0. 0. 0. 0. 0. 0. 0. 0. 0. 0. 0. 0. 0. 0. 0. 0. 0. 0.
    1.11099994e+00 1.11099994e+00 1.98399997e+00 1.98399997e+00
    1.98399997e+00 1.98199999e+00 1.98199999e+00 1.98000002e+00
    1.98000002e+00 1.98000002e+00 1.97800004e+00 1.97800004e+00
    1.97800004e+00 1.98000002e+00 1.98000002e+00 1.97800004e+00
    1.97300005e+00 1.97399998e+00 1.97800004e+00 1.97800004e+00
    1.11099994e+00 1.11099994e+00 1.11099994e+00 0. 0. 0. 0. 0. 0. 0. 0.
    0. 0. 0. 0. 0. 0. 0. 0. 1.11099994e+00 1.11099994e+00 1.11099994e+00
    1.98599994e+00 1.98599994e+00 1.98599994e+00 1.98599994e+00
    1.98399997e+00 1.98199999e+00 1.98399997e+00 1.98399997e+00
    1.98000002e+00 1.98000002e+00 1.98000002e+00 1.98000002e+00
    1.98000002e+00 1.98000002e+00 1.97800004e+00 1.98000002e+00
    1.98000002e+00 1.97800004e+00 1.17700005e+00 1.11099994e+00
    1.11099994e+00 1.11099994e+00 1.11099994e+00 1.11099994e+00 0. 0. 0.
    0. 0. 0. 0. 0. 0. 0. 0. 0. 0. 1.11099994e+00 1.11099994e+00
    1.11099994e+00 1.98899996e+00 1.98899996e+00 1.98899996e+00
    1.98899996e+00 1.98599994e+00 1.98399997e+00 1.98599994e+00
    1.98599994e+00 1.98399997e+00 1.98000002e+00 1.98199999e+00
    1.98199999e+00 1.98300004e+00 1.98199999e+00 1.98099995e+00
    1.98000002e+00 1.97800004e+00 1.97800004e+00 1.97899997e+00
    1.97500002e+00 1.97599995e+00 1.97700000e+00 1.97500002e+00
    1.97200000e+00 1.97800004e+00 1.97399998e+00 1.97099996e+00
    1.97300005e+00 0. 0. 0. 0. 0. 0. 0. 0. 0. 1.11099994e+00
    1.11300004e+00 1.24300003e+00 1.99300003e+00 1.99100006e+00
    1.99100006e+00 1.98899996e+00 1.98899996e+00 1.98599994e+00
    1.98599994e+00 1.98599994e+00 1.98599994e+00 1.98599994e+00
    1.98399997e+00 1.98399997e+00 1.98399997e+00 1.98399997e+00
    1.98199999e+00 1.98199999e+00 1.98199999e+00 1.98199999e+00
    1.98000002e+00 1.97899997e+00 1.98000002e+00 1.97899997e+00
    1.97500002e+00 1.97399998e+00 1.97700000e+00 1.97300005e+00
    1.97099996e+00 1.97300005e+00 1.97300005e+00 1.97000003e+00
    1.97099996e+00 1.97300005e+00 0. 0. 0. 0. 0. 2.00900006e+00
    2.00900006e+00 2.00500011e+00 1.99300003e+00 1.99300003e+00
    1.99100006e+00 1.98899996e+00 1.98899996e+00 1.98899996e+00
    1.98899996e+00 1.98599994e+00 1.98599994e+00 1.98599994e+00
    1.98599994e+00 1.98899996e+00 1.98599994e+00 1.98599994e+00
    1.98599994e+00 1.98399997e+00 1.98399997e+00 1.98199999e+00
    1.98399997e+00 1.98199999e+00 1.98199999e+00 1.98000002e+00
    1.98000002e+00 1.98000002e+00 1.97800004e+00 1.97800004e+00
    1.97800004e+00 1.97399998e+00 1.97300005e+00 1.97500002e+00
    1.97300005e+00 1.97300005e+00 1.97099996e+00 1.97099996e+00
    1.97200000e+00 1.97300005e+00 1.97300005e+00 1.11099994e+00
    1.88399994e+00 2.00099993e+00 1.99600005e+00 1.99600005e+00
    1.99600005e+00 1.99300003e+00 1.99300003e+00 1.99500000e+00
    1.99100006e+00 1.98899996e+00 1.98899996e+00 1.98899996e+00
    1.98599994e+00 1.98899996e+00 1.98899996e+00 1.98899996e+00
    1.98800004e+00 1.98599994e+00 1.98599994e+00 1.98399997e+00
    1.98500001e+00 1.98399997e+00 1.98300004e+00 1.98199999e+00
    1.98000002e+00 1.98199999e+00 1.98000002e+00 1.98000002e+00
    1.97800004e+00 1.97700000e+00 1.97599995e+00 1.97800004e+00
    1.97500002e+00 1.97300005e+00 1.97300005e+00 1.97300005e+00
    1.97300005e+00 1.97300005e+00 1.97000003e+00 1.11099994e+00
    1.11099994e+00 1.99800003e+00 1.99800003e+00 1.99800003e+00
    1.99600005e+00 1.99600005e+00 1.99600005e+00 1.99600005e+00
    1.99199998e+00 1.99399996e+00 1.99100006e+00 1.99000001e+00
    1.99100006e+00 1.99100006e+00 1.99100006e+00 1.99100006e+00
    1.98899996e+00 1.98899996e+00 1.98899996e+00 1.98899996e+00
    1.98500001e+00 1.98399997e+00 1.98399997e+00 1.98399997e+00
    1.98000002e+00 1.98199999e+00 1.98099995e+00 1.98199999e+00
    1.98000002e+00 1.98000002e+00 1.98000002e+00 1.98000002e+00
    1.97700000e+00 1.97500002e+00 1.97500002e+00 1.97399998e+00
    1.97300005e+00 1.97300005e+00 1.98000002e+00 1.11099994e+00
    1.11099994e+00 1.99800003e+00 2.00200009e+00 2.00200009e+00
    1.99800003e+00 1.99800003e+00 1.99800003e+00 1.99600005e+00
    1.99600005e+00 1.99600005e+00 1.99600005e+00 1.99500000e+00
    1.99300003e+00 1.99399996e+00 1.99199998e+00 1.99300003e+00
    1.99100006e+00 1.99100006e+00 1.98899996e+00 1.99000001e+00
    1.98899996e+00 1.98699999e+00 1.98899996e+00 1.98599994e+00
    1.98599994e+00 1.98300004e+00 1.98399997e+00 1.98500001e+00
    1.98300004e+00 1.98199999e+00 1.98199999e+00 1.98099995e+00
    1.98000002e+00 1.98000002e+00 1.97800004e+00 1.97500002e+00
    1.97500002e+00 1.97500002e+00 1.98199999e+00 1.11099994e+00
    1.11099994e+00 2.00500011e+00 2.00500011e+00 2.00500011e+00 2.
    2.00200009e+00 2. 1.99800003e+00 2. 1.99800003e+00 1.99800003e+00
    1.99600005e+00 1.99399996e+00 1.99800003e+00 1.99800003e+00
    1.99800003e+00 1.99600005e+00 1.99500000e+00 1.99100006e+00
    1.99100006e+00 1.99000001e+00 1.98899996e+00 1.98899996e+00
    1.98899996e+00 1.98699999e+00 1.98699999e+00 1.98699999e+00
    1.98800004e+00 1.98399997e+00 1.98199999e+00 1.98199999e+00
    1.98000002e+00 1.98099995e+00 1.98000002e+00 1.98000002e+00
    1.97800004e+00 1.97800004e+00 1.98000002e+00 1.40100002e+00
    1.31099999e+00 1.11099994e+00 2.00500011e+00 2.00699997e+00
    2.00600004e+00 2.00500011e+00 2.00500011e+00 2.00500011e+00
    2.00300002e+00 2.00200009e+00 2. 1.99800003e+00 1.99800003e+00
    1.99800003e+00 2. 1.99899995e+00 1.99800003e+00 1.99600005e+00
    1.99699998e+00 1.99600005e+00 1.99600005e+00 1.99100006e+00
    1.99100006e+00 1.99100006e+00 1.99100006e+00 1.99100006e+00
    1.99000001e+00 1.98899996e+00 1.98899996e+00 1.98599994e+00
    1.98599994e+00 1.98300004e+00 1.98199999e+00 1.98399997e+00
    1.98399997e+00 1.98199999e+00 1.98199999e+00 1.98199999e+00
    1.98199999e+00 1.11099994e+00 2.03099990e+00 2.02399993e+00
    2.00699997e+00 2.00699997e+00 2.00699997e+00 2.00699997e+00
    2.00500011e+00 2.00699997e+00 2.00500011e+00 2.00500011e+00
    2.00300002e+00 2.00300002e+00 2.00300002e+00 2. 2.00300002e+00 2. 2.
    1.99800003e+00 1.99800003e+00 1.99800003e+00 1.99800003e+00
    1.99500000e+00 1.99300003e+00 1.99300003e+00 1.99600005e+00
    1.99300003e+00 1.99100006e+00 1.99100006e+00 1.99100006e+00
    1.98899996e+00 1.98899996e+00 1.98899996e+00 1.98699999e+00
    1.98599994e+00 1.98500001e+00 1.98399997e+00 1.98399997e+00
