<?xml version="1.0"?>
<opencv_storage>
<Depth type_id="opencv-matrix">
  <rows>40</rows>
  <cols>40</cols>
  <dt>f</dt>
  <data>
    0. 0. 0. 0. 0. 0. 0. 0. 0. 0. 0. 0. 0. 0. 0. 0. 0. 0. 0. 0. 0. 0. 0.
    0. 0. 0. 0. 0. 0. 0. 0. 0. 0. 0. 0. 0. 0. 0. 0. 0. 0. 0. 0. 0. 0. 0.
    0. 0. 0. 0. 0. 0. 0. 0. 0. 0. 0. 0. 0. 0. 0. 0. 0. 0. 0. 0. 0. 0. 0.
    0. 0. 0. 0. 0. 0. 0. 0. 0. 0. 0. 0. 0. 0. 0. 0. 0. 0. 0. 0. 0. 0. 0.
    0. 0. 0. 0. 0. 0. 0. 0. 0. 0. 0. 0. 0. 0. 0. 0. 0. 0. 0. 0. 0. 0. 0.
    0. 0. 0. 0. 0. 0. 0. 0. 0. 0. 0. 0. 0. 0. 0. 0. 0. 0. 0. 0. 0. 0. 0.
    0. 0. 0. 0. 0. 0. 0. 0. 0. 0. 0. 0. 0. 0. 0. 0. 0. 0. 0. 0. 0. 0. 0.
    0. 0. 0. 0. 0. 0. 0. 0. 0. 0. 0. 0. 0. 0. 0. 0. 0. 0. 0. 0. 0. 0. 0.
    0. 0. 0. 0. 0. 0. 0. 0. 0. 0. 0. 0. 0. 0. 0. 0. 0. 0. 0. 0. 0. 0. 0.
    0. 0. 0. 0. 0. 0. 0. 0. 0. 0. 0. 0. 0. 0. 0. 0. 0. 0. 0. 0. 0. 0. 0.
    0. 0. 0. 0. 0. 0. 0. 0. 0. 0. 0. 0. 0. 0. 0. 0. 0. 0. 0. 0. 0. 0. 0.
    0. 0. 0. 0. 0. 0. 0. 0. 0. 0. 0. 0. 0. 0. 0. 0. 0. 0. 0. 0. 0. 0. 0.
    0. 0. 0. 0. 0. 0. 0. 0. 0. 0. 0. 0. 0. 0. 0. 0. 0. 0. 0. 0. 0. 0. 0.
    0. 0. 0. 0. 0. 0. 0. 0. 0. 0. 0. 0. 0. 0. 0. 0. 0. 0. 0. 0. 0. 0. 0.
    0. 0. 0. 0. 2.27699995e+00 1.60399997e+00 0. 0. 0. 0. 1.28499997e+00
    1.28499997e+00 1.28499997e+00 1.31400001e+00 1.35699999e+00
    1.42499995e+00 1.61399996e+00 1.80299997e+00 1.86899996e+00
    1.86899996e+00 1.86899996e+00 1.86899996e+00 1.86899996e+00
    1.90100002e+00 1.95299995e+00 2. 2. 2. 2. 2. 2. 2. 0. 0. 0. 0. 0. 0.
    0. 0. 0. 0. 0. 0. 2.27699995e+00 1.66799998e+00 0. 0. 0. 0.
    1.34099996e+00 1.34099996e+00 1.34099996e+00 1.36800003e+00
    1.40600002e+00 1.46800005e+00 1.63800001e+00 1.80900002e+00
    1.86899996e+00 1.86899996e+00 1.87000000e+00 1.87500000e+00
    1.88000000e+00 1.90699995e+00 1.95000005e+00 1.98699999e+00
    1.98699999e+00 1.98699999e+00 1.98699999e+00 1.98699999e+00
    1.98699999e+00 1.98699999e+00 0. 0. 0. 0. 0. 0. 0. 0. 0. 0. 0. 0.
    2.27699995e+00 1.93599999e+00 0. 0. 0. 0. 1.57299995e+00
    1.57299995e+00 1.57299995e+00 1.58800006e+00 1.61000001e+00
    1.64400005e+00 1.74000001e+00 1.83599997e+00 1.86899996e+00
    1.86899996e+00 1.87199998e+00 1.89800000e+00 1.92400002e+00
    1.93400002e+00 1.93499994e+00 1.93499994e+00 1.93499994e+00
    1.93499994e+00 1.93499994e+00 1.93499994e+00 1.93499994e+00
    1.93499994e+00 0. 0. 0. 0. 0. 0. 0. 0. 0. 0. 0. 0. 2.27699995e+00
    2.20300007e+00 1.89600003e+00 1.58899999e+00 1.59000003e+00
    1.71000004e+00 1.80499995e+00 1.80499995e+00 1.80499995e+00
    1.80799997e+00 1.81299996e+00 1.82000005e+00 1.84099996e+00
    1.86199999e+00 1.86899996e+00 1.86899996e+00 1.87500000e+00
    1.92100000e+00 1.96800005e+00 1.96099997e+00 1.91999996e+00
    1.88300002e+00 1.88300002e+00 1.88300002e+00 1.88300002e+00
    1.88300002e+00 1.88300002e+00 1.88300002e+00 0. 0. 0. 0. 0. 0. 0. 0.
    0. 0. 0. 0. 2.19700003e+00 2.19700003e+00 2.19700003e+00
    2.19700003e+00 2.12500000e+00 2.02500010e+00 1.93900001e+00
    1.90900004e+00 1.87899995e+00 1.86899996e+00 1.86899996e+00
    1.86899996e+00 1.86899996e+00 1.86899996e+00 1.86899996e+00
    1.86899996e+00 1.87399995e+00 1.91100001e+00 1.94799995e+00
    1.94000006e+00 1.90199995e+00 1.86899996e+00 1.86899996e+00
    1.86899996e+00 1.86899996e+00 1.86899996e+00 1.86899996e+00
    1.86899996e+00 0. 0. 0. 0. 0. 0. 0. 0. 0. 0. 0. 0. 2.08699989e+00
    2.08699989e+00 2.08699989e+00 2.08699989e+00 2.07699990e+00
    2.06299996e+00 2.03699994e+00 1.96399999e+00 1.89199996e+00
    1.86899996e+00 1.86899996e+00 1.86899996e+00 1.86899996e+00
    1.86899996e+00 1.86899996e+00 1.86899996e+00 1.87100005e+00
    1.88800001e+00 1.90400004e+00 1.89999998e+00 1.88399994e+00
    1.86899996e+00 1.86899996e+00 1.86899996e+00 1.86899996e+00
    1.86899996e+00 1.86899996e+00 1.86899996e+00 0. 0. 0. 0. 0. 0. 0. 0.
    0. 0. 0. 0. 1.98899996e+00 1.98899996e+00 1.98899996e+00
    1.98899996e+00 2.02500010e+00 2.07500005e+00 2.09500003e+00
    2.00200009e+00 1.90900004e+00 1.88000000e+00 1.88000000e+00
    1.88000000e+00 1.88000000e+00 1.88000000e+00 1.87699997e+00
    1.87300003e+00 1.86899996e+00 1.86899996e+00 1.86899996e+00
    1.86899996e+00 1.86899996e+00 1.86899996e+00 1.86899996e+00
    1.86899996e+00 1.86899996e+00 1.86899996e+00 1.86899996e+00
    1.86899996e+00 0. 0. 0. 0. 0. 0. 0. 0. 0. 0. 0. 0. 1.93700004e+00
    1.93700004e+00 1.93700004e+00 1.93700004e+00 1.95799994e+00
    1.98599994e+00 2.00200009e+00 1.97200000e+00 1.94099998e+00
    1.93200004e+00 1.93200004e+00 1.93200004e+00 1.93200004e+00
    1.93200004e+00 1.91499996e+00 1.89100003e+00 1.86899996e+00
    1.86899996e+00 1.86899996e+00 1.86899996e+00 1.86899996e+00
    1.86899996e+00 1.86899996e+00 1.86899996e+00 1.86899996e+00
    1.86899996e+00 1.86899996e+00 1.86899996e+00 0. 0. 0. 0. 0. 0. 0. 0.
    0. 0. 0. 0. 1.88499999e+00 1.88499999e+00 1.88499999e+00
    1.88499999e+00 1.88999999e+00 1.89699996e+00 1.90900004e+00
    1.94099998e+00 1.97399998e+00 1.98399997e+00 1.98399997e+00
    1.98399997e+00 1.98399997e+00 1.98399997e+00 1.95400000e+00
    1.90799999e+00 1.86899996e+00 1.86899996e+00 1.86899996e+00
    1.86899996e+00 1.86899996e+00 1.86899996e+00 1.86899996e+00
    1.86899996e+00 1.86899996e+00 1.86899996e+00 1.86899996e+00
    1.86899996e+00 0. 0. 0. 0. 0. 0. 0. 0. 0. 0. 0. 0. 1.86899996e+00
    1.86899996e+00 1.86899996e+00 1.86899996e+00 1.86899996e+00
    1.86899996e+00 1.88000000e+00 1.93200004e+00 1.98399997e+00 2. 2. 2.
    2. 2. 1.96599996e+00 1.91400003e+00 1.86899996e+00 1.86899996e+00
    1.86899996e+00 1.86899996e+00 1.86899996e+00 1.86899996e+00
    1.86899996e+00 1.86899996e+00 1.86899996e+00 1.86899996e+00
    1.86899996e+00 1.86899996e+00 0. 0. 0. 0. 0. 0. 0. 0. 0. 0. 0. 0.
    1.86899996e+00 1.86899996e+00 1.86899996e+00 1.86899996e+00
    1.86899996e+00 1.86899996e+00 1.88000000e+00 1.93200004e+00
    1.98399997e+00 2. 2. 2. 2. 2. 1.96599996e+00 1.91400003e+00
    1.86899996e+00 1.86899996e+00 1.86899996e+00 1.86899996e+00
    1.86899996e+00 1.86899996e+00 1.86899996e+00 1.86899996e+00
    1.86899996e+00 1.86899996e+00 1.86899996e+00 1.86899996e+00 0. 0. 0.
    0. 0. 0. 0. 0. 0. 0. 0. 0. 1.86899996e+00 1.86899996e+00
    1.86899996e+00 1.86899996e+00 1.87199998e+00 1.87500000e+00
    1.88800001e+00 1.93599999e+00 1.98500001e+00 1.99800003e+00
    1.99399996e+00 1.99100006e+00 1.99100006e+00 1.99100006e+00
    1.96000004e+00 1.91100001e+00 1.86899996e+00 1.86899996e+00
    1.86899996e+00 1.86899996e+00 1.86899996e+00 1.86899996e+00
    1.86899996e+00 1.86899996e+00 1.86899996e+00 1.86899996e+00
    1.86899996e+00 1.86899996e+00 0. 0. 0. 0. 0. 0. 0. 0. 0. 0. 0. 0.
    1.86899996e+00 1.86899996e+00 1.86899996e+00 1.86899996e+00
    1.88600004e+00 1.91100001e+00 1.93599999e+00 1.96300006e+00
    1.99100006e+00 1.98300004e+00 1.95899999e+00 1.93900001e+00
    1.93900001e+00 1.93900001e+00 1.92100000e+00 1.89300001e+00
    1.86899996e+00 1.86899996e+00 1.86899996e+00 1.86899996e+00
    1.86899996e+00 1.86899996e+00 1.86899996e+00 1.86899996e+00
    1.86899996e+00 1.86899996e+00 1.86899996e+00 1.86899996e+00 0. 0. 0.
    0. 0. 0. 0. 0. 0. 0. 0. 0. 1.86899996e+00 1.86899996e+00
    1.86899996e+00 1.86899996e+00 1.90100002e+00 1.94599998e+00
    1.98300004e+00 1.99100006e+00 1.99800003e+00 1.96899998e+00
    1.92400002e+00 1.88699996e+00 1.88699996e+00 1.88699996e+00
    1.88199997e+00 1.87500000e+00 1.86899996e+00 1.86899996e+00
    1.86899996e+00 1.86899996e+00 1.86899996e+00 1.86899996e+00
    1.86899996e+00 1.86899996e+00 1.86899996e+00 1.86899996e+00
    1.86899996e+00 1.86899996e+00 0. 0. 0. 0. 0. 0. 0. 0. 0. 0. 0. 0.
    1.86899996e+00 1.86899996e+00 1.86899996e+00 1.86899996e+00
    1.90699995e+00 1.95899999e+00 2. 2. 2. 1.96399999e+00 1.91199994e+00
    1.86899996e+00 1.86899996e+00 1.86899996e+00 1.86899996e+00
    1.86899996e+00 1.86899996e+00 1.86899996e+00 1.86899996e+00
    1.86899996e+00 1.86899996e+00 1.87000000e+00 1.88399994e+00
    1.89699996e+00 1.91100001e+00 1.92499995e+00 1.93799996e+00
