<?xml version="1.0"?>
<opencv_storage>
<Depth type_id="opencv-matrix">
  <rows>40</rows>
  <cols>40</cols>
  <dt>f</dt>
  <data>
    0. 0. 0. 0. 0. 0. 0. 0. 0. 0. 0. 0. 0. 0. 0. 0. 0. 0. 0. 0. 0. 0. 0.
    0. 0. 0. 0. 0. 0. 0. 0. 0. 0. 0. 0. 0. 0. 0. 0. 0. 0. 0. 0. 0. 0. 0.
    0. 0. 0. 0. 0. 0. 0. 0. 0. 0. 0. 0. 0. 0. 0. 0. 0. 0. 0. 0. 0. 0. 0.
    0. 0. 0. 0. 0. 0. 0. 0. 0. 0. 0. 0. 0. 0. 0. 0. 0. 0. 0. 0. 0. 0. 0.
    0. 0. 0. 0. 0. 0. 0. 0. 0. 0. 0. 0. 0. 0. 0. 0. 0. 0. 0. 0. 0. 0. 0.
    0. 0. 0. 0. 0. 0. 0. 0. 0. 1.03100002e+00 2.28999996e+00
    2.28999996e+00 2.28099990e+00 2.25900006e+00 2.26099992e+00
    2.28900003e+00 2.31800008e+00 2.29800010e+00 2.26999998e+00
    2.25900006e+00 2.73600006e+00 0. 0. 0. 0. 0. 0. 0. 0. 0. 0. 0. 0. 0.
    0. 0. 0. 0. 0. 0. 0. 0. 0. 0. 0. 0. 0. 1.60800004e+00 1.78499997e+00
    2.07900000e+00 2.26399994e+00 2.26399994e+00 2.25500011e+00
    2.23300004e+00 2.23300004e+00 2.23799992e+00 2.26500010e+00
    2.28500009e+00 2.26999998e+00 2.25900006e+00 2.33699989e+00
    2.72300005e+00 0. 0. 0. 0. 0. 0. 0. 0. 0. 0. 0. 0. 0. 0. 0. 0. 0. 0.
    0. 0. 0. 0. 0. 0. 1.90100002e+00 2.28099990e+00 2.33200002e+00
    2.31200004e+00 2.28200006e+00 2.25900006e+00 2.25000000e+00
    2.22799993e+00 2.22799993e+00 2.22799993e+00 2.25500011e+00
    2.26500010e+00 2.26200008e+00 2.24699998e+00 2.23600006e+00
    2.32800007e+00 2.66799998e+00 0. 0. 0. 0. 0. 0. 0. 0. 0. 0. 0. 0. 0.
    0. 0. 0. 0. 0. 0. 0. 0. 0. 0. 2.38899994e+00 2.36100006e+00
    2.33200002e+00 2.32299995e+00 2.29999995e+00 2.26999998e+00
    2.25000000e+00 2.22799993e+00 2.22799993e+00 2.22799993e+00
    2.23799992e+00 2.24000001e+00 2.24000001e+00 2.23399997e+00
    2.22000003e+00 2.20900011e+00 2.28299999e+00 2.62899995e+00 0. 0. 0.
    0. 0. 0. 0. 0. 0. 0. 0. 0. 0. 0. 0. 0. 0. 0. 0. 0. 0. 0.
    2.38899994e+00 2.36100006e+00 2.33200002e+00 2.32299995e+00
    2.30599999e+00 2.27099991e+00 2.23399997e+00 2.21300006e+00
    2.21300006e+00 2.21300006e+00 2.22600007e+00 2.22799993e+00
    2.22799993e+00 2.22799993e+00 2.21499991e+00 2.19799995e+00
    2.19799995e+00 2.24300003e+00 2.67199993e+00 2.67100000e+00 0. 0. 0.
    0. 0. 0. 0. 0. 0. 0. 0. 0. 2.99600005e+00 2.98399997e+00
    2.97799993e+00 2.96099997e+00 2.96099997e+00 0. 0. 0. 2.37500000e+00
    2.35800004e+00 2.33200002e+00 2.32299995e+00 2.30599999e+00
    2.25999999e+00 2.20700002e+00 2.18600011e+00 2.18700004e+00
    2.19799995e+00 2.20300007e+00 2.20400000e+00 2.20400000e+00
    2.21000004e+00 2.20799994e+00 2.19799995e+00 2.19799995e+00
    2.19799995e+00 2.19799995e+00 2.21399999e+00 2.91499996e+00 0. 0. 0.
    0. 0. 0. 0. 0. 0. 0. 2.99600005e+00 2.97600007e+00 2.96600008e+00
    2.95900011e+00 2.93799996e+00 2.93799996e+00 0. 0. 0. 2.35500002e+00
    2.35500002e+00 2.33200002e+00 2.32299995e+00 2.30200005e+00
    2.24799991e+00 2.18700004e+00 2.16000009e+00 2.16199994e+00
    2.19700003e+00 2.17199993e+00 2.16799998e+00 2.16300011e+00
    2.17100000e+00 2.18400002e+00 2.18899989e+00 2.19099998e+00
    2.19700003e+00 2.18899989e+00 2.18899989e+00 2.69400001e+00
    2.80299997e+00 2.91700006e+00 0. 0. 0. 0. 0. 0. 2.98099995e+00
    2.97099996e+00 2.97099996e+00 2.95600009e+00 2.93799996e+00
    2.93799996e+00 2.93600011e+00 2.92499995e+00 0. 0. 0. 2.34899998e+00
    2.34899998e+00 2.32999992e+00 2.31900001e+00 2.28699994e+00
    2.23499990e+00 2.18099999e+00 2.13899994e+00 2.14299989e+00
    2.19099998e+00 2.17600012e+00 2.16499996e+00 2.14400005e+00
    2.13400006e+00 2.14800000e+00 2.16799998e+00 2.17300010e+00
    2.19000006e+00 2.16300011e+00 2.16300011e+00 2.15899992e+00
    2.15700006e+00 2.54099989e+00 2.87299991e+00 2.89199996e+00
    2.92899990e+00 0. 2.97600007e+00 2.97600007e+00 2.94000006e+00
    2.93000007e+00 2.92499995e+00 2.92199993e+00 2.92199993e+00
    2.92199993e+00 2.91700006e+00 2.88499999e+00 0. 0. 0. 2.32299995e+00
    2.32299995e+00 2.32299995e+00 2.30299997e+00 2.27300000e+00
    2.23300004e+00 2.18099999e+00 2.14100003e+00 2.14299989e+00
    2.16700006e+00 2.19199991e+00 2.15300012e+00 2.12100005e+00
    2.10999990e+00 2.13499999e+00 2.17000008e+00 2.17000008e+00
    2.16499996e+00 2.13499999e+00 2.13299990e+00 2.11199999e+00
    2.10599995e+00 2.09200001e+00 2.06900001e+00 2.05299997e+00
    2.24300003e+00 2.91599989e+00 2.93799996e+00 2.93799996e+00
    2.90300012e+00 2.89299989e+00 2.86800003e+00 2.84800005e+00
    2.84599996e+00 2.84599996e+00 2.84599996e+00 2.84599996e+00 0. 0. 0.
    2.32299995e+00 2.32299995e+00 2.32299995e+00 2.30299997e+00
    2.25900006e+00 2.21700001e+00 2.18899989e+00 2.16700006e+00
    2.16700006e+00 2.16799998e+00 2.16899991e+00 2.14700007e+00
    2.12100005e+00 2.10999990e+00 2.14700007e+00 2.19700003e+00
    2.19099998e+00 2.16000009e+00 2.08500004e+00 2.05999994e+00
    2.05599999e+00 2.05599999e+00 2.05500007e+00 2.05500007e+00
    2.04500008e+00 2.03500009e+00 2.15899992e+00 2.93799996e+00
    2.93799996e+00 2.90300012e+00 2.89299989e+00 2.86800003e+00
    2.82999992e+00 2.80800009e+00 2.80800009e+00 2.80800009e+00
    2.80800009e+00 0. 0. 0. 2.32299995e+00 2.32299995e+00 2.32299995e+00
    2.30299997e+00 2.25799990e+00 2.21600008e+00 2.18899989e+00
    2.16799998e+00 2.16799998e+00 2.16799998e+00 2.16799998e+00
    2.16499996e+00 2.16100001e+00 2.13299990e+00 2.10500002e+00
    2.09899998e+00 2.09800005e+00 2.09100008e+00 2.05900002e+00
    2.03399992e+00 2.03099990e+00 2.03099990e+00 2.03099990e+00
    2.03099990e+00 2.02999997e+00 2.02200007e+00 2.01900005e+00
    2.13499999e+00 2.13499999e+00 2.76099992e+00 2.85500002e+00
    2.81500006e+00 2.80900002e+00 2.79299998e+00 2.76999998e+00
    2.76999998e+00 2.76999998e+00 0. 0. 0. 2.32299995e+00 2.32299995e+00
    2.32299995e+00 2.30299997e+00 2.25799990e+00 2.21600008e+00
    2.19600010e+00 2.18600011e+00 2.16799998e+00 2.16799998e+00
    2.16799998e+00 2.16799998e+00 2.14000010e+00 2.11700010e+00
    2.09800005e+00 2.08200002e+00 2.07800007e+00 2.05900002e+00
    2.03399992e+00 2.00999999e+00 2.00699997e+00 2.00699997e+00
    2.00699997e+00 2.00699997e+00 2.00699997e+00 2.00500011e+00
    1.99800003e+00 1.98000002e+00 1.94700003e+00 2.12899995e+00
    2.15700006e+00 2.14700007e+00 2.42000008e+00 2.74000001e+00
    2.74000001e+00 2.76399994e+00 2.76399994e+00 0. 0. 0. 0.
    1.99300003e+00 2.29900002e+00 2.26300001e+00 2.22900009e+00
    2.20499992e+00 2.19199991e+00 2.17700005e+00 2.16799998e+00
    2.16799998e+00 2.16799998e+00 2.16799998e+00 2.13100004e+00
    2.10999990e+00 2.10599995e+00 2.08899999e+00 2.05900002e+00
    2.03399992e+00 2.00999999e+00 1.98699999e+00 1.97099996e+00
    1.96700001e+00 1.96700001e+00 1.96700001e+00 1.95599997e+00
    1.93499994e+00 1.93400002e+00 1.92600000e+00 1.92299998e+00
    1.92299998e+00 1.92299998e+00 1.92299998e+00 2.05599999e+00
    2.21799994e+00 2.35100007e+00 2.73699999e+00 2.73699999e+00 0. 0. 0.
    0. 0. 1.79999995e+00 2.23000002e+00 2.19700003e+00 2.18199992e+00
    2.17799997e+00 2.16799998e+00 2.16799998e+00 2.16799998e+00
    2.18199992e+00 2.17199993e+00 2.13100004e+00 2.10999990e+00
    2.10400009e+00 2.08200002e+00 2.04900002e+00 2.02399993e+00 2.
    1.97700000e+00 1.95400000e+00 1.94799995e+00 1.93400002e+00
    1.91600001e+00 1.90100002e+00 1.88499999e+00 1.88499999e+00
    1.88499999e+00 1.90699995e+00 1.90999997e+00 1.90999997e+00
    1.90999997e+00 1.90999997e+00 1.91400003e+00 2.01600003e+00
    2.36400008e+00 2.70099998e+00 0. 0. 0. 0. 0. 0. 1.69799995e+00
    2.18300009e+00 2.16799998e+00 2.16799998e+00 2.16799998e+00
    2.16799998e+00 2.16799998e+00 2.18300009e+00 2.16300011e+00
    2.12700009e+00 2.10999990e+00 2.09800005e+00 2.07699990e+00
    2.05800009e+00 2.02399993e+00 2. 1.97700000e+00 1.96200001e+00
    1.95200002e+00 1.92100000e+00 1.88699996e+00 1.87300003e+00
    1.87300003e+00 1.87300003e+00 1.87300003e+00 1.89499998e+00
    1.88999999e+00 1.88800001e+00 1.89300001e+00 1.89300001e+00
    1.88800001e+00 1.88999999e+00 1.95200002e+00 2.32200003e+00 0. 0. 0.
