<?xml version="1.0"?>
<opencv_storage>
<Depth type_id="opencv-matrix">
  <rows>40</rows>
  <cols>40</cols>
  <dt>f</dt>
  <data>
    0. 0. 0. 0. 0. 0. 0. 0. 0. 0. 2. 1.99800003e+00 1.99300003e+00
    1.98899996e+00 1.98899996e+00 1.98000002e+00 1.94099998e+00
    1.90799999e+00 1.90799999e+00 1.90799999e+00 1.90799999e+00
    1.90799999e+00 0. 0. 0. 0. 0. 0. 0. 0. 0. 0. 0. 0. 0. 0. 0. 0. 0. 0.
    0. 0. 0. 0. 0. 0. 0. 0. 0. 0. 2. 1.98800004e+00 1.96300006e+00
    1.94599998e+00 1.94599998e+00 1.94099998e+00 1.92299998e+00
    1.90799999e+00 1.90799999e+00 1.90799999e+00 1.90799999e+00
    1.90799999e+00 0. 0. 0. 0. 0. 0. 0. 0. 0. 0. 0. 0. 0. 0. 0. 0. 0. 0.
    0. 0. 0. 0. 0. 0. 0. 0. 0. 0. 2. 1.98000002e+00 1.93700004e+00
    1.90799999e+00 1.90799999e+00 1.90900004e+00 1.91199994e+00
    1.91400003e+00 1.91400003e+00 1.91400003e+00 1.91400003e+00
    1.91400003e+00 1.95200002e+00 1.99300003e+00 0. 0. 0. 0. 0. 0. 0. 0.
    0. 0. 0. 0. 0. 0. 0. 0. 0. 0. 0. 0. 0. 0. 0. 0. 0. 0. 2.
    1.98000002e+00 1.93700004e+00 1.90799999e+00 1.90799999e+00
    1.91400003e+00 1.93700004e+00 1.95799994e+00 1.95799994e+00
    1.95799994e+00 1.95799994e+00 1.95799994e+00 1.97700000e+00
    1.99699998e+00 0. 0. 0. 0. 0. 0. 0. 0. 0. 0. 0. 0. 0. 0. 0. 0. 0. 0.
    0. 0. 0. 0. 0. 0. 0. 0. 2. 1.98099995e+00 1.93799996e+00
    1.90999997e+00 1.90999997e+00 1.91999996e+00 1.96300006e+00 2. 2. 2.
    2. 2. 2. 2. 0. 0. 0. 0. 0. 0. 0. 0. 0. 0. 0. 0. 0. 0. 0. 0. 0. 0. 0.
    0. 0. 0. 0. 0. 0. 0. 2. 1.99000001e+00 1.96800005e+00 1.95299995e+00
    1.95299995e+00 1.95899999e+00 1.98099995e+00 2. 2. 2. 2. 2. 2. 2. 0.
    0. 0. 0. 0. 0. 0. 0. 0. 0. 0. 0. 0. 0. 0. 0. 0. 0. 0. 0. 0. 0. 0. 0.
    0. 0. 2. 1.99899995e+00 1.99800003e+00 1.99699998e+00 1.99699998e+00
    1.99699998e+00 1.99899995e+00 2. 2. 2. 2. 2. 2. 2. 0. 0. 0. 0. 0. 0.
    0. 0. 0. 0. 0. 0. 0. 0. 0. 0. 0. 0. 0. 0. 0. 0. 0. 0. 0. 0.
    2.04200006e+00 2.03299999e+00 2.01300001e+00 2. 2. 2. 2. 2. 2. 2. 2.
    2. 2. 2. 0. 0. 0. 0. 0. 0. 0. 0. 0. 0. 0. 0. 0. 0. 0. 0. 0. 0. 0. 0.
    0. 0. 0. 0. 0. 0. 2.08599997e+00 2.06800008e+00 2.02699995e+00 2. 2.
    2. 2. 2. 2. 2. 2. 2. 2. 2. 0. 0. 0. 0. 0. 0. 0. 0. 0. 0. 0. 0. 0. 0.
    0. 0. 0. 0. 0. 0. 0. 0. 0. 0. 0. 0. 2.09400010e+00 2.07399988e+00
    2.02900004e+00 2. 2. 2. 2. 2. 2. 2. 2. 2. 2. 2. 0. 0. 0. 0. 0. 0. 0.
    0. 0. 0. 0. 0. 0. 0. 0. 0. 0. 0. 0. 0. 0. 0. 0. 0. 0. 0.
    2.09400010e+00 2.07399988e+00 2.02900004e+00 2. 2. 2. 2. 2. 2. 2. 2.
    2. 2. 2. 0. 0. 0. 0. 0. 0. 0. 0. 0. 0. 0. 0. 0. 0. 0. 0. 0. 0. 0. 0.
    0. 0. 0. 0. 0. 0. 2.09400010e+00 2.07399988e+00 2.02900004e+00 2. 2.
    2. 2. 2. 2. 2. 2. 2. 2. 2. 0. 0. 0. 0. 0. 0. 0. 0. 0. 0. 0. 0. 0. 0.
    0. 0. 0. 0. 0. 0. 0. 0. 0. 0. 0. 0. 2.09400010e+00 2.07399988e+00
    2.02900004e+00 2. 2. 2. 2. 2. 2. 2. 2. 2. 2. 2. 0. 0. 0. 0. 0. 0. 0.
    0. 0. 0. 0. 0. 0. 0. 0. 0. 0. 0. 0. 0. 0. 0. 0. 0. 0. 0.
    2.12299991e+00 2.10299993e+00 2.05800009e+00 2.02300000e+00
    2.00999999e+00 2. 2. 2. 2. 2. 2. 2. 2.01200008e+00 2.02600002e+00 0.
    0. 0. 0. 0. 0. 0. 0. 0. 0. 0. 0. 0. 0. 0. 0. 0. 0. 0. 0. 0. 0. 0. 0.
    0. 0. 2.17000008e+00 2.14899993e+00 2.10299993e+00 2.06100011e+00
    2.02600002e+00 2. 2. 2. 2. 2. 2. 2. 2.03200006e+00 2.06699991e+00 0.
    0. 0. 0. 0. 0. 0. 0. 0. 0. 0. 0. 0. 0. 0. 0. 0. 0. 0. 0. 0. 0. 0. 0.
    0. 0. 2.19199991e+00 2.17100000e+00 2.12400007e+00 2.07900000e+00
    2.03399992e+00 2. 2. 2. 2. 2. 2. 2. 2.03099990e+00 2.06500006e+00 0.
    0. 0. 0. 0. 0. 0. 0. 0. 0. 0. 0. 0. 0. 0. 0. 0. 0. 0. 0. 0. 0. 0. 0.
    0. 0. 2.19199991e+00 2.17100000e+00 2.12400007e+00 2.07900000e+00
    2.03399992e+00 2. 2. 2. 2. 2. 2. 2. 2.01200008e+00 2.02399993e+00
    1.42700005e+00 0. 0. 0. 0. 0. 0. 0. 0. 0. 0. 0. 0. 0. 0. 0. 0. 0. 0.
    0. 0. 0. 0. 0. 0. 0. 2.37599993e+00 2.31599998e+00 2.18199992e+00
    2.07900000e+00 2.03399992e+00 2. 2. 2. 2. 2. 2. 2. 2. 2.
    2.03699994e+00 2.08200002e+00 0. 0. 0. 0. 0. 0. 0. 0. 0. 0. 0. 0. 0.
    0. 0. 0. 0. 0. 0. 0. 0. 0. 0. 0. 2.81399989e+00 2.66000009e+00
    2.31800008e+00 2.07900000e+00 2.03399992e+00 2. 2. 2. 2. 2. 2. 2. 2.
    2. 2.03699994e+00 2.08200002e+00 1.47200000e+00 0. 0. 0. 0. 0. 0. 0.
    0. 0. 0. 0. 0. 0. 0. 0. 0. 0. 0. 0. 0. 0. 0. 0. 0. 2.91199994e+00
    2.41700006e+00 2.08100009e+00 2.04299998e+00 2.01300001e+00
    2.00600004e+00 2. 2. 2. 2. 2. 2. 2. 2.03699994e+00 2.08200002e+00
    2.12800002e+00 2.17499995e+00 2.19199991e+00 0. 0. 0. 0. 0. 0. 0. 0.
    0. 0. 0. 0. 0. 0. 0. 0. 0. 0. 0. 0. 0. 0. 2.96300006e+00
    2.43799996e+00 2.08800006e+00 2.07200003e+00 2.05200005e+00
    2.02399993e+00 2. 2. 2. 2. 2. 2. 2. 2.03699994e+00 2.08200002e+00
    2.12800002e+00 2.17499995e+00 2.19199991e+00 0. 0. 0. 0. 0. 0. 0. 0.
    0. 0. 0. 0. 0. 0. 0. 0. 0. 0. 0. 0. 0. 0. 2.99799991e+00
    2.47000003e+00 2.11999989e+00 2.10500002e+00 2.08299994e+00
    2.03800011e+00 2. 2. 2. 2. 2. 2. 2. 2.03299999e+00 2.07399988e+00
    2.11500001e+00 2.15700006e+00 2.17199993e+00 0. 0. 0. 0. 0. 0. 0. 0.
    0. 0. 0. 0. 0. 0. 0. 0. 0. 0. 0. 0. 0. 0. 2.97799993e+00
    2.54999995e+00 2.24099994e+00 2.15700006e+00 2.08299994e+00
    2.03800011e+00 2. 2. 2. 2. 2. 2. 2. 2.01600003e+00 2.03500009e+00
    2.05399990e+00 2.07399988e+00 2.08100009e+00 0. 0. 0. 0. 0. 0. 0. 0.
    0. 0. 0. 0. 0. 0. 0. 0. 0. 0. 0. 0. 0. 0. 2.96000004e+00
    2.61999989e+00 2.34999990e+00 2.21000004e+00 2.09400010e+00
    2.04900002e+00 2.00999999e+00 2.00699997e+00 2.00500011e+00
    2.00300002e+00 2. 2. 2. 2. 2. 2. 2. 2. 0. 0. 0. 0. 0. 0. 0. 0. 0. 0.
    0. 0. 0. 0. 0. 0. 0. 0. 0. 0. 0. 0. 2.96000004e+00 2.61999989e+00
    2.36500001e+00 2.27099991e+00 2.18799996e+00 2.14100003e+00
    2.09800005e+00 2.07299995e+00 2.04900002e+00 2.02500010e+00
    2.00200009e+00 2. 2. 2. 2. 2. 2. 2. 0. 0. 0. 0. 0. 0. 0. 0. 0. 0. 0.
    0. 0. 0. 0. 0. 0. 0. 0. 0. 0. 0. 2.96000004e+00 2.61999989e+00
    2.38100004e+00 2.33100009e+00 2.28099990e+00 2.23300004e+00
    2.18600011e+00 2.13899994e+00 2.09299994e+00 2.04800010e+00
    2.00399995e+00 2.00099993e+00 2. 2. 2. 2. 2. 2. 0. 0. 0. 0. 0. 0. 0.
    0. 0. 0. 0. 0. 0. 0. 0. 0. 0. 0. 0. 0. 0. 0. 2.96000004e+00
    2.61999989e+00 2.38100004e+00 2.33100009e+00 2.28099990e+00
    2.23300004e+00 2.18899989e+00 2.16400003e+00 2.14000010e+00
    2.11700010e+00 2.09400010e+00 2.07100010e+00 2.04900002e+00
    2.02699995e+00 2.00600004e+00 2. 2. 2. 0. 0. 0. 0. 0. 0. 0. 0. 0. 0.
    0. 0. 0. 0. 0. 0. 0. 0. 0. 0. 0. 0. 2.96000004e+00 2.61999989e+00
    2.38100004e+00 2.33100009e+00 2.28099990e+00 2.23300004e+00
    2.19199991e+00 2.19000006e+00 2.18700004e+00 2.18499994e+00
    2.18300009e+00 2.14199996e+00 2.09699988e+00 2.05399990e+00
    2.01200008e+00 2. 2. 2. 0. 0. 0. 0. 0. 0. 0. 0. 0. 0. 0. 0. 0. 0. 0.
    0. 0. 0. 0. 0. 0. 0. 2.97000003e+00 2.65199995e+00 2.42700005e+00
    2.37599993e+00 2.32599998e+00 2.27699995e+00 2.23300004e+00
    2.21199989e+00 2.19199991e+00 2.19199991e+00 2.19199991e+00
    2.14800000e+00 2.10200000e+00 2.05699992e+00 2.01200008e+00 2. 2. 2.
    0. 0. 0. 0. 0. 0. 0. 0. 0. 0. 0. 0. 0. 0. 0. 0. 0. 0. 0. 0. 0. 0.
    2.98099995e+00 2.68799996e+00 2.47799993e+00 2.42700005e+00
    2.37599993e+00 2.32599998e+00 2.27699995e+00 2.23399997e+00
    2.19199991e+00 2.19199991e+00 2.19199991e+00 2.14800000e+00
    2.10200000e+00 2.05699992e+00 2.01200008e+00 2. 2. 2. 0. 0. 0. 0. 0.
    0. 0. 0. 0. 0. 0. 0. 0. 0. 0. 0. 0. 0. 0. 0. 0. 0. 0. 2.78699994e+00
    2.59999990e+00 2.48499990e+00 2.38599992e+00 2.33599997e+00
    2.28600001e+00 2.23799992e+00 2.19199991e+00 2.19199991e+00
    2.19199991e+00 2.16499996e+00 2.13599992e+00 2.07900000e+00
    2.01699996e+00 2. 2. 2. 0. 0. 0. 0. 0. 0. 0. 0. 0. 0. 0. 0. 0. 0. 0.
    0. 0. 0. 0. 0. 0. 0. 0. 2.90199995e+00 2.74000001e+00 2.54500008e+00
    2.38599992e+00 2.33599997e+00 2.28600001e+00 2.23799992e+00
    2.19199991e+00 2.19199991e+00 2.19199991e+00 2.18600011e+00
    2.17899990e+00 2.10800004e+00 2.02300000e+00 2. 2. 2. 0. 0. 0. 0. 0.
    0. 0. 0. 0. 0. 0. 0. 0. 0. 0. 0. 0. 0. 0. 0. 0. 0. 0. 2.97900009e+00
