<?xml version="1.0"?>
<opencv_storage>
<Depth type_id="opencv-matrix">
  <rows>40</rows>
  <cols>40</cols>
  <dt>f</dt>
  <data>
    0. 0. 0. 0. 0. 0. 0. 0. 0. 0. 0. 0. 0. 0. 0. 0. 0. 0. 0. 0. 0. 0. 0.
    0. 0. 0. 0. 0. 0. 0. 0. 0. 0. 0. 0. 0. 0. 0. 0. 0. 0. 0. 0. 0. 0. 0.
    0. 0. 0. 0. 0. 0. 0. 0. 0. 0. 0. 0. 0. 0. 0. 0. 0. 0. 0. 0. 0. 0. 0.
    0. 0. 0. 0. 0. 0. 0. 0. 0. 0. 0. 0. 0. 0. 0. 0. 0. 0. 0. 0. 0. 0. 0.
    0. 0. 0. 0. 0. 0. 0. 0. 0. 0. 0. 0. 0. 0. 0. 0. 0. 0. 0. 0. 0. 0. 0.
    0. 0. 0. 0. 0. 0. 0. 0. 0. 0. 0. 0. 0. 0. 0. 0. 0. 0. 0. 0. 0. 0. 0.
    0. 0. 0. 0. 0. 0. 0. 0. 0. 0. 0. 0. 0. 0. 0. 0. 0. 0. 0. 0. 0. 0. 0.
    0. 0. 0. 0. 0. 0. 0. 0. 0. 0. 0. 0. 0. 0. 0. 0. 0. 0. 0. 0. 0. 0. 0.
    0. 0. 0. 0. 0. 0. 0. 0. 0. 0. 0. 0. 0. 0. 0. 0. 0. 0. 0. 0. 0. 0. 0.
    0. 0. 0. 0. 0. 0. 0. 0. 0. 0. 0. 0. 0. 0. 0. 0. 0. 0. 0. 0. 0. 0. 0.
    0. 0. 0. 0. 0. 0. 0. 0. 0. 0. 0. 0. 0. 0. 0. 0. 0. 0. 0. 0. 0. 0. 0.
    0. 0. 0. 0. 0. 0. 0. 0. 0. 0. 0. 0. 0. 0. 0. 0. 0. 0. 0. 0. 0. 0. 0.
    0. 0. 0. 0. 0. 0. 0. 0. 0. 0. 0. 0. 0. 0. 0. 0. 0. 0. 0. 0. 0. 0. 0.
    0. 0. 0. 0. 0. 0. 0. 0. 0. 0. 0. 0. 0. 0. 0. 0. 0. 0. 0. 0. 0. 0. 0.
    0. 0. 0. 0. 0. 0. 0. 0. 0. 0. 0. 0. 0. 0. 0. 0. 0. 0. 0. 0. 0. 0. 0.
    0. 0. 0. 0. 0. 0. 0. 0. 0. 0. 0. 0. 0. 0. 0. 0. 0. 0. 0. 0. 0. 0. 0.
    0. 0. 0. 0. 0. 0. 0. 0. 0. 0. 0. 0. 0. 0. 0. 0. 0. 0. 0. 0. 0. 0. 0.
    0. 0. 0. 0. 0. 0. 0. 0. 0. 0. 0. 0. 0. 0. 0. 0. 0. 0. 0. 0. 0. 0. 0.
    0. 0. 0. 0. 0. 0. 0. 0. 0. 0. 0. 0. 0. 0. 0. 0. 0. 0. 0. 0. 0. 0. 0.
    0. 0. 0. 0. 0. 0. 0. 0. 0. 0. 0. 0. 0. 0. 0. 0. 0. 0. 0. 0. 0. 0. 0.
    0. 0. 0. 0. 0. 0. 0. 0. 0. 0. 0. 0. 0. 0. 0. 0. 0. 0. 0. 0. 0. 0. 0.
    0. 0. 0. 0. 0. 0. 0. 0. 0. 0. 0. 0. 0. 0. 0. 0. 0. 0. 0. 0. 0. 0. 0.
    0. 0. 0. 0. 0. 0. 0. 0. 0. 0. 0. 0. 0. 0. 2.19199991e+00
    2.19199991e+00 2.19199991e+00 2.19199991e+00 2.19199991e+00
    2.15300012e+00 2.10700011e+00 2.06100011e+00 2.01699996e+00 2. 2. 2.
    2. 2. 2. 2. 2. 2. 2. 2. 2. 2. 2.04500008e+00 2.08999991e+00
    2.09400010e+00 2.09400010e+00 2.09400010e+00 2.09400010e+00
    2.12700009e+00 2.17300010e+00 2.16400003e+00 2.11800003e+00
    2.09400010e+00 2.09400010e+00 2.07699990e+00 2.03200006e+00 2. 2. 2.
    2. 2.19199991e+00 2.19199991e+00 2.19199991e+00 2.19199991e+00
    2.19199991e+00 2.15300012e+00 2.10700011e+00 2.06100011e+00
    2.01699996e+00 2. 2. 2. 2. 2. 2. 2. 2. 2. 2. 2. 2. 2. 2.04500008e+00
    2.08999991e+00 2.09400010e+00 2.09400010e+00 2.09400010e+00
    2.09400010e+00 2.11999989e+00 2.15599990e+00 2.14899993e+00
    2.11299992e+00 2.09400010e+00 2.09400010e+00 2.07699990e+00
    2.03200006e+00 2. 2. 2. 2. 2.19199991e+00 2.19199991e+00
    2.19199991e+00 2.19199991e+00 2.19199991e+00 2.15300012e+00
    2.10700011e+00 2.06100011e+00 2.01699996e+00 2. 2. 2. 2. 2. 2. 2. 2.
    2. 2. 2. 2. 2. 2.04500008e+00 2.08999991e+00 2.09400010e+00
    2.09400010e+00 2.09400010e+00 2.09400010e+00 2.10400009e+00
    2.11899996e+00 2.11599994e+00 2.10100007e+00 2.09400010e+00
    2.09400010e+00 2.07699990e+00 2.03200006e+00 2. 2. 2. 2.
    2.19199991e+00 2.19199991e+00 2.19199991e+00 2.19199991e+00
    2.19199991e+00 2.16000009e+00 2.12100005e+00 2.07699990e+00
    2.03200006e+00 2.01500010e+00 2.01500010e+00 2.01200008e+00
    2.00399995e+00 2. 2. 2. 2. 2. 2. 2. 2. 2. 2.04500008e+00
    2.08999991e+00 2.09400010e+00 2.09400010e+00 2.09400010e+00
    2.09400010e+00 2.09400010e+00 2.09400010e+00 2.09400010e+00
    2.09400010e+00 2.09400010e+00 2.09400010e+00 2.07699990e+00
    2.03200006e+00 2. 2. 2. 2. 2.19199991e+00 2.19199991e+00
    2.19199991e+00 2.19199991e+00 2.19199991e+00 2.17799997e+00
    2.16100001e+00 2.12299991e+00 2.07699990e+00 2.05999994e+00
    2.05999994e+00 2.04500008e+00 2.01699996e+00 2. 2. 2. 2. 2. 2. 2. 2.
    2. 2.04500008e+00 2.08999991e+00 2.09400010e+00 2.09400010e+00
    2.09400010e+00 2.09400010e+00 2.09400010e+00 2.09400010e+00
    2.09400010e+00 2.09400010e+00 2.09400010e+00 2.09400010e+00
    2.07699990e+00 2.03200006e+00 2. 2. 2. 2. 2.19199991e+00
    2.19199991e+00 2.19199991e+00 2.19199991e+00 2.19199991e+00
    2.19199991e+00 2.19199991e+00 2.16199994e+00 2.12100005e+00
    2.10500002e+00 2.10500002e+00 2.07900000e+00 2.02900004e+00 2. 2. 2.
    2. 2. 2. 2. 2. 2. 2.03999996e+00 2.07900000e+00 2.08299994e+00
    2.08299994e+00 2.08299994e+00 2.08299994e+00 2.08299994e+00
    2.08299994e+00 2.08299994e+00 2.08299994e+00 2.08299994e+00
    2.08299994e+00 2.06800008e+00 2.02800012e+00 2. 2. 2. 2.
    2.19199991e+00 2.19199991e+00 2.19199991e+00 2.19199991e+00
    2.19199991e+00 2.19199991e+00 2.19199991e+00 2.17799997e+00
    2.15899992e+00 2.15199995e+00 2.15199995e+00 2.11400008e+00
    2.04200006e+00 2. 2. 2. 2. 2. 2. 2. 2. 2. 2.01799989e+00
    2.03699994e+00 2.03800011e+00 2.03800011e+00 2.03800011e+00
    2.03800011e+00 2.03800011e+00 2.03800011e+00 2.03800011e+00
    2.03800011e+00 2.03800011e+00 2.03800011e+00 2.03099990e+00
    2.01300001e+00 2. 2. 2. 2. 2.19199991e+00 2.18899989e+00
    2.18600011e+00 2.18499994e+00 2.18499994e+00 2.18799996e+00
    2.19099998e+00 2.19400001e+00 2.19799995e+00 2.19700003e+00
    2.19400001e+00 2.14400005e+00 2.05299997e+00 2. 2. 2. 2. 2. 2. 2. 2.
    2. 2. 2. 2. 2. 2. 2. 2. 2. 2. 2. 1.99899995e+00 1.99600005e+00
    1.99399996e+00 1.99399996e+00 1.99300003e+00 1.99000001e+00
    1.98800004e+00 1.98800004e+00 2.19099998e+00 2.16599989e+00
    2.14100003e+00 2.13899994e+00 2.13899994e+00 2.16000009e+00
    2.18499994e+00 2.21099997e+00 2.23699999e+00 2.23000002e+00
    2.20400000e+00 2.14400005e+00 2.05299997e+00 2. 2. 2. 2. 2. 2. 2. 2.
    2. 2. 2. 2. 2. 2. 2. 2. 2. 2. 2. 1.98800004e+00 1.96500003e+00
    1.95000005e+00 1.95000005e+00 1.94400001e+00 1.92100000e+00
    1.90199995e+00 1.90199995e+00 2.19000006e+00 2.14400005e+00
    2.09699988e+00 2.09400010e+00 2.09400010e+00 2.13299990e+00
    2.17899990e+00 2.22600007e+00 2.27399993e+00 2.26200008e+00
    2.21499991e+00 2.14499998e+00 2.05399990e+00 2.00200009e+00
    2.00200009e+00 2.00099993e+00 2.00099993e+00 2. 2. 2. 2.00099993e+00
    2.00200009e+00 2.00200009e+00 2.00200009e+00 2.00099993e+00 2. 2. 2.
    1.96700001e+00 1.91999996e+00 1.90100002e+00 1.90100002e+00
    1.90300000e+00 1.90600002e+00 1.90799999e+00 1.90799999e+00
    1.89600003e+00 1.85399997e+00 1.82000005e+00 1.82000005e+00
    2.19000006e+00 2.14400005e+00 2.09699988e+00 2.09400010e+00
    2.09400010e+00 2.13299990e+00 2.17899990e+00 2.21000004e+00
    2.23399997e+00 2.22799993e+00 2.20400000e+00 2.15599990e+00
    2.08699989e+00 2.04600000e+00 2.04600000e+00 2.03900003e+00
    2.01699996e+00 2. 2. 2.00200009e+00 2.02399993e+00 2.04600000e+00
    2.04600000e+00 2.04600000e+00 2.02600002e+00 2.00399995e+00 2. 2.
    1.07500005e+00 0. 0. 0. 0. 1.12800002e+00 1.90799999e+00
    1.90799999e+00 1.89600003e+00 1.85399997e+00 1.82000005e+00
    1.82000005e+00 2.19000006e+00 2.14400005e+00 2.09699988e+00
    2.09400010e+00 2.09400010e+00 2.13299990e+00 2.17899990e+00
    2.19300008e+00 2.19499993e+00 2.19400001e+00 2.19300008e+00
    2.16700006e+00 2.11899996e+00 2.09100008e+00 2.09100008e+00
    2.07699990e+00 2.03399992e+00 2. 2. 2.00500011e+00 2.04800010e+00
    2.09100008e+00 2.09100008e+00 2.09100008e+00 2.05200005e+00
    2.00900006e+00 2. 2. 0. 0. 0. 0. 0. 0. 1.90799999e+00 1.90799999e+00
    1.89600003e+00 1.85399997e+00 1.82000005e+00 1.82000005e+00
    2.19000006e+00 2.14400005e+00 2.09699988e+00 2.09400010e+00
    2.09400010e+00 2.13299990e+00 2.17899990e+00 2.19199991e+00
    2.19199991e+00 2.19199991e+00 2.19199991e+00 2.16799998e+00
    2.12100005e+00 2.09400010e+00 2.09400010e+00 2.07999992e+00
    2.03500009e+00 2. 2. 2.00500011e+00 2.04999995e+00 2.09400010e+00
    2.09400010e+00 2.09400010e+00 2.05399990e+00 2.00900006e+00 2. 2. 0.
    0. 0. 0. 0. 0. 1.90799999e+00 1.90799999e+00 1.89600003e+00
    1.85399997e+00 1.82000005e+00 1.82000005e+00 0. 0. 0. 0. 0. 0. 0. 0.
    0. 0. 0. 0. 0. 0. 0. 0. 0. 0. 0. 0. 0. 0. 0. 0. 0. 0. 0. 0. 0. 0. 0.
