<?xml version="1.0"?>
<opencv_storage>
<Depth type_id="opencv-matrix">
  <rows>40</rows>
  <cols>40</cols>
  <dt>f</dt>
  <data>
    0. 0. 0. 0. 0. 0. 0. 0. 0. 0. 0. 0. 0. 0. 0. 0. 0. 0. 0. 0. 0. 0. 0.
    0. 0. 0. 0. 0. 0. 0. 0. 0. 0. 0. 0. 0. 0. 0. 0. 0. 0. 0. 0. 0. 0. 0.
    0. 0. 0. 0. 1.99100006e+00 1.99000001e+00 1.98300004e+00
    1.98300004e+00 1.98300004e+00 1.99800003e+00 2.00799990e+00
    2.00399995e+00 2.49200010e+00 0. 0. 0. 0. 0. 0. 0. 0. 0. 0. 0. 0. 0.
    0. 0. 0. 0. 0. 0. 0. 0. 0. 0. 0. 0. 0. 0. 0. 0. 0. 1.98500001e+00
    1.98500001e+00 1.98399997e+00 1.98300004e+00 1.98300004e+00
    1.98300004e+00 1.98800004e+00 1.99399996e+00 2. 1.99100006e+00
    1.99600005e+00 2.64199996e+00 2.64199996e+00 2.64000010e+00
    2.63499999e+00 0. 0. 0. 0. 0. 0. 0. 0. 0. 0. 0. 0. 0. 0. 0. 0. 0. 0.
    0. 0. 0. 0. 0. 0. 0. 1.98300004e+00 1.98300004e+00 1.98300004e+00
    1.98599994e+00 1.98599994e+00 1.98599994e+00 1.98899996e+00
    1.99500000e+00 2. 2. 2. 2. 2. 2. 2. 2.00900006e+00 2.00900006e+00 0.
    2.01799989e+00 2.01799989e+00 0. 0. 0. 0. 0. 0. 0. 0. 0. 0. 0. 0. 0.
    0. 0. 0. 0. 0. 0. 2.36800003e+00 1.98699999e+00 1.98300004e+00
    1.98300004e+00 1.99100006e+00 1.99100006e+00 1.99199998e+00
    1.99899995e+00 2. 2. 2. 2. 2. 2. 2. 2.00699997e+00 2.00900006e+00
    2.00900006e+00 2.00900006e+00 2.01799989e+00 2.01799989e+00
    2.01799989e+00 2.01799989e+00 2.08899999e+00 2.46499991e+00 0. 0. 0.
    0. 0. 0. 0. 0. 0. 0. 0. 0. 0. 0. 0. 2.36599994e+00 1.98800004e+00
    1.98800004e+00 1.98800004e+00 1.99100006e+00 1.99100006e+00
    1.99600005e+00 1.99600005e+00 1.99600005e+00 1.99100006e+00
    1.99600005e+00 1.99600005e+00 2. 2. 2. 2. 2.00900006e+00
    2.00900006e+00 2.00900006e+00 2.01799989e+00 2.01799989e+00
    2.01799989e+00 2.01799989e+00 2.01799989e+00 2.01799989e+00
    2.01799989e+00 0. 0. 0. 0. 0. 0. 0. 0. 0. 0. 0. 0. 0. 0.
    2.35400009e+00 1.97500002e+00 1.98199999e+00 1.98300004e+00
    1.99100006e+00 1.99100006e+00 1.99100006e+00 1.99100006e+00
    1.99100006e+00 1.99100006e+00 1.99100006e+00 1.99100006e+00 2. 2. 2.
    2. 2.00900006e+00 2.00900006e+00 2.00900006e+00 2.01799989e+00
    2.01799989e+00 2.01799989e+00 2.01799989e+00 2.01799989e+00
    2.01799989e+00 2.01799989e+00 0. 0. 0. 0. 0. 0. 0. 0. 0. 0. 0. 0. 0.
    0. 2.35700011e+00 1.97800004e+00 1.98599994e+00 1.98899996e+00
    1.99100006e+00 1.99100006e+00 1.99100006e+00 1.99100006e+00
    1.99199998e+00 2. 2. 2. 2. 2.00300002e+00 2. 2. 2.00399995e+00
    2.00900006e+00 2.00900006e+00 2.01799989e+00 2.01799989e+00
    2.01799989e+00 2.01799989e+00 2.01799989e+00 2.01799989e+00
    2.01900005e+00 0. 0. 0. 0. 0. 0. 0. 0. 0. 0. 0. 0. 0. 0.
    2.36800003e+00 1.98300004e+00 1.99100006e+00 1.99100006e+00
    1.99100006e+00 1.99100006e+00 1.99100006e+00 1.99699998e+00 2. 2.
    2.00200009e+00 2.00900006e+00 2. 2. 2. 2. 2.00399995e+00
    2.00900006e+00 2.00900006e+00 2.01799989e+00 2.01799989e+00
    2.01799989e+00 2.01799989e+00 2.01799989e+00 2.01799989e+00
    2.01799989e+00 0. 0. 0. 0. 0. 0. 0. 0. 0. 0. 0. 0. 0. 0.
    2.33699989e+00 1.99100006e+00 1.99100006e+00 1.99100006e+00
    1.98300004e+00 1.98699999e+00 1.99199998e+00 2. 1.99899995e+00
    1.99500000e+00 1.99600005e+00 2.00300002e+00 2. 2. 1.99500000e+00
    1.99500000e+00 1.99699998e+00 2.00900006e+00 2.00900006e+00
    2.01799989e+00 2.01799989e+00 2.01799989e+00 2.01799989e+00
    2.01799989e+00 2.01799989e+00 2.01799989e+00 0. 0. 0. 0. 0. 0. 0. 0.
    0. 0. 0. 0. 0. 0. 1.99100006e+00 1.99100006e+00 1.99100006e+00
    1.99100006e+00 1.98300004e+00 1.98699999e+00 1.99199998e+00 2.
    1.99899995e+00 1.99100006e+00 1.99100006e+00 1.99800003e+00
    2.00300002e+00 2.00200009e+00 1.99199998e+00 1.99199998e+00
    1.99500000e+00 2.00900006e+00 2.00900006e+00 2.01799989e+00
    2.01799989e+00 2.01799989e+00 2.01799989e+00 2.01799989e+00
    2.01799989e+00 2.08100009e+00 0. 0. 0. 0. 0. 0. 0. 0. 0. 0. 0. 0. 0.
    0. 1.99100006e+00 1.99100006e+00 1.99100006e+00 1.99600005e+00
    1.98800004e+00 1.99000001e+00 1.99199998e+00 2. 1.99899995e+00
    1.99100006e+00 1.99600005e+00 1.99899995e+00 2.00600004e+00
    2.00200009e+00 2. 2. 2. 2.00900006e+00 2.00900006e+00 2.01799989e+00
    2.01799989e+00 2.01799989e+00 2.01799989e+00 2.01799989e+00
    2.01799989e+00 2.82999992e+00 0. 0. 0. 0. 0. 0. 0. 0. 0. 0. 0. 0. 0.
    1.99100006e+00 1.99100006e+00 1.99500000e+00 1.99000001e+00
    1.99100006e+00 1.99100006e+00 1.99100006e+00 1.99199998e+00 2. 2. 2.
    2. 2. 2.00799990e+00 2.00099993e+00 2. 2. 2.00900006e+00
    2.00900006e+00 2.00900006e+00 2.01799989e+00 2.01799989e+00
    2.01799989e+00 2.01799989e+00 2.01799989e+00 2.01799989e+00
    2.82299995e+00 0. 0. 0. 0. 0. 0. 0. 0. 0. 0. 0. 0. 0. 1.99100006e+00
    1.99100006e+00 1.98800004e+00 1.98300004e+00 1.99100006e+00
    1.99699998e+00 1.99399996e+00 1.99100006e+00 1.99399996e+00
    1.99500000e+00 2. 2. 2. 2. 2. 2.00600004e+00 2.00600004e+00
    2.00900006e+00 2.00900006e+00 2.00900006e+00 2.01799989e+00
    2.01799989e+00 2.01799989e+00 2.01799989e+00 2.01799989e+00
    2.01799989e+00 2.82299995e+00 0. 0. 0. 0. 0. 0. 0. 0. 0. 0. 0. 0. 0.
    1.98300004e+00 1.98300004e+00 1.98899996e+00 1.99100006e+00
    1.99100006e+00 2. 1.99500000e+00 1.99100006e+00 1.99100006e+00
    1.99100006e+00 1.99100006e+00 2. 2. 2. 2. 2.00900006e+00
    2.00900006e+00 2.00900006e+00 2.00900006e+00 2.00900006e+00
    2.01799989e+00 2.01799989e+00 2.01799989e+00 2.01799989e+00
    2.01600003e+00 2.01699996e+00 0. 0. 0. 0. 0. 0. 0. 0. 0. 0. 0. 0. 0.
    0. 1.98300004e+00 1.98300004e+00 1.98300004e+00 1.99100006e+00
    1.99100006e+00 1.99300003e+00 1.99500000e+00 1.99100006e+00
    1.99100006e+00 1.99199998e+00 1.99800003e+00 2. 2. 2. 2.00500011e+00
    2.00900006e+00 2.00900006e+00 2.00900006e+00 2.00900006e+00
    2.00900006e+00 2.01799989e+00 2.01799989e+00 2.01799989e+00
    2.01799989e+00 2.00900006e+00 2.01099992e+00 0. 0. 0. 0. 0. 0. 0. 0.
    0. 0. 0. 0. 0. 0. 2. 1.98899996e+00 1.98800004e+00 1.99100006e+00
    1.99100006e+00 1.99100006e+00 1.99100006e+00 1.99100006e+00
    1.99100006e+00 1.99199998e+00 1.99699998e+00 1.99800003e+00
    2.00500011e+00 2.00500011e+00 2. 2. 2.00799990e+00 2.00900006e+00
    2.00900006e+00 2.00900006e+00 2.01799989e+00 2.01799989e+00
    2.01799989e+00 2.01799989e+00 2.01799989e+00 0. 0. 0. 0. 0. 0. 0. 0.
    0. 0. 0. 0. 0. 0. 2.57500005e+00 2. 2. 1.99500000e+00 1.99100006e+00
    1.99100006e+00 1.99100006e+00 1.99100006e+00 1.99100006e+00
    1.99100006e+00 1.99100006e+00 1.99100006e+00 1.99300003e+00 2. 2. 2.
    2. 2.00799990e+00 2.00200009e+00 2.00900006e+00 2.00900006e+00
    2.01799989e+00 2.01799989e+00 2.01799989e+00 2.01799989e+00
    2.01799989e+00 2.46700001e+00 0. 0. 0. 0. 0. 0. 0. 0. 0. 0. 0. 0. 0.
    2.57699990e+00 1.99500000e+00 1.99100006e+00 1.99100006e+00
    1.99100006e+00 1.99100006e+00 1.99100006e+00 1.99100006e+00
    1.99500000e+00 1.99600005e+00 1.99399996e+00 1.99100006e+00
    1.99500000e+00 2.00399995e+00 2. 2. 2. 2.00799990e+00 2.00300002e+00
    2.00900006e+00 2.00900006e+00 2.01799989e+00 2.01799989e+00
    2.01799989e+00 2.01799989e+00 2.01900005e+00 2.02399993e+00 0. 0. 0.
    0. 0. 0. 0. 0. 0. 0. 0. 0. 0. 2.57500005e+00 1.98399997e+00
    1.98399997e+00 1.98399997e+00 1.99100006e+00 1.99100006e+00
    1.99100006e+00 1.99100006e+00 2. 2. 1.99899995e+00 1.99100006e+00
    1.99399996e+00 2. 2. 2. 2.00300002e+00 2.00900006e+00 2.00900006e+00
    2.00900006e+00 2.00900006e+00 2.01799989e+00 2.01799989e+00
    2.01799989e+00 2.01799989e+00 2.00999999e+00 2.00999999e+00 0. 0. 0.
    0. 0. 0. 0. 0. 0. 0. 0. 0. 0. 1.99100006e+00 1.98300004e+00
    1.98599994e+00 1.98599994e+00 1.99100006e+00 1.99100006e+00
    1.99100006e+00 1.99399996e+00 1.99699998e+00 2. 1.99899995e+00
    1.99500000e+00 1.99600005e+00 2. 2. 2. 2.00300002e+00 2.00900006e+00
    2.00900006e+00 2.00900006e+00 2.00900006e+00 2.00900006e+00
    2.01399994e+00 2.01799989e+00 2.01799989e+00 2.00900006e+00
