<?xml version="1.0"?>
<opencv_storage>
<Depth type_id="opencv-matrix">
  <rows>40</rows>
  <cols>40</cols>
  <dt>f</dt>
  <data>
    0. 0. 0. 0. 0. 0. 0. 0. 0. 0. 0. 0. 0. 0. 0. 0. 0. 0. 0. 0. 0. 0. 0.
    0. 0. 0. 0. 0. 0. 0. 0. 0. 0. 0. 0. 0. 0. 0. 0. 0. 0. 0. 0. 0. 0. 0.
    0. 0. 0. 0. 0. 0. 0. 0. 0. 0. 0. 0. 0. 0. 0. 0. 0. 0. 0. 0. 0. 0. 0.
    0. 0. 0. 0. 0. 0. 0. 0. 0. 0. 0. 0. 0. 0. 0. 0. 0. 0. 0. 0. 0. 0. 0.
    0. 0. 0. 0. 0. 0. 0. 0. 0. 0. 0. 0. 0. 0. 0. 0. 0. 0. 0. 0. 0. 0. 0.
    0. 0. 0. 0. 0. 0. 0. 0. 0. 0. 0. 0. 0. 0. 0. 0. 0. 0. 0. 0. 0. 0. 0.
    0. 0. 0. 0. 0. 0. 0. 0. 0. 0. 0. 0. 0. 0. 0. 0. 0. 0. 0. 0. 0. 0. 0.
    0. 0. 0. 0. 0. 0. 0. 0. 0. 0. 0. 0. 0. 0. 0. 0. 0. 0. 0. 0. 0. 0. 0.
    0. 0. 0. 0. 0. 0. 0. 0. 0. 0. 0. 0. 0. 0. 0. 0. 0. 0. 0. 0. 0. 0. 0.
    0. 0. 0. 0. 0. 0. 0. 0. 0. 0. 0. 0. 0. 0. 0. 0. 0. 0. 0. 0. 0. 0. 0.
    0. 0. 0. 0. 0. 0. 0. 0. 0. 0. 0. 0. 0. 0. 0. 0. 0. 0. 0. 0. 0. 0. 0.
    0. 0. 0. 0. 0. 0. 0. 0. 0. 0. 0. 0. 0. 0. 0. 0. 0. 0. 0. 0. 0. 0. 0.
    0. 0. 0. 0. 0. 0. 0. 0. 0. 0. 0. 0. 0. 0. 0. 0. 0. 0. 0. 0. 0. 0. 0.
    0. 0. 0. 0. 0. 0. 0. 0. 0. 0. 0. 0. 0. 0. 0. 0. 0. 0. 0. 0. 0. 0. 0.
    0. 0. 0. 0. 0. 0. 0. 0. 0. 0. 0. 0. 0. 0. 0. 0. 0. 0. 0. 0. 0. 0. 0.
    0. 0. 0. 0. 0. 0. 0. 0. 0. 0. 0. 0. 0. 0. 0. 0. 0. 0. 0. 0. 0. 0. 0.
    0. 0. 0. 0. 0. 0. 0. 0. 0. 0. 0. 0. 0. 0. 0. 0. 0. 0. 0. 0. 0. 0. 0.
    0. 0. 0. 0. 0. 0. 0. 0. 0. 0. 0. 0. 0. 0. 0. 0. 0. 0. 0. 0. 0. 0. 0.
    0. 0. 0. 0. 0. 0. 0. 0. 0. 0. 0. 0. 0. 0. 0. 0. 0. 0. 0. 0. 0. 0. 0.
    0. 0. 0. 1.85000002e+00 1.85000002e+00 1.85000002e+00 1.85000002e+00
    1.58099997e+00 0. 0. 0. 0. 1.16199994e+00 2. 1.24600005e+00 0. 0. 0.
    0. 0. 0. 0. 0. 0. 0. 0. 0. 0. 0. 0. 0. 0. 0. 0. 0. 0. 0. 0. 0. 0. 0.
    0. 0. 1.85000002e+00 1.85000002e+00 1.85000002e+00 1.85000002e+00
    1.79799998e+00 1.33700001e+00 1.23800004e+00 1.26100004e+00
    1.29700005e+00 1.82299995e+00 2. 1.84099996e+00 1.31500006e+00
    1.28400004e+00 1.28400004e+00 1.28400004e+00 1.28400004e+00
    1.28400004e+00 1.27199996e+00 1.24899995e+00 1.22700000e+00
    1.22200000e+00 1.24000001e+00 1.28400004e+00 1.28400004e+00
    1.28400004e+00 1.28400004e+00 1.28400004e+00 1.28400004e+00
    1.32599998e+00 1.38100004e+00 1.38100004e+00 0. 0. 0. 0. 0. 0. 0. 0.
    1.85000002e+00 1.85000002e+00 1.86199999e+00 1.86899996e+00
    1.87399995e+00 1.91299999e+00 1.94400001e+00 1.97200000e+00 2. 2. 2.
    2. 2. 2. 2. 2. 2. 2. 1.98599994e+00 1.95700002e+00 1.92900002e+00
    1.92299998e+00 1.94599998e+00 2. 2. 2. 2. 2. 2. 2.03399992e+00
    2.08100009e+00 2.09599996e+00 0. 0. 0. 0. 0. 0. 0. 0. 1.86000001e+00
    1.86000001e+00 1.87600005e+00 1.88999999e+00 1.89900005e+00
    1.92700005e+00 1.94900000e+00 1.97200000e+00 2. 2. 2. 2. 2. 2. 2. 2.
    2. 2. 1.99000001e+00 1.96899998e+00 1.94900000e+00 1.94400001e+00
    1.96099997e+00 2. 2. 2.00500011e+00 2.01099992e+00 2.01099992e+00
    2.01099992e+00 2.02300000e+00 2.04399991e+00 2.06500006e+00 0. 0. 0.
    0. 0. 0. 0. 0. 1.88600004e+00 1.88600004e+00 1.88600004e+00
    1.89900005e+00 1.92600000e+00 1.95400000e+00 1.96099997e+00
    1.97200000e+00 2. 2. 2. 2. 2. 2. 2. 2. 2. 2. 2. 2. 2. 2. 2. 2. 2.
    2.01999998e+00 2.03900003e+00 2.03900003e+00 2.03900003e+00
    2.03900003e+00 2.03900003e+00 2.03900003e+00 2.03900003e+00
    2.03900003e+00 2.03900003e+00 2.03900003e+00 2.03900003e+00
    2.05100012e+00 2.08100009e+00 2.11199999e+00 1.88600004e+00
    1.88600004e+00 1.90300000e+00 1.91700006e+00 1.92600000e+00
    1.95400000e+00 1.96099997e+00 1.96399999e+00 1.97200000e+00
    1.99300003e+00 2. 2. 2. 2. 2. 2. 2. 2. 2. 2. 2. 2. 2. 2. 2.
    2.01999998e+00 2.03900003e+00 2.03900003e+00 2.03900003e+00
    2.03900003e+00 2.03900003e+00 2.03900003e+00 2.03900003e+00
    2.03900003e+00 2.03900003e+00 2.03900003e+00 2.03900003e+00
    2.05100012e+00 2.07900000e+00 2.08699989e+00 1.88600004e+00
    1.88600004e+00 1.90900004e+00 1.92299998e+00 1.92600000e+00
    1.95400000e+00 1.96099997e+00 1.96099997e+00 1.96099997e+00
    1.97599995e+00 1.98099995e+00 1.98099995e+00 1.98099995e+00
    1.98099995e+00 1.98099995e+00 1.98099995e+00 1.98099995e+00
    1.99300003e+00 2. 2. 2. 2. 2. 2. 2. 2.01999998e+00 2.03900003e+00
    2.03900003e+00 2.03900003e+00 2.03900003e+00 2.03900003e+00
    2.03900003e+00 2.03900003e+00 2.03900003e+00 2.03900003e+00
    2.03900003e+00 2.03900003e+00 2.05100012e+00 2.07900000e+00
    2.07900000e+00 1.88600004e+00 1.88600004e+00 1.90900004e+00
    1.92299998e+00 1.92600000e+00 1.95400000e+00 1.96099997e+00
    1.96099997e+00 1.96099997e+00 1.96099997e+00 1.96099997e+00
    1.96099997e+00 1.96099997e+00 1.96099997e+00 1.96099997e+00
    1.96099997e+00 1.96099997e+00 1.98500001e+00 2. 2. 2. 2. 2. 2. 2.
    2.01500010e+00 2.03299999e+00 2.03900003e+00 2.03900003e+00
    2.03900003e+00 2.03900003e+00 2.03900003e+00 2.03900003e+00
    2.03900003e+00 2.03900003e+00 2.03900003e+00 2.03900003e+00
    2.05100012e+00 2.07900000e+00 2.07900000e+00 1.88600004e+00
    1.88600004e+00 1.90900004e+00 1.92299998e+00 1.92600000e+00
    1.95400000e+00 1.96099997e+00 1.96099997e+00 1.96099997e+00
    1.96099997e+00 1.96099997e+00 1.96099997e+00 1.96099997e+00
    1.96099997e+00 1.96099997e+00 1.96099997e+00 1.96099997e+00
    1.98500001e+00 2. 2. 2. 2. 2. 2. 2. 2.00099993e+00 2.01099992e+00
    2.03800011e+00 2.03900003e+00 2.03900003e+00 2.03900003e+00
    2.03900003e+00 2.03900003e+00 2.03900003e+00 2.03900003e+00
    2.03900003e+00 2.03900003e+00 2.05100012e+00 2.07900000e+00
    2.07900000e+00 1.88999999e+00 1.90799999e+00 1.91799998e+00
    1.92299998e+00 1.92600000e+00 1.95400000e+00 1.96099997e+00
    1.96099997e+00 1.96099997e+00 1.96099997e+00 1.96099997e+00
    1.96099997e+00 1.96099997e+00 1.96099997e+00 1.96099997e+00
    1.96099997e+00 1.96099997e+00 1.98500001e+00 2. 2. 2. 2. 2. 2. 2. 2.
    2.00900006e+00 2.03800011e+00 2.03900003e+00 2.03900003e+00
    2.03900003e+00 2.03900003e+00 2.03900003e+00 2.03900003e+00
    2.03900003e+00 2.03900003e+00 2.03900003e+00 2.04299998e+00
    2.05200005e+00 2.05200005e+00 1.89100003e+00 1.91900003e+00
    1.92299998e+00 1.92299998e+00 1.92600000e+00 1.95400000e+00
    1.96099997e+00 1.96099997e+00 1.96099997e+00 1.96099997e+00
    1.96099997e+00 1.96099997e+00 1.96099997e+00 1.96099997e+00
    1.96099997e+00 1.96099997e+00 1.96099997e+00 1.98500001e+00 2. 2. 2.
    2. 2. 2. 2. 2.00799990e+00 2.02099991e+00 2.03800011e+00
    2.03900003e+00 2.03900003e+00 2.03900003e+00 2.03900003e+00
    2.03900003e+00 2.03900003e+00 2.03900003e+00 2.03900003e+00
    2.03900003e+00 2.03900003e+00 2.03900003e+00 2.03900003e+00
    1.89100003e+00 1.91900003e+00 1.92299998e+00 1.92499995e+00
    1.93200004e+00 1.96000004e+00 1.96700001e+00 1.96500003e+00
    1.96099997e+00 1.96099997e+00 1.96099997e+00 1.96099997e+00
    1.96099997e+00 1.96099997e+00 1.96099997e+00 1.96099997e+00
    1.96099997e+00 1.98500001e+00 2. 2.00099993e+00 2.00500011e+00
    2.00200009e+00 2. 2. 2. 2.01999998e+00 2.03900003e+00 2.03900003e+00
    2.03900003e+00 2.03900003e+00 2.03900003e+00 2.03900003e+00
    2.03900003e+00 2.03900003e+00 2.03900003e+00 2.03900003e+00
    2.03900003e+00 2.03900003e+00 2.03900003e+00 2.03900003e+00
    1.89100003e+00 1.91900003e+00 1.92299998e+00 1.93499994e+00
    1.96000004e+00 1.98800004e+00 1.99500000e+00 1.98599994e+00
    1.96099997e+00 1.96099997e+00 1.96099997e+00 1.96099997e+00
    1.96099997e+00 1.96099997e+00 1.96099997e+00 1.96099997e+00
    1.96099997e+00 1.98500001e+00 2. 2.00300002e+00 2.02800012e+00
    2.01500010e+00 2. 2. 2. 2.01999998e+00 2.03900003e+00 2.03900003e+00
    2.03900003e+00 2.03900003e+00 2.03900003e+00 2.03900003e+00
    2.03900003e+00 2.03900003e+00 2.03900003e+00 2.03900003e+00
    2.03900003e+00 2.03900003e+00 2.03900003e+00 2.03900003e+00
    1.89100003e+00 1.91900003e+00 1.93700004e+00 1.95099998e+00
    1.96399999e+00 1.99300003e+00 2. 1.99600005e+00 1.98500001e+00
    1.98500001e+00 1.98500001e+00 1.98000002e+00 1.96200001e+00
