<?xml version="1.0"?>
<opencv_storage>
<Depth type_id="opencv-matrix">
  <rows>40</rows>
  <cols>40</cols>
  <dt>f</dt>
  <data>
    0. 0. 0. 0. 0. 0. 0. 0. 0. 0. 0. 0. 0. 0. 0. 0. 0. 0. 0. 0. 0. 0. 0.
    0. 0. 0. 0. 0. 0. 0. 0. 0. 0. 0. 0. 0. 0. 0. 0. 0. 0. 0. 0. 0. 0. 0.
    0. 0. 0. 0. 0. 0. 0. 0. 0. 0. 0. 0. 0. 0. 0. 0. 0. 0. 0. 0. 0. 0. 0.
    0. 0. 0. 0. 0. 0. 0. 0. 0. 0. 0. 0. 0. 0. 0. 0. 0. 0. 0. 0. 0. 0. 0.
    0. 0. 0. 0. 0. 0. 0. 0. 0. 0. 0. 0. 0. 0. 0. 0. 0. 0. 0. 0. 0. 0. 0.
    0. 0. 0. 0. 0. 0. 0. 0. 0. 0. 0. 0. 0. 0. 0. 0. 0. 0. 0. 0. 0. 0. 0.
    0. 0. 0. 0. 0. 0. 0. 0. 0. 0. 0. 0. 0. 0. 0. 0. 0. 0. 0. 0. 0. 0. 0.
    0. 0. 0. 0. 0. 0. 0. 0. 0. 0. 0. 0. 0. 0. 0. 0. 0. 0. 0. 0. 0. 0. 0.
    0. 0. 0. 0. 0. 0. 0. 0. 0. 0. 0. 0. 0. 0. 0. 0. 0. 0. 0. 0. 0.
    1.99000001e+00 1.99199998e+00 1.99300003e+00 1.99500000e+00
    2.35999990e+00 0. 0. 0. 0. 0. 0. 0. 0. 0. 0. 0. 0. 0. 0. 0. 0. 0. 0.
    0. 0. 0. 0. 0. 0. 0. 0. 0. 0. 0. 0. 0. 0. 1.03299999e+00 0.
    1.99000001e+00 1.99000001e+00 1.99100006e+00 1.99300003e+00
    1.99300003e+00 1.99500000e+00 1.99800003e+00 1.99800003e+00 2. 2. 2.
    0. 0. 0. 0. 0. 0. 0. 0. 0. 0. 0. 0. 0. 0. 0. 0. 0. 0. 0. 0. 0. 0. 0.
    0. 0. 0. 0. 0. 0. 1.99000001e+00 1.99000001e+00 1.99000001e+00
    1.99000001e+00 1.99300003e+00 1.99300003e+00 1.99600005e+00 2. 2. 2.
    2.00300002e+00 2.00300002e+00 2.00300002e+00 2.06800008e+00
    2.07100010e+00 0. 0. 0. 0. 0. 0. 0. 0. 0. 0. 0. 0. 0. 0. 0. 0. 0. 0.
    0. 0. 0. 0. 0. 0. 1.51999998e+00 1.99000001e+00 1.99000001e+00
    1.99000001e+00 1.99000001e+00 1.99100006e+00 1.99600005e+00
    1.99600005e+00 1.99600005e+00 2. 2. 2. 2.00300002e+00 2.00300002e+00
    2.00300002e+00 2.00300002e+00 2.00300002e+00 2.00699997e+00
    2.00600004e+00 2.52600002e+00 0. 0. 0. 0. 0. 0. 0. 0. 0. 0. 0. 0. 0.
    0. 0. 0. 0. 0. 0. 0. 1.51900005e+00 1.98699999e+00 1.98699999e+00
    1.99000001e+00 1.99000001e+00 1.99100006e+00 1.99600005e+00
    1.99600005e+00 1.99600005e+00 2. 2. 2. 2.00300002e+00 2.00300002e+00
    2.00300002e+00 2.00300002e+00 2.00300002e+00 2.00600004e+00
    2.00300002e+00 2.00300002e+00 2.00600004e+00 2.00600004e+00
    2.00500011e+00 2.00900006e+00 0. 0. 0. 0. 0. 0. 0. 0. 0. 0. 0. 0. 0.
    0. 0. 0. 1.98800004e+00 1.98699999e+00 1.98899996e+00 1.99000001e+00
    1.99000001e+00 1.99000001e+00 1.99300003e+00 1.99399996e+00
    1.99600005e+00 1.99600005e+00 2. 2. 2.00200009e+00 2.00300002e+00
    2.00300002e+00 2.00300002e+00 2.00300002e+00 2.00600004e+00
    2.00300002e+00 2.00300002e+00 2.00600004e+00 2.00600004e+00
    2.00699997e+00 2.00600004e+00 2.00900006e+00 2.00900006e+00
    2.00900006e+00 2.00900006e+00 2.52099991e+00 0. 0. 0. 0. 0. 0. 0. 0.
    0. 0. 0. 1.98599994e+00 1.98699999e+00 1.98699999e+00 1.99000001e+00
    1.99000001e+00 1.99000001e+00 1.99000001e+00 1.99300003e+00
    1.99600005e+00 1.99600005e+00 2. 2. 2. 2.00300002e+00 2.00200009e+00
    2.00300002e+00 2.00300002e+00 2.00300002e+00 2.00300002e+00
    2.00600004e+00 2.00799990e+00 2.00600004e+00 2.00500011e+00
    2.00600004e+00 2.00600004e+00 2.00600004e+00 2.00900006e+00
    2.00999999e+00 2.01200008e+00 2.01200008e+00 2.01200008e+00
    2.01600003e+00 2.02099991e+00 0. 0. 0. 0. 0. 2.55699992e+00 0.
    1.98699999e+00 1.98699999e+00 1.98699999e+00 1.98699999e+00
    1.99000001e+00 1.99199998e+00 1.99300003e+00 1.99300003e+00
    1.99399996e+00 1.99600005e+00 2. 2. 2. 2.00300002e+00 2.00300002e+00
    2.00300002e+00 2.00300002e+00 2.00300002e+00 2.00300002e+00
    2.00300002e+00 2.00399995e+00 2.00600004e+00 2.00300002e+00
    2.00600004e+00 2.00600004e+00 2.00900006e+00 2.00900006e+00
    2.00900006e+00 2.00900006e+00 2.01200008e+00 2.01200008e+00
    2.01200008e+00 2.01600003e+00 2.01900005e+00 2.02200007e+00
    2.23000002e+00 0. 1.59700000e+00 0. 0. 1.98699999e+00 1.98699999e+00
    1.98699999e+00 1.98699999e+00 1.99000001e+00 1.99000001e+00
    1.99300003e+00 1.99300003e+00 1.99600005e+00 1.99600005e+00 2. 2.
    1.99899995e+00 2. 2. 2.00300002e+00 2.00300002e+00 2.00300002e+00
    2.00300002e+00 2. 2. 2.00200009e+00 2.00500011e+00 2.00600004e+00
    2.00799990e+00 2.00900006e+00 2.00900006e+00 2.00900006e+00
    2.00900006e+00 2.01200008e+00 2.01200008e+00 2.01200008e+00
    2.01300001e+00 2.01900005e+00 2.01999998e+00 2.01900005e+00
    1.42600000e+00 0. 0. 1.00699997e+00 1.98699999e+00 1.98699999e+00
    1.98699999e+00 1.98699999e+00 1.98699999e+00 1.99000001e+00
    1.99000001e+00 1.99300003e+00 1.99300003e+00 1.99600005e+00 2. 2. 2.
    2. 2. 2.00300002e+00 2.00300002e+00 2.00300002e+00 2.00300002e+00 2.
    2. 2.00300002e+00 2.00399995e+00 2.00600004e+00 2.00600004e+00
    2.00900006e+00 2.00900006e+00 2.00900006e+00 2.00900006e+00
    2.00999999e+00 2.01200008e+00 2.01200008e+00 2.01200008e+00
    2.01200008e+00 2.01900005e+00 1.97099996e+00 2.50399995e+00 0. 0.
    1.97200000e+00 1.98399997e+00 1.98699999e+00 1.98699999e+00
    1.98699999e+00 1.98699999e+00 1.99000001e+00 1.99000001e+00
    1.99000001e+00 1.99300003e+00 1.99600005e+00 1.99699998e+00 2.
    1.99699998e+00 2. 2. 2. 2.00300002e+00 2.00300002e+00 2. 2. 2.
    2.00099993e+00 2.00399995e+00 2.00099993e+00 2.00300002e+00
    2.00600004e+00 2.00799990e+00 2.00900006e+00 2.00900006e+00
    2.00900006e+00 2.00999999e+00 2.01200008e+00 2.01200008e+00
    2.01200008e+00 2.01500010e+00 0. 1.55999994e+00 0. 0. 1.98300004e+00
    1.98300004e+00 1.98699999e+00 1.98699999e+00 1.98699999e+00
    1.98699999e+00 1.98699999e+00 1.99000001e+00 1.99000001e+00
    1.99100006e+00 1.99300003e+00 1.99600005e+00 2. 1.99600005e+00 2. 2.
    2. 2. 2. 2. 2. 2. 2. 2.00099993e+00 2.00300002e+00 2.00300002e+00
    2.00500011e+00 2.00600004e+00 2.00900006e+00 2.00900006e+00
    2.00900006e+00 2.00900006e+00 2.01099992e+00 2.00999999e+00
    2.01200008e+00 2.01200008e+00 0. 1.31400001e+00 0. 0. 1.98099995e+00
    1.98099995e+00 1.98699999e+00 1.98699999e+00 1.98699999e+00
    1.98699999e+00 1.98699999e+00 1.99000001e+00 1.99000001e+00
    1.99100006e+00 1.99300003e+00 1.99399996e+00 1.99600005e+00
    1.99600005e+00 2. 2. 2. 2. 2. 1.99600005e+00 1.99899995e+00 2. 2. 2.
    2.00099993e+00 2.00300002e+00 2.00300002e+00 2.00300002e+00
    2.00699997e+00 2.00900006e+00 2.00900006e+00 2.01099992e+00
    2.00900006e+00 2.00900006e+00 2.01200008e+00 2.01200008e+00
    1.16999996e+00 2.87800002e+00 0. 1.34399998e+00 1.97800004e+00
    1.97800004e+00 1.98099995e+00 1.98500001e+00 1.98699999e+00
    1.98699999e+00 1.98699999e+00 1.99000001e+00 1.99000001e+00
    1.99300003e+00 1.99300003e+00 1.99600005e+00 1.99600005e+00
    1.99699998e+00 1.99800003e+00 2. 1.99899995e+00 2. 2. 1.99800003e+00
    1.99600005e+00 2. 2. 2. 2. 2.00099993e+00 2.00300002e+00
    2.00300002e+00 2.00500011e+00 2.00900006e+00 2.00900006e+00
    2.00900006e+00 2.00900006e+00 2.01200008e+00 2.01200008e+00
    2.01200008e+00 0. 0. 0. 1.95899999e+00 1.97800004e+00 1.97800004e+00
    1.97800004e+00 1.98099995e+00 1.98399997e+00 1.98699999e+00
    1.98699999e+00 1.98699999e+00 1.99000001e+00 1.99000001e+00
    1.99199998e+00 1.99600005e+00 1.99600005e+00 1.99500000e+00
    1.99600005e+00 1.99600005e+00 1.99600005e+00 2. 2. 1.99600005e+00
    1.99600005e+00 2. 2. 2. 2. 2. 2.00300002e+00 2.00300002e+00
    2.00300002e+00 2.00600004e+00 2.00900006e+00 2.00900006e+00
    2.00900006e+00 2.00999999e+00 2.00999999e+00 1.61199999e+00 0. 0. 0.
    1.97800004e+00 1.97800004e+00 1.98000002e+00 1.98399997e+00
    1.98500001e+00 1.98599994e+00 1.98699999e+00 1.98699999e+00
    1.98699999e+00 1.99000001e+00 1.99000001e+00 1.99000001e+00
    1.99100006e+00 1.99100006e+00 1.99500000e+00 1.99600005e+00
    1.99600005e+00 1.99600005e+00 1.99800003e+00 2. 1.99600005e+00
    1.99600005e+00 1.99600005e+00 1.99899995e+00 2. 2. 2. 2.00300002e+00
    2. 2.00300002e+00 2.00600004e+00 2.00600004e+00 2.00900006e+00
    2.00900006e+00 2.01200008e+00 2.00900006e+00 2.02699995e+00
    2.03399992e+00 1.54999995e+00 1.76699996e+00 1.97800004e+00
    1.97800004e+00 1.98000002e+00 1.98399997e+00 1.98399997e+00
