<?xml version="1.0"?>
<opencv_storage>
<Depth type_id="opencv-matrix">
  <rows>40</rows>
  <cols>40</cols>
  <dt>f</dt>
  <data>
    0. 0. 0. 0. 0. 0. 0. 0. 0. 0. 0. 0. 0. 0. 0. 0. 0. 0. 0. 0. 0. 0. 0.
    0. 0. 0. 0. 0. 0. 0. 0. 0. 0. 0. 0. 0. 0. 0. 0. 0. 0. 0. 0. 0. 0. 0.
    0. 0. 0. 0. 0. 0. 0. 0. 0. 0. 0. 0. 0. 0. 0. 0. 0. 0. 0. 0. 0. 0. 0.
    0. 0. 0. 0. 0. 0. 0. 0. 0. 0. 0. 0. 0. 0. 0. 0. 0. 0. 0. 0. 0. 0. 0.
    0. 0. 0. 0. 0. 0. 0. 0. 0. 0. 0. 0. 0. 0. 0. 0. 0. 0. 0. 0. 0. 0. 0.
    0. 0. 0. 0. 0. 0. 0. 0. 0. 0. 0. 0. 0. 0. 0. 0. 0. 0. 0. 0. 0. 0. 0.
    0. 0. 0. 0. 0. 0. 0. 0. 0. 0. 0. 0. 0. 0. 0. 0. 0. 0. 0. 0. 0. 0. 0.
    0. 0. 0. 0. 0. 0. 0. 0. 0. 0. 0. 0. 0. 0. 0. 0. 0. 0. 0. 0. 0. 0. 0.
    0. 0. 0. 0. 0. 0. 0. 0. 0. 0. 0. 0. 0. 0. 0. 0. 0. 0. 0. 0. 0. 0. 0.
    0. 0. 0. 0. 0. 0. 0. 0. 0. 0. 0. 0. 0. 0. 0. 0. 0. 0. 0. 0. 0. 0. 0.
    0. 0. 0. 0. 0. 0. 0. 0. 0. 0. 0. 0. 0. 0. 0. 0. 0. 0. 0. 0. 0. 0. 0.
    0. 0. 0. 0. 0. 0. 0. 0. 0. 0. 0. 0. 0. 0. 0. 0. 0. 0. 0. 0. 0. 0. 0.
    0. 0. 0. 0. 0. 0. 0. 0. 0. 0. 0. 0. 0. 0. 0. 0. 0. 0. 0. 0. 0. 0. 0.
    0. 0. 0. 0. 0. 0. 0. 0. 0. 0. 0. 0. 0. 0. 0. 0. 0. 0. 0. 0. 0. 0. 0.
    0. 0. 0. 0. 0. 0. 0. 0. 0. 0. 0. 0. 0. 0. 0. 0. 0. 0. 0. 0. 0. 0. 0.
    0. 0. 0. 0. 0. 0. 0. 0. 0. 0. 0. 0. 0. 0. 0. 0. 0. 0. 0. 0. 0. 0. 0.
    0. 0. 0. 0. 0. 0. 0. 0. 0. 0. 0. 0. 0. 0. 0. 0. 0. 0. 0. 0. 0. 0. 0.
    0. 0. 0. 0. 0. 0. 0. 0. 0. 0. 0. 0. 0. 0. 0. 0. 0. 0. 0. 0. 0. 0. 0.
    0. 0. 0. 0. 0. 0. 0. 0. 0. 0. 0. 0. 0. 0. 0. 0. 0. 0. 0. 0. 0. 0. 0.
    0. 0. 0. 0. 0. 0. 0. 0. 0. 0. 0. 0. 0. 0. 0. 0. 0. 0. 0. 0. 0. 0. 0.
    0. 0. 0. 0. 0. 0. 0. 0. 0. 0. 0. 0. 0. 0. 0. 0. 0. 0. 0. 0. 0. 0. 0.
    0. 2.35100007e+00 2.35100007e+00 2.35100007e+00 2.35100007e+00
    2.35100007e+00 2.35100007e+00 2.35100007e+00 2.35100007e+00
    2.32500005e+00 2.27200007e+00 2.22900009e+00 2.22900009e+00
    2.22900009e+00 2.22900009e+00 2.22900009e+00 2.22900009e+00
    2.22900009e+00 2.21300006e+00 2.16300011e+00 2.11299992e+00
    2.11299992e+00 2.11299992e+00 2.11299992e+00 2.11299992e+00
    2.11299992e+00 2.11299992e+00 2.11299992e+00 2.11299992e+00
    2.11299992e+00 2.15599990e+00 2.20700002e+00 2.22900009e+00 0. 0. 0.
    0. 0. 0. 0. 0. 2.33200002e+00 2.33200002e+00 2.33200002e+00
    2.33200002e+00 2.33200002e+00 2.33200002e+00 2.32599998e+00
    2.31800008e+00 2.29299998e+00 2.24799991e+00 2.21099997e+00
    2.21099997e+00 2.21099997e+00 2.21099997e+00 2.21099997e+00
    2.21099997e+00 2.21099997e+00 2.19799995e+00 2.15499997e+00
    2.11299992e+00 2.11299992e+00 2.11299992e+00 2.11299992e+00
    2.11299992e+00 2.10999990e+00 2.10200000e+00 2.09599996e+00
    2.09599996e+00 2.09599996e+00 2.14499998e+00 2.20400000e+00
    2.22900009e+00 0. 0. 0. 0. 0. 0. 0. 0. 2.27900004e+00 2.27900004e+00
    2.27900004e+00 2.27900004e+00 2.27900004e+00 2.27900004e+00
    2.25600004e+00 2.22600007e+00 2.20000005e+00 2.17799997e+00
    2.16000009e+00 2.16000009e+00 2.16000009e+00 2.16000009e+00
    2.16000009e+00 2.16000009e+00 2.16000009e+00 2.15400004e+00
    2.13299990e+00 2.11299992e+00 2.11299992e+00 2.11299992e+00
    2.11299992e+00 2.11299992e+00 2.09999990e+00 2.07100010e+00
    2.04600000e+00 2.04600000e+00 2.04600000e+00 2.11400008e+00
    2.19400001e+00 2.22900009e+00 0. 0. 0. 0. 0. 0. 0. 0. 2.22600007e+00
    2.22600007e+00 2.22600007e+00 2.22600007e+00 2.22600007e+00
    2.22600007e+00 2.18799996e+00 2.13899994e+00 2.11299992e+00
    2.11299992e+00 2.11299992e+00 2.11299992e+00 2.11299992e+00
    2.11199999e+00 2.10999990e+00 2.10999990e+00 2.10999990e+00
    2.10999990e+00 2.10999990e+00 2.10999990e+00 2.10999990e+00
    2.10999990e+00 2.10999990e+00 2.10999990e+00 2.08899999e+00
    2.04099989e+00 2. 2. 2. 2.08299994e+00 2.18000007e+00 2.22300005e+00
    0. 0. 0. 0. 0. 0. 0. 0. 2.17499995e+00 2.17499995e+00 2.17499995e+00
    2.17499995e+00 2.17499995e+00 2.17499995e+00 2.15400004e+00
    2.12700009e+00 2.11299992e+00 2.11299992e+00 2.11299992e+00
    2.11299992e+00 2.11299992e+00 2.09299994e+00 2.06999993e+00
    2.06100011e+00 2.06100011e+00 2.06100011e+00 2.06100011e+00
    2.06100011e+00 2.06100011e+00 2.06100011e+00 2.06100011e+00
    2.06100011e+00 2.04900002e+00 2.02300000e+00 2. 2. 2. 2.04600000e+00
    2.09899998e+00 2.12299991e+00 0. 0. 0. 0. 0. 0. 0. 0. 2.12500000e+00
    2.12500000e+00 2.12500000e+00 2.12500000e+00 2.12500000e+00
    2.12500000e+00 2.12100005e+00 2.11599994e+00 2.11299992e+00
    2.11299992e+00 2.11299992e+00 2.11299992e+00 2.11299992e+00
    2.07299995e+00 2.02900004e+00 2.01099992e+00 2.01099992e+00
    2.01099992e+00 2.01099992e+00 2.01099992e+00 2.01099992e+00
    2.01099992e+00 2.01099992e+00 2.01099992e+00 2.00900006e+00
    2.00399995e+00 2. 2. 2. 2.00900006e+00 2.01900005e+00 2.02300000e+00
    0. 0. 0. 0. 0. 0. 0. 0. 2.11299992e+00 2.11299992e+00 2.11299992e+00
    2.11299992e+00 2.11299992e+00 2.11299992e+00 2.11299992e+00
    2.11299992e+00 2.11299992e+00 2.11299992e+00 2.11299992e+00
    2.11299992e+00 2.11299992e+00 2.06900001e+00 2.01900005e+00 2. 2. 2.
    2. 2. 2. 2. 2. 2. 2.00699997e+00 2.02399993e+00 2.03800011e+00
    2.03800011e+00 2.03800011e+00 2.03800011e+00 2.03800011e+00
    2.03800011e+00 0. 0. 0. 0. 0. 0. 0. 0. 2.11299992e+00 2.11299992e+00
    2.11299992e+00 2.11299992e+00 2.11299992e+00 2.11299992e+00
    2.11299992e+00 2.11299992e+00 2.11299992e+00 2.11299992e+00
    2.11299992e+00 2.11299992e+00 2.11299992e+00 2.06900001e+00
    2.01900005e+00 2. 2. 2. 2. 2. 2. 2. 2. 2. 2.01699996e+00
    2.05500007e+00 2.08699989e+00 2.08699989e+00 2.08699989e+00
    2.08699989e+00 2.08699989e+00 2.08699989e+00 0. 0. 0. 0. 0. 0. 0. 0.
    2.11299992e+00 2.11299992e+00 2.11299992e+00 2.11299992e+00
    2.11299992e+00 2.11299992e+00 2.11299992e+00 2.11299992e+00
    2.11299992e+00 2.11299992e+00 2.11299992e+00 2.11299992e+00
    2.11299992e+00 2.06900001e+00 2.01900005e+00 2. 2. 2. 2. 2.
    2.01099992e+00 2.02099991e+00 1.60599995e+00 1.03499997e+00 0. 0. 0.
    0. 0. 1.18700004e+00 1.63499999e+00 1.83099997e+00 0. 0. 0. 0. 0. 0.
    0. 0. 2.11299992e+00 2.11299992e+00 2.11299992e+00 2.11299992e+00
    2.11299992e+00 2.11299992e+00 2.11299992e+00 2.11299992e+00
    2.11299992e+00 2.11299992e+00 2.11299992e+00 2.11299992e+00
    2.11299992e+00 2.06900001e+00 2.01900005e+00 2. 2. 2. 2.
    2.00099993e+00 2.03299999e+00 2.06399989e+00 0. 0. 0. 0. 0. 0. 0. 0.
    0. 1.24300003e+00 0. 0. 0. 0. 0. 0. 0. 0. 2.11299992e+00
    2.11299992e+00 2.11299992e+00 2.11299992e+00 2.11299992e+00
    2.11299992e+00 2.11299992e+00 2.11299992e+00 2.11100006e+00
    2.10700011e+00 2.10400009e+00 2.10400009e+00 2.10400009e+00
    2.06299996e+00 2.01799989e+00 2. 2. 1.93099999e+00 1.71099997e+00
    1.49699998e+00 1.54200006e+00 1.58800006e+00 0. 0. 0. 0. 0. 0. 0. 0.
    0. 0. 0. 0. 0. 0. 0. 0. 0. 0. 2.11299992e+00 2.11299992e+00
    2.11299992e+00 2.11299992e+00 2.11299992e+00 2.11299992e+00
    2.11299992e+00 2.11299992e+00 2.10100007e+00 2.07500005e+00
    2.05399990e+00 2.05399990e+00 2.05399990e+00 2.03299999e+00
    2.00900006e+00 2. 2. 1.56500006e+00 0. 0. 0. 0. 0. 0. 0. 0. 0. 0. 0.
    0. 0. 0. 0. 0. 0. 0. 0. 0. 0. 0. 2.11299992e+00 2.11299992e+00
    2.11299992e+00 2.11299992e+00 2.11299992e+00 2.11299992e+00
    2.11299992e+00 2.11299992e+00 2.08999991e+00 2.04299998e+00
    2.00500011e+00 2.00500011e+00 2.00500011e+00 2.00300002e+00
    2.00099993e+00 2. 2. 1.19799995e+00 0. 0. 0. 0. 0. 0. 0. 0. 0. 0. 0.
    0. 0. 0. 0. 0. 0. 0. 0. 0. 0. 0. 2.06900001e+00 2.06900001e+00
    2.06900001e+00 2.06900001e+00 2.06900001e+00 2.06900001e+00
    2.06900001e+00 2.06900001e+00 2.05399990e+00 2.02399993e+00 2. 2. 2.
    2. 2. 1.36600006e+00 0. 0. 0. 0. 0. 0. 0. 0. 0. 0. 0. 0. 0. 0. 0. 0.
    0. 0. 0. 0. 0. 0. 0. 0. 2.01900005e+00 2.01900005e+00 2.01900005e+00
    2.01900005e+00 2.01900005e+00 2.01900005e+00 2.01900005e+00
    2.01900005e+00 2.01500010e+00 2.00699997e+00 2. 2. 2. 2. 2. 0. 0. 0.
    0. 0. 0. 0. 0. 0. 0. 0. 0. 0. 0. 0. 0. 0. 0. 0. 0. 0. 0. 0. 0. 0. 2.
