<?xml version="1.0"?>
<opencv_storage>
<Depth type_id="opencv-matrix">
  <rows>40</rows>
  <cols>40</cols>
  <dt>f</dt>
  <data>
    0. 0. 0. 0. 0. 0. 0. 0. 0. 0. 0. 0. 0. 0. 0. 0. 0. 0. 0. 0. 0. 0. 0.
    0. 0. 0. 0. 0. 0. 0. 0. 0. 0. 0. 0. 0. 0. 0. 0. 0. 0. 0. 0. 0. 0. 0.
    0. 0. 0. 0. 0. 0. 0. 0. 0. 0. 0. 0. 0. 0. 0. 0. 0. 0. 0. 0. 0. 0. 0.
    0. 0. 0. 0. 0. 0. 0. 0. 0. 0. 0. 0. 0. 0. 0. 0. 0. 0. 0. 0. 0. 0. 0.
    0. 0. 0. 0. 0. 0. 0. 0. 0. 0. 0. 0. 0. 0. 0. 0. 0. 0. 0. 0. 0. 0. 0.
    0. 0. 0. 0. 0. 0. 0. 0. 0. 0. 0. 0. 0. 0. 0. 0. 0. 0. 0. 0. 0. 0. 0.
    0. 0. 0. 0. 0. 0. 0. 0. 0. 0. 0. 0. 0. 0. 0. 0. 0. 0. 0. 0. 0. 0. 0.
    0. 0. 0. 0. 0. 0. 0. 0. 0. 0. 0. 0. 0. 0. 0. 0. 0. 0. 0. 0. 0. 0. 0.
    0. 0. 0. 0. 0. 0. 0. 0. 0. 0. 0. 0. 0. 0. 0. 0. 0. 0. 0. 0. 0. 0. 0.
    0. 0. 0. 0. 0. 0. 0. 0. 0. 0. 0. 0. 0. 0. 0. 0. 0. 0. 0. 0. 0. 0. 0.
    0. 0. 0. 0. 0. 0. 0. 0. 0. 0. 0. 0. 0. 0. 0. 0. 0. 0. 0. 0. 0. 0. 0.
    0. 0. 0. 0. 0. 0. 0. 0. 0. 0. 0. 0. 0. 0. 0. 0. 0. 0. 0. 0. 0. 0. 0.
    0. 0. 0. 0. 0. 0. 0. 0. 0. 0. 0. 0. 0. 0. 0. 0. 0. 0. 0. 0. 0. 0. 0.
    0. 0. 0. 0. 0. 0. 0. 0. 0. 0. 0. 0. 0. 0. 0. 0. 0. 0. 0. 0. 0. 0. 0.
    0. 0. 0. 0. 0. 0. 0. 0. 0. 0. 0. 0. 0. 0. 0. 0. 0. 0. 0. 0. 0. 0. 0.
    0. 0. 0. 0. 0. 0. 0. 0. 0. 0. 0. 0. 0. 0. 0. 0. 0. 0. 0. 0. 0. 0. 0.
    0. 0. 0. 0. 0. 0. 0. 0. 0. 0. 0. 0. 0. 0. 0. 0. 0. 0. 0. 0. 0. 0. 0.
    0. 0. 0. 0. 0. 0. 0. 0. 0. 0. 0. 0. 0. 0. 0. 0. 0. 0. 0. 0. 0. 0. 0.
    0. 0. 0. 0. 0. 0. 0. 0. 0. 0. 0. 0. 0. 0. 0. 0. 0. 0. 0. 0. 0. 0. 0.
    0. 0. 0. 0. 0. 0. 0. 0. 0. 0. 0. 0. 0. 0. 0. 0. 0. 0. 0. 0. 0. 0. 0.
    0. 0. 0. 0. 0. 0. 0. 0. 0. 0. 0. 0. 0. 0. 0. 0. 0. 0. 0. 0. 0. 0. 0.
    0. 0. 0. 0. 0. 0. 0. 2.47399998e+00 2.47399998e+00 2.47399998e+00
    2.47399998e+00 0. 0. 0. 1.97200000e+00 1.90300000e+00 1.88100004e+00
    1.88100004e+00 1.88100004e+00 1.88999999e+00 1.92499995e+00
    1.94000006e+00 1.94000006e+00 1.91100001e+00 1.88100004e+00
    1.88100004e+00 1.86600006e+00 1.83200002e+00 1.82299995e+00
    1.82299995e+00 0. 0. 0. 0. 0. 0. 0. 0. 0. 0. 0. 0. 0. 0. 0. 0. 0.
    2.31500006e+00 2.30200005e+00 2.29500008e+00 2.29500008e+00 0. 0. 0.
    1.97800004e+00 1.92100000e+00 1.90300000e+00 1.90300000e+00
    1.90300000e+00 1.90900004e+00 1.93099999e+00 1.94000006e+00
    1.94000006e+00 1.91100001e+00 1.88100004e+00 1.88100004e+00
    1.86600006e+00 1.83200002e+00 1.82299995e+00 1.82299995e+00 0. 0. 0.
    0. 0. 0. 0. 0. 0. 0. 0. 0. 0. 2.14899993e+00 2.09899998e+00
    2.02200007e+00 2.04999995e+00 2.06999993e+00 2.03399992e+00
    2.01699996e+00 2.01699996e+00 1.92900002e+00 1.84200001e+00
    1.94099998e+00 1.98599994e+00 1.94900000e+00 1.93799996e+00
    1.93799996e+00 1.93799996e+00 1.93799996e+00 1.93900001e+00
    1.94000006e+00 1.94000006e+00 1.91100001e+00 1.88100004e+00
    1.88100004e+00 1.86600006e+00 1.83200002e+00 1.82299995e+00
    1.82299995e+00 0. 0. 0. 0. 0. 0. 0. 0. 0. 0. 0. 0. 0. 2.25399995e+00
    2.20400000e+00 2.12599993e+00 2.08899999e+00 2.04999995e+00
    1.99399996e+00 1.96700001e+00 1.96700001e+00 1.96700001e+00
    1.96899998e+00 1.98800004e+00 1.99399996e+00 1.97800004e+00
    1.96000004e+00 1.94000006e+00 1.94000006e+00 1.94000006e+00
    1.94000006e+00 1.94000006e+00 1.94000006e+00 1.92700005e+00
    1.91299999e+00 1.91299999e+00 1.90699995e+00 1.89100003e+00
    1.87300003e+00 1.85500002e+00 0. 0. 0. 0. 0. 0. 0. 0. 0. 0. 0. 0. 0.
    2.18300009e+00 2.13800001e+00 2.06699991e+00 2.05800009e+00
    2.03900003e+00 1.97200000e+00 1.94000006e+00 1.94000006e+00
    1.94000006e+00 1.94400001e+00 1.97899997e+00 2. 2. 1.97899997e+00
    1.94900000e+00 1.94299996e+00 1.94000006e+00 1.94000006e+00
    1.94000006e+00 1.94000006e+00 1.94000006e+00 1.94000006e+00
    1.94000006e+00 1.94000006e+00 1.94000006e+00 1.91799998e+00
    1.88900006e+00 0. 0. 0. 0. 0. 0. 0. 0. 0. 0. 0. 0. 0. 2.14499998e+00
    2.11400008e+00 2.06599998e+00 2.03800011e+00 2.00699997e+00
    1.96200001e+00 1.94000006e+00 1.94000006e+00 1.94000006e+00
    1.94400001e+00 1.97899997e+00 2. 2. 1.99300003e+00 1.98300004e+00
    1.95799994e+00 1.94000006e+00 1.94000006e+00 1.94000006e+00
    1.94000006e+00 1.94000006e+00 1.94000006e+00 1.94000006e+00
    1.94000006e+00 1.94000006e+00 1.93299997e+00 1.92299998e+00 0. 0. 0.
    0. 0. 0. 0. 0. 0. 0. 0. 0. 0. 2.10700011e+00 2.08999991e+00
    2.06500006e+00 2.02800012e+00 1.99199998e+00 1.95700002e+00
    1.94000006e+00 1.94000006e+00 1.94000006e+00 1.94400001e+00
    1.97899997e+00 2. 2. 2. 2. 1.96599996e+00 1.94000006e+00
    1.94000006e+00 1.94000006e+00 1.94000006e+00 1.93099999e+00
    1.92200005e+00 1.92200005e+00 1.92200005e+00 1.92200005e+00
    1.92200005e+00 1.92200005e+00 0. 0. 0. 0. 0. 0. 0. 0. 0. 0. 0. 0. 0.
    2.06999993e+00 2.06699991e+00 2.06299996e+00 2.02800012e+00
    1.99199998e+00 1.95700002e+00 1.94000006e+00 1.94000006e+00
    1.94000006e+00 1.94400001e+00 1.97899997e+00 2. 2. 2. 2.
    1.96599996e+00 1.94000006e+00 1.94000006e+00 1.94000006e+00
    1.94000006e+00 1.91400003e+00 1.88699996e+00 1.88699996e+00
    1.88699996e+00 1.88699996e+00 1.88699996e+00 1.88699996e+00 0. 0. 0.
    0. 0. 0. 0. 0. 0. 0. 0. 0. 0. 2.03299999e+00 2.03299999e+00
    2.03299999e+00 2.01500010e+00 1.99199998e+00 1.95700002e+00
    1.94000006e+00 1.94000006e+00 1.94000006e+00 1.94200003e+00
    1.96000004e+00 1.97099996e+00 1.97099996e+00 1.98300004e+00 2.
    1.96599996e+00 1.94000006e+00 1.94000006e+00 1.94000006e+00
    1.94000006e+00 1.91100001e+00 1.88100004e+00 1.88100004e+00
    1.88100004e+00 1.88100004e+00 1.88100004e+00 1.88100004e+00 0. 0. 0.
    0. 0. 0. 0. 0. 0. 0. 0. 0. 0. 2. 2. 2. 2. 1.99199998e+00
    1.95700002e+00 1.94000006e+00 1.94000006e+00 1.94000006e+00
    1.94000006e+00 1.94000006e+00 1.94000006e+00 1.94000006e+00
    1.96300006e+00 1.99600005e+00 1.96399999e+00 1.94000006e+00
    1.94000006e+00 1.94000006e+00 1.94000006e+00 1.91100001e+00
    1.88100004e+00 1.88100004e+00 1.88100004e+00 1.88100004e+00
    1.88100004e+00 1.88100004e+00 0. 0. 0. 0. 0. 0. 0. 0. 0. 0. 0. 0. 0.
    2. 2. 2. 2. 1.99199998e+00 1.95700002e+00 1.94000006e+00
    1.94000006e+00 1.94000006e+00 1.94000006e+00 1.94000006e+00
    1.94000006e+00 1.94000006e+00 1.94900000e+00 1.96099997e+00
    1.94900000e+00 1.94000006e+00 1.94000006e+00 1.94000006e+00
    1.94000006e+00 1.91100001e+00 1.88100004e+00 1.88100004e+00
    1.88100004e+00 1.88100004e+00 1.88100004e+00 1.88100004e+00 0. 0. 0.
    0. 0. 0. 0. 0. 0. 0. 0. 0. 0. 2. 2. 2. 2. 1.99399996e+00
    1.96700001e+00 1.95000005e+00 1.94200003e+00 1.93400002e+00
    1.92499995e+00 1.90900004e+00 1.89999998e+00 1.89999998e+00
    1.89999998e+00 1.89999998e+00 1.92299998e+00 1.94000006e+00
    1.94000006e+00 1.94000006e+00 1.94000006e+00 1.91700006e+00
    1.91700006e+00 2.06800008e+00 2.15300012e+00 2.15300012e+00
    2.14400005e+00 2.13199997e+00 0. 0. 0. 0. 0. 0. 0. 0. 0. 0. 0. 0. 0.
    2. 2. 2. 2. 1.99899995e+00 1.99199998e+00 1.97399998e+00
    1.94500005e+00 1.91700006e+00 1.88600004e+00 1.83200002e+00
    1.79900002e+00 1.79900002e+00 1.79900002e+00 1.79900002e+00
    1.88000000e+00 1.94000006e+00 1.94000006e+00 1.94000006e+00
    1.94000006e+00 1.93499994e+00 2.00600004e+00 2.54099989e+00
    2.84200001e+00 2.84200001e+00 2.80999994e+00 2.76699996e+00 0. 0. 0.
    0. 0. 0. 0. 0. 0. 0. 0. 0. 0. 0. 0. 0. 1.16900003e+00 1.99699998e+00
    1.98300004e+00 1.96500003e+00 1.94400001e+00 1.90100002e+00
    1.85200000e+00 1.79900002e+00 1.76699996e+00 1.76699996e+00
    1.76699996e+00 1.76699996e+00 2.08200002e+00 2.31699991e+00
    2.31699991e+00 2.31699991e+00 2.31699991e+00 2.31699991e+00
    2.37400007e+00 2.76500010e+00 2.98600006e+00 2.98600006e+00
    2.97700000e+00 2.96600008e+00 0. 0. 0. 0. 0. 0. 0. 0. 0. 0. 0. 0. 0.
    0. 0. 0. 0. 1.99199998e+00 1.95700002e+00 1.94099998e+00
    1.94000006e+00 1.88499999e+00 1.82000005e+00 1.78699994e+00
    1.76699996e+00 1.76699996e+00 1.76699996e+00 1.76699996e+00
    2.39599991e+00 2.86599994e+00 2.86599994e+00 2.86599994e+00
