<?xml version="1.0"?>
<opencv_storage>
<Depth type_id="opencv-matrix">
  <rows>40</rows>
  <cols>40</cols>
  <dt>f</dt>
  <data>
    1.86399996e+00 1.86399996e+00 1.86399996e+00 1.86399996e+00
    1.86399996e+00 1.86399996e+00 1.86399996e+00 1.86399996e+00
    1.86399996e+00 1.86399996e+00 1.86399996e+00 1.86399996e+00
    1.86399996e+00 1.86399996e+00 1.74500000e+00 1.59599996e+00
    1.46599996e+00 1.39900005e+00 1.33099997e+00 1.27999997e+00
    1.23800004e+00 1.20000005e+00 1.20000005e+00 1.20000005e+00
    1.19000006e+00 1.16999996e+00 1.14999998e+00 1.14900005e+00
    1.14900005e+00 1.14900005e+00 1.14900005e+00 1.14900005e+00
    1.11500001e+00 1.07400000e+00 1.04400003e+00 1.04400003e+00
    1.04400003e+00 1.07200003e+00 1.11300004e+00 1.00300002e+00
    1.86399996e+00 1.86399996e+00 1.86399996e+00 1.86399996e+00
    1.86399996e+00 1.86399996e+00 1.86399996e+00 1.86399996e+00
    1.86399996e+00 1.86399996e+00 1.86399996e+00 1.86399996e+00
    1.86399996e+00 1.86399996e+00 1.80299997e+00 1.72599995e+00
    1.64699996e+00 1.55799997e+00 1.46899998e+00 1.38800001e+00
    1.31200004e+00 1.24199998e+00 1.24199998e+00 1.24199998e+00
    1.22300005e+00 1.18700004e+00 1.14999998e+00 1.14900005e+00
    1.14900005e+00 1.14900005e+00 1.14900005e+00 1.14900005e+00
    1.11500001e+00 1.07400000e+00 1.04400003e+00 1.04400003e+00
    1.04400003e+00 1.07200003e+00 1.11300004e+00 1.11099994e+00
    1.89800000e+00 1.89800000e+00 1.89800000e+00 1.89800000e+00
    1.89800000e+00 1.89800000e+00 1.89800000e+00 1.89800000e+00
    1.89800000e+00 1.89800000e+00 1.89800000e+00 1.89800000e+00
    1.89800000e+00 1.89800000e+00 1.86800003e+00 1.82900000e+00
    1.77699995e+00 1.67900002e+00 1.58099997e+00 1.48800004e+00
    1.39699996e+00 1.31400001e+00 1.30200005e+00 1.29100001e+00
    1.26300001e+00 1.22000003e+00 1.17799997e+00 1.16600001e+00
    1.15499997e+00 1.14900005e+00 1.14900005e+00 1.14900005e+00
    1.12399995e+00 1.09300005e+00 1.07000005e+00 1.07000005e+00
    1.07000005e+00 1.09099996e+00 1.12199998e+00 1.14900005e+00
    1.95099998e+00 1.95099998e+00 1.95099998e+00 1.95099998e+00
    1.95099998e+00 1.95099998e+00 1.95099998e+00 1.95099998e+00
    1.95099998e+00 1.95099998e+00 1.95099998e+00 1.95099998e+00
    1.95099998e+00 1.95099998e+00 1.93599999e+00 1.91799998e+00
    1.88000000e+00 1.77900004e+00 1.67799997e+00 1.58200002e+00
    1.48800004e+00 1.40100002e+00 1.37199998e+00 1.34300005e+00
    1.30700004e+00 1.26300001e+00 1.22000003e+00 1.19200003e+00
    1.16499996e+00 1.14900005e+00 1.14900005e+00 1.14900005e+00
    1.13699996e+00 1.12199998e+00 1.11099994e+00 1.11099994e+00
    1.11099994e+00 1.12100005e+00 1.13600004e+00 1.14900005e+00
    2.00500011e+00 2.00399995e+00 2.00399995e+00 2.00399995e+00
    2.00200009e+00 2.00099993e+00 2. 2. 2. 2. 2. 2. 2. 2. 2. 2.
    1.97599995e+00 1.87600005e+00 1.77499998e+00 1.67700005e+00
    1.58000004e+00 1.48899996e+00 1.44200003e+00 1.39600003e+00
    1.35000002e+00 1.30599999e+00 1.26199996e+00 1.22000003e+00
    1.17799997e+00 1.15199995e+00 1.15100002e+00 1.14900005e+00
    1.14900005e+00 1.14900005e+00 1.14900005e+00 1.14900005e+00
    1.14900005e+00 1.14900005e+00 1.14900005e+00 1.14900005e+00
    2.06800008e+00 2.05900002e+00 2.05900002e+00 2.05699992e+00
    2.03399992e+00 2.01099992e+00 2. 2. 2. 2. 2. 2. 2. 2. 2. 2.
    1.98599994e+00 1.92499995e+00 1.86500001e+00 1.77900004e+00
    1.67900002e+00 1.58299994e+00 1.51699996e+00 1.45000005e+00
    1.39499998e+00 1.35099995e+00 1.30599999e+00 1.26300001e+00
    1.22000003e+00 1.18700004e+00 1.16999996e+00 1.15199995e+00
    1.14900005e+00 1.14900005e+00 1.14900005e+00 1.14900005e+00
    1.14900005e+00 1.14900005e+00 1.14900005e+00 1.14900005e+00
    2.13100004e+00 2.11400008e+00 2.11400008e+00 2.11100006e+00
    2.06599998e+00 2.02200007e+00 2. 2. 2. 2. 2. 2. 2. 2. 2. 2.
    1.99500000e+00 1.97500002e+00 1.95599997e+00 1.88100004e+00
    1.77800000e+00 1.67700005e+00 1.59099996e+00 1.50500000e+00
    1.44000006e+00 1.39499998e+00 1.35000002e+00 1.30700004e+00
    1.26300001e+00 1.22300005e+00 1.18900001e+00 1.15499997e+00
    1.14900005e+00 1.14900005e+00 1.14900005e+00 1.14900005e+00
    1.14900005e+00 1.14900005e+00 1.14900005e+00 1.14900005e+00
    2.21700001e+00 2.19300008e+00 2.18099999e+00 2.16499996e+00
    2.09899998e+00 2.03299999e+00 2. 2. 2. 2. 2. 2. 2. 2. 2. 2. 2. 2. 2.
    1.94400001e+00 1.86099994e+00 1.77699995e+00 1.69000006e+00
    1.60200000e+00 1.53100002e+00 1.47500002e+00 1.41900003e+00
    1.36600006e+00 1.31200004e+00 1.26300001e+00 1.22000003e+00
    1.17799997e+00 1.16999996e+00 1.16999996e+00 1.16799998e+00
    1.15999997e+00 1.15199995e+00 1.14900005e+00 1.14900005e+00
    1.14900005e+00 2.32699990e+00 2.29600000e+00 2.25999999e+00
    2.22099996e+00 2.13199997e+00 2.04399991e+00 2. 2. 2. 2. 2. 2. 2. 2.
    2. 2. 2. 2. 2. 1.97099996e+00 1.92900002e+00 1.88300002e+00
    1.81200004e+00 1.74100006e+00 1.66700006e+00 1.59000003e+00
    1.51300001e+00 1.44000006e+00 1.36800003e+00 1.30599999e+00
    1.26300001e+00 1.22000003e+00 1.21200001e+00 1.21200001e+00
    1.20599997e+00 1.18099999e+00 1.15699995e+00 1.14900005e+00
    1.14900005e+00 1.14900005e+00 2.43700004e+00 2.39800000e+00
    2.33999991e+00 2.27699995e+00 2.16599989e+00 2.05399990e+00 2. 2. 2.
    2. 2. 2. 2. 2. 2. 2. 2. 2. 2. 1.99800003e+00 1.99600005e+00
    1.98899996e+00 1.93499994e+00 1.88100004e+00 1.80299997e+00
    1.70500004e+00 1.60599995e+00 1.51499999e+00 1.42299998e+00
    1.35000002e+00 1.30599999e+00 1.26199996e+00 1.25500000e+00
    1.25500000e+00 1.24399996e+00 1.20299995e+00 1.16199994e+00
    1.14900005e+00 1.14900005e+00 1.14900005e+00 2.44300008e+00
    2.41799998e+00 2.38000011e+00 2.33500004e+00 2.20000005e+00
    2.06599998e+00 2. 2. 2. 2. 2. 2. 2. 2. 2. 2. 2. 2. 2. 2. 2.
    1.99699998e+00 1.96300006e+00 1.92999995e+00 1.87000000e+00
    1.78799999e+00 1.70500004e+00 1.61000001e+00 1.51499999e+00
    1.43299997e+00 1.37100005e+00 1.30900002e+00 1.28499997e+00
    1.26900005e+00 1.25000000e+00 1.22399998e+00 1.19700003e+00
    1.17799997e+00 1.16299999e+00 1.14900005e+00 2.44300008e+00
    2.43400002e+00 2.41899991e+00 2.39299989e+00 2.23499990e+00
    2.07699990e+00 2. 2. 2. 2. 2. 2. 2. 2. 2. 2. 2. 2. 2. 2. 2.
    1.99899995e+00 1.98599994e+00 1.97300005e+00 1.93299997e+00
    1.86800003e+00 1.80400002e+00 1.70700002e+00 1.60899997e+00
    1.51800001e+00 1.43700004e+00 1.35699999e+00 1.31500006e+00
    1.28199995e+00 1.25399995e+00 1.24399996e+00 1.23399997e+00
    1.20899999e+00 1.17700005e+00 1.14900005e+00 2.46600008e+00
    2.46600008e+00 2.46600008e+00 2.45300007e+00 2.28800011e+00
    2.12299991e+00 2.03800011e+00 2.02900004e+00 2.02099991e+00
    2.01999998e+00 2.01999998e+00 2.01699996e+00 2.00999999e+00
    2.00200009e+00 2. 2. 2. 2. 2. 2. 2. 2. 2. 2. 1.97599995e+00
    1.93099999e+00 1.88499999e+00 1.79400003e+00 1.70200002e+00
    1.61099994e+00 1.52499998e+00 1.43799996e+00 1.38000000e+00
    1.32900000e+00 1.28900003e+00 1.28199995e+00 1.27499998e+00
    1.24899995e+00 1.21300006e+00 1.18099999e+00 2.52900004e+00
    2.52900004e+00 2.52900004e+00 2.51699996e+00 2.37100005e+00
    2.22600007e+00 2.13899994e+00 2.10800004e+00 2.07699990e+00
    2.07500005e+00 2.07500005e+00 2.06399989e+00 2.03500009e+00
    2.00600004e+00 2. 2. 2. 2. 2. 2. 2. 2. 2. 2. 1.98699999e+00
    1.96200001e+00 1.93799996e+00 1.86500001e+00 1.78999996e+00
    1.71700001e+00 1.64699996e+00 1.57599998e+00 1.50500000e+00
    1.43299997e+00 1.37300003e+00 1.34899998e+00 1.32500005e+00
    1.30400002e+00 1.28400004e+00 1.26699996e+00 2.59100008e+00
    2.59100008e+00 2.59100008e+00 2.58100009e+00 2.45499992e+00
    2.32900000e+00 2.24000001e+00 2.18700004e+00 2.13299990e+00
    2.13000011e+00 2.13000011e+00 2.11100006e+00 2.06100011e+00
    2.00999999e+00 2. 2. 2. 2. 2. 2. 2. 2. 2. 2. 1.99800003e+00
    1.99399996e+00 1.99000001e+00 1.93499994e+00 1.87899995e+00
    1.82299995e+00 1.76900005e+00 1.71500003e+00 1.62899995e+00
