<?xml version="1.0"?>
<opencv_storage>
<Depth type_id="opencv-matrix">
  <rows>40</rows>
  <cols>40</cols>
  <dt>f</dt>
  <data>
    0. 0. 0. 0. 0. 0. 0. 0. 0. 0. 0. 0. 0. 0. 0. 0. 0. 0. 0. 0. 0. 0. 0.
    0. 0. 0. 0. 0. 0. 0. 0. 0. 0. 0. 0. 0. 0. 0. 0. 0. 0. 0. 0. 0. 0. 0.
    0. 0. 0. 0. 0. 0. 0. 0. 0. 0. 0. 0. 0. 0. 0. 0. 0. 0. 0. 0. 0. 0. 0.
    0. 0. 0. 0. 0. 0. 0. 0. 0. 0. 0. 0. 0. 0. 0. 0. 0. 0. 0. 0. 0. 0. 0.
    0. 0. 0. 0. 0. 0. 0. 0. 0. 0. 0. 0. 0. 0. 0. 0. 0. 0. 0. 0. 0. 0. 0.
    0. 0. 0. 0. 0. 0. 0. 0. 0. 0. 0. 0. 0. 0. 0. 0. 0. 0. 0. 0. 0. 0. 0.
    0. 0. 0. 0. 0. 0. 0. 0. 0. 0. 0. 0. 0. 0. 0. 0. 0. 0. 0. 0. 0. 0. 0.
    0. 0. 0. 0. 0. 0. 0. 0. 0. 0. 0. 0. 0. 0. 0. 0. 0. 0. 0. 0. 0. 0. 0.
    0. 0. 0. 0. 0. 0. 0. 0. 0. 0. 0. 0. 0. 0. 0. 0. 0. 0. 0. 0. 0. 0. 0.
    0. 0. 0. 0. 0. 0. 0. 0. 0. 0. 0. 0. 0. 0. 0. 0. 0. 0. 0. 0. 0. 0. 0.
    0. 0. 0. 0. 0. 0. 0. 0. 0. 0. 0. 0. 0. 0. 0. 0. 0. 0. 0. 0. 0. 0. 0.
    0. 0. 0. 0. 0. 0. 0. 0. 0. 0. 0. 0. 0. 0. 0. 0. 0. 0. 0. 0. 0. 0. 0.
    0. 0. 0. 0. 0. 0. 0. 0. 0. 0. 0. 0. 0. 0. 0. 0. 0. 0. 0. 0. 0. 0. 0.
    0. 0. 0. 0. 0. 0. 0. 0. 0. 0. 0. 0. 0. 0. 0. 0. 0. 0. 0. 0. 0. 0. 0.
    0. 0. 0. 0. 0. 0. 0. 0. 0. 0. 0. 0. 0. 0. 0. 0. 0. 0. 0. 0. 0. 0. 0.
    0. 0. 0. 0. 0. 0. 0. 0. 0. 0. 0. 0. 0. 0. 0. 0. 0. 0. 0. 0. 0. 0. 0.
    0. 0. 0. 0. 0. 0. 0. 0. 0. 0. 0. 0. 0. 0. 0. 0. 0. 0. 0. 0. 0. 0. 0.
    0. 0. 0. 0. 0. 0. 0. 0. 0. 0. 0. 0. 0. 0. 0. 2.53900003e+00 0. 0. 0.
    2.97499990e+00 2.97499990e+00 2.97499990e+00 2.97499990e+00
    2.97499990e+00 2.93700004e+00 2.93700004e+00 2.97499990e+00
    2.97499990e+00 2.93700004e+00 2.15000010e+00 2.15000010e+00
    2.15000010e+00 2.15000010e+00 2.97499990e+00 2.97499990e+00
    2.12800002e+00 2.12800002e+00 2.12800002e+00 2.12800002e+00
    2.12800002e+00 2.15000010e+00 2.15000010e+00 2.15000010e+00 0. 0. 0.
    0. 0. 0. 0. 0. 0. 0. 0. 0. 2.53900003e+00 2.53900003e+00
    2.97499990e+00 2.97499990e+00 2.97499990e+00 2.97499990e+00
    2.93700004e+00 2.90000010e+00 2.90000010e+00 2.86400008e+00
    2.86400008e+00 2.93700004e+00 2.15000010e+00 2.12800002e+00
    2.12800002e+00 2.12800002e+00 2.12800002e+00 2.12800002e+00
    2.12800002e+00 2.10500002e+00 2.10500002e+00 2.10500002e+00
    2.10500002e+00 2.10500002e+00 2.12800002e+00 2.12800002e+00
    2.15000010e+00 2.15000010e+00 0. 0. 0. 0. 0. 0. 0. 0. 0. 0. 0. 0.
    2.53900003e+00 2.53900003e+00 2.56900001e+00 2.56900001e+00
    2.93700004e+00 2.93700004e+00 2.90000010e+00 2.86400008e+00
    2.86400008e+00 2.86400008e+00 2.86400008e+00 2.12800002e+00
    2.12800002e+00 2.10500002e+00 2.10500002e+00 2.10500002e+00
    2.08400011e+00 2.08400011e+00 2.10500002e+00 2.08400011e+00
    2.08400011e+00 2.08400011e+00 2.08400011e+00 2.08400011e+00
    2.08400011e+00 2.10500002e+00 2.10500002e+00 2.15000010e+00 0. 0. 0.
    0. 0. 0. 0. 0. 0. 0. 0. 0. 2.56900001e+00 2.56900001e+00
    2.56900001e+00 2.56900001e+00 2.82900000e+00 2.86400008e+00
    2.86400008e+00 2.86400008e+00 2.12800002e+00 2.12800002e+00
    2.10500002e+00 2.10500002e+00 2.10500002e+00 2.08400011e+00
    2.08400011e+00 2.08400011e+00 2.08400011e+00 2.08400011e+00
    2.06200004e+00 2.06200004e+00 2.06200004e+00 2.06200004e+00
    2.06200004e+00 2.06200004e+00 2.06200004e+00 2.06200004e+00
    2.06200004e+00 2.06200004e+00 0. 0. 0. 0. 0. 0. 0. 0. 0. 0. 0. 0.
    2.56900001e+00 2.56900001e+00 2.56900001e+00 2.59899998e+00
    2.04099989e+00 2.04099989e+00 2.04099989e+00 2.06200004e+00
    2.08400011e+00 2.12800002e+00 2.08400011e+00 2.08400011e+00
    2.08400011e+00 2.06200004e+00 2.06200004e+00 2.06200004e+00
    2.06200004e+00 2.06200004e+00 2.04099989e+00 2.04099989e+00
    2.06200004e+00 2.06200004e+00 2.06200004e+00 2.06200004e+00
    2.06200004e+00 2.06200004e+00 2.04099989e+00 2.04099989e+00 0. 0. 0.
    0. 0. 0. 0. 0. 0. 0. 0. 0. 2.56900001e+00 2.56900001e+00
    2.01999998e+00 2.01999998e+00 2.04099989e+00 2.01999998e+00
    2.01999998e+00 2.04099989e+00 2.06200004e+00 2.06200004e+00
    2.06200004e+00 2.06200004e+00 2.04099989e+00 2.04099989e+00
    2.04099989e+00 2.04099989e+00 2.04099989e+00 2.04099989e+00
    2.01999998e+00 2.01999998e+00 2.04099989e+00 2.04099989e+00
    2.06200004e+00 2.06200004e+00 2.06200004e+00 2.06200004e+00
    2.04099989e+00 2.04099989e+00 0. 0. 0. 0. 0. 0. 0. 0. 0. 0. 0. 0.
    2.01999998e+00 2.01999998e+00 2.01999998e+00 2.01999998e+00
    2.01999998e+00 2.01999998e+00 2.01999998e+00 2.01999998e+00
    2.01999998e+00 2.01999998e+00 2.01999998e+00 2.01999998e+00
    2.01999998e+00 2.01999998e+00 2.01999998e+00 2.01999998e+00
    2.01999998e+00 2.04099989e+00 2.01999998e+00 2.01999998e+00
    2.04099989e+00 2.04099989e+00 2.06200004e+00 2.06200004e+00
    2.06200004e+00 2.06200004e+00 2.06200004e+00 2.06200004e+00 0. 0. 0.
    0. 0. 0. 0. 0. 0. 0. 0. 0. 1.97899997e+00 2. 2. 2. 2. 2. 2. 2. 2. 2.
    2. 2. 2. 2. 2. 2. 2. 2.01999998e+00 2.01999998e+00 2.01999998e+00
    2.04099989e+00 2.06200004e+00 2.06200004e+00 2.06200004e+00
    2.06200004e+00 2.06200004e+00 2.06200004e+00 0. 0. 0. 0. 0. 0. 0. 0.
    0. 0. 0. 0. 0. 1.97899997e+00 2. 2. 2. 2. 1.97899997e+00
    1.97899997e+00 1.97899997e+00 1.97899997e+00 1.97899997e+00
    1.97899997e+00 1.97899997e+00 1.97899997e+00 1.97899997e+00
    1.97899997e+00 2. 2. 2.01999998e+00 2.01999998e+00 2.01999998e+00
    2.04099989e+00 2.06200004e+00 2.06200004e+00 2.06200004e+00
    2.06200004e+00 2.06200004e+00 2.06200004e+00 0. 0. 0. 0. 0. 0. 0. 0.
    0. 0. 0. 0. 0. 1.97899997e+00 1.97899997e+00 1.97899997e+00
    1.95899999e+00 1.95899999e+00 1.95899999e+00 1.95899999e+00
    1.95899999e+00 1.95899999e+00 1.95899999e+00 1.95899999e+00
    1.97899997e+00 1.97899997e+00 1.97899997e+00 1.97899997e+00 2. 2.
    2.01999998e+00 2.01999998e+00 2.01999998e+00 2.04099989e+00
    2.04099989e+00 2.06200004e+00 2.06200004e+00 2.06200004e+00
    2.06200004e+00 2.06200004e+00 0. 0. 0. 0. 0. 0. 0. 0. 0. 0. 0. 0. 0.
    1.97899997e+00 1.95899999e+00 1.95899999e+00 1.94000006e+00
    1.94000006e+00 1.95899999e+00 1.95899999e+00 1.95899999e+00
    1.95899999e+00 1.95899999e+00 1.95899999e+00 1.97899997e+00
    1.97899997e+00 1.97899997e+00 2. 2. 2. 2. 2. 2. 2.01999998e+00
    2.04099989e+00 2.06200004e+00 2.06200004e+00 2.06200004e+00
    2.06200004e+00 2.06200004e+00 2.06200004e+00 0. 0. 0. 0. 0. 0. 0. 0.
    0. 0. 0. 0. 0. 1.95899999e+00 1.92100000e+00 1.92100000e+00
    1.94000006e+00 1.94000006e+00 1.95899999e+00 1.95899999e+00
    1.95899999e+00 1.97899997e+00 1.97899997e+00 1.97899997e+00
    1.97899997e+00 1.97899997e+00 2. 2. 2. 2. 2. 2. 2.01999998e+00
    2.01999998e+00 2.04099989e+00 2.04099989e+00 2.06200004e+00
    2.06200004e+00 2.06200004e+00 2.06200004e+00 0. 0. 0. 0. 0. 0. 0. 0.
    0. 0. 0. 0. 0. 0. 1.92100000e+00 1.92100000e+00 1.94000006e+00
    1.94000006e+00 1.95899999e+00 1.95899999e+00 1.95899999e+00
    1.97899997e+00 1.97899997e+00 1.97899997e+00 1.97899997e+00 2. 2. 2.
    2. 2. 2. 2. 2.01999998e+00 2.01999998e+00 2.04099989e+00
    2.04099989e+00 2.04099989e+00 2.04099989e+00 2.06200004e+00
    2.06200004e+00 0. 0. 0. 0. 0. 0. 0. 0. 0. 0. 0. 0. 0. 0.
    1.94000006e+00 1.94000006e+00 1.94000006e+00 1.94000006e+00
    1.95899999e+00 1.95899999e+00 1.97899997e+00 1.97899997e+00
    1.97899997e+00 1.97899997e+00 2. 2. 2. 2. 2. 2. 2. 2. 2.
    2.01999998e+00 2.04099989e+00 2.04099989e+00 2.04099989e+00
    2.04099989e+00 2.04099989e+00 2.04099989e+00 0. 0. 0. 0. 0. 0. 0. 0.
    0. 0. 0. 0. 0. 1.97899997e+00 1.95899999e+00 1.95899999e+00
    1.94000006e+00 1.94000006e+00 1.95899999e+00 1.95899999e+00
    1.97899997e+00 1.97899997e+00 1.97899997e+00 1.97899997e+00 2. 2. 2.
    2. 2. 2. 2. 2. 2. 2. 2. 2. 2.01999998e+00 2.01999998e+00
    2.01999998e+00 2.04099989e+00 0. 0. 0. 0. 0. 0. 0. 0. 0. 0. 0. 0. 0.
    1.97899997e+00 1.97899997e+00 1.95899999e+00 1.94000006e+00
    1.94000006e+00 1.95899999e+00 1.95899999e+00 1.97899997e+00
    1.97899997e+00 1.97899997e+00 1.97899997e+00 2. 2. 2. 2. 2. 2. 2. 2.
