<?xml version="1.0"?>
<opencv_storage>
<Depth type_id="opencv-matrix">
  <rows>40</rows>
  <cols>40</cols>
  <dt>f</dt>
  <data>
    0. 0. 0. 0. 0. 0. 0. 0. 0. 0. 0. 0. 0. 0. 0. 0. 0. 0. 0. 0. 0. 0. 0.
    0. 0. 0. 0. 0. 0. 0. 0. 0. 0. 0. 0. 0. 0. 0. 0. 0. 0. 0. 0. 0. 0. 0.
    0. 0. 0. 0. 0. 0. 0. 0. 0. 0. 0. 0. 0. 0. 0. 0. 0. 0. 0. 0. 0. 0. 0.
    0. 0. 0. 0. 0. 0. 0. 0. 0. 0. 0. 0. 0. 0. 0. 0. 0. 0. 0. 0. 0. 0. 0.
    0. 0. 0. 0. 0. 0. 0. 0. 0. 0. 0. 0. 0. 0. 0. 0. 0. 0. 0. 0. 0. 0. 0.
    0. 0. 0. 0. 0. 0. 0. 0. 0. 0. 0. 0. 0. 0. 0. 0. 0. 0. 0. 0. 0. 0. 0.
    0. 0. 0. 0. 0. 0. 0. 0. 0. 0. 0. 0. 0. 0. 0. 0. 0. 0. 0. 0. 0. 0. 0.
    0. 0. 0. 0. 0. 0. 0. 0. 0. 0. 0. 0. 0. 0. 0. 0. 0. 0. 0. 0. 0. 0. 0.
    0. 0. 0. 0. 0. 0. 0. 0. 0. 0. 0. 0. 0. 0. 0. 0. 0. 0. 0. 0. 0. 0. 0.
    0. 0. 0. 0. 0. 0. 0. 0. 0. 0. 0. 0. 0. 0. 0. 0. 0. 0. 0. 0. 0. 0. 0.
    0. 0. 0. 0. 0. 0. 0. 0. 0. 0. 0. 0. 0. 0. 0. 0. 0. 0. 0. 0. 0. 0. 0.
    0. 0. 0. 0. 0. 0. 0. 0. 0. 0. 0. 0. 0. 0. 0. 0. 0. 0. 0. 0. 0. 0. 0.
    0. 0. 0. 0. 0. 0. 0. 0. 0. 0. 0. 0. 0. 0. 0. 0. 0. 0. 0. 0. 0. 0. 0.
    0. 0. 0. 0. 0. 0. 0. 0. 0. 0. 0. 0. 0. 0. 0. 0. 0. 0. 0. 0. 0. 0. 0.
    0. 0. 0. 0. 0. 0. 0. 0. 0. 0. 0. 0. 0. 0. 0. 0. 0. 0. 0. 0. 0. 0. 0.
    0. 0. 0. 0. 0. 0. 0. 0. 0. 0. 0. 0. 0. 0. 0. 0. 0. 0. 0. 0. 0. 0. 0.
    0. 0. 0. 0. 0. 0. 0. 0. 0. 0. 0. 0. 0. 0. 0. 0. 0. 0. 0. 0. 0. 0. 0.
    0. 0. 0. 0. 0. 0. 0. 0. 0. 0. 0. 0. 0. 0. 0. 0. 0. 0. 0. 0. 0. 0. 0.
    0. 0. 0. 0. 0. 0. 0. 0. 0. 0. 0. 0. 0. 0. 0. 0. 0. 0. 0. 0. 0. 0. 0.
    0. 0. 0. 0. 0. 0. 0. 0. 0. 0. 0. 0. 0. 0. 0. 0. 0. 0. 0. 0. 0. 0. 0.
    0. 0. 0. 0. 0. 0. 0. 0. 0. 0. 0. 0. 0. 0. 0. 0. 0. 0. 0. 0. 0. 0. 0.
    0. 0. 0. 0. 0. 0. 0. 0. 0. 0. 0. 0. 0. 0. 0. 0. 0. 0. 0. 0. 0. 0. 0.
    0. 0. 0. 0. 0. 0. 0. 0. 0. 0. 0. 0. 0. 0. 0. 0. 0. 0. 0. 0. 0. 0. 0.
    0. 0. 0. 0. 0. 0. 0. 0. 0. 0. 0. 0. 0. 0. 0. 0. 0. 0. 0. 0. 0. 0. 0.
    0. 0. 0. 0. 0. 0. 0. 0. 0. 0. 0. 0. 0. 0. 0. 0. 0. 0. 0. 0. 0. 0. 0.
    0. 0. 0. 0. 0. 0. 0. 0. 0. 0. 0. 0. 0. 0. 0. 0. 0. 0. 0. 0. 0. 0. 0.
    0. 0. 2.12599993e+00 2.12599993e+00 2.12599993e+00 2.14000010e+00
    2.17799997e+00 2.19199991e+00 2.19199991e+00 2.19199991e+00
    2.18300009e+00 2.14499998e+00 2.10700011e+00 2.06999993e+00
    2.06299996e+00 2.06299996e+00 2.06299996e+00 2.06299996e+00
    2.06299996e+00 2.03800011e+00 2.00099993e+00 2. 2. 2. 2. 2.
    2.03099990e+00 2.06800008e+00 2.10500002e+00 2.10999990e+00
    2.07299995e+00 2.06299996e+00 2.06299996e+00 2.06299996e+00
    2.05200005e+00 2.01500010e+00 2. 2. 1.96899998e+00 1.94000006e+00
    1.94000006e+00 1.94000006e+00 2.12599993e+00 2.12599993e+00
    2.12599993e+00 2.13400006e+00 2.15799999e+00 2.16700006e+00
    2.16700006e+00 2.16700006e+00 2.15799999e+00 2.11999989e+00
    2.08999991e+00 2.06699991e+00 2.06299996e+00 2.06299996e+00
    2.06299996e+00 2.06299996e+00 2.06299996e+00 2.03800011e+00
    2.00099993e+00 2. 2. 2. 2. 2. 2.03099990e+00 2.06599998e+00
    2.08899999e+00 2.09200001e+00 2.06900001e+00 2.06299996e+00
    2.06299996e+00 2.04900002e+00 2.03200006e+00 2.00900006e+00 2. 2.
    1.96899998e+00 1.94000006e+00 1.94000006e+00 1.94000006e+00
    2.12599993e+00 2.12599993e+00 2.12599993e+00 2.12599993e+00
    2.12800002e+00 2.12800002e+00 2.12800002e+00 2.12800002e+00
    2.11999989e+00 2.08299994e+00 2.06500006e+00 2.06299996e+00
    2.06299996e+00 2.06299996e+00 2.06299996e+00 2.06299996e+00
    2.06299996e+00 2.03800011e+00 2.00099993e+00 2. 2. 2. 2. 2.
    2.03099990e+00 2.06299996e+00 2.06500006e+00 2.06500006e+00
    2.06299996e+00 2.06299996e+00 2.06200004e+00 2.02699995e+00
    2.00200009e+00 2.00099993e+00 2. 2. 1.96899998e+00 1.94000006e+00
    1.94000006e+00 1.94000006e+00 2.12599993e+00 2.12599993e+00
    2.12599993e+00 2.12599993e+00 2.12599993e+00 2.12599993e+00
    2.12599993e+00 2.12599993e+00 2.11800003e+00 2.08100009e+00
    2.06299996e+00 2.06299996e+00 2.06299996e+00 2.06299996e+00
    2.06299996e+00 2.06299996e+00 2.06299996e+00 2.05200005e+00
    2.03500009e+00 2.03500009e+00 2.03500009e+00 2.03500009e+00
    2.02300000e+00 2.00300002e+00 2.01399994e+00 2.03099990e+00
    2.05200005e+00 2.06299996e+00 2.06299996e+00 2.04800010e+00
    2.02800012e+00 2.01200008e+00 2. 2. 2. 2. 1.96899998e+00
    1.94000006e+00 1.94000006e+00 1.94000006e+00 2.13499999e+00
    2.13499999e+00 2.12899995e+00 2.12599993e+00 2.12599993e+00
    2.12599993e+00 2.12599993e+00 2.12599993e+00 2.11800003e+00
    2.08100009e+00 2.06299996e+00 2.06299996e+00 2.06299996e+00
    2.06299996e+00 2.06299996e+00 2.06100011e+00 2.05599999e+00
    2.05500007e+00 2.05500007e+00 2.05500007e+00 2.05500007e+00
    2.05500007e+00 2.03699994e+00 2.00500011e+00 2. 2.00500011e+00
    2.04200006e+00 2.06299996e+00 2.06299996e+00 2.03600001e+00 2. 2. 2.
    2. 2. 2. 1.97300005e+00 1.94700003e+00 1.94200003e+00 1.93799996e+00
    2.17300010e+00 2.17199993e+00 2.14400005e+00 2.12599993e+00
    2.12599993e+00 2.12599993e+00 2.12599993e+00 2.12599993e+00
    2.11800003e+00 2.08100009e+00 2.06299996e+00 2.06299996e+00
    2.06299996e+00 2.06299996e+00 2.06299996e+00 2.05299997e+00
    2.02600002e+00 2.01799989e+00 2.01799989e+00 2.01799989e+00
    2.01799989e+00 2.01799989e+00 2.01200008e+00 2.00200009e+00 2.
    2.00500011e+00 2.04200006e+00 2.06299996e+00 2.06299996e+00
    2.03600001e+00 2. 2. 2. 2. 2. 2. 1.99100006e+00 1.97899997e+00
    1.95299995e+00 1.92799997e+00 2.17199993e+00 2.17000008e+00
    2.13100004e+00 2.10700011e+00 2.10700011e+00 2.10700011e+00
    2.10700011e+00 2.11700010e+00 2.11999989e+00 2.09500003e+00
    2.08200002e+00 2.08200002e+00 2.08200002e+00 2.08100009e+00
    2.06999993e+00 2.04900002e+00 2.01200008e+00 2. 2. 2. 2. 2.
    1.99399996e+00 1.98300004e+00 1.98199999e+00 1.98699999e+00
    2.02300000e+00 2.04399991e+00 2.04399991e+00 2.03299999e+00
    2.01900005e+00 2.01900005e+00 2.01900005e+00 2.01900005e+00
    2.01200008e+00 2.00099993e+00 2. 1.99399996e+00 1.95799994e+00
    1.92400002e+00 2.13299990e+00 2.13100004e+00 2.09400010e+00
    2.06999993e+00 2.06999993e+00 2.06999993e+00 2.06999993e+00
    2.10100007e+00 2.12500000e+00 2.12100005e+00 2.11899996e+00
    2.11899996e+00 2.11899996e+00 2.11599994e+00 2.08299994e+00
    2.04900002e+00 2.01200008e+00 2. 2. 2. 2. 2. 1.98300004e+00
    1.95099998e+00 1.94700003e+00 1.95200002e+00 1.98699999e+00
    2.00699997e+00 2.00699997e+00 2.02800012e+00 2.05599999e+00
    2.05599999e+00 2.05599999e+00 2.05599999e+00 2.03600001e+00
    2.00399995e+00 2. 1.99399996e+00 1.95799994e+00 1.92400002e+00
    2.12599993e+00 2.12400007e+00 2.08699989e+00 2.06299996e+00
    2.06299996e+00 2.06299996e+00 2.06299996e+00 2.09699988e+00
    2.12599993e+00 2.12599993e+00 2.13599992e+00 2.15400004e+00
    2.14299989e+00 2.12199998e+00 2.08500004e+00 2.04900002e+00
    2.01200008e+00 2. 2. 2. 2. 2. 1.98000002e+00 1.94500005e+00
    1.94000006e+00 1.94500005e+00 1.98000002e+00 2. 2. 2.02699995e+00
    2.06299996e+00 2.06299996e+00 2.06299996e+00 2.06299996e+00
    2.06200004e+00 2.05999994e+00 2.05999994e+00 2.09100008e+00
    2.25699997e+00 2.32500005e+00 2.12599993e+00 2.12400007e+00
    2.08699989e+00 2.06299996e+00 2.06299996e+00 2.06299996e+00
    2.06299996e+00 2.09699988e+00 2.12599993e+00 2.12599993e+00
    2.14599991e+00 2.18499994e+00 2.16100001e+00 2.12199998e+00
    2.08500004e+00 2.04900002e+00 2.01200008e+00 2. 2. 2. 2. 2.
    1.98000002e+00 1.94500005e+00 1.94000006e+00 1.94500005e+00
    1.98000002e+00 2. 2. 2.02699995e+00 2.06299996e+00 2.06299996e+00
    2.06299996e+00 2.06299996e+00 2.08500004e+00 2.12199998e+00
    2.12599993e+00 2.19799995e+00 2.58699989e+00 2.76900005e+00 0. 0. 0.
    0. 0. 0. 0. 0. 0. 0. 0. 0. 0. 0. 0. 0. 0. 0. 0. 0. 0. 0. 0. 0. 0. 0.
    0. 0. 0. 0. 0. 0. 0. 0. 0. 0. 0. 0. 0. 0. 0. 0. 0. 0. 0. 0. 0. 0. 0.
    0. 0. 0. 0. 0. 0. 0. 0. 0. 0. 0. 0. 0. 0. 0. 0. 0. 0. 0. 0. 0. 0. 0.
    0. 0. 0. 0. 0. 0. 0. 0. 0. 0. 0. 0. 0. 0. 0. 0. 0. 0. 0. 0. 0. 0. 0.
    0. 0. 0. 0. 0. 0. 0. 0. 0. 0. 0. 0. 0. 0. 0. 0. 0. 0. 0. 0. 0. 0. 0.
