<?xml version="1.0"?>
<opencv_storage>
<Depth type_id="opencv-matrix">
  <rows>40</rows>
  <cols>40</cols>
  <dt>f</dt>
  <data>
    0. 0. 0. 0. 0. 0. 0. 0. 0. 0. 0. 0. 0. 0. 0. 0. 0. 0. 0. 0. 0. 0. 0.
    0. 0. 0. 0. 0. 0. 0. 0. 0. 0. 0. 0. 0. 0. 0. 0. 0. 0. 0. 0. 0. 0. 0.
    0. 0. 0. 0. 0. 0. 0. 0. 0. 0. 0. 0. 0. 0. 0. 0. 0. 0. 0. 0. 0. 0. 0.
    0. 0. 0. 0. 0. 0. 0. 0. 0. 0. 0. 0. 0. 0. 0. 0. 0. 0. 0. 0. 0. 0. 0.
    0. 0. 0. 0. 0. 0. 0. 0. 0. 0. 0. 0. 0. 0. 0. 0. 0. 0. 0. 0. 0. 0. 0.
    0. 0. 0. 0. 0. 0. 0. 0. 0. 0. 0. 0. 0. 0. 0. 0. 0. 0. 0. 0. 0. 0. 0.
    0. 0. 0. 0. 0. 0. 0. 0. 0. 0. 0. 0. 0. 0. 0. 0. 0. 0. 0. 0. 0. 0. 0.
    0. 0. 0. 0. 0. 0. 0. 0. 0. 0. 0. 0. 0. 0. 0. 0. 0. 0. 0. 0. 0. 0. 0.
    0. 0. 0. 0. 0. 0. 0. 0. 0. 0. 0. 0. 0. 0. 0. 0. 0. 0. 0. 0. 0. 0. 0.
    0. 0. 0. 0. 0. 0. 0. 0. 0. 0. 0. 0. 0. 0. 0. 0. 0. 0. 0. 0. 0. 0. 0.
    0. 0. 0. 0. 0. 0. 0. 0. 0. 0. 0. 0. 0. 0. 0. 0. 0. 0. 0. 0. 0. 0. 0.
    0. 0. 0. 0. 0. 0. 0. 0. 0. 0. 0. 0. 0. 0. 0. 0. 0. 0. 0. 0. 0. 0. 0.
    0. 0. 0. 0. 0. 0. 0. 0. 0. 0. 0. 0. 0. 0. 0. 0. 0. 0. 0. 0. 0. 0. 0.
    0. 0. 0. 0. 0. 0. 0. 0. 0. 0. 0. 0. 0. 0. 0. 0. 0. 0. 0. 0. 0. 0. 0.
    0. 0. 0. 0. 0. 0. 0. 0. 0. 0. 0. 0. 0. 0. 0. 0. 0. 0. 0. 0. 0. 0. 0.
    0. 0. 0. 0. 0. 0. 0. 0. 0. 0. 0. 0. 0. 0. 0. 0. 0. 0. 0. 0. 0. 0. 0.
    0. 0. 0. 0. 0. 0. 0. 0. 0. 0. 0. 0. 0. 0. 0. 0. 0. 0. 0. 0. 0. 0. 0.
    0. 0. 0. 0. 0. 0. 0. 0. 0. 0. 0. 0. 0. 0. 0. 0. 0. 0. 0. 0. 0. 0. 0.
    0. 0. 0. 0. 0. 0. 0. 0. 0. 0. 0. 0. 0. 0. 0. 0. 0. 0. 0. 0. 0. 0. 0.
    0. 0. 0. 0. 0. 0. 0. 0. 0. 0. 0. 0. 0. 0. 0. 0. 0. 0. 0. 0. 0. 0. 0.
    0. 0. 0. 0. 0. 0. 0. 0. 0. 0. 0. 0. 0. 0. 0. 0. 0. 0. 0. 0. 0. 0. 0.
    0. 0. 0. 0. 0. 0. 0. 0. 0. 0. 0. 0. 0. 0. 0. 0. 0. 0. 0. 0. 0. 0. 0.
    0. 0. 0. 0. 0. 0. 0. 0. 0. 0. 0. 0. 0. 0. 0. 0. 0. 0. 0. 0. 0. 0. 0.
    0. 0. 0. 0. 0. 0. 0. 0. 0. 0. 0. 0. 0. 0. 0. 0. 0. 0. 0. 0. 0. 0. 0.
    0. 0. 0. 0. 0. 0. 0. 0. 0. 0. 0. 2.11100006e+00 2.12800002e+00
    2.13400006e+00 2.13899994e+00 2.13400006e+00 2.10400009e+00
    2.56200004e+00 2.56699991e+00 2.56999993e+00 2.56200004e+00
    2.55599999e+00 2.73900008e+00 2.76200008e+00 2.70400000e+00
    2.51500010e+00 2.51799989e+00 2.07900000e+00 2.07399988e+00
    2.53600001e+00 2.50399995e+00 2.49200010e+00 2.73399997e+00
    2.73399997e+00 2.74399996e+00 2.75000000e+00 2.75000000e+00
    2.75000000e+00 2.74499989e+00 2.74200010e+00 2.74000001e+00
    2.76300001e+00 2.75799990e+00 2.75000000e+00 0. 0. 0. 0. 0. 0. 0.
    2.11899996e+00 2.11899996e+00 2.11100006e+00 2.11100006e+00
    2.10200000e+00 2.10200000e+00 2.09400010e+00 2.10299993e+00
    2.11700010e+00 2.11100006e+00 2.10899997e+00 2.10200000e+00
    2.09299994e+00 2.05299997e+00 2.05299997e+00 2.06100011e+00
    2.06100011e+00 2.06100011e+00 2.34599996e+00 2.49099994e+00
    2.47399998e+00 2.70199990e+00 2.70700002e+00 2.70700002e+00
    2.72300005e+00 2.71600008e+00 2.69199991e+00 2.70300007e+00
    2.71399999e+00 2.72300005e+00 2.73499990e+00 2.72300005e+00
    2.73600006e+00 0. 0. 0. 0. 0. 0. 0. 2.11500001e+00 2.10500002e+00
    2.10299993e+00 2.09599996e+00 2.09400010e+00 2.09400010e+00
    2.09400010e+00 2.09599996e+00 2.09599996e+00 2.09599996e+00
    2.09599996e+00 2.09599996e+00 2.08400011e+00 2.06699991e+00
    2.06100011e+00 2.05500007e+00 2.04800010e+00 2.04299998e+00
    2.05599999e+00 2.06500006e+00 2.06100011e+00 2.18300009e+00
    2.68099999e+00 2.69199991e+00 2.71600008e+00 2.66899991e+00
    2.66599989e+00 2.67799997e+00 2.69400001e+00 2.69499993e+00
    2.68600011e+00 2.69099998e+00 2.70099998e+00 0. 0. 0. 0. 0. 0. 0.
    1.90999997e+00 2.09400010e+00 2.07500005e+00 2.06999993e+00
    2.07299995e+00 2.06999993e+00 2.06800008e+00 2.06500006e+00
    2.06699991e+00 2.06800008e+00 2.06999993e+00 2.06599998e+00
    2.06599998e+00 2.06500006e+00 2.06100011e+00 2.04699993e+00
    2.03200006e+00 2.03200006e+00 2.03999996e+00 2.05200005e+00
    2.05500007e+00 2.04699993e+00 2.02699995e+00 2.02300000e+00
    2.04900002e+00 2.04699993e+00 2.02200007e+00 2.02200007e+00
    2.43799996e+00 2.43600011e+00 2.42799997e+00 2.41499996e+00
    2.64800000e+00 0. 0. 0. 0. 0. 0. 0. 1.60500002e+00 1.61199999e+00
    1.91799998e+00 2.04200006e+00 2.03699994e+00 2.03699994e+00
    2.02900004e+00 2.02900004e+00 2.02900004e+00 2.02900004e+00
    2.03099990e+00 2.04299998e+00 2.03600001e+00 2.04500008e+00
    2.05699992e+00 2.03200006e+00 2.01200008e+00 2.00699997e+00
    2.02300000e+00 2.03699994e+00 2.03699994e+00 2.03699994e+00
    2.03500009e+00 2.02999997e+00 2.03500009e+00 2.03999996e+00
    2.02900004e+00 2.02099991e+00 2.02500010e+00 2.03099990e+00
    2.03699994e+00 2.03699994e+00 2.59599996e+00 0. 0. 0. 0. 0. 0. 0.
    1.60500002e+00 1.61199999e+00 1.91799998e+00 2.03800011e+00
    2.02999997e+00 2.02999997e+00 2.02200007e+00 2.02200007e+00
    2.01799989e+00 2.00900006e+00 2.00900006e+00 2.00900006e+00
    2.00900006e+00 2.00200009e+00 2.00200009e+00 2.00200009e+00
    2.00200009e+00 2. 2.00099993e+00 2.00999999e+00 2.01900005e+00
    2.01900005e+00 2.01900005e+00 2.02399993e+00 2.02600002e+00
    2.02200007e+00 2.01099992e+00 2.00900006e+00 2.01200008e+00
    2.02300000e+00 2.02500010e+00 2.01699996e+00 2.02600002e+00 0. 0. 0.
    0. 0. 0. 0. 1.60599995e+00 1.61600006e+00 1.97200000e+00
    2.03500009e+00 2.02999997e+00 2.02999997e+00 2.02399993e+00
    2.02099991e+00 2.01500010e+00 2.00900006e+00 2.00699997e+00
    2.00699997e+00 2.00300002e+00 2. 2. 2. 2. 2. 2. 2.00099993e+00
    2.00399995e+00 2.00399995e+00 2. 2.00200009e+00 1.99699998e+00
    2.00399995e+00 2.00300002e+00 1.99699998e+00 2.00200009e+00
    2.00799990e+00 2.00500011e+00 2. 1.98899996e+00 0. 0. 0. 0. 0. 0. 0.
    1.59700000e+00 2.04099989e+00 2.04299998e+00 2.03600001e+00
    2.03099990e+00 2.02999997e+00 2.02999997e+00 2.02099991e+00
    2.01600003e+00 2.01200008e+00 2.00699997e+00 2.00699997e+00
    2.00399995e+00 2.00099993e+00 2. 1.99500000e+00 1.99399996e+00 2. 2.
    2. 2. 1.97500002e+00 1.96200001e+00 1.96200001e+00 1.97000003e+00
    1.99000001e+00 1.99000001e+00 1.98300004e+00 1.98399997e+00
    1.98300004e+00 1.98300004e+00 1.98599994e+00 1.98199999e+00 0. 0. 0.
    0. 0. 0. 0. 1.58700001e+00 2.06699991e+00 2.05399990e+00
    2.04800010e+00 2.03800011e+00 2.03200006e+00 2.02999997e+00
    2.02800012e+00 2.02800012e+00 2.02500010e+00 2.00699997e+00
    2.00699997e+00 2.00699997e+00 2.00699997e+00 2.00600004e+00
    2.00099993e+00 1.99899995e+00 2. 2. 2. 1.99399996e+00 1.95299995e+00
    1.94799995e+00 1.94500005e+00 1.95299995e+00 1.96000004e+00
    1.96599996e+00 1.96399999e+00 1.96899998e+00 1.96399999e+00
    1.95799994e+00 1.95799994e+00 1.95899999e+00 0. 0. 0. 0. 0. 0. 0.
    1.57900000e+00 1.59300005e+00 2.05500007e+00 2.04999995e+00
    2.04500008e+00 2.03900003e+00 2.03600001e+00 2.02999997e+00
    2.02999997e+00 2.03399992e+00 2.02099991e+00 2.01500010e+00
    2.01099992e+00 2.00699997e+00 2.00699997e+00 2.00699997e+00
    2.00600004e+00 2. 2. 2. 1.99199998e+00 1.94900000e+00 1.93200004e+00
    1.92600000e+00 1.93799996e+00 1.94299996e+00 1.94599998e+00
    1.94599998e+00 1.94900000e+00 1.94900000e+00 1.94599998e+00
    1.94599998e+00 1.94200003e+00 0. 0. 0. 0. 0. 0. 0. 1.56299996e+00
    1.65900004e+00 2.06100011e+00 2.04999995e+00 2.04500008e+00
    2.04500008e+00 2.04200006e+00 2.03099990e+00 2.02999997e+00
    2.03699994e+00 2.02200007e+00 2.01600003e+00 2.00799990e+00
    2.00699997e+00 2.01399994e+00 2.01099992e+00 2.00799990e+00
    2.00099993e+00 2.00099993e+00 2. 1.99199998e+00 1.95400000e+00
    1.90100002e+00 1.91400003e+00 1.92299998e+00 1.92999995e+00
    1.92799997e+00 1.92799997e+00 1.92799997e+00 1.92900002e+00
    1.93400002e+00 1.92799997e+00 1.92799997e+00 0. 0. 0. 0. 0. 0. 0.
    1.22300005e+00 2.06100011e+00 2.06100011e+00 2.04999995e+00
    2.04500008e+00 2.04500008e+00 2.04200006e+00 2.03800011e+00
    2.03200006e+00 2.02699995e+00 2.02200007e+00 2.02099991e+00
    2.02099991e+00 2.02099991e+00 2.02200007e+00 2.01699996e+00
