<?xml version="1.0"?>
<opencv_storage>
<Depth type_id="opencv-matrix">
  <rows>40</rows>
  <cols>40</cols>
  <dt>f</dt>
  <data>
    0. 0. 0. 0. 0. 0. 0. 0. 0. 0. 0. 0. 1.75899994e+00 1.75899994e+00
    1.75899994e+00 1.77499998e+00 1.79499996e+00 1.79700005e+00
    1.79999995e+00 1.83599997e+00 1.87300003e+00 1.90999997e+00
    1.93099999e+00 1.93099999e+00 1.93099999e+00 1.93099999e+00 0. 0. 0.
    0. 0. 0. 0. 0. 0. 0. 0. 0. 0. 0. 0. 0. 0. 0. 0. 0. 0. 0. 0. 0. 0. 0.
    1.73399997e+00 1.73399997e+00 1.73399997e+00 1.75600004e+00
    1.78600001e+00 1.79700005e+00 1.80999994e+00 1.84599996e+00
    1.88000000e+00 1.90600002e+00 1.92100000e+00 1.92100000e+00
    1.92400002e+00 1.92999995e+00 0. 0. 0. 0. 0. 0. 0. 0. 0. 0. 0. 0. 0.
    0. 0. 0. 0. 0. 0. 0. 0. 0. 0. 0. 0. 0. 1.73399997e+00 1.73399997e+00
    1.73399997e+00 1.74199998e+00 1.75300002e+00 1.79799998e+00
    1.84599996e+00 1.88300002e+00 1.90600002e+00 1.89199996e+00
    1.88399994e+00 1.88399994e+00 1.89900005e+00 1.92499995e+00 0. 0. 0.
    0. 0. 0. 0. 0. 0. 0. 0. 0. 0. 0. 0. 0. 0. 0. 0. 0. 0. 0. 0. 0. 0. 0.
    1.73399997e+00 1.73399997e+00 1.73399997e+00 1.73399997e+00
    1.73399997e+00 1.79900002e+00 1.86600006e+00 1.90400004e+00
    1.92100000e+00 1.88399994e+00 1.85899997e+00 1.85099995e+00
    1.86500001e+00 1.89300001e+00 0. 0. 0. 0. 0. 0. 0. 0. 0. 0. 0. 0. 0.
    0. 0. 0. 0. 0. 0. 0. 0. 0. 0. 0. 0. 0. 1.73399997e+00 1.73399997e+00
    1.73399997e+00 1.73399997e+00 1.73399997e+00 1.79900002e+00
    1.86600006e+00 1.90400004e+00 1.92100000e+00 1.88399994e+00
    1.85099995e+00 1.82299995e+00 1.81599998e+00 1.82500005e+00 0. 0. 0.
    0. 0. 0. 0. 0. 0. 0. 0. 0. 0. 0. 0. 0. 0. 0. 0. 0. 0. 0. 0. 0. 0. 0.
    1.75500000e+00 1.74800003e+00 1.73699999e+00 1.73399997e+00
    1.73399997e+00 1.80999994e+00 1.88699996e+00 1.91199994e+00
    1.92100000e+00 1.88399994e+00 1.84800005e+00 1.81099999e+00
    1.79700005e+00 1.79700005e+00 0. 0. 0. 0. 0. 0. 0. 0. 0. 0. 0. 0. 0.
    0. 0. 0. 0. 0. 0. 0. 0. 0. 0. 0. 0. 0. 1.78900003e+00 1.77100003e+00
    1.74100006e+00 1.73399997e+00 1.73399997e+00 1.82900000e+00
    1.92299998e+00 1.92799997e+00 1.92100000e+00 1.88399994e+00
    1.84800005e+00 1.81099999e+00 1.79700005e+00 1.79700005e+00 0. 0. 0.
    0. 0. 0. 0. 0. 0. 0. 0. 0. 0. 0. 0. 0. 0. 0. 0. 0. 0. 0. 0. 0. 0. 0.
    1.94299996e+00 1.90199995e+00 1.83299994e+00 1.81599998e+00
    1.81599998e+00 1.87399995e+00 1.93099999e+00 1.93099999e+00
    1.92100000e+00 1.88399994e+00 1.84800005e+00 1.81099999e+00
    1.79700005e+00 1.79700005e+00 0. 0. 0. 0. 0. 0. 0. 0. 0. 0. 0. 0. 0.
    0. 0. 0. 0. 0. 0. 0. 0. 0. 0. 0. 0. 0. 2.13299990e+00 2.06599998e+00
    1.95200002e+00 1.92400002e+00 1.92400002e+00 1.92799997e+00
    1.93099999e+00 1.93099999e+00 1.92100000e+00 1.88399994e+00
    1.84800005e+00 1.81099999e+00 1.79700005e+00 1.79700005e+00 0. 0. 0.
    0. 0. 0. 0. 0. 0. 0. 0. 0. 0. 0. 0. 0. 0. 0. 0. 0. 0. 0. 0. 0. 0. 0.
    2.14499998e+00 2.08800006e+00 1.99000001e+00 1.96599996e+00
    1.96599996e+00 1.94900000e+00 1.93099999e+00 1.93099999e+00
    1.92100000e+00 1.88399994e+00 1.85500002e+00 1.83800006e+00
    1.84200001e+00 1.86099994e+00 0. 0. 0. 0. 0. 0. 0. 0. 0. 0. 0. 0. 0.
    0. 0. 0. 0. 0. 0. 0. 0. 0. 0. 0. 0. 0. 2.14499998e+00 2.09899998e+00
    2.01999998e+00 2. 2. 1.96500003e+00 1.93099999e+00 1.93099999e+00
    1.92200005e+00 1.88699996e+00 1.86699998e+00 1.86699998e+00
    1.88800001e+00 1.92299998e+00 0. 0. 0. 0. 0. 0. 0. 0. 0. 0. 0. 0. 0.
    0. 0. 0. 0. 0. 0. 0. 0. 0. 0. 0. 0. 0. 2.14499998e+00 2.09899998e+00
    2.01999998e+00 2. 2. 1.96500003e+00 1.93099999e+00 1.93099999e+00
    1.92700005e+00 1.91199994e+00 1.90400004e+00 1.90400004e+00
    1.91299999e+00 1.92799997e+00 0. 0. 0. 0. 0. 0. 0. 0. 0. 0. 0. 0. 0.
    0. 0. 0. 0. 0. 0. 0. 0. 0. 0. 0. 0. 0. 2.13400006e+00 2.09100008e+00
    2.01799989e+00 2. 2. 1.96500003e+00 1.93099999e+00 1.93099999e+00
    1.93099999e+00 1.93099999e+00 1.93099999e+00 1.93099999e+00
    1.93099999e+00 1.93099999e+00 0. 0. 0. 0. 0. 0. 0. 0. 0. 0. 0. 0. 0.
    0. 0. 0. 0. 0. 0. 0. 0. 0. 0. 0. 0. 0. 2.09400010e+00 2.06399989e+00
    2.01300001e+00 2. 2. 1.96500003e+00 1.93099999e+00 1.93099999e+00
    1.93099999e+00 1.93099999e+00 1.93099999e+00 1.93099999e+00
    1.93099999e+00 1.93099999e+00 1.33399999e+00 0. 0. 0. 0. 0. 0. 0. 0.
    0. 0. 0. 0. 0. 0. 0. 0. 0. 0. 0. 0. 0. 0. 0. 0. 0. 2.07200003e+00
    2.04900002e+00 2.00999999e+00 2. 2. 1.96500003e+00 1.93099999e+00
    1.93099999e+00 1.93099999e+00 1.93099999e+00 1.93099999e+00
    1.93099999e+00 1.93599999e+00 1.94599998e+00 1.97000003e+00
    1.99800003e+00 0. 0. 0. 0. 0. 0. 0. 0. 0. 0. 0. 0. 0. 0. 0. 0. 0. 0.
    0. 0. 0. 0. 0. 0. 2.07200003e+00 2.04900002e+00 2.00999999e+00 2. 2.
    1.96500003e+00 1.93099999e+00 1.93099999e+00 1.93099999e+00
    1.93099999e+00 1.93099999e+00 1.93099999e+00 1.94900000e+00
    1.97800004e+00 1.99100006e+00 1.99899995e+00 0. 0. 0. 0. 0. 0. 0. 0.
    0. 0. 0. 0. 0. 0. 0. 0. 0. 0. 0. 0. 0. 0. 0. 0. 2.07200003e+00
    2.04900002e+00 2.00999999e+00 2. 2. 1.97700000e+00 1.95299995e+00
    1.94000006e+00 1.93099999e+00 1.93099999e+00 1.93599999e+00
    1.94900000e+00 1.96899998e+00 1.99399996e+00 2. 2. 0. 0. 0. 0. 0. 0.
    0. 0. 0. 0. 0. 0. 0. 0. 0. 0. 0. 0. 0. 0. 0. 0. 0. 0. 2.07200003e+00
    2.04900002e+00 2.00999999e+00 2. 2. 1.99600005e+00 1.98899996e+00
    1.95599997e+00 1.93099999e+00 1.93099999e+00 1.94500005e+00
    1.97800004e+00 1.99399996e+00 1.99899995e+00 2. 2. 0. 0. 0. 0. 0. 0.
    0. 0. 0. 0. 0. 0. 0. 0. 0. 0. 0. 0. 0. 0. 0. 0. 0. 0. 2.10299993e+00
    2.06999993e+00 2.01399994e+00 2. 2. 2. 1.99800003e+00 1.97599995e+00
    1.96000004e+00 1.96000004e+00 1.97000003e+00 1.99100006e+00 2. 2. 2.
    2. 0. 0. 0. 0. 0. 0. 0. 0. 0. 0. 0. 0. 0. 0. 0. 0. 0. 0. 0. 0. 0. 0.
    0. 0. 2.14299989e+00 2.09699988e+00 2.01900005e+00 2. 2. 2. 2.
    1.99899995e+00 1.99800003e+00 1.99800003e+00 1.99899995e+00 2. 2. 2.
    2. 2. 0. 0. 0. 0. 0. 0. 0. 0. 0. 0. 0. 0. 0. 0. 0. 0. 0. 0. 0. 0. 0.
    0. 0. 0. 0. 0. 1.66700006e+00 2. 2. 2. 2. 2. 2. 2. 2. 2. 2. 2. 2. 2.
    0. 0. 0. 0. 0. 0. 0. 0. 0. 0. 0. 0. 0. 0. 0. 0. 0. 0. 0. 0. 0. 0. 0.
    0. 0. 0. 1.33899999e+00 2. 2. 2. 2. 2. 2. 2. 2. 2. 2. 2. 2. 2. 0. 0.
    0. 0. 0. 0. 0. 0. 0. 0. 0. 0. 0. 0. 0. 0. 0. 0. 0. 0. 0. 0. 0. 0. 0.
    0. 1.33899999e+00 2. 2. 2. 2. 2. 2. 2. 2. 2. 2. 2. 2. 2. 0. 0. 0. 0.
    0. 0. 0. 0. 0. 0. 0. 0. 0. 0. 0. 0. 0. 0. 0. 0. 0. 0. 0. 0. 0. 0. 0.
    1.54299998e+00 1.95700002e+00 1.98899996e+00 1.99000001e+00
    1.99600005e+00 2. 2. 2. 2. 2. 2. 2. 2. 0. 0. 0. 0. 0. 0. 0. 0. 0. 0.
    0. 0. 0. 0. 0. 0. 0. 0. 0. 0. 0. 0. 0. 0. 0. 0. 0. 0. 1.80700004e+00
    1.95200002e+00 1.95400000e+00 1.98000002e+00 2. 2. 2. 2. 2. 2. 2. 2.
    0. 0. 0. 0. 0. 0. 0. 0. 0. 0. 0. 0. 0. 0. 0. 0. 0. 0. 0. 0. 0. 0. 0.
    0. 0. 0. 0. 0. 1.72500002e+00 1.93099999e+00 1.93400002e+00
    1.97200000e+00 2. 2. 2. 2. 2. 2. 2. 2. 0. 0. 0. 0. 0. 0. 0. 0. 0. 0.
    0. 0. 0. 0. 0. 0. 0. 0. 0. 0. 0. 0. 0. 0. 0. 0. 0. 0. 1.72500002e+00
    1.93099999e+00 1.93400002e+00 1.97200000e+00 2. 2. 2. 2. 2. 2. 2. 2.
    0. 0. 0. 0. 0. 0. 0. 0. 0. 0. 0. 0. 0. 0. 0. 0. 0. 0. 0. 0. 0. 0. 0.
    0. 0. 0. 0. 0. 1.74800003e+00 1.95500004e+00 1.95700002e+00
    1.98199999e+00 2. 2. 2. 2. 2. 2. 2. 2. 0. 0. 0. 0. 0. 0. 0. 0. 0. 0.
    0. 0. 0. 0. 0. 0. 0. 0. 0. 0. 0. 0. 0. 0. 0. 0. 0. 0. 1.78400004e+00
    1.99199998e+00 1.99300003e+00 1.99699998e+00 2. 2. 2. 2. 2. 2. 2. 2.
    0. 0. 0. 0. 0. 0. 0. 0. 0. 0. 0. 0. 0. 0. 0. 0. 0. 0. 0. 0. 0. 0. 0.
    0. 0. 0. 0. 0. 1.79100001e+00 2. 2. 2. 2. 2. 2. 2. 2. 2.
    2.01300001e+00 2.02999997e+00 0. 0. 0. 0. 0. 0. 0. 0. 0. 0. 0. 0. 0.
    0. 0. 0. 0. 0. 0. 0. 0. 0. 0. 0. 0. 0. 0. 0. 1.79100001e+00 2. 2. 2.
    2. 2. 2. 2. 2. 2. 2.02999997e+00 2.06800008e+00 0. 0. 0. 0. 0. 0. 0.
    0. 0. 0. 0. 0. 0. 0. 0. 0. 0. 0. 0. 0. 0. 0. 0. 0. 0. 0. 0. 0.
    1.82799995e+00 2.01900005e+00 2. 2. 2. 2. 2. 2. 2. 2. 2.02999997e+00
    2.06900001e+00 0. 0. 0. 0. 0. 0. 0. 0. 0. 0. 0. 0. 0. 0. 0. 0. 0. 0.
