<?xml version="1.0"?>
<opencv_storage>
<Depth type_id="opencv-matrix">
  <rows>40</rows>
  <cols>40</cols>
  <dt>f</dt>
  <data>
    0. 0. 0. 0. 0. 0. 0. 0. 0. 0. 0. 0. 0. 0. 0. 0. 0. 0. 0. 0. 0. 0. 0.
    0. 0. 0. 0. 0. 0. 0. 0. 0. 0. 0. 0. 0. 0. 0. 0. 0. 0. 0. 0. 0. 0. 0.
    0. 0. 0. 0. 0. 0. 0. 0. 0. 0. 0. 0. 0. 0. 0. 0. 0. 0. 0. 0. 0. 0. 0.
    0. 0. 0. 0. 0. 0. 0. 0. 0. 0. 0. 0. 0. 0. 0. 0. 0. 0. 0. 0. 0. 0. 0.
    0. 0. 0. 0. 0. 0. 0. 0. 0. 0. 0. 0. 0. 0. 0. 0. 0. 0. 0. 0. 0. 0. 0.
    0. 0. 0. 0. 0. 0. 0. 0. 0. 0. 0. 0. 0. 0. 0. 0. 0. 0. 0. 0. 0. 0. 0.
    0. 0. 0. 0. 0. 0. 0. 0. 0. 0. 0. 0. 0. 0. 0. 0. 0. 0. 0. 0. 0. 0. 0.
    0. 0. 0. 0. 0. 0. 0. 0. 0. 0. 0. 0. 0. 0. 0. 0. 0. 0. 0. 0. 0. 0. 0.
    0. 0. 0. 0. 0. 0. 0. 0. 0. 0. 0. 0. 0. 0. 0. 0. 0. 0. 0. 0. 0. 0. 0.
    0. 0. 0. 0. 0. 0. 0. 0. 0. 0. 0. 0. 0. 0. 0. 0. 0. 0. 0. 0. 0. 0. 0.
    0. 0. 0. 0. 0. 0. 0. 0. 0. 0. 0. 0. 0. 0. 0. 0. 0. 0. 0. 0. 0. 0. 0.
    0. 0. 0. 0. 0. 0. 0. 0. 0. 0. 0. 0. 0. 0. 0. 0. 0. 0. 0. 0. 0. 0. 0.
    0. 0. 0. 0. 0. 0. 0. 0. 0. 0. 0. 0. 0. 0. 0. 0. 0. 0. 0. 0. 0. 0. 0.
    0. 0. 0. 0. 0. 0. 0. 0. 0. 0. 0. 0. 0. 0. 0. 0. 0. 0. 0. 0. 0. 0. 0.
    0. 0. 0. 0. 0. 0. 0. 0. 0. 0. 0. 0. 0. 0. 0. 0. 0. 0. 0. 0. 0. 0. 0.
    0. 0. 0. 0. 0. 0. 0. 0. 0. 0. 0. 0. 0. 0. 0. 0. 0. 0. 0. 0. 0. 0. 0.
    0. 0. 0. 0. 0. 0. 0. 0. 0. 0. 0. 0. 0. 0. 0. 0. 0. 0. 0. 0. 0. 0. 0.
    0. 0. 0. 0. 0. 0. 0. 0. 0. 0. 0. 0. 0. 0. 0. 0. 0. 0. 0. 0. 0. 0. 0.
    0. 0. 0. 0. 0. 0. 0. 0. 0. 0. 0. 0. 0. 0. 0. 0. 0. 0. 0. 0. 0. 0. 0.
    0. 0. 0. 0. 0. 0. 0. 0. 0. 0. 0. 0. 0. 0. 0. 0. 0. 0. 0. 0. 0. 0. 0.
    0. 0. 0. 0. 0. 0. 0. 0. 0. 0. 0. 0. 0. 0. 0. 0. 0. 0. 0. 0. 0. 0. 0.
    0. 0. 0. 0. 0. 0. 0. 0. 0. 0. 0. 0. 0. 0. 0. 0. 0. 0. 0. 0. 0. 0. 0.
    0. 0. 0. 0. 0. 0. 0. 0. 0. 0. 0. 0. 0. 0. 2.21300006e+00
    2.21300006e+00 2.21300006e+00 2.21300006e+00 2.21300006e+00
    2.24099994e+00 2.29200006e+00 2.34299994e+00 2.39599991e+00
    2.43600011e+00 2.38299990e+00 2.33100009e+00 2.27999997e+00
    2.22799993e+00 2.17899990e+00 2.13000011e+00 2.10500002e+00
    2.10500002e+00 2.11800003e+00 2.16700006e+00 2.21300006e+00
    2.21300006e+00 2.21300006e+00 2.21300006e+00 2.21300006e+00
    2.21300006e+00 2.21300006e+00 2.21300006e+00 2.21300006e+00
    2.21300006e+00 2.21300006e+00 2.21300006e+00 2.16400003e+00
    2.11500001e+00 2.10500002e+00 2.10500002e+00 2.07800007e+00
    2.02999997e+00 2. 2. 2.21300006e+00 2.21300006e+00 2.21300006e+00
    2.21300006e+00 2.21300006e+00 2.23099995e+00 2.26399994e+00
    2.30100012e+00 2.34400010e+00 2.37700009e+00 2.33400011e+00
    2.29099989e+00 2.24099994e+00 2.19000006e+00 2.14700007e+00
    2.10700011e+00 2.08599997e+00 2.08599997e+00 2.09999990e+00
    2.14800000e+00 2.19400001e+00 2.20300007e+00 2.21199989e+00
    2.21300006e+00 2.21300006e+00 2.20700002e+00 2.19899988e+00
    2.19400001e+00 2.19400001e+00 2.19400001e+00 2.19400001e+00
    2.19400001e+00 2.13700008e+00 2.07999992e+00 2.06800008e+00
    2.06800008e+00 2.04600000e+00 2.00699997e+00 1.98199999e+00
    1.98199999e+00 2.21300006e+00 2.21300006e+00 2.21300006e+00
    2.21300006e+00 2.21300006e+00 2.20700002e+00 2.19499993e+00
    2.19300008e+00 2.21300006e+00 2.22700000e+00 2.20799994e+00
    2.18899989e+00 2.14199996e+00 2.09400010e+00 2.06599998e+00
    2.04800010e+00 2.03900003e+00 2.03900003e+00 2.05200005e+00
    2.09999990e+00 2.14700007e+00 2.17799997e+00 2.20799994e+00
    2.21300006e+00 2.21300006e+00 2.19300008e+00 2.16300011e+00
    2.14499998e+00 2.14499998e+00 2.14499998e+00 2.14499998e+00
    2.14499998e+00 2.06800008e+00 1.99199998e+00 1.97500002e+00
    1.97500002e+00 1.96500003e+00 1.94799995e+00 1.93599999e+00
    1.93599999e+00 2.21300006e+00 2.21300006e+00 2.21300006e+00
    2.21000004e+00 2.20600009e+00 2.18000007e+00 2.13499999e+00
    2.10500002e+00 2.10500002e+00 2.10500002e+00 2.10500002e+00
    2.10500002e+00 2.06200004e+00 2.01399994e+00 2. 2. 2. 2.
    2.01300001e+00 2.05999994e+00 2.10800004e+00 2.15300012e+00
    2.19700003e+00 2.20799994e+00 2.21199989e+00 2.18199992e+00
    2.13299990e+00 2.10500002e+00 2.10500002e+00 2.10400009e+00
    2.09999990e+00 2.09599996e+00 2.00699997e+00 1.91799998e+00
    1.89900005e+00 1.89900005e+00 1.89900005e+00 1.89900005e+00
    1.89900005e+00 1.89900005e+00 2.21199989e+00 2.21300006e+00
    2.21300006e+00 2.19300008e+00 2.16700006e+00 2.14299989e+00
    2.11999989e+00 2.10500002e+00 2.10500002e+00 2.10500002e+00
    2.10500002e+00 2.10500002e+00 2.06200004e+00 2.01399994e+00 2. 2. 2.
    2. 2.01300001e+00 2.05999994e+00 2.10599995e+00 2.12899995e+00
    2.15199995e+00 2.17700005e+00 2.20400000e+00 2.18199992e+00
    2.13299990e+00 2.10500002e+00 2.10500002e+00 2.09999990e+00
    2.07399988e+00 2.04900002e+00 1.98099995e+00 1.91299999e+00
    1.89900005e+00 1.89900005e+00 1.89900005e+00 1.89900005e+00
    1.89900005e+00 1.89900005e+00 2.21199989e+00 2.21300006e+00
    2.21300006e+00 2.17700005e+00 2.12800002e+00 2.10599995e+00
    2.10500002e+00 2.10500002e+00 2.10500002e+00 2.10500002e+00
    2.10500002e+00 2.10500002e+00 2.06200004e+00 2.01399994e+00 2. 2. 2.
    2. 2.01300001e+00 2.05999994e+00 2.10500002e+00 2.10599995e+00
    2.10599995e+00 2.14700007e+00 2.19499993e+00 2.18199992e+00
    2.13299990e+00 2.10500002e+00 2.10500002e+00 2.09500003e+00
    2.04800010e+00 2.00099993e+00 1.95500004e+00 1.90900004e+00
    1.89900005e+00 1.89900005e+00 1.89900005e+00 1.89900005e+00
    1.89900005e+00 1.89900005e+00 2.16499996e+00 2.16599989e+00
    2.16599989e+00 2.14499998e+00 2.11700010e+00 2.10500002e+00
    2.10500002e+00 2.10500002e+00 2.10500002e+00 2.10500002e+00
    2.10500002e+00 2.10500002e+00 2.06200004e+00 2.01399994e+00 2. 2. 2.
    2. 2.00699997e+00 2.03399992e+00 2.05999994e+00 2.08100009e+00
    2.10200000e+00 2.12800002e+00 2.15599990e+00 2.14800000e+00
    2.12100005e+00 2.10500002e+00 2.10500002e+00 2.09500003e+00
    2.04699993e+00 2. 1.95400000e+00 1.90900004e+00 1.89900005e+00
    1.89900005e+00 1.88800001e+00 1.86800003e+00 1.85599995e+00
    1.85599995e+00 2.11700010e+00 2.11700010e+00 2.11700010e+00
    2.11299992e+00 2.10700011e+00 2.10500002e+00 2.10500002e+00
    2.10500002e+00 2.10500002e+00 2.10500002e+00 2.10500002e+00
    2.10500002e+00 2.06200004e+00 2.01399994e+00 2. 2. 2. 2.
    2.00099993e+00 2.00699997e+00 2.01399994e+00 2.05599999e+00
    2.09899998e+00 2.10999990e+00 2.11500001e+00 2.11299992e+00
    2.10800004e+00 2.10500002e+00 2.10500002e+00 2.09500003e+00
    2.04699993e+00 2. 1.95400000e+00 1.90900004e+00 1.89900005e+00
    1.89900005e+00 1.87600005e+00 1.83700001e+00 1.81200004e+00
    1.81200004e+00 2.10500002e+00 2.10500002e+00 2.10500002e+00
    2.10500002e+00 2.10500002e+00 2.10500002e+00 2.10500002e+00
    2.10500002e+00 2.10500002e+00 2.10500002e+00 2.10500002e+00
    2.10500002e+00 2.06200004e+00 2.01399994e+00 2. 2. 2. 2. 2. 2.
    2.00300002e+00 2.04999995e+00 2.09800005e+00 2.10500002e+00
    2.10500002e+00 2.10500002e+00 2.10500002e+00 2.09800005e+00
    2.08200002e+00 2.06200004e+00 2.03099990e+00 2. 1.95400000e+00
    1.90900004e+00 1.89900005e+00 1.89900005e+00 1.87399995e+00
    1.82900000e+00 1.80100000e+00 1.80100000e+00 2.10500002e+00
    2.10500002e+00 2.10500002e+00 2.10500002e+00 2.10500002e+00
    2.10500002e+00 2.10500002e+00 2.10500002e+00 2.10500002e+00
    2.10500002e+00 2.10500002e+00 2.10500002e+00 2.06200004e+00
    2.01399994e+00 2. 2. 2. 2. 2. 2. 2.00300002e+00 2.04999995e+00
    2.09800005e+00 2.10500002e+00 2.10500002e+00 2.10500002e+00
    2.10500002e+00 2.08899999e+00 2.05100012e+00 2.01999998e+00
    2.00999999e+00 2. 1.95400000e+00 1.90900004e+00 1.89900005e+00
    1.89900005e+00 1.87399995e+00 1.82900000e+00 1.80100000e+00
    1.80100000e+00 2.13100004e+00 2.13199997e+00 2.13199997e+00
    2.13199997e+00 2.13199997e+00 2.13199997e+00 2.13199997e+00
    2.12800002e+00 2.11599994e+00 2.10500002e+00 2.10500002e+00
    2.10500002e+00 2.06200004e+00 2.01399994e+00 2. 2. 2. 2. 2. 2.
    2.00300002e+00 2.04999995e+00 2.09800005e+00 2.10500002e+00
