<?xml version="1.0"?>
<opencv_storage>
<Depth type_id="opencv-matrix">
  <rows>40</rows>
  <cols>40</cols>
  <dt>f</dt>
  <data>
    0. 0. 0. 0. 0. 0. 0. 0. 0. 0. 0. 0. 0. 0. 0. 0. 0. 0. 0. 0. 0. 0. 0.
    0. 0. 0. 0. 0. 0. 0. 0. 0. 0. 0. 0. 0. 0. 0. 0. 0. 0. 0. 0. 0. 0. 0.
    0. 0. 0. 0. 0. 0. 0. 0. 0. 0. 0. 0. 0. 0. 0. 0. 0. 0. 0. 0. 0. 0. 0.
    0. 0. 0. 0. 0. 0. 0. 0. 0. 0. 0. 0. 0. 0. 0. 0. 0. 0. 0. 0. 0. 0. 0.
    0. 0. 0. 0. 0. 0. 0. 0. 0. 0. 0. 0. 0. 0. 0. 0. 0. 0. 0. 0. 0. 0. 0.
    0. 0. 0. 0. 0. 0. 0. 0. 0. 0. 0. 0. 0. 0. 0. 0. 0. 0. 0. 0. 0. 0. 0.
    0. 0. 0. 0. 0. 0. 0. 0. 0. 0. 0. 0. 0. 0. 0. 0. 0. 0. 0. 0. 0. 0. 0.
    0. 0. 0. 0. 0. 0. 0. 0. 0. 0. 0. 0. 0. 0. 0. 0. 0. 0. 0. 0. 0. 0. 0.
    0. 0. 0. 0. 0. 0. 0. 0. 0. 0. 0. 0. 0. 0. 0. 0. 0. 0. 0. 0. 0. 0. 0.
    0. 0. 0. 0. 0. 0. 0. 0. 0. 0. 0. 0. 0. 0. 0. 0. 0. 0. 0. 0. 0. 0. 0.
    0. 0. 0. 0. 0. 0. 0. 0. 0. 0. 0. 0. 0. 0. 0. 0. 0. 0. 0. 0. 0. 0. 0.
    0. 0. 0. 0. 0. 0. 0. 0. 0. 0. 0. 0. 0. 0. 0. 0. 0. 0. 0. 0. 0. 0. 0.
    0. 0. 0. 0. 0. 0. 0. 0. 0. 0. 0. 0. 0. 0. 0. 0. 0. 0. 0. 0. 0. 0. 0.
    0. 0. 0. 0. 0. 0. 0. 0. 0. 0. 0. 0. 0. 0. 0. 0. 0. 0. 0. 0. 0. 0. 0.
    0. 0. 0. 0. 0. 0. 0. 0. 0. 0. 0. 0. 0. 0. 0. 0. 0. 0. 0. 0. 0. 0. 0.
    0. 0. 0. 0. 0. 0. 0. 0. 0. 0. 0. 0. 0. 0. 0. 0. 0. 0. 0. 0. 0. 0. 0.
    0. 0. 0. 0. 0. 0. 0. 0. 0. 0. 0. 0. 0. 0. 0. 0. 0. 0. 0. 0. 0. 0. 0.
    0. 0. 0. 0. 0. 0. 0. 0. 0. 0. 0. 0. 0. 0. 0. 0. 0. 0. 0. 0. 0. 0. 0.
    0. 0. 0. 0. 0. 0. 0. 0. 0. 0. 0. 0. 0. 0. 0. 0. 0. 0. 0. 0. 0. 0. 0.
    0. 0. 0. 0. 0. 0. 0. 0. 0. 0. 0. 0. 0. 0. 0. 0. 0. 0. 0. 0. 0. 0. 0.
    0. 0. 0. 0. 0. 0. 0. 0. 0. 0. 0. 0. 0. 0. 0. 0. 0. 0. 0. 0. 0. 0. 0.
    0. 0. 0. 0. 0. 0. 0. 0. 0. 0. 0. 0. 0. 0. 0. 0. 0. 0. 0. 0. 0. 0. 0.
    0. 0. 0. 0. 0. 0. 0. 0. 0. 0. 0. 0. 0. 0. 0. 0. 0. 0. 0. 0. 0. 0. 0.
    0. 0. 0. 0. 0. 0. 0. 0. 0. 0. 0. 0. 0. 0. 0. 0. 0. 0. 0. 0. 0. 0. 0.
    0. 0. 0. 0. 0. 0. 0. 0. 2.94799995e+00 2.95000005e+00 2.95199990e+00
    2.95099998e+00 2.94099998e+00 2.94300008e+00 2.94400001e+00
    2.94099998e+00 2.94099998e+00 2.85299993e+00 2.81299996e+00
    2.81200004e+00 2.89400005e+00 2.89400005e+00 2.89400005e+00
    2.88899994e+00 2.81100011e+00 2.80900002e+00 2.09400010e+00
    2.09899998e+00 2.10800004e+00 2.09599996e+00 2.09400010e+00
    2.09500003e+00 2.10400009e+00 2.10800004e+00 2.27900004e+00
    2.85599995e+00 2.27500010e+00 2.09400010e+00 2.09400010e+00
    2.09400010e+00 2.10599995e+00 2.10999990e+00 2.10700011e+00
    2.09899998e+00 2.09400010e+00 2.80500007e+00 2.78500009e+00
    2.78399992e+00 2.60599995e+00 2.61500001e+00 2.62299991e+00
    2.61899996e+00 2.57399988e+00 2.58400011e+00 2.58999991e+00
    2.57399988e+00 2.57399988e+00 2.25399995e+00 2.10400009e+00
    2.20600009e+00 2.57100010e+00 2.56399989e+00 2.56299996e+00
    2.43899989e+00 2.08999991e+00 2.07900000e+00 2.07699990e+00
    2.08500004e+00 2.08999991e+00 2.08299994e+00 2.08200002e+00
    2.08800006e+00 2.09599996e+00 2.09100008e+00 2.08699989e+00
    2.07599998e+00 2.07200003e+00 2.07100010e+00 2.07599998e+00
    2.07599998e+00 2.09299994e+00 2.10400009e+00 2.09100008e+00
    2.08200002e+00 2.08200002e+00 2.07599998e+00 2.07299995e+00
    2.06399989e+00 2.06800008e+00 2.07800007e+00 2.07900000e+00
    2.07699990e+00 2.07699990e+00 2.08299994e+00 2.08699989e+00
    2.08699989e+00 2.08699989e+00 2.08699989e+00 2.09599996e+00
    2.08699989e+00 2.08400011e+00 2.07100010e+00 2.06800008e+00
    2.07200003e+00 2.08200002e+00 2.07100010e+00 2.06800008e+00
    2.06299996e+00 2.06299996e+00 2.06299996e+00 2.06500006e+00
    2.07500005e+00 2.07100010e+00 2.06299996e+00 2.05999994e+00
    2.04900002e+00 2.03900003e+00 2.03600001e+00 2.05200005e+00
    2.05900002e+00 2.05900002e+00 2.05900002e+00 2.05699992e+00
    2.05399990e+00 2.05399990e+00 2.04900002e+00 2.04900002e+00
    2.04600000e+00 2.05399990e+00 2.05500007e+00 2.05500007e+00
    2.05399990e+00 2.04200006e+00 2.04200006e+00 2.03200006e+00
    2.02900004e+00 2.01699996e+00 2.03500009e+00 2.05599999e+00
    2.05900002e+00 2.06299996e+00 2.05500007e+00 2.05500007e+00
    2.05500007e+00 2.04900002e+00 2.04200006e+00 2.04200006e+00
    2.04099989e+00 2.04099989e+00 2.02999997e+00 2.02900004e+00
    2.02999997e+00 2.03699994e+00 2.04099989e+00 2.03800011e+00
    2.01500010e+00 2.00200009e+00 2.01399994e+00 2.01500010e+00
    2.01600003e+00 2.01500010e+00 2.01500010e+00 2.01500010e+00
    2.01500010e+00 2.01500010e+00 2.01500010e+00 2.01500010e+00
    2.01500010e+00 2.02600002e+00 2.00999999e+00 2.00799990e+00
    2.00900006e+00 2.01900005e+00 2.01300001e+00 2.01300001e+00
    2.01300001e+00 2.00999999e+00 2.00999999e+00 2.00099993e+00
    2.00200009e+00 2.00999999e+00 2.01200008e+00 2.03200006e+00
    2.02200007e+00 1.99699998e+00 2. 2.00099993e+00 2.00699997e+00 2.
    1.99800003e+00 1.98699999e+00 1.99100006e+00 1.99899995e+00
    2.00699997e+00 2.00300002e+00 1.98699999e+00 1.98699999e+00
    1.98699999e+00 1.98699999e+00 1.99399996e+00 2. 2. 2. 2. 2. 2. 2. 2.
    1.99399996e+00 1.98399997e+00 1.97000003e+00 1.98199999e+00
    1.99800003e+00 2.01099992e+00 2.00799990e+00 2.00600004e+00 2. 2. 2.
    2. 2. 2.00999999e+00 2. 1.99600005e+00 1.98699999e+00 1.99800003e+00
    2. 2. 2. 1.98800004e+00 1.98699999e+00 1.98699999e+00 1.99199998e+00
    1.98699999e+00 1.98599994e+00 1.98099995e+00 1.98599994e+00
    1.98699999e+00 1.98699999e+00 1.99399996e+00 2. 2. 2. 2. 2. 2. 2. 2.
    1.98399997e+00 1.96200001e+00 1.94200003e+00 1.95000005e+00
    1.98800004e+00 2.00399995e+00 2.00200009e+00 2. 2. 2. 2. 2. 2.
    2.00999999e+00 2. 1.99899995e+00 1.99699998e+00 1.99899995e+00 2. 2.
    2. 1.99699998e+00 1.98699999e+00 1.98699999e+00 1.98699999e+00
    1.98699999e+00 1.98399997e+00 1.97399998e+00 1.98399997e+00
    1.98699999e+00 1.98699999e+00 1.99399996e+00 2. 2. 2. 2. 2. 2. 2. 2.
    1.94599998e+00 1.91100001e+00 1.88900006e+00 1.88900006e+00
    1.92200005e+00 2.00300002e+00 2.00200009e+00 2.00200009e+00
    2.01300001e+00 2.00399995e+00 2. 2.00300002e+00 2.01300001e+00
    2.01300001e+00 2.01300001e+00 2. 2. 2. 2.01300001e+00 2.01300001e+00
    2.00500011e+00 2. 2. 2. 1.99100006e+00 1.98699999e+00 1.98699999e+00
    1.98699999e+00 1.98699999e+00 1.98699999e+00 1.98699999e+00
    1.99399996e+00 2. 2. 2. 2. 2. 2. 2. 2. 1.91100001e+00 1.88699996e+00
    1.87399995e+00 1.86099994e+00 1.84300005e+00 1.95500004e+00
    2.02699995e+00 2.02699995e+00 2.02099991e+00 2.01300001e+00
    2.01300001e+00 2.01699996e+00 2.01699996e+00 2.01399994e+00
    2.01300001e+00 2. 2.00699997e+00 2.01300001e+00 2.01699996e+00
    2.01500010e+00 2.01300001e+00 2.01300001e+00 2.01300001e+00
    2.00699997e+00 2. 1.99100006e+00 1.99100006e+00 1.99100006e+00
    1.99800003e+00 2. 2. 2.00200009e+00 2.00099993e+00 2. 2. 2. 2. 2. 2.
    2.00300002e+00 1.88100004e+00 1.87100005e+00 1.86500001e+00
    1.85399997e+00 1.88399994e+00 2.00099993e+00 2.02800012e+00
    2.02699995e+00 2.02399993e+00 2.02099991e+00 2.02099991e+00
    2.02699995e+00 2.02699995e+00 2.01600003e+00 2.01300001e+00 2.
    2.00699997e+00 2.01300001e+00 2.01900005e+00 2.01699996e+00
    2.01300001e+00 2.01300001e+00 2.01300001e+00 2.00699997e+00 2. 2. 2.
    2. 2. 2. 2. 2.00699997e+00 2.00799990e+00 2.00699997e+00
    2.00699997e+00 2.00699997e+00 2.00099993e+00 2. 2. 2.00900006e+00
    1.86500001e+00 1.85699999e+00 1.85599995e+00 1.85399997e+00
    1.91799998e+00 2.03399992e+00 2.02699995e+00 2.02699995e+00
    2.02699995e+00 2.02699995e+00 2.02699995e+00 2.02699995e+00
    2.02699995e+00 2.01600003e+00 2.01300001e+00 2.01099992e+00
    2.01200008e+00 2.01300001e+00 2.01300001e+00 2.01300001e+00
    2.01300001e+00 2.01300001e+00 2.01300001e+00 2.01200008e+00
    2.00300002e+00 2. 2. 2. 2. 2. 2. 2.00699997e+00 2.01300001e+00
    2.01300001e+00 2.01300001e+00 2.01300001e+00 2.01099992e+00 2. 2.
    2.00900006e+00 1.86199999e+00 1.85399997e+00 1.85399997e+00 0.
    2.04900002e+00 2.03200006e+00 2.02699995e+00 2.02699995e+00
    2.02699995e+00 2.02699995e+00 2.02699995e+00 2.02699995e+00
