<?xml version="1.0"?>
<opencv_storage>
<Depth type_id="opencv-matrix">
  <rows>40</rows>
  <cols>40</cols>
  <dt>f</dt>
  <data>
    0. 0. 0. 0. 0. 0. 0. 0. 0. 0. 0. 0. 0. 0. 0. 0. 0. 0. 0. 0. 0. 0. 0.
    0. 0. 0. 0. 0. 0. 0. 0. 0. 0. 0. 0. 0. 0. 0. 0. 0. 0. 0. 0. 0. 0. 0.
    0. 0. 0. 0. 0. 0. 0. 0. 0. 0. 0. 0. 0. 0. 0. 0. 0. 0. 0. 0. 0. 0. 0.
    0. 0. 0. 0. 0. 0. 0. 0. 0. 0. 0. 0. 0. 0. 0. 0. 0. 0. 0. 0. 0. 0. 0.
    0. 0. 0. 0. 0. 0. 0. 0. 0. 0. 0. 0. 0. 0. 0. 0. 0. 0. 0. 0. 0. 0. 0.
    0. 0. 0. 0. 0. 0. 0. 0. 0. 0. 0. 0. 0. 0. 0. 0. 0. 0. 0. 0. 0. 0. 0.
    0. 0. 0. 0. 0. 0. 0. 0. 0. 0. 0. 0. 0. 0. 0. 0. 0. 0. 0. 0. 0. 0. 0.
    0. 0. 0. 0. 0. 0. 0. 0. 0. 0. 0. 0. 0. 0. 0. 0. 0. 0. 0. 0. 0. 0. 0.
    0. 0. 0. 0. 0. 0. 0. 0. 0. 0. 0. 0. 0. 0. 0. 0. 0. 0. 0. 0. 0. 0. 0.
    0. 0. 0. 0. 0. 0. 0. 0. 0. 0. 0. 0. 0. 0. 0. 0. 0. 0. 0. 0. 0. 0. 0.
    0. 0. 0. 0. 0. 0. 0. 0. 0. 0. 0. 0. 0. 0. 0. 0. 0. 0. 0. 0. 0. 0. 0.
    0. 0. 0. 0. 0. 0. 0. 0. 0. 0. 0. 0. 0. 0. 0. 0. 0. 0. 0. 0. 0. 0. 0.
    0. 0. 0. 0. 0. 0. 0. 0. 0. 0. 0. 0. 0. 0. 0. 0. 0. 0. 0. 0. 0. 0. 0.
    0. 0. 0. 0. 0. 0. 0. 0. 0. 0. 0. 0. 0. 0. 0. 0. 0. 0. 0. 0. 0. 0. 0.
    0. 0. 0. 0. 0. 0. 0. 0. 0. 0. 0. 0. 0. 0. 0. 0. 0. 0. 0. 0. 0. 0. 0.
    0. 0. 0. 0. 0. 0. 0. 0. 0. 0. 0. 0. 0. 0. 0. 0. 0. 0. 0. 0. 0.
    2.91799998e+00 2.91799998e+00 2.84500003e+00 2.76600003e+00
    2.68700004e+00 2.61100006e+00 2.53699994e+00 2.46199989e+00
    2.43600011e+00 2.43600011e+00 2.43600011e+00 2.39899993e+00
    2.32800007e+00 2.25699997e+00 2.21300006e+00 2.21300006e+00
    2.21300006e+00 2.21300006e+00 2.21300006e+00 2.21300006e+00
    2.21300006e+00 2.21300006e+00 2.21300006e+00 2.21300006e+00
    2.28200006e+00 2.35299993e+00 2.42400002e+00 2.43600011e+00 0. 0. 0.
    0. 0. 0. 0. 0. 0. 0. 0. 0. 2.91799998e+00 2.91799998e+00
    2.84500003e+00 2.76600003e+00 2.68700004e+00 2.61100006e+00
    2.53699994e+00 2.46199989e+00 2.43600011e+00 2.43600011e+00
    2.43600011e+00 2.39899993e+00 2.32800007e+00 2.25699997e+00
    2.21300006e+00 2.21300006e+00 2.21300006e+00 2.21300006e+00
    2.21300006e+00 2.21300006e+00 2.21300006e+00 2.21300006e+00
    2.21300006e+00 2.21300006e+00 2.28200006e+00 2.35299993e+00
    2.42400002e+00 2.43600011e+00 0. 0. 0. 0. 0. 0. 0. 0. 0. 0. 0. 0.
    2.91799998e+00 2.91799998e+00 2.84500003e+00 2.76600003e+00
    2.68700004e+00 2.61100006e+00 2.53699994e+00 2.46199989e+00
    2.42199993e+00 2.40100002e+00 2.38000011e+00 2.34400010e+00
    2.29399991e+00 2.24399996e+00 2.21300006e+00 2.21300006e+00
    2.21300006e+00 2.21300006e+00 2.21300006e+00 2.21300006e+00
    2.21300006e+00 2.21300006e+00 2.21300006e+00 2.21300006e+00
    2.26200008e+00 2.31200004e+00 2.36199999e+00 2.36999989e+00 0. 0. 0.
    0. 0. 0. 0. 0. 0. 0. 0. 0. 2.91799998e+00 2.91799998e+00
    2.84500003e+00 2.76600003e+00 2.68700004e+00 2.61100006e+00
    2.53699994e+00 2.46199989e+00 2.40700006e+00 2.36299992e+00
    2.31999993e+00 2.28399992e+00 2.25699997e+00 2.23000002e+00
    2.21300006e+00 2.21300006e+00 2.21300006e+00 2.21300006e+00
    2.21300006e+00 2.21300006e+00 2.21300006e+00 2.21300006e+00
    2.21300006e+00 2.21300006e+00 2.24000001e+00 2.26699996e+00
    2.29399991e+00 2.29900002e+00 0. 0. 0. 0. 0. 0. 0. 0. 0. 0. 0. 0.
    2.91799998e+00 2.91799998e+00 2.84500003e+00 2.76600003e+00
    2.68700004e+00 2.61100006e+00 2.53699994e+00 2.46199989e+00
    2.39199996e+00 2.32599998e+00 2.25900006e+00 2.22499990e+00
    2.22099996e+00 2.21600008e+00 2.21300006e+00 2.21300006e+00
    2.21300006e+00 2.21300006e+00 2.21300006e+00 2.21300006e+00
    2.21300006e+00 2.21300006e+00 2.21300006e+00 2.21300006e+00
    2.21799994e+00 2.22199988e+00 2.22700000e+00 2.22799993e+00 0. 0. 0.
    0. 0. 0. 0. 0. 0. 0. 0. 0. 2.79600000e+00 2.79600000e+00
    2.72399998e+00 2.64800000e+00 2.57100010e+00 2.51099992e+00
    2.45499992e+00 2.39899993e+00 2.34500003e+00 2.29200006e+00
    2.23799992e+00 2.21300006e+00 2.21300006e+00 2.21300006e+00
    2.21300006e+00 2.21300006e+00 2.21300006e+00 2.21300006e+00
    2.21300006e+00 2.21300006e+00 2.21300006e+00 2.21300006e+00
    2.21300006e+00 2.21300006e+00 2.21300006e+00 2.21300006e+00
    2.21300006e+00 2.21300006e+00 0. 0. 0. 0. 0. 0. 0. 0. 0. 0. 0. 0.
    2.64199996e+00 2.64199996e+00 2.57299995e+00 2.49900007e+00
    2.42400002e+00 2.38299990e+00 2.35100007e+00 2.31900001e+00
    2.28800011e+00 2.25799990e+00 2.22799993e+00 2.21300006e+00
    2.21300006e+00 2.21300006e+00 2.21300006e+00 2.21300006e+00
    2.21300006e+00 2.21300006e+00 2.21300006e+00 2.21300006e+00
    2.21300006e+00 2.21300006e+00 2.21300006e+00 2.21300006e+00
    2.21300006e+00 2.21300006e+00 2.21300006e+00 2.21300006e+00 0. 0. 0.
    0. 0. 0. 0. 0. 0. 0. 0. 0. 2.48900008e+00 2.48900008e+00
    2.42199993e+00 2.34999990e+00 2.27800012e+00 2.25600004e+00
    2.24799991e+00 2.24000001e+00 2.23200011e+00 2.22399998e+00
    2.21700001e+00 2.21300006e+00 2.21300006e+00 2.21300006e+00
    2.21300006e+00 2.21300006e+00 2.21300006e+00 2.21300006e+00
    2.21300006e+00 2.21300006e+00 2.21300006e+00 2.21300006e+00
    2.21300006e+00 2.21300006e+00 2.21300006e+00 2.21300006e+00
    2.21300006e+00 2.21300006e+00 0. 0. 0. 0. 0. 0. 0. 0. 0. 0. 0. 0.
    2.38899994e+00 2.38899994e+00 2.33699989e+00 2.28099990e+00
    2.22499990e+00 2.20199990e+00 2.18700004e+00 2.17300010e+00
    2.16799998e+00 2.16799998e+00 2.16799998e+00 2.16799998e+00
    2.16799998e+00 2.16799998e+00 2.16799998e+00 2.16799998e+00
    2.16799998e+00 2.17199993e+00 2.18600011e+00 2.20000005e+00
    2.21300006e+00 2.21300006e+00 2.21300006e+00 2.21300006e+00
    2.21300006e+00 2.21300006e+00 2.21300006e+00 2.21300006e+00 0. 0. 0.
    0. 0. 0. 0. 0. 0. 0. 0. 0. 2.31800008e+00 2.31800008e+00
    2.28699994e+00 2.25300002e+00 2.22000003e+00 2.18400002e+00
    2.14899993e+00 2.11299992e+00 2.09999990e+00 2.09999990e+00
    2.09999990e+00 2.09999990e+00 2.09999990e+00 2.09999990e+00
    2.09999990e+00 2.09999990e+00 2.09999990e+00 2.10899997e+00
    2.14499998e+00 2.18099999e+00 2.21300006e+00 2.21300006e+00
    2.21300006e+00 2.21300006e+00 2.21300006e+00 2.21300006e+00
    2.21300006e+00 2.21300006e+00 0. 0. 0. 0. 0. 0. 0. 0. 0. 0. 0. 0.
    2.24699998e+00 2.24699998e+00 2.23699999e+00 2.22600007e+00
    2.21499991e+00 2.16700006e+00 2.10999990e+00 2.05200005e+00
    2.03299999e+00 2.03299999e+00 2.03299999e+00 2.03299999e+00
    2.03299999e+00 2.03299999e+00 2.03299999e+00 2.03299999e+00
    2.03299999e+00 2.04699993e+00 2.10400009e+00 2.16199994e+00
    2.21300006e+00 2.21300006e+00 2.21300006e+00 2.21300006e+00
    2.21300006e+00 2.21300006e+00 2.21300006e+00 2.21300006e+00 0. 0. 0.
    0. 0. 0. 0. 0. 0. 0. 0. 0. 2.21300006e+00 2.21300006e+00
    2.21300006e+00 2.21300006e+00 2.21300006e+00 2.15899992e+00
    2.09100008e+00 2.02300000e+00 2. 2. 2. 2. 2. 2. 2. 2. 2.
    2.01399994e+00 2.07100010e+00 2.12700009e+00 2.17799997e+00
    2.17799997e+00 2.17799997e+00 2.17799997e+00 2.18899989e+00
    2.20000005e+00 2.21099997e+00 2.21300006e+00 0. 0. 0. 0. 0. 0. 0. 0.
    0. 0. 0. 0. 2.21300006e+00 2.21300006e+00 2.21300006e+00
    2.21300006e+00 2.21300006e+00 2.15899992e+00 2.09100008e+00
    2.02300000e+00 2. 2. 2. 2. 2. 2. 2. 2. 2. 2.00900006e+00
    2.04399991e+00 2.07900000e+00 2.10999990e+00 2.10999990e+00
    2.10999990e+00 2.10999990e+00 2.14199996e+00 2.17499995e+00
    2.20799994e+00 2.21300006e+00 0. 0. 0. 0. 0. 0. 0. 0. 0. 0. 0. 0.
    2.21300006e+00 2.21300006e+00 2.21300006e+00 2.21300006e+00
    2.21300006e+00 2.15899992e+00 2.09100008e+00 2.02300000e+00 2. 2. 2.
    2. 2. 2. 2. 2. 2. 2.00300002e+00 2.01699996e+00 2.02999997e+00
    2.04200006e+00 2.04200006e+00 2.04200006e+00 2.04200006e+00
    2.09500003e+00 2.15000010e+00 2.20400000e+00 2.21300006e+00 0. 0. 0.
    0. 0. 0. 0. 0. 0. 0. 0. 0. 2.18700004e+00 2.18700004e+00
    2.18700004e+00 2.18700004e+00 2.18700004e+00 2.14000010e+00
    2.07999992e+00 2.01999998e+00 2. 2. 2. 2. 2. 2. 2. 2. 2. 2. 2. 2. 2.
    2. 2. 2. 2.06599998e+00 2.13400006e+00 2.20199990e+00 2.21300006e+00
