<?xml version="1.0"?>
<opencv_storage>
<Depth type_id="opencv-matrix">
  <rows>40</rows>
  <cols>40</cols>
  <dt>f</dt>
  <data>
    0. 0. 0. 0. 0. 0. 0. 0. 0. 0. 0. 0. 0. 0. 0. 0. 0. 0. 0. 0. 0. 0. 0.
    0. 0. 0. 0. 0. 0. 0. 0. 0. 0. 0. 0. 0. 0. 0. 0. 0. 0. 0. 0. 0. 0. 0.
    0. 0. 0. 0. 0. 0. 0. 0. 0. 0. 0. 0. 0. 0. 0. 0. 0. 0. 0. 0. 0. 0. 0.
    0. 0. 0. 0. 0. 0. 0. 0. 0. 0. 0. 0. 0. 0. 0. 0. 0. 0. 0. 0. 0. 0. 0.
    0. 0. 0. 0. 0. 0. 0. 0. 0. 0. 0. 0. 0. 0. 0. 0. 0. 0. 0. 0. 0. 0. 0.
    0. 0. 0. 0. 0. 0. 0. 0. 0. 0. 0. 0. 0. 0. 0. 0. 0. 0. 0. 0. 0. 0. 0.
    0. 0. 0. 0. 0. 0. 0. 0. 0. 0. 0. 0. 0. 0. 0. 0. 0. 0. 0. 0. 0. 0. 0.
    0. 0. 0. 0. 0. 0. 0. 0. 0. 0. 0. 0. 0. 0. 0. 0. 0. 0. 0. 0. 0. 0. 0.
    0. 0. 0. 0. 0. 0. 0. 0. 0. 0. 0. 0. 0. 0. 0. 0. 0. 0. 0. 0. 0. 0. 0.
    0. 0. 0. 0. 0. 0. 0. 0. 0. 0. 0. 0. 0. 0. 0. 0. 0. 0. 0. 0. 0. 0. 0.
    0. 0. 0. 0. 0. 0. 0. 0. 0. 0. 0. 0. 0. 0. 0. 0. 0. 0. 0. 0. 0. 0. 0.
    0. 0. 0. 0. 0. 0. 0. 0. 0. 0. 0. 0. 0. 0. 0. 0. 0. 0. 0. 0. 0. 0. 0.
    0. 0. 0. 0. 0. 0. 0. 0. 0. 0. 0. 0. 0. 0. 0. 0. 0. 0. 0. 0. 0. 0. 0.
    0. 0. 0. 0. 0. 0. 0. 0. 0. 0. 0. 0. 0. 0. 0. 0. 0. 0. 0. 0. 0. 0. 0.
    0. 0. 0. 0. 0. 0. 0. 0. 0. 0. 0. 0. 0. 0. 0. 0. 0. 0. 0. 0. 0. 0. 0.
    0. 0. 0. 0. 0. 0. 0. 0. 0. 0. 0. 0. 0. 0. 0. 0. 0. 0. 0. 0. 0. 0. 0.
    0. 0. 0. 0. 0. 0. 0. 0. 0. 0. 0. 0. 0. 0. 0. 0. 0. 0. 0. 0. 0. 0. 0.
    0. 0. 0. 0. 0. 0. 0. 0. 0. 0. 0. 0. 0. 0. 0. 0. 0. 0. 0. 0. 0. 0. 0.
    0. 0. 0. 0. 0. 0. 0. 0. 0. 0. 0. 0. 0. 0. 0. 0. 0. 0. 0. 0. 0. 0. 0.
    0. 0. 0. 0. 0. 0. 0. 0. 0. 0. 0. 0. 0. 0. 0. 0. 0. 0. 0. 0. 0. 0. 0.
    0. 0. 0. 0. 0. 0. 0. 0. 0. 0. 0. 0. 0. 0. 0. 0. 0. 0. 0. 0. 0. 0. 0.
    0. 0. 0. 1.12699997e+00 1.12699997e+00 1.12699997e+00 1.13000000e+00
    1.12899995e+00 1.13000000e+00 1.13600004e+00 1.37500000e+00
    2.05999994e+00 2.05500007e+00 2.05500007e+00 2.05500007e+00
    2.05500007e+00 2.05500007e+00 2.05500007e+00 2.05500007e+00
    2.05299997e+00 2.05299997e+00 2.05100012e+00 2.39700007e+00
    2.45000005e+00 2.46300006e+00 2.45199990e+00 2.44300008e+00
    2.53099990e+00 2.50399995e+00 2.49399996e+00 0. 0. 0. 0. 0. 0. 0. 0.
    0. 0. 0. 0. 0. 1.12500000e+00 1.12500000e+00 1.12699997e+00
    1.12899995e+00 1.12699997e+00 1.12800002e+00 1.13000000e+00
    2.03500009e+00 2.04099989e+00 2.04800010e+00 2.04800010e+00
    2.04800010e+00 2.04800010e+00 2.04800010e+00 2.05399990e+00
    2.05500007e+00 2.04600000e+00 2.04200006e+00 2.02999997e+00
    2.01099992e+00 2.01099992e+00 2.01999998e+00 2.03299999e+00
    2.03600001e+00 2.23399997e+00 2.52500010e+00 2.49799991e+00 0. 0. 0.
    0. 0. 0. 0. 0. 0. 0. 0. 0. 0. 1.11600006e+00 1.12000000e+00
    1.12100005e+00 1.12500000e+00 1.12899995e+00 1.14900005e+00
    1.71399999e+00 2.01099992e+00 2.01600003e+00 2.02200007e+00
    2.02200007e+00 2.02900004e+00 2.03200006e+00 2.03099990e+00
    2.03099990e+00 2.03099990e+00 2.03099990e+00 2.02999997e+00
    2.01600003e+00 2.01099992e+00 2.01099992e+00 2.01999998e+00
    2.02200007e+00 2.02200007e+00 2.02200007e+00 2.00600004e+00 2. 0. 0.
    0. 0. 0. 0. 0. 0. 0. 0. 0. 0. 0. 1.11399996e+00 1.11600006e+00
    1.11699998e+00 1.12500000e+00 1.44599998e+00 2.01999998e+00
    2.01099992e+00 2.00600004e+00 2.00600004e+00 2.00099993e+00
    2.00200009e+00 2.01099992e+00 2.01600003e+00 1.99600005e+00
    1.98599994e+00 1.98399997e+00 1.98099995e+00 1.99100006e+00
    1.99100006e+00 1.99100006e+00 2.00099993e+00 2.01099992e+00
    2.01200008e+00 2.00799990e+00 1.99300003e+00 1.98399997e+00
    1.97599995e+00 0. 0. 0. 0. 0. 0. 0. 0. 0. 0. 0. 0. 0. 1.10800004e+00
    1.11399996e+00 1.11500001e+00 1.44400001e+00 1.99699998e+00
    2.01099992e+00 2.01099992e+00 2. 2. 2. 2. 2. 1.99199998e+00
    1.98000002e+00 1.97899997e+00 1.97599995e+00 1.96899998e+00
    1.97800004e+00 1.97099996e+00 1.96200001e+00 1.96700001e+00
    1.96099997e+00 1.94900000e+00 1.95700002e+00 1.95200002e+00
    1.94900000e+00 1.94400001e+00 0. 0. 0. 0. 0. 0. 0. 0. 0. 0. 0. 0. 0.
    1.10500002e+00 1.11199999e+00 1.36099994e+00 2.02500010e+00
    2.02200007e+00 2.01399994e+00 2.01399994e+00 2.01300001e+00
    2.00300002e+00 2.00300002e+00 2.00500011e+00 2.00300002e+00
    1.99100006e+00 1.97899997e+00 1.97899997e+00 1.97899997e+00
    1.97899997e+00 1.96899998e+00 1.96899998e+00 1.95899999e+00
    1.95899999e+00 1.95099998e+00 1.93700004e+00 1.93700004e+00
    1.93599999e+00 1.92900002e+00 1.93299997e+00 0. 0. 0. 0. 0. 0. 0. 0.
    0. 0. 0. 0. 0. 1.10300004e+00 1.48699999e+00 2.04299998e+00
    2.03699994e+00 2.02900004e+00 2.02699995e+00 2.02200007e+00
    2.02200007e+00 2.01799989e+00 2.01799989e+00 2.01799989e+00
    2.01099992e+00 2.00500011e+00 1.98599994e+00 1.98599994e+00
    1.97899997e+00 1.97899997e+00 1.97500002e+00 1.96899998e+00
    1.95899999e+00 1.95899999e+00 1.95099998e+00 1.92900002e+00
    1.92900002e+00 1.92900002e+00 1.92600000e+00 1.91400003e+00 0. 0. 0.
    0. 0. 0. 0. 0. 0. 0. 0. 0. 0. 1.11600006e+00 1.71000004e+00
    2.05399990e+00 2.04299998e+00 2.04299998e+00 2.03999996e+00
    2.02600002e+00 2.02300000e+00 2.02200007e+00 2.02200007e+00
    2.01099992e+00 2.01099992e+00 2.00999999e+00 2.00099993e+00
    1.99100006e+00 1.99000001e+00 1.99000001e+00 1.97800004e+00
    1.97000003e+00 1.96899998e+00 1.96500003e+00 1.95200002e+00
    1.94000006e+00 1.93900001e+00 1.92900002e+00 1.92100000e+00
    1.90199995e+00 0. 0. 0. 0. 0. 0. 0. 0. 0. 0. 0. 0. 0. 1.65499997e+00
    2.04299998e+00 2.04299998e+00 2.04699993e+00 2.04299998e+00
    2.04299998e+00 2.03600001e+00 2.03099990e+00 2.02200007e+00
    2.02200007e+00 2.01600003e+00 2.01600003e+00 2.01600003e+00
    2.01600003e+00 1.98300004e+00 1.98300004e+00 1.99000001e+00
    1.98899996e+00 1.98399997e+00 1.97399998e+00 1.97000003e+00
    1.96000004e+00 1.94799995e+00 1.94099998e+00 1.92900002e+00
    1.92299998e+00 1.90199995e+00 0. 0. 0. 0. 0. 0. 0. 0. 0. 0. 0. 0. 0.
    2.05500007e+00 2.04699993e+00 2.04299998e+00 2.04299998e+00
    2.04299998e+00 2.04299998e+00 2.04200006e+00 2.03200006e+00
    2.03099990e+00 2.02300000e+00 2.02200007e+00 2.02800012e+00
    2.01200008e+00 2.01200008e+00 1.97200000e+00 1.97300005e+00
    1.98699999e+00 1.99000001e+00 1.99000001e+00 1.97899997e+00
    1.97500002e+00 1.96099997e+00 1.95799994e+00 1.95200002e+00
    1.93799996e+00 1.92499995e+00 1.90999997e+00 0. 0. 0. 0. 0. 0. 0. 0.
    0. 0. 0. 0. 0. 2.05800009e+00 2.05599999e+00 2.05500007e+00
    2.04800010e+00 2.02800012e+00 2.01600003e+00 2.01999998e+00
    2.02600002e+00 2.03200006e+00 2.03200006e+00 2.02900004e+00
    2.02900004e+00 2.01099992e+00 2.00500011e+00 1.98599994e+00
    1.98699999e+00 1.99100006e+00 1.99300003e+00 1.99100006e+00
    1.99000001e+00 1.97899997e+00 1.96899998e+00 1.95700002e+00
    1.94900000e+00 1.94200003e+00 1.92600000e+00 1.91100001e+00 0. 0. 0.
    0. 0. 0. 0. 0. 0. 0. 0. 0. 0. 2.06599998e+00 2.06399989e+00
    2.05500007e+00 2.03600001e+00 2.01399994e+00 2. 2. 2.01200008e+00
    2.02500010e+00 2.01699996e+00 2.01399994e+00 2.01399994e+00
    2.01099992e+00 2.00900006e+00 2.00799990e+00 2.00999999e+00
    2.00200009e+00 2. 1.99800003e+00 1.99699998e+00 1.97899997e+00
    1.96300006e+00 1.95700002e+00 1.94900000e+00 1.94900000e+00
    1.93299997e+00 1.91199994e+00 0. 0. 0. 0. 0. 0. 0. 0. 0. 0. 0. 0. 0.
    1.90300000e+00 2.04800010e+00 2.04299998e+00 2.03299999e+00
    2.01300001e+00 1.98000002e+00 1.94900000e+00 1.95400000e+00
    1.91999996e+00 1.80499995e+00 1.80499995e+00 1.95099998e+00
    2.01200008e+00 2.01099992e+00 2.00099993e+00 2.00300002e+00
    2.00300002e+00 2.00300002e+00 2.00500011e+00 2. 1.97899997e+00
    1.97099996e+00 1.96700001e+00 1.95299995e+00 1.94900000e+00
    1.92900002e+00 1.92100000e+00 0. 0. 0. 0. 0. 0. 0. 0. 0. 0. 0. 0. 0.
    0. 1.03999996e+00 1.05799997e+00 1.98399997e+00 1.96300006e+00
    1.95899999e+00 1.94400001e+00 1.94900000e+00 1.07200003e+00 0. 0. 0.
    1.13399994e+00 2.01099992e+00 2.00099993e+00 2. 2.00799990e+00
    2.01099992e+00 2.00799990e+00 2.00600004e+00 1.98500001e+00
