<?xml version="1.0"?>
<opencv_storage>
<Depth type_id="opencv-matrix">
  <rows>40</rows>
  <cols>40</cols>
  <dt>f</dt>
  <data>
    0. 0. 0. 0. 0. 0. 0. 0. 0. 0. 0. 0. 0. 0. 0. 0. 0. 0. 0. 0. 0. 0. 0.
    0. 0. 0. 0. 0. 0. 0. 0. 0. 0. 0. 0. 0. 0. 0. 0. 0. 0. 0. 0. 0. 0. 0.
    0. 0. 0. 0. 0. 0. 0. 0. 0. 0. 0. 0. 0. 0. 0. 0. 0. 0. 0. 0. 0. 0. 0.
    0. 0. 0. 0. 0. 0. 0. 0. 0. 0. 0. 0. 0. 0. 0. 0. 0. 0. 0. 0. 0. 0. 0.
    0. 0. 0. 0. 0. 0. 0. 0. 0. 0. 0. 0. 0. 0. 0. 0. 0. 0. 0. 0. 0. 0. 0.
    0. 0. 0. 0. 0. 0. 0. 0. 0. 0. 0. 0. 0. 0. 0. 0. 0. 0. 0. 0. 0. 0. 0.
    0. 0. 0. 0. 0. 0. 0. 0. 0. 0. 0. 0. 0. 0. 0. 0. 0. 0. 0. 0. 0. 0. 0.
    0. 0. 0. 0. 0. 0. 0. 0. 0. 0. 0. 0. 0. 0. 0. 0. 0. 0. 0. 0. 0. 0. 0.
    0. 0. 0. 0. 0. 0. 0. 0. 0. 0. 0. 0. 0. 0. 0. 0. 0. 0. 0. 0. 0. 0. 0.
    0. 0. 0. 0. 0. 0. 0. 0. 0. 0. 0. 0. 0. 0. 0. 0. 0. 0. 0. 0. 0. 0. 0.
    0. 0. 0. 0. 0. 0. 0. 0. 0. 0. 0. 0. 0. 0. 0. 0. 0. 0. 0. 0. 0. 0. 0.
    0. 0. 0. 0. 0. 0. 0. 0. 0. 0. 0. 0. 0. 0. 0. 0. 0. 0. 0. 0. 0. 0. 0.
    0. 0. 0. 0. 0. 0. 0. 0. 0. 0. 0. 0. 0. 0. 0. 0. 0. 0. 0. 0. 0. 0. 0.
    0. 0. 0. 0. 0. 0. 0. 0. 0. 0. 0. 0. 0. 0. 0. 0. 0. 0. 0. 0. 0. 0. 0.
    0. 0. 0. 0. 0. 0. 0. 0. 0. 0. 0. 0. 0. 0. 0. 0. 0. 0. 0. 0. 0. 0. 0.
    0. 0. 0. 0. 0. 0. 0. 0. 0. 0. 0. 0. 0. 0. 0. 0. 0. 0. 0. 0. 0. 0. 0.
    0. 0. 0. 0. 0. 0. 0. 0. 0. 0. 0. 0. 0. 0. 0. 0. 0. 0. 0. 0. 0. 0. 0.
    0. 0. 0. 0. 0. 0. 0. 0. 0. 0. 0. 0. 0. 0. 0. 0. 0. 0. 0. 0. 0. 0. 0.
    0. 0. 0. 0. 0. 0. 0. 0. 0. 0. 0. 0. 0. 0. 0. 0. 0. 0. 0. 0. 0. 0. 0.
    0. 0. 0. 0. 0. 0. 0. 0. 0. 0. 1.36800003e+00 1.38199997e+00
    1.88800001e+00 2.02500010e+00 2.02500010e+00 2.03900003e+00
    2.05100012e+00 2.05100012e+00 2.05100012e+00 2.18300009e+00
    2.76300001e+00 2.78699994e+00 2.10299993e+00 2.05100012e+00
    2.65100002e+00 2.81299996e+00 2.79900002e+00 2.79900002e+00
    2.79900002e+00 2.78600001e+00 2.75900006e+00 2.75300002e+00
    2.72000003e+00 2.72000003e+00 2.68499994e+00 0. 0. 0. 0. 0. 0. 0. 0.
    0. 0. 0. 0. 0. 0. 0. 1.36800003e+00 1.86899996e+00 2.00699997e+00
    2.02500010e+00 2.02500010e+00 2.02699995e+00 2.02800012e+00
    2.02800012e+00 2.03500009e+00 2.18300009e+00 2.76300001e+00
    2.78699994e+00 2.10299993e+00 2.05100012e+00 2.11100006e+00
    2.12599993e+00 2.54299998e+00 2.83599997e+00 2.81999993e+00
    2.78600001e+00 2.75900006e+00 2.75300002e+00 2.72000003e+00
    2.72000003e+00 2.68499994e+00 0. 0. 0. 0. 0. 0. 0. 0. 0. 0. 0. 0. 0.
    0. 0. 1.88399994e+00 2.00699997e+00 2.02500010e+00 2.01099992e+00
    2.00500011e+00 2.01600003e+00 2.02500010e+00 2.02500010e+00
    2.02699995e+00 2.05500007e+00 2.16300011e+00 2.16799998e+00
    2.02200007e+00 2.02800012e+00 2.02600002e+00 2.01200008e+00
    2.09599996e+00 2.15000010e+00 2.13700008e+00 2.12899995e+00
    2.12299991e+00 2.21900010e+00 2.72000003e+00 2.72000003e+00
    2.71199989e+00 0. 0. 0. 0. 0. 0. 0. 0. 0. 0. 0. 0. 0. 0. 0.
    2.00699997e+00 2.02300000e+00 2.02500010e+00 2.00699997e+00 2.
    2.00399995e+00 2.00699997e+00 2.00699997e+00 2.00699997e+00
    2.00600004e+00 2. 2. 1.98399997e+00 1.98899996e+00 1.99000001e+00
    1.98500001e+00 1.97800004e+00 1.96200001e+00 1.95000005e+00
    1.95000005e+00 1.95000005e+00 1.99000001e+00 2.19799995e+00
    2.19799995e+00 2.21399999e+00 0. 0. 0. 0. 0. 0. 0. 0. 0. 0. 0. 0. 0.
    0. 0. 2. 2.02200007e+00 2.02500010e+00 2.00699997e+00 2. 2.
    1.99300003e+00 1.98500001e+00 1.98500001e+00 1.98500001e+00
    1.98500001e+00 1.98399997e+00 1.97599995e+00 1.97500002e+00
    1.97500002e+00 1.97500002e+00 1.97500002e+00 1.97000003e+00
    1.95899999e+00 1.95000005e+00 1.95400000e+00 1.96700001e+00
    1.97500002e+00 1.97500002e+00 1.98399997e+00 0. 0. 0. 0. 0. 0. 0. 0.
    0. 0. 0. 0. 0. 0. 0. 2. 2.00999999e+00 2.01200008e+00 2.00399995e+00
    2. 2. 1.98899996e+00 1.97500002e+00 1.97500002e+00 1.97500002e+00
    1.97500002e+00 1.97500002e+00 1.98699999e+00 1.98800004e+00
    1.98800004e+00 1.97899997e+00 1.97500002e+00 1.97500002e+00
    1.97000003e+00 1.96800005e+00 1.97599995e+00 1.97300005e+00
    1.96200001e+00 1.96200001e+00 1.96200001e+00 0. 0. 0. 0. 0. 0. 0. 0.
    0. 0. 0. 0. 0. 0. 0. 2. 2. 2. 1.99199998e+00 1.98899996e+00
    1.98899996e+00 1.98300004e+00 1.97500002e+00 1.97500002e+00
    1.97500002e+00 1.97500002e+00 1.97500002e+00 1.99800003e+00 2. 2.
    1.98300004e+00 1.96800005e+00 1.96399999e+00 1.96899998e+00
    1.98000002e+00 1.98300004e+00 1.96200001e+00 1.94900000e+00
    1.93900001e+00 1.93900001e+00 0. 0. 0. 0. 0. 0. 0. 0. 0. 0. 0. 0. 0.
    0. 0. 2. 2. 2. 1.98199999e+00 1.97500002e+00 1.97500002e+00
    1.97500002e+00 1.97500002e+00 1.97700000e+00 1.98199999e+00
    1.97500002e+00 1.97500002e+00 1.99800003e+00 2. 2. 1.98300004e+00
    1.96000004e+00 1.95000005e+00 1.95700002e+00 1.96599996e+00
    1.96200001e+00 1.95000005e+00 1.94799995e+00 1.92600000e+00
    1.92600000e+00 0. 0. 0. 0. 0. 0. 0. 0. 0. 0. 0. 0. 0. 0. 0. 2. 2. 2.
    1.98699999e+00 1.98199999e+00 1.98199999e+00 1.98199999e+00
    1.98199999e+00 1.98699999e+00 1.99699998e+00 1.98199999e+00
    1.98199999e+00 1.99899995e+00 2. 2. 1.98300004e+00 1.96399999e+00
    1.95299995e+00 1.95000005e+00 1.95000005e+00 1.95000005e+00
    1.94900000e+00 1.94200003e+00 1.92600000e+00 1.92600000e+00 0. 0. 0.
    0. 0. 0. 0. 0. 0. 0. 0. 0. 0. 0. 0. 1.86300004e+00 1.98199999e+00 2.
    2. 2. 2. 2.00200009e+00 2.00500011e+00 2.00500011e+00 2.00500011e+00
    2.00399995e+00 2. 2. 2. 2. 1.98300004e+00 1.97500002e+00
    1.96200001e+00 1.95000005e+00 1.95000005e+00 1.95000005e+00
    1.94599998e+00 1.92600000e+00 1.92600000e+00 1.92600000e+00 0. 0. 0.
    0. 0. 0. 0. 0. 0. 0. 0. 0. 0. 0. 0. 1.26499999e+00 1.84099996e+00
    1.98800004e+00 2.00300002e+00 2.00300002e+00 2.00300002e+00
    2.01300001e+00 2.02500010e+00 2.02399993e+00 2.02200007e+00
    2.01999998e+00 2.00300002e+00 2.00300002e+00 2. 2. 1.98500001e+00
    1.97599995e+00 1.96399999e+00 1.95099998e+00 1.95000005e+00
    1.95000005e+00 1.94700003e+00 1.92799997e+00 1.92600000e+00
    1.92600000e+00 0. 0. 0. 0. 0. 0. 0. 0. 0. 0. 0. 0. 0. 0. 0.
    1.26499999e+00 1.26499999e+00 1.88199997e+00 2.03299999e+00
    2.02500010e+00 2.02500010e+00 2.02399993e+00 2.02399993e+00
    2.01799989e+00 2. 2.00200009e+00 2.02500010e+00 2.02500010e+00
    2.00399995e+00 2. 2. 1.98500001e+00 1.97500002e+00 1.96399999e+00
    1.95000005e+00 1.95000005e+00 1.95000005e+00 1.94799995e+00
    1.92700005e+00 1.92600000e+00 0. 0. 0. 0. 0. 0. 0. 0. 0. 0. 0. 0. 0.
    0. 0. 1.25199997e+00 1.25199997e+00 1.86099994e+00 2.02600002e+00
    2.02500010e+00 2.01300001e+00 1.99100006e+00 1.97800004e+00
    1.97800004e+00 1.97700000e+00 1.98199999e+00 2.02500010e+00
    2.02500010e+00 2.02399993e+00 2.00600004e+00 2. 1.98500001e+00
    1.96300006e+00 1.95099998e+00 1.95000005e+00 1.95000005e+00
    1.95000005e+00 1.95000005e+00 1.94799995e+00 1.94799995e+00 0. 0. 0.
    0. 0. 0. 0. 0. 0. 0. 0. 0. 0. 0. 0. 1.25100005e+00 1.25100005e+00
    1.84300005e+00 2.00399995e+00 2.01699996e+00 2.01200008e+00
    1.98899996e+00 1.97500002e+00 1.97500002e+00 1.97500002e+00
    1.98000002e+00 2.02500010e+00 2.02500010e+00 2.02500010e+00
    2.00600004e+00 2. 1.98500001e+00 1.96200001e+00 1.95000005e+00
    1.95000005e+00 1.95000005e+00 1.95000005e+00 1.94799995e+00
    1.92999995e+00 1.92999995e+00 0. 0. 0. 0. 0. 0. 0. 0. 0. 0. 0. 0. 0.
    0. 0. 1.25100005e+00 1.25100005e+00 1.80999994e+00 1.97500002e+00
    2.00799990e+00 2.00200009e+00 1.97800004e+00 1.96800005e+00
    1.95599997e+00 1.96000004e+00 1.98000002e+00 2.02500010e+00
    2.02500010e+00 2.00900006e+00 2.00099993e+00 2. 1.99600005e+00
    1.98099995e+00 1.96899998e+00 1.96300006e+00 1.94599998e+00
    1.93200004e+00 1.92999995e+00 1.90799999e+00 1.90799999e+00 0. 0. 0.
    0. 0. 0. 0. 0. 0. 0. 0. 0. 0. 0. 0. 1.25100005e+00 1.25100005e+00
    1.78799999e+00 1.95099998e+00 1.99899995e+00 1.99899995e+00
    1.97500002e+00 1.96599996e+00 1.95000005e+00 1.58800006e+00 0. 0. 0.
    1.69400001e+00 2. 2. 2. 1.99600005e+00 1.98500001e+00 1.96700001e+00
