<?xml version="1.0"?>
<opencv_storage>
<Depth type_id="opencv-matrix">
  <rows>40</rows>
  <cols>40</cols>
  <dt>f</dt>
  <data>
    0. 0. 0. 0. 0. 0. 0. 0. 0. 0. 0. 0. 0. 0. 0. 0. 0. 0. 0. 0. 0. 0. 0.
    0. 0. 0. 0. 0. 0. 0. 0. 0. 0. 0. 0. 0. 0. 0. 0. 0. 0. 0. 0. 0. 0. 0.
    0. 0. 0. 0. 0. 0. 0. 0. 0. 0. 0. 0. 0. 0. 0. 0. 0. 0. 0. 0. 0. 0. 0.
    0. 0. 0. 0. 0. 0. 0. 0. 0. 0. 0. 0. 0. 0. 0. 0. 0. 0. 0. 0. 0. 0. 0.
    0. 0. 0. 0. 0. 0. 0. 0. 0. 0. 0. 0. 0. 0. 0. 0. 0. 0. 0. 0. 0. 0. 0.
    0. 0. 0. 0. 0. 0. 0. 0. 0. 0. 0. 0. 0. 0. 0. 0. 0. 0. 0. 0. 0. 0. 0.
    0. 0. 0. 0. 0. 0. 0. 0. 0. 0. 0. 0. 0. 0. 0. 0. 0. 0. 0. 0. 0. 0. 0.
    0. 0. 0. 0. 0. 0. 0. 0. 0. 0. 0. 0. 0. 0. 0. 0. 0. 0. 0. 0. 0. 0. 0.
    0. 0. 0. 0. 0. 0. 0. 0. 0. 0. 0. 0. 0. 0. 0. 0. 0. 0. 0. 0. 0. 0. 0.
    0. 0. 0. 0. 0. 0. 0. 0. 0. 0. 0. 0. 0. 0. 0. 0. 0. 0. 0. 0. 0. 0. 0.
    0. 0. 0. 0. 0. 0. 0. 0. 0. 0. 0. 0. 0. 0. 0. 0. 0. 0. 0. 0. 0. 0. 0.
    0. 0. 0. 0. 0. 0. 0. 0. 0. 0. 0. 0. 0. 0. 0. 0. 0. 0. 0. 0. 0. 0. 0.
    0. 0. 0. 0. 0. 0. 0. 0. 0. 0. 0. 0. 0. 0. 0. 0. 0. 0. 0. 0. 0. 0. 0.
    0. 0. 0. 0. 0. 0. 0. 0. 0. 0. 0. 0. 0. 0. 0. 0. 0. 0. 0. 0. 0. 0. 0.
    0. 0. 0. 0. 0. 0. 0. 0. 0. 0. 0. 0. 0. 0. 0. 0. 0. 0. 0. 0. 0. 0. 0.
    0. 0. 0. 0. 0. 0. 0. 0. 0. 0. 0. 0. 0. 0. 0. 0. 0. 0. 0. 0. 0. 0. 0.
    0. 0. 0. 0. 0. 0. 0. 0. 0. 0. 0. 0. 0. 0. 0. 0. 0. 0. 0. 0. 0. 0. 0.
    0. 0. 0. 0. 0. 0. 0. 0. 0. 2.79800010e+00 2.79800010e+00
    2.79800010e+00 2.79800010e+00 2.79800010e+00 2.79800010e+00
    2.79800010e+00 2.79800010e+00 2.79800010e+00 2.79800010e+00
    2.84500003e+00 2.89199996e+00 2.89199996e+00 2.89199996e+00
    2.89199996e+00 2.91899991e+00 2.97300005e+00 2.95300007e+00
    2.89899993e+00 2.89199996e+00 2.89599991e+00 2.95000005e+00
    2.97499990e+00 2.92100000e+00 2.89199996e+00 2.89199996e+00
    2.96399999e+00 0. 0. 0. 0. 2.97700000e+00 2.92300010e+00
    2.89199996e+00 2.89199996e+00 2.89199996e+00 2.89199996e+00
    2.54900002e+00 2.14100003e+00 2.14100003e+00 2.79800010e+00
    2.79800010e+00 2.79800010e+00 2.79800010e+00 2.79800010e+00
    2.79800010e+00 2.79800010e+00 2.79800010e+00 2.79800010e+00
    2.79800010e+00 2.84500003e+00 2.89199996e+00 2.89199996e+00
    2.89199996e+00 2.89199996e+00 2.91899991e+00 2.97300005e+00
    2.96499991e+00 2.92899990e+00 2.92400002e+00 2.92700005e+00
    2.96300006e+00 2.93799996e+00 2.74699998e+00 2.64400005e+00
    2.64400005e+00 2.69199991e+00 2.76600003e+00 2.73399997e+00
    2.68400002e+00 2.64700007e+00 2.61800003e+00 2.61899996e+00
    2.62500000e+00 2.63899994e+00 2.64400005e+00 2.64400005e+00
    2.41400003e+00 2.14100003e+00 2.12800002e+00 2.79800010e+00
    2.79800010e+00 2.79800010e+00 2.79800010e+00 2.79800010e+00
    2.79800010e+00 2.79800010e+00 2.79800010e+00 2.79800010e+00
    2.79800010e+00 2.84500003e+00 2.89199996e+00 2.89199996e+00
    2.89199996e+00 2.89199996e+00 2.91899991e+00 2.97300005e+00
    2.98600006e+00 2.97900009e+00 2.97900009e+00 2.97900009e+00
    2.98499990e+00 2.87700009e+00 2.45400000e+00 2.22799993e+00
    2.22799993e+00 2.23600006e+00 2.24900007e+00 2.13599992e+00
    2.00699997e+00 2. 2.01799989e+00 2.11100006e+00 2.17899990e+00
    2.21499991e+00 2.22799993e+00 2.22799993e+00 2.18799996e+00
    2.14000010e+00 2.10500002e+00 2.75799990e+00 2.75799990e+00
    2.75799990e+00 2.75799990e+00 2.75799990e+00 2.75799990e+00
    2.74699998e+00 2.72499990e+00 2.71900010e+00 2.71900010e+00
    2.84999990e+00 2.97900009e+00 2.97900009e+00 2.97900009e+00
    2.97900009e+00 0. 0. 0. 0. 2.83999991e+00 2.58599997e+00
    2.58599997e+00 2.51500010e+00 2.25099993e+00 2.10200000e+00
    2.08500004e+00 2.06800008e+00 2.05200005e+00 1.96300006e+00
    1.86600006e+00 1.86600006e+00 1.89300001e+00 2.00600004e+00
    2.07900000e+00 2.10100007e+00 2.11999989e+00 2.13800001e+00
    2.12700009e+00 2.10899997e+00 2.08699989e+00 2.70700002e+00
    2.70700002e+00 2.70700002e+00 2.70700002e+00 2.70700002e+00
    2.70700002e+00 2.68199992e+00 2.63299990e+00 2.61899996e+00
    2.61899996e+00 2.85500002e+00 0. 0. 0. 0. 0. 0. 0. 0. 2.65000010e+00
    2.07599998e+00 2.07599998e+00 2.07500005e+00 2.07100010e+00
    2.05200005e+00 2.01399994e+00 1.97599995e+00 1.93900001e+00
    1.90199995e+00 1.86600006e+00 1.86600006e+00 1.89300001e+00
    2.00600004e+00 2.06900001e+00 2.06900001e+00 2.09500003e+00
    2.13400006e+00 2.10800004e+00 2.06999993e+00 2.06900001e+00
    2.70600009e+00 2.70600009e+00 2.70600009e+00 2.70600009e+00
    2.70600009e+00 2.70600009e+00 2.68099999e+00 2.63199997e+00
    2.45600009e+00 2.22799993e+00 2.31500006e+00 2.42400002e+00
    2.44400001e+00 2.45799994e+00 2.45799994e+00 2.47099996e+00
    2.49699998e+00 2.50500011e+00 2.50500011e+00 2.27399993e+00
    2.03099990e+00 2.03099990e+00 2.03699994e+00 2.05800009e+00
    2.05100012e+00 2.01300001e+00 1.97500002e+00 1.93799996e+00
    1.90100002e+00 1.86600006e+00 1.86600006e+00 1.89300001e+00
    2.00600004e+00 2.06900001e+00 2.06900001e+00 2.07999992e+00
    2.09800005e+00 2.08699989e+00 2.06900001e+00 2.06900001e+00
    2.61500001e+00 2.61899996e+00 2.62199998e+00 2.62199998e+00
    2.62199998e+00 2.62199998e+00 2.59899998e+00 2.55500007e+00
    2.27600002e+00 1.90100002e+00 1.86600006e+00 1.87000000e+00
    1.90600002e+00 1.93200004e+00 1.93200004e+00 1.93200004e+00
    1.93200004e+00 1.93200004e+00 1.93200004e+00 1.96500003e+00 2. 2.
    2.00900006e+00 2.04399991e+00 2.04600000e+00 2.01200008e+00
    1.97500002e+00 1.93799996e+00 1.90400004e+00 1.87300003e+00
    1.87300003e+00 1.89900005e+00 2.00799990e+00 2.06900001e+00
    2.06900001e+00 2.06900001e+00 2.06900001e+00 2.06900001e+00
    2.06900001e+00 2.06900001e+00 2.11500001e+00 2.13599992e+00
    2.15599990e+00 2.15599990e+00 2.15599990e+00 2.15599990e+00
    2.14800000e+00 2.13100004e+00 2.02399993e+00 1.88000000e+00
    1.86600006e+00 1.87000000e+00 1.90600002e+00 1.93200004e+00
    1.93200004e+00 1.93200004e+00 1.93200004e+00 1.93200004e+00
    1.93200004e+00 1.96500003e+00 2. 2. 2.00399995e+00 2.01699996e+00
    2.01799989e+00 2.00500011e+00 1.97500002e+00 1.93799996e+00
    1.92100000e+00 1.90900004e+00 1.90900004e+00 1.93099999e+00
    2.01900005e+00 2.06900001e+00 2.06900001e+00 2.06900001e+00
    2.06900001e+00 2.06900001e+00 2.06900001e+00 2.06900001e+00
    1.80299997e+00 1.83599997e+00 1.86600006e+00 1.86600006e+00
    1.86600006e+00 1.86600006e+00 1.86600006e+00 1.86600006e+00
    1.86600006e+00 1.86600006e+00 1.86600006e+00 1.87000000e+00
    1.90600002e+00 1.93200004e+00 1.93200004e+00 1.93200004e+00
    1.93200004e+00 1.93200004e+00 1.93200004e+00 1.96500003e+00 2. 2. 2.
    2. 2. 2. 1.98000002e+00 1.95099998e+00 1.94599998e+00 1.94599998e+00
    1.94599998e+00 1.96300006e+00 2.03099990e+00 2.06900001e+00
    2.06900001e+00 2.06900001e+00 2.06900001e+00 2.06900001e+00
    2.06900001e+00 2.06900001e+00 1.80299997e+00 1.83599997e+00
    1.86600006e+00 1.86600006e+00 1.86600006e+00 1.86600006e+00
    1.86600006e+00 1.86600006e+00 1.86600006e+00 1.86600006e+00
    1.86600006e+00 1.87000000e+00 1.90600002e+00 1.93200004e+00
    1.93200004e+00 1.93200004e+00 1.93200004e+00 1.93200004e+00
    1.93200004e+00 1.96500003e+00 2. 2. 2. 2. 2. 2. 1.99399996e+00
    1.98500001e+00 1.98399997e+00 1.98399997e+00 1.98399997e+00
    1.99500000e+00 2.04200006e+00 2.06900001e+00 2.06900001e+00
    2.06900001e+00 2.06900001e+00 2.06900001e+00 2.06900001e+00
    2.06900001e+00 1.82200003e+00 1.84500003e+00 1.86600006e+00
    1.86600006e+00 1.86600006e+00 1.86600006e+00 1.86600006e+00
    1.86600006e+00 1.86600006e+00 1.86600006e+00 1.86600006e+00
    1.87000000e+00 1.90600002e+00 1.93200004e+00 1.93200004e+00
    1.93200004e+00 1.93200004e+00 1.93200004e+00 1.93200004e+00
    1.96500003e+00 2. 2. 2. 2. 2. 2. 2. 2. 1.99000001e+00 1.97899997e+00
    1.97899997e+00 1.99100006e+00 2.04099989e+00 2.06900001e+00
    2.06900001e+00 2.06900001e+00 2.06900001e+00 2.06900001e+00
    2.06900001e+00 2.06900001e+00 1.85599995e+00 1.86199999e+00
