<?xml version="1.0"?>
<opencv_storage>
<Depth type_id="opencv-matrix">
  <rows>40</rows>
  <cols>40</cols>
  <dt>f</dt>
  <data>
    0. 0. 0. 0. 0. 0. 0. 0. 0. 0. 0. 0. 0. 0. 0. 0. 0. 0. 0. 0. 0. 0. 0.
    0. 0. 0. 0. 0. 0. 0. 0. 0. 0. 0. 0. 0. 0. 0. 0. 0. 0. 0. 0. 0. 0. 0.
    0. 0. 0. 0. 0. 0. 0. 0. 0. 0. 0. 0. 0. 0. 0. 0. 0. 0. 0. 0. 0. 0. 0.
    0. 0. 0. 0. 0. 0. 0. 0. 0. 0. 0. 0. 0. 0. 0. 0. 0. 0. 0. 0. 0. 0. 0.
    0. 0. 0. 0. 0. 0. 0. 0. 0. 0. 0. 0. 0. 0. 0. 0. 0. 0. 0. 0. 0. 0. 0.
    0. 0. 0. 0. 0. 0. 0. 0. 0. 0. 0. 0. 0. 0. 0. 0. 0. 0. 0. 0. 0. 0. 0.
    0. 0. 0. 0. 0. 0. 0. 0. 0. 0. 0. 0. 0. 0. 0. 0. 0. 0. 0. 0. 0. 0. 0.
    0. 0. 0. 0. 0. 0. 0. 0. 0. 0. 0. 0. 0. 0. 0. 0. 0. 0. 0. 0. 0. 0. 0.
    0. 0. 0. 0. 0. 0. 0. 0. 0. 0. 0. 0. 0. 0. 0. 0. 0. 0. 0. 0. 0. 0. 0.
    0. 0. 0. 0. 0. 0. 0. 0. 0. 0. 0. 0. 0. 0. 0. 0. 0. 0. 0. 0. 0. 0. 0.
    0. 0. 0. 0. 0. 0. 0. 0. 0. 0. 0. 0. 0. 0. 0. 0. 0. 0. 0. 0. 0. 0. 0.
    0. 0. 0. 0. 0. 0. 0. 0. 0. 0. 0. 0. 0. 0. 0. 0. 0. 0. 0. 0. 0. 0. 0.
    0. 0. 0. 0. 0. 0. 0. 0. 0. 0. 0. 0. 0. 0. 0. 0. 0. 0. 0. 0. 0. 0. 0.
    0. 0. 0. 0. 0. 0. 0. 0. 0. 0. 0. 0. 0. 0. 0. 0. 0. 0. 0. 0. 0. 0. 0.
    0. 0. 0. 0. 0. 0. 0. 0. 0. 0. 0. 0. 0. 0. 0. 0. 0. 0. 0. 0. 0. 0. 0.
    0. 0. 0. 0. 0. 0. 0. 0. 0. 0. 0. 0. 0. 0. 0. 0. 0. 0. 0. 0. 0. 0. 0.
    0. 0. 0. 0. 0. 0. 0. 0. 0. 0. 0. 0. 0. 0. 0. 0. 0. 0. 0. 0. 0. 0. 0.
    0. 0. 0. 0. 0. 0. 0. 0. 0. 0. 0. 0. 0. 0. 0. 0. 0. 0. 0. 0. 0. 0. 0.
    0. 0. 0. 0. 0. 0. 0. 0. 0. 0. 0. 0. 0. 0. 0. 0. 0. 0. 0. 0. 0. 0. 0.
    0. 0. 0. 0. 0. 0. 0. 0. 0. 0. 0. 0. 0. 0. 0. 0. 0. 0. 0. 0. 0. 0. 0.
    0. 0. 0. 0. 0. 0. 0. 0. 0. 0. 0. 0. 0. 0. 0. 0. 0. 0. 0. 0. 0. 0. 0.
    0. 0. 0. 0. 0. 0. 0. 0. 0. 0. 0. 0. 0. 0. 0. 0. 0. 0. 0. 0. 0. 0. 0.
    0. 0. 0. 0. 0. 0. 0. 0. 0. 0. 0. 0. 0. 0. 0. 0. 0. 0. 0. 0. 0. 0. 0.
    0. 0. 0. 0. 0. 0. 0. 0. 0. 0. 0. 0. 0. 0. 0. 0. 0. 0. 0. 0. 0. 0. 0.
    0. 0. 0. 0. 0. 0. 0. 0. 2.05599999e+00 2.10400009e+00 2.10500002e+00
    2.10500002e+00 2.10500002e+00 2.10500002e+00 2.13199997e+00
    2.18000007e+00 2.19700003e+00 2.14800000e+00 2.10500002e+00
    2.10500002e+00 2.10500002e+00 2.01999998e+00 1.92700005e+00
    1.89900005e+00 1.89900005e+00 1.89900005e+00 1.89900005e+00
    1.89900005e+00 1.89900005e+00 1.89900005e+00 1.89900005e+00
    1.89900005e+00 1.89900005e+00 1.89900005e+00 1.89900005e+00
    1.89900005e+00 1.89900005e+00 1.89900005e+00 1.89900005e+00
    1.89900005e+00 1.89900005e+00 1.89900005e+00 1.89900005e+00
    1.89900005e+00 1.89900005e+00 1.89900005e+00 1.89900005e+00
    1.89900005e+00 2.07500005e+00 2.12299991e+00 2.12400007e+00
    2.12400007e+00 2.12400007e+00 2.12400007e+00 2.14599991e+00
    2.18600011e+00 2.19700003e+00 2.14800000e+00 2.10500002e+00
    2.10500002e+00 2.10500002e+00 2.02800012e+00 1.94299996e+00
    1.91700006e+00 1.91700006e+00 1.91700006e+00 1.91700006e+00
    1.91700006e+00 1.91700006e+00 1.91600001e+00 1.90799999e+00
    1.89999998e+00 1.89900005e+00 1.89900005e+00 1.89900005e+00
    1.89900005e+00 1.89900005e+00 1.89900005e+00 1.89900005e+00
    1.89900005e+00 1.89900005e+00 1.89900005e+00 1.89900005e+00
    1.89900005e+00 1.89900005e+00 1.89900005e+00 1.89900005e+00
    1.89900005e+00 2.12299991e+00 2.17199993e+00 2.17300010e+00
    2.17300010e+00 2.17300010e+00 2.17300010e+00 2.18300009e+00
    2.20099998e+00 2.19700003e+00 2.14800000e+00 2.10500002e+00
    2.10500002e+00 2.10500002e+00 2.04699993e+00 1.98199999e+00
    1.96300006e+00 1.96300006e+00 1.96300006e+00 1.96300006e+00
    1.96300006e+00 1.96300006e+00 1.96099997e+00 1.93200004e+00
    1.90300000e+00 1.89900005e+00 1.89900005e+00 1.89900005e+00
    1.89900005e+00 1.89900005e+00 1.89900005e+00 1.89900005e+00
    1.89900005e+00 1.89900005e+00 1.89900005e+00 1.89900005e+00
    1.89900005e+00 1.89900005e+00 1.89900005e+00 1.89900005e+00
    1.89900005e+00 2.16700006e+00 2.21199989e+00 2.21300006e+00
    2.21300006e+00 2.21300006e+00 2.21300006e+00 2.21099997e+00
    2.20700002e+00 2.18899989e+00 2.14400005e+00 2.10500002e+00
    2.10500002e+00 2.10500002e+00 2.06200004e+00 2.01399994e+00 2. 2. 2.
    2. 2. 2. 1.99699998e+00 1.95599997e+00 1.91400003e+00 1.90400004e+00
    1.89999998e+00 1.89900005e+00 1.89900005e+00 1.89900005e+00
    1.89900005e+00 1.89900005e+00 1.89900005e+00 1.89900005e+00
    1.89900005e+00 1.89900005e+00 1.89900005e+00 1.89900005e+00
    1.89900005e+00 1.89900005e+00 1.89900005e+00 2.19000006e+00
    2.21199989e+00 2.21300006e+00 2.21300006e+00 2.21300006e+00
    2.21300006e+00 2.19899988e+00 2.17300010e+00 2.14800000e+00
    2.12500000e+00 2.10500002e+00 2.10500002e+00 2.10500002e+00
    2.06200004e+00 2.01399994e+00 2. 2. 2. 2. 2. 2. 1.99899995e+00
    1.97700000e+00 1.95599997e+00 1.93200004e+00 1.90799999e+00
    1.89900005e+00 1.89900005e+00 1.89900005e+00 1.89900005e+00
    1.89900005e+00 1.89900005e+00 1.89900005e+00 1.89900005e+00
    1.89900005e+00 1.89900005e+00 1.89900005e+00 1.89900005e+00
    1.89900005e+00 1.89900005e+00 2.21199989e+00 2.21300006e+00
    2.21300006e+00 2.21300006e+00 2.21300006e+00 2.21300006e+00
    2.18700004e+00 2.13899994e+00 2.10599995e+00 2.10599995e+00
    2.10500002e+00 2.10500002e+00 2.10500002e+00 2.06200004e+00
    2.01399994e+00 2. 2. 2. 2. 2. 2. 2. 1.99899995e+00 1.99899995e+00
    1.96000004e+00 1.91499996e+00 1.89900005e+00 1.89900005e+00
    1.89900005e+00 1.89900005e+00 1.89900005e+00 1.89900005e+00
    1.89900005e+00 1.89900005e+00 1.89900005e+00 1.89900005e+00
    1.89900005e+00 1.89900005e+00 1.89900005e+00 1.89900005e+00
    2.21300006e+00 2.21300006e+00 2.21300006e+00 2.21300006e+00
    2.21300006e+00 2.21300006e+00 2.18600011e+00 2.13800001e+00
    2.10500002e+00 2.10500002e+00 2.10500002e+00 2.10500002e+00
    2.10500002e+00 2.08100009e+00 2.05399990e+00 2.04600000e+00
    2.04600000e+00 2.02600002e+00 1.98500001e+00 1.95599997e+00
    1.95599997e+00 1.95700002e+00 1.97700000e+00 1.99699998e+00
    1.96099997e+00 1.91600001e+00 1.89900005e+00 1.89900005e+00
    1.89900005e+00 1.89900005e+00 1.89900005e+00 1.89900005e+00
    1.89900005e+00 1.89900005e+00 1.89900005e+00 1.89900005e+00
    1.89900005e+00 1.89900005e+00 1.89900005e+00 1.89900005e+00
    2.21300006e+00 2.21300006e+00 2.21300006e+00 2.21300006e+00
    2.21300006e+00 2.21300006e+00 2.18600011e+00 2.13800001e+00
    2.10500002e+00 2.10500002e+00 2.10500002e+00 2.10500002e+00
    2.10500002e+00 2.09999990e+00 2.09500003e+00 2.09299994e+00
    2.09299994e+00 2.05299997e+00 1.97000003e+00 1.90999997e+00
    1.90999997e+00 1.91299999e+00 1.95299995e+00 1.99399996e+00
    1.96099997e+00 1.91600001e+00 1.89900005e+00 1.89900005e+00
    1.89900005e+00 1.89900005e+00 1.89900005e+00 1.89900005e+00
    1.89900005e+00 1.89900005e+00 1.89900005e+00 1.89900005e+00
    1.89900005e+00 1.89900005e+00 1.89900005e+00 1.89900005e+00
    2.21300006e+00 2.21300006e+00 2.19700003e+00 2.18000007e+00
    2.17600012e+00 2.17600012e+00 2.14100003e+00 2.07699990e+00
    2.03399992e+00 2.03399992e+00 2.03399992e+00 2.03399992e+00
    2.03399992e+00 2.03399992e+00 2.03399992e+00 2.05699992e+00
    2.08899999e+00 2.05999994e+00 1.96700001e+00 1.89900005e+00
    1.89900005e+00 1.90100002e+00 1.93099999e+00 1.96099997e+00
    1.94000006e+00 1.90999997e+00 1.89900005e+00 1.89900005e+00
    1.89900005e+00 1.89900005e+00 1.89900005e+00 1.89900005e+00
    1.89900005e+00 1.89900005e+00 1.89900005e+00 1.89900005e+00
    1.89900005e+00 1.81099999e+00 1.65799999e+00 1.55999994e+00
    2.21300006e+00 2.21300006e+00 2.17499995e+00 2.13700008e+00
    2.12700009e+00 2.12700009e+00 2.08100009e+00 1.99699998e+00
    1.94099998e+00 1.94099998e+00 1.94099998e+00 1.94099998e+00
    1.94099998e+00 1.94099998e+00 1.94099998e+00 1.99300003e+00
    2.06699991e+00 2.05999994e+00 1.96700001e+00 1.89900005e+00
    1.89900005e+00 1.89999998e+00 1.90900004e+00 1.91799998e+00
    1.91199994e+00 1.90199995e+00 1.89900005e+00 1.89900005e+00
    1.89900005e+00 1.89900005e+00 1.89900005e+00 1.89900005e+00
    1.89900005e+00 1.89900005e+00 1.89900005e+00 1.89900005e+00
