<?xml version="1.0"?>
<opencv_storage>
<Depth type_id="opencv-matrix">
  <rows>40</rows>
  <cols>40</cols>
  <dt>f</dt>
  <data>
    0. 0. 0. 0. 0. 0. 0. 0. 0. 0. 0. 0. 0. 0. 0. 0. 0. 0. 0. 0. 0. 0. 0.
    0. 0. 0. 0. 0. 0. 0. 0. 0. 0. 0. 0. 0. 0. 0. 0. 0. 0. 0. 0. 0. 0. 0.
    0. 0. 0. 0. 0. 0. 0. 0. 0. 0. 0. 0. 0. 0. 0. 0. 0. 0. 0. 0. 0. 0. 0.
    0. 0. 0. 0. 0. 0. 0. 0. 0. 0. 0. 0. 0. 0. 0. 0. 0. 0. 0. 0. 0. 0. 0.
    0. 0. 0. 0. 0. 0. 0. 0. 0. 0. 0. 0. 0. 0. 0. 0. 0. 0. 0. 0. 0. 0. 0.
    0. 0. 0. 0. 0. 0. 0. 0. 0. 0. 0. 0. 0. 0. 0. 0. 0. 0. 0. 0. 0. 0. 0.
    0. 0. 0. 0. 0. 0. 0. 0. 0. 0. 0. 0. 0. 0. 0. 0. 0. 0. 0. 0. 0. 0. 0.
    0. 0. 0. 0. 0. 0. 0. 0. 0. 0. 0. 0. 0. 0. 0. 0. 0. 0. 0. 0. 0. 0. 0.
    0. 0. 0. 0. 0. 0. 0. 0. 0. 0. 0. 0. 0. 0. 0. 0. 0. 0. 0. 0. 0. 0. 0.
    0. 0. 0. 0. 0. 0. 0. 0. 0. 0. 0. 0. 0. 0. 0. 0. 0. 0. 0. 0. 0. 0. 0.
    0. 0. 0. 0. 0. 0. 0. 0. 0. 0. 0. 0. 0. 0. 0. 0. 0. 0. 0. 0. 0. 0. 0.
    0. 0. 0. 0. 0. 0. 0. 0. 0. 0. 0. 0. 0. 0. 0. 0. 0. 0. 0. 0. 0. 0. 0.
    0. 0. 0. 0. 0. 0. 0. 0. 0. 0. 0. 0. 0. 0. 0. 0. 0. 0. 0. 0. 0. 0. 0.
    0. 0. 0. 0. 0. 0. 0. 0. 0. 0. 0. 0. 0. 0. 0. 0. 0. 0. 0. 0. 0. 0. 0.
    0. 0. 0. 0. 0. 0. 0. 0. 0. 0. 0. 0. 0. 0. 0. 0. 0. 0. 0. 0. 0. 0. 0.
    0. 0. 0. 0. 0. 0. 0. 0. 0. 0. 0. 0. 0. 0. 0. 0. 0. 0. 0. 0. 0. 0. 0.
    0. 0. 0. 0. 0. 0. 0. 0. 0. 0. 0. 0. 0. 0. 0. 0. 0. 0. 0. 0. 0. 0. 0.
    0. 0. 0. 0. 0. 0. 0. 0. 0. 0. 0. 0. 0. 0. 0. 0. 0. 0. 2.07200003e+00
    2.07200003e+00 2.07200003e+00 2.07200003e+00 2.07200003e+00
    2.07200003e+00 2.07200003e+00 2.07200003e+00 2.07200003e+00
    2.07200003e+00 2.05500007e+00 2.01600003e+00 2. 2. 1.94299996e+00
    1.86800003e+00 1.86300004e+00 1.85899997e+00 1.82299995e+00
    1.79700005e+00 1.79700005e+00 1.79700005e+00 0. 0. 0. 0. 0. 0. 0. 0.
    0. 0. 0. 0. 0. 0. 0. 0. 0. 0. 2.09500003e+00 2.08800006e+00
    2.07500005e+00 2.07200003e+00 2.07200003e+00 2.07200003e+00
    2.07200003e+00 2.07200003e+00 2.07200003e+00 2.07200003e+00
    2.05500007e+00 2.01600003e+00 2. 2. 1.94299996e+00 1.86800003e+00
    1.86300004e+00 1.85899997e+00 1.82299995e+00 1.79700005e+00
    1.79700005e+00 1.79700005e+00 0. 0. 0. 0. 0. 0. 0. 0. 0. 0. 0. 0. 0.
    0. 0. 0. 0. 0. 2.13499999e+00 2.11500001e+00 2.08100009e+00
    2.07200003e+00 2.07200003e+00 2.07200003e+00 2.07200003e+00
    2.07200003e+00 2.07200003e+00 2.07200003e+00 2.05500007e+00
    2.01600003e+00 2. 2. 1.94299996e+00 1.86800003e+00 1.86300004e+00
    1.85899997e+00 1.82299995e+00 1.79700005e+00 1.79700005e+00
    1.79700005e+00 0. 0. 0. 0. 0. 0. 0. 0. 0. 0. 0. 0. 0. 0. 0. 0. 0. 0.
    2.14499998e+00 2.12199998e+00 2.08200002e+00 2.07200003e+00
    2.07200003e+00 2.07200003e+00 2.07200003e+00 2.07200003e+00
    2.06800008e+00 2.05200005e+00 2.03200006e+00 2.00900006e+00 2. 2.
    1.94299996e+00 1.86800003e+00 1.84899998e+00 1.83399999e+00
    1.81200004e+00 1.79700005e+00 1.79700005e+00 1.79700005e+00 0. 0. 0.
    0. 0. 0. 0. 0. 0. 0. 0. 0. 0. 0. 0. 0. 0. 0. 2.14499998e+00
    2.12199998e+00 2.08200002e+00 2.07200003e+00 2.07200003e+00
    2.07200003e+00 2.07200003e+00 2.07200003e+00 2.06200004e+00
    2.02500010e+00 2.00200009e+00 2.00099993e+00 2. 2. 1.94299996e+00
    1.86800003e+00 1.83099997e+00 1.79999995e+00 1.79799998e+00
    1.79700005e+00 1.79700005e+00 1.79700005e+00 0. 0. 0. 0. 0. 0. 0. 0.
    0. 0. 0. 0. 0. 0. 0. 0. 0. 0. 2.10800004e+00 2.09699988e+00
    2.07699990e+00 2.07200003e+00 2.07200003e+00 2.07200003e+00
    2.07200003e+00 2.07200003e+00 2.06200004e+00 2.02200007e+00 2. 2.
    1.98899996e+00 1.97000003e+00 1.92200005e+00 1.86699998e+00
    1.82900000e+00 1.79700005e+00 1.79700005e+00 1.79700005e+00
    1.79700005e+00 1.79700005e+00 0. 0. 0. 0. 0. 0. 0. 0. 0. 0. 0. 0. 0.
    0. 0. 0. 0. 0. 2.07200003e+00 2.07200003e+00 2.07200003e+00
    2.07200003e+00 2.07200003e+00 2.07200003e+00 2.07200003e+00
    2.06999993e+00 2.05900002e+00 2.02099991e+00 2. 2. 1.97700000e+00
    1.94000006e+00 1.90300000e+00 1.86500001e+00 1.82900000e+00
    1.79700005e+00 1.79700005e+00 1.79700005e+00 1.79700005e+00
    1.79700005e+00 0. 0. 0. 0. 0. 0. 0. 0. 0. 0. 0. 0. 0. 0. 0. 0. 0. 0.
    2.07200003e+00 2.07200003e+00 2.07200003e+00 2.07200003e+00
    2.07200003e+00 2.07200003e+00 2.06999993e+00 2.04600000e+00
    2.02500010e+00 2.00900006e+00 2. 2. 1.97700000e+00 1.94000006e+00
    1.90300000e+00 1.86500001e+00 1.82900000e+00 1.79700005e+00
    1.79700005e+00 1.79700005e+00 1.79700005e+00 1.79700005e+00 0. 0. 0.
    0. 0. 0. 0. 0. 0. 0. 0. 0. 0. 0. 0. 0. 0. 0. 2.07200003e+00
    2.07200003e+00 2.07200003e+00 2.07200003e+00 2.07200003e+00
    2.07200003e+00 2.06800008e+00 2.02900004e+00 2. 2. 2. 2.
    1.97700000e+00 1.94000006e+00 1.90300000e+00 1.86500001e+00
    1.82900000e+00 1.79700005e+00 1.79700005e+00 1.79700005e+00
    1.79700005e+00 1.79700005e+00 0. 0. 0. 0. 0. 0. 0. 0. 0. 0. 0. 0. 0.
    0. 0. 0. 0. 0. 2.07200003e+00 2.07200003e+00 2.07200003e+00
    2.07200003e+00 2.07200003e+00 2.07200003e+00 2.06800008e+00
    2.02900004e+00 2. 2. 2. 2. 1.97700000e+00 1.94000006e+00
    1.90300000e+00 1.86500001e+00 1.82900000e+00 1.79700005e+00
    1.79700005e+00 1.79700005e+00 1.79700005e+00 1.79700005e+00 0. 0. 0.
    0. 0. 0. 0. 0. 0. 0. 0. 0. 0. 0. 0. 0. 0. 0. 2.07200003e+00
    2.07200003e+00 2.07200003e+00 2.07200003e+00 2.07200003e+00
    2.07200003e+00 2.06800008e+00 2.02900004e+00 2. 2. 1.99600005e+00
    1.98699999e+00 1.96099997e+00 1.92400002e+00 1.88699996e+00
    1.85000002e+00 1.82200003e+00 1.79700005e+00 1.79700005e+00
    1.79700005e+00 1.79700005e+00 1.79700005e+00 0. 0. 0. 0. 0. 0. 0. 0.
    0. 0. 0. 0. 0. 0. 0. 0. 0. 0. 2.07200003e+00 2.07200003e+00
    2.07200003e+00 2.07200003e+00 2.07200003e+00 2.07200003e+00
    2.06800008e+00 2.02900004e+00 2. 2. 1.98699999e+00 1.95799994e+00
    1.92400002e+00 1.88699996e+00 1.85000002e+00 1.81400001e+00
    1.80400002e+00 1.79700005e+00 1.79700005e+00 1.79700005e+00
    1.79700005e+00 1.79700005e+00 0. 0. 0. 0. 0. 0. 0. 0. 0. 0. 0. 0. 0.
    0. 0. 0. 0. 0. 2.07200003e+00 2.07200003e+00 2.07200003e+00
    2.07200003e+00 2.07200003e+00 2.07200003e+00 2.06800008e+00
    2.02900004e+00 2. 2. 1.98399997e+00 1.94599998e+00 1.90900004e+00
    1.87199998e+00 1.83500004e+00 1.79900002e+00 1.79700005e+00
    1.79700005e+00 1.79700005e+00 1.79700005e+00 1.79700005e+00
    1.79700005e+00 0. 0. 0. 0. 0. 0. 0. 0. 0. 0. 0. 0. 0. 0. 0. 0. 0. 0.
    2.07200003e+00 2.07200003e+00 2.07200003e+00 2.07200003e+00
    2.07200003e+00 2.07200003e+00 2.06800008e+00 2.02900004e+00 2. 2.
    1.98399997e+00 1.94599998e+00 1.90900004e+00 1.87199998e+00
    1.83500004e+00 1.79900002e+00 1.79700005e+00 1.79700005e+00
    1.79700005e+00 1.79700005e+00 1.79700005e+00 1.79700005e+00 0. 0. 0.
    0. 0. 0. 0. 0. 0. 0. 0. 0. 0. 0. 0. 0. 0. 0. 2.07200003e+00
    2.07200003e+00 2.07200003e+00 2.07200003e+00 2.07200003e+00
    2.07200003e+00 2.06999993e+00 2.04699993e+00 2.02600002e+00
    2.00900006e+00 1.98399997e+00 1.94599998e+00 1.90900004e+00
    1.87199998e+00 1.83500004e+00 1.79900002e+00 1.79700005e+00
    1.79700005e+00 1.79700005e+00 1.72899997e+00 1.47800004e+00
    1.33899999e+00 0. 0. 0. 0. 0. 0. 0. 0. 0. 0. 0. 0. 0. 0. 0. 0. 0. 0.
    2.07200003e+00 2.07200003e+00 2.07200003e+00 2.07200003e+00
    2.07200003e+00 2.07200003e+00 2.07200003e+00 2.06999993e+00
    2.05999994e+00 2.02200007e+00 1.98399997e+00 1.94599998e+00
    1.90900004e+00 1.87199998e+00 1.83500004e+00 1.79900002e+00
    1.79700005e+00 1.79700005e+00 1.79700005e+00 1.63900006e+00
    1.06299996e+00 0. 0. 0. 0. 0. 0. 0. 0. 0. 0. 0. 0. 0. 0. 0. 0. 0. 0.
    0. 2.07200003e+00 2.07200003e+00 2.07200003e+00 2.07200003e+00
    2.07200003e+00 2.07200003e+00 2.07200003e+00 2.07200003e+00
    2.06200004e+00 2.02200007e+00 1.98399997e+00 1.94599998e+00
    1.90900004e+00 1.87199998e+00 1.83500004e+00 1.79900002e+00
    1.79700005e+00 1.76499999e+00 1.46000004e+00 1.15799999e+00 0. 0. 0.
    0. 0. 0. 0. 0. 0. 0. 0. 0. 0. 0. 0. 0. 0. 0. 0. 0. 2.00500011e+00
