<?xml version="1.0"?>
<opencv_storage>
<Depth type_id="opencv-matrix">
  <rows>40</rows>
  <cols>40</cols>
  <dt>f</dt>
  <data>
    0. 0. 0. 0. 0. 0. 0. 0. 0. 0. 0. 0. 0. 0. 0. 0. 0. 0. 0. 0. 0. 0. 0.
    0. 0. 0. 0. 0. 0. 0. 0. 0. 0. 0. 0. 0. 0. 0. 0. 0. 0. 0. 0. 0. 0. 0.
    0. 0. 0. 0. 0. 0. 0. 0. 0. 0. 0. 0. 0. 0. 0. 0. 0. 0. 0. 0. 0. 0. 0.
    0. 0. 0. 0. 0. 0. 0. 0. 0. 0. 0. 0. 0. 0. 0. 0. 0. 0. 0. 0. 0. 0. 0.
    0. 0. 0. 0. 0. 0. 0. 0. 0. 0. 0. 0. 0. 0. 0. 0. 0. 0. 0. 0. 0. 0. 0.
    0. 0. 0. 0. 0. 0. 0. 0. 0. 0. 0. 0. 0. 0. 0. 0. 0. 0. 0. 0. 0. 0. 0.
    0. 0. 0. 0. 0. 0. 0. 0. 0. 0. 0. 0. 0. 0. 0. 0. 0. 0. 0. 0. 0. 0. 0.
    0. 0. 0. 0. 0. 0. 0. 0. 0. 0. 0. 0. 0. 0. 0. 0. 0. 0. 0. 0. 0. 0. 0.
    0. 0. 0. 0. 0. 0. 0. 0. 0. 0. 0. 0. 0. 0. 0. 0. 0. 0. 0. 0. 0. 0. 0.
    0. 0. 0. 0. 0. 0. 0. 0. 0. 0. 0. 0. 0. 0. 0. 0. 0. 0. 0. 0. 0. 0. 0.
    0. 0. 0. 0. 0. 0. 0. 0. 0. 0. 0. 0. 0. 0. 0. 0. 0. 0. 0. 0. 0. 0. 0.
    0. 0. 0. 0. 0. 0. 0. 0. 0. 0. 0. 0. 0. 0. 0. 0. 0. 0. 0. 0. 0. 0. 0.
    0. 0. 0. 0. 0. 0. 0. 0. 0. 0. 0. 0. 0. 0. 0. 0. 0. 0. 0. 0. 0. 0. 0.
    0. 0. 0. 0. 0. 0. 0. 0. 0. 0. 0. 0. 0. 0. 0. 0. 0. 0. 0. 0. 0. 0. 0.
    0. 0. 0. 0. 0. 0. 0. 0. 0. 0. 0. 0. 0. 0. 0. 0. 0. 0. 0. 0. 0. 0. 0.
    0. 0. 0. 0. 0. 0. 0. 0. 0. 0. 0. 0. 0. 0. 0. 0. 0. 0. 0. 0. 0. 0. 0.
    0. 0. 2.12500000e+00 2.12500000e+00 2.12500000e+00 2.12500000e+00
    2.12500000e+00 2.12500000e+00 2.10200000e+00 2.04999995e+00 2. 2. 2.
    2. 2. 2. 2. 2. 0. 0. 0. 0. 0. 0. 0. 0. 0. 0. 0. 0. 0. 0. 0. 0. 0. 0.
    0. 0. 0. 0. 0. 0. 2.12500000e+00 2.12500000e+00 2.12500000e+00
    2.12500000e+00 2.12500000e+00 2.12500000e+00 2.10200000e+00
    2.04999995e+00 2. 2. 2. 2. 2. 2. 2. 2. 0. 0. 0. 0. 0. 0. 0. 0. 0. 0.
    0. 0. 0. 0. 0. 0. 0. 0. 0. 0. 0. 0. 0. 0. 2.12500000e+00
    2.12500000e+00 2.12500000e+00 2.12500000e+00 2.12500000e+00
    2.12500000e+00 2.10200000e+00 2.04999995e+00 2. 2. 2. 2. 2. 2. 2. 2.
    1.05299997e+00 0. 0. 0. 0. 0. 0. 0. 0. 0. 0. 0. 0. 0. 0. 0. 0. 0. 0.
    0. 0. 0. 0. 0. 2.12500000e+00 2.12500000e+00 2.12500000e+00
    2.12500000e+00 2.12500000e+00 2.12500000e+00 2.10200000e+00
    2.04999995e+00 2. 2. 2. 2. 2. 2. 2. 2. 1.88800001e+00 1.74000001e+00
    1.64100003e+00 0. 0. 0. 0. 0. 0. 0. 0. 0. 0. 0. 0. 0. 0. 0. 0. 0. 0.
    0. 0. 0. 2.12500000e+00 2.12500000e+00 2.12500000e+00 2.12500000e+00
    2.12500000e+00 2.12500000e+00 2.10200000e+00 2.04999995e+00 2. 2. 2.
    2. 2. 2. 2. 2. 2. 2. 2. 0. 0. 0. 0. 0. 0. 0. 0. 0. 0. 0. 0. 0. 0. 0.
    0. 0. 0. 0. 0. 0. 2.12500000e+00 2.12500000e+00 2.12500000e+00
    2.12500000e+00 2.12500000e+00 2.12500000e+00 2.10200000e+00
    2.04999995e+00 2. 2. 2. 2. 2. 2. 2. 2. 2. 2. 2. 0. 0. 0. 0. 0. 0. 0.
    0. 0. 0. 0. 0. 0. 0. 0. 0. 0. 0. 0. 0. 0. 2.12500000e+00
    2.12500000e+00 2.12500000e+00 2.12500000e+00 2.12500000e+00
    2.12500000e+00 2.10200000e+00 2.04999995e+00 2. 2. 2. 2. 2. 2. 2. 2.
    2. 2. 2. 0. 0. 0. 0. 0. 0. 0. 0. 0. 0. 0. 0. 0. 0. 0. 0. 0. 0. 0. 0.
    0. 2.12500000e+00 2.12500000e+00 2.12500000e+00 2.12500000e+00
    2.12500000e+00 2.12500000e+00 2.10200000e+00 2.04999995e+00 2. 2. 2.
    2. 2. 2. 2. 2. 2. 2. 2. 0. 0. 0. 0. 0. 0. 0. 0. 0. 0. 0. 0. 0. 0. 0.
    0. 0. 0. 0. 0. 0. 2.12299991e+00 2.12299991e+00 2.12400007e+00
    2.12500000e+00 2.12500000e+00 2.12500000e+00 2.10200000e+00
    2.05100012e+00 2.00099993e+00 2.00099993e+00 2. 2. 2. 2. 2. 2. 2. 2.
    2. 0. 0. 0. 0. 0. 0. 0. 0. 0. 0. 0. 0. 0. 0. 0. 0. 0. 0. 0. 0. 0.
    2.02099991e+00 2.03299999e+00 2.07599998e+00 2.11899996e+00
    2.12500000e+00 2.12500000e+00 2.11199999e+00 2.08200002e+00
    2.05200005e+00 2.02999997e+00 2.00900006e+00 2. 2. 2. 2. 2. 2. 2. 2.
    0. 0. 0. 0. 0. 0. 0. 0. 0. 0. 0. 0. 0. 0. 0. 0. 0. 0. 0. 0. 0.
    1.91900003e+00 1.94299996e+00 2.02900004e+00 2.11400008e+00
    2.12500000e+00 2.12500000e+00 2.12100005e+00 2.11299992e+00
    2.10299993e+00 2.05999994e+00 2.01699996e+00 2. 2. 2. 2. 2. 2. 2. 2.
    0. 0. 0. 0. 0. 0. 0. 0. 0. 0. 0. 0. 0. 0. 0. 0. 0. 0. 0. 0. 0.
    1.87800002e+00 1.90400004e+00 1.99300003e+00 2.08200002e+00
    2.09400010e+00 2.09400010e+00 2.09999990e+00 2.11299992e+00
    2.12400007e+00 2.08500004e+00 2.04600000e+00 2.02300000e+00
    2.01099992e+00 1.99800003e+00 1.98500001e+00 1.97300005e+00
    1.97000003e+00 1.97000003e+00 1.97000003e+00 0. 0. 0. 0. 0. 0. 0. 0.
    0. 0. 0. 0. 0. 0. 0. 0. 0. 0. 0. 0. 0. 1.87800002e+00 1.89800000e+00
    1.96599996e+00 2.03299999e+00 2.04200006e+00 2.04200006e+00
    2.05800009e+00 2.09200001e+00 2.12500000e+00 2.10700011e+00
    2.08999991e+00 2.06200004e+00 2.02800012e+00 1.99399996e+00
    1.96099997e+00 1.92799997e+00 1.91900003e+00 1.91900003e+00
    1.91900003e+00 0. 0. 0. 0. 0. 0. 0. 0. 0. 0. 0. 0. 0. 0. 0. 0. 0. 0.
    0. 0. 0. 1.87800002e+00 1.89100003e+00 1.93799996e+00 1.98500001e+00
    1.99100006e+00 1.99100006e+00 2.01600003e+00 2.07100010e+00
    2.12500000e+00 2.12500000e+00 2.12500000e+00 2.09400010e+00
    2.04200006e+00 1.99100006e+00 1.94099998e+00 1.88999999e+00
    1.87800002e+00 1.87800002e+00 1.87800002e+00 0. 0. 0. 0. 0. 0. 0. 0.
    0. 0. 0. 0. 0. 0. 0. 0. 0. 0. 0. 0. 0. 1.87800002e+00 1.88499999e+00
    1.91100001e+00 1.93700004e+00 1.94099998e+00 1.94099998e+00
    1.97500002e+00 2.05100012e+00 2.12500000e+00 2.12500000e+00
    2.12500000e+00 2.09400010e+00 2.04200006e+00 1.99100006e+00
    1.94099998e+00 1.88999999e+00 1.87800002e+00 1.87800002e+00
    1.87800002e+00 0. 0. 0. 0. 0. 0. 0. 0. 0. 0. 0. 0. 0. 0. 0. 0. 0. 0.
    0. 0. 0. 1.87800002e+00 1.87899995e+00 1.88499999e+00 1.88999999e+00
    1.88999999e+00 1.88999999e+00 1.93299997e+00 2.02999997e+00
    2.12500000e+00 2.12500000e+00 2.12500000e+00 2.09400010e+00
    2.04200006e+00 1.99100006e+00 1.94099998e+00 1.88999999e+00
    1.87800002e+00 1.87800002e+00 1.87800002e+00 0. 0. 0. 0. 0. 0. 0. 0.
    0. 0. 0. 0. 0. 0. 0. 0. 0. 0. 0. 0. 0. 1.87800002e+00 1.87800002e+00
    1.87800002e+00 1.87800002e+00 1.87800002e+00 1.87800002e+00
    1.90900004e+00 1.97899997e+00 2.04800010e+00 2.04800010e+00
    2.04800010e+00 2.03600001e+00 2.01600003e+00 1.99100006e+00
    1.94099998e+00 1.88999999e+00 1.87800002e+00 1.87800002e+00
    1.87800002e+00 0. 0. 0. 0. 0. 0. 0. 0. 0. 0. 0. 0. 0. 0. 0. 0. 0. 0.
    0. 0. 0. 1.87800002e+00 1.87800002e+00 1.87800002e+00 1.87800002e+00
    1.87800002e+00 1.87800002e+00 1.88999999e+00 1.91900003e+00
    1.94599998e+00 1.94599998e+00 1.94599998e+00 1.95899999e+00
    1.98199999e+00 1.99100006e+00 1.94099998e+00 1.88999999e+00
    1.87800002e+00 1.87800002e+00 1.87800002e+00 0. 0. 0. 0. 0. 0. 0. 0.
    0. 0. 0. 0. 0. 0. 0. 0. 0. 0. 0. 0. 0. 1.87800002e+00 1.87800002e+00
    1.87800002e+00 1.87800002e+00 1.87800002e+00 1.87800002e+00
    1.87800002e+00 1.87800002e+00 1.87800002e+00 1.87800002e+00
    1.87800002e+00 1.90799999e+00 1.95899999e+00 1.99199998e+00
    1.94900000e+00 1.90499997e+00 1.61800003e+00 1.25100005e+00
    1.00500000e+00 0. 0. 0. 0. 0. 0. 0. 0. 0. 0. 0. 0. 0. 0. 0. 0. 0. 0.
    0. 0. 0. 1.87800002e+00 1.87800002e+00 1.87800002e+00 1.87800002e+00
    1.87800002e+00 1.87800002e+00 1.87800002e+00 1.87800002e+00
    1.87800002e+00 1.87800002e+00 1.87800002e+00 1.90799999e+00
    1.95899999e+00 1.99600005e+00 1.97300005e+00 1.95099998e+00 0. 0. 0.
    0. 0. 0. 0. 0. 0. 0. 0. 0. 0. 0. 0. 0. 0. 0. 0. 0. 0. 0. 0. 0.
    1.87800002e+00 1.87800002e+00 1.87800002e+00 1.87800002e+00
    1.87800002e+00 1.87800002e+00 1.87800002e+00 1.87800002e+00
    1.87800002e+00 1.87800002e+00 1.87800002e+00 1.90799999e+00
    1.95899999e+00 2. 1.99800003e+00 1.99600005e+00 0. 0. 0. 0. 0. 0. 0.
    0. 0. 0. 0. 0. 0. 0. 0. 0. 0. 0. 0. 0. 0. 0. 0. 0. 1.87800002e+00
    1.87800002e+00 1.87800002e+00 1.87800002e+00 1.87800002e+00
    1.87800002e+00 1.87800002e+00 1.87800002e+00 1.87800002e+00
    1.87800002e+00 1.87800002e+00 1.90799999e+00 1.95899999e+00 2. 2. 2.
    0. 0. 0. 0. 0. 0. 0. 0. 0. 0. 0. 0. 0. 0. 0. 0. 0. 0. 0. 0. 0. 0. 0.
    0. 0. 0. 0. 0. 0. 0. 0. 0. 0. 0. 0. 0. 0. 0. 0. 0. 0. 0. 0. 0. 0. 0.
