<?xml version="1.0"?>
<opencv_storage>
<Depth type_id="opencv-matrix">
  <rows>40</rows>
  <cols>40</cols>
  <dt>f</dt>
  <data>
    0. 0. 0. 0. 0. 0. 0. 0. 0. 0. 0. 0. 0. 0. 0. 0. 0. 0. 0. 0. 0. 0. 0.
    0. 0. 0. 0. 0. 0. 0. 0. 0. 0. 0. 0. 0. 0. 0. 0. 0. 0. 0. 0. 0. 0. 0.
    0. 0. 0. 0. 0. 0. 0. 0. 0. 0. 0. 0. 0. 0. 0. 0. 0. 0. 0. 0. 0. 0. 0.
    0. 0. 0. 0. 0. 0. 0. 0. 0. 0. 0. 0. 0. 0. 0. 0. 0. 0. 0. 0. 0. 0. 0.
    0. 0. 0. 0. 0. 0. 0. 0. 0. 0. 0. 0. 0. 0. 0. 0. 0. 0. 0. 0. 0. 0. 0.
    0. 0. 0. 0. 0. 0. 0. 0. 0. 0. 0. 0. 0. 0. 0. 0. 0. 0. 0. 0. 0. 0. 0.
    0. 0. 0. 0. 0. 0. 0. 0. 0. 0. 0. 0. 0. 0. 0. 0. 0. 0. 0. 0. 0. 0. 0.
    0. 0. 0. 0. 0. 0. 0. 0. 0. 0. 0. 0. 0. 0. 0. 0. 0. 0. 0. 0. 0. 0. 0.
    0. 0. 0. 0. 0. 0. 0. 0. 0. 0. 0. 0. 0. 0. 0. 0. 0. 0. 0. 0. 0. 0. 0.
    0. 0. 0. 0. 0. 0. 0. 0. 0. 0. 0. 0. 0. 0. 0. 0. 0. 0. 0. 0. 0. 0. 0.
    0. 0. 0. 0. 0. 0. 0. 0. 0. 0. 0. 0. 0. 0. 0. 0. 0. 0. 0. 0. 0. 0. 0.
    0. 0. 0. 0. 0. 0. 0. 0. 0. 0. 0. 0. 0. 0. 0. 0. 0. 0. 0. 0. 0. 0. 0.
    0. 0. 0. 0. 0. 0. 0. 0. 0. 0. 0. 0. 0. 0. 0. 0. 0. 0. 0. 0. 0. 0. 0.
    0. 0. 0. 0. 0. 0. 0. 0. 0. 0. 0. 0. 0. 0. 0. 0. 0. 0. 0. 0. 0. 0. 0.
    0. 0. 0. 0. 0. 0. 0. 0. 0. 0. 0. 0. 0. 0. 0. 0. 0. 0. 0. 0. 0. 0. 0.
    0. 0. 0. 0. 0. 0. 0. 0. 1.29900002e+00 1.79999995e+00 1.97200000e+00
    1.92499995e+00 1.92799997e+00 2.02300000e+00 2.10800004e+00 0. 0. 0.
    0. 0. 0. 0. 0. 0. 0. 0. 0. 0. 0. 0. 0. 0. 0. 0. 0. 0. 0. 0. 0. 0. 0.
    0. 0. 0. 1.03299999e+00 1.07799995e+00 1.07000005e+00 1.06200004e+00
    1.41600001e+00 1.83299994e+00 1.97200000e+00 1.92499995e+00
    1.92200005e+00 2.00099993e+00 2.07299995e+00 0. 0. 0. 0. 0. 0. 0. 0.
    0. 0. 0. 0. 0. 0. 0. 0. 0. 0. 0. 0. 0. 0. 1.04999995e+00
    1.39400005e+00 1.44400001e+00 1.44400001e+00 1.47800004e+00
    1.53600001e+00 1.58200002e+00 1.60599995e+00 1.62399995e+00
    1.59500003e+00 1.56500006e+00 1.72700000e+00 1.92200005e+00
    1.97200000e+00 1.92499995e+00 1.90799999e+00 1.94500005e+00
    1.98099995e+00 0. 0. 0. 0. 0. 0. 0. 0. 0. 0. 0. 0. 0. 0. 0. 0. 0. 0.
    0. 0. 0. 0. 1.30700004e+00 1.82099998e+00 1.89499998e+00
    1.89499998e+00 1.94900000e+00 2.03900003e+00 2.09699988e+00
    2.09999990e+00 2.09699988e+00 2.04900002e+00 2.00099993e+00
    1.99399996e+00 1.99399996e+00 1.96800005e+00 1.92400002e+00
    1.89499998e+00 1.89499998e+00 1.89999998e+00 0. 0. 0. 0. 0. 0. 0. 0.
    0. 1.00600004e+00 1.15799999e+00 1.17999995e+00 1.20099998e+00
    1.21500003e+00 1.22899997e+00 1.25000000e+00 1.27199996e+00
    1.28100002e+00 1.28100002e+00 1.28100002e+00 1.28100002e+00
    1.30999994e+00 1.58299994e+00 1.85599995e+00 1.89499998e+00
    1.89499998e+00 1.92400002e+00 1.97099996e+00 2.00999999e+00
    2.03299999e+00 2.04900002e+00 2.00200009e+00 1.95500004e+00
    1.94799995e+00 1.94799995e+00 1.93400002e+00 1.90999997e+00
    1.89499998e+00 1.89499998e+00 1.89999998e+00 0. 0. 0. 0. 0. 0. 0. 0.
    0. 1.36099994e+00 1.64900005e+00 1.69000006e+00 1.72700000e+00
    1.72800004e+00 1.73000002e+00 1.76600003e+00 1.80900002e+00
    1.82500005e+00 1.82500005e+00 1.82500005e+00 1.82500005e+00
    1.82900000e+00 1.86000001e+00 1.89100003e+00 1.89499998e+00
    1.89499998e+00 1.89800000e+00 1.90400004e+00 1.92299998e+00
    1.96700001e+00 2.00099993e+00 1.95500004e+00 1.90799999e+00
    1.90100002e+00 1.90100002e+00 1.89900005e+00 1.89699996e+00
    1.89499998e+00 1.89499998e+00 1.89999998e+00 0. 0. 0. 0. 0.
    1.00199997e+00 1.03100002e+00 1.03100002e+00 1.21300006e+00
    1.50800002e+00 1.71200001e+00 1.75500000e+00 1.79400003e+00
    1.79400003e+00 1.79400003e+00 1.83299994e+00 1.87800002e+00
    1.89499998e+00 1.89499998e+00 1.89499998e+00 1.89499998e+00
    1.89499998e+00 1.89499998e+00 1.89499998e+00 1.89499998e+00
    1.89499998e+00 1.89499998e+00 1.89499998e+00 1.90499997e+00
    1.93400002e+00 1.95599997e+00 1.92799997e+00 1.89900005e+00
    1.89499998e+00 1.89499998e+00 1.89499998e+00 1.89499998e+00
    1.89499998e+00 1.89499998e+00 1.89999998e+00 0. 0. 0. 0. 0.
    1.39100003e+00 1.44500005e+00 1.44500005e+00 1.51300001e+00
    1.62500000e+00 1.71200001e+00 1.75500000e+00 1.79400003e+00
    1.79400003e+00 1.79400003e+00 1.83299994e+00 1.87800002e+00
    1.89499998e+00 1.89499998e+00 1.89499998e+00 1.89499998e+00
    1.89499998e+00 1.89499998e+00 1.89499998e+00 1.89499998e+00
    1.89499998e+00 1.89499998e+00 1.89499998e+00 1.89800000e+00
    1.90600002e+00 1.91199994e+00 1.90400004e+00 1.89600003e+00
    1.89499998e+00 1.89499998e+00 1.89499998e+00 1.89499998e+00
    1.89499998e+00 1.89499998e+00 1.89999998e+00 0. 0. 0. 0.
    1.22899997e+00 1.55799997e+00 1.60200000e+00 1.60200000e+00
    1.62800002e+00 1.66900003e+00 1.70700002e+00 1.73899996e+00
    1.76800001e+00 1.77999997e+00 1.79200006e+00 1.83299994e+00
    1.87800002e+00 1.89499998e+00 1.89499998e+00 1.89499998e+00
    1.89499998e+00 1.89499998e+00 1.89499998e+00 1.89499998e+00
    1.89499998e+00 1.89499998e+00 1.89499998e+00 1.89499998e+00
    1.89499998e+00 1.89499998e+00 1.89499998e+00 1.89499998e+00
    1.89499998e+00 1.89499998e+00 1.89499998e+00 1.89499998e+00
    1.89499998e+00 1.89499998e+00 1.89499998e+00 1.89800000e+00
    1.08399999e+00 1.35899997e+00 1.36699998e+00 1.38499999e+00
    1.48699999e+00 1.58800006e+00 1.60200000e+00 1.60200000e+00
    1.62800002e+00 1.66900003e+00 1.70000005e+00 1.71300006e+00
    1.72700000e+00 1.75800002e+00 1.78999996e+00 1.83299994e+00
    1.87800002e+00 1.89499998e+00 1.89499998e+00 1.89499998e+00
    1.89499998e+00 1.89499998e+00 1.89499998e+00 1.89499998e+00
    1.89499998e+00 1.89499998e+00 1.89499998e+00 1.89499998e+00
    1.89499998e+00 1.89499998e+00 1.89499998e+00 1.89499998e+00
    1.89499998e+00 1.89499998e+00 1.89499998e+00 1.89499998e+00
    1.89499998e+00 1.89499998e+00 1.89499998e+00 1.89600003e+00
    1.32400000e+00 1.69599998e+00 1.69599998e+00 1.69099998e+00
    1.64900005e+00 1.60800004e+00 1.60200000e+00 1.60200000e+00
    1.62800002e+00 1.66900003e+00 1.69599998e+00 1.69599998e+00
    1.70099998e+00 1.74399996e+00 1.78799999e+00 1.83299994e+00
    1.87800002e+00 1.89499998e+00 1.89499998e+00 1.89800000e+00
    1.90499997e+00 1.91100001e+00 1.89600003e+00 1.88100004e+00
    1.87800002e+00 1.87800002e+00 1.87800002e+00 1.87800002e+00
    1.87800002e+00 1.87800002e+00 1.87899995e+00 1.88699996e+00
    1.89400005e+00 1.89499998e+00 1.89499998e+00 1.89499998e+00
    1.89499998e+00 1.89499998e+00 1.89499998e+00 1.89499998e+00
    1.32400000e+00 1.69599998e+00 1.69599998e+00 1.69099998e+00
    1.64900005e+00 1.60800004e+00 1.60200000e+00 1.60200000e+00
    1.62800002e+00 1.66900003e+00 1.69599998e+00 1.69599998e+00
    1.70099998e+00 1.74399996e+00 1.78799999e+00 1.83299994e+00
    1.87800002e+00 1.89499998e+00 1.89499998e+00 1.90499997e+00
    1.93400002e+00 1.95299995e+00 1.89699996e+00 1.84200001e+00
    1.83399999e+00 1.83399999e+00 1.83399999e+00 1.83399999e+00
    1.83399999e+00 1.83399999e+00 1.83599997e+00 1.86399996e+00
    1.89100003e+00 1.89499998e+00 1.89499998e+00 1.89499998e+00
    1.89499998e+00 1.89499998e+00 1.89499998e+00 1.89499998e+00
    1.34300005e+00 1.69599998e+00 1.69599998e+00 1.69099998e+00
    1.65199995e+00 1.61199999e+00 1.60699999e+00 1.60699999e+00
    1.63100004e+00 1.67100000e+00 1.69599998e+00 1.69599998e+00
    1.70099998e+00 1.74399996e+00 1.78799999e+00 1.83299994e+00
    1.87800002e+00 1.89499998e+00 1.89499998e+00 1.91100001e+00
    1.95500004e+00 1.98500001e+00 1.89600003e+00 1.80700004e+00
    1.79400003e+00 1.79400003e+00 1.79400003e+00 1.79400003e+00
    1.79400003e+00 1.79400003e+00 1.79799998e+00 1.83800006e+00
    1.87899995e+00 1.88499999e+00 1.88499999e+00 1.88499999e+00
    1.88499999e+00 1.88499999e+00 1.88499999e+00 1.88499999e+00
    1.50800002e+00 1.69599998e+00 1.69599998e+00 1.69400001e+00
    1.67299998e+00 1.65100002e+00 1.64900005e+00 1.64900005e+00
    1.66199994e+00 1.68299997e+00 1.69599998e+00 1.69599998e+00
    1.70099998e+00 1.74399996e+00 1.78799999e+00 1.83299994e+00
