<?xml version="1.0"?>
<opencv_storage>
<Depth type_id="opencv-matrix">
  <rows>40</rows>
  <cols>40</cols>
  <dt>f</dt>
  <data>
    0. 0. 0. 0. 0. 0. 0. 0. 0. 0. 0. 0. 0. 0. 0. 0. 0. 0. 0. 0. 0. 0. 0.
    0. 0. 0. 0. 0. 0. 0. 0. 0. 0. 0. 0. 0. 0. 0. 0. 0. 0. 0. 0. 0. 0. 0.
    0. 0. 0. 0. 0. 0. 0. 0. 0. 0. 0. 0. 0. 0. 0. 0. 0. 0. 0. 0. 0. 0. 0.
    0. 0. 0. 0. 0. 0. 0. 0. 0. 0. 0. 0. 0. 0. 0. 0. 0. 0. 0. 0. 0. 0. 0.
    0. 0. 0. 0. 0. 0. 0. 0. 0. 0. 0. 0. 0. 0. 0. 0. 0. 0. 0. 0. 0. 0. 0.
    0. 0. 0. 0. 0. 0. 0. 0. 0. 0. 0. 0. 0. 0. 0. 0. 0. 0. 0. 0. 0. 0. 0.
    0. 0. 0. 0. 0. 0. 0. 0. 0. 0. 0. 0. 0. 0. 0. 0. 0. 0. 0. 0. 0. 0. 2.
    2. 2. 2. 2. 2. 2. 2. 2. 2. 2. 2. 2. 2. 2. 1.94000006e+00
    1.86899996e+00 1.79799998e+00 1.75300002e+00 1.75300002e+00
    1.75300002e+00 1.75300002e+00 1.69299996e+00 1.62600005e+00
    1.55799997e+00 1.49199998e+00 1.42799997e+00 1.36399996e+00
    1.29999995e+00 1.29499996e+00 1.29499996e+00 1.29499996e+00
    1.26800001e+00 1.20599997e+00 1.14499998e+00 1.08399999e+00
    1.08200002e+00 1.08200002e+00 1.08200002e+00 1.08200002e+00 2. 2. 2.
    2. 2. 2. 2. 2. 2. 2. 2. 2. 2. 2. 2. 1.94000006e+00 1.86899996e+00
    1.79799998e+00 1.75300002e+00 1.75300002e+00 1.75300002e+00
    1.75300002e+00 1.69299996e+00 1.62600005e+00 1.55799997e+00
    1.49199998e+00 1.42799997e+00 1.36399996e+00 1.29999995e+00
    1.29499996e+00 1.29499996e+00 1.29499996e+00 1.26800001e+00
    1.20599997e+00 1.14499998e+00 1.08399999e+00 1.08200002e+00
    1.08200002e+00 1.08200002e+00 1.08200002e+00 2. 2. 2. 2. 2. 2. 2. 2.
    1.98800004e+00 1.97200000e+00 1.95700002e+00 1.94599998e+00
    1.94599998e+00 1.94599998e+00 1.94599998e+00 1.89900005e+00
    1.84399998e+00 1.78799999e+00 1.75300002e+00 1.75300002e+00
    1.75300002e+00 1.75300002e+00 1.70599997e+00 1.65300000e+00
    1.60099995e+00 1.54299998e+00 1.47800004e+00 1.41299999e+00
    1.34800005e+00 1.33099997e+00 1.31700003e+00 1.30299997e+00
    1.27400005e+00 1.22599995e+00 1.17799997e+00 1.13000000e+00
    1.12899995e+00 1.12899995e+00 1.12899995e+00 1.12899995e+00 2. 2. 2.
    2. 2. 2. 2. 2. 1.97099996e+00 1.93499994e+00 1.89900005e+00
    1.87500000e+00 1.87500000e+00 1.87500000e+00 1.87500000e+00
    1.84500003e+00 1.80999994e+00 1.77499998e+00 1.75300002e+00
    1.75300002e+00 1.75300002e+00 1.75300002e+00 1.72300005e+00
    1.69000006e+00 1.65699995e+00 1.61000001e+00 1.54400003e+00
    1.47800004e+00 1.41299999e+00 1.37800002e+00 1.34500003e+00
    1.31299996e+00 1.28100002e+00 1.25100005e+00 1.22099996e+00
    1.19099998e+00 1.19000006e+00 1.19000006e+00 1.19000006e+00
    1.19000006e+00 2. 2. 2. 2. 2. 2. 2. 2. 1.95500004e+00 1.89800000e+00
    1.84200001e+00 1.80400002e+00 1.80400002e+00 1.80400002e+00
    1.80400002e+00 1.79200006e+00 1.77699995e+00 1.76199996e+00
    1.75300002e+00 1.75300002e+00 1.75300002e+00 1.75300002e+00
    1.74100006e+00 1.72700000e+00 1.71300006e+00 1.67700005e+00
    1.61000001e+00 1.54400003e+00 1.47700000e+00 1.42499995e+00
    1.37399995e+00 1.32299995e+00 1.28900003e+00 1.27699995e+00
    1.26400006e+00 1.25100005e+00 1.25100005e+00 1.25100005e+00
    1.25100005e+00 1.25100005e+00 1.24500000e+00 1.24500000e+00
    1.24500000e+00 1.24500000e+00 1.30499995e+00 1.51600003e+00
    1.72700000e+00 1.93799996e+00 1.92799997e+00 1.86199999e+00
    1.79700005e+00 1.75300002e+00 1.75300002e+00 1.75300002e+00
    1.75300002e+00 1.75300002e+00 1.75300002e+00 1.75300002e+00
    1.75300002e+00 1.75300002e+00 1.75300002e+00 1.75300002e+00
    1.75300002e+00 1.75300002e+00 1.75300002e+00 1.72599995e+00
    1.65799999e+00 1.59000003e+00 1.52300000e+00 1.45899999e+00
    1.39400005e+00 1.33000004e+00 1.29499996e+00 1.29499996e+00
    1.29499996e+00 1.29499996e+00 1.29499996e+00 1.29499996e+00
    1.29499996e+00 1.29499996e+00 0. 0. 0. 0. 0. 0. 0. 1.71899998e+00
    1.87300003e+00 1.82799995e+00 1.78299999e+00 1.75300002e+00
    1.75300002e+00 1.75300002e+00 1.75300002e+00 1.75300002e+00
    1.75300002e+00 1.75300002e+00 1.75300002e+00 1.75300002e+00
    1.75300002e+00 1.75300002e+00 1.75300002e+00 1.75300002e+00
    1.75300002e+00 1.72599995e+00 1.65799999e+00 1.59000003e+00
    1.52300000e+00 1.45899999e+00 1.39400005e+00 1.33000004e+00
    1.29499996e+00 1.29499996e+00 1.29499996e+00 1.29499996e+00
    1.29499996e+00 1.29499996e+00 1.29499996e+00 1.29499996e+00 0. 0. 0.
    0. 0. 0. 0. 1.49899995e+00 1.81799996e+00 1.79400003e+00
    1.76999998e+00 1.75300002e+00 1.75300002e+00 1.75300002e+00
    1.75300002e+00 1.75300002e+00 1.75300002e+00 1.75300002e+00
    1.75300002e+00 1.75300002e+00 1.75300002e+00 1.75300002e+00
    1.75300002e+00 1.75300002e+00 1.75300002e+00 1.72599995e+00
    1.65799999e+00 1.59000003e+00 1.52300000e+00 1.45899999e+00
    1.39400005e+00 1.33000004e+00 1.29499996e+00 1.29499996e+00
    1.29499996e+00 1.29499996e+00 1.29499996e+00 1.29499996e+00
    1.29499996e+00 1.29499996e+00 0. 0. 0. 0. 0. 0. 0. 1.27999997e+00
    1.76400006e+00 1.75999999e+00 1.75600004e+00 1.75300002e+00
    1.75300002e+00 1.75300002e+00 1.75300002e+00 1.75300002e+00
    1.75300002e+00 1.75300002e+00 1.75300002e+00 1.75300002e+00
    1.75300002e+00 1.75300002e+00 1.75300002e+00 1.75300002e+00
    1.75300002e+00 1.72599995e+00 1.65799999e+00 1.59000003e+00
    1.52300000e+00 1.45899999e+00 1.39400005e+00 1.33000004e+00
    1.29499996e+00 1.29499996e+00 1.29499996e+00 1.29499996e+00
    1.29499996e+00 1.29499996e+00 1.29499996e+00 1.29499996e+00 0. 0. 0.
    0. 0. 0. 0. 1.23699999e+00 1.75300002e+00 1.75300002e+00
    1.75300002e+00 1.75300002e+00 1.75300002e+00 1.75300002e+00
    1.75300002e+00 1.75300002e+00 1.75300002e+00 1.75300002e+00
    1.75300002e+00 1.75300002e+00 1.75300002e+00 1.75300002e+00
    1.75300002e+00 1.75300002e+00 1.75300002e+00 1.73199999e+00
    1.67999995e+00 1.62800002e+00 1.57599998e+00 1.51199996e+00
    1.44700003e+00 1.38199997e+00 1.34000003e+00 1.32500005e+00
    1.30999994e+00 1.29499996e+00 1.29499996e+00 1.29499996e+00
    1.29499996e+00 1.29499996e+00 0. 0. 0. 0. 0. 0. 0. 1.23699999e+00
    1.75300002e+00 1.75300002e+00 1.75300002e+00 1.75300002e+00
    1.75300002e+00 1.75300002e+00 1.75300002e+00 1.75300002e+00
    1.75300002e+00 1.75300002e+00 1.75300002e+00 1.75300002e+00
    1.75300002e+00 1.75300002e+00 1.75300002e+00 1.75300002e+00
    1.75300002e+00 1.74000001e+00 1.70700002e+00 1.67499995e+00
    1.64199996e+00 1.57900000e+00 1.51300001e+00 1.44700003e+00
    1.39600003e+00 1.36199999e+00 1.32900000e+00 1.29600000e+00
    1.29499996e+00 1.29499996e+00 1.29499996e+00 1.29499996e+00 0. 0. 0.
    0. 0. 0. 0. 1.23699999e+00 1.75300002e+00 1.75300002e+00
    1.75300002e+00 1.75300002e+00 1.75300002e+00 1.75300002e+00
    1.75300002e+00 1.75300002e+00 1.75300002e+00 1.75300002e+00
    1.75300002e+00 1.75300002e+00 1.75300002e+00 1.75300002e+00
    1.75300002e+00 1.75300002e+00 1.75300002e+00 1.74800003e+00
    1.73500001e+00 1.72099996e+00 1.70799994e+00 1.64499998e+00
    1.57799995e+00 1.51199996e+00 1.45099998e+00 1.39999998e+00
    1.34800005e+00 1.29700005e+00 1.29499996e+00 1.29499996e+00
    1.29499996e+00 1.29499996e+00 0. 0. 0. 0. 0. 0. 0. 1.25800002e+00
    1.77600002e+00 1.77600002e+00 1.77600002e+00 1.77400005e+00
    1.76699996e+00 1.76100004e+00 1.75399995e+00 1.75300002e+00
    1.75300002e+00 1.75300002e+00 1.75500000e+00 1.76199996e+00
    1.76900005e+00 1.77499998e+00 1.76999998e+00 1.76400006e+00
    1.75699997e+00 1.75300002e+00 1.75300002e+00 1.75300002e+00
    1.75300002e+00 1.69599998e+00 1.63499999e+00 1.57400000e+00
    1.51100004e+00 1.44700003e+00 1.38199997e+00 1.31799996e+00
    1.31599998e+00 1.31599998e+00 1.31599998e+00 1.31599998e+00 0. 0. 0.
    0. 0. 0. 0. 1.32500005e+00 1.84700000e+00 1.84700000e+00
    1.84700000e+00 1.83800006e+00 1.81099999e+00 1.78400004e+00
    1.75699997e+00 1.75300002e+00 1.75300002e+00 1.75300002e+00
    1.76300001e+00 1.78999996e+00 1.81700003e+00 1.84399998e+00
    1.82299995e+00 1.79600000e+00 1.76900005e+00 1.75300002e+00
