<?xml version="1.0"?>
<opencv_storage>
<Depth type_id="opencv-matrix">
  <rows>40</rows>
  <cols>40</cols>
  <dt>f</dt>
  <data>
    0. 0. 0. 0. 0. 0. 0. 0. 0. 0. 0. 0. 0. 0. 0. 0. 0. 0. 0. 0. 0. 0. 0.
    0. 0. 0. 0. 0. 0. 0. 0. 0. 0. 0. 0. 0. 0. 0. 0. 0. 0. 0. 0. 0. 0. 0.
    0. 0. 0. 0. 0. 0. 0. 0. 0. 0. 0. 0. 0. 0. 0. 0. 0. 0. 0. 0. 0. 0. 0.
    0. 0. 0. 0. 0. 0. 0. 0. 0. 0. 0. 0. 0. 0. 0. 0. 0. 0. 0. 0. 0. 0. 0.
    0. 0. 0. 0. 0. 0. 0. 0. 0. 0. 0. 0. 0. 0. 0. 0. 0. 0. 0. 0. 0. 0. 0.
    0. 0. 0. 0. 0. 0. 0. 0. 0. 0. 0. 0. 0. 0. 0. 0. 0. 0. 0. 0. 0. 0. 0.
    0. 0. 0. 0. 0. 0. 0. 0. 0. 0. 0. 0. 0. 0. 0. 0. 0. 0. 0. 0. 0. 0. 0.
    0. 0. 0. 0. 0. 0. 0. 0. 0. 0. 0. 0. 0. 0. 0. 0. 0. 0. 0. 0. 0. 0. 0.
    0. 0. 0. 0. 0. 0. 0. 0. 0. 0. 0. 0. 0. 0. 0. 0. 0. 0. 0. 0. 0. 0. 0.
    0. 0. 0. 0. 0. 0. 0. 0. 0. 0. 0. 0. 0. 0. 0. 0. 0. 0. 0. 0. 0. 0. 0.
    0. 0. 0. 0. 0. 0. 0. 0. 0. 0. 0. 0. 0. 0. 0. 0. 0. 0. 0. 0. 0. 0. 0.
    0. 0. 0. 0. 0. 0. 0. 0. 0. 0. 0. 0. 0. 0. 0. 0. 0. 0. 0. 0. 0. 0. 0.
    0. 0. 0. 0. 0. 0. 0. 0. 0. 0. 0. 0. 0. 0. 0. 0. 0. 0. 0. 0. 0. 0. 0.
    0. 0. 0. 0. 0. 0. 0. 0. 0. 0. 0. 0. 0. 0. 0. 0. 0. 0. 0. 0. 0. 0. 0.
    0. 0. 0. 0. 0. 0. 0. 0. 0. 0. 0. 0. 0. 0. 0. 0. 0. 0. 0. 0. 0. 0. 0.
    0. 0. 0. 0. 0. 0. 0. 0. 0. 0. 0. 0. 0. 0. 0. 0. 0. 0. 0. 0. 0. 0. 0.
    0. 0. 0. 0. 0. 0. 0. 0. 0. 0. 0. 0. 0. 0. 0. 0. 0. 0. 0. 0. 0. 0. 0.
    0. 0. 0. 0. 0. 0. 0. 0. 0. 0. 0. 0. 0. 0. 0. 0. 0. 0. 0. 0. 0. 0. 0.
    0. 0. 0. 0. 0. 0. 0. 0. 0. 0. 0. 0. 0. 0. 0. 0. 0. 0. 0. 0. 0. 0. 0.
    0. 0. 0. 0. 0. 0. 0. 0. 0. 0. 0. 0. 0. 0. 0. 0. 0. 0. 0. 0. 0. 0. 0.
    0. 0. 0. 0. 0. 0. 0. 0. 0. 0. 0. 0. 0. 0. 0. 0. 0. 0. 0. 0. 0. 0. 0.
    0. 0. 0. 0. 0. 0. 0. 0. 0. 0. 0. 0. 0. 0. 0. 0. 0. 0. 0. 0. 0. 0. 0.
    0. 0. 0. 0. 0. 0. 0. 0. 0. 0. 0. 0. 0. 0. 0. 2.28999996e+00
    2.26500010e+00 2.22300005e+00 2.21399999e+00 2.21399999e+00
    2.17400002e+00 2.13400006e+00 2.09400010e+00 2.06900001e+00
    2.06900001e+00 2.06900001e+00 2.06900001e+00 2.06900001e+00
    2.06900001e+00 2.06900001e+00 2.06900001e+00 2.06900001e+00
    2.06900001e+00 2.06900001e+00 2.06900001e+00 2.06900001e+00
    2.06900001e+00 2.06900001e+00 2.06900001e+00 2.06399989e+00
    2.02600002e+00 2. 2. 2. 2. 2.02699995e+00 2.06500006e+00
    2.06900001e+00 2.06500006e+00 2.02699995e+00 2. 2. 2. 0. 0.
    2.26500010e+00 2.24000001e+00 2.19799995e+00 2.19000006e+00
    2.19000006e+00 2.15000010e+00 2.11199999e+00 2.08599997e+00
    2.06900001e+00 2.06900001e+00 2.06900001e+00 2.06900001e+00
    2.06900001e+00 2.06900001e+00 2.06900001e+00 2.06699991e+00
    2.05399990e+00 2.04600000e+00 2.04600000e+00 2.04600000e+00
    2.04600000e+00 2.03699994e+00 2.02500010e+00 2.02399993e+00
    2.01900005e+00 1.98099995e+00 1.95599997e+00 1.95599997e+00
    1.96200001e+00 1.97399998e+00 2.00500011e+00 2.04299998e+00
    2.04600000e+00 2.04200006e+00 2.00399995e+00 1.97800004e+00
    1.97800004e+00 1.97800004e+00 0. 0. 2.22300005e+00 2.19799995e+00
    2.15799999e+00 2.14899993e+00 2.14899993e+00 2.10999990e+00
    2.07599998e+00 2.07200003e+00 2.06900001e+00 2.06900001e+00
    2.06900001e+00 2.06900001e+00 2.06900001e+00 2.06900001e+00
    2.06900001e+00 2.06399989e+00 2.02999997e+00 2.00799990e+00
    2.00799990e+00 2.00799990e+00 2.00799990e+00 1.98300004e+00
    1.95000005e+00 1.94799995e+00 1.94299996e+00 1.90600002e+00
    1.88100004e+00 1.88100004e+00 1.89800000e+00 1.93099999e+00
    1.96700001e+00 2.00399995e+00 2.00799990e+00 2.00399995e+00
    1.96599996e+00 1.94000006e+00 1.94000006e+00 1.94000006e+00 0. 0.
    2.18199992e+00 2.16799998e+00 2.14599991e+00 2.12700009e+00
    2.10999990e+00 2.08699989e+00 2.06900001e+00 2.06900001e+00
    2.06299996e+00 2.04600000e+00 2.03900003e+00 2.03900003e+00
    2.05200005e+00 2.06800008e+00 2.05299997e+00 2.03500009e+00
    2.01399994e+00 2. 2. 1.99100006e+00 1.97399998e+00 1.95500004e+00
    1.93299997e+00 1.91700006e+00 1.89999998e+00 1.88000000e+00
    1.86600006e+00 1.86600006e+00 1.88499999e+00 1.92100000e+00
    1.94700003e+00 1.96800005e+00 1.97000003e+00 1.96599996e+00
    1.92900002e+00 1.90300000e+00 1.90300000e+00 1.90300000e+00 0. 0.
    2.14199996e+00 2.14100003e+00 2.14100003e+00 2.10999990e+00
    2.06999993e+00 2.06900001e+00 2.06900001e+00 2.06900001e+00
    2.05500007e+00 2.01699996e+00 2.00099993e+00 2.00099993e+00
    2.02999997e+00 2.06699991e+00 2.03299999e+00 2. 2. 2. 2.
    1.98000002e+00 1.94200003e+00 1.93200004e+00 1.93200004e+00
    1.89800000e+00 1.86600006e+00 1.86600006e+00 1.86600006e+00
    1.86600006e+00 1.88499999e+00 1.92100000e+00 1.93200004e+00
    1.93200004e+00 1.93299997e+00 1.92900002e+00 1.89199996e+00
    1.86600006e+00 1.86600006e+00 1.86600006e+00 0. 0. 2.14100003e+00
    2.12800002e+00 2.10599995e+00 2.07100010e+00 2.03200006e+00
    2.03099990e+00 2.03099990e+00 2.03099990e+00 2.02500010e+00
    2.00699997e+00 2. 2. 2.02900004e+00 2.06699991e+00 2.03200006e+00 2.
    2. 2. 2. 1.98000002e+00 1.94200003e+00 1.93200004e+00 1.93200004e+00
    1.89800000e+00 1.86600006e+00 1.86600006e+00 1.86600006e+00
    1.86600006e+00 1.88499999e+00 1.92100000e+00 1.93200004e+00
    1.93200004e+00 1.91400003e+00 1.89400005e+00 1.87800002e+00
    1.86000001e+00 1.84099996e+00 1.83200002e+00 0. 0. 2.14100003e+00
    2.11700010e+00 2.07699990e+00 2.03900003e+00 2.00099993e+00 2. 2. 2.
    2. 2. 2. 2. 2.02900004e+00 2.06699991e+00 2.03200006e+00 2. 2. 2. 2.
    1.98000002e+00 1.94200003e+00 1.93200004e+00 1.93200004e+00
    1.90100002e+00 1.87300003e+00 1.87300003e+00 1.87300003e+00
    1.87300003e+00 1.88999999e+00 1.92299998e+00 1.93200004e+00
    1.93200004e+00 1.89900005e+00 1.86600006e+00 1.86199999e+00
    1.85000002e+00 1.81900001e+00 1.80299997e+00 0. 0. 2.14100003e+00
    2.11700010e+00 2.07699990e+00 2.03900003e+00 2.00099993e+00 2. 2. 2.
    2. 2. 2. 2. 2.02900004e+00 2.06699991e+00 2.03200006e+00 2. 2. 2. 2.
    1.98000002e+00 1.94200003e+00 1.93200004e+00 1.93200004e+00
    1.91999996e+00 1.90900004e+00 1.90900004e+00 1.90900004e+00
    1.90900004e+00 1.91600001e+00 1.92799997e+00 1.93200004e+00
    1.93200004e+00 1.89900005e+00 1.86399996e+00 1.84099996e+00
    1.82099998e+00 1.80900002e+00 1.80299997e+00 0. 0. 2.12599993e+00
    2.10200000e+00 2.06299996e+00 2.03099990e+00 2. 2. 2. 2.
    2.00300002e+00 2.01099992e+00 2.01399994e+00 2.01399994e+00
    2.03800011e+00 2.06800008e+00 2.03200006e+00 2. 2. 2. 2.
    1.98000002e+00 1.94200003e+00 1.93200004e+00 1.93200004e+00
    1.93200004e+00 1.93200004e+00 1.93200004e+00 1.93200004e+00
    1.93200004e+00 1.93200004e+00 1.93200004e+00 1.93200004e+00
    1.93200004e+00 1.89900005e+00 1.86199999e+00 1.82799995e+00
    1.80100000e+00 1.79400003e+00 1.78999996e+00 0. 0. 2.08599997e+00
    2.06299996e+00 2.02399993e+00 2.00900006e+00 2. 2. 2. 2.
    2.01099992e+00 2.03999996e+00 2.05299997e+00 2.05299997e+00
    2.05999994e+00 2.06900001e+00 2.03200006e+00 2. 2. 2. 2.
    1.98000002e+00 1.94200003e+00 1.93200004e+00 1.93200004e+00
    1.93200004e+00 1.93200004e+00 1.93200004e+00 1.93200004e+00
    1.93200004e+00 1.93200004e+00 1.93200004e+00 1.93200004e+00
    1.93200004e+00 1.89900005e+00 1.86199999e+00 1.82799995e+00
    1.79499996e+00 1.76900005e+00 1.75500000e+00 0. 0. 2.06900001e+00
    2.04600000e+00 2.00799990e+00 2. 2. 2. 2. 2. 2.01399994e+00
    2.05299997e+00 2.06900001e+00 2.06900001e+00 2.06900001e+00
    2.06900001e+00 2.03200006e+00 2. 2. 2. 2. 1.98000002e+00
    1.94200003e+00 1.93200004e+00 1.93200004e+00 1.93200004e+00
    1.93200004e+00 1.93200004e+00 1.93200004e+00 1.93200004e+00
    1.93799996e+00 1.95000005e+00 1.94500005e+00 1.93299997e+00
    1.89900005e+00 1.86199999e+00 1.82799995e+00 1.79299998e+00
    1.75800002e+00 1.74000001e+00 0. 0. 2.06900001e+00 2.04600000e+00
    2.00799990e+00 2. 2. 2. 2. 2. 2.01399994e+00 2.05299997e+00
    2.06900001e+00 2.06900001e+00 2.06900001e+00 2.06900001e+00
    2.03200006e+00 2. 2. 2. 2. 1.98000002e+00 1.94200003e+00
    1.93200004e+00 1.93200004e+00 1.93200004e+00 1.93200004e+00
