<?xml version="1.0"?>
<opencv_storage>
<Depth type_id="opencv-matrix">
  <rows>40</rows>
  <cols>40</cols>
  <dt>f</dt>
  <data>
    0. 0. 0. 0. 0. 0. 0. 0. 0. 0. 0. 0. 0. 0. 0. 0. 0. 0. 0. 0. 0. 0. 0.
    0. 0. 0. 0. 0. 0. 0. 0. 0. 0. 0. 0. 0. 0. 0. 0. 0. 0. 0. 0. 0. 0. 0.
    0. 0. 0. 0. 0. 0. 0. 0. 0. 0. 0. 0. 0. 0. 0. 0. 0. 0. 0. 0. 0. 0. 0.
    0. 0. 0. 0. 0. 0. 0. 0. 0. 0. 0. 0. 0. 0. 0. 0. 0. 0. 0. 0. 0. 0. 0.
    0. 0. 0. 0. 0. 0. 0. 0. 0. 0. 0. 0. 0. 0. 0. 0. 0. 0. 0. 0. 0. 0. 0.
    0. 0. 0. 0. 0. 0. 0. 0. 0. 0. 0. 0. 0. 0. 0. 0. 0. 0. 0. 0. 0. 0. 0.
    0. 0. 0. 0. 0. 0. 0. 0. 0. 0. 0. 0. 0. 0. 0. 0. 0. 0. 0. 0. 0. 0. 0.
    0. 0. 0. 0. 0. 0. 0. 0. 0. 0. 0. 0. 0. 0. 0. 0. 0. 0. 0. 0. 0. 0. 0.
    0. 0. 0. 0. 0. 0. 0. 0. 0. 0. 0. 0. 0. 0. 0. 0. 0. 0. 0. 0. 0. 0. 0.
    0. 0. 0. 0. 0. 0. 0. 0. 0. 0. 0. 0. 0. 0. 0. 0. 0. 0. 0. 0. 0. 0. 0.
    0. 0. 0. 0. 0. 0. 0. 0. 0. 0. 0. 0. 0. 0. 0. 0. 0. 0. 0. 0. 0. 0. 0.
    0. 0. 0. 0. 0. 0. 0. 0. 0. 0. 0. 0. 0. 0. 0. 0. 0. 0. 0. 0. 0. 0. 0.
    0. 0. 0. 0. 0. 0. 0. 0. 0. 0. 0. 0. 0. 0. 0. 0. 0. 0. 0. 0. 0. 0. 0.
    0. 0. 0. 0. 0. 0. 0. 0. 0. 0. 0. 0. 0. 0. 0. 0. 0. 0. 0. 0. 0. 0. 0.
    0. 0. 0. 0. 0. 0. 0. 0. 0. 0. 0. 0. 0. 0. 0. 0. 0. 0. 0. 0. 0. 0. 0.
    0. 0. 0. 0. 0. 0. 0. 0. 0. 0. 0. 0. 0. 0. 0. 0. 0. 0. 0. 0. 0. 0. 0.
    0. 0. 0. 0. 0. 0. 0. 0. 0. 0. 0. 0. 0. 0. 0. 0. 0. 0. 0. 0. 0. 0. 0.
    0. 0. 0. 0. 0. 0. 0. 0. 0. 0. 0. 0. 0. 0. 0. 0. 0. 0. 0. 0. 0. 0. 0.
    0. 0. 0. 0. 0. 0. 0. 0. 0. 0. 0. 0. 0. 0. 0. 0. 0. 0. 0. 0. 0. 0. 0.
    0. 0. 0. 0. 0. 0. 0. 0. 0. 0. 0. 0. 0. 0. 0. 0. 0. 0. 0. 0. 0. 0. 0.
    0. 0. 0. 0. 0. 0. 0. 0. 0. 0. 0. 0. 0. 0. 0. 0. 0. 0. 0. 0.
    1.96700001e+00 1.99800003e+00 2. 2. 2. 2. 2. 2. 2. 2. 2. 2.
    1.98099995e+00 1.95500004e+00 1.95500004e+00 1.95500004e+00
    1.94299996e+00 1.88300002e+00 1.84700000e+00 1.82599998e+00
    1.82599998e+00 1.82599998e+00 1.82599998e+00 1.82599998e+00
    1.85000002e+00 1.86800003e+00 1.86800003e+00 1.89400005e+00
    2.16199994e+00 2.73900008e+00 2.14899993e+00 1.81200004e+00
    1.78400004e+00 1.78400004e+00 2.03399992e+00 2.45700002e+00
    2.45700002e+00 2.18099999e+00 1.79100001e+00 1.84899998e+00
    1.98399997e+00 1.99899995e+00 2. 2. 2. 2. 2. 2. 2. 2. 2. 2.
    1.99100006e+00 1.97599995e+00 1.96000004e+00 1.95500004e+00
    1.94599998e+00 1.90199995e+00 1.88000000e+00 1.86600006e+00
    1.85099995e+00 1.84800005e+00 1.84800005e+00 1.84800005e+00
    1.85899997e+00 1.86800003e+00 1.86800003e+00 1.88100004e+00
    2.00900006e+00 2.28699994e+00 1.98899996e+00 1.81200004e+00
    1.78400004e+00 1.78400004e+00 1.91199994e+00 2.12800002e+00
    2.11400008e+00 1.97500002e+00 1.78799999e+00 1.81500006e+00 2. 2. 2.
    2. 2. 2. 2. 2. 2. 2. 2. 2. 2. 1.99500000e+00 1.96500003e+00
    1.95500004e+00 1.95000005e+00 1.92600000e+00 1.91999996e+00
    1.90999997e+00 1.87500000e+00 1.86800003e+00 1.86800003e+00
    1.86800003e+00 1.86800003e+00 1.86800003e+00 1.86800003e+00
    1.86800003e+00 1.86800003e+00 1.86800003e+00 1.84599996e+00
    1.82000005e+00 1.79200006e+00 1.79200006e+00 1.80499995e+00
    1.82400000e+00 1.79499996e+00 1.78100002e+00 1.77600002e+00
    1.77600002e+00 2. 2. 2. 2. 2. 2. 2. 2. 2. 2. 2. 2. 2. 1.99500000e+00
    1.96500003e+00 1.95500004e+00 1.95400000e+00 1.95099998e+00
    1.95000005e+00 1.93499994e+00 1.87899995e+00 1.86800003e+00
    1.86800003e+00 1.86800003e+00 1.86800003e+00 1.86800003e+00
    1.86800003e+00 1.86800003e+00 1.86800003e+00 1.86800003e+00
    1.86500001e+00 1.84899998e+00 1.82099998e+00 1.82099998e+00
    1.82299995e+00 1.82400000e+00 1.79499996e+00 1.76999998e+00
    1.74899995e+00 1.74899995e+00 2.02600002e+00 2.02600002e+00
    2.02600002e+00 2.03399992e+00 2.05200005e+00 2.01699996e+00 2. 2. 2.
    2. 2. 2. 1.98899996e+00 1.97300005e+00 1.95899999e+00 1.95500004e+00
    1.95899999e+00 1.97599995e+00 1.98000002e+00 1.96399999e+00
    1.90400004e+00 1.89199996e+00 1.89199996e+00 1.89199996e+00
    1.89199996e+00 1.89199996e+00 1.89199996e+00 1.89199996e+00
    1.88499999e+00 1.86899996e+00 1.86800003e+00 1.86199999e+00
    1.84899998e+00 1.84899998e+00 1.84099996e+00 1.82500005e+00
    1.81200004e+00 1.78100002e+00 1.74399996e+00 1.74399996e+00
    2.05699992e+00 2.05699992e+00 2.05699992e+00 2.06800008e+00
    2.09299994e+00 2.03800011e+00 2.00699997e+00 2. 2. 2. 2. 2.
    1.98099995e+00 1.95500004e+00 1.95500004e+00 1.95500004e+00
    1.96099997e+00 1.99199998e+00 2. 1.98599994e+00 1.93200004e+00
    1.92100000e+00 1.92100000e+00 1.92100000e+00 1.92100000e+00
    1.91900003e+00 1.91199994e+00 1.91100001e+00 1.89800000e+00
    1.86899996e+00 1.86800003e+00 1.86800003e+00 1.86800003e+00
    1.86800003e+00 1.85200000e+00 1.82599998e+00 1.82599998e+00
    1.79600000e+00 1.75300002e+00 1.75300002e+00 2.08899999e+00
    2.08899999e+00 2.08899999e+00 2.08999991e+00 2.09299994e+00
    2.05900002e+00 2.02699995e+00 2. 2. 2. 2. 2. 1.98099995e+00
    1.95500004e+00 1.95500004e+00 1.95500004e+00 1.96099997e+00
    1.99199998e+00 2. 1.99100006e+00 1.95799994e+00 1.95099998e+00
    1.95099998e+00 1.95099998e+00 1.95099998e+00 1.94099998e+00
    1.91400003e+00 1.91100001e+00 1.89800000e+00 1.86899996e+00
    1.86800003e+00 1.86800003e+00 1.86800003e+00 1.86800003e+00
    1.85200000e+00 1.82599998e+00 1.82599998e+00 1.80700004e+00
    1.78100002e+00 1.78100002e+00 2.11400008e+00 2.09400010e+00
    2.09299994e+00 2.09299994e+00 2.09299994e+00 2.06100011e+00
    2.03900003e+00 2.02699995e+00 2.00799990e+00 2. 1.99800003e+00
    1.98000002e+00 1.96500003e+00 1.95500004e+00 1.95500004e+00
    1.95500004e+00 1.96099997e+00 1.99199998e+00 2. 1.99699998e+00
    1.98399997e+00 1.98199999e+00 1.97599995e+00 1.95799994e+00
    1.95500004e+00 1.94400001e+00 1.91400003e+00 1.89499998e+00
    1.88000000e+00 1.86800003e+00 1.86800003e+00 1.86800003e+00
    1.86800003e+00 1.86800003e+00 1.85200000e+00 1.82599998e+00
    1.82599998e+00 1.80900002e+00 1.78400004e+00 1.78400004e+00
    2.14100003e+00 2.10800004e+00 2.10599995e+00 2.10200000e+00
    2.09299994e+00 2.06999993e+00 2.05900002e+00 2.05699992e+00
    2.01699996e+00 2. 1.99699998e+00 1.96599996e+00 1.95500004e+00
    1.95500004e+00 1.95500004e+00 1.95500004e+00 1.96099997e+00
    1.99199998e+00 2. 1.99800003e+00 1.98899996e+00 1.98800004e+00
    1.98000002e+00 1.95799994e+00 1.95500004e+00 1.94400001e+00
    1.91400003e+00 1.88499999e+00 1.86800003e+00 1.86800003e+00
    1.86800003e+00 1.86800003e+00 1.86800003e+00 1.86800003e+00
    1.85200000e+00 1.82599998e+00 1.82599998e+00 1.80900002e+00
    1.78400004e+00 1.78400004e+00 2.17499995e+00 2.14100003e+00
    2.13899994e+00 2.12400007e+00 2.09299994e+00 2.09200001e+00
    2.09100008e+00 2.08800006e+00 2.02600002e+00 2. 1.99699998e+00
    1.96599996e+00 1.95500004e+00 1.95500004e+00 1.95500004e+00
    1.95500004e+00 1.96099997e+00 1.99199998e+00 2. 1.99199998e+00
    1.96300006e+00 1.95700002e+00 1.95700002e+00 1.95500004e+00
    1.95500004e+00 1.94400001e+00 1.91400003e+00 1.88499999e+00
    1.86800003e+00 1.86800003e+00 1.86800003e+00 1.86800003e+00
    1.86800003e+00 1.86800003e+00 1.85200000e+00 1.82599998e+00
    1.82599998e+00 1.80900002e+00 1.78400004e+00 1.78400004e+00
    2.17700005e+00 2.14299989e+00 2.12199998e+00 2.10500002e+00
    2.09299994e+00 2.09299994e+00 2.09299994e+00 2.08999991e+00
    2.02699995e+00 2. 1.99899995e+00 1.98800004e+00 1.97099996e+00
    1.95500004e+00 1.95500004e+00 1.95500004e+00 1.96099997e+00
    1.99199998e+00 2. 1.99199998e+00 1.96099997e+00 1.95500004e+00
    1.96099997e+00 1.98099995e+00 1.96700001e+00 1.94400001e+00
    1.91400003e+00 1.88499999e+00 1.86800003e+00 1.86800003e+00
    1.86800003e+00 1.86800003e+00 1.86800003e+00 1.86800003e+00
    1.85200000e+00 1.82599998e+00 1.82599998e+00 1.82000005e+00
    1.81099999e+00 1.81099999e+00 2.17700005e+00 2.14299989e+00
    2.11100006e+00 2.09299994e+00 2.09299994e+00 2.09299994e+00
    2.09299994e+00 2.08999991e+00 2.02699995e+00 2. 2.00099993e+00
    2.01099992e+00 1.98899996e+00 1.95500004e+00 1.95500004e+00
