<?xml version="1.0"?>
<opencv_storage>
<Depth type_id="opencv-matrix">
  <rows>40</rows>
  <cols>40</cols>
  <dt>f</dt>
  <data>
    0. 0. 0. 0. 0. 0. 0. 0. 0. 0. 0. 0. 0. 0. 0. 0. 0. 0. 0. 0. 0. 0. 0.
    0. 0. 0. 0. 0. 0. 0. 0. 0. 0. 0. 0. 0. 0. 0. 0. 0. 0. 0. 0. 0. 0. 0.
    0. 0. 0. 0. 0. 0. 0. 0. 0. 0. 0. 0. 0. 0. 0. 0. 0. 0. 0. 0. 0. 0. 0.
    0. 0. 0. 0. 0. 0. 0. 0. 0. 0. 0. 0. 0. 0. 0. 0. 0. 0. 0. 0. 0. 0. 0.
    0. 0. 0. 0. 0. 0. 0. 0. 0. 0. 0. 0. 0. 0. 0. 0. 0. 0. 0. 0. 0. 0. 0.
    0. 0. 0. 0. 0. 0. 0. 0. 0. 0. 0. 0. 0. 0. 0. 0. 0. 0. 0. 0. 0. 0. 0.
    0. 0. 0. 0. 0. 0. 0. 0. 0. 0. 0. 0. 0. 0. 0. 0. 0. 0. 0. 0. 0. 0. 0.
    0. 0. 0. 0. 0. 0. 0. 0. 0. 0. 0. 0. 0. 0. 0. 0. 0. 0. 0. 0. 0. 0. 0.
    0. 0. 0. 0. 0. 0. 0. 0. 0. 0. 0. 0. 0. 0. 0. 0. 0. 0. 0. 0. 0. 0. 0.
    0. 0. 0. 0. 0. 0. 0. 0. 0. 0. 0. 0. 0. 0. 0. 0. 0. 0. 0. 0. 0. 0. 0.
    0. 0. 0. 0. 0. 0. 0. 0. 0. 0. 0. 0. 0. 0. 0. 0. 0. 0. 0. 0. 0. 0. 0.
    0. 0. 0. 0. 0. 0. 0. 0. 0. 0. 0. 0. 0. 0. 0. 0. 0. 0. 0. 0. 0. 0. 0.
    0. 0. 0. 0. 2.34299994e+00 2.33699989e+00 2.27399993e+00
    2.21099997e+00 2.16799998e+00 2.16799998e+00 2.16799998e+00
    2.16799998e+00 2.16799998e+00 2.16799998e+00 2.21300006e+00
    2.27600002e+00 2.33899999e+00 2.34299994e+00 2.34299994e+00
    2.34299994e+00 2.34299994e+00 2.34299994e+00 2.34299994e+00
    2.34299994e+00 2.34299994e+00 2.30900002e+00 2.24600005e+00
    2.18300009e+00 2.16799998e+00 2.16799998e+00 2.16799998e+00
    2.16799998e+00 2.16799998e+00 2.16799998e+00 2.16799998e+00
    2.16799998e+00 2.19199991e+00 2.25399995e+00 2.31699991e+00
    2.30699992e+00 2.24399996e+00 2.18099999e+00 2.16799998e+00 0.
    2.34299994e+00 2.33699989e+00 2.27600002e+00 2.21600008e+00
    2.17400002e+00 2.17100000e+00 2.16899991e+00 2.16799998e+00
    2.16799998e+00 2.16799998e+00 2.21199989e+00 2.27200007e+00
    2.33200002e+00 2.33699989e+00 2.33699989e+00 2.33699989e+00
    2.33699989e+00 2.33699989e+00 2.33699989e+00 2.33999991e+00
    2.34200001e+00 2.30900002e+00 2.24600005e+00 2.18300009e+00
    2.16799998e+00 2.16799998e+00 2.16799998e+00 2.16799998e+00
    2.16799998e+00 2.16799998e+00 2.16799998e+00 2.16799998e+00
    2.19199991e+00 2.25399995e+00 2.31699991e+00 2.30699992e+00
    2.24399996e+00 2.18099999e+00 2.16799998e+00 0. 2.34299994e+00
    2.33899999e+00 2.30100012e+00 2.26300001e+00 2.22900009e+00
    2.20499992e+00 2.18000007e+00 2.16799998e+00 2.16799998e+00
    2.16799998e+00 2.19499993e+00 2.23300004e+00 2.27099991e+00
    2.27399993e+00 2.27399993e+00 2.27399993e+00 2.27399993e+00
    2.27399993e+00 2.28200006e+00 2.30699992e+00 2.33200002e+00
    2.30900002e+00 2.24600005e+00 2.18300009e+00 2.16799998e+00
    2.16799998e+00 2.16799998e+00 2.16799998e+00 2.16799998e+00
    2.16799998e+00 2.16799998e+00 2.16799998e+00 2.19199991e+00
    2.25399995e+00 2.31699991e+00 2.30699992e+00 2.24399996e+00
    2.18099999e+00 2.16799998e+00 0. 2.34299994e+00 2.34100008e+00
    2.32599998e+00 2.30999994e+00 2.28500009e+00 2.23799992e+00
    2.19099998e+00 2.16799998e+00 2.16799998e+00 2.16799998e+00
    2.17899990e+00 2.19499993e+00 2.21000004e+00 2.21099997e+00
    2.21099997e+00 2.21099997e+00 2.21099997e+00 2.21099997e+00
    2.22700000e+00 2.27500010e+00 2.32200003e+00 2.30900002e+00
    2.24600005e+00 2.18300009e+00 2.16799998e+00 2.16799998e+00
    2.16799998e+00 2.16799998e+00 2.16799998e+00 2.16799998e+00
    2.16799998e+00 2.16799998e+00 2.19199991e+00 2.25399995e+00
    2.31699991e+00 2.30699992e+00 2.24399996e+00 2.18099999e+00
    2.16799998e+00 0. 2.32399988e+00 2.32399988e+00 2.32399988e+00
    2.32399988e+00 2.30599999e+00 2.25099993e+00 2.19499993e+00
    2.16799998e+00 2.16799998e+00 2.16799998e+00 2.16799998e+00
    2.16799998e+00 2.16799998e+00 2.16799998e+00 2.16799998e+00
    2.16799998e+00 2.16799998e+00 2.16799998e+00 2.18700004e+00
    2.24300003e+00 2.29800010e+00 2.29299998e+00 2.23699999e+00
    2.18199992e+00 2.16799998e+00 2.16799998e+00 2.16799998e+00
    2.16799998e+00 2.16799998e+00 2.16799998e+00 2.16799998e+00
    2.16799998e+00 2.19199991e+00 2.25399995e+00 2.31699991e+00
    2.30699992e+00 2.24399996e+00 2.18099999e+00 2.16799998e+00 0.
    2.26099992e+00 2.26099992e+00 2.26099992e+00 2.26099992e+00
    2.25099993e+00 2.21700001e+00 2.18400002e+00 2.16799998e+00
    2.16799998e+00 2.16799998e+00 2.16799998e+00 2.16799998e+00
    2.16799998e+00 2.16799998e+00 2.16799998e+00 2.16799998e+00
    2.16799998e+00 2.16799998e+00 2.17899990e+00 2.21300006e+00
    2.24600005e+00 2.24300003e+00 2.20900011e+00 2.17600012e+00
    2.16799998e+00 2.16799998e+00 2.16799998e+00 2.16799998e+00
    2.16799998e+00 2.16799998e+00 2.16799998e+00 2.16799998e+00
    2.19199991e+00 2.25399995e+00 2.31699991e+00 2.30699992e+00
    2.24399996e+00 2.18099999e+00 2.16799998e+00 0. 2.19799995e+00
    2.19799995e+00 2.19799995e+00 2.19799995e+00 2.19499993e+00
    2.18400002e+00 2.17300010e+00 2.16799998e+00 2.16799998e+00
    2.16799998e+00 2.16799998e+00 2.16799998e+00 2.16799998e+00
    2.16799998e+00 2.16799998e+00 2.16799998e+00 2.16799998e+00
    2.16799998e+00 2.17199993e+00 2.18300009e+00 2.19300008e+00
    2.19199991e+00 2.18099999e+00 2.17100000e+00 2.16799998e+00
    2.16799998e+00 2.16799998e+00 2.16799998e+00 2.16799998e+00
    2.16799998e+00 2.16799998e+00 2.16799998e+00 2.19199991e+00
    2.25399995e+00 2.31699991e+00 2.30699992e+00 2.24399996e+00
    2.18099999e+00 2.16799998e+00 0. 2.16799998e+00 2.16799998e+00
    2.16799998e+00 2.16799998e+00 2.16799998e+00 2.16799998e+00
    2.16799998e+00 2.16799998e+00 2.16799998e+00 2.16799998e+00
    2.16799998e+00 2.16799998e+00 2.16799998e+00 2.16799998e+00
    2.16799998e+00 2.16799998e+00 2.16799998e+00 2.16799998e+00
    2.16400003e+00 2.15300012e+00 2.14199996e+00 2.13700008e+00
    2.13700008e+00 2.13700008e+00 2.14499998e+00 2.15599990e+00
    2.16799998e+00 2.16799998e+00 2.16799998e+00 2.16799998e+00
    2.16799998e+00 2.16799998e+00 2.19199991e+00 2.25399995e+00
    2.31699991e+00 2.31299996e+00 2.26200008e+00 2.21099997e+00
    2.20000005e+00 0. 2.16799998e+00 2.16799998e+00 2.16799998e+00
    2.16799998e+00 2.16799998e+00 2.16799998e+00 2.16799998e+00
    2.16799998e+00 2.16799998e+00 2.16799998e+00 2.16799998e+00
    2.16799998e+00 2.16799998e+00 2.16799998e+00 2.16799998e+00
    2.16799998e+00 2.16799998e+00 2.16799998e+00 2.15700006e+00
    2.12400007e+00 2.09200001e+00 2.07699990e+00 2.07699990e+00
    2.07699990e+00 2.10100007e+00 2.13400006e+00 2.16700006e+00
    2.16799998e+00 2.16799998e+00 2.16799998e+00 2.16799998e+00
    2.16799998e+00 2.19199991e+00 2.25399995e+00 2.31699991e+00
    2.32599998e+00 2.29800010e+00 2.26900005e+00 2.26300001e+00 0.
    2.16799998e+00 2.16799998e+00 2.16799998e+00 2.16799998e+00
    2.16799998e+00 2.16799998e+00 2.16799998e+00 2.16799998e+00
    2.16799998e+00 2.16799998e+00 2.16799998e+00 2.16799998e+00
    2.16799998e+00 2.16799998e+00 2.16799998e+00 2.16799998e+00
    2.16799998e+00 2.16799998e+00 2.14899993e+00 2.09500003e+00
    2.04099989e+00 2.01699996e+00 2.01699996e+00 2.01699996e+00
    2.05800009e+00 2.11199999e+00 2.16599989e+00 2.16799998e+00
    2.16799998e+00 2.16799998e+00 2.16799998e+00 2.16799998e+00
    2.19199991e+00 2.25399995e+00 2.31699991e+00 2.33899999e+00
    2.33299994e+00 2.32699990e+00 2.32599998e+00 0. 2.16799998e+00
    2.16799998e+00 2.16799998e+00 2.16799998e+00 2.16799998e+00
    2.16799998e+00 2.16799998e+00 2.16799998e+00 2.16799998e+00
    2.16799998e+00 2.16799998e+00 2.16799998e+00 2.16799998e+00
    2.16799998e+00 2.16799998e+00 2.16799998e+00 2.16799998e+00
    2.16799998e+00 2.14700007e+00 2.08699989e+00 2.02699995e+00 2. 2. 2.
    2.04500008e+00 2.10599995e+00 2.16599989e+00 2.16799998e+00
    2.16799998e+00 2.16799998e+00 2.16799998e+00 2.16799998e+00
    2.19199991e+00 2.25399995e+00 2.31699991e+00 2.34299994e+00
    2.34299994e+00 2.34299994e+00 2.34299994e+00 0. 2.16799998e+00
    2.16799998e+00 2.16799998e+00 2.16799998e+00 2.16799998e+00
