<?xml version="1.0"?>
<opencv_storage>
<Depth type_id="opencv-matrix">
  <rows>40</rows>
  <cols>40</cols>
  <dt>f</dt>
  <data>
    0. 0. 0. 0. 0. 0. 0. 0. 0. 0. 0. 0. 0. 0. 0. 0. 0. 0. 0. 0. 0. 0. 0.
    0. 0. 0. 0. 0. 0. 0. 0. 0. 0. 0. 0. 0. 0. 0. 0. 0. 0. 0. 0. 0. 0. 0.
    0. 0. 0. 0. 0. 0. 0. 0. 0. 0. 0. 0. 0. 0. 0. 0. 0. 0. 0. 0. 0. 0. 0.
    0. 0. 0. 0. 0. 0. 0. 0. 0. 0. 0. 0. 0. 0. 0. 0. 0. 0. 0. 0. 0. 0. 0.
    0. 0. 0. 0. 0. 0. 0. 0. 0. 0. 0. 0. 0. 0. 0. 0. 0. 0. 0. 0. 0. 0. 0.
    0. 0. 0. 0. 0. 0. 0. 0. 0. 0. 0. 0. 0. 0. 0. 0. 0. 0. 0. 0. 0. 0. 0.
    0. 0. 0. 0. 0. 0. 0. 0. 0. 0. 0. 0. 0. 0. 0. 0. 0. 0. 0. 0. 0. 0. 0.
    0. 0. 0. 0. 0. 0. 0. 0. 0. 0. 0. 0. 0. 0. 0. 0. 0. 0. 0. 0. 0. 0. 0.
    0. 0. 0. 0. 0. 0. 0. 0. 0. 0. 0. 0. 0. 0. 0. 0. 0. 0. 0. 0. 0. 0. 0.
    0. 0. 0. 0. 0. 0. 0. 0. 0. 0. 0. 0. 0. 0. 0. 0. 0. 0. 0. 0. 0. 0. 0.
    0. 0. 0. 0. 0. 0. 0. 0. 0. 0. 0. 0. 0. 0. 0. 0. 0. 0. 0. 0. 0. 0. 0.
    0. 0. 0. 0. 0. 0. 0. 0. 0. 0. 0. 0. 0. 0. 0. 0. 0. 0. 0. 0. 0. 0. 0.
    0. 0. 0. 0. 0. 0. 0. 0. 0. 0. 0. 0. 0. 0. 0. 0. 0. 0. 0. 0. 0. 0. 0.
    0. 0. 0. 0. 0. 0. 0. 0. 0. 0. 0. 0. 0. 0. 0. 0. 0. 0. 0. 0. 0. 0. 0.
    0. 0. 0. 0. 0. 0. 0. 0. 0. 2. 1.98099995e+00 1.93700004e+00
    1.90600002e+00 1.90600002e+00 1.90600002e+00 1.90600002e+00
    1.90499997e+00 1.86199999e+00 1.81900001e+00 1.81400001e+00
    1.81400001e+00 1.78299999e+00 1.74199998e+00 1.72599995e+00
    1.72599995e+00 1.72599995e+00 0. 0. 0. 0. 0. 0. 0. 0. 0. 0. 0. 0. 0.
    0. 0. 0. 0. 0. 0. 0. 0. 0. 0. 2. 1.98099995e+00 1.93700004e+00
    1.90600002e+00 1.90600002e+00 1.90499997e+00 1.89600003e+00
    1.88699996e+00 1.85300004e+00 1.81799996e+00 1.81400001e+00
    1.81400001e+00 1.78299999e+00 1.74199998e+00 1.72599995e+00
    1.72599995e+00 1.72599995e+00 0. 0. 0. 0. 0. 0. 0. 0. 0. 0. 0. 0. 0.
    0. 0. 0. 0. 0. 0. 0. 0. 0. 0. 2. 1.98099995e+00 1.93700004e+00
    1.90600002e+00 1.90600002e+00 1.90199995e+00 1.87300003e+00
    1.84399998e+00 1.83000004e+00 1.81599998e+00 1.81400001e+00
    1.81400001e+00 1.78299999e+00 1.74199998e+00 1.72599995e+00
    1.72599995e+00 1.72599995e+00 0. 0. 0. 0. 0. 0. 0. 0. 0. 0. 0. 0. 0.
    0. 0. 0. 0. 0. 0. 0. 0. 0. 0. 2. 1.98099995e+00 1.93700004e+00
    1.90400004e+00 1.89800000e+00 1.88800001e+00 1.85000002e+00
    1.81400001e+00 1.80799997e+00 1.80299997e+00 1.80200005e+00
    1.80200005e+00 1.77600002e+00 1.74000001e+00 1.72599995e+00
    1.72599995e+00 1.72599995e+00 0. 0. 0. 0. 0. 0. 0. 0. 0. 0. 0. 0. 0.
    0. 0. 0. 0. 0. 0. 0. 0. 0. 0. 2. 1.98099995e+00 1.93700004e+00
    1.89800000e+00 1.87199998e+00 1.84800005e+00 1.83099997e+00
    1.81400001e+00 1.78900003e+00 1.76400006e+00 1.76100004e+00
    1.76100004e+00 1.74899995e+00 1.73199999e+00 1.72599995e+00
    1.72599995e+00 1.72599995e+00 0. 0. 0. 0. 0. 0. 0. 0. 0. 0. 0. 0. 0.
    0. 0. 0. 0. 0. 0. 0. 0. 0. 0. 1.99300003e+00 1.97599995e+00
    1.93499994e+00 1.89300001e+00 1.85000002e+00 1.81400001e+00
    1.81400001e+00 1.81299996e+00 1.77199996e+00 1.73099995e+00
    1.72599995e+00 1.72599995e+00 1.72599995e+00 1.72599995e+00
    1.72599995e+00 1.72599995e+00 1.72599995e+00 0. 0. 0. 0. 0. 0. 0. 0.
    0. 0. 0. 0. 0. 0. 0. 0. 0. 0. 0. 0. 0. 0. 0. 1.94900000e+00
    1.94099998e+00 1.91999996e+00 1.89300001e+00 1.85000002e+00
    1.81400001e+00 1.81400001e+00 1.81299996e+00 1.77199996e+00
    1.73099995e+00 1.72599995e+00 1.72599995e+00 1.72599995e+00
    1.72599995e+00 1.72599995e+00 1.72599995e+00 1.72599995e+00 0. 0. 0.
    0. 0. 0. 0. 0. 0. 0. 0. 0. 0. 0. 0. 0. 0. 0. 0. 0. 0. 0. 0.
    1.90600002e+00 1.90600002e+00 1.90600002e+00 1.89300001e+00
    1.85099995e+00 1.81500006e+00 1.81500006e+00 1.81400001e+00
    1.77300000e+00 1.73199999e+00 1.72700000e+00 1.72700000e+00
    1.72700000e+00 1.72700000e+00 1.72700000e+00 1.72599995e+00
    1.72599995e+00 0. 0. 0. 0. 0. 0. 0. 0. 0. 0. 0. 0. 0. 0. 0. 0. 0. 0.
    0. 0. 0. 0. 0. 1.90600002e+00 1.90600002e+00 1.90600002e+00
    1.89900005e+00 1.87699997e+00 1.85800004e+00 1.85800004e+00
    1.85699999e+00 1.81500006e+00 1.77300000e+00 1.76800001e+00
    1.76800001e+00 1.76800001e+00 1.76800001e+00 1.75600004e+00
    1.73599994e+00 1.72599995e+00 0. 0. 0. 0. 0. 0. 0. 0. 0. 0. 0. 0. 0.
    0. 0. 0. 0. 0. 0. 0. 0. 0. 0. 1.90600002e+00 1.90600002e+00
    1.90600002e+00 1.90499997e+00 1.90300000e+00 1.90100002e+00
    1.90100002e+00 1.89999998e+00 1.85699999e+00 1.81400001e+00
    1.80900002e+00 1.80900002e+00 1.80900002e+00 1.80900002e+00
    1.78600001e+00 1.74699998e+00 1.72599995e+00 0. 0. 0. 0. 0. 0. 0. 0.
    0. 0. 0. 0. 0. 0. 0. 0. 0. 0. 0. 0. 0. 0. 0. 1.94500005e+00
    1.94500005e+00 1.94500005e+00 1.93900001e+00 1.92100000e+00
    1.90600002e+00 1.90600002e+00 1.90600002e+00 1.89900005e+00
    1.89100003e+00 1.87500000e+00 1.85699999e+00 1.83899999e+00
    1.82099998e+00 1.78900003e+00 1.74800003e+00 1.72599995e+00 0. 0. 0.
    0. 0. 0. 0. 0. 0. 0. 0. 0. 0. 0. 0. 0. 0. 0. 0. 0. 0. 0. 0.
    1.98899996e+00 1.98899996e+00 1.98899996e+00 1.97700000e+00
    1.93900001e+00 1.90600002e+00 1.90600002e+00 1.90699995e+00
    1.94000006e+00 1.97300005e+00 1.94400001e+00 1.90499997e+00
    1.86699998e+00 1.82900000e+00 1.78900003e+00 1.74800003e+00
    1.72599995e+00 0. 0. 0. 0. 0. 0. 0. 0. 0. 0. 0. 0. 0. 0. 0. 0. 0. 0.
    0. 0. 0. 0. 0. 0. 0. 1.32099998e+00 1.95899999e+00 1.92999995e+00
    1.90600002e+00 1.90600002e+00 1.90699995e+00 1.95099998e+00
    1.99500000e+00 1.97500002e+00 1.94599998e+00 1.89499998e+00
    1.83700001e+00 1.78900003e+00 1.74800003e+00 1.72599995e+00 0. 0. 0.
    0. 0. 0. 0. 0. 0. 0. 0. 0. 0. 0. 0. 0. 0. 0. 0. 0. 0. 0. 0. 0. 0. 0.
    1.92100000e+00 1.91299999e+00 1.90600002e+00 1.90600002e+00
    1.90699995e+00 1.95099998e+00 1.99500000e+00 1.99300003e+00
    1.98500001e+00 1.92400002e+00 1.84500003e+00 1.78900003e+00
    1.74800003e+00 1.72599995e+00 0. 0. 0. 0. 0. 0. 0. 0. 0. 0. 0. 0. 0.
    0. 0. 0. 0. 0. 0. 0. 0. 0. 0. 0. 0. 0. 1.90600002e+00 1.90600002e+00
    1.90600002e+00 1.90600002e+00 1.90699995e+00 1.93799996e+00
    1.97000003e+00 1.98399997e+00 1.99699998e+00 1.93599999e+00
    1.84899998e+00 1.79600000e+00 1.76699996e+00 1.75100005e+00 0. 0. 0.
    0. 0. 0. 0. 0. 0. 0. 0. 0. 0. 0. 0. 0. 0. 0. 0. 0. 0. 0. 0. 0. 0.
    1.46300006e+00 1.90600002e+00 1.90600002e+00 1.90600002e+00
    1.90600002e+00 1.90600002e+00 1.91700006e+00 1.92799997e+00
    1.95799994e+00 1.99100006e+00 1.93599999e+00 1.84899998e+00
    1.80799997e+00 1.79700005e+00 1.79200006e+00 0. 0. 0. 0. 0. 0. 0. 0.
    0. 0. 0. 0. 0. 0. 0. 0. 0. 0. 0. 0. 0. 0. 0. 2. 1.98500001e+00
    1.95099998e+00 1.92400002e+00 1.91400003e+00 1.90600002e+00
    1.90600002e+00 1.90600002e+00 1.90600002e+00 1.90600002e+00
    1.93599999e+00 1.97099996e+00 1.93599999e+00 1.87800002e+00
    1.86099994e+00 1.87000000e+00 1.87600005e+00 0. 0. 0. 0. 0. 0. 0. 0.
    0. 0. 0. 0. 0. 0. 0. 0. 0. 0. 0. 0. 0. 0. 0. 2. 1.99399996e+00
    1.98000002e+00 1.96200001e+00 1.93099999e+00 1.90600002e+00
    1.90600002e+00 1.90600002e+00 1.90600002e+00 1.90600002e+00
    1.91799998e+00 1.93200004e+00 1.93799996e+00 1.94000006e+00
    1.96000004e+00 1.99199998e+00 2.00900006e+00 0. 0. 0. 0. 0. 0. 0. 0.
    0. 0. 0. 0. 0. 0. 0. 0. 0. 0. 0. 0. 0. 0. 0. 2. 2. 2. 1.98699999e+00
    1.94299996e+00 1.90600002e+00 1.90600002e+00 1.90600002e+00
    1.89900005e+00 1.89300001e+00 1.89199996e+00 1.89199996e+00
    1.92400002e+00 1.96800005e+00 2.01699996e+00 2.06999993e+00
    2.09800005e+00 0. 0. 0. 0. 0. 0. 0. 0. 0. 0. 0. 0. 0. 0. 0. 0. 0. 0.
    0. 0. 0. 0. 0. 2. 2. 2. 1.98699999e+00 1.94299996e+00 1.90600002e+00
    1.90600002e+00 1.90600002e+00 1.87899995e+00 1.85200000e+00
    1.84899998e+00 1.84899998e+00 1.88100004e+00 1.92400002e+00
    1.98599994e+00 2.05900002e+00 2.09800005e+00 0. 0. 0. 0. 0. 0. 0. 0.
    0. 0. 0. 0. 0. 0. 0. 0. 0. 0. 0. 0. 0. 0. 0. 2. 2. 2. 1.98699999e+00
    1.94299996e+00 1.90600002e+00 1.90600002e+00 1.90499997e+00
    1.86199999e+00 1.81900001e+00 1.81400001e+00 1.81400001e+00
    1.84599996e+00 1.88900006e+00 1.81400001e+00 1.66299999e+00
