<?xml version="1.0"?>
<opencv_storage>
<Depth type_id="opencv-matrix">
  <rows>40</rows>
  <cols>40</cols>
  <dt>f</dt>
  <data>
    0. 0. 0. 0. 0. 0. 0. 0. 0. 0. 0. 0. 0. 0. 0. 0. 0. 0. 0. 0. 0. 0. 0.
    0. 0. 0. 0. 0. 0. 0. 0. 0. 0. 0. 0. 0. 0. 0. 0. 0. 0. 0. 0. 0. 0. 0.
    0. 0. 0. 0. 0. 0. 0. 0. 0. 0. 0. 0. 0. 0. 0. 0. 0. 0. 0. 0. 0. 0. 0.
    0. 0. 0. 0. 0. 0. 0. 0. 0. 0. 0. 0. 0. 0. 0. 0. 0. 0. 0. 0. 0. 0. 0.
    0. 0. 0. 0. 0. 0. 0. 0. 0. 0. 0. 0. 0. 0. 0. 0. 0. 0. 0. 0. 0. 0. 0.
    0. 0. 0. 0. 0. 0. 0. 0. 0. 0. 0. 0. 0. 0. 0. 0. 0. 0. 0. 0. 0. 0. 0.
    0. 0. 0. 0. 0. 0. 0. 0. 0. 0. 0. 0. 0. 0. 0. 0. 0. 0. 0. 0. 0. 0. 0.
    0. 0. 0. 0. 0. 0. 0. 0. 0. 0. 0. 0. 0. 0. 0. 0. 0. 0. 0. 0. 0. 0. 0.
    0. 0. 0. 0. 0. 0. 0. 0. 0. 0. 0. 0. 0. 0. 0. 0. 0. 0. 0.
    2.64000010e+00 2.00900006e+00 2. 2. 2. 2.39800000e+00 2.63700008e+00
    2.60899997e+00 2.73300004e+00 0. 0. 0. 0. 0. 0. 0. 0. 0. 0. 0. 0. 0.
    0. 0. 0. 0. 0. 0. 0. 0. 0. 0. 0. 2.53800011e+00 0. 0. 0. 0. 0. 0.
    2.01699996e+00 2.00900006e+00 2. 2. 2. 2. 2. 1.99899995e+00
    1.99800003e+00 2.00099993e+00 2.00399995e+00 2.00399995e+00 0. 0. 0.
    0. 0. 0. 0. 0. 0. 0. 0. 0. 0. 0. 0. 0. 0. 0. 0. 0. 0. 0. 0. 0. 0. 0.
    1.75500000e+00 0. 2.01399994e+00 2.00099993e+00 2. 2.00099993e+00 2.
    2. 2. 1.99699998e+00 1.99699998e+00 2.00399995e+00 2.00399995e+00
    2.00399995e+00 2.00399995e+00 2.00099993e+00 2. 2.30999994e+00
    2.68499994e+00 2.66400003e+00 0. 0. 0. 0. 0. 0. 0. 0. 0. 0. 0. 0. 0.
    0. 0. 0. 0. 0. 0. 1.10300004e+00 0. 0. 2.01999998e+00 2.00399995e+00
    2. 2. 2. 2. 2. 2. 2. 2.00399995e+00 2.00399995e+00 2. 2. 2.
    2.00399995e+00 2. 1.99800003e+00 1.99800003e+00 1.99800003e+00
    1.99699998e+00 1.99899995e+00 2.00099993e+00 0. 0. 0. 0. 0. 0. 0. 0.
    0. 0. 0. 0. 0. 0. 2.32999992e+00 1.86399996e+00 0. 0. 2.01399994e+00
    2.00200009e+00 2.00300002e+00 2.00099993e+00 2. 2. 2. 2. 2.
    2.00399995e+00 2.00399995e+00 2.00300002e+00 2. 2. 2.00399995e+00
    1.99699998e+00 2. 2. 2. 1.99600005e+00 1.99600005e+00 1.99800003e+00
    1.99600005e+00 1.99300003e+00 1.99300003e+00 2.19799995e+00
    2.74300003e+00 2.70099998e+00 0. 0. 0. 0. 0. 2.68700004e+00
    2.65599990e+00 2.34100008e+00 2.33400011e+00 1.86500001e+00 0. 0.
    2.00600004e+00 2.00399995e+00 2.00300002e+00 2.00099993e+00 2. 2. 2.
    1.99699998e+00 2. 2.00399995e+00 2.00399995e+00 2.00399995e+00
    2.00300002e+00 2. 2. 2. 2. 2. 2. 1.99899995e+00 1.99699998e+00
    1.99699998e+00 1.99699998e+00 1.99699998e+00 1.99699998e+00 2. 2. 2.
    2. 1.99699998e+00 2. 1.99899995e+00 1.99699998e+00 2.31200004e+00
    2.35599995e+00 2.33999991e+00 2.28099990e+00 0. 0. 0. 2.00799990e+00
    2. 2. 2. 2. 2. 2. 1.99800003e+00 2. 2.00399995e+00 2.00399995e+00
    2.00099993e+00 2. 2. 2. 1.99899995e+00 1.99699998e+00 2. 2.
    1.99800003e+00 1.99699998e+00 1.99699998e+00 1.99699998e+00
    1.99699998e+00 1.99399996e+00 1.99699998e+00 1.99899995e+00
    2.00099993e+00 2. 1.99699998e+00 1.99699998e+00 2. 1.99699998e+00
    1.99600005e+00 1.99100006e+00 1.98500001e+00 1.59500003e+00 0. 0. 0.
    2.00600004e+00 2. 2. 2. 2. 2. 2. 2. 2. 2.00399995e+00 2.00399995e+00
    2. 2. 1.99899995e+00 2. 2. 2. 2. 2. 2. 1.99699998e+00 1.99699998e+00
    1.99399996e+00 1.99300003e+00 1.99600005e+00 1.99800003e+00 2. 2. 2.
    1.99699998e+00 1.99699998e+00 2.00300002e+00 1.99800003e+00
    1.99699998e+00 1.99699998e+00 1.99699998e+00 1.36000001e+00 0. 0. 0.
    2.00399995e+00 1.99899995e+00 2. 2. 2. 2. 1.99699998e+00
    1.99800003e+00 2. 2. 2.00200009e+00 2.00399995e+00 2.00399995e+00
    1.99899995e+00 2. 2.00200009e+00 2.00399995e+00 2.00200009e+00 2.
    1.99899995e+00 2. 1.99699998e+00 1.99399996e+00 1.99300003e+00
    1.99300003e+00 2.00200009e+00 2.00099993e+00 1.99899995e+00
    1.99699998e+00 1.99699998e+00 1.99699998e+00 1.99800003e+00
    1.99699998e+00 1.99699998e+00 1.99699998e+00 1.99500000e+00
    1.36000001e+00 0. 0. 0. 2.00300002e+00 2. 2. 2. 2. 2. 1.99699998e+00
    1.99899995e+00 2. 2.00399995e+00 2.00399995e+00 2.00399995e+00
    2.00399995e+00 2.00200009e+00 2. 2.00200009e+00 2. 2. 2. 2. 2.
    1.99699998e+00 1.99699998e+00 1.99300003e+00 1.99300003e+00
    1.99699998e+00 2. 1.99899995e+00 1.99699998e+00 2. 1.99800003e+00
    1.99699998e+00 1.99500000e+00 1.99399996e+00 1.99699998e+00
    1.98300004e+00 0. 0. 0. 2.00600004e+00 2.00399995e+00 2.00099993e+00
    2.00099993e+00 2. 2. 2. 2. 2. 2. 2.00399995e+00 2.00399995e+00
    2.00399995e+00 2.00399995e+00 2.00399995e+00 2.00399995e+00 2. 2. 2.
    2. 2. 2. 1.99699998e+00 1.99300003e+00 1.99699998e+00 1.99699998e+00
    1.99699998e+00 1.99899995e+00 2. 1.99699998e+00 2. 2.00099993e+00 2.
    1.99699998e+00 1.99699998e+00 1.99800003e+00 1.88000000e+00 0. 0.
    1.16400003e+00 2.00399995e+00 2.00399995e+00 2. 2. 2. 2. 2. 2. 2. 2.
    2.00399995e+00 2.00399995e+00 2.00399995e+00 2.00399995e+00 2. 2.
    2.00200009e+00 2.00399995e+00 2. 2. 2. 1.99699998e+00 1.99699998e+00
    1.99699998e+00 1.99699998e+00 1.99699998e+00 2. 2. 2. 2.
    2.00300002e+00 2. 1.99699998e+00 1.99699998e+00 2. 1.99800003e+00
    1.99000001e+00 0. 0. 1.16400003e+00 2.00399995e+00 2. 2. 2. 2. 2.
    2.00399995e+00 2.00200009e+00 2. 2. 2.00399995e+00 2.00399995e+00
    2.00399995e+00 2.00399995e+00 2. 2. 2.00300002e+00 2.00399995e+00
    2.00200009e+00 2. 2. 1.99699998e+00 2. 2. 1.99699998e+00
    1.99699998e+00 2. 2. 2. 2.00300002e+00 2. 2. 2. 2.00300002e+00
    2.00300002e+00 1.99899995e+00 1.87699997e+00 0. 0. 1.16499996e+00
    2.00399995e+00 2. 2. 2. 2. 2. 2.00399995e+00 2.00399995e+00
    2.00399995e+00 2. 2.00500011e+00 2.00399995e+00 2.00399995e+00
    2.00399995e+00 2.00200009e+00 2. 2. 2. 2. 2. 2. 1.99699998e+00
    1.99699998e+00 1.99800003e+00 1.99300003e+00 1.99600005e+00
    1.99800003e+00 2.00300002e+00 2. 2.00300002e+00 2. 2. 2. 2. 2. 2.
    1.88300002e+00 0. 0. 1.04400003e+00 2.00099993e+00 2. 2.00099993e+00
    2. 2. 2. 2. 2.00399995e+00 2. 1.99699998e+00 2.00399995e+00
    2.00399995e+00 2.00399995e+00 2.00200009e+00 2.00399995e+00 2. 2.
    2.00200009e+00 2. 1.99899995e+00 2. 1.99699998e+00 1.99699998e+00
    1.99699998e+00 1.99300003e+00 1.99600005e+00 2. 1.99800003e+00
    1.99699998e+00 1.99699998e+00 2.00200009e+00 2.00099993e+00
    2.00200009e+00 1.99899995e+00 1.99699998e+00 1.99300003e+00
    2.00399995e+00 1.47300005e+00 0. 1.99899995e+00 2.00099993e+00
    2.00099993e+00 2.00399995e+00 2.00399995e+00 2.00099993e+00 2. 2.
    2.00399995e+00 1.99800003e+00 1.99699998e+00 2.00399995e+00
    2.00399995e+00 2.00399995e+00 2.00399995e+00 2.00399995e+00
    2.00399995e+00 2. 2. 2. 2. 1.99899995e+00 1.99300003e+00
    1.99699998e+00 1.99399996e+00 1.99399996e+00 1.99699998e+00
    2.00300002e+00 1.99800003e+00 1.99699998e+00 1.99899995e+00 2. 2. 2.
    1.99699998e+00 1.99699998e+00 1.99899995e+00 2.00999999e+00
    2.00500011e+00 0. 2.00399995e+00 2.00399995e+00 2.00399995e+00
    2.00099993e+00 2. 2.00099993e+00 2. 2.00099993e+00 2. 2. 2.
    2.00399995e+00 2.00399995e+00 2.00399995e+00 2.00399995e+00
    2.00300002e+00 2.00399995e+00 2. 2. 2.00300002e+00 2. 1.99699998e+00
    1.99500000e+00 1.99699998e+00 1.99699998e+00 1.99699998e+00
    1.99699998e+00 1.99899995e+00 1.99800003e+00 2. 2. 2. 1.99699998e+00
    2. 2. 1.99699998e+00 1.99899995e+00 2.01699996e+00 2.00999999e+00
    1.69000006e+00 2.00399995e+00 2.00399995e+00 2.00399995e+00 2. 2. 2.
    2. 2. 2. 2. 2. 2.00399995e+00 2.00399995e+00 2.00399995e+00
    2.00399995e+00 2. 2. 2. 2. 2.00399995e+00 2. 1.99300003e+00
    1.99600005e+00 1.99899995e+00 1.99699998e+00 1.99699998e+00
    1.99699998e+00 2. 1.99800003e+00 2. 2. 2. 1.99699998e+00
    1.99699998e+00 1.99699998e+00 1.99300003e+00 1.99300003e+00
    2.08500004e+00 2.07999992e+00 1.72599995e+00 2.00399995e+00
    2.00399995e+00 2.00399995e+00 2.00099993e+00 2. 2. 2. 2.00099993e+00
    2. 2.00099993e+00 2.00200009e+00 2.00399995e+00 2.00399995e+00
    2.00399995e+00 2.00399995e+00 2.00200009e+00 2. 2. 2. 1.99800003e+00
