<?xml version="1.0"?>
<opencv_storage>
<Depth type_id="opencv-matrix">
  <rows>40</rows>
  <cols>40</cols>
  <dt>f</dt>
  <data>
    0. 0. 0. 0. 0. 0. 0. 0. 0. 1.96399999e+00 1.96399999e+00
    1.96399999e+00 1.96399999e+00 1.96399999e+00 1.96399999e+00
    1.96399999e+00 1.96399999e+00 1.96399999e+00 1.96399999e+00
    1.97700000e+00 1.99399996e+00 2. 2. 2.01799989e+00 1.15499997e+00 0.
    0. 0. 0. 0. 0. 0. 0. 0. 0. 0. 0. 0. 0. 0. 0. 0. 0. 0. 0. 0. 0. 0. 0.
    1.96399999e+00 1.96399999e+00 1.96399999e+00 1.96399999e+00
    1.96399999e+00 1.96399999e+00 1.96399999e+00 1.96399999e+00
    1.96399999e+00 1.96399999e+00 1.96399999e+00 1.97300005e+00
    1.99899995e+00 2. 2.01799989e+00 1.15499997e+00 0. 0. 0. 0. 0. 0. 0.
    0. 0. 0. 0. 0. 0. 0. 0. 0. 0. 0. 0. 0. 0. 0. 0. 0. 1.99000001e+00
    1.99000001e+00 1.98000002e+00 1.96399999e+00 1.96399999e+00
    1.96399999e+00 1.96399999e+00 1.96399999e+00 1.96399999e+00
    1.96399999e+00 1.96399999e+00 1.97200000e+00 1.99899995e+00 2.
    2.00500011e+00 1.13499999e+00 0. 0. 0. 0. 0. 0. 0. 0. 0. 0. 0. 0. 0.
    0. 0. 0. 0. 0. 0. 0. 0. 0. 0. 0. 2.01799989e+00 2.00699997e+00
    1.98599994e+00 1.96399999e+00 1.96399999e+00 1.96399999e+00
    1.96399999e+00 1.96399999e+00 1.96399999e+00 1.96399999e+00
    1.96399999e+00 1.97200000e+00 1.99899995e+00 2. 2. 1.12800002e+00 0.
    0. 0. 0. 0. 0. 0. 0. 0. 0. 0. 0. 0. 0. 0. 0. 0. 0. 0. 0. 0. 0. 0. 0.
    2.03699994e+00 2.01300001e+00 1.98899996e+00 1.97300005e+00
    1.97300005e+00 1.97300005e+00 1.97300005e+00 1.97300005e+00
    1.97300005e+00 1.97300005e+00 1.97300005e+00 1.97899997e+00
    1.99899995e+00 2. 2. 1.12800002e+00 0. 0. 0. 0. 0. 0. 0. 0. 0. 0. 0.
    0. 0. 0. 0. 0. 0. 0. 0. 0. 0. 0. 0. 0. 2.03699994e+00 2.01300001e+00
    2. 2. 2. 2. 2. 2. 2. 2. 2. 2. 2. 2. 2. 1.13100004e+00 0. 0. 0. 0. 0.
    0. 0. 0. 0. 0. 0. 0. 0. 0. 0. 0. 0. 0. 0. 0. 0. 0. 0. 0.
    2.03699994e+00 2.01300001e+00 2. 2. 2. 2. 2. 2. 2. 2. 2.
    1.99399996e+00 1.97300005e+00 1.97300005e+00 1.97300005e+00
    1.76499999e+00 1.11899996e+00 0. 0. 0. 0. 0. 0. 0. 0. 0. 0. 0. 0. 0.
    0. 0. 0. 0. 0. 0. 0. 0. 0. 0. 2.01799989e+00 2.00600004e+00
    1.99300003e+00 1.98099995e+00 1.98099995e+00 1.99399996e+00 2. 2. 2.
    2. 2. 1.99199998e+00 1.96500003e+00 1.96399999e+00 1.96399999e+00
    1.96399999e+00 1.94900000e+00 0. 0. 0. 0. 0. 0. 0. 0. 0. 0. 0. 0. 0.
    0. 0. 0. 0. 0. 0. 0. 0. 0. 0. 1.98000002e+00 1.98000002e+00
    1.97399998e+00 1.96399999e+00 1.96399999e+00 1.98099995e+00
    1.99000001e+00 1.99000001e+00 1.99000001e+00 1.99000001e+00
    1.99000001e+00 1.98399997e+00 1.96500003e+00 1.96399999e+00
    1.96399999e+00 1.96399999e+00 1.94900000e+00 0. 0. 0. 0. 0. 0. 0. 0.
    0. 0. 0. 0. 0. 0. 0. 0. 0. 0. 0. 0. 0. 0. 0. 1.92900002e+00
    1.92900002e+00 1.94299996e+00 1.96399999e+00 1.96399999e+00
    1.96399999e+00 1.96399999e+00 1.96399999e+00 1.96399999e+00
    1.96399999e+00 1.96399999e+00 1.96399999e+00 1.96399999e+00
    1.96399999e+00 1.96399999e+00 1.96399999e+00 1.94900000e+00 0. 0. 0.
    0. 0. 0. 0. 0. 0. 0. 0. 0. 0. 0. 0. 0. 0. 0. 0. 0. 0. 0. 0.
    1.92900002e+00 1.92900002e+00 1.94299996e+00 1.96399999e+00
    1.96399999e+00 1.96399999e+00 1.96399999e+00 1.96399999e+00
    1.96399999e+00 1.96399999e+00 1.96399999e+00 1.96399999e+00
    1.96399999e+00 1.96399999e+00 1.96399999e+00 1.96399999e+00
    1.94900000e+00 0. 0. 0. 0. 0. 0. 0. 0. 0. 0. 0. 0. 0. 0. 0. 0. 0. 0.
    0. 0. 0. 0. 0. 1.92900002e+00 1.92900002e+00 1.94299996e+00
    1.96399999e+00 1.96399999e+00 1.96399999e+00 1.96399999e+00
    1.96399999e+00 1.96399999e+00 1.96399999e+00 1.96399999e+00
    1.96399999e+00 1.96399999e+00 1.96399999e+00 1.96399999e+00
    1.96399999e+00 1.94900000e+00 0. 0. 0. 0. 0. 0. 0. 0. 0. 0. 0. 0. 0.
    0. 0. 0. 0. 0. 0. 0. 0. 0. 0. 1.92900002e+00 1.92900002e+00
    1.94299996e+00 1.96399999e+00 1.96399999e+00 1.96399999e+00
    1.96399999e+00 1.96399999e+00 1.96399999e+00 1.96399999e+00
    1.96399999e+00 1.96399999e+00 1.96399999e+00 1.96399999e+00
    1.96399999e+00 1.96399999e+00 1.94900000e+00 0. 0. 0. 0. 0. 0. 0. 0.
    0. 0. 0. 0. 0. 0. 0. 0. 0. 0. 0. 0. 0. 0. 0. 1.93099999e+00
    1.93099999e+00 1.94400001e+00 1.96399999e+00 1.96399999e+00
    1.96399999e+00 1.96399999e+00 1.96399999e+00 1.96399999e+00
    1.96399999e+00 1.96399999e+00 1.96399999e+00 1.96399999e+00
    1.96399999e+00 1.96399999e+00 1.96399999e+00 1.94900000e+00 0. 0. 0.
    0. 0. 0. 0. 0. 0. 0. 0. 0. 0. 0. 0. 0. 0. 0. 0. 0. 0. 0. 0.
    1.95799994e+00 1.95799994e+00 1.96000004e+00 1.96399999e+00
    1.96399999e+00 1.96399999e+00 1.96399999e+00 1.96399999e+00
    1.96399999e+00 1.96399999e+00 1.96399999e+00 1.96399999e+00
    1.96399999e+00 1.96399999e+00 1.96399999e+00 1.96399999e+00
    1.94900000e+00 0. 0. 0. 0. 0. 0. 0. 0. 0. 0. 0. 0. 0. 0. 0. 0. 0. 0.
    0. 0. 0. 0. 0. 1.96399999e+00 1.96399999e+00 1.96399999e+00
    1.96399999e+00 1.96399999e+00 1.96399999e+00 1.96399999e+00
    1.96399999e+00 1.96399999e+00 1.96399999e+00 1.96399999e+00
    1.96399999e+00 1.96399999e+00 1.96399999e+00 1.96399999e+00
    1.96399999e+00 1.94900000e+00 0. 0. 0. 0. 0. 0. 0. 0. 0. 0. 0. 0. 0.
    0. 0. 0. 0. 0. 0. 0. 0. 0. 0. 1.97599995e+00 1.97599995e+00
    1.97099996e+00 1.96399999e+00 1.96399999e+00 1.96399999e+00
    1.96399999e+00 1.96399999e+00 1.96399999e+00 1.96399999e+00
    1.96399999e+00 1.96399999e+00 1.96399999e+00 1.96399999e+00
    1.96399999e+00 1.96399999e+00 1.94900000e+00 0. 0. 0. 0. 0. 0. 0. 0.
    0. 0. 0. 0. 0. 0. 0. 0. 0. 0. 0. 0. 0. 0. 0. 1.99600005e+00
    1.99600005e+00 1.98399997e+00 1.96399999e+00 1.96399999e+00
    1.96399999e+00 1.96399999e+00 1.96399999e+00 1.96399999e+00
    1.96599996e+00 1.96599996e+00 1.96399999e+00 1.96399999e+00
    1.96399999e+00 1.96399999e+00 1.96399999e+00 1.94900000e+00 0. 0. 0.
    0. 0. 0. 0. 0. 0. 0. 0. 0. 0. 0. 0. 0. 0. 0. 0. 0. 0. 0. 0.
    1.96899998e+00 1.96899998e+00 1.96700001e+00 1.96399999e+00
    1.96399999e+00 1.96399999e+00 1.96399999e+00 1.96399999e+00
    1.96399999e+00 1.98599994e+00 1.98099995e+00 1.96399999e+00
    1.96399999e+00 1.96399999e+00 1.96399999e+00 1.96399999e+00
    1.94900000e+00 0. 0. 0. 0. 0. 0. 0. 0. 0. 0. 0. 0. 0. 0. 0. 0. 0. 0.
    0. 0. 0. 0. 0. 1.96399999e+00 1.96399999e+00 1.96399999e+00
    1.96399999e+00 1.96399999e+00 1.96399999e+00 1.96399999e+00
    1.96800005e+00 1.98500001e+00 1.99600005e+00 1.99399996e+00
    1.98599994e+00 1.98599994e+00 1.98599994e+00 1.98599994e+00
    1.98599994e+00 1.97099996e+00 0. 0. 0. 0. 0. 0. 0. 0. 0. 0. 0. 0. 0.
    0. 0. 0. 0. 0. 0. 0. 0. 0. 0. 1.52300000e+00 1.80400002e+00
    1.96899998e+00 1.97700000e+00 1.97700000e+00 1.96800005e+00
    1.96399999e+00 1.97099996e+00 1.99800003e+00 2. 2. 2. 2. 2. 2. 2.
    1.99000001e+00 0. 0. 0. 0. 0. 0. 0. 0. 0. 0. 0. 0. 0. 0. 0. 0. 0. 0.
    0. 0. 0. 0. 0. 0. 1.53600001e+00 1.98099995e+00 2. 2. 1.97899997e+00
    1.96899998e+00 1.97399998e+00 1.99800003e+00 2. 2. 2. 2. 2. 2. 2. 2.
    1.99600005e+00 0. 0. 0. 0. 0. 0. 0. 0. 0. 0. 0. 0. 0. 0. 0. 0. 0. 0.
    0. 0. 0. 0. 0. 1.55400002e+00 1.99800003e+00 2. 2. 1.99699998e+00
    1.99600005e+00 1.99699998e+00 2. 2. 2. 2. 2. 2. 2. 2. 2.
    1.97599995e+00 1.76100004e+00 0. 0. 0. 0. 0. 0. 0. 0. 0. 0. 0. 0. 0.
    0. 0. 0. 0. 0. 0. 0. 0. 0. 1.55599999e+00 2. 2. 2. 2. 2. 2. 2. 2. 2.
    2. 2. 2. 2. 2. 2. 1.97300005e+00 1.96399999e+00 1.61899996e+00 0. 0.
    0. 0. 0. 0. 0. 0. 0. 0. 0. 0. 0. 0. 0. 0. 0. 0. 0. 0. 0.
    1.55599999e+00 2. 2. 2. 2. 2. 2. 2. 2. 2. 2. 2. 2. 2. 2. 2.
    1.97300005e+00 1.96399999e+00 1.96800005e+00 1.85300004e+00 0. 0. 0.
    0. 0. 0. 0. 0. 0. 0. 0. 0. 0. 0. 0. 0. 0. 0. 0. 0. 1.43200004e+00
    1.88199997e+00 2. 2. 2. 2. 2. 2. 2. 2. 2. 2. 2. 2. 2. 2.
    1.97300005e+00 1.96399999e+00 1.97399998e+00 1.87300003e+00 0. 0. 0.
    0. 0. 0. 0. 0. 0. 0. 0. 0. 0. 0. 0. 0. 0. 0. 0. 0. 0. 1.32900000e+00
    2. 2. 2. 2. 2. 2. 2. 2. 2. 2. 2. 2. 2. 2. 1.97300005e+00
    1.96399999e+00 1.97399998e+00 1.87300003e+00 0. 0. 0. 0. 0. 0. 0. 0.
