<?xml version="1.0"?>
<opencv_storage>
<Depth type_id="opencv-matrix">
  <rows>40</rows>
  <cols>40</cols>
  <dt>f</dt>
  <data>
    0. 0. 0. 0. 0. 0. 0. 0. 0. 0. 0. 0. 0. 0. 0. 0. 0. 0. 0. 0. 0. 0. 0.
    0. 0. 0. 0. 0. 0. 0. 0. 0. 0. 0. 0. 0. 0. 0. 0. 0. 0. 0. 0. 0. 0. 0.
    0. 0. 0. 0. 0. 0. 0. 0. 0. 0. 0. 0. 0. 0. 0. 0. 0. 0. 0. 0. 0. 0. 0.
    0. 0. 0. 0. 0. 0. 0. 0. 0. 0. 0. 0. 0. 0. 0. 0. 0. 0. 0. 0. 0. 0. 0.
    0. 0. 0. 0. 0. 0. 0. 0. 0. 0. 0. 0. 0. 0. 0. 0. 0. 0. 0. 0. 0. 0. 0.
    0. 0. 0. 0. 0. 0. 0. 0. 0. 0. 0. 0. 0. 0. 0. 0. 0. 0. 0. 0. 0. 0. 0.
    0. 0. 0. 0. 0. 0. 0. 0. 0. 0. 0. 0. 0. 0. 0. 0. 0. 0. 0. 0. 0. 0. 0.
    0. 0. 0. 0. 0. 0. 0. 0. 0. 0. 0. 0. 0. 0. 0. 1.92700005e+00
    2.09999990e+00 2.09999990e+00 2.09999990e+00 2.09500003e+00
    2.06800008e+00 2.06599998e+00 2.08500004e+00 1.78999996e+00
    1.23599994e+00 1.19099998e+00 1.18900001e+00 0. 0. 0. 0. 0. 0. 0. 0.
    0. 0. 0. 0. 0. 0. 0. 0. 0. 0. 0. 0. 0. 0. 0. 0. 0. 0. 0.
    1.49800003e+00 2.04900002e+00 2.09999990e+00 2.09999990e+00
    2.09200001e+00 2.07500005e+00 2.06699991e+00 2.06599998e+00
    2.07200003e+00 1.97599995e+00 1.69900000e+00 1.20599997e+00
    1.18900001e+00 0. 0. 0. 0. 0. 0. 0. 0. 0. 0. 0. 0. 0. 0. 0. 0. 0. 0.
    0. 0. 0. 0. 0. 0. 0. 0. 1.30200005e+00 2.08299994e+00 2.08299994e+00
    2.09500003e+00 2.09100008e+00 2.07699990e+00 2.06599998e+00
    2.06599998e+00 2.06599998e+00 2.06599998e+00 2.05399990e+00
    1.88999999e+00 1.21200001e+00 1.18900001e+00 0. 0. 0. 0. 0. 0. 0. 0.
    0. 0. 0. 0. 0. 0. 0. 0. 0. 0. 0. 0. 0. 0. 0. 0. 1.55400002e+00
    2.02300000e+00 2.04500008e+00 2.04600000e+00 2.05399990e+00
    2.07999992e+00 2.07699990e+00 2.06599998e+00 2.06399989e+00
    2.05599999e+00 2.05500007e+00 2.06100011e+00 2.04999995e+00
    1.88199997e+00 1.21200001e+00 1.18900001e+00 0. 0. 0. 0. 0. 0. 0. 0.
    0. 0. 0. 0. 0. 0. 0. 0. 0. 0. 0. 0. 0. 0. 0. 2. 2. 2. 2.
    2.00300002e+00 2.02600002e+00 2.05299997e+00 2.06399989e+00
    2.06599998e+00 2.06100011e+00 2.03399992e+00 2.03200006e+00
    2.04900002e+00 2.03900003e+00 1.88000000e+00 1.30299997e+00
    1.21000004e+00 0. 0. 0. 0. 0. 0. 0. 0. 0. 0. 0. 0. 0. 0. 0. 0. 0. 0.
    0. 0. 0. 0. 0. 2. 2. 2. 2. 2. 2.00200009e+00 2.02600002e+00
    2.05100012e+00 2.06599998e+00 2.06100011e+00 2.03399992e+00
    2.03200006e+00 2.03299999e+00 2.02200007e+00 1.98500001e+00
    1.91199994e+00 1.34899998e+00 0. 0. 0. 0. 0. 0. 0. 0. 0. 0. 0. 0. 0.
    0. 0. 0. 0. 0. 0. 0. 0. 0. 0. 2.02300000e+00 2.00699997e+00 2. 2. 2.
    2. 2.02300000e+00 2.04999995e+00 2.06599998e+00 2.06100011e+00
    2.03399992e+00 2.03200006e+00 2.03200006e+00 2.01999998e+00
    1.99399996e+00 1.96800005e+00 1.34099996e+00 0. 0. 0. 0. 0. 0. 0. 0.
    0. 0. 0. 0. 0. 0. 0. 0. 0. 0. 0. 0. 0. 0. 0. 2.03200006e+00
    2.02099991e+00 2.01699996e+00 2.01699996e+00 2.01699996e+00
    2.01699996e+00 2.04099989e+00 2.05900002e+00 2.06599998e+00
    2.06100011e+00 2.03399992e+00 2.03200006e+00 2.02200007e+00
    2.00900006e+00 1.99399996e+00 1.96800005e+00 1.32599998e+00 0. 0. 0.
    0. 0. 0. 0. 0. 0. 0. 0. 0. 0. 0. 0. 0. 0. 0. 0. 0. 0. 0. 0.
    2.03200006e+00 2.03200006e+00 2.02600002e+00 2.02099991e+00
    2.02099991e+00 2.02099991e+00 2.04500008e+00 2.06100011e+00
    2.06599998e+00 2.06100011e+00 2.03399992e+00 2.03200006e+00
    2.01399994e+00 2. 1.99399996e+00 1.96800005e+00 1.32000005e+00 0. 0.
    0. 0. 0. 0. 0. 0. 0. 0. 0. 0. 0. 0. 0. 0. 0. 0. 0. 0. 0. 0. 0.
    2.02300000e+00 2.02300000e+00 2.00900006e+00 1.99500000e+00
    1.99600005e+00 2. 2.02300000e+00 2.04800010e+00 2.06299996e+00
    2.06100011e+00 2.03399992e+00 2.03200006e+00 2.01399994e+00 2.
    1.99399996e+00 1.96800005e+00 1.31799996e+00 0. 0. 0. 0. 0. 0. 0. 0.
    0. 0. 0. 0. 0. 0. 0. 0. 0. 0. 0. 0. 0. 0. 0. 1.97000003e+00
    1.97000003e+00 1.96899998e+00 1.96899998e+00 1.97200000e+00
    1.99800003e+00 2.02300000e+00 2.03299999e+00 2.04500008e+00
    2.06100011e+00 2.03399992e+00 2.03200006e+00 2.01399994e+00 2.
    1.99399996e+00 1.96800005e+00 1.30700004e+00 0. 0. 0. 0. 0. 0. 0. 0.
    0. 0. 0. 0. 0. 0. 0. 0. 0. 0. 0. 0. 0. 0. 0. 1.91999996e+00
    1.91999996e+00 1.94400001e+00 1.96700001e+00 1.96800005e+00
    1.97500002e+00 1.98099995e+00 1.98300004e+00 2.00200009e+00
    2.03900003e+00 2.03200006e+00 2.03200006e+00 2.01399994e+00 2.
    1.99899995e+00 1.99199998e+00 1.31200004e+00 0. 0. 0. 0. 0. 0. 0. 0.
    0. 0. 0. 0. 0. 0. 0. 0. 0. 0. 0. 0. 0. 0. 0. 1.90499997e+00
    1.90499997e+00 1.92799997e+00 1.95500004e+00 1.96700001e+00
    1.96700001e+00 1.96700001e+00 1.96700001e+00 1.98899996e+00
    2.03200006e+00 2.03200006e+00 2.03200006e+00 2.01399994e+00 2. 2. 2.
    1.31400001e+00 0. 0. 0. 0. 0. 0. 0. 0. 0. 0. 0. 0. 0. 0. 0. 0. 0. 0.
    0. 0. 0. 0. 0. 1.90499997e+00 1.90499997e+00 1.92100000e+00
    1.94200003e+00 1.95700002e+00 1.96599996e+00 1.96700001e+00
    1.96700001e+00 1.98500001e+00 2.01999998e+00 2.01999998e+00
    2.01999998e+00 2.00900006e+00 2. 2. 2. 1.56299996e+00 0. 0. 0. 0. 0.
    0. 0. 0. 0. 0. 0. 0. 0. 0. 0. 0. 0. 0. 0. 0. 0. 0. 0. 1.90499997e+00
    1.90499997e+00 1.92100000e+00 1.93599999e+00 1.94000006e+00
    1.96500003e+00 1.96700001e+00 1.96700001e+00 1.97800004e+00 2. 2. 2.
    2. 1.99800003e+00 1.99399996e+00 1.99399996e+00 1.99399996e+00 0. 0.
    0. 0. 0. 0. 0. 0. 0. 0. 0. 0. 0. 0. 0. 0. 0. 0. 0. 0. 0. 0. 0.
    1.90499997e+00 1.90499997e+00 1.92100000e+00 1.93599999e+00
    1.94000006e+00 1.96500003e+00 1.96700001e+00 1.96700001e+00
    1.97800004e+00 2. 2. 2. 2. 1.98800004e+00 1.96800005e+00
    1.96800005e+00 1.96800005e+00 0. 0. 0. 0. 0. 0. 0. 0. 0. 0. 0. 0. 0.
    0. 0. 0. 0. 0. 0. 0. 0. 0. 0. 1.90499997e+00 1.90499997e+00
    1.92100000e+00 1.94400001e+00 1.96099997e+00 1.96599996e+00
    1.96700001e+00 1.96700001e+00 1.97800004e+00 1.99600005e+00
    1.97599995e+00 1.97399998e+00 1.97399998e+00 1.97200000e+00
    1.96300006e+00 1.94400001e+00 1.94299996e+00 0. 0. 0. 0. 0. 0. 0. 0.
    0. 0. 0. 0. 0. 0. 0. 0. 0. 0. 0. 0. 0. 0. 0. 1.92299998e+00
    1.92299998e+00 1.92999995e+00 1.94599998e+00 1.96700001e+00
    1.96700001e+00 1.96700001e+00 1.96700001e+00 1.97200000e+00
    1.97899997e+00 1.96800005e+00 1.96700001e+00 1.96700001e+00
    1.96700001e+00 1.96200001e+00 1.93700004e+00 1.89499998e+00 0. 0. 0.
    0. 0. 0. 0. 0. 0. 0. 0. 0. 0. 0. 0. 0. 0. 0. 0. 0. 0. 0. 0.
    1.94799995e+00 1.94799995e+00 1.94799995e+00 1.95400000e+00
    1.96700001e+00 1.96700001e+00 1.96700001e+00 1.96700001e+00
    1.96700001e+00 1.96700001e+00 1.96700001e+00 1.96700001e+00
    1.96700001e+00 1.96700001e+00 1.96200001e+00 1.93700004e+00
    1.86500001e+00 0. 0. 0. 0. 0. 0. 0. 0. 0. 0. 0. 0. 0. 0. 0. 0. 0. 0.
    0. 0. 0. 0. 0. 1.96099997e+00 1.96099997e+00 1.96099997e+00
    1.96300006e+00 1.96700001e+00 1.96700001e+00 1.96700001e+00
    1.96700001e+00 1.96700001e+00 1.96700001e+00 1.96700001e+00
    1.96700001e+00 1.96700001e+00 1.96700001e+00 1.96200001e+00
    1.93700004e+00 1.87899995e+00 0. 0. 0. 0. 0. 0. 0. 0. 0. 0. 0. 0. 0.
    0. 0. 0. 0. 0. 0. 0. 0. 0. 0. 1.93599999e+00 1.93599999e+00
    1.93599999e+00 1.94599998e+00 1.96700001e+00 1.96700001e+00
    1.96700001e+00 1.96700001e+00 1.96700001e+00 1.96700001e+00
    1.96700001e+00 1.96700001e+00 1.96700001e+00 1.96700001e+00
    1.96200001e+00 1.93700004e+00 1.93599999e+00 0. 0. 0. 0. 0. 0. 0. 0.
    0. 0. 0. 0. 0. 0. 0. 0. 0. 0. 0. 0. 0. 0. 0. 0. 1.15199995e+00
    1.91100001e+00 1.92100000e+00 1.94500005e+00 1.96500003e+00
    1.94900000e+00 1.94200003e+00 1.95099998e+00 1.96700001e+00
    1.96700001e+00 1.96700001e+00 1.96700001e+00 1.95799994e+00
    1.94099998e+00 1.93599999e+00 1.93599999e+00 0. 0. 0. 0. 0. 0. 0. 0.
    0. 0. 0. 0. 0. 0. 0. 0. 0. 0. 0. 0. 0. 0. 0. 0. 0. 1.90499997e+00
    1.91499996e+00 1.93700004e+00 1.94700003e+00 1.93900001e+00
    1.93599999e+00 1.94000006e+00 1.95099998e+00 1.96599996e+00
    1.96700001e+00 1.96700001e+00 1.95599997e+00 1.93599999e+00
    1.93599999e+00 1.93599999e+00 0. 0. 0. 0. 0. 0. 0. 0. 0. 0. 0. 0. 0.
