<?xml version="1.0"?>
<opencv_storage>
<Depth type_id="opencv-matrix">
  <rows>40</rows>
  <cols>40</cols>
  <dt>f</dt>
  <data>
    0. 0. 0. 0. 0. 0. 0. 0. 0. 0. 0. 0. 0. 0. 0. 0. 0. 0. 0. 0. 0. 0. 0.
    0. 0. 0. 0. 0. 0. 0. 0. 0. 0. 0. 0. 0. 0. 0. 0. 0. 0. 0. 0. 0. 0. 0.
    0. 0. 0. 0. 0. 0. 0. 0. 2.72700000e+00 2.01399994e+00 2. 2. 2. 2. 2.
    2. 0. 0. 0. 0. 0. 0. 0. 0. 0. 0. 0. 0. 0. 0. 0. 0. 0. 0. 0. 0. 0. 0.
    0. 0. 0. 0. 0. 0. 0. 2.32699990e+00 2.30800009e+00 2.30500007e+00
    2.14100003e+00 2.01399994e+00 2. 2. 2. 2. 2. 2. 2.19199991e+00 0. 0.
    0. 0. 0. 0. 0. 0. 0. 0. 0. 0. 0. 0. 0. 0. 0. 0. 0. 0. 0. 0. 0. 0. 0.
    0. 0. 0. 2.00799990e+00 2.00099993e+00 2. 2.00500011e+00
    2.00399995e+00 2. 2. 2. 2. 2. 1.98500001e+00 1.98099995e+00
    2.85800004e+00 0. 0. 0. 0. 0. 0. 0. 0. 0. 0. 0. 0. 0. 0. 0. 0. 0. 0.
    0. 0. 0. 0. 0. 0. 0. 0. 0. 2. 2. 2. 2. 2. 2. 2. 2. 2. 2.
    1.96700001e+00 1.95799994e+00 2.86700010e+00 0. 0. 0. 0. 0. 0. 0. 0.
    0. 0. 0. 0. 0. 0. 0. 0. 0. 0. 0. 0. 0. 0. 0. 0. 0. 0. 0. 2. 2. 2. 2.
    2. 2. 2. 2. 2. 2. 1.95899999e+00 1.94700003e+00 2.87599993e+00 0. 0.
    0. 0. 0. 0. 0. 0. 0. 0. 0. 0. 0. 0. 0. 0. 0. 0. 0. 0. 0. 0. 0. 0. 0.
    0. 0. 2. 2. 2. 2. 2. 2. 2. 2. 2. 2. 1.96599996e+00 1.95599997e+00
    2.89299989e+00 0. 0. 0. 0. 0. 0. 0. 0. 0. 0. 0. 0. 0. 0. 0. 0. 0. 0.
    0. 0. 0. 0. 0. 0. 0. 0. 0. 2. 2. 2. 2. 2. 2. 1.99800003e+00
    1.99399996e+00 1.99399996e+00 1.99899995e+00 1.97899997e+00
    1.97300005e+00 2.69899988e+00 0. 0. 0. 0. 0. 0. 0. 0. 0. 0. 0. 0. 0.
    0. 0. 0. 0. 0. 0. 0. 0. 0. 0. 0. 0. 0. 0. 2. 2. 2. 2. 2. 2.
    1.99399996e+00 1.97300005e+00 1.97300005e+00 1.99699998e+00
    1.97899997e+00 1.97300005e+00 1.98800004e+00 2.70499992e+00 0. 0. 0.
    0. 0. 0. 0. 0. 0. 0. 0. 0. 0. 0. 0. 0. 0. 0. 0. 0. 0. 0. 0. 0. 0. 0.
    2. 2. 2. 2. 2. 2. 1.99399996e+00 1.97300005e+00 1.97300005e+00
    1.99699998e+00 1.97899997e+00 1.97300005e+00 1.98800004e+00
    2.70000005e+00 0. 0. 0. 0. 0. 0. 0. 0. 0. 0. 0. 0. 0. 0. 0. 0. 0. 0.
    0. 0. 0. 0. 0. 0. 0. 0. 2. 2. 2. 2. 2. 2. 1.99899995e+00
    1.99699998e+00 1.99699998e+00 2. 1.99800003e+00 1.99699998e+00
    1.98599994e+00 2.05399990e+00 2.62100005e+00 0. 0. 0. 0. 0. 0. 0. 0.
    0. 0. 0. 0. 0. 0. 0. 0. 0. 0. 0. 0. 0. 0. 0. 0. 0. 2. 2. 2. 2. 2. 2.
    2. 2. 2. 2. 2. 2. 1.98500001e+00 1.97300005e+00 2.49099994e+00 0. 0.
    0. 0. 0. 0. 0. 0. 0. 0. 0. 0. 0. 0. 0. 0. 0. 0. 0. 0. 0. 0. 0. 0. 0.
    2. 2. 2. 2. 2. 2. 2. 2. 2. 2. 2. 2. 1.98500001e+00 1.97300005e+00
    2.49099994e+00 0. 0. 0. 0. 0. 0. 0. 0. 0. 0. 0. 0. 0. 0. 0. 0. 0. 0.
    0. 0. 0. 0. 0. 0. 0. 2. 2. 2. 2. 2. 2.00500011e+00 2.01099992e+00 2.
    2. 2. 2. 2. 1.98500001e+00 1.96700001e+00 2.19799995e+00
    2.91700006e+00 0. 0. 0. 0. 0. 0. 0. 0. 0. 0. 0. 0. 0. 0. 0. 0. 0. 0.
    0. 0. 0. 0. 0. 0. 2. 2. 2. 2. 2. 2.00600004e+00 2.01200008e+00 2. 2.
    2. 2. 1.99300003e+00 1.98000002e+00 1.96200001e+00 1.94700003e+00
    2.27099991e+00 0. 0. 0. 0. 0. 0. 0. 0. 0. 0. 0. 0. 0. 0. 0. 0. 0. 0.
    0. 0. 0. 0. 0. 0. 2. 2. 2. 2. 2. 2. 2. 2. 2. 2. 2. 1.98199999e+00
    1.97300005e+00 1.96500003e+00 1.95500004e+00 2.27399993e+00 0. 0. 0.
    0. 0. 0. 0. 0. 0. 0. 0. 0. 0. 0. 0. 0. 0. 0. 0. 0. 0. 0. 0. 0.
    2.32699990e+00 2.06200004e+00 2.00099993e+00 2. 2. 2. 2. 2. 2.
    1.99500000e+00 1.99500000e+00 1.98099995e+00 1.97300005e+00
    1.97300005e+00 1.97300005e+00 2.28099990e+00 0. 0. 0. 0. 0. 0. 0. 0.
    0. 0. 0. 0. 0. 0. 0. 0. 0. 0. 0. 0. 0. 0. 0. 0. 0. 2.32599998e+00
    2.00699997e+00 2. 2. 1.99899995e+00 1.99800003e+00 1.99800003e+00 2.
    1.97599995e+00 1.97300005e+00 1.97300005e+00 1.97300005e+00
    1.97300005e+00 1.97300005e+00 2.28099990e+00 0. 0. 0. 0. 0. 0. 0. 0.
    0. 0. 0. 0. 0. 0. 0. 0. 0. 0. 0. 0. 0. 0. 0. 0. 0. 2.31699991e+00 2.
    2. 2. 1.99100006e+00 1.97399998e+00 1.97700000e+00 2. 1.97599995e+00
    1.97300005e+00 1.97300005e+00 1.97300005e+00 1.97300005e+00
    1.97300005e+00 2.28099990e+00 0. 0. 0. 0. 0. 0. 0. 0. 0. 0. 0. 0. 0.
    0. 0. 0. 0. 0. 0. 0. 0. 0. 0. 0. 0. 2.31599998e+00 1.98399997e+00
    1.97700000e+00 1.98800004e+00 1.99000001e+00 1.97300005e+00
    1.97399998e+00 1.97800004e+00 1.99399996e+00 1.99600005e+00
    1.99600005e+00 1.98300004e+00 1.97300005e+00 1.97300005e+00
    2.28099990e+00 0. 0. 0. 0. 0. 0. 0. 0. 0. 0. 0. 0. 0. 0. 0. 0. 0. 0.
    0. 0. 0. 0. 0. 0. 0. 2.27800012e+00 1.93799996e+00 1.95799994e+00
    1.98599994e+00 1.99000001e+00 1.97300005e+00 1.97300005e+00
    1.97300005e+00 1.99699998e+00 2. 2. 1.99600005e+00 1.98399997e+00
    1.97300005e+00 2.27200007e+00 0. 0. 0. 0. 0. 0. 0. 0. 0. 0. 0. 0. 0.
    0. 0. 0. 0. 0. 0. 0. 0. 0. 0. 0. 0. 2.23900008e+00 1.89100003e+00
    1.92999995e+00 1.97800004e+00 1.99600005e+00 1.98500001e+00
    1.97300005e+00 1.97300005e+00 1.99699998e+00 2. 2. 2. 1.98899996e+00
    1.97300005e+00 2.08999991e+00 2.66799998e+00 0. 0. 0. 0. 0. 0. 0. 0.
    0. 0. 0. 0. 0. 0. 0. 0. 0. 0. 0. 0. 0. 0. 0. 0. 2.21600008e+00
    1.87100005e+00 1.91600001e+00 1.97200000e+00 2. 1.99699998e+00
    1.98599994e+00 1.98599994e+00 1.99800003e+00 2. 2. 2. 1.98899996e+00
    1.97300005e+00 1.97300005e+00 2.08999991e+00 0. 0. 0. 0. 0. 0. 0. 0.
    0. 0. 0. 0. 0. 0. 0. 0. 0. 0. 0. 0. 0. 0. 0. 0. 2.79999995e+00
    2.58599997e+00 2.22000003e+00 1.98199999e+00 2. 2. 2. 2. 2. 2. 2. 2.
    1.98899996e+00 1.97300005e+00 1.97300005e+00 2.08800006e+00 0. 0. 0.
    0. 0. 0. 0. 0. 0. 0. 0. 0. 0. 0. 0. 0. 0. 0. 0. 0. 0. 0. 0. 0. 0. 0.
    2.73099995e+00 2. 2. 2. 1.99899995e+00 1.99300003e+00 1.99300003e+00
    1.99800003e+00 2. 2. 1.98899996e+00 1.96899998e+00 1.96000004e+00
    2.07299995e+00 0. 0. 0. 0. 0. 0. 0. 0. 0. 0. 0. 0. 0. 0. 0. 0. 0. 0.
    0. 0. 0. 0. 0. 0. 0. 0. 2.84100008e+00 2.11999989e+00 2.
    1.99899995e+00 1.99300003e+00 1.97300005e+00 1.97300005e+00
    1.99399996e+00 2. 2. 1.98899996e+00 1.95700002e+00 1.92100000e+00
    2.02200007e+00 0. 0. 0. 0. 0. 0. 0. 0. 0. 0. 0. 0. 0. 0. 0. 0. 0. 0.
    0. 0. 0. 0. 0. 0. 0. 0. 0. 2.87899995e+00 2. 1.99399996e+00
    1.97300005e+00 1.97300005e+00 1.97300005e+00 1.99300003e+00
    1.99899995e+00 1.99899995e+00 1.98800004e+00 1.95700002e+00
    1.92200005e+00 1.92499995e+00 1.97000003e+00 0. 0. 0. 0. 0. 0. 0. 0.
    0. 0. 0. 0. 0. 0. 0. 0. 0. 0. 0. 0. 0. 0. 0. 0. 0. 0. 2.87899995e+00
    2. 1.99399996e+00 1.97300005e+00 1.97300005e+00 1.97300005e+00
    1.97500002e+00 1.97599995e+00 1.97599995e+00 1.97500002e+00
    1.97099996e+00 1.96399999e+00 1.94500005e+00 1.94900000e+00 0. 0. 0.
    0. 0. 0. 0. 0. 0. 0. 0. 0. 0. 0. 0. 0. 0. 0. 0. 0. 0. 0. 0. 0. 0. 0.
    2.90599990e+00 2. 1.99399996e+00 1.97300005e+00 1.97300005e+00
    1.97300005e+00 1.97300005e+00 1.97300005e+00 1.97300005e+00
    1.97300005e+00 1.97300005e+00 1.96800005e+00 1.94700003e+00
    1.94700003e+00 0. 0. 0. 0. 0. 0. 0. 0. 0. 0. 0. 0. 0. 0. 0. 0. 0. 0.
    0. 0. 0. 0. 0. 0. 0. 0. 0. 2.74699998e+00 1.99399996e+00
    1.97300005e+00 1.97300005e+00 1.97300005e+00 1.97300005e+00
    1.97300005e+00 1.97300005e+00 1.97300005e+00 1.97300005e+00
    1.97099996e+00 1.96399999e+00 1.96399999e+00 0. 0. 0. 0. 0. 0. 0. 0.
    0. 0. 0. 0. 0. 0. 0. 0. 0. 0. 0. 0. 0. 0. 0. 0. 0. 0. 0. 0.
    1.99699998e+00 1.98800004e+00 1.98800004e+00 1.98800004e+00
    1.98800004e+00 1.98800004e+00 1.98000002e+00 1.97300005e+00
    1.97300005e+00 1.97300005e+00 1.97300005e+00 1.97300005e+00 0. 0. 0.
    0. 0. 0. 0. 0. 0. 0. 0. 0. 0. 0. 0. 0. 0. 0. 0. 0. 0. 0. 0. 0. 0. 0.
    0. 0. 2. 2. 2. 2. 1.99100006e+00 1.98800004e+00 1.98000002e+00
    1.97300005e+00 1.97300005e+00 1.97300005e+00 1.97200000e+00
    1.96200001e+00 0. 0. 0. 0. 0. 0. 0. 0. 0. 0. 0. 0. 0. 0. 0. 0. 0. 0.
    0. 0. 0. 0. 0. 0. 0. 0. 0. 0. 1.99100006e+00 1.99100006e+00
    1.99100006e+00 1.99100006e+00 1.97700000e+00 1.97300005e+00
    1.97300005e+00 1.97300005e+00 1.97300005e+00 1.97300005e+00
    1.97099996e+00 1.94000006e+00 0. 0. 0. 0. 0. 0. 0. 0. 0. 0. 0. 0. 0.
    0. 0. 0. 0. 0. 0. 0. 0. 0. 0. 0. 0. 0. 0. 0. 1.96800005e+00
    1.96800005e+00 1.97300005e+00 1.97300005e+00 1.97300005e+00
