<?xml version="1.0"?>
<opencv_storage>
<Depth type_id="opencv-matrix">
  <rows>40</rows>
  <cols>40</cols>
  <dt>f</dt>
  <data>
    0. 0. 0. 0. 0. 0. 0. 0. 0. 0. 0. 0. 0. 0. 0. 0. 0. 0. 0. 0. 0. 0. 0.
    0. 0. 0. 0. 0. 0. 0. 0. 0. 0. 0. 0. 0. 0. 0. 0. 0. 0. 0. 0. 0. 0. 0.
    0. 0. 0. 0. 0. 0. 0. 0. 0. 0. 0. 0. 0. 0. 0. 0. 0. 0. 0. 0. 0. 0. 0.
    0. 0. 0. 0. 0. 0. 0. 0. 0. 0. 0. 0. 0. 0. 0. 0. 0. 0. 0. 0. 0. 0. 0.
    0. 0. 0. 0. 0. 0. 0. 0. 0. 0. 0. 0. 0. 0. 0. 0. 0. 0. 0. 0. 0. 0. 0.
    0. 0. 0. 0. 0. 0. 0. 0. 0. 0. 0. 0. 0. 0. 0. 0. 0. 0. 0. 0. 0. 0. 0.
    2.05599999e+00 2.04900002e+00 2.76399994e+00 0. 0. 0. 0. 0. 0. 0. 0.
    0. 0. 0. 0. 0. 0. 0. 0. 0. 0. 0. 0. 0. 0. 0. 0. 0. 0. 0. 0. 0. 0. 0.
    2.19300008e+00 2.18600011e+00 0. 0. 0. 1.98899996e+00 2.05999994e+00
    2.04699993e+00 2.04099989e+00 2.03699994e+00 2.04299998e+00 0. 0. 0.
    0. 0. 0. 0. 0. 0. 0. 0. 0. 0. 0. 0. 0. 0. 0. 0. 0. 0. 0. 0.
    2.56699991e+00 2.30699992e+00 2.79999995e+00 2.23099995e+00
    2.22499990e+00 2.21199989e+00 2.19499993e+00 2.18600011e+00
    2.06299996e+00 1.69900000e+00 1.94799995e+00 2.03299999e+00
    2.03099990e+00 2.03299999e+00 2.03900003e+00 2.03699994e+00
    2.03699994e+00 2.00699997e+00 0. 0. 0. 0. 0. 0. 0. 0. 0. 0. 0. 0. 0.
    0. 0. 0. 0. 0. 0. 0. 0. 0. 2.54200006e+00 2.20900011e+00
    2.20400000e+00 2.20499992e+00 2.09800005e+00 2.07200003e+00
    2.05299997e+00 2.02800012e+00 2.01099992e+00 2.01099992e+00
    2.02200007e+00 2.02600002e+00 2.02600002e+00 2.03099990e+00
    2.03299999e+00 2.03299999e+00 2.03699994e+00 0. 0. 0. 0. 0. 0. 0. 0.
    0. 0. 0. 0. 0. 0. 0. 0. 0. 0. 0. 0. 0. 0. 0. 2.20600009e+00
    2.18899989e+00 2.16100001e+00 2.11599994e+00 2.09200001e+00
    2.05699992e+00 2.03699994e+00 2.01300001e+00 2.00999999e+00
    2.01500010e+00 2.01799989e+00 2.02200007e+00 2.02600002e+00
    2.02900004e+00 2.03299999e+00 2.03099990e+00 2.03699994e+00
    1.46500003e+00 2.27500010e+00 0. 0. 0. 0. 0. 0. 0. 0. 0. 0. 0. 0. 0.
    0. 0. 0. 0. 0. 0. 0. 0. 2.20400000e+00 2.18300009e+00 2.14400005e+00
    2.11599994e+00 2.08599997e+00 2.06399989e+00 2.03600001e+00
    2.01500010e+00 2.01099992e+00 2.01500010e+00 2.01600003e+00
    2.02099991e+00 2.02600002e+00 2.02900004e+00 2.02900004e+00
    2.02900004e+00 2.03299999e+00 2.03399992e+00 1.21000004e+00 0. 0. 0.
    0. 0. 0. 0. 0. 0. 0. 0. 0. 0. 0. 0. 0. 0. 0. 0. 0. 0. 2.21099997e+00
    2.18899989e+00 2.15400004e+00 2.12500000e+00 2.09299994e+00
    2.06900001e+00 2.04299998e+00 2.01600003e+00 2.01099992e+00
    2.01500010e+00 2.01600003e+00 2.01900005e+00 2.02200007e+00
    2.02600002e+00 2.02800012e+00 2.02900004e+00 2.02900004e+00
    2.03099990e+00 1.53299999e+00 0. 0. 0. 0. 0. 0. 0. 0. 0. 0. 0. 0. 0.
    0. 0. 0. 0. 0. 0. 0. 0. 2.21000004e+00 2.19300008e+00 2.16400003e+00
    2.12500000e+00 2.09800005e+00 2.07299995e+00 2.05100012e+00
    2.02300000e+00 2.01099992e+00 2.01500010e+00 2.01500010e+00
    2.01500010e+00 2.01799989e+00 2.02300000e+00 2.02600002e+00
    2.02900004e+00 2.02900004e+00 2.02900004e+00 2.03299999e+00 0. 0. 0.
    0. 0. 0. 0. 0. 0. 0. 0. 0. 0. 0. 0. 0. 0. 0. 0. 0. 0. 2.30699992e+00
    2.19600010e+00 2.16899991e+00 2.13400006e+00 2.11199999e+00
    2.07800007e+00 2.05500007e+00 2.02800012e+00 2.01099992e+00
    2.01500010e+00 2.01500010e+00 2.01500010e+00 2.01699996e+00
    2.01799989e+00 2.02200007e+00 2.02800012e+00 2.02900004e+00
    2.02999997e+00 2.03200006e+00 1.83299994e+00 0. 0. 0. 0. 0. 0. 0. 0.
    0. 0. 0. 0. 0. 0. 0. 0. 0. 0. 0. 0. 2.55399990e+00 2.20300007e+00
    2.18000007e+00 2.14100003e+00 2.11599994e+00 2.09599996e+00
    2.06299996e+00 2.03299999e+00 2.01500010e+00 2.01500010e+00
    2.01200008e+00 2.01500010e+00 2.01500010e+00 2.01799989e+00
    2.01900005e+00 2.02399993e+00 2.02600002e+00 2.02900004e+00
    2.02900004e+00 1.83200002e+00 0. 0. 0. 0. 0. 0. 0. 0. 0. 0. 0. 0. 0.
    0. 0. 0. 0. 0. 0. 0. 0. 2.20000005e+00 2.19000006e+00 2.16199994e+00
    2.11999989e+00 2.10100007e+00 2.06900001e+00 2.03900003e+00
    2.02099991e+00 2.01200008e+00 2.01099992e+00 2.01399994e+00
    2.01500010e+00 2.01500010e+00 2.01799989e+00 2.02200007e+00
    2.02600002e+00 2.02699995e+00 2.02900004e+00 2.02900004e+00 0. 0. 0.
    0. 0. 0. 0. 0. 0. 0. 0. 0. 0. 0. 0. 0. 0. 0. 0. 0. 0. 2.20799994e+00
    2.19499993e+00 2.17400002e+00 2.13800001e+00 2.10800004e+00
    2.07800007e+00 2.05599999e+00 2.02500010e+00 2.01200008e+00
    2.00799990e+00 2.00900006e+00 2.01099992e+00 2.01500010e+00
    2.01799989e+00 2.02200007e+00 2.02200007e+00 2.02399993e+00
    2.02900004e+00 2.02900004e+00 1.33200002e+00 0. 0. 0. 0. 0. 0. 0. 0.
    0. 0. 0. 0. 0. 0. 0. 0. 0. 0. 0. 0. 2.21499991e+00 2.19899988e+00
    2.18000007e+00 2.14899993e+00 2.11400008e+00 2.08800006e+00
    2.06599998e+00 2.03200006e+00 2.01699996e+00 2.00699997e+00
    2.00600004e+00 2.01099992e+00 2.01500010e+00 2.01500010e+00
    2.01799989e+00 2.02200007e+00 2.02200007e+00 2.02600002e+00
    2.02900004e+00 2.02900004e+00 0. 0. 0. 0. 0. 0. 0. 0. 0. 0. 0. 0. 0.
    0. 0. 0. 0. 0. 0. 0. 0. 2.20700002e+00 2.18499994e+00 2.15599990e+00
    2.11999989e+00 2.09800005e+00 2.07200003e+00 2.04200006e+00
    2.02099991e+00 2.00999999e+00 2.00799990e+00 2.01099992e+00
    2.01300001e+00 2.01500010e+00 2.01600003e+00 2.01799989e+00
    2.02500010e+00 2.02600002e+00 2.02600002e+00 2.02600002e+00 0. 0. 0.
    0. 0. 0. 0. 0. 0. 0. 0. 0. 0. 0. 0. 0. 0. 0. 0. 0. 0. 2.66300011e+00
    2.19099998e+00 2.16000009e+00 2.12700009e+00 2.10500002e+00
    2.07900000e+00 2.04999995e+00 2.02600002e+00 2.01099992e+00
    2.00799990e+00 2.01099992e+00 2.01099992e+00 2.01500010e+00
    2.01500010e+00 2.01799989e+00 2.02200007e+00 2.02300000e+00
    2.02300000e+00 2.02600002e+00 1.32299995e+00 0. 0. 0. 0. 0. 0. 0. 0.
    0. 0. 0. 0. 0. 0. 0. 0. 0. 0. 0. 0. 1.70000005e+00 2.20000005e+00
    2.16400003e+00 2.14000010e+00 2.11400008e+00 2.08299994e+00
    2.05800009e+00 2.03999996e+00 2.01600003e+00 2.00600004e+00
    2.00699997e+00 2.01099992e+00 2.01099992e+00 2.01399994e+00
    2.01500010e+00 2.01799989e+00 2.01900005e+00 2.01900005e+00
    2.02600002e+00 1.31799996e+00 0. 0. 0. 0. 0. 0. 0. 0. 0. 0. 0. 0. 0.
    0. 0. 0. 0. 0. 0. 0. 2.70900011e+00 2.20900011e+00 2.17100000e+00
    2.15300012e+00 2.12899995e+00 2.09100008e+00 2.06599998e+00
    2.04299998e+00 2.02099991e+00 2.00200009e+00 2. 2.00600004e+00
    2.01099992e+00 2.01099992e+00 2.01399994e+00 2.01699996e+00
    2.01699996e+00 2.01900005e+00 2.02300000e+00 1.07099998e+00 0. 0. 0.
    0. 0. 0. 0. 0. 0. 0. 0. 0. 0. 0. 0. 0. 0. 0. 0. 0. 0. 2.20499992e+00
    2.18199992e+00 2.15799999e+00 2.13100004e+00 2.09299994e+00
    2.07100010e+00 2.04800010e+00 2.02699995e+00 2.00200009e+00 2.
    2.00600004e+00 2.01099992e+00 2.01099992e+00 2.01300001e+00
    2.01500010e+00 2.01500010e+00 2.01699996e+00 2.01900005e+00
    1.97099996e+00 1.43799996e+00 0. 0. 0. 0. 0. 0. 0. 0. 0. 0. 0. 0. 0.
    0. 0. 0. 0. 0. 0. 0. 0. 2.19899988e+00 2.16799998e+00 2.13700008e+00
    2.11400008e+00 2.07699990e+00 2.05100012e+00 2.03500009e+00
    2.00500011e+00 2. 2.00300002e+00 2.00799990e+00 2.00799990e+00
    2.01099992e+00 2.01500010e+00 2.01500010e+00 2.01500010e+00
    2.01999998e+00 2.02200007e+00 0. 1.85500002e+00 0. 0. 0. 0. 0. 0. 0.
    0. 0. 0. 0. 0. 0. 0. 0. 0. 0. 0. 0. 0. 2.21300006e+00 2.17700005e+00
    2.15400004e+00 2.11999989e+00 2.08599997e+00 2.05999994e+00
    2.03999996e+00 2.01500010e+00 2. 2. 2.00699997e+00 2.00799990e+00
    2.01099992e+00 2.01200008e+00 2.01500010e+00 2.01500010e+00
    2.01699996e+00 2.02200007e+00 1.55400002e+00 0. 0. 0. 0. 0. 0. 0. 0.
    0. 0. 0. 0. 0. 0. 0. 0. 0. 0. 0. 0. 0. 2.21499991e+00 2.18300009e+00
    2.16000009e+00 2.13100004e+00 2.10599995e+00 2.07200003e+00
    2.04900002e+00 2.02900004e+00 2.00399995e+00 1.99899995e+00 2.
    2.00500011e+00 2.00900006e+00 2.00999999e+00 2.01200008e+00
    2.01500010e+00 2.01500010e+00 2.01999998e+00 1.80400002e+00 0. 0. 0.
    0. 0. 0. 0. 0. 0. 0. 0. 0. 0. 0. 0. 0. 0. 0. 0. 0. 0. 1.64100003e+00
