<?xml version="1.0"?>
<opencv_storage>
<Depth type_id="opencv-matrix">
  <rows>40</rows>
  <cols>40</cols>
  <dt>f</dt>
  <data>
    0. 0. 0. 0. 0. 0. 0. 0. 0. 0. 0. 0. 0. 0. 0. 0. 0. 0. 0. 0. 0. 0. 0.
    0. 0. 0. 0. 0. 0. 0. 0. 0. 0. 0. 0. 0. 0. 0. 0. 0. 0. 0. 0. 0. 0. 0.
    0. 0. 0. 0. 0. 0. 0. 0. 0. 0. 0. 0. 0. 0. 0. 0. 0. 0. 0. 0. 0. 0. 0.
    0. 0. 0. 0. 0. 0. 0. 0. 0. 0. 0. 0. 0. 0. 0. 0. 0. 0. 0. 0. 0. 0. 0.
    0. 0. 0. 0. 0. 0. 0. 0. 0. 0. 0. 0. 0. 0. 0. 0. 0. 0. 0. 0. 0. 0. 0.
    0. 0. 0. 0. 0. 0. 0. 0. 0. 0. 0. 0. 0. 0. 0. 0. 0. 0. 0. 0. 0. 0. 0.
    0. 0. 0. 0. 0. 0. 0. 0. 0. 0. 0. 0. 0. 0. 0. 0. 0. 0. 0. 0. 0. 0. 0.
    0. 0. 0. 0. 0. 0. 0. 0. 0. 0. 0. 0. 0. 0. 0. 0. 0. 0. 0. 0. 0. 0. 0.
    0. 0. 0. 0. 0. 0. 0. 0. 0. 0. 0. 0. 0. 0. 0. 0. 0. 0. 0. 0. 0. 0. 0.
    0. 0. 0. 0. 0. 0. 0. 0. 0. 0. 0. 0. 0. 0. 0. 0. 0. 0. 0. 0. 0. 0. 0.
    0. 0. 0. 0. 0. 0. 0. 0. 0. 0. 0. 0. 0. 0. 0. 0. 0. 0. 0. 0. 0. 0. 0.
    0. 0. 0. 0. 0. 0. 0. 0. 0. 0. 0. 0. 0. 0. 0. 0. 0. 0. 0. 0. 0. 0. 0.
    0. 0. 0. 0. 0. 0. 0. 0. 0. 0. 0. 0. 0. 0. 0. 0. 0. 0. 0. 0. 0. 0. 0.
    0. 0. 0. 0. 0. 0. 0. 0. 0. 0. 0. 0. 0. 0. 0. 0. 0. 0. 0. 0. 0. 0. 0.
    0. 0. 0. 0. 0. 0. 0. 0. 0. 0. 0. 0. 0. 0. 0. 0. 0. 0. 0. 0. 0. 0. 0.
    0. 0. 0. 0. 0. 0. 0. 0. 0. 0. 0. 0. 0. 0. 0. 0. 0. 0. 0. 0. 0. 0. 0.
    0. 0. 0. 0. 0. 0. 0. 0. 0. 0. 0. 0. 0. 0. 0. 0. 0. 0. 0. 0. 0. 0. 0.
    0. 0. 0. 0. 0. 0. 0. 0. 0. 0. 0. 0. 0. 0. 0. 0. 0. 0. 0. 0. 0. 0. 0.
    0. 0. 0. 0. 0. 0. 0. 0. 0. 0. 0. 0. 0. 0. 0. 0. 0. 0. 0. 0. 0. 0. 0.
    0. 0. 0. 0. 0. 0. 0. 0. 0. 0. 0. 0. 0. 0. 0. 0. 0. 0. 0. 0. 0. 0. 0.
    0. 0. 0. 0. 0. 0. 0. 0. 0. 0. 0. 0. 0. 0. 0. 0. 0. 0. 0. 0. 0. 0. 0.
    0. 0. 0. 0. 0. 0. 0. 0. 0. 0. 0. 0. 0. 0. 0. 0. 0. 0. 0. 0. 0. 0. 0.
    0. 0. 0. 0. 0. 0. 0. 0. 0. 0. 0. 0. 0. 0. 0. 0. 0. 1.89499998e+00
    1.91700006e+00 1.94599998e+00 1.94599998e+00 1.94599998e+00
    1.94599998e+00 1.94599998e+00 1.94599998e+00 1.94599998e+00
    1.92400002e+00 1.89199996e+00 1.86000001e+00 1.84399998e+00
    1.84399998e+00 1.87199998e+00 1.90400004e+00 1.93599999e+00
    1.94599998e+00 1.94599998e+00 1.94599998e+00 1.94599998e+00
    1.94599998e+00 1.97599995e+00 2. 2. 2. 2. 2. 2.20400000e+00
    2.63400006e+00 2.31299996e+00 2. 2. 2. 0. 0. 0. 0. 0. 0.
    1.89499998e+00 1.91700006e+00 1.94599998e+00 1.94599998e+00
    1.94599998e+00 1.94599998e+00 1.94599998e+00 1.94599998e+00
    1.94599998e+00 1.92400002e+00 1.89300001e+00 1.87500000e+00
    1.86600006e+00 1.86600006e+00 1.88199997e+00 1.90400004e+00
    1.93599999e+00 1.94599998e+00 1.94599998e+00 1.94599998e+00
    1.94599998e+00 1.94599998e+00 1.97599995e+00 2. 2. 2. 2. 2.
    2.11500001e+00 2.35700011e+00 2.17600012e+00 2. 2. 2. 0. 0. 0. 0. 0.
    0. 1.89800000e+00 1.91900003e+00 1.94599998e+00 1.94599998e+00
    1.94599998e+00 1.94599998e+00 1.94400001e+00 1.94299996e+00
    1.94299996e+00 1.92400002e+00 1.89800000e+00 1.89800000e+00
    1.89800000e+00 1.89800000e+00 1.89800000e+00 1.90699995e+00
    1.93700004e+00 1.94599998e+00 1.94599998e+00 1.94599998e+00
    1.94599998e+00 1.94599998e+00 1.97599995e+00 2. 2. 2. 2. 2. 2. 2. 2.
    2. 2. 2. 0. 0. 0. 0. 0. 0. 1.92999995e+00 1.93700004e+00
    1.94599998e+00 1.94599998e+00 1.94599998e+00 1.94599998e+00
    1.92600000e+00 1.91100001e+00 1.91100001e+00 1.91900003e+00
    1.92999995e+00 1.92999995e+00 1.92999995e+00 1.92999995e+00
    1.92999995e+00 1.93299997e+00 1.94299996e+00 1.94599998e+00
    1.94599998e+00 1.94599998e+00 1.94599998e+00 1.94599998e+00
    1.97599995e+00 2. 2. 2. 2. 2. 2. 2. 2. 2. 2. 2. 0. 0. 0. 0. 0. 0.
    1.94599998e+00 1.94599998e+00 1.94599998e+00 1.94599998e+00
    1.94599998e+00 1.94599998e+00 1.91700006e+00 1.89499998e+00
    1.89499998e+00 1.91700006e+00 1.94599998e+00 1.94599998e+00
    1.94599998e+00 1.94599998e+00 1.95500004e+00 1.96000004e+00
    1.94900000e+00 1.94599998e+00 1.94599998e+00 1.94599998e+00
    1.95099998e+00 1.96099997e+00 1.98300004e+00 1.99699998e+00
    1.98699999e+00 1.98300004e+00 1.98399997e+00 1.99500000e+00 2. 2. 2.
    2. 2. 2. 0. 0. 0. 0. 0. 0. 1.94599998e+00 1.94599998e+00
    1.94599998e+00 1.94599998e+00 1.94599998e+00 1.94599998e+00
    1.91700006e+00 1.89499998e+00 1.89499998e+00 1.91700006e+00
    1.94599998e+00 1.94599998e+00 1.94599998e+00 1.94599998e+00
    1.97399998e+00 1.98699999e+00 1.95599997e+00 1.94599998e+00
    1.94599998e+00 1.94599998e+00 1.96099997e+00 1.99300003e+00
    1.99800003e+00 1.99100006e+00 1.96000004e+00 1.95000005e+00
    1.95200002e+00 1.98300004e+00 2. 2. 2. 2. 2. 2. 0. 0. 0. 0. 0. 0.
    1.94599998e+00 1.94599998e+00 1.94400001e+00 1.92600000e+00
    1.91700006e+00 1.91700006e+00 1.90499997e+00 1.89499998e+00
    1.89499998e+00 1.91700006e+00 1.94599998e+00 1.94599998e+00
    1.94599998e+00 1.94599998e+00 1.97599995e+00 1.99600005e+00
    1.98099995e+00 1.97599995e+00 1.97599995e+00 1.97599995e+00
    1.98300004e+00 1.99800003e+00 2. 1.99100006e+00 1.95700002e+00
    1.94599998e+00 1.94900000e+00 1.98199999e+00 2. 2. 2. 2. 2. 2. 0. 0.
    0. 0. 0. 0. 1.94599998e+00 1.94599998e+00 1.94299996e+00
    1.91100001e+00 1.89499998e+00 1.89499998e+00 1.89999998e+00
    1.90400004e+00 1.90400004e+00 1.92200005e+00 1.94599998e+00
    1.94599998e+00 1.94599998e+00 1.94599998e+00 1.97599995e+00 2. 2. 2.
    2. 2. 2. 2. 2. 1.99199998e+00 1.96500003e+00 1.95599997e+00
    1.95799994e+00 1.98599994e+00 2. 2. 2. 2. 2. 2. 0. 0. 0. 0. 0. 0.
    1.94599998e+00 1.94599998e+00 1.94299996e+00 1.91100001e+00
    1.89499998e+00 1.89499998e+00 1.91799998e+00 1.93599999e+00
    1.93599999e+00 1.94000006e+00 1.94599998e+00 1.94599998e+00
    1.94599998e+00 1.94599998e+00 1.97599995e+00 2. 2. 2. 2. 2. 2. 2. 2.
    1.99800003e+00 1.99199998e+00 1.99000001e+00 1.99000001e+00
    1.99699998e+00 2. 2. 2. 2. 2. 2. 0. 0. 0. 0. 0. 0. 0. 0.
    1.96599996e+00 1.93299997e+00 1.91700006e+00 1.91700006e+00
    1.93299997e+00 1.94599998e+00 1.94599998e+00 1.94599998e+00
    1.94599998e+00 1.94599998e+00 1.94599998e+00 1.94599998e+00
    1.96300006e+00 1.97700000e+00 1.97700000e+00 1.98699999e+00 2. 2. 2.
    2. 2. 2. 2. 2. 2. 2. 2.00699997e+00 2.02200007e+00 2.02300000e+00
    2.01900005e+00 2.00500011e+00 2. 0. 0. 0. 0. 0. 0. 0. 0.
    1.99699998e+00 1.96500003e+00 1.94900000e+00 1.94900000e+00
    1.94900000e+00 1.94900000e+00 1.94700003e+00 1.94599998e+00
    1.94599998e+00 1.94599998e+00 1.94599998e+00 1.94599998e+00
    1.94599998e+00 1.94599998e+00 1.94599998e+00 1.96899998e+00 2. 2. 2.
    2. 2. 2.00699997e+00 2.03099990e+00 2.03900003e+00 2.03900003e+00
    2.03900003e+00 2.05500007e+00 2.08999991e+00 2.09200001e+00
    2.08100009e+00 2.04900002e+00 2.03900003e+00 0. 0. 0. 0. 0. 0. 0. 0.
    1.99899995e+00 1.98800004e+00 1.98300004e+00 1.98300004e+00
    1.98300004e+00 1.97599995e+00 1.95299995e+00 1.94599998e+00
    1.94599998e+00 1.94599998e+00 1.94599998e+00 1.94599998e+00
    1.94599998e+00 1.94599998e+00 1.94599998e+00 1.96899998e+00 2. 2. 2.
    2. 2. 2.08200002e+00 2.37400007e+00 2.46900010e+00 2.46900010e+00
    2.46900010e+00 2.48799992e+00 2.52999997e+00 2.50799990e+00
    2.48300004e+00 2.47199988e+00 2.46900010e+00 0. 0. 0. 0. 0. 0. 0. 0.
    2. 2. 2. 2. 2. 1.99000001e+00 1.95599997e+00 1.94599998e+00
    1.94599998e+00 1.94599998e+00 1.94599998e+00 1.94599998e+00
    1.94599998e+00 1.94599998e+00 1.94599998e+00 1.96899998e+00 2. 2. 2.
    2. 2. 2.11999989e+00 2.54999995e+00 2.68799996e+00 2.68799996e+00
    2.68799996e+00 2.71000004e+00 2.75500011e+00 2.72099996e+00
    2.68799996e+00 2.68799996e+00 2.68799996e+00 0. 0. 0. 0. 0. 0. 0. 0.
    0. 0. 0. 0. 0. 0. 0. 0. 0. 0. 0. 0. 0. 0. 0. 0. 0. 0. 0. 0. 0. 0. 0.
    0. 0. 0. 0. 0. 0. 0. 0. 0. 0. 0. 0. 0. 0. 0. 0. 0. 0. 0. 0. 0. 0. 0.
    0. 0. 0. 0. 0. 0. 0. 0. 0. 0. 0. 0. 0. 0. 0. 0. 0. 0. 0. 0. 0. 0. 0.
    0. 0. 0. 0. 0. 0. 0. 0. 0. 0. 0. 0. 0. 0. 0. 0. 0. 0. 0. 0. 0. 0. 0.
    0. 0. 0. 0. 0. 0. 0. 0. 0. 0. 0. 0. 0. 0. 0. 0. 0. 0. 0. 0. 0. 0. 0.
    0. 0. 0. 0. 0. 0. 0. 0. 0. 0. 0. 0. 0. 0. 0. 0. 0. 0. 0. 0. 0. 0. 0.
