<?xml version="1.0"?>
<opencv_storage>
<Depth type_id="opencv-matrix">
  <rows>40</rows>
  <cols>40</cols>
  <dt>f</dt>
  <data>
    0. 0. 0. 0. 0. 0. 0. 0. 0. 0. 0. 0. 0. 0. 0. 0. 0. 0. 0. 0. 0. 0. 0.
    0. 0. 0. 0. 0. 0. 0. 0. 0. 0. 0. 0. 0. 0. 0. 0. 0. 0. 0. 0. 0. 0. 0.
    0. 0. 0. 0. 0. 0. 0. 0. 0. 0. 0. 0. 0. 0. 0. 0. 0. 0. 0. 0. 0. 0. 0.
    0. 0. 0. 0. 0. 0. 0. 0. 0. 0. 0. 0. 0. 0. 0. 0. 0. 0. 0. 0. 0. 0. 0.
    0. 0. 0. 0. 0. 0. 0. 0. 0. 0. 0. 0. 0. 0. 0. 0. 0. 0. 0. 0. 0. 0. 0.
    0. 0. 0. 0. 0. 0. 0. 0. 0. 0. 0. 0. 0. 0. 0. 0. 0. 0. 0. 0. 0. 0. 0.
    0. 0. 0. 0. 0. 0. 0. 0. 0. 0. 0. 0. 0. 0. 0. 0. 0. 0. 0. 0. 0. 0. 0.
    0. 0. 0. 0. 0. 0. 0. 0. 0. 0. 0. 0. 0. 0. 0. 0. 0. 0. 0. 0. 0. 0. 0.
    0. 0. 0. 0. 0. 0. 0. 0. 0. 0. 0. 0. 0. 0. 0. 0. 0. 0. 0. 0. 0. 0. 0.
    0. 0. 0. 0. 0. 0. 0. 0. 0. 0. 0. 0. 0. 0. 0. 0. 0. 0. 0. 0. 0. 0. 0.
    0. 0. 0. 0. 0. 0. 0. 0. 0. 0. 0. 0. 0. 0. 0. 0. 0. 0. 0. 0. 0. 0. 0.
    0. 0. 0. 0. 0. 0. 0. 0. 0. 0. 0. 0. 0. 0. 0. 0. 0. 0. 0. 0. 0. 0. 0.
    0. 0. 0. 0. 0. 0. 0. 0. 0. 0. 0. 0. 0. 0. 0. 0. 0. 0. 0. 0. 0. 0. 0.
    0. 0. 0. 0. 0. 0. 0. 0. 0. 0. 0. 0. 0. 0. 0. 0. 0. 0. 0. 0. 0. 0. 0.
    0. 0. 0. 0. 0. 0. 0. 0. 0. 0. 0. 0. 0. 0. 0. 0. 0. 0. 0. 0. 0. 0. 0.
    0. 0. 0. 0. 0. 0. 0. 0. 0. 0. 0. 0. 0. 0. 0. 0. 0. 0. 0. 0. 0. 0. 0.
    2.87800002e+00 2.84500003e+00 2.79500008e+00 2.79200006e+00
    2.79200006e+00 2.79200006e+00 2.79200006e+00 2.79200006e+00
    2.79200006e+00 2.79200006e+00 2.79200006e+00 2.79200006e+00
    2.79200006e+00 2.72600007e+00 2.63000011e+00 2.34100008e+00
    2.11599994e+00 2.07900000e+00 2.04200006e+00 2.00500011e+00 2.
    1.99500000e+00 1.96000004e+00 1.94000006e+00 0. 0. 0. 0. 0. 0. 0. 0.
    0. 0. 0. 0. 0. 0. 0. 0. 2.84500003e+00 2.82500005e+00 2.79399991e+00
    2.79200006e+00 2.79200006e+00 2.79200006e+00 2.78200006e+00
    2.76399994e+00 2.76099992e+00 2.76099992e+00 2.76099992e+00
    2.73399997e+00 2.66599989e+00 2.56100011e+00 2.44099998e+00
    2.24600005e+00 2.09599996e+00 2.07299995e+00 2.04200006e+00
    2.00500011e+00 2. 1.99500000e+00 1.96000004e+00 1.94000006e+00 0. 0.
    0. 0. 0. 0. 0. 0. 0. 0. 0. 0. 0. 0. 0. 0. 2.79500008e+00
    2.79399991e+00 2.79200006e+00 2.79200006e+00 2.79200006e+00
    2.79200006e+00 2.76799989e+00 2.72099996e+00 2.71199989e+00
    2.71199989e+00 2.71199989e+00 2.64299989e+00 2.47000003e+00
    2.30599999e+00 2.14800000e+00 2.09899998e+00 2.06500006e+00
    2.06399989e+00 2.04200006e+00 2.00500011e+00 2. 1.99500000e+00
    1.96000004e+00 1.94000006e+00 0. 0. 0. 0. 0. 0. 0. 0. 0. 0. 0. 0. 0.
    0. 0. 0. 2.79200006e+00 2.79200006e+00 2.79200006e+00 2.76699996e+00
    2.74600005e+00 2.74600005e+00 2.72199988e+00 2.67400002e+00
    2.66499996e+00 2.64800000e+00 2.48699999e+00 2.35700011e+00
    2.27600002e+00 2.18600011e+00 2.09299994e+00 2.07500005e+00
    2.06299996e+00 2.06299996e+00 2.04200006e+00 2.00500011e+00 2.
    1.99800003e+00 1.98199999e+00 1.97300005e+00 0. 0. 0. 0. 0. 0. 0. 0.
    0. 0. 0. 0. 0. 0. 0. 0. 2.80399990e+00 2.79900002e+00 2.79200006e+00
    2.74600005e+00 2.70799994e+00 2.70099998e+00 2.67400002e+00
    2.62599993e+00 2.58699989e+00 2.52600002e+00 2.27099991e+00
    2.11800003e+00 2.11800003e+00 2.09599996e+00 2.06399989e+00
    2.06299996e+00 2.06200004e+00 2.05699992e+00 2.03699994e+00
    2.00500011e+00 2. 2. 2. 2. 0. 0. 0. 0. 0. 0. 0. 0. 0. 0. 0. 0. 0. 0.
    0. 0. 2.85400009e+00 2.82999992e+00 2.79399991e+00 2.74600005e+00
    2.70099998e+00 2.66700006e+00 2.62700009e+00 2.58100009e+00
    2.40499997e+00 2.21300006e+00 2.13100004e+00 2.08100009e+00
    2.08100009e+00 2.07399988e+00 2.06299996e+00 2.06299996e+00
    2.05599999e+00 2.02900004e+00 2.01200008e+00 2.00200009e+00 2. 2. 2.
    2. 0. 0. 0. 0. 0. 0. 0. 0. 0. 0. 0. 0. 0. 0. 0. 0. 2.87800002e+00
    2.84500003e+00 2.79500008e+00 2.74600005e+00 2.69499993e+00
    2.63400006e+00 2.55399990e+00 2.45900011e+00 2.26099992e+00
    2.06299996e+00 2.06299996e+00 2.06299996e+00 2.06299996e+00
    2.06299996e+00 2.06299996e+00 2.06299996e+00 2.05299997e+00
    2.01600003e+00 2. 2. 2. 2. 2. 2. 0. 0. 0. 0. 0. 0. 0. 0. 0. 0. 0. 0.
    0. 0. 0. 0. 2.87800002e+00 2.84500003e+00 2.79500008e+00
    2.74600005e+00 2.68899989e+00 2.60100007e+00 2.45900011e+00
    2.26699996e+00 2.15100002e+00 2.06299996e+00 2.06299996e+00
    2.06299996e+00 2.06299996e+00 2.06299996e+00 2.06299996e+00
    2.06299996e+00 2.05299997e+00 2.01600003e+00 2. 2. 2. 2. 2. 2. 0. 0.
    0. 0. 0. 0. 0. 0. 0. 0. 0. 0. 0. 0. 0. 0. 2.83699989e+00
    2.80500007e+00 2.75600004e+00 2.68700004e+00 2.60800004e+00
    2.49799991e+00 2.35800004e+00 2.19199991e+00 2.11400008e+00
    2.06299996e+00 2.06299996e+00 2.05599999e+00 2.03900003e+00
    2.03299999e+00 2.03299999e+00 2.04999995e+00 2.05299997e+00
    2.01600003e+00 2. 2. 2. 2. 2. 2. 0. 0. 0. 0. 0. 0. 0. 0. 0. 0. 0. 0.
    0. 0. 0. 0. 2.78699994e+00 2.74900007e+00 2.69000006e+00
    2.59699988e+00 2.49600005e+00 2.37199998e+00 2.25500011e+00
    2.14299989e+00 2.09400010e+00 2.06299996e+00 2.06299996e+00
    2.04800010e+00 2.01200008e+00 2. 2. 2.03600001e+00 2.05299997e+00
    2.01600003e+00 2. 2. 2. 2. 2. 2. 0. 0. 0. 0. 0. 0. 0. 0. 0. 0. 0. 0.
    0. 0. 0. 0. 2.73799992e+00 2.63400006e+00 2.47399998e+00
    2.36100006e+00 2.25999999e+00 2.19099998e+00 2.13499999e+00
    2.09299994e+00 2.07500005e+00 2.06299996e+00 2.06299996e+00
    2.04800010e+00 2.01200008e+00 2. 2. 2.03600001e+00 2.05299997e+00
    2.01600003e+00 2. 2. 2. 2. 2. 2. 0. 0. 0. 0. 0. 0. 0. 0. 0. 0. 0. 0.
    0. 0. 0. 0. 2.63800001e+00 2.50900006e+00 2.30999994e+00
    2.19499993e+00 2.10500002e+00 2.07699990e+00 2.06299996e+00
    2.06299996e+00 2.06299996e+00 2.06299996e+00 2.06299996e+00
    2.04800010e+00 2.01200008e+00 2. 2. 2.03600001e+00 2.05500007e+00
    2.02699995e+00 2.01500010e+00 2.01500010e+00 2.00699997e+00 2. 2. 2.
    0. 0. 0. 0. 0. 0. 0. 0. 0. 0. 0. 0. 0. 0. 0. 0. 2.45700002e+00
    2.36700010e+00 2.22600007e+00 2.13899994e+00 2.07299995e+00
    2.06599998e+00 2.06299996e+00 2.06299996e+00 2.06299996e+00
    2.06299996e+00 2.06299996e+00 2.04800010e+00 2.01200008e+00 2. 2.
    2.03600001e+00 2.06100011e+00 2.05399990e+00 2.05100012e+00
    2.05100012e+00 2.02600002e+00 2. 2. 2. 0. 0. 0. 0. 0. 0. 0. 0. 0. 0.
    0. 0. 0. 0. 0. 0. 2.26500010e+00 2.21799994e+00 2.14499998e+00
    2.08400011e+00 2.03800011e+00 2.03800011e+00 2.04500008e+00
    2.05999994e+00 2.06299996e+00 2.06299996e+00 2.06299996e+00
    2.05399990e+00 2.03200006e+00 2.01500010e+00 2. 2.02200007e+00
    2.04200006e+00 2.05599999e+00 2.06299996e+00 2.06299996e+00
    2.04399991e+00 2.02500010e+00 2.02500010e+00 2.02500010e+00 0. 0. 0.
    0. 0. 0. 0. 0. 0. 0. 0. 0. 0. 0. 0. 0. 2.06699991e+00 2.06599998e+00
    2.06500006e+00 2.02999997e+00 2.00099993e+00 2.00099993e+00
    2.01999998e+00 2.05599999e+00 2.06299996e+00 2.06299996e+00
    2.06299996e+00 2.06299996e+00 2.06200004e+00 2.03699994e+00
    2.00099993e+00 2. 2.01099992e+00 2.04699993e+00 2.06299996e+00
    2.06299996e+00 2.06299996e+00 2.06200004e+00 2.06200004e+00
    2.06200004e+00 0. 0. 0. 0. 0. 0. 0. 0. 0. 0. 0. 0. 0. 0. 0. 0.
    2.06299996e+00 2.06299996e+00 2.06299996e+00 2.02800012e+00 2. 2.
    2.00799990e+00 2.02399993e+00 2.02699995e+00 2.02699995e+00
    2.02699995e+00 2.02699995e+00 2.02699995e+00 2.01600003e+00 2. 2.
    2.00399995e+00 2.01999998e+00 2.13000011e+00 2.31500006e+00
    2.34200001e+00 2.34200001e+00 2.34200001e+00 2.34200001e+00 0. 0. 0.
    0. 0. 0. 0. 0. 0. 0. 0. 0. 0. 0. 0. 0. 2.05299997e+00 2.05299997e+00
    2.05299997e+00 2.02900004e+00 2.00999999e+00 2.00999999e+00
    2.00699997e+00 2.00099993e+00 2. 2. 2. 2. 2. 2. 2. 2. 2.01200008e+00
    2.05599999e+00 2.22700000e+00 2.49799991e+00 2.54399991e+00
    2.54999995e+00 2.54999995e+00 2.54999995e+00 0. 0. 0. 0. 0. 0. 0. 0.
    0. 0. 0. 0. 0. 0. 0. 0. 2.01600003e+00 2.01600003e+00 2.01600003e+00
    2.03299999e+00 2.04699993e+00 2.04699993e+00 2.03299999e+00
    2.00500011e+00 2. 2. 2. 2. 2. 2. 2. 2. 2.05599999e+00 2.26200008e+00
