<?xml version="1.0"?>
<opencv_storage>
<Depth type_id="opencv-matrix">
  <rows>40</rows>
  <cols>40</cols>
  <dt>f</dt>
  <data>
    0. 0. 0. 0. 0. 0. 0. 0. 0. 0. 0. 0. 0. 0. 0. 0. 0. 0. 0. 0. 0. 0. 0.
    0. 0. 0. 0. 0. 0. 0. 0. 0. 0. 0. 0. 0. 0. 0. 0. 0. 0. 0. 0. 0. 0. 0.
    0. 0. 0. 0. 0. 0. 0. 0. 0. 0. 0. 0. 0. 0. 0. 0. 0. 0. 0. 0. 0. 0. 0.
    0. 0. 0. 0. 0. 0. 0. 0. 0. 0. 0. 0. 0. 0. 0. 0. 0. 0. 0. 0. 0. 0. 0.
    0. 0. 0. 0. 0. 0. 0. 0. 0. 0. 0. 0. 0. 0. 0. 0. 0. 0. 0. 0. 0. 0. 0.
    0. 0. 0. 0. 0. 0. 0. 0. 0. 0. 0. 0. 0. 0. 0. 0. 0. 0. 0. 0. 0. 0. 0.
    0. 0. 0. 0. 0. 0. 0. 0. 0. 0. 0. 0. 0. 0. 0. 0. 0. 0. 0. 0. 0. 0. 0.
    0. 0. 0. 0. 0. 0. 0. 0. 0. 0. 0. 0. 0. 0. 0. 0. 0. 0. 0. 0. 0. 0. 0.
    0. 0. 0. 0. 0. 0. 0. 0. 0. 0. 0. 0. 0. 0. 0. 0. 0. 0. 0. 0. 0. 0. 0.
    0. 0. 0. 0. 0. 0. 0. 0. 0. 0. 0. 0. 0. 0. 0. 0. 0. 0. 0. 0. 0. 0. 0.
    0. 0. 0. 0. 0. 0. 0. 0. 0. 0. 0. 0. 0. 0. 0. 0. 0. 0. 0. 0. 0. 0. 0.
    0. 0. 0. 0. 0. 0. 0. 0. 0. 0. 0. 0. 0. 0. 0. 0. 0. 0. 0. 0. 0. 0. 0.
    0. 0. 0. 0. 0. 0. 0. 0. 0. 0. 0. 0. 0. 0. 0. 0. 0. 0. 0. 0. 0. 0. 0.
    0. 0. 0. 0. 0. 0. 0. 0. 0. 0. 0. 0. 0. 0. 0. 0. 0. 0. 0. 0. 0. 0. 0.
    0. 0. 0. 0. 0. 0. 0. 0. 0. 0. 0. 0. 0. 0. 0. 0. 0. 0. 0. 0. 0. 0. 0.
    0. 0. 0. 0. 0. 0. 0. 0. 0. 0. 0. 0. 0. 0. 0. 0. 0. 0. 0. 0. 0. 0. 0.
    0. 0. 2.19300008e+00 2.19300008e+00 2.19300008e+00 2.19300008e+00
    2.19300008e+00 2.19300008e+00 2.19300008e+00 2.19300008e+00
    2.19300008e+00 2.19300008e+00 2.19300008e+00 2.19300008e+00
    2.10500002e+00 0. 0. 0. 0. 0. 0. 0. 0. 0. 0. 0. 0. 0. 0. 0. 0. 0. 0.
    0. 0. 0. 0. 0. 0. 0. 0. 0. 2.19300008e+00 2.19300008e+00
    2.19300008e+00 2.19300008e+00 2.19300008e+00 2.19300008e+00
    2.19300008e+00 2.19300008e+00 2.19300008e+00 2.19300008e+00
    2.19300008e+00 2.19300008e+00 2.10500002e+00 0. 0. 0. 0. 0. 0. 0. 0.
    0. 0. 0. 0. 0. 0. 0. 0. 0. 0. 0. 0. 0. 0. 0. 0. 0. 0. 0.
    2.19300008e+00 2.19300008e+00 2.19300008e+00 2.19300008e+00
    2.19300008e+00 2.19300008e+00 2.19199991e+00 2.17000008e+00
    2.14899993e+00 2.12800002e+00 2.12800002e+00 2.12800002e+00
    2.06999993e+00 1.17700005e+00 0. 0. 0. 0. 0. 0. 0. 0. 0. 0. 0. 0. 0.
    0. 0. 0. 0. 0. 0. 0. 0. 0. 0. 0. 0. 1.31099999e+00 2.19300008e+00
    2.19300008e+00 2.19300008e+00 2.19300008e+00 2.19300008e+00
    2.19300008e+00 2.19099998e+00 2.14800000e+00 2.10400009e+00
    2.06399989e+00 2.06399989e+00 2.06399989e+00 2.03500009e+00
    1.59099996e+00 1.14800000e+00 0. 0. 0. 0. 0. 0. 0. 0. 0. 0. 0. 0. 0.
    0. 0. 0. 0. 0. 0. 0. 0. 0. 2.19300008e+00 2.19300008e+00
    2.19300008e+00 2.19300008e+00 2.19300008e+00 2.19300008e+00
    2.19300008e+00 2.19300008e+00 2.19300008e+00 2.19000006e+00
    2.12599993e+00 2.06100011e+00 2. 2. 2. 2. 2. 2. 1.90499997e+00 0. 0.
    0. 0. 0. 0. 0. 0. 0. 0. 0. 0. 0. 0. 0. 0. 0. 0. 0. 0. 0.
    2.19300008e+00 2.19300008e+00 2.19300008e+00 2.19300008e+00
    2.19300008e+00 2.19300008e+00 2.19300008e+00 2.19300008e+00
    2.19300008e+00 2.19000006e+00 2.12599993e+00 2.06100011e+00 2. 2. 2.
    2. 2. 2. 1.93700004e+00 1.10200000e+00 0. 0. 0. 0. 0. 0. 0. 0. 0. 0.
    0. 0. 0. 0. 0. 0. 0. 0. 0. 1.31099999e+00 2.19300008e+00
    2.19300008e+00 2.19300008e+00 2.19300008e+00 2.19300008e+00
    2.19300008e+00 2.19300008e+00 2.19300008e+00 2.19300008e+00
    2.19000006e+00 2.12599993e+00 2.06100011e+00 2. 2. 2. 2. 2. 2.
    1.96899998e+00 1.55700004e+00 1.14499998e+00 0. 0. 0. 0. 0. 0. 0. 0.
    0. 0. 0. 0. 0. 0. 0. 2.19300008e+00 2.19300008e+00 2.19300008e+00
    2.19300008e+00 2.19300008e+00 2.19300008e+00 2.19300008e+00
    2.19300008e+00 2.19300008e+00 2.19300008e+00 2.19300008e+00
    2.19300008e+00 2.19300008e+00 2.19000006e+00 2.12599993e+00
    2.06100011e+00 2. 2. 2. 2. 2. 2. 2. 2. 2. 2. 2. 2. 1.87899995e+00 0.
    0. 0. 0. 0. 0. 0. 0. 0. 0. 0. 2.19300008e+00 2.19300008e+00
    2.19300008e+00 2.19300008e+00 2.19300008e+00 2.19300008e+00
    2.19300008e+00 2.19300008e+00 2.19300008e+00 2.19300008e+00
    2.19300008e+00 2.19300008e+00 2.19300008e+00 2.19000006e+00
    2.12599993e+00 2.06100011e+00 2. 2. 2. 2. 2. 2. 2. 2. 2. 2. 2. 2.
    1.91999996e+00 1.07799995e+00 0. 0. 0. 0. 0. 0. 0. 0. 0. 0.
    2.19300008e+00 2.19300008e+00 2.19300008e+00 2.19300008e+00
    2.19300008e+00 2.19300008e+00 2.19300008e+00 2.19300008e+00
    2.19300008e+00 2.19300008e+00 2.19300008e+00 2.19300008e+00
    2.19300008e+00 2.19000006e+00 2.12599993e+00 2.06100011e+00 2. 2. 2.
    2. 2. 2. 2. 2. 2. 2. 2. 2. 1.96000004e+00 1.54700005e+00
    1.13399994e+00 0. 0. 0. 0. 0. 0. 0. 0. 0. 2.19300008e+00
    2.19300008e+00 2.19300008e+00 2.19300008e+00 2.19300008e+00
    2.19300008e+00 2.19300008e+00 2.19300008e+00 2.19300008e+00
    2.19300008e+00 2.19300008e+00 2.19300008e+00 2.19300008e+00
    2.19000006e+00 2.12599993e+00 2.06100011e+00 2. 2. 2. 2. 2. 2. 2. 2.
    2. 2. 2. 2. 2. 2. 2. 2. 2. 0. 0. 0. 0. 0. 0. 0. 2.19300008e+00
    2.19300008e+00 2.19300008e+00 2.19300008e+00 2.19300008e+00
    2.19300008e+00 2.19300008e+00 2.19300008e+00 2.19300008e+00
    2.19300008e+00 2.19300008e+00 2.19300008e+00 2.19300008e+00
    2.19000006e+00 2.12599993e+00 2.06100011e+00 2. 2. 2. 2. 2. 2. 2. 2.
    2. 2. 2. 2. 2. 2. 2. 2. 2. 0. 0. 0. 0. 0. 0. 0. 2.19300008e+00
    2.19300008e+00 2.19300008e+00 2.19300008e+00 2.19300008e+00
    2.19300008e+00 2.19300008e+00 2.19300008e+00 2.19300008e+00
    2.19300008e+00 2.19300008e+00 2.19300008e+00 2.19300008e+00
    2.19000006e+00 2.12599993e+00 2.06100011e+00 2. 2. 2. 2. 2. 2. 2. 2.
    2. 2. 2. 2. 2. 2. 2. 2. 2. 0. 0. 0. 0. 0. 0. 0. 2.19600010e+00
    2.19600010e+00 2.19499993e+00 2.19400001e+00 2.19300008e+00
    2.19300008e+00 2.19300008e+00 2.19300008e+00 2.19300008e+00
    2.19300008e+00 2.19300008e+00 2.19300008e+00 2.19300008e+00
    2.19000006e+00 2.12599993e+00 2.06100011e+00 2. 2. 2. 2. 2. 2. 2. 2.
    2. 2. 2. 2. 2. 1.99899995e+00 1.99800003e+00 1.99699998e+00
    1.99699998e+00 0. 0. 0. 0. 0. 0. 0. 2.26300001e+00 2.26300001e+00
    2.24000001e+00 2.21600008e+00 2.19300008e+00 2.19300008e+00
    2.19300008e+00 2.19300008e+00 2.19300008e+00 2.19300008e+00
    2.19300008e+00 2.19300008e+00 2.19300008e+00 2.19000006e+00
    2.12599993e+00 2.06100011e+00 2. 2. 2. 2. 2. 2. 2. 2. 2. 2. 2. 2.
    1.99800003e+00 1.97599995e+00 1.95500004e+00 1.93599999e+00
    1.93599999e+00 0. 0. 0. 0. 0. 0. 0. 2.32999992e+00 2.32999992e+00
    2.28399992e+00 2.23799992e+00 2.19300008e+00 2.19300008e+00
    2.19300008e+00 2.19300008e+00 2.19300008e+00 2.19300008e+00
    2.19300008e+00 2.19300008e+00 2.19300008e+00 2.19000006e+00
    2.12599993e+00 2.06100011e+00 2. 2. 2. 2. 2. 2. 2. 2. 2. 2. 2. 2.
    1.99600005e+00 1.95400000e+00 1.91199994e+00 1.87399995e+00
    1.87399995e+00 0. 0. 0. 0. 0. 0. 0. 2.39400005e+00 2.39400005e+00
    2.32599998e+00 2.25900006e+00 2.19300008e+00 2.19300008e+00
    2.19300008e+00 2.19300008e+00 2.19300008e+00 2.19300008e+00
    2.19300008e+00 2.19300008e+00 2.19300008e+00 2.19000006e+00
    2.12700009e+00 2.06299996e+00 2.00399995e+00 2.00399995e+00
    2.00399995e+00 2.00300002e+00 2.00200009e+00 2.00099993e+00 2. 2. 2.
    2. 2. 2. 1.99399996e+00 1.93299997e+00 1.87100005e+00 1.81599998e+00
    1.81599998e+00 0. 0. 0. 0. 0. 0. 0. 2.39400005e+00 2.39400005e+00
    2.32599998e+00 2.25900006e+00 2.19300008e+00 2.19300008e+00
    2.19300008e+00 2.19300008e+00 2.19300008e+00 2.19300008e+00
    2.19300008e+00 2.19300008e+00 2.19300008e+00 2.19099998e+00
    2.14899993e+00 2.10800004e+00 2.06800008e+00 2.06800008e+00
    2.06800008e+00 2.06699991e+00 2.04399991e+00 2.02099991e+00 2. 2. 2.
    2. 2. 2. 1.99399996e+00 1.93299997e+00 1.87100005e+00 1.81599998e+00
    1.81599998e+00 0. 0. 0. 0. 0. 0. 0. 2.39400005e+00 2.39400005e+00
    2.32599998e+00 2.25900006e+00 2.19300008e+00 2.19300008e+00
    2.19300008e+00 2.19300008e+00 2.19300008e+00 2.19300008e+00
    2.19300008e+00 2.19300008e+00 2.19300008e+00 2.19199991e+00
    2.17199993e+00 2.15199995e+00 2.13299990e+00 2.13299990e+00
    2.13299990e+00 2.13000011e+00 2.08500004e+00 2.04099989e+00 2. 2. 2.
