<?xml version="1.0"?>
<opencv_storage>
<Depth type_id="opencv-matrix">
  <rows>40</rows>
  <cols>40</cols>
  <dt>f</dt>
  <data>
    0. 0. 0. 0. 0. 0. 0. 0. 0. 0. 0. 0. 0. 0. 0. 0. 0. 0. 0. 0. 0.
    2.01600003e+00 2.01799989e+00 2.00300002e+00 1.99199998e+00
    1.98300004e+00 1.98300004e+00 1.98300004e+00 0. 0. 0. 0. 0. 0. 0. 0.
    0. 0. 0. 0. 0. 0. 0. 0. 0. 0. 0. 0. 0. 0. 0. 0. 0. 0. 2.04399991e+00
    2.04399991e+00 2.03500009e+00 2.03600001e+00 2.03600001e+00
    2.59699988e+00 2.22000003e+00 2.01099992e+00 2.01799989e+00
    2.00600004e+00 1.99899995e+00 1.99100006e+00 1.99100006e+00
    1.99100006e+00 2.00999999e+00 2.02600002e+00 2.04500008e+00
    2.48300004e+00 0. 0. 0. 0. 0. 0. 0. 0. 0. 0. 0. 0. 0. 0. 0. 0. 0. 0.
    0. 2.08699989e+00 2.07900000e+00 2.05599999e+00 2.04399991e+00
    2.04399991e+00 2.04399991e+00 2.03600001e+00 2.02900004e+00
    2.01799989e+00 2.01200008e+00 2.00999999e+00 2.01399994e+00
    2.00399995e+00 1.99699998e+00 1.99199998e+00 1.99199998e+00
    1.99199998e+00 2.00300002e+00 2.02399993e+00 2.04099989e+00
    2.04399991e+00 0. 0. 0. 0. 0. 0. 0. 0. 0. 0. 0. 0. 0. 0. 0.
    2.11999989e+00 2.10299993e+00 2.09100008e+00 2.08100009e+00
    2.08100009e+00 2.07900000e+00 2.06299996e+00 2.05100012e+00
    2.04399991e+00 2.04399991e+00 2.03600001e+00 2.02600002e+00
    2.02500010e+00 2.01799989e+00 2.00900006e+00 2.00200009e+00
    1.99699998e+00 1.99199998e+00 1.99199998e+00 1.99199998e+00
    1.99699998e+00 2.00300002e+00 2.01799989e+00 2.03500009e+00
    2.03500009e+00 0. 0. 0. 0. 0. 0. 0. 0. 0. 0. 0. 0. 0. 0. 0.
    2.11700010e+00 2.09699988e+00 2.09100008e+00 2.08100009e+00
    2.08100009e+00 2.07100010e+00 2.05900002e+00 2.05100012e+00
    2.04399991e+00 2.04099989e+00 2.03500009e+00 2.02399993e+00
    2.02099991e+00 2.01799989e+00 2.00900006e+00 2.00200009e+00
    1.99199998e+00 1.98399997e+00 1.98300004e+00 1.98300004e+00
    1.99199998e+00 2.00300002e+00 2.01799989e+00 2.02900004e+00
    2.03500009e+00 0. 0. 0. 0. 0. 0. 0. 0. 0. 0. 0. 0. 0. 0. 0.
    2.09999990e+00 2.09200001e+00 2.09100008e+00 2.08100009e+00
    2.07999992e+00 2.06200004e+00 2.05299997e+00 2.05299997e+00
    2.04600000e+00 2.04099989e+00 2.02699995e+00 2.02200007e+00
    2.01799989e+00 2.01799989e+00 2.01600003e+00 2.00200009e+00
    1.99699998e+00 1.98500001e+00 1.98399997e+00 1.98300004e+00
    1.99199998e+00 2.00300002e+00 2.02399993e+00 2.02600002e+00
    2.02600002e+00 0. 0. 0. 0. 0. 0. 0. 0. 0. 0. 0. 0. 0. 0. 0.
    2.09800005e+00 2.09100008e+00 2.08699989e+00 2.08100009e+00
    2.07299995e+00 2.06200004e+00 2.05299997e+00 2.05299997e+00
    2.04600000e+00 2.04099989e+00 2.02699995e+00 2.02200007e+00
    2.01799989e+00 2.01399994e+00 2.01099992e+00 2.00699997e+00
    1.99699998e+00 1.99199998e+00 1.98800004e+00 1.98300004e+00
    1.99199998e+00 2.00200009e+00 2.01799989e+00 2.02600002e+00
    2.02600002e+00 0. 0. 0. 0. 0. 0. 0. 0. 0. 0. 0. 0. 0. 0. 0.
    2.09699988e+00 2.09100008e+00 2.08800006e+00 2.08100009e+00
    2.07100010e+00 2.05999994e+00 2.05299997e+00 2.05100012e+00
    2.04399991e+00 2.04099989e+00 2.02699995e+00 2.02200007e+00
    2.01799989e+00 2.01099992e+00 2.00900006e+00 2.00900006e+00
    1.99199998e+00 1.99199998e+00 1.98699999e+00 1.98300004e+00
    1.99199998e+00 2. 2.01600003e+00 2.02600002e+00 2.02600002e+00 0. 0.
    0. 0. 0. 0. 0. 0. 0. 0. 0. 0. 0. 0. 0. 2.09699988e+00 2.09100008e+00
    2.09100008e+00 2.08100009e+00 2.06299996e+00 2.05299997e+00
    2.05299997e+00 2.05100012e+00 2.04399991e+00 2.04099989e+00
    2.02699995e+00 2.01900005e+00 2.01699996e+00 2.00900006e+00
    2.01500010e+00 2.00900006e+00 1.99600005e+00 1.99199998e+00
    1.98300004e+00 1.98300004e+00 1.99199998e+00 1.99500000e+00
    2.01600003e+00 2.02600002e+00 2.02600002e+00 0. 0. 0. 0. 0. 0. 0. 0.
    0. 0. 0. 0. 0. 0. 0. 2.09699988e+00 2.09100008e+00 2.09100008e+00
    2.08100009e+00 2.06399989e+00 2.05299997e+00 2.05299997e+00
    2.05100012e+00 2.04399991e+00 2.03500009e+00 2.02699995e+00
    2.01900005e+00 2.01699996e+00 2.00900006e+00 2.00600004e+00
    1.99899995e+00 1.99500000e+00 1.99199998e+00 1.98300004e+00
    1.98300004e+00 1.98599994e+00 1.99399996e+00 2.01500010e+00
    2.02600002e+00 2.02600002e+00 0. 0. 0. 0. 0. 0. 0. 0. 0. 0. 0. 0. 0.
    0. 0. 2.09100008e+00 2.09100008e+00 2.09100008e+00 2.08100009e+00
    2.07100010e+00 2.06200004e+00 2.05599999e+00 2.05100012e+00
    2.04399991e+00 2.03999996e+00 2.02699995e+00 2.02200007e+00
    2.01699996e+00 2.00900006e+00 2. 1.99399996e+00 1.99199998e+00
    1.98399997e+00 1.98300004e+00 1.97500002e+00 1.98000002e+00
    1.98599994e+00 2.01300001e+00 2.02600002e+00 2.03299999e+00 0. 0. 0.
    0. 0. 0. 0. 0. 0. 0. 0. 0. 0. 0. 0. 2.09100008e+00 2.09100008e+00
    2.08699989e+00 2.08100009e+00 2.07599998e+00 2.06299996e+00
    2.05599999e+00 2.05100012e+00 2.04399991e+00 2.04099989e+00
    2.03500009e+00 2.01799989e+00 2.01799989e+00 2.01799989e+00
    2.00699997e+00 2. 1.99199998e+00 1.98399997e+00 1.98300004e+00
    1.97500002e+00 1.98000002e+00 1.98599994e+00 2.01300001e+00
    2.02600002e+00 2.02600002e+00 0. 0. 0. 0. 0. 0. 0. 0. 0. 0. 0. 0. 0.
    0. 0. 2.09999990e+00 2.09200001e+00 2.08699989e+00 2.08100009e+00
    2.07599998e+00 2.06299996e+00 2.05599999e+00 2.05100012e+00
    2.04399991e+00 2.03999996e+00 2.02699995e+00 2.01799989e+00
    2.01799989e+00 2.01799989e+00 2.00699997e+00 2. 1.99199998e+00
    1.98399997e+00 1.97899997e+00 1.97500002e+00 1.97899997e+00
    1.98599994e+00 2.01300001e+00 2.02600002e+00 2.04900002e+00 0. 0. 0.
    0. 0. 0. 0. 0. 0. 0. 0. 0. 0. 0. 0. 2.09400010e+00 2.09100008e+00
    2.08699989e+00 2.08100009e+00 2.06900001e+00 2.06200004e+00
    2.05399990e+00 2.05100012e+00 2.04399991e+00 2.03500009e+00
    2.02699995e+00 2.01799989e+00 2.01799989e+00 2.01200008e+00
    2.00699997e+00 2. 1.99699998e+00 1.99199998e+00 1.97899997e+00
    1.97500002e+00 1.97500002e+00 1.98099995e+00 2.00799990e+00
    2.02600002e+00 2.03699994e+00 2.04399991e+00 0. 0. 0. 0. 0. 0. 0. 0.
    0. 0. 0. 0. 0. 0. 2.09100008e+00 2.09100008e+00 2.08699989e+00
    2.08100009e+00 2.06699991e+00 2.05999994e+00 2.05299997e+00
    2.04900002e+00 2.04399991e+00 2.03500009e+00 2.02699995e+00
    2.01799989e+00 2.01600003e+00 2.00900006e+00 2.00699997e+00
    1.99899995e+00 1.99199998e+00 1.99199998e+00 1.98300004e+00
    1.97500002e+00 1.97500002e+00 1.97800004e+00 2.00399995e+00
    2.02500010e+00 2.03500009e+00 2.04399991e+00 0. 0. 0. 0. 0. 0. 0. 0.
    0. 0. 0. 0. 0. 0. 2.09599996e+00 2.09100008e+00 2.08699989e+00
    2.08100009e+00 2.06399989e+00 2.05200005e+00 2.04600000e+00
    2.04399991e+00 2.04399991e+00 2.03699994e+00 2.01999998e+00
    2.01799989e+00 2.00900006e+00 2.00900006e+00 2.00699997e+00
    1.99399996e+00 1.99199998e+00 1.99199998e+00 1.98300004e+00
    1.97500002e+00 1.97500002e+00 1.98300004e+00 1.99899995e+00
    2.01999998e+00 2.04099989e+00 2.04399991e+00 0. 0. 0. 0. 0. 0. 0. 0.
    0. 0. 0. 0. 0. 0. 2.10200000e+00 2.09200001e+00 2.08100009e+00
    2.07200003e+00 2.06299996e+00 2.05200005e+00 2.04399991e+00
    2.04399991e+00 2.04399991e+00 2.03800011e+00 2.02099991e+00
    2.01799989e+00 2.00900006e+00 2.00900006e+00 2.00699997e+00
    1.99399996e+00 1.99199998e+00 1.99199998e+00 1.98300004e+00
    1.97500002e+00 1.97500002e+00 1.98399997e+00 1.99500000e+00
    2.01600003e+00 2.03200006e+00 2.50799990e+00 0. 0. 0. 0. 0. 0. 0. 0.
    0. 0. 0. 0. 0. 0. 2.11400008e+00 2.09200001e+00 2.08100009e+00
    2.07200003e+00 2.06299996e+00 2.05299997e+00 2.04699993e+00
    2.04399991e+00 2.04399991e+00 2.04099989e+00 2.02699995e+00
    2.01799989e+00 2.00900006e+00 2.00900006e+00 2.00099993e+00
    1.99399996e+00 1.99199998e+00 1.99199998e+00 1.98300004e+00
    1.97500002e+00 1.96800005e+00 1.97700000e+00 1.99000001e+00
    2.00799990e+00 2.02600002e+00 0. 0. 0. 0. 0. 0. 0. 0. 0. 0. 0. 0. 0.
    0. 0. 2.10599995e+00 2.09200001e+00 2.08100009e+00 2.07200003e+00
    2.06699991e+00 2.05299997e+00 2.04699993e+00 2.04399991e+00
