<?xml version="1.0"?>
<opencv_storage>
<Depth type_id="opencv-matrix">
  <rows>40</rows>
  <cols>40</cols>
  <dt>f</dt>
  <data>
    0. 0. 0. 0. 0. 0. 0. 0. 0. 0. 0. 0. 0. 0. 0. 0. 0. 0. 0. 0. 0. 0. 0.
    0. 0. 0. 0. 0. 0. 0. 0. 0. 0. 0. 0. 0. 0. 0. 0. 0. 0. 0. 0. 0. 0. 0.
    0. 0. 0. 0. 0. 0. 0. 0. 0. 0. 0. 0. 0. 0. 0. 0. 0. 0. 0. 0. 0. 0. 0.
    0. 0. 0. 0. 0. 0. 0. 0. 0. 0. 0. 0. 0. 0. 0. 0. 0. 0. 0. 0. 0. 0. 0.
    0. 0. 0. 0. 0. 0. 0. 0. 0. 0. 0. 0. 0. 0. 0. 0. 0. 0. 0. 0. 0. 0. 0.
    0. 0. 0. 0. 0. 0. 0. 0. 0. 0. 0. 0. 0. 0. 0. 0. 0. 0. 0. 0. 0. 0. 0.
    0. 0. 0. 0. 0. 0. 0. 0. 0. 0. 0. 0. 0. 0. 0. 0. 0. 0. 0. 0. 0. 0. 0.
    0. 0. 0. 0. 0. 0. 0. 0. 0. 0. 0. 0. 0. 0. 0. 0. 0. 0. 0. 0. 0. 0. 0.
    0. 0. 0. 0. 0. 0. 0. 0. 0. 0. 0. 0. 0. 0. 0. 0. 0. 0. 0. 0. 0. 0. 0.
    0. 0. 0. 0. 0. 0. 0. 0. 0. 0. 0. 0. 0. 0. 0. 0. 0. 0. 0. 0. 0. 0. 0.
    0. 0. 0. 0. 0. 0. 0. 0. 0. 0. 0. 0. 0. 0. 0. 0. 0. 0. 0. 0. 0. 0. 0.
    0. 0. 0. 0. 0. 0. 0. 0. 0. 0. 0. 0. 0. 0. 0. 0. 0. 0. 0. 0. 0. 0. 0.
    0. 0. 0. 0. 0. 0. 0. 0. 0. 0. 0. 0. 0. 0. 0. 0. 0. 0. 0. 0. 0. 0. 0.
    0. 0. 0. 0. 0. 0. 0. 0. 0. 0. 0. 0. 0. 0. 0. 0. 0. 0. 0. 0. 0. 0. 0.
    0. 0. 0. 0. 0. 0. 0. 0. 0. 0. 0. 0. 0. 0. 0. 0. 0. 0. 0. 0. 0. 0. 0.
    0. 0. 0. 0. 0. 0. 0. 0. 0. 0. 0. 0. 0. 0. 0. 0. 0. 0. 2.27399993e+00
    2.27399993e+00 2.27399993e+00 2.25300002e+00 2.20700002e+00
    2.18000007e+00 2.18000007e+00 2.18000007e+00 2.18000007e+00
    2.18000007e+00 2.18000007e+00 2.18000007e+00 2.18000007e+00
    2.18000007e+00 2.18000007e+00 2.35500002e+00 0. 0. 0. 0. 0. 0. 0. 0.
    0. 0. 0. 0. 0. 0. 0. 0. 0. 0. 0. 0. 0. 0. 0. 0. 2.29699993e+00
    2.29200006e+00 2.27999997e+00 2.25300002e+00 2.20700002e+00
    2.18000007e+00 2.18000007e+00 2.18000007e+00 2.18000007e+00
    2.18000007e+00 2.18000007e+00 2.17700005e+00 2.16599989e+00
    2.15499997e+00 2.14499998e+00 2.26900005e+00 2.83500004e+00 0. 0. 0.
    0. 0. 0. 0. 0. 0. 0. 0. 0. 0. 0. 0. 0. 0. 0. 0. 0. 0. 0. 0.
    2.34500003e+00 2.32800007e+00 2.29299998e+00 2.25300002e+00
    2.20700002e+00 2.18000007e+00 2.18000007e+00 2.18000007e+00
    2.18000007e+00 2.18000007e+00 2.18000007e+00 2.17000008e+00
    2.13700008e+00 2.10500002e+00 2.07299995e+00 2.08899999e+00
    2.26399994e+00 2.40499997e+00 2.40499997e+00 2.41000009e+00
    2.44000006e+00 2.54399991e+00 0. 0. 0. 0. 0. 0. 0. 0. 0. 0. 0. 0. 0.
    0. 0. 0. 0. 0. 2.35100007e+00 2.32800007e+00 2.27999997e+00
    2.23699999e+00 2.20099998e+00 2.18000007e+00 2.18000007e+00
    2.18000007e+00 2.18000007e+00 2.18000007e+00 2.18000007e+00
    2.16599989e+00 2.12100005e+00 2.07599998e+00 2.03299999e+00
    1.99000001e+00 1.94799995e+00 1.91400003e+00 1.91400003e+00
    1.92100000e+00 1.96300006e+00 2.08100009e+00 2.73000002e+00 0. 0. 0.
    0. 0. 0. 0. 0. 0. 0. 0. 0. 0. 0. 0. 0. 0. 2.30200005e+00
    2.27999997e+00 2.23300004e+00 2.20099998e+00 2.18799996e+00
    2.18000007e+00 2.18000007e+00 2.18000007e+00 2.18000007e+00
    2.18000007e+00 2.18000007e+00 2.16599989e+00 2.12100005e+00
    2.07599998e+00 2.03299999e+00 1.99000001e+00 1.94799995e+00
    1.91400003e+00 1.91400003e+00 1.92100000e+00 1.96300006e+00
    2.02699995e+00 2.24099994e+00 2.43499994e+00 2.41300011e+00
    2.39400005e+00 2.39400005e+00 2.40300012e+00 2.98099995e+00 0. 0. 0.
    0. 0. 0. 0. 0. 0. 0. 0. 2.27399993e+00 2.25200009e+00 2.20600009e+00
    2.18000007e+00 2.18000007e+00 2.18000007e+00 2.18000007e+00
    2.18000007e+00 2.18000007e+00 2.17700005e+00 2.16799998e+00
    2.15100002e+00 2.11400008e+00 2.07599998e+00 2.03299999e+00
    1.99199998e+00 1.95799994e+00 1.93099999e+00 1.93099999e+00
    1.93700004e+00 1.97000003e+00 1.99500000e+00 1.95299995e+00
    1.91400003e+00 1.91400003e+00 1.91299999e+00 1.89699996e+00
    1.89199996e+00 2.54099989e+00 0. 0. 0. 0. 0. 0. 0. 0. 0. 0. 0.
    2.27399993e+00 2.25200009e+00 2.20600009e+00 2.18000007e+00
    2.18000007e+00 2.18000007e+00 2.18000007e+00 2.18000007e+00
    2.18000007e+00 2.16899991e+00 2.13800001e+00 2.11199999e+00
    2.09800005e+00 2.07599998e+00 2.03299999e+00 1.99699998e+00
    1.98399997e+00 1.97399998e+00 1.97399998e+00 1.97599995e+00
    1.98899996e+00 1.99500000e+00 1.95299995e+00 1.91400003e+00
    1.91400003e+00 1.91100001e+00 1.85500002e+00 1.80499995e+00
    2.05399990e+00 2.30399990e+00 2.33599997e+00 2.36400008e+00
    2.36500001e+00 0. 0. 0. 0. 0. 0. 0. 2.31100011e+00 2.28399992e+00
    2.22799993e+00 2.19700003e+00 2.19700003e+00 2.19700003e+00
    2.19700003e+00 2.19400001e+00 2.18600011e+00 2.16499996e+00
    2.11899996e+00 2.08800006e+00 2.08800006e+00 2.07599998e+00
    2.03299999e+00 2. 2. 2. 2. 1.99899995e+00 1.99100006e+00
    1.98000002e+00 1.94500005e+00 1.91299999e+00 1.90600002e+00
    1.89499998e+00 1.82200003e+00 1.75000000e+00 1.75000000e+00
    1.75000000e+00 1.77499998e+00 1.79999995e+00 1.80200005e+00 0. 0. 0.
    0. 0. 0. 0. 2.40799999e+00 2.36899996e+00 2.28800011e+00
    2.24300003e+00 2.24300003e+00 2.24300003e+00 2.24300003e+00
    2.23200011e+00 2.20099998e+00 2.16499996e+00 2.11899996e+00
    2.08800006e+00 2.08800006e+00 2.07599998e+00 2.03299999e+00 2. 2. 2.
    2. 1.99500000e+00 1.96700001e+00 1.94000006e+00 1.92700005e+00
    1.91199994e+00 1.88399994e+00 1.85500002e+00 1.80200005e+00
    1.75000000e+00 1.75000000e+00 1.75000000e+00 1.73699999e+00
    1.72399998e+00 1.72399998e+00 0. 0. 0. 0. 0. 0. 0. 1.48500001e+00
    1.44599998e+00 1.36399996e+00 1.31900001e+00 1.31900001e+00
    1.31900001e+00 1.31900001e+00 1.47800004e+00 1.90100002e+00
    2.16499996e+00 2.11899996e+00 2.08800006e+00 2.08800006e+00
    2.07599998e+00 2.03299999e+00 2. 2. 1.99899995e+00 1.99199998e+00
    1.98000002e+00 1.94500005e+00 1.91299999e+00 1.90600002e+00
    1.89699996e+00 1.86300004e+00 1.82900000e+00 1.78900003e+00
    1.75000000e+00 1.75000000e+00 1.75000000e+00 1.71200001e+00
    1.67400002e+00 1.67200005e+00 0. 0. 0. 0. 0. 0. 0. 0. 0. 0. 0. 0. 0.
    0. 0. 0. 2.16499996e+00 2.11899996e+00 2.08800006e+00 2.08800006e+00
    2.07599998e+00 2.03299999e+00 2. 2. 1.99500000e+00 1.96700001e+00
    1.94099998e+00 1.92700005e+00 1.91100001e+00 1.88399994e+00
    1.85800004e+00 1.84399998e+00 1.82900000e+00 1.78900003e+00
    1.75000000e+00 1.75000000e+00 1.75000000e+00 1.71200001e+00
    1.67400002e+00 1.67200005e+00 0. 0. 0. 0. 0. 0. 0. 0. 0. 0. 0. 0. 0.
    0. 0. 0. 1.46500003e+00 1.83200002e+00 2.08599997e+00 2.07999992e+00
    2.06299996e+00 2.01999998e+00 1.98699999e+00 1.98699999e+00
    1.98000002e+00 1.94400001e+00 1.91299999e+00 1.90699995e+00
    1.89699996e+00 1.86300004e+00 1.83099997e+00 1.83099997e+00
    1.82900000e+00 1.78900003e+00 1.75000000e+00 1.74399996e+00
    1.73800004e+00 1.70599997e+00 1.67400002e+00 1.67200005e+00 0. 0. 0.
    0. 0. 0. 0. 0. 0. 0. 0. 0. 0. 0. 0. 0. 0. 0. 2.07999992e+00
    2.05200005e+00 2.01999998e+00 1.97800004e+00 1.94500005e+00
    1.94500005e+00 1.94200003e+00 1.92700005e+00 1.90999997e+00
    1.88399994e+00 1.85899997e+00 1.84399998e+00 1.83099997e+00
    1.83099997e+00 1.82900000e+00 1.78900003e+00 1.75000000e+00
    1.72500002e+00 1.70099998e+00 1.68700004e+00 1.67299998e+00
    1.67200005e+00 0. 0. 0. 0. 0. 0. 0. 0. 0. 0. 0. 0. 0. 0. 0. 0. 0. 0.
    1.45500004e+00 1.76900005e+00 1.98899996e+00 1.94599998e+00
    1.91400003e+00 1.91400003e+00 1.91400003e+00 1.91400003e+00
    1.90699995e+00 1.86699998e+00 1.83099997e+00 1.83099997e+00
    1.83099997e+00 1.83099997e+00 1.82900000e+00 1.78900003e+00
    1.74899995e+00 1.71099997e+00 1.67299998e+00 1.67200005e+00
    1.67200005e+00 1.67200005e+00 0. 0. 0. 0. 0. 0. 0. 0. 0. 0. 0. 0. 0.
    0. 0. 0. 0. 0. 0. 0. 1.98899996e+00 1.94599998e+00 1.91400003e+00
    1.91400003e+00 1.91400003e+00 1.91400003e+00 1.90699995e+00
    1.86699998e+00 1.83099997e+00 1.83099997e+00 1.83099997e+00
    1.83099997e+00 1.82900000e+00 1.78900003e+00 1.74899995e+00
    1.71099997e+00 1.67299998e+00 1.67200005e+00 1.67200005e+00
    1.67200005e+00 0. 0. 0. 0. 0. 0. 0. 0. 0. 0. 0. 0. 0. 0. 0. 0. 0. 0.
