<?xml version="1.0"?>
<opencv_storage>
<Depth type_id="opencv-matrix">
  <rows>40</rows>
  <cols>40</cols>
  <dt>f</dt>
  <data>
    0. 0. 0. 0. 0. 0. 0. 0. 0. 0. 0. 0. 0. 0. 0. 0. 0. 0. 0. 0. 0. 0. 0.
    0. 0. 0. 0. 0. 0. 0. 0. 0. 0. 0. 0. 0. 0. 0. 0. 0. 0. 0. 0. 0. 0. 0.
    0. 0. 0. 0. 0. 0. 0. 0. 0. 0. 0. 0. 0. 0. 0. 0. 0. 0. 0. 0. 0. 0. 0.
    0. 0. 0. 0. 0. 0. 0. 0. 0. 0. 0. 0. 0. 0. 0. 0. 0. 0. 0. 0. 0. 0. 0.
    0. 0. 0. 0. 0. 0. 0. 0. 0. 0. 0. 0. 0. 0. 0. 0. 0. 0. 0. 0. 0. 0. 0.
    0. 0. 0. 0. 0. 0. 0. 0. 0. 0. 0. 0. 0. 0. 0. 0. 0. 0. 0. 0. 0. 0. 0.
    0. 0. 0. 0. 0. 0. 0. 0. 0. 0. 0. 0. 0. 0. 0. 0. 0. 0. 0. 0. 0. 0. 0.
    0. 0. 0. 0. 0. 0. 0. 0. 0. 0. 0. 0. 0. 0. 0. 0. 0. 0. 0. 0. 0. 0. 0.
    0. 0. 0. 0. 0. 0. 0. 0. 0. 0. 0. 0. 0. 0. 0. 0. 0. 0. 0. 0. 0. 0. 0.
    0. 0. 0. 0. 0. 0. 0. 0. 0. 0. 0. 0. 0. 0. 0. 0. 0. 0. 0. 0. 0. 0. 0.
    0. 0. 0. 0. 0. 0. 0. 0. 0. 0. 0. 0. 0. 0. 0. 0. 0. 0. 0. 0. 0. 0. 0.
    0. 0. 0. 0. 0. 0. 0. 0. 0. 0. 0. 0. 0. 0. 0. 0. 0. 0. 0. 0. 0. 0. 0.
    0. 0. 0. 0. 0. 0. 0. 0. 0. 0. 0. 0. 0. 0. 0. 0. 0. 0. 0. 0. 0. 0. 0.
    0. 0. 0. 0. 0. 0. 0. 0. 0. 0. 0. 0. 0. 0. 0. 0. 0. 0. 0. 0. 0. 0. 0.
    0. 0. 0. 0. 0. 0. 0. 0. 0. 0. 0. 0. 0. 0. 0. 0. 0. 0. 0. 0. 0. 0. 0.
    0. 0. 0. 0. 0. 0. 0. 0. 0. 0. 0. 0. 0. 0. 0. 0. 1.72300005e+00
    1.72300005e+00 1.72300005e+00 1.72300005e+00 1.72300005e+00
    1.72300005e+00 1.72300005e+00 1.72300005e+00 1.72300005e+00
    1.72300005e+00 1.72300005e+00 1.72300005e+00 1.68799996e+00
    1.63800001e+00 1.59200001e+00 1.59200001e+00 1.59200001e+00
    1.59200001e+00 1.59200001e+00 1.59200001e+00 1.59200001e+00
    1.59200001e+00 1.59200001e+00 1.59200001e+00 1.59200001e+00
    1.59200001e+00 1.59200001e+00 1.59200001e+00 1.50000000e+00
    1.40600002e+00 1.34500003e+00 1.34500003e+00 1.34500003e+00
    1.31200004e+00 1.26800001e+00 1.22899997e+00 1.22899997e+00 0. 0. 0.
    1.72300005e+00 1.72300005e+00 1.72300005e+00 1.72300005e+00
    1.72300005e+00 1.72300005e+00 1.72300005e+00 1.72700000e+00
    1.73000002e+00 1.73300004e+00 1.73300004e+00 1.73300004e+00
    1.69799995e+00 1.64699996e+00 1.60099995e+00 1.59800005e+00
    1.59399998e+00 1.59200001e+00 1.59200001e+00 1.59200001e+00
    1.59500003e+00 1.59899998e+00 1.60099995e+00 1.60099995e+00
    1.60099995e+00 1.60099995e+00 1.60099995e+00 1.60099995e+00
    1.50899994e+00 1.41499996e+00 1.35399997e+00 1.35399997e+00
    1.35399997e+00 1.32099998e+00 1.27699995e+00 1.23699999e+00
    1.23699999e+00 0. 0. 0. 1.72300005e+00 1.72300005e+00 1.72300005e+00
    1.72300005e+00 1.72300005e+00 1.72300005e+00 1.72300005e+00
    1.74500000e+00 1.76900005e+00 1.78499997e+00 1.78499997e+00
    1.78499997e+00 1.74899995e+00 1.69799995e+00 1.64999998e+00
    1.62699997e+00 1.60399997e+00 1.59200001e+00 1.59200001e+00
    1.59200001e+00 1.61099994e+00 1.63399994e+00 1.65100002e+00
    1.65100002e+00 1.65100002e+00 1.65100002e+00 1.65100002e+00
    1.65100002e+00 1.55799997e+00 1.46200001e+00 1.39999998e+00
    1.39999998e+00 1.39999998e+00 1.36699998e+00 1.32200003e+00
    1.28199995e+00 1.28199995e+00 0. 0. 0. 1.72300005e+00 1.72300005e+00
    1.72300005e+00 1.72300005e+00 1.72300005e+00 1.72300005e+00
    1.72300005e+00 1.76400006e+00 1.80700004e+00 1.83700001e+00
    1.83700001e+00 1.83700001e+00 1.79999995e+00 1.74899995e+00
    1.69799995e+00 1.65600002e+00 1.61399996e+00 1.59200001e+00
    1.59200001e+00 1.59200001e+00 1.62699997e+00 1.66900003e+00
    1.70099998e+00 1.70099998e+00 1.70099998e+00 1.70099998e+00
    1.70099998e+00 1.70099998e+00 1.60599995e+00 1.50899994e+00
    1.44700003e+00 1.44700003e+00 1.44700003e+00 1.41299999e+00
    1.36699998e+00 1.32599998e+00 1.32599998e+00 0. 0. 0. 1.72300005e+00
    1.72300005e+00 1.72300005e+00 1.72300005e+00 1.72899997e+00
    1.74100006e+00 1.75199997e+00 1.79100001e+00 1.83200002e+00
    1.85899997e+00 1.85899997e+00 1.85899997e+00 1.82200003e+00
    1.77100003e+00 1.72000003e+00 1.68099999e+00 1.64100003e+00
    1.62600005e+00 1.63699996e+00 1.64800000e+00 1.68299997e+00
    1.72200000e+00 1.75199997e+00 1.75199997e+00 1.75199997e+00
    1.75199997e+00 1.75199997e+00 1.75199997e+00 1.66700006e+00
    1.57900000e+00 1.52199996e+00 1.52199996e+00 1.52199996e+00
    1.49600005e+00 1.45899999e+00 1.42700005e+00 1.42700005e+00 0. 0. 0.
    1.72300005e+00 1.72300005e+00 1.72300005e+00 1.72300005e+00
    1.74100006e+00 1.77199996e+00 1.80299997e+00 1.82400000e+00
    1.84500003e+00 1.85899997e+00 1.85899997e+00 1.85899997e+00
    1.82200003e+00 1.77100003e+00 1.72099996e+00 1.70099998e+00
    1.68099999e+00 1.68499994e+00 1.71599996e+00 1.74699998e+00
    1.76900005e+00 1.78900003e+00 1.80400002e+00 1.80400002e+00
    1.80400002e+00 1.80400002e+00 1.80400002e+00 1.80400002e+00
    1.73599994e+00 1.66499996e+00 1.62000000e+00 1.62000000e+00
    1.62000000e+00 1.60599995e+00 1.58800006e+00 1.57099998e+00
    1.57099998e+00 0. 0. 0. 1.72300005e+00 1.72300005e+00 1.72300005e+00
    1.72300005e+00 1.75199997e+00 1.80299997e+00 1.85399997e+00
    1.85699999e+00 1.85800004e+00 1.85899997e+00 1.85899997e+00
    1.85899997e+00 1.82200003e+00 1.77100003e+00 1.72300005e+00
    1.72200000e+00 1.72099996e+00 1.74399996e+00 1.79499996e+00
    1.84599996e+00 1.85399997e+00 1.85500002e+00 1.85599995e+00
    1.85599995e+00 1.85599995e+00 1.85599995e+00 1.85599995e+00
    1.85599995e+00 1.80499995e+00 1.75199997e+00 1.71800005e+00
    1.71800005e+00 1.71800005e+00 1.71700001e+00 1.71599996e+00
    1.71500003e+00 1.71500003e+00 0. 0. 0. 1.77199996e+00 1.77199996e+00
    1.77199996e+00 1.77199996e+00 1.79100001e+00 1.82400000e+00
    1.85699999e+00 1.85899997e+00 1.85899997e+00 1.86500001e+00
    1.88499999e+00 1.90400004e+00 1.87300003e+00 1.82000005e+00
    1.77199996e+00 1.77199996e+00 1.77199996e+00 1.79600000e+00
    1.84899998e+00 1.90199995e+00 1.89400005e+00 1.87399995e+00
    1.85899997e+00 1.85899997e+00 1.85899997e+00 1.87100005e+00
    1.88999999e+00 1.90999997e+00 1.85899997e+00 1.80599999e+00
    1.77199996e+00 1.77199996e+00 1.77199996e+00 1.77199996e+00
    1.77199996e+00 1.77199996e+00 1.77199996e+00 0. 0. 0. 1.82400000e+00
    1.82400000e+00 1.82400000e+00 1.82400000e+00 1.83200002e+00
    1.84500003e+00 1.85800004e+00 1.85899997e+00 1.85899997e+00
    1.87199998e+00 1.91199994e+00 1.95200002e+00 1.92600000e+00
    1.87300003e+00 1.82400000e+00 1.82400000e+00 1.82400000e+00
    1.84899998e+00 1.90199995e+00 1.95500004e+00 1.92999995e+00
    1.88999999e+00 1.85899997e+00 1.85899997e+00 1.85899997e+00
    1.88300002e+00 1.92299998e+00 1.96300006e+00 1.91199994e+00
    1.85800004e+00 1.82400000e+00 1.82400000e+00 1.82400000e+00
    1.82400000e+00 1.82400000e+00 1.82400000e+00 1.82400000e+00 0. 0. 0.
    1.85899997e+00 1.85899997e+00 1.85899997e+00 1.85899997e+00
    1.85899997e+00 1.85899997e+00 1.85899997e+00 1.86500001e+00
    1.87199998e+00 1.89199996e+00 1.93900001e+00 1.98599994e+00
    1.96700001e+00 1.91999996e+00 1.87699997e+00 1.87699997e+00
    1.87699997e+00 1.89800000e+00 1.94500005e+00 1.99300003e+00
    1.95500004e+00 1.90100002e+00 1.85899997e+00 1.85899997e+00
    1.85899997e+00 1.89100003e+00 1.94500005e+00 1.99899995e+00
    1.95400000e+00 1.90699995e+00 1.87699997e+00 1.87699997e+00
    1.87699997e+00 1.87699997e+00 1.87699997e+00 1.87699997e+00
    1.87699997e+00 0. 0. 0. 1.85899997e+00 1.85899997e+00 1.85899997e+00
    1.85899997e+00 1.85899997e+00 1.85899997e+00 1.85899997e+00
    1.88499999e+00 1.91199994e+00 1.93900001e+00 1.96599996e+00
    1.99199998e+00 1.98099995e+00 1.95500004e+00 1.92999995e+00
    1.92999995e+00 1.92999995e+00 1.94299996e+00 1.96899998e+00
    1.99600005e+00 1.95500004e+00 1.90100002e+00 1.85899997e+00
    1.85899997e+00 1.85899997e+00 1.89100003e+00 1.94500005e+00
    1.99899995e+00 1.97399998e+00 1.94700003e+00 1.92999995e+00
    1.92999995e+00 1.92999995e+00 1.92999995e+00 1.92999995e+00
    1.92999995e+00 1.92999995e+00 0. 0. 0. 1.85899997e+00 1.85899997e+00
    1.85899997e+00 1.85899997e+00 1.85899997e+00 1.85899997e+00
