<?xml version="1.0"?>
<opencv_storage>
<Depth type_id="opencv-matrix">
  <rows>40</rows>
  <cols>40</cols>
  <dt>f</dt>
  <data>
    0. 0. 0. 0. 0. 0. 0. 0. 0. 0. 0. 0. 0. 0. 0. 2.94600010e+00
    2.42400002e+00 2.15799999e+00 2.15799999e+00 2.17799997e+00
    2.20700002e+00 2.20900011e+00 2.20300007e+00 2.16199994e+00
    2.13700008e+00 2.13700008e+00 2.13700008e+00 2.13700008e+00
    2.12800002e+00 2.11700010e+00 0. 0. 0. 0. 0. 0. 0. 0. 0. 0. 0. 0. 0.
    0. 0. 0. 0. 0. 0. 0. 0. 0. 0. 0. 0. 2.91799998e+00 2.40100002e+00
    2.13700008e+00 2.13700008e+00 2.16599989e+00 2.20600009e+00
    2.19899988e+00 2.18499994e+00 2.15499997e+00 2.13700008e+00
    2.13700008e+00 2.13700008e+00 2.13700008e+00 2.13700008e+00
    2.13700008e+00 0. 0. 0. 0. 0. 0. 0. 0. 0. 0. 0. 0. 0. 0. 0. 0. 0. 0.
    0. 0. 0. 0. 0. 0. 0. 2.91799998e+00 2.40100002e+00 2.13700008e+00
    2.13700008e+00 2.16599989e+00 2.20600009e+00 2.17799997e+00
    2.14800000e+00 2.14100003e+00 2.13700008e+00 2.13700008e+00
    2.13700008e+00 2.13700008e+00 2.13700008e+00 2.13700008e+00 0. 0. 0.
    0. 0. 0. 0. 0. 0. 0. 0. 0. 0. 0. 0. 0. 0. 0. 0. 0. 0. 0. 0. 0. 0.
    2.95199990e+00 2.41199994e+00 2.13700008e+00 2.13700008e+00
    2.15400004e+00 2.17899990e+00 2.15799999e+00 2.13700008e+00
    2.13700008e+00 2.13100004e+00 2.11599994e+00 2.10899997e+00
    2.10899997e+00 2.10899997e+00 2.10899997e+00 0. 0. 0. 0. 0. 0. 0. 0.
    0. 0. 0. 0. 0. 0. 0. 0. 0. 0. 0. 0. 0. 0. 0. 0. 0. 0. 2.42899990e+00
    2.13700008e+00 2.13700008e+00 2.13800001e+00 2.14000010e+00
    2.13800001e+00 2.13700008e+00 2.13700008e+00 2.12299991e+00
    2.08599997e+00 2.07100010e+00 2.07100010e+00 2.07100010e+00
    2.07100010e+00 0. 0. 0. 0. 0. 0. 0. 0. 0. 0. 0. 0. 0. 0. 0. 0. 0. 0.
    0. 0. 0. 0. 0. 0. 0. 0. 2.43000007e+00 2.13700008e+00 2.13700008e+00
    2.13700008e+00 2.13700008e+00 2.13700008e+00 2.13700008e+00
    2.13700008e+00 2.12299991e+00 2.08400011e+00 2.06800008e+00
    2.06800008e+00 2.06800008e+00 2.06800008e+00 0. 0. 0. 0. 0. 0. 0. 0.
    0. 0. 0. 0. 0. 0. 0. 0. 0. 0. 0. 0. 0. 0. 0. 0. 0. 2.99699998e+00
    2.42700005e+00 2.13700008e+00 2.13700008e+00 2.13700008e+00
    2.13700008e+00 2.13400006e+00 2.13100004e+00 2.13100004e+00
    2.11700010e+00 2.07800007e+00 2.06200004e+00 2.06200004e+00
    2.06800008e+00 2.07399988e+00 0. 0. 0. 0. 0. 0. 0. 0. 0. 0. 0. 0. 0.
    0. 0. 0. 0. 0. 0. 0. 0. 0. 0. 0. 0. 2.94899988e+00 2.41100001e+00
    2.13700008e+00 2.13700008e+00 2.13700008e+00 2.13700008e+00
    2.11400008e+00 2.09200001e+00 2.09200001e+00 2.07800007e+00
    2.03999996e+00 2.02399993e+00 2.02399993e+00 2.06399989e+00
    2.11299992e+00 0. 0. 0. 0. 0. 0. 0. 0. 0. 0. 0. 0. 0. 0. 0. 0. 0. 0.
    0. 0. 0. 0. 0. 0. 0. 2.91799998e+00 2.40100002e+00 2.13700008e+00
    2.13700008e+00 2.13700008e+00 2.13700008e+00 2.10100007e+00
    2.06800008e+00 2.06800008e+00 2.05399990e+00 2.01600003e+00 2. 2.
    2.05599999e+00 2.12299991e+00 0. 0. 0. 0. 0. 0. 0. 0. 0. 0. 0. 0. 0.
    0. 0. 0. 0. 0. 0. 0. 0. 0. 0. 0. 0. 2.91799998e+00 2.40100002e+00
    2.13700008e+00 2.13700008e+00 2.13700008e+00 2.13700008e+00
    2.10100007e+00 2.06800008e+00 2.06800008e+00 2.05399990e+00
    2.01600003e+00 2. 2. 2.03800011e+00 2.08400011e+00 0. 0. 0. 0. 0. 0.
    0. 0. 0. 0. 0. 0. 0. 0. 0. 0. 0. 0. 0. 0. 0. 0. 0. 0. 2.89400005e+00
    2.68300009e+00 2.33699989e+00 2.15400004e+00 2.14100003e+00
    2.13700008e+00 2.13700008e+00 2.10100007e+00 2.06800008e+00
    2.06800008e+00 2.05399990e+00 2.01600003e+00 2. 2. 2.03099990e+00
    2.06800008e+00 0. 0. 0. 0. 0. 0. 0. 0. 0. 0. 0. 0. 0. 0. 0. 0. 0. 0.
    0. 0. 0. 0. 0. 2.88100004e+00 2.54500008e+00 2.28500009e+00
    2.23000002e+00 2.18400002e+00 2.14700007e+00 2.13700008e+00
    2.13700008e+00 2.10100007e+00 2.06800008e+00 2.06800008e+00
    2.05399990e+00 2.01600003e+00 2. 2. 2.03099990e+00 2.06800008e+00 0.
    0. 0. 0. 0. 0. 0. 0. 0. 0. 0. 0. 0. 0. 0. 0. 0. 0. 0. 0. 0. 0. 0.
    2.80699992e+00 2.46099997e+00 2.20400000e+00 2.18600011e+00
    2.16499996e+00 2.14299989e+00 2.13700008e+00 2.13700008e+00
    2.10100007e+00 2.06800008e+00 2.06800008e+00 2.05399990e+00
    2.01600003e+00 2. 2. 2.01699996e+00 2.03699994e+00 0. 0. 0. 0. 0. 0.
    0. 0. 0. 0. 0. 0. 0. 0. 0. 0. 0. 0. 0. 0. 0. 0. 2.97499990e+00
    2.74900007e+00 2.43600011e+00 2.19700003e+00 2.15700006e+00
    2.13700008e+00 2.13700008e+00 2.13700008e+00 2.13700008e+00
    2.10100007e+00 2.06800008e+00 2.06800008e+00 2.05399990e+00
    2.01600003e+00 2. 2. 2. 2. 0. 0. 0. 0. 0. 0. 0. 0. 0. 0. 0. 0. 0. 0.
    0. 0. 0. 0. 0. 0. 0. 0. 2.82699990e+00 2.43899989e+00 2.28200006e+00
    2.16300011e+00 2.14599991e+00 2.13700008e+00 2.13700008e+00
    2.13700008e+00 2.13700008e+00 2.10100007e+00 2.06800008e+00
    2.06800008e+00 2.05399990e+00 2.01600003e+00 2. 2. 2. 2. 0. 0. 0. 0.
    0. 0. 0. 0. 0. 0. 0. 0. 0. 0. 0. 0. 0. 0. 0. 0. 0. 0. 2.71099997e+00
    2.19700003e+00 2.16199994e+00 2.13700008e+00 2.13700008e+00
    2.13400006e+00 2.12899995e+00 2.12700009e+00 2.12700009e+00
    2.09599996e+00 2.06699991e+00 2.06200004e+00 2.04600000e+00
    2.01300001e+00 2. 2. 1.69500005e+00 1.33000004e+00 0. 0. 0. 0. 0. 0.
    0. 0. 0. 0. 0. 0. 0. 0. 0. 0. 0. 0. 0. 0. 0. 0. 2.69199991e+00
    2.15799999e+00 2.14599991e+00 2.13700008e+00 2.13700008e+00
    2.12400007e+00 2.09599996e+00 2.08899999e+00 2.08899999e+00
    2.07800007e+00 2.06399989e+00 2.03699994e+00 2.01600003e+00
    2.00500011e+00 2. 2. 0. 0. 0. 0. 0. 0. 0. 0. 0. 0. 0. 0. 0. 0. 0. 0.
    0. 0. 0. 0. 0. 0. 0. 0. 2.68199992e+00 2.13700008e+00 2.13700008e+00
    2.13400006e+00 2.12400007e+00 2.09999990e+00 2.06100011e+00
    2.04999995e+00 2.04999995e+00 2.04999995e+00 2.04600000e+00
    2.01799989e+00 1.99600005e+00 1.98699999e+00 1.98300004e+00
    1.98300004e+00 0. 0. 0. 0. 0. 0. 0. 0. 0. 0. 0. 0. 0. 0. 0. 0. 0. 0.
    0. 0. 0. 0. 0. 0. 2.68199992e+00 2.13700008e+00 2.13700008e+00
    2.12800002e+00 2.09599996e+00 2.06100011e+00 2.02300000e+00
    2.01200008e+00 2.01200008e+00 2.01200008e+00 2.01099992e+00
    2.00399995e+00 1.98899996e+00 1.95799994e+00 1.94599998e+00
    1.94599998e+00 1.56700003e+00 1.11399996e+00 0. 0. 0. 0. 0. 0. 0. 0.
    0. 0. 0. 0. 0. 0. 0. 0. 0. 0. 0. 0. 0. 0. 2.67000008e+00
    2.10999990e+00 2.10999990e+00 2.10400009e+00 2.07999992e+00
    2.04900002e+00 2.01099992e+00 2. 2. 1.98699999e+00 1.97399998e+00
    1.97399998e+00 1.96599996e+00 1.94299996e+00 1.93400002e+00
    1.93400002e+00 1.93400002e+00 1.93400002e+00 0. 0. 0. 0. 0. 0. 0. 0.
    0. 0. 0. 0. 0. 0. 0. 0. 0. 0. 0. 0. 0. 0. 2.65199995e+00
    2.07100010e+00 2.07100010e+00 2.07100010e+00 2.06900001e+00
    2.04900002e+00 2.01099992e+00 2. 2. 1.96700001e+00 1.93700004e+00
    1.93700004e+00 1.93700004e+00 1.93499994e+00 1.93400002e+00
    1.93400002e+00 1.93400002e+00 1.93400002e+00 0. 0. 0. 0. 0. 0. 0. 0.
    0. 0. 0. 0. 0. 0. 0. 0. 0. 0. 0. 0. 0. 0. 2.65000010e+00
    2.06800008e+00 2.06800008e+00 2.06299996e+00 2.04299998e+00
    2.01500010e+00 1.97700000e+00 1.96599996e+00 1.96599996e+00
    1.93299997e+00 1.90199995e+00 1.90199995e+00 1.91600001e+00
    1.95299995e+00 1.95700002e+00 1.93799996e+00 1.93400002e+00
    1.93400002e+00 0. 0. 0. 0. 0. 0. 0. 0. 0. 0. 0. 0. 0. 0. 0. 0. 0. 0.
    0. 0. 0. 0. 2.64599991e+00 2.06800008e+00 2.06500006e+00
    2.05299997e+00 2.01799989e+00 1.98199999e+00 1.94500005e+00
    1.93400002e+00 1.93400002e+00 1.90100002e+00 1.87100005e+00
    1.87100005e+00 1.89800000e+00 1.97000003e+00 1.98099995e+00
    1.95000005e+00 1.78299999e+00 1.59099996e+00 0. 0. 0. 0. 0. 0. 0. 0.
    0. 0. 0. 0. 0. 0. 0. 0. 0. 0. 0. 0. 0. 0. 2.61599994e+00
    2.06699991e+00 2.04299998e+00 2.02099991e+00 2.00699997e+00
    1.98199999e+00 1.94500005e+00 1.93400002e+00 1.93400002e+00
    1.90100002e+00 1.87100005e+00 1.87100005e+00 1.89800000e+00
    1.97000003e+00 2.00600004e+00 2.01699996e+00 0. 0. 0. 0. 0. 0. 0. 0.
    0. 0. 0. 0. 0. 0. 0. 0. 0. 0. 0. 0. 0. 0. 0. 0. 2.58999991e+00
    2.05299997e+00 2.02200007e+00 2. 2. 1.98500001e+00 1.95599997e+00
