<?xml version="1.0"?>
<opencv_storage>
<Depth type_id="opencv-matrix">
  <rows>40</rows>
  <cols>40</cols>
  <dt>f</dt>
  <data>
    0. 0. 0. 0. 0. 0. 0. 0. 0. 0. 0. 0. 0. 0. 0. 0. 0. 0. 0. 0. 0. 0. 0.
    0. 0. 0. 0. 0. 0. 0. 0. 0. 0. 0. 0. 0. 0. 0. 0. 0. 0. 0. 0. 0. 0. 0.
    0. 0. 0. 0. 0. 0. 0. 0. 0. 0. 0. 0. 0. 0. 0. 0. 0. 0. 0. 0. 0. 0. 0.
    0. 0. 0. 0. 0. 0. 0. 0. 0. 0. 0. 0. 0. 0. 0. 0. 0. 0. 0. 0. 0. 0. 0.
    0. 0. 0. 0. 0. 0. 0. 0. 0. 0. 0. 0. 0. 0. 0. 0. 0. 0. 0. 0. 0. 0. 0.
    0. 0. 0. 0. 0. 0. 0. 0. 0. 0. 0. 0. 0. 0. 0. 0. 0. 0. 0. 0. 0. 0. 0.
    0. 0. 0. 0. 0. 0. 0. 0. 0. 0. 0. 0. 0. 0. 0. 0. 0. 0. 0. 0. 0. 0. 0.
    0. 0. 0. 0. 0. 0. 0. 0. 0. 0. 0. 0. 0. 0. 0. 0. 0. 0. 0. 0. 0. 0. 0.
    0. 0. 0. 0. 0. 0. 0. 0. 0. 0. 0. 0. 0. 0. 0. 0. 0. 0. 0. 0. 0. 0. 0.
    0. 0. 0. 0. 0. 0. 0. 0. 0. 0. 0. 0. 0. 0. 0. 0. 0. 0. 0. 0. 0. 0. 0.
    0. 0. 0. 0. 0. 0. 0. 0. 0. 0. 0. 0. 0. 0. 0. 0. 0. 0. 0. 0. 0. 0. 0.
    0. 0. 0. 0. 0. 0. 0. 0. 0. 0. 0. 0. 0. 0. 0. 0. 0. 0. 0. 0. 0. 0. 0.
    0. 0. 0. 0. 0. 0. 0. 0. 0. 0. 0. 0. 0. 0. 0. 0. 0. 0. 0. 0. 0. 0. 0.
    0. 0. 0. 0. 0. 0. 0. 0. 0. 0. 0. 0. 0. 0. 0. 0. 0. 0. 0. 0. 0. 0. 0.
    0. 0. 0. 0. 0. 0. 0. 0. 0. 0. 0. 0. 0. 0. 0. 0. 0. 0. 0. 0. 0. 0. 0.
    0. 0. 0. 0. 0. 0. 0. 0. 0. 0. 0. 0. 0. 0. 0. 0. 0. 0. 0. 0. 0. 0. 0.
    0. 0. 0. 0. 0. 0. 0. 0. 0. 0. 0. 0. 0. 0. 0. 0. 0. 0. 0. 0. 0. 0. 0.
    0. 0. 0. 0. 0. 0. 0. 0. 0. 0. 0. 0. 0. 0. 0. 0. 0. 0. 0. 0. 0. 0. 0.
    0. 0. 0. 0. 0. 0. 0. 0. 0. 0. 0. 0. 0. 0. 0. 0. 0. 0. 0. 0. 0. 0. 0.
    0. 0. 0. 2. 2. 2. 2. 2. 2. 2. 2. 2. 2. 2.02699995e+00 2.06500006e+00
    1.99800003e+00 1.93400002e+00 1.93400002e+00 1.93400002e+00
    1.93400002e+00 1.93400002e+00 1.93400002e+00 1.93400002e+00
    1.93400002e+00 1.93400002e+00 1.93400002e+00 1.93400002e+00
    1.95099998e+00 1.98800004e+00 2.02600002e+00 2.06500006e+00
    2.10299993e+00 2.11800003e+00 1.96800005e+00 1.87100005e+00
    1.87100005e+00 1.87100005e+00 1.87100005e+00 2.74799991e+00 0. 0. 0.
    0. 2. 2. 2. 2. 2. 2. 2. 2. 2. 2. 2.01799989e+00 2.04299998e+00
    1.99899995e+00 1.95700002e+00 1.95700002e+00 1.95700002e+00
    1.95700002e+00 1.94900000e+00 1.93599999e+00 1.93400002e+00
    1.93400002e+00 1.93400002e+00 1.93400002e+00 1.93400002e+00
    1.95099998e+00 1.98800004e+00 2.02600002e+00 2.06500006e+00
    2.10299993e+00 2.11800003e+00 1.96800005e+00 1.87100005e+00
    1.87100005e+00 1.87100005e+00 1.87100005e+00 2.46700001e+00 0. 0. 0.
    0. 2. 2. 2. 2. 2. 2. 2. 2. 2. 2. 2.00300002e+00 2.00600004e+00 2.
    1.99399996e+00 1.99399996e+00 1.99399996e+00 1.99399996e+00
    1.97399998e+00 1.94000006e+00 1.93400002e+00 1.93400002e+00
    1.93400002e+00 1.93400002e+00 1.93400002e+00 1.95099998e+00
    1.98800004e+00 2.02600002e+00 2.06500006e+00 2.10299993e+00
    2.11800003e+00 1.96800005e+00 1.87100005e+00 1.87100005e+00
    1.87100005e+00 1.87100005e+00 2.00699997e+00 2.18499994e+00 0. 0. 0.
    2. 2. 2. 2. 2. 2. 2. 2. 2. 2. 2. 2. 2. 2. 2. 2. 2. 1.98800004e+00
    1.96899998e+00 1.97899997e+00 1.99699998e+00 2.01500010e+00
    2.02900004e+00 2.02900004e+00 2.03800011e+00 2.05800009e+00
    2.07800007e+00 2.09800005e+00 2.11899996e+00 2.12700009e+00
    2.04699993e+00 1.97599995e+00 1.92299998e+00 1.89999998e+00
    1.89999998e+00 1.94500005e+00 2.00900006e+00 2.97700000e+00 0. 0. 2.
    2. 2. 2. 2. 2. 2. 2. 2. 2. 2. 2. 2. 2. 2. 2. 2. 2. 2. 2.03099990e+00
    2.06900001e+00 2.10800004e+00 2.13700008e+00 2.13700008e+00
    2.13800001e+00 2.13899994e+00 2.13899994e+00 2.13899994e+00
    2.13800001e+00 2.13700008e+00 2.13700008e+00 2.09699988e+00
    1.98399997e+00 1.93599999e+00 1.93599999e+00 1.98699999e+00
    2.06100011e+00 0. 0. 0. 2. 2. 2. 2. 2. 2. 2. 2. 2. 2. 2. 2. 2. 2. 2.
    2. 2. 2. 2. 2.03099990e+00 2.06900001e+00 2.10800004e+00
    2.13700008e+00 2.13700008e+00 2.14800000e+00 2.17199993e+00
    2.17899990e+00 2.17899990e+00 2.15799999e+00 2.13700008e+00
    2.13700008e+00 2.10500002e+00 2.01300001e+00 1.97300005e+00
    1.97300005e+00 2.46900010e+00 0. 0. 0. 0. 2. 2. 2. 2. 2. 2. 2. 2. 2.
    2. 2. 2. 2. 2. 2. 2. 2. 2. 2. 2.03099990e+00 2.06900001e+00
    2.10800004e+00 2.13700008e+00 2.13700008e+00 2.15300012e+00
    2.18700004e+00 2.20199990e+00 2.20799994e+00 2.17799997e+00
    2.14800000e+00 2.14800000e+00 2.12500000e+00 2.05999994e+00
    2.03200006e+00 2.03200006e+00 2.72700000e+00 0. 0. 0. 2.60599995e+00
    2. 2. 2. 2. 2. 2. 2. 2. 2. 2. 2. 2. 2. 2. 2. 2. 2. 2. 2.
    2.03099990e+00 2.06900001e+00 2.10800004e+00 2.13700008e+00
    2.13700008e+00 2.14199996e+00 2.15400004e+00 2.17799997e+00
    2.20600009e+00 2.19799995e+00 2.18799996e+00 2.18799996e+00
    2.18099999e+00 2.15899992e+00 2.14899993e+00 2.14899993e+00
    2.38400006e+00 2.67799997e+00 2.65799999e+00 2.58699989e+00
    2.34299994e+00 2. 2. 2. 2. 2. 2. 2. 2. 2. 2. 2. 2. 2. 2.00200009e+00
    2.01200008e+00 2.01900005e+00 2.01900005e+00 2.01300001e+00
    2.00200009e+00 2.02200007e+00 2.04999995e+00 2.08899999e+00
    2.11800003e+00 2.11800003e+00 2.12299991e+00 2.13400006e+00
    2.15700006e+00 2.18700004e+00 2.18899989e+00 2.19099998e+00
    2.20199990e+00 2.20900011e+00 2.20900011e+00 2.20900011e+00
    2.20900011e+00 2.20900011e+00 2.20900011e+00 2.20900011e+00
    2.20900011e+00 2.20900011e+00 2. 2. 2. 2. 2. 2. 2. 2. 2. 2. 2. 2. 2.
    2.00500011e+00 2.03699994e+00 2.05699992e+00 2.05699992e+00
    2.03800011e+00 2.00600004e+00 2.00500011e+00 2.01200008e+00
    2.05100012e+00 2.07900000e+00 2.07900000e+00 2.09400010e+00
    2.12700009e+00 2.14199996e+00 2.14800000e+00 2.14899993e+00
    2.15300012e+00 2.18700004e+00 2.20900011e+00 2.20900011e+00
    2.20900011e+00 2.20900011e+00 2.20900011e+00 2.20900011e+00
    2.20900011e+00 2.20900011e+00 2.20900011e+00 2. 2. 2. 2. 2. 2. 2. 2.
    2. 2. 2.01099992e+00 2.02600002e+00 2.04099989e+00 2.05800009e+00
    2.08100009e+00 2.08999991e+00 2.07399988e+00 2.03699994e+00
    1.98399997e+00 1.97399998e+00 1.97500002e+00 2.01300001e+00
    2.04099989e+00 2.04099989e+00 2.05900002e+00 2.09800005e+00
    2.10899997e+00 2.10899997e+00 2.10899997e+00 2.11700010e+00
    2.17300010e+00 2.21499991e+00 2.23099995e+00 2.23799992e+00
    2.23799992e+00 2.22499990e+00 2.20900011e+00 2.19300008e+00
    2.18000007e+00 2.18000007e+00 2. 2. 2. 2. 2. 2. 2. 2. 2. 2.
    2.02600002e+00 2.06299996e+00 2.09999990e+00 2.13199997e+00
    2.13299990e+00 2.12100005e+00 2.08299994e+00 2.02399993e+00
    1.95099998e+00 1.93700004e+00 1.93799996e+00 1.97500002e+00
    2.00300002e+00 2.00300002e+00 2.02099991e+00 2.05900002e+00
    2.07100010e+00 2.07100010e+00 2.07100010e+00 2.08100009e+00
    2.15799999e+00 2.22300005e+00 2.26200008e+00 2.27900004e+00
    2.27900004e+00 2.24799991e+00 2.20900011e+00 2.17000008e+00
    2.14000010e+00 2.14000010e+00 1.96599996e+00 1.97700000e+00
    1.99699998e+00 2. 2. 2. 2. 2. 2. 2. 2.01300001e+00 2.03099990e+00
    2.06800008e+00 2.10100007e+00 2.10100007e+00 2.08699989e+00
    2.04800010e+00 1.98899996e+00 1.91499996e+00 1.90100002e+00
    1.90199995e+00 1.93799996e+00 1.97000003e+00 1.99000001e+00
    2.00900006e+00 2.02699995e+00 2.04600000e+00 2.06599998e+00
    2.06800008e+00 2.07299995e+00 2.11100006e+00 2.15700006e+00
    2.21799994e+00 2.24399996e+00 2.24399996e+00 2.22799993e+00
    2.20900011e+00 2.16799998e+00 2.13700008e+00 2.13700008e+00
    1.93400002e+00 1.95500004e+00 1.98899996e+00 1.99399996e+00
    1.99399996e+00 1.99399996e+00 1.99500000e+00 1.99800003e+00 2. 2. 2.
    2. 2.03299999e+00 2.06200004e+00 2.06200004e+00 2.04900002e+00
    2.01399994e+00 1.95700002e+00 1.88499999e+00 1.87100005e+00
    1.87199998e+00 1.90699995e+00 1.94200003e+00 1.97599995e+00
    1.99600005e+00 1.99899995e+00 2.02600002e+00 2.06500006e+00
    2.06800008e+00 2.06800008e+00 2.06800008e+00 2.09500003e+00
    2.17000008e+00 2.20300007e+00 2.20300007e+00 2.20600009e+00
    2.20900011e+00 2.16799998e+00 2.13700008e+00 2.13700008e+00
    1.93400002e+00 1.94200003e+00 1.95500004e+00 1.95700002e+00
