<?xml version="1.0"?>
<opencv_storage>
<Depth type_id="opencv-matrix">
  <rows>40</rows>
  <cols>40</cols>
  <dt>f</dt>
  <data>
    0. 0. 0. 0. 0. 0. 0. 0. 0. 0. 0. 0. 0. 0. 0. 0. 0. 0. 0. 0. 0. 0. 0.
    0. 0. 0. 0. 0. 0. 0. 0. 0. 0. 0. 0. 0. 0. 0. 0. 0. 0. 0. 0. 0. 0. 0.
    0. 0. 0. 0. 0. 0. 0. 0. 0. 0. 0. 0. 0. 0. 0. 0. 0. 0. 0. 0. 0. 0. 0.
    0. 0. 0. 0. 0. 0. 0. 0. 0. 0. 0. 0. 0. 0. 0. 0. 0. 0. 0. 0. 0. 0. 0.
    0. 0. 0. 0. 0. 0. 0. 0. 0. 0. 0. 0. 0. 0. 0. 0. 0. 0. 0. 0. 0. 0. 0.
    0. 0. 0. 0. 0. 0. 0. 0. 0. 0. 0. 0. 0. 0. 0. 0. 0. 0. 0. 0. 0. 0. 0.
    0. 0. 0. 0. 0. 0. 0. 0. 0. 0. 0. 0. 0. 0. 0. 0. 0. 0. 0. 0. 0. 0. 0.
    0. 0. 0. 0. 0. 0. 0. 0. 0. 0. 0. 0. 0. 0. 0. 0. 0. 0. 0. 0. 0. 0. 0.
    0. 0. 0. 0. 0. 0. 0. 0. 0. 0. 0. 0. 0. 0. 0. 0. 0. 0. 0. 0. 0. 0. 0.
    0. 0. 0. 0. 0. 0. 0. 0. 0. 0. 0. 0. 0. 0. 0. 0. 0. 0. 0. 0. 0. 0. 0.
    0. 0. 0. 0. 0. 0. 0. 0. 0. 0. 0. 0. 0. 0. 0. 0. 0. 0. 0. 0. 0. 0.
    1.61399996e+00 1.94599998e+00 1.94599998e+00 1.94599998e+00
    1.96500003e+00 1.99899995e+00 2. 2.01200008e+00 2.04600000e+00
    2.08200002e+00 2.12500000e+00 2.23699999e+00 2.31399989e+00
    2.35299993e+00 2.42899990e+00 2.50300002e+00 2.54500008e+00
    2.56200004e+00 2.56200004e+00 2.56200004e+00 2.56200004e+00 0. 0. 0.
    0. 0. 0. 0. 0. 0. 0. 0. 0. 0. 0. 0. 0. 0. 0. 0. 1.80200005e+00
    1.96899998e+00 1.94599998e+00 1.94599998e+00 1.96500003e+00
    1.99899995e+00 2. 2.01200008e+00 2.04600000e+00 2.07100010e+00
    2.09800005e+00 2.19400001e+00 2.27699995e+00 2.34800005e+00
    2.42899990e+00 2.50300002e+00 2.54500008e+00 2.56200004e+00
    2.56200004e+00 2.56200004e+00 2.56200004e+00 0. 0. 0. 0. 0. 0. 0. 0.
    0. 0. 0. 0. 0. 0. 0. 0. 0. 1.01999998e+00 2.05599999e+00
    2.05599999e+00 2.00099993e+00 1.94799995e+00 1.94799995e+00
    1.96700001e+00 1.99899995e+00 2. 2.01099992e+00 2.04399991e+00
    2.05500007e+00 2.06299996e+00 2.13299990e+00 2.22399998e+00
    2.33699989e+00 2.42499995e+00 2.50000000e+00 2.54200006e+00
    2.55999994e+00 2.56200004e+00 2.56200004e+00 2.56200004e+00 0. 0. 0.
    0. 0. 0. 0. 0. 0. 0. 0. 0. 0. 0. 0. 0. 1.01999998e+00 1.68700004e+00
    2.05599999e+00 2.05599999e+00 2.01799989e+00 1.98199999e+00
    1.98199999e+00 1.98800004e+00 2. 2. 2.00399995e+00 2.01600003e+00
    2.03500009e+00 2.06100011e+00 2.10899997e+00 2.17600012e+00
    2.26300001e+00 2.36700010e+00 2.45799994e+00 2.50000000e+00
    2.53399992e+00 2.56200004e+00 2.56200004e+00 2.56200004e+00 0. 0. 0.
    0. 0. 0. 0. 0. 0. 0. 0. 0. 0. 0. 0. 0. 2.05599999e+00 2.05599999e+00
    2.05599999e+00 2.05599999e+00 2.03500009e+00 2.01500010e+00
    2.01500010e+00 2.00999999e+00 2. 2. 2. 2. 2.02500010e+00
    2.05800009e+00 2.08400011e+00 2.13700008e+00 2.22099996e+00
    2.33400011e+00 2.43499994e+00 2.47700000e+00 2.51900005e+00
    2.56100011e+00 2.54999995e+00 2.54299998e+00 0. 0. 0. 0. 0. 0. 0. 0.
    0. 0. 0. 0. 0. 0. 0. 0. 2.05599999e+00 2.05599999e+00 2.05599999e+00
    2.05599999e+00 2.05299997e+00 2.04999995e+00 2.04999995e+00
    2.03200006e+00 2.00099993e+00 2. 2. 2. 2.02500010e+00 2.05599999e+00
    2.05999994e+00 2.11199999e+00 2.21700001e+00 2.33400011e+00
    2.43499994e+00 2.47700000e+00 2.51900005e+00 2.56100011e+00
    2.52500010e+00 2.50000000e+00 0. 0. 0. 0. 0. 0. 0. 0. 0. 0. 0. 0. 0.
    0. 0. 1.16600001e+00 2.05599999e+00 2.05599999e+00 2.05599999e+00
    2.05599999e+00 2.05599999e+00 2.05599999e+00 2.05599999e+00
    2.03600001e+00 2.00099993e+00 2. 2. 2. 2.02500010e+00 2.05599999e+00
    2.05599999e+00 2.09899998e+00 2.18899989e+00 2.30200005e+00
    2.40100002e+00 2.44199991e+00 2.48399997e+00 2.52600002e+00
    2.50600004e+00 2.49300003e+00 0. 0. 0. 0. 0. 0. 0. 0. 0. 0. 0. 0. 0.
    0. 2.05599999e+00 2.05599999e+00 2.05599999e+00 2.05599999e+00
    2.05599999e+00 2.05599999e+00 2.05599999e+00 2.05599999e+00
    2.05599999e+00 2.03800011e+00 2.00799990e+00 2.00300002e+00 2. 2.
    2.02500010e+00 2.05599999e+00 2.05599999e+00 2.08800006e+00
    2.15599990e+00 2.25900006e+00 2.35500002e+00 2.40499997e+00
    2.45099998e+00 2.49200010e+00 2.49300003e+00 2.49300003e+00 0. 0. 0.
    0. 0. 0. 0. 0. 0. 0. 0. 0. 0. 0. 2.05599999e+00 2.05599999e+00
    2.05599999e+00 2.05599999e+00 2.05599999e+00 2.05599999e+00
    2.05599999e+00 2.05599999e+00 2.05599999e+00 2.05100012e+00
    2.04200006e+00 2.01699996e+00 2. 2. 2.02500010e+00 2.05599999e+00
    2.05599999e+00 2.07699990e+00 2.12299991e+00 2.20099998e+00
    2.28800011e+00 2.38700008e+00 2.45099998e+00 2.49200010e+00
    2.49300003e+00 2.49300003e+00 0. 0. 0. 0. 0. 0. 0. 0. 0. 0. 0. 0. 0.
    0. 2.11899996e+00 2.09200001e+00 2.05599999e+00 2.05599999e+00
    2.05599999e+00 2.05599999e+00 2.04600000e+00 2.03600001e+00
    2.03600001e+00 2.03600001e+00 2.03600001e+00 2.01500010e+00 2. 2.
    2.01600003e+00 2.03699994e+00 2.04900002e+00 2.06699991e+00
    2.08999991e+00 2.15499997e+00 2.23799992e+00 2.35599995e+00
    2.43600011e+00 2.49200010e+00 2.49300003e+00 2.49300003e+00 0. 0. 0.
    0. 0. 0. 0. 0. 0. 0. 0. 0. 0. 0. 2.22900009e+00 2.15499997e+00
    2.05599999e+00 2.05599999e+00 2.05599999e+00 2.05599999e+00
    2.02800012e+00 2.00099993e+00 2.00099993e+00 2.00099993e+00
    2.00099993e+00 2.00099993e+00 2. 2. 2.00099993e+00 2.00500011e+00
    2.03800011e+00 2.05599999e+00 2.05699992e+00 2.11899996e+00
    2.20099998e+00 2.31599998e+00 2.41000009e+00 2.49200010e+00
    2.49300003e+00 2.49300003e+00 0. 0. 0. 0. 0. 0. 0. 0. 0. 0. 0. 0. 0.
    0. 2.23300004e+00 2.15799999e+00 2.05500007e+00 2.03399992e+00
    2.02300000e+00 2.02300000e+00 2.01099992e+00 2. 2. 2. 2. 2. 2. 2. 2.
    2.00300002e+00 2.03800011e+00 2.05599999e+00 2.05599999e+00
    2.09899998e+00 2.16400003e+00 2.27699995e+00 2.38599992e+00
    2.49200010e+00 2.46799994e+00 2.45300007e+00 0. 0. 0. 0. 0. 0. 0. 0.
    0. 0. 0. 0. 0. 0. 2.19600010e+00 2.13700008e+00 2.05399990e+00
    2.01900005e+00 2. 2. 1.99399996e+00 1.98899996e+00 1.98899996e+00
    1.98899996e+00 1.98899996e+00 1.99500000e+00 2. 2. 2. 2.00300002e+00
    2.02999997e+00 2.04800010e+00 2.05500007e+00 2.07999992e+00
    2.12400007e+00 2.22000003e+00 2.34599996e+00 2.49099994e+00
    2.45199990e+00 2.42499995e+00 0. 0. 0. 0. 0. 0. 0. 0. 0. 0. 0. 0. 0.
    0. 2.08699989e+00 2.07399988e+00 2.05399990e+00 2.01900005e+00 2. 2.
    1.97700000e+00 1.95500004e+00 1.95500004e+00 1.95500004e+00
    1.95500004e+00 1.98199999e+00 2. 2. 2. 2.00099993e+00 2.00699997e+00
    2.02300000e+00 2.05200005e+00 2.06100011e+00 2.07699990e+00
    2.12700009e+00 2.27600002e+00 2.49000001e+00 2.45199990e+00
    2.42499995e+00 0. 0. 0. 0. 0. 0. 0. 0. 0. 0. 0. 0. 0. 0.
    2.05599999e+00 2.05599999e+00 2.05399990e+00 2.01900005e+00 2. 2.
    1.97300005e+00 1.94599998e+00 1.94599998e+00 1.94599998e+00
    1.94599998e+00 1.96399999e+00 1.98099995e+00 1.99600005e+00 2. 2. 2.
    2.01600003e+00 2.05100012e+00 2.05599999e+00 2.06399989e+00
    2.09999990e+00 2.24499989e+00 2.46000004e+00 2.45799994e+00
    2.45499992e+00 0. 0. 0. 0. 0. 0. 0. 0. 0. 0. 0. 0. 0. 0.
    2.05299997e+00 2.05299997e+00 2.05100012e+00 2.01799989e+00
    1.99899995e+00 1.99699998e+00 1.96899998e+00 1.94299996e+00
    1.94299996e+00 1.94299996e+00 1.94299996e+00 1.94299996e+00
    1.95400000e+00 1.98699999e+00 1.99800003e+00 2. 2. 2.01600003e+00
    2.05100012e+00 2.05599999e+00 2.06399989e+00 2.09999990e+00
    2.22799993e+00 2.41499996e+00 2.46300006e+00 2.49300003e+00 0. 0. 0.
    0. 0. 0. 0. 0. 0. 0. 0. 0. 0. 0. 2.01799989e+00 2.01799989e+00
    2.01699996e+00 2.00600004e+00 1.99000001e+00 1.96700001e+00
    1.93599999e+00 1.90999997e+00 1.90999997e+00 1.90999997e+00
    1.90999997e+00 1.90999997e+00 1.92100000e+00 1.95400000e+00
    1.98000002e+00 2. 2. 2.01600003e+00 2.05100012e+00 2.05599999e+00
    2.06399989e+00 2.09999990e+00 2.19799995e+00 2.33599997e+00
    2.43199992e+00 2.49300003e+00 0. 0. 0. 0. 0. 0. 0. 0. 0. 0. 0. 0. 0.
    0. 2.01600003e+00 2.00900006e+00 2. 2. 1.98500001e+00 1.95200002e+00
    1.91900003e+00 1.89199996e+00 1.89199996e+00 1.89199996e+00
