<?xml version="1.0"?>
<opencv_storage>
<Depth type_id="opencv-matrix">
  <rows>40</rows>
  <cols>40</cols>
  <dt>f</dt>
  <data>
    0. 0. 0. 0. 0. 0. 0. 0. 0. 0. 0. 0. 2.06100011e+00 2.03600001e+00
    2.01600003e+00 2.01300001e+00 2.01099992e+00 1.99699998e+00
    2.00200009e+00 2.00799990e+00 1.99899995e+00 1.99500000e+00
    1.99500000e+00 1.99500000e+00 0. 0. 0. 0. 0. 0. 0. 0. 0. 0. 0. 0. 0.
    0. 0. 0. 0. 0. 0. 0. 0. 0. 0. 0. 0. 0. 0. 0. 2.00200009e+00
    1.99699998e+00 1.99600005e+00 1.99399996e+00 1.99600005e+00
    1.99500000e+00 1.99500000e+00 1.99600005e+00 1.99500000e+00
    1.99500000e+00 1.99800003e+00 1.99800003e+00 0. 0. 0. 0. 0. 0. 0. 0.
    0. 0. 0. 0. 0. 0. 0. 0. 0. 0. 0. 0. 0. 0. 0. 0. 0. 0. 0. 0.
    1.99500000e+00 1.99500000e+00 1.99000001e+00 1.99000001e+00
    1.99500000e+00 1.99500000e+00 1.99500000e+00 1.99500000e+00
    1.99500000e+00 1.99899995e+00 2. 2. 0. 0. 0. 0. 0. 0. 0. 0. 0. 0. 0.
    0. 0. 0. 0. 0. 0. 0. 0. 0. 0. 0. 0. 0. 0. 0. 0. 0. 1.99500000e+00
    1.99500000e+00 1.99500000e+00 1.99500000e+00 1.99500000e+00
    1.99500000e+00 1.99500000e+00 1.99500000e+00 1.99500000e+00 2.
    1.99699998e+00 1.99600005e+00 2.87100005e+00 0. 0. 0. 0. 0. 0. 0. 0.
    0. 0. 0. 0. 0. 0. 0. 0. 0. 0. 0. 0. 0. 0. 0. 0. 0. 0. 0.
    1.99600005e+00 1.99500000e+00 1.99500000e+00 1.99500000e+00
    1.99500000e+00 1.99500000e+00 1.99500000e+00 1.99500000e+00
    1.99500000e+00 1.99500000e+00 1.99500000e+00 1.99600005e+00
    1.25500000e+00 0. 0. 0. 0. 0. 0. 0. 0. 0. 0. 0. 0. 0. 0. 0. 0. 0. 0.
    0. 0. 0. 0. 0. 0. 0. 0. 0. 2. 1.99500000e+00 1.99500000e+00
    1.99500000e+00 1.99500000e+00 1.99500000e+00 1.99500000e+00
    1.99500000e+00 1.99500000e+00 2. 2. 2.00300002e+00 1.25699997e+00 0.
    0. 0. 0. 0. 0. 0. 0. 0. 0. 0. 0. 0. 0. 0. 0. 0. 0. 0. 0. 0. 0. 0. 0.
    0. 0. 0. 1.63900006e+00 1.99500000e+00 1.99500000e+00 1.99500000e+00
    1.99500000e+00 1.99500000e+00 1.99500000e+00 1.99500000e+00
    1.99500000e+00 1.99800003e+00 2. 1.99699998e+00 1.25500000e+00 0. 0.
    0. 0. 0. 0. 0. 0. 0. 0. 0. 0. 0. 0. 0. 0. 0. 0. 0. 0. 0. 0. 0. 0. 0.
    0. 0. 1.69400001e+00 1.99500000e+00 1.99500000e+00 1.99800003e+00
    1.99500000e+00 1.99500000e+00 1.99500000e+00 1.99500000e+00
    1.99600005e+00 1.99800003e+00 2. 1.99800003e+00 1.99899995e+00 0. 0.
    0. 0. 0. 0. 0. 0. 0. 0. 0. 0. 0. 0. 0. 0. 0. 0. 0. 0. 0. 0. 0. 0. 0.
    0. 0. 2.00500011e+00 1.99600005e+00 1.99500000e+00 1.99500000e+00
    1.99500000e+00 1.99500000e+00 1.99500000e+00 1.99500000e+00 2. 2. 2.
    2. 2. 0. 0. 0. 0. 0. 0. 0. 0. 0. 0. 0. 0. 0. 0. 0. 0. 0. 0. 0. 0. 0.
    0. 0. 0. 0. 0. 0. 2.01200008e+00 1.99899995e+00 1.99500000e+00
    1.99500000e+00 1.99500000e+00 1.99500000e+00 1.99500000e+00
    1.99600005e+00 2. 2. 2. 2. 2. 2.56800008e+00 0. 0. 0. 0. 0. 0. 0. 0.
    0. 0. 0. 0. 0. 0. 0. 0. 0. 0. 0. 0. 0. 0. 0. 0. 0. 0. 1.64699996e+00
    2.00399995e+00 1.99500000e+00 1.99500000e+00 1.99500000e+00
    1.99500000e+00 1.99500000e+00 1.99800003e+00 2. 2. 1.99500000e+00
    1.99600005e+00 1.99800003e+00 1.25000000e+00 0. 0. 0. 0. 0. 0. 0. 0.
    0. 0. 0. 0. 0. 0. 0. 0. 0. 0. 0. 0. 0. 0. 0. 0. 0. 0. 0.
    2.00099993e+00 1.99500000e+00 1.99500000e+00 1.99500000e+00
    1.99500000e+00 1.99500000e+00 1.99800003e+00 2.00300002e+00
    2.00099993e+00 1.99800003e+00 1.99899995e+00 2. 1.25000000e+00 0. 0.
    0. 0. 0. 0. 0. 0. 0. 0. 0. 0. 0. 0. 0. 0. 0. 0. 0. 0. 0. 0. 0. 0. 0.
    0. 0. 2. 1.99500000e+00 1.99500000e+00 1.99500000e+00 1.99500000e+00
    1.99800003e+00 2. 2. 2.00099993e+00 2.00500011e+00 2.00300002e+00
    2.00300002e+00 1.67700005e+00 0. 0. 0. 0. 0. 0. 0. 0. 0. 0. 0. 0. 0.
    0. 0. 0. 0. 0. 0. 0. 0. 0. 0. 0. 0. 0. 0. 2.00300002e+00
    1.99500000e+00 1.99500000e+00 1.99500000e+00 1.99500000e+00
    1.99800003e+00 2.00099993e+00 2. 2.00200009e+00 2.00200009e+00
    2.00500011e+00 2.00500011e+00 2.00699997e+00 0. 0. 0. 0. 0. 0. 0. 0.
    0. 0. 0. 0. 0. 0. 0. 0. 0. 0. 0. 0. 0. 0. 0. 0. 0. 0. 0.
    2.00799990e+00 1.99699998e+00 1.99500000e+00 1.99699998e+00
    1.99699998e+00 1.99500000e+00 2.00399995e+00 2.00099993e+00
    2.00099993e+00 2.00300002e+00 2.00500011e+00 2.00500011e+00
    2.00799990e+00 1.57299995e+00 0. 0. 0. 0. 0. 0. 0. 0. 0. 0. 0. 0. 0.
    0. 0. 0. 0. 0. 0. 0. 0. 0. 0. 0. 0. 0. 2.02800012e+00 2.
    1.99500000e+00 1.99500000e+00 1.99600005e+00 1.99500000e+00
    1.99800003e+00 2. 2. 2. 2.00300002e+00 2.00500011e+00 2.00799990e+00
    0. 0. 0. 0. 0. 0. 0. 0. 0. 0. 0. 0. 0. 0. 0. 0. 0. 0. 0. 0. 0. 0. 0.
    0. 0. 0. 0. 1.34800005e+00 2.00200009e+00 1.99899995e+00
    1.99800003e+00 1.99600005e+00 1.99500000e+00 1.99899995e+00
    1.99500000e+00 2. 2. 2.00300002e+00 2.00500011e+00 2.00500011e+00 0.
    0. 0. 0. 0. 0. 0. 0. 0. 0. 0. 0. 0. 0. 0. 0. 0. 0. 0. 0. 0. 0. 0. 0.
    0. 0. 0. 1.34800005e+00 2.00699997e+00 1.99800003e+00 1.99500000e+00
    2. 2.00200009e+00 2. 2. 2. 2.00200009e+00 2.00399995e+00
    2.00699997e+00 2.00500011e+00 2.83999991e+00 0. 0. 0. 0. 0. 0. 0. 0.
    0. 0. 0. 0. 0. 0. 0. 0. 0. 0. 0. 0. 0. 0. 0. 0. 0. 0. 1.34800005e+00
    2.00500011e+00 1.99500000e+00 1.99500000e+00 1.99800003e+00
    2.00500011e+00 2. 2. 2.00200009e+00 2.00399995e+00 2.00500011e+00
    2.00500011e+00 2.01099992e+00 2.01099992e+00 0. 0. 0. 0. 0. 0. 0. 0.
    0. 0. 0. 0. 0. 0. 0. 0. 0. 0. 0. 0. 0. 0. 0. 0. 0. 0. 0.
    2.01200008e+00 2. 1.99500000e+00 1.99899995e+00 2.00500011e+00
    2.00099993e+00 2. 2.00500011e+00 2.00500011e+00 2.00500011e+00
    2.01099992e+00 2.00900006e+00 2.00699997e+00 0. 0. 0. 0. 0. 0. 0. 0.
    0. 0. 0. 0. 0. 0. 0. 0. 0. 0. 0. 0. 0. 0. 0. 0. 0. 0. 0.
    2.01699996e+00 2.00600004e+00 2. 2. 2. 2. 2.00099993e+00
    2.00200009e+00 2.00500011e+00 2.00699997e+00 2.01099992e+00
    2.00799990e+00 2.00799990e+00 0. 0. 0. 0. 0. 0. 0. 0. 0. 0. 0. 0. 0.
    0. 0. 0. 0. 0. 0. 0. 0. 0. 0. 0. 0. 0. 0. 2.02500010e+00
    2.00799990e+00 2. 2. 2. 2. 2.00200009e+00 2. 2.00500011e+00
    2.00799990e+00 2.01099992e+00 2.01099992e+00 2.01099992e+00 0. 0. 0.
    0. 0. 0. 0. 0. 0. 0. 0. 0. 0. 0. 0. 0. 0. 0. 0. 0. 0. 0. 0. 0. 0. 0.
    0. 2.03299999e+00 2.00900006e+00 2. 2. 2. 2. 2.00399995e+00
    2.00500011e+00 2.00500011e+00 2.00500011e+00 2.00900006e+00
    2.00900006e+00 2.00699997e+00 2.50600004e+00 0. 0. 0. 0. 0. 0. 0. 0.
    0. 0. 0. 0. 0. 0. 0. 0. 0. 0. 0. 0. 0. 0. 0. 0. 0. 0. 1.35399997e+00
    2.01200008e+00 2.00500011e+00 2.00500011e+00 2.00099993e+00 2.
    2.00399995e+00 2.01099992e+00 2.00500011e+00 2.00500011e+00
    2.00500011e+00 2.00600004e+00 2.00500011e+00 2.47799993e+00 0. 0. 0.
    0. 0. 0. 0. 0. 0. 0. 0. 0. 0. 0. 0. 0. 0. 0. 0. 0. 0. 0. 0. 0. 0. 0.
    0. 2.01099992e+00 2.00500011e+00 2.00500011e+00 2.00399995e+00
    2.00300002e+00 2.00200009e+00 2.00500011e+00 2.00999999e+00
    2.00900006e+00 2.00900006e+00 2.00699997e+00 2.00500011e+00
    2.80599999e+00 0. 0. 0. 0. 0. 0. 0. 0. 0. 0. 0. 0. 0. 0. 0. 0. 0. 0.
    0. 0. 0. 0. 0. 0. 2.91300011e+00 0. 0. 2.01399994e+00 2.00500011e+00
    2.00500011e+00 2.00500011e+00 2.00500011e+00 2.00300002e+00
    2.00500011e+00 2.00900006e+00 2.01099992e+00 2.01099992e+00
    2.01099992e+00 2.01500010e+00 2.39800000e+00 0. 0. 0. 0. 0. 0. 0. 0.
    0. 0. 0. 0. 0. 0. 0. 0. 0. 0. 0. 0. 0. 0. 0. 0. 0. 0. 0.
    2.02300000e+00 2.00500011e+00 2.00200009e+00 2.00500011e+00
    2.00900006e+00 2.00500011e+00 2.00500011e+00 2.00600004e+00
    2.00900006e+00 2.01099992e+00 2.01099992e+00 2.01399994e+00
    2.64800000e+00 0. 0. 0. 0. 0. 0. 0. 0. 0. 0. 0. 0. 0. 0. 0. 0. 0. 0.
    0. 0. 0. 0. 0. 0. 2.65899992e+00 0. 0. 1.35800004e+00 2.00500011e+00
    2. 2.00500011e+00 2.01099992e+00 2.01099992e+00 2.00500011e+00
    2.00900006e+00 2.00799990e+00 2.00699997e+00 2.01099992e+00
    2.01099992e+00 2.38199997e+00 0. 0. 0. 0. 0. 0. 0. 0. 0. 0. 0. 0. 0.
    0. 0. 0. 0. 0. 0. 0. 0. 0. 0. 0. 1.38399994e+00 0. 0. 1.35800004e+00
    2.00699997e+00 2.00500011e+00 2.00500011e+00 2.00600004e+00
    2.00699997e+00 2.01099992e+00 2.01099992e+00 2.00799990e+00
