<?xml version="1.0"?>
<opencv_storage>
<Depth type_id="opencv-matrix">
  <rows>40</rows>
  <cols>40</cols>
  <dt>f</dt>
  <data>
    0. 0. 0. 0. 0. 0. 0. 0. 0. 0. 0. 0. 0. 0. 0. 0. 0. 0. 0. 0. 0. 0. 0.
    0. 0. 0. 0. 0. 0. 0. 0. 0. 0. 0. 0. 0. 0. 0. 0. 0. 0. 0. 0. 0. 0. 0.
    0. 0. 0. 0. 0. 0. 0. 0. 0. 0. 0. 0. 0. 0. 0. 0. 0. 0. 0. 0. 0. 0. 0.
    0. 0. 0. 0. 0. 0. 0. 0. 0. 0. 0. 0. 0. 0. 0. 0. 0. 0. 0. 0. 0. 0. 0.
    0. 0. 0. 0. 0. 0. 0. 0. 0. 0. 0. 0. 0. 0. 0. 0. 0. 0. 0. 0. 0. 0. 0.
    0. 0. 0. 0. 0. 0. 0. 0. 0. 0. 0. 0. 0. 0. 0. 0. 0. 0. 0. 0. 0. 0. 0.
    0. 0. 0. 0. 0. 0. 0. 0. 0. 0. 0. 0. 0. 0. 0. 0. 0. 0. 0. 0. 0. 0. 0.
    0. 0. 0. 0. 0. 0. 0. 0. 0. 0. 0. 0. 0. 0. 0. 0. 0. 0. 0. 0. 0. 0. 0.
    0. 0. 0. 0. 0. 0. 0. 0. 0. 0. 0. 0. 0. 0. 0. 0. 0. 0. 0. 0. 0. 0. 0.
    0. 0. 0. 0. 0. 0. 0. 0. 0. 0. 0. 0. 0. 0. 0. 0. 0. 0. 0. 0. 0. 0. 0.
    0. 0. 0. 0. 0. 0. 0. 0. 0. 0. 0. 0. 0. 0. 0. 0. 0. 0. 0. 0. 0. 0. 0.
    0. 0. 0. 0. 0. 0. 0. 0. 0. 0. 0. 0. 0. 0. 0. 0. 0. 0. 0. 0. 0. 0. 0.
    0. 0. 0. 0. 0. 0. 0. 0. 0. 0. 0. 0. 0. 0. 0. 0. 0. 0. 0. 0. 0. 0. 0.
    0. 0. 0. 0. 0. 0. 0. 0. 0. 0. 0. 0. 0. 0. 0. 0. 0. 0. 0. 0. 0. 0. 0.
    0. 0. 0. 0. 0. 0. 0. 0. 0. 0. 0. 0. 0. 0. 0. 0. 0. 0. 0. 0. 0. 0. 0.
    0. 0. 0. 0. 0. 0. 0. 0. 0. 0. 0. 0. 0. 0. 0. 1.96700001e+00
    1.96700001e+00 1.96700001e+00 1.96700001e+00 1.96700001e+00
    1.99300003e+00 2. 2. 1.99399996e+00 1.96700001e+00 1.96700001e+00
    1.96700001e+00 1.96700001e+00 2.13599992e+00 2.75600004e+00
    2.75600004e+00 2.78699994e+00 2.80599999e+00 2.61400008e+00 2. 2. 2.
    2.41499996e+00 2.92199993e+00 2.96199989e+00 2.96199989e+00
    2.96199989e+00 2.98799992e+00 0. 0. 0. 0. 2.98900008e+00
    2.96199989e+00 2.96199989e+00 2.96199989e+00 2.96199989e+00
    2.96199989e+00 2.96199989e+00 2.96199989e+00 1.96700001e+00
    1.96700001e+00 1.96700001e+00 1.96700001e+00 1.96700001e+00
    1.97500002e+00 1.97700000e+00 1.97700000e+00 1.97500002e+00
    1.96700001e+00 1.96700001e+00 1.96700001e+00 1.96700001e+00
    2.01699996e+00 2.19799995e+00 2.19799995e+00 2.19400001e+00
    2.19099998e+00 2.14499998e+00 2. 2. 2. 2.45000005e+00 2.98799992e+00
    0. 0. 2.54600000e+00 2.33599997e+00 2.34400010e+00 2.40400004e+00
    2.94499993e+00 0. 0. 2.98799992e+00 2.96199989e+00 2.96199989e+00
    2.96199989e+00 2.96199989e+00 2.96199989e+00 2.96199989e+00
    1.96700001e+00 1.96700001e+00 1.97300005e+00 1.98399997e+00
    1.98399997e+00 1.94599998e+00 1.93499994e+00 1.94099998e+00
    1.95099998e+00 1.95099998e+00 1.95099998e+00 1.96099997e+00
    1.96700001e+00 1.96399999e+00 1.95099998e+00 1.95099998e+00
    1.94200003e+00 1.93599999e+00 1.95099998e+00 2. 2. 2. 2.22700000e+00
    2.49200010e+00 2.48300004e+00 2.52300000e+00 2.21700001e+00
    2.06599998e+00 2.06100011e+00 2.08899999e+00 2.44899988e+00
    2.49600005e+00 2.49600005e+00 2.48799992e+00 2.47000003e+00
    2.47000003e+00 2.48200011e+00 2.75099993e+00 2.99000001e+00
    2.91899991e+00 1.96700001e+00 1.96700001e+00 1.97500002e+00
    1.99000001e+00 1.99000001e+00 1.92400002e+00 1.90499997e+00
    1.91700006e+00 1.93400002e+00 1.92600000e+00 1.92600000e+00
    1.95099998e+00 1.96700001e+00 1.96000004e+00 1.93599999e+00
    1.93599999e+00 1.93599999e+00 1.93599999e+00 1.94900000e+00
    1.99000001e+00 1.99800003e+00 2. 2. 1.99100006e+00 1.97099996e+00
    2.02600002e+00 2.05599999e+00 2.06599998e+00 2.05599999e+00
    2.02900004e+00 2.00300002e+00 2. 2. 2. 2. 2. 2.02300000e+00
    2.38700008e+00 2.70499992e+00 2.60899997e+00 1.96700001e+00
    1.96899998e+00 1.97000003e+00 1.96700001e+00 1.96700001e+00
    1.91900003e+00 1.90499997e+00 1.91700006e+00 1.92999995e+00
    1.90499997e+00 1.90499997e+00 1.94000006e+00 1.96300006e+00
    1.95700002e+00 1.93599999e+00 1.93599999e+00 1.93599999e+00
    1.93599999e+00 1.94299996e+00 1.96800005e+00 1.99199998e+00
    1.99899995e+00 2. 1.99100006e+00 1.96700001e+00 1.96700001e+00
    2.03099990e+00 2.06200004e+00 2.05200005e+00 2.02600002e+00
    2.00300002e+00 2. 2. 2. 2. 2. 2.01999998e+00 2.02800012e+00
    2.02800012e+00 2.02500010e+00 1.96700001e+00 1.98399997e+00
    1.98599994e+00 1.96700001e+00 1.96700001e+00 1.91900003e+00
    1.90499997e+00 1.91700006e+00 1.92999995e+00 1.90499997e+00
    1.90499997e+00 1.92499995e+00 1.93799996e+00 1.93799996e+00
    1.93599999e+00 1.93599999e+00 1.93599999e+00 1.93599999e+00
    1.94299996e+00 1.96700001e+00 1.96899998e+00 1.98899996e+00 2.
    1.99100006e+00 1.96700001e+00 1.96700001e+00 2.01300001e+00
    2.03500009e+00 2.02500010e+00 2.00200009e+00 2. 2. 2. 2. 2. 2.
    2.00200009e+00 2.00200009e+00 2.00200009e+00 2.00600004e+00
    1.98500001e+00 1.99600005e+00 1.98800004e+00 1.96700001e+00
    1.96700001e+00 1.95400000e+00 1.95000005e+00 1.95400000e+00
    1.95299995e+00 1.92799997e+00 1.92799997e+00 1.93299997e+00
    1.93599999e+00 1.93599999e+00 1.93599999e+00 1.93599999e+00
    1.93599999e+00 1.93599999e+00 1.94299996e+00 1.96700001e+00
    1.96700001e+00 1.97300005e+00 1.97599995e+00 1.97399998e+00
    1.96899998e+00 1.98800004e+00 2.00300002e+00 2.00900006e+00
    2.00600004e+00 1.99800003e+00 1.97800004e+00 1.97599995e+00
    1.98800004e+00 2. 1.99699998e+00 1.97800004e+00 1.97599995e+00
    1.97599995e+00 1.98399997e+00 2.00099993e+00 1.99199998e+00
    1.99000001e+00 1.97700000e+00 1.96700001e+00 1.96700001e+00
    1.96700001e+00 1.96700001e+00 1.96700001e+00 1.96399999e+00
    1.95299995e+00 1.93900001e+00 1.93599999e+00 1.94299996e+00
    1.95299995e+00 1.95299995e+00 1.95299995e+00 1.95299995e+00
    1.95299995e+00 1.95599997e+00 1.96700001e+00 1.96700001e+00
    1.96700001e+00 1.96700001e+00 1.96700001e+00 1.96800005e+00
    1.98000002e+00 1.98199999e+00 1.99100006e+00 2. 1.99699998e+00
    1.97000003e+00 1.96700001e+00 1.98399997e+00 2. 1.99600005e+00
    1.97000003e+00 1.96700001e+00 1.96700001e+00 1.97800004e+00 2.
    1.98300004e+00 1.97700000e+00 1.96700001e+00 1.96700001e+00
    1.96700001e+00 1.96700001e+00 1.96700001e+00 1.96700001e+00
    1.96700001e+00 1.96700001e+00 1.95099998e+00 1.94700003e+00
    1.95500004e+00 1.96700001e+00 1.96700001e+00 1.96700001e+00
    1.96700001e+00 1.96700001e+00 1.96700001e+00 1.96700001e+00
    1.96700001e+00 1.97399998e+00 1.97800004e+00 1.97800004e+00
    1.97700000e+00 1.96800005e+00 1.96700001e+00 1.98300004e+00 2.
    1.99800003e+00 1.98099995e+00 1.97800004e+00 1.98899996e+00 2.
    1.99600005e+00 1.97000003e+00 1.96700001e+00 1.96700001e+00
    1.97800004e+00 2. 1.96700001e+00 1.96700001e+00 1.96700001e+00
    1.96700001e+00 1.96700001e+00 1.96700001e+00 1.96700001e+00
    1.96700001e+00 1.96700001e+00 1.96700001e+00 1.96700001e+00
    1.96700001e+00 1.96700001e+00 1.96700001e+00 1.96700001e+00
    1.96700001e+00 1.96700001e+00 1.96700001e+00 1.96700001e+00
    1.96700001e+00 1.96700001e+00 1.98500001e+00 1.99500000e+00
    1.99500000e+00 1.99300003e+00 1.97099996e+00 1.96700001e+00
    1.98300004e+00 2. 2. 2. 2. 2. 2. 1.99699998e+00 1.97399998e+00
    1.97200000e+00 1.97200000e+00 1.98099995e+00 2. 1.96700001e+00
    1.96700001e+00 1.96700001e+00 1.96700001e+00 1.96700001e+00
    1.96700001e+00 1.96700001e+00 1.96700001e+00 1.96700001e+00
    1.96700001e+00 1.96700001e+00 1.96700001e+00 1.96700001e+00
    1.96700001e+00 1.96700001e+00 1.96700001e+00 1.96700001e+00
    1.96700001e+00 1.96700001e+00 1.96700001e+00 1.96700001e+00
    1.96800005e+00 1.96899998e+00 1.96899998e+00 1.96899998e+00
    1.96700001e+00 1.96700001e+00 1.98300004e+00 2. 2. 2. 2. 2. 2. 2.
    1.99800003e+00 1.99800003e+00 1.99800003e+00 1.99899995e+00 2.
    1.96700001e+00 1.96700001e+00 1.96700001e+00 1.96700001e+00
    1.96700001e+00 1.96700001e+00 1.96700001e+00 1.96700001e+00
    1.96700001e+00 1.96700001e+00 1.96700001e+00 1.96700001e+00
    1.96700001e+00 1.96700001e+00 1.96700001e+00 1.98699999e+00
    1.97599995e+00 1.96700001e+00 1.97300005e+00 1.99199998e+00
    1.99199998e+00 1.97599995e+00 1.96700001e+00 1.96700001e+00
    1.96700001e+00 1.96700001e+00 1.96700001e+00 1.98300004e+00 2. 2. 2.
