<?xml version="1.0"?>
<opencv_storage>
<Depth type_id="opencv-matrix">
  <rows>40</rows>
  <cols>40</cols>
  <dt>f</dt>
  <data>
    0. 0. 0. 0. 0. 0. 0. 0. 0. 0. 0. 0. 0. 0. 2.25300002e+00 0. 0. 0. 0.
    0. 2.98399997e+00 2.74000001e+00 2.41300011e+00 2.09699988e+00
    2.00900006e+00 2.00999999e+00 2.00699997e+00 2.00600004e+00
    2.00900006e+00 0. 0. 0. 0. 0. 0. 0. 0. 0. 0. 0. 0. 0. 0. 0. 0. 0. 0.
    0. 0. 2.02399993e+00 0. 0. 0. 0. 0. 1.70700002e+00 1.99100006e+00
    1.99100006e+00 1.99500000e+00 1.99500000e+00 1.99699998e+00 2. 2.
    2.00099993e+00 2.00399995e+00 2.00900006e+00 2.00900006e+00
    2.00799990e+00 2.00900006e+00 0. 0. 0. 0. 0. 0. 0. 0. 0. 0. 0. 0. 0.
    0. 0. 0. 0. 0. 0. 0. 1.99000001e+00 2.16599989e+00 2.16799998e+00
    2.17600012e+00 2. 1.99500000e+00 1.99399996e+00 1.99100006e+00
    1.99399996e+00 1.99500000e+00 1.99500000e+00 1.99500000e+00
    1.99699998e+00 1.99500000e+00 2. 2.00399995e+00 2.00500011e+00
    2.00999999e+00 2.01099992e+00 2.00900006e+00 0. 0. 0. 0. 0. 0. 0. 0.
    0. 0. 0. 0. 0. 0. 0. 0. 0. 0. 0. 1.99800003e+00 1.99000001e+00
    1.98699999e+00 1.99000001e+00 1.99100006e+00 1.99500000e+00
    1.99500000e+00 1.99500000e+00 1.99500000e+00 1.99500000e+00
    1.99500000e+00 1.99500000e+00 1.99899995e+00 1.99600005e+00
    1.99500000e+00 1.99899995e+00 2.00900006e+00 2.00900006e+00
    2.01300001e+00 2.01099992e+00 2.00900006e+00 1.09700000e+00 0. 0. 0.
    0. 0. 0. 0. 0. 0. 0. 0. 0. 0. 0. 0. 1.98199999e+00 1.98199999e+00
    1.97899997e+00 1.98699999e+00 1.99100006e+00 1.99100006e+00
    1.99100006e+00 1.99100006e+00 1.99100006e+00 1.99199998e+00
    1.99500000e+00 1.99500000e+00 1.99500000e+00 1.99500000e+00
    1.99600005e+00 2. 2.00099993e+00 2. 2.00300002e+00 2.00799990e+00
    2.01300001e+00 2.01300001e+00 2.01300001e+00 2.01300001e+00
    2.01300001e+00 0. 0. 0. 0. 0. 0. 0. 0. 0. 0. 0. 0. 0. 0. 0.
    1.98199999e+00 1.97800004e+00 1.98199999e+00 1.98699999e+00
    1.98899996e+00 1.99000001e+00 1.99100006e+00 1.99100006e+00
    1.99100006e+00 1.99199998e+00 1.99500000e+00 1.99500000e+00
    1.99500000e+00 1.99800003e+00 2. 2. 2.00099993e+00 2. 2.00300002e+00
    2. 2.00900006e+00 2.01300001e+00 2.01300001e+00 2.00999999e+00
    2.00699997e+00 0. 0. 0. 0. 0. 0. 0. 0. 0. 0. 0. 0. 0. 0. 0.
    1.98199999e+00 1.97800004e+00 1.98199999e+00 1.98300004e+00
    1.99000001e+00 1.99000001e+00 1.99100006e+00 1.99100006e+00
    1.99100006e+00 1.99399996e+00 1.99500000e+00 1.99500000e+00
    1.99500000e+00 1.99500000e+00 2. 1.99699998e+00 2. 2. 2.00399995e+00
    2.00300002e+00 2.01200008e+00 2.01300001e+00 2.01300001e+00
    2.01300001e+00 2.00399995e+00 1.24800003e+00 0. 0. 0. 0. 0. 0. 0. 0.
    0. 0. 0. 0. 0. 0. 1.97800004e+00 1.97800004e+00 1.98199999e+00
    1.98699999e+00 1.98800004e+00 1.99100006e+00 1.99100006e+00
    1.99100006e+00 1.99100006e+00 1.99100006e+00 1.99199998e+00
    1.99500000e+00 1.99500000e+00 1.99500000e+00 1.99500000e+00
    1.99899995e+00 2. 2.00399995e+00 2.00799990e+00 2.00900006e+00
    2.01300001e+00 2.01300001e+00 2.01300001e+00 2.01300001e+00
    2.00399995e+00 0. 0. 0. 0. 0. 0. 0. 0. 0. 0. 0. 0. 0. 0. 0.
    1.97800004e+00 1.97800004e+00 1.98199999e+00 1.98300004e+00
    1.98699999e+00 1.98899996e+00 1.99100006e+00 1.99100006e+00
    1.99100006e+00 1.99100006e+00 1.99199998e+00 1.99500000e+00
    1.99500000e+00 1.99500000e+00 1.99500000e+00 1.99600005e+00 2.
    2.00399995e+00 2.00399995e+00 2.00399995e+00 2.01300001e+00
    2.01300001e+00 2.00900006e+00 2.01300001e+00 2.01300001e+00
    2.05699992e+00 0. 0. 0. 0. 0. 0. 0. 0. 0. 0. 0. 0. 0. 0.
    1.88900006e+00 1.97899997e+00 1.97800004e+00 1.98300004e+00
    1.98699999e+00 1.98899996e+00 1.99100006e+00 1.99100006e+00
    1.99100006e+00 1.99199998e+00 1.99500000e+00 1.99500000e+00
    1.99500000e+00 1.99600005e+00 2. 2. 2.00200009e+00 2.00399995e+00
    2.00399995e+00 2.00900006e+00 2.01300001e+00 2.01300001e+00
    2.00999999e+00 2.01300001e+00 2.00500011e+00 1.98899996e+00 0. 0. 0.
    0. 0. 0. 0. 0. 0. 0. 0. 0. 0. 0. 1.48000002e+00 1.97800004e+00
    1.97800004e+00 1.98300004e+00 1.98699999e+00 1.98800004e+00
    1.99100006e+00 1.99100006e+00 1.99100006e+00 1.99100006e+00
    1.99399996e+00 1.99500000e+00 1.99500000e+00 2. 2. 2. 2.00300002e+00
    2.00399995e+00 2.00500011e+00 2.00699997e+00 2.01300001e+00
    2.01300001e+00 2.01300001e+00 2.01399994e+00 2.01099992e+00
    2.01200008e+00 0. 0. 0. 0. 0. 0. 0. 0. 0. 0. 0. 0. 0. 0.
    1.48000002e+00 1.97800004e+00 1.98000002e+00 1.98500001e+00
    1.98699999e+00 1.98800004e+00 1.99100006e+00 1.99100006e+00
    1.99100006e+00 1.99100006e+00 1.99100006e+00 1.99500000e+00
    1.99500000e+00 1.99699998e+00 2. 2. 2.00200009e+00 2.00399995e+00
    2.00399995e+00 2.00399995e+00 2.01300001e+00 2.01300001e+00
    2.01300001e+00 2.01600003e+00 2.01600003e+00 2.01300001e+00
    1.55400002e+00 0. 0. 0. 0. 0. 0. 0. 0. 0. 0. 0. 0. 0. 1.48000002e+00
    1.97800004e+00 1.98099995e+00 1.98300004e+00 1.98699999e+00
    1.98899996e+00 1.99100006e+00 1.99100006e+00 1.99500000e+00
    1.99100006e+00 1.99199998e+00 1.99500000e+00 1.99500000e+00
    1.99500000e+00 1.99600005e+00 1.99500000e+00 1.99699998e+00
    2.00399995e+00 2.00399995e+00 2.00399995e+00 2.01300001e+00
    2.01300001e+00 2.01300001e+00 2.01300001e+00 2.01300001e+00
    2.01300001e+00 1.97399998e+00 0. 0. 0. 0. 0. 0. 0. 0. 0. 0. 0. 0. 0.
    1.48000002e+00 1.98099995e+00 1.98199999e+00 1.98699999e+00
    1.99100006e+00 1.99100006e+00 1.99100006e+00 1.99100006e+00
    1.99500000e+00 1.99500000e+00 1.99500000e+00 1.99500000e+00
    1.99500000e+00 1.99899995e+00 1.99899995e+00 1.99500000e+00
    1.99699998e+00 2.00600004e+00 2.00399995e+00 2.00900006e+00
    2.01300001e+00 2.01300001e+00 2.01300001e+00 2.01300001e+00
    2.01300001e+00 2.01300001e+00 1.98699999e+00 0. 0. 0. 0. 0. 0. 0. 0.
    0. 0. 0. 0. 0. 0. 1.98199999e+00 1.98699999e+00 1.98699999e+00
    1.99100006e+00 1.99100006e+00 1.99100006e+00 1.99500000e+00
    1.99500000e+00 1.99500000e+00 1.99500000e+00 1.99500000e+00
    1.99500000e+00 1.99500000e+00 2. 2. 2. 2.00399995e+00 2.00399995e+00
    2.00799990e+00 2.01300001e+00 2.01300001e+00 2.01300001e+00
    2.01300001e+00 2.01300001e+00 2.01300001e+00 2.01300001e+00
    2.82800007e+00 0. 0. 0. 0. 0. 0. 0. 0. 0. 0. 0. 0. 0. 1.91799998e+00
    1.98199999e+00 1.98199999e+00 1.98699999e+00 1.98899996e+00
    1.99100006e+00 1.99399996e+00 1.99199998e+00 1.99500000e+00
    1.99500000e+00 1.99500000e+00 1.99500000e+00 1.99500000e+00
    1.99500000e+00 2. 2. 2. 2.00399995e+00 2.00399995e+00 2.00900006e+00
    2.01300001e+00 2.01300001e+00 2.01300001e+00 2.01300001e+00
    2.01300001e+00 1.95099998e+00 2.07699990e+00 0. 0. 0. 0. 0. 0. 0. 0.
    0. 0. 0. 0. 0. 1.70200002e+00 1.98199999e+00 1.98199999e+00
    1.98699999e+00 1.99100006e+00 1.99100006e+00 1.99100006e+00
    1.99300003e+00 1.99500000e+00 1.99500000e+00 1.99500000e+00
    1.99500000e+00 1.99500000e+00 1.99699998e+00 2. 2.00099993e+00 2.
    2.00399995e+00 2.00600004e+00 2.01099992e+00 2.01300001e+00
    2.01300001e+00 2.01300001e+00 2.01300001e+00 2.01300001e+00
    1.77300000e+00 0. 0. 0. 0. 0. 0. 0. 0. 0. 0. 0. 0. 0. 0. 0.
    1.93700004e+00 1.98300004e+00 1.99000001e+00 1.99100006e+00
    1.99100006e+00 1.99100006e+00 1.99100006e+00 1.99500000e+00
    1.99500000e+00 1.99500000e+00 1.99500000e+00 2. 2. 2. 2.00399995e+00
    2.00399995e+00 2.00399995e+00 2.00900006e+00 2.01300001e+00
    2.01300001e+00 2.01300001e+00 2.01300001e+00 2.01300001e+00
    2.01300001e+00 1.37300003e+00 0. 1.56799996e+00 0. 0. 0. 0. 0. 0. 0.
    0. 0. 0. 0. 0. 0. 1.02699995e+00 1.98699999e+00 1.99100006e+00
    1.99100006e+00 1.99100006e+00 1.99100006e+00 1.99500000e+00
    1.99500000e+00 1.99500000e+00 1.99500000e+00 1.99500000e+00
    1.99500000e+00 1.99500000e+00 1.99600005e+00 2. 2.00099993e+00
    2.00399995e+00 2.00900006e+00 2.01300001e+00 2.01300001e+00
    2.01300001e+00 2.01300001e+00 2.01300001e+00 2.01699996e+00
    1.96099997e+00 0. 0. 0. 0. 0. 0. 0. 0. 0. 0. 0. 0. 0. 0. 0. 0.
