<?xml version="1.0"?>
<opencv_storage>
<Depth type_id="opencv-matrix">
  <rows>40</rows>
  <cols>40</cols>
  <dt>f</dt>
  <data>
    0. 0. 0. 0. 0. 0. 0. 0. 0. 0. 0. 0. 0. 0. 0. 0. 0. 0. 0.
    2.92400002e+00 2.92199993e+00 2.91899991e+00 2.04699993e+00
    2.04900002e+00 2.04299998e+00 2.03900003e+00 2.55399990e+00 0. 0. 0.
    0. 0. 0. 0. 0. 0. 0. 0. 0. 0. 0. 0. 0. 0. 0. 0. 0. 0. 0. 0. 0. 0. 0.
    0. 0. 0. 0. 0. 2.17000008e+00 2.02699995e+00 2.02800012e+00
    2.03900003e+00 2.03900003e+00 2.04200006e+00 2.03600001e+00
    2.03200006e+00 2.16899991e+00 0. 0. 0. 0. 0. 0. 0. 0. 0. 0. 0. 0. 0.
    0. 0. 0. 0. 0. 0. 0. 0. 0. 0. 0. 0. 0. 0. 0. 2.00900006e+00
    2.00900006e+00 2.01900005e+00 2.01900005e+00 2.01900005e+00
    2.02300000e+00 2.02900004e+00 2.02699995e+00 2.02900004e+00
    2.03500009e+00 2.02900004e+00 2.01799989e+00 2.87599993e+00 0. 0. 0.
    0. 0. 0. 0. 0. 0. 0. 0. 0. 0. 0. 0. 0. 0. 0. 0. 0. 0. 0.
    2.73600006e+00 2.41000009e+00 2.39800000e+00 2.37800002e+00
    2.16100001e+00 2.00900006e+00 2.00900006e+00 2.01900005e+00
    2.01900005e+00 2.01900005e+00 2.01900005e+00 2.02200007e+00
    2.01900005e+00 2.02900004e+00 2.03500009e+00 2.02900004e+00
    2.01500010e+00 2.00900006e+00 0. 0. 0. 0. 0. 0. 0. 0. 0. 0. 0. 0. 0.
    0. 0. 0. 0. 0. 2.35100007e+00 2.00900006e+00 2.00900006e+00
    2.00999999e+00 2.01699996e+00 2.01600003e+00 2.00900006e+00
    2.01900005e+00 2.01900005e+00 2.01900005e+00 2.01900005e+00
    2.01900005e+00 2.01900005e+00 2.01900005e+00 2.01999998e+00
    2.01900005e+00 2.02900004e+00 2.02900004e+00 2.03399992e+00
    2.03699994e+00 2.02900004e+00 2.02900004e+00 2.53699994e+00 0. 0. 0.
    0. 0. 0. 0. 0. 0. 0. 0. 0. 0. 0. 0. 0. 2.36199999e+00 2.00900006e+00
    2.00900006e+00 2.00900006e+00 2.00900006e+00 2.00900006e+00
    2.00900006e+00 2.00900006e+00 2.01200008e+00 2.01200008e+00
    2.01200008e+00 2.01200008e+00 2.01200008e+00 2.01600003e+00
    2.01900005e+00 2.02699995e+00 2.02600002e+00 2.03600001e+00
    2.03600001e+00 2.03399992e+00 2.02900004e+00 2.02900004e+00
    2.03500009e+00 2.54600000e+00 0. 0. 0. 0. 0. 0. 0. 0. 0. 0. 0. 0. 0.
    0. 0. 0. 2. 2. 2.00099993e+00 2.00900006e+00 2.00900006e+00
    2.00900006e+00 2.00900006e+00 2.00900006e+00 2.00900006e+00
    2.00900006e+00 2.00900006e+00 2.00900006e+00 2.00900006e+00
    2.01399994e+00 2.01900005e+00 2.02699995e+00 2.02699995e+00
    2.02900004e+00 2.03699994e+00 2.02800012e+00 2.02699995e+00
    2.02699995e+00 2.02900004e+00 2.47300005e+00 0. 0. 0. 0. 0. 0. 0. 0.
    0. 0. 0. 0. 0. 0. 2.49300003e+00 2.13000011e+00 2. 2. 2.
    2.00600004e+00 2.00900006e+00 2.00900006e+00 2.00900006e+00
    2.00900006e+00 2.00900006e+00 2.00900006e+00 2.00900006e+00
    2.00900006e+00 2.00900006e+00 2.01099992e+00 2.01900005e+00
    2.01900005e+00 2.01900005e+00 2.02200007e+00 2.02900004e+00
    2.02399993e+00 2.01900005e+00 2.01900005e+00 2.02800012e+00
    2.03900003e+00 0. 0. 0. 0. 0. 0. 0. 0. 0. 0. 0. 0. 0. 0.
    2.02699995e+00 2.01200008e+00 2. 2. 2. 2. 2.00099993e+00
    2.00900006e+00 2.00900006e+00 2.00900006e+00 2.00900006e+00
    2.00900006e+00 2.00900006e+00 2.00900006e+00 2.00900006e+00
    2.00900006e+00 2.00900006e+00 2.01399994e+00 2.01900005e+00
    2.01900005e+00 2.01900005e+00 2.01900005e+00 2.01999998e+00
    2.01900005e+00 2.02800012e+00 2.02999997e+00 2.94199991e+00 0. 0. 0.
    0. 0. 0. 0. 0. 0. 0. 0. 0. 0. 2.03399992e+00 2.01999998e+00
    2.00600004e+00 2.00600004e+00 2. 2. 2. 2.00600004e+00 2.00900006e+00
    2.00900006e+00 2.00900006e+00 2.00900006e+00 2.00900006e+00
    2.00900006e+00 2.00900006e+00 2.00900006e+00 2.00900006e+00
    2.01099992e+00 2.01900005e+00 2.01900005e+00 2.01900005e+00
    2.01900005e+00 2.02300000e+00 2.01900005e+00 2.02800012e+00
    2.03200006e+00 2.02699995e+00 0. 0. 0. 0. 0. 0. 0. 0. 0. 0. 0. 0. 0.
    2.03900003e+00 2.03200006e+00 2.01699996e+00 2.00799990e+00 2. 2. 2.
    2.00500011e+00 2.00799990e+00 2.00799990e+00 2.00799990e+00
    2.00900006e+00 2.00900006e+00 2.00900006e+00 2.00900006e+00
    2.00900006e+00 2.00900006e+00 2.00900006e+00 2.01900005e+00
    2.01900005e+00 2.01900005e+00 2.01900005e+00 2.01900005e+00
    2.01900005e+00 2.02800012e+00 2.02500010e+00 2.01999998e+00
    2.48699999e+00 0. 0. 0. 0. 0. 0. 0. 0. 0. 0. 0. 0. 2.04399991e+00
    2.03200006e+00 2.02200007e+00 2.00300002e+00 2. 2. 2. 2. 2. 2. 2.
    2.00500011e+00 2.00900006e+00 2.00900006e+00 2.00900006e+00
    2.00900006e+00 2.00900006e+00 2.00900006e+00 2.01300001e+00
    2.01900005e+00 2.01300001e+00 2.01300001e+00 2.01900005e+00
    2.01900005e+00 2.02800012e+00 2.02900004e+00 2.02900004e+00
    2.22399998e+00 0. 0. 0. 0. 0. 0. 0. 0. 0. 0. 0. 0. 0. 2.04200006e+00
    2.02500010e+00 2.00300002e+00 2. 2. 2. 2. 2. 2. 2. 2. 2.
    2.00500011e+00 2.00900006e+00 2.00900006e+00 2.00900006e+00
    2.00900006e+00 2.00900006e+00 2.00900006e+00 2.00900006e+00
    2.00900006e+00 2.01900005e+00 2.01900005e+00 2.02800012e+00
    2.01900005e+00 2.01900005e+00 2.01900005e+00 0. 0. 0. 0. 0. 0. 0. 0.
    0. 0. 0. 0. 0. 2.40899992e+00 2.02900004e+00 2.00300002e+00 2. 2. 2.
    2. 2. 2. 2. 2. 2. 2.00500011e+00 2.00900006e+00 2.00900006e+00
    2.00900006e+00 2.00900006e+00 2.00900006e+00 2.00900006e+00
    2.00900006e+00 2.01200008e+00 2.01900005e+00 2.01300001e+00
    2.02300000e+00 2.01900005e+00 2.02399993e+00 2.02500010e+00 0. 0. 0.
    0. 0. 0. 0. 0. 0. 0. 0. 0. 0. 2.68000007e+00 2.04699993e+00
    2.01799989e+00 2. 2. 2. 2. 2. 2. 2. 2. 2. 2. 2.00900006e+00
    2.00900006e+00 2.00900006e+00 2.00900006e+00 2.00900006e+00
    2.00900006e+00 2.00900006e+00 2.00900006e+00 2.00900006e+00
    2.00900006e+00 2.01799989e+00 2.01900005e+00 2.02800012e+00
    2.03299999e+00 0. 0. 0. 0. 0. 0. 0. 0. 0. 0. 0. 0. 0. 2.68000007e+00
    2.04699993e+00 2.02500010e+00 2. 1.99300003e+00 1.99100006e+00
    1.99800003e+00 2. 2. 2. 2. 2. 2. 2.00399995e+00 2.00600004e+00
    2.00399995e+00 2.00900006e+00 2.00900006e+00 2.00900006e+00
    2.00900006e+00 2.00900006e+00 2.00900006e+00 2.00900006e+00
    2.01799989e+00 2.01900005e+00 2.02800012e+00 2.02900004e+00
    2.02900004e+00 2.77800012e+00 0. 0. 0. 0. 0. 0. 0. 0. 0. 0. 0.
    2.73200011e+00 2.04699993e+00 2.03200006e+00 2.00699997e+00
    1.99300003e+00 1.99000001e+00 1.99699998e+00 2. 2. 2. 2. 2. 2. 2. 2.
    2. 2. 2.00900006e+00 2. 2.00900006e+00 2.00900006e+00 2.00900006e+00
    2.00900006e+00 2.01799989e+00 2.01900005e+00 2.01900005e+00
    2.01900005e+00 2.01900005e+00 2.43700004e+00 0. 0. 0. 0. 0. 0. 0. 0.
    0. 0. 0. 0. 2.06699991e+00 2.04900002e+00 2.02099991e+00
    1.99800003e+00 1.99500000e+00 1.99800003e+00 2. 1.99699998e+00
    1.99500000e+00 2. 2. 2. 2. 2. 2. 2. 2.00399995e+00 2. 2.00399995e+00
    2.00399995e+00 2.00900006e+00 2.00900006e+00 2.01300001e+00
    2.01600003e+00 2.01900005e+00 2.01900005e+00 2.01900005e+00
    2.02099991e+00 2.50399995e+00 0. 0. 0. 0. 0. 0. 0. 0. 0. 0. 0.
    2.08400011e+00 2.06200004e+00 2.03500009e+00 2.00600004e+00
    1.99800003e+00 1.99000001e+00 2. 1.99399996e+00 1.99000001e+00
    1.99600005e+00 2. 2. 2. 2. 2. 2. 2. 2. 2. 2. 2. 2.00900006e+00
    2.00900006e+00 2.00900006e+00 2.00900006e+00 2.00900006e+00
    2.01799989e+00 2.01900005e+00 2.01900005e+00 0. 0. 0. 0. 0. 0. 0. 0.
    0. 0. 0. 0. 2.40799999e+00 2.04500008e+00 2.01200008e+00
    1.98899996e+00 1.98099995e+00 1.99000001e+00 1.99000001e+00
    1.99000001e+00 1.99300003e+00 1.99600005e+00 2. 2. 2. 2. 2. 2. 2. 2.
    2. 2. 2.00699997e+00 2.00900006e+00 2.00900006e+00 2.00900006e+00
    2.00900006e+00 2.01799989e+00 2.00900006e+00 2.00900006e+00
    2.80500007e+00 0. 0. 0. 0. 0. 0. 0. 0. 0. 0. 0. 2.77800012e+00
    2.04500008e+00 2.01500010e+00 1.98899996e+00 1.98099995e+00
    1.98199999e+00 1.99000001e+00 1.99000001e+00 1.99000001e+00
    1.99000001e+00 1.99000001e+00 2. 2. 2. 2. 2. 2. 2. 2. 2.
    2.00399995e+00 2.00900006e+00 2.00900006e+00 2.00900006e+00
    2.00900006e+00 2.01799989e+00 2.00900006e+00 2.00900006e+00
    2.40499997e+00 0. 0. 0. 0. 0. 0. 0. 0. 0. 0. 0. 0. 2.03800011e+00
