<?xml version="1.0"?>
<opencv_storage>
<Depth type_id="opencv-matrix">
  <rows>40</rows>
  <cols>40</cols>
  <dt>f</dt>
  <data>
    0. 0. 0. 0. 0. 0. 0. 0. 0. 0. 0. 0. 0. 0. 0. 0. 0. 0. 0. 0. 0. 0. 0.
    0. 0. 0. 0. 0. 0. 0. 0. 0. 0. 0. 0. 0. 0. 0. 0. 0. 0. 0. 0. 0. 0. 0.
    0. 0. 0. 0. 0. 0. 0. 0. 0. 0. 0. 0. 0. 0. 0. 0. 0. 0. 0. 0. 0. 0. 0.
    0. 0. 0. 0. 0. 0. 0. 0. 0. 0. 0. 0. 0. 0. 0. 0. 0. 0. 0. 0. 0. 0. 0.
    0. 0. 0. 0. 0. 0. 0. 0. 0. 0. 0. 0. 0. 0. 0. 0. 0. 0. 0. 0. 0. 0. 0.
    0. 0. 0. 0. 0. 0. 0. 0. 0. 0. 0. 0. 0. 2.61199999e+00 0.
    2.90599990e+00 2.04399991e+00 2.06100011e+00 2.07599998e+00
    2.07999992e+00 0. 0. 0. 0. 0. 0. 0. 0. 0. 0. 0. 0. 0. 0. 0. 0. 0. 0.
    0. 0. 0. 0. 0. 0. 0. 0. 0. 0. 0. 0. 0. 0. 0. 2.00200009e+00
    2.03500009e+00 2.03099990e+00 2.02699995e+00 2.02699995e+00
    2.03099990e+00 2.02099991e+00 2.01900005e+00 2.01500010e+00
    2.01500010e+00 2.02300000e+00 2.03200006e+00 2.05900002e+00
    2.05699992e+00 2.01500010e+00 2.01099992e+00 0. 0. 0. 2.05999994e+00
    2.91199994e+00 2.07200003e+00 2.06599998e+00 2.05900002e+00
    2.06399989e+00 0. 0. 0. 0. 0. 0. 0. 0. 0. 0. 0. 0. 0. 2.26399994e+00
    0. 1.35000002e+00 2.03600001e+00 2.03099990e+00 2.02699995e+00
    2.02699995e+00 2.02699995e+00 2.02099991e+00 2.01900005e+00
    2.01399994e+00 2.01099992e+00 2.01099992e+00 2.00799990e+00
    2.00500011e+00 2.00699997e+00 2.00600004e+00 2.00399995e+00
    2.00200009e+00 1.99899995e+00 1.99199998e+00 1.99699998e+00
    1.99899995e+00 2.03500009e+00 2.03099990e+00 2.06100011e+00
    2.06399989e+00 0. 0. 0. 0. 0. 0. 0. 0. 0. 0. 0. 0. 0. 0. 0.
    1.34800005e+00 2.03500009e+00 2.03099990e+00 2.02699995e+00
    2.02699995e+00 2.02699995e+00 2.02399993e+00 2.01900005e+00
    2.01500010e+00 2.01200008e+00 2.00699997e+00 2.00600004e+00
    2.00200009e+00 2.00500011e+00 2.00399995e+00 2. 1.99899995e+00
    1.99399996e+00 1.99199998e+00 1.99000001e+00 1.99000001e+00
    1.98699999e+00 1.98199999e+00 1.98199999e+00 2.06299996e+00 0. 0. 0.
    0. 0. 0. 0. 0. 0. 0. 0. 0. 0. 2.24699998e+00 0. 2.03900003e+00
    2.03600001e+00 2.03099990e+00 2.02699995e+00 2.02699995e+00
    2.02699995e+00 2.02300000e+00 2.01900005e+00 2.01500010e+00
    2.01200008e+00 2.01099992e+00 2.00600004e+00 2.00099993e+00
    2.00399995e+00 2. 2. 1.99600005e+00 1.99199998e+00 1.98899996e+00
    1.98899996e+00 1.98899996e+00 1.98500001e+00 1.98099995e+00
    1.98099995e+00 1.95000005e+00 0. 0. 0. 0. 0. 0. 0. 0. 0. 0. 0. 0. 0.
    0. 0. 2.03099990e+00 2.03500009e+00 2.03099990e+00 2.02699995e+00
    2.02699995e+00 2.02300000e+00 2.02300000e+00 2.01900005e+00
    2.01500010e+00 2.01099992e+00 2.01099992e+00 2.00600004e+00
    2.00200009e+00 2.00399995e+00 2.00200009e+00 2. 1.99800003e+00
    1.99199998e+00 1.98899996e+00 1.98899996e+00 1.98899996e+00
    1.98500001e+00 1.98099995e+00 1.98099995e+00 1.31900001e+00 0. 0. 0.
    0. 0. 0. 0. 0. 0. 0. 0. 0. 0. 2.26399994e+00 0. 2.03500009e+00
    2.03099990e+00 2.02999997e+00 2.02699995e+00 2.02399993e+00
    2.02300000e+00 2.02099991e+00 2.01500010e+00 2.01500010e+00
    2.01099992e+00 2.01099992e+00 2.00600004e+00 2. 2.00399995e+00
    2.00200009e+00 2. 2. 1.99399996e+00 1.98899996e+00 1.98899996e+00
    1.98899996e+00 1.98500001e+00 1.98199999e+00 1.97800004e+00 0. 0. 0.
    0. 0. 0. 0. 0. 0. 0. 0. 0. 0. 0. 2.26900005e+00 0. 2.03099990e+00
    2.03099990e+00 2.03099990e+00 2.02699995e+00 2.02399993e+00
    2.02300000e+00 2.01699996e+00 2.01500010e+00 2.01500010e+00
    2.01099992e+00 2.00799990e+00 2.00600004e+00 2. 2.00399995e+00
    2.00099993e+00 2. 1.99600005e+00 1.99600005e+00 1.99199998e+00
    1.98800004e+00 1.98500001e+00 1.98500001e+00 1.97899997e+00
    1.97599995e+00 0. 0. 0. 0. 0. 0. 0. 0. 0. 0. 0. 0. 0. 0.
    1.42799997e+00 0. 2.03299999e+00 2.03099990e+00 2.03099990e+00
    2.02699995e+00 2.02699995e+00 2.02399993e+00 2.01999998e+00
    2.01500010e+00 2.01200008e+00 2.01099992e+00 2.01099992e+00
    2.00600004e+00 2. 2.00200009e+00 2. 2. 1.99600005e+00 1.99600005e+00
    1.99199998e+00 1.98599994e+00 1.98500001e+00 1.98199999e+00
    1.97800004e+00 1.97300005e+00 0. 0. 0. 0. 0. 0. 0. 0. 0. 0. 0. 0. 0.
    0. 0. 0. 2.03500009e+00 2.03099990e+00 2.02699995e+00 2.02699995e+00
    2.02699995e+00 2.02300000e+00 2.01900005e+00 2.01500010e+00
    2.01099992e+00 2.01099992e+00 2.00699997e+00 2.00600004e+00 2. 2.
    1.99800003e+00 1.99600005e+00 1.99199998e+00 1.99199998e+00
    1.98899996e+00 1.98500001e+00 1.98500001e+00 1.98099995e+00
    1.98500001e+00 1.98500001e+00 0. 0. 0. 0. 0. 0. 0. 0. 0. 0. 0. 0. 0.
    0. 0. 0. 2.03099990e+00 2.02999997e+00 2.02999997e+00 2.02699995e+00
    2.02600002e+00 2.01900005e+00 2.01500010e+00 2.01099992e+00
    2.01099992e+00 2.00699997e+00 2.00699997e+00 2.00399995e+00
    2.00099993e+00 2. 1.99600005e+00 1.99600005e+00 1.99500000e+00
    1.99000001e+00 1.98899996e+00 1.98800004e+00 1.98500001e+00
    1.98199999e+00 1.98099995e+00 1.98399997e+00 0. 0. 0. 0. 0. 0. 0. 0.
    0. 0. 0. 0. 0. 0. 0. 0. 2.03099990e+00 2.02800012e+00 2.02699995e+00
    2.02699995e+00 2.02099991e+00 2.01500010e+00 2.01500010e+00
    2.01099992e+00 2.01099992e+00 2.00699997e+00 2.00699997e+00
    2.00200009e+00 2. 2. 1.99899995e+00 1.99899995e+00 1.99500000e+00
    1.99000001e+00 1.98899996e+00 1.98899996e+00 1.98500001e+00
    1.98199999e+00 1.97800004e+00 1.07799995e+00 0. 0. 0. 0. 0. 0. 0. 0.
    0. 0. 0. 0. 0. 0. 0. 0. 2.02900004e+00 2.03099990e+00 2.02699995e+00
    2.02699995e+00 2.01999998e+00 2.01799989e+00 2.01500010e+00
    2.01099992e+00 2.00999999e+00 2.00699997e+00 2.00699997e+00
    2.00200009e+00 2. 2. 2. 2. 1.99500000e+00 1.98899996e+00
    1.98899996e+00 1.98500001e+00 1.98500001e+00 1.97800004e+00
    1.97800004e+00 1.07799995e+00 0. 0. 0. 0. 0. 0. 0. 0. 0. 0. 0. 0. 0.
    0. 0. 0. 2.03099990e+00 2.03099990e+00 2.02699995e+00 2.02200007e+00
    2.01900005e+00 2.01699996e+00 2.01500010e+00 2.01099992e+00
    2.00699997e+00 2.00699997e+00 2.00399995e+00 2. 1.99899995e+00 2.
    1.99800003e+00 1.99600005e+00 1.99500000e+00 1.98899996e+00
    1.98699999e+00 1.98500001e+00 1.98500001e+00 1.98300004e+00
    1.98099995e+00 1.07900000e+00 0. 0. 0. 0. 0. 0. 0. 0. 0. 0. 0. 0. 0.
    0. 0. 0. 2.03099990e+00 2.02699995e+00 2.02300000e+00 2.01900005e+00
    2.01600003e+00 2.01500010e+00 2.01300001e+00 2.01099992e+00
    2.00699997e+00 2.00699997e+00 2.00500011e+00 2. 1.99699998e+00
    2.00300002e+00 1.99800003e+00 1.99300003e+00 1.99500000e+00
    1.98899996e+00 1.98500001e+00 1.98500001e+00 1.98099995e+00
    1.98099995e+00 1.98099995e+00 1.07900000e+00 0. 0. 0. 0. 0. 0. 0. 0.
    0. 0. 0. 0. 0. 0. 0. 0. 2.02999997e+00 2.02699995e+00 2.02699995e+00
    2.02200007e+00 2.01500010e+00 2.01500010e+00 2.01099992e+00
    2.00799990e+00 2.00399995e+00 2.00399995e+00 2.00300002e+00 2.
    1.99899995e+00 2.00300002e+00 1.99699998e+00 1.99199998e+00
    1.99199998e+00 1.98899996e+00 1.98899996e+00 1.98500001e+00
    1.98500001e+00 1.98099995e+00 1.98099995e+00 1.07799995e+00 0. 0. 0.
    0. 0. 0. 0. 0. 0. 0. 0. 0. 0. 0. 0. 2.02900004e+00 2.02699995e+00
    2.02699995e+00 2.02699995e+00 2.02600002e+00 2.02099991e+00
    2.01399994e+00 2.01099992e+00 2.00900006e+00 2.00699997e+00
    2.00399995e+00 2. 2. 1.99600005e+00 2. 1.99300003e+00 1.98899996e+00
    1.99100006e+00 1.98899996e+00 1.98899996e+00 1.98500001e+00
    1.98500001e+00 1.98300004e+00 1.98199999e+00 1.07900000e+00
    1.26400006e+00 0. 0. 0. 0. 0. 0. 0. 0. 0. 0. 0. 0. 0. 0.
    2.02699995e+00 2.02699995e+00 2.02300000e+00 2.02699995e+00
    2.02300000e+00 2.01699996e+00 2.01500010e+00 2.01099992e+00
    2.00699997e+00 2.00699997e+00 2.00399995e+00 2. 2. 1.99600005e+00
    1.99899995e+00 1.99600005e+00 1.99199998e+00 1.98899996e+00
    1.98899996e+00 1.98899996e+00 1.98500001e+00 1.98500001e+00
    1.98099995e+00 1.98000002e+00 1.07799995e+00 0. 0. 0. 0. 0. 0. 0. 0.
    0. 0. 0. 0. 0. 0. 0. 2.02699995e+00 2.02699995e+00 2.02399993e+00
    2.02200007e+00 2.01699996e+00 2.01500010e+00 2.01099992e+00
