<?xml version="1.0"?>
<opencv_storage>
<Depth type_id="opencv-matrix">
  <rows>40</rows>
  <cols>40</cols>
  <dt>f</dt>
  <data>
    0. 0. 0. 0. 0. 0. 0. 0. 0. 0. 0. 0. 0. 0. 0. 0. 0. 0. 0. 0. 0. 0. 0.
    0. 0. 0. 0. 0. 0. 0. 0. 0. 0. 0. 0. 0. 0. 0. 0. 0. 0. 0. 0. 0. 0. 0.
    0. 0. 0. 0. 0. 0. 0. 0. 0. 0. 0. 0. 0. 0. 0. 0. 0. 0. 0. 0. 0. 0. 0.
    0. 0. 0. 0. 0. 0. 0. 0. 0. 0. 0. 0. 0. 0. 0. 0. 0. 0. 0. 0. 0. 0. 0.
    0. 0. 0. 0. 0. 0. 0. 0. 0. 0. 0. 0. 0. 0. 0. 0. 0. 0. 0. 0. 0. 0. 0.
    0. 0. 0. 0. 0. 0. 0. 0. 0. 0. 0. 0. 0. 0. 0. 0. 0. 0. 0. 0. 0. 0. 0.
    0. 0. 0. 0. 0. 0. 0. 0. 0. 0. 0. 0. 0. 0. 0. 0. 0. 0. 0. 0. 0. 0. 0.
    0. 0. 0. 0. 0. 0. 0. 0. 0. 0. 0. 0. 0. 0. 0. 0. 0. 0. 0. 0. 0. 0. 0.
    0. 0. 0. 0. 0. 0. 0. 0. 0. 0. 0. 0. 0. 0. 0. 0. 0. 0. 0. 0. 0. 0. 0.
    0. 0. 0. 0. 0. 0. 0. 0. 0. 0. 0. 0. 0. 0. 0. 0. 0. 0. 0. 0. 0. 0. 0.
    0. 0. 0. 0. 0. 0. 0. 0. 0. 0. 0. 0. 0. 0. 0. 0. 0. 0. 0. 0. 0. 0. 0.
    0. 0. 0. 0. 0. 0. 0. 0. 0. 0. 0. 0. 0. 0. 0. 0. 0. 0. 0. 0. 0. 0. 0.
    0. 0. 0. 0. 0. 0. 0. 0. 0. 0. 0. 0. 0. 0. 0. 0. 0. 0. 0. 0. 0. 0. 0.
    0. 0. 0. 0. 0. 0. 0. 0. 0. 0. 0. 0. 0. 0. 0. 0. 0. 0. 0. 0. 0. 0. 0.
    0. 0. 0. 0. 0. 0. 0. 0. 0. 0. 0. 0. 0. 0. 0. 0. 0. 0. 0. 0. 0. 0. 0.
    0. 0. 0. 0. 0. 0. 0. 0. 0. 0. 0. 0. 0. 0. 0. 0. 0. 0. 1.63199997e+00
    2.97900009e+00 2.98000002e+00 2.98000002e+00 2.98000002e+00
    2.98000002e+00 2.98000002e+00 2.98000002e+00 2.98399997e+00 0. 0. 0.
    0. 2.98000002e+00 2.99699998e+00 0. 0. 0. 2.96399999e+00
    2.94600010e+00 2.94499993e+00 2.93799996e+00 2.59899998e+00
    2.59999990e+00 2.62299991e+00 2.59299994e+00 2.56999993e+00
    2.56100011e+00 2.54200006e+00 2.54200006e+00 2.55699992e+00
    2.56999993e+00 2.55999994e+00 2.59299994e+00 2.98099995e+00 0. 0. 0.
    0. 1.34800005e+00 2.92499995e+00 2.91100001e+00 2.93400002e+00
    2.94300008e+00 2.94600010e+00 2.94600010e+00 2.94600010e+00
    2.94600010e+00 2.94899988e+00 2.97799993e+00 2.97799993e+00
    2.97700000e+00 2.96300006e+00 2.94300008e+00 2.94300008e+00
    2.94300008e+00 2.94499993e+00 2.94400001e+00 2.88299990e+00
    2.86299992e+00 2.90499997e+00 2.70099998e+00 2.60400009e+00
    2.60500002e+00 2.62400007e+00 2.59599996e+00 2.57500005e+00
    2.55100012e+00 2.50000000e+00 2.51200008e+00 2.53999996e+00
    2.53699994e+00 2.25300002e+00 2.09599996e+00 2.09599996e+00
    2.09599996e+00 2.04500008e+00 0. 0. 1.59599996e+00 2.92300010e+00
    2.91100001e+00 2.91100001e+00 2.91100001e+00 2.93600011e+00
    2.94000006e+00 2.94000006e+00 2.94099998e+00 2.94600010e+00
    2.94600010e+00 2.94499993e+00 2.93000007e+00 2.90400004e+00
    2.90000010e+00 2.90599990e+00 2.91100001e+00 2.92899990e+00
    2.82399988e+00 2.24600005e+00 2.07200003e+00 2.68499994e+00
    2.59899998e+00 2.56100011e+00 2.55900002e+00 2.53699994e+00
    2.53699994e+00 2.56100011e+00 2.46199989e+00 2.09299994e+00
    2.10200000e+00 2.11400008e+00 2.10400009e+00 2.09400010e+00
    2.09299994e+00 2.09299994e+00 2.09500003e+00 2.04999995e+00
    1.23000002e+00 2.90300012e+00 2.90300012e+00 2.90300012e+00
    2.90799999e+00 2.91100001e+00 2.91100001e+00 2.91100001e+00
    2.91100001e+00 2.73300004e+00 2.73099995e+00 2.75699997e+00
    2.75600004e+00 2.74499989e+00 2.71300006e+00 2.68499994e+00
    2.66799998e+00 2.69400001e+00 2.72099996e+00 2.71900010e+00
    2.24200010e+00 2.01900005e+00 2.04600000e+00 2.05299997e+00
    2.05699992e+00 2.05299997e+00 2.05299997e+00 2.05299997e+00
    2.05200005e+00 2.16499996e+00 2.36800003e+00 2.06100011e+00
    2.06999993e+00 2.08100009e+00 2.08599997e+00 2.07699990e+00
    2.06900001e+00 2.06800008e+00 2.08400011e+00 2.07699990e+00
    2.31200004e+00 2.64800000e+00 2.64800000e+00 2.64800000e+00
    2.66499996e+00 2.67300010e+00 2.66799998e+00 2.66700006e+00
    2.66199994e+00 2.08899999e+00 2.07900000e+00 2.07900000e+00
    2.07800007e+00 2.06699991e+00 2.05699992e+00 2.05699992e+00
    2.05699992e+00 2.05699992e+00 2.05100012e+00 2.03399992e+00
    2.01799989e+00 2.01399994e+00 2.03299999e+00 2.03800011e+00
    2.04600000e+00 2.03299999e+00 2.03299999e+00 2.03299999e+00
    2.03399992e+00 2.01399994e+00 2. 2.00500011e+00 2.01600003e+00
    2.02900004e+00 2.04600000e+00 2.05200005e+00 2.04200006e+00
    2.03800011e+00 2.04900002e+00 2.06800008e+00 2.06900001e+00
    2.06599998e+00 2.06299996e+00 2.06699991e+00 2.06900001e+00
    2.07399988e+00 2.06100011e+00 2.05100012e+00 2.03299999e+00
    2.03099990e+00 2.03099990e+00 2.03099990e+00 2.03399992e+00
    2.04399991e+00 2.04600000e+00 2.04999995e+00 2.04999995e+00
    2.04699993e+00 2.02600002e+00 2.00099993e+00 1.99300003e+00
    1.99300003e+00 2.01900005e+00 2.02500010e+00 2.01300001e+00
    2.01200008e+00 2.01200008e+00 2.01500010e+00 2.02900004e+00
    2.01399994e+00 2. 2. 2.00799990e+00 2.02500010e+00 2.03099990e+00
    2.03099990e+00 2.03099990e+00 2.03099990e+00 2.03099990e+00
    2.04800010e+00 2.04900002e+00 2.04399991e+00 2.03399992e+00
    2.03699994e+00 2.04699993e+00 2.05699992e+00 2.05100012e+00
    2.03299999e+00 2.01999998e+00 2.01900005e+00 2.01099992e+00
    2.01099992e+00 2.01300001e+00 2.01900005e+00 2.02200007e+00
    2.02999997e+00 2.02999997e+00 2.02099991e+00 2.00099993e+00
    1.98500001e+00 1.98099995e+00 1.98099995e+00 1.99000001e+00
    1.99199998e+00 1.98500001e+00 1.98500001e+00 1.99199998e+00
    1.99500000e+00 2.01099992e+00 2.00799990e+00 2. 2. 2.00799990e+00
    2.01900005e+00 2.01900005e+00 2.01900005e+00 2.01900005e+00
    2.01900005e+00 2.01900005e+00 2.03600001e+00 2.02399993e+00
    2.02900004e+00 2.02399993e+00 2.01900005e+00 2.01999998e+00
    2.01999998e+00 2.01999998e+00 2.01099992e+00 2.00999999e+00
    2.00999999e+00 1.99100006e+00 1.99199998e+00 2.00200009e+00
    2.00999999e+00 2.01300001e+00 2.01200008e+00 2.00099993e+00
    1.99199998e+00 1.97700000e+00 1.97200000e+00 1.97200000e+00
    1.97899997e+00 1.98099995e+00 1.98099995e+00 1.96399999e+00
    1.96300006e+00 1.98099995e+00 1.98300004e+00 2. 2. 2. 2.
    2.01200008e+00 2.02800012e+00 2.02800012e+00 2.02800012e+00
    2.02800012e+00 2.02800012e+00 2.02800012e+00 2.03699994e+00
    2.00399995e+00 2.00900006e+00 2.00900006e+00 2.00900006e+00
    2.00300002e+00 2. 2. 2. 2. 2. 1.98099995e+00 1.98300004e+00 2. 2.
    2.00300002e+00 1.99899995e+00 1.98099995e+00 1.97200000e+00
    1.96300006e+00 1.96300006e+00 1.96300006e+00 1.97599995e+00
    1.98099995e+00 1.99000001e+00 1.97399998e+00 1.97300005e+00
    1.98199999e+00 1.99199998e+00 2. 2. 2. 2.00399995e+00 2.02300000e+00
    2.03800011e+00 2.03800011e+00 2.03800011e+00 2.03800011e+00
    2.03800011e+00 2.03800011e+00 2.03800011e+00 2. 2. 2. 2. 2. 2. 2. 2.
    1.98899996e+00 1.98899996e+00 1.98099995e+00 1.98300004e+00 2. 2. 2.
    1.99300003e+00 1.98099995e+00 1.97700000e+00 1.97399998e+00
    1.97399998e+00 1.97399998e+00 1.97899997e+00 1.99000001e+00
    1.99899995e+00 1.99300003e+00 1.99199998e+00 1.99300003e+00 2. 2. 2.
    2. 2.00699997e+00 2.02699995e+00 2.03800011e+00 2.03800011e+00
    2.03800011e+00 2.03800011e+00 2.03800011e+00 2.03800011e+00
    2.03800011e+00 2. 2. 2. 2. 2. 2. 2. 2. 1.98300004e+00 1.98099995e+00
    1.98199999e+00 1.99399996e+00 2. 2. 2. 1.99800003e+00 1.99399996e+00
    1.99399996e+00 1.99399996e+00 1.99399996e+00 1.99399996e+00
    1.99399996e+00 2.00900006e+00 2.00200009e+00 2. 2. 2. 2. 2. 2. 2.
    2.00699997e+00 2.02699995e+00 2.04399991e+00 2.05100012e+00
    2.04299998e+00 2.03800011e+00 2.03800011e+00 2.03800011e+00
    2.03800011e+00 2. 2. 2. 2. 2. 2. 2. 2. 1.98300004e+00 1.98099995e+00
    1.98199999e+00 2. 2. 2. 2. 2. 2. 2. 2. 2.00900006e+00 2.00399995e+00
    2. 2.01500010e+00 2.00200009e+00 2. 2. 2. 2. 2. 2.00300002e+00
    2.01399994e+00 2.01600003e+00 2.02699995e+00 2.04099989e+00
    2.04299998e+00 2.03999996e+00 2.03800011e+00 2.03800011e+00
    2.03800011e+00 2.03800011e+00 2.01500010e+00 2.01500010e+00
    2.00699997e+00 2. 2.00999999e+00 2.01500010e+00 2.00300002e+00 2.
    1.99600005e+00 1.98099995e+00 1.98199999e+00 2. 2. 2. 2. 2. 2.
