<?xml version="1.0"?>
<opencv_storage>
<Depth type_id="opencv-matrix">
  <rows>40</rows>
  <cols>40</cols>
  <dt>f</dt>
  <data>
    0. 0. 0. 0. 0. 0. 0. 0. 0. 0. 0. 0. 0. 0. 0. 0. 0. 0. 0. 0. 0. 0. 0.
    0. 0. 0. 0. 0. 0. 0. 0. 0. 0. 0. 0. 0. 0. 0. 0. 0. 0. 0. 0. 0. 0. 0.
    0. 0. 0. 0. 0. 0. 0. 0. 0. 0. 0. 0. 0. 0. 0. 0. 0. 0. 0. 0. 0. 0. 0.
    0. 0. 0. 0. 0. 0. 0. 0. 0. 0. 0. 0. 0. 0. 0. 0. 0. 0. 0. 0. 0. 0. 0.
    0. 0. 0. 0. 0. 0. 0. 0. 0. 0. 0. 0. 0. 0. 0. 0. 0. 0. 0. 0. 0. 0. 0.
    0. 0. 0. 0. 0. 0. 0. 0. 0. 0. 0. 0. 0. 0. 0. 0. 0. 0. 0. 0. 0. 0. 0.
    0. 0. 0. 0. 0. 0. 0. 0. 0. 0. 0. 0. 0. 0. 0. 0. 0. 0. 0. 0. 0. 0. 0.
    0. 0. 0. 0. 0. 0. 0. 0. 0. 0. 0. 0. 0. 0. 0. 0. 0. 0. 0. 0. 0. 0. 0.
    0. 0. 0. 0. 0. 0. 0. 0. 0. 0. 0. 0. 0. 0. 0. 0. 0. 0. 0. 0. 0. 0. 0.
    0. 0. 0. 0. 0. 0. 0. 0. 0. 0. 0. 0. 0. 0. 0. 0. 0. 0. 0. 0. 0. 0. 0.
    0. 0. 0. 0. 0. 0. 0. 0. 0. 0. 0. 0. 0. 0. 0. 0. 0. 0. 0. 0. 0. 0. 0.
    0. 0. 0. 0. 0. 0. 0. 0. 0. 0. 0. 0. 0. 0. 0. 0. 0. 0. 0. 0. 0. 0. 0.
    0. 0. 0. 0. 0. 0. 0. 0. 0. 0. 0. 0. 0. 0. 0. 0. 0. 0. 0. 0. 0. 0. 0.
    0. 0. 0. 0. 0. 0. 0. 0. 0. 0. 0. 0. 0. 0. 0. 0. 0. 0. 0. 0. 0.
    2.49099994e+00 2.52999997e+00 2.54099989e+00 2.39499998e+00
    1.75300002e+00 1.57299995e+00 1.57299995e+00 1.57299995e+00
    1.57299995e+00 1.57299995e+00 1.57299995e+00 1.55599999e+00
    1.53499997e+00 1.53499997e+00 1.53499997e+00 1.53499997e+00
    1.53499997e+00 1.55200005e+00 1.57299995e+00 1.57299995e+00
    1.57299995e+00 1.57299995e+00 1.57299995e+00 1.57299995e+00
    1.57299995e+00 1.57299995e+00 1.57299995e+00 1.57599998e+00
    1.60200000e+00 1.61199999e+00 1.61199999e+00 1.61199999e+00
    1.84599996e+00 2.20000005e+00 2.20000005e+00 2.20000005e+00
    2.20000005e+00 2.20000005e+00 2.18099999e+00 2.14899993e+00
    1.99899995e+00 2.01900005e+00 2.03299999e+00 1.97200000e+00
    1.65999997e+00 1.57299995e+00 1.57299995e+00 1.57299995e+00
    1.57299995e+00 1.57299995e+00 1.57299995e+00 1.55599999e+00
    1.53499997e+00 1.53499997e+00 1.54299998e+00 1.55400002e+00
    1.55400002e+00 1.55400002e+00 1.55400002e+00 1.55400002e+00
    1.56200004e+00 1.57299995e+00 1.57299995e+00 1.57299995e+00
    1.59800005e+00 1.78799999e+00 1.85800004e+00 1.86000001e+00
    1.87300003e+00 1.87800002e+00 1.87800002e+00 1.87800002e+00
    1.99600005e+00 2.17499995e+00 2.17499995e+00 2.18499994e+00
    2.19899988e+00 2.18199992e+00 2.16499996e+00 2.14899993e+00
    1.49800003e+00 1.49800003e+00 1.51300001e+00 1.53600001e+00
    1.56500006e+00 1.57299995e+00 1.57299995e+00 1.57299995e+00
    1.57299995e+00 1.57299995e+00 1.57299995e+00 1.55799997e+00
    1.54100001e+00 1.54100001e+00 1.55499995e+00 1.57299995e+00
    1.57299995e+00 1.55599999e+00 1.53499997e+00 1.53499997e+00
    1.59500003e+00 1.67299998e+00 1.67299998e+00 1.66900003e+00
    1.70700002e+00 2.02900004e+00 2.14899993e+00 2.14899993e+00
    2.14899993e+00 2.14599991e+00 2.14100003e+00 2.14100003e+00
    2.14100003e+00 2.14100003e+00 2.14100003e+00 2.16100001e+00
    2.18899989e+00 2.15499997e+00 2.14100003e+00 2.14100003e+00
    1.49800003e+00 1.49800003e+00 1.50100005e+00 1.51499999e+00
    1.55999994e+00 1.57299995e+00 1.57299995e+00 1.57299995e+00
    1.57299995e+00 1.57299995e+00 1.57299995e+00 1.57000005e+00
    1.56599998e+00 1.56599998e+00 1.56900001e+00 1.57299995e+00
    1.57299995e+00 1.55599999e+00 1.53499997e+00 1.53499997e+00
    1.77499998e+00 2.08899999e+00 2.08899999e+00 2.07100010e+00
    2.05599999e+00 2.12400007e+00 2.14899993e+00 2.14899993e+00
    2.14899993e+00 2.13199997e+00 2.10700011e+00 2.10700011e+00
    2.10700011e+00 2.10700011e+00 2.10700011e+00 2.12700009e+00
    2.15499997e+00 2.12199998e+00 2.10700011e+00 2.10700011e+00
    1.49500000e+00 1.48399997e+00 1.48000002e+00 1.49199998e+00
    1.54100001e+00 1.56299996e+00 1.57299995e+00 1.57299995e+00
    1.57299995e+00 1.57299995e+00 1.57299995e+00 1.57299995e+00
    1.57299995e+00 1.57299995e+00 1.58200002e+00 1.59200001e+00
    1.59200001e+00 1.69900000e+00 1.83399999e+00 1.83399999e+00
    1.98199999e+00 2.17499995e+00 2.17499995e+00 2.16400003e+00
    2.14899993e+00 2.14899993e+00 2.14899993e+00 2.14899993e+00
    2.14899993e+00 2.12800002e+00 2.09800005e+00 2.09800005e+00
    2.09800005e+00 2.09800005e+00 2.09800005e+00 2.10800004e+00
    2.12299991e+00 2.10500002e+00 2.09800005e+00 2.09800005e+00
    1.48699999e+00 1.46300006e+00 1.45700002e+00 1.46800005e+00
    1.51600003e+00 1.54999995e+00 1.57400000e+00 1.57799995e+00
    1.57900000e+00 1.57900000e+00 1.57900000e+00 1.61600006e+00
    1.65999997e+00 1.65999997e+00 1.67499995e+00 1.69299996e+00
    1.69299996e+00 1.89400005e+00 2.14899993e+00 2.14899993e+00
    2.14899993e+00 2.14800000e+00 2.14299989e+00 2.14100003e+00
    2.14100003e+00 2.14100003e+00 2.14100003e+00 2.14100003e+00
    2.14100003e+00 2.12400007e+00 2.09699988e+00 2.09200001e+00
    2.08999991e+00 2.08999991e+00 2.08999991e+00 2.08800006e+00
    2.08299994e+00 2.08299994e+00 2.08100009e+00 2.07599998e+00
    1.46300006e+00 1.44000006e+00 1.43400002e+00 1.44400001e+00
    1.49199998e+00 1.53699994e+00 1.57700002e+00 1.59899998e+00
    1.60500002e+00 1.60500002e+00 1.60500002e+00 1.80599999e+00
    2.04200006e+00 2.04200006e+00 2.04500008e+00 2.04900002e+00
    2.04900002e+00 2.09299994e+00 2.14899993e+00 2.14899993e+00
    2.14899993e+00 2.14499998e+00 2.11700010e+00 2.10700011e+00
    2.10700011e+00 2.10700011e+00 2.10700011e+00 2.10700011e+00
    2.10700011e+00 2.10400009e+00 2.09500003e+00 2.06800008e+00
    2.05699992e+00 2.05699992e+00 2.05699992e+00 2.04200006e+00
    2.01799989e+00 2.01799989e+00 2.00399995e+00 1.97800004e+00
    1.44200003e+00 1.42999995e+00 1.42700005e+00 1.43799996e+00
    1.48500001e+00 1.53400004e+00 1.61500001e+00 1.81099999e+00
    1.86899996e+00 1.86899996e+00 1.86899996e+00 1.99800003e+00
    2.14899993e+00 2.14899993e+00 2.14899993e+00 2.14899993e+00
    2.14899993e+00 2.13800001e+00 2.12500000e+00 2.12500000e+00
    2.12500000e+00 2.12199998e+00 2.10400009e+00 2.08800006e+00
    2.07399988e+00 2.07399988e+00 2.07399988e+00 2.07200003e+00
    2.05699992e+00 2.05100012e+00 2.04900002e+00 2.03200006e+00
    2.02500010e+00 2.02500010e+00 2.02500010e+00 2.00699997e+00
    1.97800004e+00 1.97800004e+00 1.96000004e+00 1.92900002e+00
    1.42700005e+00 1.42700005e+00 1.42700005e+00 1.45400000e+00
    1.57200003e+00 1.63199997e+00 1.73099995e+00 2.05399990e+00
    2.14899993e+00 2.14899993e+00 2.14899993e+00 2.14899993e+00
    2.14800000e+00 2.14299989e+00 2.14199996e+00 2.14199996e+00
    2.14199996e+00 2.11899996e+00 2.09100008e+00 2.09100008e+00
    2.09100008e+00 2.09100008e+00 2.09100008e+00 2.06999993e+00
    2.04099989e+00 2.04099989e+00 2.04099989e+00 2.03699994e+00
    2.00600004e+00 1.99300003e+00 1.99300003e+00 1.99300003e+00
    1.99300003e+00 1.99300003e+00 1.99300003e+00 1.97800004e+00
    1.95299995e+00 1.95299995e+00 1.93599999e+00 1.90499997e+00
    1.42700005e+00 1.42700005e+00 1.42700005e+00 1.52900004e+00
    1.98000002e+00 2.09299994e+00 2.08800006e+00 2.13499999e+00
    2.14899993e+00 2.14899993e+00 2.14899993e+00 2.14899993e+00
    2.14400005e+00 2.11700010e+00 2.10800004e+00 2.10800004e+00
    2.10800004e+00 2.08599997e+00 2.05800009e+00 2.05800009e+00
    2.05800009e+00 2.05800009e+00 2.05800009e+00 2.03699994e+00
    2.00900006e+00 2.00900006e+00 2.00900006e+00 2.00600004e+00
    1.97399998e+00 1.96200001e+00 1.96200001e+00 1.96200001e+00
    1.96200001e+00 1.96200001e+00 1.96200001e+00 1.95899999e+00
    1.95299995e+00 1.95299995e+00 1.93599999e+00 1.90499997e+00
    1.42700005e+00 1.42700005e+00 1.59200001e+00 1.83500004e+00
    2.14299989e+00 2.20400000e+00 2.17199993e+00 2.15400004e+00
    2.14899993e+00 2.14899993e+00 2.14899993e+00 2.13800001e+00
    2.12199998e+00 2.10400009e+00 2.08699989e+00 2.07500005e+00
    2.07500005e+00 2.05299997e+00 2.02500010e+00 2.02500010e+00
    2.02500010e+00 2.02500010e+00 2.02500010e+00 2.00500011e+00
    1.97800004e+00 1.97800004e+00 1.97800004e+00 1.97599995e+00
