<?xml version="1.0"?>
<opencv_storage>
<Depth type_id="opencv-matrix">
  <rows>40</rows>
  <cols>40</cols>
  <dt>f</dt>
  <data>
    0. 0. 0. 0. 0. 0. 0. 0. 0. 0. 0. 0. 0. 0. 0. 0. 0. 0. 0. 0. 0. 0. 0.
    0. 0. 0. 0. 0. 0. 0. 0. 0. 0. 0. 0. 0. 0. 0. 0. 0. 0. 0. 0. 0. 0. 0.
    0. 0. 0. 0. 0. 0. 0. 0. 0. 0. 0. 0. 0. 0. 0. 0. 0. 0. 0. 0. 0. 0. 0.
    0. 0. 0. 0. 0. 0. 0. 0. 0. 0. 0. 0. 0. 0. 0. 0. 0. 0. 0. 0. 0. 0. 0.
    0. 0. 0. 0. 0. 0. 0. 0. 0. 0. 0. 0. 0. 0. 0. 0. 0. 0. 0. 0. 0. 0. 0.
    0. 0. 0. 0. 0. 0. 0. 0. 0. 0. 0. 0. 0. 0. 0. 0. 0. 0. 0. 0. 0. 0. 0.
    0. 0. 0. 0. 0. 0. 0. 0. 0. 0. 0. 0. 0. 0. 0. 0. 0. 0. 0. 0. 0. 0. 0.
    0. 0. 0. 0. 0. 0. 0. 0. 0. 0. 0. 0. 0. 0. 0. 0. 0. 0. 0. 0. 0. 0. 0.
    0. 0. 0. 0. 0. 0. 0. 0. 0. 0. 0. 0. 0. 0. 0. 0. 0. 0. 0. 0. 0. 0. 0.
    0. 0. 0. 0. 0. 0. 0. 0. 0. 0. 0. 0. 0. 0. 0. 0. 0. 0. 0. 0. 0. 0. 0.
    0. 0. 0. 0. 0. 0. 0. 0. 0. 0. 0. 0. 0. 0. 0. 0. 0. 0. 0. 0. 0. 0. 0.
    0. 0. 0. 0. 0. 0. 0. 0. 0. 0. 0. 0. 0. 0. 0. 0. 0. 0. 0. 0. 0. 0. 0.
    0. 0. 0. 0. 0. 0. 0. 0. 0. 0. 0. 0. 0. 0. 0. 0. 0. 0. 0. 0. 0. 0. 0.
    0. 0. 0. 0. 0. 0. 0. 0. 0. 0. 0. 0. 0. 0. 0. 0. 0. 0. 0. 0. 0. 0. 0.
    0. 0. 0. 0. 0. 0. 0. 0. 0. 0. 0. 0. 0. 0. 0. 0. 0. 0. 0. 0. 0. 0. 0.
    0. 0. 0. 0. 0. 0. 0. 0. 0. 0. 0. 0. 0. 0. 0. 0. 0. 0. 0. 0. 0. 0. 0.
    0. 0. 0. 0. 0. 0. 0. 0. 0. 0. 0. 0. 0. 0. 0. 0. 0. 0. 0. 0. 0. 0. 0.
    0. 0. 0. 0. 0. 0. 0. 0. 0. 0. 0. 0. 0. 0. 0. 0. 0. 0. 0. 0. 0. 0. 0.
    0. 0. 0. 0. 0. 0. 0. 0. 0. 0. 0. 0. 0. 0. 0. 0. 0. 0. 0. 0. 0. 0. 0.
    0. 0. 0. 0. 0. 0. 0. 0. 0. 0. 0. 0. 0. 0. 0. 0. 0. 0. 0. 0. 0. 0. 0.
    0. 0. 0. 0. 0. 0. 0. 0. 0. 0. 0. 0. 0. 0. 0. 0. 0. 0. 0. 0.
    1.75800002e+00 1.75800002e+00 1.77699995e+00 1.81599998e+00
    1.85599995e+00 1.89600003e+00 1.93700004e+00 1.97800004e+00
    2.01999998e+00 2.06299996e+00 2.08599997e+00 2.08599997e+00
    2.08599997e+00 2.08599997e+00 0. 0. 0. 0. 0. 0. 2.06699991e+00
    2.02399993e+00 2. 2. 2. 2. 1.98199999e+00 1.94000006e+00
    1.91700006e+00 1.91700006e+00 0. 0. 0. 0. 0. 0. 0. 0. 0. 0.
    1.76300001e+00 1.77199996e+00 1.79200006e+00 1.82099998e+00
    1.85599995e+00 1.89600003e+00 1.93700004e+00 1.97800004e+00
    2.01999998e+00 2.06299996e+00 2.08599997e+00 2.08599997e+00
    2.08599997e+00 2.08599997e+00 1.13499999e+00 0. 0. 0. 0. 0.
    2.04999995e+00 2.01799989e+00 2. 2. 2. 2. 1.98199999e+00
    1.94000006e+00 1.91700006e+00 1.91700006e+00 1.05900002e+00 0. 0. 0.
    0. 0. 0. 0. 0. 0. 1.77199996e+00 1.80100000e+00 1.82099998e+00
    1.83099997e+00 1.85599995e+00 1.89600003e+00 1.93700004e+00
    1.97800004e+00 2.01999998e+00 2.06299996e+00 2.08599997e+00
    2.08599997e+00 2.08599997e+00 2.08599997e+00 1.76699996e+00
    1.07900000e+00 0. 0. 0. 1.64600003e+00 2.01699996e+00 2.00600004e+00
    2. 2. 2. 2. 1.98199999e+00 1.94000006e+00 1.91700006e+00
    1.91700006e+00 1.64100003e+00 1.00500000e+00 0. 0. 0. 0. 0. 0. 0.
    1.54299998e+00 1.79200006e+00 1.82099998e+00 1.83599997e+00
    1.83599997e+00 1.85599995e+00 1.89600003e+00 1.93700004e+00
    1.97800004e+00 2.01999998e+00 2.06299996e+00 2.08599997e+00
    2.08599997e+00 2.08599997e+00 2.08599997e+00 2.08100009e+00
    2.06999993e+00 2.04999995e+00 2.01799989e+00 2. 2. 2.00500011e+00
    2.01500010e+00 2.02099991e+00 2.02099991e+00 2.02099991e+00
    2.02099991e+00 2.00300002e+00 1.96099997e+00 1.93700004e+00
    1.93700004e+00 1.95099998e+00 1.98199999e+00 1.12899995e+00 0. 0. 0.
    0. 0. 1.91700006e+00 1.91700006e+00 1.82099998e+00 1.83099997e+00
    1.83599997e+00 1.83599997e+00 1.85599995e+00 1.89600003e+00
    1.93700004e+00 1.97800004e+00 2.01999998e+00 2.06299996e+00
    2.08599997e+00 2.08599997e+00 2.08599997e+00 2.08599997e+00
    2.07100010e+00 2.03900003e+00 2.01699996e+00 2.00600004e+00 2. 2.
    2.01500010e+00 2.04699993e+00 2.06399989e+00 2.06399989e+00
    2.06399989e+00 2.06399989e+00 2.04500008e+00 2.00300002e+00
    1.97899997e+00 1.97899997e+00 1.98300004e+00 1.99399996e+00
    1.70599997e+00 1.02400005e+00 0. 0. 0. 1.54600000e+00 1.91700006e+00
    1.91700006e+00 1.83599997e+00 1.83599997e+00 1.84099996e+00
    1.85099995e+00 1.87500000e+00 1.91600001e+00 1.95200002e+00
    1.98399997e+00 2.01999998e+00 2.06299996e+00 2.08100009e+00
    2.07100010e+00 2.06500006e+00 2.06500006e+00 2.04999995e+00
    2.01699996e+00 2. 2. 2. 2. 2.01900005e+00 2.06200004e+00
    2.08599997e+00 2.08599997e+00 2.08599997e+00 2.08599997e+00
    2.07200003e+00 2.03900003e+00 2.01600003e+00 2.00600004e+00 2. 2. 2.
    2. 2. 2. 1.98199999e+00 1.94099998e+00 1.91700006e+00 1.91700006e+00
    1.83599997e+00 1.83599997e+00 1.85099995e+00 1.88100004e+00
    1.91600001e+00 1.95700002e+00 1.98399997e+00 1.99399996e+00
    2.01999998e+00 2.06299996e+00 2.07100010e+00 2.03900003e+00
    2.02200007e+00 2.02200007e+00 2.01699996e+00 2.00600004e+00 2. 2. 2.
    2. 2.01900005e+00 2.06200004e+00 2.08599997e+00 2.08599997e+00
    2.08599997e+00 2.08599997e+00 2.08100009e+00 2.06999993e+00
    2.04999995e+00 2.01799989e+00 2. 2. 2. 2. 2. 2. 1.98199999e+00
    1.94099998e+00 1.91700006e+00 1.91700006e+00 1.84599996e+00
    1.86600006e+00 1.89600003e+00 1.93700004e+00 1.97300005e+00
    2.00500011e+00 2.02099991e+00 2.02099991e+00 2.03600001e+00
    2.06900001e+00 2.06599998e+00 2.02300000e+00 2. 2. 2. 2. 2. 2. 2. 2.
    2.01900005e+00 2.06200004e+00 2.08599997e+00 2.08599997e+00
    2.08100009e+00 2.07100010e+00 2.06500006e+00 2.06500006e+00
    2.05100012e+00 2.01799989e+00 2. 2. 2. 2. 2. 2. 1.98699999e+00
    1.95500004e+00 1.93299997e+00 1.92299998e+00 1.86600006e+00
    1.92700005e+00 1.97800004e+00 2.02099991e+00 2.04800010e+00
    2.05800009e+00 2.06399989e+00 2.06399989e+00 2.06900001e+00
    2.07999992e+00 2.06599998e+00 2.02300000e+00 2. 2. 2. 2. 2. 2. 2. 2.
    2.01900005e+00 2.06200004e+00 2.08599997e+00 2.08599997e+00
    2.07200003e+00 2.03999996e+00 2.02200007e+00 2.02200007e+00
    2.01699996e+00 2.00600004e+00 2. 2. 2. 2. 2. 2. 1.99500000e+00
    1.98500001e+00 1.96599996e+00 1.93499994e+00 1.89600003e+00
    1.97800004e+00 2.03699994e+00 2.06900001e+00 2.08599997e+00
    2.08599997e+00 2.08599997e+00 2.08599997e+00 2.08599997e+00
    2.08599997e+00 2.06599998e+00 2.02300000e+00 2. 2. 2. 2. 2. 2. 2. 2.
    2.01900005e+00 2.06200004e+00 2.08599997e+00 2.08599997e+00
    2.06699991e+00 2.02399993e+00 2. 2. 2. 2. 2. 2. 2. 2. 2. 2.
    1.99600005e+00 1.98599994e+00 1.96700001e+00 1.93499994e+00
    1.93700004e+00 2.02099991e+00 2.06900001e+00 2.07999992e+00
    2.08599997e+00 2.08599997e+00 2.08599997e+00 2.08599997e+00
    2.08599997e+00 2.08599997e+00 2.06599998e+00 2.02300000e+00 2. 2. 2.
    2. 2. 2. 2. 2. 2.01900005e+00 2.06200004e+00 2.08599997e+00
    2.08599997e+00 2.06699991e+00 2.02399993e+00 2. 2. 2. 2. 2. 2. 2. 2.
    2. 2. 1.98699999e+00 1.95599997e+00 1.93400002e+00 1.92299998e+00
    1.93499994e+00 2.04900002e+00 2.10700011e+00 2.10700011e+00
    2.10200000e+00 2.09100008e+00 2.08599997e+00 2.08599997e+00
    2.08599997e+00 2.08599997e+00 2.07100010e+00 2.03800011e+00
    2.01099992e+00 1.99100006e+00 1.98000002e+00 1.98000002e+00
    1.98500001e+00 1.99500000e+00 2. 2. 2.01900005e+00 2.06200004e+00
    2.08100009e+00 2.07100010e+00 2.04600000e+00 2.00399995e+00
    1.98000002e+00 1.98000002e+00 1.98399997e+00 1.99399996e+00 2. 2. 2.
    2. 1.99600005e+00 1.98599994e+00 1.96700001e+00 1.93499994e+00
    1.91700006e+00 1.91700006e+00 1.88600004e+00 2.06100011e+00
    2.15100002e+00 2.15100002e+00 2.13499999e+00 2.10299993e+00
    2.08599997e+00 2.08599997e+00 2.08599997e+00 2.08599997e+00
    2.08100009e+00 2.06900001e+00 2.03399992e+00 1.97200000e+00
    1.93900001e+00 1.93900001e+00 1.95299995e+00 1.98300004e+00 2. 2.
    2.01900005e+00 2.06200004e+00 2.07200003e+00 2.03999996e+00
    2.00399995e+00 1.96200001e+00 1.93900001e+00 1.93900001e+00
    1.95200002e+00 1.98300004e+00 2. 2. 2. 2. 1.98699999e+00
    1.95599997e+00 1.93400002e+00 1.92299998e+00 1.91700006e+00
    1.91700006e+00 2.27800012e+00 2.19499993e+00 2.15300012e+00
