<?xml version="1.0"?>
<opencv_storage>
<Depth type_id="opencv-matrix">
  <rows>40</rows>
  <cols>40</cols>
  <dt>f</dt>
  <data>
    0. 0. 0. 0. 0. 0. 0. 0. 0. 0. 0. 0. 0. 0. 0. 0. 0. 0. 0. 0. 0. 0. 0.
    0. 0. 0. 0. 0. 0. 0. 0. 0. 0. 0. 0. 0. 0. 0. 0. 0. 0. 0. 0. 0. 0. 0.
    0. 0. 0. 0. 0. 0. 0. 0. 0. 0. 0. 0. 0. 0. 0. 0. 0. 0. 0. 0. 0. 0. 0.
    0. 0. 0. 0. 0. 0. 0. 0. 0. 0. 0. 0. 0. 0. 0. 0. 0. 0. 0. 0. 0. 0. 0.
    0. 0. 0. 0. 0. 0. 0. 0. 0. 0. 0. 0. 0. 0. 0. 0. 0. 0. 0. 0. 0. 0. 0.
    0. 0. 0. 0. 0. 0. 0. 0. 0. 0. 0. 0. 0. 0. 0. 0. 0. 0. 0. 0. 0. 0. 0.
    0. 0. 0. 0. 0. 0. 0. 0. 0. 0. 0. 0. 0. 0. 0. 0. 0. 0. 0. 0. 0. 0. 0.
    0. 0. 0. 0. 0. 0. 0. 0. 0. 0. 0. 0. 0. 0. 0. 0. 0. 0. 0. 0. 0. 0. 0.
    0. 0. 0. 0. 0. 0. 0. 0. 0. 0. 0. 0. 0. 0. 0. 0. 0. 0. 0. 0. 0. 0. 0.
    0. 0. 0. 0. 0. 0. 0. 0. 0. 0. 0. 0. 0. 0. 0. 0. 0. 0. 0. 0. 0. 0. 0.
    0. 0. 0. 0. 0. 0. 0. 0. 0. 0. 0. 0. 0. 0. 0. 0. 0. 0. 0. 0. 0. 0. 0.
    0. 0. 0. 0. 0. 0. 0. 0. 0. 0. 0. 0. 0. 0. 0. 0. 0. 0. 0. 0. 0. 0. 0.
    0. 0. 0. 0. 0. 0. 0. 0. 0. 0. 0. 0. 0. 0. 0. 0. 0. 0. 0. 0. 0. 0. 0.
    0. 0. 0. 0. 0. 0. 0. 0. 0. 0. 0. 0. 0. 0. 0. 0. 0. 0. 0. 0. 0. 0. 0.
    0. 0. 0. 0. 0. 0. 0. 0. 0. 0. 0. 0. 0. 0. 0. 0. 0. 0. 0. 0. 0. 0. 0.
    0. 0. 0. 0. 0. 0. 0. 0. 0. 0. 0. 0. 0. 0. 0. 0. 0. 0. 0. 0. 0. 0. 0.
    0. 0. 0. 0. 0. 0. 0. 0. 0. 0. 0. 0. 0. 0. 0. 0. 0. 0. 0. 0. 0. 0. 0.
    0. 0. 0. 0. 0. 0. 0. 0. 0. 0. 0. 0. 0. 0. 0. 0. 0. 0. 0. 0. 0. 0. 0.
    0. 0. 0. 0. 0. 0. 0. 0. 0. 0. 0. 0. 0. 0. 0. 0. 0. 0. 0. 0. 0. 0. 0.
    0. 0. 0. 0. 0. 0. 0. 0. 0. 0. 0. 0. 0. 0. 0. 0. 0. 0. 0. 0. 0. 0. 0.
    0. 0. 0. 0. 0. 0. 0. 0. 0. 0. 0. 0. 0. 0. 0. 0. 0. 0. 0. 0. 0. 0. 0.
    0. 0. 0. 0. 0. 0. 0. 0. 0. 0. 0. 0. 0. 0. 0. 0. 0. 0. 0. 0. 0. 0. 0.
    0. 0. 0. 0. 0. 0. 0. 0. 0. 0. 0. 0. 0. 0. 0. 0. 0. 0. 0. 0. 0. 0. 0.
    0. 0. 0. 0. 0. 0. 0. 0. 0. 0. 0. 0. 0. 0. 0. 0. 0. 0. 0. 0. 0. 0. 0.
    0. 0. 0. 0. 0. 0. 0. 0. 2.89400005e+00 2.89400005e+00 2.88700008e+00
    2.86599994e+00 2.76999998e+00 2.67199993e+00 2.09800005e+00
    2.09299994e+00 2.09200001e+00 2.07999992e+00 2.07999992e+00
    2.07999992e+00 2.07699990e+00 2.06100011e+00 2.05299997e+00
    2.05100012e+00 2.05100012e+00 2.05100012e+00 2.04099989e+00
    2.02600002e+00 2.02600002e+00 2.02600002e+00 2.02600002e+00
    2.00999999e+00 2. 2.58800006e+00 2.74699998e+00 2.75900006e+00
    2.74300003e+00 2.72399998e+00 2.74699998e+00 2.84299994e+00
    2.84299994e+00 2.84299994e+00 2.83899999e+00 2.83899999e+00
    2.83899999e+00 2.81800008e+00 2.81800008e+00 2.81800008e+00
    2.89100003e+00 2.89400005e+00 2.78200006e+00 2.50799990e+00
    2.12400007e+00 2.05500007e+00 2.06900001e+00 2.08800006e+00
    2.07999992e+00 2.07399988e+00 2.07399988e+00 2.06999993e+00
    2.05999994e+00 2.05500007e+00 2.04699993e+00 2.03900003e+00
    2.03900003e+00 2.03900003e+00 2.03500009e+00 2.02600002e+00
    2.02600002e+00 2.02600002e+00 2.02600002e+00 2.01600003e+00
    2.00300002e+00 2. 2. 1.99199998e+00 1.98800004e+00 1.98800004e+00
    2.08899999e+00 2.64700007e+00 2.82200003e+00 2.82200003e+00
    2.81800008e+00 2.81800008e+00 2.81800008e+00 2.81800008e+00
    2.81800008e+00 2.81800008e+00 2.87299991e+00 2.32200003e+00
    2.22799993e+00 2.03900003e+00 2.05900002e+00 2.05299997e+00
    2.06100011e+00 2.07800007e+00 2.07999992e+00 2.06599998e+00
    2.06100011e+00 2.05399990e+00 2.05200005e+00 2.04099989e+00
    2.03900003e+00 2.03900003e+00 2.03699994e+00 2.02999997e+00
    2.02699995e+00 2.02600002e+00 2.02600002e+00 2.02600002e+00
    2.02600002e+00 2.02300000e+00 2.01099992e+00 2.00200009e+00
    1.99100006e+00 1.98800004e+00 1.98800004e+00 1.98000002e+00
    1.97899997e+00 2.09400010e+00 2.22099996e+00 2.22300005e+00
    2.42899990e+00 2.81800008e+00 2.81800008e+00 2.81800008e+00
    2.81800008e+00 2.81800008e+00 2.31500006e+00 2.06599998e+00
    2.06200004e+00 2.05299997e+00 2.05299997e+00 2.05299997e+00
    2.05299997e+00 2.05299997e+00 2.05299997e+00 2.04999995e+00
    2.03900003e+00 2.03900003e+00 2.03900003e+00 2.03900003e+00
    2.03900003e+00 2.02699995e+00 2.02600002e+00 2.02600002e+00
    2.02600002e+00 2.02600002e+00 2.02600002e+00 2.02600002e+00
    2.02600002e+00 2.01300001e+00 2.00600004e+00 1.99100006e+00
    1.98800004e+00 1.98300004e+00 1.97500002e+00 1.97500002e+00
    1.97300005e+00 1.96300006e+00 1.97200000e+00 1.97599995e+00
    1.99000001e+00 1.99500000e+00 2.74000001e+00 2.81800008e+00
    2.81800008e+00 2.79900002e+00 2.06900001e+00 2.06200004e+00
    2.04600000e+00 2.03699994e+00 2.03500009e+00 2.02600002e+00
    2.03099990e+00 2.03900003e+00 2.03900003e+00 2.03800011e+00
    2.02999997e+00 2.02600002e+00 2.02699995e+00 2.03500009e+00
    2.02900004e+00 2.02300000e+00 2.02200007e+00 2.02200007e+00
    2.02500010e+00 2.02600002e+00 2.02600002e+00 2.01699996e+00
    2.00999999e+00 1.99699998e+00 1.99199998e+00 1.98800004e+00
    1.98399997e+00 1.97399998e+00 1.97200000e+00 1.95200002e+00
    1.94900000e+00 1.94700003e+00 1.94700003e+00 1.94700003e+00
    1.95000005e+00 1.96200001e+00 1.98000002e+00 2.62599993e+00
    2.81100011e+00 2.79699993e+00 2.06100011e+00 2.04500008e+00
    2.03200006e+00 2.02900004e+00 2.02600002e+00 2.02600002e+00
    2.02800012e+00 2.03200006e+00 2.03900003e+00 2.03600001e+00
    2.02600002e+00 2.02600002e+00 2.02600002e+00 2.02600002e+00
    2.02600002e+00 2.01399994e+00 2.01300001e+00 2.01300001e+00
    2.02300000e+00 2.01900005e+00 2.01900005e+00 2.01500010e+00
    2.00099993e+00 1.98800004e+00 1.98800004e+00 1.98800004e+00
    1.97500002e+00 1.97099996e+00 1.96300006e+00 1.95099998e+00
    1.94200003e+00 1.93799996e+00 1.93299997e+00 1.93099999e+00
    1.93099999e+00 1.93099999e+00 1.94700003e+00 2.01900005e+00
    2.32299995e+00 2.67799997e+00 2.05699992e+00 2.02800012e+00
    2.02600002e+00 2.02600002e+00 2.02600002e+00 2.01500010e+00
    2.01999998e+00 2.02600002e+00 2.02800012e+00 2.02800012e+00
    2.02600002e+00 2.02600002e+00 2.02600002e+00 2.02600002e+00
    2.02600002e+00 2.02399993e+00 2.02099991e+00 2.01300001e+00
    2.01500010e+00 2.00200009e+00 2.00200009e+00 2.00200009e+00
    1.99100006e+00 1.98800004e+00 1.98800004e+00 1.98800004e+00
    1.97500002e+00 1.97099996e+00 1.95599997e+00 1.94099998e+00
    1.93799996e+00 1.93299997e+00 1.92600000e+00 1.92600000e+00
    1.92600000e+00 1.92600000e+00 1.92799997e+00 1.92799997e+00
    1.92999995e+00 2.03099990e+00 2.04200006e+00 2.02600002e+00
    2.02600002e+00 2.02500010e+00 2.02399993e+00 2.01300001e+00
    2.01799989e+00 2.02600002e+00 2.02600002e+00 2.02600002e+00
    2.01799989e+00 2.01300001e+00 2.01300001e+00 2.01300001e+00
    2.01200008e+00 2.01099992e+00 2.01300001e+00 2.01099992e+00
    2.00099993e+00 1.98800004e+00 1.98800004e+00 1.98800004e+00
    1.98800004e+00 1.98800004e+00 1.98800004e+00 1.98800004e+00
    1.97500002e+00 1.97099996e+00 1.95400000e+00 1.93900001e+00
    1.93700004e+00 1.93099999e+00 1.92499995e+00 1.92499995e+00
    1.92499995e+00 1.92499995e+00 1.91499996e+00 1.90999997e+00
    1.90199995e+00 1.90900004e+00 2.03399992e+00 2.02600002e+00
    2.02600002e+00 2.01900005e+00 2.01300001e+00 2.00799990e+00
    2.01300001e+00 2.02399993e+00 2.02600002e+00 2.02300000e+00
    2.00999999e+00 2.00799990e+00 2.00799990e+00 2.00799990e+00
    2.00300002e+00 2. 2.00600004e+00 2. 1.99000001e+00 1.98800004e+00
    1.98800004e+00 1.98800004e+00 1.98800004e+00 1.98800004e+00
    1.98800004e+00 1.98800004e+00 1.98000002e+00 1.97200000e+00
    1.94900000e+00 1.93799996e+00 1.92600000e+00 1.92600000e+00
    1.91799998e+00 1.91499996e+00 1.90999997e+00 1.90999997e+00
    1.89900005e+00 1.89100003e+00 1.89100003e+00 1.89100003e+00
    2.03399992e+00 2.02600002e+00 2.02399993e+00 2.00999999e+00
    2.00399995e+00 2. 2.00500011e+00 2.01600003e+00 2.01699996e+00
    2.01600003e+00 2.00600004e+00 2. 2. 2. 1.99399996e+00 1.99199998e+00
    1.99199998e+00 1.99199998e+00 1.98899996e+00 1.98800004e+00
    1.98800004e+00 1.98800004e+00 1.98800004e+00 1.98800004e+00
    1.98800004e+00 1.98800004e+00 1.98699999e+00 1.97500002e+00
