<?xml version="1.0"?>
<opencv_storage>
<Depth type_id="opencv-matrix">
  <rows>40</rows>
  <cols>40</cols>
  <dt>f</dt>
  <data>
    0. 0. 0. 0. 0. 0. 0. 0. 0. 0. 0. 0. 0. 0. 0. 0. 0. 0. 0. 0. 0. 0. 0.
    0. 0. 0. 0. 0. 0. 0. 0. 0. 0. 0. 0. 0. 0. 0. 0. 0. 0. 0. 0. 0. 0. 0.
    0. 0. 0. 0. 0. 0. 0. 0. 0. 0. 0. 0. 0. 0. 0. 0. 0. 0. 0. 0. 0. 0. 0.
    0. 0. 0. 0. 0. 0. 0. 0. 0. 0. 0. 0. 0. 0. 0. 0. 0. 0. 0. 0. 0. 0. 0.
    0. 0. 0. 0. 0. 0. 0. 0. 0. 0. 0. 0. 0. 0. 0. 0. 0. 0. 0. 0. 0. 0. 0.
    0. 0. 0. 0. 0. 0. 0. 0. 0. 0. 0. 0. 0. 0. 0. 0. 0. 0. 0. 0. 0. 0. 0.
    0. 0. 0. 0. 0. 0. 0. 0. 0. 0. 0. 0. 0. 0. 0. 0. 0. 0. 0. 0. 0. 0. 0.
    0. 0. 0. 0. 0. 0. 0. 0. 0. 0. 0. 0. 0. 0. 0. 0. 0. 0. 0. 0. 0. 0. 0.
    0. 0. 0. 0. 0. 0. 0. 0. 0. 0. 0. 0. 0. 0. 0. 0. 0. 0. 0. 0. 0. 0. 0.
    0. 0. 0. 0. 0. 0. 0. 0. 0. 0. 0. 0. 0. 0. 0. 0. 0. 0. 0. 0. 0. 0. 0.
    0. 0. 0. 0. 0. 0. 0. 0. 0. 0. 0. 0. 0. 0. 0. 0. 0. 0. 0. 0. 0. 0. 0.
    0. 0. 0. 0. 0. 0. 0. 0. 0. 0. 0. 0. 0. 0. 0. 0. 0. 0. 0. 0. 0. 0. 0.
    0. 0. 0. 0. 0. 0. 0. 0. 0. 0. 0. 0. 0. 0. 0. 0. 0. 0. 0. 0. 0. 0. 0.
    0. 0. 0. 0. 0. 0. 0. 0. 0. 0. 0. 0. 0. 0. 0. 0. 0. 0. 0. 0. 0. 0. 0.
    0. 0. 0. 0. 0. 0. 0. 0. 0. 0. 0. 0. 0. 0. 0. 0. 0. 0. 0. 0. 0. 0. 0.
    0. 0. 0. 0. 0. 0. 0. 0. 0. 0. 0. 0. 0. 0. 0. 0. 0. 0. 0. 0. 0. 0. 0.
    0. 0. 0. 0. 0. 0. 0. 0. 0. 0. 0. 0. 0. 0. 0. 0. 0. 0. 0. 0. 0. 0. 0.
    0. 0. 0. 0. 0. 0. 0. 0. 0. 0. 0. 0. 0. 0. 0. 0. 0. 0. 0. 0. 0. 0. 0.
    0. 0. 0. 0. 0. 0. 0. 0. 0. 0. 0. 0. 0. 0. 0. 0. 0. 0. 0. 0. 0. 0. 0.
    0. 0. 0. 0. 0. 0. 0. 0. 0. 0. 0. 0. 0. 0. 0. 0. 0. 0. 0. 0. 0. 0. 0.
    0. 0. 0. 0. 0. 0. 0. 0. 0. 0. 0. 0. 0. 0. 0. 0. 0. 0. 0. 0.
    1.87500000e+00 1.17600000e+00 0. 0. 0. 0. 1.23599994e+00 0. 0. 0. 0.
    0. 0. 0. 0. 0. 2.13100004e+00 2.13100004e+00 2.13100004e+00
    2.13100004e+00 2.13100004e+00 2.13100004e+00 2.13100004e+00
    2.12899995e+00 2.07599998e+00 2.02300000e+00 1.97099996e+00
    1.91999996e+00 1.87500000e+00 1.87500000e+00 1.87500000e+00
    1.87500000e+00 1.87500000e+00 1.87500000e+00 1.87500000e+00
    1.87500000e+00 1.87500000e+00 1.87500000e+00 1.87500000e+00
    1.87500000e+00 1.17600000e+00 0. 0. 0. 0. 0. 0. 0. 0. 0. 0. 0. 0. 0.
    0. 0. 2.13100004e+00 2.13100004e+00 2.13100004e+00 2.12500000e+00
    2.11999989e+00 2.11700010e+00 2.11700010e+00 2.11500001e+00
    2.06200004e+00 2.00900006e+00 1.96099997e+00 1.91499996e+00
    1.87399995e+00 1.86899996e+00 1.86399996e+00 1.86199999e+00
    1.86199999e+00 1.86199999e+00 1.86199999e+00 1.86199999e+00
    1.86600006e+00 1.87100005e+00 1.87500000e+00 1.87500000e+00 0. 0. 0.
    0. 0. 0. 0. 0. 0. 0. 0. 0. 0. 0. 0. 1.39900005e+00 2.13100004e+00
    2.13100004e+00 2.13100004e+00 2.10400009e+00 2.07699990e+00
    2.06399989e+00 2.06399989e+00 2.06200004e+00 2.00999999e+00
    1.95799994e+00 1.92200005e+00 1.89699996e+00 1.87199998e+00
    1.84700000e+00 1.82200003e+00 1.81200004e+00 1.81200004e+00
    1.81200004e+00 1.81200004e+00 1.81200004e+00 1.83000004e+00
    1.85500002e+00 1.87500000e+00 1.87500000e+00 0. 0. 0. 0. 0. 0. 0. 0.
    1.25100005e+00 1.57400000e+00 1.57400000e+00 1.57400000e+00
    1.57400000e+00 1.57400000e+00 1.78199995e+00 2.00699997e+00
    2.13100004e+00 2.13100004e+00 2.13100004e+00 2.08299994e+00
    2.03500009e+00 2.01099992e+00 2.01099992e+00 2.00900006e+00
    1.95799994e+00 1.90699995e+00 1.88300002e+00 1.87899995e+00
    1.87000000e+00 1.82500005e+00 1.77999997e+00 1.76300001e+00
    1.76300001e+00 1.76300001e+00 1.76300001e+00 1.76300001e+00
    1.79499996e+00 1.84000003e+00 1.87500000e+00 1.87500000e+00 0. 0. 0.
    0. 0. 0. 0. 0. 1.86800003e+00 2.13100004e+00 2.13100004e+00
    2.13100004e+00 2.13100004e+00 2.13100004e+00 2.13100004e+00
    2.13100004e+00 2.13100004e+00 2.13100004e+00 2.13100004e+00
    2.07900000e+00 2.02600002e+00 2. 2. 1.99800003e+00 1.94700003e+00
    1.89699996e+00 1.87500000e+00 1.87500000e+00 1.87000000e+00
    1.82000005e+00 1.77100003e+00 1.75300002e+00 1.75300002e+00
    1.75300002e+00 1.75300002e+00 1.75300002e+00 1.76600003e+00
    1.78400004e+00 1.79799998e+00 1.79799998e+00 0. 0. 0. 0. 0. 0. 0.
    1.27999997e+00 2.02500010e+00 2.13100004e+00 2.13100004e+00
    2.13100004e+00 2.13100004e+00 2.13100004e+00 2.13100004e+00
    2.13100004e+00 2.13100004e+00 2.13100004e+00 2.13100004e+00
    2.07900000e+00 2.02600002e+00 2. 2. 1.99800003e+00 1.94700003e+00
    1.89699996e+00 1.87500000e+00 1.87500000e+00 1.87000000e+00
    1.82000005e+00 1.77100003e+00 1.75300002e+00 1.75300002e+00
    1.75300002e+00 1.75300002e+00 1.75300002e+00 1.73899996e+00
    1.71800005e+00 1.70200002e+00 1.70200002e+00 2.40799999e+00
    1.75000000e+00 0. 0. 0. 0. 2.13100004e+00 2.13100004e+00
    2.13100004e+00 2.13100004e+00 2.13100004e+00 2.13100004e+00
    2.13100004e+00 2.13100004e+00 2.13100004e+00 2.13100004e+00
    2.13100004e+00 2.13100004e+00 2.13100004e+00 2.07900000e+00
    2.02600002e+00 2. 2. 1.99800003e+00 1.94700003e+00 1.89699996e+00
    1.87500000e+00 1.87500000e+00 1.87000000e+00 1.82799995e+00
    1.78499997e+00 1.76900005e+00 1.76900005e+00 1.76800001e+00
    1.76199996e+00 1.75500000e+00 1.72000003e+00 1.67299998e+00
    1.63699996e+00 1.63699996e+00 2.40799999e+00 2.04999995e+00 0. 0. 0.
    1.29999995e+00 2.13100004e+00 2.13100004e+00 2.13100004e+00
    2.13100004e+00 2.13100004e+00 2.13100004e+00 2.13100004e+00
    2.13100004e+00 2.13100004e+00 2.13100004e+00 2.13100004e+00
    2.13100004e+00 2.13100004e+00 2.07900000e+00 2.02600002e+00 2. 2.
    1.99800003e+00 1.94700003e+00 1.89699996e+00 1.87500000e+00
    1.87500000e+00 1.87300003e+00 1.85000002e+00 1.82700002e+00
    1.81900001e+00 1.81900001e+00 1.81400001e+00 1.78799999e+00
    1.76100004e+00 1.72000003e+00 1.67299998e+00 1.63699996e+00
    1.63699996e+00 2.40799999e+00 2.34999990e+00 2.13299990e+00
    1.91600001e+00 1.95500004e+00 2.05999994e+00 2.13100004e+00
    2.13100004e+00 2.13100004e+00 2.13100004e+00 2.13100004e+00
    2.13100004e+00 2.13100004e+00 2.13100004e+00 2.13100004e+00
    2.13100004e+00 2.13100004e+00 2.13100004e+00 2.13100004e+00
    2.07900000e+00 2.02600002e+00 2. 2. 1.99800003e+00 1.94700003e+00
    1.89699996e+00 1.87500000e+00 1.87500000e+00 1.87500000e+00
    1.87199998e+00 1.86899996e+00 1.86800003e+00 1.86800003e+00
    1.86000001e+00 1.81400001e+00 1.76699996e+00 1.72000003e+00
    1.67299998e+00 1.63699996e+00 1.63699996e+00 2.35899997e+00
    2.34899998e+00 2.31200004e+00 2.27500010e+00 2.22300005e+00
    2.16799998e+00 2.13100004e+00 2.13100004e+00 2.13100004e+00
    2.13100004e+00 2.13100004e+00 2.13100004e+00 2.13100004e+00
    2.13100004e+00 2.13100004e+00 2.13100004e+00 2.13100004e+00
    2.13100004e+00 2.13100004e+00 2.09699988e+00 2.06200004e+00
    2.04600000e+00 2.04600000e+00 2.04200006e+00 1.97300005e+00
    1.90400004e+00 1.87500000e+00 1.87500000e+00 1.87500000e+00
    1.87500000e+00 1.87500000e+00 1.87500000e+00 1.87500000e+00
    1.86699998e+00 1.81700003e+00 1.76800001e+00 1.72000003e+00
    1.67299998e+00 1.63699996e+00 1.63699996e+00 2.30200005e+00
    2.29800010e+00 2.28399992e+00 2.26999998e+00 2.22300005e+00
    2.16799998e+00 2.13100004e+00 2.13100004e+00 2.13100004e+00
    2.13100004e+00 2.13100004e+00 2.13100004e+00 2.13100004e+00
    2.13100004e+00 2.13100004e+00 2.13100004e+00 2.13100004e+00
    2.13100004e+00 2.13100004e+00 2.11800003e+00 2.10500002e+00
    2.09899998e+00 2.09899998e+00 2.09500003e+00 2.00399995e+00
    1.91299999e+00 1.87500000e+00 1.87500000e+00 1.87500000e+00
    1.87500000e+00 1.87500000e+00 1.87500000e+00 1.87500000e+00
    1.86699998e+00 1.81700003e+00 1.76800001e+00 1.72000003e+00
    1.67299998e+00 1.63699996e+00 1.63699996e+00 2.26699996e+00
    2.26699996e+00 2.26699996e+00 2.26699996e+00 2.22300005e+00
    2.16799998e+00 2.13100004e+00 2.13100004e+00 2.13100004e+00
    2.13100004e+00 2.13100004e+00 2.13100004e+00 2.13100004e+00
    2.13100004e+00 2.13100004e+00 2.13100004e+00 2.13100004e+00
    2.13100004e+00 2.13100004e+00 2.13100004e+00 2.13100004e+00
