<?xml version="1.0"?>
<opencv_storage>
<Depth type_id="opencv-matrix">
  <rows>40</rows>
  <cols>40</cols>
  <dt>f</dt>
  <data>
    0. 0. 0. 0. 0. 0. 0. 0. 0. 0. 0. 0. 0. 0. 0. 0. 0. 0. 0. 0. 0. 0. 0.
    0. 0. 0. 0. 0. 0. 0. 0. 0. 0. 0. 0. 0. 0. 0. 0. 0. 0. 0. 0. 0. 0. 0.
    0. 0. 0. 0. 0. 0. 0. 0. 0. 0. 0. 0. 0. 0. 0. 0. 0. 0. 0. 0. 0. 0. 0.
    0. 0. 0. 0. 0. 0. 0. 0. 0. 0. 0. 0. 0. 0. 0. 0. 0. 0. 0. 0. 0. 0. 0.
    0. 0. 0. 0. 0. 0. 0. 0. 0. 0. 0. 0. 0. 0. 0. 0. 0. 0. 0. 0. 0. 0. 0.
    0. 0. 0. 0. 0. 0. 0. 0. 0. 0. 0. 0. 0. 0. 0. 0. 0. 0. 0. 0. 0. 0. 0.
    0. 0. 0. 0. 0. 0. 0. 0. 0. 0. 0. 0. 0. 0. 0. 0. 0. 0. 0. 0. 0. 0. 0.
    0. 0. 0. 0. 0. 0. 0. 0. 0. 0. 0. 0. 0. 0. 0. 0. 0. 0. 0. 0. 0. 0. 0.
    0. 0. 0. 0. 0. 0. 0. 0. 0. 0. 0. 0. 0. 0. 0. 0. 0. 0. 0. 0. 0. 0. 0.
    0. 0. 0. 0. 0. 0. 0. 0. 0. 0. 0. 0. 0. 0. 0. 0. 0. 0. 0. 0. 0. 0. 0.
    0. 0. 0. 0. 0. 0. 0. 0. 0. 0. 0. 0. 0. 0. 0. 0. 0. 0. 0. 0. 0. 0. 0.
    0. 0. 0. 0. 0. 0. 0. 0. 0. 0. 0. 0. 0. 0. 0. 0. 0. 0. 0. 0. 0. 0. 0.
    0. 0. 0. 0. 0. 0. 0. 0. 0. 0. 0. 0. 0. 0. 0. 0. 0. 0. 0. 0. 0. 0. 0.
    0. 0. 0. 0. 0. 0. 0. 0. 0. 0. 0. 0. 0. 0. 0. 0. 0. 0. 0. 0. 0. 0. 0.
    0. 0. 0. 0. 0. 0. 0. 0. 0. 0. 0. 0. 0. 0. 0. 0. 0. 0. 0. 0. 0. 0. 0.
    0. 0. 0. 0. 0. 0. 0. 0. 0. 0. 0. 0. 0. 0. 0. 0. 0. 0. 0. 0. 0. 0. 0.
    0. 0. 0. 0. 0. 0. 0. 0. 0. 0. 0. 0. 0. 0. 0. 0. 0. 0. 0. 0. 0. 0. 0.
    0. 0. 0. 0. 0. 0. 0. 0. 0. 0. 0. 0. 0. 0. 0. 0. 0. 0. 0. 0. 0. 0. 0.
    0. 0. 0. 0. 0. 0. 0. 0. 0. 0. 0. 0. 0. 0. 0. 0. 0. 0. 0. 0. 0. 0. 0.
    0. 0. 0. 0. 0. 0. 0. 0. 0. 0. 0. 0. 0. 0. 0. 0. 0. 0. 0. 0. 0. 0. 0.
    0. 0. 0. 0. 0. 0. 0. 0. 0. 0. 0. 0. 0. 0. 0. 0. 0. 0. 0. 0. 0. 0. 0.
    0. 1.56099999e+00 2.13299990e+00 2.26099992e+00 2.20199990e+00
    2.14800000e+00 2.14800000e+00 2.14800000e+00 2.14800000e+00
    2.14800000e+00 2.14800000e+00 2.10100007e+00 2.04399991e+00 2. 2. 2.
    1.96800005e+00 1.91400003e+00 1.86000001e+00 1.85899997e+00
    1.85899997e+00 1.85899997e+00 1.85899997e+00 1.85899997e+00
    1.85899997e+00 1.85899997e+00 1.85899997e+00 1.85899997e+00
    1.85899997e+00 1.85899997e+00 1.85899997e+00 1.85899997e+00
    1.85899997e+00 1.85899997e+00 1.85899997e+00 1.85899997e+00
    1.85899997e+00 0. 0. 0. 1.05400002e+00 1.59300005e+00 2.13199997e+00
    2.25200009e+00 2.19799995e+00 2.14800000e+00 2.14800000e+00
    2.14800000e+00 2.14800000e+00 2.14800000e+00 2.14800000e+00
    2.10100007e+00 2.04399991e+00 2. 2. 2. 1.97000003e+00 1.91999996e+00
    1.87000000e+00 1.86899996e+00 1.86899996e+00 1.86899996e+00
    1.86899996e+00 1.86899996e+00 1.86600006e+00 1.86199999e+00
    1.85899997e+00 1.85899997e+00 1.85899997e+00 1.86099994e+00
    1.86500001e+00 1.86899996e+00 1.86600006e+00 1.86199999e+00
    1.85899997e+00 1.85899997e+00 1.85899997e+00 0. 1.03499997e+00
    1.18200004e+00 1.39999998e+00 1.76199996e+00 2.12500000e+00
    2.21000004e+00 2.17700005e+00 2.14800000e+00 2.14800000e+00
    2.14800000e+00 2.14800000e+00 2.14800000e+00 2.14800000e+00
    2.10100007e+00 2.04399991e+00 2. 2. 2. 1.98199999e+00 1.95299995e+00
    1.92400002e+00 1.92299998e+00 1.92299998e+00 1.92299998e+00
    1.92299998e+00 1.92299998e+00 1.90499997e+00 1.88100004e+00
    1.85899997e+00 1.85899997e+00 1.85899997e+00 1.87100005e+00
    1.89499998e+00 1.91999996e+00 1.90199995e+00 1.87699997e+00
    1.85899997e+00 1.85899997e+00 1.85899997e+00 0. 1.23099995e+00
    1.50199997e+00 1.74600005e+00 1.93200004e+00 2.11800003e+00
    2.16700006e+00 2.15700006e+00 2.14800000e+00 2.14800000e+00
    2.14800000e+00 2.14800000e+00 2.14800000e+00 2.14800000e+00
    2.10100007e+00 2.04399991e+00 2. 2. 2. 1.99500000e+00 1.98599994e+00
    1.97700000e+00 1.97700000e+00 1.97700000e+00 1.97700000e+00
    1.97700000e+00 1.97700000e+00 1.94400001e+00 1.89900005e+00
    1.85899997e+00 1.85899997e+00 1.85899997e+00 1.88100004e+00
    1.92600000e+00 1.97099996e+00 1.93799996e+00 1.89300001e+00
    1.85899997e+00 1.85899997e+00 1.85899997e+00 1.22300005e+00
    1.47500002e+00 1.74199998e+00 1.95000005e+00 2.03600001e+00
    2.12199998e+00 2.13899994e+00 2.12700009e+00 2.11599994e+00
    2.11599994e+00 2.11599994e+00 2.11599994e+00 2.11599994e+00
    2.11599994e+00 2.07900000e+00 2.03399992e+00 2. 2. 2. 2. 2. 2. 2. 2.
    2. 2. 2. 1.96899998e+00 1.92700005e+00 1.88999999e+00 1.88999999e+00
    1.88999999e+00 1.90499997e+00 1.93499994e+00 1.96599996e+00
    1.93299997e+00 1.89100003e+00 1.85899997e+00 1.85899997e+00
    1.85899997e+00 1.60200000e+00 1.75699997e+00 1.92100000e+00
    2.04600000e+00 2.09100008e+00 2.13499999e+00 2.12400007e+00
    2.08999991e+00 2.05900002e+00 2.05900002e+00 2.05900002e+00
    2.05900002e+00 2.05900002e+00 2.05900002e+00 2.03999996e+00
    2.01799989e+00 2. 2. 2. 2. 2. 2. 2. 2. 2. 2. 2. 1.98399997e+00
    1.96300006e+00 1.94299996e+00 1.94299996e+00 1.94299996e+00
    1.93799996e+00 1.92799997e+00 1.91700006e+00 1.89699996e+00
    1.87500000e+00 1.85899997e+00 1.85899997e+00 1.85899997e+00
    1.98000002e+00 2.03900003e+00 2.09999990e+00 2.14299989e+00
    2.14499998e+00 2.14700007e+00 2.10899997e+00 2.05399990e+00
    2.00300002e+00 2.00300002e+00 2.00300002e+00 2.00300002e+00
    2.00300002e+00 2.00300002e+00 2.00200009e+00 2.00099993e+00 2. 2. 2.
    2. 2. 2. 2. 2. 2. 2. 2. 1.99899995e+00 1.99800003e+00 1.99699998e+00
    1.99699998e+00 1.99699998e+00 1.97200000e+00 1.91999996e+00
    1.86800003e+00 1.86099994e+00 1.86000001e+00 1.85899997e+00
    1.85899997e+00 1.85899997e+00 2.00099993e+00 2.03399992e+00
    2.06999993e+00 2.09500003e+00 2.09500003e+00 2.09500003e+00
    2.06900001e+00 2.03299999e+00 2. 2. 2. 2. 2. 2. 2. 2. 2. 2. 2. 2. 2.
    2. 1.98099995e+00 1.96200001e+00 1.94900000e+00 1.94900000e+00
    1.94900000e+00 1.94900000e+00 1.94900000e+00 1.94900000e+00
    1.94900000e+00 1.94900000e+00 1.93200004e+00 1.89800000e+00
    1.86300004e+00 1.85899997e+00 1.85899997e+00 1.85899997e+00
    1.85899997e+00 1.85899997e+00 2.00200009e+00 2.01399994e+00
    2.02800012e+00 2.03800011e+00 2.03800011e+00 2.03800011e+00
    2.02800012e+00 2.01300001e+00 2. 2. 2. 2. 2. 2. 2. 2. 2. 2. 2. 2. 2.
    2. 1.96099997e+00 1.92100000e+00 1.89499998e+00 1.89499998e+00
    1.89499998e+00 1.89499998e+00 1.89499998e+00 1.89499998e+00
    1.89499998e+00 1.89499998e+00 1.88800001e+00 1.87500000e+00
    1.86099994e+00 1.85899997e+00 1.85899997e+00 1.85899997e+00
    1.85899997e+00 1.85899997e+00 2.00300002e+00 2. 2. 2. 2. 2. 2. 2. 2.
    2. 2. 2. 2. 2. 2. 2. 2. 2. 2. 2. 2. 2. 1.94700003e+00 1.89400005e+00
    1.85899997e+00 1.85899997e+00 1.85899997e+00 1.85899997e+00
    1.85899997e+00 1.85899997e+00 1.85899997e+00 1.85899997e+00
    1.85899997e+00 1.85899997e+00 1.85899997e+00 1.85899997e+00
    1.85899997e+00 1.85899997e+00 1.85899997e+00 1.85899997e+00
    2.00300002e+00 2. 2. 2. 2. 2. 2. 2. 2. 2. 2. 2. 2. 2. 2. 2. 2. 2. 2.
    2. 2. 2. 1.94700003e+00 1.89400005e+00 1.85899997e+00 1.85899997e+00
    1.85899997e+00 1.85899997e+00 1.85899997e+00 1.85899997e+00
    1.85899997e+00 1.85899997e+00 1.85899997e+00 1.85899997e+00
    1.85899997e+00 1.85899997e+00 1.85899997e+00 1.85899997e+00
    1.85899997e+00 1.85899997e+00 2.00300002e+00 2. 2. 2. 2. 2. 2. 2. 2.
    2. 2. 2. 2. 2. 2. 2. 2. 2. 2. 2. 2. 2. 1.94700003e+00 1.89400005e+00
    1.85899997e+00 1.85899997e+00 1.85899997e+00 1.85899997e+00
    1.85899997e+00 1.85899997e+00 1.85899997e+00 1.85899997e+00
    1.85899997e+00 1.85899997e+00 1.85899997e+00 1.85899997e+00
    1.85899997e+00 1.85899997e+00 1.85899997e+00 1.85899997e+00
    2.00200009e+00 2. 2. 2. 2. 2. 2. 2. 1.99899995e+00 1.98399997e+00
    1.97000003e+00 1.96200001e+00 1.96200001e+00 1.96200001e+00
    1.97399998e+00 1.98899996e+00 2. 2. 2. 1.56799996e+00 0. 0. 0. 0. 0.
    0. 0. 0. 0. 0. 0. 0. 0. 0. 0. 0. 0. 0. 0. 0. 2.00099993e+00 2. 2. 2.
    2. 2. 2. 2. 1.99699998e+00 1.96200001e+00 1.92700005e+00
    1.90799999e+00 1.90799999e+00 1.90799999e+00 1.93799996e+00
    1.97300005e+00 2. 2. 2. 0. 0. 0. 0. 0. 0. 0. 0. 0. 0. 0. 0. 0. 0. 0.
