<?xml version="1.0"?>
<opencv_storage>
<Depth type_id="opencv-matrix">
  <rows>40</rows>
  <cols>40</cols>
  <dt>f</dt>
  <data>
    0. 0. 0. 0. 0. 0. 0. 0. 0. 0. 0. 0. 0. 0. 0. 0. 0. 0. 0. 0. 0. 0. 0.
    0. 0. 0. 0. 0. 0. 0. 0. 0. 0. 0. 0. 0. 0. 0. 0. 0. 0. 0. 0. 0. 0. 0.
    0. 0. 0. 0. 0. 0. 0. 0. 0. 0. 0. 0. 0. 0. 0. 0. 0. 0. 0. 0. 0. 0. 0.
    0. 0. 0. 0. 0. 0. 0. 0. 0. 0. 0. 0. 0. 0. 0. 0. 0. 0. 0. 0. 0. 0. 0.
    0. 0. 0. 0. 0. 0. 0. 0. 0. 0. 0. 0. 0. 0. 0. 0. 0. 0. 0. 0. 0. 0. 0.
    0. 0. 0. 0. 0. 0. 0. 0. 0. 0. 0. 0. 0. 0. 0. 0. 0. 0. 0. 0. 0. 0. 0.
    0. 0. 0. 0. 0. 0. 0. 0. 0. 0. 0. 0. 0. 0. 0. 0. 0. 0. 0. 0. 0. 0. 0.
    0. 0. 0. 0. 0. 0. 0. 0. 0. 0. 0. 0. 0. 0. 0. 0. 0. 0. 0. 0. 0. 0. 0.
    0. 0. 0. 0. 0. 0. 0. 0. 0. 0. 0. 0. 0. 0. 0. 0. 0. 0. 0. 0. 0. 0. 0.
    0. 0. 0. 0. 0. 0. 0. 0. 0. 0. 0. 0. 0. 0. 0. 0. 0. 0. 0. 0. 0. 0. 0.
    0. 0. 0. 0. 0. 0. 0. 0. 0. 0. 0. 0. 0. 0. 0. 0. 0. 0. 0. 0. 0. 0. 0.
    0. 0. 0. 0. 0. 0. 0. 0. 0. 0. 0. 0. 0. 0. 0. 0. 0. 0. 0. 0. 0. 0. 0.
    0. 0. 0. 0. 0. 0. 0. 0. 0. 0. 0. 0. 0. 0. 0. 0. 0. 0. 0. 0. 0. 0. 0.
    0. 0. 0. 0. 0. 0. 0. 0. 0. 0. 0. 0. 0. 0. 0. 0. 0. 0. 0. 0. 0. 0. 0.
    0. 0. 0. 0. 0. 0. 0. 0. 0. 0. 0. 0. 0. 0. 0. 0. 0. 0. 0. 0. 0. 0. 0.
    0. 0. 0. 0. 0. 0. 0. 0. 0. 0. 0. 0. 0. 0. 0. 0. 0. 0. 0. 0. 0. 0. 0.
    0. 0. 0. 0. 0. 0. 0. 0. 0. 0. 0. 0. 0. 0. 0. 0. 0. 0. 0. 0. 0. 0. 0.
    0. 0. 0. 0. 0. 0. 0. 0. 0. 0. 0. 0. 0. 0. 0. 0. 0. 0. 0. 0. 0. 0. 0.
    0. 0. 0. 0. 0. 0. 0. 0. 0. 0. 0. 0. 0. 0. 0. 0. 0. 0. 0. 0. 0. 0. 0.
    0. 0. 0. 0. 0. 0. 0. 0. 0. 0. 0. 0. 0. 0. 0. 0. 0. 0. 0. 0. 0. 0. 0.
    0. 0. 0. 0. 0. 0. 0. 0. 0. 0. 0. 0. 0. 0. 0. 0. 0. 0. 0. 0. 0. 0. 0.
    0. 0. 0. 0. 0. 0. 0. 0. 0. 0. 0. 0. 0. 0. 0. 0. 0. 0. 0. 0. 0. 0. 0.
    0. 0. 0. 0. 0. 0. 0. 0. 0. 0. 0. 0. 0. 0. 0. 0. 0. 0. 0. 0. 0. 0. 0.
    0. 0. 0. 0. 0. 0. 0. 0. 0. 0. 0. 0. 0. 0. 0. 0. 0. 0. 0. 0. 0. 0. 0.
    0. 0. 0. 0. 0. 0. 0. 0. 1.82000005e+00 1.82000005e+00 1.82000005e+00
    1.82000005e+00 1.82000005e+00 1.82000005e+00 1.82000005e+00
    1.82000005e+00 1.82000005e+00 1.82000005e+00 1.84700000e+00
    1.93299997e+00 2.00999999e+00 2.05399990e+00 2.09899998e+00
    2.14599991e+00 2.19199991e+00 2.24000001e+00 2.28800011e+00 0. 0. 0.
    0. 0. 0. 0. 0. 1.90799999e+00 1.90799999e+00 1.92499995e+00
    1.96899998e+00 2. 2. 1.99199998e+00 1.94799995e+00 1.90799999e+00
    1.90799999e+00 1.90799999e+00 1.90799999e+00 1.90799999e+00
    1.82000005e+00 1.82000005e+00 1.82000005e+00 1.82000005e+00
    1.82000005e+00 1.82000005e+00 1.82000005e+00 1.82000005e+00
    1.82000005e+00 1.82000005e+00 1.84399998e+00 1.91999996e+00
    1.98800004e+00 2.02300000e+00 2.05900002e+00 2.10500002e+00
    2.15100002e+00 2.19899988e+00 2.24600005e+00 0. 0. 0. 0. 0. 0. 0. 0.
    1.90799999e+00 1.90799999e+00 1.92100000e+00 1.95599997e+00
    1.98000002e+00 1.98000002e+00 1.97399998e+00 1.94000006e+00
    1.90699995e+00 1.89800000e+00 1.88900006e+00 1.88900006e+00
    1.88900006e+00 1.82000005e+00 1.82000005e+00 1.82000005e+00
    1.82000005e+00 1.82000005e+00 1.82000005e+00 1.82000005e+00
    1.82000005e+00 1.82000005e+00 1.82000005e+00 1.83800006e+00
    1.89300001e+00 1.94000006e+00 1.95400000e+00 1.97099996e+00
    2.01500010e+00 2.05999994e+00 2.10599995e+00 2.15199995e+00
    1.33399999e+00 0. 0. 0. 0. 0. 0. 1.50699997e+00 1.90799999e+00
    1.90799999e+00 1.91299999e+00 1.92700005e+00 1.93700004e+00
    1.93700004e+00 1.93400002e+00 1.92100000e+00 1.90600002e+00
    1.87699997e+00 1.84800005e+00 1.84700000e+00 1.84700000e+00
    1.82000005e+00 1.82000005e+00 1.82000005e+00 1.82000005e+00
    1.82000005e+00 1.82000005e+00 1.82000005e+00 1.82000005e+00
    1.82000005e+00 1.82000005e+00 1.83099997e+00 1.86600006e+00
    1.89400005e+00 1.89400005e+00 1.89900005e+00 1.95000005e+00 2.
    2.03800011e+00 2.07500005e+00 2.04500008e+00 2.00699997e+00
    1.99399996e+00 1.98699999e+00 1.98500001e+00 1.98500001e+00
    1.96300006e+00 1.92700005e+00 1.90799999e+00 1.90799999e+00
    1.90799999e+00 1.90799999e+00 1.90799999e+00 1.90799999e+00
    1.90799999e+00 1.90799999e+00 1.90499997e+00 1.86300004e+00
    1.82099998e+00 1.82000005e+00 1.82000005e+00 1.82000005e+00
    1.82000005e+00 1.82000005e+00 1.82000005e+00 1.82000005e+00
    1.82000005e+00 1.82000005e+00 1.82000005e+00 1.82000005e+00
    1.82000005e+00 1.82500005e+00 1.84000003e+00 1.85200000e+00
    1.85200000e+00 1.85899997e+00 1.92999995e+00 2. 2.01600003e+00
    2.03200006e+00 2.01900005e+00 2.00300002e+00 1.97800004e+00
    1.95000005e+00 1.94099998e+00 1.94099998e+00 1.93200004e+00
    1.91600001e+00 1.90799999e+00 1.90799999e+00 1.90799999e+00
    1.90799999e+00 1.90799999e+00 1.90799999e+00 1.90799999e+00
    1.90799999e+00 1.90499997e+00 1.86300004e+00 1.82099998e+00
    1.82000005e+00 1.82000005e+00 1.82400000e+00 1.82900000e+00
    1.83000004e+00 1.83000004e+00 1.83000004e+00 1.83000004e+00
    1.82799995e+00 1.82299995e+00 1.82000005e+00 1.82000005e+00
    1.82000005e+00 1.82000005e+00 1.82000005e+00 1.82000005e+00
    1.82900000e+00 1.91499996e+00 2. 2. 2. 1.99500000e+00 1.99000001e+00
    1.95400000e+00 1.91100001e+00 1.89800000e+00 1.89800000e+00
    1.89800000e+00 1.89800000e+00 1.89800000e+00 1.89800000e+00
    1.89999998e+00 1.90499997e+00 1.90799999e+00 1.90799999e+00
    1.90799999e+00 1.90799999e+00 1.90499997e+00 1.86800003e+00
    1.83099997e+00 1.83000004e+00 1.83000004e+00 1.84099996e+00
    1.86500001e+00 1.87199998e+00 1.87199998e+00 1.87199998e+00
    1.87199998e+00 1.85899997e+00 1.83399999e+00 1.82000005e+00
    1.82000005e+00 1.82000005e+00 1.82000005e+00 1.82000005e+00
    1.82000005e+00 1.82900000e+00 1.91499996e+00 2. 2. 2. 1.97700000e+00
    1.95099998e+00 1.91100001e+00 1.86899996e+00 1.85599995e+00
    1.85599995e+00 1.85599995e+00 1.85599995e+00 1.85599995e+00
    1.85599995e+00 1.86600006e+00 1.88999999e+00 1.90799999e+00
    1.90799999e+00 1.90799999e+00 1.90799999e+00 1.90699995e+00
    1.88900006e+00 1.87199998e+00 1.87199998e+00 1.87199998e+00
    1.86300004e+00 1.90799999e+00 1.91799998e+00 1.91499996e+00
    1.91199994e+00 1.90900004e+00 1.88800001e+00 1.84899998e+00
    1.82500005e+00 1.82200003e+00 1.82000005e+00 1.82000005e+00
    1.82099998e+00 1.82299995e+00 1.83500004e+00 1.91799998e+00 2.
    1.99699998e+00 1.99399996e+00 1.95700002e+00 1.91600001e+00
    1.87399995e+00 1.83299994e+00 1.82000005e+00 1.82000005e+00
    1.82000005e+00 1.82000005e+00 1.82000005e+00 1.82000005e+00
    1.83700001e+00 1.88199997e+00 1.91400003e+00 1.91400003e+00
    1.91400003e+00 1.91400003e+00 1.91400003e+00 1.91400003e+00
    1.91400003e+00 1.91400003e+00 1.91400003e+00 1.92299998e+00
    1.99100006e+00 1.99100006e+00 1.96700001e+00 1.94299996e+00
    1.91900003e+00 1.89800000e+00 1.87899995e+00 1.85800004e+00
    1.83599997e+00 1.82000005e+00 1.82000005e+00 1.82500005e+00
    1.84800005e+00 1.87500000e+00 1.93799996e+00 2. 1.97599995e+00
    1.95200002e+00 1.93200004e+00 1.91199994e+00 1.87399995e+00
    1.83299994e+00 1.82000005e+00 1.82000005e+00 1.82000005e+00
    1.82000005e+00 1.82000005e+00 1.82000005e+00 1.84599996e+00
    1.91100001e+00 1.95799994e+00 1.95799994e+00 1.95799994e+00
    1.95799994e+00 1.95799994e+00 1.95799994e+00 1.95799994e+00
    1.95799994e+00 1.95799994e+00 1.98199999e+00 2.06999993e+00
    2.06100011e+00 2.01699996e+00 1.97300005e+00 1.92900002e+00
    1.90799999e+00 1.90799999e+00 1.88999999e+00 1.84899998e+00
    1.82000005e+00 1.82000005e+00 1.82900000e+00 1.87100005e+00
    1.91299999e+00 1.95700002e+00 2. 1.95599997e+00 1.91199994e+00
    1.90799999e+00 1.90799999e+00 1.87399995e+00 1.83299994e+00
    1.82000005e+00 1.82000005e+00 1.82000005e+00 1.82000005e+00
    1.82000005e+00 1.82000005e+00 1.85300004e+00 1.93900001e+00 2. 2. 2.
    2. 2. 2. 2. 2. 2. 1.98199999e+00 2.06999993e+00 2.06100011e+00
    2.01699996e+00 1.97300005e+00 1.92900002e+00 1.90799999e+00
    1.90799999e+00 1.88999999e+00 1.84899998e+00 1.82000005e+00
    1.82000005e+00 1.82900000e+00 1.87100005e+00 1.91299999e+00
