<?xml version="1.0"?>
<opencv_storage>
<Depth type_id="opencv-matrix">
  <rows>40</rows>
  <cols>40</cols>
  <dt>f</dt>
  <data>
    0. 0. 0. 0. 0. 0. 0. 0. 0. 0. 0. 0. 0. 0. 0. 0. 0. 0. 0. 0. 0. 0. 0.
    0. 0. 0. 0. 0. 0. 0. 0. 0. 0. 0. 0. 0. 0. 0. 0. 0. 0. 0. 0. 0. 0. 0.
    0. 0. 0. 0. 0. 0. 0. 0. 0. 0. 0. 0. 0. 0. 0. 0. 0. 0. 0. 0. 0. 0. 0.
    0. 0. 0. 0. 0. 0. 0. 0. 0. 0. 0. 0. 0. 0. 0. 0. 0. 0. 0. 0. 0. 0. 0.
    0. 0. 0. 0. 0. 0. 0. 0. 0. 0. 0. 0. 0. 0. 0. 0. 0. 0. 0. 0. 0. 0. 0.
    0. 0. 0. 0. 0. 0. 0. 0. 0. 0. 0. 0. 0. 0. 0. 0. 0. 0. 0. 0. 0. 0. 0.
    0. 0. 0. 0. 0. 0. 0. 0. 0. 0. 0. 0. 0. 0. 0. 0. 0. 0. 0. 0. 0. 0. 0.
    0. 0. 0. 0. 0. 0. 0. 0. 0. 0. 0. 0. 0. 0. 0. 0. 0. 0. 0. 0. 0. 0. 0.
    0. 0. 0. 0. 0. 0. 0. 0. 0. 0. 0. 0. 0. 0. 0. 0. 0. 0. 0. 0. 0. 0. 0.
    0. 0. 0. 0. 0. 0. 0. 0. 0. 0. 0. 0. 0. 0. 0. 0. 0. 0. 0. 0. 0. 0. 0.
    0. 0. 0. 0. 0. 0. 0. 0. 0. 0. 0. 0. 0. 0. 0. 0. 0. 0. 0. 0. 0. 0. 0.
    0. 0. 0. 0. 0. 0. 0. 0. 0. 0. 0. 0. 0. 0. 0. 0. 0. 0. 0. 0. 0. 0. 0.
    0. 0. 0. 0. 0. 0. 0. 0. 0. 0. 0. 0. 0. 0. 0. 0. 0. 0. 0. 0. 0. 0. 0.
    0. 0. 0. 0. 0. 0. 0. 0. 0. 0. 0. 0. 0. 0. 0. 0. 0. 0. 0. 0. 0. 0. 0.
    0. 0. 0. 0. 0. 0. 0. 0. 0. 0. 0. 0. 0. 0. 0. 0. 0. 0. 0. 0. 0. 0. 0.
    0. 0. 0. 0. 0. 0. 0. 0. 0. 0. 0. 0. 0. 0. 0. 0. 0. 0. 0. 0. 0. 0. 0.
    0. 0. 0. 0. 0. 0. 0. 0. 0. 0. 0. 0. 0. 0. 0. 0. 0. 0. 0. 0. 0. 0. 0.
    0. 0. 0. 0. 0. 0. 0. 0. 0. 0. 0. 0. 0. 0. 0. 0. 0. 0. 2.85500002e+00
    2.79999995e+00 2.69199991e+00 2.58699989e+00 2.48699999e+00
    2.44300008e+00 2.44300008e+00 2.33400011e+00 2.15199995e+00
    2.08299994e+00 2.08299994e+00 2.05599999e+00 2.01399994e+00
    1.94500005e+00 1.86500001e+00 1.84099996e+00 1.84099996e+00
    1.81299996e+00 1.77400005e+00 1.73699999e+00 1.70000005e+00
    1.69200003e+00 0. 0. 0. 0. 0. 0. 0. 0. 0. 0. 0. 0. 0. 0. 0. 0. 0. 0.
    2.85500002e+00 2.78600001e+00 2.65199995e+00 2.54999995e+00
    2.47499990e+00 2.42199993e+00 2.38599992e+00 2.27800012e+00
    2.12100005e+00 2.06100011e+00 2.06100011e+00 2.04099989e+00
    2.00999999e+00 1.96000004e+00 1.89999998e+00 1.86800003e+00
    1.84700000e+00 1.82000005e+00 1.79200006e+00 1.75600004e+00
    1.71899998e+00 1.71099997e+00 0. 0. 0. 0. 0. 0. 0. 0. 0. 0. 0. 0. 0.
    0. 0. 0. 0. 0. 2.85500002e+00 2.75999999e+00 2.57399988e+00
    2.47700000e+00 2.45300007e+00 2.38199997e+00 2.27600002e+00
    2.16799998e+00 2.05999994e+00 2.01900005e+00 2.01900005e+00
    2.01300001e+00 2.00300002e+00 1.98699999e+00 1.96899998e+00
    1.91900003e+00 1.85800004e+00 1.83399999e+00 1.82500005e+00
    1.79400003e+00 1.75600004e+00 1.74800003e+00 0. 0. 0. 0. 0. 0. 0. 0.
    0. 0. 0. 0. 0. 0. 0. 0. 0. 0. 2.76900005e+00 2.67700005e+00
    2.49900007e+00 2.41700006e+00 2.41700006e+00 2.33200002e+00
    2.18300009e+00 2.08599997e+00 2.02300000e+00 2. 2. 2. 2. 2. 2.
    1.95099998e+00 1.88100004e+00 1.86199999e+00 1.86199999e+00
    1.83299994e+00 1.79400003e+00 1.78600001e+00 0. 0. 0. 0. 0. 0. 0. 0.
    0. 0. 0. 0. 0. 0. 0. 0. 0. 0. 2.60999990e+00 2.54699993e+00
    2.42499995e+00 2.36999989e+00 2.36999989e+00 2.27399993e+00
    2.10500002e+00 2.02600002e+00 2.00699997e+00 2. 2. 2. 2. 2. 2.
    1.96500003e+00 1.91499996e+00 1.90199995e+00 1.90199995e+00
    1.87199998e+00 1.83299994e+00 1.82400000e+00 0. 0. 0. 0. 0. 0. 0. 0.
    0. 0. 0. 0. 0. 0. 0. 0. 0. 0. 2.43400002e+00 2.39800000e+00
    2.32900000e+00 2.31100011e+00 2.33800006e+00 2.24900007e+00
    2.07200003e+00 2. 2. 2. 2. 2. 2. 2. 2. 1.97899997e+00 1.95000005e+00
    1.94200003e+00 1.94200003e+00 1.91199994e+00 1.87199998e+00
    1.86300004e+00 0. 0. 0. 0. 0. 0. 0. 0. 0. 0. 0. 0. 0. 0. 0. 0. 0. 0.
    2.24499989e+00 2.23499990e+00 2.21499991e+00 2.24499989e+00
    2.31800008e+00 2.24900007e+00 2.07200003e+00 2. 2. 2. 2. 2. 2. 2. 2.
    1.99399996e+00 1.98599994e+00 1.98300004e+00 1.98300004e+00
    1.95200002e+00 1.91199994e+00 1.90300000e+00 0. 0. 0. 0. 0. 0. 0. 0.
    0. 0. 0. 0. 0. 0. 0. 0. 0. 0. 2.11800003e+00 2.11800003e+00
    2.11800003e+00 2.15199995e+00 2.21600008e+00 2.18799996e+00
    2.09100008e+00 2.04299998e+00 2.02999997e+00 2.02500010e+00
    2.02500010e+00 2.02500010e+00 2.02500010e+00 2.02500010e+00
    2.02500010e+00 2.01600003e+00 2.00300002e+00 2. 2. 1.96899998e+00
    1.92799997e+00 1.91900003e+00 0. 0. 0. 0. 0. 0. 0. 0. 0. 0. 0. 0. 0.
    0. 0. 0. 0. 0. 2.03200006e+00 2.03200006e+00 2.03200006e+00
    2.04200006e+00 2.05900002e+00 2.08699989e+00 2.12199998e+00
    2.11599994e+00 2.07999992e+00 2.06699991e+00 2.06699991e+00
    2.06699991e+00 2.06699991e+00 2.06699991e+00 2.06699991e+00
    2.04299998e+00 2.00900006e+00 2. 2. 1.96899998e+00 1.92799997e+00
    1.91900003e+00 0. 0. 0. 0. 0. 0. 0. 0. 0. 0. 0. 0. 0. 0. 0. 0. 0. 0.
    2. 2. 2. 2. 2. 2.04099989e+00 2.11299992e+00 2.12400007e+00
    2.09400010e+00 2.07500005e+00 2.06100011e+00 2.05699992e+00
    2.05699992e+00 2.05699992e+00 2.05699992e+00 2.02699995e+00
    1.98599994e+00 1.96500003e+00 1.95299995e+00 1.91900003e+00
    1.87899995e+00 1.87000000e+00 0. 0. 0. 0. 0. 0. 0. 0. 0. 0. 0. 0. 0.
    0. 0. 0. 0. 0. 2. 2. 2. 2. 2. 2.02800012e+00 2.07800007e+00
    2.09400010e+00 2.08599997e+00 2.06100011e+00 2.02699995e+00
    2.01500010e+00 2.01500010e+00 2.01500010e+00 2.01500010e+00
    1.98599994e+00 1.94400001e+00 1.90999997e+00 1.87699997e+00
    1.84000003e+00 1.80100000e+00 1.79200006e+00 0. 0. 0. 0. 0. 0. 0. 0.
    0. 0. 0. 0. 0. 0. 0. 0. 0. 0. 2. 2. 2. 2. 2. 2.01600003e+00
    2.04399991e+00 2.04800010e+00 2.03399992e+00 2.01099992e+00
    1.98300004e+00 1.96500003e+00 1.95200002e+00 1.94799995e+00
    1.94799995e+00 1.91900003e+00 1.87899995e+00 1.84000003e+00
    1.80100000e+00 1.76300001e+00 1.72500002e+00 1.71700001e+00 0. 0. 0.
    0. 0. 0. 0. 0. 0. 0. 0. 0. 0. 0. 0. 0. 0. 0. 2. 2. 2. 2. 2.
    2.00399995e+00 2.01099992e+00 1.99300003e+00 1.95899999e+00
    1.94200003e+00 1.93499994e+00 1.91100001e+00 1.87800002e+00
    1.86699998e+00 1.86699998e+00 1.84000003e+00 1.80100000e+00
    1.76300001e+00 1.72500002e+00 1.68799996e+00 1.65199995e+00
    1.64400005e+00 0. 0. 0. 0. 0. 0. 0. 0. 0. 0. 0. 0. 0. 0. 0. 0. 0. 0.
    2. 2. 2. 2. 2. 2. 2. 1.96700001e+00 1.91299999e+00 1.89199996e+00
    1.89199996e+00 1.86699998e+00 1.82799995e+00 1.81500006e+00
    1.81500006e+00 1.79700005e+00 1.77199996e+00 1.72000003e+00
    1.65799999e+00 1.62500000e+00 1.60099995e+00 1.59599996e+00 0. 0. 0.
    0. 0. 0. 0. 0. 0. 0. 0. 0. 0. 0. 0. 0. 0. 0. 2. 2. 2. 2. 2. 2. 2.
    1.95599997e+00 1.88100004e+00 1.85300004e+00 1.85300004e+00
    1.82799995e+00 1.78900003e+00 1.77600002e+00 1.77600002e+00
    1.77199996e+00 1.76699996e+00 1.69400001e+00 1.59599996e+00
    1.56799996e+00 1.56299996e+00 1.56099999e+00 0. 0. 0. 0. 0. 0. 0. 0.
    0. 0. 0. 0. 0. 0. 0. 0. 0. 0. 2. 1.99199998e+00 1.97800004e+00
    1.97099996e+00 1.97099996e+00 1.97099996e+00 1.97099996e+00
    1.93200004e+00 1.86600006e+00 1.83200002e+00 1.81900001e+00
    1.79799998e+00 1.77300000e+00 1.74699998e+00 1.72099996e+00
    1.71300006e+00 1.71300006e+00 1.65300000e+00 1.57099998e+00
    1.54200006e+00 1.52900004e+00 1.52699995e+00 0. 0. 0. 0. 0. 0. 0. 0.
    0. 0. 0. 0. 0. 0. 0. 0. 0. 0. 2. 1.98199999e+00 1.94599998e+00
    1.92999995e+00 1.92999995e+00 1.92999995e+00 1.92999995e+00
    1.90300000e+00 1.85800004e+00 1.82000005e+00 1.78699994e+00
    1.77199996e+00 1.76699996e+00 1.72200000e+00 1.65900004e+00
    1.63999999e+00 1.63999999e+00 1.60699999e+00 1.56200004e+00
    1.52800000e+00 1.49899995e+00 1.49199998e+00 0. 0. 0. 0. 0. 0. 0. 0.
    0. 0. 0. 0. 0. 0. 0. 0. 0. 0. 1.97000003e+00 1.94900000e+00
    1.90900004e+00 1.88999999e+00 1.88999999e+00 1.88199997e+00
    1.86800003e+00 1.84700000e+00 1.82200003e+00 1.79799998e+00
    1.77300000e+00 1.76499999e+00 1.76499999e+00 1.70599997e+00
    1.62000000e+00 1.58500004e+00 1.57299995e+00 1.55299997e+00
    1.53100002e+00 1.50899994e+00 1.48800004e+00 1.48300004e+00 0. 0. 0.
    0. 0. 0. 0. 0. 0. 0. 0. 0. 0. 0. 0. 0. 0. 0. 1.92900002e+00
    1.90900004e+00 1.86899996e+00 1.85099995e+00 1.85099995e+00
