<?xml version="1.0"?>
<opencv_storage>
<Depth type_id="opencv-matrix">
  <rows>40</rows>
  <cols>40</cols>
  <dt>f</dt>
  <data>
    0. 0. 0. 0. 0. 0. 0. 0. 0. 0. 0. 0. 0. 0. 0. 0. 0. 0. 0. 0. 0. 0. 0.
    0. 0. 0. 0. 0. 0. 0. 0. 0. 0. 0. 0. 0. 0. 0. 0. 0. 0. 0. 0. 0. 0. 0.
    0. 0. 0. 0. 0. 0. 0. 0. 0. 0. 0. 0. 0. 0. 0. 0. 0. 0. 0. 0. 0. 0. 0.
    0. 0. 0. 0. 0. 0. 0. 0. 0. 0. 0. 0. 0. 0. 0. 0. 0. 0. 0. 0. 0. 0. 0.
    0. 0. 0. 0. 0. 0. 0. 0. 0. 0. 0. 0. 0. 0. 0. 0. 0. 0. 0. 0. 0. 0. 0.
    0. 0. 0. 0. 0. 0. 0. 0. 0. 0. 0. 0. 0. 0. 0. 0. 0. 0. 0. 0. 0. 0. 0.
    0. 0. 0. 0. 0. 0. 0. 0. 0. 0. 0. 0. 0. 0. 0. 0. 0. 0. 0. 0. 0. 0. 0.
    0. 0. 0. 0. 0. 0. 0. 0. 0. 0. 0. 0. 0. 0. 0. 0. 0. 0. 0. 0. 0. 0. 0.
    0. 0. 0. 0. 0. 0. 0. 0. 0. 0. 0. 0. 0. 0. 0. 0. 0. 0. 0. 0. 0. 0. 0.
    0. 0. 0. 0. 0. 0. 0. 0. 0. 0. 0. 0. 0. 0. 0. 0. 0. 0. 0. 0. 0. 0. 0.
    0. 0. 0. 0. 0. 0. 0. 0. 0. 0. 0. 0. 0. 0. 0. 0. 0. 0. 0. 0. 0. 0. 0.
    0. 0. 0. 0. 0. 0. 0. 0. 0. 0. 0. 0. 0. 0. 0. 0. 0. 0. 0. 0. 0. 0. 0.
    0. 0. 0. 0. 0. 0. 0. 0. 0. 0. 0. 0. 0. 0. 0. 0. 0. 0. 0. 0. 0. 0. 0.
    0. 0. 0. 0. 0. 0. 0. 0. 0. 0. 0. 0. 0. 0. 0. 0. 0. 0. 0. 0. 0. 0. 0.
    0. 0. 0. 0. 0. 0. 0. 0. 0. 0. 0. 0. 0. 0. 0. 0. 0. 0. 0. 0. 0. 0. 0.
    0. 0. 0. 0. 0. 0. 0. 0. 0. 0. 0. 0. 0. 0. 0. 0. 0. 0. 0. 0. 0. 0. 0.
    0. 0. 0. 0. 0. 0. 0. 0. 0. 0. 0. 0. 0. 0. 0. 0. 0. 0. 0. 0. 0. 0. 0.
    0. 0. 0. 0. 0. 0. 0. 0. 0. 0. 0. 0. 0. 0. 0. 0. 0. 0. 0. 0. 0. 0. 0.
    0. 0. 0. 0. 0. 0. 0. 0. 0. 2.75500011e+00 2.26900005e+00 2. 2.
    2.01300001e+00 2.05900002e+00 2.10100007e+00 2.10100007e+00
    2.10100007e+00 2.05800009e+00 2.01200008e+00 1.96599996e+00
    1.92100000e+00 1.90199995e+00 1.90199995e+00 1.90199995e+00
    1.90199995e+00 0. 0. 0. 0. 0. 0. 0. 0. 0. 0. 0. 2.95700002e+00
    2.87599993e+00 2.87599993e+00 2.87599993e+00 2.87599993e+00
    2.87599993e+00 2.87599993e+00 2.87599993e+00 2.86700010e+00
    2.85800004e+00 2.85599995e+00 2.85599995e+00 2.61199999e+00
    2.21799994e+00 2. 2. 2.00999999e+00 2.04800010e+00 2.08200002e+00
    2.08200002e+00 2.08200002e+00 2.04699993e+00 2.00900006e+00
    1.96599996e+00 1.92100000e+00 1.90199995e+00 1.90199995e+00
    1.90199995e+00 1.90199995e+00 2.88400006e+00 2.91300011e+00
    2.99200010e+00 0. 0. 0. 0. 0. 0. 0. 0. 2.63599992e+00 2.43600011e+00
    2.43600011e+00 2.43600011e+00 2.43600011e+00 2.43600011e+00
    2.43600011e+00 2.43600011e+00 2.40700006e+00 2.37599993e+00
    2.36999989e+00 2.36999989e+00 2.26500010e+00 2.09400010e+00 2. 2.
    2.00399995e+00 2.02099991e+00 2.03500009e+00 2.03500009e+00
    2.03500009e+00 2.01999998e+00 2.00399995e+00 1.96599996e+00
    1.92100000e+00 1.90199995e+00 1.90199995e+00 1.90199995e+00
    1.90199995e+00 2.70199990e+00 2.73300004e+00 2.84200001e+00
    2.95300007e+00 0. 0. 0. 0. 0. 0. 2.84699988e+00 2.33800006e+00
    2.08200002e+00 2.08699989e+00 2.08999991e+00 2.08999991e+00
    2.09100008e+00 2.09599996e+00 2.10100007e+00 2.05599999e+00
    2.00999999e+00 2. 2. 1.99699998e+00 1.99199998e+00 1.98899996e+00
    1.98899996e+00 1.99100006e+00 1.99600005e+00 2. 2. 2. 1.99500000e+00
    1.99100006e+00 1.95899999e+00 1.91900003e+00 1.90199995e+00
    1.90199995e+00 1.89999998e+00 1.89499998e+00 2.33500004e+00
    2.30399990e+00 2.35700011e+00 2.41000009e+00 2.46700001e+00
    2.52399993e+00 2.52399993e+00 2.52399993e+00 2.52399993e+00
    2.52399993e+00 2.35899997e+00 2.11299992e+00 2. 2.02600002e+00
    2.04299998e+00 2.04299998e+00 2.04699993e+00 2.07399988e+00
    2.09999990e+00 2.05599999e+00 2.00999999e+00 2. 2. 1.98399997e+00
    1.95799994e+00 1.94400001e+00 1.94400001e+00 1.95099998e+00
    1.97700000e+00 2. 2. 2. 1.97599995e+00 1.95099998e+00 1.92999995e+00
    1.90999997e+00 1.90199995e+00 1.90199995e+00 1.89199996e+00
    1.86800003e+00 1.98899996e+00 1.90199995e+00 1.90199995e+00
    1.90199995e+00 1.90199995e+00 1.90199995e+00 1.90199995e+00
    1.90199995e+00 1.90199995e+00 1.90199995e+00 1.90199995e+00
    1.90199995e+00 1.92400002e+00 1.96899998e+00 2. 2. 2.00699997e+00
    2.05299997e+00 2.09999990e+00 2.05599999e+00 2.00999999e+00
    1.99899995e+00 1.99800003e+00 1.97000003e+00 1.92600000e+00
    1.90199995e+00 1.90199995e+00 1.91400003e+00 1.95899999e+00 2. 2. 2.
    1.95799994e+00 1.91299999e+00 1.90199995e+00 1.90199995e+00
    1.90199995e+00 1.90199995e+00 1.88499999e+00 1.84200001e+00
    1.96099997e+00 1.90199995e+00 1.90199995e+00 1.90199995e+00
    1.90199995e+00 1.90199995e+00 1.90199995e+00 1.90199995e+00
    1.90199995e+00 1.90199995e+00 1.90199995e+00 1.90199995e+00
    1.92400002e+00 1.96899998e+00 2. 2. 2.00699997e+00 2.05299997e+00
    2.09999990e+00 2.05599999e+00 2.00999999e+00 1.98199999e+00
    1.96000004e+00 1.93799996e+00 1.91499996e+00 1.90199995e+00
    1.90199995e+00 1.91400003e+00 1.95899999e+00 2. 2. 2. 1.95799994e+00
    1.91299999e+00 1.90199995e+00 1.90199995e+00 1.90199995e+00
    1.90199995e+00 1.88499999e+00 1.84200001e+00 1.93400002e+00
    1.90199995e+00 1.90199995e+00 1.90199995e+00 1.90199995e+00
    1.90199995e+00 1.90199995e+00 1.90199995e+00 1.90199995e+00
    1.90199995e+00 1.90199995e+00 1.90199995e+00 1.92400002e+00
    1.96899998e+00 2. 2. 2.00699997e+00 2.05299997e+00 2.09999990e+00
    2.05599999e+00 2.00999999e+00 1.96599996e+00 1.92299998e+00
    1.90600002e+00 1.90300000e+00 1.90199995e+00 1.90199995e+00
    1.91400003e+00 1.95899999e+00 2. 2. 2. 1.95799994e+00 1.91299999e+00
    1.90199995e+00 1.90199995e+00 1.90199995e+00 1.90199995e+00
    1.88499999e+00 1.84200001e+00 1.93099999e+00 1.90199995e+00
    1.90199995e+00 1.90600002e+00 1.92400002e+00 1.94200003e+00
    1.94200003e+00 1.94200003e+00 1.94200003e+00 1.94200003e+00
    1.94200003e+00 1.94200003e+00 1.95500004e+00 1.98199999e+00 2. 2.
    2.00699997e+00 2.05299997e+00 2.09999990e+00 2.05599999e+00
    2.00999999e+00 1.96399999e+00 1.91900003e+00 1.90199995e+00
    1.90199995e+00 1.90999997e+00 1.92900002e+00 1.94900000e+00
    1.97599995e+00 2. 2. 2. 1.95799994e+00 1.91299999e+00 1.90199995e+00
    1.90199995e+00 1.90199995e+00 1.90199995e+00 1.88499999e+00
    1.84200001e+00 1.93099999e+00 1.90199995e+00 1.90199995e+00
    1.90900004e+00 1.94900000e+00 1.98699999e+00 1.98699999e+00
    1.98699999e+00 1.98699999e+00 1.98699999e+00 1.98699999e+00
    1.98699999e+00 1.99000001e+00 1.99600005e+00 2. 2. 2.00699997e+00
    2.05299997e+00 2.09999990e+00 2.05599999e+00 2.00999999e+00
    1.96399999e+00 1.91900003e+00 1.90199995e+00 1.90199995e+00
    1.91900003e+00 1.95899999e+00 1.98899996e+00 1.99500000e+00 2. 2. 2.
    1.95799994e+00 1.91299999e+00 1.90199995e+00 1.90199995e+00
    1.90199995e+00 1.90199995e+00 1.88499999e+00 1.84200001e+00
    1.92100000e+00 1.90199995e+00 1.90199995e+00 1.91100001e+00
    1.95599997e+00 2. 2. 2. 2. 2. 2. 2. 2. 2. 2. 2. 2.00399995e+00
    2.03600001e+00 2.06699991e+00 2.03800011e+00 2.00600004e+00
    1.96399999e+00 1.91900003e+00 1.90199995e+00 1.90199995e+00
    1.91600001e+00 1.94599998e+00 1.97200000e+00 1.98699999e+00 2. 2. 2.
    1.97200000e+00 1.94200003e+00 1.92299998e+00 1.90799999e+00
    1.90199995e+00 1.90199995e+00 1.88999999e+00 1.86099994e+00
    1.90799999e+00 1.90199995e+00 1.90199995e+00 1.91100001e+00
    1.95599997e+00 2. 2. 2. 2. 2. 2. 2. 2. 2. 2. 2. 2.00099993e+00
    2.01099992e+00 2.02099991e+00 2.01200008e+00 2.00200009e+00
    1.96399999e+00 1.91900003e+00 1.90199995e+00 1.90199995e+00
    1.90600002e+00 1.91600001e+00 1.93200004e+00 1.96800005e+00 2. 2. 2.
    1.99100006e+00 1.98199999e+00 1.95299995e+00 1.91700006e+00
    1.90199995e+00 1.90199995e+00 1.89800000e+00 1.88900006e+00
    1.90199995e+00 1.90199995e+00 1.90199995e+00 1.91100001e+00
    1.95599997e+00 2. 2. 2. 2. 2. 2. 2. 2. 2. 2. 2. 2. 2. 2. 2. 2.
    1.96399999e+00 1.91900003e+00 1.90199995e+00 1.90199995e+00
    1.90199995e+00 1.90199995e+00 1.91400003e+00 1.95899999e+00 2. 2. 2.
    2. 2. 1.97500002e+00 1.94099998e+00 1.92600000e+00 1.92600000e+00
    1.92600000e+00 1.92600000e+00 1.90199995e+00 1.90199995e+00
