<?xml version="1.0"?>
<opencv_storage>
<Depth type_id="opencv-matrix">
  <rows>40</rows>
  <cols>40</cols>
  <dt>f</dt>
  <data>
    0. 0. 0. 0. 0. 0. 0. 0. 0. 0. 2.40000010e+00 2.40000010e+00
    2.40000010e+00 2.40000010e+00 2.38199997e+00 2.28399992e+00
    2.16199994e+00 2.10599995e+00 2.08999991e+00 2.05100012e+00
    2.05100012e+00 2.05100012e+00 2.07200003e+00 1.75000000e+00
    1.70799994e+00 1.71399999e+00 0. 0. 0. 0. 0. 0. 0. 0. 0. 0. 0. 0. 0.
    0. 0. 0. 0. 0. 0. 0. 0. 0. 0. 0. 2.40000010e+00 2.40000010e+00
    2.40000010e+00 2.40000010e+00 2.38000011e+00 2.24799991e+00
    2.12599993e+00 2.10400009e+00 2.10100007e+00 2.09299994e+00
    2.09100008e+00 2.07200003e+00 2.07699990e+00 2.07699990e+00
    2.09699988e+00 2.10400009e+00 1.85099995e+00 0. 0. 0. 0. 0. 0. 0. 0.
    0. 0. 0. 0. 0. 0. 0. 0. 0. 0. 0. 0. 0. 0. 0. 2.40000010e+00
    2.40000010e+00 2.40000010e+00 2.38400006e+00 2.37100005e+00
    2.24200010e+00 2.11899996e+00 2.10400009e+00 2.10400009e+00
    2.10400009e+00 2.10299993e+00 2.09599996e+00 2.11400008e+00
    2.09899998e+00 2.10200000e+00 2.10400009e+00 2.08800006e+00
    1.79499996e+00 1.51499999e+00 0. 0. 0. 0. 0. 0. 0. 0. 0. 0. 0. 0. 0.
    0. 0. 0. 0. 0. 0. 0. 0. 2.40000010e+00 2.40000010e+00 2.40000010e+00
    2.37700009e+00 2.36700010e+00 2.24200010e+00 2.11899996e+00
    2.10400009e+00 2.10400009e+00 2.10400009e+00 2.10400009e+00
    2.10400009e+00 2.12899995e+00 2.12199998e+00 2.10800004e+00
    2.10400009e+00 2.08800006e+00 2.07699990e+00 2.07699990e+00 0. 0. 0.
    0. 0. 0. 0. 0. 0. 0. 0. 0. 0. 0. 0. 0. 0. 0. 0. 0. 0. 2.40000010e+00
    2.40000010e+00 2.40000010e+00 2.38899994e+00 2.38400006e+00
    2.25000000e+00 2.11299992e+00 2.08999991e+00 2.08999991e+00
    2.08999991e+00 2.09100008e+00 2.10400009e+00 2.11599994e+00
    2.12899995e+00 2.11100006e+00 2.10400009e+00 2.08800006e+00
    2.06999993e+00 2.06299996e+00 0. 0. 0. 0. 0. 0. 0. 0. 0. 0. 0. 0. 0.
    0. 0. 0. 0. 0. 0. 0. 0. 2.40000010e+00 2.40000010e+00 2.40000010e+00
    2.40000010e+00 2.39100003e+00 2.24399996e+00 2.09999990e+00
    2.07699990e+00 2.07699990e+00 2.07699990e+00 2.07999992e+00
    2.10400009e+00 2.10400009e+00 2.11700010e+00 2.10800004e+00
    2.09599996e+00 2.08299994e+00 2.06399989e+00 2.05100012e+00 0. 0. 0.
    0. 0. 0. 0. 0. 0. 0. 0. 0. 0. 0. 0. 0. 0. 0. 0. 0. 0. 2.41100001e+00
    2.41100001e+00 2.41100001e+00 2.40300012e+00 2.32800007e+00
    2.18799996e+00 2.09200001e+00 2.07399988e+00 2.06800008e+00
    2.06900001e+00 2.07900000e+00 2.09400010e+00 2.10299993e+00
    2.10400009e+00 2.10400009e+00 2.08599997e+00 2.07699990e+00
    2.06399989e+00 2.05100012e+00 0. 0. 0. 0. 0. 0. 0. 0. 0. 0. 0. 0. 0.
    0. 0. 0. 0. 0. 0. 0. 0. 2.70000005e+00 2.46600008e+00 2.43199992e+00
    2.40300012e+00 2.22700000e+00 2.11299992e+00 2.09200001e+00
    2.06800008e+00 2.05100012e+00 2.05599999e+00 2.07699990e+00
    2.07699990e+00 2.09500003e+00 2.09699988e+00 2.10200000e+00
    2.08599997e+00 2.07699990e+00 2.06399989e+00 2.05100012e+00 0. 0. 0.
    0. 0. 0. 0. 0. 0. 0. 0. 0. 0. 0. 0. 0. 0. 0. 0. 0. 0. 0.
    2.70900011e+00 2.46900010e+00 2.38599992e+00 2.20499992e+00
    2.10400009e+00 2.09200001e+00 2.06900001e+00 2.05599999e+00
    2.05999994e+00 2.07699990e+00 2.07699990e+00 2.07699990e+00
    2.07699990e+00 2.09400010e+00 2.08400011e+00 2.07699990e+00
    2.06599998e+00 2.05599999e+00 0. 0. 0. 0. 0. 0. 0. 0. 0. 0. 0. 0. 0.
    0. 0. 0. 0. 0. 0. 0. 0. 0. 0. 2.69600010e+00 2.47499990e+00
    2.24000001e+00 2.10400009e+00 2.09200001e+00 2.07699990e+00
    2.07699990e+00 2.07699990e+00 2.07699990e+00 2.07699990e+00
    2.07699990e+00 2.07699990e+00 2.07699990e+00 2.07699990e+00
    2.07699990e+00 2.07699990e+00 2.07699990e+00 0. 0. 0. 0. 0. 0. 0. 0.
    0. 0. 0. 0. 0. 0. 0. 0. 0. 0. 0. 0. 0. 0. 0. 0. 0. 2.54800010e+00
    2.10400009e+00 2.09200001e+00 2.07699990e+00 2.07699990e+00
    2.07699990e+00 2.07699990e+00 2.07699990e+00 2.07699990e+00
    2.07699990e+00 2.07699990e+00 2.07699990e+00 2.07699990e+00
    2.07699990e+00 2.07699990e+00 0. 0. 0. 0. 0. 0. 0. 0. 0. 0. 0. 0. 0.
    0. 0. 0. 0. 0. 0. 0. 0. 0. 0. 0. 0. 2.54500008e+00 2.11599994e+00
    2.09200001e+00 2.06800008e+00 2.05299997e+00 2.05299997e+00
    2.05500007e+00 2.07699990e+00 2.07699990e+00 2.07699990e+00
    2.07699990e+00 2.07699990e+00 2.07699990e+00 2.08999991e+00
    2.10200000e+00 0. 0. 0. 0. 0. 0. 0. 0. 0. 0. 0. 0. 0. 0. 0. 0. 0. 0.
    0. 0. 0. 0. 0. 0. 0. 2.54500008e+00 2.11700010e+00 2.09200001e+00
    2.06800008e+00 2.05100012e+00 2.05100012e+00 2.05399990e+00
    2.07699990e+00 2.07699990e+00 2.07699990e+00 2.07699990e+00
    2.06200004e+00 2.05500007e+00 0. 0. 0. 0. 0. 0. 0. 0. 0. 0. 0. 0. 0.
    0. 0. 0. 0. 0. 0. 0. 0. 0. 0. 0. 0. 0. 0. 2.53200006e+00
    2.09599996e+00 2.07200003e+00 2.05500007e+00 2.05100012e+00
    2.05100012e+00 2.05200005e+00 2.05699992e+00 2.05699992e+00
    2.05699992e+00 2.04200006e+00 2.03299999e+00 2.04299998e+00 0. 0. 0.
    0. 0. 0. 0. 0. 0. 0. 0. 0. 0. 0. 0. 0. 0. 0. 0. 0. 0. 0. 0. 0. 0. 0.
    2.68400002e+00 2.22399998e+00 2.07200003e+00 2.05599999e+00
    2.05100012e+00 2.05100012e+00 2.05100012e+00 2.05100012e+00
    2.05100012e+00 2.05100012e+00 2.05100012e+00 2.03099990e+00
    2.02500010e+00 2.02999997e+00 0. 0. 0. 0. 0. 0. 0. 0. 0. 0. 0. 0. 0.
    0. 0. 0. 0. 0. 0. 0. 0. 0. 0. 0. 0. 0. 2.42000008e+00 2.06200004e+00
    2.04800010e+00 2.03600001e+00 2.03600001e+00 2.03999996e+00
    2.05100012e+00 2.05100012e+00 2.05100012e+00 2.05100012e+00
    2.05100012e+00 2.03099990e+00 2.02500010e+00 2.02500010e+00 0. 0. 0.
    0. 0. 0. 0. 0. 0. 0. 0. 0. 0. 0. 0. 0. 0. 0. 0. 0. 0. 0. 0. 0. 0. 0.
    2.40499997e+00 2.05100012e+00 2.03699994e+00 2.01900005e+00
    2.01200008e+00 2.01900005e+00 2.03999996e+00 2.05100012e+00
    2.05100012e+00 2.05100012e+00 2.05100012e+00 2.03099990e+00
    2.02500010e+00 1.15100002e+00 0. 0. 0. 0. 0. 0. 0. 0. 0. 0. 0. 0. 0.
    0. 0. 0. 0. 0. 0. 0. 0. 0. 0. 0. 0. 0. 2.39700007e+00 2.05100012e+00
    2.03200006e+00 2.00799990e+00 2. 2.00699997e+00 2.02800012e+00
    2.03999996e+00 2.03999996e+00 2.03999996e+00 2.04900002e+00
    2.03099990e+00 2.02500010e+00 1.01699996e+00 0. 0. 0. 0. 0. 0. 0. 0.
    0. 0. 0. 0. 0. 0. 0. 0. 0. 0. 0. 0. 0. 0. 0. 0. 0. 0. 2.39700007e+00
    2.05100012e+00 2.02399993e+00 2. 2. 2.00500011e+00 2.01799989e+00
    2.02500010e+00 2.02500010e+00 2.02500010e+00 2.03999996e+00
    2.02300000e+00 2.01699996e+00 2.03699994e+00 0. 0. 0. 0. 0. 0. 0. 0.
    0. 0. 0. 0. 0. 0. 0. 0. 0. 0. 0. 0. 0. 0. 0. 0. 0. 2.98300004e+00
    2.31800008e+00 2.05299997e+00 2.02699995e+00 2.00600004e+00
    2.00399995e+00 2. 2.00399995e+00 2.01900005e+00 2.02500010e+00
    2.02500010e+00 2.02500010e+00 2.00600004e+00 2. 1.59899998e+00 0. 0.
    0. 0. 0. 0. 0. 0. 0. 0. 0. 0. 0. 0. 0. 0. 0. 0. 0. 0. 0. 0. 0. 0. 0.
    2.29399991e+00 2.07299995e+00 2.05900002e+00 2.03900003e+00
    2.02699995e+00 2.01600003e+00 2. 2. 2.00200009e+00 2.01699996e+00
    2.01699996e+00 2.01699996e+00 1.99800003e+00 1.99199998e+00 0. 0. 0.
    0. 0. 0. 0. 0. 0. 0. 0. 0. 0. 0. 0. 0. 0. 0. 0. 0. 0. 0. 0. 0. 0. 0.
    2.25799990e+00 2.04900002e+00 2.04900002e+00 2.04900002e+00
    2.03800011e+00 2.01600003e+00 2. 2. 1.99699998e+00 1.97500002e+00
    1.97500002e+00 1.97500002e+00 1.95599997e+00 1.95000005e+00 0. 0. 0.
    0. 0. 0. 0. 0. 0. 0. 0. 0. 0. 0. 0. 0. 0. 0. 0. 0. 0. 0. 0. 0. 0.
    2.18700004e+00 2.02800012e+00 2.02500010e+00 2.02500010e+00
    2.02500010e+00 2.02500010e+00 2.01600003e+00 2. 2. 1.99699998e+00
    1.97500002e+00 1.97500002e+00 1.97500002e+00 1.95599997e+00
    1.95000005e+00 0. 0. 0. 0. 0. 0. 0. 0. 0. 0. 0. 0. 0. 0. 0. 0. 0. 0.
    0. 0. 0. 0. 0. 0. 0. 2.16499996e+00 2.02500010e+00 2.02500010e+00
    2.01099992e+00 2.00200009e+00 1.99199998e+00 1.97899997e+00
    1.98399997e+00 2. 1.99699998e+00 1.97500002e+00 1.97500002e+00
    1.97500002e+00 1.95599997e+00 1.95000005e+00 0. 0. 0. 0. 0. 0. 0. 0.
    0. 0. 0. 0. 0. 0. 0. 0. 0. 0. 0. 0. 0. 0. 0. 0. 0. 2.93600011e+00
