<?xml version="1.0"?>
<opencv_storage>
<Depth type_id="opencv-matrix">
  <rows>40</rows>
  <cols>40</cols>
  <dt>f</dt>
  <data>
    0. 0. 0. 0. 0. 0. 0. 0. 0. 0. 0. 0. 0. 0. 0. 0. 0. 0. 0. 0. 0. 0. 0.
    0. 0. 0. 0. 0. 0. 0. 0. 0. 0. 0. 0. 0. 0. 0. 0. 0. 0. 0. 0. 0. 0. 0.
    0. 0. 0. 0. 0. 0. 0. 0. 0. 0. 0. 0. 0. 0. 0. 0. 0. 0. 0. 0. 0. 0. 0.
    0. 0. 0. 0. 0. 0. 0. 0. 0. 0. 0. 0. 0. 0. 0. 0. 2. 2. 2. 2. 2. 2. 2.
    1.96300006e+00 1.90600002e+00 1.85000002e+00 1.84599996e+00
    1.84599996e+00 1.85699999e+00 1.91299999e+00 1.97000003e+00 2. 2. 2.
    1.95899999e+00 1.90300000e+00 1.84599996e+00 1.79200006e+00
    1.73800004e+00 1.41999996e+00 0. 0. 0. 0. 0. 0. 0. 0. 0. 0. 0. 0. 0.
    0. 0. 0. 1.98500001e+00 1.98500001e+00 1.98500001e+00 1.98500001e+00
    1.98599994e+00 1.98899996e+00 1.99199998e+00 1.95700002e+00
    1.90300000e+00 1.85000002e+00 1.84599996e+00 1.84599996e+00
    1.85699999e+00 1.91299999e+00 1.97000003e+00 2. 2. 2. 1.95899999e+00
    1.90300000e+00 1.84599996e+00 1.79200006e+00 1.73800004e+00
    1.41999996e+00 0. 0. 0. 0. 0. 0. 0. 0. 0. 0. 0. 0. 0. 0. 0. 0.
    1.87500000e+00 1.87500000e+00 1.87500000e+00 1.87500000e+00
    1.88399994e+00 1.90600002e+00 1.92900002e+00 1.91400003e+00
    1.88100004e+00 1.84800005e+00 1.84599996e+00 1.84599996e+00
    1.85699999e+00 1.91299999e+00 1.97000003e+00 2. 2. 2. 1.95899999e+00
    1.90300000e+00 1.84599996e+00 1.79200006e+00 1.73800004e+00
    1.41999996e+00 0. 0. 0. 0. 0. 0. 0. 0. 0. 0. 0. 0. 0. 0. 0. 0.
    1.76400006e+00 1.76400006e+00 1.76400006e+00 1.76400006e+00
    1.78100002e+00 1.82299995e+00 1.86600006e+00 1.87199998e+00
    1.85899997e+00 1.84700000e+00 1.84599996e+00 1.84599996e+00
    1.85699999e+00 1.91299999e+00 1.97000003e+00 2. 2. 2. 1.95899999e+00
    1.90300000e+00 1.84599996e+00 1.79200006e+00 1.73800004e+00
    1.41999996e+00 0. 0. 0. 0. 0. 0. 0. 0. 0. 0. 0. 0. 0. 0. 0. 0.
    1.69799995e+00 1.69799995e+00 1.69799995e+00 1.69799995e+00
    1.72000003e+00 1.77400005e+00 1.82799995e+00 1.84599996e+00
    1.84599996e+00 1.84599996e+00 1.84599996e+00 1.84599996e+00
    1.85699999e+00 1.91299999e+00 1.97000003e+00 2. 2. 2. 1.95899999e+00
    1.90300000e+00 1.84599996e+00 1.79200006e+00 1.73800004e+00
    1.42100000e+00 0. 0. 0. 0. 0. 0. 0. 0. 0. 0. 0. 0. 0. 0. 0. 0.
    1.69799995e+00 1.69799995e+00 1.69799995e+00 1.69799995e+00
    1.72000003e+00 1.77400005e+00 1.82799995e+00 1.84599996e+00
    1.84599996e+00 1.84599996e+00 1.84599996e+00 1.84599996e+00
    1.85699999e+00 1.91299999e+00 1.97000003e+00 2. 2. 2. 1.95899999e+00
    1.90300000e+00 1.84599996e+00 1.79200006e+00 1.73800004e+00
    1.42299998e+00 0. 0. 0. 0. 0. 0. 0. 0. 0. 0. 0. 0. 0. 0. 0. 0.
    1.69799995e+00 1.69799995e+00 1.69799995e+00 1.69799995e+00
    1.72000003e+00 1.77400005e+00 1.82799995e+00 1.84599996e+00
    1.84599996e+00 1.84599996e+00 1.84599996e+00 1.84599996e+00
    1.85699999e+00 1.91299999e+00 1.97000003e+00 2. 2. 2. 1.95899999e+00
    1.90300000e+00 1.84599996e+00 1.79200006e+00 1.73800004e+00
    1.42400002e+00 0. 0. 0. 0. 0. 0. 0. 0. 0. 0. 0. 0. 0. 0. 0. 0.
    1.69799995e+00 1.70000005e+00 1.71300006e+00 1.72599995e+00
    1.75600004e+00 1.81099999e+00 1.86500001e+00 1.87399995e+00
    1.86099994e+00 1.84700000e+00 1.84599996e+00 1.84599996e+00
    1.85699999e+00 1.91299999e+00 1.97000003e+00 2. 2. 2. 1.95899999e+00
    1.90300000e+00 1.84599996e+00 1.79200006e+00 1.73800004e+00
    1.42499995e+00 0. 0. 0. 0. 0. 0. 0. 0. 0. 0. 0. 0. 0. 0. 0. 0.
    1.69799995e+00 1.70200002e+00 1.73500001e+00 1.76800001e+00
    1.80999994e+00 1.86600006e+00 1.92100000e+00 1.91700006e+00
    1.88300002e+00 1.84800005e+00 1.84599996e+00 1.84599996e+00
    1.85699999e+00 1.91299999e+00 1.97000003e+00 2. 2. 2. 1.95899999e+00
    1.90300000e+00 1.84599996e+00 1.79200006e+00 1.73800004e+00
    1.42499995e+00 0. 0. 0. 0. 0. 0. 0. 0. 0. 0. 0. 0. 0. 0. 0. 0.
    1.69799995e+00 1.70500004e+00 1.75800002e+00 1.81099999e+00
    1.86500001e+00 1.92100000e+00 1.97700000e+00 1.96000004e+00
    1.90499997e+00 1.85000002e+00 1.84599996e+00 1.84599996e+00
    1.85699999e+00 1.91299999e+00 1.97000003e+00 2. 2. 2. 1.95899999e+00
    1.90300000e+00 1.84599996e+00 1.79200006e+00 1.73800004e+00
    1.42499995e+00 0. 0. 0. 0. 0. 0. 0. 0. 0. 0. 0. 0. 0. 0. 0. 0.
    1.64999998e+00 1.65900004e+00 1.73099995e+00 1.80299997e+00
    1.86800003e+00 1.92499995e+00 1.98099995e+00 1.97500002e+00
    1.93799996e+00 1.90100002e+00 1.89800000e+00 1.89800000e+00
    1.90600002e+00 1.94299996e+00 1.98000002e+00 2. 2. 2. 1.95899999e+00
    1.90300000e+00 1.84599996e+00 1.80999994e+00 1.77499998e+00
    1.47099996e+00 0. 0. 0. 0. 0. 0. 0. 0. 0. 0. 0. 0. 0. 0. 0. 0.
    1.59800005e+00 1.61000001e+00 1.70099998e+00 1.79200006e+00
    1.86800003e+00 1.92499995e+00 1.98099995e+00 1.98899996e+00
    1.97200000e+00 1.95599997e+00 1.95500004e+00 1.95500004e+00
    1.95799994e+00 1.97500002e+00 1.99100006e+00 2. 2. 2. 1.95899999e+00
    1.90300000e+00 1.84599996e+00 1.83000004e+00 1.81400001e+00
    1.51900005e+00 0. 0. 0. 0. 0. 0. 0. 0. 0. 0. 0. 0. 0. 0. 0. 0.
    1.55700004e+00 1.57099998e+00 1.67700005e+00 1.78299999e+00
    1.86800003e+00 1.92499995e+00 1.98099995e+00 2. 2. 2. 2. 2. 2. 2. 2.
    2. 2. 2. 1.96200001e+00 1.90999997e+00 1.85699999e+00 1.85300004e+00
    1.84899998e+00 1.57900000e+00 0. 0. 0. 0. 0. 0. 0. 0. 0. 0. 0. 0. 0.
    0. 0. 0. 1.55700004e+00 1.57099998e+00 1.67700005e+00 1.78299999e+00
    1.86800003e+00 1.92499995e+00 1.98099995e+00 2. 2. 2. 2. 2. 2. 2. 2.
    2. 2. 2. 1.97700000e+00 1.94500005e+00 1.91400003e+00 1.88900006e+00
    1.86399996e+00 1.68499994e+00 1.07099998e+00 0. 0. 0. 0. 0. 0. 0. 0.
    0. 0. 0. 0. 0. 0. 0. 1.55700004e+00 1.57099998e+00 1.67700005e+00
    1.78299999e+00 1.86800003e+00 1.92499995e+00 1.98099995e+00 2. 2. 2.
    2. 2. 2. 2. 2. 2. 2. 2. 1.99199998e+00 1.98099995e+00 1.97000003e+00
    1.92499995e+00 1.87899995e+00 1.78999996e+00 1.57500005e+00
    1.36099994e+00 1.28400004e+00 1.33000004e+00 1.37500000e+00
    1.38399994e+00 0. 0. 0. 0. 0. 0. 0. 0. 0. 0. 1.55700004e+00
    1.57099998e+00 1.67700005e+00 1.78299999e+00 1.86800003e+00
    1.92499995e+00 1.98099995e+00 2. 2. 2. 2. 2. 2. 2. 2. 2. 2. 2. 2. 2.
    2. 1.95299995e+00 1.90699995e+00 1.87199998e+00 1.87199998e+00
    1.87199998e+00 1.89699996e+00 1.94400001e+00 1.99000001e+00 2. 0. 0.
    0. 0. 0. 0. 0. 0. 0. 0. 1.55700004e+00 1.57099998e+00 1.67700005e+00
    1.78299999e+00 1.86800003e+00 1.92499995e+00 1.98099995e+00 2. 2. 2.
    2. 2. 2. 2. 2. 2. 2. 2. 2. 2. 2. 1.97399998e+00 1.94799995e+00
    1.92799997e+00 1.92799997e+00 1.92799997e+00 1.94200003e+00
    1.96800005e+00 1.99500000e+00 2. 0. 0. 0. 0. 0. 0. 0. 0. 0. 0.
    1.55700004e+00 1.57099998e+00 1.67700005e+00 1.78299999e+00
    1.86800003e+00 1.92499995e+00 1.98099995e+00 2. 2. 2. 2. 2. 2. 2. 2.
    2. 2. 2. 2. 2. 2. 1.99399996e+00 1.98899996e+00 1.98500001e+00
    1.98500001e+00 1.98500001e+00 1.98800004e+00 1.99300003e+00
    1.99899995e+00 2. 0. 0. 0. 0. 0. 0. 0. 0. 0. 0. 1.55700004e+00
    1.56700003e+00 1.64499998e+00 1.72200000e+00 1.79100001e+00
    1.84599996e+00 1.90100002e+00 1.92900002e+00 1.94299996e+00
    1.95799994e+00 1.97300005e+00 1.98800004e+00 2. 2. 2. 2. 2. 2. 2. 2.
    2. 2. 2. 2. 2. 2. 2. 2. 2. 2. 0. 0. 0. 0. 0. 0. 0. 0. 0. 0.
    1.55700004e+00 1.56200004e+00 1.60099995e+00 1.63999999e+00
    1.68400002e+00 1.73800004e+00 1.79100001e+00 1.83200002e+00
    1.86600006e+00 1.89999998e+00 1.93599999e+00 1.97099996e+00 2. 2. 2.
    2. 2. 2. 2. 2. 2. 2. 2. 2. 2. 2. 2. 2. 2. 2. 0. 0. 0. 0. 0. 0. 0. 0.
    0. 0. 1.55700004e+00 1.55700004e+00 1.55700004e+00 1.55700004e+00
    1.57799995e+00 1.63000000e+00 1.68099999e+00 1.73399997e+00
    1.78799999e+00 1.84200001e+00 1.89900005e+00 1.95500004e+00 2. 2. 2.
    2. 2. 2. 2. 2. 2. 2. 2. 2. 2. 2. 2. 2. 2. 2. 0. 0. 0. 0. 0. 0. 0. 0.
    0. 0. 1.55700004e+00 1.55700004e+00 1.55700004e+00 1.55700004e+00
    1.57799995e+00 1.62899995e+00 1.68099999e+00 1.72099996e+00
