<?xml version="1.0"?>
<opencv_storage>
<Depth type_id="opencv-matrix">
  <rows>40</rows>
  <cols>40</cols>
  <dt>f</dt>
  <data>
    0. 0. 0. 0. 0. 0. 0. 0. 0. 0. 0. 0. 0. 0. 0. 0. 0. 0. 0. 0. 0. 0. 0.
    0. 0. 0. 0. 0. 0. 0. 0. 0. 0. 0. 0. 0. 0. 0. 0. 0. 0. 0. 0. 0. 0. 0.
    0. 0. 0. 0. 0. 0. 0. 0. 0. 0. 0. 0. 0. 0. 0. 0. 0. 0. 0. 0. 0. 0. 0.
    0. 0. 0. 0. 0. 0. 0. 0. 0. 0. 0. 0. 0. 0. 0. 0. 0. 0. 0. 0. 0. 0. 0.
    0. 0. 0. 0. 0. 0. 0. 0. 0. 0. 0. 0. 0. 0. 0. 0. 0. 0. 0. 0. 0. 0. 0.
    0. 0. 0. 0. 0. 0. 0. 0. 0. 0. 0. 0. 0. 0. 0. 0. 0. 0. 0. 0. 0. 0. 0.
    0. 0. 0. 0. 0. 0. 0. 0. 0. 0. 0. 0. 0. 0. 0. 0. 0. 0. 0. 0. 0. 0. 0.
    0. 0. 0. 0. 0. 0. 0. 0. 0. 0. 0. 0. 0. 0. 0. 0. 0. 0. 0. 0. 0. 0. 0.
    0. 0. 0. 0. 0. 0. 0. 0. 0. 0. 0. 0. 0. 0. 0. 0. 0. 0. 0. 0. 0. 0. 0.
    0. 0. 0. 0. 0. 0. 0. 0. 0. 0. 0. 0. 0. 0. 0. 0. 0. 0. 0. 0. 0. 0. 0.
    0. 0. 0. 0. 0. 0. 0. 0. 0. 0. 0. 0. 0. 0. 0. 0. 0. 0. 0. 0. 0. 0. 0.
    0. 0. 0. 0. 0. 0. 0. 0. 0. 0. 0. 0. 0. 0. 0. 0. 0. 0. 0. 0. 0. 0. 0.
    0. 0. 0. 0. 0. 0. 0. 0. 0. 0. 0. 0. 0. 0. 0. 0. 0. 0. 0. 0. 0. 0. 0.
    0. 0. 0. 0. 0. 0. 0. 0. 0. 0. 0. 0. 0. 0. 0. 0. 0. 0. 0. 0. 0. 0. 0.
    0. 0. 0. 0. 0. 0. 0. 0. 0. 0. 0. 0. 0. 0. 0. 0. 0. 0. 0. 0. 0. 0. 0.
    0. 0. 0. 0. 0. 0. 0. 0. 0. 0. 0. 0. 0. 0. 0. 0. 0. 0. 0. 0. 0. 0. 0.
    0. 0. 0. 2.34800005e+00 2.27699995e+00 2.27300000e+00 2.27300000e+00
    2.27300000e+00 2.27300000e+00 2.27300000e+00 2.27300000e+00
    2.27300000e+00 2.24499989e+00 2.22499990e+00 2.22499990e+00
    2.22499990e+00 2.22499990e+00 2.22499990e+00 2.22499990e+00
    2.24900007e+00 2.27300000e+00 2.27300000e+00 0. 0. 0. 0. 0. 0. 0. 0.
    0. 0. 0. 0. 0. 0. 0. 0. 0. 0. 0. 0. 0. 2.30599999e+00 2.27500010e+00
    2.25500011e+00 2.24600005e+00 2.24600005e+00 2.24600005e+00
    2.25900006e+00 2.27300000e+00 2.27300000e+00 2.24499989e+00
    2.22499990e+00 2.22499990e+00 2.20700002e+00 2.19899988e+00
    2.19899988e+00 2.19899988e+00 2.19700003e+00 2.19499993e+00
    2.19499993e+00 0. 0. 0. 0. 0. 0. 0. 0. 0. 0. 0. 0. 0. 0. 0. 0. 0. 0.
    0. 0. 0. 2.26099992e+00 2.26099992e+00 2.23699999e+00 2.22499990e+00
    2.22499990e+00 2.22499990e+00 2.24799991e+00 2.27300000e+00
    2.27300000e+00 2.24499989e+00 2.22499990e+00 2.22499990e+00
    2.19300008e+00 2.17799997e+00 2.17799997e+00 2.17799997e+00
    2.14899993e+00 2.11999989e+00 2.11999989e+00 0. 0. 0. 0. 0. 0. 0. 0.
    0. 0. 0. 0. 0. 0. 0. 0. 0. 0. 0. 0. 0. 2.22700000e+00 2.22700000e+00
    2.22600007e+00 2.22499990e+00 2.22499990e+00 2.22499990e+00
    2.24799991e+00 2.27300000e+00 2.27300000e+00 2.24499989e+00
    2.22499990e+00 2.22499990e+00 2.19300008e+00 2.17799997e+00
    2.17799997e+00 2.17799997e+00 2.13299990e+00 2.08899999e+00
    2.08899999e+00 0. 0. 0. 0. 0. 0. 0. 0. 0. 0. 0. 0. 0. 0. 0. 0. 0. 0.
    0. 0. 0. 2.22499990e+00 2.22499990e+00 2.22499990e+00 2.22499990e+00
    2.22499990e+00 2.22499990e+00 2.24799991e+00 2.27300000e+00
    2.27300000e+00 2.24499989e+00 2.22499990e+00 2.22499990e+00
    2.19300008e+00 2.17799997e+00 2.17199993e+00 2.13000011e+00
    2.10200000e+00 2.08699989e+00 2.08699989e+00 0. 0. 0. 0. 0. 0. 0. 0.
    0. 0. 0. 0. 0. 0. 0. 0. 0. 0. 0. 0. 0. 2.22099996e+00 2.20900011e+00
    2.20799994e+00 2.20799994e+00 2.20799994e+00 2.20799994e+00
    2.22199988e+00 2.23799992e+00 2.23799992e+00 2.21099997e+00
    2.19099998e+00 2.19099998e+00 2.15899992e+00 2.14499998e+00
    2.13899994e+00 2.09899998e+00 2.08699989e+00 2.08699989e+00
    2.08699989e+00 0. 0. 0. 0. 0. 0. 0. 0. 0. 0. 0. 0. 0. 0. 0. 0. 0. 0.
    0. 0. 0. 2.21300006e+00 2.18000007e+00 2.17799997e+00 2.17700005e+00
    2.17499995e+00 2.17499995e+00 2.17499995e+00 2.17400002e+00
    2.17199993e+00 2.14700007e+00 2.12800002e+00 2.12599993e+00
    2.09699988e+00 2.08400011e+00 2.08400011e+00 2.08400011e+00
    2.08400011e+00 2.08400011e+00 2.08400011e+00 0. 0. 0. 0. 0. 0. 0. 0.
    0. 0. 0. 0. 0. 0. 0. 0. 0. 0. 0. 1.37600005e+00 1.84700000e+00
    2.21300006e+00 2.18000007e+00 2.17799997e+00 2.16499996e+00
    2.14299989e+00 2.14299989e+00 2.14299989e+00 2.13599992e+00
    2.11199999e+00 2.10200000e+00 2.08800006e+00 2.06399989e+00
    2.05599999e+00 2.05299997e+00 2.05299997e+00 2.05299997e+00
    2.05299997e+00 2.05299997e+00 2.05299997e+00 0. 0. 0. 0. 0. 0. 0. 0.
    0. 0. 0. 0. 0. 0. 0. 0. 0. 0. 0. 2.32299995e+00 2.26900005e+00
    2.20700002e+00 2.15899992e+00 2.15599990e+00 2.14700007e+00
    2.13100004e+00 2.11599994e+00 2.11100006e+00 2.10299993e+00
    2.07100010e+00 2.06599998e+00 2.05999994e+00 2.04299998e+00
    2.04299998e+00 2.04299998e+00 2.04299998e+00 2.04299998e+00
    2.04299998e+00 2.04299998e+00 2.04299998e+00 0. 0. 0. 0. 0. 0. 0. 0.
    0. 0. 0. 0. 0. 0. 0. 0. 0. 0. 0. 2.29699993e+00 2.24799991e+00
    2.18700004e+00 2.12700009e+00 2.12400007e+00 2.12100005e+00
    2.11400008e+00 2.08800006e+00 2.07599998e+00 2.06500006e+00
    2.03999996e+00 2.03500009e+00 2.03500009e+00 2.03500009e+00
    2.03500009e+00 2.03500009e+00 2.03500009e+00 2.03500009e+00
    2.03900003e+00 2.04299998e+00 2.04299998e+00 0. 0. 0. 0. 0. 0. 0. 0.
    0. 0. 0. 0. 0. 0. 0. 0. 0. 0. 0. 2.19499993e+00 2.16599989e+00
    2.13000011e+00 2.09400010e+00 2.09200001e+00 2.07800007e+00
    2.05299997e+00 2.04999995e+00 2.02999997e+00 2.00999999e+00
    2.00600004e+00 2.00500011e+00 2.00500011e+00 2.00500011e+00
    2.00500011e+00 2.00500011e+00 2.00500011e+00 2.00500011e+00
    2.02399993e+00 2.04299998e+00 2.04299998e+00 0. 0. 0. 0. 0. 0. 0. 0.
    0. 0. 0. 0. 0. 0. 0. 0. 0. 0. 0. 2.02500010e+00 2.08400011e+00
    2.11999989e+00 2.08899999e+00 2.06999993e+00 2.05500007e+00
    2.04099989e+00 2.02399993e+00 2.00900006e+00 2. 2. 2. 2. 2. 2. 2. 2.
    2. 2.00900006e+00 2.01799989e+00 2.01799989e+00 0. 0. 0. 0. 0. 0. 0.
    0. 0. 0. 0. 0. 0. 0. 0. 0. 0. 0. 0. 1.91600001e+00 2.02900004e+00
    2.10800004e+00 2.07599998e+00 2.05399990e+00 2.03900003e+00
    2.02800012e+00 1.99800003e+00 1.98800004e+00 1.98800004e+00
    1.98800004e+00 1.98099995e+00 1.97599995e+00 1.97599995e+00
    1.97599995e+00 1.97599995e+00 1.97599995e+00 1.97599995e+00
    1.98800004e+00 2. 2. 0. 0. 0. 0. 0. 0. 0. 0. 0. 0. 0. 0. 0. 0. 0. 0.
    0. 0. 0. 1.91600001e+00 2.01099992e+00 2.07599998e+00 2.04500008e+00
    2.04299998e+00 2.02699995e+00 1.99800003e+00 1.96800005e+00
    1.95799994e+00 1.95799994e+00 1.95799994e+00 1.93400002e+00
    1.91700006e+00 1.91700006e+00 1.91700006e+00 1.91700006e+00
    1.91700006e+00 1.91700006e+00 1.95899999e+00 2. 2. 0. 0. 0. 0. 0. 0.
    0. 0. 0. 0. 0. 0. 0. 0. 0. 0. 0. 0. 0. 1.94500005e+00 2.00699997e+00
    2.04500008e+00 2.01500010e+00 2.01300001e+00 2.00799990e+00
    1.99500000e+00 1.94500005e+00 1.91600001e+00 1.90100002e+00
    1.90100002e+00 1.89400005e+00 1.88800001e+00 1.88800001e+00
    1.88800001e+00 1.88800001e+00 1.89100003e+00 1.90999997e+00
    1.95799994e+00 2. 2. 0. 0. 0. 0. 0. 0. 0. 0. 0. 0. 0. 0. 0. 0. 0. 0.
    0. 0. 0. 1.99100006e+00 2.01999998e+00 2.02800012e+00 1.98599994e+00
    1.98300004e+00 1.98300004e+00 1.97899997e+00 1.93099999e+00
    1.89699996e+00 1.87300003e+00 1.86199999e+00 1.86099994e+00
    1.86500001e+00 1.87600005e+00 1.87600005e+00 1.87600005e+00
    1.88000000e+00 1.90799999e+00 1.95799994e+00 1.69200003e+00 0. 0. 0.
    0. 0. 0. 0. 0. 0. 0. 0. 0. 0. 0. 0. 0. 0. 0. 0. 0. 1.66999996e+00
    1.66999996e+00 1.74399996e+00 1.94599998e+00 1.95799994e+00
    1.95799994e+00 1.95500004e+00 1.92600000e+00 1.89699996e+00
    1.86899996e+00 1.84200001e+00 1.83700001e+00 1.84800005e+00
    1.87600005e+00 1.87600005e+00 1.87600005e+00 1.88000000e+00
    1.90799999e+00 1.77300000e+00 0. 0. 0. 0. 0. 0. 0. 0. 0. 0. 0. 0. 0.
    0. 0. 0. 0. 0. 0. 0. 0. 0. 0. 0. 1.83800006e+00 1.95799994e+00
    1.95799994e+00 1.95500004e+00 1.92600000e+00 1.89699996e+00
    1.86899996e+00 1.84200001e+00 1.83700001e+00 1.84800005e+00
    1.87600005e+00 1.87600005e+00 1.87600005e+00 1.88000000e+00
    1.90799999e+00 0. 0. 0. 0. 0. 0. 0. 0. 0. 0. 0. 0. 0. 0. 0. 0. 0. 0.
    0. 0. 0. 0. 0. 0. 0. 0. 0. 0. 0. 0. 0. 1.85300004e+00 1.83899999e+00
