<?xml version="1.0"?>
<opencv_storage>
<Depth type_id="opencv-matrix">
  <rows>40</rows>
  <cols>40</cols>
  <dt>f</dt>
  <data>
    0. 0. 0. 0. 0. 0. 0. 0. 0. 0. 0. 0. 0. 0. 0. 0. 0. 0. 0. 0. 0. 0. 0.
    0. 0. 0. 0. 0. 0. 0. 0. 0. 0. 0. 0. 0. 0. 0. 0. 0. 0. 0. 0. 0. 0. 0.
    0. 0. 0. 0. 0. 0. 0. 0. 0. 0. 0. 0. 0. 0. 0. 0. 0. 0. 0. 0. 0. 0. 0.
    0. 0. 0. 0. 0. 0. 0. 0. 0. 0. 0. 0. 0. 0. 0. 0. 0. 0. 0. 0. 0. 0. 0.
    0. 0. 0. 0. 0. 0. 0. 0. 0. 0. 0. 0. 0. 0. 0. 0. 0. 0. 0. 0. 0. 0. 0.
    0. 0. 0. 0. 0. 0. 0. 0. 0. 0. 0. 0. 0. 0. 0. 0. 0. 0. 0. 0. 0. 0. 0.
    0. 0. 0. 0. 0. 0. 0. 0. 0. 0. 0. 0. 0. 0. 0. 0. 0. 0. 0. 0. 0. 0. 0.
    0. 0. 0. 0. 0. 0. 0. 0. 0. 0. 0. 0. 0. 0. 0. 0. 0. 0. 0. 0. 0. 0. 0.
    0. 0. 0. 0. 0. 0. 0. 0. 0. 0. 0. 0. 0. 0. 0. 0. 0. 0. 0. 0. 0. 0. 0.
    0. 0. 0. 0. 0. 0. 0. 0. 0. 0. 0. 0. 0. 0. 0. 0. 0. 0. 0. 0. 0. 0. 0.
    0. 0. 0. 0. 0. 0. 0. 0. 0. 0. 0. 0. 0. 0. 0. 0. 0. 0. 0. 0. 0. 0. 0.
    0. 0. 0. 0. 0. 0. 0. 0. 0. 0. 0. 0. 0. 0. 0. 0. 0. 0. 0. 0. 0. 0. 0.
    0. 0. 0. 0. 0. 0. 0. 0. 0. 0. 0. 0. 0. 0. 0. 0. 0. 0. 0. 0. 0. 0. 0.
    0. 0. 0. 0. 0. 0. 0. 0. 0. 0. 0. 0. 0. 0. 0. 0. 0. 0. 0. 0. 0. 0. 0.
    0. 0. 0. 0. 0. 0. 0. 0. 0. 0. 0. 0. 0. 0. 0. 0. 0. 0. 0. 0. 0. 0. 0.
    0. 0. 0. 0. 0. 0. 0. 0. 0. 0. 0. 0. 0. 0. 0. 2.91499996e+00
    2.91499996e+00 2.91499996e+00 2.91499996e+00 2.91499996e+00
    2.91499996e+00 2.91499996e+00 2.93700004e+00 2.99699998e+00 0. 0. 0.
    2.95900011e+00 2.91499996e+00 2.91499996e+00 2.90199995e+00
    2.84500003e+00 2.79900002e+00 2.79900002e+00 2.81800008e+00
    2.93499994e+00 0. 0. 0. 2.58800006e+00 2.08599997e+00 2.04299998e+00
    1.99899995e+00 1.95700002e+00 1.91499996e+00 1.87399995e+00
    1.83299994e+00 1.83099997e+00 1.83099997e+00 1.83099997e+00
    1.83099997e+00 1.83099997e+00 1.83099997e+00 1.76600003e+00
    1.68700004e+00 2.91499996e+00 2.91499996e+00 2.91499996e+00
    2.91499996e+00 2.91499996e+00 2.91499996e+00 2.91499996e+00
    2.93700004e+00 2.99699998e+00 0. 0. 0. 2.97700000e+00 2.94000006e+00
    2.92600012e+00 2.88299990e+00 2.74300003e+00 2.62899995e+00
    2.61800003e+00 2.62199998e+00 2.70199990e+00 2.77699995e+00
    2.82399988e+00 2.83100009e+00 2.42799997e+00 2.04600000e+00
    2.02300000e+00 1.99899995e+00 1.95700002e+00 1.91499996e+00
    1.87399995e+00 1.83299994e+00 1.83099997e+00 1.83099997e+00
    1.83099997e+00 1.83099997e+00 1.81500006e+00 1.79600000e+00
    1.74300003e+00 1.68400002e+00 2.91499996e+00 2.91499996e+00
    2.91499996e+00 2.91499996e+00 2.91499996e+00 2.91499996e+00
    2.91499996e+00 2.93700004e+00 2.99699998e+00 0. 0. 0. 0.
    2.99200010e+00 2.94899988e+00 2.84299994e+00 2.53200006e+00
    2.27500010e+00 2.24399996e+00 2.21700001e+00 2.21900010e+00
    2.22199988e+00 2.23799992e+00 2.24099994e+00 2.09699988e+00
    1.96200001e+00 1.98099995e+00 1.99899995e+00 1.95700002e+00
    1.91499996e+00 1.87399995e+00 1.83299994e+00 1.83099997e+00
    1.83099997e+00 1.83099997e+00 1.83099997e+00 1.78100002e+00
    1.72399998e+00 1.69700003e+00 1.67600000e+00 2.91499996e+00
    2.91499996e+00 2.91499996e+00 2.90899992e+00 2.89700007e+00
    2.89000010e+00 2.89000010e+00 2.91199994e+00 2.97099996e+00
    2.97700000e+00 2.87800002e+00 2.80699992e+00 2.79800010e+00
    2.77800012e+00 2.73200011e+00 2.62400007e+00 2.31599998e+00
    2.06200004e+00 2.02800012e+00 1.99300003e+00 1.95099998e+00
    1.91400003e+00 1.91400003e+00 1.91400003e+00 1.91400003e+00
    1.91600001e+00 1.95799994e+00 1.99899995e+00 1.95700002e+00
    1.91499996e+00 1.88300002e+00 1.85099995e+00 1.84899998e+00
    1.84899998e+00 1.84099996e+00 1.83200002e+00 1.76300001e+00
    1.68499994e+00 1.66499996e+00 1.65699995e+00 2.91499996e+00
    2.91499996e+00 2.91499996e+00 2.89700007e+00 2.85599995e+00
    2.83299994e+00 2.83299994e+00 2.85400009e+00 2.91199994e+00
    2.84200001e+00 2.52300000e+00 2.29099989e+00 2.26099992e+00
    2.23499990e+00 2.21700001e+00 2.18400002e+00 2.09599996e+00
    2.02300000e+00 2.01099992e+00 1.99300003e+00 1.95099998e+00
    1.91400003e+00 1.91400003e+00 1.91400003e+00 1.91400003e+00
    1.91600001e+00 1.95799994e+00 1.99899995e+00 1.95700002e+00
    1.91499996e+00 1.90199995e+00 1.89100003e+00 1.88999999e+00
    1.88999999e+00 1.86399996e+00 1.83500004e+00 1.76300001e+00
    1.68499994e+00 1.64999998e+00 1.62300003e+00 2.91499996e+00
    2.90400004e+00 2.88100004e+00 2.83500004e+00 2.75799990e+00
    2.70499992e+00 2.68600011e+00 2.68799996e+00 2.72399998e+00
    2.62400007e+00 2.25600004e+00 1.98699999e+00 1.94500005e+00
    1.91400003e+00 1.91400003e+00 1.92400002e+00 1.96599996e+00 2. 2.
    1.99500000e+00 1.96099997e+00 1.92999995e+00 1.92200005e+00
    1.91400003e+00 1.91400003e+00 1.91600001e+00 1.95799994e+00
    1.99899995e+00 1.95700002e+00 1.91499996e+00 1.91400003e+00
    1.91400003e+00 1.90600002e+00 1.89800000e+00 1.86000001e+00
    1.82000005e+00 1.75999999e+00 1.69799995e+00 1.64999998e+00
    1.60500002e+00 2.91499996e+00 2.87700009e+00 2.79900002e+00
    2.70099998e+00 2.57599998e+00 2.47600007e+00 2.41100001e+00
    2.36500001e+00 2.35100007e+00 2.28500009e+00 2.11700010e+00
    1.98699999e+00 1.94500005e+00 1.91400003e+00 1.91400003e+00
    1.92400002e+00 1.96599996e+00 2. 2. 1.99800003e+00 1.98500001e+00
    1.97000003e+00 1.94099998e+00 1.91400003e+00 1.91400003e+00
    1.91600001e+00 1.95799994e+00 1.99899995e+00 1.95700002e+00
    1.91499996e+00 1.91400003e+00 1.91400003e+00 1.88699996e+00
    1.85899997e+00 1.82000005e+00 1.77999997e+00 1.75399995e+00
    1.73000002e+00 1.67299998e+00 1.60899997e+00 2.91499996e+00
    2.83500004e+00 2.66799998e+00 2.51999998e+00 2.39400005e+00
    2.28800011e+00 2.21099997e+00 2.14899993e+00 2.11199999e+00
    2.07299995e+00 2.02999997e+00 1.99000001e+00 1.95500004e+00
    1.92999995e+00 1.92999995e+00 1.93799996e+00 1.97200000e+00 2. 2. 2.
    2. 1.99600005e+00 1.96099997e+00 1.92999995e+00 1.92999995e+00
    1.93200004e+00 1.96599996e+00 1.99899995e+00 1.95700002e+00
    1.91499996e+00 1.91400003e+00 1.91400003e+00 1.87500000e+00
    1.83500004e+00 1.79499996e+00 1.75500000e+00 1.74399996e+00
    1.73699999e+00 1.68400002e+00 1.62199998e+00 2.91499996e+00
    2.76500010e+00 2.45400000e+00 2.25999999e+00 2.21000004e+00
    2.16799998e+00 2.13700008e+00 2.11199999e+00 2.09800005e+00
    2.07299995e+00 2.02999997e+00 1.99600005e+00 1.98199999e+00
    1.97200000e+00 1.97200000e+00 1.97500002e+00 1.98899996e+00 2. 2. 2.
    2. 1.99800003e+00 1.98500001e+00 1.97200000e+00 1.97200000e+00
    1.97300005e+00 1.98699999e+00 1.99899995e+00 1.95700002e+00
    1.91499996e+00 1.91400003e+00 1.91400003e+00 1.87500000e+00
    1.83500004e+00 1.79499996e+00 1.75500000e+00 1.72700000e+00
    1.70200002e+00 1.67700005e+00 1.65199995e+00 2.77699995e+00
    2.61400008e+00 2.27500010e+00 2.08500004e+00 2.07800007e+00
    2.07299995e+00 2.07299995e+00 2.07599998e+00 2.08299994e+00
    2.07299995e+00 2.02999997e+00 2. 2. 2. 2. 2. 2. 2. 2. 2. 2. 2. 2. 2.
    2. 2. 1.99300003e+00 1.98500001e+00 1.94299996e+00 1.90100002e+00
    1.89400005e+00 1.88699996e+00 1.85500002e+00 1.82099998e+00
    1.78699994e+00 1.75399995e+00 1.71700001e+00 1.67799997e+00
    1.67200005e+00 1.67200005e+00 2.37100005e+00 2.30399990e+00
    2.16499996e+00 2.07500005e+00 2.04699993e+00 2.02999997e+00
    2.02999997e+00 2.04099989e+00 2.06900001e+00 2.07299995e+00
    2.02999997e+00 2. 2. 2. 2. 2. 2. 2. 2. 2. 2. 2. 2. 2. 2.
    1.99899995e+00 1.97099996e+00 1.94299996e+00 1.90100002e+00
    1.86000001e+00 1.83399999e+00 1.80799997e+00 1.79299998e+00
    1.77900004e+00 1.76499999e+00 1.75199997e+00 1.71700001e+00
    1.67799997e+00 1.67200005e+00 1.67200005e+00 2.07500005e+00
    2.07500005e+00 2.07500005e+00 2.05800009e+00 2.02200007e+00 2. 2.
    2.01399994e+00 2.05100012e+00 2.06500006e+00 2.03399992e+00
    2.01300001e+00 2.01300001e+00 2.01300001e+00 2.01300001e+00
    2.01300001e+00 2.01300001e+00 2.01300001e+00 2.01300001e+00
    2.01200008e+00 2.00600004e+00 2. 2. 2. 2. 1.99800003e+00
