<?xml version="1.0"?>
<opencv_storage>
<Depth type_id="opencv-matrix">
  <rows>40</rows>
  <cols>40</cols>
  <dt>f</dt>
  <data>
    0. 0. 0. 0. 0. 0. 0. 0. 0. 0. 0. 0. 0. 0. 0. 0. 0. 0. 0. 0. 0. 0. 0.
    0. 0. 0. 0. 0. 0. 0. 0. 0. 0. 0. 0. 0. 0. 0. 0. 0. 0. 0. 0. 0. 0. 0.
    0. 0. 0. 0. 0. 0. 0. 0. 0. 0. 0. 0. 0. 0. 0. 0. 0. 0. 0. 0. 0. 0. 0.
    0. 0. 0. 0. 0. 0. 0. 0. 0. 0. 0. 0. 0. 0. 0. 0. 0. 0. 0. 0. 0. 0. 0.
    0. 0. 0. 0. 0. 0. 0. 0. 0. 0. 0. 0. 0. 0. 0. 0. 0. 0. 0. 0. 0. 0. 0.
    0. 0. 0. 0. 0. 0. 0. 0. 0. 0. 0. 0. 0. 0. 0. 0. 0. 0. 0. 0. 0. 0. 0.
    0. 0. 0. 0. 0. 0. 0. 0. 0. 0. 0. 0. 0. 0. 0. 0. 0. 0. 0. 0. 0. 0. 0.
    0. 0. 0. 0. 0. 0. 0. 0. 0. 0. 0. 0. 0. 0. 0. 0. 0. 0. 0. 0. 0. 0. 0.
    0. 0. 0. 0. 0. 0. 0. 0. 0. 0. 0. 0. 0. 0. 0. 0. 0. 0. 0. 0. 0. 0. 0.
    0. 0. 0. 0. 0. 0. 0. 0. 0. 0. 0. 0. 0. 0. 0. 0. 0. 0. 0. 0. 0. 0. 0.
    0. 0. 0. 0. 0. 0. 0. 0. 0. 0. 0. 0. 0. 0. 0. 0. 0. 0. 0. 0. 0. 0. 0.
    0. 0. 0. 0. 0. 0. 0. 0. 0. 0. 0. 0. 0. 0. 0. 0. 0. 0. 0. 0. 0. 0. 0.
    0. 0. 0. 0. 0. 0. 0. 0. 0. 0. 2. 2. 2. 2. 2. 1.94900000e+00
    1.88499999e+00 1.82099998e+00 1.79900002e+00 1.79900002e+00
    1.79900002e+00 1.79900002e+00 1.79900002e+00 1.79900002e+00
    1.79900002e+00 1.79900002e+00 1.79900002e+00 1.15100002e+00 0. 0. 0.
    0. 0. 0. 0. 0. 0. 0. 0. 0. 0. 0. 0. 0. 0. 0. 0. 0. 0. 0. 2. 2. 2. 2.
    2. 1.94900000e+00 1.88499999e+00 1.82099998e+00 1.79900002e+00
    1.79900002e+00 1.79900002e+00 1.79900002e+00 1.79900002e+00
    1.79900002e+00 1.79900002e+00 1.79900002e+00 1.79900002e+00
    1.15100002e+00 0. 0. 0. 0. 0. 0. 0. 0. 0. 0. 0. 0. 0. 0. 0. 0. 0. 0.
    0. 0. 0. 0. 1.94000006e+00 1.94000006e+00 1.95799994e+00
    1.97700000e+00 1.99600005e+00 1.94900000e+00 1.88499999e+00
    1.82099998e+00 1.79900002e+00 1.79900002e+00 1.79900002e+00
    1.79900002e+00 1.79900002e+00 1.79900002e+00 1.79900002e+00
    1.79900002e+00 1.79900002e+00 1.34800005e+00 0. 0. 0. 0. 0. 0. 0. 0.
    0. 0. 0. 0. 0. 0. 0. 0. 0. 0. 0. 0. 0. 0. 1.87600005e+00
    1.87600005e+00 1.91299999e+00 1.95200002e+00 1.99199998e+00
    1.94900000e+00 1.88499999e+00 1.82099998e+00 1.79900002e+00
    1.79900002e+00 1.79900002e+00 1.79900002e+00 1.79900002e+00
    1.79900002e+00 1.79900002e+00 1.79900002e+00 1.79900002e+00
    1.55999994e+00 0. 0. 0. 0. 0. 0. 0. 0. 0. 0. 0. 0. 0. 0. 0. 0. 0. 0.
    0. 0. 0. 0. 1.81200004e+00 1.81200004e+00 1.86800003e+00
    1.92799997e+00 1.98800004e+00 1.94900000e+00 1.88499999e+00
    1.82099998e+00 1.79900002e+00 1.79900002e+00 1.79900002e+00
    1.79900002e+00 1.79900002e+00 1.79900002e+00 1.79900002e+00
    1.79900002e+00 1.79900002e+00 1.77100003e+00 1.65999997e+00
    1.54900002e+00 1.44900000e+00 1.44900000e+00 1.44900000e+00
    1.44900000e+00 0. 0. 0. 0. 0. 0. 0. 0. 0. 0. 0. 0. 0. 0. 0. 0.
    1.79900002e+00 1.79900002e+00 1.85899997e+00 1.92299998e+00
    1.98699999e+00 1.96200001e+00 1.91400003e+00 1.86600006e+00
    1.85000002e+00 1.85000002e+00 1.85000002e+00 1.85000002e+00
    1.85000002e+00 1.85000002e+00 1.85000002e+00 1.85000002e+00
    1.85000002e+00 1.86199999e+00 1.90999997e+00 1.95700002e+00 2. 2. 2.
    2. 0. 0. 0. 0. 0. 0. 0. 0. 0. 0. 0. 0. 0. 0. 0. 0. 1.79900002e+00
    1.79900002e+00 1.85899997e+00 1.92299998e+00 1.98699999e+00
    1.97800004e+00 1.95099998e+00 1.92299998e+00 1.91400003e+00
    1.91400003e+00 1.91400003e+00 1.91400003e+00 1.91400003e+00
    1.91400003e+00 1.91400003e+00 1.91400003e+00 1.91400003e+00
    1.92100000e+00 1.94799995e+00 1.97599995e+00 2. 2. 2. 2. 0. 0. 0. 0.
    0. 0. 0. 0. 0. 0. 0. 0. 0. 0. 0. 0. 1.79900002e+00 1.79900002e+00
    1.85899997e+00 1.92299998e+00 1.98699999e+00 1.99399996e+00
    1.98699999e+00 1.98000002e+00 1.97800004e+00 1.97800004e+00
    1.97800004e+00 1.97800004e+00 1.97800004e+00 1.97800004e+00
    1.97800004e+00 1.97800004e+00 1.97800004e+00 1.98000002e+00
    1.98699999e+00 1.99399996e+00 2. 2. 2. 2. 1.71500003e+00
    1.42299998e+00 1.13000000e+00 1.08299994e+00 0. 0. 0. 0. 0. 0. 0. 0.
    0. 0. 0. 0. 1.84099996e+00 1.84099996e+00 1.88800001e+00
    1.93900001e+00 1.99000001e+00 2. 2. 2. 2. 2. 2. 2. 2. 2. 2. 2. 2.
    2.00399995e+00 2.01799989e+00 2.03200006e+00 2.04299998e+00
    2.02900004e+00 2.01500010e+00 2. 1.98699999e+00 1.97300005e+00
    1.96000004e+00 1.95799994e+00 0. 0. 0. 0. 0. 0. 0. 0. 0. 0. 0. 0.
    1.90499997e+00 1.90499997e+00 1.93299997e+00 1.96399999e+00
    1.99399996e+00 2. 2. 2. 2. 2. 2. 2. 2. 2. 2. 2. 2. 2.00900006e+00
    2.04500008e+00 2.08100009e+00 2.10899997e+00 2.07299995e+00
    2.03699994e+00 2.00099993e+00 1.96700001e+00 1.93299997e+00
    1.89900005e+00 1.89400005e+00 0. 0. 0. 0. 0. 0. 0. 0. 0. 0. 0. 0.
    1.96899998e+00 1.96899998e+00 1.97800004e+00 1.98800004e+00
    1.99800003e+00 2. 2. 2. 2. 2. 2. 2. 2. 2. 2. 2. 2. 2.01399994e+00
    2.07200003e+00 2.12899995e+00 2.17400002e+00 2.11700010e+00
    2.05900002e+00 2.00200009e+00 1.94700003e+00 1.89300001e+00
    1.83899999e+00 1.83000004e+00 0. 0. 0. 0. 0. 0. 0. 0. 0. 0. 0. 0.
    1.96700001e+00 1.96700001e+00 1.96700001e+00 1.96700001e+00
    1.96700001e+00 1.97500002e+00 1.98599994e+00 1.99600005e+00 2. 2. 2.
    2. 2. 2. 2. 2. 2. 2.01399994e+00 2.07100010e+00 2.12700009e+00
    2.17100000e+00 2.11500001e+00 2.05800009e+00 2.00099993e+00
    1.93799996e+00 1.87399995e+00 1.80900002e+00 1.79900002e+00 0. 0. 0.
    0. 0. 0. 0. 0. 0. 0. 0. 0. 1.90300000e+00 1.90300000e+00
    1.90300000e+00 1.90300000e+00 1.90300000e+00 1.92700005e+00
    1.95799994e+00 1.98899996e+00 2. 2. 2. 2. 2. 2. 2. 2. 2.
    2.00900006e+00 2.04399991e+00 2.07900000e+00 2.10599995e+00
    2.07100010e+00 2.03600001e+00 2.00099993e+00 1.93799996e+00
    1.87399995e+00 1.80900002e+00 1.79900002e+00 0. 0. 0. 0. 0. 0. 0. 0.
    0. 0. 0. 0. 1.83800006e+00 1.83800006e+00 1.83800006e+00
    1.83800006e+00 1.83800006e+00 1.87899995e+00 1.93099999e+00
    1.98199999e+00 2. 2. 2. 2. 2. 2. 2. 2. 2. 2.00300002e+00
    2.01699996e+00 2.02999997e+00 2.03999996e+00 2.02699995e+00
    2.01399994e+00 2. 1.93799996e+00 1.87399995e+00 1.80900002e+00
    1.79900002e+00 0. 0. 0. 0. 0. 0. 0. 0. 0. 0. 0. 0. 1.79900002e+00
    1.79900002e+00 1.79900002e+00 1.79900002e+00 1.79900002e+00
    1.85000002e+00 1.91400003e+00 1.97800004e+00 2. 2. 2. 2. 2. 2. 2. 2.
    2. 2. 2. 2. 2.00099993e+00 2.00900006e+00 2.01799989e+00
    2.02600002e+00 1.96300006e+00 1.89900005e+00 1.83399999e+00
    1.82400000e+00 0. 0. 0. 0. 0. 0. 0. 0. 0. 0. 0. 0. 1.79900002e+00
    1.79900002e+00 1.79900002e+00 1.79900002e+00 1.79900002e+00
    1.85000002e+00 1.91400003e+00 1.97800004e+00 2. 2. 2. 2. 2. 2. 2. 2.
    2. 2. 2. 2. 2.00300002e+00 2.03299999e+00 2.06299996e+00
    2.09299994e+00 2.02999997e+00 1.96399999e+00 1.89800000e+00
    1.88800001e+00 0. 0. 0. 0. 0. 0. 0. 0. 0. 0. 0. 0. 1.79900002e+00
    1.79900002e+00 1.79900002e+00 1.79900002e+00 1.79900002e+00
    1.85000002e+00 1.91400003e+00 1.97800004e+00 2. 2. 2. 2. 2. 2. 2. 2.
    2. 2. 2. 2. 2.00600004e+00 2.05699992e+00 2.10899997e+00
    2.16100001e+00 2.09699988e+00 2.02999997e+00 1.96300006e+00
    1.95200002e+00 0. 0. 0. 0. 0. 0. 0. 0. 0. 0. 0. 0. 1.81500006e+00
    1.81500006e+00 1.81500006e+00 1.81500006e+00 1.81500006e+00
    1.86199999e+00 1.92100000e+00 1.98000002e+00 2. 2. 2. 2. 2. 2. 2. 2.
    2. 2. 2. 2. 2.00699997e+00 2.06900001e+00 2.13199997e+00
    2.19499993e+00 2.13499999e+00 2.07299995e+00 2.00999999e+00 2. 0. 0.
    0. 0. 0. 0. 0. 0. 0. 0. 0. 0. 1.87899995e+00 1.87899995e+00
    1.87899995e+00 1.87899995e+00 1.87899995e+00 1.90999997e+00
    1.94799995e+00 1.98699999e+00 2. 2. 2. 2. 2. 2. 2. 2. 2. 2. 2. 2.
    2.00500011e+00 2.04500008e+00 2.08599997e+00 2.12700009e+00
    2.08800006e+00 2.04800010e+00 2.00699997e+00 2. 0. 0. 0. 0. 0. 0. 0.
    0. 0. 0. 0. 0. 1.94299996e+00 1.94299996e+00 1.94299996e+00
    1.94299996e+00 1.94299996e+00 1.95700002e+00 1.97599995e+00
    1.99399996e+00 2. 2. 2. 2. 2. 2. 2. 2. 2. 2. 2. 2. 2.00200009e+00
    2.02099991e+00 2.04099989e+00 2.05999994e+00 2.04200006e+00
