<?xml version="1.0"?>
<opencv_storage>
<Depth type_id="opencv-matrix">
  <rows>40</rows>
  <cols>40</cols>
  <dt>f</dt>
  <data>
    0. 0. 0. 0. 0. 0. 0. 0. 0. 0. 0. 0. 0. 0. 0. 0. 0. 0. 0. 0. 0. 0. 0.
    0. 0. 0. 0. 0. 0. 0. 0. 0. 0. 0. 0. 0. 0. 0. 0. 0. 0. 0. 0. 0. 0. 0.
    0. 0. 0. 0. 0. 0. 0. 0. 0. 0. 0. 0. 0. 0. 0. 0. 0. 0. 0. 0. 0. 0. 0.
    0. 0. 0. 0. 0. 0. 0. 0. 0. 0. 0. 0. 0. 0. 0. 0. 0. 0. 0. 0. 0. 0. 0.
    0. 0. 0. 0. 0. 0. 0. 0. 0. 0. 0. 0. 0. 0. 0. 0. 0. 0. 0. 0. 0. 0. 0.
    0. 0. 0. 0. 0. 0. 0. 0. 0. 0. 0. 0. 0. 0. 0. 0. 0. 0. 0. 0. 0. 0. 0.
    0. 0. 0. 0. 0. 0. 0. 0. 0. 0. 0. 0. 0. 0. 0. 0. 0. 0. 0. 0. 0. 0. 0.
    0. 0. 0. 0. 0. 0. 0. 0. 0. 0. 0. 0. 0. 0. 0. 0. 0. 0. 0. 0. 0. 0. 0.
    0. 0. 0. 0. 0. 0. 0. 0. 0. 0. 0. 0. 0. 0. 0. 0. 0. 0. 0. 0. 0. 0. 0.
    0. 0. 0. 0. 0. 0. 0. 0. 0. 0. 0. 0. 0. 0. 0. 0. 0. 0. 0. 0. 0. 0. 0.
    0. 0. 0. 0. 0. 0. 0. 0. 0. 0. 0. 0. 0. 0. 0. 0. 0. 0. 0. 0. 0. 0. 0.
    0. 0. 0. 0. 0. 0. 0. 0. 0. 0. 0. 0. 0. 0. 0. 0. 0. 0. 0. 0. 0. 0. 0.
    0. 0. 0. 0. 0. 0. 0. 0. 0. 0. 0. 0. 0. 0. 0. 0. 0. 0. 0. 0. 0. 0. 0.
    0. 0. 0. 0. 0. 0. 0. 0. 0. 0. 0. 0. 0. 0. 0. 0. 0. 0. 0. 0. 0. 0. 0.
    0. 0. 0. 0. 0. 0. 0. 0. 0. 0. 0. 0. 0. 0. 0. 0. 0. 0. 0. 0. 0. 0. 0.
    0. 0. 0. 0. 0. 0. 0. 0. 0. 0. 0. 0. 0. 0. 0. 0. 0. 0. 0. 0. 0. 0. 0.
    0. 0. 0. 0. 0. 0. 0. 0. 0. 0. 0. 0. 0. 0. 0. 0. 0. 0. 0. 0. 0. 0. 0.
    0. 0. 0. 0. 0. 0. 0. 0. 0. 0. 0. 0. 0. 0. 0. 0. 0. 0. 0. 0. 0. 0. 0.
    0. 0. 0. 0. 0. 0. 0. 0. 0. 0. 0. 0. 0. 0. 0. 0. 0. 0. 0. 0. 0. 0. 0.
    0. 0. 0. 0. 0. 0. 0. 0. 0. 0. 0. 0. 0. 0. 0. 0. 0. 0. 0. 0. 0. 0. 0.
    0. 0. 0. 0. 0. 0. 0. 0. 0. 0. 0. 0. 0. 0. 0. 0. 0. 0. 0. 0. 0. 0. 0.
    1.89199996e+00 1.89199996e+00 1.89199996e+00 1.89199996e+00
    1.89199996e+00 1.89199996e+00 1.92799997e+00 1.97500002e+00
    2.02399993e+00 2.07299995e+00 2.11299992e+00 2.11299992e+00
    2.11299992e+00 2.11299992e+00 2.11299992e+00 2.11299992e+00
    2.11299992e+00 2.11299992e+00 2.11299992e+00 2.11400008e+00
    2.16499996e+00 2.21499991e+00 2.22900009e+00 2.22900009e+00
    2.22900009e+00 2.22900009e+00 2.23699999e+00 2.28999996e+00
    2.34299994e+00 2.30500007e+00 2.25200009e+00 2.20000005e+00
    2.15000010e+00 2.11299992e+00 0. 0. 0. 0. 0. 0. 1.89199996e+00
    1.89199996e+00 1.89199996e+00 1.89199996e+00 1.89199996e+00
    1.89199996e+00 1.92299998e+00 1.96300006e+00 2.00699997e+00
    2.05599999e+00 2.09699988e+00 2.10500002e+00 2.11199999e+00
    2.11299992e+00 2.11299992e+00 2.11299992e+00 2.11299992e+00
    2.11299992e+00 2.11299992e+00 2.11400008e+00 2.15700006e+00
    2.20000005e+00 2.21099997e+00 2.21099997e+00 2.21099997e+00
    2.21099997e+00 2.21799994e+00 2.26300001e+00 2.30800009e+00
    2.27600002e+00 2.23099995e+00 2.18700004e+00 2.14400005e+00
    2.11299992e+00 0. 0. 0. 0. 0. 0. 1.89199996e+00 1.89199996e+00
    1.89199996e+00 1.89199996e+00 1.89199996e+00 1.89199996e+00
    1.90699995e+00 1.92600000e+00 1.95899999e+00 2.00699997e+00
    2.05200005e+00 2.08100009e+00 2.10999990e+00 2.11299992e+00
    2.11299992e+00 2.11299992e+00 2.11299992e+00 2.11299992e+00
    2.11299992e+00 2.11299992e+00 2.13400006e+00 2.15499997e+00
    2.16000009e+00 2.16000009e+00 2.16000009e+00 2.16000009e+00
    2.16400003e+00 2.18499994e+00 2.20700002e+00 2.19199991e+00
    2.17000008e+00 2.14899993e+00 2.12800002e+00 2.11299992e+00 0. 0. 0.
    0. 0. 0. 1.89199996e+00 1.89199996e+00 1.89199996e+00 1.89199996e+00
    1.89199996e+00 1.89199996e+00 1.89199996e+00 1.89199996e+00
    1.91400003e+00 1.96000004e+00 2.00600004e+00 2.05399990e+00
    2.10200000e+00 2.10800004e+00 2.10899997e+00 2.10999990e+00
    2.10999990e+00 2.10999990e+00 2.10999990e+00 2.10999990e+00
    2.10999990e+00 2.10999990e+00 2.10999990e+00 2.10999990e+00
    2.10999990e+00 2.10999990e+00 2.10999990e+00 2.10999990e+00
    2.10999990e+00 2.11100006e+00 2.11199999e+00 2.11299992e+00
    2.11299992e+00 2.11299992e+00 0. 0. 0. 0. 0. 0. 1.89199996e+00
    1.89199996e+00 1.89199996e+00 1.89199996e+00 1.89199996e+00
    1.89199996e+00 1.89199996e+00 1.89199996e+00 1.90400004e+00
    1.92900002e+00 1.95500004e+00 1.98099995e+00 2.00799990e+00
    2.02999997e+00 2.05200005e+00 2.06100011e+00 2.06100011e+00
    2.06100011e+00 2.06100011e+00 2.06100011e+00 2.06100011e+00
    2.06100011e+00 2.06100011e+00 2.06100011e+00 2.06100011e+00
    2.06100011e+00 2.06100011e+00 2.06100011e+00 2.06100011e+00
    2.07999992e+00 2.10299993e+00 2.11299992e+00 2.11299992e+00
    2.11299992e+00 0. 0. 0. 0. 0. 0. 1.89199996e+00 1.89199996e+00
    1.89199996e+00 1.89199996e+00 1.89199996e+00 1.89199996e+00
    1.89199996e+00 1.89199996e+00 1.89400005e+00 1.89900005e+00
    1.90400004e+00 1.90900004e+00 1.91400003e+00 1.95200002e+00
    1.99500000e+00 2.01099992e+00 2.01099992e+00 2.01099992e+00
    2.01099992e+00 2.01099992e+00 2.01099992e+00 2.01099992e+00
    2.01099992e+00 2.01099992e+00 2.01099992e+00 2.01099992e+00
    2.01099992e+00 2.01099992e+00 2.01099992e+00 2.04900002e+00
    2.09400010e+00 2.11299992e+00 2.11299992e+00 2.11299992e+00 0. 0. 0.
    0. 0. 0. 1.89199996e+00 1.89199996e+00 1.89199996e+00 1.89100003e+00
    1.87600005e+00 1.86000001e+00 1.85699999e+00 1.85699999e+00
    1.86399996e+00 1.87899995e+00 1.89199996e+00 1.89199996e+00
    1.89199996e+00 1.91999996e+00 1.95099998e+00 1.97300005e+00
    1.98899996e+00 2. 2. 2. 2. 2. 2. 2. 2. 2. 2. 2. 2. 2.02800012e+00
    2.06100011e+00 2.08400011e+00 2.10100007e+00 2.11299992e+00 0. 0. 0.
    0. 0. 0. 1.89199996e+00 1.89199996e+00 1.89199996e+00 1.88999999e+00
    1.85399997e+00 1.81900001e+00 1.81099999e+00 1.81099999e+00
    1.82799995e+00 1.86300004e+00 1.89199996e+00 1.89199996e+00
    1.89199996e+00 1.90199995e+00 1.91199994e+00 1.93900001e+00
    1.97500002e+00 2. 2. 2. 2. 2. 2. 2. 2. 2. 2. 2. 2. 2.00999999e+00
    2.02099991e+00 2.04699993e+00 2.08500004e+00 2.11299992e+00 0. 0. 0.
    0. 0. 0. 1.89199996e+00 1.89199996e+00 1.89199996e+00 1.88900006e+00
    1.84300005e+00 1.79700005e+00 1.78699994e+00 1.78699994e+00
    1.80400002e+00 1.84099996e+00 1.87000000e+00 1.87000000e+00
    1.87000000e+00 1.87899995e+00 1.88800001e+00 1.91499996e+00
    1.95200002e+00 1.98000002e+00 1.99000001e+00 2. 2. 2. 2. 2. 2. 2. 2.
    2. 2. 2. 2. 2.02800012e+00 2.07699990e+00 2.11299992e+00 0. 0. 0. 0.
    0. 0. 1.89199996e+00 1.89199996e+00 1.89199996e+00 1.88900006e+00
    1.84300005e+00 1.79700005e+00 1.78699994e+00 1.78699994e+00
    1.79499996e+00 1.81099999e+00 1.82400000e+00 1.82400000e+00
    1.82400000e+00 1.85099995e+00 1.88000000e+00 1.90199995e+00
    1.91900003e+00 1.94000006e+00 1.97000003e+00 2. 2. 2. 2. 2. 2. 2. 2.
    2. 2. 2. 2. 2.02800012e+00 2.07699990e+00 2.11299992e+00 0. 0. 0. 0.
    0. 0. 1.87500000e+00 1.87600005e+00 1.88000000e+00 1.88100004e+00
    1.84300005e+00 1.80400002e+00 1.79299998e+00 1.78900003e+00
    1.78699994e+00 1.78699994e+00 1.78699994e+00 1.78699994e+00
    1.78699994e+00 1.82500005e+00 1.86699998e+00 1.88300002e+00
    1.88300002e+00 1.89800000e+00 1.94500005e+00 1.99100006e+00
    1.99500000e+00 1.99899995e+00 2. 2. 2. 2. 2. 2. 2. 2. 2.
    1.99399996e+00 1.98300004e+00 1.97500002e+00 0. 0. 0. 0. 0. 0.
    1.78499997e+00 1.79299998e+00 1.81599998e+00 1.83800006e+00
    1.83899999e+00 1.84099996e+00 1.82299995e+00 1.79900002e+00
    1.78699994e+00 1.78699994e+00 1.78699994e+00 1.78699994e+00
    1.78699994e+00 1.80700004e+00 1.82900000e+00 1.83800006e+00
    1.83800006e+00 1.85200000e+00 1.89900005e+00 1.94500005e+00
    1.96899998e+00 1.99300003e+00 2. 2. 2. 2. 2. 2. 2. 2. 2.
    1.81400001e+00 1.48399997e+00 1.24399996e+00 0. 0. 0. 0. 0. 0.
    1.69500005e+00 1.71000004e+00 1.75199997e+00 1.79400003e+00
    1.83599997e+00 1.87800002e+00 1.85399997e+00 1.80999994e+00
    1.78699994e+00 1.78699994e+00 1.78699994e+00 1.78699994e+00
    1.78699994e+00 1.78900003e+00 1.79100001e+00 1.79200006e+00
    1.79200006e+00 1.80599999e+00 1.85200000e+00 1.89800000e+00
    1.94299996e+00 1.98800004e+00 2. 2. 2. 2. 2. 2. 2. 2. 2.
