<?xml version="1.0"?>
<opencv_storage>
<Depth type_id="opencv-matrix">
  <rows>40</rows>
  <cols>40</cols>
  <dt>f</dt>
  <data>
    0. 0. 0. 0. 0. 0. 0. 0. 0. 0. 0. 0. 0. 0. 0. 0. 0. 0. 0. 0. 0. 0. 0.
    0. 0. 0. 0. 0. 0. 0. 0. 0. 0. 0. 0. 0. 0. 0. 0. 0. 0. 0. 0. 0. 0. 0.
    0. 0. 0. 0. 0. 0. 0. 0. 0. 0. 0. 1.38000000e+00 1.38000000e+00
    1.38000000e+00 1.94900000e+00 1.94900000e+00 1.75800002e+00
    1.38000000e+00 1.38000000e+00 1.96000004e+00 1.38000000e+00
    1.38000000e+00 1.38000000e+00 1.38000000e+00 1.38000000e+00 0. 0. 0.
    0. 0. 0. 0. 0. 0. 0. 0. 0. 0. 0. 0. 0. 0. 0. 0. 0. 0. 0. 0. 0. 0.
    1.38199997e+00 1.38000000e+00 1.38000000e+00 1.38000000e+00
    1.95200002e+00 1.95200002e+00 1.95099998e+00 1.95099998e+00
    1.94700003e+00 1.95299995e+00 1.38000000e+00 1.38000000e+00
    1.38000000e+00 1.38000000e+00 1.38000000e+00 0. 0. 0. 0. 0. 0. 0. 0.
    0. 0. 0. 0. 0. 0. 0. 0. 0. 0. 0. 0. 0. 0. 0. 0. 0. 1.38000000e+00
    1.38000000e+00 1.38000000e+00 1.91199994e+00 1.95500004e+00
    1.95400000e+00 1.95400000e+00 1.95500004e+00 1.95400000e+00
    1.95500004e+00 1.95400000e+00 1.95299995e+00 1.40600002e+00
    1.38000000e+00 1.38000000e+00 0. 0. 0. 0. 0. 0. 0. 0. 0. 0. 0. 0. 0.
    0. 0. 0. 0. 0. 0. 0. 0. 0. 0. 0. 2.60599995e+00 1.38000000e+00
    1.38000000e+00 1.38000000e+00 1.95799994e+00 1.95700002e+00
    1.95799994e+00 1.95799994e+00 1.95700002e+00 1.95599997e+00
    1.95700002e+00 1.95700002e+00 1.95700002e+00 1.95599997e+00
    1.95700002e+00 1.95599997e+00 0. 0. 0. 0. 0. 0. 0. 0. 0. 0. 0. 0. 0.
    0. 0. 0. 0. 0. 0. 0. 0. 0. 0. 0. 1.42200005e+00 1.38000000e+00
    1.38000000e+00 1.38000000e+00 1.96000004e+00 1.96000004e+00
    1.96000004e+00 1.96000004e+00 1.96000004e+00 1.95899999e+00
    1.96000004e+00 1.96000004e+00 1.96000004e+00 1.96099997e+00
    1.96000004e+00 1.95799994e+00 0. 0. 0. 0. 0. 0. 0. 0. 0. 0. 0. 0. 0.
    0. 0. 0. 0. 0. 0. 0. 0. 0. 0. 0. 1.38000000e+00 1.38000000e+00
    1.38000000e+00 1.96300006e+00 1.96300006e+00 1.96300006e+00
    1.96300006e+00 1.96300006e+00 1.96300006e+00 1.96200001e+00
    1.96300006e+00 1.96200001e+00 1.96200001e+00 1.96300006e+00
    1.96200001e+00 1.66900003e+00 0. 0. 0. 0. 0. 0. 0. 0. 0. 0. 0. 0. 0.
    0. 0. 0. 0. 0. 0. 0. 0. 0. 0. 2.49799991e+00 2.74499989e+00
    1.38000000e+00 1.38000000e+00 1.96700001e+00 1.96500003e+00
    1.96500003e+00 1.96599996e+00 1.96500003e+00 1.96500003e+00
    1.96399999e+00 1.96500003e+00 1.96500003e+00 1.96500003e+00
    1.96399999e+00 1.96399999e+00 1.38000000e+00 0. 0. 0. 0. 0. 0. 0. 0.
    0. 0. 0. 0. 0. 0. 0. 0. 0. 0. 0. 0. 0. 0. 0. 2.69799995e+00
    1.38000000e+00 1.38000000e+00 1.52999997e+00 1.96899998e+00
    1.96800005e+00 1.96899998e+00 1.96899998e+00 1.96800005e+00
    1.96899998e+00 1.96700001e+00 1.96800005e+00 1.96800005e+00
    1.96700001e+00 1.96700001e+00 1.96800005e+00 1.38000000e+00 0. 0. 0.
    0. 0. 0. 0. 0. 0. 0. 0. 0. 0. 0. 0. 0. 0. 0. 0. 0. 0. 0.
    2.67000008e+00 2.67799997e+00 1.38000000e+00 1.38000000e+00
    1.97300005e+00 1.97200000e+00 1.97200000e+00 1.97099996e+00
    1.97099996e+00 1.97099996e+00 1.97000003e+00 1.97099996e+00
    1.97099996e+00 1.97000003e+00 1.97000003e+00 1.96899998e+00
    1.38000000e+00 1.38000000e+00 0. 0. 0. 0. 0. 0. 0. 0. 0. 0. 0. 0. 0.
    0. 0. 0. 0. 0. 0. 0. 0. 2.92700005e+00 2.64499998e+00 1.38000000e+00
    1.38000000e+00 1.38000000e+00 1.97500002e+00 1.97399998e+00
    1.97399998e+00 1.97399998e+00 1.97399998e+00 1.97399998e+00
    1.97300005e+00 1.97300005e+00 1.97300005e+00 1.97300005e+00
    1.97300005e+00 1.97300005e+00 1.38000000e+00 1.38000000e+00 0. 0. 0.
    0. 0. 0. 0. 0. 0. 0. 0. 0. 0. 0. 0. 0. 0. 0. 0. 0. 0. 2.60400009e+00
    1.42200005e+00 1.38000000e+00 1.38000000e+00 1.38000000e+00
    1.97800004e+00 1.97800004e+00 1.97800004e+00 1.97599995e+00
    1.97700000e+00 1.97599995e+00 1.97599995e+00 1.97500002e+00
    1.97599995e+00 1.97599995e+00 1.97599995e+00 1.97399998e+00
    1.38000000e+00 1.38000000e+00 0. 0. 0. 0. 0. 0. 0. 0. 0. 0. 0. 0. 0.
    0. 0. 0. 0. 0. 0. 2.58200002e+00 2.56999993e+00 2.58899999e+00
    1.38000000e+00 1.38000000e+00 1.38000000e+00 1.51999998e+00
    1.98000002e+00 1.98000002e+00 1.97899997e+00 1.97899997e+00
    1.97899997e+00 1.97899997e+00 1.97899997e+00 1.97800004e+00
    1.97899997e+00 1.97800004e+00 1.97899997e+00 1.85200000e+00
    1.38000000e+00 1.85500002e+00 0. 0. 0. 0. 0. 0. 0. 0. 0. 0. 0. 0. 0.
    0. 0. 0. 0. 0. 0. 2.53900003e+00 2.54699993e+00 1.80799997e+00
    1.38000000e+00 1.38000000e+00 1.38000000e+00 1.98399997e+00
    1.98399997e+00 1.98300004e+00 1.98300004e+00 1.98099995e+00
    1.98199999e+00 1.98199999e+00 1.98099995e+00 1.98099995e+00
    1.98199999e+00 1.98199999e+00 1.98199999e+00 1.38000000e+00
    1.38000000e+00 0. 0. 0. 0. 0. 0. 0. 0. 0. 0. 0. 0. 0. 0. 0. 0. 0. 0.
    0. 0. 2.52500010e+00 2.53699994e+00 1.38000000e+00 1.38000000e+00
    1.38000000e+00 1.38000000e+00 1.98699999e+00 1.98800004e+00
    1.98599994e+00 1.98599994e+00 1.98599994e+00 1.98599994e+00
    1.98399997e+00 1.98399997e+00 1.98300004e+00 1.98399997e+00
    1.98599994e+00 1.98399997e+00 1.38000000e+00 1.38000000e+00 0. 0. 0.
    0. 0. 0. 0. 0. 0. 0. 0. 0. 0. 0. 0. 0. 0. 0. 0. 2.49600005e+00 0. 0.
    1.38000000e+00 1.38000000e+00 1.38000000e+00 1.46500003e+00
    1.98899996e+00 1.98899996e+00 1.98899996e+00 1.98899996e+00
    1.98800004e+00 1.98800004e+00 1.98800004e+00 1.98800004e+00
    1.98699999e+00 1.98800004e+00 1.98800004e+00 1.38000000e+00
    1.38000000e+00 0. 0. 0. 0. 0. 0. 0. 0. 0. 0. 0. 0. 0. 0. 0. 0. 0. 0.
    0. 0. 0. 0. 0. 1.38000000e+00 1.38000000e+00 1.38000000e+00
    1.99300003e+00 1.99199998e+00 1.99199998e+00 1.99199998e+00
    1.99199998e+00 1.99199998e+00 1.99199998e+00 1.99100006e+00
    1.99100006e+00 1.99000001e+00 1.99100006e+00 1.99000001e+00
    1.38000000e+00 1.38000000e+00 0. 0. 0. 0. 0. 0. 0. 0. 0. 0. 0. 0. 0.
    0. 0. 0. 0. 0. 0. 0. 0. 0. 0. 1.38000000e+00 1.38000000e+00
    1.55999994e+00 1.99600005e+00 1.99500000e+00 1.99600005e+00
    1.99500000e+00 1.99399996e+00 1.99500000e+00 1.99399996e+00
    1.99300003e+00 1.99300003e+00 1.99300003e+00 1.99500000e+00
    1.87000000e+00 1.38000000e+00 0. 0. 0. 0. 0. 0. 0. 0. 0. 0. 0. 0. 0.
    0. 0. 0. 0. 0. 0. 0. 0. 0. 0. 0. 1.38000000e+00 1.38000000e+00
    2.00099993e+00 1.99899995e+00 1.99800003e+00 1.99800003e+00
    1.99800003e+00 1.99800003e+00 1.99800003e+00 1.99699998e+00
    1.99600005e+00 1.99800003e+00 1.99600005e+00 1.99600005e+00
    1.38000000e+00 1.38000000e+00 0. 0. 0. 0. 0. 0. 0. 0. 0. 0. 0. 0. 0.
    0. 0. 0. 0. 0. 0. 0. 0. 0. 0. 0. 1.38000000e+00 1.38000000e+00
    2.00200009e+00 2.00200009e+00 2.00200009e+00 2.00099993e+00
    2.00099993e+00 2.00099993e+00 2. 2.00099993e+00 2. 2. 2.
    1.99800003e+00 1.38000000e+00 2.65799999e+00 0. 0. 0. 0. 0. 0. 0. 0.
    0. 0. 0. 0. 0. 0. 0. 0. 0. 0. 0. 0. 0. 0. 0. 2.86700010e+00
    1.38000000e+00 1.38000000e+00 2.00399995e+00 2.00500011e+00
    2.00500011e+00 2.00500011e+00 2.00399995e+00 2.00399995e+00
    2.00300002e+00 2.00300002e+00 2.00200009e+00 2.00200009e+00
    2.00300002e+00 1.39100003e+00 1.38000000e+00 0. 0. 0. 0. 0. 0. 0. 0.
    0. 0. 0. 0. 0. 0. 0. 0. 0. 0. 0. 0. 0. 0. 0. 0. 1.38000000e+00
    1.38000000e+00 1.98899996e+00 2.00799990e+00 2.00799990e+00
    2.00699997e+00 2.00699997e+00 2.00699997e+00 2.00699997e+00
    2.00699997e+00 2.00699997e+00 2.00699997e+00 2.00500011e+00
    2.00500011e+00 1.38000000e+00 2.19199991e+00 0. 0. 0. 0. 0. 0. 0. 0.
    0. 0. 0. 0. 0. 0. 0. 0. 0. 0. 0. 0. 0. 0. 0. 1.40300000e+00
    1.38000000e+00 1.38000000e+00 2.01099992e+00 2.01099992e+00
    2.01099992e+00 2.01099992e+00 2.00999999e+00 2.00999999e+00
    2.00999999e+00 2.00900006e+00 2.00999999e+00 2.00999999e+00
    2.00999999e+00 1.83500004e+00 1.38000000e+00 0. 0. 0. 0. 0. 0. 0. 0.
    0. 0. 0. 0. 0. 0. 0. 0. 0. 0. 0. 0. 0. 0. 0. 0. 1.38000000e+00
    1.38000000e+00 1.38000000e+00 2.01500010e+00 2.01399994e+00
    2.01500010e+00 2.01500010e+00 2.01399994e+00 2.01300001e+00
