<?xml version="1.0"?>
<opencv_storage>
<Depth type_id="opencv-matrix">
  <rows>40</rows>
  <cols>40</cols>
  <dt>f</dt>
  <data>
    0. 0. 0. 0. 0. 0. 0. 0. 0. 0. 0. 0. 0. 0. 0. 0. 0. 0. 0. 0. 0. 0. 0.
    0. 0. 0. 0. 0. 0. 0. 0. 0. 0. 0. 0. 0. 0. 0. 0. 0. 0. 0. 0. 0. 0. 0.
    0. 0. 0. 0. 0. 0. 0. 0. 0. 0. 0. 0. 0. 0. 0. 0. 0. 0. 0. 0. 0. 0. 0.
    0. 0. 0. 0. 0. 0. 0. 0. 0. 0. 0. 0. 0. 0. 0. 0. 0. 0. 0. 0. 0. 0. 0.
    0. 0. 0. 0. 0. 0. 0. 0. 0. 0. 0. 0. 0. 0. 0. 0. 0. 0. 0. 0. 0. 0. 0.
    0. 0. 0. 0. 0. 0. 0. 0. 0. 0. 0. 0. 0. 0. 0. 0. 0. 0. 0. 0. 0. 0. 0.
    0. 0. 0. 0. 0. 0. 0. 0. 0. 0. 0. 0. 0. 0. 0. 0. 0. 0. 0. 0. 0. 0. 0.
    0. 0. 0. 0. 0. 0. 0. 0. 0. 0. 0. 0. 0. 0. 0. 0. 0. 0. 0. 0. 0. 0. 0.
    0. 0. 0. 0. 0. 0. 0. 0. 0. 0. 0. 0. 0. 0. 0. 0. 0. 0. 0. 0. 0. 0. 0.
    0. 0. 0. 0. 0. 0. 0. 0. 0. 0. 0. 0. 0. 0. 0. 0. 0. 0. 0. 0. 0. 0. 0.
    0. 0. 0. 0. 0. 0. 0. 0. 0. 0. 0. 0. 0. 0. 0. 0. 0. 0. 0. 0. 0. 0. 0.
    0. 0. 0. 0. 0. 0. 0. 0. 0. 0. 0. 0. 0. 0. 0. 0. 0. 0. 0. 0. 0. 0. 0.
    0. 0. 0. 0. 0. 0. 0. 0. 2. 2. 2. 2. 2.03200006e+00 2.08899999e+00
    2.14499998e+00 2.09500003e+00 2.03800011e+00 2. 2. 2. 2. 2.
    2.00500011e+00 2.06100011e+00 2.11800003e+00 2.12199998e+00
    2.06500006e+00 2.00900006e+00 0. 0. 0. 0. 0. 0. 0. 0. 0. 0. 0. 0. 0.
    0. 0. 0. 0. 0. 0. 0. 2. 2. 2. 2. 2.02999997e+00 2.08200002e+00
    2.13499999e+00 2.08800006e+00 2.03500009e+00 2. 2. 2. 2. 2.
    2.00399995e+00 2.05699992e+00 2.10899997e+00 2.11500001e+00
    2.06699991e+00 2.01799989e+00 0. 0. 0. 0. 0. 0. 0. 0. 0. 0. 0. 0. 0.
    0. 0. 0. 0. 0. 0. 0. 2. 2. 2. 2. 2.01799989e+00 2.04800010e+00
    2.07900000e+00 2.05200005e+00 2.02099991e+00 2. 2. 2. 2. 2.
    2.00300002e+00 2.03299999e+00 2.06399989e+00 2.07800007e+00
    2.07299995e+00 2.06800008e+00 0. 0. 0. 0. 0. 0. 0. 0. 0. 0. 0. 0. 0.
    0. 0. 0. 0. 0. 0. 0. 2. 2. 2. 2. 2.00500011e+00 2.01500010e+00
    2.02399993e+00 2.01600003e+00 2.00600004e+00 2. 2. 2. 2. 2.
    2.00099993e+00 2.00999999e+00 2.01900005e+00 2.04200006e+00
    2.07999992e+00 2.11800003e+00 1.79299998e+00 1.39999998e+00
    1.09399998e+00 1.09399998e+00 1.09399998e+00 0. 0. 0. 0. 0. 0. 0. 0.
    0. 0. 0. 0. 0. 0. 0. 2. 2. 2. 2. 2. 2. 2. 2. 2. 2. 2. 2. 2. 2. 2. 2.
    2. 2.02600002e+00 2.08299994e+00 2.13899994e+00 2.13800001e+00
    2.12500000e+00 2.11599994e+00 2.11599994e+00 2.11599994e+00 0. 0. 0.
    0. 0. 0. 0. 0. 0. 0. 0. 0. 0. 0. 0. 2. 2. 2. 2. 2. 2. 2. 2. 2. 2. 2.
    2. 2. 2. 2. 2. 2. 2.02600002e+00 2.08299994e+00 2.13899994e+00
    2.11999989e+00 2.08599997e+00 2.05900002e+00 2.05900002e+00
    2.05900002e+00 1.47200000e+00 0. 0. 0. 0. 0. 0. 0. 0. 0. 0. 0. 0. 0.
    0. 2. 2. 2. 2. 2. 2. 2. 2. 2. 2. 2. 2. 2. 2. 2. 2. 2. 2.02600002e+00
    2.08299994e+00 2.13899994e+00 2.10100007e+00 2.04600000e+00
    2.00300002e+00 2.00300002e+00 2.00300002e+00 1.97300005e+00
    1.92400002e+00 1.87500000e+00 1.82200003e+00 1.76999998e+00
    1.73599994e+00 0. 0. 0. 0. 0. 0. 0. 0. 0. 2. 2. 2. 2. 2. 2. 2. 2. 2.
    2. 2. 2. 2. 2. 2. 2. 2. 2.01699996e+00 2.05299997e+00 2.08899999e+00
    2.06399989e+00 2.02800012e+00 2. 2. 2. 1.98800004e+00 1.96899998e+00
    1.94900000e+00 1.91499996e+00 1.88100004e+00 1.85899997e+00 0. 0. 0.
    0. 0. 0. 0. 0. 0. 2. 2. 2. 2. 2. 2. 2. 2. 2. 2. 2. 2. 2. 2. 2. 2. 2.
    2.00699997e+00 2.02099991e+00 2.03600001e+00 2.02600002e+00
    2.01099992e+00 2. 2. 2. 1.97599995e+00 1.93599999e+00 1.89600003e+00
    1.88199997e+00 1.86800003e+00 1.85899997e+00 0. 0. 0. 0. 0. 0. 0. 0.
    0. 2.01799989e+00 2.01799989e+00 2.01799989e+00 2.01799989e+00
    2.01799989e+00 2.01799989e+00 2.01799989e+00 2.01200008e+00
    2.00500011e+00 2. 2. 2. 2. 2. 2. 2. 2. 2. 2. 2. 1.99399996e+00
    1.98800004e+00 1.98199999e+00 1.98199999e+00 1.98199999e+00
    1.95000005e+00 1.89699996e+00 1.84300005e+00 1.84200001e+00
    1.84200001e+00 1.84200001e+00 0. 0. 0. 0. 0. 0. 0. 0. 0.
    2.07500005e+00 2.07500005e+00 2.07500005e+00 2.07500005e+00
    2.07500005e+00 2.07500005e+00 2.07500005e+00 2.04800010e+00
    2.01900005e+00 2. 2. 2. 2. 2. 2. 2. 2. 2. 2. 2. 1.97700000e+00
    1.95000005e+00 1.92900002e+00 1.92900002e+00 1.92900002e+00
    1.89699996e+00 1.84399998e+00 1.79100001e+00 1.78999996e+00
    1.78999996e+00 1.78999996e+00 0. 0. 0. 0. 0. 0. 0. 0. 0.
    2.13100004e+00 2.13100004e+00 2.13100004e+00 2.13100004e+00
    2.13100004e+00 2.13100004e+00 2.13100004e+00 2.08400011e+00
    2.03399992e+00 2. 2. 2. 2. 2. 2. 2. 2. 2. 2. 2. 1.96000004e+00
    1.91199994e+00 1.87500000e+00 1.87500000e+00 1.87500000e+00
    1.84399998e+00 1.79200006e+00 1.73899996e+00 1.73800004e+00
    1.73800004e+00 1.73800004e+00 0. 0. 0. 0. 0. 0. 0. 0. 0.
    2.14800000e+00 2.14800000e+00 2.14800000e+00 2.14800000e+00
    2.14800000e+00 2.14800000e+00 2.14800000e+00 2.09500003e+00
    2.03800011e+00 2. 2. 2. 2. 2. 2. 2. 2. 2. 2. 2. 1.95500004e+00
    1.90100002e+00 1.85899997e+00 1.85899997e+00 1.85899997e+00
    1.82799995e+00 1.77600002e+00 1.72399998e+00 1.72300005e+00
    1.72300005e+00 1.72300005e+00 0. 0. 0. 0. 0. 0. 0. 0. 0.
    2.14800000e+00 2.14800000e+00 2.14800000e+00 2.14800000e+00
    2.14800000e+00 2.14800000e+00 2.14800000e+00 2.09500003e+00
    2.03800011e+00 2. 2. 2. 2. 2. 2. 2. 2. 2. 2. 2. 1.95500004e+00
    1.90100002e+00 1.85899997e+00 1.85899997e+00 1.85899997e+00
    1.82799995e+00 1.77600002e+00 1.72399998e+00 1.72300005e+00
    1.72300005e+00 1.72300005e+00 0. 0. 0. 0. 0. 0. 0. 0. 0.
    1.91900003e+00 1.93599999e+00 2.02300000e+00 2.10999990e+00
    2.14800000e+00 2.14800000e+00 2.14800000e+00 2.09500003e+00
    2.03800011e+00 2. 2. 2. 2. 2. 2. 2. 2. 2. 2. 2. 1.95599997e+00
    1.90400004e+00 1.86300004e+00 1.86300004e+00 1.86300004e+00
    1.83299994e+00 1.78299999e+00 1.73300004e+00 1.64800000e+00
    1.56299996e+00 1.50800002e+00 0. 0. 0. 0. 0. 0. 0. 0. 0. 0. 0. 0.
    1.65900004e+00 2.14800000e+00 2.14800000e+00 2.14800000e+00
    2.09500003e+00 2.03800011e+00 2. 2. 2. 2. 2. 2. 2. 2. 2. 2. 2.
    1.97300005e+00 1.94200003e+00 1.91700006e+00 1.91700006e+00
    1.91700006e+00 1.89900005e+00 1.86899996e+00 1.83800006e+00 0. 0. 0.
    0. 0. 0. 0. 0. 0. 0. 0. 0. 0. 0. 0. 1.20799994e+00 2.14800000e+00
    2.14800000e+00 2.14800000e+00 2.09500003e+00 2.03800011e+00 2. 2. 2.
    2. 2. 2. 2. 2. 2. 2. 2. 1.99100006e+00 1.98000002e+00 1.97099996e+00
    1.97099996e+00 1.97099996e+00 1.96500003e+00 1.95400000e+00
    1.94299996e+00 0. 0. 0. 0. 0. 0. 0. 0. 0. 0. 0. 0. 0. 0. 0.
    1.14800000e+00 2.12199998e+00 2.12199998e+00 2.12199998e+00
    2.08699989e+00 2.05100012e+00 2.02300000e+00 2.01300001e+00
    2.00300002e+00 2. 2. 2. 2. 2. 2. 2. 2. 2. 2. 2. 2. 2. 2. 2. 2. 0. 0.
    0. 0. 0. 0. 0. 0. 0. 0. 0. 0. 0. 0. 0. 1.54299998e+00 2.06500006e+00
    2.06500006e+00 2.06500006e+00 2.07200003e+00 2.07800007e+00
    2.07200003e+00 2.04099989e+00 2.00900006e+00 2. 2. 2. 2. 2. 2. 2. 2.
    2. 2. 2. 2. 2. 2. 2. 2. 0. 0. 0. 0. 0. 0. 0. 0. 0. 0. 0. 0.
    1.57400000e+00 1.60500002e+00 1.77100003e+00 1.93700004e+00
    2.00900006e+00 2.00900006e+00 2.00900006e+00 2.05599999e+00
    2.10599995e+00 2.12199998e+00 2.06900001e+00 2.01600003e+00 2. 2. 2.
    2. 2. 2. 2. 2. 2. 2. 2. 2. 2. 2. 2. 2. 0. 0. 0. 0. 0. 0. 0. 0. 0. 0.
    0. 0. 2. 2. 2. 2. 2. 2. 2. 2.03600001e+00 2.07500005e+00
    2.08800006e+00 2.04999995e+00 2.01099992e+00 2. 2. 2. 2. 2. 2. 2. 2.
    2. 2. 2. 2. 2. 2. 2. 2. 0. 0. 0. 0. 0. 0. 0. 0. 0. 0. 0. 0. 2. 2. 2.
    2. 2. 2. 2. 2.01600003e+00 2.03299999e+00 2.03900003e+00
    2.02200007e+00 2.00500011e+00 2. 2. 2. 2. 2. 2. 2. 2. 2. 2. 2. 2. 2.
    2. 2. 2. 0. 0. 0. 0. 0. 0. 0. 0. 0. 0. 0. 0. 2. 2. 2. 2.
    2.00300002e+00 2.00699997e+00 2.01200008e+00 2.00799990e+00
    2.00300002e+00 2. 2. 2. 2. 2. 2. 1.99500000e+00 1.99100006e+00
    1.98800004e+00 1.98800004e+00 1.98800004e+00 1.98800004e+00
    1.98800004e+00 1.98800004e+00 1.98800004e+00 1.98800004e+00
    1.98800004e+00 1.98800004e+00 1.98800004e+00 0. 0. 0. 0. 0. 0. 0. 0.
    0. 0. 0. 0. 2. 2. 2. 2. 2.01500010e+00 2.04099989e+00 2.06699991e+00
