<?xml version="1.0"?>
<opencv_storage>
<Depth type_id="opencv-matrix">
  <rows>40</rows>
  <cols>40</cols>
  <dt>f</dt>
  <data>
    0. 0. 0. 0. 0. 0. 0. 0. 0. 0. 0. 0. 0. 0. 0. 0. 0. 0. 0. 0. 0. 0. 0.
    0. 0. 0. 0. 0. 0. 0. 0. 0. 0. 0. 0. 0. 0. 0. 0. 0. 0. 0. 0. 0. 0. 0.
    0. 0. 0. 0. 0. 0. 0. 0. 0. 0. 0. 0. 0. 0. 0. 0. 0. 0. 0. 0. 0. 0. 0.
    0. 0. 0. 0. 0. 0. 0. 0. 0. 0. 0. 0. 0. 0. 0. 0. 0. 0. 0. 0. 0. 0. 0.
    0. 0. 0. 0. 0. 0. 0. 0. 0. 0. 0. 0. 0. 0. 0. 0. 0. 0. 0. 0. 0. 0. 0.
    0. 0. 0. 0. 0. 0. 0. 0. 0. 0. 0. 0. 0. 0. 0. 0. 0. 0. 0. 0. 0. 0. 0.
    0. 0. 0. 0. 0. 0. 0. 0. 0. 0. 0. 0. 0. 0. 0. 0. 0. 0. 0. 0. 0. 0. 0.
    0. 0. 0. 0. 0. 0. 0. 0. 0. 0. 0. 0. 0. 0. 0. 0. 0. 0. 0. 0. 0. 0. 0.
    0. 0. 0. 0. 0. 0. 0. 0. 0. 0. 0. 0. 0. 0. 0. 0. 0. 0. 0. 0. 0. 0. 0.
    0. 0. 0. 0. 0. 0. 0. 0. 0. 0. 0. 0. 0. 0. 0. 0. 0. 0. 0. 0. 0. 0. 0.
    0. 0. 0. 0. 0. 0. 0. 0. 0. 0. 0. 0. 0. 0. 0. 0. 0. 0. 0. 0. 0. 0. 0.
    0. 0. 0. 0. 0. 0. 0. 0. 0. 0. 0. 0. 0. 0. 0. 0. 0. 0. 0. 0. 0. 0. 0.
    0. 0. 0. 0. 0. 0. 0. 0. 0. 0. 0. 0. 0. 0. 0. 0. 0. 0. 0. 0. 0. 0. 0.
    0. 0. 0. 0. 0. 0. 0. 0. 0. 0. 0. 0. 0. 0. 0. 0. 0. 0. 0. 0. 0. 0. 0.
    0. 0. 0. 0. 0. 0. 0. 0. 0. 0. 0. 0. 0. 0. 0. 0. 0. 0. 0. 0. 0. 0. 0.
    0. 0. 0. 0. 0. 0. 0. 0. 0. 0. 0. 0. 0. 0. 0. 0. 0. 0. 0. 0. 0. 0. 0.
    0. 0. 0. 0. 0. 0. 0. 0. 0. 0. 0. 0. 0. 0. 0. 0. 0. 0. 0. 0. 0. 0. 0.
    0. 0. 0. 0. 0. 0. 0. 0. 0. 0. 0. 0. 0. 0. 0. 0. 0. 0. 0. 0. 0. 0. 0.
    0. 0. 0. 0. 0. 0. 0. 0. 0. 0. 0. 0. 0. 0. 0. 0. 0. 0. 0. 0. 0. 0. 0.
    0. 0. 0. 0. 0. 0. 0. 0. 0. 0. 0. 0. 0. 0. 0. 0. 0. 0. 0. 0. 0. 0. 0.
    0. 0. 0. 0. 0. 0. 0. 0. 0. 0. 0. 0. 0. 0. 0. 0. 0. 0. 0. 0.
    2.12899995e+00 2.12899995e+00 2.09899998e+00 2.06299996e+00
    2.06299996e+00 2.07500005e+00 2.11299992e+00 2.12899995e+00
    2.12899995e+00 2.12899995e+00 2.12400007e+00 2.08599997e+00
    2.06299996e+00 2.06299996e+00 2.03900003e+00 2.00300002e+00 2. 2. 2.
    2.21600008e+00 2.68700004e+00 2.77900004e+00 2.72900009e+00
    2.58999991e+00 2.44300008e+00 2.27500010e+00 2.17600012e+00
    2.13700008e+00 2.12899995e+00 2.15300012e+00 2.49900007e+00
    2.63899994e+00 2.37199998e+00 2.26600003e+00 2.26600003e+00
    2.33899999e+00 2.41700006e+00 2.46099997e+00 2.50500011e+00
    2.54999995e+00 2.10500002e+00 2.10500002e+00 2.08599997e+00
    2.06299996e+00 2.06299996e+00 2.07100010e+00 2.09500003e+00
    2.10500002e+00 2.10500002e+00 2.10500002e+00 2.10200000e+00
    2.07800007e+00 2.06299996e+00 2.06299996e+00 2.03900003e+00
    2.00300002e+00 2. 2. 2. 2.13700008e+00 2.43499994e+00 2.50300002e+00
    2.48499990e+00 2.39700007e+00 2.30399990e+00 2.19799995e+00
    2.13499999e+00 2.10999990e+00 2.10500002e+00 2.11999989e+00
    2.33899999e+00 2.42799997e+00 2.25900006e+00 2.19199991e+00
    2.19199991e+00 2.23799992e+00 2.28800011e+00 2.31500006e+00
    2.34299994e+00 2.37199998e+00 2.06699991e+00 2.06699991e+00
    2.06500006e+00 2.06299996e+00 2.06299996e+00 2.06399989e+00
    2.06599998e+00 2.06699991e+00 2.06699991e+00 2.06699991e+00
    2.06599998e+00 2.06399989e+00 2.06299996e+00 2.06299996e+00
    2.03900003e+00 2.00300002e+00 2. 2. 2. 2.01200008e+00 2.03900003e+00
    2.06900001e+00 2.10100007e+00 2.09299994e+00 2.08400011e+00
    2.07500005e+00 2.06900001e+00 2.06699991e+00 2.06699991e+00
    2.06800008e+00 2.08800006e+00 2.09599996e+00 2.07999992e+00
    2.07399988e+00 2.07399988e+00 2.07900000e+00 2.08299994e+00
    2.08500004e+00 2.08800006e+00 2.09100008e+00 2.06299996e+00
    2.06299996e+00 2.06299996e+00 2.06299996e+00 2.06299996e+00
    2.06299996e+00 2.06299996e+00 2.05200005e+00 2.03299999e+00
    2.02999997e+00 2.02999997e+00 2.02999997e+00 2.02999997e+00
    2.02999997e+00 2.01900005e+00 2.00099993e+00 2. 2. 2. 2. 2.
    2.01300001e+00 2.02999997e+00 2.02999997e+00 2.02999997e+00
    2.02999997e+00 2.02999997e+00 2.02999997e+00 2.02999997e+00
    2.02999997e+00 2.02999997e+00 2.02999997e+00 2.02999997e+00
    2.02999997e+00 2.02999997e+00 2.01399994e+00 1.99699998e+00
    1.99699998e+00 1.99699998e+00 1.99699998e+00 2.06299996e+00
    2.06299996e+00 2.06299996e+00 2.06299996e+00 2.06299996e+00
    2.06299996e+00 2.06299996e+00 2.04200006e+00 2.00500011e+00 2. 2. 2.
    2. 2. 2. 2. 2. 2. 2. 2. 2. 2. 2. 2. 2. 2. 2. 2. 2. 2. 2. 2. 2. 2. 2.
    1.96800005e+00 1.93700004e+00 1.93700004e+00 1.93700004e+00
    1.93700004e+00 2.06299996e+00 2.06299996e+00 2.06299996e+00
    2.06299996e+00 2.06299996e+00 2.06299996e+00 2.06299996e+00
    2.04200006e+00 2.00500011e+00 2. 2. 2. 2. 2. 2. 2. 2. 2. 2. 2. 2. 2.
    2. 2. 2. 2. 2. 2. 2. 2. 2. 2. 2. 2. 2. 1.96800005e+00 1.93700004e+00
    1.93700004e+00 1.93700004e+00 1.93700004e+00 2.06299996e+00
    2.06299996e+00 2.06299996e+00 2.06299996e+00 2.06299996e+00
    2.06299996e+00 2.06299996e+00 2.04699993e+00 2.01999998e+00
    2.00799990e+00 2. 2. 2. 2. 2. 2. 2. 2. 2. 2. 2. 2. 2. 2. 2. 2. 2. 2.
    2. 2. 2. 2. 2. 2. 2. 1.97599995e+00 1.95000005e+00 1.93200004e+00
    1.92200005e+00 1.92200005e+00 2.06299996e+00 2.06299996e+00
    2.06299996e+00 2.06299996e+00 2.06299996e+00 2.06299996e+00
    2.06299996e+00 2.05900002e+00 2.05299997e+00 2.02699995e+00 2. 2. 2.
    2. 2. 2. 2. 2. 2. 2. 2. 2. 2. 2. 2. 2. 2. 2. 2. 2. 2. 2. 2. 2. 2.
    1.99500000e+00 1.98099995e+00 1.92200005e+00 1.88699996e+00
    1.88699996e+00 2.05299997e+00 2.08299994e+00 2.08999991e+00
    2.08999991e+00 2.08999991e+00 2.08999991e+00 2.08999991e+00
    2.08100009e+00 2.06500006e+00 2.04500008e+00 2.02600002e+00
    2.02600002e+00 2.01999998e+00 2.00500011e+00 1.99000001e+00
    1.97500002e+00 1.97399998e+00 1.97399998e+00 1.97399998e+00
    1.98099995e+00 1.99600005e+00 2. 2. 2. 2. 2. 2. 2. 2. 2. 2. 2. 2. 2.
    2. 2. 1.99000001e+00 1.91900003e+00 1.87699997e+00 1.87699997e+00
    2.03800011e+00 2.11199999e+00 2.12800002e+00 2.12800002e+00
    2.12800002e+00 2.12800002e+00 2.12800002e+00 2.10599995e+00
    2.06900001e+00 2.06299996e+00 2.06200004e+00 2.06200004e+00
    2.04800010e+00 2.01200008e+00 1.97700000e+00 1.94099998e+00
    1.93799996e+00 1.93799996e+00 1.93799996e+00 1.95400000e+00
    1.99000001e+00 2. 2. 2. 2. 2. 2. 2. 2. 2. 2. 2. 2. 2. 2. 2.
    1.99000001e+00 1.91900003e+00 1.87699997e+00 1.87699997e+00
    2.03800011e+00 2.11299992e+00 2.12899995e+00 2.12899995e+00
    2.12899995e+00 2.12899995e+00 2.12899995e+00 2.11899996e+00
    2.10299993e+00 2.08200002e+00 2.06100011e+00 2.03999996e+00
    2.02099991e+00 2.00500011e+00 1.97599995e+00 1.94000006e+00
    1.93700004e+00 1.93700004e+00 1.93700004e+00 1.95400000e+00
    1.99000001e+00 2. 2. 2. 2.00500011e+00 2.02600002e+00 2.02500010e+00
    2.00399995e+00 2. 2. 2. 2. 2. 2.01200008e+00 2.03299999e+00
    2.03500009e+00 2.02500010e+00 1.95299995e+00 1.91100001e+00
    1.91100001e+00 2.13299990e+00 2.14499998e+00 2.14800000e+00
    2.14800000e+00 2.14800000e+00 2.14800000e+00 2.14800000e+00
    2.14800000e+00 2.14800000e+00 2.10599995e+00 2.05900002e+00
    2.02200007e+00 2. 2. 1.97599995e+00 1.94000006e+00 1.93700004e+00
    1.93799996e+00 1.94299996e+00 1.96000004e+00 1.99100006e+00 2. 2. 2.
    2.00999999e+00 2.04600000e+00 2.04399991e+00 2.00699997e+00 2. 2.
    2.00500011e+00 2.00900006e+00 2.00900006e+00 2.02500010e+00
    2.05100012e+00 2.05399990e+00 2.04500008e+00 1.97700000e+00
    1.93700004e+00 1.93700004e+00 2.52399993e+00 2.28099990e+00
    2.22700000e+00 2.22700000e+00 2.22700000e+00 2.22700000e+00
    2.22700000e+00 2.22700000e+00 2.22700000e+00 2.14700007e+00
    2.05900002e+00 2.02200007e+00 2. 2. 1.97599995e+00 1.94000006e+00
    1.93700004e+00 1.94200003e+00 1.96800005e+00 1.98699999e+00
    1.99699998e+00 2. 2. 2. 2.00999999e+00 2.04600000e+00 2.04399991e+00
    2.00699997e+00 2. 2.00200009e+00 2.02800012e+00 2.04500008e+00
    2.04500008e+00 2.03600001e+00 2.01999998e+00 2.01799989e+00
    2.01099992e+00 1.96500003e+00 1.93700004e+00 1.93700004e+00
    1.13499999e+00 0. 0. 0. 1.82299995e+00 2.48099995e+00 2.48099995e+00
    2.48099995e+00 2.48099995e+00 2.41100001e+00 2.33500004e+00
