<?xml version="1.0"?>
<opencv_storage>
<Depth type_id="opencv-matrix">
  <rows>40</rows>
  <cols>40</cols>
  <dt>f</dt>
  <data>
    0. 0. 0. 0. 0. 0. 0. 0. 0. 0. 0. 0. 0. 0. 0. 0. 0. 0. 0. 0. 0. 0. 0.
    0. 0. 0. 0. 0. 0. 0. 0. 0. 0. 0. 0. 0. 0. 0. 0. 0. 0. 0. 0. 0. 0. 0.
    0. 0. 0. 0. 0. 0. 0. 0. 0. 0. 0. 0. 0. 0. 0. 0. 0. 0. 0. 0. 0. 0. 0.
    0. 0. 0. 0. 0. 0. 0. 0. 0. 0. 0. 0. 0. 0. 0. 0. 0. 0. 0. 0. 0. 0. 0.
    0. 0. 0. 0. 0. 0. 0. 0. 0. 0. 0. 0. 0. 0. 0. 0. 0. 0. 0. 0. 0. 0. 0.
    0. 0. 0. 0. 0. 0. 0. 0. 0. 0. 0. 0. 0. 0. 0. 0. 0. 0. 0. 0. 0. 0. 0.
    0. 0. 0. 0. 0. 0. 0. 0. 0. 0. 0. 0. 0. 0. 0. 0. 0. 0. 0. 0. 0. 0. 0.
    0. 0. 0. 0. 0. 0. 0. 0. 0. 0. 0. 0. 0. 0. 0. 0. 0. 0. 0. 0. 0. 0. 0.
    0. 0. 0. 0. 0. 0. 0. 0. 0. 0. 0. 0. 0. 0. 0. 0. 0. 0. 0. 0. 0. 0. 0.
    0. 0. 0. 0. 0. 0. 0. 0. 0. 0. 0. 0. 0. 0. 0. 0. 0. 0. 0. 0. 0. 0. 0.
    0. 0. 0. 0. 0. 0. 0. 0. 0. 0. 0. 0. 0. 0. 0. 0. 0. 0. 0. 0. 0. 0. 0.
    0. 0. 0. 0. 0. 0. 0. 0. 0. 0. 0. 0. 0. 0. 0. 0. 0. 0. 0. 0. 0. 0. 0.
    0. 0. 0. 0. 0. 0. 0. 0. 0. 0. 0. 0. 0. 0. 0. 0. 0. 0. 0. 0. 0. 0. 0.
    0. 0. 0. 0. 0. 0. 0. 0. 0. 0. 0. 0. 0. 0. 0. 0. 0. 0. 0. 0. 0. 0. 0.
    0. 0. 0. 0. 0. 0. 0. 0. 0. 0. 0. 0. 0. 0. 0. 0. 0. 0. 0. 0. 0. 0. 0.
    0. 0. 0. 0. 0. 0. 0. 0. 0. 0. 0. 0. 0. 0. 0. 0. 0. 0. 0. 0. 0. 0. 0.
    0. 0. 0. 0. 0. 0. 0. 0. 0. 0. 0. 0. 0. 0. 0. 0. 0. 0. 0. 0. 0. 0. 0.
    0. 0. 0. 0. 0. 0. 0. 0. 0. 0. 0. 0. 0. 0. 0. 0. 0. 0. 0. 0. 0. 0. 0.
    0. 0. 0. 0. 0. 0. 0. 0. 0. 0. 0. 0. 0. 0. 0. 0. 0. 0. 0. 0. 0. 0. 0.
    0. 0. 0. 0. 0. 0. 0. 0. 0. 0. 0. 0. 0. 0. 0. 0. 0. 0. 0. 0. 0. 0. 0.
    0. 0. 0. 0. 0. 0. 0. 0. 0. 0. 0. 0. 0. 0. 0. 0. 0. 0. 0. 0. 0. 0. 0.
    0. 0. 0. 0. 0. 0. 0. 0. 0. 0. 0. 0. 0. 0. 0. 0. 0. 0. 0. 0. 0. 0. 0.
    0. 0. 0. 0. 0. 0. 0. 0. 0. 0. 0. 0. 0. 0. 0. 0. 2.66300011e+00
    2.05599999e+00 2.05599999e+00 2.05599999e+00 2.05599999e+00 2.
    1.94599998e+00 1.94599998e+00 1.94599998e+00 1.94599998e+00
    1.94599998e+00 1.94599998e+00 1.94599998e+00 1.94599998e+00
    1.94900000e+00 1.98199999e+00 2.01600003e+00 2.05100012e+00
    2.02699995e+00 2. 2. 2. 2. 2. 2. 2. 2. 2. 2. 2. 2. 2. 2. 2. 2. 2. 0.
    0. 0. 2.68700004e+00 2.41899991e+00 2.05599999e+00 2.05599999e+00
    2.05599999e+00 2.05599999e+00 2. 1.94599998e+00 1.94599998e+00
    1.94599998e+00 1.94599998e+00 1.94599998e+00 1.94599998e+00
    1.94599998e+00 1.94599998e+00 1.94900000e+00 1.98199999e+00
    2.00900006e+00 2.02900004e+00 2.01500010e+00 2. 2. 2. 2. 2. 2. 2. 2.
    2. 2. 2. 2. 2. 2. 2. 2. 2. 0. 0. 0. 2.11199999e+00 2.08699989e+00
    2.05399990e+00 2.05399990e+00 2.05399990e+00 2.05599999e+00
    2.00099993e+00 1.94799995e+00 1.94799995e+00 1.94700003e+00
    1.94599998e+00 1.94599998e+00 1.94599998e+00 1.94799995e+00
    1.94799995e+00 1.95099998e+00 1.98300004e+00 2. 2. 2. 2. 2. 2. 2. 2.
    2. 2. 2.00099993e+00 2.00200009e+00 2.00099993e+00 2. 2. 2. 2. 2. 2.
    2. 0. 0. 0. 2.07599998e+00 2.05200005e+00 2.01900005e+00
    2.01900005e+00 2.02900004e+00 2.05200005e+00 2.01799989e+00
    1.98199999e+00 1.98199999e+00 1.96899998e+00 1.94700003e+00
    1.94599998e+00 1.95299995e+00 1.97500002e+00 1.98199999e+00
    1.98300004e+00 1.99399996e+00 2. 2. 2. 2. 2. 2. 2. 2. 2. 2.
    2.01699996e+00 2.03399992e+00 2.01099992e+00 2. 2. 2. 2. 2. 2. 2. 0.
    0. 0. 2.04099989e+00 2.02300000e+00 2. 2. 2.01099992e+00
    2.03600001e+00 2.01200008e+00 1.98500001e+00 1.98500001e+00
    1.97599995e+00 1.96099997e+00 1.95200002e+00 1.95400000e+00
    1.97800004e+00 1.98500001e+00 1.98599994e+00 1.99500000e+00 2. 2. 2.
    2. 2. 2. 2. 2. 2. 2. 2.02600002e+00 2.05299997e+00 2.02800012e+00
    2.01099992e+00 2.00099993e+00 2. 2. 2. 2. 2. 0. 0. 0. 2.00600004e+00
    2.00300002e+00 2. 2. 2.00200009e+00 2.00500011e+00 1.97800004e+00
    1.95200002e+00 1.95200002e+00 1.96700001e+00 1.99300003e+00
    1.96599996e+00 1.94700003e+00 1.95099998e+00 1.95200002e+00
    1.95500004e+00 1.98399997e+00 2. 2. 2. 2. 2. 2. 2. 2. 2. 2.
    2.02600002e+00 2.05599999e+00 2.05200005e+00 2.03500009e+00
    2.00399995e+00 2. 2. 2. 2. 2. 0. 0. 0. 2. 2. 2. 2. 2. 2.
    1.97300005e+00 1.94599998e+00 1.94599998e+00 1.96500003e+00
    1.99899995e+00 1.96800005e+00 1.94599998e+00 1.94599998e+00
    1.94599998e+00 1.94900000e+00 1.98199999e+00 2. 2. 2. 2. 2.
    1.99000001e+00 1.97300005e+00 1.97300005e+00 1.97300005e+00
    1.97300005e+00 1.99800003e+00 2.02800012e+00 2.02800012e+00
    2.01900005e+00 2.00200009e+00 2. 2. 2. 2. 2. 0. 0. 0. 2. 2. 2. 2. 2.
    2. 1.97300005e+00 1.94599998e+00 1.94599998e+00 1.96300006e+00
    1.99199998e+00 1.96500003e+00 1.94599998e+00 1.94599998e+00
    1.94599998e+00 1.94900000e+00 1.98199999e+00 2. 2. 2. 2. 2.
    1.98000002e+00 1.94599998e+00 1.94599998e+00 1.94599998e+00
    1.94599998e+00 1.97099996e+00 2. 2. 2.00200009e+00 2.00600004e+00
    2.00300002e+00 1.99899995e+00 1.99500000e+00 1.99300003e+00
    1.99300003e+00 0. 0. 0. 2. 2. 2. 2. 2. 2. 1.97300005e+00
    1.94599998e+00 1.94599998e+00 1.95099998e+00 1.96000004e+00
    1.95200002e+00 1.94599998e+00 1.94599998e+00 1.94599998e+00
    1.94900000e+00 1.98199999e+00 2. 2. 2. 2. 2. 1.98000002e+00
    1.94599998e+00 1.94599998e+00 1.94599998e+00 1.94599998e+00
    1.97099996e+00 2. 2. 2.01300001e+00 2.03800011e+00 2.01900005e+00
    1.99399996e+00 1.96899998e+00 1.96000004e+00 1.96000004e+00 0. 0. 0.
    0. 1.10300004e+00 2. 2. 2. 2. 1.97300005e+00 1.94599998e+00
    1.94599998e+00 1.94599998e+00 1.94599998e+00 1.95700002e+00
    1.96500003e+00 1.96500003e+00 1.96500003e+00 1.96700001e+00
    1.98899996e+00 2. 2. 2. 2. 2. 1.98699999e+00 1.96599996e+00
    1.95400000e+00 1.94599998e+00 1.94599998e+00 1.25500000e+00 0.
    1.50699997e+00 1.51600003e+00 0. 1.30299997e+00 1.99100006e+00
    1.95799994e+00 1.72800004e+00 1.38999999e+00 0. 0. 0. 0. 0. 2. 2. 2.
    2. 1.97300005e+00 1.94599998e+00 1.94599998e+00 1.94599998e+00
    1.94599998e+00 1.97700000e+00 1.99899995e+00 1.99899995e+00
    1.99899995e+00 1.99899995e+00 2. 2. 2. 2. 2. 2. 1.99899995e+00
    1.99899995e+00 1.96700001e+00 1.94599998e+00 1.94599998e+00 0. 0. 0.
    0. 0. 0. 1.99100006e+00 1.95799994e+00 1.35200000e+00 0. 0. 0. 0. 0.
    0. 2.03200006e+00 2.01099992e+00 2. 2. 1.98899996e+00 1.97800004e+00
    1.97800004e+00 1.97800004e+00 1.97800004e+00 2.01099992e+00
    2.02600002e+00 2.00600004e+00 2. 2. 2. 2. 2. 2. 2. 2. 2. 2.
    1.98699999e+00 1.39699996e+00 0. 0. 0. 0. 0. 0. 0. 0. 0. 0. 0. 0. 0.
    0. 0. 0. 2.05399990e+00 2.01900005e+00 2. 2. 2. 2. 2. 2. 2.
    2.03299999e+00 2.04399991e+00 2.00999999e+00 2. 2. 2. 2. 2. 2. 2. 2.
    2. 2. 2. 1.01800001e+00 0. 0. 0. 0. 0. 0. 0. 0. 0. 0. 0. 0. 0. 0. 0.
    0. 0. 0. 0. 0. 0. 0. 0. 0. 0. 0. 0. 0. 0. 0. 0. 0. 0. 0. 0. 0. 0. 0.
    0. 0. 0. 0. 0. 0. 0. 0. 0. 0. 0. 0. 0. 0. 0. 0. 0. 0. 0. 0. 0. 0. 0.
    0. 0. 0. 0. 0. 0. 0. 0. 0. 0. 0. 0. 0. 0. 0. 0. 0. 0. 0. 0. 0. 0. 0.
    0. 0. 0. 0. 0. 0. 0. 0. 0. 0. 0. 0. 0. 0. 0. 0. 0. 0. 0. 0. 0. 0. 0.
    0. 0. 0. 0. 0. 0. 0. 0. 0. 0. 0. 0. 0. 0. 0. 0. 0. 0. 0. 0. 0. 0. 0.
    0. 0. 0. 0. 0. 0. 0. 0. 0. 0. 0. 0. 0. 0. 0. 0. 0. 0. 0. 0. 0. 0. 0.
    0. 0. 0. 0. 0. 0. 0. 0. 0. 0. 0. 0. 0. 0. 0. 0. 0. 0. 0. 0. 0. 0. 0.
    0. 0. 0. 0. 0. 0. 0. 0. 0. 0. 0. 0. 0. 0. 0. 0. 0. 0. 0. 0. 0. 0. 0.
    0. 0. 0. 0. 0. 0. 0. 0. 0. 0. 0. 0. 0. 0. 0. 0. 0. 0. 0. 0. 0. 0. 0.
    0. 0. 0. 0. 0. 0. 0. 0. 0. 0. 0. 0. 0. 0. 0. 0. 0. 0. 0. 0. 0. 0. 0.
    0. 0. 0. 0. 0. 0. 0. 0. 0. 0. 0. 0. 0. 0. 0. 0. 0. 0. 0. 0. 0. 0. 0.
    0. 0. 0. 0. 0. 0. 0. 0. 0. 0. 0. 0. 0. 0. 0. 0. 0. 0. 0. 0. 0. 0. 0.
    0. 0. 0. 0. 0. 0. 0. 0. 0. 0. 0. 0. 0. 0. 0. 0. 0. 0. 0. 0. 0. 0. 0.
    0. 0. 0. 0. 0. 0. 0. 0. 0. 0. 0. 0. 0. 0. 0. 0. 0. 0. 0. 0. 0. 0. 0.
    0. 0. 0. 0. 0. 0. 0. 0. 0. 0. 0. 0. 0. 0. 0. 0. 0. 0. 0. 0. 0. 0. 0.
    0. 0. 0. 0. 0. 0. 0. 0. 0. 0. 0. 0. 0. 0. 0. 0. 0. 0. 0. 0. 0. 0. 0.
    0. 0. 0. 0. 0. 0. 0. 0. 0. 0. 0. 0. 0. 0. 0. 0. 0. 0. 0. 0. 0. 0. 0.
    0. 0. 0. 0. 0. 0. 0. 0. 0. 0. 0. 0. 0. 0. 0. 0. 0. 0. 0. 0. 0. 0. 0.
    0. 0. 0. 0. 0. 0. 0. 0. 0. 0. 0. 0. 0. 0. 0. 0. 0. 0. 0. 0. 0. 0. 0.
