<?xml version="1.0"?>
<opencv_storage>
<Depth type_id="opencv-matrix">
  <rows>40</rows>
  <cols>40</cols>
  <dt>f</dt>
  <data>
    0. 0. 0. 0. 0. 0. 0. 0. 0. 0. 0. 0. 0. 0. 0. 0. 0. 0. 0. 0. 0. 0. 0.
    0. 0. 0. 0. 0. 0. 0. 0. 0. 0. 0. 0. 0. 0. 0. 0. 0. 0. 0. 0. 0. 0. 0.
    0. 0. 0. 0. 0. 0. 0. 0. 0. 0. 0. 0. 0. 0. 0. 0. 0. 0. 0. 0. 0. 0. 0.
    0. 0. 0. 0. 0. 0. 0. 0. 0. 0. 0. 0. 0. 0. 0. 0. 0. 0. 0. 0. 0. 0. 0.
    0. 0. 0. 0. 0. 0. 0. 0. 0. 0. 0. 0. 0. 0. 0. 0. 0. 0. 0. 0. 0. 0. 0.
    0. 0. 0. 0. 0. 0. 0. 0. 0. 0. 0. 0. 0. 0. 0. 0. 0. 0. 0. 0. 0. 0. 0.
    0. 0. 0. 0. 0. 0. 0. 0. 0. 0. 0. 0. 0. 0. 0. 0. 0. 0. 0. 0. 0. 0. 0.
    0. 0. 0. 0. 0. 0. 0. 0. 0. 0. 0. 0. 0. 0. 0. 0. 0. 0. 0. 0. 0. 0. 0.
    0. 0. 0. 0. 0. 0. 0. 0. 0. 0. 0. 0. 0. 0. 0. 0. 0. 0. 0. 0. 0. 0. 0.
    0. 0. 0. 0. 0. 0. 0. 0. 0. 0. 0. 0. 0. 0. 0. 0. 0. 0. 0. 0. 0. 0. 0.
    0. 0. 0. 0. 0. 0. 0. 0. 0. 0. 0. 0. 0. 0. 0. 0. 0. 0. 0. 0. 0. 0. 0.
    0. 0. 0. 0. 0. 0. 0. 0. 0. 0. 0. 0. 0. 0. 0. 0. 0. 0. 0. 0. 0. 0. 0.
    0. 0. 0. 0. 0. 0. 0. 0. 0. 0. 0. 0. 0. 0. 0. 0. 0. 0. 0. 0. 0. 0. 0.
    0. 0. 0. 0. 0. 0. 0. 0. 0. 0. 0. 0. 0. 0. 0. 0. 0. 0. 0. 0. 0. 0. 0.
    0. 0. 0. 0. 0. 0. 0. 0. 0. 0. 0. 0. 0. 0. 0. 0. 0. 0. 0. 0. 0. 0. 0.
    0. 0. 0. 0. 0. 0. 0. 0. 0. 0. 0. 0. 0. 0. 0. 0. 0. 0. 0. 0. 0. 0. 0.
    0. 0. 0. 0. 0. 0. 0. 0. 0. 0. 0. 0. 0. 0. 0. 0. 0. 0. 0. 0. 0. 0. 0.
    0. 0. 0. 0. 0. 0. 0. 0. 0. 0. 0. 0. 0. 0. 0. 0. 0. 0. 0. 0. 0. 0. 0.
    0. 0. 0. 0. 0. 0. 0. 0. 0. 0. 0. 0. 0. 0. 0. 0. 0. 0. 0. 0. 0. 0. 0.
    0. 0. 0. 0. 0. 0. 0. 0. 0. 0. 0. 0. 0. 0. 0. 0. 0. 0. 0. 0. 0. 0. 0.
    0. 0. 0. 0. 0. 0. 0. 0. 0. 0. 0. 0. 0. 0. 0. 0. 0. 0. 0. 0.
    2.13700008e+00 2.13700008e+00 2.13700008e+00 2.13700008e+00
    2.13700008e+00 2.11800003e+00 2.07900000e+00 2.06800008e+00
    2.06800008e+00 2.06800008e+00 2.06800008e+00 2.06800008e+00
    2.06800008e+00 2.06800008e+00 2.06800008e+00 2.06800008e+00
    2.34899998e+00 2.67700005e+00 2.36800003e+00 2.13700008e+00
    2.13700008e+00 2.11899996e+00 2.07999992e+00 2.06800008e+00
    2.06800008e+00 2.06800008e+00 2.06800008e+00 2.06800008e+00
    2.06800008e+00 2.06800008e+00 2.06800008e+00 2.06800008e+00
    2.30399990e+00 2.59999990e+00 2.59999990e+00 2.59999990e+00
    2.59999990e+00 2.59999990e+00 2.59999990e+00 2.59999990e+00
    2.12599993e+00 2.11299992e+00 2.11299992e+00 2.11299992e+00
    2.11299992e+00 2.10100007e+00 2.07500005e+00 2.06800008e+00
    2.06800008e+00 2.06800008e+00 2.06800008e+00 2.06800008e+00
    2.06800008e+00 2.06800008e+00 2.05999994e+00 2.04699993e+00
    2.23000002e+00 2.44499993e+00 2.24200010e+00 2.09299994e+00
    2.10599995e+00 2.09500003e+00 2.05699992e+00 2.04500008e+00
    2.04500008e+00 2.04500008e+00 2.04500008e+00 2.04500008e+00
    2.03999996e+00 2.02800012e+00 2.02200007e+00 2.02200007e+00
    2.16799998e+00 2.34999990e+00 2.34999990e+00 2.35599995e+00
    2.38100004e+00 2.39400005e+00 2.39400005e+00 2.39400005e+00
    2.10800004e+00 2.07500005e+00 2.07500005e+00 2.07500005e+00
    2.07500005e+00 2.07299995e+00 2.06900001e+00 2.06800008e+00
    2.06800008e+00 2.06800008e+00 2.06800008e+00 2.06800008e+00
    2.06800008e+00 2.06800008e+00 2.04800010e+00 2.01300001e+00
    2.03299999e+00 2.06500006e+00 2.03500009e+00 2.02200007e+00
    2.05599999e+00 2.05699992e+00 2.01799989e+00 2.00600004e+00
    2.00600004e+00 2.00600004e+00 2.00600004e+00 2.00600004e+00
    1.99500000e+00 1.96099997e+00 1.94700003e+00 1.94700003e+00
    1.94400001e+00 1.94099998e+00 1.94099998e+00 1.95599997e+00
    2.02099991e+00 2.05699992e+00 2.05699992e+00 2.05699992e+00
    2.10500002e+00 2.06800008e+00 2.06800008e+00 2.06800008e+00
    2.06800008e+00 2.06800008e+00 2.06800008e+00 2.06800008e+00
    2.06800008e+00 2.06800008e+00 2.06800008e+00 2.06800008e+00
    2.06800008e+00 2.06800008e+00 2.04500008e+00 2.00699997e+00 2. 2. 2.
    2.00500011e+00 2.02500010e+00 2.02699995e+00 2.00600004e+00
    1.98800004e+00 1.97099996e+00 1.96899998e+00 1.96899998e+00
    1.96899998e+00 1.96200001e+00 1.94299996e+00 1.93400002e+00
    1.93400002e+00 1.90600002e+00 1.87100005e+00 1.87100005e+00
    1.88399994e+00 1.93900001e+00 1.95400000e+00 1.92100000e+00
    1.90999997e+00 2.10599995e+00 2.06999993e+00 2.06999993e+00
    2.06999993e+00 2.06900001e+00 2.06800008e+00 2.06800008e+00
    2.06800008e+00 2.06800008e+00 2.06800008e+00 2.06800008e+00
    2.06800008e+00 2.06800008e+00 2.06800008e+00 2.04600000e+00
    2.00900006e+00 2.00099993e+00 2. 2. 2. 2. 2. 1.99800003e+00
    1.97300005e+00 1.93700004e+00 1.93400002e+00 1.93400002e+00
    1.93400002e+00 1.93400002e+00 1.93400002e+00 1.93400002e+00
    1.93400002e+00 1.90699995e+00 1.87300003e+00 1.87300003e+00
    1.88000000e+00 1.91400003e+00 1.90100002e+00 1.83099997e+00
    1.80799997e+00 2.12400007e+00 2.10899997e+00 2.10899997e+00
    2.10299993e+00 2.07999992e+00 2.06800008e+00 2.06800008e+00
    2.06800008e+00 2.06800008e+00 2.06800008e+00 2.06800008e+00
    2.06800008e+00 2.06800008e+00 2.06800008e+00 2.05900002e+00
    2.04299998e+00 2.02200007e+00 2. 2. 2. 2. 1.99000001e+00
    1.96800005e+00 1.95099998e+00 1.93499994e+00 1.93400002e+00
    1.93400002e+00 1.93400002e+00 1.93400002e+00 1.93400002e+00
    1.93400002e+00 1.93400002e+00 1.92299998e+00 1.90799999e+00
    1.90799999e+00 1.90699995e+00 1.89999998e+00 1.87399995e+00
    1.82400000e+00 1.80799997e+00 2.14299989e+00 2.13700008e+00
    2.13100004e+00 2.11800003e+00 2.08500004e+00 2.06500006e+00
    2.05900002e+00 2.05800009e+00 2.05800009e+00 2.05800009e+00
    2.05800009e+00 2.05800009e+00 2.05999994e+00 2.06599998e+00
    2.06800008e+00 2.06800008e+00 2.03699994e+00 2. 2. 2. 2.
    1.98300004e+00 1.94599998e+00 1.93400002e+00 1.93400002e+00
    1.93400002e+00 1.93400002e+00 1.93400002e+00 1.93400002e+00
    1.93400002e+00 1.93400002e+00 1.93400002e+00 1.93400002e+00
    1.93400002e+00 1.93400002e+00 1.92600000e+00 1.88999999e+00
    1.85500002e+00 1.82000005e+00 1.80799997e+00 2.16400003e+00
    2.13599992e+00 2.10800004e+00 2.08500004e+00 2.07399988e+00
    2.05500007e+00 2.02699995e+00 2.01900005e+00 2.01900005e+00
    2.01900005e+00 2.01900005e+00 2.01900005e+00 2.02999997e+00
    2.05699992e+00 2.06800008e+00 2.06800008e+00 2.03699994e+00 2. 2. 2.
    2. 1.98300004e+00 1.94599998e+00 1.93400002e+00 1.93400002e+00
    1.93400002e+00 1.93400002e+00 1.93400002e+00 1.93400002e+00
    1.93400002e+00 1.93400002e+00 1.93400002e+00 1.93400002e+00
    1.93400002e+00 1.93400002e+00 1.92600000e+00 1.88999999e+00
    1.85500002e+00 1.82000005e+00 1.80799997e+00 2.17499995e+00
    2.13499999e+00 2.09599996e+00 2.06800008e+00 2.06800008e+00
    2.04900002e+00 2.01099992e+00 2. 2. 2. 2. 2. 2.01399994e+00
    2.05200005e+00 2.06800008e+00 2.06800008e+00 2.03699994e+00 2. 2. 2.
    2. 1.98300004e+00 1.94599998e+00 1.93400002e+00 1.93400002e+00
    1.93400002e+00 1.93400002e+00 1.93400002e+00 1.93400002e+00
    1.93400002e+00 1.93400002e+00 1.93400002e+00 1.93400002e+00
    1.93400002e+00 1.92400002e+00 1.90900004e+00 1.87300003e+00
    1.84200001e+00 1.81599998e+00 1.80799997e+00 2.17499995e+00
    2.13499999e+00 2.09599996e+00 2.06800008e+00 2.06800008e+00
    2.04900002e+00 2.01099992e+00 2. 2. 2. 2. 2. 2.01399994e+00
    2.05200005e+00 2.06800008e+00 2.06800008e+00 2.03699994e+00 2. 2. 2.
    2. 1.98300004e+00 1.94599998e+00 1.93400002e+00 1.93400002e+00
    1.93400002e+00 1.93400002e+00 1.93400002e+00 1.93400002e+00
    1.93400002e+00 1.93400002e+00 1.93400002e+00 1.93400002e+00
    1.93400002e+00 1.90400004e+00 1.87300003e+00 1.83800006e+00
    1.81599998e+00 1.80999994e+00 1.80799997e+00 2.17499995e+00
    2.13499999e+00 2.09599996e+00 2.06399989e+00 2.04900002e+00
    2.02999997e+00 2.00699997e+00 2. 2. 1.98599994e+00 1.97399998e+00
    1.97399998e+00 1.99300003e+00 2.04600000e+00 2.06800008e+00
    2.06800008e+00 2.04900002e+00 2.02699995e+00 2.02699995e+00
    2.02300000e+00 2.00799990e+00 1.99000001e+00 1.96700001e+00
    1.95000005e+00 1.93499994e+00 1.93400002e+00 1.93400002e+00
