<?xml version="1.0"?>
<opencv_storage>
<Depth type_id="opencv-matrix">
  <rows>40</rows>
  <cols>40</cols>
  <dt>f</dt>
  <data>
    0. 0. 0. 0. 0. 0. 0. 0. 0. 0. 0. 0. 0. 0. 0. 0. 0. 0. 0. 0. 0. 0. 0.
    0. 0. 0. 0. 0. 0. 0. 0. 0. 0. 0. 0. 0. 0. 0. 0. 0. 0. 0. 0. 0. 0. 0.
    0. 0. 0. 0. 0. 0. 0. 0. 0. 0. 0. 0. 0. 0. 0. 0. 0. 0. 0. 0. 0. 0. 0.
    0. 0. 0. 0. 0. 0. 0. 0. 0. 0. 0. 0. 0. 0. 0. 0. 0. 0. 0. 0. 0. 0. 0.
    0. 0. 0. 0. 0. 0. 0. 0. 0. 0. 0. 0. 0. 0. 0. 0. 0. 0. 0. 0. 0. 0. 0.
    0. 0. 0. 0. 0. 0. 0. 0. 0. 0. 0. 0. 0. 0. 0. 0. 0. 0. 0. 0. 0. 0. 0.
    0. 0. 0. 0. 0. 0. 0. 0. 0. 0. 0. 0. 0. 0. 0. 0. 0. 0. 0. 0. 0. 0. 0.
    0. 0. 0. 0. 0. 0. 0. 0. 0. 0. 0. 0. 0. 0. 0. 0. 0. 0. 0. 0. 0. 0. 0.
    0. 0. 0. 0. 0. 0. 0. 0. 0. 0. 0. 0. 0. 0. 0. 0. 0. 0. 0. 0. 0. 0. 0.
    0. 0. 0. 0. 0. 0. 0. 0. 0. 0. 0. 0. 0. 0. 0. 0. 0. 0. 0. 0. 0. 0. 0.
    0. 0. 0. 0. 0. 0. 0. 0. 0. 0. 0. 0. 0. 0. 0. 0. 0. 0. 0. 0. 0. 0. 0.
    0. 0. 0. 0. 0. 0. 0. 0. 0. 0. 0. 0. 0. 0. 0. 0. 0. 0. 0. 0. 0. 0. 0.
    0. 0. 0. 0. 2. 2. 2. 2. 2. 2. 2. 1.97099996e+00 1.92400002e+00
    1.89499998e+00 1.89499998e+00 1.89999998e+00 1.94700003e+00
    1.99399996e+00 2. 2. 2. 2. 2.01699996e+00 2.06500006e+00
    2.10800004e+00 2.10800004e+00 2.10800004e+00 2.10800004e+00
    2.10800004e+00 2.07900000e+00 2.03099990e+00 1.98300004e+00
    1.93700004e+00 1.89499998e+00 1.89499998e+00 1.89499998e+00
    1.93499994e+00 1.98199999e+00 2. 2. 2. 2. 1.72599995e+00 0. 2. 2. 2.
    2. 2. 2. 2. 1.97099996e+00 1.92400002e+00 1.89499998e+00
    1.89499998e+00 1.89999998e+00 1.94700003e+00 1.99399996e+00 2. 2. 2.
    2. 2.01500010e+00 2.05500007e+00 2.09100008e+00 2.09899998e+00
    2.10700011e+00 2.10800004e+00 2.10800004e+00 2.07900000e+00
    2.03099990e+00 1.98300004e+00 1.93700004e+00 1.89499998e+00
    1.89499998e+00 1.89499998e+00 1.92799997e+00 1.96700001e+00
    1.98699999e+00 1.99500000e+00 2. 2. 1.77199996e+00 0. 2. 2. 2. 2. 2.
    2. 2. 1.97099996e+00 1.92400002e+00 1.89499998e+00 1.89499998e+00
    1.89999998e+00 1.94700003e+00 1.99399996e+00 2. 2. 2. 2.
    2.00699997e+00 2.02500010e+00 2.04500008e+00 2.07500005e+00
    2.10400009e+00 2.10800004e+00 2.10800004e+00 2.07900000e+00
    2.03099990e+00 1.98300004e+00 1.93700004e+00 1.89499998e+00
    1.89499998e+00 1.89499998e+00 1.91100001e+00 1.92900002e+00
    1.95299995e+00 1.98199999e+00 2. 2. 1.89600003e+00 0. 1.99399996e+00
    1.99399996e+00 1.99500000e+00 1.99699998e+00 2. 2. 2. 1.97300005e+00
    1.92900002e+00 1.90100002e+00 1.90100002e+00 1.90600002e+00
    1.95000005e+00 1.99399996e+00 2. 2. 2. 2. 2. 2. 2.00500011e+00
    2.04999995e+00 2.09599996e+00 2.10200000e+00 2.10200000e+00
    2.07399988e+00 2.02900004e+00 1.98399997e+00 1.94000006e+00
    1.89999998e+00 1.89800000e+00 1.89499998e+00 1.89499998e+00
    1.89499998e+00 1.92299998e+00 1.97000003e+00 2. 2. 2.00500011e+00
    2.04999995e+00 1.94799995e+00 1.94799995e+00 1.95000005e+00
    1.97399998e+00 1.99699998e+00 2. 2. 1.98500001e+00 1.96200001e+00
    1.94700003e+00 1.94700003e+00 1.95000005e+00 1.97399998e+00
    1.99699998e+00 2. 2. 2. 2. 2. 2. 2.00300002e+00 2.02699995e+00
    2.05100012e+00 2.05399990e+00 2.05399990e+00 2.03900003e+00
    2.01500010e+00 1.99199998e+00 1.96800005e+00 1.94500005e+00
    1.92200005e+00 1.89800000e+00 1.89499998e+00 1.89499998e+00
    1.92299998e+00 1.97000003e+00 2. 2. 2.00200009e+00 2.02600002e+00
    1.90100002e+00 1.90100002e+00 1.90600002e+00 1.95000005e+00
    1.99399996e+00 2. 2. 1.99800003e+00 1.99600005e+00 1.99399996e+00
    1.99399996e+00 1.99399996e+00 1.99699998e+00 2. 2. 2. 2. 2. 2. 2. 2.
    2.00300002e+00 2.00600004e+00 2.00600004e+00 2.00600004e+00
    2.00399995e+00 2.00200009e+00 1.99899995e+00 1.99600005e+00
    1.98899996e+00 1.94500005e+00 1.90100002e+00 1.89499998e+00
    1.89499998e+00 1.92299998e+00 1.97000003e+00 2. 2. 2. 2.00300002e+00
    1.89499998e+00 1.89499998e+00 1.90100002e+00 1.94700003e+00
    1.99399996e+00 2. 2. 2. 2. 2. 2. 2. 2. 2. 2. 2. 2. 2. 2. 2. 2. 2. 2.
    2. 2. 2. 2. 2. 2. 1.99699998e+00 1.96800005e+00 1.94000006e+00
    1.93599999e+00 1.93599999e+00 1.95299995e+00 1.98199999e+00 2. 2. 2.
    2. 1.89499998e+00 1.89499998e+00 1.90100002e+00 1.94700003e+00
    1.99399996e+00 2. 2. 2. 2. 2. 2. 2. 2. 2. 2. 2. 2. 2. 2. 2. 2. 2. 2.
    2. 2. 2. 2. 2. 2. 1.99899995e+00 1.99100006e+00 1.98300004e+00
    1.98199999e+00 1.98199999e+00 1.98699999e+00 1.99500000e+00 2. 2. 2.
    2. 1.89499998e+00 1.89499998e+00 1.90100002e+00 1.94700003e+00
    1.99399996e+00 2. 2. 2. 2. 2. 2. 2. 2. 2. 2. 2. 2. 2. 2. 2. 2. 2. 2.
    2. 2. 2. 2. 2. 2. 2. 2. 2. 2. 2. 2. 2. 2. 2. 2.00099993e+00
    2.01500010e+00 1.89499998e+00 1.89499998e+00 1.90100002e+00
    1.94700003e+00 1.99399996e+00 2. 2. 2. 2. 2. 2. 2. 2. 2. 2. 2. 2. 2.
    2. 2. 2. 2. 2. 2. 2. 2. 2. 2. 2. 2. 2. 2. 2. 2. 2. 2. 2. 2.
    2.00399995e+00 2.03800011e+00 1.91199994e+00 1.91199994e+00
    1.91700006e+00 1.95599997e+00 1.99500000e+00 2. 2. 2. 2.
    1.99699998e+00 1.99000001e+00 1.98300004e+00 1.98300004e+00
    1.98300004e+00 1.98899996e+00 1.99699998e+00 2. 2. 2. 2. 2. 2. 2. 2.
    2. 2. 2. 2. 2. 2. 2. 2. 2. 2. 2. 2. 2. 2. 2.00500011e+00
    2.05299997e+00 1.95899999e+00 1.95899999e+00 1.96099997e+00
    1.97899997e+00 1.99800003e+00 2. 2. 2. 2. 1.99000001e+00
    1.96099997e+00 1.93599999e+00 1.93599999e+00 1.93599999e+00
    1.96099997e+00 1.98899996e+00 2. 2. 2. 2. 2. 2. 2. 2. 2. 2. 2. 2. 2.
    2. 2. 2. 2. 2. 2. 2. 2. 2. 2.00500011e+00 2.05299997e+00 2. 2. 2. 2.
    2. 2. 2. 2. 2. 1.98300004e+00 1.93599999e+00 1.89499998e+00
    1.89499998e+00 1.89499998e+00 1.93499994e+00 1.98199999e+00 2. 2. 2.
    2. 2. 2. 2. 2. 2. 2. 2. 2. 2. 2. 2. 2. 2. 2. 2. 2. 2. 2.
    2.00500011e+00 2.05299997e+00 2. 2. 2. 2. 2. 2. 2. 2. 2.
    1.98300004e+00 1.93599999e+00 1.89499998e+00 1.89499998e+00
    1.89499998e+00 1.93499994e+00 1.98199999e+00 2. 2. 2. 2. 2. 2. 2. 2.
    2. 2. 2. 2. 2. 2. 2. 2. 2. 2. 2. 2. 2. 2. 2.00500011e+00
    2.05299997e+00 2. 2. 2. 2. 2. 2. 2. 2. 2. 1.98300004e+00
    1.93599999e+00 1.89499998e+00 1.89499998e+00 1.89499998e+00
    1.93499994e+00 1.98199999e+00 2. 2. 2. 2. 2. 2. 2. 2. 2. 2. 2. 2. 2.
    2. 2. 2. 2. 2. 2. 2. 2. 2. 2.00500011e+00 2.05299997e+00 2. 2. 2. 2.
    2. 2. 2. 2. 2. 1.98899996e+00 1.96099997e+00 1.93499994e+00
    1.93499994e+00 1.93499994e+00 1.96000004e+00 1.98899996e+00 2. 2. 2.
    2. 2. 2. 2. 2. 2. 2. 2. 2. 2. 2. 2. 2. 1.98500001e+00 1.96700001e+00
    1.96000004e+00 1.96000004e+00 1.96599996e+00 1.98399997e+00
    2.01300001e+00 2.14299989e+00 2. 2. 2. 2. 2. 2. 2. 2. 2.
    1.99699998e+00 1.98899996e+00 1.98199999e+00 1.98199999e+00
    1.98199999e+00 1.98899996e+00 1.99699998e+00 2. 2. 2. 2. 2. 2. 2. 2.
    2. 2. 2. 2. 2. 2. 2. 2. 1.96700001e+00 1.92799997e+00 1.91299999e+00
    1.91299999e+00 1.92700005e+00 1.96500003e+00 2.02300000e+00
    2.24600005e+00 2.02999997e+00 2.02999997e+00 2.02999997e+00
    2.02999997e+00 2.02999997e+00 2.01799989e+00 2.00500011e+00 2. 2. 2.
    2. 2. 2. 2. 1.98899996e+00 1.97599995e+00 1.97099996e+00
    1.97099996e+00 1.97599995e+00 1.98899996e+00 2. 2. 2. 2. 2. 2. 2. 2.
    2. 2. 2. 2. 1.96000004e+00 1.91299999e+00 1.88800001e+00
    1.87500000e+00 1.87899995e+00 1.91299999e+00 1.98000002e+00
    2.33200002e+00 2.07699990e+00 2.07699990e+00 2.07699990e+00
    2.07699990e+00 2.07699990e+00 2.04699993e+00 2.01300001e+00 2. 2. 2.
    2. 2. 2. 2. 1.97099996e+00 1.93799996e+00 1.92499995e+00
    1.92499995e+00 1.93700004e+00 1.97000003e+00 2. 2. 2. 2. 2. 2. 2. 2.
    2. 2. 2. 2. 1.96000004e+00 1.91299999e+00 1.87600005e+00
    1.84300005e+00 1.82700002e+00 1.84000003e+00 1.90400004e+00
    2.40599990e+00 2.17499995e+00 2.20300007e+00 2.22600007e+00
    2.20700002e+00 2.18700004e+00 2.12700009e+00 2.06100011e+00
    2.03600001e+00 2.03600001e+00 2.03299999e+00 2.02500010e+00
    2.01500010e+00 1.99199998e+00 1.97000003e+00 1.93299997e+00
    1.89400005e+00 1.88300002e+00 1.88999999e+00 1.90900004e+00
    1.94799995e+00 1.98300004e+00 1.98300004e+00 1.98300004e+00
