<?xml version="1.0"?>
<opencv_storage>
<Depth type_id="opencv-matrix">
  <rows>40</rows>
  <cols>40</cols>
  <dt>f</dt>
  <data>
    0. 0. 0. 0. 0. 0. 0. 0. 0. 0. 0. 0. 0. 0. 0. 0. 0. 0. 0. 0. 0. 0. 0.
    0. 0. 0. 0. 0. 0. 0. 0. 0. 0. 0. 0. 0. 0. 0. 0. 0. 0. 0. 0. 0. 0. 0.
    0. 0. 0. 0. 0. 0. 0. 0. 0. 0. 0. 0. 0. 0. 0. 0. 0. 0. 0. 0. 0. 0. 0.
    0. 0. 0. 0. 0. 0. 0. 0. 0. 0. 0. 0. 0. 0. 0. 0. 0. 0. 0. 0. 0. 0. 0.
    0. 0. 0. 0. 0. 0. 0. 0. 0. 0. 0. 0. 0. 0. 0. 0. 0. 0. 0. 0. 0. 0. 0.
    0. 0. 0. 0. 0. 0. 0. 0. 0. 0. 0. 0. 0. 0. 0. 0. 0. 0. 0. 0. 0. 0. 0.
    0. 0. 0. 0. 0. 0. 0. 0. 0. 0. 0. 0. 0. 0. 0. 0. 0. 0. 0. 0. 0. 0. 0.
    0. 0. 0. 0. 0. 0. 0. 0. 0. 0. 0. 0. 0. 0. 0. 2.07200003e+00
    2.06399989e+00 2.05999994e+00 2.05999994e+00 0. 0. 2.68199992e+00
    2.69899988e+00 2.70400000e+00 2.70700002e+00 2.70700002e+00
    2.84200001e+00 0. 0. 0. 0. 0. 0. 0. 0. 0. 0. 0. 0. 0. 0. 0. 0. 0. 0.
    0. 0. 0. 0. 0. 0. 0. 0. 0. 2.05599999e+00 2.05599999e+00
    2.05599999e+00 2.04800010e+00 2.04299998e+00 2.04299998e+00
    2.11800003e+00 2.66400003e+00 2.68000007e+00 2.68700004e+00
    2.70700002e+00 2.70700002e+00 2.70799994e+00 2.72300005e+00 0. 0. 0.
    0. 0. 0. 0. 0. 0. 0. 0. 0. 0. 0. 0. 0. 0. 0. 0. 0. 0. 2.25999999e+00
    2.06200004e+00 2.05500007e+00 2.05299997e+00 2.05200005e+00
    2.04800010e+00 2.03900003e+00 2.03900003e+00 2.03900003e+00
    2.03699994e+00 2.02900004e+00 2.10500002e+00 2.68099999e+00
    2.68400002e+00 2.68700004e+00 2.69899988e+00 2.68899989e+00
    2.68899989e+00 2.68899989e+00 2.70499992e+00 2.71799994e+00 0. 0. 0.
    0. 0. 0. 0. 0. 0. 0. 0. 0. 0. 0. 0. 0. 0. 2.42400002e+00
    2.09400010e+00 2.06599998e+00 2.04900002e+00 2.04699993e+00
    2.04200006e+00 2.03699994e+00 2.03500009e+00 2.02399993e+00
    2.02399993e+00 2.02600002e+00 2.03699994e+00 2.02699995e+00
    2.02399993e+00 2.32200003e+00 2.68000007e+00 2.67899990e+00
    2.68199992e+00 2.66799998e+00 2.66400003e+00 2.67199993e+00
    2.66799998e+00 2.66199994e+00 0. 0. 0. 0. 0. 0. 0. 0. 0. 0. 0. 0. 0.
    0. 0. 0. 2.21099997e+00 2.18099999e+00 2.08299994e+00 2.05599999e+00
    2.03900003e+00 2.03699994e+00 2.03699994e+00 2.03699994e+00
    2.03500009e+00 2.02399993e+00 2.02399993e+00 2.02500010e+00
    2.03399992e+00 2.03200006e+00 2.02399993e+00 2.18000007e+00
    2.57599998e+00 2.63599992e+00 2.65400004e+00 2.65400004e+00
    2.65400004e+00 2.65400004e+00 2.65400004e+00 2.63299990e+00
    2.99399996e+00 0. 0. 0. 0. 0. 0. 0. 0. 0. 0. 0. 0. 0. 0.
    2.21199989e+00 2.18400002e+00 2.12299991e+00 2.09400010e+00
    2.06100011e+00 2.03900003e+00 2.02600002e+00 2.03099990e+00
    2.03699994e+00 2.03500009e+00 2.02399993e+00 2.02399993e+00
    2.02399993e+00 2.02999997e+00 2.03699994e+00 2.03299999e+00
    2.02500010e+00 2.47900009e+00 2.60800004e+00 2.62700009e+00
    2.62700009e+00 2.64299989e+00 2.64299989e+00 2.64299989e+00
    2.62299991e+00 2.63100004e+00 2.87599993e+00 2.94199991e+00 0. 0. 0.
    0. 0. 0. 0. 0. 0. 0. 0. 0. 2.21000004e+00 2.18099999e+00
    2.12199998e+00 2.09599996e+00 2.06399989e+00 2.04099989e+00
    2.02600002e+00 2.02500010e+00 2.02399993e+00 2.02399993e+00
    2.02399993e+00 2.02399993e+00 2.02399993e+00 2.02399993e+00
    2.02399993e+00 2.02399993e+00 2.02399993e+00 2.02399993e+00
    2.51099992e+00 2.58999991e+00 2.61500001e+00 2.62500000e+00
    2.64299989e+00 2.62800002e+00 2.62299991e+00 2.62299991e+00
    2.62299991e+00 2.61999989e+00 0. 0. 0. 0. 0. 0. 0. 0. 0. 0. 0. 0.
    2.20199990e+00 2.17899990e+00 2.13800001e+00 2.10400009e+00
    2.08100009e+00 2.05200005e+00 2.03600001e+00 2.02800012e+00
    2.02399993e+00 2.02399993e+00 2.02399993e+00 2.02399993e+00
    2.01799989e+00 2.02099991e+00 2.02399993e+00 2.02300000e+00
    2.01799989e+00 2.02300000e+00 2.06399989e+00 2.43600011e+00
    2.58100009e+00 2.61500001e+00 2.63299990e+00 2.62500000e+00
    2.62299991e+00 2.62299991e+00 2.62299991e+00 2.60200000e+00 0. 0. 0.
    0. 0. 0. 0. 0. 0. 0. 0. 0. 2.19600010e+00 2.18799996e+00
    2.15599990e+00 2.12100005e+00 2.08699989e+00 2.05399990e+00
    2.03500009e+00 2.02399993e+00 2.02399993e+00 2.01399994e+00
    2.01399994e+00 2.01399994e+00 2.01200008e+00 2.01300001e+00
    2.01399994e+00 2.02300000e+00 2.01200008e+00 2.02099991e+00
    2.02500010e+00 2.26500010e+00 2.56299996e+00 2.58999991e+00
    2.62299991e+00 2.62299991e+00 2.62299991e+00 2.62299991e+00
    2.62299991e+00 2.60200000e+00 0. 0. 0. 0. 0. 0. 0. 0. 0. 0. 0. 0.
    2.77600002e+00 2.20300007e+00 2.17300010e+00 2.13800001e+00
    2.10100007e+00 2.06699991e+00 2.04699993e+00 2.03299999e+00
    2.02399993e+00 2.01300001e+00 2.01200008e+00 2.01099992e+00
    2.00999999e+00 2.01099992e+00 2.01200008e+00 2.02200007e+00
    2.02200007e+00 2.02200007e+00 2.01200008e+00 2.01200008e+00
    2.44000006e+00 2.58599997e+00 2.62299991e+00 2.62299991e+00
    2.60200000e+00 2.60200000e+00 2.60200000e+00 2.62299991e+00 0. 0. 0.
    0. 0. 0. 0. 0. 0. 0. 0. 0. 2.74900007e+00 2.20600009e+00
    2.18499994e+00 2.15599990e+00 2.11400008e+00 2.06800008e+00
    2.05399990e+00 2.04299998e+00 2.02600002e+00 2.02200007e+00
    2.01200008e+00 2.00200009e+00 2. 2.00600004e+00 2.01200008e+00
    2.01200008e+00 2.01200008e+00 2.01200008e+00 2.01099992e+00
    2.00600004e+00 2.24000001e+00 2.58500004e+00 2.61700010e+00
    2.62299991e+00 2.60200000e+00 2.60200000e+00 2.60200000e+00
    2.61299992e+00 0. 0. 0. 0. 0. 0. 0. 0. 0. 0. 0. 0. 2.72399998e+00
    2.21600008e+00 2.19799995e+00 2.16400003e+00 2.12599993e+00
    2.08699989e+00 2.06999993e+00 2.05299997e+00 2.02800012e+00
    2.02200007e+00 2.01200008e+00 2.00200009e+00 2. 2.00600004e+00
    2.01200008e+00 2.01200008e+00 2.01200008e+00 2.01200008e+00
    2.01099992e+00 2. 2. 2.59800005e+00 2.61100006e+00 2.62299991e+00
    2.61899996e+00 2.61199999e+00 2.60200000e+00 2.60200000e+00 0. 0. 0.
    0. 0. 0. 0. 0. 0. 0. 0. 0. 2.73099995e+00 2.25500011e+00
    2.20000005e+00 2.17799997e+00 2.13700008e+00 2.09400010e+00
    2.07399988e+00 2.05599999e+00 2.02900004e+00 2.01200008e+00
    2.00999999e+00 2.00300002e+00 2.00200009e+00 2.00600004e+00
    2.01200008e+00 2.01200008e+00 2.01200008e+00 2.01200008e+00
    2.01099992e+00 2.00200009e+00 2.00999999e+00 2.60200000e+00
    2.61100006e+00 2.62299991e+00 2.62299991e+00 2.62299991e+00
    2.60700011e+00 2.60200000e+00 0. 0. 0. 0. 0. 0. 0. 0. 0. 0. 0. 0.
    2.79600000e+00 2.50200009e+00 2.20400000e+00 2.18499994e+00
    2.15799999e+00 2.11299992e+00 2.08299994e+00 2.05599999e+00
    2.03399992e+00 2.00999999e+00 2. 2.00500011e+00 2.00600004e+00
    2.00600004e+00 2.00600004e+00 2.01200008e+00 2.01200008e+00
    2.00799990e+00 2.00600004e+00 2.00600004e+00 2.01099992e+00
    2.61199999e+00 2.61700010e+00 2.62299991e+00 2.63199997e+00
    2.62800002e+00 2.61400008e+00 2.60200000e+00 0. 0. 0. 0. 0. 0. 0. 0.
    0. 0. 0. 0. 2.79299998e+00 2.49000001e+00 2.19600010e+00
    2.19199991e+00 2.16100001e+00 2.13000011e+00 2.08299994e+00
    2.05599999e+00 2.03900003e+00 2.00999999e+00 2. 2. 2. 2. 2.
    2.00300002e+00 2.00300002e+00 2.00099993e+00 2. 2. 2.00200009e+00
    2.63899994e+00 2.63899994e+00 2.63899994e+00 2.64299989e+00
    2.63499999e+00 2.62299991e+00 2.60200000e+00 0. 0. 0. 0. 0. 0. 0. 0.
    0. 0. 0. 0. 2.76999998e+00 2.75900006e+00 2.30399990e+00
    2.19499993e+00 2.17499995e+00 2.14499998e+00 2.09800005e+00
    2.06900001e+00 2.04299998e+00 2.01200008e+00 2. 2. 2. 2. 2. 2. 2. 2.
    2. 2. 2. 2.05800009e+00 2.59899998e+00 2.64299989e+00 2.64299989e+00
    2.64299989e+00 2.63000011e+00 2.62500000e+00 0. 0. 0. 0. 0. 0. 0. 0.
    0. 0. 0. 0. 2.74099994e+00 2.73399997e+00 2.49300003e+00
    2.20600009e+00 2.17499995e+00 2.15000010e+00 2.11500001e+00
    2.08100009e+00 2.05699992e+00 2.02099991e+00 2.00300002e+00 2. 2. 2.
    2. 2. 2. 2. 1.99500000e+00 1.99500000e+00 1.99500000e+00
    1.99600005e+00 2.15300012e+00 2.57399988e+00 2.64299989e+00
    2.64299989e+00 0. 0. 0. 0. 0. 0. 0. 0. 0. 0. 0. 0. 0. 0.
    2.72799993e+00 2.72799993e+00 2.71399999e+00 2.53500009e+00
