<?xml version="1.0"?>
<opencv_storage>
<Depth type_id="opencv-matrix">
  <rows>40</rows>
  <cols>40</cols>
  <dt>f</dt>
  <data>
    0. 0. 0. 0. 0. 0. 0. 0. 0. 0. 0. 0. 2.78900003e+00 2.64499998e+00
    2.39800000e+00 2.29699993e+00 2.24399996e+00 2.04999995e+00
    1.86000001e+00 1.82400000e+00 1.79700005e+00 1.79700005e+00
    1.81200004e+00 1.84899998e+00 1.86300004e+00 1.86300004e+00
    1.86300004e+00 1.86300004e+00 0. 0. 0. 0. 0. 0. 0. 0. 0. 0. 0. 0. 0.
    0. 0. 0. 0. 0. 0. 0. 0. 0. 0. 0. 2.72900009e+00 2.51900005e+00
    2.16000009e+00 2.01399994e+00 1.93700004e+00 1.90499997e+00
    1.87600005e+00 1.84899998e+00 1.82599998e+00 1.81700003e+00
    1.82400000e+00 1.85200000e+00 1.86800003e+00 1.87699997e+00
    1.40400004e+00 0. 0. 0. 0. 0. 0. 0. 0. 0. 0. 0. 0. 0. 0. 0. 0. 0. 0.
    0. 0. 0. 0. 0. 0. 0. 2.72900009e+00 2.51900005e+00 2.16000009e+00
    2.01399994e+00 1.93700004e+00 1.92299998e+00 1.91499996e+00
    1.90699995e+00 1.89400005e+00 1.86500001e+00 1.85200000e+00
    1.86000001e+00 1.88000000e+00 1.90900004e+00 0. 0. 0. 0. 0. 0. 0. 0.
    0. 0. 0. 0. 0. 0. 0. 0. 0. 0. 0. 0. 0. 0. 0. 0. 0. 0. 2.72900009e+00
    2.53500009e+00 2.20300007e+00 2.04299998e+00 1.93900001e+00
    1.93099999e+00 1.93099999e+00 1.93099999e+00 1.92400002e+00
    1.89900005e+00 1.88499999e+00 1.88499999e+00 1.89999998e+00
    1.92499995e+00 0. 0. 0. 0. 0. 0. 0. 0. 0. 0. 0. 0. 0. 0. 0. 0. 0. 0.
    0. 0. 0. 0. 0. 0. 0. 0. 2.72900009e+00 2.56100011e+00 2.27300000e+00
    2.09100008e+00 1.94299996e+00 1.93099999e+00 1.93099999e+00
    1.93099999e+00 1.92999995e+00 1.92499995e+00 1.92200005e+00
    1.92200005e+00 1.92499995e+00 1.92999995e+00 0. 0. 0. 0. 0. 0. 0. 0.
    0. 0. 0. 0. 0. 0. 0. 0. 0. 0. 0. 0. 0. 0. 0. 0. 0. 0. 2.72900009e+00
    2.55699992e+00 2.26200008e+00 2.10700011e+00 1.99800003e+00
    1.97500002e+00 1.96000004e+00 1.96000004e+00 1.95599997e+00
    1.94000006e+00 1.92400002e+00 1.90900004e+00 1.90300000e+00
    1.90300000e+00 0. 0. 0. 0. 0. 0. 0. 0. 0. 0. 0. 0. 0. 0. 0. 0. 0. 0.
    0. 0. 0. 0. 0. 0. 0. 0. 2.72900009e+00 2.54299998e+00 2.22600007e+00
    2.11400008e+00 2.06999993e+00 2.03200006e+00 1.99800003e+00
    1.99800003e+00 1.98800004e+00 1.95200002e+00 1.91600001e+00
    1.88000000e+00 1.86500001e+00 1.86500001e+00 0. 0. 0. 0. 0. 0. 0. 0.
    0. 0. 0. 0. 0. 0. 0. 0. 0. 0. 0. 0. 0. 0. 0. 0. 0. 0. 2.72900009e+00
    2.53099990e+00 2.19099998e+00 2.07800007e+00 2.03800011e+00
    2.01699996e+00 2. 2. 1.99500000e+00 1.97700000e+00 1.94200003e+00
    1.88600004e+00 1.86300004e+00 1.86300004e+00 0. 0. 0. 0. 0. 0. 0. 0.
    0. 0. 0. 0. 0. 0. 0. 0. 0. 0. 0. 0. 0. 0. 0. 0. 0. 0. 2.73399997e+00
    2.52300000e+00 2.16100001e+00 2.04200006e+00 2.00300002e+00 2. 2. 2.
    2. 2. 1.97000003e+00 1.89900005e+00 1.87199998e+00 1.87399995e+00 0.
    0. 0. 0. 0. 0. 0. 0. 0. 0. 0. 0. 0. 0. 0. 0. 0. 0. 0. 0. 0. 0. 0. 0.
    0. 0. 2.78600001e+00 2.55800009e+00 2.16799998e+00 2.04200006e+00
    2.00300002e+00 2. 2. 2. 2. 2. 1.98699999e+00 1.95799994e+00
    1.96000004e+00 1.98399997e+00 0. 0. 0. 0. 0. 0. 0. 0. 0. 0. 0. 0. 0.
    0. 0. 0. 0. 0. 0. 0. 0. 0. 0. 0. 0. 0. 2.72199988e+00 2.51099992e+00
    2.15000010e+00 2.03600001e+00 2.00300002e+00 2. 2. 2. 2. 2. 2. 2.
    1.78100002e+00 1.41299999e+00 0. 0. 0. 0. 0. 0. 0. 0. 0. 0. 0. 0. 0.
    0. 0. 0. 0. 0. 0. 0. 0. 0. 0. 0. 0. 0. 2.35100007e+00 2.24600005e+00
    2.06599998e+00 2.01300001e+00 2.00099993e+00 2. 2. 2. 2. 2. 2. 2. 0.
    0. 0. 0. 0. 0. 0. 0. 0. 0. 0. 0. 0. 0. 0. 0. 0. 0. 0. 0. 0. 0. 0. 0.
    0. 0. 0. 0. 2.14499998e+00 2.09899998e+00 2.01999998e+00 2. 2. 2. 2.
    2. 2. 2. 2. 2. 0. 0. 0. 0. 0. 0. 0. 0. 0. 0. 0. 0. 0. 0. 0. 0. 0. 0.
    0. 0. 0. 0. 0. 0. 0. 0. 0. 0. 2.14499998e+00 2.09899998e+00
    2.01999998e+00 2. 2. 2. 2. 2. 2. 2. 2. 2. 0. 0. 0. 0. 0. 0. 0. 0. 0.
    0. 0. 0. 0. 0. 0. 0. 0. 0. 0. 0. 0. 0. 0. 0. 0. 0. 0. 0.
    2.14499998e+00 2.09899998e+00 2.01999998e+00 2. 2. 2. 2. 2. 2. 2. 2.
    2. 0. 0. 0. 0. 0. 0. 0. 0. 0. 0. 0. 0. 0. 0. 0. 0. 0. 0. 0. 0. 0. 0.
    0. 0. 0. 0. 0. 0. 2.14499998e+00 2.09899998e+00 2.01999998e+00 2. 2.
    2. 2. 2. 2. 2. 2. 2. 1.84899998e+00 1.59700000e+00 0. 0. 0. 0. 0. 0.
    0. 0. 0. 0. 0. 0. 0. 0. 0. 0. 0. 0. 0. 0. 0. 0. 0. 0. 0. 0.
    2.11400008e+00 2.07800007e+00 2.01500010e+00 2. 2. 2. 2. 2. 2. 2. 2.
    2. 2.04699993e+00 2.12700009e+00 0. 0. 0. 0. 0. 0. 0. 0. 0. 0. 0. 0.
    0. 0. 0. 0. 0. 0. 0. 0. 0. 0. 0. 0. 0. 0. 2.07399988e+00
    2.04999995e+00 2.00999999e+00 2. 2. 2. 2. 2. 2. 2. 2. 2.
    2.04699993e+00 2.12700009e+00 0. 0. 0. 0. 0. 0. 0. 0. 0. 0. 0. 0. 0.
    0. 0. 0. 0. 0. 0. 0. 0. 0. 0. 0. 0. 0. 2.07200003e+00 2.04900002e+00
    2.00999999e+00 2. 2. 2. 2. 2. 2. 2. 2. 2. 1.19200003e+00 0. 0. 0. 0.
    0. 0. 0. 0. 0. 0. 0. 0. 0. 0. 0. 0. 0. 0. 0. 0. 0. 0. 0. 0. 0. 0. 0.
    2.06699991e+00 2.04600000e+00 2.00900006e+00 2. 2. 2. 2. 2. 2. 2. 2.
    2. 0. 0. 0. 0. 0. 0. 0. 0. 0. 0. 0. 0. 0. 0. 0. 0. 0. 0. 0. 0. 0. 0.
    0. 0. 0. 0. 0. 0. 2.02800012e+00 2.01900005e+00 2.00399995e+00 2. 2.
    2. 2. 2. 2. 2. 2. 2. 0. 0. 0. 0. 0. 0. 0. 0. 0. 0. 0. 0. 0. 0. 0. 0.
    0. 0. 0. 0. 0. 0. 0. 0. 0. 0. 0. 0. 2. 2. 2. 1.99600005e+00
    1.99000001e+00 1.98899996e+00 1.98899996e+00 1.98899996e+00
    1.99100006e+00 1.99699998e+00 2. 2. 0. 0. 0. 0. 0. 0. 0. 0. 0. 0. 0.
    0. 0. 0. 0. 0. 0. 0. 0. 0. 0. 0. 0. 0. 0. 0. 0. 0. 2. 2. 2.
    1.98000002e+00 1.95400000e+00 1.95200002e+00 1.95200002e+00
    1.95200002e+00 1.95799994e+00 1.98500001e+00 2. 2. 0. 0. 0. 0. 0. 0.
    0. 0. 0. 0. 0. 0. 0. 0. 0. 0. 0. 0. 0. 0. 0. 0. 0. 0. 0. 0. 0. 0. 2.
    2. 2. 1.97200000e+00 1.93400002e+00 1.93099999e+00 1.93099999e+00
    1.93099999e+00 1.94099998e+00 1.97800004e+00 2. 2. 0. 0. 0. 0. 0. 0.
    0. 0. 0. 0. 0. 0. 0. 0. 0. 0. 0. 0. 0. 0. 0. 0. 0. 0. 0. 0. 0. 0. 2.
    2. 2. 1.97200000e+00 1.93400002e+00 1.93099999e+00 1.93099999e+00
    1.93099999e+00 1.94099998e+00 1.97800004e+00 2. 2. 0. 0. 0. 0. 0. 0.
    0. 0. 0. 0. 0. 0. 0. 0. 0. 0. 0. 0. 0. 0. 0. 0. 0. 0. 0. 0. 0. 0. 2.
    2. 2. 1.97200000e+00 1.93400002e+00 1.93099999e+00 1.93200004e+00
    1.94500005e+00 1.96099997e+00 1.98599994e+00 1.60699999e+00 0. 0. 0.
    0. 0. 0. 0. 0. 0. 0. 0. 0. 0. 0. 0. 0. 0. 0. 0. 0. 0. 0. 0. 0. 0. 0.
    0. 0. 0. 2. 2. 2. 1.97200000e+00 1.93400002e+00 1.93099999e+00
    1.93400002e+00 1.96700001e+00 1.99300003e+00 1.99800003e+00 0. 0. 0.
    0. 0. 0. 0. 0. 0. 0. 0. 0. 0. 0. 0. 0. 0. 0. 0. 0. 0. 0. 0. 0. 0. 0.
    0. 0. 0. 0. 2.03099990e+00 2.03099990e+00 2.03099990e+00
    2.00200009e+00 1.96399999e+00 1.96099997e+00 1.96300006e+00
    1.98399997e+00 2. 2. 0. 0. 0. 0. 0. 0. 0. 0. 0. 0. 0. 0. 0. 0. 0. 0.
    0. 0. 0. 0. 0. 0. 0. 0. 0. 0. 0. 0. 0. 0. 2.07100010e+00
    2.07100010e+00 2.07100010e+00 2.04099989e+00 2.00200009e+00
    1.99899995e+00 1.99899995e+00 1.99899995e+00 2. 2. 0. 0. 0. 0. 0. 0.
    0. 0. 0. 0. 0. 0. 0. 0. 0. 0. 0. 0. 0. 0. 0. 0. 0. 0. 0. 0. 0. 0. 0.
    0. 2.07200003e+00 2.07200003e+00 2.07200003e+00 2.04200006e+00
    2.00300002e+00 2. 2. 2. 1.63300002e+00 0. 0. 0. 0. 0. 0. 0. 0. 0. 0.
    0. 0. 0. 0. 0. 0. 0. 0. 0. 0. 0. 0. 0. 0. 0. 0. 0. 0. 0. 0. 0.
    2.07200003e+00 2.07200003e+00 2.07200003e+00 2.04200006e+00
    2.00300002e+00 2. 2. 2. 1.35300004e+00 0. 0. 0. 0. 0. 0. 0. 0. 0. 0.
    0. 0. 0. 0. 0. 0. 0. 0. 0. 0. 0. 0. 0. 0. 0. 0. 0. 0. 0. 0. 0.
    2.07200003e+00 2.07200003e+00 2.07200003e+00 2.04200006e+00
    2.00300002e+00 2. 2. 2. 1.73300004e+00 0. 0. 0. 0. 0. 0. 0. 0. 0. 0.
    0. 0. 0. 0. 0. 0. 0. 0. 0. 0. 0. 0. 0. 0. 0. 0. 0. 0. 0. 0. 0.
    2.07200003e+00 2.07200003e+00 2.07200003e+00 2.04200006e+00
    2.00300002e+00 2. 2. 2. 2. 2. 0. 0. 0. 0. 0. 0. 0. 0. 0. 0. 0. 0. 0.
    0. 0. 0. 0. 0. 0. 0. 0. 0. 0. 0. 0. 0. 0. 0. 0. 0. 2.07200003e+00
    2.07200003e+00 2.07200003e+00 2.04200006e+00 2.00300002e+00 2. 2. 2.
    2. 2. 0. 0. 0. 0. 0. 0. 0. 0. 0. 0. 0. 0. 0. 0. 0. 0. 0. 0. 0. 0. 0.
    0. 0. 0. 0. 0. 0. 0. 0. 0. 2.07200003e+00 2.07200003e+00
    2.07200003e+00 2.04200006e+00 2.00300002e+00 2. 1.99899995e+00
