<?xml version="1.0"?>
<opencv_storage>
<Depth type_id="opencv-matrix">
  <rows>40</rows>
  <cols>40</cols>
  <dt>f</dt>
  <data>
    0. 0. 0. 0. 0. 0. 0. 0. 0. 0. 0. 0. 0. 0. 1.10200000e+00
    1.84000003e+00 1.84000003e+00 1.84000003e+00 1.84000003e+00
    1.84000003e+00 1.84000003e+00 1.84000003e+00 1.84000003e+00
    1.84000003e+00 1.84000003e+00 1.87000000e+00 1.91700006e+00 0. 0. 0.
    0. 0. 0. 0. 0. 0. 0. 0. 0. 0. 0. 0. 0. 0. 0. 0. 0. 0. 0. 0. 0. 0. 0.
    0. 1.10899997e+00 1.86699998e+00 1.86699998e+00 1.86699998e+00
    1.85599995e+00 1.84000003e+00 1.84000003e+00 1.84000003e+00
    1.84000003e+00 1.84000003e+00 1.84000003e+00 1.87000000e+00
    1.91799998e+00 0. 0. 0. 0. 0. 0. 0. 0. 0. 0. 0. 0. 0. 0. 0. 0. 0. 0.
    0. 0. 0. 0. 0. 0. 0. 0. 0. 1.10500002e+00 1.87899995e+00
    1.87899995e+00 1.87899995e+00 1.86300004e+00 1.84000003e+00
    1.84000003e+00 1.84899998e+00 1.85599995e+00 1.85599995e+00
    1.85599995e+00 1.88000000e+00 1.91799998e+00 0. 0. 0. 0. 0. 0. 0. 0.
    0. 0. 0. 0. 0. 0. 0. 0. 0. 0. 0. 0. 0. 0. 0. 0. 0. 0. 0.
    1.08899999e+00 1.87899995e+00 1.87899995e+00 1.87899995e+00
    1.86500001e+00 1.84500003e+00 1.84500003e+00 1.86099994e+00
    1.87399995e+00 1.87399995e+00 1.87699997e+00 1.89199996e+00
    1.91299999e+00 0. 0. 0. 0. 0. 0. 0. 0. 0. 0. 0. 0. 0. 0. 0. 0. 0. 0.
    0. 0. 0. 0. 0. 0. 0. 0. 0. 1.08500004e+00 1.87899995e+00
    1.87899995e+00 1.87899995e+00 1.87600005e+00 1.87199998e+00
    1.87199998e+00 1.85800004e+00 1.84700000e+00 1.84700000e+00
    1.86800003e+00 1.88199997e+00 1.88600004e+00 0. 0. 0. 0. 0. 0. 0. 0.
    0. 0. 0. 0. 0. 0. 0. 0. 0. 0. 0. 0. 0. 0. 0. 0. 0. 0. 0.
    1.08200002e+00 1.87899995e+00 1.87899995e+00 1.87899995e+00
    1.87899995e+00 1.87899995e+00 1.87899995e+00 1.85800004e+00
    1.84000003e+00 1.84000003e+00 1.86600006e+00 1.87899995e+00
    1.87899995e+00 0. 0. 0. 0. 0. 0. 0. 0. 0. 0. 0. 0. 0. 0. 0. 0. 0. 0.
    0. 0. 0. 0. 0. 0. 0. 0. 0. 1.08000004e+00 1.87899995e+00
    1.87899995e+00 1.87899995e+00 1.87899995e+00 1.87899995e+00
    1.87899995e+00 1.86300004e+00 1.85000002e+00 1.85000002e+00
    1.87600005e+00 1.88900006e+00 1.88900006e+00 0. 0. 0. 0. 0. 0. 0. 0.
    0. 0. 0. 0. 0. 0. 0. 0. 0. 0. 0. 0. 0. 0. 0. 0. 0. 0. 0.
    1.08000004e+00 1.87899995e+00 1.87899995e+00 1.87899995e+00
    1.87899995e+00 1.87899995e+00 1.87899995e+00 1.87800002e+00
    1.87800002e+00 1.87800002e+00 1.90400004e+00 1.91700006e+00
    1.91700006e+00 0. 0. 0. 0. 0. 0. 0. 0. 0. 0. 0. 0. 0. 0. 0. 0. 0. 0.
    0. 0. 0. 0. 0. 0. 0. 0. 0. 0. 0. 1.86300004e+00 1.87899995e+00
    1.87899995e+00 1.87899995e+00 1.87899995e+00 1.87899995e+00
    1.87899995e+00 1.87899995e+00 1.90499997e+00 1.91799998e+00
    1.91799998e+00 0. 0. 0. 0. 0. 0. 0. 0. 0. 0. 0. 0. 0. 0. 0. 0. 0. 0.
    0. 0. 0. 0. 0. 0. 0. 0. 0. 0. 0. 1.85599995e+00 1.87899995e+00
    1.87899995e+00 1.87899995e+00 1.87899995e+00 1.88699996e+00
    1.89800000e+00 1.90900004e+00 1.92499995e+00 1.93299997e+00
    1.93299997e+00 0. 0. 0. 0. 0. 0. 0. 0. 0. 0. 0. 0. 0. 0. 0. 0. 0. 0.
    0. 0. 0. 0. 0. 0. 0. 0. 0. 0. 0. 1.85599995e+00 1.87899995e+00
    1.87899995e+00 1.87899995e+00 1.88199997e+00 1.90199995e+00
    1.92799997e+00 1.95599997e+00 1.95500004e+00 1.95299995e+00
    1.95099998e+00 0. 0. 0. 0. 0. 0. 0. 0. 0. 0. 0. 0. 0. 0. 0. 0. 0. 0.
    0. 0. 0. 0. 0. 0. 0. 0. 0. 0. 0. 1.85599995e+00 1.87899995e+00
    1.87899995e+00 1.88300002e+00 1.90499997e+00 1.91400003e+00
    1.92799997e+00 1.95599997e+00 1.93599999e+00 1.91400003e+00
    1.89400005e+00 0. 0. 0. 0. 0. 0. 0. 0. 0. 0. 0. 0. 0. 0. 0. 0. 0. 0.
    0. 0. 0. 0. 0. 0. 0. 0. 0. 0. 0. 1.87500000e+00 1.89900005e+00
    1.89900005e+00 1.90100002e+00 1.91499996e+00 1.91799998e+00
    1.92799997e+00 1.95599997e+00 1.93099999e+00 1.90300000e+00
    1.87899995e+00 0. 0. 0. 0. 0. 0. 0. 0. 0. 0. 0. 0. 0. 0. 0. 0. 0. 0.
    0. 0. 0. 0. 0. 0. 0. 0. 0. 0. 0. 1.89400005e+00 1.91799998e+00
    1.92200005e+00 1.92700005e+00 1.92700005e+00 1.92700005e+00
    1.93499994e+00 1.95700002e+00 1.93099999e+00 1.90300000e+00
    1.87899995e+00 0. 0. 0. 0. 0. 0. 0. 0. 0. 0. 0. 0. 0. 0. 0. 0. 0. 0.
    0. 0. 0. 0. 0. 0. 0. 0. 0. 0. 0. 1.89400005e+00 1.91799998e+00
    1.93299997e+00 1.95500004e+00 1.95500004e+00 1.95500004e+00
    1.95599997e+00 1.95799994e+00 1.93099999e+00 1.90300000e+00
    1.87899995e+00 0. 0. 0. 0. 0. 0. 0. 0. 0. 0. 0. 0. 0. 0. 0. 0. 0. 0.
    0. 0. 0. 0. 0. 0. 0. 0. 0. 0. 0. 1.91999996e+00 1.94400001e+00
    1.96099997e+00 1.98500001e+00 1.98500001e+00 1.97000003e+00
    1.95799994e+00 1.95799994e+00 1.93099999e+00 1.90300000e+00
    1.87899995e+00 0. 0. 0. 0. 0. 0. 0. 0. 0. 0. 0. 0. 0. 0. 0. 0. 0. 0.
    0. 0. 0. 0. 0. 0. 0. 0. 0. 0. 1.06599998e+00 1.94200003e+00
    1.95799994e+00 1.97500002e+00 2. 2. 1.97700000e+00 1.95799994e+00
    1.95799994e+00 1.93099999e+00 1.90300000e+00 1.87899995e+00 0. 0. 0.
    0. 0. 0. 0. 0. 0. 0. 0. 0. 0. 0. 0. 0. 0. 0. 0. 0. 0. 0. 0. 0. 0. 0.
    1.95799994e+00 1.95799994e+00 1.95799994e+00 1.95799994e+00
    1.96000004e+00 1.97700000e+00 2. 2. 1.97899997e+00 1.96000004e+00
    1.95799994e+00 1.93299997e+00 1.90600002e+00 1.88199997e+00 0. 0. 0.
    0. 0. 0. 0. 0. 0. 0. 0. 0. 0. 0. 0. 0. 0. 0. 0. 0. 0. 0. 0. 0. 0. 0.
    1.95799994e+00 1.95799994e+00 1.95799994e+00 1.95799994e+00
    1.98099995e+00 1.99500000e+00 2. 2. 1.99500000e+00 1.98199999e+00
    1.95899999e+00 1.95200002e+00 1.93400002e+00 1.90900004e+00 0. 0. 0.
    0. 0. 0. 0. 0. 0. 0. 0. 0. 0. 0. 0. 0. 0. 0. 0. 0. 0. 0. 0. 0. 0. 0.
    0. 1.16499996e+00 1.95799994e+00 1.95799994e+00 1.98699999e+00 2. 2.
    2. 2. 1.99500000e+00 1.97899997e+00 1.97899997e+00 1.97099996e+00
    1.95799994e+00 0. 0. 0. 0. 0. 0. 0. 0. 0. 0. 0. 0. 0. 0. 0. 0. 0. 0.
    0. 0. 0. 0. 0. 0. 0. 0. 0. 0. 1.97500002e+00 1.97500002e+00
    1.99800003e+00 2.00799990e+00 2.00799990e+00 2.00799990e+00
    2.00799990e+00 2.00600004e+00 2. 2. 2. 2. 0. 0. 0. 0. 0. 0. 0. 0. 0.
    0. 0. 0. 0. 0. 0. 0. 0. 0. 0. 0. 0. 0. 0. 0. 0. 0. 0. 0.
    2.03500009e+00 2.03500009e+00 2.03699994e+00 2.03800011e+00
    2.03800011e+00 2.03800011e+00 2.03800011e+00 2.02900004e+00
    2.00099993e+00 2. 2. 2. 0. 0. 0. 0. 0. 0. 0. 0. 0. 0. 0. 0. 0. 0. 0.
    0. 0. 0. 0. 0. 0. 0. 0. 0. 0. 0. 0. 0. 2.04200006e+00 2.04200006e+00
    2.04200006e+00 2.04200006e+00 2.04200006e+00 2.04200006e+00
    2.04200006e+00 2.03800011e+00 2.02699995e+00 2.00900006e+00 2. 2. 0.
    0. 0. 0. 0. 0. 0. 0. 0. 0. 0. 0. 0. 0. 0. 0. 0. 0. 0. 0. 0. 0. 0. 0.
    0. 0. 0. 0. 2.04200006e+00 2.04200006e+00 2.04200006e+00
    2.04200006e+00 2.04200006e+00 2.04200006e+00 2.04200006e+00
    2.04200006e+00 2.04200006e+00 2.01399994e+00 2. 2. 0. 0. 0. 0. 0. 0.
    0. 0. 0. 0. 0. 0. 0. 0. 0. 0. 0. 0. 0. 0. 0. 0. 0. 0. 0. 0. 0. 0.
    2.04399991e+00 2.04399991e+00 2.04299998e+00 2.04200006e+00
    2.04200006e+00 2.04200006e+00 2.04200006e+00 2.04200006e+00
    2.04200006e+00 2.01399994e+00 2. 2. 0. 0. 0. 0. 0. 0. 0. 0. 0. 0. 0.
    0. 0. 0. 0. 0. 0. 0. 0. 0. 0. 0. 0. 0. 0. 0. 1.20099998e+00
    1.69500005e+00 2.07399988e+00 2.07399988e+00 2.05200005e+00
    2.04200006e+00 2.04200006e+00 2.04200006e+00 2.04200006e+00
    2.04200006e+00 2.04200006e+00 2.01399994e+00 2. 2. 0. 0. 0. 0. 0. 0.
    0. 0. 0. 0. 0. 0. 0. 0. 0. 0. 0. 0. 0. 0. 0. 0. 0. 0. 0. 0.
    2.17400002e+00 2.12400007e+00 2.08500004e+00 2.08500004e+00
    2.05500007e+00 2.04200006e+00 2.04200006e+00 2.04200006e+00
    2.04200006e+00 2.04200006e+00 2.04200006e+00 2.02699995e+00
    2.01900005e+00 2.01900005e+00 0. 0. 0. 0. 0. 0. 0. 0. 0. 0. 0. 0. 0.
    0. 0. 0. 0. 0. 0. 0. 0. 0. 0. 0. 0. 0. 2.17400002e+00 2.12800002e+00
    2.09100008e+00 2.08500004e+00 2.05999994e+00 2.04999995e+00
    2.04900002e+00 2.04299998e+00 2.04200006e+00 2.04200006e+00
    2.04200006e+00 2.04200006e+00 2.04200006e+00 2.04200006e+00 0. 0. 0.
    0. 0. 0. 0. 0. 0. 0. 0. 0. 0. 0. 0. 0. 0. 0. 0. 0. 0. 0. 0. 0. 0. 0.
    2.17400002e+00 2.14599991e+00 2.11299992e+00 2.08500004e+00
    2.08200002e+00 2.07999992e+00 2.07599998e+00 2.04800010e+00
