<?xml version="1.0"?>
<opencv_storage>
<Depth type_id="opencv-matrix">
  <rows>40</rows>
  <cols>40</cols>
  <dt>f</dt>
  <data>
    0. 0. 0. 0. 0. 0. 0. 0. 0. 0. 0. 0. 0. 0. 0. 0. 0. 0. 0. 0. 0. 0. 0.
    0. 0. 0. 0. 0. 0. 0. 0. 0. 0. 0. 0. 0. 0. 0. 0. 0. 0. 0. 0. 0. 0. 0.
    0. 0. 0. 0. 0. 0. 0. 0. 1.30700004e+00 2.23799992e+00 2.23799992e+00
    2.22099996e+00 2.16799998e+00 2.11599994e+00 2.11599994e+00
    2.11599994e+00 2.11599994e+00 2.11599994e+00 2.09999990e+00
    2.04999995e+00 2. 2. 2. 2. 0. 0. 0. 0. 0. 0. 0. 0. 0. 0. 0. 0. 0. 0.
    0. 0. 0. 0. 0. 0. 0. 0. 0. 0. 1.40600002e+00 2.20400000e+00
    2.20400000e+00 2.18899989e+00 2.14400005e+00 2.09999990e+00
    2.09899998e+00 2.09899998e+00 2.09899998e+00 2.09899998e+00
    2.08299994e+00 2.03399992e+00 1.98399997e+00 1.98399997e+00
    1.98399997e+00 1.98399997e+00 0. 0. 0. 0. 0. 0. 0. 0. 0. 0. 0. 0. 0.
    0. 0. 0. 0. 0. 0. 0. 0. 0. 0. 0. 1.70299995e+00 2.10200000e+00
    2.10200000e+00 2.09500003e+00 2.07200003e+00 2.04999995e+00
    2.04999995e+00 2.04999995e+00 2.04999995e+00 2.04999995e+00
    2.03399992e+00 1.98500001e+00 1.93599999e+00 1.93499994e+00
    1.93499994e+00 1.93499994e+00 0. 0. 0. 0. 0. 0. 0. 0. 0. 0. 0. 0. 0.
    0. 0. 0. 0. 0. 0. 1.99899995e+00 1.99899995e+00 1.99899995e+00
    1.99899995e+00 1.99899995e+00 2. 2. 2. 2. 2. 2. 2. 2. 2. 2.
    1.98399997e+00 1.93599999e+00 1.88699996e+00 1.88699996e+00
    1.88699996e+00 1.88699996e+00 0. 0. 0. 0. 0. 0. 0. 0. 0. 0. 0. 0. 0.
    0. 0. 0. 0. 0. 0. 2. 2. 2. 2. 2. 2. 2. 2. 2. 2. 2. 1.97899997e+00
    1.95899999e+00 1.95200002e+00 1.95200002e+00 1.93599999e+00
    1.88800001e+00 1.84099996e+00 1.84099996e+00 1.84099996e+00
    1.84099996e+00 0. 0. 0. 0. 0. 0. 0. 0. 0. 0. 0. 0. 0. 0. 0. 0. 0. 0.
    0. 2. 2. 2. 2. 2. 2. 2. 2. 2. 2. 2. 1.95899999e+00 1.91700006e+00
    1.90300000e+00 1.90300000e+00 1.88800001e+00 1.84099996e+00
    1.79499996e+00 1.79400003e+00 1.79400003e+00 1.79400003e+00 0. 0. 0.
    0. 0. 0. 0. 0. 0. 0. 0. 0. 0. 0. 0. 0. 0. 0. 0. 0. 0. 1.23399997e+00
    2. 2. 2. 2. 2. 2. 2. 2. 1.95200002e+00 1.90300000e+00 1.88699996e+00
    1.88699996e+00 1.87199998e+00 1.82500005e+00 1.77900004e+00
    1.77900004e+00 1.77900004e+00 1.77900004e+00 0. 0. 0. 0. 0. 0. 0. 0.
    0. 0. 0. 0. 0. 0. 0. 0. 0. 0. 0. 0. 0. 0. 1.99899995e+00 2. 2. 2. 2.
    2. 2. 2. 1.95200002e+00 1.90300000e+00 1.88699996e+00 1.88699996e+00
    1.87199998e+00 1.82500005e+00 1.77900004e+00 1.77900004e+00
    1.77900004e+00 1.77900004e+00 0. 0. 0. 0. 0. 0. 0. 0. 0. 0. 0. 0. 0.
    0. 0. 0. 0. 0. 0. 0. 0. 0. 1.99899995e+00 2. 2. 2. 2. 2. 2. 2.
    1.95200002e+00 1.90300000e+00 1.88699996e+00 1.88699996e+00
    1.87399995e+00 1.83399999e+00 1.79400003e+00 1.79400003e+00
    1.79400003e+00 1.79400003e+00 0. 0. 0. 0. 0. 0. 0. 0. 0. 0. 0. 0. 0.
    0. 0. 0. 0. 0. 0. 0. 0. 0. 1.99899995e+00 2. 2. 2. 2. 2. 2. 2.
    1.95200002e+00 1.90300000e+00 1.88699996e+00 1.88699996e+00
    1.88000000e+00 1.86099994e+00 1.84099996e+00 1.84099996e+00
    1.84099996e+00 1.84099996e+00 0. 0. 0. 0. 0. 0. 0. 0. 0. 0. 0. 0. 0.
    0. 0. 0. 0. 0. 0. 0. 0. 0. 1.99899995e+00 2. 2. 2. 2. 2. 2. 2.
    1.95200002e+00 1.90300000e+00 1.88699996e+00 1.88699996e+00
    1.88699996e+00 1.88699996e+00 1.88699996e+00 1.88699996e+00
    1.88699996e+00 1.88699996e+00 0. 0. 0. 0. 0. 0. 0. 0. 0. 0. 0. 0. 0.
    0. 0. 0. 0. 0. 0. 0. 0. 0. 1.99899995e+00 2. 2. 2. 2. 2. 2. 2.
    1.97200000e+00 1.94500005e+00 1.92200005e+00 1.90100002e+00
    1.88699996e+00 1.88699996e+00 1.88699996e+00 1.90799999e+00
    1.92799997e+00 1.93499994e+00 0. 0. 0. 0. 0. 0. 0. 0. 0. 0. 0. 0. 0.
    0. 0. 0. 0. 0. 0. 0. 0. 0. 1.99899995e+00 2. 2. 2. 2. 2. 2. 2.
    1.99300003e+00 1.98599994e+00 1.95599997e+00 1.91499996e+00
    1.88699996e+00 1.88699996e+00 1.88699996e+00 1.92799997e+00
    1.97000003e+00 1.98399997e+00 0. 0. 0. 0. 0. 0. 0. 0. 0. 0. 0. 0. 0.
    0. 0. 0. 0. 0. 0. 0. 0. 0. 2.03200006e+00 2.03299999e+00
    2.03299999e+00 2.03299999e+00 2.03299999e+00 2.02800012e+00
    2.01399994e+00 2. 2. 2. 1.96800005e+00 1.91900003e+00 1.88699996e+00
    1.88699996e+00 1.88699996e+00 1.92200005e+00 1.95599997e+00
    1.96800005e+00 0. 0. 0. 0. 0. 0. 0. 0. 0. 0. 0. 0. 0. 0. 0. 0. 0. 0.
    0. 0. 0. 0. 2.08100009e+00 2.08299994e+00 2.08299994e+00
    2.08299994e+00 2.08299994e+00 2.07100010e+00 2.03600001e+00 2. 2. 2.
    1.96800005e+00 1.91900003e+00 1.88699996e+00 1.88699996e+00
    1.88699996e+00 1.90100002e+00 1.91499996e+00 1.91900003e+00 0. 0. 0.
    0. 0. 0. 0. 0. 0. 0. 0. 0. 0. 0. 0. 0. 0. 0. 0. 0. 0. 0.
    2.11400008e+00 2.10899997e+00 2.10200000e+00 2.09999990e+00
    2.09999990e+00 2.08500004e+00 2.04299998e+00 2. 2. 2. 1.96800005e+00
    1.91900003e+00 1.88499999e+00 1.87800002e+00 1.87199998e+00
    1.87199998e+00 1.87199998e+00 1.87199998e+00 0. 0. 0. 0. 0. 0. 0. 0.
    0. 0. 0. 0. 0. 0. 0. 0. 0. 0. 0. 0. 0. 0. 2.11400008e+00
    2.08800006e+00 2.05900002e+00 2.04999995e+00 2.04999995e+00
    2.04299998e+00 2.02099991e+00 2. 2. 2. 1.96800005e+00 1.91900003e+00
    1.87800002e+00 1.85200000e+00 1.82500005e+00 1.82500005e+00
    1.82500005e+00 1.82500005e+00 0. 0. 0. 0. 0. 0. 0. 0. 0. 0. 0. 0. 0.
    0. 0. 0. 0. 0. 0. 0. 0. 0. 2.11400008e+00 2.06599998e+00
    2.01699996e+00 2. 2. 2. 2. 2. 2. 2. 1.96800005e+00 1.91900003e+00
    1.87199998e+00 1.82500005e+00 1.77900004e+00 1.77900004e+00
    1.77900004e+00 1.77900004e+00 0. 0. 0. 0. 0. 0. 0. 0. 0. 0. 0. 0. 0.
    0. 0. 0. 0. 0. 0. 0. 0. 0. 2.11400008e+00 2.06599998e+00
    2.01699996e+00 2. 2. 2. 2. 2. 2. 2. 1.94200003e+00 1.85399997e+00
    1.78699994e+00 1.76100004e+00 1.73399997e+00 1.73399997e+00
    1.73399997e+00 1.73399997e+00 0. 0. 0. 0. 0. 0. 0. 0. 0. 0. 0. 0. 0.
    0. 0. 0. 0. 0. 0. 0. 0. 0. 2.11400008e+00 2.06599998e+00
    2.01699996e+00 2. 2. 2. 2. 2. 2. 2. 1.91600001e+00 1.78900003e+00
    1.70299995e+00 1.69599998e+00 1.68900001e+00 1.68900001e+00
    1.68900001e+00 1.68900001e+00 0. 0. 0. 0. 0. 0. 0. 0. 0. 0. 0. 0. 0.
    0. 0. 0. 0. 0. 0. 0. 0. 0. 2.08100009e+00 2.04699993e+00
    2.01200008e+00 2. 2. 2. 2. 2. 1.96000004e+00 1.92100000e+00
    1.84099996e+00 1.74100006e+00 1.67400002e+00 1.67400002e+00
    1.67400002e+00 1.67400002e+00 1.67400002e+00 1.67400002e+00 0. 0. 0.
    0. 0. 0. 0. 0. 0. 0. 0. 0. 0. 0. 0. 0. 0. 0. 0. 0. 0. 0.
    2.03200006e+00 2.01900005e+00 2.00500011e+00 2. 2. 2. 2. 2.
    1.90100002e+00 1.80100000e+00 1.74100006e+00 1.70099998e+00
    1.67400002e+00 1.67400002e+00 1.67400002e+00 1.67400002e+00
    1.67400002e+00 1.67400002e+00 0. 0. 0. 0. 0. 0. 0. 0. 0. 0. 0. 0. 0.
    0. 0. 0. 0. 0. 0. 0. 0. 0. 1.99899995e+00 2. 2. 2. 2. 2. 2. 2.
    1.88000000e+00 1.75999999e+00 1.72000003e+00 1.72000003e+00
    1.71399999e+00 1.69400001e+00 1.67400002e+00 1.67400002e+00
    1.67400002e+00 1.67400002e+00 0. 0. 0. 0. 0. 0. 0. 0. 0. 0. 0. 0. 0.
    0. 0. 0. 0. 0. 0. 0. 0. 0. 1.99899995e+00 2. 2. 2. 2. 2. 2. 2.
    1.94000006e+00 1.88000000e+00 1.86000001e+00 1.86000001e+00
    1.83299994e+00 1.75399995e+00 1.67400002e+00 1.67400002e+00
    1.67400002e+00 1.67400002e+00 0. 0. 0. 0. 0. 0. 0. 0. 0. 0. 0. 0. 0.
    0. 0. 0. 0. 0. 0. 0. 0. 0. 1.99899995e+00 2. 2. 2. 2. 2. 2. 2. 2. 2.
    1.99899995e+00 1.99899995e+00 1.95299995e+00 1.81400001e+00
    1.67400002e+00 1.67400002e+00 1.67400002e+00 1.67400002e+00 0. 0. 0.
    0. 0. 0. 0. 0. 0. 0. 0. 0. 0. 0. 0. 0. 0. 0. 0. 0. 0. 0.
    1.99899995e+00 2. 2. 2. 2. 2. 2. 2. 1.97899997e+00 1.95899999e+00
    1.95200002e+00 1.95200002e+00 1.91900003e+00 1.81900001e+00
    1.71899998e+00 1.71899998e+00 1.71899998e+00 1.71899998e+00 0. 0. 0.
    0. 0. 0. 0. 0. 0. 0. 0. 0. 0. 0. 0. 0. 0. 0. 0. 1.09500003e+00
    1.22399998e+00 1.61199999e+00 2. 2. 2. 2. 2. 2. 2. 2. 1.95899999e+00
    1.91700006e+00 1.90300000e+00 1.90300000e+00 1.88399994e+00
    1.82400000e+00 1.76400006e+00 1.76400006e+00 1.76400006e+00
    1.76400006e+00 0. 0. 0. 0. 0. 0. 0. 0. 0. 0. 0. 0. 0. 0. 0. 0. 0. 0.
    0. 1.96800005e+00 1.97300005e+00 1.98599994e+00 2. 2. 2. 2. 2. 2. 2.
