<?xml version="1.0"?>
<opencv_storage>
<Depth type_id="opencv-matrix">
  <rows>40</rows>
  <cols>40</cols>
  <dt>f</dt>
  <data>
    0. 0. 0. 0. 0. 0. 0. 0. 0. 0. 0. 0. 0. 0. 0. 0. 0. 0. 0. 0. 0. 0. 0.
    0. 0. 0. 0. 0. 0. 0. 0. 0. 0. 0. 0. 0. 0. 0. 0. 0. 0. 0. 0. 0. 0. 0.
    0. 0. 0. 0. 0. 0. 0. 0. 0. 0. 0. 0. 0. 0. 0. 0. 0. 0. 0. 0. 0. 0. 0.
    0. 0. 0. 0. 0. 0. 0. 0. 0. 0. 0. 0. 0. 0. 0. 0. 0. 0. 0. 0. 0. 0. 0.
    0. 0. 0. 0. 0. 0. 0. 0. 0. 0. 0. 0. 0. 0. 0. 0. 0. 0. 0. 0. 0. 0. 0.
    0. 0. 0. 0. 0. 0. 0. 0. 0. 0. 0. 0. 0. 0. 0. 0. 0. 0. 0. 0. 0. 0. 0.
    0. 0. 0. 0. 0. 0. 0. 0. 0. 0. 0. 0. 0. 0. 0. 0. 0. 0. 0. 0. 0. 0. 0.
    0. 0. 0. 0. 0. 0. 0. 0. 0. 0. 0. 0. 0. 0. 0. 0. 0. 0. 0. 0. 0. 0. 0.
    0. 0. 0. 0. 0. 0. 0. 0. 0. 0. 0. 0. 0. 0. 0. 0. 0. 0. 0. 0. 0. 0. 0.
    0. 0. 0. 0. 0. 0. 0. 0. 0. 0. 0. 0. 0. 0. 0. 0. 0. 0. 0. 0. 0. 0. 0.
    0. 0. 0. 0. 0. 0. 0. 0. 0. 0. 0. 0. 0. 0. 0. 0. 0. 0. 0. 0. 0. 0. 0.
    0. 0. 0. 0. 0. 0. 0. 0. 0. 0. 0. 0. 0. 0. 0. 0. 0. 0. 0. 0. 0. 0. 0.
    0. 0. 0. 0. 0. 0. 0. 0. 0. 0. 0. 0. 0. 0. 0. 0. 0. 0. 0. 0. 0. 0. 0.
    0. 0. 0. 0. 0. 0. 0. 0. 0. 0. 0. 0. 0. 0. 0. 0. 0. 0. 0. 0. 0. 0. 0.
    0. 0. 0. 0. 0. 0. 0. 0. 0. 0. 0. 0. 0. 0. 0. 0. 0. 0. 0. 0. 0. 0. 0.
    0. 0. 0. 0. 0. 0. 0. 0. 0. 0. 0. 0. 0. 0. 0. 0. 0. 0. 0. 0.
    2.72300005e+00 2.69600010e+00 2.64400005e+00 2.41100001e+00
    2.04999995e+00 1.92200005e+00 1.92200005e+00 1.97899997e+00
    2.06100011e+00 2.08100009e+00 2.08100009e+00 2.08100009e+00
    2.08100009e+00 2.08100009e+00 2.08100009e+00 2.12100005e+00
    2.16300011e+00 2.44799995e+00 2.72300005e+00 2.72300005e+00
    2.72900009e+00 2.78299999e+00 2.81900001e+00 2.76500010e+00
    2.72300005e+00 2.72300005e+00 2.72300005e+00 2.72300005e+00
    2.72300005e+00 0. 0. 0. 0. 0. 0. 0. 0. 0. 0. 0. 2.50500011e+00
    2.47900009e+00 2.43099999e+00 2.25699997e+00 1.99500000e+00
    1.90799999e+00 1.91900003e+00 1.97099996e+00 2.04200006e+00
    2.05900002e+00 2.05900002e+00 2.05900002e+00 2.05900002e+00
    2.05900002e+00 2.05900002e+00 2.09800005e+00 2.14100003e+00
    2.34800005e+00 2.55200005e+00 2.64199996e+00 2.72700000e+00
    2.76600003e+00 2.79299998e+00 2.75399995e+00 2.72300005e+00
    2.72300005e+00 2.72300005e+00 2.72300005e+00 2.72300005e+00 0. 0. 0.
    0. 0. 0. 0. 0. 0. 0. 0. 2.09299994e+00 2.07100010e+00 2.02900004e+00
    1.96599996e+00 1.88999999e+00 1.88199997e+00 1.91299999e+00
    1.95599997e+00 2.00500011e+00 2.01699996e+00 2.01699996e+00
    2.01699996e+00 2.01699996e+00 2.01699996e+00 2.01699996e+00
    2.05599999e+00 2.09800005e+00 2.15899992e+00 2.23000002e+00
    2.49000001e+00 2.72399998e+00 2.73600006e+00 2.74399996e+00
    2.73200011e+00 2.72300005e+00 2.72300005e+00 2.72300005e+00
    2.72300005e+00 2.72300005e+00 0. 0. 0. 0. 0. 0. 0. 0. 0. 0. 0.
    1.92200005e+00 1.90100002e+00 1.86199999e+00 1.84599996e+00
    1.84599996e+00 1.87100005e+00 1.90999997e+00 1.95000005e+00
    1.99000001e+00 2. 2. 2. 2. 2. 2. 2.02699995e+00 2.05599999e+00
    2.06900001e+00 2.09200001e+00 2.33599997e+00 2.56200004e+00
    2.63299990e+00 2.69499993e+00 2.71099997e+00 2.72300005e+00
    2.72300005e+00 2.72300005e+00 2.72300005e+00 2.72300005e+00 0. 0. 0.
    0. 0. 0. 0. 0. 0. 0. 0. 1.92200005e+00 1.90100002e+00 1.86199999e+00
    1.84599996e+00 1.84599996e+00 1.87100005e+00 1.90999997e+00
    1.95000005e+00 1.99000001e+00 2. 2. 2. 2. 2. 2. 2.00699997e+00
    2.01500010e+00 2.04900002e+00 2.08500004e+00 2.18099999e+00
    2.28600001e+00 2.47900009e+00 2.64700007e+00 2.69000006e+00
    2.72300005e+00 2.72300005e+00 2.72300005e+00 2.72300005e+00
    2.72300005e+00 0. 0. 0. 0. 0. 0. 0. 0. 0. 0. 0. 1.89699996e+00
    1.88300002e+00 1.85699999e+00 1.84599996e+00 1.84599996e+00
    1.87100005e+00 1.90999997e+00 1.95000005e+00 1.99000001e+00 2. 2. 2.
    2. 2. 2. 2. 2. 2.02800012e+00 2.05599999e+00 2.09800005e+00
    2.15300012e+00 2.30999994e+00 2.44799995e+00 2.48300004e+00
    2.52699995e+00 2.60200000e+00 2.65700006e+00 2.65700006e+00
    2.65700006e+00 0. 0. 0. 0. 0. 0. 0. 0. 0. 0. 0. 1.85800004e+00
    1.85500002e+00 1.84800005e+00 1.84599996e+00 1.84599996e+00
    1.87100005e+00 1.90999997e+00 1.95000005e+00 1.99000001e+00 2. 2. 2.
    2. 2. 2. 2. 2. 2.00600004e+00 2.01399994e+00 2.05599999e+00
    2.09800005e+00 2.13400006e+00 2.16599989e+00 2.17400002e+00
    2.22199988e+00 2.41499996e+00 2.55500007e+00 2.55500007e+00
    2.55500007e+00 0. 0. 0. 0. 0. 0. 0. 0. 0. 0. 0. 1.84599996e+00
    1.84599996e+00 1.84599996e+00 1.84599996e+00 1.84599996e+00
    1.87100005e+00 1.90999997e+00 1.95000005e+00 1.99000001e+00 2. 2. 2.
    2. 2. 2. 2. 2. 2. 2.00200009e+00 2.04399991e+00 2.08100009e+00
    2.08100009e+00 2.08100009e+00 2.08100009e+00 2.11299992e+00
    2.25799990e+00 2.35999990e+00 2.34500003e+00 2.33500004e+00 0. 0. 0.
    0. 0. 0. 0. 0. 0. 0. 0. 1.84599996e+00 1.84599996e+00 1.84599996e+00
    1.84599996e+00 1.84599996e+00 1.87100005e+00 1.90999997e+00
    1.95000005e+00 1.99000001e+00 2. 2. 2. 2. 2. 2. 2. 2. 2.
    2.00200009e+00 2.04399991e+00 2.08100009e+00 2.08100009e+00
    2.08100009e+00 2.08100009e+00 2.08699989e+00 2.11599994e+00
    2.12599993e+00 2.08999991e+00 2.06500006e+00 0. 0. 0. 0. 0. 0. 0. 0.
    0. 0. 0. 1.87600005e+00 1.87600005e+00 1.87600005e+00 1.87600005e+00
    1.87600005e+00 1.89100003e+00 1.91499996e+00 1.95000005e+00
    1.99000001e+00 2. 2. 2. 2. 2. 2. 2. 2. 2. 2.00099993e+00
    2.02699995e+00 2.04900002e+00 2.04900002e+00 2.04900002e+00
    2.04900002e+00 2.04900002e+00 2.04900002e+00 2.03800011e+00
    1.99699998e+00 1.97000003e+00 0. 0. 0. 0. 0. 0. 0. 0. 0. 0. 0.
    1.91499996e+00 1.91499996e+00 1.91499996e+00 1.91499996e+00
    1.91499996e+00 1.91700006e+00 1.92100000e+00 1.95000005e+00
    1.99000001e+00 2. 2. 2. 2. 2. 2. 2. 2. 2. 2. 2.00399995e+00
    2.00799990e+00 2.00799990e+00 2.00799990e+00 2.00799990e+00
    2.00799990e+00 2.00799990e+00 1.99699998e+00 1.95599997e+00
    1.92900002e+00 0. 0. 0. 0. 0. 0. 0. 0. 0. 0. 0. 1.92200005e+00
    1.92200005e+00 1.92200005e+00 1.92200005e+00 1.92200005e+00
    1.92200005e+00 1.92200005e+00 1.95000005e+00 1.99000001e+00 2. 2. 2.
    2. 2. 2. 2. 2. 2. 2. 2. 2. 2. 2. 2. 2. 2. 1.98899996e+00
    1.94900000e+00 1.92200005e+00 0. 0. 0. 0. 0. 0. 0. 0. 0. 0. 0.
    1.92200005e+00 1.92200005e+00 1.92200005e+00 1.92200005e+00
    1.92200005e+00 1.92200005e+00 1.92200005e+00 1.95000005e+00
    1.99000001e+00 2. 2. 2. 2. 2. 2. 2. 2. 2. 2. 2. 2. 2. 2. 2. 2. 2.
    1.98899996e+00 1.94900000e+00 1.92200005e+00 0. 0. 0. 0. 0. 0. 0. 0.
    0. 0. 0. 1.92200005e+00 1.92200005e+00 1.92200005e+00 1.92200005e+00
    1.92200005e+00 1.92200005e+00 1.92200005e+00 1.95000005e+00
    1.99000001e+00 2. 2. 2. 2. 2. 2. 2. 2. 2. 2. 2. 2. 2. 2. 2.
    1.99600005e+00 1.97800004e+00 1.95899999e+00 1.93700004e+00
    1.92200005e+00 0. 0. 0. 0. 0. 0. 0. 0. 0. 0. 0. 1.92200005e+00
    1.92200005e+00 1.92200005e+00 1.92200005e+00 1.92200005e+00
    1.92200005e+00 1.92200005e+00 1.95000005e+00 1.99000001e+00 2. 2. 2.
    2. 2. 2. 2. 2. 2. 2. 2. 2. 2. 2. 2. 1.99199998e+00 1.95299995e+00
    1.92400002e+00 1.92299998e+00 1.92200005e+00 0. 0. 0. 0. 0. 0. 0. 0.
    0. 0. 0. 1.92200005e+00 1.92200005e+00 1.92200005e+00 1.92200005e+00
    1.92200005e+00 1.92200005e+00 1.92200005e+00 1.95000005e+00
    1.99000001e+00 2. 2. 2. 2. 2. 2. 2. 2. 2. 2. 2. 2. 2. 2. 2.
    1.99100006e+00 1.95099998e+00 1.91700006e+00 1.89800000e+00
    1.88600004e+00 0. 0. 0. 0. 0. 0. 0. 0. 0. 0. 0. 1.92200005e+00
    1.92200005e+00 1.92200005e+00 1.92200005e+00 1.92200005e+00
    1.92200005e+00 1.92200005e+00 1.95000005e+00 1.99000001e+00 2. 2. 2.
    2. 2. 2. 2. 2. 2. 2. 2. 2. 2. 2. 2. 1.99100006e+00 1.95099998e+00
    1.91100001e+00 1.87199998e+00 1.84599996e+00 0. 0. 0. 0. 0. 0. 0. 0.
    0. 0. 0. 1.96200001e+00 1.95099998e+00 1.92999995e+00 1.92200005e+00
    1.92200005e+00 1.92200005e+00 1.92200005e+00 1.95000005e+00
    1.99000001e+00 2. 2. 2. 2. 2. 2. 2. 2. 2. 2. 2. 2. 2. 2. 2.
    1.99100006e+00 1.95099998e+00 1.91100001e+00 1.87199998e+00
