<?xml version="1.0"?>
<opencv_storage>
<Depth type_id="opencv-matrix">
  <rows>40</rows>
  <cols>40</cols>
  <dt>f</dt>
  <data>
    0. 0. 0. 0. 0. 0. 0. 0. 0. 0. 0. 0. 0. 0. 0. 0. 0. 0. 0. 0. 0. 0. 0.
    0. 0. 0. 0. 0. 0. 0. 0. 0. 0. 0. 0. 0. 0. 0. 0. 0. 0. 0. 0. 0. 0. 0.
    0. 0. 0. 0. 0. 0. 0. 0. 0. 0. 0. 0. 0. 0. 0. 0. 0. 0. 0. 0. 0. 0. 0.
    0. 0. 0. 0. 0. 0. 0. 0. 0. 0. 0. 0. 0. 0. 0. 0. 0. 0. 0. 0. 0. 0. 0.
    0. 0. 0. 0. 0. 0. 0. 0. 0. 0. 0. 0. 0. 0. 0. 0. 0. 0. 0. 0. 0. 0. 0.
    0. 0. 0. 0. 0. 0. 0. 0. 0. 0. 0. 0. 0. 0. 0. 0. 0. 0. 0. 0. 0. 0. 0.
    0. 0. 0. 0. 0. 0. 0. 0. 0. 0. 0. 0. 0. 0. 0. 0. 0. 0. 0. 0. 0. 0. 0.
    0. 0. 0. 0. 0. 0. 0. 0. 0. 0. 0. 0. 0. 0. 0. 0. 0. 0. 0. 0. 0. 0. 0.
    0. 0. 0. 0. 0. 0. 0. 0. 0. 0. 0. 0. 0. 0. 0. 0. 0. 0. 0. 0. 0. 0. 0.
    0. 0. 0. 0. 0. 0. 0. 0. 0. 0. 0. 0. 0. 0. 0. 0. 0. 0. 0. 0. 0. 0. 0.
    0. 0. 0. 0. 0. 0. 0. 0. 0. 0. 0. 0. 0. 0. 0. 2.25000000e+00
    2.27399993e+00 2.31900001e+00 2.33800006e+00 2.33800006e+00
    2.33800006e+00 2.33800006e+00 2.27500010e+00 2.18600011e+00
    2.13199997e+00 2.08899999e+00 2.08100009e+00 2.08100009e+00
    2.04500008e+00 2.00300002e+00 2. 2. 2. 1.99800003e+00 1.95799994e+00
    1.90300000e+00 1.71899998e+00 1.55900002e+00 1.52499998e+00
    1.49800003e+00 1.49800003e+00 1.48899996e+00 1.45700002e+00
    1.43499994e+00 0. 0. 0. 0. 0. 0. 0. 0. 0. 0. 0. 2.20400000e+00
    2.23399997e+00 2.29099989e+00 2.31399989e+00 2.31399989e+00
    2.30599999e+00 2.29399991e+00 2.22900009e+00 2.14100003e+00
    2.08699989e+00 2.04500008e+00 2.03800011e+00 2.03800011e+00
    2.02099991e+00 2.00099993e+00 2. 2. 2. 1.99899995e+00 1.96899998e+00
    1.92400002e+00 1.73800004e+00 1.57599998e+00 1.53199995e+00
    1.49600005e+00 1.48699999e+00 1.47399998e+00 1.45099998e+00
    1.43499994e+00 0. 0. 0. 0. 0. 0. 0. 0. 0. 0. 0. 2.11700010e+00
    2.15799999e+00 2.23600006e+00 2.26900005e+00 2.26900005e+00
    2.24600005e+00 2.21099997e+00 2.14100003e+00 2.05599999e+00
    2.00399995e+00 1.96300006e+00 1.95599997e+00 1.95599997e+00
    1.97599995e+00 1.99800003e+00 2. 2. 2. 2. 1.99100006e+00
    1.96399999e+00 1.77600002e+00 1.60800004e+00 1.54600000e+00
    1.49199998e+00 1.46700001e+00 1.44700003e+00 1.44000006e+00
    1.43499994e+00 0. 0. 0. 0. 0. 0. 0. 0. 0. 0. 0. 2.05699992e+00
    2.09500003e+00 2.16899991e+00 2.19899988e+00 2.19899988e+00
    2.17100000e+00 2.12800002e+00 2.06500006e+00 1.99399996e+00
    1.95500004e+00 1.92700005e+00 1.92200005e+00 1.92200005e+00
    1.95700002e+00 1.99699998e+00 2. 2. 2. 2. 2. 1.98599994e+00
    1.85399997e+00 1.72300005e+00 1.59700000e+00 1.49100006e+00
    1.45899999e+00 1.43499994e+00 1.43499994e+00 1.43499994e+00 0. 0. 0.
    0. 0. 0. 0. 0. 0. 0. 0. 2.01500010e+00 2.04099989e+00 2.09100008e+00
    2.11199999e+00 2.11199999e+00 2.08500004e+00 2.04299998e+00
    1.99600005e+00 1.94799995e+00 1.93099999e+00 1.92299998e+00
    1.92200005e+00 1.92200005e+00 1.95700002e+00 1.99699998e+00 2. 2. 2.
    2. 2. 1.99600005e+00 1.96200001e+00 1.89699996e+00 1.67299998e+00
    1.49100006e+00 1.45899999e+00 1.43499994e+00 1.43499994e+00
    1.43499994e+00 0. 0. 0. 0. 0. 0. 0. 0. 0. 0. 0. 1.97399998e+00
    1.98899996e+00 2.01699996e+00 2.02800012e+00 2.02800012e+00
    2.00999999e+00 1.98199999e+00 1.95500004e+00 1.92799997e+00
    1.92200005e+00 1.92200005e+00 1.92200005e+00 1.92200005e+00
    1.95700002e+00 1.99699998e+00 2. 2. 2.01399994e+00 2.02699995e+00
    2.02699995e+00 2.02800012e+00 2.04200006e+00 2.00799990e+00
    1.72200000e+00 1.49100006e+00 1.45899999e+00 1.43499994e+00
    1.43499994e+00 1.43499994e+00 0. 0. 0. 0. 0. 0. 0. 0. 0. 0. 0.
    1.93400002e+00 1.93700004e+00 1.94400001e+00 1.94599998e+00
    1.94599998e+00 1.94200003e+00 1.93599999e+00 1.92999995e+00
    1.92299998e+00 1.92200005e+00 1.92200005e+00 1.92200005e+00
    1.92200005e+00 1.95700002e+00 1.99699998e+00 2. 2. 2.03500009e+00
    2.06900001e+00 2.06900001e+00 2.07200003e+00 2.10800004e+00
    2.08599997e+00 1.75600004e+00 1.49100006e+00 1.45899999e+00
    1.43499994e+00 1.43499994e+00 1.43499994e+00 0. 0. 0. 0. 0. 0. 0. 0.
    0. 0. 0. 1.89499998e+00 1.89499998e+00 1.89499998e+00 1.89499998e+00
    1.89499998e+00 1.89499998e+00 1.89499998e+00 1.89499998e+00
    1.89499998e+00 1.90499997e+00 1.91900003e+00 1.92200005e+00
    1.92200005e+00 1.95700002e+00 1.99699998e+00 2. 2. 2.04099989e+00
    2.08200002e+00 2.09699988e+00 2.11500001e+00 2.15899992e+00
    2.16300011e+00 1.96000004e+00 1.75999999e+00 1.57200003e+00
    1.43499994e+00 1.43499994e+00 1.43499994e+00 0. 0. 0. 0. 0. 0. 0. 0.
    0. 0. 0. 1.85500002e+00 1.85500002e+00 1.85500002e+00 1.85500002e+00
    1.85500002e+00 1.85500002e+00 1.85500002e+00 1.85500002e+00
    1.85500002e+00 1.88100004e+00 1.91600001e+00 1.92200005e+00
    1.92200005e+00 1.95700002e+00 1.99699998e+00 2. 2. 2.04099989e+00
    2.08299994e+00 2.11999989e+00 2.15799999e+00 2.20199990e+00
    2.23900008e+00 2.23600006e+00 2.14400005e+00 1.73300004e+00
    1.43499994e+00 1.43499994e+00 1.43499994e+00 0. 0. 0. 0. 0. 0. 0. 0.
    0. 0. 0. 1.81799996e+00 1.82500005e+00 1.84000003e+00 1.84599996e+00
    1.84599996e+00 1.84599996e+00 1.84599996e+00 1.84599996e+00
    1.84599996e+00 1.87600005e+00 1.91499996e+00 1.92200005e+00
    1.92200005e+00 1.95700002e+00 1.99699998e+00 2. 2. 2.04099989e+00
    2.08299994e+00 2.12599993e+00 2.16899991e+00 2.21300006e+00
    2.25699997e+00 2.30299997e+00 2.27200007e+00 1.97099996e+00
    1.71200001e+00 1.55999994e+00 1.46000004e+00 0. 0. 0. 0. 0. 0. 0. 0.
    0. 0. 0. 1.77999997e+00 1.79799998e+00 1.83200002e+00 1.84599996e+00
    1.84599996e+00 1.84599996e+00 1.84599996e+00 1.84599996e+00
    1.84599996e+00 1.87600005e+00 1.91499996e+00 1.92200005e+00
    1.92200005e+00 1.95700002e+00 1.99699998e+00 2. 2. 2.04099989e+00
    2.08299994e+00 2.12599993e+00 2.16899991e+00 2.21300006e+00
    2.25699997e+00 2.30299997e+00 2.31900001e+00 2.23399997e+00
    2.07599998e+00 1.72599995e+00 1.49199998e+00 0. 0. 0. 0. 0. 0. 0. 0.
    0. 0. 0. 1.77300000e+00 1.79299998e+00 1.83000004e+00 1.84599996e+00
    1.84599996e+00 1.84599996e+00 1.84599996e+00 1.84599996e+00
    1.84599996e+00 1.87600005e+00 1.91499996e+00 1.92200005e+00
    1.92200005e+00 1.95700002e+00 1.99699998e+00 2. 2. 2.04099989e+00
    2.08200002e+00 2.10700011e+00 2.13400006e+00 2.17700005e+00
    2.22099996e+00 2.26600003e+00 2.29500008e+00 2.26900005e+00
    2.16899991e+00 1.87300003e+00 1.67600000e+00 0. 0. 0. 0. 0. 0. 0. 0.
    0. 0. 0. 1.77300000e+00 1.79299998e+00 1.83000004e+00 1.84599996e+00
    1.84599996e+00 1.84599996e+00 1.84599996e+00 1.84599996e+00
    1.84599996e+00 1.87600005e+00 1.91499996e+00 1.92200005e+00
    1.92200005e+00 1.95700002e+00 1.99699998e+00 2. 2. 2.04099989e+00
    2.08100009e+00 2.08400011e+00 2.09100008e+00 2.13400006e+00
    2.17700005e+00 2.22099996e+00 2.25500011e+00 2.25200009e+00
    2.20000005e+00 2.01699996e+00 1.89400005e+00 0. 0. 0. 0. 0. 0. 0. 0.
    0. 0. 0. 1.77300000e+00 1.78400004e+00 1.80499995e+00 1.82299995e+00
    1.84000003e+00 1.84599996e+00 1.84599996e+00 1.84599996e+00
    1.84599996e+00 1.87600005e+00 1.91499996e+00 1.92200005e+00
    1.92200005e+00 1.95700002e+00 1.99699998e+00 2. 2. 2.02300000e+00
    2.04500008e+00 2.06399989e+00 2.08299994e+00 2.10700011e+00
    2.13400006e+00 2.17700005e+00 2.21099997e+00 2.21099997e+00
    2.18000007e+00 2.06800008e+00 1.99300003e+00 0. 0. 0. 0. 0. 0. 0. 0.
    0. 0. 0. 1.77300000e+00 1.77400005e+00 1.77499998e+00 1.79700005e+00
    1.83299994e+00 1.84599996e+00 1.84599996e+00 1.84599996e+00
    1.84599996e+00 1.87600005e+00 1.91499996e+00 1.92200005e+00
    1.92200005e+00 1.95700002e+00 1.99699998e+00 2. 2. 2.00099993e+00
    2.00500011e+00 2.04500008e+00 2.08100009e+00 2.08299994e+00
    2.09100008e+00 2.13400006e+00 2.16700006e+00 2.16700006e+00
    2.15400004e+00 2.10700011e+00 2.07500005e+00 0. 0. 0. 0. 0. 0. 0. 0.
    0. 0. 0. 1.73899996e+00 1.74800003e+00 1.76600003e+00 1.79499996e+00
    1.83299994e+00 1.84599996e+00 1.84599996e+00 1.84599996e+00
