<?xml version="1.0"?>
<opencv_storage>
<Depth type_id="opencv-matrix">
  <rows>40</rows>
  <cols>40</cols>
  <dt>f</dt>
  <data>
    0. 0. 0. 0. 0. 0. 0. 0. 0. 0. 0. 0. 0. 0. 0. 0. 0. 0. 0. 0. 0. 0. 0.
    0. 0. 0. 0. 0. 0. 0. 0. 0. 0. 0. 0. 0. 0. 0. 0. 0. 0. 0. 0. 0. 0. 0.
    0. 0. 0. 0. 0. 0. 0. 0. 0. 0. 0. 0. 0. 0. 0. 0. 0. 0. 0. 0. 0. 0. 0.
    0. 0. 0. 0. 0. 0. 0. 0. 0. 0. 0. 0. 0. 0. 0. 0. 0. 0. 0. 0. 0. 0. 0.
    0. 0. 0. 0. 0. 0. 0. 0. 0. 0. 0. 0. 0. 0. 0. 0. 0. 0. 0. 0. 0. 0. 0.
    0. 0. 0. 0. 0. 0. 0. 0. 0. 0. 0. 0. 0. 0. 0. 0. 0. 0. 0. 0. 0. 0. 0.
    0. 0. 0. 0. 0. 0. 0. 0. 0. 0. 0. 0. 0. 0. 0. 0. 0. 0. 0. 0. 0. 0. 0.
    0. 1.17499995e+00 2.01200008e+00 2.00999999e+00 2.01300001e+00
    2.02999997e+00 1.97800004e+00 2.07900000e+00 2.09599996e+00
    2.11700010e+00 2.14100003e+00 1.53100002e+00 1.17499995e+00
    1.17499995e+00 1.21599996e+00 2.01999998e+00 2.03699994e+00
    2.04600000e+00 2.06100011e+00 2.07800007e+00 2.08500004e+00 0. 0. 0.
    0. 0. 0. 0. 0. 0. 0. 0. 0. 0. 0. 0. 0. 0. 0. 0. 0. 1.21500003e+00
    2.01799989e+00 2.03299999e+00 2.04200006e+00 2.05999994e+00
    1.51499999e+00 1.17499995e+00 1.70400000e+00 1.69599998e+00
    1.17499995e+00 1.17499995e+00 1.17499995e+00 1.99800003e+00
    2.00600004e+00 2.01500010e+00 2.02800012e+00 2.03900003e+00
    2.05299997e+00 2.06699991e+00 2.08299994e+00 1.17499995e+00
    2.16899991e+00 0. 0. 0. 0. 0. 0. 0. 0. 0. 0. 0. 0. 0. 0. 0. 0. 0. 0.
    2.02600002e+00 1.82599998e+00 2.08500004e+00 2.07999992e+00
    2.10400009e+00 1.17499995e+00 1.17499995e+00 1.17499995e+00
    1.17499995e+00 1.17499995e+00 1.68599999e+00 1.99800003e+00
    1.99600005e+00 1.99899995e+00 2.00999999e+00 2.01999998e+00
    2.03200006e+00 2.04299998e+00 2.05800009e+00 2.07299995e+00
    1.95299995e+00 1.17499995e+00 0. 0. 0. 0. 0. 0. 0. 0. 0. 0. 0. 0. 0.
    0. 0. 0. 0. 0. 1.17499995e+00 1.17499995e+00 2.09500003e+00
    2.10299993e+00 2.11800003e+00 1.17499995e+00 1.17499995e+00
    1.17499995e+00 1.17499995e+00 2.00999999e+00 2.00500011e+00 2.
    1.99600005e+00 1.99300003e+00 2. 2.00999999e+00 2.02500010e+00
    2.03299999e+00 2.05299997e+00 2.06399989e+00 2.07399988e+00
    1.97200000e+00 0. 0. 0. 0. 0. 0. 0. 0. 0. 0. 0. 0. 0. 0. 0. 0. 0. 0.
    1.17499995e+00 1.17499995e+00 1.17499995e+00 1.17499995e+00
    1.17499995e+00 1.17499995e+00 1.17499995e+00 1.17499995e+00
    2.01399994e+00 2.00900006e+00 2.00600004e+00 2.00200009e+00
    1.99800003e+00 1.99600005e+00 1.99600005e+00 2.00500011e+00
    2.01600003e+00 2.02800012e+00 2.03999996e+00 2.05399990e+00
    2.06399989e+00 2.07900000e+00 2.08500004e+00 2.89199996e+00
    2.92499995e+00 0. 0. 0. 0. 0. 0. 0. 0. 0. 0. 0. 0. 0. 0. 0.
    1.17499995e+00 1.17499995e+00 1.17499995e+00 1.17499995e+00
    1.17499995e+00 1.17499995e+00 1.37800002e+00 2.01799989e+00
    2.01300001e+00 2.00999999e+00 2.00699997e+00 2.00500011e+00
    2.00099993e+00 1.99699998e+00 1.99399996e+00 1.99899995e+00
    2.00999999e+00 2.01999998e+00 2.03099990e+00 2.04500008e+00
    2.05599999e+00 2.06900001e+00 2.08299994e+00 1.54299998e+00 0.
    2.97700000e+00 0. 0. 0. 0. 0. 0. 0. 0. 0. 0. 0. 0. 0. 0.
    1.17499995e+00 1.17499995e+00 1.17499995e+00 1.17499995e+00
    1.17499995e+00 1.82700002e+00 2.01999998e+00 2.01799989e+00
    2.01399994e+00 2.01200008e+00 2.01099992e+00 2.00600004e+00
    2.00399995e+00 2. 1.99600005e+00 1.99600005e+00 2. 2.01300001e+00
    2.02300000e+00 2.03399992e+00 2.04699993e+00 2.05999994e+00
    2.07699990e+00 1.57099998e+00 1.39999998e+00 0. 0. 0. 0. 0. 0.
    2.99200010e+00 2.51500010e+00 0. 0. 0. 0. 0. 0. 0. 1.17499995e+00
    1.17499995e+00 1.17499995e+00 1.17499995e+00 1.28499997e+00
    2.02600002e+00 2.02500010e+00 2.01999998e+00 2.01600003e+00
    2.01500010e+00 2.01200008e+00 2.00799990e+00 2.00600004e+00
    1.99899995e+00 1.99699998e+00 1.99399996e+00 1.99399996e+00
    2.00600004e+00 2.01500010e+00 2.02600002e+00 2.03800011e+00
    2.04800010e+00 2.06699991e+00 2.07800007e+00 1.17499995e+00 0. 0. 0.
    0. 0. 0. 0. 0. 0. 0. 0. 0. 0. 0. 0. 1.17499995e+00 1.17499995e+00
    1.17499995e+00 2.03500009e+00 2.03500009e+00 2.02900004e+00
    2.02500010e+00 2.02200007e+00 2.01799989e+00 2.01699996e+00
    2.01500010e+00 2.01200008e+00 2.00600004e+00 2.00300002e+00
    1.99899995e+00 1.99600005e+00 1.99399996e+00 1.99699998e+00
    2.00500011e+00 2.01900005e+00 2.03099990e+00 2.04299998e+00
    2.05599999e+00 2.06999993e+00 1.96700001e+00 1.17499995e+00 0. 0. 0.
    0. 0. 0. 0. 0. 0. 0. 0. 0. 0. 0. 1.17499995e+00 1.17499995e+00
    2.04200006e+00 2.03800011e+00 2.03500009e+00 2.03299999e+00
    2.02900004e+00 2.02500010e+00 2.02099991e+00 2.01999998e+00
    2.01600003e+00 2.01200008e+00 2.00900006e+00 2.00399995e+00
    2.00099993e+00 1.99800003e+00 1.99399996e+00 1.99500000e+00
    1.99800003e+00 2.00900006e+00 2.02099991e+00 2.03299999e+00
    2.04800010e+00 2.06500006e+00 2.07800007e+00 1.17499995e+00
    1.17499995e+00 0. 0. 0. 0. 0. 0. 0. 0. 0. 0. 0. 0. 0. 1.17499995e+00
    1.38300002e+00 2.04200006e+00 2.03900003e+00 2.03500009e+00
    2.03200006e+00 2.02900004e+00 2.02600002e+00 2.02300000e+00
    2.02099991e+00 2.01500010e+00 2.01200008e+00 2.01099992e+00
    2.00900006e+00 2.00399995e+00 1.99800003e+00 1.99600005e+00
    1.99399996e+00 1.99199998e+00 2.00200009e+00 2.01399994e+00
    2.02600002e+00 2.03900003e+00 2.05299997e+00 2.06500006e+00
    2.07900000e+00 1.17499995e+00 0. 0. 0. 0. 0. 0. 0. 0. 0. 0. 0. 0. 0.
    1.28499997e+00 2.04500008e+00 2.04500008e+00 2.04200006e+00
    2.03699994e+00 2.03500009e+00 2.03200006e+00 2.02600002e+00
    2.02399993e+00 2.02099991e+00 2.01900005e+00 2.01600003e+00
    2.01200008e+00 2.00999999e+00 2.00500011e+00 2.00200009e+00
    1.99800003e+00 1.99600005e+00 1.99199998e+00 1.99600005e+00
    2.00699997e+00 2.01600003e+00 2.03099990e+00 2.04200006e+00
    2.05800009e+00 2.06800008e+00 2.01399994e+00 1.17499995e+00 0. 0. 0.
    0. 0. 0. 0. 0. 0. 0. 0. 0. 2.06200004e+00 2.05299997e+00
    2.04699993e+00 2.04399991e+00 2.03900003e+00 2.03699994e+00
    2.03500009e+00 2.02900004e+00 2.02600002e+00 2.02200007e+00
    2.01999998e+00 2.01799989e+00 2.01399994e+00 2.00999999e+00
    2.00600004e+00 2.00200009e+00 2. 1.99699998e+00 1.99300003e+00
    1.99000001e+00 1.99699998e+00 2.00699997e+00 2.02399993e+00
    2.03399992e+00 2.04600000e+00 2.05900002e+00 2.07299995e+00
    1.37699997e+00 1.17499995e+00 0. 0. 0. 0. 0. 0. 0. 0. 0. 0. 0.
    2.05500007e+00 2.05299997e+00 2.04900002e+00 2.04500008e+00
    2.04200006e+00 2.03900003e+00 2.03600001e+00 2.02999997e+00
    2.02699995e+00 2.02600002e+00 2.02200007e+00 2.01999998e+00
    2.01600003e+00 2.01200008e+00 2.00699997e+00 2.00500011e+00
    2.00099993e+00 1.99699998e+00 1.99500000e+00 1.99000001e+00
    1.99000001e+00 2. 2.01399994e+00 2.02800012e+00 2.03699994e+00
    2.04999995e+00 2.06100011e+00 2.07599998e+00 1.17499995e+00 0. 0. 0.
    0. 0. 0. 0. 0. 0. 0. 0. 1.28600001e+00 2.05500007e+00 2.05100012e+00
    2.04500008e+00 2.04399991e+00 2.04099989e+00 2.03699994e+00
    2.03500009e+00 2.03099990e+00 2.02900004e+00 2.02600002e+00
    2.01999998e+00 2.01900005e+00 2.01300001e+00 2.00799990e+00
    2.00600004e+00 2.00399995e+00 1.99899995e+00 1.99600005e+00
    1.99199998e+00 1.99100006e+00 1.99199998e+00 2.00699997e+00
    2.01600003e+00 2.02800012e+00 2.04500008e+00 2.05399990e+00
    2.06699991e+00 1.17499995e+00 1.17499995e+00 0. 0. 0. 0. 0. 0. 0. 0.
    0. 0. 1.28499997e+00 2.05500007e+00 2.05299997e+00 2.04800010e+00
    2.04600000e+00 2.04099989e+00 2.03800011e+00 2.03500009e+00
    2.03299999e+00 2.03099990e+00 2.02900004e+00 2.02399993e+00
    2.01999998e+00 2.01500010e+00 2.01099992e+00 2.00799990e+00
    2.00600004e+00 2.00099993e+00 1.99699998e+00 1.99600005e+00
    1.99199998e+00 1.99000001e+00 1.99600005e+00 2.00799990e+00
    2.01699996e+00 2.02900004e+00 2.04699993e+00 2.05599999e+00
    2.06100011e+00 1.17499995e+00 0. 0. 0. 0. 0. 0. 0. 0. 0. 0.
    1.28600001e+00 2.05699992e+00 2.05399990e+00 2.04999995e+00
