<?xml version="1.0"?>
<opencv_storage>
<Depth type_id="opencv-matrix">
  <rows>40</rows>
  <cols>40</cols>
  <dt>f</dt>
  <data>
    0. 0. 0. 0. 0. 0. 0. 0. 0. 0. 0. 0. 0. 0. 0. 0. 0. 0. 0. 0. 0. 0. 0.
    0. 0. 0. 0. 0. 0. 0. 0. 0. 0. 0. 0. 0. 0. 0. 0. 0. 0. 0. 0. 0. 0. 0.
    0. 0. 0. 0. 0. 0. 0. 0. 0. 0. 0. 0. 0. 0. 0. 0. 0. 0. 0. 0. 0. 0. 0.
    0. 0. 0. 0. 0. 0. 0. 0. 0. 0. 0. 0. 0. 0. 0. 0. 0. 0. 0. 0. 0. 0. 0.
    0. 0. 0. 0. 0. 0. 0. 0. 0. 0. 0. 0. 0. 0. 0. 0. 0. 0. 0. 0. 0. 0. 0.
    0. 0. 0. 0. 0. 0. 0. 0. 0. 0. 0. 0. 0. 0. 0. 0. 0. 0. 0. 0. 0. 0. 0.
    0. 0. 0. 0. 0. 0. 0. 0. 0. 0. 0. 0. 0. 0. 0. 0. 0. 0. 0. 0. 0. 0. 0.
    0. 0. 0. 0. 0. 0. 0. 0. 0. 0. 0. 0. 0. 0. 0. 0. 0. 0. 0. 0. 0. 0. 0.
    0. 0. 0. 0. 0. 0. 0. 0. 0. 0. 0. 0. 0. 0. 0. 0. 0. 0. 0. 0. 0. 0. 0.
    0. 0. 0. 0. 0. 0. 0. 0. 0. 0. 0. 0. 0. 0. 0. 0. 0. 0. 0. 0. 0. 0. 0.
    0. 0. 0. 0. 0. 0. 0. 0. 0. 0. 0. 0. 0. 0. 0. 0. 0. 0. 0. 0. 0. 0. 0.
    0. 0. 0. 0. 0. 0. 0. 0. 0. 0. 0. 0. 0. 0. 0. 0. 0. 0. 0. 0. 0. 0. 0.
    0. 0. 0. 0. 0. 0. 0. 0. 0. 0. 0. 0. 0. 0. 0. 0. 0. 0. 0. 0. 0. 0. 0.
    0. 0. 0. 0. 0. 0. 0. 0. 0. 0. 0. 0. 0. 0. 0. 0. 0. 0. 0. 0. 0. 0. 0.
    0. 0. 0. 0. 0. 2.18400002e+00 2.18400002e+00 2.18400002e+00
    2.18400002e+00 2.18400002e+00 2.18400002e+00 2.18400002e+00
    2.18400002e+00 2.18400002e+00 2.18400002e+00 2.16700006e+00
    2.10400009e+00 2.04099989e+00 2. 2. 2. 1.97399998e+00 1.91400003e+00
    1.85399997e+00 1.82500005e+00 1.82500005e+00 1.82500005e+00
    1.82500005e+00 1.82500005e+00 1.82500005e+00 1.82500005e+00 0. 0. 0.
    0. 0. 0. 0. 0. 0. 0. 0. 0. 0. 0. 2.18400002e+00 2.18400002e+00
    2.18400002e+00 2.18400002e+00 2.18400002e+00 2.18400002e+00
    2.18400002e+00 2.18400002e+00 2.18300009e+00 2.18199992e+00
    2.16400003e+00 2.10200000e+00 2.03999996e+00 2. 2. 2. 1.97399998e+00
    1.91400003e+00 1.85399997e+00 1.82500005e+00 1.82500005e+00
    1.82500005e+00 1.82500005e+00 1.82500005e+00 1.82500005e+00
    1.82500005e+00 0. 0. 0. 0. 0. 0. 0. 0. 0. 0. 0. 0. 0. 0.
    2.18400002e+00 2.18400002e+00 2.18400002e+00 2.18400002e+00
    2.18400002e+00 2.18400002e+00 2.18400002e+00 2.18000007e+00
    2.15700006e+00 2.13499999e+00 2.10700011e+00 2.06699991e+00
    2.02600002e+00 2. 2. 2. 1.97399998e+00 1.91400003e+00 1.85399997e+00
    1.82500005e+00 1.82500005e+00 1.82500005e+00 1.82500005e+00
    1.82500005e+00 1.82500005e+00 1.82500005e+00 0. 0. 0. 0. 0. 0. 0. 0.
    0. 0. 0. 0. 0. 0. 2.18400002e+00 2.18400002e+00 2.18400002e+00
    2.18400002e+00 2.18400002e+00 2.18400002e+00 2.18400002e+00
    2.17499995e+00 2.13100004e+00 2.08699989e+00 2.04999995e+00
    2.03099990e+00 2.01200008e+00 2. 2. 2. 1.97399998e+00 1.91400003e+00
    1.85399997e+00 1.82500005e+00 1.82500005e+00 1.82500005e+00
    1.82500005e+00 1.82500005e+00 1.82500005e+00 1.82500005e+00 0. 0. 0.
    0. 0. 0. 0. 0. 0. 0. 0. 0. 0. 0. 2.19199991e+00 2.19199991e+00
    2.18899989e+00 2.18600011e+00 2.18400002e+00 2.18400002e+00
    2.18400002e+00 2.17199993e+00 2.10899997e+00 2.04600000e+00 2. 2. 2.
    2. 2. 2. 1.97399998e+00 1.91400003e+00 1.85399997e+00 1.82500005e+00
    1.82500005e+00 1.82500005e+00 1.82500005e+00 1.82500005e+00
    1.82500005e+00 1.82500005e+00 0. 0. 0. 0. 0. 0. 0. 0. 0. 0. 0. 0. 0.
    0. 2.25799990e+00 2.25699997e+00 2.23200011e+00 2.20600009e+00
    2.18400002e+00 2.18400002e+00 2.18400002e+00 2.17199993e+00
    2.10899997e+00 2.04600000e+00 2. 2. 2. 2. 2. 2. 1.97399998e+00
    1.91400003e+00 1.85399997e+00 1.82500005e+00 1.82500005e+00
    1.82500005e+00 1.82500005e+00 1.82500005e+00 1.82500005e+00
    1.82500005e+00 0. 0. 0. 0. 0. 0. 0. 0. 0. 0. 0. 0. 0. 0.
    2.32399988e+00 2.32200003e+00 2.27399993e+00 2.22600007e+00
    2.18400002e+00 2.18400002e+00 2.18400002e+00 2.17199993e+00
    2.10899997e+00 2.04600000e+00 2. 2. 2. 2. 2. 2. 1.97399998e+00
    1.91400003e+00 1.85399997e+00 1.82500005e+00 1.82500005e+00
    1.82500005e+00 1.82500005e+00 1.82500005e+00 1.82500005e+00
    1.82500005e+00 0. 0. 0. 0. 0. 0. 0. 0. 0. 0. 0. 0. 0. 0.
    2.37700009e+00 2.37400007e+00 2.30800009e+00 2.24200010e+00
    2.18400002e+00 2.18400002e+00 2.18400002e+00 2.17199993e+00
    2.10899997e+00 2.04600000e+00 2. 2. 2. 2. 2. 2. 1.97399998e+00
    1.91400003e+00 1.85399997e+00 1.82500005e+00 1.82500005e+00
    1.82500005e+00 1.82500005e+00 1.82500005e+00 1.82500005e+00
    1.82500005e+00 0. 0. 0. 0. 0. 0. 0. 0. 0. 0. 0. 0. 0. 0.
    2.37700009e+00 2.37400007e+00 2.30800009e+00 2.24200010e+00
    2.18400002e+00 2.18400002e+00 2.18400002e+00 2.17199993e+00
    2.10899997e+00 2.04600000e+00 2. 2. 2. 2. 2. 2. 1.97399998e+00
    1.91400003e+00 1.85399997e+00 1.82500005e+00 1.82500005e+00
    1.82500005e+00 1.82500005e+00 1.82500005e+00 1.82500005e+00
    1.82500005e+00 0. 0. 0. 0. 0. 0. 0. 0. 0. 0. 0. 0. 0. 0.
    2.37700009e+00 2.37400007e+00 2.30800009e+00 2.24200010e+00
    2.18400002e+00 2.18400002e+00 2.18400002e+00 2.17199993e+00
    2.10899997e+00 2.04600000e+00 2. 2. 2. 2. 2. 2. 1.97399998e+00
    1.91400003e+00 1.85399997e+00 1.82500005e+00 1.82500005e+00
    1.82500005e+00 1.82500005e+00 1.82500005e+00 1.82500005e+00
    1.82500005e+00 0. 0. 0. 0. 0. 0. 0. 0. 0. 0. 0. 0. 0. 0.
    2.35899997e+00 2.35599995e+00 2.29699993e+00 2.23699999e+00
    2.18400002e+00 2.18400002e+00 2.18400002e+00 2.17199993e+00
    2.10899997e+00 2.04600000e+00 2. 2. 2. 2. 2. 2. 1.97700000e+00
    1.92200005e+00 1.86800003e+00 1.84099996e+00 1.84099996e+00
    1.84099996e+00 1.83800006e+00 1.83299994e+00 1.82700002e+00
    1.82500005e+00 0. 0. 0. 0. 0. 0. 0. 0. 0. 0. 0. 0. 0. 0.
    2.29299998e+00 2.29099989e+00 2.25399995e+00 2.21700001e+00
    2.18400002e+00 2.18400002e+00 2.18400002e+00 2.17199993e+00
    2.10899997e+00 2.04600000e+00 2. 2. 2. 2. 2. 2. 1.98500001e+00
    1.95200002e+00 1.91799998e+00 1.90100002e+00 1.90100002e+00
    1.90100002e+00 1.88600004e+00 1.86000001e+00 1.83399999e+00
    1.82500005e+00 0. 0. 0. 0. 0. 0. 0. 0. 0. 0. 0. 0. 0. 0.
    2.22700000e+00 2.22600007e+00 2.21099997e+00 2.19700003e+00
    2.18400002e+00 2.18400002e+00 2.18400002e+00 2.17199993e+00
    2.10899997e+00 2.04600000e+00 2. 2. 2. 2. 2. 2. 1.99399996e+00
    1.98099995e+00 1.96800005e+00 1.96099997e+00 1.96099997e+00
    1.96099997e+00 1.93400002e+00 1.88699996e+00 1.84000003e+00
    1.82500005e+00 0. 0. 0. 0. 0. 0. 0. 0. 0. 0. 0. 0. 0. 0.
    2.31299996e+00 2.31100011e+00 2.26699996e+00 2.22300005e+00
    2.18400002e+00 2.18400002e+00 2.18400002e+00 2.17199993e+00
    2.10899997e+00 2.04600000e+00 2. 2. 2. 2. 2. 2. 2. 2. 2. 2. 2. 2.
    1.96500003e+00 1.90499997e+00 1.84500003e+00 1.82500005e+00 0. 0. 0.
    0. 0. 0. 0. 0. 0. 0. 0. 0. 0. 0. 2.67799997e+00 2.67100000e+00
    2.50200009e+00 2.33299994e+00 2.18400002e+00 2.18400002e+00
    2.18400002e+00 2.17199993e+00 2.10899997e+00 2.04600000e+00 2. 2. 2.
    2. 2. 2. 2. 2. 2. 2. 2. 2. 1.96500003e+00 1.90499997e+00
    1.84500003e+00 1.82500005e+00 0. 0. 0. 0. 0. 0. 0. 0. 0. 0. 0. 0. 0.
    0. 0. 0. 2.73699999e+00 2.44300008e+00 2.18400002e+00 2.18400002e+00
    2.18400002e+00 2.17199993e+00 2.10899997e+00 2.04600000e+00 2. 2. 2.
    2. 2. 2. 2. 2. 2. 2. 2. 2. 1.96500003e+00 1.90499997e+00
    1.84500003e+00 1.82500005e+00 0. 0. 0. 0. 0. 0. 0. 0. 0. 0. 0. 0. 0.
    0. 0. 0. 2.92600012e+00 2.61599994e+00 2.33500004e+00 2.28099990e+00
    2.22700000e+00 2.17199993e+00 2.10899997e+00 2.04600000e+00 2. 2. 2.
    2. 2. 2. 2. 2. 2. 2. 2. 2. 1.97000003e+00 1.91900003e+00
    1.86800003e+00 1.85099995e+00 0. 0. 0. 0. 0. 0. 0. 0. 0. 0. 0. 0. 0.
    0. 0. 0. 0. 2.86999989e+00 2.68499994e+00 2.50600004e+00
    2.32800007e+00 2.17199993e+00 2.10899997e+00 2.04600000e+00 2. 2. 2.
    2. 2. 2. 2. 2. 2. 2. 2. 2. 1.98199999e+00 1.95099998e+00
    1.92100000e+00 1.91100001e+00 0. 0. 0. 0. 0. 0. 0. 0. 0. 0. 0. 0. 0.
    0. 0. 0. 0. 0. 0. 2.73099995e+00 2.42799997e+00 2.17199993e+00
    2.10899997e+00 2.04600000e+00 2. 2. 2. 2. 2. 2. 2. 2. 2. 2. 2. 2.
    1.99399996e+00 1.98399997e+00 1.97399998e+00 1.97099996e+00 0. 0. 0.
