<?xml version="1.0"?>
<opencv_storage>
<Depth type_id="opencv-matrix">
  <rows>40</rows>
  <cols>40</cols>
  <dt>f</dt>
  <data>
    0. 0. 0. 0. 0. 0. 0. 0. 0. 0. 0. 0. 0. 0. 0. 0. 0. 0. 0. 0. 0. 0. 0.
    0. 0. 0. 0. 0. 0. 0. 0. 0. 0. 0. 0. 0. 0. 0. 0. 0. 0. 0. 0. 0. 0. 0.
    0. 0. 0. 0. 0. 0. 0. 0. 0. 0. 0. 0. 0. 0. 0. 0. 0. 0. 0. 0. 0. 0. 0.
    0. 0. 0. 0. 0. 0. 0. 0. 0. 0. 0. 0. 0. 0. 0. 0. 2.92799997e+00 2. 2.
    2. 2. 2. 2. 2. 2. 2. 1.99399996e+00 1.95700002e+00 1.93200004e+00
    1.93200004e+00 1.93200004e+00 1.93200004e+00 1.93200004e+00
    1.93200004e+00 0. 0. 0. 0. 0. 0. 0. 0. 0. 0. 0. 0. 0. 0. 0. 0. 0. 0.
    0. 0. 0. 0. 2.92799997e+00 2. 2. 2. 2. 2. 2. 2. 2. 2. 1.99399996e+00
    1.95700002e+00 1.93200004e+00 1.93200004e+00 1.93200004e+00
    1.93200004e+00 1.93200004e+00 1.93200004e+00 2.66300011e+00 0. 0. 0.
    0. 0. 0. 0. 0. 0. 0. 0. 0. 0. 0. 0. 0. 0. 0. 0. 0. 0. 2.92799997e+00
    2. 2. 2. 2. 2. 2. 2. 2. 2. 1.99399996e+00 1.95700002e+00
    1.93200004e+00 1.93200004e+00 1.93200004e+00 1.93200004e+00
    1.93200004e+00 1.93200004e+00 2.05800009e+00 2.30800009e+00 0. 0. 0.
    0. 0. 0. 0. 0. 0. 0. 0. 0. 0. 0. 0. 0. 0. 0. 0. 0. 2.92799997e+00 2.
    2. 2. 2. 2. 2. 2. 2. 2. 1.99399996e+00 1.95700002e+00 1.93200004e+00
    1.93200004e+00 1.93200004e+00 1.93200004e+00 1.93200004e+00
    1.93200004e+00 1.93200004e+00 2.01799989e+00 2.69199991e+00 0. 0. 0.
    0. 0. 0. 0. 0. 0. 0. 0. 0. 0. 0. 0. 0. 0. 0. 0. 2.92799997e+00 2. 2.
    2. 2. 2. 2. 2. 2. 2. 1.99399996e+00 1.95700002e+00 1.93200004e+00
    1.93200004e+00 1.93200004e+00 1.93200004e+00 1.93200004e+00
    1.93200004e+00 1.93200004e+00 1.93799996e+00 1.98399997e+00
    2.37800002e+00 0. 0. 0. 0. 0. 0. 0. 0. 0. 0. 0. 0. 0. 0. 0. 0. 0.
    2.97399998e+00 2.45900011e+00 2.03800011e+00 2.03800011e+00
    2.03800011e+00 2.03800011e+00 2.03800011e+00 2.03800011e+00
    2.02200007e+00 2.00099993e+00 2. 1.99699998e+00 1.98000002e+00
    1.96899998e+00 1.96899998e+00 1.96899998e+00 1.96899998e+00
    1.96899998e+00 1.96899998e+00 1.96899998e+00 1.97099996e+00
    1.98800004e+00 2.17199993e+00 2.70799994e+00 0. 0. 0. 0. 0. 0. 0. 0.
    0. 0. 0. 0. 0. 0. 0. 0. 2.08400011e+00 2.06900001e+00 2.06900001e+00
    2.06900001e+00 2.06900001e+00 2.06900001e+00 2.06900001e+00
    2.06900001e+00 2.04299998e+00 2.00799990e+00 2.00300002e+00 2. 2. 2.
    2. 2. 2. 2. 2. 2. 2. 2. 2.01200008e+00 2.05100012e+00 2.57800007e+00
    0. 0. 0. 0. 0. 0. 0. 0. 0. 0. 0. 0. 0. 0. 0. 2.08400011e+00
    2.06900001e+00 2.06900001e+00 2.06900001e+00 2.06900001e+00
    2.06900001e+00 2.06900001e+00 2.06900001e+00 2.05900002e+00
    2.04600000e+00 2.02099991e+00 2. 2. 2. 2. 2. 2. 2. 2. 2. 2. 2.
    2.01200008e+00 2.05100012e+00 2.26500010e+00 2.64400005e+00 0. 0. 0.
    0. 0. 0. 0. 0. 0. 0. 0. 0. 0. 2.95700002e+00 2.08100009e+00
    2.06900001e+00 2.06900001e+00 2.06900001e+00 2.06900001e+00
    2.06900001e+00 2.06900001e+00 2.06900001e+00 2.06900001e+00
    2.06900001e+00 2.03200006e+00 2. 2. 2. 2. 2. 2. 2. 2. 2. 2. 2.
    2.00999999e+00 2.03999996e+00 2.05500007e+00 2.05500007e+00
    2.62899995e+00 0. 0. 0. 0. 0. 0. 0. 0. 0. 0. 0. 2.73799992e+00
    2.36400008e+00 2.07299995e+00 2.06900001e+00 2.06900001e+00
    2.06900001e+00 2.06900001e+00 2.06900001e+00 2.06900001e+00
    2.06900001e+00 2.06900001e+00 2.06900001e+00 2.03200006e+00 2. 2. 2.
    2. 2. 2. 2. 2. 2. 2. 2. 2.00300002e+00 2.01200008e+00 2.01600003e+00
    2.01600003e+00 2.18899989e+00 2.43199992e+00 0. 0. 0. 0. 0. 0. 0. 0.
    0. 2.86800003e+00 2.24699998e+00 2.09699988e+00 2.06900001e+00
    2.06900001e+00 2.06900001e+00 2.06900001e+00 2.06900001e+00
    2.06900001e+00 2.06900001e+00 2.06900001e+00 2.06900001e+00
    2.06900001e+00 2.03200006e+00 2. 2. 2. 2. 2. 2. 2. 2. 2. 2. 2. 2. 2.
    2. 2. 2. 2. 2.70300007e+00 0. 0. 0. 0. 0. 0. 0. 2.29200006e+00
    2.22099996e+00 2.10299993e+00 2.07399988e+00 2.06900001e+00
    2.06900001e+00 2.06900001e+00 2.06900001e+00 2.06900001e+00
    2.06900001e+00 2.06900001e+00 2.06900001e+00 2.06900001e+00
    2.06900001e+00 2.03200006e+00 2. 2. 2. 2. 2. 2. 2. 2. 2. 2. 2. 2. 2.
    2. 2. 2. 2. 2.13400006e+00 2.36599994e+00 0. 0. 0. 0. 0. 0.
    2.06900001e+00 2.06900001e+00 2.06900001e+00 2.06900001e+00
    2.06900001e+00 2.06900001e+00 2.06900001e+00 2.06900001e+00
    2.06900001e+00 2.06900001e+00 2.06900001e+00 2.06900001e+00
    2.06900001e+00 2.06900001e+00 2.03200006e+00 2. 2. 2. 2. 2. 2. 2. 2.
    2. 2. 2. 2. 2. 2. 2. 2. 2. 1.98599994e+00 2.03699994e+00
    2.69000006e+00 0. 0. 0. 0. 0. 2.06900001e+00 2.06900001e+00
    2.06900001e+00 2.06900001e+00 2.06900001e+00 2.06900001e+00
    2.06900001e+00 2.06900001e+00 2.06900001e+00 2.06900001e+00
    2.06900001e+00 2.06900001e+00 2.06900001e+00 2.06900001e+00
    2.03200006e+00 2. 2. 2. 2. 2. 2. 2. 2. 2. 2. 2. 2. 2. 2. 2. 2. 2.
    1.96700001e+00 1.93599999e+00 1.96099997e+00 2.31699991e+00 0. 0. 0.
    0. 2.06900001e+00 2.06900001e+00 2.06900001e+00 2.06900001e+00
    2.06900001e+00 2.06900001e+00 2.06900001e+00 2.06900001e+00
    2.06900001e+00 2.06900001e+00 2.06900001e+00 2.06900001e+00
    2.06900001e+00 2.06900001e+00 2.05200005e+00 2.03399992e+00
    2.01300001e+00 2. 2. 2. 2. 2. 2. 2. 2. 2. 2. 2. 2. 2. 2. 2.
    1.96599996e+00 1.93200004e+00 1.93200004e+00 2.09400010e+00
    2.64299989e+00 0. 0. 0. 2.06299996e+00 2.06500006e+00 2.06800008e+00
    2.06900001e+00 2.06900001e+00 2.06900001e+00 2.06900001e+00
    2.06900001e+00 2.06900001e+00 2.06900001e+00 2.06900001e+00
    2.06900001e+00 2.06599998e+00 2.06299996e+00 2.06299996e+00
    2.05800009e+00 2.02300000e+00 2. 2. 2. 2. 2. 2. 2. 2. 2. 2. 2. 2. 2.
    2. 2. 1.96599996e+00 1.93200004e+00 1.93200004e+00 1.93200004e+00
    1.93200004e+00 2.42499995e+00 0. 0. 2.02500010e+00 2.03900003e+00
    2.06399989e+00 2.06900001e+00 2.06900001e+00 2.06900001e+00
    2.06900001e+00 2.06900001e+00 2.06900001e+00 2.06900001e+00
    2.06900001e+00 2.06900001e+00 2.04999995e+00 2.02600002e+00
    2.02500010e+00 2.02300000e+00 2.00900006e+00 2. 2. 2. 2. 2. 2. 2. 2.
    2. 2. 2. 2. 2. 2. 2. 1.96599996e+00 1.93200004e+00 1.93200004e+00
    1.93200004e+00 1.93200004e+00 2.13700008e+00 2.55699992e+00
    2.68899989e+00 2. 2.02300000e+00 2.06100011e+00 2.06900001e+00
    2.06900001e+00 2.06900001e+00 2.06900001e+00 2.06900001e+00
    2.06900001e+00 2.06900001e+00 2.06900001e+00 2.06900001e+00
    2.03999996e+00 2.00200009e+00 2. 2. 2. 2. 2. 2. 2. 2. 2. 2. 2. 2. 2.
    2. 2. 2. 2. 2. 1.96599996e+00 1.93200004e+00 1.93200004e+00
    1.93200004e+00 1.93200004e+00 1.94700003e+00 1.97700000e+00
    1.98699999e+00 2. 2.02300000e+00 2.06100011e+00 2.06900001e+00
    2.06900001e+00 2.06900001e+00 2.06900001e+00 2.06900001e+00
    2.06900001e+00 2.06900001e+00 2.06900001e+00 2.06900001e+00
    2.03999996e+00 2.00200009e+00 2. 2. 2. 2. 2. 2. 2. 2. 2. 2. 2. 2. 2.
    2. 2. 2. 2. 2. 1.96599996e+00 1.93200004e+00 1.93200004e+00
    1.93200004e+00 1.93200004e+00 1.93700004e+00 1.94599998e+00
    1.94900000e+00 2.02099991e+00 2.03699994e+00 2.06299996e+00
    2.06900001e+00 2.06900001e+00 2.06900001e+00 2.06900001e+00
    2.06900001e+00 2.06900001e+00 2.06900001e+00 2.06900001e+00
    2.06900001e+00 2.04900002e+00 2.02200007e+00 2.02099991e+00
    2.01900005e+00 2.00699997e+00 2. 2. 2.00600004e+00 2.01799989e+00
    2.02099991e+00 2.02099991e+00 2.00999999e+00 2. 2. 2. 2. 2. 2. 2. 2.
    1.96599996e+00 1.93200004e+00 1.93200004e+00 1.93200004e+00
    1.93200004e+00 1.93200004e+00 1.93200004e+00 1.93200004e+00
    2.05900002e+00 2.06200004e+00 2.06800008e+00 2.06900001e+00
    2.06900001e+00 2.06900001e+00 2.06900001e+00 2.06900001e+00
    2.06900001e+00 2.06900001e+00 2.06900001e+00 2.06900001e+00
    2.06500006e+00 2.05900002e+00 2.05900002e+00 2.05399990e+00
    2.02099991e+00 2. 2. 2.01799989e+00 2.04999995e+00 2.05900002e+00
    2.05900002e+00 2.02900004e+00 2. 2. 2. 2. 2. 2. 2. 2. 1.96599996e+00
    1.93200004e+00 1.93200004e+00 1.93200004e+00 1.93200004e+00
    1.93200004e+00 1.93200004e+00 1.93200004e+00 2.82200003e+00
