<?xml version="1.0"?>
<opencv_storage>
<Depth type_id="opencv-matrix">
  <rows>40</rows>
  <cols>40</cols>
  <dt>f</dt>
  <data>
    0. 0. 0. 0. 0. 0. 0. 0. 0. 0. 0. 0. 0. 0. 0. 0. 0. 0. 0. 0. 0. 0. 0.
    0. 0. 0. 0. 0. 0. 0. 0. 0. 0. 0. 0. 0. 0. 0. 0. 0. 0. 0. 0. 0. 0. 0.
    0. 0. 0. 0. 0. 0. 0. 0. 0. 0. 0. 0. 0. 0. 0. 0. 0. 0. 0. 0. 0. 0. 0.
    0. 0. 0. 0. 0. 0. 0. 0. 0. 0. 0. 0. 0. 0. 0. 0. 0. 0. 0. 0. 0. 0. 0.
    0. 0. 0. 0. 0. 0. 0. 0. 0. 0. 0. 0. 0. 0. 0. 0. 0. 0. 0. 0. 0. 0. 0.
    0. 0. 0. 0. 0. 0. 0. 0. 0. 0. 0. 0. 0. 0. 0. 0. 0. 0. 0. 0. 0. 0. 0.
    0. 0. 0. 0. 0. 0. 0. 0. 0. 0. 0. 0. 0. 0. 0. 0. 0. 0. 0. 0. 0. 0. 0.
    0. 0. 0. 0. 0. 0. 0. 0. 0. 0. 0. 0. 0. 0. 0. 0. 0. 0. 0. 0. 0. 0. 0.
    0. 0. 0. 0. 0. 0. 0. 0. 0. 0. 0. 0. 0. 0. 0. 0. 0. 0. 0. 0. 0. 0. 0.
    0. 0. 0. 0. 0. 0. 0. 0. 0. 0. 0. 0. 0. 0. 0. 0. 0. 0. 0. 0. 0. 0. 0.
    0. 0. 0. 0. 0. 0. 0. 0. 0. 0. 0. 0. 0. 0. 0. 0. 0. 0. 0. 0. 0. 0. 0.
    0. 0. 0. 0. 0. 0. 0. 0. 0. 0. 0. 0. 0. 0. 0. 0. 0. 0. 0. 0. 0. 0. 0.
    0. 0. 0. 0. 0. 0. 0. 0. 0. 0. 0. 0. 0. 0. 0. 0. 0. 0. 0. 0. 0. 0. 0.
    0. 0. 0. 0. 0. 0. 0. 0. 0. 0. 0. 0. 0. 0. 0. 0. 0. 0. 0. 0. 0. 0. 0.
    0. 0. 0. 0. 0. 0. 0. 0. 0. 0. 0. 0. 0. 0. 0. 0. 0. 0. 0. 0. 0. 0. 0.
    0. 0. 0. 0. 0. 0. 0. 0. 0. 0. 0. 0. 0. 0. 0. 0. 0. 0. 0. 0. 0. 0. 0.
    0. 0. 0. 0. 0. 0. 0. 0. 0. 0. 0. 0. 0. 0. 0. 0. 0. 0. 0. 0. 0. 0. 0.
    0. 0. 0. 0. 0. 0. 0. 0. 0. 0. 0. 0. 0. 0. 0. 0. 0. 0. 0. 0. 0. 0. 0.
    0. 0. 0. 0. 0. 0. 0. 0. 0. 0. 0. 0. 0. 0. 0. 0. 0. 0. 0. 0. 0. 0. 0.
    0. 0. 0. 0. 0. 0. 0. 0. 0. 0. 0. 0. 0. 0. 0. 0. 0. 0. 0. 0. 0. 0. 0.
    0. 0. 0. 0. 0. 0. 0. 0. 0. 0. 0. 0. 0. 0. 0. 0. 0. 0. 0. 0.
    2.06299996e+00 2.06299996e+00 2.06299996e+00 2.06299996e+00
    2.06299996e+00 2.06299996e+00 2.08200002e+00 2.12100005e+00
    2.12899995e+00 2.12899995e+00 2.12899995e+00 2.10599995e+00
    2.03099990e+00 2. 2. 2. 2. 2. 2. 2. 2.30800009e+00 2.77900004e+00
    2.76900005e+00 2.72000003e+00 2.67199993e+00 2.62500000e+00
    2.57800007e+00 2.56500006e+00 2.56500006e+00 2.56500006e+00
    2.57699990e+00 2.62400007e+00 2.64599991e+00 2.64599991e+00
    2.64599991e+00 2.64599991e+00 2.64599991e+00 2.66199994e+00
    2.71000004e+00 2.72900009e+00 2.03999996e+00 2.04900002e+00
    2.06299996e+00 2.06299996e+00 2.06299996e+00 2.06299996e+00
    2.08200002e+00 2.12100005e+00 2.12899995e+00 2.12899995e+00
    2.12899995e+00 2.10599995e+00 2.03099990e+00 2. 2. 2. 2. 2.
    1.99500000e+00 1.98199999e+00 2.17199993e+00 2.47099996e+00
    2.47700000e+00 2.45600009e+00 2.42600012e+00 2.40799999e+00
    2.40599990e+00 2.43799996e+00 2.48200011e+00 2.48200011e+00
    2.50699997e+00 2.60200000e+00 2.64599991e+00 2.64599991e+00
    2.64599991e+00 2.64599991e+00 2.64599991e+00 2.66199994e+00
    2.71000004e+00 2.72900009e+00 2.00399995e+00 2.02800012e+00
    2.06200004e+00 2.06299996e+00 2.06299996e+00 2.06299996e+00
    2.08200002e+00 2.12100005e+00 2.12899995e+00 2.12899995e+00
    2.12899995e+00 2.10599995e+00 2.03099990e+00 2. 2. 2. 2. 2.
    1.98699999e+00 1.95200002e+00 1.95799994e+00 1.98500001e+00
    2.01600003e+00 2.04099989e+00 2.03800011e+00 2.06800008e+00
    2.13499999e+00 2.23600006e+00 2.34999990e+00 2.35100007e+00
    2.39599991e+00 2.56599998e+00 2.64599991e+00 2.64599991e+00
    2.64599991e+00 2.64599991e+00 2.64599991e+00 2.66199994e+00
    2.71000004e+00 2.72900009e+00 2. 2.01200008e+00 2.02999997e+00
    2.02999997e+00 2.03500009e+00 2.05399990e+00 2.07200003e+00
    2.09100008e+00 2.09500003e+00 2.09500003e+00 2.09500003e+00
    2.07699990e+00 2.02300000e+00 2. 2. 2. 2. 2. 1.98599994e+00
    1.95000005e+00 1.93700004e+00 1.93700004e+00 1.97099996e+00 2. 2.
    2.02500010e+00 2.07999992e+00 2.13700008e+00 2.19499993e+00
    2.19499993e+00 2.21700001e+00 2.30200005e+00 2.33200002e+00
    2.31299996e+00 2.32500005e+00 2.34200001e+00 2.34200001e+00
    2.34999990e+00 2.37299991e+00 2.35899997e+00 2. 2. 2. 2.
    2.00900006e+00 2.04500008e+00 2.06299996e+00 2.06299996e+00
    2.06299996e+00 2.06299996e+00 2.06299996e+00 2.05299997e+00
    2.01999998e+00 2.00399995e+00 2.00099993e+00 2. 2. 2. 1.98599994e+00
    1.95000005e+00 1.93700004e+00 1.93700004e+00 1.97099996e+00 2. 2.
    2.01699996e+00 2.05299997e+00 2.06299996e+00 2.06299996e+00
    2.06299996e+00 2.06200004e+00 2.05800009e+00 2.03900003e+00
    2.00699997e+00 2.02900004e+00 2.06299996e+00 2.06299996e+00
    2.06299996e+00 2.06299996e+00 2.01900005e+00 2. 2. 2. 2.
    2.00900006e+00 2.04500008e+00 2.06299996e+00 2.06299996e+00
    2.06299996e+00 2.06299996e+00 2.06299996e+00 2.05900002e+00
    2.04699993e+00 2.02800012e+00 2.00399995e+00 2. 2. 2. 1.98599994e+00
    1.95000005e+00 1.93700004e+00 1.93700004e+00 1.97099996e+00 2. 2.
    2.01699996e+00 2.05299997e+00 2.06299996e+00 2.06299996e+00
    2.06299996e+00 2.05699992e+00 2.03200006e+00 2.01399994e+00
    2.00200009e+00 2.02900004e+00 2.06299996e+00 2.06299996e+00
    2.06299996e+00 2.06299996e+00 2.01900005e+00 2.01600003e+00
    2.00900006e+00 2. 2. 2.00699997e+00 2.03399992e+00 2.05200005e+00
    2.06100011e+00 2.05599999e+00 2.04699993e+00 2.04699993e+00
    2.04699993e+00 2.04699993e+00 2.03699994e+00 2.01900005e+00
    2.01600003e+00 2.01500010e+00 2.00600004e+00 1.98899996e+00
    1.96200001e+00 1.95299995e+00 1.95299995e+00 1.97800004e+00 2. 2.
    2.01200008e+00 2.03999996e+00 2.04699993e+00 2.04699993e+00
    2.04699993e+00 2.03999996e+00 2.01300001e+00 2. 2. 2.02900004e+00
    2.06299996e+00 2.06299996e+00 2.06299996e+00 2.06299996e+00
    2.02500010e+00 2.05200005e+00 2.03099990e+00 2.00099993e+00 2.
    2.00099993e+00 2.00799990e+00 2.02600002e+00 2.05599999e+00
    2.03900003e+00 2.01099992e+00 2.01099992e+00 2.01099992e+00
    2.01099992e+00 2.02500010e+00 2.04900002e+00 2.05200005e+00
    2.04900002e+00 2.01900005e+00 1.99800003e+00 1.99100006e+00
    1.98899996e+00 1.98899996e+00 1.99500000e+00 2. 2. 2.00300002e+00
    2.00900006e+00 2.01099992e+00 2.01099992e+00 2.01099992e+00
    2.00900006e+00 2.00300002e+00 2. 2. 2.02900004e+00 2.06299996e+00
    2.06299996e+00 2.06299996e+00 2.06299996e+00 2.03699994e+00
    2.06299996e+00 2.03699994e+00 2.00099993e+00 2. 2. 2. 2.01099992e+00
    2.03299999e+00 2.02099991e+00 2. 2. 2. 2. 2.01300001e+00
    2.03399992e+00 2.04999995e+00 2.05999994e+00 2.03900003e+00
    2.01999998e+00 2.00500011e+00 2. 2. 1.98599994e+00 1.97399998e+00
    1.97399998e+00 1.97399998e+00 1.97399998e+00 1.96399999e+00
    1.95000005e+00 1.95000005e+00 1.95000005e+00 1.95000005e+00
    1.95700002e+00 1.97099996e+00 2.01500010e+00 2.06200004e+00
    2.04699993e+00 2.03699994e+00 2.03699994e+00 2.01500010e+00
    2.06299996e+00 2.03699994e+00 2.00099993e+00 2. 2. 2. 2.
    2.00099993e+00 2.00099993e+00 2. 2. 2. 2. 2. 2.00099993e+00
    2.03099990e+00 2.06299996e+00 2.06200004e+00 2.04800010e+00
    2.01200008e+00 2. 2. 1.96700001e+00 1.93799996e+00 1.93799996e+00
    1.93799996e+00 1.93799996e+00 1.91299999e+00 1.87899995e+00
    1.87899995e+00 1.87899995e+00 1.87899995e+00 1.89699996e+00
    1.93099999e+00 1.99600005e+00 2.06100011e+00 2.02500010e+00
    2.00099993e+00 2.00099993e+00 1.97899997e+00 2.06900001e+00
    2.03699994e+00 2.00099993e+00 2. 2. 2. 2. 2. 2. 2. 2. 2. 2. 2. 2. 0.
    0. 1.20000005e+00 2.13800001e+00 2.03500009e+00 1.98699999e+00
    1.96599996e+00 1.95000005e+00 1.93700004e+00 1.93700004e+00
    1.93700004e+00 1.93700004e+00 1.91199994e+00 1.87699997e+00
    1.87699997e+00 1.87699997e+00 1.87699997e+00 1.89499998e+00
    1.92999995e+00 1.96200001e+00 1.99199998e+00 1.99699998e+00 2. 2.
    1.97800004e+00 1.52999997e+00 1.38199997e+00 1.35000002e+00
    1.34899998e+00 1.34899998e+00 1.34899998e+00 1.34899998e+00
    1.34899998e+00 1.34899998e+00 1.34899998e+00 1.34899998e+00
    1.34899998e+00 1.34899998e+00 1.34899998e+00 1.34899998e+00 0. 0. 0.
    2.21099997e+00 2.06699991e+00 1.98699999e+00 1.94099998e+00
    1.93700004e+00 1.93700004e+00 1.93700004e+00 1.76699996e+00
    1.39600003e+00 1.53999996e+00 1.87600005e+00 1.87699997e+00
