<?xml version="1.0"?>
<opencv_storage>
<Depth type_id="opencv-matrix">
  <rows>40</rows>
  <cols>40</cols>
  <dt>f</dt>
  <data>
    0. 0. 0. 0. 0. 0. 0. 0. 0. 0. 0. 0. 0. 0. 0. 0. 0. 0. 0. 0. 0. 0. 0.
    0. 0. 0. 0. 0. 0. 0. 0. 0. 0. 0. 0. 0. 0. 0. 0. 0. 0. 0. 0. 0. 0. 0.
    0. 0. 0. 0. 0. 0. 0. 0. 0. 0. 0. 0. 0. 0. 0. 0. 0. 0. 0. 0. 0. 0. 0.
    0. 0. 0. 0. 0. 0. 0. 0. 0. 0. 0. 0. 0. 0. 0. 0. 0. 0. 0. 0. 0. 0. 0.
    0. 0. 0. 0. 0. 0. 0. 0. 0. 0. 0. 0. 0. 0. 0. 0. 0. 0. 0. 0. 0. 0. 0.
    0. 0. 0. 0. 0. 0. 0. 0. 0. 0. 0. 0. 0. 0. 0. 0. 0. 0. 0. 0. 0. 0. 0.
    0. 0. 0. 0. 0. 0. 0. 0. 0. 0. 0. 0. 0. 0. 0. 0. 0. 0. 0. 0. 0. 0. 0.
    0. 0. 0. 0. 0. 0. 0. 0. 0. 0. 0. 0. 0. 0. 0. 0. 0. 0. 0. 0. 0. 0. 0.
    0. 0. 0. 0. 0. 0. 0. 0. 0. 0. 0. 0. 0. 0. 0. 0. 0. 0. 0. 0. 0. 0. 0.
    0. 0. 0. 0. 0. 0. 0. 0. 0. 0. 0. 0. 0. 0. 0. 0. 0. 0. 0. 0. 0. 0. 0.
    0. 0. 0. 0. 0. 0. 0. 0. 0. 0. 0. 0. 0. 0. 0. 0. 0. 0. 0. 0. 0. 0. 0.
    0. 0. 0. 0. 0. 0. 0. 0. 0. 0. 0. 0. 0. 0. 0. 0. 0. 0. 0. 0. 0. 0. 0.
    0. 0. 0. 0. 0. 0. 0. 0. 0. 0. 0. 0. 0. 0. 0. 0. 0. 0. 0. 0. 0. 0. 0.
    0. 0. 0. 0. 0. 0. 0. 0. 0. 0. 0. 0. 0. 0. 0. 0. 0. 0. 0. 0. 0. 0. 0.
    0. 0. 0. 0. 0. 0. 0. 0. 0. 0. 0. 0. 0. 0. 0. 0. 0. 0. 0. 0. 0. 0. 0.
    0. 0. 0. 0. 0. 0. 0. 0. 0. 0. 0. 0. 0. 0. 0. 0. 0. 0. 0. 0. 0. 0. 0.
    0. 0. 0. 0. 0. 0. 0. 0. 0. 0. 0. 0. 0. 0. 0. 0. 0. 0. 0. 0. 0. 0. 0.
    0. 0. 0. 0. 0. 0. 0. 0. 0. 0. 0. 0. 0. 0. 0. 0. 0. 0. 0.
    2.63499999e+00 2.50300002e+00 2.37199998e+00 2.28699994e+00
    2.22600007e+00 2.16400003e+00 2.16000009e+00 2.16000009e+00
    2.13700008e+00 2.02200007e+00 1.90799999e+00 1.84599996e+00
    1.84599996e+00 1.84599996e+00 1.88699996e+00 1.94299996e+00 2. 2. 2.
    2. 2. 2. 2. 0. 0. 0. 0. 0. 0. 0. 0. 0. 0. 0. 0. 0. 0. 0. 0. 0.
    2.62700009e+00 2.49900007e+00 2.37100005e+00 2.28699994e+00
    2.22600007e+00 2.16400003e+00 2.16000009e+00 2.16000009e+00
    2.13700008e+00 2.02200007e+00 1.90799999e+00 1.84599996e+00
    1.84599996e+00 1.84599996e+00 1.88699996e+00 1.94299996e+00 2. 2. 2.
    2. 2. 2. 2. 0. 0. 0. 0. 0. 0. 0. 0. 0. 0. 0. 0. 0. 0. 0. 0. 0.
    2.56900001e+00 2.46600008e+00 2.36299992e+00 2.28699994e+00
    2.22600007e+00 2.16400003e+00 2.16000009e+00 2.16000009e+00
    2.13700008e+00 2.02200007e+00 1.90799999e+00 1.84599996e+00
    1.84599996e+00 1.84599996e+00 1.88699996e+00 1.94299996e+00 2. 2. 2.
    2. 2. 2. 2. 0. 0. 0. 0. 0. 0. 0. 0. 0. 0. 0. 0. 0. 0. 0. 0. 0.
    2.51200008e+00 2.43300009e+00 2.35400009e+00 2.28699994e+00
    2.22600007e+00 2.16400003e+00 2.16000009e+00 2.16000009e+00
    2.13700008e+00 2.02200007e+00 1.90799999e+00 1.84599996e+00
    1.84599996e+00 1.84599996e+00 1.88699996e+00 1.94299996e+00 2. 2. 2.
    2. 2. 2. 2. 0. 0. 0. 0. 0. 0. 0. 0. 0. 0. 0. 0. 0. 0. 0. 0. 0.
    2.43099999e+00 2.37599993e+00 2.32200003e+00 2.26900005e+00
    2.21600008e+00 2.16400003e+00 2.16000009e+00 2.16000009e+00
    2.13899994e+00 2.03200006e+00 1.92600000e+00 1.86800003e+00
    1.86800003e+00 1.86800003e+00 1.90400004e+00 1.95200002e+00 2.
    1.99199998e+00 1.98399997e+00 1.97800004e+00 1.97800004e+00
    1.97800004e+00 1.97800004e+00 0. 0. 0. 0. 0. 0. 0. 0. 0. 0. 0. 0. 0.
    0. 0. 0. 1.48699999e+00 2.31500006e+00 2.28399992e+00 2.25200009e+00
    2.22199988e+00 2.19199991e+00 2.16199994e+00 2.16000009e+00
    2.16000009e+00 2.14299989e+00 2.05699992e+00 1.97099996e+00
    1.92499995e+00 1.92499995e+00 1.92499995e+00 1.94500005e+00
    1.97200000e+00 2. 1.97099996e+00 1.94200003e+00 1.92100000e+00
    1.92100000e+00 1.92100000e+00 1.92100000e+00 0. 0. 0. 0. 0. 0. 0. 0.
    0. 0. 0. 0. 0. 1.24300003e+00 1.28999996e+00 1.64100003e+00
    1.99100006e+00 2.19899988e+00 2.19099998e+00 2.18300009e+00
    2.17600012e+00 2.16799998e+00 2.16100001e+00 2.16000009e+00
    2.16000009e+00 2.14700007e+00 2.08200002e+00 2.01600003e+00
    1.98099995e+00 1.98099995e+00 1.98099995e+00 1.98599994e+00
    1.99300003e+00 2. 1.95099998e+00 1.90100002e+00 1.86500001e+00
    1.86500001e+00 1.86500001e+00 1.86500001e+00 0. 0. 0. 0. 0. 0. 0. 0.
    0. 0. 0. 0. 0. 2.16000009e+00 2.16000009e+00 2.16000009e+00
    2.16000009e+00 2.16000009e+00 2.16000009e+00 2.16000009e+00
    2.16000009e+00 2.16000009e+00 2.16000009e+00 2.14700007e+00
    2.13199997e+00 2.11199999e+00 2.06800008e+00 2.02399993e+00 2. 2. 2.
    2. 2. 2. 1.94400001e+00 1.88800001e+00 1.84599996e+00 1.84599996e+00
    1.84599996e+00 1.84599996e+00 0. 0. 0. 0. 0. 0. 0. 0. 0. 0. 0. 0. 0.
    2.16000009e+00 2.16000009e+00 2.16000009e+00 2.16000009e+00
    2.16000009e+00 2.16000009e+00 2.16000009e+00 2.16000009e+00
    2.16000009e+00 2.16000009e+00 2.12700009e+00 2.09100008e+00
    2.05800009e+00 2.03500009e+00 2.01200008e+00 2. 2. 2. 2. 2. 2.
    1.94400001e+00 1.88800001e+00 1.84599996e+00 1.84599996e+00
    1.84599996e+00 1.84599996e+00 0. 0. 0. 0. 0. 0. 0. 0. 0. 0. 0. 0. 0.
    2.16000009e+00 2.16000009e+00 2.16000009e+00 2.16000009e+00
    2.16000009e+00 2.16000009e+00 2.16000009e+00 2.16000009e+00
    2.16000009e+00 2.16000009e+00 2.10700011e+00 2.04999995e+00
    2.00399995e+00 2.00200009e+00 2.00099993e+00 2. 2. 2. 2. 2. 2.
    1.94400001e+00 1.88800001e+00 1.84599996e+00 1.84599996e+00
    1.84599996e+00 1.84599996e+00 0. 0. 0. 0. 0. 0. 0. 0. 0. 0. 0. 0. 0.
    2.16000009e+00 2.16000009e+00 2.16000009e+00 2.16000009e+00
    2.16000009e+00 2.16000009e+00 2.16000009e+00 2.14700007e+00
    2.12700009e+00 2.10700011e+00 2.06999993e+00 2.03099990e+00 2. 2. 2.
    2. 2. 2. 1.98599994e+00 1.96700001e+00 1.94799995e+00 1.91100001e+00
    1.87300003e+00 1.84599996e+00 1.84599996e+00 1.84599996e+00
    1.84599996e+00 0. 0. 0. 0. 0. 0. 0. 0. 0. 0. 0. 0. 0. 2.16000009e+00
    2.16000009e+00 2.16000009e+00 2.16000009e+00 2.16000009e+00
    2.16000009e+00 2.16000009e+00 2.13199997e+00 2.09100008e+00
    2.04999995e+00 2.03099990e+00 2.01399994e+00 2. 2. 2. 2. 2. 2.
    1.97099996e+00 1.93099999e+00 1.89100003e+00 1.87500000e+00
    1.85800004e+00 1.84599996e+00 1.84599996e+00 1.84599996e+00
    1.84599996e+00 0. 0. 0. 0. 0. 0. 0. 0. 0. 0. 0. 0. 0. 2.16000009e+00
    2.16000009e+00 2.16000009e+00 2.16000009e+00 2.16000009e+00
    2.16000009e+00 2.16000009e+00 2.12100005e+00 2.06299996e+00
    2.00399995e+00 2. 2. 2. 2. 2. 1.99800003e+00 1.99399996e+00
    1.99000001e+00 1.95099998e+00 1.89800000e+00 1.84599996e+00
    1.84599996e+00 1.84599996e+00 1.84599996e+00 1.84599996e+00
    1.84599996e+00 1.84599996e+00 0. 0. 0. 0. 0. 0. 0. 0. 0. 0. 0. 0. 0.
    2.16000009e+00 2.16000009e+00 2.16000009e+00 2.16000009e+00
    2.16000009e+00 2.16000009e+00 2.16000009e+00 2.12100005e+00
    2.06299996e+00 2.00399995e+00 2. 2. 2. 2. 2. 1.98899996e+00
    1.96399999e+00 1.93900001e+00 1.90900004e+00 1.87800002e+00
    1.84599996e+00 1.84599996e+00 1.84599996e+00 1.84599996e+00
    1.84599996e+00 1.84599996e+00 1.84599996e+00 0. 0. 0. 0. 0. 0. 0. 0.
    0. 0. 0. 0. 0. 2.16000009e+00 2.16000009e+00 2.16000009e+00
    2.16000009e+00 2.16000009e+00 2.16000009e+00 2.16000009e+00
    2.12100005e+00 2.06299996e+00 2.00399995e+00 2. 2. 2. 2. 2.
    1.97899997e+00 1.93400002e+00 1.88800001e+00 1.86800003e+00
    1.85699999e+00 1.84599996e+00 1.84599996e+00 1.84599996e+00
    1.84599996e+00 1.84599996e+00 1.84599996e+00 1.84599996e+00 0. 0. 0.
    0. 0. 0. 0. 0. 0. 0. 0. 0. 0. 1.89499998e+00 1.90799999e+00
    2.00500011e+00 2.10200000e+00 2.16000009e+00 2.16000009e+00
    2.16000009e+00 2.12100005e+00 2.06299996e+00 2.00399995e+00 2. 2.
    1.99800003e+00 1.98899996e+00 1.97899997e+00 1.95200002e+00
    1.90499997e+00 1.85899997e+00 1.84599996e+00 1.84599996e+00
    1.84599996e+00 1.84599996e+00 1.84599996e+00 1.84599996e+00
    1.84599996e+00 1.84599996e+00 1.84599996e+00 0. 0. 0. 0. 0. 0. 0. 0.
    0. 0. 0. 0. 0. 1.32500005e+00 1.36600006e+00 1.67100000e+00
    1.97700000e+00 2.16000009e+00 2.16000009e+00 2.16000009e+00
    2.12100005e+00 2.06299996e+00 2.00399995e+00 2. 2. 1.99399996e+00
    1.96399999e+00 1.93400002e+00 1.90499997e+00 1.87899995e+00
    1.85300004e+00 1.84599996e+00 1.84599996e+00 1.84599996e+00
