<?xml version="1.0"?>
<opencv_storage>
<Depth type_id="opencv-matrix">
  <rows>40</rows>
  <cols>40</cols>
  <dt>f</dt>
  <data>
    0. 0. 0. 0. 0. 0. 0. 1.23300004e+00 1.46700001e+00 2. 2. 2.
    1.99899995e+00 1.99500000e+00 1.99500000e+00 1.99800003e+00
    1.99500000e+00 1.98899996e+00 1.98899996e+00 1.98899996e+00
    1.98899996e+00 1.98899996e+00 1.99500000e+00 1.99500000e+00
    1.99199998e+00 1.98899996e+00 1.98899996e+00 1.98899996e+00
    1.98899996e+00 1.98899996e+00 1.99399996e+00 1.99199998e+00
    1.98899996e+00 0. 0. 0. 0. 0. 0. 0. 0. 0. 0. 0. 0. 0. 0.
    1.23500001e+00 2.00399995e+00 2. 2. 2. 1.99899995e+00 1.99500000e+00
    1.99500000e+00 1.99699998e+00 1.99500000e+00 1.99500000e+00
    1.99500000e+00 1.99500000e+00 1.98899996e+00 1.99100006e+00
    1.99399996e+00 1.99500000e+00 1.99500000e+00 1.99100006e+00
    1.99100006e+00 1.99500000e+00 1.98599994e+00 1.98899996e+00
    1.99300003e+00 1.99500000e+00 1.99500000e+00 0. 0. 0. 0. 0. 0. 0. 0.
    0. 0. 0. 0. 0. 1.22800004e+00 2.01200008e+00 2.00300002e+00 2. 2. 2.
    1.99899995e+00 1.99699998e+00 2. 2. 1.99500000e+00 1.99899995e+00
    1.99500000e+00 1.99500000e+00 1.99500000e+00 1.99000001e+00
    1.98899996e+00 1.99199998e+00 1.99500000e+00 1.99500000e+00
    1.99500000e+00 1.99500000e+00 1.99199998e+00 1.98899996e+00
    1.99500000e+00 1.99199998e+00 1.98899996e+00 0. 0. 0. 0. 0. 0. 0. 0.
    0. 0. 0. 0. 0. 0. 1.22800004e+00 2. 2. 2. 2. 2. 2. 2. 2.
    1.99500000e+00 1.99500000e+00 1.99500000e+00 1.99500000e+00
    1.99500000e+00 1.99000001e+00 1.98899996e+00 1.99000001e+00
    1.99500000e+00 1.99500000e+00 1.99399996e+00 1.99399996e+00
    1.99399996e+00 1.98899996e+00 1.99199998e+00 1.98899996e+00
    1.98899996e+00 0. 0. 0. 0. 0. 0. 0. 0. 0. 0. 0. 0. 0. 0.
    1.23000002e+00 2. 2. 2. 1.99500000e+00 1.99600005e+00 2. 2. 2.
    1.99500000e+00 1.99500000e+00 1.99500000e+00 1.99500000e+00
    1.99500000e+00 1.99500000e+00 1.99500000e+00 1.99500000e+00
    1.99500000e+00 1.99500000e+00 1.99199998e+00 1.99000001e+00
    1.99000001e+00 1.99000001e+00 1.99500000e+00 1.99199998e+00
    1.98899996e+00 0. 0. 0. 0. 0. 0. 0. 0. 0. 0. 0. 0. 0. 2.55500007e+00
    1.22800004e+00 2. 2. 2. 2. 2. 2. 1.99500000e+00 2. 1.99500000e+00
    1.99399996e+00 1.99500000e+00 1.99500000e+00 1.99500000e+00
    1.99500000e+00 1.98899996e+00 1.99500000e+00 1.99500000e+00
    1.99500000e+00 1.99500000e+00 1.99500000e+00 1.99500000e+00
    1.99500000e+00 1.99399996e+00 1.98899996e+00 1.98899996e+00 0. 0. 0.
    0. 0. 0. 0. 0. 0. 0. 0. 0. 0. 0. 2.00600004e+00 2. 2. 2. 2.
    1.99500000e+00 1.99500000e+00 1.99500000e+00 1.99500000e+00
    1.99500000e+00 1.99000001e+00 1.99500000e+00 1.99500000e+00
    1.99500000e+00 1.99000001e+00 1.99399996e+00 1.99500000e+00
    1.99500000e+00 1.99500000e+00 1.99500000e+00 1.99500000e+00
    1.99100006e+00 1.99199998e+00 1.98899996e+00 1.98899996e+00
    1.98899996e+00 0. 0. 0. 0. 0. 0. 0. 0. 0. 0. 0. 0. 0. 0.
    1.23099995e+00 2. 2. 2. 1.99899995e+00 1.99500000e+00 1.99500000e+00
    1.99500000e+00 1.99500000e+00 1.99899995e+00 1.99500000e+00
    1.99500000e+00 1.99500000e+00 1.99500000e+00 1.99500000e+00
    1.99500000e+00 1.99000001e+00 1.99300003e+00 1.99100006e+00
    1.99300003e+00 1.99500000e+00 1.98899996e+00 1.99199998e+00
    1.99500000e+00 2. 1.99899995e+00 0. 0. 0. 0. 0. 0. 0. 0. 0. 0. 0. 0.
    0. 0. 1.22800004e+00 2. 2. 2. 2. 1.99500000e+00 1.99600005e+00 2.
    1.99500000e+00 1.99500000e+00 1.99500000e+00 2. 1.99500000e+00
    1.99500000e+00 1.99500000e+00 1.99500000e+00 1.99000001e+00
    1.98899996e+00 1.98899996e+00 1.98899996e+00 1.99500000e+00
    1.98899996e+00 1.99199998e+00 1.99500000e+00 1.98899996e+00
    1.98899996e+00 0. 0. 0. 0. 0. 0. 0. 0. 0. 0. 0. 0. 0. 0.
    1.23099995e+00 2. 2. 2. 2. 1.99500000e+00 2. 2. 1.99500000e+00
    1.99500000e+00 2. 2. 1.99500000e+00 1.99500000e+00 1.99500000e+00
    1.99500000e+00 1.99000001e+00 1.98899996e+00 1.98599994e+00
    1.98699999e+00 1.99300003e+00 1.99500000e+00 1.99699998e+00
    1.99800003e+00 1.98899996e+00 1.98899996e+00 0. 0. 0. 0. 0. 0. 0. 0.
    0. 0. 0. 0. 0. 0. 1.23099995e+00 2.00600004e+00 2. 2. 2.
    1.99899995e+00 1.99500000e+00 2. 2. 2. 2. 2. 1.99500000e+00
    1.99500000e+00 1.99500000e+00 1.99500000e+00 1.99500000e+00
    1.98899996e+00 1.98599994e+00 1.98699999e+00 1.99300003e+00
    1.99500000e+00 1.99800003e+00 1.99800003e+00 1.99500000e+00
    1.99500000e+00 0. 0. 0. 0. 0. 0. 0. 0. 0. 0. 0. 0. 0. 0.
    1.23099995e+00 2.00600004e+00 2. 2. 2. 2. 1.99600005e+00
    1.99600005e+00 2. 2. 2. 2. 1.99500000e+00 1.99500000e+00
    1.99500000e+00 1.99500000e+00 1.99500000e+00 1.98899996e+00
    1.98899996e+00 1.99199998e+00 1.99500000e+00 1.99199998e+00
    1.99000001e+00 1.99199998e+00 1.99500000e+00 0. 0. 0. 0. 0. 0. 0. 0.
    0. 0. 0. 0. 0. 0. 0. 2.00900006e+00 2.00399995e+00 2. 2. 2. 2.
    1.99500000e+00 1.99500000e+00 2. 1.99500000e+00 1.99500000e+00
    1.99600005e+00 1.99899995e+00 1.99500000e+00 1.99500000e+00
    1.99500000e+00 1.99500000e+00 1.99500000e+00 1.99500000e+00
    1.99500000e+00 1.99500000e+00 1.98899996e+00 1.98899996e+00
    1.98699999e+00 1.50399995e+00 0. 0. 0. 0. 0. 0. 0. 0. 0. 0. 0. 0. 0.
    0. 0. 2.00600004e+00 2. 2. 2. 2. 2. 1.99500000e+00 1.99500000e+00
    1.99600005e+00 2. 1.99500000e+00 1.99500000e+00 1.99600005e+00
    1.99500000e+00 1.99500000e+00 1.99500000e+00 1.99500000e+00
    1.99500000e+00 1.99600005e+00 1.99500000e+00 1.99100006e+00
    1.98899996e+00 1.99100006e+00 1.98899996e+00 1.41799998e+00 0. 0. 0.
    0. 0. 0. 0. 0. 0. 0. 0. 0. 0. 0. 1.12800002e+00 1.81400001e+00 2. 2.
    2. 1.99500000e+00 2. 1.99899995e+00 1.99500000e+00 1.99500000e+00
    1.99600005e+00 1.99899995e+00 1.99500000e+00 1.99500000e+00
    1.99500000e+00 1.99500000e+00 1.99500000e+00 1.99000001e+00
    1.98899996e+00 1.99300003e+00 1.99500000e+00 1.99100006e+00
    1.98899996e+00 1.99199998e+00 1.99399996e+00 1.99399996e+00 0. 0. 0.
    0. 0. 0. 0. 0. 0. 0. 0. 0. 0. 0. 1.28400004e+00 1.99699998e+00 2. 2.
    2. 1.99500000e+00 2. 2. 1.99500000e+00 1.99500000e+00 1.99500000e+00
    2. 1.99500000e+00 1.99500000e+00 1.99500000e+00 1.99500000e+00
    1.99500000e+00 1.99000001e+00 1.98899996e+00 1.99300003e+00
    1.99500000e+00 1.99500000e+00 1.98899996e+00 1.99199998e+00
    1.99100006e+00 1.99100006e+00 0. 0. 0. 0. 0. 0. 0. 0. 0. 0. 0. 0. 0.
    0. 1.28600001e+00 1.99699998e+00 1.99800003e+00 2. 2. 2. 2. 2.
    1.99500000e+00 1.99500000e+00 1.99500000e+00 1.99699998e+00
    1.99100006e+00 1.99500000e+00 1.99500000e+00 1.99500000e+00
    1.99500000e+00 1.99500000e+00 1.99500000e+00 1.99500000e+00
    1.99100006e+00 1.99500000e+00 1.98899996e+00 1.99199998e+00
    1.98899996e+00 1.98899996e+00 0. 0. 0. 0. 0. 0. 0. 0. 0. 0. 0. 0. 0.
    0. 0. 1.99500000e+00 1.99899995e+00 1.99800003e+00 1.99600005e+00 2.
    2. 1.99899995e+00 1.99500000e+00 1.98899996e+00 1.98899996e+00
    1.99500000e+00 1.99300003e+00 1.99100006e+00 1.99100006e+00
    1.99399996e+00 1.99500000e+00 1.99699998e+00 1.99600005e+00
    1.99500000e+00 1.98899996e+00 1.98899996e+00 1.98899996e+00
    1.99100006e+00 1.98899996e+00 1.77900004e+00 0. 0. 0. 0. 0. 0. 0. 0.
    0. 0. 0. 0. 0. 0. 0. 1.99800003e+00 2. 1.99800003e+00 1.99500000e+00
    1.99500000e+00 1.99500000e+00 1.99500000e+00 1.99500000e+00
    1.99500000e+00 1.99500000e+00 2. 1.99500000e+00 1.98899996e+00
    1.98899996e+00 1.99399996e+00 1.99500000e+00 1.99500000e+00
    1.99500000e+00 1.99300003e+00 1.98899996e+00 1.98899996e+00
    1.98899996e+00 1.98899996e+00 1.98899996e+00 1.98899996e+00 0. 0. 0.
    0. 0. 0. 0. 0. 0. 0. 0. 0. 0. 0. 1.70799994e+00 2. 2. 1.99899995e+00
    1.99500000e+00 1.99500000e+00 1.99699998e+00 1.99500000e+00
    1.99500000e+00 1.99500000e+00 1.99800003e+00 1.99500000e+00
    1.99500000e+00 1.99500000e+00 1.99500000e+00 1.99199998e+00
    1.99699998e+00 1.99500000e+00 1.99100006e+00 1.98899996e+00
    1.98899996e+00 1.99600005e+00 1.99199998e+00 1.99199998e+00
    1.98899996e+00 1.67600000e+00 0. 0. 0. 0. 0. 0. 0. 0. 0. 0. 0. 0. 0.
