<?xml version="1.0"?>
<opencv_storage>
<Depth type_id="opencv-matrix">
  <rows>40</rows>
  <cols>40</cols>
  <dt>f</dt>
  <data>
    0. 0. 0. 0. 0. 0. 0. 0. 0. 0. 0. 0. 0. 0. 0. 0. 0. 0. 0. 0.
    2.01699996e+00 2.01699996e+00 2.01699996e+00 2.06699991e+00
    2.11700010e+00 2.12400007e+00 2.10899997e+00 2.09899998e+00 0. 0. 0.
    0. 0. 0. 0. 0. 0. 0. 0. 0. 0. 0. 0. 0. 0. 0. 0. 0. 0. 0. 0. 0. 0. 0.
    0. 0. 0. 0. 0. 1.31799996e+00 2.06599998e+00 2.06599998e+00
    2.06599998e+00 2.11700010e+00 2.16899991e+00 2.14700007e+00
    2.08899999e+00 2.04999995e+00 0. 0. 0. 0. 0. 0. 0. 0. 0. 0. 0. 0. 0.
    0. 0. 0. 0. 0. 0. 0. 0. 0. 0. 0. 0. 0. 0. 0. 0. 1.30599999e+00
    2.20199990e+00 2.15000010e+00 2.11599994e+00 2.11599994e+00
    2.11599994e+00 2.16799998e+00 2.22000003e+00 2.17000008e+00
    2.06800008e+00 2. 0. 0. 0. 0. 0. 0. 0. 0. 0. 0. 0. 0. 0. 0. 0. 0. 0.
    0. 0. 0. 0. 0. 0. 0. 0. 0. 0. 0. 0. 1.30700004e+00 2.21799994e+00
    2.18799996e+00 2.16799998e+00 2.16799998e+00 2.16799998e+00
    2.19799995e+00 2.22799993e+00 2.17000008e+00 2.06800008e+00 2. 0. 0.
    0. 0. 0. 0. 0. 0. 0. 0. 0. 0. 0. 0. 0. 0. 0. 0. 0. 0. 0. 0. 0. 0. 0.
    0. 0. 0. 0. 1.30700004e+00 2.23300004e+00 2.22600007e+00
    2.22099996e+00 2.22099996e+00 2.22099996e+00 2.22799993e+00
    2.23499990e+00 2.17000008e+00 2.06800008e+00 2. 0. 0. 0. 0. 0. 0. 0.
    0. 0. 0. 0. 0. 0. 0. 0. 0. 0. 0. 0. 0. 0. 0. 0. 0. 0. 0. 0. 0. 0.
    1.30700004e+00 2.23799992e+00 2.23799992e+00 2.23799992e+00
    2.23799992e+00 2.23799992e+00 2.23799992e+00 2.23799992e+00
    2.19000006e+00 2.11700010e+00 2.06800008e+00 0. 0. 0. 0. 0. 0. 0. 0.
    0. 0. 0. 0. 0. 0. 0. 0. 0. 0. 0. 0. 0. 0. 0. 0. 0. 0. 0. 0. 0.
    1.30700004e+00 2.23799992e+00 2.23799992e+00 2.23799992e+00
    2.23799992e+00 2.23799992e+00 2.23799992e+00 2.23799992e+00
    2.21900010e+00 2.18899989e+00 2.17000008e+00 0. 0. 0. 0. 0. 0. 0. 0.
    0. 0. 0. 0. 0. 0. 0. 0. 0. 0. 0. 0. 0. 0. 0. 0. 0. 0. 0. 0. 0.
    1.30700004e+00 2.23799992e+00 2.23799992e+00 2.23799992e+00
    2.23799992e+00 2.23799992e+00 2.23799992e+00 2.23799992e+00
    2.21900010e+00 2.19099998e+00 2.17300010e+00 0. 0. 0. 0. 0. 0. 0. 0.
    0. 0. 0. 0. 0. 0. 0. 0. 0. 0. 0. 0. 0. 0. 0. 0. 0. 0. 0. 0. 0.
    1.30700004e+00 2.23799992e+00 2.23799992e+00 2.23799992e+00
    2.23799992e+00 2.23799992e+00 2.23799992e+00 2.23799992e+00
    2.16300011e+00 2.05100012e+00 1.97599995e+00 0. 0. 0. 0. 0. 0. 0. 0.
    0. 0. 0. 0. 0. 0. 0. 0. 0. 0. 0. 0. 0. 0. 0. 0. 0. 0. 0. 0. 0.
    1.30700004e+00 2.23799992e+00 2.23799992e+00 2.23799992e+00
    2.23799992e+00 2.23799992e+00 2.23799992e+00 2.23799992e+00
    2.10700011e+00 1.91100001e+00 1.77900004e+00 0. 0. 0. 0. 0. 0. 0. 0.
    0. 0. 0. 0. 0. 0. 0. 0. 0. 0. 0. 0. 0. 0. 0. 0. 0. 0. 0. 0. 0.
    1.35300004e+00 2.27600002e+00 2.25300002e+00 2.23799992e+00
    2.23799992e+00 2.23799992e+00 2.21600008e+00 2.19300008e+00
    2.06999993e+00 1.89600003e+00 1.77900004e+00 0. 0. 0. 0. 0. 0. 0. 0.
    0. 0. 0. 0. 0. 0. 0. 0. 0. 0. 0. 0. 0. 0. 0. 0. 0. 0. 0. 0. 0.
    1.39900005e+00 2.31500006e+00 2.26900005e+00 2.23799992e+00
    2.23799992e+00 2.23799992e+00 2.19300008e+00 2.14899993e+00
    2.03299999e+00 1.88100004e+00 1.77900004e+00 0. 0. 0. 0. 0. 0. 0. 0.
    0. 0. 0. 0. 0. 0. 0. 0. 0. 0. 0. 0. 0. 0. 0. 0. 0. 0. 0. 0. 0.
    1.38399994e+00 2.30200005e+00 2.26399994e+00 2.23300004e+00
    2.21799994e+00 2.20300007e+00 2.16599989e+00 2.12899995e+00
    2.02900004e+00 1.89800000e+00 1.80999994e+00 0. 0. 0. 0. 0. 0. 0. 0.
    0. 0. 0. 0. 0. 0. 0. 0. 0. 0. 0. 0. 0. 0. 0. 0. 0. 0. 0. 0. 0.
    1.33800006e+00 2.26399994e+00 2.24799991e+00 2.22600007e+00
    2.18799996e+00 2.15100002e+00 2.13599992e+00 2.12100005e+00
    2.04200006e+00 1.93099999e+00 1.85599995e+00 0. 0. 0. 0. 0. 0. 0. 0.
    0. 0. 0. 0. 0. 0. 0. 0. 0. 0. 0. 0. 0. 0. 0. 0. 0. 0. 0. 0. 0.
    1.42200005e+00 2.22099996e+00 2.22099996e+00 2.20600009e+00
    2.16100001e+00 2.11599994e+00 2.11599994e+00 2.11599994e+00
    2.05100012e+00 1.95299995e+00 1.88699996e+00 0. 0. 0. 0. 0. 0. 0. 0.
    0. 0. 0. 0. 0. 0. 0. 0. 0. 0. 0. 0. 0. 0. 0. 0. 0. 0. 0. 0. 0.
    1.76900005e+00 2.16799998e+00 2.16799998e+00 2.16100001e+00
    2.13899994e+00 2.11599994e+00 2.11599994e+00 2.11599994e+00
    2.05100012e+00 1.95299995e+00 1.88699996e+00 0. 0. 0. 0. 0. 0. 0. 0.
    0. 0. 0. 0. 0. 0. 0. 0. 0. 0. 0. 0. 0. 0. 0. 0. 0. 0. 0.
    2.10700011e+00 2.11199999e+00 2.11500001e+00 2.11599994e+00
    2.11599994e+00 2.11599994e+00 2.11599994e+00 2.11599994e+00
    2.11599994e+00 2.11599994e+00 2.05100012e+00 1.95299995e+00
    1.88699996e+00 0. 0. 0. 0. 0. 0. 0. 0. 0. 0. 0. 0. 0. 0. 0. 0. 0. 0.
    0. 0. 0. 0. 0. 0. 0. 0. 0. 2.11500001e+00 2.11599994e+00
    2.11599994e+00 2.10200000e+00 2.08100009e+00 2.06599998e+00
    2.06599998e+00 2.06599998e+00 2.08800006e+00 2.10899997e+00
    2.07900000e+00 2.02200007e+00 1.98500001e+00 0. 0. 0. 0. 0. 0. 0. 0.
    0. 0. 0. 0. 0. 0. 0. 0. 0. 0. 0. 0. 0. 0. 0. 0. 1.19700003e+00
    1.32799995e+00 1.72200000e+00 2.11599994e+00 2.11599994e+00
    2.11599994e+00 2.08800006e+00 2.04500008e+00 2.01699996e+00
    2.01699996e+00 2.01699996e+00 2.05900002e+00 2.10200000e+00
    2.10700011e+00 2.09200001e+00 2.08299994e+00 0. 0. 0. 0. 0. 0. 0. 0.
    0. 0. 0. 0. 0. 0. 0. 0. 0. 0. 0. 0. 0. 0. 0. 0. 2.08299994e+00
    2.08299994e+00 2.08299994e+00 2.08299994e+00 2.08299994e+00
    2.08299994e+00 2.05900002e+00 2.02399993e+00 2. 2. 2. 2.03600001e+00
    2.07100010e+00 2.08299994e+00 2.08299994e+00 2.08299994e+00 0. 0. 0.
    0. 0. 0. 0. 0. 0. 0. 0. 0. 0. 0. 0. 0. 0. 0. 0. 0. 0. 0. 0. 0.
    2.03299999e+00 2.03299999e+00 2.03299999e+00 2.03299999e+00
    2.03299999e+00 2.03299999e+00 2.02399993e+00 2.00999999e+00 2. 2. 2.
    2.01399994e+00 2.02900004e+00 2.03299999e+00 2.03299999e+00
    2.03299999e+00 0. 0. 0. 0. 0. 0. 0. 0. 0. 0. 0. 0. 0. 0. 0. 0. 0. 0.
    0. 0. 0. 0. 0. 0. 2. 2. 2. 2. 2. 2. 2. 2. 2. 2. 2. 2. 2. 2. 2. 2. 0.
    0. 0. 0. 0. 0. 0. 0. 0. 0. 0. 0. 0. 0. 0. 0. 0. 0. 0. 0. 0. 0. 0. 0.
    2. 2. 2. 2. 2. 2. 2. 2. 2. 2. 2. 2. 2. 2. 2. 2. 0. 0. 0. 0. 0. 0. 0.
    0. 0. 0. 0. 0. 0. 0. 0. 0. 0. 0. 0. 0. 0. 0. 0. 0. 2. 2. 2. 2. 2. 2.
    2. 2. 2. 2. 2. 2. 2. 2. 2. 2. 0. 0. 0. 0. 0. 0. 0. 0. 0. 0. 0. 0. 0.
    0. 0. 0. 0. 0. 0. 0. 0. 0. 0. 0. 2. 2. 2. 2. 2. 2. 2. 2. 2. 2. 2. 2.
    2. 2. 2. 2. 0. 0. 0. 0. 0. 0. 0. 0. 0. 0. 0. 0. 0. 0. 0. 0. 0. 0. 0.
    0. 0. 0. 0. 0. 2. 2. 2. 2. 2. 2. 2. 2. 2. 2. 2. 2. 2. 2. 2. 2. 0. 0.
    0. 0. 0. 0. 0. 0. 0. 0. 0. 0. 0. 0. 0. 0. 0. 0. 0. 0. 0. 0. 0. 0. 2.
    2. 2. 2. 2. 2. 2. 2. 2. 2. 2. 2.01399994e+00 2.02800012e+00
    2.04299998e+00 2.05800009e+00 2.06800008e+00 0. 0. 0. 0. 0. 0. 0. 0.
    0. 0. 0. 0. 0. 0. 0. 0. 0. 0. 0. 0. 0. 0. 0. 0. 2. 2. 2. 2. 2. 2. 2.
    2. 2. 2. 2. 2.03500009e+00 2.07100010e+00 2.10700011e+00
    2.14499998e+00 2.17000008e+00 0. 0. 0. 0. 0. 0. 0. 0. 0. 0. 0. 0. 0.
    0. 0. 0. 0. 0. 0. 0. 0. 0. 0. 0. 2.01600003e+00 2.01399994e+00
    2.00699997e+00 2. 2. 2. 2. 2. 2. 2. 2. 2.04999995e+00 2.09899998e+00
    1.88999999e+00 1.54999995e+00 1.32299995e+00 0. 0. 0. 0. 0. 0. 0. 0.
    0. 0. 0. 0. 0. 0. 0. 0. 0. 0. 0. 0. 0. 0. 0. 0. 2.06599998e+00
    2.05699992e+00 2.02800012e+00 2. 2. 2. 2. 2. 2. 2. 2. 2.04999995e+00
    2.09899998e+00 1.09700000e+00 0. 0. 0. 0. 0. 0. 0. 0. 0. 0. 0. 0. 0.
    0. 0. 0. 0. 0. 0. 0. 0. 0. 0. 0. 0. 0. 2.11599994e+00 2.09899998e+00
    2.04999995e+00 2. 2. 2. 2. 2. 2. 2. 2. 2.04999995e+00 2.09899998e+00
    0. 0. 0. 0. 0. 0. 0. 0. 0. 0. 0. 0. 0. 0. 0. 0. 0. 0. 0. 0. 0. 0. 0.
    0. 0. 0. 0. 2.06699991e+00 2.05699992e+00 2.02900004e+00 2. 2. 2. 2.
    2. 2. 2. 2. 2.04999995e+00 2.09899998e+00 0. 0. 0. 0. 0. 0. 0. 0. 0.
    0. 0. 0. 0. 0. 0. 0. 0. 0. 0. 0. 0. 0. 0. 0. 0. 0. 0. 2.01699996e+00
    2.01399994e+00 2.00699997e+00 2. 2. 2. 2. 2. 2. 2. 2. 2.04999995e+00
    2.09899998e+00 0. 0. 0. 0. 0. 0. 0. 0. 0. 0. 0. 0. 0. 0. 0. 0. 0. 0.
    0. 0. 0. 0. 0. 0. 0. 0. 0. 2. 2. 2. 2. 2. 2. 2.00900006e+00
    2.02300000e+00 2.03299999e+00 2.03299999e+00 2.03299999e+00
