<?xml version="1.0"?>
<opencv_storage>
<Depth type_id="opencv-matrix">
  <rows>40</rows>
  <cols>40</cols>
  <dt>f</dt>
  <data>
    0. 0. 0. 0. 0. 0. 0. 0. 0. 0. 0. 0. 0. 2.06599998e+00 2.04299998e+00
    2.00500011e+00 1.90799999e+00 1.80299997e+00 1.70400000e+00
    1.64100003e+00 1.64100003e+00 1.63399994e+00 1.62399995e+00
    1.60500002e+00 1.58700001e+00 1.58700001e+00 1.58700001e+00 0. 0. 0.
    0. 0. 0. 0. 0. 0. 0. 0. 0. 0. 0. 0. 0. 0. 0. 0. 0. 0. 0. 0. 0. 0. 0.
    2.06599998e+00 2.04299998e+00 2.00500011e+00 1.90799999e+00
    1.80299997e+00 1.70400000e+00 1.64100003e+00 1.64100003e+00
    1.62399995e+00 1.59500003e+00 1.58899999e+00 1.58700001e+00
    1.58700001e+00 1.58700001e+00 0. 0. 0. 0. 0. 0. 0. 0. 0. 0. 0. 0. 0.
    0. 0. 0. 0. 0. 0. 0. 0. 0. 0. 0. 0. 0. 2.06599998e+00 2.03200006e+00
    1.97599995e+00 1.86399996e+00 1.74899995e+00 1.68299997e+00
    1.64100003e+00 1.64100003e+00 1.62300003e+00 1.59200001e+00
    1.58700001e+00 1.58700001e+00 1.58700001e+00 1.58700001e+00 0. 0. 0.
    0. 0. 0. 0. 0. 0. 0. 0. 0. 0. 0. 0. 0. 0. 0. 0. 0. 0. 0. 0. 0. 0. 0.
    2.06200004e+00 2.01500010e+00 1.93900001e+00 1.81299996e+00
    1.69000006e+00 1.65799999e+00 1.63800001e+00 1.63800001e+00
    1.62000000e+00 1.59099996e+00 1.58700001e+00 1.58700001e+00
    1.58700001e+00 1.58700001e+00 0. 0. 0. 0. 0. 0. 0. 0. 0. 0. 0. 0. 0.
    0. 0. 0. 0. 0. 0. 0. 0. 0. 0. 0. 0. 0. 2.02399993e+00 1.96599996e+00
    1.87199998e+00 1.76199996e+00 1.65799999e+00 1.62699997e+00
    1.60699999e+00 1.60699999e+00 1.60000002e+00 1.58899999e+00
    1.58700001e+00 1.58700001e+00 1.58700001e+00 1.58700001e+00 0. 0. 0.
    0. 0. 0. 0. 0. 0. 0. 0. 0. 0. 0. 0. 0. 0. 0. 0. 0. 0. 0. 0. 0. 0. 0.
    1.98699999e+00 1.91299999e+00 1.79499996e+00 1.70500004e+00
    1.62699997e+00 1.60300004e+00 1.58700001e+00 1.58700001e+00
    1.58700001e+00 1.58700001e+00 1.58700001e+00 1.58700001e+00
    1.58700001e+00 1.58700001e+00 0. 0. 0. 0. 0. 0. 0. 0. 0. 0. 0. 0. 0.
    0. 0. 0. 0. 0. 0. 0. 0. 0. 0. 0. 0. 0. 1.95099998e+00 1.85500002e+00
    1.70099998e+00 1.63999999e+00 1.59899998e+00 1.59200001e+00
    1.58700001e+00 1.58700001e+00 1.58700001e+00 1.58700001e+00
    1.58700001e+00 1.58700001e+00 1.58700001e+00 1.58700001e+00 0. 0. 0.
    0. 0. 0. 0. 0. 0. 0. 0. 0. 0. 0. 0. 0. 0. 0. 0. 0. 0. 0. 0. 0. 0. 0.
    1.85500002e+00 1.77900004e+00 1.65699995e+00 1.61399996e+00
    1.58700001e+00 1.58700001e+00 1.58700001e+00 1.58700001e+00
    1.58700001e+00 1.58700001e+00 1.58700001e+00 1.58700001e+00
    1.58700001e+00 1.58700001e+00 0. 0. 0. 0. 0. 0. 0. 0. 0. 0. 0. 0. 0.
    0. 0. 0. 0. 0. 0. 0. 0. 0. 0. 0. 0. 0. 1.71800005e+00 1.69099998e+00
    1.64699996e+00 1.61399996e+00 1.58700001e+00 1.58700001e+00
    1.58700001e+00 1.58700001e+00 1.58700001e+00 1.58700001e+00
    1.58700001e+00 1.58700001e+00 1.58700001e+00 1.58700001e+00 0. 0. 0.
    0. 0. 0. 0. 0. 0. 0. 0. 0. 0. 0. 0. 0. 0. 0. 0. 0. 0. 0. 0. 0. 0. 0.
    1.66999996e+00 1.65999997e+00 1.64300001e+00 1.61399996e+00
    1.58700001e+00 1.58700001e+00 1.58700001e+00 1.58700001e+00
    1.58700001e+00 1.58700001e+00 1.58700001e+00 1.58800006e+00
    1.60300004e+00 1.61300004e+00 0. 0. 0. 0. 0. 0. 0. 0. 0. 0. 0. 0. 0.
    0. 0. 0. 0. 0. 0. 0. 0. 0. 0. 0. 0. 0. 1.64100003e+00 1.64100003e+00
    1.64100003e+00 1.61600006e+00 1.59000003e+00 1.59000003e+00
    1.58899999e+00 1.58800006e+00 1.58700001e+00 1.58700001e+00
    1.58700001e+00 1.59000003e+00 1.62100005e+00 1.64100003e+00 0. 0. 0.
    0. 0. 0. 0. 0. 0. 0. 0. 0. 0. 0. 0. 0. 0. 0. 0. 0. 0. 0. 0. 0. 0. 0.
    1.64100003e+00 1.64100003e+00 1.64100003e+00 1.63100004e+00
    1.62100005e+00 1.62100005e+00 1.61399996e+00 1.59500003e+00
    1.58700001e+00 1.58700001e+00 1.58700001e+00 1.59000003e+00
    1.62100005e+00 1.64100003e+00 0. 0. 0. 0. 0. 0. 0. 0. 0. 0. 0. 0. 0.
    0. 0. 0. 0. 0. 0. 0. 0. 0. 0. 0. 0. 0. 1.64100003e+00 1.64100003e+00
    1.64100003e+00 1.64100003e+00 1.64100003e+00 1.64100003e+00
    1.63000000e+00 1.59899998e+00 1.58700001e+00 1.58700001e+00
    1.58700001e+00 1.59000003e+00 1.62100005e+00 1.64100003e+00 0. 0. 0.
    0. 0. 0. 0. 0. 0. 0. 0. 0. 0. 0. 0. 0. 0. 0. 0. 0. 0. 0. 0. 0. 0. 0.
    1.64100003e+00 1.64100003e+00 1.64100003e+00 1.64100003e+00
    1.64100003e+00 1.64100003e+00 1.63000000e+00 1.59899998e+00
    1.58700001e+00 1.58700001e+00 1.58700001e+00 1.59000003e+00
    1.62100005e+00 1.64100003e+00 0. 0. 0. 0. 0. 0. 0. 0. 0. 0. 0. 0. 0.
    0. 0. 0. 0. 0. 0. 0. 0. 0. 0. 0. 0. 0. 1.64100003e+00 1.64100003e+00
    1.64100003e+00 1.64100003e+00 1.64100003e+00 1.64100003e+00
    1.63699996e+00 1.62699997e+00 1.61699998e+00 1.60599995e+00
    1.60500002e+00 1.60699999e+00 1.62699997e+00 1.64100003e+00 0. 0. 0.
    0. 0. 0. 0. 0. 0. 0. 0. 0. 0. 0. 0. 0. 0. 0. 0. 0. 0. 0. 0. 0. 0. 0.
    1.64100003e+00 1.64100003e+00 1.64100003e+00 1.64100003e+00
    1.64100003e+00 1.64100003e+00 1.64999998e+00 1.67600000e+00
    1.66900003e+00 1.63999999e+00 1.63600004e+00 1.63600004e+00
    1.63900006e+00 1.64100003e+00 0. 0. 0. 0. 0. 0. 0. 0. 0. 0. 0. 0. 0.
    0. 0. 0. 0. 0. 0. 0. 0. 0. 0. 0. 0. 0. 1.64100003e+00 1.64100003e+00
    1.64100003e+00 1.64100003e+00 1.64300001e+00 1.65799999e+00
    1.68400002e+00 1.73300004e+00 1.72300005e+00 1.67499995e+00
    1.66700006e+00 1.66700006e+00 1.66700006e+00 1.66700006e+00 0. 0. 0.
    0. 0. 0. 0. 0. 0. 0. 0. 0. 0. 0. 0. 0. 0. 0. 0. 0. 0. 0. 0. 0. 0. 0.
    1.64100003e+00 1.64100003e+00 1.64100003e+00 1.64100003e+00
    1.64499998e+00 1.68400002e+00 1.73199999e+00 1.79600000e+00
    1.77999997e+00 1.71200001e+00 1.70200002e+00 1.70200002e+00
    1.70200002e+00 1.70200002e+00 0. 0. 0. 0. 0. 0. 0. 0. 0. 0. 0. 0. 0.
    0. 0. 0. 0. 0. 0. 0. 0. 0. 0. 0. 0. 0. 1.64100003e+00 1.64100003e+00
    1.64100003e+00 1.64100003e+00 1.65600002e+00 1.79299998e+00
    1.89100003e+00 1.91700006e+00 1.87300003e+00 1.78199995e+00
    1.76800001e+00 1.76800001e+00 1.76800001e+00 1.76800001e+00 0. 0. 0.
    0. 0. 0. 0. 0. 0. 0. 0. 0. 0. 0. 0. 0. 0. 0. 0. 0. 0. 0. 0. 0. 0. 0.
    1.65100002e+00 1.65499997e+00 1.66100001e+00 1.66100001e+00
    1.68400002e+00 1.88300002e+00 2.00900006e+00 2.00300002e+00
    1.94000006e+00 1.84000003e+00 1.82000005e+00 1.81400001e+00
    1.81400001e+00 1.81400001e+00 0. 0. 0. 0. 0. 0. 0. 0. 0. 0. 0. 0. 0.
    0. 0. 0. 0. 0. 0. 0. 0. 0. 0. 0. 0. 0. 1.68299997e+00 1.69799995e+00
    1.72300005e+00 1.72599995e+00 1.74699998e+00 1.93099999e+00
    2.03900003e+00 2.01099992e+00 1.95200002e+00 1.87100005e+00
    1.83700001e+00 1.81400001e+00 1.81400001e+00 1.81400001e+00 0. 0. 0.
    0. 0. 0. 0. 0. 0. 0. 0. 0. 0. 0. 0. 0. 0. 0. 0. 0. 0. 0. 0. 0. 0. 0.
    1.88100004e+00 1.89499998e+00 1.91700006e+00 1.89800000e+00
    1.88699996e+00 1.99600005e+00 2.05299997e+00 2.01500010e+00
    1.95700002e+00 1.88499999e+00 1.84500003e+00 1.81400001e+00
    1.81400001e+00 1.81400001e+00 0. 0. 0. 0. 0. 0. 0. 0. 0. 0. 0. 0. 0.
    0. 0. 0. 0. 0. 0. 0. 0. 0. 0. 0. 0. 0. 2.21000004e+00 2.21199989e+00
    2.21600008e+00 2.15499997e+00 2.08999991e+00 2.07500005e+00
    2.05299997e+00 2.01500010e+00 1.95700002e+00 1.88499999e+00
    1.84500003e+00 1.81400001e+00 1.81400001e+00 1.81400001e+00 0. 0. 0.
    0. 0. 0. 0. 0. 0. 0. 0. 0. 0. 0. 0. 0. 0. 0. 0. 0. 0. 0. 0. 0. 0. 0.
    2.27500010e+00 2.27500010e+00 2.27500010e+00 2.23699999e+00
    2.19199991e+00 2.13400006e+00 2.08299994e+00 2.04500008e+00
    1.98699999e+00 1.91400003e+00 1.87300003e+00 1.84099996e+00
    1.84099996e+00 1.84099996e+00 0. 0. 0. 0. 0. 0. 0. 0. 0. 0. 0. 0. 0.
    0. 0. 0. 0. 0. 0. 0. 0. 0. 0. 0. 0. 0. 2.27500010e+00 2.27500010e+00
    2.27500010e+00 2.27500010e+00 2.26600003e+00 2.18600011e+00
    2.11999989e+00 2.08100009e+00 2.02200007e+00 1.95000005e+00
    1.90799999e+00 1.87600005e+00 1.87500000e+00 1.87399995e+00 0. 0. 0.
    0. 0. 0. 0. 0. 0. 0. 0. 0. 0. 0. 0. 0. 0. 0. 0. 0. 0. 0. 0. 0. 0. 0.
    2.27500010e+00 2.27500010e+00 2.27500010e+00 2.27500010e+00
    2.26600003e+00 2.18600011e+00 2.11999989e+00 2.08100009e+00
