<?xml version="1.0"?>
<opencv_storage>
<Depth type_id="opencv-matrix">
  <rows>40</rows>
  <cols>40</cols>
  <dt>f</dt>
  <data>
    0. 0. 0. 0. 0. 0. 0. 0. 0. 0. 0. 0. 0. 0. 0. 0. 0. 0. 0. 0. 0. 0. 0.
    0. 0. 0. 0. 0. 0. 0. 0. 0. 0. 0. 0. 0. 0. 0. 0. 0. 0. 0. 0. 0. 0. 0.
    0. 0. 0. 0. 0. 0. 0. 0. 0. 0. 0. 0. 0. 0. 0. 0. 0. 0. 0. 0. 0. 0. 0.
    0. 0. 0. 0. 0. 0. 0. 0. 0. 0. 0. 0. 0. 0. 0. 0. 0. 0. 0. 0. 0. 0. 0.
    0. 0. 0. 0. 0. 0. 0. 0. 0. 0. 0. 0. 0. 0. 0. 0. 0. 0. 0. 0. 0. 0. 0.
    0. 0. 0. 0. 0. 0. 0. 0. 0. 0. 0. 0. 0. 0. 0. 0. 0. 0. 0. 0. 0. 0. 0.
    0. 0. 0. 0. 0. 0. 0. 0. 0. 0. 0. 0. 0. 0. 0. 0. 0. 0. 0. 0. 0. 0. 0.
    0. 0. 0. 0. 0. 0. 0. 0. 0. 0. 0. 0. 0. 0. 0. 0. 0. 0. 0. 0. 0. 0. 0.
    0. 0. 0. 0. 0. 0. 0. 0. 0. 0. 0. 0. 0. 0. 0. 0. 0. 0. 0. 0. 0. 0. 0.
    0. 0. 0. 0. 0. 0. 0. 0. 0. 0. 0. 0. 0. 0. 0. 0. 0. 0. 0. 0. 0. 0. 0.
    0. 0. 0. 0. 0. 0. 0. 0. 0. 0. 0. 0. 0. 0. 0. 0. 0. 0. 0. 0. 0. 0. 0.
    0. 0. 0. 0. 0. 0. 0. 0. 0. 0. 0. 0. 0. 0. 0. 0. 0. 0. 0. 0. 0. 0. 0.
    0. 0. 0. 0. 0. 0. 0. 0. 0. 0. 0. 0. 0. 0. 0. 0. 0. 0. 0. 0. 0. 0. 0.
    0. 0. 0. 0. 0. 0. 0. 0. 0. 0. 0. 0. 0. 0. 0. 0. 0. 0. 0. 0. 0. 0. 0.
    0. 0. 0. 0. 0. 0. 0. 0. 0. 0. 0. 0. 0. 0. 0. 0. 0. 0. 0. 0. 0. 0. 0.
    0. 0. 0. 0. 0. 0. 0. 0. 0. 0. 0. 0. 0. 0. 0. 0. 0. 0. 0. 0. 0. 0. 0.
    0. 0. 0. 0. 0. 0. 0. 0. 0. 0. 0. 0. 0. 0. 0. 0. 0. 0. 0. 0. 0. 0. 0.
    0. 0. 0. 0. 0. 0. 0. 0. 0. 0. 0. 0. 0. 0. 0. 0. 0. 0. 0. 0. 0. 0. 0.
    0. 0. 0. 0. 0. 0. 0. 0. 0. 0. 0. 0. 0. 0. 0. 0. 0. 0. 0. 0. 0. 0. 0.
    0. 0. 0. 0. 0. 0. 0. 0. 0. 0. 0. 0. 0. 0. 0. 0. 0. 0. 0. 0. 0. 0. 0.
    0. 0. 0. 0. 0. 0. 0. 0. 0. 0. 0. 0. 0. 0. 0. 0. 0. 0. 0. 0. 0. 0. 0.
    0. 0. 0. 0. 0. 0. 0. 0. 0. 0. 0. 0. 0. 0. 0. 0. 0. 0. 0. 0. 0. 0. 0.
    0. 0. 0. 0. 0. 0. 0. 0. 0. 0. 0. 0. 0. 0. 1.94000006e+00
    1.94000006e+00 1.94000006e+00 1.94000006e+00 1.94000006e+00
    1.94000006e+00 1.94000006e+00 1.94000006e+00 1.94000006e+00
    1.94000006e+00 1.96399999e+00 1.95099998e+00 1.94000006e+00
    1.94799995e+00 1.97000003e+00 1.97000003e+00 1.97000003e+00
    1.97000003e+00 1.95700002e+00 1.94000006e+00 1.94000006e+00
    1.94000006e+00 1.94000006e+00 1.92400002e+00 1.91100001e+00
    1.91100001e+00 1.91100001e+00 1.91100001e+00 1.91100001e+00
    1.91100001e+00 1.90100002e+00 1.88199997e+00 1.88199997e+00
    1.88199997e+00 1.88199997e+00 1.86800003e+00 1.85399997e+00
    1.85399997e+00 1.85399997e+00 1.85399997e+00 1.94000006e+00
    1.94000006e+00 1.94400001e+00 1.96200001e+00 1.96200001e+00
    1.94799995e+00 1.94000006e+00 1.94000006e+00 1.94000006e+00
    1.94000006e+00 1.96399999e+00 1.96500003e+00 1.96200001e+00
    1.96399999e+00 1.97000003e+00 1.97000003e+00 1.97000003e+00
    1.97000003e+00 1.96700001e+00 1.95700002e+00 1.94000006e+00
    1.94000006e+00 1.94000006e+00 1.92400002e+00 1.91100001e+00
    1.91100001e+00 1.91100001e+00 1.91100001e+00 1.91100001e+00
    1.91100001e+00 1.90100002e+00 1.88199997e+00 1.88199997e+00
    1.88199997e+00 1.86800003e+00 1.85800004e+00 1.85399997e+00
    1.85399997e+00 1.85399997e+00 1.85399997e+00 1.94000006e+00
    1.94000006e+00 1.94500005e+00 1.97000003e+00 1.97000003e+00
    1.95000005e+00 1.94000006e+00 1.94500005e+00 1.95700002e+00
    1.95700002e+00 1.98099995e+00 1.98699999e+00 1.98699999e+00
    1.98199999e+00 1.97000003e+00 1.97000003e+00 1.97000003e+00
    1.97000003e+00 1.97000003e+00 1.96700001e+00 1.95599997e+00
    1.94200003e+00 1.94000006e+00 1.92400002e+00 1.91100001e+00
    1.91100001e+00 1.91100001e+00 1.91100001e+00 1.91100001e+00
    1.91100001e+00 1.90100002e+00 1.88199997e+00 1.88199997e+00
    1.88199997e+00 1.86300004e+00 1.85399997e+00 1.85399997e+00
    1.85399997e+00 1.85399997e+00 1.85399997e+00 1.94000006e+00
    1.94000006e+00 1.94500005e+00 1.97000003e+00 1.97000003e+00
    1.95799994e+00 1.95200002e+00 1.96099997e+00 1.98199999e+00
    1.98199999e+00 1.99600005e+00 2. 2. 1.99500000e+00 1.98099995e+00
    1.97099996e+00 1.97000003e+00 1.97000003e+00 1.97000003e+00
    1.97000003e+00 1.96800005e+00 1.94299996e+00 1.94000006e+00
    1.92400002e+00 1.91100001e+00 1.91100001e+00 1.91100001e+00
    1.91100001e+00 1.91100001e+00 1.91100001e+00 1.90100002e+00
    1.88199997e+00 1.88199997e+00 1.88199997e+00 1.87100005e+00
    1.86500001e+00 1.86199999e+00 1.85399997e+00 1.85399997e+00
    1.85399997e+00 1.94299996e+00 1.94000006e+00 1.94500005e+00
    1.97000003e+00 1.97000003e+00 1.97399998e+00 1.97700000e+00
    1.98399997e+00 2. 2. 2. 2. 2. 2. 1.99800003e+00 1.97800004e+00
    1.97700000e+00 1.97700000e+00 1.97399998e+00 1.97000003e+00
    1.96800005e+00 1.94299996e+00 1.94000006e+00 1.92400002e+00
    1.91100001e+00 1.91100001e+00 1.91100001e+00 1.91100001e+00
    1.91100001e+00 1.91100001e+00 1.90100002e+00 1.88199997e+00
    1.88199997e+00 1.88199997e+00 1.88199997e+00 1.88199997e+00
    1.87300003e+00 1.85399997e+00 1.85399997e+00 1.85399997e+00
    1.95599997e+00 1.94200003e+00 1.94700003e+00 1.97200000e+00
    1.97200000e+00 1.99000001e+00 2. 2. 2. 2. 2. 2. 2. 2. 2. 2. 2. 2.
    1.98800004e+00 1.97200000e+00 1.96899998e+00 1.94500005e+00
    1.94000006e+00 1.92400002e+00 1.91100001e+00 1.91100001e+00
    1.91100001e+00 1.91100001e+00 1.91100001e+00 1.91100001e+00
    1.90100002e+00 1.88300002e+00 1.88199997e+00 1.88199997e+00
    1.88199997e+00 1.88199997e+00 1.87300003e+00 1.85500002e+00
    1.85399997e+00 1.85399997e+00 1.96800005e+00 1.96700001e+00
    1.97200000e+00 1.99600005e+00 1.99699998e+00 1.99899995e+00 2. 2. 2.
    2. 2. 2. 2. 2. 2. 2. 2. 2. 1.99899995e+00 1.99699998e+00
    1.99399996e+00 1.96899998e+00 1.94700003e+00 1.92400002e+00
    1.91100001e+00 1.91100001e+00 1.91100001e+00 1.91100001e+00
    1.91100001e+00 1.91100001e+00 1.90999997e+00 1.90300000e+00
    1.88199997e+00 1.88199997e+00 1.88199997e+00 1.88199997e+00
    1.88100004e+00 1.87500000e+00 1.85399997e+00 1.85399997e+00
    1.97000003e+00 1.97000003e+00 1.97500002e+00 2. 2. 2. 2. 2. 2. 2. 2.
    2. 2. 2. 2. 2. 2. 2. 2. 2. 1.99800003e+00 1.97300005e+00
    1.94799995e+00 1.92400002e+00 1.91100001e+00 1.91100001e+00
    1.91100001e+00 1.91100001e+00 1.91100001e+00 1.91100001e+00
    1.91100001e+00 1.90900004e+00 1.90199995e+00 1.88499999e+00
    1.88199997e+00 1.88199997e+00 1.88199997e+00 1.87800002e+00
    1.85399997e+00 1.85399997e+00 1.97800004e+00 1.97000003e+00
    1.97500002e+00 2. 2. 2. 2. 2. 2. 2. 2. 2. 2. 2. 2. 2. 2. 2. 2. 2.
    1.99800003e+00 1.97300005e+00 1.94799995e+00 1.92400002e+00
    1.91100001e+00 1.91100001e+00 1.91100001e+00 1.91100001e+00
    1.91100001e+00 1.91100001e+00 1.91100001e+00 1.91100001e+00
    1.91100001e+00 1.89999998e+00 1.88699996e+00 1.88199997e+00
    1.88199997e+00 1.87800002e+00 1.85399997e+00 1.85399997e+00
    1.98500001e+00 1.97000003e+00 1.97500002e+00 2. 2. 2. 2. 2. 2. 2. 2.
    2. 2. 2. 2. 2. 2. 2. 2. 1.99699998e+00 1.98699999e+00 1.97200000e+00
    1.94799995e+00 1.92400002e+00 1.91100001e+00 1.91100001e+00
    1.91100001e+00 1.91100001e+00 1.91100001e+00 1.91100001e+00
    1.91100001e+00 1.91100001e+00 1.91100001e+00 1.91100001e+00
    1.89199996e+00 1.88199997e+00 1.88199997e+00 1.87800002e+00
    1.85399997e+00 1.85399997e+00 1.98500001e+00 1.97000003e+00
    1.97500002e+00 2. 1.99500000e+00 1.99399996e+00 1.99699998e+00 2. 2.
    2. 2. 2. 2. 2. 2. 2. 2. 2. 2. 1.99300003e+00 1.97000003e+00
    1.97000003e+00 1.94799995e+00 1.92700005e+00 1.91700006e+00
    1.91499996e+00 1.91100001e+00 1.91100001e+00 1.91100001e+00
    1.91100001e+00 1.91100001e+00 1.91100001e+00 1.91100001e+00
    1.91100001e+00 1.89199996e+00 1.88199997e+00 1.88199997e+00
    1.87800002e+00 1.86000001e+00 1.85500002e+00 1.96399999e+00
    1.95599997e+00 1.97500002e+00 1.99899995e+00 1.97500002e+00
    1.97000003e+00 1.98399997e+00 1.99899995e+00 2. 2. 2. 2. 2. 2. 2. 2.
    2. 2. 2. 1.99300003e+00 1.97099996e+00 1.97000003e+00 1.94900000e+00
    1.94000006e+00 1.94000006e+00 1.93400002e+00 1.91199994e+00
    1.91100001e+00 1.91100001e+00 1.91100001e+00 1.91100001e+00
