<?xml version="1.0"?>
<opencv_storage>
<Depth type_id="opencv-matrix">
  <rows>40</rows>
  <cols>40</cols>
  <dt>f</dt>
  <data>
    0. 0. 0. 0. 0. 0. 0. 0. 0. 0. 0. 0. 0. 0. 0. 0. 0. 0. 0. 0. 0. 0. 0.
    0. 0. 0. 0. 0. 0. 0. 0. 0. 0. 0. 0. 0. 0. 0. 0. 0. 0. 0. 0. 0. 0. 0.
    0. 0. 0. 0. 0. 0. 0. 0. 0. 0. 0. 0. 0. 0. 0. 0. 0. 0. 0. 0. 0. 0. 0.
    0. 0. 0. 0. 0. 0. 0. 0. 0. 0. 0. 0. 0. 0. 0. 0. 0. 0. 0. 0. 0. 0. 0.
    0. 0. 0. 0. 0. 0. 0. 0. 0. 0. 0. 0. 0. 0. 0. 0. 0. 0. 0. 0. 0. 0. 0.
    0. 0. 0. 0. 0. 0. 0. 0. 0. 0. 0. 0. 0. 0. 0. 0. 0. 0. 0. 0. 0. 0. 0.
    0. 0. 0. 0. 0. 0. 0. 0. 0. 0. 0. 0. 0. 0. 0. 0. 0. 0. 0. 0. 0. 0. 0.
    0. 0. 0. 0. 0. 0. 0. 0. 0. 0. 0. 0. 0. 0. 0. 0. 0. 0. 0. 0. 0. 0. 0.
    0. 0. 0. 0. 0. 0. 0. 0. 0. 0. 0. 0. 0. 0. 0. 0. 0. 0. 0. 0. 0. 0. 0.
    0. 0. 0. 0. 0. 0. 0. 0. 0. 0. 0. 0. 0. 0. 0. 0. 0. 0. 0. 0. 0. 0. 0.
    0. 0. 0. 0. 0. 0. 0. 0. 0. 0. 0. 0. 0. 0. 0. 0. 0. 0. 0. 0. 0. 0. 0.
    0. 0. 0. 0. 0. 0. 0. 0. 0. 0. 0. 0. 0. 0. 0. 0. 0. 0. 0. 0. 0. 0. 0.
    0. 0. 0. 0. 0. 0. 0. 0. 0. 0. 0. 0. 0. 0. 0. 0. 0. 0. 0. 0. 0. 0. 0.
    0. 0. 0. 0. 0. 0. 0. 0. 0. 0. 0. 0. 0. 0. 0. 0. 0. 0. 0. 0. 0. 0. 0.
    0. 0. 0. 0. 0. 0. 0. 0. 0. 0. 0. 0. 0. 0. 0. 0. 0. 0. 0. 0. 0. 0. 0.
    0. 0. 0. 0. 0. 0. 0. 0. 0. 0. 0. 0. 0. 0. 0. 0. 0. 0. 0. 0. 0. 0. 0.
    0. 0. 0. 0. 0. 0. 0. 0. 0. 0. 0. 0. 0. 0. 0. 0. 0. 0. 0. 0. 0. 0. 0.
    0. 0. 0. 0. 0. 0. 0. 0. 0. 0. 0. 0. 0. 0. 0. 0. 0. 0. 0. 0. 0. 0. 0.
    0. 0. 0. 0. 0. 0. 0. 0. 0. 0. 0. 0. 0. 0. 0. 0. 0. 0. 0. 0. 0. 0. 0.
    0. 0. 0. 0. 0. 0. 0. 0. 0. 0. 0. 0. 0. 0. 0. 0. 0. 0. 0. 0. 0. 0. 0.
    0. 0. 0. 0. 0. 0. 0. 0. 0. 0. 0. 0. 0. 0. 0. 0. 0. 0. 0. 0.
    2.39400005e+00 2.39400005e+00 2.39400005e+00 2.39400005e+00
    2.39400005e+00 2.39400005e+00 2.39400005e+00 2.39400005e+00
    2.39400005e+00 2.39199996e+00 2.32399988e+00 2.25699997e+00
    2.19300008e+00 2.19300008e+00 2.19300008e+00 2.19300008e+00
    2.19300008e+00 2.19300008e+00 2.19300008e+00 2.19300008e+00
    2.19300008e+00 2.19300008e+00 2.19300008e+00 2.19300008e+00
    2.18700004e+00 2.12299991e+00 2.05800009e+00 2. 2. 2. 1.99300003e+00
    1.93200004e+00 1.87000000e+00 1.81599998e+00 1.81599998e+00
    1.81599998e+00 1.83200002e+00 1.95799994e+00 2.08400011e+00
    2.19300008e+00 2.39400005e+00 2.39400005e+00 2.39400005e+00
    2.39400005e+00 2.39400005e+00 2.39400005e+00 2.39400005e+00
    2.39400005e+00 2.39400005e+00 2.39100003e+00 2.32399988e+00
    2.25699997e+00 2.19300008e+00 2.19300008e+00 2.19300008e+00
    2.19300008e+00 2.19300008e+00 2.19300008e+00 2.19300008e+00
    2.19300008e+00 2.19300008e+00 2.19300008e+00 2.19300008e+00
    2.19300008e+00 2.18700004e+00 2.12299991e+00 2.05800009e+00 2. 2. 2.
    1.99300003e+00 1.93200004e+00 1.87000000e+00 1.81599998e+00
    1.81599998e+00 1.81599998e+00 1.83200002e+00 1.95799994e+00
    2.08400011e+00 2.19300008e+00 2.32599998e+00 2.32599998e+00
    2.32599998e+00 2.32599998e+00 2.32599998e+00 2.32599998e+00
    2.32599998e+00 2.32599998e+00 2.32599998e+00 2.32500005e+00
    2.27999997e+00 2.23600006e+00 2.19300008e+00 2.19300008e+00
    2.19300008e+00 2.19300008e+00 2.19300008e+00 2.19300008e+00
    2.19199991e+00 2.17000008e+00 2.14800000e+00 2.12800002e+00
    2.12800002e+00 2.12800002e+00 2.12400007e+00 2.08200002e+00
    2.03900003e+00 2. 2. 2. 1.99300003e+00 1.93200004e+00 1.87000000e+00
    1.81599998e+00 1.81599998e+00 1.81599998e+00 1.82900000e+00
    1.93400002e+00 2.03800011e+00 2.12800002e+00 2.25900006e+00
    2.25900006e+00 2.25900006e+00 2.25900006e+00 2.25900006e+00
    2.25900006e+00 2.25900006e+00 2.25900006e+00 2.25900006e+00
    2.25799990e+00 2.23600006e+00 2.21399999e+00 2.19300008e+00
    2.19300008e+00 2.19300008e+00 2.19300008e+00 2.19300008e+00
    2.19300008e+00 2.19000006e+00 2.14700007e+00 2.10400009e+00
    2.06399989e+00 2.06399989e+00 2.06399989e+00 2.06200004e+00
    2.03999996e+00 2.01900005e+00 2. 2. 2. 1.99300003e+00 1.93200004e+00
    1.87000000e+00 1.81599998e+00 1.81599998e+00 1.81599998e+00
    1.82599998e+00 1.90900004e+00 1.99199998e+00 2.06399989e+00
    2.19300008e+00 2.19300008e+00 2.19300008e+00 2.19300008e+00
    2.19300008e+00 2.19300008e+00 2.19300008e+00 2.19300008e+00
    2.19300008e+00 2.19300008e+00 2.19300008e+00 2.19300008e+00
    2.19300008e+00 2.19300008e+00 2.19300008e+00 2.19300008e+00
    2.19300008e+00 2.19300008e+00 2.18899989e+00 2.12400007e+00
    2.05999994e+00 2. 2. 2. 2. 2. 2. 2. 2. 2. 1.99399996e+00
    1.93200004e+00 1.87100005e+00 1.81700003e+00 1.81700003e+00
    1.81700003e+00 1.82500005e+00 1.88600004e+00 1.94700003e+00 2.
    2.19300008e+00 2.19300008e+00 2.19300008e+00 2.19300008e+00
    2.19300008e+00 2.19300008e+00 2.19300008e+00 2.19300008e+00
    2.19300008e+00 2.19300008e+00 2.19300008e+00 2.19300008e+00
    2.19300008e+00 2.19300008e+00 2.19300008e+00 2.19300008e+00
    2.19300008e+00 2.19300008e+00 2.18899989e+00 2.12400007e+00
    2.05999994e+00 2. 2. 2. 2. 2. 2. 2. 2. 2. 1.99600005e+00
    1.95500004e+00 1.91400003e+00 1.87800002e+00 1.87800002e+00
    1.87800002e+00 1.88399994e+00 1.92400002e+00 1.96500003e+00 2.
    2.19300008e+00 2.19300008e+00 2.19300008e+00 2.19300008e+00
    2.19300008e+00 2.19300008e+00 2.19300008e+00 2.19300008e+00
    2.19300008e+00 2.19300008e+00 2.19300008e+00 2.19300008e+00
    2.19300008e+00 2.19300008e+00 2.19300008e+00 2.19300008e+00
    2.19300008e+00 2.19300008e+00 2.18899989e+00 2.12400007e+00
    2.05999994e+00 2. 2. 2. 2. 2. 2. 2. 2. 2. 1.99800003e+00
    1.97800004e+00 1.95799994e+00 1.94000006e+00 1.94000006e+00
    1.94000006e+00 1.94299996e+00 1.96300006e+00 1.98300004e+00 2.
    2.19300008e+00 2.19400001e+00 2.19400001e+00 2.19499993e+00
    2.19499993e+00 2.19499993e+00 2.19499993e+00 2.19499993e+00
    2.19499993e+00 2.19499993e+00 2.19499993e+00 2.19499993e+00
    2.19499993e+00 2.19499993e+00 2.19499993e+00 2.19499993e+00
    2.19400001e+00 2.19400001e+00 2.18899989e+00 2.12500000e+00
    2.06100011e+00 2.00200009e+00 2.00200009e+00 2.00200009e+00
    2.00200009e+00 2.00099993e+00 2. 2. 2. 2. 2. 2. 2. 2. 2. 2. 2. 2. 2.
    2. 2.19300008e+00 2.21600008e+00 2.23900008e+00 2.26200008e+00
    2.26200008e+00 2.26200008e+00 2.26200008e+00 2.26200008e+00
    2.26200008e+00 2.26200008e+00 2.26200008e+00 2.26200008e+00
    2.26200008e+00 2.26200008e+00 2.26200008e+00 2.26099992e+00
    2.23799992e+00 2.21499991e+00 2.19000006e+00 2.14800000e+00
    2.10500002e+00 2.06599998e+00 2.06599998e+00 2.06599998e+00
    2.06399989e+00 2.04200006e+00 2.01999998e+00 2. 2. 2. 2. 2. 2. 2. 2.
    2. 2. 2. 2. 2. 2.19300008e+00 2.23900008e+00 2.28399992e+00
    2.32900000e+00 2.32900000e+00 2.32900000e+00 2.32900000e+00
    2.32900000e+00 2.32900000e+00 2.32900000e+00 2.32900000e+00
    2.32900000e+00 2.32900000e+00 2.32900000e+00 2.32900000e+00
    2.32699990e+00 2.28099990e+00 2.23600006e+00 2.19199991e+00
    2.17100000e+00 2.15000010e+00 2.13100004e+00 2.13100004e+00
    2.13100004e+00 2.12700009e+00 2.08299994e+00 2.03999996e+00 2. 2. 2.
    2. 2. 2. 2. 2. 2. 2. 2. 2. 2. 2.19600010e+00 2.26200008e+00
    2.32900000e+00 2.39400005e+00 2.39400005e+00 2.39400005e+00
    2.39400005e+00 2.39400005e+00 2.39400005e+00 2.39400005e+00
    2.39599991e+00 2.39700007e+00 2.39899993e+00 2.39800000e+00
    2.39700007e+00 2.39299989e+00 2.32599998e+00 2.25999999e+00
    2.19799995e+00 2.19799995e+00 2.19799995e+00 2.19799995e+00
    2.19600010e+00 2.19400001e+00 2.18700004e+00 2.12299991e+00
    2.05800009e+00 2. 2. 2. 2. 2. 2. 2. 2. 2. 2. 2. 2. 2. 2.26300001e+00
    2.30699992e+00 2.35100007e+00 2.39400005e+00 2.39400005e+00
    2.39400005e+00 2.39400005e+00 2.39400005e+00 2.39400005e+00
    2.39599991e+00 2.44600010e+00 2.49699998e+00 2.54399991e+00
    2.51799989e+00 2.49200010e+00 2.46499991e+00 2.42100000e+00
    2.37700009e+00 2.33599997e+00 2.33599997e+00 2.33599997e+00
    2.33299994e+00 2.28500009e+00 2.23699999e+00 2.18700004e+00
    2.12299991e+00 2.05800009e+00 2. 2. 2. 2. 2. 2. 2. 2. 2. 2. 2. 2. 2.
