<?xml version="1.0"?>
<opencv_storage>
<Depth type_id="opencv-matrix">
  <rows>40</rows>
  <cols>40</cols>
  <dt>f</dt>
  <data>
    0. 0. 0. 0. 0. 0. 0. 0. 0. 0. 0. 0. 0. 0. 0. 0. 0. 0. 0. 0. 0. 0. 0.
    0. 0. 0. 0. 0. 0. 0. 0. 0. 0. 0. 0. 0. 0. 0. 0. 0. 0. 0. 0. 0. 0. 0.
    0. 0. 0. 0. 0. 0. 0. 0. 0. 0. 0. 0. 0. 0. 0. 0. 0. 0. 0. 0. 0. 0. 0.
    0. 0. 0. 0. 0. 0. 0. 0. 0. 0. 0. 0. 0. 0. 0. 0. 0. 0. 0. 0. 0. 0. 0.
    0. 0. 0. 0. 0. 0. 0. 0. 0. 0. 0. 0. 0. 0. 0. 0. 0. 0. 0. 0. 0. 0. 0.
    0. 0. 0. 0. 0. 0. 0. 0. 0. 0. 0. 0. 0. 0. 0. 0. 0. 0. 0. 0. 0. 0. 0.
    0. 0. 0. 0. 0. 0. 0. 0. 0. 0. 0. 0. 0. 0. 0. 0. 0. 0. 0. 0. 0. 0.
    2.96000004e+00 2.96000004e+00 2.96000004e+00 2.96000004e+00
    2.96000004e+00 2.94600010e+00 2.89299989e+00 2.86599994e+00
    2.86599994e+00 2.86599994e+00 2.86599994e+00 2.81800008e+00
    2.77399993e+00 2.77399993e+00 2.77399993e+00 2.77399993e+00
    2.77399993e+00 2.77399993e+00 2.77399993e+00 2.77399993e+00
    2.77399993e+00 2.77399993e+00 2.77399993e+00 2.77399993e+00
    2.77399993e+00 2.77399993e+00 2.77399993e+00 2.72900009e+00
    2.68600011e+00 2.68600011e+00 2.68600011e+00 2.68600011e+00
    2.48799992e+00 2.14100003e+00 2.03800011e+00 2. 2. 2. 2. 2.
    2.96000004e+00 2.96000004e+00 2.94499993e+00 2.92799997e+00
    2.92799997e+00 2.91799998e+00 2.88400006e+00 2.86599994e+00
    2.86599994e+00 2.86599994e+00 2.86599994e+00 2.81800008e+00
    2.77399993e+00 2.77399993e+00 2.77399993e+00 2.77399993e+00
    2.77399993e+00 2.77399993e+00 2.77399993e+00 2.77399993e+00
    2.77399993e+00 2.77399993e+00 2.77399993e+00 2.77399993e+00
    2.77399993e+00 2.76200008e+00 2.74499989e+00 2.71399999e+00
    2.68400002e+00 2.66700006e+00 2.65700006e+00 2.65700006e+00
    2.45300007e+00 2.09699988e+00 2.00200009e+00 1.97700000e+00
    1.97700000e+00 1.97700000e+00 1.97700000e+00 1.97700000e+00
    2.96000004e+00 2.96000004e+00 2.92000008e+00 2.87500000e+00
    2.87500000e+00 2.87400007e+00 2.86899996e+00 2.86599994e+00
    2.86599994e+00 2.86599994e+00 2.86599994e+00 2.81800008e+00
    2.77399993e+00 2.77399993e+00 2.77399993e+00 2.77399993e+00
    2.77399993e+00 2.77399993e+00 2.77399993e+00 2.77399993e+00
    2.77399993e+00 2.77399993e+00 2.77399993e+00 2.77399993e+00
    2.77399993e+00 2.74300003e+00 2.69799995e+00 2.69000006e+00
    2.68000007e+00 2.63700008e+00 2.60800004e+00 2.60800004e+00
    2.39700007e+00 2.02500010e+00 1.94400001e+00 1.94000006e+00
    1.94000006e+00 1.94000006e+00 1.94000006e+00 1.94000006e+00
    2.96000004e+00 2.96000004e+00 2.91599989e+00 2.86599994e+00
    2.86599994e+00 2.86599994e+00 2.86599994e+00 2.86599994e+00
    2.86599994e+00 2.86599994e+00 2.86599994e+00 2.83999991e+00
    2.81299996e+00 2.78900003e+00 2.77399993e+00 2.77399993e+00
    2.77399993e+00 2.77399993e+00 2.77399993e+00 2.77399993e+00
    2.77399993e+00 2.77399993e+00 2.77399993e+00 2.77399993e+00
    2.77399993e+00 2.74000001e+00 2.69000006e+00 2.62599993e+00
    2.55599999e+00 2.45199990e+00 2.38400006e+00 2.38400006e+00
    2.24000001e+00 1.98699999e+00 1.93400002e+00 1.93400002e+00
    1.93400002e+00 1.93400002e+00 1.93400002e+00 1.93400002e+00
    2.96000004e+00 2.96000004e+00 2.91499996e+00 2.86299992e+00
    2.86299992e+00 2.86299992e+00 2.86299992e+00 2.86400008e+00
    2.86599994e+00 2.86599994e+00 2.86599994e+00 2.86599994e+00
    2.85800004e+00 2.80800009e+00 2.77699995e+00 2.77699995e+00
    2.77600002e+00 2.77399993e+00 2.77399993e+00 2.77399993e+00
    2.77399993e+00 2.77399993e+00 2.77399993e+00 2.77399993e+00
    2.77399993e+00 2.73399997e+00 2.67600012e+00 2.54600000e+00
    2.40599990e+00 2.24300003e+00 2.13700008e+00 2.13700008e+00
    2.07299995e+00 1.96000004e+00 1.93499994e+00 1.93400002e+00
    1.93400002e+00 1.93400002e+00 1.93400002e+00 1.93400002e+00
    2.96000004e+00 2.96000004e+00 2.89100003e+00 2.81200004e+00
    2.81200004e+00 2.81200004e+00 2.81200004e+00 2.82699990e+00
    2.85700011e+00 2.86599994e+00 2.86599994e+00 2.86599994e+00
    2.86299992e+00 2.84200001e+00 2.82800007e+00 2.82800007e+00
    2.80999994e+00 2.77999997e+00 2.77399993e+00 2.77399993e+00
    2.77399993e+00 2.77399993e+00 2.77399993e+00 2.77399993e+00
    2.77399993e+00 2.61400008e+00 2.38299990e+00 2.30999994e+00
    2.25099993e+00 2.18199992e+00 2.13700008e+00 2.13700008e+00
    2.08400011e+00 1.99199998e+00 1.95599997e+00 1.93400002e+00
    1.93400002e+00 1.93400002e+00 1.93400002e+00 1.93400002e+00
    2.95499992e+00 2.94700003e+00 2.86599994e+00 2.77399993e+00
    2.77399993e+00 2.77399993e+00 2.77399993e+00 2.79900002e+00
    2.85100007e+00 2.86599994e+00 2.86599994e+00 2.86599994e+00
    2.86599994e+00 2.86599994e+00 2.86599994e+00 2.86599994e+00
    2.83599997e+00 2.78399992e+00 2.76799989e+00 2.75900006e+00
    2.71900010e+00 2.68799996e+00 2.68799996e+00 2.68499994e+00
    2.67899990e+00 2.46399999e+00 2.15400004e+00 2.12700009e+00
    2.12700009e+00 2.12700009e+00 2.12700009e+00 2.12700009e+00
    2.08599997e+00 2.01500010e+00 1.97500002e+00 1.94400001e+00
    1.93799996e+00 1.93400002e+00 1.93400002e+00 1.93200004e+00
    2.93700004e+00 2.89899993e+00 2.83699989e+00 2.77399993e+00
    2.77399993e+00 2.77399993e+00 2.77399993e+00 2.79900002e+00
    2.85100007e+00 2.86599994e+00 2.86599994e+00 2.86599994e+00
    2.86599994e+00 2.86599994e+00 2.86599994e+00 2.86599994e+00
    2.83599997e+00 2.78399992e+00 2.74499989e+00 2.70600009e+00
    2.51399994e+00 2.37100005e+00 2.37100005e+00 2.35700011e+00
    2.32800007e+00 2.23000002e+00 2.09999990e+00 2.08800006e+00
    2.08800006e+00 2.08800006e+00 2.08800006e+00 2.08800006e+00
    2.05999994e+00 2.00999999e+00 1.99199998e+00 1.98099995e+00
    1.95400000e+00 1.93400002e+00 1.93400002e+00 1.92299998e+00
    2.92799997e+00 2.87500000e+00 2.82299995e+00 2.77399993e+00
    2.77399993e+00 2.77800012e+00 2.79200006e+00 2.81800008e+00
    2.85500002e+00 2.87599993e+00 2.89100003e+00 2.89199996e+00
    2.89199996e+00 2.89199996e+00 2.89199996e+00 2.89199996e+00
    2.80100012e+00 2.64800000e+00 2.58899999e+00 2.54900002e+00
    2.34299994e+00 2.18899989e+00 2.18899989e+00 2.17000008e+00
    2.13000011e+00 2.09899998e+00 2.07100010e+00 2.06800008e+00
    2.06699991e+00 2.05599999e+00 2.04900002e+00 2.04900002e+00
    2.03399992e+00 2.00600004e+00 2. 2. 1.97300005e+00 1.95000005e+00
    1.94000006e+00 1.91799998e+00 2.92799997e+00 2.87500000e+00
    2.82299995e+00 2.77399993e+00 2.77399993e+00 2.78600001e+00
    2.82900000e+00 2.85500002e+00 2.86400008e+00 2.89700007e+00
    2.94199991e+00 2.94499993e+00 2.94499993e+00 2.94499993e+00
    2.94499993e+00 2.94499993e+00 2.73099995e+00 2.36999989e+00
    2.29500008e+00 2.28399992e+00 2.20700002e+00 2.14899993e+00
    2.14899993e+00 2.13000011e+00 2.09100008e+00 2.07500005e+00
    2.06900001e+00 2.06800008e+00 2.06399989e+00 2.03200006e+00
    2.01099992e+00 2.01099992e+00 2.00799990e+00 2.00099993e+00 2. 2.
    1.99399996e+00 1.98199999e+00 1.95099998e+00 1.91799998e+00
    2.90300012e+00 2.87100005e+00 2.82299995e+00 2.77399993e+00
    2.77399993e+00 2.78800011e+00 2.83999991e+00 2.87599993e+00
    2.89700007e+00 2.92600012e+00 2.95799994e+00 2.96000004e+00
    2.96000004e+00 2.96000004e+00 2.87500000e+00 2.64499998e+00
    2.40100002e+00 2.14800000e+00 2.11100006e+00 2.12500000e+00
    2.11599994e+00 2.10899997e+00 2.10899997e+00 2.09899998e+00
    2.07500005e+00 2.05699992e+00 2.04200006e+00 2.04099989e+00
    2.03800011e+00 2.01500010e+00 2. 2. 2. 2. 2. 2. 2. 1.99500000e+00
    1.97300005e+00 1.94400001e+00 2.86800003e+00 2.86599994e+00
    2.82299995e+00 2.77399993e+00 2.77399993e+00 2.78800011e+00
    2.83999991e+00 2.89100003e+00 2.94199991e+00 2.95799994e+00
    2.96000004e+00 2.96000004e+00 2.96000004e+00 2.96000004e+00
    2.75500011e+00 2.20099998e+00 1.96500003e+00 1.94799995e+00
    1.97399998e+00 2.00900006e+00 2.04399991e+00 2.07100010e+00
    2.07100010e+00 2.06999993e+00 2.06800008e+00 2.04299998e+00
    2.00600004e+00 2.00300002e+00 2.00200009e+00 2.00099993e+00 2. 2. 2.
