<?xml version="1.0"?>
<opencv_storage>
<Depth type_id="opencv-matrix">
  <rows>40</rows>
  <cols>40</cols>
  <dt>f</dt>
  <data>
    0. 0. 0. 0. 0. 0. 0. 0. 0. 0. 0. 0. 0. 0. 2.19300008e+00
    2.19300008e+00 2.21600008e+00 2.23799992e+00 2.25600004e+00
    1.93900001e+00 1.62199998e+00 1.31299996e+00 1.31299996e+00
    1.31299996e+00 1.31299996e+00 1.31299996e+00 0. 0. 0. 0. 0. 0. 0. 0.
    0. 0. 0. 0. 0. 0. 0. 0. 0. 0. 0. 0. 0. 0. 0. 0. 0. 0. 0. 0.
    2.19300008e+00 2.19300008e+00 2.23799992e+00 2.28299999e+00
    2.32299995e+00 1.98300004e+00 1.64400005e+00 1.31299996e+00
    1.31299996e+00 1.31299996e+00 1.31299996e+00 1.31299996e+00 0. 0. 0.
    0. 0. 0. 0. 0. 0. 0. 0. 0. 0. 0. 0. 0. 0. 0. 0. 0. 0. 0. 0. 0. 0. 0.
    0. 0. 2.19300008e+00 2.19300008e+00 2.25999999e+00 2.32699990e+00
    2.38800001e+00 2.02800012e+00 1.66799998e+00 1.31700003e+00
    1.31799996e+00 1.31799996e+00 1.31799996e+00 1.31799996e+00 0. 0. 0.
    0. 0. 0. 0. 0. 0. 0. 0. 0. 0. 0. 0. 0. 0. 0. 0. 0. 0. 0. 0. 0. 0. 0.
    0. 0. 2.19300008e+00 2.19300008e+00 2.23799992e+00 2.28200006e+00
    2.32200003e+00 2.08299994e+00 1.84500003e+00 1.61199999e+00
    1.63499999e+00 1.65799999e+00 1.67999995e+00 1.67999995e+00 0. 0. 0.
    0. 0. 0. 0. 0. 0. 0. 0. 0. 0. 0. 0. 0. 0. 0. 0. 0. 0. 0. 0. 0. 0. 0.
    0. 0. 2.19300008e+00 2.19300008e+00 2.21499991e+00 2.23699999e+00
    2.25699997e+00 2.13899994e+00 2.02099991e+00 1.90699995e+00
    1.95299995e+00 1.99800003e+00 2.04200006e+00 2.04200006e+00 0. 0. 0.
    0. 0. 0. 0. 0. 0. 0. 0. 0. 0. 0. 0. 0. 0. 0. 0. 0. 0. 0. 0. 0. 0. 0.
    0. 0. 2.19300008e+00 2.19300008e+00 2.19300008e+00 2.19300008e+00
    2.19300008e+00 2.19300008e+00 2.19300008e+00 2.19499993e+00
    2.26200008e+00 2.32900000e+00 2.39400005e+00 2.39400005e+00 0. 0. 0.
    0. 0. 0. 0. 0. 0. 0. 0. 0. 0. 0. 0. 0. 0. 0. 0. 0. 0. 0. 0. 0. 0. 0.
    0. 0. 2.19300008e+00 2.19300008e+00 2.19300008e+00 2.19300008e+00
    2.19300008e+00 2.19300008e+00 2.19300008e+00 2.19499993e+00
    2.26200008e+00 2.32900000e+00 2.39400005e+00 2.39400005e+00 0. 0. 0.
    0. 0. 0. 0. 0. 0. 0. 0. 0. 0. 0. 0. 0. 0. 0. 0. 0. 0. 0. 0. 0. 0. 0.
    0. 0. 2.19300008e+00 2.19300008e+00 2.19300008e+00 2.19300008e+00
    2.19300008e+00 2.19300008e+00 2.19300008e+00 2.19499993e+00
    2.26200008e+00 2.32900000e+00 2.39400005e+00 2.39400005e+00 0. 0. 0.
    0. 0. 0. 0. 0. 0. 0. 0. 0. 0. 0. 0. 0. 0. 0. 0. 0. 0. 0. 0. 0. 0. 0.
    0. 0. 2.19300008e+00 2.19300008e+00 2.19300008e+00 2.19300008e+00
    2.19300008e+00 2.19400001e+00 2.19499993e+00 2.19700003e+00
    2.26300001e+00 2.32999992e+00 2.39400005e+00 2.39400005e+00 0. 0. 0.
    0. 0. 0. 0. 0. 0. 0. 0. 0. 0. 0. 0. 0. 0. 0. 0. 0. 0. 0. 0. 0. 0. 0.
    0. 0. 2.19300008e+00 2.19300008e+00 2.19300008e+00 2.19300008e+00
    2.19300008e+00 2.21700001e+00 2.24000001e+00 2.26399994e+00
    2.30800009e+00 2.35200000e+00 2.39400005e+00 2.39400005e+00 0. 0. 0.
    0. 0. 0. 0. 0. 0. 0. 0. 0. 0. 0. 0. 0. 0. 0. 0. 0. 0. 0. 0. 0. 0. 0.
    0. 0. 2.19300008e+00 2.19300008e+00 2.19300008e+00 2.19300008e+00
    2.19400001e+00 2.23900008e+00 2.28500009e+00 2.32999992e+00
    2.35200000e+00 2.37299991e+00 2.39400005e+00 2.39400005e+00 0. 0. 0.
    0. 0. 0. 0. 0. 0. 0. 0. 0. 0. 0. 0. 0. 0. 0. 0. 0. 0. 0. 0. 0. 0. 0.
    0. 0. 2.19300008e+00 2.19300008e+00 2.19300008e+00 2.19300008e+00
    2.19400001e+00 2.25999999e+00 2.32599998e+00 2.39100003e+00
    2.39100003e+00 2.39100003e+00 2.39100003e+00 2.39100003e+00 0. 0. 0.
    0. 0. 0. 0. 0. 0. 0. 0. 0. 0. 0. 0. 0. 0. 0. 0. 0. 0. 0. 0. 0. 0. 0.
    0. 0. 2.19300008e+00 2.19300008e+00 2.19300008e+00 2.19300008e+00
    2.19400001e+00 2.23699999e+00 2.28099990e+00 2.32399988e+00
    2.32399988e+00 2.32399988e+00 2.32399988e+00 2.32399988e+00 0. 0. 0.
    0. 0. 0. 0. 0. 0. 0. 0. 0. 0. 0. 0. 0. 0. 0. 0. 0. 0. 0. 0. 0. 0. 0.
    0. 0. 2.19300008e+00 2.19300008e+00 2.19300008e+00 2.19300008e+00
    2.19300008e+00 2.21499991e+00 2.23600006e+00 2.25699997e+00
    2.25699997e+00 2.25699997e+00 2.25699997e+00 2.25699997e+00 0. 0. 0.
    0. 0. 0. 0. 0. 0. 0. 0. 0. 0. 0. 0. 0. 0. 0. 0. 0. 0. 0. 0. 0. 0. 0.
    0. 0. 2.19300008e+00 2.19300008e+00 2.19300008e+00 2.19300008e+00
    2.19300008e+00 2.19300008e+00 2.19300008e+00 2.19300008e+00
    2.19300008e+00 2.19300008e+00 2.19300008e+00 2.19300008e+00 0. 0. 0.
    0. 0. 0. 0. 0. 0. 0. 0. 0. 0. 0. 0. 0. 0. 0. 0. 0. 0. 0. 0. 0. 0. 0.
    0. 0. 2.19300008e+00 2.19300008e+00 2.19300008e+00 2.19300008e+00
    2.19300008e+00 2.19300008e+00 2.19300008e+00 2.19300008e+00
    2.19300008e+00 2.19300008e+00 2.19300008e+00 2.19300008e+00 0. 0. 0.
    0. 0. 0. 0. 0. 0. 0. 0. 0. 0. 0. 0. 0. 0. 0. 0. 0. 0. 0. 0. 0. 0. 0.
    0. 0. 2.19300008e+00 2.19300008e+00 2.19300008e+00 2.19300008e+00
    2.19300008e+00 2.19300008e+00 2.19300008e+00 2.19300008e+00
    2.19300008e+00 2.19300008e+00 2.19300008e+00 2.19300008e+00 0. 0. 0.
    0. 0. 0. 0. 0. 0. 0. 0. 0. 0. 0. 0. 0. 0. 0. 0. 0. 0. 0. 0. 0. 0. 0.
    0. 0. 2.19300008e+00 2.19300008e+00 2.19300008e+00 2.19300008e+00
    2.19300008e+00 2.19199991e+00 2.19000006e+00 2.18899989e+00
    2.18899989e+00 2.18899989e+00 2.18899989e+00 2.18899989e+00 0. 0. 0.
    0. 0. 0. 0. 0. 0. 0. 0. 0. 0. 0. 0. 0. 0. 0. 0. 0. 0. 0. 0. 0. 0. 0.
    0. 0. 2.19300008e+00 2.19300008e+00 2.19300008e+00 2.19300008e+00
    2.19300008e+00 2.17000008e+00 2.14700007e+00 2.12400007e+00
    2.12400007e+00 2.12400007e+00 2.12400007e+00 2.12400007e+00 0. 0. 0.
    0. 0. 0. 0. 0. 0. 0. 0. 0. 0. 0. 0. 0. 0. 0. 0. 0. 0. 0. 0. 0. 0. 0.
    0. 0. 2.19300008e+00 2.19300008e+00 2.19300008e+00 2.19300008e+00
    2.19199991e+00 2.14800000e+00 2.10299993e+00 2.05999994e+00
    2.05999994e+00 2.05999994e+00 2.05999994e+00 2.05999994e+00 0. 0. 0.
    0. 0. 0. 0. 0. 0. 0. 0. 0. 0. 0. 0. 0. 0. 0. 0. 0. 0. 0. 0. 0. 0. 0.
    0. 0. 2.19300008e+00 2.19300008e+00 2.19099998e+00 2.19000006e+00
    2.18700004e+00 2.12400007e+00 2.06100011e+00 2. 2. 2. 2. 2. 0. 0. 0.
    0. 0. 0. 0. 0. 0. 0. 0. 0. 0. 0. 0. 0. 0. 0. 0. 0. 0. 0. 0. 0. 0. 0.
    0. 0. 2.19300008e+00 2.19300008e+00 2.17000008e+00 2.14599991e+00
    2.12299991e+00 2.08200002e+00 2.03999996e+00 2. 2. 2. 2. 2. 0. 0. 0.
    0. 0. 0. 0. 0. 0. 0. 0. 0. 0. 0. 0. 0. 0. 0. 0. 0. 0. 0. 0. 0. 0. 0.
    0. 0. 2.19300008e+00 2.19300008e+00 2.14800000e+00 2.10299993e+00
    2.05900002e+00 2.03900003e+00 2.01900005e+00 2. 2. 2. 2. 2. 0. 0. 0.
    0. 0. 0. 0. 0. 0. 0. 0. 0. 0. 0. 0. 0. 0. 0. 0. 0. 0. 0. 0. 0. 0. 0.
    0. 0. 2.19300008e+00 2.19300008e+00 2.12800002e+00 2.06399989e+00 2.
    2. 2. 2. 2. 2. 2. 2. 0. 0. 0. 0. 0. 0. 0. 0. 0. 0. 0. 0. 0. 0. 0. 0.
    0. 0. 0. 0. 0. 0. 0. 0. 0. 0. 0. 0. 2.19300008e+00 2.19300008e+00
    2.12800002e+00 2.06399989e+00 2. 2. 2. 2. 2. 2. 2. 2. 0. 0. 0. 0. 0.
    0. 0. 0. 0. 0. 0. 0. 0. 0. 0. 0. 0. 0. 0. 0. 0. 0. 0. 0. 0. 0. 0. 0.
    2.19300008e+00 2.19300008e+00 2.12800002e+00 2.06399989e+00 2. 2. 2.
    2. 2. 2. 2. 2. 0. 0. 0. 0. 0. 0. 0. 0. 0. 0. 0. 0. 0. 0. 0. 0. 0. 0.
    0. 0. 0. 0. 0. 0. 0. 0. 0. 0. 2.19300008e+00 2.19300008e+00
    2.12800002e+00 2.06399989e+00 2. 2. 2. 2. 2. 2. 2. 2. 0. 0. 0. 0. 0.
    0. 0. 0. 0. 0. 0. 0. 0. 0. 0. 0. 0. 0. 0. 0. 0. 0. 0. 0. 0. 0. 0. 0.
    2.19300008e+00 2.19300008e+00 2.12800002e+00 2.06399989e+00 2. 2. 2.
    2. 2. 2. 2. 2. 0. 0. 0. 0. 0. 0. 0. 0. 0. 0. 0. 0. 0. 0. 0. 0. 0. 0.
    0. 0. 0. 0. 0. 0. 0. 0. 0. 0. 2.19300008e+00 2.19300008e+00
    2.12800002e+00 2.06399989e+00 2. 2. 2. 2. 2. 2. 2. 2. 0. 0. 0. 0. 0.
    0. 0. 0. 0. 0. 0. 0. 0. 0. 0. 0. 0. 0. 0. 0. 0. 0. 0. 0. 0. 0. 0. 0.
    2.18600011e+00 2.18600011e+00 2.12400007e+00 2.06100011e+00 2.
    2.00200009e+00 2.00500011e+00 2.00699997e+00 2.00699997e+00
    2.00699997e+00 2.00699997e+00 2.00699997e+00 0. 0. 0. 0. 0. 0. 0. 0.
    0. 0. 0. 0. 0. 0. 0. 0. 0. 0. 0. 0. 0. 0. 0. 0. 0. 0. 0. 0.
    2.12199998e+00 2.12100005e+00 2.08100009e+00 2.03999996e+00 2.
    2.02399993e+00 2.04800010e+00 2.07100010e+00 2.07100010e+00
    2.07100010e+00 2.07100010e+00 2.07100010e+00 0. 0. 0. 0. 0. 0. 0. 0.
