<?xml version="1.0"?>
<opencv_storage>
<Depth type_id="opencv-matrix">
  <rows>40</rows>
  <cols>40</cols>
  <dt>f</dt>
  <data>
    0. 0. 0. 0. 0. 0. 0. 0. 0. 0. 0. 0. 0. 0. 0. 0. 0. 0. 0. 0. 0. 0. 0.
    0. 0. 0. 0. 0. 0. 0. 0. 0. 0. 0. 0. 0. 0. 0. 0. 0. 0. 0. 0. 0. 0. 0.
    0. 0. 0. 0. 0. 0. 0. 0. 0. 0. 0. 0. 0. 0. 0. 0. 0. 0. 0. 0. 0. 0. 0.
    0. 0. 0. 0. 0. 0. 0. 0. 0. 0. 0. 0. 0. 0. 0. 0. 0. 0. 0. 0. 0. 0. 0.
    0. 0. 0. 0. 0. 0. 0. 0. 0. 0. 0. 0. 0. 0. 0. 0. 0. 0. 0. 0. 0. 0. 0.
    0. 0. 0. 0. 0. 0. 0. 0. 0. 0. 0. 0. 0. 0. 0. 0. 0. 0. 0. 0. 0. 0. 0.
    0. 0. 0. 0. 0. 0. 0. 0. 0. 0. 0. 0. 0. 0. 0. 0. 0. 0. 0. 0. 0. 0. 0.
    0. 0. 0. 0. 0. 0. 0. 0. 0. 0. 0. 0. 0. 0. 0. 0. 0. 0. 0. 0. 0. 0. 0.
    0. 0. 0. 0. 0. 0. 0. 0. 0. 0. 0. 0. 0. 0. 0. 0. 0. 0. 0. 0. 0. 0. 0.
    0. 0. 0. 0. 0. 0. 0. 0. 0. 0. 0. 0. 0. 0. 0. 0. 0. 0. 0. 0. 0. 0. 0.
    0. 0. 0. 0. 0. 0. 0. 0. 0. 0. 0. 0. 0. 0. 0. 0. 0. 0. 0. 0. 0. 0. 0.
    0. 0. 0. 0. 0. 0. 0. 0. 0. 0. 0. 0. 0. 0. 0. 0. 0. 0. 0. 0. 0. 0. 0.
    0. 0. 0. 0. 0. 0. 0. 0. 0. 0. 0. 0. 0. 0. 0. 0. 0. 0. 0. 0. 0. 0. 0.
    0. 0. 0. 0. 0. 0. 0. 0. 0. 0. 0. 0. 0. 0. 0. 0. 0. 0. 0. 0. 0. 0. 0.
    0. 0. 0. 0. 0. 0. 0. 0. 0. 0. 0. 0. 0. 0. 0. 0. 0. 0. 0. 0. 0. 0. 0.
    0. 0. 0. 0. 0. 0. 0. 0. 0. 0. 0. 0. 0. 0. 0. 2.24300003e+00
    2.19499993e+00 2.10700011e+00 2.01500010e+00 2. 2. 2. 2.
    2.02800012e+00 2.07299995e+00 2.11800003e+00 2.16499996e+00
    2.19199991e+00 2.19199991e+00 2.37199998e+00 2.94199991e+00 0. 0. 0.
    0. 0. 0. 0. 0. 0. 0. 0. 0. 0. 0. 0. 0. 0. 0. 0. 2.96499991e+00
    2.90499997e+00 2.85700011e+00 2.85700011e+00 2.85700011e+00
    2.24300003e+00 2.19499993e+00 2.11599994e+00 2.03399992e+00
    2.01999998e+00 2.01999998e+00 2.01999998e+00 2.01999998e+00
    2.04200006e+00 2.07699990e+00 2.10800004e+00 2.13499999e+00
    2.15100002e+00 2.15100002e+00 2.29299998e+00 2.74099994e+00 0. 0. 0.
    0. 0. 0. 0. 0. 0. 0. 2.99499989e+00 0. 0. 0. 0. 0. 0. 0. 0.
    2.96499991e+00 2.90499997e+00 2.85700011e+00 2.85700011e+00
    2.84599996e+00 2.24300003e+00 2.19499993e+00 2.13499999e+00
    2.07500005e+00 2.06500006e+00 2.06500006e+00 2.06500006e+00
    2.06500006e+00 2.07299995e+00 2.08699989e+00 2.08500004e+00
    2.06900001e+00 2.05999994e+00 2.05999994e+00 2.11599994e+00
    2.29299998e+00 2.42600012e+00 2.39599991e+00 2.37199998e+00
    2.39299989e+00 2.41499996e+00 2.41499996e+00 2.41499996e+00
    2.41499996e+00 2.41499996e+00 2.38100004e+00 2.33800006e+00
    2.63199997e+00 0. 0. 0. 0. 0. 0. 0. 2.96499991e+00 2.90499997e+00
    2.85700011e+00 2.85700011e+00 2.81999993e+00 2.24300003e+00
    2.19499993e+00 2.14800000e+00 2.10200000e+00 2.09400010e+00
    2.09400010e+00 2.09999990e+00 2.10700011e+00 2.10500002e+00
    2.09800005e+00 2.07100010e+00 2.02600002e+00 2. 2. 2. 2.
    1.99100006e+00 1.94700003e+00 1.90799999e+00 1.90799999e+00
    1.90799999e+00 1.90799999e+00 1.90799999e+00 1.90199995e+00
    1.89499998e+00 1.89400005e+00 1.89400005e+00 2.26600003e+00
    2.79900002e+00 2.97799993e+00 2.91700006e+00 2.88599992e+00
    2.88599992e+00 2.86899996e+00 2.82299995e+00 2.77500010e+00
    2.71799994e+00 2.67199993e+00 2.67199993e+00 2.62700009e+00
    2.24300003e+00 2.19499993e+00 2.14800000e+00 2.10200000e+00
    2.09400010e+00 2.09400010e+00 2.11599994e+00 2.14599991e+00
    2.13800001e+00 2.10800004e+00 2.07100010e+00 2.02600002e+00 2. 2. 2.
    2. 1.99100006e+00 1.94700003e+00 1.90799999e+00 1.90799999e+00
    1.90799999e+00 1.90799999e+00 1.90799999e+00 1.88399994e+00
    1.85699999e+00 1.85200000e+00 1.85200000e+00 2.01200008e+00
    2.24200010e+00 2.30500007e+00 2.25600004e+00 2.23099995e+00
    2.23099995e+00 2.23200011e+00 2.23600006e+00 2.22499990e+00
    2.17700005e+00 2.13800001e+00 2.13800001e+00 2.11299992e+00
    2.24900007e+00 2.20600009e+00 2.16000009e+00 2.11299992e+00
    2.10500002e+00 2.10500002e+00 2.13499999e+00 2.17700005e+00
    2.16300011e+00 2.11599994e+00 2.07100010e+00 2.02600002e+00 2. 2. 2.
    2. 1.99199998e+00 1.95299995e+00 1.91799998e+00 1.91299999e+00
    1.90799999e+00 1.90799999e+00 1.90799999e+00 1.87000000e+00
    1.82799995e+00 1.82000005e+00 1.82000005e+00 1.82000005e+00
    1.82000005e+00 1.79600000e+00 1.75500000e+00 1.73399997e+00
    1.73399997e+00 1.74800003e+00 1.78400004e+00 1.79799998e+00
    1.75800002e+00 1.72399998e+00 1.72399998e+00 1.71500003e+00
    2.27300000e+00 2.25300002e+00 2.20700002e+00 2.16000009e+00
    2.15199995e+00 2.15199995e+00 2.16599989e+00 2.18499994e+00
    2.16300011e+00 2.11599994e+00 2.07100010e+00 2.02600002e+00 2. 2. 2.
    2. 1.99600005e+00 1.97800004e+00 1.96000004e+00 1.93400002e+00
    1.90799999e+00 1.90799999e+00 1.90799999e+00 1.87000000e+00
    1.82799995e+00 1.82000005e+00 1.82000005e+00 1.82000005e+00
    1.82000005e+00 1.79600000e+00 1.75500000e+00 1.73399997e+00
    1.73399997e+00 1.74100006e+00 1.75699997e+00 1.75800002e+00
    1.71800005e+00 1.68499994e+00 1.68499994e+00 1.67700005e+00
    2.29299998e+00 2.29299998e+00 2.24799991e+00 2.20000005e+00
    2.19199991e+00 2.19199991e+00 2.19199991e+00 2.19199991e+00
    2.16300011e+00 2.11599994e+00 2.07100010e+00 2.02600002e+00 2. 2. 2.
    2. 2. 2. 1.99500000e+00 1.95099998e+00 1.90799999e+00 1.90799999e+00
    1.90799999e+00 1.87000000e+00 1.82799995e+00 1.82000005e+00
    1.82000005e+00 1.82000005e+00 1.82000005e+00 1.79700005e+00
    1.75899994e+00 1.73800004e+00 1.73599994e+00 1.73399997e+00
    1.73399997e+00 1.72300005e+00 1.68299997e+00 1.65100002e+00
    1.65100002e+00 1.64499998e+00 2.29299998e+00 2.29299998e+00
    2.24799991e+00 2.20000005e+00 2.19199991e+00 2.19199991e+00
    2.19199991e+00 2.19199991e+00 2.16300011e+00 2.11599994e+00
    2.07100010e+00 2.02600002e+00 2. 2. 2. 2. 2. 2. 1.99500000e+00
    1.95099998e+00 1.90799999e+00 1.90799999e+00 1.90799999e+00
    1.87000000e+00 1.82799995e+00 1.82000005e+00 1.82000005e+00
    1.82000005e+00 1.82000005e+00 1.80900002e+00 1.78999996e+00
    1.76999998e+00 1.74800003e+00 1.73399997e+00 1.73399997e+00
    1.72300005e+00 1.68299997e+00 1.65100002e+00 1.65100002e+00
    1.64499998e+00 2.29200006e+00 2.29299998e+00 2.24900007e+00
    2.20199990e+00 2.19400001e+00 2.19400001e+00 2.19300008e+00
    2.19199991e+00 2.16300011e+00 2.11599994e+00 2.07100010e+00
    2.02600002e+00 2. 2. 2. 2. 2. 2. 1.99500000e+00 1.95200002e+00
    1.90999997e+00 1.90900004e+00 1.90799999e+00 1.87000000e+00
    1.82799995e+00 1.82000005e+00 1.82000005e+00 1.82000005e+00
    1.82000005e+00 1.82000005e+00 1.82000005e+00 1.79999995e+00
    1.75899994e+00 1.73399997e+00 1.73399997e+00 1.72300005e+00
    1.68299997e+00 1.65100002e+00 1.65100002e+00 1.64499998e+00
    2.26799989e+00 2.29099989e+00 2.26999998e+00 2.24600005e+00
    2.24200010e+00 2.24200010e+00 2.22499990e+00 2.20099998e+00
    2.16300011e+00 2.11599994e+00 2.07100010e+00 2.02600002e+00 2. 2. 2.
    2. 2. 2. 1.99800003e+00 1.97500002e+00 1.95299995e+00 1.93200004e+00
    1.90999997e+00 1.87000000e+00 1.82799995e+00 1.82000005e+00
    1.82000005e+00 1.82000005e+00 1.82000005e+00 1.82000005e+00
    1.82000005e+00 1.79999995e+00 1.75899994e+00 1.73399997e+00
    1.73399997e+00 1.72300005e+00 1.68299997e+00 1.65100002e+00
    1.65100002e+00 1.64600003e+00 2.24300003e+00 2.28999996e+00
    2.29200006e+00 2.28999996e+00 2.28999996e+00 2.28999996e+00
    2.25600004e+00 2.20900011e+00 2.16300011e+00 2.11599994e+00
    2.07100010e+00 2.02600002e+00 2. 2. 2. 2. 2. 2. 2. 1.99800003e+00
    1.99699998e+00 1.95400000e+00 1.91199994e+00 1.87000000e+00
    1.82799995e+00 1.82000005e+00 1.82000005e+00 1.82000005e+00
    1.82000005e+00 1.82000005e+00 1.82000005e+00 1.79999995e+00
    1.75899994e+00 1.73399997e+00 1.73399997e+00 1.72300005e+00
    1.68299997e+00 1.65100002e+00 1.65100002e+00 1.64800000e+00
    2.24200010e+00 2.28999996e+00 2.33500004e+00 2.38000011e+00
    2.34999990e+00 2.30500007e+00 2.25799990e+00 2.21000004e+00
    2.16300011e+00 2.11599994e+00 2.07100010e+00 2.02600002e+00 2. 2. 2.
    2. 2. 2. 2. 2. 2. 1.93700004e+00 1.87500000e+00 1.84800005e+00
