<?xml version="1.0"?>
<opencv_storage>
<Depth type_id="opencv-matrix">
  <rows>40</rows>
  <cols>40</cols>
  <dt>f</dt>
  <data>
    0. 0. 0. 0. 0. 0. 0. 0. 0. 0. 0. 0. 0. 0. 0. 0. 0. 0. 0. 0. 0. 0. 0.
    0. 0. 0. 0. 0. 0. 0. 0. 0. 0. 0. 0. 0. 0. 0. 0. 0. 0. 0. 0. 0. 0. 0.
    0. 0. 0. 0. 0. 0. 0. 0. 0. 0. 0. 0. 0. 0. 0. 0. 0. 0. 0. 0. 0. 0. 0.
    0. 0. 0. 0. 0. 0. 0. 0. 0. 0. 0. 0. 0. 0. 0. 0. 0. 0. 0. 0. 0. 0. 0.
    0. 0. 0. 0. 0. 0. 0. 0. 0. 0. 0. 0. 0. 0. 0. 0. 0. 0. 0. 0. 0. 0. 0.
    0. 0. 0. 0. 0. 0. 0. 0. 0. 0. 0. 0. 0. 0. 0. 0. 0. 0. 0. 0. 0. 0. 0.
    0. 0. 0. 0. 0. 0. 0. 0. 0. 0. 0. 0. 0. 0. 0. 0. 0. 0. 0. 0. 0. 0. 0.
    0. 0. 0. 0. 0. 0. 0. 0. 0. 0. 0. 0. 0. 0. 0. 0. 0. 0. 0. 0. 0. 0. 0.
    0. 0. 0. 0. 0. 0. 0. 0. 0. 0. 0. 0. 0. 0. 0. 0. 0. 0. 0. 0. 0. 0. 0.
    0. 0. 0. 0. 0. 0. 0. 0. 0. 0. 0. 0. 0. 0. 0. 0. 0. 0. 0. 0. 0. 0. 0.
    0. 0. 0. 0. 0. 0. 0. 0. 0. 0. 0. 0. 0. 0. 0. 0. 0. 0. 0. 0. 0. 0. 0.
    0. 0. 0. 0. 0. 0. 0. 0. 0. 0. 0. 0. 0. 0. 0. 0. 0. 0. 0. 0. 0. 0. 0.
    0. 0. 0. 0. 0. 0. 0. 0. 0. 0. 0. 0. 0. 0. 0. 0. 0. 0. 0. 0. 0. 0. 0.
    0. 0. 0. 0. 0. 0. 0. 0. 0. 0. 0. 0. 0. 0. 0. 0. 0. 0. 0. 0. 0. 0. 0.
    0. 0. 0. 0. 0. 0. 0. 0. 0. 0. 0. 0. 0. 0. 0. 0. 0. 0. 0. 0. 0. 0. 0.
    0. 0. 0. 0. 0. 0. 0. 0. 0. 0. 0. 0. 0. 0. 0. 0. 0. 0. 0. 0. 0. 0. 0.
    0. 0. 0. 0. 0. 0. 0. 0. 0. 0. 0. 0. 0. 0. 0. 0. 0. 0. 0. 0. 0. 0. 0.
    0. 0. 0. 0. 0. 0. 0. 0. 0. 0. 0. 0. 0. 0. 0. 0. 0. 0. 0. 0. 0. 0. 0.
    0. 0. 0. 0. 0. 0. 0. 0. 0. 0. 0. 0. 0. 0. 0. 0. 0. 0. 0. 0. 0. 0. 0.
    0. 0. 0. 0. 0. 0. 0. 0. 0. 0. 0. 0. 0. 0. 0. 0. 0. 0. 0. 0. 0. 0. 0.
    0. 0. 0. 0. 0. 0. 0. 0. 0. 0. 0. 0. 0. 0. 0. 0. 0. 0. 0. 0. 0. 0. 0.
    0. 0. 0. 0. 0. 0. 0. 0. 0. 0. 0. 0. 0. 0. 0. 0. 0. 0. 0. 0. 0. 0. 0.
    0. 0. 0. 0. 0. 0. 0. 0. 0. 0. 0. 0. 0. 0. 1.90600002e+00
    1.94599998e+00 1.99000001e+00 2. 2. 1.97200000e+00 1.92799997e+00
    1.88399994e+00 1.84099996e+00 1.81400001e+00 1.81400001e+00
    1.78699994e+00 1.66700006e+00 1.55700004e+00 1.55700004e+00
    1.55700004e+00 1.75300002e+00 1.96099997e+00 2. 2. 2.03099990e+00
    2.07699990e+00 2.09800005e+00 2.09800005e+00 2.11700010e+00
    2.16400003e+00 2.19899988e+00 2.19899988e+00 2.20499992e+00
    2.25399995e+00 2.30299997e+00 2.30399990e+00 2.30399990e+00
    2.34699988e+00 2.39700007e+00 2.41199994e+00 2.41199994e+00
    2.41199994e+00 2.41199994e+00 2.41199994e+00 1.92499995e+00
    1.95700002e+00 1.99199998e+00 2. 2. 1.97200000e+00 1.92799997e+00
    1.88900006e+00 1.85399997e+00 1.83599997e+00 1.84500003e+00
    1.83000004e+00 1.73399997e+00 1.64600003e+00 1.64600003e+00
    1.64600003e+00 1.81200004e+00 1.98699999e+00 2.01999998e+00
    2.01999998e+00 2.04399991e+00 2.08100009e+00 2.09800005e+00
    2.09800005e+00 2.11299992e+00 2.15100002e+00 2.18099999e+00
    2.19099998e+00 2.20400000e+00 2.24300003e+00 2.28200006e+00
    2.28299999e+00 2.28299999e+00 2.32500005e+00 2.37500000e+00
    2.39000010e+00 2.39000010e+00 2.39000010e+00 2.39000010e+00
    2.39000010e+00 1.96899998e+00 1.98199999e+00 1.99699998e+00 2. 2.
    1.97200000e+00 1.92799997e+00 1.89900005e+00 1.88499999e+00
    1.88600004e+00 1.91600001e+00 1.92999995e+00 1.88999999e+00
    1.85399997e+00 1.85399997e+00 1.85399997e+00 1.94799995e+00
    2.04699993e+00 2.06599998e+00 2.06599998e+00 2.07599998e+00
    2.09100008e+00 2.09800005e+00 2.09800005e+00 2.10400009e+00
    2.11999989e+00 2.14000010e+00 2.17100000e+00 2.20099998e+00
    2.21700001e+00 2.23300004e+00 2.23399997e+00 2.23399997e+00
    2.27600002e+00 2.32500005e+00 2.33999991e+00 2.33999991e+00
    2.33999991e+00 2.33999991e+00 2.33999991e+00 1.99899995e+00 2. 2. 2.
    2. 1.98000002e+00 1.94799995e+00 1.93200004e+00 1.93200004e+00
    1.94599998e+00 1.98399997e+00 2.01300001e+00 2.01300001e+00
    2.01300001e+00 2.01300001e+00 2.01300001e+00 2.04500008e+00
    2.07800007e+00 2.08500004e+00 2.08500004e+00 2.08899999e+00
    2.09500003e+00 2.09800005e+00 2.09800005e+00 2.09800005e+00
    2.09800005e+00 2.10999990e+00 2.15700006e+00 2.19899988e+00
    2.19899988e+00 2.19899988e+00 2.19899988e+00 2.19899988e+00
    2.23499990e+00 2.27699995e+00 2.28999996e+00 2.28999996e+00
    2.28600001e+00 2.27900004e+00 2.27600002e+00 1.99800003e+00 2. 2. 2.
    2. 2.00699997e+00 2.01699996e+00 2.02200007e+00 2.02200007e+00
    2.02800012e+00 2.04600000e+00 2.05900002e+00 2.05900002e+00
    2.05900002e+00 2.05900002e+00 2.05900002e+00 2.04999995e+00
    2.04099989e+00 2.03900003e+00 2.03900003e+00 2.05699992e+00
    2.08500004e+00 2.09800005e+00 2.09800005e+00 2.09800005e+00
    2.09800005e+00 2.10999990e+00 2.15700006e+00 2.19899988e+00
    2.19899988e+00 2.19899988e+00 2.19899988e+00 2.19899988e+00
    2.21499991e+00 2.23499990e+00 2.24000001e+00 2.24000001e+00
    2.22399998e+00 2.19600010e+00 2.17899990e+00 1.99000001e+00
    1.99600005e+00 1.99899995e+00 2. 2. 2.02900004e+00 2.07500005e+00
    2.09800005e+00 2.09800005e+00 2.09800005e+00 2.09800005e+00
    2.09800005e+00 2.09800005e+00 2.09800005e+00 2.09800005e+00
    2.09800005e+00 2.05500007e+00 2.00900006e+00 2. 2. 2.02900004e+00
    2.07100010e+00 2.09100008e+00 2.09100008e+00 2.09200001e+00
    2.09599996e+00 2.10999990e+00 2.15700006e+00 2.19899988e+00
    2.19899988e+00 2.19899988e+00 2.19899988e+00 2.19899988e+00
    2.19600010e+00 2.19300008e+00 2.19199991e+00 2.19199991e+00
    2.16700006e+00 2.12299991e+00 2.09800005e+00 1.94700003e+00
    1.97099996e+00 1.99500000e+00 2. 2. 2.02900004e+00 2.07500005e+00
    2.09800005e+00 2.09800005e+00 2.09800005e+00 2.09800005e+00
    2.09800005e+00 2.09800005e+00 2.09800005e+00 2.09800005e+00
    2.09800005e+00 2.05500007e+00 2.00900006e+00 2. 2. 2.01399994e+00
    2.03500009e+00 2.04500008e+00 2.04500008e+00 2.05500007e+00
    2.07999992e+00 2.10999990e+00 2.15700006e+00 2.19899988e+00
    2.19899988e+00 2.19899988e+00 2.19899988e+00 2.19899988e+00
    2.17700005e+00 2.15199995e+00 2.14400005e+00 2.14400005e+00
    2.13199997e+00 2.10999990e+00 2.09800005e+00 1.90499997e+00
    1.94500005e+00 1.98899996e+00 1.99899995e+00 2. 2.02900004e+00
    2.07500005e+00 2.09800005e+00 2.09800005e+00 2.09800005e+00
    2.09800005e+00 2.09800005e+00 2.09800005e+00 2.09800005e+00
    2.09800005e+00 2.09800005e+00 2.05500007e+00 2.00900006e+00 2. 2. 2.
    2. 2. 2. 2.01799989e+00 2.06399989e+00 2.10999990e+00 2.15700006e+00
    2.19899988e+00 2.19899988e+00 2.19899988e+00 2.19899988e+00
    2.19899988e+00 2.15899992e+00 2.11199999e+00 2.09800005e+00
    2.09800005e+00 2.09800005e+00 2.09800005e+00 2.09800005e+00
    1.86199999e+00 1.88300002e+00 1.90600002e+00 1.94400001e+00
    1.98500001e+00 2.02900004e+00 2.07500005e+00 2.09800005e+00
    2.09800005e+00 2.09800005e+00 2.09800005e+00 2.09800005e+00
    2.09800005e+00 2.09800005e+00 2.09800005e+00 2.09800005e+00
    2.07500005e+00 2.05100012e+00 2.02900004e+00 2.00699997e+00 2. 2. 2.
    2. 2.01799989e+00 2.06399989e+00 2.10999990e+00 2.15700006e+00
    2.19899988e+00 2.19899988e+00 2.19899988e+00 2.19899988e+00
    2.19899988e+00 2.15899992e+00 2.11199999e+00 2.09800005e+00
    2.09800005e+00 2.09800005e+00 2.09800005e+00 2.09800005e+00
    1.81900001e+00 1.82099998e+00 1.82400000e+00 1.88800001e+00
    1.97000003e+00 2.02900004e+00 2.07500005e+00 2.09800005e+00
    2.09800005e+00 2.09800005e+00 2.09800005e+00 2.09800005e+00
    2.09800005e+00 2.09800005e+00 2.09800005e+00 2.09800005e+00
    2.09599996e+00 2.09299994e+00 2.05699992e+00 2.01399994e+00 2. 2. 2.
    2. 2.01799989e+00 2.06399989e+00 2.10999990e+00 2.15700006e+00
    2.19899988e+00 2.19899988e+00 2.19899988e+00 2.19899988e+00
    2.19899988e+00 2.15899992e+00 2.11199999e+00 2.09800005e+00
    2.09800005e+00 2.09800005e+00 2.09800005e+00 2.09800005e+00
    1.77800000e+00 1.79299998e+00 1.80999994e+00 1.88100004e+00
    1.96800005e+00 2.02900004e+00 2.07500005e+00 2.09800005e+00
    2.09800005e+00 2.09800005e+00 2.09800005e+00 2.09800005e+00
    2.09800005e+00 2.09800005e+00 2.09800005e+00 2.09800005e+00
    1.03499997e+00 0. 0. 1.71599996e+00 2.08200002e+00 2.08200002e+00
