<?xml version="1.0"?>
<opencv_storage>
<Depth type_id="opencv-matrix">
  <rows>40</rows>
  <cols>40</cols>
  <dt>f</dt>
  <data>
    0. 0. 0. 0. 0. 0. 0. 0. 0. 0. 0. 0. 0. 0. 0. 0. 0. 0. 0. 0. 0. 0. 0.
    0. 0. 0. 0. 0. 0. 0. 0. 0. 0. 0. 0. 0. 0. 0. 0. 0. 0. 0. 0. 0. 0. 0.
    0. 0. 0. 0. 0. 0. 0. 0. 0. 0. 0. 0. 0. 0. 0. 0. 0. 0. 0. 0. 0. 0. 0.
    0. 0. 0. 0. 0. 0. 0. 0. 0. 0. 0. 0. 0. 0. 0. 0. 0. 0. 0. 0. 0. 0. 0.
    0. 0. 0. 0. 0. 0. 0. 0. 0. 0. 0. 0. 0. 0. 0. 0. 0. 0. 0. 0. 0. 0. 0.
    0. 0. 0. 0. 0. 0. 0. 0. 0. 0. 0. 0. 0. 0. 0. 0. 0. 0. 0. 0. 0. 0. 0.
    0. 0. 0. 0. 0. 0. 0. 0. 0. 0. 0. 0. 0. 0. 0. 0. 0. 0. 0. 0. 0. 0. 0.
    0. 0. 0. 0. 0. 0. 0. 0. 0. 0. 0. 0. 0. 0. 0. 0. 0. 0. 0. 0. 0. 0. 0.
    0. 0. 0. 0. 0. 0. 0. 0. 0. 0. 0. 0. 0. 0. 0. 0. 0. 0. 0. 0. 0. 0. 0.
    0. 0. 0. 0. 0. 0. 0. 0. 0. 0. 0. 0. 0. 0. 0. 0. 0. 0. 0. 0. 0. 0. 0.
    0. 0. 0. 0. 0. 0. 0. 0. 0. 0. 0. 0. 0. 0. 0. 0. 0. 0. 0. 0. 0. 0. 0.
    0. 0. 0. 0. 0. 0. 0. 0. 0. 0. 0. 0. 0. 0. 0. 0. 0. 0. 0. 0. 0. 0. 0.
    0. 0. 0. 0. 0. 0. 0. 0. 0. 0. 0. 0. 0. 0. 0. 0. 0. 0. 0. 0. 0. 0. 0.
    0. 0. 0. 0. 0. 0. 0. 0. 0. 0. 0. 0. 0. 0. 0. 0. 0. 0. 0. 0. 0. 0. 0.
    0. 0. 0. 0. 0. 0. 0. 0. 0. 0. 0. 0. 0. 0. 0. 0. 0. 0. 0. 0. 0. 0. 0.
    0. 0. 0. 0. 0. 0. 0. 0. 0. 0. 0. 0. 0. 0. 0. 0. 0. 0. 0. 0. 0. 0. 0.
    0. 0. 0. 0. 0. 0. 0. 0. 0. 0. 0. 0. 0. 0. 0. 0. 0. 0. 0. 0. 0. 0. 0.
    0. 0. 0. 0. 0. 0. 0. 0. 0. 0. 0. 0. 0. 0. 0. 0. 0. 0. 0. 0. 0. 0. 0.
    0. 0. 0. 0. 0. 0. 0. 0. 0. 0. 0. 0. 0. 0. 0. 0. 0. 0. 0. 0. 0. 0. 0.
    0. 0. 0. 0. 0. 0. 0. 0. 0. 0. 0. 0. 0. 0. 0. 0. 0. 0. 0. 0. 0. 0. 0.
    0. 0. 0. 0. 0. 0. 0. 0. 0. 0. 0. 0. 0. 0. 0. 0. 0. 0. 0. 0. 0. 0. 0.
    0. 0. 0. 0. 0. 0. 0. 0. 0. 0. 0. 0. 0. 0. 0. 0. 0. 0. 0. 0. 0. 0. 0.
    0. 0. 0. 0. 0. 0. 0. 0. 0. 0. 0. 0. 0. 0. 0. 0. 0. 0. 0. 0. 0. 0. 0.
    0. 0. 0. 0. 0. 0. 0. 0. 0. 0. 0. 0. 0. 0. 0. 0. 0. 0. 0. 0. 0. 0. 0.
    0. 0. 0. 0. 0. 0. 0. 0. 0. 0. 0. 0. 0. 2.60999990e+00 2.60999990e+00
    2.60999990e+00 2.44300008e+00 2.31999993e+00 2.31999993e+00
    2.31999993e+00 2.31999993e+00 2.31999993e+00 2.31999993e+00
    2.31999993e+00 2.31999993e+00 2.31999993e+00 2.31999993e+00
    2.30699992e+00 2.22700000e+00 2.18600011e+00 2.18600011e+00
    2.06999993e+00 1.93400002e+00 1.86600006e+00 1.82700002e+00
    1.82700002e+00 1.80299997e+00 1.77100003e+00 1.73899996e+00
    1.71899998e+00 1.71899998e+00 1.71899998e+00 0. 0. 0. 0. 0. 0. 0. 0.
    0. 0. 0. 2.60999990e+00 2.58699989e+00 2.55299997e+00 2.40300012e+00
    2.28900003e+00 2.27399993e+00 2.26799989e+00 2.26799989e+00
    2.26799989e+00 2.26799989e+00 2.26799989e+00 2.25999999e+00
    2.24499989e+00 2.24300003e+00 2.23300004e+00 2.17000008e+00
    2.12400007e+00 2.09599996e+00 2.00900006e+00 1.91199994e+00
    1.85800004e+00 1.82700002e+00 1.82700002e+00 1.80299997e+00
    1.77100003e+00 1.73899996e+00 1.71899998e+00 1.71899998e+00
    1.71899998e+00 0. 0. 0. 0. 0. 0. 0. 0. 0. 0. 0. 2.60999990e+00
    2.55299997e+00 2.46600008e+00 2.34200001e+00 2.24200010e+00
    2.20400000e+00 2.18799996e+00 2.18799996e+00 2.18799996e+00
    2.18799996e+00 2.18799996e+00 2.16799998e+00 2.13199997e+00
    2.12599993e+00 2.11999989e+00 2.08200002e+00 2.02900004e+00
    1.95899999e+00 1.91600001e+00 1.88000000e+00 1.84599996e+00
    1.82700002e+00 1.82700002e+00 1.80299997e+00 1.77100003e+00
    1.73899996e+00 1.71899998e+00 1.71899998e+00 1.71899998e+00 0. 0. 0.
    0. 0. 0. 0. 0. 0. 0. 0. 2.48300004e+00 2.45799994e+00 2.42100000e+00
    2.32299995e+00 2.24099994e+00 2.20199990e+00 2.18600011e+00
    2.18600011e+00 2.16599989e+00 2.15000010e+00 2.15000010e+00
    2.13000011e+00 2.09200001e+00 2.08699989e+00 2.07699990e+00
    2.02099991e+00 1.96700001e+00 1.91799998e+00 1.89600003e+00
    1.87899995e+00 1.84599996e+00 1.82700002e+00 1.82700002e+00
    1.80299997e+00 1.77199996e+00 1.75899994e+00 1.74300003e+00
    1.72500002e+00 1.71899998e+00 0. 0. 0. 0. 0. 0. 0. 0. 0. 0. 0.
    2.38899994e+00 2.38400006e+00 2.37800002e+00 2.30500007e+00
    2.24099994e+00 2.20199990e+00 2.18600011e+00 2.18600011e+00
    2.15199995e+00 2.12299991e+00 2.12299991e+00 2.10299993e+00
    2.06500006e+00 2.05500007e+00 2.03900003e+00 1.97399998e+00
    1.92400002e+00 1.88999999e+00 1.88300002e+00 1.88000000e+00
    1.85200000e+00 1.83399999e+00 1.82799995e+00 1.80700004e+00
    1.78199995e+00 1.77600002e+00 1.76100004e+00 1.72899997e+00
    1.71899998e+00 0. 0. 0. 0. 0. 0. 0. 0. 0. 0. 0. 2.38899994e+00
    2.36899996e+00 2.33699989e+00 2.28800011e+00 2.24099994e+00
    2.20199990e+00 2.18600011e+00 2.18600011e+00 2.15199995e+00
    2.12299991e+00 2.12299991e+00 2.10299993e+00 2.06500006e+00
    2.03699994e+00 2.00699997e+00 1.96300006e+00 1.92400002e+00
    1.88999999e+00 1.88300002e+00 1.88199997e+00 1.87399995e+00
    1.85899997e+00 1.83399999e+00 1.82099998e+00 1.81299996e+00
    1.78799999e+00 1.76100004e+00 1.72899997e+00 1.71899998e+00 0. 0. 0.
    0. 0. 0. 0. 0. 0. 0. 0. 2.38899994e+00 2.36199999e+00 2.32100010e+00
    2.29500008e+00 2.26500010e+00 2.22499990e+00 2.20099998e+00
    2.18700004e+00 2.15199995e+00 2.12299991e+00 2.12299991e+00
    2.10299993e+00 2.06500006e+00 2.02999997e+00 1.99399996e+00
    1.95899999e+00 1.92999995e+00 1.90799999e+00 1.89400005e+00
    1.88300002e+00 1.88300002e+00 1.86899996e+00 1.83599997e+00
    1.81900001e+00 1.80700004e+00 1.78600001e+00 1.76100004e+00
    1.72899997e+00 1.71899998e+00 0. 0. 0. 0. 0. 0. 0. 0. 0. 0. 0.
    2.38899994e+00 2.36199999e+00 2.32100010e+00 2.31800008e+00
    2.30500007e+00 2.26500010e+00 2.22600007e+00 2.18899989e+00
    2.15199995e+00 2.12299991e+00 2.12299991e+00 2.10299993e+00
    2.06500006e+00 2.02999997e+00 1.99399996e+00 1.95899999e+00
    1.94000006e+00 1.93799996e+00 1.91199994e+00 1.88300002e+00
    1.88300002e+00 1.86899996e+00 1.83599997e+00 1.80499995e+00
    1.77600002e+00 1.77400005e+00 1.76100004e+00 1.72899997e+00
    1.71899998e+00 0. 0. 0. 0. 0. 0. 0. 0. 0. 0. 0. 2.35200000e+00
    2.32500005e+00 2.28399992e+00 2.28299999e+00 2.27800012e+00
    2.25900006e+00 2.22900009e+00 2.18899989e+00 2.15199995e+00
    2.12299991e+00 2.12299991e+00 2.10299993e+00 2.06500006e+00
    2.04600000e+00 2.02699995e+00 1.99100006e+00 1.96399999e+00
    1.94500005e+00 1.92799997e+00 1.91199994e+00 1.89400005e+00
    1.86899996e+00 1.83599997e+00 1.80299997e+00 1.77300000e+00
    1.77300000e+00 1.76100004e+00 1.72899997e+00 1.71899998e+00 0. 0. 0.
    0. 0. 0. 0. 0. 0. 0. 0. 2.31999993e+00 2.29399991e+00 2.25300002e+00
    2.25200009e+00 2.25200009e+00 2.25200009e+00 2.22600007e+00
    2.18099999e+00 2.14800000e+00 2.12299991e+00 2.12299991e+00
    2.10599995e+00 2.07299995e+00 2.06399989e+00 2.05399990e+00
    2.01799989e+00 1.98500001e+00 1.95500004e+00 1.94500005e+00
    1.93700004e+00 1.90300000e+00 1.86899996e+00 1.83599997e+00
    1.80299997e+00 1.77300000e+00 1.77300000e+00 1.73599994e+00
    1.63399994e+00 1.60099995e+00 0. 0. 0. 0. 0. 0. 0. 0. 0. 0. 0.
    2.31999993e+00 2.29399991e+00 2.25300002e+00 2.25200009e+00
    2.25200009e+00 2.25200009e+00 2.21199989e+00 2.14599991e+00
    2.13100004e+00 2.12299991e+00 2.12299991e+00 2.11700010e+00
    2.10700011e+00 2.08299994e+00 2.05399990e+00 2.01799989e+00
    1.99500000e+00 1.98599994e+00 1.96399999e+00 1.93700004e+00
    1.90300000e+00 1.86899996e+00 1.83599997e+00 1.80299997e+00
    1.77300000e+00 1.77300000e+00 1.62300003e+00 1.21300006e+00
    1.08200002e+00 0. 0. 0. 0. 0. 0. 0. 0. 0. 0. 0. 2.31999993e+00
    2.29399991e+00 2.25300002e+00 2.25200009e+00 2.25200009e+00
    2.25200009e+00 2.20600009e+00 2.13000011e+00 2.12299991e+00
    2.12299991e+00 2.12299991e+00 2.12299991e+00 2.12299991e+00
    2.09100008e+00 2.05399990e+00 2.01799989e+00 2. 2. 1.97200000e+00
    1.93700004e+00 1.90300000e+00 1.86899996e+00 1.83599997e+00
    1.80299997e+00 1.77300000e+00 1.77300000e+00 1.57099998e+00
    1.01900005e+00 0. 0. 0. 0. 0. 0. 0. 0. 0. 0. 0. 0. 0. 0. 0. 0. 0. 0.
    0. 0. 0. 0. 0. 0. 0. 0. 0. 0. 0. 0. 0. 0. 0. 0. 0. 0. 0. 0. 0. 0. 0.
