<?xml version="1.0"?>
<opencv_storage>
<Depth type_id="opencv-matrix">
  <rows>40</rows>
  <cols>40</cols>
  <dt>f</dt>
  <data>
    0. 0. 0. 0. 0. 0. 0. 0. 0. 0. 0. 0. 0. 0. 0. 0. 0. 0. 0. 0. 0. 0. 0.
    0. 0. 0. 0. 0. 0. 0. 0. 0. 0. 0. 0. 0. 0. 0. 0. 0. 0. 0. 0. 0. 0. 0.
    0. 0. 0. 0. 0. 0. 0. 0. 0. 0. 0. 0. 0. 0. 0. 0. 0. 0. 0. 0. 0. 0. 0.
    0. 0. 0. 0. 0. 0. 0. 0. 0. 0. 0. 0. 0. 0. 0. 0. 0. 0. 0. 0. 0. 0. 0.
    0. 0. 0. 0. 0. 0. 0. 0. 0. 0. 0. 0. 0. 0. 0. 0. 0. 0. 0. 0. 0. 0. 0.
    0. 0. 0. 0. 0. 0. 0. 0. 0. 0. 0. 0. 0. 0. 0. 0. 0. 0. 0. 0. 0. 0. 0.
    0. 0. 0. 0. 0. 0. 0. 0. 0. 0. 0. 0. 0. 0. 0. 0. 0. 0. 0. 0. 0. 0. 0.
    0. 0. 0. 0. 0. 0. 0. 0. 0. 0. 0. 0. 0. 0. 0. 0. 0. 0. 0. 0. 0. 0. 0.
    0. 0. 0. 0. 0. 0. 0. 0. 0. 0. 0. 0. 0. 0. 0. 0. 0. 0. 0. 0. 0. 0. 0.
    0. 0. 0. 0. 0. 0. 0. 0. 0. 0. 0. 0. 0. 0. 0. 0. 0. 0. 0. 0. 0. 0. 0.
    0. 0. 0. 0. 0. 0. 0. 0. 0. 0. 0. 0. 0. 0. 0. 0. 0. 0. 0. 0. 0. 0. 0.
    0. 0. 0. 0. 0. 0. 0. 0. 0. 0. 0. 0. 0. 0. 0. 0. 0. 0. 0. 0. 0. 0. 0.
    0. 0. 0. 0. 0. 0. 0. 0. 0. 0. 0. 1.86399996e+00 1.86399996e+00
    1.86399996e+00 1.86399996e+00 1.86399996e+00 1.86399996e+00
    1.86399996e+00 1.86399996e+00 1.86399996e+00 1.86399996e+00
    1.86399996e+00 1.86399996e+00 1.81599998e+00 1.76499999e+00
    1.73300004e+00 1.73300004e+00 1.73300004e+00 1.77400005e+00
    1.82500005e+00 1.24500000e+00 0. 0. 0. 0. 0. 0. 0. 0. 0. 0. 0. 0. 0.
    0. 0. 0. 0. 0. 0. 0. 1.86399996e+00 1.86399996e+00 1.86399996e+00
    1.86399996e+00 1.86399996e+00 1.86399996e+00 1.86399996e+00
    1.86399996e+00 1.86399996e+00 1.86399996e+00 1.86399996e+00
    1.86399996e+00 1.82000005e+00 1.77300000e+00 1.74399996e+00
    1.74399996e+00 1.74399996e+00 1.78199995e+00 1.82799995e+00
    1.29700005e+00 0. 0. 0. 0. 0. 0. 0. 0. 0. 0. 0. 0. 0. 0. 0. 0. 0. 0.
    0. 0. 1.86399996e+00 1.86399996e+00 1.86399996e+00 1.86399996e+00
    1.86399996e+00 1.86399996e+00 1.86399996e+00 1.86399996e+00
    1.86399996e+00 1.86399996e+00 1.86399996e+00 1.86399996e+00
    1.83899999e+00 1.81200004e+00 1.79499996e+00 1.79499996e+00
    1.79499996e+00 1.81700003e+00 1.84300005e+00 1.53799999e+00 0. 0. 0.
    0. 0. 0. 0. 0. 0. 0. 0. 0. 0. 0. 0. 0. 0. 0. 0. 0. 1.86399996e+00
    1.86399996e+00 1.86399996e+00 1.86399996e+00 1.86399996e+00
    1.86399996e+00 1.86399996e+00 1.86399996e+00 1.86399996e+00
    1.86399996e+00 1.86399996e+00 1.86399996e+00 1.85699999e+00
    1.85000002e+00 1.84599996e+00 1.84599996e+00 1.84599996e+00
    1.85200000e+00 1.85899997e+00 1.77900004e+00 1.41799998e+00
    1.05700004e+00 0. 0. 0. 0. 0. 0. 0. 0. 0. 0. 0. 0. 0. 0. 0. 0. 0. 0.
    1.86399996e+00 1.86699998e+00 1.88000000e+00 1.89400005e+00
    1.89800000e+00 1.89800000e+00 1.89800000e+00 1.89800000e+00
    1.89800000e+00 1.89100003e+00 1.87800002e+00 1.86500001e+00
    1.86399996e+00 1.86399996e+00 1.86399996e+00 1.86399996e+00
    1.86399996e+00 1.86399996e+00 1.86399996e+00 1.86399996e+00
    1.86399996e+00 1.86399996e+00 0. 0. 0. 0. 0. 0. 0. 0. 0. 0. 0. 0. 0.
    0. 0. 0. 0. 0. 1.86399996e+00 1.87100005e+00 1.90499997e+00
    1.93900001e+00 1.95099998e+00 1.95099998e+00 1.95099998e+00
    1.95099998e+00 1.95099998e+00 1.93400002e+00 1.89999998e+00
    1.86600006e+00 1.86399996e+00 1.86399996e+00 1.86399996e+00
    1.86399996e+00 1.86399996e+00 1.86399996e+00 1.86399996e+00
    1.86399996e+00 1.86399996e+00 1.86399996e+00 0. 0. 0. 0. 0. 0. 0. 0.
    0. 0. 0. 0. 0. 0. 0. 0. 0. 0. 1.86399996e+00 1.87600005e+00
    1.92999995e+00 1.98500001e+00 2.00399995e+00 2.00399995e+00
    2.00399995e+00 2.00200009e+00 2.00099993e+00 1.97399998e+00
    1.92200005e+00 1.87100005e+00 1.86800003e+00 1.86800003e+00
    1.86800003e+00 1.86800003e+00 1.86800003e+00 1.86699998e+00
    1.86500001e+00 1.86399996e+00 1.86399996e+00 1.86399996e+00 0. 0. 0.
    0. 0. 0. 0. 0. 0. 0. 0. 0. 0. 0. 0. 0. 0. 0. 1.86399996e+00
    1.88000000e+00 1.95599997e+00 2.03200006e+00 2.05900002e+00
    2.05900002e+00 2.05699992e+00 2.03399992e+00 2.01099992e+00
    1.98399997e+00 1.95400000e+00 1.92299998e+00 1.92100000e+00
    1.92100000e+00 1.92100000e+00 1.92100000e+00 1.92100000e+00
    1.90300000e+00 1.88100004e+00 1.86399996e+00 1.86399996e+00
    1.86399996e+00 0. 0. 0. 0. 0. 0. 0. 0. 0. 0. 0. 0. 0. 0. 0. 0. 0. 0.
    1.86399996e+00 1.88499999e+00 1.98199999e+00 2.07999992e+00
    2.11400008e+00 2.11400008e+00 2.11100006e+00 2.06599998e+00
    2.02200007e+00 1.99500000e+00 1.98500001e+00 1.97500002e+00
    1.97399998e+00 1.97399998e+00 1.97399998e+00 1.97399998e+00
    1.97399998e+00 1.94000006e+00 1.89699996e+00 1.86399996e+00
    1.86399996e+00 1.86399996e+00 1.55799997e+00 1.09899998e+00 0. 0. 0.
    0. 0. 0. 0. 0. 0. 0. 0. 0. 0. 0. 0. 0. 1.86399996e+00 1.88499999e+00
    1.98199999e+00 2.07900000e+00 2.11299992e+00 2.11299992e+00
    2.10999990e+00 2.06599998e+00 2.02200007e+00 2. 2. 2. 2. 2. 2. 2. 2.
    1.95700002e+00 1.90400004e+00 1.86399996e+00 1.86399996e+00
    1.86399996e+00 1.89199996e+00 1.93499994e+00 1.97300005e+00
    1.97300005e+00 0. 0. 0. 0. 0. 0. 0. 0. 0. 0. 0. 0. 0. 0.
    1.86399996e+00 1.88000000e+00 1.95599997e+00 2.03099990e+00
    2.05800009e+00 2.05800009e+00 2.05599999e+00 2.03399992e+00
    2.01099992e+00 2. 2. 2. 2. 2. 2. 2. 2. 1.95700002e+00 1.90400004e+00
    1.86399996e+00 1.86399996e+00 1.86399996e+00 1.87899995e+00
    1.89999998e+00 1.91999996e+00 1.91999996e+00 0. 0. 0. 0. 0. 0. 0. 0.
    0. 0. 0. 0. 0. 0. 1.86399996e+00 1.87600005e+00 1.92999995e+00
    1.98399997e+00 2.00300002e+00 2.00300002e+00 2.00300002e+00
    2.00200009e+00 2.00099993e+00 2. 2. 2. 2. 2. 2. 2. 2. 1.95700002e+00
    1.90400004e+00 1.86399996e+00 1.86399996e+00 1.86399996e+00
    1.86500001e+00 1.86600006e+00 1.86699998e+00 1.86699998e+00 0. 0. 0.
    0. 0. 0. 0. 0. 0. 0. 0. 0. 0. 0. 1.91400003e+00 1.92100000e+00
    1.95500004e+00 1.98800004e+00 2. 2. 2. 2. 2. 2. 2. 2. 2. 2. 2. 2. 2.
    1.95700002e+00 1.90400004e+00 1.86399996e+00 1.86399996e+00
    1.86399996e+00 1.86399996e+00 1.86399996e+00 1.86399996e+00
    1.86399996e+00 0. 0. 0. 0. 0. 0. 0. 0. 0. 0. 0. 0. 0. 0.
    1.96700001e+00 1.97000003e+00 1.98300004e+00 1.99500000e+00 2. 2. 2.
    2. 2. 2. 2. 2. 2. 2. 2. 2. 2. 1.95700002e+00 1.90400004e+00
    1.86399996e+00 1.86399996e+00 1.86399996e+00 1.86399996e+00
    1.86399996e+00 1.86399996e+00 1.86399996e+00 0. 0. 0. 0. 0. 0. 0. 0.
    0. 0. 0. 0. 0. 0. 1.00100005e+00 1.00100005e+00 1.00100005e+00
    1.00100005e+00 1.25699997e+00 1.65499997e+00 2.01999998e+00
    2.01200008e+00 2.00399995e+00 2. 2. 2. 2. 2. 2. 2. 2. 1.96399999e+00
    1.91799998e+00 1.88199997e+00 1.87399995e+00 1.86699998e+00
    1.86399996e+00 1.86399996e+00 1.86399996e+00 1.86399996e+00 0. 0. 0.
    0. 0. 0. 0. 0. 0. 0. 0. 0. 0. 0. 0. 0. 0. 0. 0. 0. 2.07299995e+00
    2.04399991e+00 2.01399994e+00 2. 2. 2. 2. 2. 2. 2. 2. 1.98000002e+00
    1.95599997e+00 1.92999995e+00 1.90199995e+00 1.87300003e+00
    1.86399996e+00 1.86399996e+00 1.86399996e+00 1.86399996e+00 0. 0. 0.
    0. 0. 0. 0. 0. 0. 0. 0. 0. 0. 0. 0. 0. 0. 0. 0. 0. 2.12599993e+00
    2.07599998e+00 2.02500010e+00 2. 2. 2. 2. 2. 2. 2. 2. 1.99699998e+00
    1.99300003e+00 1.97800004e+00 1.92900002e+00 1.88000000e+00
    1.86399996e+00 1.86399996e+00 1.86399996e+00 1.86399996e+00 0. 0. 0.
    0. 0. 0. 0. 0. 0. 0. 0. 0. 0. 0. 0. 0. 0. 0. 0. 0. 2.13700008e+00
    2.08200002e+00 2.02699995e+00 2. 2. 2. 1.98399997e+00 1.96800005e+00
    1.95700002e+00 1.95700002e+00 1.95700002e+00 1.95700002e+00
    1.95700002e+00 1.94500005e+00 1.89300001e+00 1.84000003e+00
    1.82299995e+00 1.82299995e+00 1.82299995e+00 1.82299995e+00 0. 0. 0.
    0. 0. 0. 0. 0. 0. 0. 0. 0. 0. 0. 0. 0. 0. 0. 0. 0. 2.13700008e+00
    2.08200002e+00 2.02699995e+00 2. 2. 2. 1.96500003e+00 1.92799997e+00
    1.90400004e+00 1.90400004e+00 1.90400004e+00 1.90400004e+00
    1.90400004e+00 1.89199996e+00 1.84099996e+00 1.78900003e+00
    1.77199996e+00 1.77199996e+00 1.77199996e+00 1.77199996e+00 0. 0. 0.
    0. 0. 0. 0. 0. 0. 0. 0. 0. 0. 0. 0. 0. 0. 0. 0. 0. 2.13700008e+00
