<?xml version="1.0"?>
<opencv_storage>
<Depth type_id="opencv-matrix">
  <rows>40</rows>
  <cols>40</cols>
  <dt>f</dt>
  <data>
    0. 0. 0. 0. 0. 0. 0. 0. 0. 0. 0. 0. 0. 0. 0. 0. 0. 0. 0. 0. 0. 0. 0.
    0. 0. 0. 0. 0. 0. 0. 0. 0. 0. 0. 0. 0. 0. 0. 0. 0. 0. 0. 0. 0. 0. 0.
    0. 0. 0. 0. 0. 0. 0. 0. 0. 0. 0. 0. 0. 0. 0. 0. 0. 0. 0. 0. 0. 0. 0.
    0. 0. 0. 0. 0. 0. 0. 0. 0. 0. 0. 0. 0. 0. 0. 0. 0. 0. 0. 0. 0. 0. 0.
    0. 0. 0. 0. 0. 0. 0. 0. 0. 0. 0. 0. 0. 0. 0. 0. 0. 0. 0. 0. 0. 0. 0.
    0. 0. 0. 0. 0. 0. 0. 0. 0. 0. 0. 0. 0. 0. 0. 0. 0. 0. 0. 0. 0. 0. 0.
    0. 0. 0. 0. 0. 0. 0. 0. 0. 0. 0. 0. 0. 0. 0. 0. 0. 0. 0. 0. 0. 0. 0.
    0. 0. 0. 0. 0. 0. 0. 0. 0. 0. 0. 0. 0. 0. 0. 0. 0. 0. 0. 0. 0. 0. 0.
    0. 0. 0. 0. 0. 0. 0. 0. 0. 0. 0. 0. 0. 0. 0. 0. 0. 0. 0. 0. 0. 0. 0.
    0. 0. 0. 0. 0. 0. 0. 0. 0. 0. 0. 0. 0. 0. 0. 0. 0. 0. 0. 0. 0. 0. 0.
    0. 0. 0. 0. 0. 0. 0. 0. 0. 0. 0. 0. 0. 0. 0. 0. 0. 0. 0. 0. 0. 0. 0.
    0. 0. 0. 0. 0. 0. 0. 0. 0. 0. 0. 0. 0. 0. 0. 0. 0. 0. 0. 0. 0. 0. 0.
    0. 0. 0. 0. 0. 0. 0. 0. 0. 0. 0. 0. 0. 0. 0. 0. 0. 0. 0. 0. 0. 0. 0.
    0. 0. 0. 0. 0. 0. 0. 0. 0. 0. 0. 0. 0. 0. 0. 0. 0. 0. 0. 0. 0. 0. 0.
    0. 0. 0. 0. 0. 0. 0. 0. 0. 0. 0. 0. 0. 0. 0. 0. 0. 0. 0. 0. 0. 0. 0.
    0. 0. 0. 0. 0. 0. 0. 0. 0. 0. 0. 0. 0. 0. 0. 2.07999992e+00
    2.07999992e+00 2.07999992e+00 2.08400011e+00 2.10899997e+00
    2.13400006e+00 2.11299992e+00 2.06800008e+00 2.05299997e+00
    2.06699991e+00 2.46099997e+00 2.94899988e+00 2.90899992e+00
    2.86999989e+00 2.83200002e+00 2.83200002e+00 2.83200002e+00
    2.83200002e+00 2.83200002e+00 2.83200002e+00 2.83200002e+00
    2.81900001e+00 2.78999996e+00 2.79500008e+00 2.83200002e+00
    2.83200002e+00 2.79800010e+00 2.75999999e+00 2.74799991e+00
    2.74799991e+00 2.74799991e+00 2.73600006e+00 2.70799994e+00
    2.70799994e+00 2.70799994e+00 2.67300010e+00 2.66899991e+00
    2.66899991e+00 2.66899991e+00 2.65000010e+00 2.07999992e+00
    2.07999992e+00 2.07999992e+00 2.08400011e+00 2.10800004e+00
    2.11199999e+00 2.10899997e+00 2.06800008e+00 2.05299997e+00
    2.06699991e+00 2.12800002e+00 2.18099999e+00 2.16000009e+00
    2.24099994e+00 2.83200002e+00 2.83200002e+00 2.86199999e+00
    2.86800003e+00 2.84599996e+00 2.83200002e+00 2.83200002e+00
    2.82999992e+00 2.82599998e+00 2.82599998e+00 2.83200002e+00
    2.83200002e+00 2.79800010e+00 2.78500009e+00 2.78399992e+00
    2.76600003e+00 2.74799991e+00 2.74600005e+00 2.73499990e+00
    2.70799994e+00 2.70799994e+00 2.67300010e+00 2.66899991e+00
    2.66899991e+00 2.64899993e+00 2.63299990e+00 2.07999992e+00
    2.07999992e+00 2.07999992e+00 2.08400011e+00 2.10800004e+00
    2.10800004e+00 2.09100008e+00 2.07699990e+00 2.07299995e+00
    2.07699990e+00 2.06800008e+00 2.04399991e+00 2.02600002e+00
    2.05200005e+00 2.23000002e+00 2.23000002e+00 2.25600004e+00
    2.26099992e+00 2.25399995e+00 2.56999993e+00 2.86400008e+00
    2.66199994e+00 2.23000002e+00 2.23200011e+00 2.25000000e+00
    2.23200011e+00 2.22099996e+00 2.62500000e+00 2.78999996e+00
    2.78500009e+00 2.76699996e+00 2.74799991e+00 2.74600005e+00
    2.73499990e+00 2.70799994e+00 2.69899988e+00 2.67499995e+00
    2.66899991e+00 2.64599991e+00 2.63000011e+00 2.09800005e+00
    2.09200001e+00 2.07999992e+00 2.08100009e+00 2.08999991e+00
    2.08999991e+00 2.06699991e+00 2.06299996e+00 2.06299996e+00
    2.07200003e+00 2.07599998e+00 2.06200004e+00 2.03900003e+00
    2.02600002e+00 2.02600002e+00 2.02600002e+00 2.03399992e+00
    2.03600001e+00 2.03600001e+00 2.17799997e+00 2.30999994e+00
    2.21399999e+00 2.00900006e+00 2.00799990e+00 2.00200009e+00
    1.99300003e+00 1.97899997e+00 2.16899991e+00 2.25699997e+00
    2.27200007e+00 2.27399993e+00 2.42100000e+00 2.65700006e+00
    2.19199991e+00 2.12500000e+00 2.12500000e+00 2.11400008e+00
    2.50099993e+00 2.64599991e+00 2.63000011e+00 2.10800004e+00
    2.09800005e+00 2.07999992e+00 2.07999992e+00 2.07999992e+00
    2.07999992e+00 2.05699992e+00 2.05299997e+00 2.05299997e+00
    2.05999994e+00 2.06500006e+00 2.06100011e+00 2.04699993e+00
    2.02600002e+00 2.02600002e+00 2.02600002e+00 2.02600002e+00
    2.01600003e+00 2.00300002e+00 1.99199998e+00 1.98000002e+00
    1.97200000e+00 1.97200000e+00 1.97099996e+00 1.96000004e+00
    1.96000004e+00 1.95099998e+00 1.94900000e+00 1.96399999e+00
    1.98000002e+00 1.99199998e+00 2.09699988e+00 2.23300004e+00
    1.88900006e+00 1.80499995e+00 1.80499995e+00 1.80499995e+00
    2.08899999e+00 2.47399998e+00 2.65100002e+00 2.11500001e+00
    2.09800005e+00 2.07999992e+00 2.07999992e+00 2.07999992e+00
    2.07999992e+00 2.06699991e+00 2.05599999e+00 2.05299997e+00
    2.05299997e+00 2.05299997e+00 2.05299997e+00 2.04699993e+00
    2.02600002e+00 2.02600002e+00 2.02600002e+00 2.02600002e+00
    2.00699997e+00 1.98399997e+00 1.97399998e+00 1.96399999e+00
    1.94900000e+00 1.94900000e+00 1.94900000e+00 1.94900000e+00
    1.94900000e+00 1.94900000e+00 1.94900000e+00 1.96399999e+00
    1.95700002e+00 1.94700003e+00 1.94200003e+00 1.90999997e+00
    1.89199996e+00 1.83599997e+00 1.81700003e+00 1.81500006e+00
    1.82400000e+00 2.33100009e+00 2.66899991e+00 2.12400007e+00
    2.09800005e+00 2.07999992e+00 2.07999992e+00 2.07999992e+00
    2.07999992e+00 2.07999992e+00 2.05999994e+00 2.05299997e+00
    2.05299997e+00 2.05299997e+00 2.05299997e+00 2.04699993e+00
    2.02600002e+00 2.02600002e+00 2.02600002e+00 2.02600002e+00
    2.00699997e+00 1.98899996e+00 1.97800004e+00 1.96700001e+00
    1.95799994e+00 1.95799994e+00 1.95700002e+00 1.94900000e+00
    1.94900000e+00 1.94900000e+00 1.94299996e+00 1.95000005e+00
    1.92700005e+00 1.89900005e+00 1.89900005e+00 1.89900005e+00
    1.89699996e+00 1.88300002e+00 1.84800005e+00 1.83800006e+00
    1.83599997e+00 2.17100000e+00 2.39700007e+00 2.12400007e+00
    2.10100007e+00 2.08699989e+00 2.08699989e+00 2.08599997e+00
    2.07999992e+00 2.07999992e+00 2.05999994e+00 2.05299997e+00
    2.05299997e+00 2.05299997e+00 2.05299997e+00 2.04699993e+00
    2.02600002e+00 2.02600002e+00 2.02600002e+00 2.02099991e+00
    2.00500011e+00 2. 1.99000001e+00 1.97800004e+00 1.97200000e+00
    1.96700001e+00 1.96000004e+00 1.94299996e+00 1.94299996e+00
    1.94799995e+00 1.93099999e+00 1.92400002e+00 1.91100001e+00
    1.89900005e+00 1.89900005e+00 1.89900005e+00 1.89900005e+00
    1.89900005e+00 1.87699997e+00 1.86000001e+00 1.85300004e+00
    1.86199999e+00 1.86899996e+00 2.12400007e+00 2.10800004e+00
    2.10800004e+00 2.10800004e+00 2.10700011e+00 2.08500004e+00
    2.08100009e+00 2.05999994e+00 2.05299997e+00 2.05299997e+00
    2.05299997e+00 2.05299997e+00 2.04699993e+00 2.02600002e+00
    2.02600002e+00 2.02600002e+00 2.00500011e+00 2. 2. 2. 1.98899996e+00
    1.96599996e+00 1.94400001e+00 1.92400002e+00 1.92400002e+00
    1.92400002e+00 1.94700003e+00 1.93499994e+00 1.92499995e+00
    1.91100001e+00 1.89900005e+00 1.89900005e+00 1.89900005e+00
    1.89900005e+00 1.89900005e+00 1.88000000e+00 1.87600005e+00
    1.85800004e+00 1.85099995e+00 1.85099995e+00 2.12400007e+00
    2.10800004e+00 2.10800004e+00 2.10800004e+00 2.10800004e+00
    2.10800004e+00 2.08500004e+00 2.06100011e+00 2.05399990e+00
    2.05299997e+00 2.05299997e+00 2.05299997e+00 2.04699993e+00
    2.02600002e+00 2.02600002e+00 2.02600002e+00 2.00500011e+00 2. 2. 2.
    1.99000001e+00 1.96700001e+00 1.94500005e+00 1.92499995e+00
    1.92499995e+00 1.92499995e+00 1.96500003e+00 1.95599997e+00
    1.93299997e+00 1.91100001e+00 1.89900005e+00 1.89900005e+00
    1.89900005e+00 1.89900005e+00 1.89900005e+00 1.89900005e+00
    1.88000000e+00 1.85800004e+00 1.85099995e+00 1.85099995e+00
    2.12400007e+00 2.10800004e+00 2.10800004e+00 2.10800004e+00
    2.10800004e+00 2.10800004e+00 2.08500004e+00 2.07900000e+00
    2.07800007e+00 2.06500006e+00 2.05299997e+00 2.05299997e+00
    2.04699993e+00 2.02600002e+00 2.02600002e+00 2.02600002e+00
    2.02500010e+00 2.00699997e+00 2. 2. 1.99899995e+00 1.99000001e+00
    1.96700001e+00 1.94700003e+00 1.94700003e+00 1.94700003e+00
