<?xml version="1.0"?>
<opencv_storage>
<Depth type_id="opencv-matrix">
  <rows>40</rows>
  <cols>40</cols>
  <dt>f</dt>
  <data>
    0. 0. 0. 0. 0. 0. 0. 0. 0. 0. 0. 0. 0. 0. 0. 0. 0. 2.37199998e+00
    2.18899989e+00 0. 2.37299991e+00 0. 0. 1.99899995e+00 1.99699998e+00
    2.08699989e+00 2.96499991e+00 0. 0. 0. 0. 0. 0. 0. 0. 0. 0. 0. 0. 0.
    0. 0. 0. 0. 0. 0. 0. 0. 0. 0. 0. 0. 0. 0. 1.33399999e+00
    2.01300001e+00 2.00999999e+00 2.00799990e+00 2.00200009e+00 2.
    1.99399996e+00 1.99300003e+00 1.99399996e+00 1.99300003e+00
    1.98899996e+00 1.98500001e+00 0. 0. 0. 0. 0. 0. 0. 0. 0. 0. 0. 0. 0.
    0. 0. 0. 0. 0. 0. 0. 0. 0. 0. 0. 0. 0. 0. 0. 1.77999997e+00
    2.01200008e+00 2.00999999e+00 2.00600004e+00 2. 1.99899995e+00
    1.99600005e+00 1.99300003e+00 1.99000001e+00 1.98699999e+00
    1.98399997e+00 1.98199999e+00 1.98300004e+00 0. 0. 0. 0. 0. 0. 0. 0.
    0. 0. 0. 0. 0. 0. 0. 0. 0. 0. 0. 0. 0. 0. 0. 0. 0. 1.94700003e+00 0.
    1.19000006e+00 2.01200008e+00 2.00999999e+00 2.00600004e+00
    2.00300002e+00 1.99899995e+00 1.99600005e+00 1.99399996e+00
    1.99000001e+00 1.98699999e+00 1.98399997e+00 1.98300004e+00
    1.98699999e+00 0. 0. 0. 0. 0. 0. 0. 0. 0. 0. 0. 0. 0. 0. 0. 0. 0. 0.
    0. 0. 0. 0. 0. 0. 0. 0. 0. 1.79600000e+00 2.01300001e+00
    2.00999999e+00 2.00900006e+00 2.00300002e+00 1.99899995e+00
    1.99600005e+00 1.99300003e+00 1.99000001e+00 1.98699999e+00
    1.98399997e+00 1.98300004e+00 2.02699995e+00 0. 0. 0. 0. 0. 0. 0. 0.
    0. 0. 0. 0. 0. 0. 0. 0. 0. 0. 0. 0. 0. 0. 0. 0. 0. 0. 0.
    1.20799994e+00 2.01300001e+00 2.00999999e+00 2.00999999e+00
    2.00300002e+00 1.99899995e+00 1.99600005e+00 1.99500000e+00
    1.99000001e+00 1.98699999e+00 1.98300004e+00 1.98300004e+00
    2.01500010e+00 0. 0. 0. 0. 0. 0. 0. 0. 0. 0. 0. 0. 0. 0. 0. 0. 0. 0.
    0. 0. 0. 0. 0. 0. 0. 2.28200006e+00 0. 2.01500010e+00 2.01200008e+00
    2.00999999e+00 2.00900006e+00 2.00300002e+00 2. 1.99600005e+00
    1.99500000e+00 1.98800004e+00 1.98699999e+00 1.98599994e+00
    1.98599994e+00 2.01500010e+00 0. 0. 0. 0. 0. 0. 0. 0. 0. 0. 0. 0. 0.
    0. 0. 0. 0. 0. 0. 0. 0. 0. 0. 0. 0. 0. 0. 1.77999997e+00
    2.01300001e+00 2.00999999e+00 2.00900006e+00 2.00300002e+00 2.
    1.99699998e+00 1.99500000e+00 1.98699999e+00 1.98699999e+00
    1.98699999e+00 1.98800004e+00 0. 0. 0. 0. 0. 0. 0. 0. 0. 0. 0. 0. 0.
    0. 0. 0. 0. 0. 0. 0. 0. 0. 0. 0. 0. 0. 0. 0. 1.77999997e+00
    2.00999999e+00 2.00999999e+00 2.00600004e+00 2. 2. 1.99600005e+00
    1.99600005e+00 1.99000001e+00 1.98699999e+00 1.98699999e+00
    1.98699999e+00 0. 0. 0. 0. 0. 0. 0. 0. 0. 0. 0. 0. 0. 0. 0. 0. 0. 0.
    0. 0. 0. 0. 0. 0. 0. 0. 0. 0. 1.86800003e+00 2.01300001e+00
    2.00999999e+00 2.00500011e+00 2.00200009e+00 2. 1.99600005e+00
    1.99399996e+00 1.99000001e+00 1.98699999e+00 1.98500001e+00
    1.52999997e+00 0. 0. 0. 0. 0. 0. 0. 0. 0. 0. 0. 0. 0. 0. 0. 0. 0. 0.
    0. 0. 0. 0. 0. 0. 0. 0. 0. 0. 2.01300001e+00 2.01300001e+00
    2.01099992e+00 2.00500011e+00 2. 2. 1.99600005e+00 1.99300003e+00
    1.99000001e+00 1.98699999e+00 1.98300004e+00 1.52999997e+00 0. 0. 0.
    0. 0. 0. 0. 0. 0. 0. 0. 0. 0. 0. 0. 0. 0. 0. 0. 0. 0. 0. 0. 0. 0. 0.
    0. 1.10699999e+00 2.01300001e+00 2.01300001e+00 2.01099992e+00
    2.00500011e+00 2. 2. 1.99699998e+00 1.99500000e+00 1.99000001e+00
    1.98699999e+00 1.98699999e+00 1.53100002e+00 0. 0. 0. 0. 0. 0. 0. 0.
    0. 0. 0. 0. 0. 0. 0. 0. 0. 0. 0. 0. 0. 0. 0. 0. 0. 0. 0. 0.
    2.01399994e+00 2.01300001e+00 2.01300001e+00 2.00900006e+00 2. 2.
    1.99699998e+00 1.99500000e+00 1.99000001e+00 1.99000001e+00
    1.99000001e+00 1.53199995e+00 0. 0. 0. 0. 0. 0. 0. 0. 0. 0. 0. 0. 0.
    0. 0. 0. 0. 0. 0. 0. 0. 0. 0. 0. 0. 0. 0. 1.22800004e+00
    2.01699996e+00 2.01300001e+00 2.01099992e+00 2.00900006e+00
    2.00300002e+00 1.99899995e+00 1.99600005e+00 1.99500000e+00
    1.99000001e+00 1.98899996e+00 1.98899996e+00 1.19200003e+00 0. 0. 0.
    0. 0. 0. 0. 0. 0. 0. 0. 0. 0. 0. 0. 0. 0. 0. 0. 0. 0. 0. 0. 0. 0. 0.
    0. 1.22599995e+00 2.01399994e+00 2.01300001e+00 2.01099992e+00
    2.00999999e+00 2.00600004e+00 1.99899995e+00 1.99600005e+00
    1.99500000e+00 1.99000001e+00 1.98699999e+00 1.99000001e+00 0. 0. 0.
    0. 0. 0. 0. 0. 0. 0. 0. 0. 0. 0. 0. 0. 0. 0. 0. 0. 0. 0. 0. 0. 0. 0.
    0. 0. 1.22599995e+00 2.01300001e+00 2.01200008e+00 2.00999999e+00
    2.00799990e+00 2.00500011e+00 1.99699998e+00 1.99600005e+00
    1.99399996e+00 1.99199998e+00 1.98699999e+00 1.99000001e+00 0. 0. 0.
    0. 0. 0. 0. 0. 0. 0. 0. 0. 0. 0. 0. 0. 0. 0. 0. 0. 0. 0. 0. 0. 0. 0.
    0. 0. 2.01900005e+00 2.01399994e+00 2.00999999e+00 2.00999999e+00
    2.00500011e+00 2.00300002e+00 1.99600005e+00 1.99600005e+00
    1.99300003e+00 1.99000001e+00 1.98899996e+00 1.98300004e+00 0. 0. 0.
    0. 0. 0. 0. 0. 0. 0. 0. 0. 0. 0. 0. 0. 0. 0. 0. 0. 0. 0. 0. 0. 0. 0.
    0. 0. 2.01799989e+00 2.01399994e+00 2.00999999e+00 2.00999999e+00
    2.00500011e+00 2.00099993e+00 1.99899995e+00 1.99600005e+00
    1.99300003e+00 1.98699999e+00 1.99000001e+00 1.98500001e+00 0. 0. 0.
    0. 0. 0. 0. 0. 0. 0. 0. 0. 0. 0. 0. 0. 0. 0. 0. 0. 0. 0. 0. 0. 0. 0.
    0. 0. 2.01699996e+00 2.01300001e+00 2.01200008e+00 2.00999999e+00
    2.00799990e+00 2. 2. 1.99699998e+00 1.99199998e+00 1.98699999e+00
    1.98800004e+00 1.98699999e+00 0. 0. 0. 0. 0. 0. 0. 0. 0. 0. 0. 0. 0.
    0. 0. 0. 0. 0. 0. 0. 0. 0. 0. 0. 0. 0. 0. 0. 2.01900005e+00
    2.01500010e+00 2.01300001e+00 2.00999999e+00 2.00500011e+00 2.
    1.99899995e+00 1.99600005e+00 1.99300003e+00 1.99199998e+00
    1.99000001e+00 1.01800001e+00 0. 0. 0. 0. 0. 0. 0. 0. 0. 0. 0. 0. 0.
    0. 0. 0. 0. 0. 0. 0. 0. 0. 0. 0. 0. 0. 0. 0. 2.01999998e+00
    2.01699996e+00 2.01300001e+00 2.00999999e+00 2.00600004e+00 2.
    1.99899995e+00 1.99600005e+00 1.99300003e+00 1.99000001e+00
    1.99000001e+00 1.99600005e+00 0. 0. 0. 0. 0. 0. 0. 0. 0. 0. 0. 0. 0.
    0. 0. 0. 0. 0. 0. 0. 0. 0. 0. 0. 0. 0. 0. 0. 2.02200007e+00
    2.01600003e+00 2.01200008e+00 2.00999999e+00 2.00600004e+00 2. 2.
    1.99600005e+00 1.99600005e+00 1.99300003e+00 1.99199998e+00 2. 0. 0.
    0. 0. 0. 0. 0. 0. 0. 0. 0. 0. 0. 0. 0. 0. 0. 0. 0. 0. 0. 0. 0. 0. 0.
    0. 0. 0. 2.01999998e+00 2.01500010e+00 2.01200008e+00 2.00999999e+00
    2.00900006e+00 2. 2. 1.99600005e+00 1.99600005e+00 1.99300003e+00
    1.99100006e+00 2. 0. 0. 0. 0. 0. 0. 0. 0. 0. 0. 0. 0. 0. 0. 0. 0. 0.
    0. 0. 0. 0. 0. 0. 0. 0. 0. 0. 0. 2.02200007e+00 2.01500010e+00
    2.01300001e+00 2.00999999e+00 2.00900006e+00 2.00200009e+00 2.
    1.99600005e+00 1.99600005e+00 1.99000001e+00 1.99000001e+00 0. 0. 0.
    0. 0. 0. 0. 0. 0. 0. 0. 0. 0. 0. 0. 0. 0. 0. 0. 0. 0. 0. 0. 0. 0. 0.
    0. 0. 0. 2.02200007e+00 2.01799989e+00 2.01300001e+00 2.00999999e+00
    2.00900006e+00 2.00600004e+00 2. 1.99699998e+00 1.99600005e+00
    1.99300003e+00 1.98699999e+00 0. 0. 0. 0. 0. 0. 0. 0. 0. 0. 0. 0. 0.
    0. 0. 0. 0. 0. 0. 0. 0. 0. 0. 0. 0. 0. 0. 0. 1.42499995e+00
    2.01900005e+00 2.01699996e+00 2.01200008e+00 2.00999999e+00
    2.00999999e+00 2.00600004e+00 2.00099993e+00 2. 1.99600005e+00
    1.99300003e+00 1.99500000e+00 2.02600002e+00 0. 0. 0. 0. 0. 0. 0. 0.
    0. 0. 0. 0. 0. 0. 0. 0. 0. 0. 0. 0. 0. 0. 0. 0. 0. 0. 0.
    2.02500010e+00 2.01999998e+00 2.01699996e+00 2.01200008e+00
    2.00999999e+00 2.00999999e+00 2.00300002e+00 2.00200009e+00 2.
    1.99600005e+00 1.99300003e+00 2. 0. 0. 0. 0. 0. 0. 0. 0. 0. 0. 0. 0.
    0. 0. 0. 0. 0. 0. 0. 0. 0. 0. 0. 0. 0. 0. 0. 0. 1.75800002e+00
    2.02099991e+00 2.01900005e+00 2.01300001e+00 2.01099992e+00
    2.00600004e+00 2.00500011e+00 2. 2. 1.99600005e+00 1.99300003e+00 2.
    0. 0. 0. 0. 0. 0. 0. 0. 0. 0. 0. 0. 0. 0. 0. 0. 0. 0. 0. 0. 0. 0. 0.
    0. 0. 0. 0. 0. 2.02300000e+00 2.01999998e+00 2.01699996e+00
    2.01300001e+00 2.00699997e+00 2.00600004e+00 2.00300002e+00 2. 2.
    1.99600005e+00 1.99300003e+00 2. 0. 0. 0. 0. 0. 0. 0. 0. 0. 0. 0. 0.
    0. 0. 0. 0. 0. 0. 0. 0. 0. 0. 0. 0. 0. 0. 0. 0. 2.01999998e+00
    2.01999998e+00 2.01799989e+00 2.01300001e+00 2.00699997e+00
