<?xml version="1.0"?>
<opencv_storage>
<Depth type_id="opencv-matrix">
  <rows>40</rows>
  <cols>40</cols>
  <dt>f</dt>
  <data>
    0. 0. 0. 0. 0. 0. 0. 0. 0. 0. 0. 0. 0. 0. 0. 0. 0. 0. 0. 0. 0. 0. 0.
    0. 0. 0. 0. 0. 0. 0. 0. 0. 0. 0. 0. 0. 0. 0. 0. 0. 0. 0. 0. 0. 0. 0.
    0. 0. 0. 0. 0. 0. 0. 0. 0. 0. 0. 0. 0. 0. 0. 0. 0. 0. 0. 0. 0. 0. 0.
    0. 0. 0. 0. 0. 0. 0. 0. 0. 0. 0. 0. 0. 0. 0. 0. 0. 0. 0. 0. 0. 0. 0.
    0. 0. 0. 0. 0. 0. 0. 0. 0. 0. 0. 0. 0. 0. 0. 0. 0. 0. 0. 0. 0. 0. 0.
    0. 0. 0. 0. 0. 0. 0. 0. 0. 0. 0. 0. 0. 0. 0. 0. 0. 0. 0. 0. 0. 0. 0.
    0. 0. 0. 0. 0. 0. 0. 0. 0. 0. 0. 0. 0. 0. 0. 0. 0. 0. 0. 0. 0. 0. 0.
    0. 0. 0. 0. 0. 0. 0. 0. 0. 0. 0. 0. 0. 0. 0. 0. 0. 0. 0. 0. 0. 0. 0.
    0. 0. 0. 0. 0. 0. 0. 0. 0. 0. 0. 0. 0. 0. 0. 0. 0. 0. 0. 0. 0. 0. 0.
    0. 0. 0. 0. 0. 0. 0. 0. 0. 0. 0. 0. 0. 0. 0. 0. 0. 0. 0. 0. 0. 0. 0.
    0. 0. 0. 0. 0. 0. 0. 0. 0. 0. 0. 0. 0. 0. 0. 0. 0. 0. 0. 0. 0.
    2.39400005e+00 2.39400005e+00 2.32599998e+00 2.25900006e+00
    2.19300008e+00 2.19300008e+00 2.19300008e+00 2.19300008e+00
    2.19300008e+00 2.19300008e+00 2.19300008e+00 2.19300008e+00
    2.19300008e+00 2.19600010e+00 2.26300001e+00 2.32999992e+00
    2.39400005e+00 2.39400005e+00 0. 0. 0. 0. 0. 0. 0. 0. 0. 0. 0. 0. 0.
    0. 0. 0. 0. 0. 0. 0. 0. 0. 2.39400005e+00 2.39299989e+00
    2.32599998e+00 2.25900006e+00 2.19300008e+00 2.19300008e+00
    2.19300008e+00 2.19300008e+00 2.19300008e+00 2.19300008e+00
    2.19300008e+00 2.19300008e+00 2.19300008e+00 2.19600010e+00
    2.26300001e+00 2.32999992e+00 2.39400005e+00 2.39400005e+00 0. 0. 0.
    0. 0. 0. 0. 0. 0. 0. 0. 0. 0. 0. 0. 0. 0. 0. 0. 0. 0. 0.
    2.32599998e+00 2.32599998e+00 2.28200006e+00 2.23699999e+00
    2.19300008e+00 2.19300008e+00 2.19300008e+00 2.19300008e+00
    2.19300008e+00 2.19300008e+00 2.19300008e+00 2.19300008e+00
    2.19300008e+00 2.19600010e+00 2.26300001e+00 2.32999992e+00
    2.39400005e+00 2.39400005e+00 0. 0. 0. 0. 0. 0. 0. 0. 0. 0. 0. 0. 0.
    0. 0. 0. 0. 0. 0. 0. 0. 0. 2.25900006e+00 2.25900006e+00
    2.23699999e+00 2.21499991e+00 2.19300008e+00 2.19300008e+00
    2.19300008e+00 2.19300008e+00 2.19300008e+00 2.19300008e+00
    2.19300008e+00 2.19300008e+00 2.19300008e+00 2.19600010e+00
    2.26300001e+00 2.32999992e+00 2.39400005e+00 2.39400005e+00 0. 0. 0.
    0. 0. 0. 0. 0. 0. 0. 0. 0. 0. 0. 0. 0. 0. 0. 0. 0. 0. 0.
    2.19300008e+00 2.19300008e+00 2.19300008e+00 2.19300008e+00
    2.19300008e+00 2.19300008e+00 2.19199991e+00 2.19199991e+00
    2.19199991e+00 2.19199991e+00 2.19199991e+00 2.19199991e+00
    2.19300008e+00 2.19600010e+00 2.26300001e+00 2.32999992e+00
    2.39400005e+00 2.39400005e+00 0. 0. 0. 0. 0. 0. 0. 0. 0. 0. 0. 0. 0.
    0. 0. 0. 0. 0. 0. 0. 0. 0. 2.19300008e+00 2.19300008e+00
    2.19300008e+00 2.19300008e+00 2.19300008e+00 2.17100000e+00
    2.14899993e+00 2.12700009e+00 2.12700009e+00 2.12700009e+00
    2.12800002e+00 2.15000010e+00 2.17199993e+00 2.19600010e+00
    2.26300001e+00 2.32999992e+00 2.39400005e+00 2.39400005e+00 0. 0. 0.
    0. 0. 0. 0. 0. 0. 0. 0. 0. 0. 0. 0. 0. 0. 0. 0. 0. 0. 0.
    2.19300008e+00 2.19300008e+00 2.19300008e+00 2.19300008e+00
    2.19199991e+00 2.14899993e+00 2.10500002e+00 2.06299996e+00
    2.06299996e+00 2.06299996e+00 2.06399989e+00 2.10800004e+00
    2.15100002e+00 2.19600010e+00 2.26300001e+00 2.32999992e+00
    2.39400005e+00 2.39400005e+00 0. 0. 0. 0. 0. 0. 0. 0. 0. 0. 0. 0. 0.
    0. 0. 0. 0. 0. 0. 0. 0. 0. 2.19300008e+00 2.19300008e+00
    2.19300008e+00 2.19300008e+00 2.19199991e+00 2.12700009e+00
    2.06299996e+00 2. 2. 2. 2.00200009e+00 2.06699991e+00 2.13100004e+00
    2.19600010e+00 2.26300001e+00 2.32999992e+00 2.39400005e+00
    2.39400005e+00 0. 0. 0. 0. 0. 0. 0. 0. 0. 0. 0. 0. 0. 0. 0. 0. 0. 0.
    0. 0. 0. 0. 2.19300008e+00 2.19300008e+00 2.19300008e+00
    2.19300008e+00 2.19199991e+00 2.12700009e+00 2.06299996e+00 2. 2. 2.
    2.00200009e+00 2.06699991e+00 2.13100004e+00 2.19600010e+00
    2.26300001e+00 2.32999992e+00 2.39400005e+00 2.39400005e+00 0. 0. 0.
    0. 0. 0. 0. 0. 0. 0. 0. 0. 0. 0. 0. 0. 0. 0. 0. 0. 0. 0.
    2.19300008e+00 2.19300008e+00 2.19300008e+00 2.19300008e+00
    2.19199991e+00 2.12700009e+00 2.06299996e+00 2. 2. 2. 2.00200009e+00
    2.06699991e+00 2.13100004e+00 2.19600010e+00 2.26300001e+00
    2.32999992e+00 2.39400005e+00 2.39400005e+00 0. 0. 0. 0. 0. 0. 0. 0.
    0. 0. 0. 0. 0. 0. 0. 0. 0. 0. 0. 0. 0. 0. 2.19300008e+00
    2.19300008e+00 2.19300008e+00 2.19300008e+00 2.19199991e+00
    2.12800002e+00 2.06399989e+00 2.00200009e+00 2.00099993e+00
    2.00099993e+00 2.00200009e+00 2.06599998e+00 2.13000011e+00
    2.19400001e+00 2.26200008e+00 2.32999992e+00 2.39400005e+00
    2.39400005e+00 0. 0. 0. 0. 0. 0. 0. 0. 0. 0. 0. 0. 0. 0. 0. 0. 0. 0.
    0. 0. 0. 0. 2.19300008e+00 2.19300008e+00 2.19300008e+00
    2.19300008e+00 2.19199991e+00 2.15000010e+00 2.10800004e+00
    2.06599998e+00 2.04399991e+00 2.02200007e+00 2.00099993e+00
    2.04399991e+00 2.08599997e+00 2.13000011e+00 2.22000003e+00
    2.30900002e+00 2.39400005e+00 2.39400005e+00 0. 0. 0. 0. 0. 0. 0. 0.
    0. 0. 0. 0. 0. 0. 0. 0. 0. 0. 0. 0. 0. 0. 2.19300008e+00
    2.19300008e+00 2.19300008e+00 2.19300008e+00 2.19300008e+00
    2.17199993e+00 2.15100002e+00 2.13000011e+00 2.08599997e+00
    2.04200006e+00 2.00099993e+00 2.02099991e+00 2.04200006e+00
    2.06699991e+00 2.17799997e+00 2.28900003e+00 2.39400005e+00
    2.39400005e+00 0. 0. 0. 0. 0. 0. 0. 0. 0. 0. 0. 0. 0. 0. 0. 0. 0. 0.
    0. 0. 0. 0. 2.19300008e+00 2.19300008e+00 2.19300008e+00
    2.19300008e+00 2.19300008e+00 2.19300008e+00 2.19300008e+00
    2.19099998e+00 2.12700009e+00 2.06200004e+00 2. 2. 2. 2.00600004e+00
    2.13800001e+00 2.26999998e+00 2.39400005e+00 2.39400005e+00 0. 0. 0.
    0. 0. 0. 0. 0. 0. 0. 0. 0. 0. 0. 0. 0. 0. 0. 0. 0. 0. 0.
    2.19300008e+00 2.19300008e+00 2.19300008e+00 2.19300008e+00
    2.19300008e+00 2.19300008e+00 2.19300008e+00 2.19099998e+00
    2.12700009e+00 2.06200004e+00 2. 2. 2. 2.00600004e+00 2.13800001e+00
    2.26999998e+00 2.39400005e+00 2.39400005e+00 0. 0. 0. 0. 0. 0. 0. 0.
    0. 0. 0. 0. 0. 0. 0. 0. 0. 0. 0. 0. 0. 0. 2.19300008e+00
    2.19300008e+00 2.19300008e+00 2.19300008e+00 2.19300008e+00
    2.19300008e+00 2.19300008e+00 2.19099998e+00 2.12700009e+00
    2.06200004e+00 2. 2. 2. 2.00600004e+00 2.13800001e+00 2.26999998e+00
    2.39400005e+00 2.39400005e+00 0. 0. 0. 0. 0. 0. 0. 0. 0. 0. 0. 0. 0.
    0. 0. 0. 0. 0. 0. 0. 0. 0. 2.18899989e+00 2.18899989e+00
    2.18899989e+00 2.18899989e+00 2.18899989e+00 2.19099998e+00
    2.19199991e+00 2.19099998e+00 2.12800002e+00 2.06500006e+00
    2.00399995e+00 2.00399995e+00 2.00399995e+00 2.00900006e+00
    2.13899994e+00 2.26799989e+00 2.39000010e+00 2.39000010e+00 0. 0. 0.
    0. 0. 0. 0. 0. 0. 0. 0. 0. 0. 0. 0. 0. 0. 0. 0. 0. 0. 0.
    2.12500000e+00 2.12500000e+00 2.12500000e+00 2.12500000e+00
    2.12500000e+00 2.14800000e+00 2.17100000e+00 2.19199991e+00
    2.15000010e+00 2.10800004e+00 2.06800008e+00 2.06800008e+00
    2.06800008e+00 2.07200003e+00 2.15700006e+00 2.24300003e+00
    2.32299995e+00 2.32299995e+00 0. 0. 0. 0. 0. 0. 0. 0. 0. 0. 0. 0. 0.
    0. 0. 0. 0. 0. 0. 0. 0. 0. 2.05999994e+00 2.05999994e+00
    2.05999994e+00 2.05999994e+00 2.06100011e+00 2.10500002e+00
    2.15000010e+00 2.19199991e+00 2.17199993e+00 2.15199995e+00
    2.13299990e+00 2.13299990e+00 2.13299990e+00 2.13499999e+00
    2.17600012e+00 2.21700001e+00 2.25600004e+00 2.25600004e+00 0. 0. 0.
    0. 0. 0. 0. 0. 0. 0. 0. 0. 0. 0. 0. 0. 0. 0. 0. 0. 0. 0. 2. 2. 2. 2.
    2.00099993e+00 2.06399989e+00 2.12700009e+00 2.18899989e+00
    2.18899989e+00 2.18899989e+00 2.18899989e+00 2.18899989e+00
    2.18899989e+00 2.18899989e+00 2.18899989e+00 2.18899989e+00
    2.18899989e+00 2.18899989e+00 0. 0. 0. 0. 0. 0. 0. 0. 0. 0. 0. 0. 0.
    0. 0. 0. 0. 0. 0. 0. 0. 0. 2. 2. 2. 2. 2.00099993e+00 2.04200006e+00
    2.08400011e+00 2.12400007e+00 2.12400007e+00 2.12400007e+00
    2.12400007e+00 2.12400007e+00 2.12400007e+00 2.12400007e+00
