<?xml version="1.0"?>
<opencv_storage>
<Depth type_id="opencv-matrix">
  <rows>40</rows>
  <cols>40</cols>
  <dt>f</dt>
  <data>
    0. 0. 0. 0. 0. 0. 0. 0. 0. 2.20400000e+00 2.09500003e+00 0.
    2.40400004e+00 2.40000010e+00 0. 0. 0. 0. 0. 0. 0. 0. 0. 0. 0. 0.
    2.34800005e+00 0. 2.35299993e+00 0. 0. 0. 0. 0. 0. 0. 0. 0. 0. 0. 0.
    0. 0. 0. 0. 0. 0. 0. 1.99100006e+00 1.99399996e+00 1.99699998e+00 2.
    2. 2. 2.00200009e+00 2.00300002e+00 2.00300002e+00 2.00300002e+00
    2.00600004e+00 2.00600004e+00 2.00600004e+00 2.00600004e+00
    2.00600004e+00 2.00600004e+00 2.00300002e+00 2.00500011e+00
    2.00699997e+00 2.00600004e+00 2.00399995e+00 2.00699997e+00
    2.00900006e+00 2.01099992e+00 0. 0. 0. 0. 0. 0. 0. 0. 0. 0. 0. 0. 0.
    0. 0. 0. 1.99399996e+00 1.99399996e+00 1.99600005e+00 1.99600005e+00
    2. 2.00099993e+00 2.00300002e+00 2.00300002e+00 2.00300002e+00
    2.00300002e+00 2.00300002e+00 2.00300002e+00 2.00600004e+00
    2.00600004e+00 2.00600004e+00 2.00600004e+00 2.00300002e+00
    2.00500011e+00 2.00600004e+00 2.00600004e+00 2.00399995e+00
    2.00699997e+00 2.00600004e+00 1.86399996e+00 0. 0. 0. 0. 0. 0. 0. 0.
    0. 0. 0. 0. 0. 0. 0. 0. 1.99399996e+00 1.99699998e+00 1.99699998e+00
    1.99699998e+00 2. 2.00300002e+00 2.00300002e+00 2.00300002e+00
    2.00300002e+00 2.00300002e+00 2.00600004e+00 2.00600004e+00
    2.00600004e+00 2.00600004e+00 2.00600004e+00 2.00600004e+00
    2.00300002e+00 2.00300002e+00 2.00399995e+00 2.00600004e+00
    2.00300002e+00 2.00600004e+00 2.00600004e+00 1.40900004e+00 0. 0. 0.
    0. 0. 0. 0. 0. 0. 0. 0. 0. 0. 0. 0. 0. 1.99699998e+00 2. 2. 2. 2.
    2.00200009e+00 2.00300002e+00 2.00300002e+00 2. 2.00300002e+00
    2.00399995e+00 2.00500011e+00 2.00600004e+00 2.00300002e+00
    2.00600004e+00 2.00600004e+00 2.00300002e+00 2.00300002e+00
    2.00300002e+00 2.00300002e+00 2.00300002e+00 2.00300002e+00
    2.00900006e+00 1.99399996e+00 0. 0. 0. 0. 0. 0. 0. 0. 0. 0. 0. 0. 0.
    0. 0. 0. 1.99800003e+00 2. 1.99699998e+00 2. 1.99800003e+00
    2.00099993e+00 2.00300002e+00 2.00300002e+00 2.00300002e+00
    2.00300002e+00 2.00300002e+00 2.00600004e+00 2.00300002e+00
    2.00300002e+00 2.00399995e+00 2.00600004e+00 2.00300002e+00
    2.00300002e+00 2.00300002e+00 2.00300002e+00 2.00300002e+00
    2.00300002e+00 2.00600004e+00 1.82000005e+00 0. 0. 0. 0. 0. 0. 0. 0.
    0. 0. 0. 0. 0. 0. 0. 0. 1.99699998e+00 1.99699998e+00 2. 2. 2.
    2.00300002e+00 2.00300002e+00 2.00300002e+00 2.00300002e+00
    2.00300002e+00 2.00300002e+00 2.00300002e+00 2.00300002e+00
    2.00300002e+00 2.00300002e+00 2.00600004e+00 2.00300002e+00
    2.00300002e+00 2.00300002e+00 2.00300002e+00 2.00300002e+00
    2.00300002e+00 2.00600004e+00 1.35000002e+00 0. 0. 0. 0. 0. 0. 0. 0.
    0. 0. 0. 0. 0. 0. 0. 0. 1.99399996e+00 1.99600005e+00 2. 2. 2.
    2.00300002e+00 2. 2.00300002e+00 2.00300002e+00 2.00300002e+00
    2.00300002e+00 2.00300002e+00 2.00300002e+00 2.00500011e+00
    2.00500011e+00 2.00600004e+00 2.00300002e+00 2.00300002e+00
    2.00300002e+00 2.00300002e+00 2.00300002e+00 2.00300002e+00
    2.00600004e+00 1.77800000e+00 0. 0. 0. 0. 0. 0. 0. 0. 0. 0. 0. 0. 0.
    0. 0. 0. 1.99699998e+00 1.99600005e+00 2.00200009e+00 2. 2.
    2.00300002e+00 2.00300002e+00 2.00300002e+00 2.00300002e+00
    2.00399995e+00 2.00300002e+00 2.00399995e+00 2.00300002e+00
    2.00300002e+00 2.00600004e+00 2.00600004e+00 2.00300002e+00
    2.00300002e+00 2.00300002e+00 2.00300002e+00 2.00300002e+00
    2.00300002e+00 2.00300002e+00 1.34899998e+00 0. 0. 0. 0. 0. 0. 0. 0.
    0. 0. 0. 0. 0. 0. 0. 0. 1.99399996e+00 2. 1.99699998e+00
    1.99699998e+00 2. 2. 2.00300002e+00 2.00300002e+00 2.00300002e+00
    2.00600004e+00 2.00300002e+00 2.00300002e+00 2.00300002e+00
    2.00300002e+00 2.00300002e+00 2.00600004e+00 2.00300002e+00
    2.00300002e+00 2.00300002e+00 2.00300002e+00 2.00300002e+00
    2.00300002e+00 2.00300002e+00 2.00300002e+00 0. 0. 0. 0. 0. 0. 0. 0.
    0. 0. 0. 0. 0. 0. 0. 0. 1.99399996e+00 1.99399996e+00 1.99699998e+00
    1.99899995e+00 2. 2. 2.00099993e+00 2.00300002e+00 2.00300002e+00
    2.00099993e+00 2.00300002e+00 2.00300002e+00 2.00300002e+00
    2.00300002e+00 2.00300002e+00 2.00500011e+00 2.00300002e+00 2.
    2.00300002e+00 2.00300002e+00 2.00300002e+00 2.00300002e+00
    2.00300002e+00 2.00099993e+00 0. 0. 0. 0. 0. 0. 0. 0. 0. 0. 0. 0. 0.
    0. 0. 0. 1.99399996e+00 1.99399996e+00 1.99899995e+00 2.
    1.99899995e+00 2.00099993e+00 2.00099993e+00 2.00300002e+00 2. 2.
    2.00300002e+00 2.00300002e+00 2.00300002e+00 2.00300002e+00
    2.00399995e+00 2.00600004e+00 2.00300002e+00 2. 2.00300002e+00
    2.00300002e+00 2.00300002e+00 2.00300002e+00 2.00300002e+00 2. 0. 0.
    0. 0. 0. 0. 0. 0. 0. 0. 0. 0. 0. 0. 0. 0. 1.99399996e+00
    1.99600005e+00 1.99899995e+00 1.99699998e+00 1.99699998e+00 2.
    2.00300002e+00 2.00099993e+00 2. 2.00300002e+00 2.00300002e+00
    2.00300002e+00 2.00300002e+00 2.00300002e+00 2.00300002e+00
    2.00500011e+00 2.00099993e+00 2.00200009e+00 2.00300002e+00
    2.00300002e+00 2.00300002e+00 2. 2.00300002e+00 2.00300002e+00 0. 0.
    0. 0. 0. 0. 0. 0. 0. 0. 0. 0. 0. 0. 0. 0. 1.99399996e+00
    1.99699998e+00 1.99699998e+00 1.99699998e+00 1.99699998e+00
    1.99899995e+00 2. 2.00300002e+00 2. 2.00300002e+00 2.00300002e+00
    2.00300002e+00 2.00300002e+00 2.00300002e+00 2.00300002e+00
    2.00300002e+00 2. 2.00200009e+00 2. 2. 2. 2. 2.00099993e+00
    1.99800003e+00 0. 0. 0. 0. 0. 0. 0. 0. 0. 0. 0. 0. 0. 0. 0. 0.
    1.99399996e+00 1.99399996e+00 1.99699998e+00 1.99699998e+00 2. 2. 2.
    2.00200009e+00 2.00300002e+00 2.00300002e+00 2.00300002e+00
    2.00300002e+00 2.00300002e+00 2.00099993e+00 2.00300002e+00
    2.00300002e+00 2. 2. 2. 2. 2. 2. 2. 1.99699998e+00 0. 0. 0. 0. 0. 0.
    0. 0. 0. 0. 0. 0. 0. 0. 0. 0. 1.99399996e+00 1.99399996e+00
    1.99399996e+00 1.99399996e+00 1.99899995e+00 2.00300002e+00
    2.00300002e+00 2. 2. 2.00300002e+00 2. 2.00300002e+00 2.00300002e+00
    2.00300002e+00 2.00300002e+00 2.00300002e+00 2. 2. 2. 2. 2. 2. 2. 2.
    0. 0. 0. 0. 0. 0. 0. 0. 0. 0. 0. 0. 0. 0. 0. 0. 1.99399996e+00
    1.99399996e+00 1.99399996e+00 1.99399996e+00 1.99699998e+00
    1.99699998e+00 1.99699998e+00 2. 2. 2. 2.00200009e+00 2.00300002e+00
    2.00300002e+00 2.00300002e+00 2.00300002e+00 2.00300002e+00 2. 2. 2.
    2. 2. 2. 2. 1.99699998e+00 0. 0. 0. 0. 0. 0. 0. 0. 0. 0. 0. 0. 0. 0.
    0. 0. 1.99399996e+00 1.99399996e+00 1.99399996e+00 1.99600005e+00
    1.99699998e+00 1.99699998e+00 1.99500000e+00 2.00200009e+00 2. 2. 2.
    2.00300002e+00 2. 2. 2.00300002e+00 2.00300002e+00 2. 2. 2. 2. 2. 2.
    2. 2. 0. 0. 0. 0. 0. 0. 0. 0. 0. 0. 0. 0. 0. 0. 0. 0. 1.99399996e+00
    1.99399996e+00 1.99399996e+00 1.99699998e+00 1.99699998e+00
    1.99699998e+00 1.99699998e+00 1.99899995e+00 2. 2. 2. 2.00200009e+00
    2. 2. 2. 2.00300002e+00 2. 2. 2. 2. 2. 2. 2. 1.99699998e+00 0. 0. 0.
    0. 0. 0. 0. 0. 0. 0. 0. 0. 0. 0. 0. 0. 1.99399996e+00 1.99399996e+00
    1.99399996e+00 1.99399996e+00 1.99699998e+00 1.99800003e+00 2. 2. 2.
    2. 2. 2. 2. 2. 2. 2.00300002e+00 1.99699998e+00 1.99899995e+00 2. 2.
    1.99800003e+00 1.99699998e+00 1.99699998e+00 1.34800005e+00 0. 0. 0.
    0. 0. 0. 0. 0. 0. 0. 0. 0. 0. 0. 0. 0. 1.99399996e+00 1.99300003e+00
    1.99399996e+00 1.99399996e+00 1.99500000e+00 1.99600005e+00 2.
    1.99699998e+00 1.99899995e+00 2. 2. 2. 2. 1.99899995e+00 2. 2.
    1.99699998e+00 1.99899995e+00 2. 1.99800003e+00 1.99899995e+00
    1.99699998e+00 1.99899995e+00 2. 0. 0. 0. 0. 0. 0. 0. 0. 0. 0. 0. 0.
    0. 0. 0. 0. 1.99399996e+00 1.99300003e+00 1.99399996e+00
    1.99399996e+00 1.99399996e+00 1.99399996e+00 1.99399996e+00
    1.99699998e+00 1.99800003e+00 2. 2. 2. 1.99899995e+00 1.99699998e+00
    2. 2. 1.99699998e+00 1.99699998e+00 1.99699998e+00 1.99699998e+00
    1.99699998e+00 1.99899995e+00 2. 1.99699998e+00 0. 0. 0. 0. 0. 0. 0.
    0. 0. 0. 0. 0. 0. 0. 0. 0. 1.99399996e+00 1.99399996e+00
    1.99399996e+00 1.99399996e+00 1.99399996e+00 1.99399996e+00
