<?xml version="1.0"?>
<opencv_storage>
<Depth type_id="opencv-matrix">
  <rows>40</rows>
  <cols>40</cols>
  <dt>f</dt>
  <data>
    0. 0. 0. 0. 0. 0. 0. 0. 0. 0. 0. 0. 0. 1.01900005e+00 1.01900005e+00
    1.30100000e+00 1.86199999e+00 1.85500002e+00 2.06100011e+00
    2.05699992e+00 2.05399990e+00 2.05200005e+00 2.04600000e+00
    2.04099989e+00 2.03600001e+00 2.03299999e+00 0. 0. 0. 0. 0. 0. 0. 0.
    0. 0. 0. 0. 0. 0. 0. 0. 0. 0. 0. 0. 0. 0. 0. 0. 0. 0. 0.
    1.01900005e+00 1.01900005e+00 2.07299995e+00 2.06900001e+00
    2.06299996e+00 2.06100011e+00 2.05299997e+00 2.04999995e+00
    2.04900002e+00 2.04500008e+00 2.04299998e+00 2.03699994e+00
    2.03200006e+00 0. 0. 0. 0. 0. 0. 0. 0. 0. 0. 0. 0. 0. 0. 0. 0. 0. 0.
    0. 0. 0. 0. 0. 0. 0. 0. 0. 1.01900005e+00 1.01900005e+00
    2.06900001e+00 2.06900001e+00 2.06599998e+00 2.06100011e+00
    2.05500007e+00 2.05299997e+00 2.04800010e+00 2.04699993e+00
    2.04299998e+00 2.03699994e+00 2.03200006e+00 0. 0. 0. 0. 0. 0. 0. 0.
    0. 0. 0. 0. 0. 0. 0. 0. 0. 0. 0. 0. 0. 0. 0. 0. 0. 0. 0.
    1.01900005e+00 1.01900005e+00 2.07500005e+00 2.06900001e+00
    2.06599998e+00 2.05699992e+00 2.05699992e+00 2.05299997e+00
    2.05100012e+00 2.04399991e+00 2.04099989e+00 2.03500009e+00
    2.03200006e+00 0. 0. 0. 0. 0. 0. 0. 0. 0. 0. 0. 0. 0. 0. 0. 0. 0. 0.
    0. 0. 0. 0. 0. 0. 0. 0. 0. 1.01900005e+00 1.50500000e+00
    2.08899999e+00 2.07200003e+00 2.06900001e+00 2.06999993e+00
    2.06599998e+00 2.05900002e+00 2.06100011e+00 2.05999994e+00
    2.05100012e+00 2.05500007e+00 2.05100012e+00 0. 0. 0. 0. 0. 0. 0. 0.
    0. 0. 0. 0. 0. 0. 0. 0. 0. 0. 0. 0. 0. 0. 0. 0. 0. 0. 0.
    1.01900005e+00 1.01900005e+00 2.10899997e+00 2.09500003e+00
    2.09899998e+00 2.09200001e+00 2.09299994e+00 2.08899999e+00
    2.08899999e+00 2.08400011e+00 2.07699990e+00 2.06599998e+00
    2.06699991e+00 0. 0. 0. 0. 0. 0. 0. 0. 0. 0. 0. 0. 0. 0. 0. 0. 0. 0.
    0. 0. 0. 0. 0. 0. 0. 0. 0. 1.01900005e+00 1.01900005e+00
    2.13499999e+00 2.12599993e+00 2.12500000e+00 2.01500010e+00
    2.11599994e+00 2.11500001e+00 2.11400008e+00 2.11100006e+00
    2.10999990e+00 2.06399989e+00 2.09800005e+00 0. 0. 0. 0. 0. 0. 0. 0.
    0. 0. 0. 0. 0. 0. 0. 0. 0. 0. 0. 0. 0. 0. 0. 0. 0. 0. 0.
    1.01900005e+00 1.01900005e+00 2.15499997e+00 2.14800000e+00
    2.13800001e+00 2.06800008e+00 2.15199995e+00 2.14199996e+00
    2.12700009e+00 2.13499999e+00 2.13100004e+00 2.09800005e+00
    1.41400003e+00 0. 0. 0. 0. 0. 0. 0. 0. 0. 0. 0. 0. 0. 0. 0. 0. 0. 0.
    0. 0. 0. 0. 0. 0. 0. 0. 0. 1.01900005e+00 1.01900005e+00
    1.01900005e+00 2.01699996e+00 2.00900006e+00 2.01500010e+00
    2.00799990e+00 2.00600004e+00 1.99899995e+00 1.99199998e+00
    1.98899996e+00 1.98300004e+00 1.97500002e+00 0. 0. 0. 0. 0. 0. 0. 0.
    0. 0. 0. 0. 0. 0. 0. 0. 0. 0. 0. 0. 0. 0. 0. 0. 0. 0. 0.
    1.17600000e+00 1.01900005e+00 1.01900005e+00 2.01699996e+00
    2.00900006e+00 2.00799990e+00 2.00600004e+00 2.00200009e+00
    1.99600005e+00 1.99300003e+00 1.99100006e+00 1.98899996e+00
    1.98300004e+00 0. 0. 0. 0. 0. 0. 0. 0. 0. 0. 0. 0. 0. 0. 0. 0. 0. 0.
    0. 0. 0. 0. 0. 0. 0. 0. 0. 0. 1.01900005e+00 1.01900005e+00
    2.01699996e+00 2.00799990e+00 2.00600004e+00 2.00300002e+00 2.
    1.99399996e+00 1.99199998e+00 1.99199998e+00 1.98599994e+00
    1.98300004e+00 0. 0. 0. 0. 0. 0. 0. 0. 0. 0. 0. 0. 0. 0. 0. 0. 0. 0.
    0. 0. 0. 0. 0. 0. 0. 0. 0. 1.71500003e+00 1.01900005e+00
    1.35300004e+00 2.01699996e+00 2.00799990e+00 2.00600004e+00
    2.00600004e+00 2. 1.99699998e+00 1.99399996e+00 1.99100006e+00
    1.98599994e+00 1.98300004e+00 0. 0. 0. 0. 0. 0. 0. 0. 0. 0. 0. 0. 0.
    0. 0. 0. 0. 0. 0. 0. 0. 0. 0. 0. 0. 0. 0. 1.16900003e+00
    1.01900005e+00 1.35200000e+00 2.01200008e+00 2.01099992e+00
    2.00699997e+00 2.00300002e+00 1.99800003e+00 1.99699998e+00
    1.99500000e+00 1.99100006e+00 1.98599994e+00 1.98599994e+00 0. 0. 0.
    0. 0. 0. 0. 0. 0. 0. 0. 0. 0. 0. 0. 0. 0. 0. 0. 0. 0. 0. 0. 0. 0. 0.
    0. 1.01900005e+00 1.01900005e+00 2.01699996e+00 2.01399994e+00
    2.00900006e+00 2.00699997e+00 2.00200009e+00 2. 1.99699998e+00
    1.99300003e+00 1.99100006e+00 1.98599994e+00 1.98599994e+00 0. 0. 0.
    0. 0. 0. 0. 0. 0. 0. 0. 0. 0. 0. 0. 0. 0. 0. 0. 0. 0. 0. 0. 0. 0. 0.
    0. 1.01900005e+00 1.01900005e+00 2.02099991e+00 2.01099992e+00
    2.01099992e+00 2.00699997e+00 2.00200009e+00 1.99699998e+00
    1.99500000e+00 1.99300003e+00 1.99100006e+00 1.98599994e+00
    1.98599994e+00 0. 0. 0. 0. 0. 0. 0. 0. 0. 0. 0. 0. 0. 0. 0. 0. 0. 0.
    0. 0. 0. 0. 0. 0. 0. 0. 0. 1.01900005e+00 1.01900005e+00
    2.01799989e+00 2.01399994e+00 2.00799990e+00 2.00600004e+00
    2.00200009e+00 1.99699998e+00 1.99399996e+00 1.99199998e+00
    1.98599994e+00 1.98399997e+00 1.98599994e+00 0. 0. 0. 0. 0. 0. 0. 0.
    0. 0. 0. 0. 0. 0. 0. 0. 0. 0. 0. 0. 0. 0. 0. 0. 0. 0. 0.
    1.01900005e+00 1.01900005e+00 2.01699996e+00 2.01399994e+00
    2.00799990e+00 2.00600004e+00 2.00399995e+00 1.99699998e+00
    1.99500000e+00 1.99399996e+00 1.98800004e+00 1.98300004e+00
    1.98500001e+00 0. 0. 0. 0. 0. 0. 0. 0. 0. 0. 0. 0. 0. 0. 0. 0. 0. 0.
    0. 0. 0. 0. 0. 0. 0. 0. 0. 1.01900005e+00 1.01900005e+00
    2.01699996e+00 2.00999999e+00 2.00799990e+00 2.00600004e+00 2.
    1.99699998e+00 1.99500000e+00 1.99399996e+00 1.98800004e+00
    1.98399997e+00 1.98699999e+00 0. 0. 0. 0. 0. 0. 0. 0. 0. 0. 0. 0. 0.
    0. 0. 0. 0. 0. 0. 0. 0. 0. 0. 0. 0. 0. 0. 1.01900005e+00
    1.61300004e+00 2.01399994e+00 2.00799990e+00 2.00799990e+00
    2.00500011e+00 2.00300002e+00 2. 1.99500000e+00 1.99399996e+00
    1.98800004e+00 1.98599994e+00 1.98599994e+00 0. 0. 0. 0. 0. 0. 0. 0.
    0. 0. 0. 0. 0. 0. 0. 0. 0. 0. 0. 0. 0. 0. 0. 0. 0. 0. 0.
    1.01900005e+00 1.01900005e+00 2.01500010e+00 2.01099992e+00
    2.00799990e+00 2.00399995e+00 2.00200009e+00 1.99699998e+00
    1.99500000e+00 1.99300003e+00 1.98800004e+00 1.98599994e+00
    1.98800004e+00 0. 0. 0. 0. 0. 0. 0. 0. 0. 0. 0. 0. 0. 0. 0. 0. 0. 0.
    0. 0. 0. 0. 0. 0. 0. 0. 0. 1.01900005e+00 1.01900005e+00
    2.01699996e+00 2.00900006e+00 2.00699997e+00 2.00300002e+00 2.
    1.99699998e+00 1.99399996e+00 1.99100006e+00 1.98500001e+00
    1.98300004e+00 1.98599994e+00 0. 0. 0. 0. 0. 0. 0. 0. 0. 0. 0. 0. 0.
    0. 0. 0. 0. 0. 0. 0. 0. 0. 0. 0. 0. 0. 0. 1.01900005e+00
    2.02300000e+00 2.01300001e+00 2.00799990e+00 2.00600004e+00
    2.00399995e+00 2. 1.99699998e+00 1.99500000e+00 1.99100006e+00
    1.98599994e+00 1.98599994e+00 1.98699999e+00 0. 0. 0. 0. 0. 0. 0. 0.
    0. 0. 0. 0. 0. 0. 0. 0. 0. 0. 0. 0. 0. 0. 0. 0. 0. 0. 0.
    1.01900005e+00 2.02099991e+00 2.01300001e+00 2.00799990e+00
    2.00600004e+00 2.00600004e+00 2.00200009e+00 1.99699998e+00
    1.99500000e+00 1.99199998e+00 1.98800004e+00 1.98599994e+00
    1.33399999e+00 0. 0. 0. 0. 0. 0. 0. 0. 0. 0. 0. 0. 0. 0. 0. 0. 0. 0.
    0. 0. 0. 0. 0. 0. 0. 0. 0. 1.01900005e+00 2.01799989e+00
    2.01099992e+00 2.00799990e+00 2.00699997e+00 2.00600004e+00
    2.00200009e+00 1.99699998e+00 1.99399996e+00 1.99100006e+00
    1.98800004e+00 1.98599994e+00 1.33299994e+00 0. 0. 0. 0. 0. 0. 0. 0.
    0. 0. 0. 0. 0. 0. 0. 0. 0. 0. 0. 0. 0. 0. 0. 0. 0. 0. 0.
    1.88699996e+00 2.01500010e+00 2.01099992e+00 2.00799990e+00
    2.00699997e+00 2.00399995e+00 1.99899995e+00 1.99699998e+00
    1.99399996e+00 1.99199998e+00 1.98699999e+00 1.98599994e+00
    1.33399999e+00 0. 0. 0. 0. 0. 0. 0. 0. 0. 0. 0. 0. 0. 0. 0. 0. 0. 0.
    0. 0. 0. 0. 0. 0. 0. 0. 0. 1.75100005e+00 2.01600003e+00
    2.01099992e+00 2.01099992e+00 2.00600004e+00 2.00099993e+00 2.
    1.99699998e+00 1.99399996e+00 1.99199998e+00 1.98800004e+00
    1.98599994e+00 1.33399999e+00 0. 0. 0. 0. 0. 0. 0. 0. 0. 0. 0. 0. 0.
    0. 0. 0. 0. 0. 0. 0. 0. 0. 0. 0. 0. 0. 0. 1.01900005e+00
    2.01900005e+00 2.01099992e+00 2.01099992e+00 2.00600004e+00
    2.00300002e+00 2. 1.99699998e+00 1.99399996e+00 1.99100006e+00
    1.98800004e+00 1.98599994e+00 1.33399999e+00 0. 0. 0. 0. 0. 0. 0. 0.
    0. 0. 0. 0. 0. 0. 0. 0. 0. 0. 0. 0. 0. 0. 0. 0. 0. 0. 0.
