<?xml version="1.0"?>
<opencv_storage>
<Depth type_id="opencv-matrix">
  <rows>40</rows>
  <cols>40</cols>
  <dt>f</dt>
  <data>
    0. 0. 0. 0. 0. 0. 0. 0. 0. 0. 0. 0. 0. 0. 0. 0. 0. 0. 0. 0. 0. 0. 0.
    0. 0. 0. 0. 0. 0. 0. 0. 0. 0. 0. 0. 0. 0. 0. 0. 0. 0. 0. 0. 0. 0. 0.
    0. 0. 0. 0. 0. 0. 0. 0. 0. 0. 0. 0. 0. 0. 0. 0. 0. 0. 0. 0. 0. 0. 0.
    0. 0. 0. 0. 0. 0. 0. 0. 0. 0. 0. 0. 0. 0. 0. 0. 0. 0. 0. 0. 0. 0. 0.
    0. 0. 0. 0. 0. 0. 0. 0. 0. 0. 0. 0. 0. 0. 0. 0. 0. 0. 0. 0. 0. 0. 0.
    0. 0. 0. 0. 0. 0. 0. 0. 0. 0. 0. 0. 0. 0. 0. 0. 0. 0. 0. 0. 0. 0. 0.
    0. 0. 0. 0. 0. 0. 0. 0. 0. 0. 0. 0. 0. 0. 0. 0. 0. 0. 0. 0. 0. 0. 0.
    0. 0. 0. 0. 0. 0. 0. 0. 0. 0. 0. 0. 0. 0. 0. 0. 0. 0. 0. 0. 0. 0. 0.
    0. 0. 0. 0. 0. 0. 0. 0. 0. 0. 0. 0. 0. 0. 0. 0. 0. 0. 0. 0. 0. 0. 0.
    0. 0. 0. 0. 0. 0. 0. 0. 0. 0. 0. 0. 0. 0. 0. 0. 0. 0. 0. 0. 0. 0. 0.
    0. 0. 0. 0. 0. 0. 0. 0. 0. 0. 0. 0. 0. 0. 0. 0. 0. 0. 0. 0. 0. 0. 0.
    0. 0. 0. 0. 0. 0. 0. 0. 0. 0. 0. 0. 0. 0. 0. 0. 0. 0. 0. 0. 0. 0. 0.
    0. 0. 0. 0. 0. 0. 0. 0. 0. 0. 0. 0. 0. 0. 0. 0. 0. 0. 0. 0. 0. 0. 0.
    0. 0. 0. 0. 0. 0. 0. 0. 0. 0. 0. 0. 0. 0. 0. 0. 0. 0. 0. 0. 0. 0. 0.
    0. 0. 0. 0. 0. 0. 0. 0. 0. 0. 0. 0. 0. 0. 0. 0. 0. 0. 0. 0. 0. 0. 0.
    0. 0. 0. 0. 0. 0. 0. 0. 0. 0. 0. 0. 0. 0. 0. 0. 0. 0. 0. 0. 0. 0. 0.
    0. 0. 0. 0. 0. 0. 0. 0. 0. 0. 0. 0. 0. 0. 0. 0. 0. 0. 0. 0. 0. 0. 0.
    0. 0. 0. 0. 0. 0. 0. 0. 0. 0. 0. 0. 0. 0. 0. 0. 0. 0. 0. 0. 0. 0. 0.
    0. 0. 0. 0. 0. 0. 0. 0. 0. 0. 0. 0. 0. 0. 0. 0. 0. 0. 0. 0. 0. 0. 0.
    0. 0. 0. 0. 0. 0. 0. 0. 0. 0. 0. 0. 0. 0. 0. 0. 0. 0. 0. 0. 0. 0. 0.
    0. 0. 0. 0. 0. 0. 0. 0. 0. 0. 0. 0. 0. 0. 0. 0. 0. 0. 0. 0. 0. 0. 0.
    0. 0. 0. 0. 0. 0. 0. 0. 0. 0. 0. 0. 0. 0. 0. 0. 0. 0. 0. 0. 0. 0. 0.
    0. 0. 0. 0. 0. 0. 0. 0. 0. 0. 0. 0. 0. 0. 2.00799990e+00 2.
    2.02200007e+00 2.07299995e+00 2.07299995e+00 2.07299995e+00
    2.07299995e+00 2.06800008e+00 2.03999996e+00 1.98899996e+00
    1.96500003e+00 1.95799994e+00 1.93099999e+00 1.92999995e+00
    1.94700003e+00 1.97399998e+00 2.00099993e+00 2.02800012e+00
    2.01600003e+00 2. 2. 2. 2. 1.93499994e+00 1.83000004e+00
    1.83000004e+00 1.92200005e+00 1.96500003e+00 1.96500003e+00
    1.96500003e+00 1.96500003e+00 1.96500003e+00 1.96500003e+00
    1.96500003e+00 1.96500003e+00 1.96500003e+00 1.96500003e+00
    1.95500004e+00 1.87600005e+00 1.86199999e+00 2.00799990e+00 2.
    2.01500010e+00 2.04900002e+00 2.04900002e+00 2.06299996e+00
    2.07299995e+00 2.06800008e+00 2.03999996e+00 2.00399995e+00
    1.97800004e+00 1.96300006e+00 1.95299995e+00 1.95299995e+00
    1.95899999e+00 1.96800005e+00 1.97800004e+00 2.00500011e+00
    1.99300003e+00 1.97700000e+00 1.97899997e+00 1.99699998e+00 2.
    1.96000004e+00 1.89499998e+00 1.89499998e+00 1.95799994e+00
    1.97800004e+00 1.96500003e+00 1.96500003e+00 1.96500003e+00
    1.96500003e+00 1.96500003e+00 1.96500003e+00 1.96500003e+00
    1.96500003e+00 1.96500003e+00 1.96099997e+00 1.93400002e+00
    1.92900002e+00 2.00799990e+00 2. 2.01099992e+00 2.03600001e+00
    2.03600001e+00 2.04900002e+00 2.05800009e+00 2.05500007e+00
    2.03800011e+00 2.02200007e+00 2.00600004e+00 1.99100006e+00
    1.98000002e+00 1.97899997e+00 1.97200000e+00 1.96500003e+00
    1.96599996e+00 1.99300003e+00 1.98099995e+00 1.96500003e+00
    1.96800005e+00 1.99500000e+00 2. 1.97899997e+00 1.94400001e+00
    1.94400001e+00 1.98199999e+00 1.98399997e+00 1.96500003e+00
    1.96500003e+00 1.96500003e+00 1.96500003e+00 1.96500003e+00
    1.96500003e+00 1.96500003e+00 1.96500003e+00 1.97000003e+00
    1.97800004e+00 1.96700001e+00 1.96500003e+00 2.00500011e+00 2.
    2.01099992e+00 2.03600001e+00 2.03600001e+00 2.03600001e+00
    2.03600001e+00 2.03500009e+00 2.02999997e+00 2.02999997e+00
    2.03200006e+00 2.02900004e+00 2.00099993e+00 2. 1.98300004e+00
    1.96500003e+00 1.96599996e+00 1.99300003e+00 1.98399997e+00
    1.97099996e+00 1.97399998e+00 1.99600005e+00 2. 1.98699999e+00
    1.96500003e+00 1.96500003e+00 1.98899996e+00 1.98699999e+00
    1.97099996e+00 1.97099996e+00 1.96700001e+00 1.96500003e+00
    1.96500003e+00 1.96500003e+00 1.96500003e+00 1.96500003e+00
    1.97700000e+00 1.99600005e+00 1.97000003e+00 1.96500003e+00
    1.99300003e+00 2. 2.01099992e+00 2.03600001e+00 2.03600001e+00
    2.03600001e+00 2.03600001e+00 2.03099990e+00 2.00500011e+00
    2.00200009e+00 2.01699996e+00 2.02900004e+00 2.00099993e+00 2.
    1.98300004e+00 1.96500003e+00 1.96599996e+00 1.99300003e+00
    1.99899995e+00 1.99800003e+00 1.99800003e+00 2. 2. 1.98699999e+00
    1.96500003e+00 1.96500003e+00 1.98899996e+00 1.99899995e+00
    1.99800003e+00 1.99800003e+00 1.97399998e+00 1.96500003e+00
    1.96500003e+00 1.96500003e+00 1.96500003e+00 1.96500003e+00
    1.97700000e+00 1.99600005e+00 1.97000003e+00 1.96500003e+00
    1.99199998e+00 2. 2.01099992e+00 2.03399992e+00 2.01500010e+00
    2.00999999e+00 2.00999999e+00 2.00900006e+00 2.00099993e+00 2.
    2.00399995e+00 2.00799990e+00 2. 2. 1.98300004e+00 1.96500003e+00
    1.96599996e+00 1.99300003e+00 2. 2. 2. 2. 2. 1.99600005e+00
    1.99000001e+00 1.99000001e+00 1.99699998e+00 2.01099992e+00
    2.01999998e+00 2.00099993e+00 1.97399998e+00 1.96500003e+00
    1.96500003e+00 1.96500003e+00 1.96500003e+00 1.96500003e+00
    1.96800005e+00 1.97700000e+00 1.98800004e+00 1.99000001e+00
    1.92499995e+00 2.01699996e+00 2.02300000e+00 2.03299999e+00
    2.00600004e+00 2. 2. 2. 2. 2. 2. 2. 2. 1.98800004e+00 1.97399998e+00
    1.96899998e+00 1.98199999e+00 1.99600005e+00 2. 2. 2. 2. 2. 2. 2. 2.
    2. 2.01600003e+00 2.03200006e+00 2.01799989e+00 1.99100006e+00
    1.97300005e+00 1.96500003e+00 1.96500003e+00 1.96500003e+00
    1.96500003e+00 1.96500003e+00 1.96899998e+00 1.99500000e+00 2.
    1.85099995e+00 2.04099989e+00 2.04200006e+00 2.03399992e+00
    2.01300001e+00 2.00900006e+00 2.00600004e+00 2. 2. 2. 2. 2. 2.
    1.97500002e+00 1.96500003e+00 1.97200000e+00 1.99199998e+00
    1.99800003e+00 2. 1.99699998e+00 1.99199998e+00 1.99199998e+00
    1.99199998e+00 1.99199998e+00 1.99300003e+00 1.99899995e+00 2.
    2.01600003e+00 2.03399992e+00 2.02699995e+00 2.00699997e+00
    1.98199999e+00 1.96500003e+00 1.96500003e+00 1.96500003e+00
    1.96500003e+00 1.96500003e+00 1.96899998e+00 1.99500000e+00
    1.99500000e+00 1.84599996e+00 2.05299997e+00 2.06200004e+00
    2.03600001e+00 2.03600001e+00 2.03600001e+00 2.02300000e+00 2. 2. 2.
    2. 2. 2. 1.97500002e+00 1.96500003e+00 1.96500003e+00 1.96599996e+00
    1.99199998e+00 2. 1.98899996e+00 1.96500003e+00 1.96500003e+00
    1.96500003e+00 1.96500003e+00 1.97000003e+00 1.99699998e+00 2.
    2.01600003e+00 2.02800012e+00 2.00099993e+00 2. 1.98199999e+00
    1.96500003e+00 1.96500003e+00 1.96500003e+00 1.96500003e+00
    1.96500003e+00 1.96899998e+00 1.99500000e+00 1.97800004e+00
    1.37199998e+00 1.77300000e+00 2.06200004e+00 2.03600001e+00
    2.03600001e+00 2.03600001e+00 2.03299999e+00 2.02800012e+00
    2.02800012e+00 2.02800012e+00 2.01600003e+00 2. 2. 1.97500002e+00
    1.96500003e+00 1.96500003e+00 1.96500003e+00 1.97099996e+00
    1.97300005e+00 1.97000003e+00 1.96500003e+00 1.96500003e+00
    1.96500003e+00 1.96500003e+00 1.97000003e+00 1.99699998e+00
    2.01900005e+00 2.01900005e+00 2.00600004e+00 2. 2. 1.98199999e+00
    1.96500003e+00 1.96599996e+00 1.98699999e+00 1.97700000e+00
    1.96500003e+00 1.96599996e+00 1.97200000e+00 1.96800005e+00
    1.21300006e+00 1.67900002e+00 2.06200004e+00 2.03600001e+00
    2.03600001e+00 2.03600001e+00 2.03600001e+00 2.03600001e+00
    2.03600001e+00 2.03600001e+00 2.02099991e+00 1.99600005e+00
    1.98199999e+00 1.96899998e+00 1.96500003e+00 1.96500003e+00
    1.96500003e+00 1.96500003e+00 1.96500003e+00 1.96500003e+00
    1.96500003e+00 1.96500003e+00 1.96500003e+00 1.96500003e+00
    1.97000003e+00 1.99699998e+00 2.01099992e+00 2.00900006e+00 2. 2. 2.
    1.98199999e+00 1.96500003e+00 1.96700001e+00 2.00900006e+00
    1.98800004e+00 1.96500003e+00 1.96500003e+00 1.96500003e+00
