<?xml version="1.0"?>
<opencv_storage>
<Depth type_id="opencv-matrix">
  <rows>40</rows>
  <cols>40</cols>
  <dt>f</dt>
  <data>
    0. 0. 0. 0. 0. 0. 0. 0. 0. 0. 0. 0. 0. 0. 0. 0. 0. 0. 0. 0. 0. 0. 0.
    0. 0. 0. 0. 0. 0. 0. 0. 0. 0. 0. 0. 0. 0. 0. 0. 0. 0. 0. 0. 0. 0. 0.
    0. 0. 0. 0. 0. 0. 0. 0. 0. 0. 0. 0. 0. 0. 0. 0. 0. 0. 0. 0. 0. 0. 0.
    0. 0. 0. 0. 0. 0. 0. 0. 0. 0. 0. 0. 0. 0. 0. 0. 0. 0. 0. 0. 0. 0. 0.
    0. 0. 0. 0. 0. 0. 0. 0. 0. 0. 0. 0. 0. 0. 0. 0. 0. 0. 0. 0. 0. 0. 0.
    0. 0. 0. 0. 0. 0. 0. 0. 0. 0. 0. 0. 0. 0. 0. 0. 0. 0. 0. 0. 0. 0. 0.
    0. 0. 0. 0. 0. 0. 0. 0. 0. 0. 0. 0. 0. 0. 0. 0. 0. 0. 0. 0. 0. 0. 0.
    0. 0. 0. 0. 0. 0. 0. 0. 0. 0. 0. 0. 0. 0. 0. 0. 0. 0. 0. 0. 0. 0. 0.
    0. 0. 0. 0. 0. 0. 0. 0. 0. 0. 0. 0. 0. 0. 0. 0. 0. 0. 0. 0. 0. 0. 0.
    0. 0. 0. 0. 0. 0. 0. 0. 0. 0. 0. 0. 0. 0. 0. 0. 0. 0. 0. 0. 0. 0. 0.
    0. 0. 0. 0. 0. 0. 0. 0. 0. 0. 1.88600004e+00 1.88600004e+00 0. 0. 0.
    1.36800003e+00 1.77999997e+00 1.80400002e+00 1.56099999e+00 0. 0. 0.
    0. 0. 0. 0. 0. 0. 0. 0. 0. 0. 0. 0. 0. 0. 0. 0. 0. 0. 0. 0. 0. 0. 0.
    0. 0. 0. 0. 0. 1.88600004e+00 1.88600004e+00 0. 0. 0. 1.36800003e+00
    1.77999997e+00 1.80400002e+00 1.73699999e+00 0. 0. 0. 0. 0. 0. 0. 0.
    0. 0. 0. 0. 0. 0. 0. 0. 0. 0. 0. 0. 0. 0. 0. 0. 0. 0. 0. 0. 0. 0. 0.
    1.88600004e+00 1.88600004e+00 1.87800002e+00 0. 0. 1.51800001e+00
    1.79900002e+00 1.82000005e+00 1.85300004e+00 1.87899995e+00 0. 0. 0.
    0. 0. 0. 0. 0. 0. 0. 0. 0. 0. 0. 0. 0. 0. 0. 0. 0. 0. 0. 0. 0. 0. 0.
    0. 0. 0. 0. 1.88600004e+00 1.88600004e+00 1.86199999e+00
    1.83599997e+00 1.81500006e+00 1.81500006e+00 1.83599997e+00
    1.85099995e+00 1.85500002e+00 1.88000000e+00 1.92700005e+00
    1.00300002e+00 0. 0. 0. 0. 0. 0. 0. 0. 1.49399996e+00 1.84099996e+00
    0. 0. 0. 0. 0. 0. 0. 0. 0. 0. 0. 0. 0. 0. 0. 0. 0. 0. 1.88600004e+00
    1.88600004e+00 1.86199999e+00 1.83599997e+00 1.81500006e+00
    1.81500006e+00 1.83599997e+00 1.86000001e+00 1.88000000e+00
    1.88499999e+00 1.92700005e+00 1.76800001e+00 1.28400004e+00
    1.30700004e+00 1.29999995e+00 1.26999998e+00 1.22399998e+00
    1.20099998e+00 1.17999995e+00 1.25899994e+00 1.70200002e+00
    1.74899995e+00 1.49100006e+00 1.05700004e+00 1.09700000e+00 0. 0. 0.
    0. 0. 0. 0. 0. 0. 0. 0. 0. 0. 0. 0. 1.88999999e+00 1.90499997e+00
    1.88100004e+00 1.85500002e+00 1.83399999e+00 1.83399999e+00
    1.85599995e+00 1.87500000e+00 1.88800001e+00 1.90199995e+00
    1.93599999e+00 1.97200000e+00 2. 2.01399994e+00 2.00900006e+00
    1.98300004e+00 1.92600000e+00 1.89699996e+00 1.87100005e+00
    1.83399999e+00 1.75699997e+00 1.72500002e+00 1.71200001e+00
    1.71800005e+00 1.76800001e+00 0. 0. 0. 0. 0. 0. 0. 0. 0. 0. 0. 0. 0.
    0. 0. 1.89400005e+00 1.92100000e+00 1.89800000e+00 1.87500000e+00
    1.86000001e+00 1.86000001e+00 1.87600005e+00 1.88999999e+00
    1.89800000e+00 1.91799998e+00 1.93799996e+00 1.96200001e+00
    1.98899996e+00 1.98899996e+00 1.98899996e+00 1.97700000e+00
    1.93599999e+00 1.91499996e+00 1.89499998e+00 1.86500001e+00
    1.79400003e+00 1.74500000e+00 1.72099996e+00 1.72599995e+00
    1.76199996e+00 0. 0. 2. 2. 2. 1.37800002e+00 0. 0. 0. 0. 0. 0. 0. 0.
    0. 1.89400005e+00 1.92100000e+00 1.89800000e+00 1.88600004e+00
    1.88600004e+00 1.88600004e+00 1.88600004e+00 1.89900005e+00
    1.92299998e+00 1.92299998e+00 1.92299998e+00 1.93400002e+00
    1.96099997e+00 1.96099997e+00 1.96099997e+00 1.96099997e+00
    1.96099997e+00 1.96099997e+00 1.96099997e+00 1.94900000e+00
    1.89400005e+00 1.79900002e+00 1.74699998e+00 1.74699998e+00
    1.74699998e+00 1.88999999e+00 2. 2. 2. 2. 2.00900006e+00
    2.03800011e+00 0. 0. 0. 0. 0. 0. 0. 0. 1.89400005e+00 1.92100000e+00
    1.91600001e+00 1.91299999e+00 1.90900004e+00 1.88900006e+00
    1.88600004e+00 1.89900005e+00 1.92299998e+00 1.92299998e+00
    1.92299998e+00 1.92600000e+00 1.93299997e+00 1.93299997e+00
    1.94700003e+00 1.96099997e+00 1.96099997e+00 1.96099997e+00
    1.97300005e+00 1.98199999e+00 1.94700003e+00 1.91900003e+00
    1.90499997e+00 1.90499997e+00 1.90499997e+00 1.95899999e+00 2. 2. 2.
    2. 2.00900006e+00 2.03800011e+00 1.36600006e+00 0. 0. 0. 0. 0.
    1.05200005e+00 1.05200005e+00 1.89400005e+00 1.92100000e+00
    1.92299998e+00 1.92299998e+00 1.91799998e+00 1.88999999e+00
    1.88600004e+00 1.89300001e+00 1.90499997e+00 1.90499997e+00
    1.91499996e+00 1.92299998e+00 1.92299998e+00 1.92299998e+00
    1.94200003e+00 1.96099997e+00 1.96099997e+00 1.96099997e+00
    1.97800004e+00 1.99699998e+00 1.98199999e+00 1.98000002e+00
    1.97300005e+00 1.96099997e+00 1.96099997e+00 1.98300004e+00 2. 2. 2.
    2.00900006e+00 2.02300000e+00 2.03800011e+00 2.03900003e+00
    1.19099998e+00 0. 0. 0. 0. 2. 2. 1.89999998e+00 1.92100000e+00
    1.92299998e+00 1.92299998e+00 1.91799998e+00 1.88999999e+00
    1.88600004e+00 1.88600004e+00 1.88600004e+00 1.88600004e+00
    1.90600002e+00 1.92299998e+00 1.92299998e+00 1.92299998e+00
    1.94200003e+00 1.96099997e+00 1.96099997e+00 1.96700001e+00
    1.98199999e+00 2. 2. 2. 1.98899996e+00 1.96899998e+00 1.96899998e+00
    1.98699999e+00 2. 2. 2. 2.01500010e+00 2.03299999e+00 2.03900003e+00
    2.03900003e+00 2.03900003e+00 2.03200006e+00 2.00399995e+00 2.
    2.00300002e+00 2.00799990e+00 2.00799990e+00 1.92100000e+00
    1.92299998e+00 1.92299998e+00 1.92299998e+00 1.91799998e+00
    1.88999999e+00 1.88600004e+00 1.88600004e+00 1.88600004e+00
    1.88600004e+00 1.90600002e+00 1.92299998e+00 1.92299998e+00
    1.92299998e+00 1.94200003e+00 1.96099997e+00 1.96099997e+00
    1.98599994e+00 1.99899995e+00 2. 2. 2. 1.99899995e+00 1.99800003e+00
    1.99800003e+00 1.99899995e+00 2. 2. 2. 2.00099993e+00 2.01099992e+00
    2.03800011e+00 2.03900003e+00 2.03900003e+00 2.03200006e+00
    2.00399995e+00 2. 2.01399994e+00 2.03699994e+00 2.03699994e+00
    1.89800000e+00 1.89800000e+00 1.91499996e+00 1.91299999e+00
    1.89600003e+00 1.88699996e+00 1.90100002e+00 1.91100001e+00
    1.91100001e+00 1.91100001e+00 1.91799998e+00 1.92299998e+00
    1.92299998e+00 1.92299998e+00 1.94200003e+00 1.96099997e+00
    1.96099997e+00 1.98800004e+00 2. 2. 2. 2. 2. 2. 2. 2. 2. 2. 2. 2.
    2.00300002e+00 2.01200008e+00 2.01300001e+00 2.01300001e+00
    2.00999999e+00 2.00099993e+00 2. 2.01500010e+00 2.03900003e+00
    2.03900003e+00 1.88600004e+00 1.88600004e+00 1.90100002e+00
    1.89900005e+00 1.88600004e+00 1.88600004e+00 1.89900005e+00
    1.91299999e+00 1.92299998e+00 1.92299998e+00 1.93200004e+00
    1.93900001e+00 1.93900001e+00 1.93900001e+00 1.95000005e+00
    1.96099997e+00 1.96099997e+00 1.98800004e+00 2. 2. 2. 2. 2. 2. 2. 2.
    2. 2. 2. 2. 2. 2. 2. 2. 2. 2. 2. 2.00900006e+00 2.02500010e+00
    2.03600001e+00 1.88999999e+00 1.88600004e+00 1.88600004e+00
    1.88600004e+00 1.88600004e+00 1.88600004e+00 1.88600004e+00
    1.89900005e+00 1.92299998e+00 1.92799997e+00 1.94599998e+00
    1.96099997e+00 1.96099997e+00 1.96099997e+00 1.96099997e+00
    1.96099997e+00 1.96099997e+00 1.98399997e+00 1.99699998e+00 2. 2. 2.
    2. 2. 2. 2. 2. 2. 2. 2. 2. 2. 2.00399995e+00 2.00600004e+00
    2.00600004e+00 2.00600004e+00 2.00200009e+00 2. 2.00399995e+00
    2.03299999e+00 1.91199994e+00 1.88800001e+00 1.88600004e+00
    1.88600004e+00 1.88600004e+00 1.88600004e+00 1.88600004e+00
    1.89900005e+00 1.92600000e+00 1.95000005e+00 1.95899999e+00
    1.96099997e+00 1.96099997e+00 1.96099997e+00 1.96099997e+00
    1.96099997e+00 1.96099997e+00 1.96399999e+00 1.98000002e+00 2. 2. 2.
    2. 2. 2. 2. 2. 2. 2. 2. 2. 2. 2.02399993e+00 2.03399992e+00
    2.03399992e+00 2.03399992e+00 2.01200008e+00 2. 2.00399995e+00
    2.03299999e+00 1.96200001e+00 1.93400002e+00 1.91600001e+00
    1.90900004e+00 1.90900004e+00 1.90900004e+00 1.90900004e+00
    1.92200005e+00 1.94799995e+00 1.95799994e+00 1.96099997e+00
    1.96800005e+00 1.98500001e+00 1.98500001e+00 1.98500001e+00
    1.98000002e+00 1.96200001e+00 1.96099997e+00 1.97800004e+00 2. 2. 2.
    2. 2. 2. 2. 2. 2. 2. 2. 2. 2. 2.02699995e+00 2.03900003e+00
