<?xml version="1.0"?>
<opencv_storage>
<Depth type_id="opencv-matrix">
  <rows>40</rows>
  <cols>40</cols>
  <dt>f</dt>
  <data>
    0. 0. 0. 0. 0. 0. 0. 0. 0. 0. 0. 0. 0. 0. 0. 0. 0. 0. 0. 0. 0. 0. 0.
    0. 0. 0. 0. 0. 0. 0. 0. 0. 0. 0. 0. 0. 0. 0. 0. 0. 0. 0. 0. 0. 0. 0.
    0. 0. 0. 0. 0. 0. 0. 0. 0. 0. 0. 0. 0. 0. 0. 0. 0. 0. 0. 0. 0. 0. 0.
    0. 0. 0. 0. 0. 0. 0. 0. 0. 0. 0. 0. 0. 0. 0. 0. 0. 0. 0. 0. 0. 0. 0.
    0. 0. 0. 0. 0. 0. 0. 0. 0. 0. 0. 0. 0. 0. 0. 0. 0. 0. 0. 0. 0. 0. 0.
    0. 0. 0. 0. 0. 0. 0. 0. 0. 0. 0. 0. 0. 0. 0. 0. 1.21000004e+00
    1.21000004e+00 1.40199995e+00 2.15599990e+00 1.38699996e+00
    1.37699997e+00 1.21000004e+00 1.21000004e+00 1.26600003e+00
    1.36600006e+00 1.21000004e+00 1.21000004e+00 1.21000004e+00
    1.21000004e+00 1.21000004e+00 0. 0. 1.21000004e+00 0. 0. 0. 0. 0. 0.
    0. 0. 0. 0. 0. 0. 0. 0. 0. 0. 0. 0. 0. 0. 0. 0. 1.21000004e+00
    1.21000004e+00 2.18000007e+00 2.17700005e+00 2.10500002e+00
    2.05699992e+00 1.42499995e+00 1.21000004e+00 1.77999997e+00
    1.99399996e+00 1.21000004e+00 1.21000004e+00 1.21000004e+00
    1.21000004e+00 1.21000004e+00 1.99399996e+00 1.58899999e+00
    1.21000004e+00 0. 0. 0. 0. 0. 0. 0. 0. 0. 0. 0. 0. 0. 0. 0. 0. 0. 0.
    0. 0. 0. 0. 1.21000004e+00 1.21000004e+00 2.19400001e+00
    2.18499994e+00 2.08899999e+00 2.05900002e+00 2.02800012e+00
    1.98599994e+00 1.97899997e+00 1.97899997e+00 1.97899997e+00
    1.98099995e+00 1.98099995e+00 1.98099995e+00 1.97899997e+00
    1.97899997e+00 1.97899997e+00 1.98300004e+00 0. 0. 0. 0. 0. 0. 0. 0.
    0. 0. 0. 0. 0. 0. 0. 0. 0. 0. 0. 0. 0. 0. 1.21000004e+00
    1.21000004e+00 2.20300007e+00 2.17199993e+00 2.09500003e+00
    2.07500005e+00 2.01600003e+00 1.98300004e+00 1.98099995e+00
    1.98000002e+00 1.98199999e+00 1.98099995e+00 1.98099995e+00
    1.98099995e+00 1.98099995e+00 1.98099995e+00 1.98099995e+00
    1.98300004e+00 0. 0. 0. 0. 0. 0. 0. 0. 0. 0. 0. 0. 0. 0. 0. 0. 0. 0.
    0. 0. 0. 0. 1.21000004e+00 1.21000004e+00 2.18499994e+00
    2.15199995e+00 2.10899997e+00 2.05500007e+00 2.00999999e+00
    1.98800004e+00 1.98300004e+00 1.98399997e+00 1.98599994e+00
    1.98099995e+00 1.98099995e+00 1.98300004e+00 1.98099995e+00
    1.98099995e+00 1.98300004e+00 1.98300004e+00 0. 0. 0. 0. 0. 0. 0. 0.
    0. 0. 0. 0. 0. 0. 0. 0. 0. 0. 0. 0. 0. 0. 1.21000004e+00
    1.21000004e+00 2.19099998e+00 2.16899991e+00 2.08599997e+00
    2.05100012e+00 2.01999998e+00 1.98599994e+00 1.98599994e+00
    1.98599994e+00 1.98399997e+00 1.98300004e+00 1.98399997e+00
    1.98399997e+00 1.98300004e+00 1.98300004e+00 1.98399997e+00
    1.98399997e+00 0. 0. 0. 0. 0. 0. 0. 0. 0. 0. 0. 0. 0. 0. 0. 0. 0. 0.
    0. 0. 0. 0. 1.21000004e+00 1.21000004e+00 2.16499996e+00
    2.14800000e+00 2.09999990e+00 2.04600000e+00 2.01300001e+00
    1.98800004e+00 1.98699999e+00 1.98599994e+00 1.98599994e+00
    1.98599994e+00 1.98599994e+00 1.98599994e+00 1.98599994e+00
    1.98599994e+00 1.98599994e+00 1.98800004e+00 0. 0. 0. 0. 0. 0. 0. 0.
    0. 0. 0. 0. 0. 0. 0. 0. 0. 0. 0. 0. 0. 0. 1.21000004e+00
    1.21000004e+00 2.18799996e+00 2.16000009e+00 2.10100007e+00
    2.04500008e+00 2.01399994e+00 1.98800004e+00 1.99100006e+00
    1.98800004e+00 1.98599994e+00 1.98599994e+00 1.98599994e+00
    1.98599994e+00 1.98599994e+00 1.98599994e+00 1.98599994e+00
    1.98800004e+00 0. 0. 0. 0. 0. 0. 0. 0. 0. 0. 0. 0. 0. 0. 0. 0. 0. 0.
    0. 0. 0. 0. 1.21000004e+00 1.21000004e+00 2.15799999e+00
    2.14100003e+00 2.07500005e+00 2.04299998e+00 2.00399995e+00
    1.99100006e+00 1.99000001e+00 1.98899996e+00 1.98800004e+00
    1.98800004e+00 1.98800004e+00 1.98800004e+00 1.98800004e+00
    1.98699999e+00 1.98899996e+00 1.99000001e+00 0. 0. 0. 0. 0. 0. 0. 0.
    0. 0. 0. 0. 0. 0. 0. 0. 0. 0. 0. 0. 0. 0. 1.21000004e+00
    1.21000004e+00 2.17499995e+00 2.16899991e+00 1.87000000e+00
    2.04500008e+00 2.00300002e+00 1.99300003e+00 1.99100006e+00
    1.99100006e+00 1.99100006e+00 1.99000001e+00 1.99000001e+00
    1.99000001e+00 1.99000001e+00 1.99000001e+00 1.99100006e+00
    1.99500000e+00 0. 0. 0. 0. 0. 0. 0. 0. 0. 0. 0. 0. 0. 0. 0. 0. 0. 0.
    0. 0. 0. 0. 1.21000004e+00 1.21000004e+00 2.19000006e+00
    1.34599996e+00 2.03999996e+00 2.02900004e+00 2.00200009e+00
    1.99300003e+00 1.99300003e+00 1.99300003e+00 1.99199998e+00
    1.99300003e+00 1.99300003e+00 1.99300003e+00 1.99100006e+00
    1.99100006e+00 1.99300003e+00 1.99699998e+00 0. 0. 0. 0. 0. 0. 0. 0.
    0. 0. 0. 0. 0. 0. 0. 0. 0. 0. 0. 0. 0. 0. 1.21000004e+00
    2.21399999e+00 2.16000009e+00 2.12899995e+00 2.08599997e+00
    2.02600002e+00 1.99800003e+00 1.99300003e+00 1.99500000e+00
    1.99300003e+00 1.99399996e+00 1.99399996e+00 1.99300003e+00
    1.99300003e+00 1.99300003e+00 1.99300003e+00 1.99300003e+00
    1.27900004e+00 0. 0. 0. 0. 0. 0. 0. 0. 0. 0. 0. 0. 0. 0. 0. 0. 0. 0.
    0. 0. 0. 0. 1.39800000e+00 2.21600008e+00 2.15799999e+00
    2.11599994e+00 2.07599998e+00 2.02399993e+00 2. 1.99500000e+00
    1.99500000e+00 1.99500000e+00 1.99500000e+00 1.99500000e+00
    1.99500000e+00 1.99500000e+00 1.99500000e+00 1.99500000e+00
    1.99500000e+00 1.21000004e+00 0. 0. 0. 0. 0. 0. 0. 0. 0. 0. 0. 0. 0.
    0. 0. 0. 0. 0. 0. 0. 0. 0. 1.21000004e+00 2.20600009e+00
    2.16100001e+00 2.11899996e+00 2.07100010e+00 2.02200007e+00
    2.00200009e+00 1.99699998e+00 1.99699998e+00 1.99699998e+00
    1.99699998e+00 1.99699998e+00 1.99500000e+00 1.99600005e+00
    1.99500000e+00 1.99500000e+00 1.99600005e+00 1.21000004e+00 0. 0. 0.
    0. 0. 0. 0. 0. 0. 0. 0. 0. 0. 0. 0. 0. 0. 0. 0. 0. 0. 0.
    1.40900004e+00 2.20600009e+00 2.16799998e+00 2.12599993e+00
    2.07500005e+00 2.03099990e+00 2.00300002e+00 1.99800003e+00
    1.99899995e+00 1.99899995e+00 1.99699998e+00 1.99699998e+00
    1.99800003e+00 1.99800003e+00 1.99800003e+00 1.99899995e+00
    1.99800003e+00 1.21000004e+00 0. 0. 0. 0. 0. 0. 0. 0. 0. 0. 0. 0. 0.
    0. 0. 0. 0. 0. 0. 0. 0. 0. 2.10500002e+00 2.20400000e+00
    2.17199993e+00 2.10400009e+00 2.06699991e+00 2.02399993e+00
    2.00200009e+00 2.00200009e+00 2. 2. 1.99899995e+00 2. 2. 2. 2. 2.
    1.99399996e+00 1.21000004e+00 0. 0. 0. 0. 0. 0. 0. 0. 0. 0. 0. 0. 0.
    0. 0. 0. 0. 0. 0. 0. 0. 0. 2.24900007e+00 2.20300007e+00
    2.16400003e+00 2.11100006e+00 2.06800008e+00 2.02099991e+00
    2.00099993e+00 2.00200009e+00 2. 2.00099993e+00 2. 2.00099993e+00 2.
    2.00099993e+00 2.00200009e+00 2.00200009e+00 2. 1.21000004e+00 0. 0.
    0. 0. 0. 0. 0. 0. 0. 0. 0. 0. 0. 0. 0. 0. 0. 0. 0. 0. 0. 0.
    1.41100001e+00 2.20300007e+00 2.16899991e+00 2.09200001e+00
    2.05999994e+00 2.01600003e+00 2.00500011e+00 2.00600004e+00
    2.00200009e+00 2.00200009e+00 2.00200009e+00 2.00200009e+00
    2.00399995e+00 2.00200009e+00 2.00200009e+00 2.00399995e+00
    2.00200009e+00 1.21000004e+00 0. 0. 0. 0. 0. 0. 0. 0. 0. 0. 0. 0. 0.
    0. 0. 0. 0. 0. 0. 0. 0. 0. 1.40999997e+00 2.21399999e+00
    2.14899993e+00 2.08599997e+00 2.05900002e+00 2.01999998e+00
    2.00699997e+00 2.00600004e+00 2.00600004e+00 2.00600004e+00
    2.00500011e+00 2.00399995e+00 2.00500011e+00 2.00500011e+00
    2.00399995e+00 2.00600004e+00 1.59500003e+00 1.21000004e+00 0. 0. 0.
    0. 0. 0. 0. 0. 0. 0. 0. 0. 0. 0. 0. 0. 0. 0. 0. 0. 0. 0.
    2.24300003e+00 2.19700003e+00 2.15100002e+00 2.08400011e+00
    2.05999994e+00 2.01799989e+00 2.00799990e+00 2.00799990e+00
    2.00799990e+00 2.00699997e+00 2.00699997e+00 2.00799990e+00
    2.00600004e+00 2.00799990e+00 2.00699997e+00 2.00799990e+00
    1.32500005e+00 1.21000004e+00 0. 0. 0. 0. 0. 0. 0. 0. 0. 0. 0. 0. 0.
    0. 0. 0. 0. 0. 0. 0. 0. 0. 2.23399997e+00 2.19000006e+00
    2.14299989e+00 2.09400010e+00 2.03999996e+00 2.01399994e+00
    2.00799990e+00 2.00999999e+00 2.00799990e+00 2.00799990e+00
    2.00799990e+00 2.00799990e+00 2.00799990e+00 2.00799990e+00
    2.00799990e+00 2.00799990e+00 1.21000004e+00 1.21000004e+00 0. 0. 0.
    0. 0. 0. 0. 0. 0. 0. 0. 0. 0. 0. 0. 0. 0. 0. 0. 0. 0. 0.
    2.23300004e+00 2.18099999e+00 2.13800001e+00 2.08800006e+00
