<?xml version="1.0"?>
<opencv_storage>
<Depth type_id="opencv-matrix">
  <rows>40</rows>
  <cols>40</cols>
  <dt>f</dt>
  <data>
    0. 0. 0. 0. 0. 0. 0. 0. 0. 0. 0. 0. 0. 0. 0. 0. 0. 0. 0. 0. 0. 0. 0.
    0. 0. 0. 0. 0. 0. 0. 0. 0. 0. 0. 0. 0. 0. 0. 0. 0. 0. 0. 0. 0. 0. 0.
    0. 0. 0. 0. 0. 0. 0. 0. 0. 0. 0. 0. 0. 0. 0. 0. 0. 0. 0. 0. 0. 0. 0.
    0. 0. 0. 0. 0. 0. 0. 0. 0. 0. 0. 0. 0. 0. 0. 0. 0. 0. 2.26200008e+00
    1.93700004e+00 1.93700004e+00 1.93700004e+00 1.94599998e+00
    1.98199999e+00 1.98099995e+00 1.94500005e+00 1.93700004e+00
    1.93700004e+00 1.93700004e+00 1.94799995e+00 1.98500001e+00
    2.66499996e+00 0. 0. 0. 0. 0. 0. 0. 0. 0. 0. 0. 0. 0. 0. 0. 0. 0. 0.
    0. 0. 0. 0. 0. 0. 0. 2.84400010e+00 2.14299989e+00 1.93700004e+00
    1.93700004e+00 1.93700004e+00 1.94599998e+00 1.98199999e+00
    1.98099995e+00 1.94500005e+00 1.93700004e+00 1.93700004e+00
    1.93700004e+00 1.94400001e+00 1.96700001e+00 2.39899993e+00 0. 0. 0.
    0. 0. 0. 0. 0. 0. 0. 0. 0. 0. 0. 0. 0. 0. 0. 0. 0. 0. 0. 0. 0.
    2.63100004e+00 2.01799989e+00 1.95500004e+00 1.93700004e+00
    1.93700004e+00 1.93700004e+00 1.94599998e+00 1.98199999e+00
    1.98099995e+00 1.94500005e+00 1.93700004e+00 1.93700004e+00
    1.93700004e+00 1.93799996e+00 1.94000006e+00 1.97800004e+00
    2.04299998e+00 2.05200005e+00 2.18499994e+00 0. 0. 0. 0. 0. 0. 0. 0.
    0. 0. 0. 0. 0. 0. 0. 0. 0. 0. 0. 0. 0. 2.57900000e+00 1.93700004e+00
    1.93700004e+00 1.93700004e+00 1.93700004e+00 1.93700004e+00
    1.94599998e+00 1.98199999e+00 1.98099995e+00 1.94500005e+00
    1.93700004e+00 1.93700004e+00 1.93700004e+00 1.93700004e+00
    1.93700004e+00 1.93700004e+00 1.93700004e+00 1.93700004e+00
    2.00200009e+00 2.54800010e+00 2.88299990e+00 2.88299990e+00 0. 0. 0.
    0. 0. 0. 0. 0. 0. 0. 0. 0. 0. 0. 0. 0. 0. 0. 2.53600001e+00
    1.93700004e+00 1.93700004e+00 1.93700004e+00 1.93700004e+00
    1.93700004e+00 1.94599998e+00 1.98199999e+00 1.98300004e+00
    1.95000005e+00 1.94299996e+00 1.94299996e+00 1.94299996e+00
    1.94200003e+00 1.93799996e+00 1.93700004e+00 1.93700004e+00
    1.93700004e+00 1.93299997e+00 1.89800000e+00 1.87699997e+00
    1.87699997e+00 2.59599996e+00 0. 0. 0. 0. 0. 0. 0. 0. 0. 0. 0. 0. 0.
    0. 0. 0. 2.57200003e+00 2.16499996e+00 1.93700004e+00 1.93700004e+00
    1.93700004e+00 1.93700004e+00 1.93700004e+00 1.94599998e+00
    1.98199999e+00 1.99399996e+00 1.98199999e+00 1.98000002e+00
    1.98000002e+00 1.98000002e+00 1.97200000e+00 1.94700003e+00
    1.93700004e+00 1.93700004e+00 1.93700004e+00 1.93299997e+00
    1.89800000e+00 1.87699997e+00 1.87699997e+00 2.15000010e+00
    2.56699991e+00 0. 0. 0. 0. 0. 0. 0. 0. 0. 0. 0. 0. 0. 0.
    2.88700008e+00 1.99399996e+00 1.95700002e+00 1.93700004e+00
    1.93700004e+00 1.93700004e+00 1.93700004e+00 1.93700004e+00
    1.94400001e+00 1.97099996e+00 1.98399997e+00 1.98399997e+00
    1.98399997e+00 1.98399997e+00 1.99399996e+00 1.99100006e+00
    1.96399999e+00 1.94799995e+00 1.93799996e+00 1.93700004e+00
    1.93400002e+00 1.90799999e+00 1.89199996e+00 1.89199996e+00
    1.90900004e+00 1.93499994e+00 0. 0. 0. 0. 0. 0. 0. 0. 0. 0. 0. 0. 0.
    0. 2.88700008e+00 1.99399996e+00 1.95700002e+00 1.93700004e+00
    1.93700004e+00 1.93700004e+00 1.93700004e+00 1.93700004e+00
    1.93799996e+00 1.94500005e+00 1.94799995e+00 1.94799995e+00
    1.94799995e+00 1.94900000e+00 1.97899997e+00 1.99800003e+00
    1.99199998e+00 1.97200000e+00 1.94099998e+00 1.93700004e+00
    1.93599999e+00 1.92999995e+00 1.92700005e+00 1.92700005e+00
    1.93099999e+00 1.93700004e+00 0. 0. 0. 0. 0. 0. 0. 0. 0. 0. 0. 0. 0.
    0. 2.50000000e+00 1.97099996e+00 1.94900000e+00 1.93700004e+00
    1.93700004e+00 1.93700004e+00 1.93700004e+00 1.93700004e+00
    1.93700004e+00 1.93700004e+00 1.93700004e+00 1.93700004e+00
    1.93700004e+00 1.93799996e+00 1.96000004e+00 1.97899997e+00
    1.99399996e+00 1.98699999e+00 1.96599996e+00 1.95000005e+00
    1.93700004e+00 1.93700004e+00 1.93700004e+00 1.93700004e+00
    1.93700004e+00 1.93700004e+00 2.58100009e+00 0. 0. 0. 0. 0. 0. 0. 0.
    0. 0. 0. 0. 2.07900000e+00 1.95099998e+00 1.93799996e+00
    1.93700004e+00 1.93700004e+00 1.93700004e+00 1.93700004e+00
    1.93700004e+00 1.93700004e+00 1.93700004e+00 1.93700004e+00
    1.93700004e+00 1.93700004e+00 1.93700004e+00 1.93700004e+00
    1.93799996e+00 1.94900000e+00 1.98500001e+00 2. 1.99899995e+00
    1.96899998e+00 1.93700004e+00 1.93700004e+00 1.93700004e+00
    1.93700004e+00 1.93700004e+00 1.93700004e+00 1.95299995e+00
    2.18899989e+00 0. 0. 0. 0. 0. 0. 0. 0. 0. 2.86500001e+00
    2.52500010e+00 1.98899996e+00 1.93700004e+00 1.93700004e+00
    1.93700004e+00 1.93700004e+00 1.93700004e+00 1.93700004e+00
    1.93700004e+00 1.93700004e+00 1.93200004e+00 1.91299999e+00
    1.90300000e+00 1.90300000e+00 1.90300000e+00 1.90400004e+00
    1.92400002e+00 1.94799995e+00 1.98500001e+00 2. 2. 1.98599994e+00
    1.97200000e+00 1.97200000e+00 1.96500003e+00 1.94400001e+00
    1.93700004e+00 1.93700004e+00 1.93700004e+00 2.03600001e+00
    2.55100012e+00 2.80599999e+00 2.75500011e+00 2.74099994e+00
    2.74099994e+00 0. 0. 0. 0. 1.99100006e+00 1.97099996e+00
    1.94000006e+00 1.93700004e+00 1.93700004e+00 1.93700004e+00
    1.93700004e+00 1.93700004e+00 1.93700004e+00 1.93700004e+00
    1.93700004e+00 1.92900002e+00 1.89400005e+00 1.87699997e+00
    1.87699997e+00 1.87699997e+00 1.87899995e+00 1.91299999e+00
    1.94799995e+00 1.98500001e+00 2. 2. 2. 2. 2. 1.98599994e+00
    1.95000005e+00 1.93700004e+00 1.93700004e+00 1.93700004e+00
    1.93700004e+00 1.93700004e+00 1.92100000e+00 1.88600004e+00
    1.87699997e+00 1.87699997e+00 2.91499996e+00 0. 0. 0. 1.95500004e+00
    1.94799995e+00 1.93799996e+00 1.93700004e+00 1.93700004e+00
    1.93700004e+00 1.93700004e+00 1.93700004e+00 1.93700004e+00
    1.93700004e+00 1.93700004e+00 1.92900002e+00 1.89400005e+00
    1.87699997e+00 1.87699997e+00 1.87699997e+00 1.87899995e+00
    1.91299999e+00 1.94799995e+00 1.98500001e+00 2. 2. 2. 2. 2.
    1.98599994e+00 1.95000005e+00 1.93700004e+00 1.93700004e+00
    1.93700004e+00 1.93700004e+00 1.93700004e+00 1.92100000e+00
    1.88600004e+00 1.87699997e+00 1.87699997e+00 2.21799994e+00
    2.70000005e+00 0. 0. 1.93700004e+00 1.93700004e+00 1.93700004e+00
    1.93700004e+00 1.93700004e+00 1.93700004e+00 1.93700004e+00
    1.93700004e+00 1.93700004e+00 1.93700004e+00 1.93700004e+00
    1.92900002e+00 1.89400005e+00 1.87699997e+00 1.87699997e+00
    1.88499999e+00 1.89600003e+00 1.91999996e+00 1.94799995e+00
    1.98500001e+00 2. 2. 1.99100006e+00 1.98099995e+00 1.98099995e+00
    1.97099996e+00 1.94599998e+00 1.93700004e+00 1.93700004e+00
    1.93700004e+00 1.93700004e+00 1.93700004e+00 1.92100000e+00
    1.88600004e+00 1.87699997e+00 1.87699997e+00 1.87699997e+00
    2.10299993e+00 2.95799994e+00 0. 1.93700004e+00 1.93700004e+00
    1.93700004e+00 1.93700004e+00 1.93700004e+00 1.93700004e+00
    1.93700004e+00 1.93700004e+00 1.93700004e+00 1.93700004e+00
    1.93700004e+00 1.92900002e+00 1.89400005e+00 1.87699997e+00
    1.87699997e+00 1.90100002e+00 1.92999995e+00 1.93400002e+00
    1.94799995e+00 1.98500001e+00 2. 2. 1.97300005e+00 1.94500005e+00
    1.94500005e+00 1.94299996e+00 1.93900001e+00 1.93700004e+00
    1.93700004e+00 1.93700004e+00 1.93700004e+00 1.93700004e+00
    1.92100000e+00 1.88600004e+00 1.87699997e+00 1.87699997e+00
    1.87699997e+00 1.91799998e+00 2.07299995e+00 2.14499998e+00
    1.93700004e+00 1.93700004e+00 1.93700004e+00 1.93700004e+00
    1.93700004e+00 1.93700004e+00 1.93700004e+00 1.93700004e+00
    1.93700004e+00 1.93700004e+00 1.93700004e+00 1.93200004e+00
    1.91299999e+00 1.90400004e+00 1.90400004e+00 1.91900003e+00
    1.93700004e+00 1.93700004e+00 1.94799995e+00 1.98500001e+00 2. 2.
    1.96899998e+00 1.93700004e+00 1.93700004e+00 1.94299996e+00
    1.96000004e+00 1.95500004e+00 1.93799996e+00 1.93700004e+00
    1.93700004e+00 1.93700004e+00 1.92100000e+00 1.88600004e+00
    1.87699997e+00 1.87699997e+00 1.87699997e+00 1.87699997e+00
