<?xml version="1.0"?>
<opencv_storage>
<Depth type_id="opencv-matrix">
  <rows>40</rows>
  <cols>40</cols>
  <dt>f</dt>
  <data>
    0. 0. 0. 0. 0. 0. 0. 0. 0. 0. 0. 0. 0. 0. 0. 0. 0. 0. 0. 0. 0. 0. 0.
    0. 0. 0. 0. 0. 0. 0. 0. 0. 0. 0. 0. 0. 0. 0. 0. 0. 0. 0. 0. 0. 0. 0.
    0. 0. 0. 0. 0. 0. 0. 0. 1.39600003e+00 1.99199998e+00 1.99100006e+00
    1.99100006e+00 1.98800004e+00 1.98800004e+00 1.53199995e+00 0. 0. 0.
    1.43700004e+00 2.65499997e+00 0. 0. 0. 0. 0. 0. 0. 0. 0. 0. 0. 0. 0.
    0. 0. 0. 0. 0. 0. 0. 0. 0. 0. 0. 0. 1.49199998e+00 1.57099998e+00
    1.99399996e+00 1.99300003e+00 1.99100006e+00 1.99100006e+00
    1.99100006e+00 1.98800004e+00 1.98800004e+00 1.99699998e+00 0. 0. 0.
    0. 0. 0. 0. 0. 0. 0. 0. 0. 0. 0. 0. 0. 0. 0. 0. 0. 0. 0. 0. 0. 0. 0.
    0. 0. 0. 2.00300002e+00 2. 1.99699998e+00 1.99399996e+00
    1.99199998e+00 1.99100006e+00 1.99100006e+00 1.99100006e+00
    1.98800004e+00 1.98800004e+00 1.98800004e+00 1.16499996e+00
    2.07999992e+00 0. 0. 0. 0. 0. 0. 0. 0. 0. 0. 0. 0. 0. 0. 0. 0. 0. 0.
    0. 0. 0. 0. 0. 0. 0. 0. 0. 2. 2. 1.99699998e+00 1.99699998e+00
    1.99100006e+00 1.99100006e+00 1.99100006e+00 1.99100006e+00
    1.98800004e+00 1.98800004e+00 1.99100006e+00 2.07699990e+00
    2.08100009e+00 2.11400008e+00 0. 0. 0. 0. 0. 0. 0. 0. 0. 0. 0. 0. 0.
    0. 0. 0. 0. 0. 0. 0. 0. 0. 0. 0. 0. 0. 2.00099993e+00 2. 2.
    1.99699998e+00 1.99399996e+00 1.99199998e+00 1.99100006e+00
    1.99100006e+00 1.99100006e+00 1.99100006e+00 1.98800004e+00
    2.02900004e+00 2.06800008e+00 1.59500003e+00 0. 0. 0. 0. 0. 0. 0. 0.
    0. 0. 0. 0. 0. 0. 0. 0. 0. 0. 0. 0. 0. 0. 0. 0. 0. 0. 2.00300002e+00
    2. 2. 1.99699998e+00 1.99600005e+00 1.99399996e+00 1.99100006e+00
    1.99100006e+00 1.99100006e+00 1.99100006e+00 1.99000001e+00
    2.02500010e+00 2.06500006e+00 2.11899996e+00 0. 0. 0. 0. 0. 0. 0. 0.
    0. 0. 0. 0. 0. 0. 0. 0. 0. 0. 0. 0. 0. 0. 0. 0. 0. 0. 1.86500001e+00
    2. 2. 1.99699998e+00 1.99699998e+00 1.99600005e+00 1.99399996e+00
    1.99100006e+00 1.99100006e+00 1.99100006e+00 1.99100006e+00
    2.00500011e+00 2.07299995e+00 2.10100007e+00 2.16300011e+00
    2.18300009e+00 0. 0. 0. 0. 0. 0. 0. 0. 0. 0. 0. 0. 0. 0. 0. 0. 0. 0.
    0. 0. 0. 0. 0. 0. 0. 2.00200009e+00 2. 2. 1.99500000e+00
    1.99600005e+00 1.99399996e+00 1.99100006e+00 1.99100006e+00
    1.99100006e+00 1.99300003e+00 2.00099993e+00 2.03900003e+00
    2.10800004e+00 2.17199993e+00 2.19099998e+00 0. 0. 0. 0. 0. 0. 0. 0.
    0. 0. 0. 0. 0. 0. 0. 0. 0. 0. 0. 0. 0. 0. 0. 0. 0. 2.00200009e+00 2.
    1.99800003e+00 1.99699998e+00 1.99899995e+00 1.99500000e+00
    1.99399996e+00 1.99100006e+00 1.99100006e+00 1.99100006e+00
    1.99800003e+00 2.03900003e+00 2.12199998e+00 2.13899994e+00
    2.18600011e+00 2.20600009e+00 0. 0. 0. 0. 0. 0. 0. 0. 0. 0. 0. 0. 0.
    0. 0. 0. 0. 0. 0. 0. 0. 0. 0. 0. 2.00300002e+00 2.00300002e+00
    2.00099993e+00 2. 1.99899995e+00 1.99699998e+00 1.99399996e+00
    1.99399996e+00 1.99100006e+00 1.99100006e+00 1.99100006e+00
    2.04500008e+00 2.11199999e+00 2.15000010e+00 2.18300009e+00
    2.20300007e+00 0. 0. 0. 0. 0. 0. 0. 0. 0. 0. 0. 0. 0. 0. 0. 0. 0. 0.
    0. 0. 0. 0. 0. 0. 2.00300002e+00 2.00300002e+00 2. 2. 2.
    1.99899995e+00 1.99800003e+00 1.99399996e+00 1.99399996e+00
    1.99300003e+00 1.99100006e+00 2.03699994e+00 2.07800007e+00
    2.13000011e+00 2.17199993e+00 1.93900001e+00 0. 0. 0. 0. 0. 0. 0. 0.
    0. 0. 0. 0. 0. 0. 0. 0. 0. 0. 0. 0. 0. 0. 0. 0. 2.00500011e+00
    2.00300002e+00 2.00099993e+00 2. 2. 1.99699998e+00 1.99699998e+00
    1.99399996e+00 1.99199998e+00 1.99399996e+00 1.99399996e+00
    2.03099990e+00 2.07699990e+00 2.12299991e+00 2.17700005e+00
    2.19499993e+00 0. 0. 0. 0. 0. 0. 0. 0. 0. 0. 0. 0. 0. 0. 0. 0. 0. 0.
    0. 0. 0. 0. 0. 0. 2.00300002e+00 2.00300002e+00 2.00300002e+00
    2.00099993e+00 2. 2. 1.99899995e+00 1.99699998e+00 1.99399996e+00
    1.99399996e+00 1.99399996e+00 2.02200007e+00 2.03999996e+00
    2.17199993e+00 2.18400002e+00 2.08400011e+00 2.34599996e+00 0. 0. 0.
    0. 0. 0. 0. 0. 0. 0. 0. 0. 0. 0. 0. 0. 0. 0. 0. 0. 0. 0. 0.
    1.77100003e+00 2.00300002e+00 2.00300002e+00 2.00200009e+00 2. 2.
    1.99899995e+00 1.99699998e+00 1.99399996e+00 1.99399996e+00
    1.99399996e+00 2.00099993e+00 2.03800011e+00 2.17000008e+00
    2.17799997e+00 1.95400000e+00 1.49199998e+00 0. 0. 0. 0. 0. 0. 0. 0.
    0. 0. 0. 0. 0. 0. 0. 0. 0. 0. 0. 0. 0. 0. 0. 1.49399996e+00
    2.00600004e+00 2.00300002e+00 2.00300002e+00 2.00300002e+00 2. 2.
    1.99699998e+00 1.99399996e+00 1.99500000e+00 1.99399996e+00
    1.99899995e+00 2.03800011e+00 2.12700009e+00 2.15799999e+00
    2.19499993e+00 1.42600000e+00 0. 0. 0. 0. 0. 0. 0. 0. 0. 0. 0. 0. 0.
    0. 0. 0. 0. 0. 0. 0. 0. 0. 0. 1.49199998e+00 2.00600004e+00
    2.00600004e+00 2.00300002e+00 2.00300002e+00 2. 2. 2. 1.99500000e+00
    1.99399996e+00 1.99699998e+00 2. 2.03500009e+00 2.11999989e+00
    2.12299991e+00 2.19400001e+00 0. 0. 0. 0. 0. 0. 0. 0. 0. 0. 0. 0. 0.
    0. 0. 0. 0. 0. 0. 0. 0. 0. 0. 0. 2.00300002e+00 2.00399995e+00
    2.00300002e+00 2.00300002e+00 2.00300002e+00 2.00099993e+00 2.
    1.99699998e+00 1.99699998e+00 1.99399996e+00 1.99399996e+00
    2.00099993e+00 2.02099991e+00 2.06999993e+00 2.13100004e+00
    2.19700003e+00 1.47200000e+00 0. 0. 0. 0. 0. 0. 0. 0. 0. 0. 0. 0. 0.
    0. 0. 0. 0. 0. 0. 0. 0. 0. 0. 0. 2.00300002e+00 2.00300002e+00
    2.00500011e+00 2.00300002e+00 2.00099993e+00 2. 2. 1.99699998e+00
    1.99699998e+00 2. 2.00300002e+00 2.03200006e+00 2.06399989e+00
    2.13400006e+00 2.18099999e+00 2.19300008e+00 0. 0. 0. 0. 0. 0. 0. 0.
    0. 0. 0. 0. 0. 0. 0. 0. 0. 0. 0. 0. 0. 0. 0. 0. 2.00600004e+00
    2.00600004e+00 2.00600004e+00 2.00300002e+00 2. 2. 2. 2.
    1.99800003e+00 1.99800003e+00 2.00099993e+00 2.01799989e+00
    2.06200004e+00 2.12199998e+00 2.17300010e+00 2.17400002e+00 0. 0. 0.
    0. 0. 0. 0. 0. 0. 0. 0. 0. 0. 0. 0. 0. 0. 0. 0. 0. 0. 0. 0. 0.
    1.15400004e+00 2.00600004e+00 2.00500011e+00 2.00300002e+00
    2.00200009e+00 2.00099993e+00 2. 2. 1.99500000e+00 1.99300003e+00
    1.99699998e+00 2.01399994e+00 2.04299998e+00 2.11299992e+00
    2.16499996e+00 2.19499993e+00 0. 0. 0. 0. 0. 0. 0. 0. 0. 0. 0. 0. 0.
    0. 0. 0. 0. 0. 0. 0. 0. 0. 0. 0. 1.15400004e+00 2.00699997e+00
    2.00500011e+00 2.00300002e+00 2.00300002e+00 2. 2. 2. 1.99600005e+00
    1.99199998e+00 1.99699998e+00 2.01099992e+00 2.04299998e+00
    2.10700011e+00 2.15599990e+00 2.19600010e+00 1.26900005e+00 0. 0. 0.
    0. 0. 0. 0. 0. 0. 0. 0. 0. 0. 0. 0. 0. 0. 0. 0. 0. 0. 0. 0.
    1.03100002e+00 2.00999999e+00 2.00699997e+00 2.00500011e+00
    2.00300002e+00 2. 2. 2. 2. 1.99699998e+00 1.99699998e+00
    2.00500011e+00 2.05299997e+00 2.05999994e+00 2.12599993e+00
    2.19899988e+00 1.98300004e+00 0. 0. 0. 0. 0. 0. 0. 0. 0. 0. 0. 0. 0.
    0. 0. 0. 0. 0. 0. 0. 0. 1.28600001e+00 0. 0. 2.01099992e+00
    2.00600004e+00 2.00500011e+00 2.00300002e+00 2. 2. 2.00200009e+00 2.
    1.99699998e+00 2. 2.00300002e+00 2.04299998e+00 2.06500006e+00
    2.12199998e+00 2.17899990e+00 2.19700003e+00 0. 0. 0. 0. 0. 0. 0. 0.
    0. 0. 0. 0. 0. 0. 0. 0. 0. 0. 0. 0. 0. 1.69000006e+00 0. 0.
    1.99300003e+00 2.00900006e+00 2.00600004e+00 2.00300002e+00
    2.00300002e+00 2.00300002e+00 2.00300002e+00 2. 2. 2.00099993e+00
    2.00099993e+00 2.03299999e+00 2.05999994e+00 2.13899994e+00
    2.17499995e+00 2.18600011e+00 0. 0. 0. 0. 0. 0. 0. 0. 0. 0. 0. 0. 0.
    0. 0. 0. 0. 0. 0. 0. 0. 0. 0. 0. 1.83000004e+00 2.01200008e+00
    2.00600004e+00 2.00300002e+00 2.00300002e+00 2.00300002e+00 2. 2. 2.
    2.00300002e+00 1.99600005e+00 2.03099990e+00 2.06299996e+00
    2.11400008e+00 2.19600010e+00 2.20000005e+00 0. 0. 0. 0. 0. 0. 0. 0.
    0. 0. 0. 0. 0. 0. 0. 0. 0. 0. 0. 0. 0. 0. 0. 0. 0. 2.01200008e+00
    2.00600004e+00 2.00600004e+00 2.00600004e+00 2.00600004e+00
    2.00300002e+00 2.00099993e+00 2. 2. 1.99699998e+00 2.01799989e+00
    2.05999994e+00 2.11299992e+00 2.15100002e+00 2.20199990e+00 0. 0. 0.
    0. 0. 0. 0. 0. 0. 0. 0. 0. 0. 0. 0. 0. 0. 0. 0. 0. 0. 0. 0. 0.
