<?xml version="1.0"?>
<opencv_storage>
<Depth type_id="opencv-matrix">
  <rows>40</rows>
  <cols>40</cols>
  <dt>f</dt>
  <data>
    0. 0. 0. 0. 0. 0. 0. 0. 0. 0. 0. 0. 0. 0. 0. 0. 0. 0. 0. 0. 0. 0. 0.
    0. 0. 0. 0. 0. 0. 0. 0. 0. 0. 0. 0. 0. 0. 0. 0. 0. 0. 0. 0. 0. 0. 0.
    0. 0. 0. 0. 0. 0. 0. 0. 0. 0. 0. 0. 0. 0. 0. 0. 0. 0. 0. 0. 0. 0. 0.
    0. 0. 0. 0. 0. 0. 0. 0. 0. 0. 0. 0. 0. 0. 0. 0. 0. 0. 0. 0. 0. 0. 0.
    0. 0. 0. 0. 0. 0. 0. 0. 0. 0. 0. 0. 0. 0. 0. 0. 0. 0. 0. 0. 0. 0. 0.
    0. 0. 0. 0. 0. 0. 0. 0. 0. 0. 0. 0. 0. 0. 0. 0. 0. 0. 0. 0. 0. 0. 0.
    0. 0. 0. 0. 0. 0. 0. 0. 0. 0. 0. 0. 0. 0. 0. 0. 0. 0. 0. 0. 0. 0. 0.
    0. 0. 0. 0. 0. 0. 0. 0. 0. 0. 0. 0. 0. 0. 0. 0. 0. 0. 0. 0. 0. 0. 0.
    0. 0. 0. 0. 0. 0. 0. 0. 0. 0. 0. 0. 0. 0. 0. 0. 0. 0. 0. 0. 0. 0. 0.
    0. 0. 0. 0. 0. 0. 0. 0. 0. 0. 0. 0. 0. 0. 0. 0. 0. 0. 0. 0. 0. 0. 0.
    0. 0. 0. 0. 0. 0. 0. 0. 0. 0. 0. 0. 0. 0. 0. 0. 0. 0. 0. 0. 0. 0. 0.
    0. 0. 0. 0. 0. 0. 0. 0. 0. 0. 0. 0. 0. 0. 0. 0. 0. 0. 0. 0. 0. 0. 0.
    0. 0. 0. 0. 0. 0. 0. 0. 0. 0. 0. 0. 0. 0. 0. 0. 0. 0. 0. 0. 0. 0. 0.
    0. 0. 0. 0. 0. 0. 0. 0. 0. 0. 0. 0. 0. 0. 0. 0. 0. 0. 0. 0. 0. 0. 0.
    0. 0. 0. 0. 0. 0. 0. 0. 0. 0. 0. 0. 0. 0. 0. 0. 0. 0. 0. 0. 0. 0. 0.
    0. 0. 0. 0. 0. 0. 0. 0. 0. 0. 0. 0. 0. 0. 0. 0. 0. 0. 0. 0. 0. 0. 0.
    0. 0. 0. 0. 0. 0. 0. 0. 0. 0. 0. 0. 0. 0. 0. 0. 0. 0. 0. 0. 0. 0. 0.
    0. 0. 0. 0. 0. 0. 0. 0. 0. 0. 0. 0. 0. 0. 0. 0. 0. 0. 0. 0. 0. 0. 0.
    0. 0. 0. 0. 0. 0. 0. 0. 0. 0. 0. 0. 0. 0. 0. 0. 0. 0. 0. 0. 0. 0. 0.
    0. 0. 0. 0. 0. 0. 0. 0. 0. 0. 0. 0. 0. 0. 0. 1.59200001e+00
    2.22900009e+00 2.22900009e+00 2.20499992e+00 2.15400004e+00
    2.10400009e+00 2.05399990e+00 2.00500011e+00 2. 2. 2. 2. 2. 2. 2. 2.
    2. 1.93200004e+00 1.83899999e+00 1.78699994e+00 0. 0. 0. 0. 0. 0. 0.
    0. 0. 0. 0. 0. 0. 0. 0. 0. 0. 0. 0. 0. 1.59200001e+00 2.22900009e+00
    2.22900009e+00 2.20499992e+00 2.15400004e+00 2.10500002e+00
    2.06299996e+00 2.02200007e+00 2.01099992e+00 2.00300002e+00 2. 2. 2.
    2. 2. 2. 2. 1.94299996e+00 1.86399996e+00 1.82000005e+00 0. 0. 0. 0.
    0. 0. 0. 0. 0. 0. 0. 0. 0. 0. 0. 0. 0. 0. 0. 0. 1.59200001e+00
    2.22900009e+00 2.22900009e+00 2.20499992e+00 2.15400004e+00
    2.10899997e+00 2.08899999e+00 2.06900001e+00 2.04099989e+00
    2.01200008e+00 2. 2. 2. 2. 2. 2. 2. 1.97200000e+00 1.93400002e+00
    1.91299999e+00 0. 0. 0. 0. 0. 0. 0. 0. 0. 0. 0. 0. 0. 0. 0. 0. 0. 0.
    0. 0. 1.59200001e+00 2.22900009e+00 2.22900009e+00 2.20499992e+00
    2.15400004e+00 2.11299992e+00 2.11100006e+00 2.10999990e+00
    2.06699991e+00 2.01900005e+00 2. 2. 2. 2. 2. 2. 2. 2.00099993e+00
    2.00200009e+00 2.00300002e+00 0. 0. 0. 0. 0. 0. 0. 0. 0. 0. 0. 0. 0.
    0. 0. 0. 0. 0. 0. 0. 1.59200001e+00 2.22900009e+00 2.22900009e+00
    2.20499992e+00 2.15400004e+00 2.10899997e+00 2.08599997e+00
    2.06299996e+00 2.03699994e+00 2.00999999e+00 2. 2. 2. 2. 2. 2. 2.
    2.01699996e+00 2.03999996e+00 2.05200005e+00 0. 0. 0. 0. 0. 0. 0. 0.
    0. 0. 0. 0. 0. 0. 0. 0. 0. 0. 0. 0. 1.59200001e+00 2.22900009e+00
    2.22900009e+00 2.20499992e+00 2.15400004e+00 2.10500002e+00
    2.05999994e+00 2.01600003e+00 2.00699997e+00 2.00200009e+00 2. 2. 2.
    2. 2. 2. 2. 2.03200006e+00 2.07699990e+00 2.10200000e+00 0. 0. 0. 0.
    0. 0. 0. 0. 0. 0. 0. 0. 0. 0. 0. 0. 0. 0. 0. 0. 1.81099999e+00
    2.22900009e+00 2.22900009e+00 2.20499992e+00 2.15400004e+00
    2.10400009e+00 2.05399990e+00 2.00500011e+00 2. 2. 2.00999999e+00
    2.02699995e+00 2.03800011e+00 2.03800011e+00 2.03800011e+00
    2.03800011e+00 2.03800011e+00 2.06200004e+00 2.09500003e+00
    2.11299992e+00 0. 0. 0. 0. 0. 0. 0. 0. 0. 0. 0. 0. 0. 0. 0. 0. 0. 0.
    0. 1.50300002e+00 2.09400010e+00 2.22900009e+00 2.22900009e+00
    2.20499992e+00 2.15400004e+00 2.10400009e+00 2.05399990e+00
    2.00500011e+00 2. 2. 2.02300000e+00 2.06100011e+00 2.08699989e+00
    2.08699989e+00 2.08699989e+00 2.08699989e+00 2.08699989e+00
    2.09599996e+00 2.10700011e+00 2.11299992e+00 0. 0. 0. 0. 0. 0. 0. 0.
    0. 0. 0. 0. 0. 0. 0. 2.32500005e+00 2.32500005e+00 2.32500005e+00
    2.32200003e+00 2.26900005e+00 2.21700001e+00 2.20499992e+00
    2.20499992e+00 2.18600011e+00 2.14599991e+00 2.10400009e+00
    2.05399990e+00 2.00500011e+00 2. 2. 2.02999997e+00 2.07900000e+00
    2.11299992e+00 2.11299992e+00 2.11299992e+00 2.11299992e+00
    2.11299992e+00 2.12899995e+00 2.15100002e+00 2.16300011e+00 0. 0. 0.
    0. 0. 0. 0. 0. 0. 0. 0. 0. 0. 0. 0. 2.27200007e+00 2.27200007e+00
    2.27200007e+00 2.26900005e+00 2.21700001e+00 2.16599989e+00
    2.15400004e+00 2.15400004e+00 2.14599991e+00 2.12800002e+00
    2.10400009e+00 2.05399990e+00 2.00500011e+00 2. 2. 2.02999997e+00
    2.07900000e+00 2.11299992e+00 2.11299992e+00 2.11299992e+00
    2.11299992e+00 2.11299992e+00 2.16199994e+00 2.22900009e+00
    2.26699996e+00 0. 0. 0. 0. 0. 0. 0. 0. 0. 0. 0. 0. 0. 0. 0.
    2.22900009e+00 2.22900009e+00 2.22900009e+00 2.22600007e+00
    2.17499995e+00 2.12500000e+00 2.10999990e+00 2.10599995e+00
    2.10400009e+00 2.10400009e+00 2.09500003e+00 2.04999995e+00
    2.00500011e+00 2. 2. 2.02999997e+00 2.07900000e+00 2.11299992e+00
    2.11299992e+00 2.11299992e+00 2.11700010e+00 2.12100005e+00
    2.20199990e+00 2.31100011e+00 2.37199998e+00 0. 0. 0. 0. 0. 0. 0. 0.
    0. 0. 0. 0. 0. 0. 0. 2.22900009e+00 2.22900009e+00 2.22900009e+00
    2.22600007e+00 2.17499995e+00 2.12500000e+00 2.09299994e+00
    2.06800008e+00 2.05399990e+00 2.05399990e+00 2.04999995e+00
    2.02600002e+00 2.00200009e+00 2. 2. 2.02999997e+00 2.07900000e+00
    2.11299992e+00 2.11299992e+00 2.11400008e+00 2.14000010e+00
    2.16599989e+00 2.27200007e+00 2.40799999e+00 2.48399997e+00 0. 0. 0.
    0. 0. 0. 0. 0. 0. 0. 0. 0. 0. 0. 0. 2.22900009e+00 2.22900009e+00
    2.22900009e+00 2.22600007e+00 2.17499995e+00 2.12500000e+00
    2.07699990e+00 2.02999997e+00 2.00500011e+00 2.00500011e+00
    2.00500011e+00 2.00200009e+00 2. 2. 2. 2.02999997e+00 2.07900000e+00
    2.11299992e+00 2.11299992e+00 2.11400008e+00 2.16199994e+00
    2.21099997e+00 2.34200001e+00 2.50399995e+00 2.59500003e+00 0. 0. 0.
    0. 0. 0. 0. 0. 0. 0. 0. 0. 0. 0. 0. 2.37700009e+00 2.35400009e+00
    2.28900003e+00 2.22600007e+00 2.17499995e+00 2.12500000e+00
    2.07500005e+00 2.02600002e+00 2. 2. 2.00399995e+00 2.02300000e+00
    2.04200006e+00 2.04399991e+00 2.04399991e+00 2.06200004e+00
    2.09200001e+00 2.11299992e+00 2.11299992e+00 2.11400008e+00
    2.16499996e+00 2.21499991e+00 2.34899998e+00 2.51399994e+00
    2.60700011e+00 0. 0. 0. 0. 0. 0. 0. 0. 0. 0. 0. 0. 0. 0. 0.
    2.54200006e+00 2.49300003e+00 2.35700011e+00 2.22600007e+00
    2.17499995e+00 2.12500000e+00 2.07500005e+00 2.02600002e+00 2. 2.
    2.00799990e+00 2.04800010e+00 2.08899999e+00 2.09400010e+00
    2.09400010e+00 2.09899998e+00 2.10700011e+00 2.11299992e+00
    2.11299992e+00 2.11400008e+00 2.16499996e+00 2.21499991e+00
    2.34899998e+00 2.51399994e+00 2.60700011e+00 0. 0. 0. 0. 0. 0. 0. 0.
    0. 0. 0. 0. 0. 0. 0. 2.60700011e+00 2.55900002e+00 2.42199993e+00
    2.28900003e+00 2.21000004e+00 2.13100004e+00 2.07500005e+00
    2.02600002e+00 2. 2. 2.00900006e+00 2.05900002e+00 2.10800004e+00
    2.11299992e+00 2.11299992e+00 2.12100005e+00 2.13400006e+00
    2.14400005e+00 2.14400005e+00 2.14599991e+00 2.25900006e+00
    2.37100005e+00 2.47900009e+00 2.58400011e+00 2.64299989e+00 0. 0. 0.
    0. 0. 0. 0. 0. 0. 0. 0. 0. 0. 0. 0. 2.60700011e+00 2.57500005e+00
    2.48600006e+00 2.39400005e+00 2.26799989e+00 2.14199996e+00
    2.07500005e+00 2.02600002e+00 2. 2. 2.00900006e+00 2.05900002e+00
    2.10800004e+00 2.11299992e+00 2.11299992e+00 2.13400006e+00
    2.17000008e+00 2.19400001e+00 2.19400001e+00 2.19899988e+00
    2.41400003e+00 2.63000011e+00 2.69199991e+00 2.69899988e+00
    2.70199990e+00 0. 0. 0. 0. 0. 0. 0. 0. 0. 0. 0. 0. 0. 0. 0.
    2.60700011e+00 2.58699989e+00 2.52999997e+00 2.46600008e+00
    2.30800009e+00 2.14899993e+00 2.07500005e+00 2.02600002e+00 2. 2.
    2.00900006e+00 2.05900002e+00 2.10800004e+00 2.11299992e+00
