<?xml version="1.0"?>
<opencv_storage>
<Depth type_id="opencv-matrix">
  <rows>40</rows>
  <cols>40</cols>
  <dt>f</dt>
  <data>
    0. 0. 0. 0. 0. 0. 0. 0. 0. 0. 0. 0. 0. 0. 0. 0. 0. 0. 0. 0. 0. 0. 0.
    0. 0. 0. 0. 0. 0. 0. 0. 0. 0. 0. 0. 0. 0. 0. 0. 0. 0. 0. 0. 0. 0. 0.
    0. 0. 0. 0. 0. 0. 0. 0. 0. 0. 0. 0. 0. 0. 0. 0. 0. 0. 0. 0. 0. 0. 0.
    0. 0. 0. 0. 0. 0. 0. 0. 0. 0. 0. 0. 0. 0. 0. 0. 0. 0. 0. 0. 0. 0. 0.
    0. 0. 0. 0. 0. 0. 0. 0. 0. 0. 0. 0. 0. 0. 0. 0. 0. 0. 0. 0. 0. 0. 0.
    0. 0. 0. 0. 0. 0. 0. 0. 0. 0. 0. 0. 0. 0. 0. 0. 0. 0. 0. 0. 0. 0. 0.
    0. 0. 0. 0. 0. 0. 0. 0. 0. 0. 0. 0. 0. 0. 0. 0. 0. 0. 0. 0. 0. 0. 0.
    0. 0. 0. 0. 0. 0. 0. 0. 0. 0. 0. 0. 0. 0. 0. 0. 0. 0. 0. 0. 0. 0. 0.
    0. 0. 0. 0. 0. 0. 0. 0. 0. 0. 0. 0. 0. 0. 0. 0. 0. 0. 0. 0. 0. 0. 0.
    0. 0. 0. 0. 0. 0. 0. 0. 0. 0. 0. 0. 0. 0. 0. 0. 0. 0. 0. 0. 0. 0. 0.
    0. 0. 0. 0. 0. 0. 0. 0. 0. 0. 0. 0. 0. 0. 0. 0. 0. 0. 0. 0. 0. 0. 0.
    0. 0. 0. 0. 0. 0. 0. 0. 0. 0. 0. 0. 0. 0. 0. 0. 0. 0. 0. 0. 0. 0. 0.
    0. 0. 0. 0. 0. 0. 0. 0. 0. 0. 0. 2. 2. 2. 2. 2. 2. 2. 2.03900003e+00
    2.09699988e+00 2.15599990e+00 2.16000009e+00 2.16000009e+00
    2.16000009e+00 2.16000009e+00 2.16000009e+00 2.16000009e+00
    2.16000009e+00 2.16000009e+00 2.11700010e+00 2.05900002e+00 2. 2. 2.
    2. 2. 0. 0. 0. 0. 0. 0. 0. 0. 0. 0. 0. 0. 0. 0. 0. 2. 2. 2. 2. 2. 2.
    2. 2.03900003e+00 2.09699988e+00 2.15599990e+00 2.16000009e+00
    2.16000009e+00 2.16000009e+00 2.16000009e+00 2.16000009e+00
    2.15899992e+00 2.15599990e+00 2.15300012e+00 2.11199999e+00
    2.05599999e+00 2. 1.99699998e+00 1.99500000e+00 1.99300003e+00
    1.99300003e+00 0. 0. 0. 0. 0. 0. 0. 0. 0. 0. 0. 0. 0. 0. 0. 2. 2. 2.
    2. 2. 2. 2. 2.03900003e+00 2.09699988e+00 2.15599990e+00
    2.16000009e+00 2.16000009e+00 2.16000009e+00 2.16000009e+00
    2.16000009e+00 2.14899993e+00 2.12400007e+00 2.09999990e+00
    2.06900001e+00 2.03399992e+00 2. 1.97700000e+00 1.95299995e+00
    1.93599999e+00 1.93599999e+00 0. 0. 0. 0. 0. 0. 0. 0. 0. 0. 0. 0. 0.
    0. 0. 2. 2. 2. 2. 2. 2. 2. 2.03900003e+00 2.09699988e+00
    2.15599990e+00 2.16000009e+00 2.16000009e+00 2.16000009e+00
    2.16000009e+00 2.16000009e+00 2.13899994e+00 2.09299994e+00
    2.04699993e+00 2.02600002e+00 2.01300001e+00 2. 1.95599997e+00
    1.91199994e+00 1.88000000e+00 1.88000000e+00 0. 0. 0. 0. 0. 0. 0. 0.
    0. 0. 0. 0. 0. 0. 0. 2. 2. 2. 2. 2. 2. 2. 2.03299999e+00
    2.08299994e+00 2.13299990e+00 2.13700008e+00 2.13700008e+00
    2.13700008e+00 2.13700008e+00 2.13700008e+00 2.10999990e+00
    2.05100012e+00 1.99300003e+00 1.97800004e+00 1.97800004e+00
    1.97800004e+00 1.92999995e+00 1.88100004e+00 1.84599996e+00
    1.84599996e+00 0. 0. 0. 0. 0. 0. 0. 0. 0. 0. 0. 0. 0. 0. 0. 2. 2. 2.
    2. 2. 2. 2. 2.01900005e+00 2.04800010e+00 2.07599998e+00
    2.07800007e+00 2.07800007e+00 2.07800007e+00 2.07800007e+00
    2.07800007e+00 2.05100012e+00 1.99399996e+00 1.93700004e+00
    1.92100000e+00 1.92100000e+00 1.92100000e+00 1.89400005e+00
    1.86600006e+00 1.84599996e+00 1.84599996e+00 0. 0. 0. 0. 0. 0. 0. 0.
    0. 0. 0. 0. 0. 0. 0. 2. 2. 2. 2. 2. 2. 2. 2.00500011e+00
    2.01200008e+00 2.01900005e+00 2.01999998e+00 2.01999998e+00
    2.01999998e+00 2.01999998e+00 2.01999998e+00 1.99300003e+00
    1.93700004e+00 1.88000000e+00 1.86500001e+00 1.86500001e+00
    1.86500001e+00 1.85800004e+00 1.85099995e+00 1.84599996e+00
    1.84599996e+00 0. 0. 0. 0. 0. 0. 0. 0. 0. 0. 0. 0. 0. 0. 0. 2.
    1.99800003e+00 1.98399997e+00 1.97099996e+00 1.96300006e+00
    1.96300006e+00 1.96300006e+00 1.97200000e+00 1.98500001e+00
    1.99899995e+00 2. 2. 2. 2. 2. 1.97399998e+00 1.91799998e+00
    1.86099994e+00 1.84599996e+00 1.84599996e+00 1.84599996e+00
    1.83299994e+00 1.82000005e+00 1.80999994e+00 1.80999994e+00 0. 0. 0.
    0. 0. 0. 0. 0. 0. 0. 0. 0. 0. 0. 0. 2. 1.99500000e+00 1.96099997e+00
    1.92700005e+00 1.90600002e+00 1.90600002e+00 1.90600002e+00
    1.92900002e+00 1.96300006e+00 1.99800003e+00 2. 2. 2. 2. 2.
    1.97399998e+00 1.91799998e+00 1.86099994e+00 1.84599996e+00
    1.84599996e+00 1.84599996e+00 1.81299996e+00 1.77999997e+00
    1.75600004e+00 1.75600004e+00 0. 0. 0. 0. 0. 0. 0. 0. 0. 0. 0. 0. 0.
    0. 0. 2. 1.99300003e+00 1.93799996e+00 1.88300002e+00 1.85000002e+00
    1.85000002e+00 1.85000002e+00 1.88600004e+00 1.94099998e+00
    1.99600005e+00 2. 2. 2. 2. 2. 1.97399998e+00 1.91799998e+00
    1.86099994e+00 1.84599996e+00 1.84599996e+00 1.84599996e+00
    1.79299998e+00 1.74100006e+00 1.70200002e+00 1.70200002e+00 0. 0. 0.
    0. 0. 0. 0. 0. 0. 0. 0. 0. 0. 0. 0. 2. 1.99300003e+00 1.93599999e+00
    1.88000000e+00 1.84599996e+00 1.84599996e+00 1.84599996e+00
    1.88300002e+00 1.94000006e+00 1.99600005e+00 2. 2. 2. 2. 2.
    1.98300004e+00 1.94599998e+00 1.90799999e+00 1.88399994e+00
    1.86500001e+00 1.84599996e+00 1.77499998e+00 1.70299995e+00
    1.64999998e+00 1.64999998e+00 0. 0. 0. 0. 0. 0. 0. 0. 0. 0. 0. 0. 0.
    0. 0. 2. 1.99300003e+00 1.93599999e+00 1.88000000e+00 1.84599996e+00
    1.84599996e+00 1.84599996e+00 1.88300002e+00 1.94000006e+00
    1.99600005e+00 2. 2. 2. 2. 2. 1.99199998e+00 1.97599995e+00
    1.95899999e+00 1.92600000e+00 1.88600004e+00 1.84599996e+00
    1.75600004e+00 1.66499996e+00 1.59800005e+00 1.59800005e+00 0. 0. 0.
    0. 0. 0. 0. 0. 0. 0. 0. 0. 0. 0. 0. 2. 1.99300003e+00 1.94099998e+00
    1.88900006e+00 1.85599995e+00 1.85099995e+00 1.84700000e+00
    1.88100004e+00 1.93299997e+00 1.98500001e+00 1.99300003e+00
    1.99699998e+00 2. 2. 2. 2. 2. 2. 1.95899999e+00 1.90300000e+00
    1.84599996e+00 1.74100006e+00 1.63499999e+00 1.55700004e+00
    1.55700004e+00 0. 0. 0. 0. 0. 0. 0. 0. 0. 0. 0. 0. 0. 0. 0. 2.
    1.99600005e+00 1.96399999e+00 1.93200004e+00 1.90400004e+00
    1.87899995e+00 1.85399997e+00 1.86699998e+00 1.89900005e+00
    1.92999995e+00 1.95599997e+00 1.98000002e+00 2. 2. 2. 2. 2. 2.
    1.95899999e+00 1.90300000e+00 1.84599996e+00 1.74100006e+00
    1.63499999e+00 1.55700004e+00 1.55700004e+00 0. 0. 0. 0. 0. 0. 0. 0.
    0. 0. 0. 0. 0. 0. 0. 2. 1.99899995e+00 1.98699999e+00 1.97599995e+00
    1.95200002e+00 1.90600002e+00 1.86099994e+00 1.85300004e+00
    1.86399996e+00 1.87500000e+00 1.91799998e+00 1.96399999e+00 2. 2. 2.
    2. 2. 2. 1.95899999e+00 1.90300000e+00 1.84599996e+00 1.74100006e+00
    1.63499999e+00 1.55700004e+00 1.55700004e+00 0. 0. 0. 0. 0. 0. 0. 0.
    0. 0. 0. 0. 0. 0. 0. 1.97399998e+00 1.97500002e+00 1.98500001e+00
    1.99399996e+00 1.97800004e+00 1.92100000e+00 1.86500001e+00
    1.84599996e+00 1.84599996e+00 1.84599996e+00 1.89800000e+00
    1.95500004e+00 2.00399995e+00 2.02399993e+00 2.04500008e+00
    2.05100012e+00 2.03999996e+00 2.02999997e+00 1.98599994e+00
    1.92900002e+00 1.87199998e+00 1.77499998e+00 1.67799997e+00
    1.60599995e+00 1.60599995e+00 0. 0. 0. 0. 0. 0. 0. 0. 0. 0. 0. 0. 0.
    0. 0. 1.91799998e+00 1.92200005e+00 1.95200002e+00 1.98199999e+00
    1.97800004e+00 1.92100000e+00 1.86500001e+00 1.84599996e+00
    1.84599996e+00 1.84599996e+00 1.89800000e+00 1.95500004e+00
    2.01300001e+00 2.07699990e+00 2.14100003e+00 2.16000009e+00
    2.12700009e+00 2.09500003e+00 2.04399991e+00 1.98599994e+00
    1.92900002e+00 1.84899998e+00 1.76999998e+00 1.71200001e+00
    1.71200001e+00 0. 0. 0. 0. 0. 0. 0. 0. 0. 0. 0. 0. 0. 0. 0.
    1.86099994e+00 1.86800003e+00 1.91900003e+00 1.96899998e+00
    1.97800004e+00 1.92100000e+00 1.86500001e+00 1.84599996e+00
    1.84599996e+00 1.84599996e+00 1.89800000e+00 1.95500004e+00
    2.02099991e+00 2.13000011e+00 2.23799992e+00 2.26999998e+00
    2.21499991e+00 2.15899992e+00 2.10200000e+00 2.04299998e+00
    1.98500001e+00 1.92400002e+00 1.86300004e+00 1.81799996e+00
    1.81799996e+00 0. 0. 0. 0. 0. 0. 0. 0. 0. 0. 0. 0. 0. 0. 0.
    1.84599996e+00 1.85300004e+00 1.90999997e+00 1.96599996e+00
    1.98399997e+00 1.94200003e+00 1.90100002e+00 1.88699996e+00
    1.88699996e+00 1.88699996e+00 1.91199994e+00 1.93799996e+00
    1.97599995e+00 2.06399989e+00 2.15199995e+00 2.19300008e+00
