<?xml version="1.0"?>
<opencv_storage>
<Depth type_id="opencv-matrix">
  <rows>40</rows>
  <cols>40</cols>
  <dt>f</dt>
  <data>
    0. 0. 0. 0. 0. 0. 0. 0. 0. 0. 0. 0. 0. 0. 0. 0. 0. 0. 0. 0. 0. 0. 0.
    0. 0. 0. 0. 0. 0. 0. 0. 0. 0. 0. 0. 0. 0. 0. 0. 0. 0. 0. 0. 0. 0. 0.
    0. 0. 0. 0. 0. 0. 0. 0. 0. 0. 0. 0. 0. 0. 0. 0. 0. 0. 0. 0. 0. 0. 0.
    0. 0. 0. 0. 0. 0. 0. 0. 0. 0. 0. 0. 0. 0. 0. 0. 0. 0. 0. 0. 0. 0. 0.
    0. 0. 0. 0. 0. 0. 0. 0. 0. 0. 0. 0. 0. 0. 0. 0. 0. 0. 0. 0. 0. 0. 0.
    0. 0. 0. 0. 0. 0. 0. 0. 0. 0. 0. 0. 0. 0. 0. 0. 0. 0. 0. 0. 0. 0. 0.
    0. 0. 0. 0. 0. 0. 0. 0. 0. 0. 0. 0. 0. 0. 0. 0. 0. 0. 0. 0. 0. 0. 0.
    0. 0. 0. 0. 0. 0. 0. 0. 0. 0. 0. 0. 0. 0. 0. 0. 0. 0. 0. 0. 0. 0. 0.
    0. 0. 0. 0. 0. 0. 0. 0. 0. 0. 0. 0. 0. 0. 0. 0. 0. 0. 0. 0. 0. 0. 0.
    0. 0. 0. 0. 0. 0. 0. 0. 0. 0. 0. 0. 0. 0. 0. 0. 0. 0. 0. 0. 0. 0. 0.
    0. 0. 0. 0. 0. 0. 0. 0. 0. 0. 0. 0. 0. 0. 0. 0. 0. 0. 0. 0. 0. 0. 0.
    0. 0. 0. 0. 0. 0. 0. 0. 0. 0. 0. 0. 0. 0. 0. 0. 0. 0. 0. 0. 0. 0. 0.
    0. 0. 0. 0. 0. 0. 0. 0. 0. 0. 0. 0. 0. 0. 0. 0. 0. 0. 0. 0. 0. 0. 0.
    0. 0. 0. 0. 0. 0. 0. 0. 0. 0. 0. 0. 0. 0. 0. 0. 0. 0. 0. 0. 0. 0. 0.
    0. 0. 0. 0. 0. 0. 0. 0. 0. 0. 0. 0. 0. 0. 0. 0. 0. 0. 0. 0. 0. 0. 0.
    0. 0. 0. 0. 0. 0. 0. 0. 0. 0. 0. 0. 0. 0. 0. 0. 0. 0. 0. 0. 0. 0. 0.
    0. 0. 0. 0. 0. 0. 0. 0. 0. 0. 0. 0. 0. 0. 0. 0. 0. 0. 0. 0. 0. 0. 0.
    0. 0. 0. 0. 0. 0. 0. 0. 0. 0. 0. 0. 0. 0. 0. 0. 0. 0. 0. 0. 0. 0. 0.
    0. 0. 0. 0. 0. 0. 0. 0. 0. 0. 0. 0. 0. 0. 0. 0. 0. 0. 0. 0. 0. 0. 0.
    0. 0. 0. 0. 0. 0. 0. 0. 0. 0. 0. 0. 0. 0. 0. 0. 0. 0. 0. 0. 0. 0. 0.
    0. 0. 0. 0. 0. 0. 0. 0. 0. 0. 0. 0. 0. 0. 0. 0. 0. 0. 0. 0. 0. 0. 0.
    0. 0. 0. 0. 0. 0. 0. 0. 0. 0. 0. 0. 0. 0. 0. 0. 0. 0. 0. 0. 0. 0. 0.
    0. 0. 0. 0. 0. 0. 0. 0. 0. 0. 0. 0. 0. 0. 0. 0. 0. 0. 0. 0. 0. 0. 0.
    0. 0. 0. 0. 0. 0. 0. 0. 0. 0. 0. 0. 0. 0. 0. 0. 0. 0. 0. 0. 0. 0. 0.
    0. 0. 0. 0. 0. 0. 0. 0. 0. 0. 1.47500002e+00 1.47500002e+00
    1.47500002e+00 1.47500002e+00 1.47500002e+00 1.51199996e+00
    1.88499999e+00 2.03299999e+00 2. 2. 2. 2. 2. 2. 2. 2. 2. 2. 2.
    1.98699999e+00 1.92299998e+00 1.86199999e+00 1.80900002e+00
    1.80900002e+00 1.80900002e+00 1.80999994e+00 1.84000003e+00
    1.87000000e+00 1.89999998e+00 1.84500003e+00 1.80900002e+00
    1.80900002e+00 1.83500004e+00 1.85500002e+00 1.85500002e+00 0. 0. 0.
    0. 0. 1.47500002e+00 1.47500002e+00 1.47500002e+00 1.47500002e+00
    1.61899996e+00 1.83700001e+00 1.98500001e+00 2.04099989e+00
    2.02399993e+00 2.00799990e+00 2. 2. 2. 2. 2. 2. 2. 2. 2.
    1.98699999e+00 1.92299998e+00 1.87100005e+00 1.83099997e+00
    1.83099997e+00 1.83099997e+00 1.83099997e+00 1.84700000e+00
    1.86300004e+00 1.87899995e+00 1.85000002e+00 1.83099997e+00
    1.83099997e+00 1.84399998e+00 1.85000002e+00 1.83599997e+00 0. 0. 0.
    0. 0. 1.47500002e+00 1.47500002e+00 1.48399997e+00 1.53299999e+00
    1.81900001e+00 2.18799996e+00 2.09299994e+00 2.05100012e+00
    2.05100012e+00 2.01799989e+00 2. 2. 2. 2. 2. 2. 2. 2. 2.
    1.98800004e+00 1.93200004e+00 1.89300001e+00 1.86600006e+00
    1.86199999e+00 1.85899997e+00 1.85500002e+00 1.85500002e+00
    1.85500002e+00 1.85500002e+00 1.85500002e+00 1.85500002e+00
    1.85500002e+00 1.85500002e+00 1.84500003e+00 1.81599998e+00 0. 0. 0.
    0. 0. 1.47500002e+00 1.47500002e+00 1.53299999e+00 1.84500003e+00
    2.02699995e+00 2.12199998e+00 2.07299995e+00 2.05100012e+00
    2.05100012e+00 2.01799989e+00 2. 2. 2. 2. 2. 2. 2. 2. 2.
    1.99699998e+00 1.98199999e+00 1.95599997e+00 1.92499995e+00
    1.90100002e+00 1.87800002e+00 1.85500002e+00 1.85500002e+00
    1.85500002e+00 1.85500002e+00 1.85500002e+00 1.85500002e+00
    1.85500002e+00 1.85500002e+00 1.84500003e+00 1.81599998e+00 0. 0. 0.
    0. 0. 1.75800002e+00 1.74800003e+00 1.77699995e+00 2.00099993e+00
    2.08100009e+00 2.07900000e+00 2.05999994e+00 2.05100012e+00
    2.05100012e+00 2.01799989e+00 2. 2. 2. 2. 2. 2. 2. 2. 2. 2. 2.
    1.97800004e+00 1.94599998e+00 1.91499996e+00 1.88399994e+00
    1.85500002e+00 1.85500002e+00 1.85500002e+00 1.85500002e+00
    1.85500002e+00 1.85500002e+00 1.85500002e+00 1.85500002e+00
    1.84500003e+00 1.81599998e+00 0. 0. 0. 0. 0. 2.15599990e+00
    2.13100004e+00 2.09599996e+00 2.06299996e+00 2.05100012e+00
    2.05100012e+00 2.05100012e+00 2.05100012e+00 2.05100012e+00
    2.01999998e+00 2.00300002e+00 2.00300002e+00 2.00300002e+00
    2.00300002e+00 2.00300002e+00 2.00099993e+00 2. 2. 2. 2. 2.
    1.97800004e+00 1.94599998e+00 1.91499996e+00 1.88499999e+00
    1.85800004e+00 1.85599995e+00 1.85500002e+00 1.85500002e+00
    1.85300004e+00 1.85200000e+00 1.85200000e+00 1.85200000e+00
    1.84300005e+00 1.81500006e+00 0. 0. 0. 0. 0. 2.15599990e+00
    2.13100004e+00 2.09599996e+00 2.06299996e+00 2.05100012e+00
    2.05100012e+00 2.05100012e+00 2.05100012e+00 2.05100012e+00
    2.04099989e+00 2.03600001e+00 2.03600001e+00 2.03600001e+00
    2.03600001e+00 2.03600001e+00 2.01699996e+00 2. 2. 2. 2. 2.
    1.97800004e+00 1.94599998e+00 1.91499996e+00 1.89699996e+00
    1.88800001e+00 1.86600006e+00 1.85500002e+00 1.85500002e+00
    1.83500004e+00 1.82200003e+00 1.82200003e+00 1.82200003e+00
    1.82000005e+00 1.81099999e+00 0. 0. 0. 0. 0. 2.17499995e+00
    2.15000010e+00 2.11500001e+00 2.08100009e+00 2.06200004e+00
    2.05100012e+00 2.05100012e+00 2.05100012e+00 2.05100012e+00
    2.05100012e+00 2.05100012e+00 2.05100012e+00 2.05100012e+00
    2.05100012e+00 2.05100012e+00 2.03299999e+00 2.01500010e+00
    2.00300002e+00 1.99100006e+00 1.98199999e+00 1.98199999e+00
    1.96800005e+00 1.94599998e+00 1.91499996e+00 1.90199995e+00
    1.90100002e+00 1.87000000e+00 1.85500002e+00 1.85500002e+00
    1.82700002e+00 1.80900002e+00 1.80900002e+00 1.80900002e+00
    1.80599999e+00 1.79499996e+00 0. 0. 0. 0. 0. 2.20900011e+00
    2.18300009e+00 2.14899993e+00 2.11400008e+00 2.08100009e+00
    2.05100012e+00 2.05100012e+00 2.05100012e+00 2.05100012e+00
    2.05100012e+00 2.05100012e+00 2.05100012e+00 2.05100012e+00
    2.05100012e+00 2.05100012e+00 2.05100012e+00 2.04099989e+00
    2.00799990e+00 1.97599995e+00 1.95000005e+00 1.95000005e+00
    1.95000005e+00 1.94599998e+00 1.91499996e+00 1.90300000e+00
    1.90199995e+00 1.87100005e+00 1.85500002e+00 1.85500002e+00
    1.82700002e+00 1.80900002e+00 1.80900002e+00 1.80799997e+00
    1.79700005e+00 1.76800001e+00 0. 0. 0. 0. 0. 2.10599995e+00
    2.09699988e+00 2.08500004e+00 2.07299995e+00 2.06100011e+00
    2.04900002e+00 2.02699995e+00 2.01799989e+00 2.01799989e+00
    2.01799989e+00 2.02800012e+00 2.04900002e+00 2.05100012e+00
    2.05100012e+00 2.05100012e+00 2.05100012e+00 2.04099989e+00
    2.00799990e+00 1.97599995e+00 1.95000005e+00 1.95000005e+00
    1.95000005e+00 1.94900000e+00 1.93799996e+00 1.94599998e+00
    1.96399999e+00 1.91199994e+00 1.87600005e+00 1.85599995e+00
    1.84500003e+00 1.83899999e+00 1.83899999e+00 1.71399999e+00
    1.61199999e+00 1.60200000e+00 0. 0. 0. 0. 0. 1.91199994e+00
    1.97000003e+00 2.03699994e+00 2.04699993e+00 2.05100012e+00
    2.04800010e+00 2.01500010e+00 2. 2. 2. 2.01500010e+00 2.04900002e+00
    2.05100012e+00 2.05100012e+00 2.05100012e+00 2.05100012e+00
    2.04099989e+00 2.00799990e+00 1.97599995e+00 1.95000005e+00
    1.95000005e+00 1.95000005e+00 1.95000005e+00 1.95000005e+00
    1.96899998e+00 1.96899998e+00 1.11000001e+00 0. 0. 0. 0. 0.
    1.13000000e+00 1.51400006e+00 1.51400006e+00 0. 0. 0. 0. 0.
    1.61500001e+00 1.79799998e+00 2.00799990e+00 2.03999996e+00
    2.05100012e+00 2.04800010e+00 2.01500010e+00 2. 2. 2. 2.01500010e+00
    2.04900002e+00 2.05100012e+00 2.05100012e+00 2.05100012e+00
    2.05100012e+00 2.04099989e+00 2.00799990e+00 1.97599995e+00
    1.95000005e+00 1.95000005e+00 1.95000005e+00 1.95000005e+00
    1.95000005e+00 1.96899998e+00 1.90699995e+00 0. 0. 0. 0. 0. 0. 0.
    1.51400006e+00 1.51400006e+00 0. 0. 0. 0. 0. 0. 0. 0. 0. 0. 0. 0. 0.
    0. 0. 0. 0. 0. 0. 0. 0. 0. 0. 0. 0. 0. 0. 0. 0. 0. 0. 0. 0. 0. 0. 0.
