<?xml version="1.0"?>
<opencv_storage>
<Depth type_id="opencv-matrix">
  <rows>40</rows>
  <cols>40</cols>
  <dt>f</dt>
  <data>
    0. 0. 0. 0. 0. 0. 0. 0. 0. 0. 0. 0. 0. 0. 0. 0. 0. 0. 0. 0. 0. 0. 0.
    0. 0. 0. 0. 0. 0. 0. 0. 0. 0. 0. 0. 0. 0. 0. 0. 0. 0. 0. 0. 0. 0. 0.
    0. 0. 0. 0. 0. 0. 0. 0. 0. 0. 0. 0. 0. 0. 0. 0. 0. 0. 0. 0. 0. 0. 0.
    0. 0. 0. 0. 0. 0. 0. 0. 0. 0. 0. 0. 0. 0. 0. 0. 0. 0. 0. 0. 0. 0. 0.
    0. 0. 0. 0. 0. 0. 0. 0. 0. 0. 0. 0. 0. 0. 0. 0. 0. 0. 0. 0. 0. 0. 0.
    0. 0. 0. 0. 0. 0. 0. 0. 0. 0. 0. 0. 0. 0. 0. 0. 0. 0. 0. 0. 0. 0. 0.
    0. 0. 0. 0. 0. 0. 0. 0. 0. 0. 0. 0. 0. 0. 0. 0. 0. 0. 0. 0. 0. 0. 0.
    0. 0. 0. 0. 0. 0. 0. 0. 0. 0. 0. 0. 0. 0. 0. 0. 0. 0. 0. 0. 0. 0. 0.
    0. 0. 0. 0. 0. 0. 0. 0. 0. 0. 0. 0. 0. 0. 0. 0. 0. 0. 0. 0. 0. 0. 0.
    0. 0. 0. 0. 0. 0. 0. 0. 0. 0. 0. 0. 0. 0. 0. 0. 0. 0. 0. 0. 0. 0. 0.
    0. 0. 0. 0. 0. 0. 0. 0. 0. 0. 0. 0. 0. 0. 0. 0. 0. 0. 0. 0. 0. 0. 0.
    0. 0. 0. 0. 0. 0. 0. 0. 0. 0. 0. 0. 0. 0. 0. 0. 0. 0. 0. 0. 0. 0. 0.
    0. 0. 0. 0. 0. 0. 0. 0. 0. 0. 0. 0. 0. 0. 0. 0. 0. 0. 0. 0. 0. 0. 0.
    0. 0. 0. 0. 0. 0. 0. 0. 0. 0. 0. 0. 0. 0. 0. 0. 0. 0. 0. 0. 0. 0. 0.
    0. 0. 0. 0. 0. 0. 0. 0. 0. 0. 0. 0. 0. 0. 0. 0. 0. 0. 0. 0. 0. 0. 0.
    0. 0. 0. 0. 0. 0. 0. 0. 0. 0. 0. 0. 0. 0. 0. 0. 0. 0. 0. 0. 0. 0. 0.
    0. 0. 0. 0. 0. 0. 0. 0. 0. 0. 0. 0. 0. 0. 0. 0. 0. 0. 0. 0. 0. 0. 0.
    0. 0. 0. 0. 0. 0. 0. 0. 0. 0. 0. 0. 0. 0. 0. 0. 0. 0. 0. 0. 0. 0. 0.
    0. 0. 0. 0. 0. 0. 0. 0. 0. 0. 0. 0. 0. 0. 0. 0. 0. 0. 0. 0. 0. 0. 0.
    0. 0. 0. 0. 0. 0. 0. 0. 0. 0. 0. 0. 0. 1.85399997e+00 1.86000001e+00
    1.88199997e+00 1.90100002e+00 1.91999996e+00 1.94299996e+00
    1.96399999e+00 1.98199999e+00 1.09500003e+00 0. 0. 1.88800001e+00
    2.07399988e+00 2.09200001e+00 2.11400008e+00 2.14400005e+00
    2.18199992e+00 2.20799994e+00 2.22099996e+00 0. 0. 0. 0. 0. 0. 0. 0.
    0. 0. 0. 0. 0. 0. 0. 0. 0. 0. 0. 0. 0. 1.84200001e+00 1.85200000e+00
    1.86899996e+00 1.89100003e+00 1.91299999e+00 1.93299997e+00
    1.95099998e+00 1.98199999e+00 1.99800003e+00 1.32299995e+00
    1.65799999e+00 2.05100012e+00 2.06999993e+00 2.09400010e+00
    2.11100006e+00 2.16400003e+00 2.19799995e+00 2.21300006e+00
    2.23099995e+00 1.10000002e+00 0. 0. 0. 0. 0. 0. 0. 0. 0. 0. 0. 0. 0.
    0. 0. 0. 0. 0. 0. 0. 1.26699996e+00 1.84099996e+00 1.86600006e+00
    1.87800002e+00 1.89999998e+00 1.91100001e+00 1.91900003e+00
    1.99899995e+00 1.99899995e+00 2.00999999e+00 2.02099991e+00
    2.04200006e+00 2.06800008e+00 2.10999990e+00 2.12400007e+00
    2.14000010e+00 2.20499992e+00 2.21199989e+00 2.23099995e+00
    1.68799996e+00 0. 0. 0. 0. 0. 0. 0. 0. 0. 0. 0. 0. 0. 0. 0. 0. 0. 0.
    0. 0. 1.27400005e+00 1.87399995e+00 1.87399995e+00 1.88300002e+00
    1.90499997e+00 1.91100001e+00 1.92600000e+00 1.97300005e+00
    1.98500001e+00 2. 2.01799989e+00 2.04099989e+00 2.06399989e+00
    2.10100007e+00 2.12400007e+00 2.14000010e+00 2.17000008e+00
    2.19499993e+00 2.22499990e+00 2.23699999e+00 0. 0. 0. 0. 0. 0. 0. 0.
    0. 0. 0. 0. 0. 0. 0. 0. 0. 0. 0. 0. 1.27400005e+00 1.87399995e+00
    1.87500000e+00 1.88800001e+00 1.90900004e+00 1.91999996e+00
    1.93499994e+00 1.96200001e+00 1.97599995e+00 2. 2.01600003e+00
    2.03200006e+00 2.05999994e+00 2.09200001e+00 2.11400008e+00
    2.14000010e+00 2.15799999e+00 2.18600011e+00 2.21799994e+00
    2.23699999e+00 0. 0. 0. 0. 0. 0. 0. 0. 0. 0. 0. 0. 0. 0. 0. 0. 0. 0.
    0. 0. 1.46700001e+00 1.85599995e+00 1.87399995e+00 1.87800002e+00
    1.89999998e+00 1.91400003e+00 1.93499994e+00 1.96099997e+00
    1.97899997e+00 2.01200008e+00 2.03399992e+00 2.03600001e+00
    2.06399989e+00 2.09800005e+00 2.10100007e+00 2.12500000e+00
    2.14100003e+00 2.17700005e+00 2.22900009e+00 2.24000001e+00 0. 0. 0.
    0. 0. 0. 0. 0. 0. 0. 0. 0. 0. 0. 0. 0. 0. 0. 0. 0. 1.84300005e+00
    1.84700000e+00 1.86099994e+00 1.87500000e+00 1.89999998e+00
    1.91400003e+00 1.93499994e+00 1.96000004e+00 1.97000003e+00
    2.00399995e+00 2.03299999e+00 2.03500009e+00 2.05699992e+00
    2.08999991e+00 2.09800005e+00 2.11299992e+00 2.13299990e+00
    2.16799998e+00 2.24900007e+00 2.26600003e+00 0. 0. 0. 0. 0. 0. 0. 0.
    0. 0. 0. 0. 0. 0. 0. 0. 0. 0. 0. 0. 1.83700001e+00 1.84399998e+00
    1.85699999e+00 1.87399995e+00 1.89999998e+00 1.91400003e+00
    1.93400002e+00 1.95899999e+00 1.96500003e+00 1.98899996e+00
    2.02500010e+00 2.03200006e+00 2.06100011e+00 2.08599997e+00
    2.09699988e+00 2.11299992e+00 2.13299990e+00 2.16300011e+00
    2.18000007e+00 2.25600004e+00 0. 0. 0. 0. 0. 0. 0. 0. 0. 0. 0. 0. 0.
    0. 0. 0. 0. 0. 0. 0. 1.83000004e+00 1.84099996e+00 1.85599995e+00
    1.86800003e+00 1.89499998e+00 1.91100001e+00 1.92100000e+00
    1.94099998e+00 1.95799994e+00 1.97500002e+00 2.01699996e+00
    2.03200006e+00 2.04900002e+00 2.07599998e+00 2.09100008e+00
    2.11700010e+00 2.13299990e+00 2.15799999e+00 2.18000007e+00
    2.22900009e+00 0. 0. 0. 0. 0. 0. 0. 0. 0. 0. 0. 0. 0. 0. 0. 0. 0. 0.
    0. 0. 1.84800005e+00 1.84800005e+00 1.85599995e+00 1.86500001e+00
    1.89100003e+00 1.90499997e+00 1.91900003e+00 1.93400002e+00
    1.95599997e+00 1.96099997e+00 2.01399994e+00 2.03200006e+00
    2.04900002e+00 2.07200003e+00 2.09200001e+00 2.12100005e+00
    2.13299990e+00 2.15599990e+00 2.19199991e+00 2.22399998e+00 0. 0. 0.
    0. 0. 0. 0. 0. 0. 0. 0. 0. 0. 0. 0. 0. 0. 0. 0. 0. 1.57700002e+00
    1.84800005e+00 1.85300004e+00 1.86500001e+00 1.88199997e+00
    1.89600003e+00 1.91600001e+00 1.93200004e+00 1.94599998e+00
    1.96099997e+00 2. 2.02999997e+00 2.04600000e+00 2.06100011e+00
    2.07900000e+00 2.10500002e+00 2.12199998e+00 2.15599990e+00
    2.20099998e+00 2.22799993e+00 0. 0. 0. 0. 0. 0. 0. 0. 0. 0. 0. 0. 0.
    0. 0. 0. 0. 0. 0. 0. 1.11699998e+00 1.60800004e+00 1.84800005e+00
    1.86500001e+00 1.88199997e+00 1.89600003e+00 1.91600001e+00
    1.94099998e+00 1.95000005e+00 1.96099997e+00 1.98500001e+00
    2.01900005e+00 2.04600000e+00 2.06100011e+00 2.07900000e+00
    2.10500002e+00 2.13199997e+00 2.16199994e+00 2.20099998e+00
    2.22499990e+00 0. 0. 0. 0. 0. 0. 0. 0. 0. 0. 0. 0. 0. 0. 0. 0. 0. 0.
    0. 0. 1.09700000e+00 1.10399997e+00 1.85899997e+00 1.86500001e+00
    1.88199997e+00 1.89300001e+00 1.91400003e+00 1.93200004e+00
    1.95000005e+00 1.97000003e+00 1.98500001e+00 2.01500010e+00
    2.03999996e+00 2.05800009e+00 2.07500005e+00 2.09999990e+00
    2.11800003e+00 2.15199995e+00 2.19799995e+00 2.22199988e+00 0. 0. 0.
    0. 0. 0. 0. 0. 0. 0. 0. 0. 0. 0. 0. 0. 0. 0. 0. 0. 1.10200000e+00
    1.10500002e+00 1.86500001e+00 1.86500001e+00 1.87500000e+00
    1.88600004e+00 1.90999997e+00 1.92600000e+00 1.94599998e+00
    1.96300006e+00 1.98500001e+00 2.00799990e+00 2.02800012e+00
    2.04999995e+00 2.06800008e+00 2.09500003e+00 2.10999990e+00
    2.14299989e+00 2.18899989e+00 2.22000003e+00 0. 0. 0. 0. 0. 0. 0. 0.
    0. 0. 0. 0. 0. 0. 0. 0. 0. 0. 0. 0. 1.10500002e+00 1.11099994e+00
    1.15999997e+00 1.86300004e+00 1.85500002e+00 1.88199997e+00
    1.89999998e+00 1.92299998e+00 1.94200003e+00 1.96000004e+00
    1.97899997e+00 1.99699998e+00 2.01600003e+00 2.04699993e+00
    2.06900001e+00 2.09500003e+00 2.10999990e+00 2.14800000e+00
    2.18899989e+00 2.21099997e+00 0. 0. 0. 0. 0. 0. 0. 0. 0. 0. 0. 0. 0.
    0. 0. 0. 0. 0. 0. 0. 1.09899998e+00 1.10399997e+00 1.15100002e+00
    1.84800005e+00 1.84800005e+00 1.88399994e+00 1.89400005e+00
    1.91700006e+00 1.94000006e+00 1.96000004e+00 1.97899997e+00
    1.99000001e+00 2.00600004e+00 2.04399991e+00 2.07900000e+00
    2.10500002e+00 2.11700010e+00 2.14299989e+00 2.17199993e+00
    2.20600009e+00 0. 0. 0. 0. 0. 0. 0. 0. 0. 0. 0. 0. 0. 0. 0. 0. 0. 0.
    0. 0. 1.09500003e+00 1.09899998e+00 1.10099995e+00 1.47599995e+00
    1.87399995e+00 1.87699997e+00 1.89100003e+00 1.91299999e+00
    1.93900001e+00 1.96000004e+00 1.97899997e+00 1.99000001e+00 0. 0.
    2.10999990e+00 2.10999990e+00 2.12199998e+00 2.14299989e+00
    2.16799998e+00 1.62500000e+00 0. 0. 0. 0. 0. 0. 0. 0. 0. 0. 0. 0. 0.
