<?xml version="1.0"?>
<opencv_storage>
<Depth type_id="opencv-matrix">
  <rows>40</rows>
  <cols>40</cols>
  <dt>f</dt>
  <data>
    0. 0. 0. 0. 0. 0. 0. 0. 0. 0. 0. 0. 0. 0. 0. 0. 0. 0. 0. 0. 0. 0. 0.
    0. 0. 0. 0. 0. 0. 0. 0. 0. 0. 0. 0. 0. 0. 0. 0. 0. 0. 0. 0. 0. 0. 0.
    0. 0. 0. 0. 0. 0. 0. 0. 0. 0. 0. 0. 0. 0. 0. 0. 0. 0. 0. 0. 0. 0. 0.
    0. 0. 0. 0. 0. 0. 0. 0. 0. 0. 0. 0. 0. 0. 0. 0. 0. 0. 0. 0. 0. 0. 0.
    0. 0. 0. 0. 0. 0. 0. 0. 0. 0. 0. 0. 0. 0. 0. 0. 0. 0. 0. 0. 0. 0. 0.
    0. 0. 0. 0. 0. 0. 0. 0. 0. 0. 0. 0. 0. 0. 0. 0. 0. 0. 0. 0. 0. 0. 0.
    0. 0. 0. 0. 0. 0. 0. 0. 0. 0. 0. 0. 0. 0. 0. 0. 0. 0. 0. 0. 0. 0. 0.
    0. 0. 0. 0. 0. 0. 0. 0. 0. 0. 0. 0. 0. 0. 0. 0. 0. 0. 0. 0. 0. 0. 0.
    0. 0. 0. 0. 0. 0. 0. 0. 0. 0. 0. 0. 0. 0. 0. 0. 0. 0. 0. 0. 0. 0. 0.
    0. 0. 0. 0. 0. 0. 0. 0. 0. 0. 0. 0. 0. 0. 0. 0. 0. 0. 0. 0. 0. 0. 0.
    0. 0. 0. 0. 0. 0. 0. 0. 0. 0. 0. 0. 0. 0. 0. 0. 0. 0. 0. 0. 0. 0. 0.
    0. 0. 0. 0. 0. 0. 0. 0. 0. 0. 0. 0. 0. 0. 0. 0. 0. 0. 0. 0. 0. 0. 0.
    0. 0. 0. 0. 0. 0. 0. 0. 0. 0. 0. 0. 0. 0. 0. 0. 0. 0. 0. 0. 0. 0. 0.
    0. 0. 0. 0. 0. 0. 0. 0. 0. 0. 0. 0. 0. 0. 0. 0. 0. 0. 0. 0. 0. 0. 0.
    0. 0. 0. 0. 0. 0. 0. 0. 0. 0. 0. 0. 0. 0. 0. 0. 0. 0. 0. 0. 0. 0. 0.
    0. 0. 0. 0. 0. 0. 0. 0. 0. 0. 0. 0. 0. 0. 0. 0. 0. 0. 0. 0. 0. 0. 0.
    0. 0. 0. 0. 0. 0. 0. 0. 0. 0. 0. 0. 0. 0. 0. 0. 0. 0. 0. 0. 0. 0. 0.
    0. 0. 0. 0. 0. 0. 0. 0. 0. 0. 0. 0. 0. 0. 0. 0. 1.78699994e+00
    1.78699994e+00 1.84599996e+00 1.91199994e+00 1.97899997e+00 2. 2. 2.
    2. 2. 2. 2. 2. 2. 1.99800003e+00 1.93200004e+00 1.86600006e+00
    1.79999995e+00 1.78699994e+00 1.78699994e+00 1.78699994e+00
    1.78699994e+00 1.78699994e+00 1.78699994e+00 1.78699994e+00
    1.78699994e+00 0. 0. 0. 0. 0. 0. 0. 0. 0. 0. 0. 0. 0. 0.
    1.78699994e+00 1.78699994e+00 1.84599996e+00 1.91199994e+00
    1.97899997e+00 2. 2. 2. 2. 2. 2. 2. 2. 2. 1.99800003e+00
    1.93200004e+00 1.86600006e+00 1.79999995e+00 1.78699994e+00
    1.78699994e+00 1.78699994e+00 1.78699994e+00 1.78699994e+00
    1.78699994e+00 1.78699994e+00 1.78699994e+00 0. 0. 0. 0. 0. 0. 0. 0.
    0. 0. 0. 0. 0. 0. 1.78699994e+00 1.78699994e+00 1.84599996e+00
    1.91199994e+00 1.97899997e+00 2. 2. 2. 2. 2. 2. 2. 2. 2.
    1.99800003e+00 1.93200004e+00 1.86600006e+00 1.79999995e+00
    1.78699994e+00 1.78699994e+00 1.78699994e+00 1.78699994e+00
    1.78699994e+00 1.78699994e+00 1.78699994e+00 1.78699994e+00 0. 0. 0.
    0. 0. 0. 0. 0. 0. 0. 0. 0. 0. 0. 1.78699994e+00 1.78699994e+00
    1.84599996e+00 1.91199994e+00 1.97899997e+00 2. 2. 2. 2. 2. 2. 2. 2.
    2. 1.99800003e+00 1.93200004e+00 1.86600006e+00 1.79999995e+00
    1.78699994e+00 1.78699994e+00 1.78699994e+00 1.78699994e+00
    1.78699994e+00 1.78699994e+00 1.78699994e+00 1.78699994e+00 0. 0. 0.
    0. 0. 0. 0. 0. 0. 0. 0. 0. 0. 0. 1.78699994e+00 1.78699994e+00
    1.84599996e+00 1.91199994e+00 1.97899997e+00 2. 2. 2. 2. 2. 2. 2. 2.
    2. 1.99800003e+00 1.93200004e+00 1.86600006e+00 1.79999995e+00
    1.78699994e+00 1.78699994e+00 1.78699994e+00 1.78699994e+00
    1.78699994e+00 1.78699994e+00 1.78699994e+00 1.78699994e+00 0. 0. 0.
    0. 0. 0. 0. 0. 0. 0. 0. 0. 0. 0. 1.78699994e+00 1.78699994e+00
    1.84599996e+00 1.91199994e+00 1.97899997e+00 2. 2. 2. 2. 2. 2. 2. 2.
    2. 1.99800003e+00 1.93200004e+00 1.86600006e+00 1.79999995e+00
    1.78699994e+00 1.78699994e+00 1.78699994e+00 1.78699994e+00
    1.78699994e+00 1.78699994e+00 1.78699994e+00 1.78699994e+00 0. 0. 0.
    0. 0. 0. 0. 0. 0. 0. 0. 0. 0. 0. 1.78699994e+00 1.78699994e+00
    1.84599996e+00 1.91199994e+00 1.97899997e+00 2. 2. 2. 2. 2. 2. 2. 2.
    2. 1.99800003e+00 1.93200004e+00 1.86600006e+00 1.79999995e+00
    1.78699994e+00 1.78699994e+00 1.78699994e+00 1.78699994e+00
    1.78699994e+00 1.78699994e+00 1.78699994e+00 1.78699994e+00 0. 0. 0.
    0. 0. 0. 0. 0. 0. 0. 0. 0. 0. 0. 1.78699994e+00 1.78699994e+00
    1.84599996e+00 1.91199994e+00 1.97899997e+00 2. 2. 2. 2. 2. 2. 2. 2.
    2. 1.99800003e+00 1.93200004e+00 1.86600006e+00 1.79999995e+00
    1.78699994e+00 1.78699994e+00 1.78699994e+00 1.78699994e+00
    1.78699994e+00 1.78699994e+00 1.78699994e+00 1.78699994e+00 0. 0. 0.
    0. 0. 0. 0. 0. 0. 0. 0. 0. 0. 0. 1.81700003e+00 1.81700003e+00
    1.86800003e+00 1.92499995e+00 1.98199999e+00 2. 2. 2. 2. 2. 2. 2. 2.
    2. 1.99800003e+00 1.93200004e+00 1.86600006e+00 1.79999995e+00
    1.78699994e+00 1.78699994e+00 1.78699994e+00 1.78699994e+00
    1.78699994e+00 1.78699994e+00 1.78699994e+00 1.78699994e+00 0. 0. 0.
    0. 0. 0. 0. 0. 0. 0. 0. 0. 0. 0. 1.88399994e+00 1.88399994e+00
    1.91600001e+00 1.95200002e+00 1.98800004e+00 2. 2. 2. 2. 2. 2. 2. 2.
    2. 1.99800003e+00 1.93200004e+00 1.86600006e+00 1.79999995e+00
    1.78699994e+00 1.78699994e+00 1.78699994e+00 1.78699994e+00
    1.78699994e+00 1.78699994e+00 1.78699994e+00 1.78699994e+00 0. 0. 0.
    0. 0. 0. 0. 0. 0. 0. 0. 0. 0. 0. 1.95000005e+00 1.95000005e+00
    1.96399999e+00 1.97899997e+00 1.99500000e+00 2. 2. 2. 2. 2. 2. 2. 2.
    2. 1.99800003e+00 1.93200004e+00 1.86600006e+00 1.79999995e+00
    1.78699994e+00 1.78699994e+00 1.78699994e+00 1.78699994e+00
    1.78699994e+00 1.78699994e+00 1.78699994e+00 1.78699994e+00 0. 0. 0.
    0. 0. 0. 0. 0. 0. 0. 0. 0. 0. 0. 2. 2. 2. 2. 2. 2. 2. 2. 2. 2. 2. 2.
    2. 2. 1.99800003e+00 1.93700004e+00 1.87600005e+00 1.81500006e+00
    1.80299997e+00 1.80299997e+00 1.80299997e+00 1.80299997e+00
    1.80299997e+00 1.80299997e+00 1.80299997e+00 1.80299997e+00 0. 0. 0.
    0. 0. 0. 0. 0. 0. 0. 0. 0. 0. 0. 2. 2. 2. 2. 2. 2. 2. 2. 2. 2. 2. 2.
    2. 2. 1.99899995e+00 1.95799994e+00 1.91799998e+00 1.87699997e+00
    1.86899996e+00 1.86899996e+00 1.86899996e+00 1.86899996e+00
    1.86899996e+00 1.86899996e+00 1.86899996e+00 1.86899996e+00 0. 0. 0.
    0. 0. 0. 0. 0. 0. 0. 0. 0. 0. 0. 2. 2. 2. 2. 2. 2. 2. 2. 2. 2. 2. 2.
    2. 2. 1.99899995e+00 1.97899997e+00 1.95899999e+00 1.93900001e+00
    1.93599999e+00 1.93599999e+00 1.93599999e+00 1.93599999e+00
    1.93599999e+00 1.93599999e+00 1.93599999e+00 1.93599999e+00 0. 0. 0.
    0. 0. 0. 0. 0. 0. 0. 0. 0. 0. 0. 2. 2. 2. 2. 2. 2. 2. 2. 2. 2. 2. 2.
    2. 2. 2. 2. 2. 2. 2. 2. 2. 2. 2. 2. 2. 2. 0. 0. 0. 0. 0. 0. 0. 0. 0.
    0. 0. 0. 0. 0. 2. 2. 2. 2. 2. 2. 2. 2. 2. 2. 2. 2. 2. 2. 2. 2. 2. 2.
    2. 2. 2. 2. 2. 2. 2. 2. 0. 0. 0. 0. 0. 0. 0. 0. 0. 0. 0. 0. 0. 0. 2.
    2. 2. 2. 2. 2. 2. 2. 2. 2. 2. 2. 2. 2. 2. 2. 2. 2. 2. 2. 2. 2. 2. 2.
    2. 2. 0. 0. 0. 0. 0. 0. 0. 0. 0. 0. 0. 0. 0. 0. 2. 2. 2. 2. 2. 2. 2.
    2. 2. 2. 2. 2. 2. 2. 2. 2. 2. 2. 2. 2. 2. 2. 2. 2. 2. 2. 0. 0. 0. 0.
    0. 0. 0. 0. 0. 0. 0. 0. 0. 0. 2. 2. 2. 2. 2. 2. 2. 2. 2. 2. 2. 2. 2.
    2. 2. 2. 2. 2. 2. 2. 2. 2. 2. 2. 2. 2. 0. 0. 0. 0. 0. 0. 0. 0. 0. 0.
    0. 0. 0. 0. 0. 0. 0. 0. 0. 0. 0. 0. 0. 0. 0. 0. 0. 0. 0. 0. 0. 0. 0.
    0. 0. 0. 0. 0. 0. 0. 0. 0. 0. 0. 0. 0. 0. 0. 0. 0. 0. 0. 0. 0. 0. 0.
    0. 0. 0. 0. 0. 0. 0. 0. 0. 0. 0. 0. 0. 0. 0. 0. 0. 0. 0. 0. 0. 0. 0.
    0. 0. 0. 0. 0. 0. 0. 0. 0. 0. 0. 0. 0. 0. 0. 0. 0. 0. 0. 0. 0. 0. 0.
    0. 0. 0. 0. 0. 0. 0. 0. 0. 0. 0. 0. 0. 0. 0. 0. 0. 0. 0. 0. 0. 0. 0.
    0. 0. 0. 0. 0. 0. 0. 0. 0. 0. 0. 0. 0. 0. 0. 0. 0. 0. 0. 0. 0. 0. 0.
    0. 0. 0. 0. 0. 0. 0. 0. 0. 0. 0. 0. 0. 0. 0. 0. 0. 0. 0. 0. 0. 0. 0.
    0. 0. 0. 0. 0. 0. 0. 0. 0. 0. 0. 0. 0. 0. 0. 0. 0. 0. 0. 0. 0. 0. 0.
    0. 0. 0. 0. 0. 0. 0. 0. 0. 0. 0. 0. 0. 0. 0. 0. 0. 0. 0. 0. 0. 0. 0.
    0. 0. 0. 0. 0. 0. 0. 0. 0. 0. 0. 0. 0. 0. 0. 0. 0. 0. 0. 0. 0. 0. 0.
    0. 0. 0. 0. 0. 0. 0. 0. 0. 0. 0. 0. 0. 0. 0. 0. 0. 0. 0. 0. 0. 0. 0.
    0. 0. 0. 0. 0. 0. 0. 0. 0. 0. 0. 0. 0. 0. 0. 0. 0. 0. 0. 0. 0. 0. 0.
    0. 0. 0. 0. 0. 0. 0. 0. 0. 0. 0. 0. 0. 0. 0. 0. 0. 0. 0. 0. 0. 0. 0.
    0. 0. 0. 0. 0. 0. 0. 0. 0. 0. 0. 0. 0. 0. 0. 0. 0. 0. 0. 0. 0. 0. 0.
    0. 0. 0. 0. 0. 0. 0. 0. 0. 0. 0. 0. 0. 0. 0. 0. 0. 0. 0. 0. 0. 0. 0.
    0. 0. 0. 0. 0. 0. 0. 0. 0. 0. 0. 0. 0. 0. 0. 0. 0. 0. 0. 0. 0. 0. 0.
    0. 0. 0. 0. 0. 0. 0. 0. 0. 0. 0. 0. 0. 0. 0. 0. 0. 0. 0. 0. 0. 0. 0.
    0. 0. 0. 0. 0. 0. 0. 0. 0. 0. 0. 0. 0. 0. 0. 0. 0. 0. 0. 0. 0. 0. 0.
