<?xml version="1.0"?>
<opencv_storage>
<Depth type_id="opencv-matrix">
  <rows>40</rows>
  <cols>40</cols>
  <dt>f</dt>
  <data>
    0. 0. 0. 0. 0. 0. 0. 0. 0. 0. 0. 0. 0. 0. 0. 0. 0. 0. 0. 0. 0. 0. 0.
    0. 0. 0. 0. 0. 0. 0. 0. 0. 0. 0. 0. 0. 0. 0. 0. 0. 0. 0. 0. 0. 0. 0.
    0. 0. 0. 0. 0. 0. 0. 0. 0. 0. 0. 0. 0. 0. 0. 0. 0. 0. 0. 0. 0. 0. 0.
    0. 0. 0. 0. 0. 0. 0. 0. 0. 0. 0. 0. 0. 0. 0. 0. 0. 0. 0. 0. 0. 0. 0.
    0. 0. 0. 0. 0. 0. 0. 0. 0. 0. 0. 0. 0. 0. 0. 0. 0. 0. 0. 0. 0. 0. 0.
    0. 0. 0. 0. 0. 0. 0. 0. 0. 0. 0. 0. 0. 0. 0. 0. 0. 0. 0. 0. 0. 0. 0.
    0. 0. 0. 0. 0. 0. 0. 0. 0. 0. 0. 0. 0. 0. 0. 0. 0. 0. 0. 0. 0. 0. 0.
    0. 0. 0. 0. 0. 0. 0. 0. 0. 0. 0. 0. 0. 0. 0. 0. 0. 0. 0. 0. 0. 0. 0.
    0. 0. 0. 0. 0. 0. 0. 0. 0. 0. 0. 0. 0. 0. 0. 0. 0. 0. 0. 0. 0. 0. 0.
    0. 0. 0. 0. 0. 0. 0. 0. 0. 0. 0. 0. 0. 0. 0. 0. 0. 0. 0. 0. 0. 0. 0.
    0. 0. 0. 0. 0. 0. 0. 0. 0. 0. 0. 0. 0. 0. 0. 0. 0. 1.16199994e+00
    2.42400002e+00 2.42400002e+00 2.42400002e+00 2.42400002e+00
    2.39800000e+00 2.35500002e+00 2.34800005e+00 2.34800005e+00
    2.34800005e+00 2.26999998e+00 2.03600001e+00 1.93700004e+00
    1.93700004e+00 1.99800003e+00 2.06900001e+00 2.10700011e+00
    2.13400006e+00 2.13400006e+00 2.13400006e+00 2.13400006e+00
    2.16599989e+00 2.20300007e+00 2.20300007e+00 2.21499991e+00
    2.25600004e+00 2.27500010e+00 2.27500010e+00 2.27500010e+00 0. 0. 0.
    0. 0. 0. 0. 0. 0. 0. 0. 0. 1.59500003e+00 2.08299994e+00
    2.39700007e+00 2.39700007e+00 2.37100005e+00 2.32900000e+00
    2.29800010e+00 2.26900005e+00 2.22900009e+00 2.15199995e+00
    2.00099993e+00 1.93700004e+00 1.93700004e+00 1.99800003e+00
    2.06800008e+00 2.09299994e+00 2.11400008e+00 2.12800002e+00
    2.13400006e+00 2.13400006e+00 2.16599989e+00 2.20300007e+00
    2.20300007e+00 2.21499991e+00 2.25600004e+00 2.27500010e+00
    2.27500010e+00 2.27500010e+00 0. 0. 0. 0. 0. 0. 0. 0. 0. 0. 0. 0. 0.
    1.53400004e+00 2.35400009e+00 2.35400009e+00 2.32900000e+00
    2.28699994e+00 2.21799994e+00 2.14100003e+00 2.03699994e+00
    1.96200001e+00 1.94400001e+00 1.93700004e+00 1.93700004e+00
    1.99800003e+00 2.06599998e+00 2.06900001e+00 2.08200002e+00
    2.11800003e+00 2.13400006e+00 2.13400006e+00 2.16599989e+00
    2.20300007e+00 2.20300007e+00 2.21499991e+00 2.25600004e+00
    2.27500010e+00 2.27500010e+00 2.27500010e+00 0. 0. 0. 0. 0. 0. 0. 0.
    0. 0. 0. 0. 0. 1.39400005e+00 2.23600006e+00 2.21600008e+00
    2.19600010e+00 2.17499995e+00 2.13700008e+00 2.09200001e+00
    1.99899995e+00 1.93700004e+00 1.93700004e+00 1.93700004e+00
    1.93700004e+00 1.99800003e+00 2.06599998e+00 2.06599998e+00
    2.07800007e+00 2.11700010e+00 2.13400006e+00 2.13400006e+00
    2.16599989e+00 2.20400000e+00 2.22399998e+00 2.24499989e+00
    2.26500010e+00 2.27500010e+00 2.27500010e+00 2.27500010e+00 0. 0. 0.
    0. 0. 0. 0. 0. 0. 0. 0. 0. 0. 1.32400000e+00 2.11700010e+00
    2.07999992e+00 2.06599998e+00 2.06599998e+00 2.06599998e+00
    2.05999994e+00 1.98800004e+00 1.94099998e+00 1.94099998e+00
    1.94200003e+00 1.94500005e+00 2.00399995e+00 2.06999993e+00
    2.06999993e+00 2.08200002e+00 2.12100005e+00 2.13800001e+00
    2.13800001e+00 2.16799998e+00 2.20499992e+00 2.24600005e+00
    2.27500010e+00 2.27500010e+00 2.27500010e+00 2.27500010e+00
    2.27500010e+00 0. 0. 0. 0. 0. 0. 0. 0. 0. 0. 0. 0. 0. 1.30799997e+00
    2.08599997e+00 2.07200003e+00 2.06599998e+00 2.06599998e+00
    2.06599998e+00 2.06100011e+00 2.01099992e+00 1.97700000e+00
    1.97700000e+00 1.99100006e+00 2.01399994e+00 2.06100011e+00
    2.10899997e+00 2.10899997e+00 2.12100005e+00 2.16000009e+00
    2.17799997e+00 2.17799997e+00 2.18899989e+00 2.20499992e+00
    2.24600005e+00 2.27500010e+00 2.27500010e+00 2.27500010e+00
    2.27500010e+00 2.27500010e+00 0. 0. 0. 0. 0. 0. 0. 0. 0. 0. 0. 0. 0.
    1.29900002e+00 2.06299996e+00 2.05599999e+00 2.05299997e+00
    2.05299997e+00 2.05900002e+00 2.06299996e+00 2.03299999e+00
    2.01300001e+00 2.01300001e+00 2.03099990e+00 2.06100011e+00
    2.09100008e+00 2.11999989e+00 2.11999989e+00 2.13499999e+00
    2.18199992e+00 2.20300007e+00 2.20300007e+00 2.20300007e+00
    2.20499992e+00 2.24600005e+00 2.27500010e+00 2.27500010e+00
    2.27500010e+00 2.27500010e+00 2.27500010e+00 0. 0. 0. 0. 0. 0. 0. 0.
    0. 0. 0. 0. 0. 1.30400002e+00 2.05599999e+00 2.02699995e+00
    2.01500010e+00 2.01500010e+00 2.03999996e+00 2.06500006e+00
    2.05699992e+00 2.05100012e+00 2.05100012e+00 2.05599999e+00
    2.06399989e+00 2.07299995e+00 2.08100009e+00 2.08100009e+00
    2.10299993e+00 2.17199993e+00 2.20300007e+00 2.20300007e+00
    2.20300007e+00 2.20499992e+00 2.24600005e+00 2.27500010e+00
    2.27500010e+00 2.27500010e+00 2.27500010e+00 2.27500010e+00 0. 0. 0.
    0. 0. 0. 0. 0. 0. 0. 0. 0. 0. 1.29400003e+00 2.03500009e+00
    2.00999999e+00 2. 2. 2.03200006e+00 2.06599998e+00 2.06599998e+00
    2.06599998e+00 2.06599998e+00 2.06599998e+00 2.06599998e+00
    2.06599998e+00 2.06599998e+00 2.06599998e+00 2.08999991e+00
    2.16799998e+00 2.20300007e+00 2.20300007e+00 2.20300007e+00
    2.20400000e+00 2.23099995e+00 2.25000000e+00 2.25000000e+00
    2.25000000e+00 2.25000000e+00 2.25000000e+00 0. 0. 0. 0. 0. 0. 0. 0.
    0. 0. 0. 0. 0. 1.27499998e+00 2.00500011e+00 2.00099993e+00 2. 2.
    2.03200006e+00 2.06599998e+00 2.06599998e+00 2.06599998e+00
    2.06599998e+00 2.06599998e+00 2.06599998e+00 2.06599998e+00
    2.06599998e+00 2.06599998e+00 2.08999991e+00 2.16799998e+00
    2.20300007e+00 2.20300007e+00 2.20300007e+00 2.20300007e+00
    2.20700002e+00 2.20900011e+00 2.20900011e+00 2.20900011e+00
    2.20900011e+00 2.20900011e+00 0. 0. 0. 0. 0. 0. 0. 0. 0. 0. 0. 0.
    1.03600001e+00 1.62199998e+00 2. 2. 2. 2. 2.03200006e+00
    2.06599998e+00 2.06599998e+00 2.06599998e+00 2.06599998e+00
    2.06599998e+00 2.06599998e+00 2.06599998e+00 2.06599998e+00
    2.06599998e+00 2.08400011e+00 2.14400005e+00 2.18000007e+00
    2.19899988e+00 2.20300007e+00 2.20300007e+00 2.20300007e+00
    2.20300007e+00 2.20300007e+00 2.20300007e+00 2.20300007e+00
    2.20300007e+00 0. 0. 0. 0. 0. 0. 0. 0. 0. 0. 0. 1.03600001e+00 2. 2.
    2. 2. 2. 2. 2.02999997e+00 2.06299996e+00 2.06299996e+00
    2.06299996e+00 2.06299996e+00 2.06399989e+00 2.06599998e+00
    2.06599998e+00 2.06599998e+00 2.06599998e+00 2.07800007e+00
    2.11700010e+00 2.15599990e+00 2.19499993e+00 2.20300007e+00
    2.20300007e+00 2.20300007e+00 2.20300007e+00 2.20300007e+00
    2.20300007e+00 2.20300007e+00 2.20300007e+00 0. 0. 0. 0. 0. 0. 0. 0.
    1.23099995e+00 1.23399997e+00 1.23800004e+00 1.61500001e+00 2. 2. 2.
    2. 2. 2. 2.01200008e+00 2.02500010e+00 2.02500010e+00 2.02500010e+00
    2.02500010e+00 2.03900003e+00 2.06200004e+00 2.06599998e+00
    2.06599998e+00 2.06599998e+00 2.07800007e+00 2.11700010e+00
    2.15599990e+00 2.19499993e+00 2.20300007e+00 2.20300007e+00
    2.20300007e+00 2.20300007e+00 2.20300007e+00 2.20300007e+00
    2.20300007e+00 2.20300007e+00 0. 0. 0. 0. 0. 0. 0. 0. 1.98800004e+00
    1.98800004e+00 1.98800004e+00 1.98800004e+00 1.98800004e+00
    1.98800004e+00 1.99000001e+00 1.99699998e+00 2. 2. 2. 2. 2. 2. 2.
    2.01799989e+00 2.04800010e+00 2.05900002e+00 2.06599998e+00
    2.06599998e+00 2.07800007e+00 2.11700010e+00 2.15599990e+00
    2.19499993e+00 2.20300007e+00 2.20300007e+00 2.20300007e+00
    2.20300007e+00 2.20300007e+00 2.20300007e+00 2.20300007e+00
    2.20300007e+00 0. 0. 0. 0. 0. 0. 0. 0. 1.95200002e+00 1.95200002e+00
    1.95200002e+00 1.95200002e+00 1.95200002e+00 1.95200002e+00
    1.96200001e+00 1.98899996e+00 2. 2. 2. 2. 2. 2. 2. 2.00500011e+00
    2.01399994e+00 2.03900003e+00 2.06599998e+00 2.06599998e+00
    2.07800007e+00 2.11700010e+00 2.15599990e+00 2.19499993e+00
    2.20300007e+00 2.20300007e+00 2.20300007e+00 2.20300007e+00
    2.20300007e+00 2.20300007e+00 2.20300007e+00 2.20300007e+00 0. 0. 0.
    0. 0. 0. 0. 0. 1.93700004e+00 1.93700004e+00 1.93700004e+00
    1.93700004e+00 1.93700004e+00 1.93700004e+00 1.95000005e+00
