<?xml version="1.0"?>
<opencv_storage>
<Depth type_id="opencv-matrix">
  <rows>40</rows>
  <cols>40</cols>
  <dt>f</dt>
  <data>
    0. 0. 0. 0. 0. 0. 0. 0. 0. 0. 0. 0. 0. 0. 0. 0. 0. 0. 0. 0. 0. 0. 0.
    0. 0. 0. 0. 0. 0. 0. 0. 0. 0. 0. 0. 0. 0. 0. 0. 0. 0. 0. 0. 0. 0. 0.
    0. 0. 0. 0. 0. 0. 0. 0. 0. 0. 0. 0. 0. 0. 0. 0. 0. 0. 0. 0. 0. 0. 0.
    0. 0. 0. 0. 0. 0. 0. 0. 0. 0. 0. 0. 0. 0. 0. 0. 0. 0. 0. 0. 0. 0. 0.
    0. 0. 0. 0. 0. 0. 0. 0. 0. 0. 0. 0. 0. 0. 0. 0. 0. 0. 0. 0. 0. 0. 0.
    0. 0. 0. 0. 0. 0. 0. 0. 0. 0. 0. 0. 0. 0. 0. 0. 0. 0. 0. 0. 0. 0. 0.
    0. 0. 0. 0. 0. 0. 0. 0. 0. 0. 0. 0. 0. 0. 0. 0. 0. 0. 0. 0. 0. 0. 0.
    0. 0. 0. 0. 0. 0. 0. 0. 0. 0. 0. 0. 0. 0. 0. 0. 0. 0. 0. 0. 0. 0. 0.
    0. 0. 0. 0. 0. 0. 0. 0. 0. 0. 0. 0. 0. 0. 0. 0. 0. 0. 0. 0. 0. 0. 0.
    0. 0. 0. 0. 0. 0. 0. 0. 0. 0. 0. 0. 0. 0. 0. 0. 0. 0. 0. 0. 0. 0. 0.
    0. 0. 0. 0. 0. 0. 0. 0. 0. 0. 0. 0. 0. 0. 0. 0. 0. 0. 0. 0. 0. 0. 0.
    0. 0. 0. 0. 0. 0. 0. 0. 0. 0. 0. 0. 0. 0. 0. 0. 0. 0. 0. 0. 0. 0. 0.
    0. 0. 0. 0. 0. 0. 0. 0. 0. 0. 0. 0. 0. 0. 0. 0. 0. 0. 0. 0. 0. 0. 0.
    0. 0. 0. 0. 0. 0. 0. 0. 0. 0. 0. 0. 0. 0. 0. 0. 0. 0. 0. 0. 0. 0. 0.
    0. 0. 0. 0. 0. 0. 0. 0. 0. 0. 0. 0. 0. 0. 0. 0. 0. 0. 0. 0. 0. 0. 0.
    0. 0. 0. 0. 0. 0. 0. 0. 0. 0. 0. 0. 0. 0. 0. 0. 0. 0. 0. 0. 0. 0. 0.
    0. 0. 0. 0. 0. 0. 0. 0. 0. 0. 0. 0. 0. 0. 0. 0. 0. 0. 0. 0. 0. 0. 0.
    0. 0. 0. 0. 0. 0. 0. 0. 0. 0. 0. 0. 0. 0. 0. 0. 0. 0. 0. 0. 0. 0. 0.
    0. 1.50999999e+00 1.93700004e+00 1.93700004e+00 1.96700001e+00
    1.99699998e+00 1.96099997e+00 1.93700004e+00 1.93700004e+00
    1.98000002e+00 2.05299997e+00 1.11399996e+00 0. 0. 0. 0. 0. 0. 0. 0.
    0. 0. 0. 0. 0. 0. 0. 0. 0. 0. 0. 0. 0. 0. 0. 0. 0. 0. 0. 0. 0.
    1.65600002e+00 1.93700004e+00 1.93700004e+00 1.96700001e+00
    1.99800003e+00 1.97500002e+00 1.95899999e+00 1.95899999e+00
    1.99500000e+00 2.05500007e+00 1.11399996e+00 0. 0. 0. 0. 0. 0. 0. 0.
    0. 0. 0. 0. 0. 0. 0. 0. 0. 0. 0. 0. 0. 0. 0. 0. 0. 0. 0.
    1.12100005e+00 1.77699995e+00 1.89100003e+00 1.93700004e+00
    1.93700004e+00 1.96700001e+00 2. 1.99699998e+00 1.99500000e+00
    1.99500000e+00 2.01900005e+00 2.05900002e+00 1.11399996e+00 0. 0. 0.
    0. 0. 0. 0. 0. 0. 0. 0. 0. 0. 0. 0. 0. 0. 0. 0. 0. 0. 0. 0. 0. 0. 0.
    1.01400006e+00 1.53699994e+00 1.88699996e+00 1.92299998e+00
    1.93700004e+00 1.93700004e+00 1.96700001e+00 2. 2. 2.00600004e+00
    2.02500010e+00 2.04399991e+00 2.06299996e+00 1.58399999e+00
    1.03299999e+00 0. 0. 0. 0. 0. 0. 0. 0. 0. 0. 0. 0. 0. 0. 0. 0. 0. 0.
    0. 0. 0. 1.81400001e+00 1.81400001e+00 1.81400001e+00 1.84399998e+00
    1.87399995e+00 1.87699997e+00 1.88999999e+00 1.92400002e+00
    1.93799996e+00 1.94099998e+00 1.96899998e+00 2. 2. 2.01300001e+00
    2.04999995e+00 2.06599998e+00 2.06599998e+00 2.06399989e+00
    2.05200005e+00 1.91100001e+00 1.48599994e+00 0. 0. 0. 0. 0. 0. 0. 0.
    0. 0. 0. 0. 0. 0. 0. 0. 0. 0. 0. 1.81400001e+00 1.81400001e+00
    1.81400001e+00 1.84399998e+00 1.87699997e+00 1.89900005e+00
    1.91900003e+00 1.93200004e+00 1.95099998e+00 1.97300005e+00
    1.98800004e+00 2. 2. 2.01300001e+00 2.04999995e+00 2.06599998e+00
    2.06599998e+00 2.04600000e+00 2.01600003e+00 1.89600003e+00
    1.48599994e+00 0. 0. 0. 0. 0. 0. 0. 0. 0. 0. 0. 0. 0. 0. 0. 0. 0. 0.
    0. 1.82599998e+00 1.82599998e+00 1.82599998e+00 1.85000002e+00
    1.87800002e+00 1.91400003e+00 1.94000006e+00 1.94700003e+00
    1.96700001e+00 1.99600005e+00 2. 2. 2. 2.00999999e+00 2.03999996e+00
    2.05299997e+00 2.05299997e+00 2.02800012e+00 1.99300003e+00
    1.88699996e+00 1.48599994e+00 0. 0. 0. 0. 0. 0. 0. 0. 0. 0. 0. 0. 0.
    0. 0. 0. 0. 0. 0. 1.86000001e+00 1.86000001e+00 1.86000001e+00
    1.86699998e+00 1.87800002e+00 1.91400003e+00 1.94700003e+00
    1.97500002e+00 1.99100006e+00 1.99899995e+00 2. 2. 2. 2.00300002e+00
    2.01099992e+00 2.01500010e+00 2.01500010e+00 2.00799990e+00
    1.99300003e+00 1.88699996e+00 1.48599994e+00 0. 0. 0. 0. 0. 0. 0. 0.
    0. 0. 0. 0. 0. 0. 0. 0. 0. 0. 0. 1.89600003e+00 1.89600003e+00
    1.89600003e+00 1.89600003e+00 1.89800000e+00 1.92200005e+00
    1.95000005e+00 1.98599994e+00 2. 2. 2. 2. 2. 2. 2. 2. 2. 2.
    1.99399996e+00 1.91199994e+00 1.62899995e+00 0. 0. 0. 0. 0. 0. 0. 0.
    0. 0. 0. 0. 0. 0. 0. 0. 0. 0. 0. 1.93099999e+00 1.93099999e+00
    1.93099999e+00 1.93099999e+00 1.93200004e+00 1.93499994e+00
    1.95000005e+00 1.98599994e+00 2. 2. 2. 2. 2. 2. 2. 2. 2. 2.
    1.99699998e+00 1.95500004e+00 1.86800003e+00 1.68099999e+00
    1.59800005e+00 0. 0. 0. 0. 0. 0. 0. 0. 0. 0. 0. 0. 0. 0. 0. 0. 0.
    1.99899995e+00 1.99899995e+00 1.99899995e+00 1.99899995e+00
    1.99899995e+00 1.99899995e+00 2.00600004e+00 2.02399993e+00
    2.03200006e+00 2.03200006e+00 2.01600003e+00 2. 2. 2. 2. 2. 2. 2.
    1.99899995e+00 1.98000002e+00 1.94500005e+00 1.87399995e+00
    1.84300005e+00 0. 0. 0. 0. 0. 0. 0. 0. 0. 0. 0. 0. 0. 0. 0. 0. 0.
    2.06599998e+00 2.06599998e+00 2.06599998e+00 2.06599998e+00
    2.06599998e+00 2.06599998e+00 2.06599998e+00 2.06599998e+00
    2.06599998e+00 2.06599998e+00 2.03600001e+00 2.00300002e+00
    2.00300002e+00 2.00300002e+00 2.00300002e+00 2.00300002e+00
    2.00300002e+00 2.00300002e+00 2.00300002e+00 2.00300002e+00
    1.99300003e+00 1.95899999e+00 1.94400001e+00 0. 0. 0. 0. 0. 0. 0. 0.
    0. 0. 0. 0. 0. 0. 0. 0. 0. 2.06599998e+00 2.06599998e+00
    2.06599998e+00 2.06599998e+00 2.06599998e+00 2.06599998e+00
    2.06599998e+00 2.06599998e+00 2.06599998e+00 2.06599998e+00
    2.05399990e+00 2.04099989e+00 2.04099989e+00 2.04099989e+00
    2.04099989e+00 2.04099989e+00 2.04099989e+00 2.04099989e+00
    2.04099989e+00 2.04099989e+00 2.03699994e+00 2.02300000e+00
    2.01699996e+00 0. 0. 0. 0. 0. 0. 0. 0. 0. 0. 0. 0. 0. 0. 0. 0. 0.
    2.06599998e+00 2.06599998e+00 2.06599998e+00 2.06599998e+00
    2.06599998e+00 2.06599998e+00 2.06599998e+00 2.06599998e+00
    2.06599998e+00 2.06599998e+00 2.06599998e+00 2.06599998e+00
    2.06599998e+00 2.06599998e+00 2.06599998e+00 2.06599998e+00
    2.06599998e+00 2.06599998e+00 2.06599998e+00 2.06599998e+00
    2.06599998e+00 2.06599998e+00 2.06599998e+00 0. 0. 0. 0. 0. 0. 0. 0.
    0. 0. 0. 0. 0. 0. 0. 0. 0. 2.06599998e+00 2.06599998e+00
    2.06599998e+00 2.06599998e+00 2.06599998e+00 2.06599998e+00
    2.06599998e+00 2.06599998e+00 2.06599998e+00 2.06599998e+00
    2.06599998e+00 2.06599998e+00 2.06599998e+00 2.06599998e+00
    2.06599998e+00 2.06599998e+00 2.06599998e+00 2.06599998e+00
    2.06599998e+00 2.06599998e+00 2.06599998e+00 2.06599998e+00
    2.06599998e+00 0. 0. 0. 0. 0. 0. 0. 0. 0. 0. 0. 0. 0. 0. 0. 0. 0. 0.
    1.05700004e+00 1.96700001e+00 2.07699990e+00 2.06599998e+00
    2.06599998e+00 2.06599998e+00 2.06599998e+00 2.06599998e+00
    2.06599998e+00 2.05599999e+00 2.04399991e+00 2.04399991e+00
    2.04800010e+00 2.06100011e+00 2.06599998e+00 2.06599998e+00
    2.06599998e+00 2.06599998e+00 2.06599998e+00 2.06599998e+00
    2.06599998e+00 2.06599998e+00 0. 0. 0. 0. 0. 0. 0. 0. 0. 0. 0. 0. 0.
    0. 0. 0. 0. 0. 0. 1.79700005e+00 2.09699988e+00 2.06599998e+00
    2.06599998e+00 2.06599998e+00 2.06599998e+00 2.06599998e+00
    2.06599998e+00 2.03699994e+00 2.00699997e+00 2.00699997e+00
    2.01799989e+00 2.05200005e+00 2.06599998e+00 2.06599998e+00
    2.06599998e+00 2.06599998e+00 2.06599998e+00 2.06599998e+00
    2.06599998e+00 2.06599998e+00 0. 0. 0. 0. 0. 0. 0. 0. 0. 0. 0. 0. 0.
    0. 0. 0. 0. 0. 0. 0. 0. 2.06599998e+00 2.06599998e+00 2.06599998e+00
    2.06599998e+00 2.05500007e+00 2.03800011e+00 2.00399995e+00
    1.97000003e+00 1.97000003e+00 1.98899996e+00 2.04299998e+00
    2.06599998e+00 2.06599998e+00 2.06599998e+00 2.06599998e+00
    2.06599998e+00 2.06599998e+00 2.06599998e+00 2.06599998e+00 0. 0. 0.
    0. 0. 0. 0. 0. 0. 0. 0. 0. 0. 0. 0. 0. 0. 0. 0. 0. 0. 2.06599998e+00
    2.06599998e+00 2.06599998e+00 2.06599998e+00 2.04299998e+00
    2.00600004e+00 1.97000003e+00 1.93700004e+00 1.93700004e+00
    1.96200001e+00 2.03500009e+00 2.06599998e+00 2.06599998e+00
