<?xml version="1.0"?>
<opencv_storage>
<Depth type_id="opencv-matrix">
  <rows>40</rows>
  <cols>40</cols>
  <dt>f</dt>
  <data>
    0. 0. 0. 0. 0. 0. 0. 0. 0. 0. 0. 0. 0. 0. 0. 0. 0. 0. 2.06399989e+00
    2.04299998e+00 2.02099991e+00 2.02099991e+00 2. 2. 1.97899997e+00
    1.95899999e+00 1.93799996e+00 1.91799998e+00 1.91799998e+00
    1.91799998e+00 0. 0. 0. 0. 0. 0. 0. 0. 0. 0. 0. 0. 0. 0. 0. 0. 0. 0.
    0. 0. 0. 0. 0. 0. 0. 0. 2.04299998e+00 2.02099991e+00 2.02099991e+00
    2.02099991e+00 2. 2. 1.97899997e+00 1.97899997e+00 1.97899997e+00
    1.95899999e+00 1.93799996e+00 1.91799998e+00 1.91799998e+00
    1.91799998e+00 1.91799998e+00 0. 0. 0. 0. 0. 0. 0. 0. 0. 0. 0. 0. 0.
    0. 0. 0. 0. 0. 0. 0. 0. 1.97899997e+00 1.97899997e+00 1.97899997e+00
    1.97899997e+00 2. 2. 1.97899997e+00 1.97899997e+00 1.97899997e+00
    1.97899997e+00 1.97899997e+00 1.95899999e+00 1.95899999e+00
    1.95899999e+00 1.95899999e+00 1.93799996e+00 1.91799998e+00
    1.91799998e+00 1.91799998e+00 0. 0. 0. 0. 0. 0. 0. 0. 0. 0. 0. 0. 0.
    0. 0. 0. 0. 0. 0. 2.04299998e+00 2.04299998e+00 1.97899997e+00
    1.97899997e+00 1.97899997e+00 1.97899997e+00 1.97899997e+00
    1.97899997e+00 1.97899997e+00 1.97899997e+00 1.97899997e+00
    1.97899997e+00 1.97899997e+00 1.95899999e+00 1.95899999e+00
    1.95899999e+00 1.95899999e+00 1.93799996e+00 1.93799996e+00
    1.93799996e+00 1.97899997e+00 0. 0. 0. 0. 0. 0. 0. 0. 0. 0. 0. 0. 0.
    0. 0. 0. 0. 2.04299998e+00 2.04299998e+00 2.04299998e+00
    2.02099991e+00 2. 2. 2. 2. 1.97899997e+00 1.97899997e+00
    1.97899997e+00 1.97899997e+00 1.97899997e+00 1.97899997e+00
    1.97899997e+00 1.95899999e+00 1.95899999e+00 1.95899999e+00
    1.95899999e+00 1.95899999e+00 1.95899999e+00 1.95899999e+00
    1.97899997e+00 0. 0. 0. 0. 0. 0. 0. 0. 0. 0. 0. 0. 0. 0. 0.
    2.04299998e+00 2.04299998e+00 2.02099991e+00 2.02099991e+00
    2.04299998e+00 2.02099991e+00 2.02099991e+00 2. 1.97899997e+00
    1.97899997e+00 1.97899997e+00 1.97899997e+00 1.97899997e+00
    1.97899997e+00 1.97899997e+00 1.97899997e+00 1.97899997e+00
    1.97899997e+00 1.97899997e+00 1.95899999e+00 1.95899999e+00
    1.95899999e+00 1.95899999e+00 1.95899999e+00 1.97899997e+00 0. 0. 0.
    0. 0. 0. 0. 0. 0. 0. 0. 0. 0. 2.04299998e+00 2.04299998e+00
    2.04299998e+00 2.02099991e+00 2.02099991e+00 2.02099991e+00
    2.02099991e+00 2. 2. 2. 1.97899997e+00 1.97899997e+00 1.97899997e+00
    1.97899997e+00 1.97899997e+00 1.97899997e+00 2. 2. 2. 1.97899997e+00
    1.97899997e+00 1.95899999e+00 1.95899999e+00 1.95899999e+00
    1.95899999e+00 1.95899999e+00 1.95899999e+00 0. 0. 0. 0. 0. 0. 0. 0.
    0. 0. 0. 0. 0. 2.04299998e+00 2.04299998e+00 2.04299998e+00
    2.02099991e+00 2.02099991e+00 2.02099991e+00 2. 2. 2. 2. 2.
    1.97899997e+00 1.97899997e+00 1.97899997e+00 1.97899997e+00
    1.97899997e+00 2. 1.97899997e+00 1.97899997e+00 1.97899997e+00
    1.97899997e+00 1.95899999e+00 1.95899999e+00 1.95899999e+00
    1.95899999e+00 1.95899999e+00 1.95899999e+00 0. 0. 0. 0. 0. 0. 0. 0.
    0. 0. 0. 0. 0. 2.04299998e+00 2.04299998e+00 2.04299998e+00
    2.04299998e+00 2.02099991e+00 2.02099991e+00 2. 1.97899997e+00
    1.97899997e+00 1.97899997e+00 1.97899997e+00 1.97899997e+00
    1.97899997e+00 1.97899997e+00 1.97899997e+00 1.97899997e+00 2.
    1.97899997e+00 1.97899997e+00 1.97899997e+00 1.97899997e+00
    1.97899997e+00 1.97899997e+00 1.95899999e+00 1.95899999e+00
    1.95899999e+00 1.95899999e+00 0. 0. 0. 0. 0. 0. 0. 0. 0. 0. 0. 0. 0.
    2.06399989e+00 2.04299998e+00 2.04299998e+00 2.04299998e+00
    2.02099991e+00 2.02099991e+00 2. 1.97899997e+00 1.97899997e+00
    1.97899997e+00 1.97899997e+00 1.97899997e+00 1.97899997e+00
    1.97899997e+00 1.97899997e+00 1.97899997e+00 1.97899997e+00
    1.97899997e+00 1.97899997e+00 1.97899997e+00 1.97899997e+00
    1.97899997e+00 1.97899997e+00 1.97899997e+00 1.95899999e+00
    1.95899999e+00 1.93799996e+00 1.93799996e+00 0. 0. 0. 0. 0. 0. 0. 0.
    0. 0. 0. 0. 2.06399989e+00 2.04299998e+00 2.04299998e+00
    2.04299998e+00 2.02099991e+00 2.02099991e+00 2. 2. 2. 2.
    1.97899997e+00 1.97899997e+00 1.97899997e+00 1.97899997e+00
    1.97899997e+00 1.97899997e+00 1.97899997e+00 1.97899997e+00
    1.97899997e+00 1.97899997e+00 1.97899997e+00 1.97899997e+00
    1.97899997e+00 1.97899997e+00 1.95899999e+00 1.95899999e+00
    1.93799996e+00 1.93799996e+00 0. 0. 0. 0. 0. 0. 0. 0. 0. 0. 0. 0.
    2.06399989e+00 2.04299998e+00 2.04299998e+00 2.04299998e+00
    2.02099991e+00 2.02099991e+00 2. 2. 2. 2. 2. 1.97899997e+00
    1.97899997e+00 1.97899997e+00 1.97899997e+00 1.97899997e+00
    1.97899997e+00 1.97899997e+00 1.97899997e+00 1.97899997e+00
    1.97899997e+00 1.97899997e+00 1.97899997e+00 1.97899997e+00
    1.95899999e+00 1.95899999e+00 1.93799996e+00 1.93799996e+00 0. 0. 0.
    0. 0. 0. 0. 0. 0. 0. 0. 0. 2.06399989e+00 2.04299998e+00
    2.04299998e+00 2.04299998e+00 2.02099991e+00 2.02099991e+00 2. 2. 2.
    2. 2. 1.97899997e+00 1.97899997e+00 1.97899997e+00 1.97899997e+00
    1.97899997e+00 1.97899997e+00 1.97899997e+00 1.97899997e+00
    1.97899997e+00 1.97899997e+00 1.97899997e+00 1.95899999e+00
    1.95899999e+00 1.95899999e+00 1.95899999e+00 1.95899999e+00
    1.95899999e+00 0. 0. 0. 0. 0. 0. 0. 0. 0. 0. 0. 0. 0. 2.02099991e+00
    2.02099991e+00 2.04299998e+00 2.02099991e+00 2.02099991e+00
    2.02099991e+00 2.02099991e+00 2.02099991e+00 2. 2. 1.97899997e+00
    1.97899997e+00 1.97899997e+00 1.97899997e+00 1.97899997e+00
    1.97899997e+00 1.97899997e+00 1.97899997e+00 1.97899997e+00
    1.95899999e+00 1.95899999e+00 1.95899999e+00 1.95899999e+00
    1.95899999e+00 1.95899999e+00 1.95899999e+00 1.95899999e+00
    1.95899999e+00 0. 0. 0. 0. 0. 0. 0. 0. 0. 0. 0. 0. 2.02099991e+00
    2.02099991e+00 2.02099991e+00 2.04299998e+00 2.04299998e+00
    2.04299998e+00 2.02099991e+00 2.02099991e+00 2.02099991e+00 2.
    1.97899997e+00 1.97899997e+00 1.97899997e+00 1.97899997e+00
    1.97899997e+00 2. 1.97899997e+00 1.97899997e+00 1.97899997e+00
    1.95899999e+00 1.95899999e+00 1.97899997e+00 1.97899997e+00
    1.97899997e+00 1.97899997e+00 1.97899997e+00 1.95899999e+00
    1.95899999e+00 0. 0. 0. 0. 0. 0. 0. 0. 0. 0. 0. 0. 0. 2.02099991e+00
    2.02099991e+00 2.04299998e+00 2.04299998e+00 2.02099991e+00
    2.02099991e+00 2. 2. 2. 2. 1.97899997e+00 1.97899997e+00
    1.97899997e+00 1.97899997e+00 1.97899997e+00 1.97899997e+00
    1.97899997e+00 1.97899997e+00 1.97899997e+00 1.97899997e+00
    1.97899997e+00 1.97899997e+00 1.97899997e+00 1.95899999e+00
    1.95899999e+00 1.95899999e+00 1.95899999e+00 0. 0. 0. 0. 0. 0. 0. 0.
    0. 0. 0. 0. 0. 2.04299998e+00 2.04299998e+00 2.04299998e+00
    2.04299998e+00 2.02099991e+00 2.02099991e+00 2. 2. 2. 2.
    1.97899997e+00 1.97899997e+00 1.97899997e+00 1.97899997e+00
    1.97899997e+00 1.97899997e+00 1.97899997e+00 2. 1.97899997e+00
    1.97899997e+00 1.97899997e+00 1.97899997e+00 1.95899999e+00
    1.95899999e+00 1.93799996e+00 1.93799996e+00 1.93799996e+00 0. 0. 0.
    0. 0. 0. 0. 0. 0. 0. 0. 0. 0. 2.04299998e+00 2.04299998e+00
    2.04299998e+00 2.04299998e+00 2.02099991e+00 2.02099991e+00
    2.02099991e+00 2.02099991e+00 2. 2. 1.97899997e+00 1.97899997e+00
    1.97899997e+00 1.97899997e+00 2. 2. 2. 2. 2. 1.97899997e+00
    1.97899997e+00 1.97899997e+00 1.95899999e+00 1.95899999e+00
    1.93799996e+00 1.93799996e+00 1.93799996e+00 0. 0. 0. 0. 0. 0. 0. 0.
    0. 0. 0. 0. 0. 0. 2.04299998e+00 2.02099991e+00 2.02099991e+00
    2.02099991e+00 2.02099991e+00 2.02099991e+00 2. 2. 2. 1.97899997e+00
    1.97899997e+00 1.97899997e+00 1.97899997e+00 2. 2. 2. 2. 2.
    1.97899997e+00 1.97899997e+00 1.95899999e+00 1.95899999e+00
    1.95899999e+00 1.93799996e+00 1.93799996e+00 1.93799996e+00
    1.93799996e+00 0. 0. 0. 0. 0. 0. 0. 0. 0. 0. 0. 0. 0. 2.04299998e+00
    2.02099991e+00 2.02099991e+00 2.02099991e+00 2.02099991e+00
    2.02099991e+00 2. 2. 2. 1.97899997e+00 1.97899997e+00 1.97899997e+00
    1.97899997e+00 2. 2. 2. 2. 2. 1.97899997e+00 1.97899997e+00
