<?xml version="1.0"?>
<opencv_storage>
<Depth type_id="opencv-matrix">
  <rows>40</rows>
  <cols>40</cols>
  <dt>f</dt>
  <data>
    0. 0. 0. 0. 0. 0. 0. 0. 0. 2.99600005e+00 2.94400001e+00
    2.92400002e+00 2.89100003e+00 2.86700010e+00 2.84299994e+00
    2.84299994e+00 2.85999990e+00 2.41599989e+00 2.00799990e+00
    1.99300003e+00 1.99000001e+00 1.99000001e+00 1.99000001e+00
    1.99899995e+00 1.98099995e+00 1.96300006e+00 1.96099997e+00
    1.94500005e+00 1.92499995e+00 1.85899997e+00 0. 0. 0. 0. 0. 0. 0. 0.
    0. 0. 0. 0. 0. 0. 0. 0. 0. 0. 0. 2.98000002e+00 2.94600010e+00
    2.94000006e+00 2.90300012e+00 2.86700010e+00 2.84299994e+00
    2.84299994e+00 2.86599994e+00 2.42100000e+00 2.01399994e+00
    1.99100006e+00 1.98099995e+00 1.98099995e+00 1.98099995e+00
    1.99800003e+00 1.98099995e+00 1.96300006e+00 1.96099997e+00
    1.94500005e+00 1.92700005e+00 1.86899996e+00 0. 0. 0. 0. 0. 0. 0. 0.
    0. 0. 0. 0. 0. 0. 0. 0. 0. 0. 0. 2.98000002e+00 2.94600010e+00
    2.94000006e+00 2.90300012e+00 2.86700010e+00 2.84299994e+00
    2.84299994e+00 2.59899998e+00 2.16300011e+00 2.01099992e+00
    1.99800003e+00 1.99399996e+00 1.99399996e+00 1.99399996e+00
    1.99899995e+00 1.98099995e+00 1.97399998e+00 1.96099997e+00
    1.94299996e+00 1.92499995e+00 1.89900005e+00 0. 0. 0. 0. 0. 0. 0. 0.
    0. 0. 0. 0. 0. 0. 0. 0. 0. 0. 0. 0. 2.97199988e+00 2.96199989e+00
    2.89800000e+00 2.84999990e+00 2.84299994e+00 2.61199999e+00
    2.17600012e+00 2.03699994e+00 2.00799990e+00 2. 2.00999999e+00
    2.01399994e+00 2.01399994e+00 2.01399994e+00 1.99500000e+00
    1.98000002e+00 1.96099997e+00 1.94200003e+00 1.92400002e+00
    1.90999997e+00 0. 0. 0. 0. 0. 0. 0. 0. 0. 0. 0. 0. 0. 0. 0. 0. 0. 0.
    0. 0. 0. 2.94199991e+00 2.87500000e+00 2.84299994e+00 2.84299994e+00
    2.52699995e+00 2.06699991e+00 2.03699994e+00 2.01699996e+00
    2.01500010e+00 2.01799989e+00 2.01900005e+00 2.01900005e+00
    2.01900005e+00 1.98599994e+00 1.96700001e+00 1.96099997e+00
    1.94200003e+00 1.92400002e+00 1.90999997e+00 0. 0. 0. 0. 0. 0. 0. 0.
    0. 0. 0. 0. 0. 0. 0. 0. 0. 0. 0. 2.98499990e+00 2.95199990e+00
    2.91000009e+00 2.86899996e+00 2.84299994e+00 2.85299993e+00
    2.53699994e+00 2.05100012e+00 2.02900004e+00 2.00900006e+00
    2.00300002e+00 2.01500010e+00 2.03200006e+00 2.03500009e+00
    2.00500011e+00 1.98099995e+00 1.94799995e+00 1.94700003e+00
    1.93900001e+00 1.91199994e+00 1.90999997e+00 0. 0. 0. 0. 0. 0. 0. 0.
    0. 0. 0. 0. 0. 0. 0. 0. 0. 0. 0. 2.97900009e+00 2.91400003e+00
    2.90100002e+00 2.84500003e+00 2.84299994e+00 2.85500002e+00
    2.53200006e+00 2.02999997e+00 2.00099993e+00 1.98300004e+00
    1.98300004e+00 1.98399997e+00 1.99899995e+00 2.00300002e+00 2.
    1.96500003e+00 1.94500005e+00 1.94500005e+00 1.93900001e+00
    1.90999997e+00 1.90999997e+00 0. 0. 0. 0. 0. 0. 0. 0. 0. 0. 0. 0. 0.
    0. 0. 0. 0. 0. 0. 2.94499993e+00 2.90799999e+00 2.87199998e+00
    2.83599997e+00 2.81200004e+00 2.83400011e+00 2.52300000e+00
    2.00999999e+00 1.99000001e+00 1.98099995e+00 1.98099995e+00
    1.98099995e+00 1.98099995e+00 1.99699998e+00 2. 1.96399999e+00
    1.94500005e+00 1.94500005e+00 1.93900001e+00 1.90999997e+00
    1.90999997e+00 0. 0. 0. 0. 0. 0. 0. 0. 0. 0. 0. 0. 0. 0. 0. 0. 0. 0.
    0. 2.94400001e+00 2.87400007e+00 2.83800006e+00 2.81100011e+00
    2.81100011e+00 2.82200003e+00 2.50200009e+00 2.00999999e+00
    1.99000001e+00 1.97000003e+00 1.96300006e+00 1.97599995e+00
    1.98099995e+00 1.98000002e+00 1.98000002e+00 1.96300006e+00
    1.94500005e+00 1.94500005e+00 1.93900001e+00 1.90999997e+00
    1.90999997e+00 0. 0. 0. 0. 0. 0. 0. 0. 0. 0. 0. 0. 0. 0. 0. 0. 0. 0.
    0. 2.94400001e+00 2.87800002e+00 2.84100008e+00 2.81100011e+00
    2.81100011e+00 2.81100011e+00 2.48399997e+00 2.00900006e+00
    1.98899996e+00 1.97000003e+00 1.96300006e+00 1.97500002e+00
    1.97899997e+00 1.96500003e+00 1.96300006e+00 1.96300006e+00
    1.94500005e+00 1.94500005e+00 1.93900001e+00 1.90999997e+00
    1.90999997e+00 0. 0. 0. 0. 0. 0. 0. 0. 0. 0. 0. 0. 0. 0. 0. 0. 0. 0.
    0. 2.94499993e+00 2.90700006e+00 2.86199999e+00 2.81100011e+00
    2.81100011e+00 2.81100011e+00 2.48399997e+00 2.00099993e+00
    1.97899997e+00 1.96899998e+00 1.96300006e+00 1.96300006e+00
    1.96300006e+00 1.96300006e+00 1.96300006e+00 1.96000004e+00
    1.94200003e+00 1.94200003e+00 1.94000006e+00 1.91600001e+00
    1.91600001e+00 0. 0. 0. 0. 0. 0. 0. 0. 0. 0. 0. 0. 0. 0. 0. 0. 0. 0.
    0. 2.94499993e+00 2.90499997e+00 2.83800006e+00 2.81100011e+00
    2.81299996e+00 2.75200009e+00 2.37700009e+00 2.00099993e+00
    1.97099996e+00 1.96300006e+00 1.96300006e+00 1.96300006e+00
    1.96300006e+00 1.96300006e+00 1.96300006e+00 1.94500005e+00
    1.92799997e+00 1.92999995e+00 1.94500005e+00 1.80599999e+00
    1.36000001e+00 0. 0. 0. 0. 0. 0. 0. 0. 0. 0. 0. 0. 0. 0. 0. 0. 0. 0.
    0. 2.93400002e+00 2.89499998e+00 2.83899999e+00 2.82100010e+00
    2.82699990e+00 2.56200004e+00 2.03299999e+00 2.00699997e+00
    1.97099996e+00 1.95799994e+00 1.96099997e+00 1.96300006e+00
    1.96700001e+00 1.96399999e+00 1.96300006e+00 1.95099998e+00
    1.93299997e+00 1.93400002e+00 1.94500005e+00 1.36000001e+00 0. 0. 0.
    0. 0. 0. 0. 0. 0. 0. 0. 0. 0. 0. 0. 0. 0. 0. 0. 0. 2.91000009e+00
    2.87400007e+00 2.84299994e+00 2.84299994e+00 2.84699988e+00
    2.67700005e+00 2.22000003e+00 2.03299999e+00 1.98000002e+00
    1.94500005e+00 1.95700002e+00 1.96300006e+00 1.97700000e+00
    1.97099996e+00 1.97000003e+00 1.96300006e+00 1.94500005e+00
    1.94500005e+00 1.94500005e+00 1.36000001e+00 0. 0. 0. 0. 0. 0. 0. 0.
    0. 0. 0. 0. 0. 0. 0. 0. 0. 0. 0. 0. 2.89499998e+00 2.86100006e+00
    2.84299994e+00 2.84299994e+00 2.84899998e+00 2.74799991e+00
    2.33400011e+00 2.04500008e+00 1.99699998e+00 1.96000004e+00
    1.97300005e+00 1.97899997e+00 1.98699999e+00 1.98899996e+00
    1.98199999e+00 1.97099996e+00 1.95200002e+00 1.94500005e+00
    1.94500005e+00 1.36000001e+00 0. 0. 0. 0. 0. 0. 0. 0. 0. 0. 0. 0. 0.
    0. 0. 0. 0. 0. 0. 0. 2.87599993e+00 2.84299994e+00 2.84299994e+00
    2.84299994e+00 2.73600006e+00 2.32699990e+00 2.05100012e+00
    2.01500010e+00 1.98500001e+00 1.97200000e+00 1.99100006e+00 2.
    2.00699997e+00 2.00099993e+00 1.98300004e+00 1.98099995e+00
    1.96200001e+00 1.94500005e+00 1.94500005e+00 1.36000001e+00 0. 0. 0.
    0. 0. 0. 0. 0. 0. 0. 0. 0. 0. 0. 0. 0. 0. 0. 0. 0. 2.85700011e+00
    2.82500005e+00 2.82500005e+00 2.82900000e+00 2.62400007e+00
    2.06599998e+00 2.03500009e+00 1.99600005e+00 1.96700001e+00
    1.96300006e+00 1.97399998e+00 1.99399996e+00 2.01500010e+00
    2.00300002e+00 1.98300004e+00 1.98099995e+00 1.96300006e+00
    1.95299995e+00 1.93200004e+00 1.65499997e+00 0. 0. 0. 0. 0. 0. 0. 0.
    0. 0. 0. 0. 0. 0. 0. 0. 0. 0. 0. 0. 2.84200001e+00 2.81100011e+00
    2.81100011e+00 2.81399989e+00 2.60999990e+00 2.06299996e+00
    2.02500010e+00 1.98599994e+00 1.96300006e+00 1.96300006e+00
    1.96300006e+00 1.99000001e+00 2.01500010e+00 2.00300002e+00
    1.98300004e+00 1.98099995e+00 1.96200001e+00 1.94700003e+00
    1.90400004e+00 1.89300001e+00 1.89300001e+00 0. 0. 0. 0. 0. 0. 0. 0.
    0. 0. 0. 0. 0. 0. 0. 0. 0. 0. 0. 2.82100010e+00 2.81100011e+00
    2.81100011e+00 2.81100011e+00 2.60100007e+00 2.06299996e+00
    2.02200007e+00 1.98199999e+00 1.96300006e+00 1.96300006e+00
    1.96300006e+00 1.99000001e+00 1.99500000e+00 1.98800004e+00
    1.98099995e+00 1.98099995e+00 1.96200001e+00 1.93900001e+00
    1.89300001e+00 1.89300001e+00 1.89300001e+00 0. 0. 0. 0. 0. 0. 0. 0.
    0. 0. 0. 0. 0. 0. 0. 0. 0. 0. 0. 2.81100011e+00 2.81100011e+00
    2.80699992e+00 2.67400002e+00 2.22099996e+00 2.06800008e+00
    2.03600001e+00 2.00300002e+00 1.97599995e+00 1.96300006e+00
    1.97200000e+00 1.99399996e+00 1.98500001e+00 1.98099995e+00
    1.98099995e+00 1.98099995e+00 1.96200001e+00 1.94400001e+00
    1.93200004e+00 1.93499994e+00 1.94500005e+00 0. 0. 0. 0. 0. 0. 0. 0.
    0. 0. 0. 0. 0. 0. 0. 0. 0. 0. 0. 2.81100011e+00 2.81100011e+00
