<?xml version="1.0"?>
<opencv_storage>
<Depth type_id="opencv-matrix">
  <rows>40</rows>
  <cols>40</cols>
  <dt>f</dt>
  <data>
    0. 0. 0. 0. 0. 0. 0. 0. 0. 0. 0. 0. 0. 0. 0. 0. 0. 0. 0. 0. 0. 0. 0.
    0. 0. 0. 0. 0. 0. 0. 0. 0. 0. 0. 0. 0. 0. 0. 0. 0. 0. 0. 0. 0. 0. 0.
    0. 0. 0. 0. 0. 0. 0. 0. 0. 0. 0. 0. 0. 0. 0. 0. 0. 0. 0. 0. 0. 0. 0.
    0. 0. 0. 0. 0. 0. 0. 0. 0. 0. 0. 0. 0. 0. 0. 0. 0. 0. 0. 0. 0. 0. 0.
    0. 0. 0. 0. 0. 0. 0. 0. 0. 0. 0. 0. 0. 0. 0. 0. 0. 0. 0. 0. 0. 0. 0.
    0. 0. 0. 0. 0. 0. 0. 0. 0. 0. 0. 0. 0. 0. 0. 0. 0. 0. 0. 0. 0. 0. 0.
    0. 0. 0. 0. 0. 0. 0. 0. 0. 0. 0. 0. 0. 0. 0. 0. 0. 0. 0. 0. 0. 0. 0.
    0. 0. 0. 0. 0. 0. 0. 0. 0. 0. 0. 0. 0. 0. 0. 0. 0. 0. 0. 0. 0. 0. 0.
    0. 0. 0. 0. 0. 0. 0. 0. 0. 0. 0. 0. 0. 0. 0. 0. 0. 0. 0. 0. 0. 0. 0.
    0. 0. 0. 0. 0. 0. 0. 0. 0. 0. 0. 0. 0. 0. 0. 0. 0. 0. 0. 0. 0. 0. 0.
    0. 0. 0. 0. 0. 0. 0. 0. 0. 0. 0. 0. 0. 0. 0. 0. 0. 0. 0. 0. 0. 0. 0.
    0. 0. 0. 0. 0. 0. 0. 0. 0. 0. 0. 0. 0. 0. 0. 0. 0. 0. 0. 0. 0. 0. 0.
    0. 0. 0. 0. 0. 0. 0. 0. 0. 0. 0. 0. 0. 0. 0. 0. 0. 0. 0. 0. 0. 0. 0.
    0. 0. 0. 0. 0. 0. 0. 0. 0. 0. 0. 0. 0. 0. 0. 0. 0. 0. 0. 0. 0. 0. 0.
    0. 0. 0. 0. 0. 0. 0. 0. 0. 0. 0. 0. 0. 0. 0. 0. 0. 0. 0. 0. 0. 0. 0.
    0. 0. 0. 0. 0. 0. 0. 0. 0. 0. 0. 0. 0. 0. 0. 0. 0. 0. 0. 0. 0. 0. 0.
    0. 0. 0. 0. 0. 0. 0. 0. 0. 0. 0. 0. 0. 0. 0. 0. 0. 0. 0. 0. 0. 0. 0.
    0. 0. 0. 0. 0. 0. 0. 0. 0. 0. 0. 0. 0. 0. 0. 0. 0. 0. 0. 0. 0. 0. 0.
    0. 0. 0. 0. 0. 0. 0. 0. 0. 0. 0. 0. 0. 0. 0. 0. 0. 0. 0. 0. 0. 0. 0.
    0. 0. 0. 0. 0. 0. 0. 0. 0. 0. 0. 0. 0. 0. 0. 0. 0. 0. 0. 0. 0. 0. 0.
    0. 0. 0. 0. 0. 0. 0. 0. 0. 0. 0. 0. 0. 0. 0. 0. 0. 0. 0. 0. 0. 0. 0.
    0. 0. 0. 0. 0. 0. 0. 0. 0. 0. 0. 0. 0. 0. 0. 0. 0. 0. 0. 0. 0. 0. 0.
    0. 0. 0. 0. 0. 0. 0. 0. 0. 0. 0. 0. 0. 0. 0. 0. 0. 0. 0. 0. 0. 0. 0.
    0. 0. 0. 0. 0. 0. 0. 0. 0. 0. 0. 0. 0. 0. 0. 0. 0. 0. 0. 0. 0. 0. 0.
    0. 0. 0. 0. 0. 0. 0. 0. 2.19300008e+00 2.19899988e+00 2.19899988e+00
    2.13000011e+00 2.03699994e+00 2. 2. 2. 2. 2.01500010e+00
    2.06100011e+00 2.09800005e+00 2.09800005e+00 2.09599996e+00
    2.04999995e+00 2.00399995e+00 2. 2. 2.03600001e+00 2.08100009e+00
    2.06900001e+00 2.02300000e+00 1.97800004e+00 1.93400002e+00
    1.90600002e+00 1.90600002e+00 1.90600002e+00 1.90600002e+00
    1.90600002e+00 1.90600002e+00 1.90600002e+00 1.94799995e+00
    1.99199998e+00 2. 2. 2. 2. 2.02399993e+00 2.06999993e+00
    2.07999992e+00 2.19300008e+00 2.19099998e+00 2.18099999e+00
    2.11700010e+00 2.03299999e+00 2. 2. 2. 2. 2.01200008e+00
    2.04900002e+00 2.07800007e+00 2.07800007e+00 2.07599998e+00
    2.03999996e+00 2.00300002e+00 2. 2. 2.02800012e+00 2.06500006e+00
    2.04900002e+00 2.00399995e+00 1.96399999e+00 1.92799997e+00
    1.90600002e+00 1.90600002e+00 1.90600002e+00 1.90600002e+00
    1.90600002e+00 1.90600002e+00 1.90600002e+00 1.93900001e+00
    1.97399998e+00 1.98099995e+00 1.98099995e+00 1.98099995e+00
    1.98099995e+00 2.00500011e+00 2.05100012e+00 2.06399989e+00
    2.19300008e+00 2.17100000e+00 2.14000010e+00 2.08599997e+00
    2.02399993e+00 2. 2. 2. 2. 2.00500011e+00 2.01999998e+00
    2.03200006e+00 2.03200006e+00 2.03200006e+00 2.01600003e+00
    2.00099993e+00 2. 2. 2.01200008e+00 2.02699995e+00 2.00399995e+00
    1.95899999e+00 1.92999995e+00 1.91499996e+00 1.90600002e+00
    1.90600002e+00 1.90600002e+00 1.90600002e+00 1.90600002e+00
    1.90600002e+00 1.90600002e+00 1.91999996e+00 1.93400002e+00
    1.93700004e+00 1.93700004e+00 1.93700004e+00 1.93700004e+00
    1.96099997e+00 2.00500011e+00 2.02600002e+00 2.19300008e+00
    2.15700006e+00 2.10999990e+00 2.06399989e+00 2.01799989e+00 2. 2. 2.
    2. 2. 2. 2. 2. 2. 2. 2. 2. 2. 2. 2. 1.97200000e+00 1.92799997e+00
    1.90600002e+00 1.90600002e+00 1.90600002e+00 1.90600002e+00
    1.90699995e+00 1.91299999e+00 1.91900003e+00 1.91900003e+00
    1.91900003e+00 1.91299999e+00 1.90699995e+00 1.90600002e+00
    1.90600002e+00 1.90600002e+00 1.90600002e+00 1.92600000e+00
    1.96399999e+00 1.98699999e+00 2.19300008e+00 2.15700006e+00
    2.10999990e+00 2.06399989e+00 2.01799989e+00 2. 2. 2. 2. 2. 2. 2. 2.
    2. 2. 2. 2. 2. 2. 2. 1.97200000e+00 1.92799997e+00 1.90600002e+00
    1.90600002e+00 1.90600002e+00 1.90600002e+00 1.91199994e+00
    1.93900001e+00 1.96300006e+00 1.96300006e+00 1.96300006e+00
    1.93799996e+00 1.91100001e+00 1.90600002e+00 1.90600002e+00
    1.90600002e+00 1.90600002e+00 1.91499996e+00 1.93299997e+00
    1.94299996e+00 2.19300008e+00 2.16000009e+00 2.11700010e+00
    2.07100010e+00 2.02500010e+00 2.00699997e+00 2.00699997e+00
    2.00699997e+00 2.00699997e+00 2.00699997e+00 2.00699997e+00
    2.00699997e+00 2.00699997e+00 2.00699997e+00 2.00399995e+00 2. 2. 2.
    2. 2. 1.97399998e+00 1.93299997e+00 1.91400003e+00 1.91799998e+00
    1.91900003e+00 1.91499996e+00 1.92100000e+00 1.95899999e+00
    1.99300003e+00 1.99300003e+00 1.99300003e+00 1.95500004e+00
    1.91400003e+00 1.90600002e+00 1.90600002e+00 1.90600002e+00
    1.90600002e+00 1.90600002e+00 1.90600002e+00 1.90600002e+00
    2.19300008e+00 2.18000007e+00 2.15799999e+00 2.11800003e+00
    2.07100010e+00 2.05299997e+00 2.05299997e+00 2.05299997e+00
    2.05299997e+00 2.05299997e+00 2.05299997e+00 2.05299997e+00
    2.05299997e+00 2.05200005e+00 2.02699995e+00 2.00200009e+00 2. 2. 2.
    2. 1.98699999e+00 1.96700001e+00 1.96899998e+00 1.99399996e+00
    2.00099993e+00 1.97599995e+00 1.95599997e+00 1.95200002e+00
    1.94900000e+00 1.94900000e+00 1.94900000e+00 1.92999995e+00
    1.90999997e+00 1.90600002e+00 1.90600002e+00 1.90600002e+00
    1.90600002e+00 1.90600002e+00 1.90600002e+00 1.90600002e+00
    2.19300008e+00 2.19899988e+00 2.19899988e+00 2.16400003e+00
    2.11700010e+00 2.09899998e+00 2.09899998e+00 2.09899998e+00
    2.09899998e+00 2.09899998e+00 2.09800005e+00 2.09800005e+00
    2.09800005e+00 2.09599996e+00 2.04999995e+00 2.00399995e+00 2. 2. 2.
    2. 2. 2. 2.02300000e+00 2.06900001e+00 2.08100009e+00 2.03600001e+00
    1.99000001e+00 1.94599998e+00 1.90600002e+00 1.90600002e+00
    1.90600002e+00 1.90600002e+00 1.90600002e+00 1.90600002e+00
    1.90699995e+00 1.90699995e+00 1.90600002e+00 1.90600002e+00
    1.90600002e+00 1.90600002e+00 2.19300008e+00 2.19899988e+00
    2.19899988e+00 2.18099999e+00 2.15599990e+00 2.14599991e+00
    2.14599991e+00 2.14599991e+00 2.14599991e+00 2.13899994e+00
    2.11599994e+00 2.09800005e+00 2.09800005e+00 2.09599996e+00
    2.04999995e+00 2.00399995e+00 2. 2. 2. 2. 2. 2. 2.02300000e+00
    2.06900001e+00 2.08100009e+00 2.03600001e+00 1.99000001e+00
    1.94599998e+00 1.90600002e+00 1.90600002e+00 1.90600002e+00
    1.90600002e+00 1.90600002e+00 1.92299998e+00 1.94400001e+00
    1.93700004e+00 1.91600001e+00 1.90600002e+00 1.90600002e+00
    1.90600002e+00 2.19300008e+00 2.19899988e+00 2.19899988e+00
    2.19700003e+00 2.19400001e+00 2.19300008e+00 2.19300008e+00
    2.19300008e+00 2.19300008e+00 2.17899990e+00 2.13400006e+00
    2.09800005e+00 2.09800005e+00 2.09599996e+00 2.04999995e+00
    2.00399995e+00 2. 2. 2. 2. 2. 2. 2.02300000e+00 2.06900001e+00
    2.08100009e+00 2.03600001e+00 1.99000001e+00 1.94599998e+00
    1.90600002e+00 1.90600002e+00 1.90600002e+00 1.90600002e+00
    1.90600002e+00 1.94000006e+00 1.98099995e+00 1.96700001e+00
    1.92499995e+00 1.90600002e+00 1.90600002e+00 1.90600002e+00
    2.19300008e+00 2.19899988e+00 2.19899988e+00 2.19899988e+00
    2.19899988e+00 2.19899988e+00 2.19899988e+00 2.19899988e+00
    2.19899988e+00 2.18400002e+00 2.13599992e+00 2.09800005e+00
    2.09800005e+00 2.09599996e+00 2.04999995e+00 2.00399995e+00 2. 2. 2.
    2. 2. 2. 2.02300000e+00 2.06900001e+00 2.08100009e+00 2.03600001e+00
    1.99000001e+00 1.94599998e+00 1.90600002e+00 1.90600002e+00
    1.90600002e+00 1.90600002e+00 1.90600002e+00 1.94200003e+00
    1.98599994e+00 1.97000003e+00 1.92600000e+00 1.90600002e+00
    1.90600002e+00 1.90600002e+00 0. 0. 0. 0. 0. 0. 0. 0. 0. 0. 0. 0. 0.
    0. 0. 0. 0. 0. 0. 0. 0. 0. 0. 0. 0. 0. 0. 0. 0. 0. 0. 0. 0. 0. 0. 0.
