<?xml version="1.0"?>
<opencv_storage>
<Depth type_id="opencv-matrix">
  <rows>40</rows>
  <cols>40</cols>
  <dt>f</dt>
  <data>
    0. 0. 0. 0. 0. 0. 0. 0. 0. 0. 0. 0. 0. 0. 0. 0. 0. 0. 0. 0. 0. 0. 0.
    0. 0. 0. 0. 0. 0. 0. 0. 0. 0. 0. 0. 0. 0. 0. 0. 0. 0. 0. 0. 0. 0. 0.
    0. 0. 0. 0. 0. 0. 0. 0. 0. 0. 0. 0. 0. 0. 0. 0. 0. 0. 0. 0. 0. 0. 0.
    0. 0. 0. 0. 0. 0. 0. 0. 0. 0. 0. 0. 0. 0. 0. 0. 0. 0. 0. 0. 0.
    2.24699998e+00 2.22700000e+00 2.21399999e+00 2.20900011e+00
    2.21099997e+00 2.18199992e+00 2.02300000e+00 2.15499997e+00
    2.82999992e+00 0. 0. 0. 0. 0. 0. 0. 0. 0. 0. 0. 0. 0. 0. 0. 0. 0. 0.
    0. 0. 0. 0. 0. 0. 0. 0. 0. 0. 0. 0. 0. 0. 2.20600009e+00
    2.18000007e+00 2.16599989e+00 2.10800004e+00 2.09200001e+00
    2.02300000e+00 2.02300000e+00 2.02300000e+00 2.02300000e+00 0. 0. 0.
    0. 0. 0. 0. 0. 0. 0. 0. 0. 0. 0. 0. 0. 0. 0. 0. 0. 0. 0. 0. 0. 0. 0.
    0. 0. 0. 0. 2.07800007e+00 2.07399988e+00 2.08800006e+00
    2.07999992e+00 2.03399992e+00 2.02500010e+00 2.02300000e+00
    2.01500010e+00 2.01500010e+00 2.01500010e+00 0. 0. 0. 0. 0. 0. 0. 0.
    0. 0. 0. 0. 0. 0. 0. 0. 0. 0. 0. 0. 0. 0. 0. 0. 0. 0. 0. 0.
    2.04600000e+00 2.04600000e+00 2.04999995e+00 2.03299999e+00
    2.02999997e+00 2.02699995e+00 2.01999998e+00 2.01999998e+00
    2.01999998e+00 2.01500010e+00 2.01500010e+00 2.01200008e+00 0. 0. 0.
    0. 0. 0. 0. 0. 0. 0. 0. 0. 0. 0. 0. 0. 0. 0. 0. 0. 0. 0. 0. 0. 0. 0.
    0. 0. 2.03699994e+00 2.03600001e+00 2.02900004e+00 2.02300000e+00
    2.02200007e+00 2.01500010e+00 2.01500010e+00 2.01500010e+00
    2.01500010e+00 2.01500010e+00 2.01500010e+00 2.00799990e+00
    1.99300003e+00 0. 0. 0. 0. 0. 0. 0. 0. 0. 0. 0. 0. 0. 0. 0. 0. 0. 0.
    0. 0. 0. 0. 0. 0. 0. 0. 0. 2.02399993e+00 2.01699996e+00
    2.01699996e+00 2.02300000e+00 2.02200007e+00 2.01500010e+00
    2.01500010e+00 2.01500010e+00 2.01500010e+00 2.01500010e+00
    2.01500010e+00 2.00799990e+00 2.00500011e+00 0. 0. 0. 0. 0. 0. 0. 0.
    0. 0. 0. 0. 0. 0. 0. 0. 0. 0. 0. 0. 0. 0. 0. 0. 0. 0. 0.
    2.02300000e+00 2.01500010e+00 2.01500010e+00 2.02300000e+00
    2.01500010e+00 2.01500010e+00 2.01500010e+00 2.01500010e+00
    2.01500010e+00 2.01500010e+00 2.01500010e+00 2.01500010e+00
    2.01099992e+00 2.01500010e+00 0. 0. 0. 0. 0. 0. 0. 0. 0. 0. 0. 0. 0.
    0. 0. 0. 0. 0. 0. 0. 0. 0. 0. 0. 0. 0. 2.02300000e+00 2.01500010e+00
    2.01500010e+00 2.02200007e+00 2.02200007e+00 2.01500010e+00
    2.01500010e+00 2.01500010e+00 2.01500010e+00 2.01500010e+00
    2.01500010e+00 2.01500010e+00 2.01500010e+00 2.01500010e+00 0. 0. 0.
    0. 0. 0. 0. 0. 0. 0. 0. 0. 0. 0. 0. 0. 0. 0. 0. 0. 0. 0. 0. 0. 0. 0.
    2.02300000e+00 2.01500010e+00 2.01500010e+00 2.01500010e+00
    2.02200007e+00 2.01500010e+00 2.01500010e+00 2.01500010e+00
    2.01500010e+00 2.01500010e+00 2.01500010e+00 2.01500010e+00
    2.01500010e+00 2.01500010e+00 0. 0. 0. 0. 0. 0. 0. 0. 0. 0. 0. 0. 0.
    0. 0. 0. 0. 0. 0. 0. 0. 0. 0. 0. 0. 0. 0. 2.01099992e+00
    2.01099992e+00 2.01500010e+00 2.01500010e+00 2.01500010e+00
    2.01500010e+00 2.01500010e+00 2.01500010e+00 2.01500010e+00
    2.01300001e+00 2.00799990e+00 2.00799990e+00 2.01500010e+00
    2.05100012e+00 0. 0. 0. 0. 0. 0. 0. 0. 0. 0. 0. 0. 0. 0. 0. 0. 0. 0.
    0. 0. 0. 0. 0. 0. 0. 0. 2.00799990e+00 2.00799990e+00 2.01500010e+00
    2.01500010e+00 2.01500010e+00 2.01500010e+00 2.01500010e+00
    2.01500010e+00 2.01500010e+00 2.01200008e+00 2.00799990e+00
    2.00799990e+00 2.00200009e+00 1.99100006e+00 0. 0. 0. 0. 0. 0. 0. 0.
    0. 0. 0. 0. 0. 0. 0. 0. 0. 0. 0. 0. 0. 0. 0. 0. 0. 0. 2.00799990e+00
    2.00799990e+00 2.01500010e+00 2.01500010e+00 2.01500010e+00
    2.01500010e+00 2.01500010e+00 2.01500010e+00 2.01500010e+00
    2.00799990e+00 2.00799990e+00 2.00799990e+00 1.99600005e+00
    1.98599994e+00 0. 0. 0. 0. 0. 0. 0. 0. 0. 0. 0. 0. 0. 0. 0. 0. 0. 0.
    0. 0. 0. 0. 0. 0. 0. 0. 0. 2.01399994e+00 2.01500010e+00
    2.01500010e+00 2.01500010e+00 2.01500010e+00 2.01500010e+00
    2.01500010e+00 2.01500010e+00 2.01200008e+00 2.01200008e+00
    2.00799990e+00 1.99699998e+00 1.99000001e+00 1.99199998e+00 0. 0. 0.
    0. 0. 0. 0. 0. 0. 0. 0. 0. 0. 0. 0. 0. 0. 0. 0. 0. 0. 0. 0. 0. 0. 0.
    2.01600003e+00 2.01500010e+00 2.01500010e+00 2.01500010e+00
    2.01500010e+00 2.01500010e+00 2.01500010e+00 2.01500010e+00
    2.01500010e+00 2.01500010e+00 2.00799990e+00 1.99800003e+00
    1.99300003e+00 1.99300003e+00 0. 0. 0. 0. 0. 0. 0. 0. 0. 0. 0. 0. 0.
    0. 0. 0. 0. 0. 0. 0. 0. 0. 0. 0. 0. 0. 0. 2.01500010e+00
    2.01500010e+00 2.01500010e+00 2.01500010e+00 2.01500010e+00
    2.01500010e+00 2.01500010e+00 2.01500010e+00 2.01500010e+00
    2.00799990e+00 1.99800003e+00 1.99300003e+00 1.99300003e+00
    1.99000001e+00 0. 0. 0. 0. 0. 0. 0. 0. 0. 0. 0. 0. 0. 0. 0. 0. 0. 0.
    0. 0. 0. 0. 0. 0. 0. 0. 2.01699996e+00 2.01500010e+00 2.01500010e+00
    2.01500010e+00 2.01500010e+00 2.01500010e+00 2.01500010e+00
    2.01500010e+00 2.01500010e+00 2.00799990e+00 2. 1.99300003e+00
    1.98800004e+00 1.98599994e+00 0. 0. 0. 0. 0. 0. 0. 0. 0. 0. 0. 0. 0.
    0. 0. 0. 0. 0. 0. 0. 0. 0. 0. 0. 0. 0. 2.01500010e+00 2.01500010e+00
    2.01500010e+00 2.01500010e+00 2.01500010e+00 2.01500010e+00
    2.01500010e+00 2.01399994e+00 2.00500011e+00 2.00699997e+00
    2.00600004e+00 2. 1.99600005e+00 1.99600005e+00 0. 0. 0. 0. 0. 0. 0.
    0. 0. 0. 0. 0. 0. 0. 0. 0. 0. 0. 0. 0. 0. 0. 0. 0. 0. 0.
    2.02200007e+00 2.01500010e+00 2.01500010e+00 2.01500010e+00
    2.01500010e+00 2.01500010e+00 2.01500010e+00 2.00799990e+00 2. 2.
    2.00799990e+00 2.00799990e+00 2.00099993e+00 2. 2.37800002e+00 0. 0.
    0. 0. 0. 0. 0. 0. 0. 0. 0. 0. 0. 0. 0. 0. 0. 0. 0. 0. 0. 0. 0. 0. 0.
    2.01500010e+00 2.01500010e+00 2.01500010e+00 2.01500010e+00
    2.01500010e+00 2.01500010e+00 2.01200008e+00 2.00600004e+00 2. 2.
    2.00200009e+00 2.00799990e+00 2.00200009e+00 2. 2.37800002e+00 0. 0.
    0. 0. 0. 0. 0. 0. 0. 0. 0. 0. 0. 0. 0. 0. 0. 0. 0. 0. 0. 0. 0. 0. 0.
    2.83599997e+00 2.02200007e+00 2.01500010e+00 2.01300001e+00
    2.01200008e+00 2.01500010e+00 2.01099992e+00 2.00699997e+00
    2.00399995e+00 2. 2. 2. 2. 1.99300003e+00 1.99300003e+00 0. 0. 0. 0.
    0. 0. 0. 0. 0. 0. 0. 0. 0. 0. 0. 0. 0. 0. 0. 0. 0. 0. 0. 0. 0. 0.
    2.00799990e+00 2.00799990e+00 2.01200008e+00 2.00900006e+00
    2.00799990e+00 2.00799990e+00 2.00799990e+00 2.00799990e+00
    2.00300002e+00 2. 1.99300003e+00 1.99300003e+00 1.99300003e+00
    1.99300003e+00 0. 0. 0. 0. 0. 0. 0. 0. 0. 0. 0. 0. 0. 0. 0. 0. 0. 0.
    0. 0. 0. 0. 0. 0. 0. 0. 0. 2.01399994e+00 2.00900006e+00
    2.01399994e+00 2.00799990e+00 2.00799990e+00 2.00600004e+00
    2.00099993e+00 2. 2. 1.99300003e+00 1.99300003e+00 1.99300003e+00
    1.99300003e+00 1.99300003e+00 0. 0. 0. 0. 0. 0. 0. 0. 0. 0. 0. 0. 0.
    0. 0. 0. 0. 0. 0. 0. 0. 0. 0. 0. 0. 0. 2.42400002e+00 2.00799990e+00
    2.00699997e+00 2. 2. 2. 1.99600005e+00 1.99600005e+00 1.99699998e+00
    1.99699998e+00 1.99399996e+00 1.99300003e+00 1.99300003e+00
    1.99300003e+00 2.84500003e+00 0. 0. 0. 0. 0. 0. 0. 0. 0. 0. 0. 0. 0.
    0. 0. 0. 0. 0. 0. 0. 0. 0. 0. 0. 0. 2.76799989e+00 2.01600003e+00
    2.00699997e+00 2. 1.99300003e+00 1.99300003e+00 1.99300003e+00
    1.99300003e+00 1.99300003e+00 1.99800003e+00 1.99300003e+00
    1.99300003e+00 1.99300003e+00 1.99300003e+00 1.42100000e+00
    1.92100000e+00 0. 0. 0. 0. 0. 0. 0. 0. 0. 0. 0. 0. 0. 0. 0. 0. 0. 0.
    0. 0. 0. 0. 0. 0. 0. 2.01900005e+00 2.00699997e+00 2. 1.99300003e+00
    1.99300003e+00 1.99300003e+00 1.99300003e+00 1.99300003e+00
    1.99300003e+00 1.99300003e+00 1.99300003e+00 1.99300003e+00
    1.98800004e+00 1.98599994e+00 0. 0. 0. 0. 0. 0. 0. 0. 0. 0. 0. 0. 0.
    0. 0. 0. 0. 0. 0. 0. 0. 0. 0. 0. 0. 1.50199997e+00 2.01500010e+00
    1.99899995e+00 1.99300003e+00 1.99300003e+00 1.99300003e+00
    1.99300003e+00 1.99300003e+00 1.99300003e+00 1.99300003e+00
    1.99300003e+00 1.99300003e+00 1.99300003e+00 1.98800004e+00
    1.98599994e+00 0. 0. 0. 0. 0. 0. 0. 0. 0. 0. 0. 0. 0. 0. 0. 0. 0. 0.
