<?xml version="1.0"?>
<opencv_storage>
<Depth type_id="opencv-matrix">
  <rows>40</rows>
  <cols>40</cols>
  <dt>f</dt>
  <data>
    0. 0. 0. 0. 0. 0. 0. 0. 0. 0. 0. 0. 0. 0. 0. 0. 0. 0. 0. 0. 0. 0. 0.
    0. 0. 0. 0. 0. 0. 0. 0. 0. 0. 0. 0. 0. 0. 0. 0. 0. 0. 0. 0. 0. 0. 0.
    0. 0. 0. 0. 0. 0. 0. 0. 0. 0. 0. 0. 0. 0. 0. 0. 0. 0. 0. 0. 0. 0. 0.
    0. 0. 0. 0. 0. 0. 0. 0. 0. 0. 0. 0. 0. 0. 0. 0. 0. 0. 0. 0. 0. 0. 0.
    0. 0. 0. 0. 0. 0. 0. 0. 0. 0. 0. 0. 0. 0. 0. 0. 0. 0. 0. 0. 0. 0. 0.
    0. 0. 0. 0. 0. 0. 0. 0. 0. 0. 0. 0. 0. 0. 0. 0. 0. 0. 0. 0. 0. 0. 0.
    0. 0. 0. 0. 0. 0. 0. 0. 0. 0. 0. 0. 0. 0. 0. 0. 0. 0. 0. 0. 0. 0. 0.
    0. 0. 0. 0. 0. 0. 0. 0. 0. 0. 0. 0. 0. 0. 0. 0. 0. 0. 0. 0. 0. 0. 0.
    0. 0. 0. 0. 0. 0. 0. 0. 0. 0. 0. 0. 0. 0. 0. 0. 0. 0. 0. 0. 0. 0. 0.
    0. 0. 0. 0. 0. 0. 0. 0. 0. 0. 0. 0. 0. 0. 0. 0. 0. 0. 0. 0. 0. 0. 0.
    0. 0. 0. 0. 0. 0. 0. 0. 0. 0. 0. 0. 0. 0. 0. 0. 0. 0. 0. 0. 0. 0. 0.
    0. 0. 0. 0. 0. 0. 0. 0. 0. 0. 0. 0. 0. 0. 0. 0. 0. 0. 0. 0. 0. 0. 0.
    0. 0. 0. 0. 0. 0. 0. 0. 0. 0. 0. 0. 0. 0. 0. 0. 0. 0. 0. 0. 0. 0. 0.
    0. 0. 0. 0. 0. 0. 0. 0. 0. 0. 0. 0. 0. 0. 0. 0. 0. 0. 0. 0. 0. 0. 0.
    0. 0. 0. 0. 0. 0. 0. 0. 0. 0. 0. 0. 0. 0. 0. 0. 0. 0. 0. 0. 0. 0. 0.
    0. 0. 0. 0. 0. 0. 0. 0. 0. 0. 0. 0. 0. 0. 0. 0. 0. 0. 0. 0. 0. 0. 0.
    0. 0. 0. 0. 0. 0. 0. 0. 0. 0. 0. 0. 0. 0. 0. 0. 0. 0. 0. 0. 0. 0. 0.
    0. 0. 0. 0. 0. 0. 0. 0. 0. 0. 0. 0. 0. 0. 0. 0. 0. 0. 0. 0. 0. 0. 0.
    0. 0. 0. 0. 0. 0. 0. 0. 0. 0. 0. 0. 0. 0. 0. 0. 0. 0. 0. 0. 0. 0. 0.
    0. 0. 0. 0. 0. 0. 0. 0. 2.38899994e+00 2.36199999e+00 2.32100010e+00
    2.31999993e+00 2.31999993e+00 2.31999993e+00 2.31999993e+00
    2.31999993e+00 2.24699998e+00 2.18600011e+00 2.18600011e+00
    2.18600011e+00 2.18600011e+00 2.85999990e+00 0. 0. 0. 0. 0. 0. 0. 0.
    0. 0. 0. 0. 0. 0. 0. 0. 0. 0. 0. 0. 0. 0. 0. 0. 0. 0. 2.38899994e+00
    2.36199999e+00 2.32100010e+00 2.31999993e+00 2.31999993e+00
    2.31999993e+00 2.31999993e+00 2.31999993e+00 2.24699998e+00
    2.18600011e+00 2.18600011e+00 2.18600011e+00 2.18600011e+00
    2.57299995e+00 2.94899988e+00 2.94899988e+00 2.92899990e+00
    2.88800001e+00 2.86899996e+00 2.85800004e+00 2.85800004e+00
    2.85800004e+00 2.85800004e+00 0. 0. 0. 0. 0. 0. 0. 0. 0. 0. 0. 0. 0.
    0. 0. 0. 0. 2.38899994e+00 2.36199999e+00 2.32100010e+00
    2.31999993e+00 2.31999993e+00 2.31999993e+00 2.31999993e+00
    2.31999993e+00 2.24699998e+00 2.18600011e+00 2.18600011e+00
    2.18600011e+00 2.18600011e+00 2.13499999e+00 2.08500004e+00
    2.08500004e+00 2.03500009e+00 1.93200004e+00 1.88499999e+00
    1.85599995e+00 1.85599995e+00 1.85599995e+00 1.85599995e+00
    2.53699994e+00 0. 0. 0. 0. 0. 0. 0. 0. 0. 0. 0. 0. 0. 0. 0. 0.
    2.38899994e+00 2.37800002e+00 2.35999990e+00 2.33699989e+00
    2.31999993e+00 2.31999993e+00 2.27999997e+00 2.21199989e+00
    2.17600012e+00 2.15000010e+00 2.15000010e+00 2.16100001e+00
    2.18300009e+00 2.12199998e+00 2.05999994e+00 2.05999994e+00
    2.00900006e+00 1.90400004e+00 1.85699999e+00 1.82700002e+00
    1.82700002e+00 1.82700002e+00 1.82700002e+00 2.13499999e+00
    2.53099990e+00 2.53099990e+00 1.98000002e+00 0. 0. 0. 0. 0. 0. 0. 0.
    0. 0. 0. 0. 0. 2.38899994e+00 2.38899994e+00 2.38899994e+00
    2.34899998e+00 2.31999993e+00 2.31999993e+00 2.25000000e+00
    2.13299990e+00 2.12299991e+00 2.12299991e+00 2.12299991e+00
    2.14000010e+00 2.17100000e+00 2.11700010e+00 2.05800009e+00
    2.04600000e+00 1.99500000e+00 1.90199995e+00 1.85699999e+00
    1.82700002e+00 1.82700002e+00 1.82700002e+00 1.82700002e+00
    1.85200000e+00 1.88300002e+00 1.88300002e+00 0. 0. 0. 0. 0. 0. 0. 0.
    0. 0. 0. 0. 0. 0. 2.38899994e+00 2.38899994e+00 2.38899994e+00
    2.34899998e+00 2.31999993e+00 2.31999993e+00 2.25000000e+00
    2.13299990e+00 2.12299991e+00 2.12299991e+00 2.12299991e+00
    2.12800002e+00 2.13700008e+00 2.09800005e+00 2.05100012e+00
    1.99699998e+00 1.94500005e+00 1.89300001e+00 1.85699999e+00
    1.82700002e+00 1.82700002e+00 1.82700002e+00 1.82700002e+00
    1.85200000e+00 1.88300002e+00 1.88300002e+00 0. 0. 0. 0. 0. 0. 0. 0.
    0. 0. 0. 0. 0. 0. 2.41499996e+00 2.40499997e+00 2.38899994e+00
    2.34899998e+00 2.31999993e+00 2.31999993e+00 2.26600003e+00
    2.17700005e+00 2.14400005e+00 2.12299991e+00 2.12299991e+00
    2.11599994e+00 2.10299993e+00 2.06900001e+00 2.02900004e+00
    1.97099996e+00 1.92400002e+00 1.88999999e+00 1.85699999e+00
    1.82700002e+00 1.82700002e+00 1.82700002e+00 1.82700002e+00
    1.84300005e+00 1.86300004e+00 1.85099995e+00 1.22700000e+00 0. 0. 0.
    0. 0. 0. 0. 0. 0. 0. 0. 0. 0. 2.45700002e+00 2.43099999e+00
    2.39000010e+00 2.34899998e+00 2.31999993e+00 2.31999993e+00
    2.29299998e+00 2.24900007e+00 2.17899990e+00 2.12299991e+00
    2.12299991e+00 2.10400009e+00 2.06800008e+00 2.03299999e+00
    1.99699998e+00 1.96000004e+00 1.92400002e+00 1.88999999e+00
    1.85699999e+00 1.82700002e+00 1.82700002e+00 1.82700002e+00
    1.82700002e+00 1.82799995e+00 1.82799995e+00 1.79799998e+00
    1.72899997e+00 1.59399998e+00 1.55100000e+00 0. 0. 0. 0. 0. 0. 0. 0.
    0. 0. 0. 2.54200006e+00 2.51300001e+00 2.46900010e+00 2.38299990e+00
    2.31999993e+00 2.31999993e+00 2.27099991e+00 2.18899989e+00
    2.13199997e+00 2.08899999e+00 2.08899999e+00 2.07999992e+00
    2.06200004e+00 2.02999997e+00 1.99699998e+00 1.98099995e+00
    1.95599997e+00 1.92100000e+00 1.88699996e+00 1.85699999e+00
    1.85699999e+00 1.85699999e+00 1.85699999e+00 1.84399998e+00
    1.82500005e+00 1.79299998e+00 1.77300000e+00 1.77300000e+00
    1.77300000e+00 0. 0. 0. 0. 0. 0. 0. 0. 0. 0. 0. 2.60999990e+00
    2.57999992e+00 2.53500009e+00 2.39599991e+00 2.29399991e+00
    2.29399991e+00 2.23300004e+00 2.13199997e+00 2.08899999e+00
    2.05999994e+00 2.05999994e+00 2.05699992e+00 2.05299997e+00
    2.02600002e+00 2. 2. 1.98300004e+00 1.94799995e+00 1.91400003e+00
    1.88300002e+00 1.88300002e+00 1.88300002e+00 1.88300002e+00
    1.85800004e+00 1.82500005e+00 1.79299998e+00 1.77100003e+00
    1.76699996e+00 1.76600003e+00 0. 0. 0. 0. 0. 0. 0. 0. 0. 0. 0.
    2.60999990e+00 2.57999992e+00 2.53500009e+00 2.32800007e+00
    2.17700005e+00 2.17700005e+00 2.15799999e+00 2.12599993e+00
    2.08899999e+00 2.05999994e+00 2.05999994e+00 2.04600000e+00
    2.01999998e+00 2.00799990e+00 2. 2. 1.98300004e+00 1.94799995e+00
    1.91400003e+00 1.88300002e+00 1.88300002e+00 1.88300002e+00
    1.88300002e+00 1.85800004e+00 1.82500005e+00 1.79299998e+00
    1.76400006e+00 1.74100006e+00 1.73399997e+00 0. 0. 0. 0. 0. 0. 0. 0.
    0. 0. 0. 2.45400000e+00 2.43400002e+00 2.40300012e+00 2.24099994e+00
    2.12299991e+00 2.12299991e+00 2.12299991e+00 2.12299991e+00
    1.29400003e+00 0. 1.65999997e+00 2.04099989e+00 2.00500011e+00 2. 2.
    2. 1.97800004e+00 1.93200004e+00 1.90400004e+00 1.88300002e+00
    1.88300002e+00 1.87800002e+00 1.86800003e+00 1.84800005e+00
    1.82500005e+00 1.78199995e+00 1.74800003e+00 1.72599995e+00
    1.71899998e+00 0. 0. 0. 0. 0. 0. 0. 0. 0. 0. 0. 2.16499996e+00
    2.16199994e+00 2.15899992e+00 2.13800001e+00 2.12299991e+00
    2.12299991e+00 2.12299991e+00 2.12299991e+00 0. 0. 0. 2.04099989e+00
    2.00500011e+00 2. 2. 2. 1.96800005e+00 1.90199995e+00 1.88600004e+00
    1.88300002e+00 1.88300002e+00 1.87000000e+00 1.84000003e+00
    1.83000004e+00 1.82400000e+00 1.76300001e+00 1.72300005e+00
    1.72000003e+00 1.71899998e+00 0. 0. 0. 0. 0. 0. 0. 0. 0. 0. 0.
    2.94099998e+00 2.62199998e+00 2.13700008e+00 2.12299991e+00
    2.12299991e+00 2.12299991e+00 1.28699994e+00 0. 0. 0. 0. 0.
    1.80499995e+00 1.95599997e+00 1.91199994e+00 1.91199994e+00
    1.89600003e+00 1.86199999e+00 1.85500002e+00 1.85500002e+00
    1.85500002e+00 1.84800005e+00 1.83099997e+00 1.81500006e+00
    1.79600000e+00 1.73300004e+00 1.69299996e+00 1.69299996e+00
    1.69299996e+00 0. 0. 0. 0. 0. 0. 0. 0. 0. 0. 0. 0. 0. 2.32100010e+00
    2.29600000e+00 2.18799996e+00 1.80999994e+00 0. 0. 0. 0. 0. 0.
    1.19700003e+00 1.68900001e+00 1.82700002e+00 1.82700002e+00
