<?xml version="1.0"?>
<opencv_storage>
<Depth type_id="opencv-matrix">
  <rows>40</rows>
  <cols>40</cols>
  <dt>f</dt>
  <data>
    0. 0. 0. 0. 0. 0. 0. 0. 0. 0. 0. 0. 0. 0. 0. 0. 0. 0. 0. 0. 0. 0. 0.
    0. 0. 0. 0. 0. 0. 0. 0. 0. 0. 0. 0. 0. 0. 0. 0. 0. 0. 0. 0. 0. 0. 0.
    0. 0. 0. 0. 0. 0. 0. 0. 0. 0. 0. 0. 0. 0. 0. 0. 0. 0. 0. 0. 0. 0. 0.
    0. 0. 0. 0. 0. 0. 0. 0. 0. 0. 0. 0. 0. 0. 0. 0. 0. 0. 0. 0. 0. 0. 0.
    0. 0. 0. 0. 0. 0. 0. 0. 0. 0. 0. 0. 0. 0. 0. 0. 0. 0. 0. 0. 0. 0. 0.
    0. 0. 0. 0. 0. 0. 0. 0. 0. 0. 0. 0. 0. 0. 0. 0. 0. 0. 0. 0. 0. 0. 0.
    0. 0. 0. 0. 0. 0. 0. 0. 0. 0. 0. 0. 0. 0. 0. 0. 0. 0. 0. 0. 0. 0. 0.
    0. 0. 0. 0. 0. 0. 0. 0. 0. 0. 0. 0. 0. 0. 0. 0. 0. 0. 0. 0. 0. 0. 0.
    0. 0. 0. 0. 0. 0. 0. 0. 0. 0. 0. 0. 0. 0. 0. 0. 0. 0. 0. 0. 0. 0. 0.
    0. 0. 0. 0. 0. 0. 0. 0. 0. 0. 0. 0. 0. 0. 0. 0. 0. 0. 0. 0. 0. 0. 0.
    0. 0. 0. 0. 0. 0. 0. 0. 0. 0. 0. 0. 0. 0. 0. 0. 0. 0. 0. 0. 0. 0. 0.
    0. 0. 0. 0. 0. 0. 0. 0. 0. 0. 0. 0. 0. 0. 0. 0. 0. 0. 0. 0. 0. 0. 0.
    0. 0. 0. 0. 0. 0. 0. 0. 0. 0. 0. 0. 0. 0. 0. 0. 0. 0. 0. 0. 0. 0. 0.
    0. 0. 0. 0. 0. 0. 0. 0. 0. 0. 0. 0. 0. 0. 0. 0. 0. 0. 0. 0. 0. 0. 0.
    0. 0. 0. 0. 0. 0. 0. 0. 0. 0. 0. 0. 0. 0. 0. 0. 0. 0. 0. 0. 0. 0. 0.
    0. 0. 0. 0. 0. 0. 0. 0. 0. 0. 0. 0. 0. 0. 0. 0. 0. 0. 0. 0. 0. 0. 0.
    0. 0. 0. 0. 0. 0. 0. 0. 0. 0. 0. 0. 0. 0. 0. 0. 0. 0. 0. 0. 0. 0. 0.
    0. 0. 0. 0. 0. 0. 0. 0. 0. 0. 0. 0. 0. 0. 0. 0. 0. 0. 0. 0. 0. 0. 0.
    0. 0. 0. 0. 0. 0. 0. 0. 0. 0. 0. 0. 0. 0. 0. 0. 0. 0. 0. 0. 0. 0. 0.
    0. 0. 0. 0. 0. 0. 0. 0. 0. 0. 0. 0. 0. 0. 0. 0. 0. 0. 0. 0. 0. 0. 0.
    0. 0. 0. 0. 0. 0. 0. 0. 0. 0. 0. 0. 0. 0. 0. 0. 0. 0. 0. 0. 0. 0. 0.
    0. 0. 0. 0. 0. 0. 0. 0. 0. 0. 0. 0. 0. 0. 0. 2.98900008e+00
    2.95000005e+00 2.95000005e+00 0. 0. 2.99200010e+00 2.95000005e+00
    2.95000005e+00 2.33899999e+00 1.95299995e+00 1.93400002e+00
    1.93400002e+00 1.93400002e+00 1.93400002e+00 1.93400002e+00
    1.90300000e+00 1.73500001e+00 1.72099996e+00 1.72099996e+00
    1.72099996e+00 1.72099996e+00 0. 0. 2.52900004e+00 2.51099992e+00
    2.48099995e+00 2.45799994e+00 2.45700002e+00 2.44199991e+00
    2.43899989e+00 2.43899989e+00 2.57699990e+00 0. 0. 0. 0. 0. 0. 0. 0.
    0. 0. 0. 0. 0. 0. 0. 2.39899993e+00 2.06200004e+00 1.94000006e+00
    1.93400002e+00 1.93400002e+00 1.93400002e+00 1.93400002e+00
    1.93400002e+00 1.91499996e+00 1.80999994e+00 1.78699994e+00
    1.77100003e+00 1.76100004e+00 1.76100004e+00 0. 0. 2.25399995e+00
    2.22700000e+00 2.19700003e+00 2.17700005e+00 2.17700005e+00
    2.17700005e+00 2.16599989e+00 2.16000009e+00 2.25900006e+00
    2.63899994e+00 2.62800002e+00 2.62500000e+00 2.62500000e+00
    2.62500000e+00 2.62500000e+00 2.62500000e+00 2.61599994e+00
    2.60800004e+00 2.60999990e+00 2.62299991e+00 2.64599991e+00
    2.92899990e+00 0. 2.57900000e+00 2.04699993e+00 1.93400002e+00
    1.93400002e+00 1.93400002e+00 1.93400002e+00 1.93400002e+00
    1.92499995e+00 1.91299999e+00 1.89400005e+00 1.84300005e+00
    1.81700003e+00 1.80100000e+00 1.78900003e+00 1.77900004e+00 0. 0.
    2.24399996e+00 2.22399998e+00 2.19700003e+00 2.17700005e+00
    2.17700005e+00 2.17700005e+00 2.15400004e+00 2.14000010e+00
    2.13100004e+00 2.09500003e+00 2.07500005e+00 2.06900001e+00
    2.06599998e+00 2.05999994e+00 2.05999994e+00 2.05999994e+00
    2.04200006e+00 2.02500010e+00 2.02800012e+00 2.05599999e+00
    2.05399990e+00 2.47600007e+00 2.71300006e+00 1.96500003e+00
    1.93900001e+00 1.93400002e+00 1.93400002e+00 1.93400002e+00
    1.93400002e+00 1.93400002e+00 1.91499996e+00 1.88999999e+00
    1.86600006e+00 1.84099996e+00 1.82299995e+00 1.81700003e+00
    1.80799997e+00 1.78699994e+00 0. 0. 2.21499991e+00 2.21399999e+00
    2.19600010e+00 2.17700005e+00 2.17700005e+00 2.17700005e+00
    2.15400004e+00 2.14000010e+00 2.12500000e+00 2.06900001e+00
    2.06900001e+00 2.06900001e+00 2.05599999e+00 2.03399992e+00
    2.03399992e+00 2.03399992e+00 2.01600003e+00 2. 2.00300002e+00
    2.02999997e+00 2.01099992e+00 1.99899995e+00 1.99000001e+00
    1.96500003e+00 1.93900001e+00 1.93400002e+00 1.93400002e+00
    1.93400002e+00 1.93400002e+00 1.93400002e+00 1.91499996e+00
    1.88900006e+00 1.86399996e+00 1.84099996e+00 1.83899999e+00
    1.83899999e+00 1.83000004e+00 1.81099999e+00 0. 0. 2.21499991e+00
    2.19300008e+00 2.18000007e+00 2.17700005e+00 2.17700005e+00
    2.17700005e+00 2.15400004e+00 2.14000010e+00 2.12500000e+00
    2.06900001e+00 2.06900001e+00 2.06900001e+00 2.05599999e+00
    2.03399992e+00 2.03399992e+00 2.03399992e+00 2.01600003e+00 2.
    2.00300002e+00 2.02999997e+00 2.01099992e+00 1.98699999e+00
    1.97000003e+00 1.96500003e+00 1.93900001e+00 1.93400002e+00
    1.93400002e+00 1.93400002e+00 1.93400002e+00 1.93400002e+00
    1.91499996e+00 1.88100004e+00 1.84300005e+00 1.83899999e+00
    1.83899999e+00 1.83899999e+00 1.83800006e+00 1.83399999e+00 0. 0.
    2.21499991e+00 2.18899989e+00 2.17700005e+00 2.17700005e+00
    2.17700005e+00 2.17700005e+00 2.15400004e+00 2.14000010e+00
    2.12500000e+00 2.06900001e+00 2.06900001e+00 2.06900001e+00
    2.06399989e+00 2.05599999e+00 2.05599999e+00 2.03999996e+00
    2.02699995e+00 2.02099991e+00 2.02099991e+00 2.01399994e+00
    2.00399995e+00 1.98399997e+00 1.96599996e+00 1.96500003e+00
    1.95599997e+00 1.94200003e+00 1.93400002e+00 1.93400002e+00
    1.93400002e+00 1.93400002e+00 1.92700005e+00 1.89199996e+00
    1.83899999e+00 1.83899999e+00 1.83899999e+00 1.83899999e+00
    1.83899999e+00 1.83899999e+00 0. 0. 2.19899988e+00 2.18400002e+00
    2.17700005e+00 2.17700005e+00 2.17600012e+00 2.16400003e+00
    2.14800000e+00 2.14000010e+00 2.12500000e+00 2.06900001e+00
    2.06900001e+00 2.06900001e+00 2.06900001e+00 2.06900001e+00
    2.06900001e+00 2.04299998e+00 2.03399992e+00 2.03399992e+00
    2.03099990e+00 2.00399995e+00 2. 1.98399997e+00 1.96599996e+00
    1.96599996e+00 1.96599996e+00 1.94599998e+00 1.93400002e+00
    1.93400002e+00 1.93400002e+00 1.93400002e+00 1.91900003e+00
    1.88300002e+00 1.83899999e+00 1.83899999e+00 1.83899999e+00
    1.83899999e+00 1.83899999e+00 1.83899999e+00 0. 0. 2.17700005e+00
    2.17700005e+00 2.17700005e+00 2.17700005e+00 2.17499995e+00
    2.14599991e+00 2.14000010e+00 2.13700008e+00 2.11899996e+00
    2.06900001e+00 2.06900001e+00 2.06900001e+00 2.06900001e+00
    2.06800008e+00 2.06200004e+00 2.03600001e+00 2.02699995e+00
    2.02699995e+00 2.02500010e+00 2.00900006e+00 2.00200009e+00
    1.98399997e+00 1.96599996e+00 1.96599996e+00 1.96599996e+00
    1.94599998e+00 1.93400002e+00 1.93400002e+00 1.93400002e+00
    1.92900002e+00 1.89499998e+00 1.85899997e+00 1.83899999e+00
    1.83899999e+00 1.83899999e+00 1.83899999e+00 1.83899999e+00
    1.83899999e+00 0. 0. 2.17700005e+00 2.17700005e+00 2.17700005e+00
    2.17700005e+00 2.17499995e+00 2.14599991e+00 2.14000010e+00
    2.12500000e+00 2.09699988e+00 2.06900001e+00 2.06900001e+00
    2.06900001e+00 2.06900001e+00 2.06399989e+00 2.03600001e+00
    2.00900006e+00 2. 2. 2.00300002e+00 2.02999997e+00 2.01099992e+00
    1.98399997e+00 1.96599996e+00 1.96599996e+00 1.96599996e+00
    1.94599998e+00 1.93400002e+00 1.93400002e+00 1.93400002e+00
    1.90799999e+00 1.88399994e+00 1.85899997e+00 1.83899999e+00
    1.83899999e+00 1.83899999e+00 1.83899999e+00 1.83899999e+00
    1.83899999e+00 0. 0. 2.17700005e+00 2.17700005e+00 2.17700005e+00
    2.17700005e+00 2.17499995e+00 2.14599991e+00 2.14000010e+00
    2.12500000e+00 2.09699988e+00 2.06900001e+00 2.04699993e+00
    2.04200006e+00 2.04200006e+00 2.03999996e+00 2.03399992e+00
    2.00900006e+00 2. 2. 2.00099993e+00 2.00600004e+00 2.00200009e+00
    1.98399997e+00 1.96599996e+00 1.96599996e+00 1.96599996e+00
    1.94599998e+00 1.92299998e+00 1.90300000e+00 1.88399994e+00
    1.87800002e+00 1.87300003e+00 1.86800003e+00 1.86300004e+00
    1.86300004e+00 1.84599996e+00 1.83899999e+00 1.83899999e+00
    1.83899999e+00 0. 0. 2.17700005e+00 2.17700005e+00 2.18700004e+00
    2.19300008e+00 2.17600012e+00 2.16400003e+00 2.14800000e+00
