<?xml version="1.0"?>
<opencv_storage>
<Depth type_id="opencv-matrix">
  <rows>40</rows>
  <cols>40</cols>
  <dt>f</dt>
  <data>
    0. 0. 0. 0. 0. 0. 0. 0. 0. 0. 0. 0. 0. 0. 0. 0. 0. 0. 0. 0. 0. 0. 0.
    0. 0. 0. 0. 0. 0. 0. 0. 0. 0. 0. 0. 0. 0. 0. 0. 0. 0. 0. 0. 0. 0. 0.
    0. 0. 0. 0. 0. 0. 0. 0. 0. 0. 0. 0. 0. 0. 0. 0. 0. 0. 0. 0. 0. 0. 0.
    0. 0. 0. 0. 0. 0. 0. 0. 0. 0. 0. 0. 0. 0. 0. 0. 0. 0. 0. 0. 0. 0. 0.
    0. 0. 0. 0. 0. 0. 0. 0. 0. 0. 0. 0. 0. 0. 0. 0. 0. 0. 0. 0. 0. 0. 0.
    0. 0. 0. 0. 0. 0. 0. 0. 0. 0. 0. 0. 0. 0. 0. 0. 0. 0. 0. 0. 0. 0. 0.
    0. 0. 0. 0. 0. 0. 0. 0. 0. 0. 0. 0. 0. 0. 0. 0. 0. 0. 0. 0. 0. 0. 0.
    0. 0. 0. 0. 0. 0. 0. 0. 0. 0. 0. 0. 0. 0. 0. 0. 0. 0. 0. 0. 0. 0. 0.
    0. 0. 0. 0. 0. 0. 0. 0. 0. 0. 0. 0. 0. 0. 0. 0. 0. 0. 0. 0. 0. 0. 0.
    0. 0. 0. 0. 0. 0. 0. 0. 0. 0. 0. 0. 0. 0. 0. 0. 0. 0. 0. 0. 0. 0. 0.
    0. 0. 0. 0. 0. 0. 0. 0. 0. 0. 0. 0. 0. 0. 0. 0. 0. 0. 0. 0. 0. 0. 0.
    0. 0. 0. 0. 0. 0. 0. 0. 0. 0. 0. 0. 0. 0. 0. 0. 0. 0. 0. 0. 0. 0. 0.
    0. 0. 0. 0. 0. 0. 0. 0. 0. 0. 0. 0. 0. 0. 0. 0. 0. 0. 0. 0. 0. 0. 0.
    0. 0. 0. 0. 0. 0. 0. 0. 0. 0. 0. 0. 0. 0. 0. 0. 0. 0. 0. 0. 0. 0. 0.
    0. 0. 0. 0. 0. 0. 0. 0. 0. 0. 0. 0. 0. 0. 0. 0. 0. 0. 0. 0. 0. 0. 0.
    0. 0. 0. 0. 0. 0. 0. 0. 0. 0. 0. 0. 0. 0. 0. 0. 0. 0. 0. 0. 0. 0. 0.
    0. 0. 0. 0. 0. 0. 0. 0. 0. 0. 0. 0. 0. 0. 0. 0. 0. 0. 0. 0. 0. 0. 0.
    0. 0. 0. 0. 0. 0. 0. 0. 0. 0. 0. 0. 0. 0. 0. 0. 0. 0. 0. 0. 0. 0. 0.
    0. 0. 0. 0. 0. 0. 0. 0. 0. 0. 0. 0. 0. 0. 0. 0. 0. 0. 0. 0. 0. 0. 0.
    0. 0. 0. 1.85000002e+00 1.96099997e+00 1.96099997e+00 1.96099997e+00
    1.96099997e+00 1.96099997e+00 1.96099997e+00 1.96099997e+00
    1.94500005e+00 1.88900006e+00 1.85899997e+00 1.84700000e+00
    1.42799997e+00 0. 0. 0. 0. 0. 0. 0. 0. 0. 0. 0. 0. 0. 0. 0. 0. 0. 0.
    0. 0. 0. 0. 0. 0. 0. 0. 0. 1.85000002e+00 1.96099997e+00
    1.96099997e+00 1.96099997e+00 1.96099997e+00 1.96000004e+00
    1.94400001e+00 1.93799996e+00 1.92200005e+00 1.86699998e+00
    1.85200000e+00 1.84700000e+00 1.67499995e+00 0. 0. 0. 0. 0. 0. 0. 0.
    0. 0. 0. 0. 0. 0. 0. 0. 0. 0. 0. 0. 0. 0. 0. 0. 0. 0. 0.
    1.83599997e+00 1.92600000e+00 1.93499994e+00 1.94400001e+00
    1.95200002e+00 1.96000004e+00 1.93099999e+00 1.92200005e+00
    1.90600002e+00 1.85200000e+00 1.84700000e+00 1.84700000e+00
    1.84700000e+00 1.84700000e+00 0. 0. 0. 0. 0. 0. 0. 0. 0. 0. 0. 0.
    2.11500001e+00 2.06699991e+00 0. 0. 0. 0. 0. 0. 0. 0. 0. 0. 0. 0.
    1.80400002e+00 1.85200000e+00 1.87699997e+00 1.90400004e+00
    1.93099999e+00 1.95700002e+00 1.93099999e+00 1.92200005e+00
    1.90600002e+00 1.85300004e+00 1.84899998e+00 1.84899998e+00
    1.85000002e+00 1.85000002e+00 1.89100003e+00 0. 0. 0. 0. 0.
    1.71599996e+00 1.96099997e+00 1.97599995e+00 2.00399995e+00
    2.03200006e+00 2.06100011e+00 2.09100008e+00 2.06800008e+00 0. 0. 0.
    1.75699997e+00 2.03999996e+00 2.05599999e+00 1.72099996e+00 0. 0. 0.
    0. 0. 1.80400002e+00 1.84800005e+00 1.85399997e+00 1.86099994e+00
    1.87600005e+00 1.90199995e+00 1.91700006e+00 1.92200005e+00
    1.91199994e+00 1.87800002e+00 1.87500000e+00 1.88699996e+00
    1.90499997e+00 1.90499997e+00 1.91499996e+00 1.68200004e+00
    1.11699998e+00 1.11699998e+00 1.11699998e+00 1.28900003e+00
    1.90199995e+00 1.96099997e+00 1.97599995e+00 2.00099993e+00
    2.00799990e+00 2.01500010e+00 2.03999996e+00 2.07900000e+00
    1.43799996e+00 1.21000004e+00 1.37100005e+00 1.97399998e+00
    2.03999996e+00 2.05599999e+00 1.99500000e+00 1.36099994e+00
    1.22800004e+00 0. 0. 0. 1.80400002e+00 1.84700000e+00 1.84700000e+00
    1.84700000e+00 1.85800004e+00 1.88499999e+00 1.91299999e+00
    1.92200005e+00 1.91799998e+00 1.90400004e+00 1.90300000e+00
    1.90999997e+00 1.92200005e+00 1.92200005e+00 1.93299997e+00
    1.94700003e+00 1.96099997e+00 1.96099997e+00 1.96099997e+00
    1.96099997e+00 1.96099997e+00 1.97399998e+00 1.98800004e+00 2. 2. 2.
    2.01799989e+00 2.06100011e+00 2.06100011e+00 2.06100011e+00
    2.05699992e+00 2.04200006e+00 2.03999996e+00 2.05599999e+00
    2.08200002e+00 2.08200002e+00 2.10500002e+00 1.59800005e+00 0. 0.
    1.80599999e+00 1.84000003e+00 1.84599996e+00 1.84700000e+00
    1.85800004e+00 1.88499999e+00 1.89999998e+00 1.90499997e+00
    1.90900004e+00 1.92100000e+00 1.92200005e+00 1.92200005e+00
    1.92299998e+00 1.92900002e+00 1.94799995e+00 1.96099997e+00
    1.96099997e+00 1.96099997e+00 1.96099997e+00 1.96300006e+00
    1.96899998e+00 1.99000001e+00 2. 2. 2. 2. 2.00900006e+00
    2.03099990e+00 2.03099990e+00 2.03500009e+00 2.03999996e+00
    2.03999996e+00 2.03999996e+00 2.05900002e+00 2.09100008e+00
    2.09100008e+00 2.10899997e+00 2.14800000e+00 2.19400001e+00 0.
    1.81099999e+00 1.81700003e+00 1.84200001e+00 1.84700000e+00
    1.85800004e+00 1.88300002e+00 1.85899997e+00 1.85099995e+00
    1.86600006e+00 1.91799998e+00 1.92200005e+00 1.92200005e+00
    1.92600000e+00 1.95299995e+00 1.96000004e+00 1.96099997e+00
    1.96099997e+00 1.96099997e+00 1.96099997e+00 1.96899998e+00
    1.99500000e+00 1.99899995e+00 2. 2. 2. 2. 2.00099993e+00
    2.00200009e+00 2.00200009e+00 2.01999998e+00 2.03999996e+00
    2.03999996e+00 2.03999996e+00 2.07100010e+00 2.12199998e+00
    2.12199998e+00 2.12299991e+00 2.14800000e+00 2.21000004e+00
    2.03299999e+00 1.81099999e+00 1.81599998e+00 1.84200001e+00
    1.84700000e+00 1.85099995e+00 1.85899997e+00 1.85000002e+00
    1.84700000e+00 1.85699999e+00 1.89300001e+00 1.89600003e+00
    1.90600002e+00 1.92700005e+00 1.95500004e+00 1.96099997e+00
    1.96099997e+00 1.96099997e+00 1.96099997e+00 1.96099997e+00
    1.96899998e+00 1.99699998e+00 2. 2. 2. 2. 2. 2. 2. 2. 2.01900005e+00
    2.05100012e+00 2.09200001e+00 2.09699988e+00 2.10700011e+00
    2.12400007e+00 2.12400007e+00 2.12400007e+00 2.14800000e+00
    2.21099997e+00 2.17899990e+00 1.79700005e+00 1.80299997e+00
    1.84000003e+00 1.84700000e+00 1.84700000e+00 1.84700000e+00
    1.84700000e+00 1.84700000e+00 1.85500002e+00 1.88199997e+00
    1.88399994e+00 1.89900005e+00 1.92499995e+00 1.94200003e+00
    1.94500005e+00 1.94500005e+00 1.94599998e+00 1.95700002e+00
    1.96800005e+00 1.98099995e+00 1.99800003e+00 2. 2. 2. 2. 2. 2. 2.
    2.01200008e+00 2.03500009e+00 2.06999993e+00 2.11899996e+00
    2.12400007e+00 2.12400007e+00 2.12599993e+00 2.13800001e+00
    2.14100003e+00 2.16100001e+00 2.21099997e+00 2.19199991e+00
    1.77300000e+00 1.78499997e+00 1.83700001e+00 1.84700000e+00
    1.84700000e+00 1.84700000e+00 1.84700000e+00 1.84700000e+00
    1.85399997e+00 1.87699997e+00 1.87899995e+00 1.89400005e+00
    1.91799998e+00 1.92100000e+00 1.92200005e+00 1.92200005e+00
    1.92299998e+00 1.95099998e+00 1.97700000e+00 1.99600005e+00 2. 2. 2.
    2. 2. 2.00300002e+00 2.00500011e+00 2.00600004e+00 2.03099990e+00
    2.05999994e+00 2.08999991e+00 2.12100005e+00 2.12400007e+00
    2.12599993e+00 2.13299990e+00 2.16000009e+00 2.16700006e+00
    2.17899990e+00 2.21099997e+00 2.21099997e+00 1.75800002e+00
    1.78499997e+00 1.83700001e+00 1.84700000e+00 1.84700000e+00
    1.84700000e+00 1.84700000e+00 1.84700000e+00 1.84800005e+00
    1.85200000e+00 1.85200000e+00 1.86699998e+00 1.89300001e+00
    1.91700006e+00 1.92200005e+00 1.92200005e+00 1.92299998e+00
    1.95099998e+00 1.96399999e+00 1.97300005e+00 1.99800003e+00 2. 2. 2.
    2. 2.01900005e+00 2.03399992e+00 2.03399992e+00 2.03800011e+00
    2.05999994e+00 2.08999991e+00 2.12100005e+00 2.12400007e+00
    2.13800001e+00 2.16100001e+00 2.16599989e+00 2.16700006e+00
    2.17899990e+00 2.21099997e+00 2.21099997e+00 1.75100005e+00
    1.80299997e+00 1.84000003e+00 1.84700000e+00 1.84700000e+00
    1.84700000e+00 1.84700000e+00 1.84700000e+00 1.84700000e+00
    1.84700000e+00 1.84700000e+00 1.85300004e+00 1.86399996e+00
    1.87600005e+00 1.89100003e+00 1.89999998e+00 1.90100002e+00
    1.94599998e+00 1.95000005e+00 1.94200003e+00 1.95400000e+00
    1.97000003e+00 1.98599994e+00 2. 2. 2.02200007e+00 2.03999996e+00
    2.03999996e+00 2.03999996e+00 2.05999994e+00 2.08999991e+00
