<?xml version="1.0"?>
<opencv_storage>
<Depth type_id="opencv-matrix">
  <rows>40</rows>
  <cols>40</cols>
  <dt>f</dt>
  <data>
    0. 0. 0. 0. 0. 0. 0. 0. 0. 0. 0. 0. 0. 0. 0. 0. 0. 0. 0. 0. 0. 0. 0.
    0. 0. 0. 0. 0. 0. 0. 0. 0. 0. 0. 0. 0. 0. 0. 0. 0. 0. 0. 0. 0. 0. 0.
    0. 0. 0. 0. 0. 0. 0. 0. 0. 0. 0. 0. 0. 0. 0. 0. 0. 0. 0. 0. 0. 0. 0.
    0. 0. 0. 0. 0. 0. 0. 0. 0. 0. 0. 0. 0. 0. 0. 0. 0. 0. 0. 0. 0. 0. 0.
    0. 0. 0. 0. 0. 0. 0. 0. 0. 0. 0. 0. 0. 0. 0. 0. 0. 0. 0. 0. 0. 0. 0.
    0. 0. 0. 0. 0. 0. 0. 0. 0. 0. 0. 0. 0. 0. 0. 0. 0. 0. 0. 0. 0. 0. 0.
    0. 0. 0. 0. 0. 0. 0. 0. 0. 2.99399996e+00 2.99399996e+00
    2.98000002e+00 2.94099998e+00 2.90300012e+00 2.86599994e+00
    2.83100009e+00 2.80900002e+00 2.82299995e+00 2.84400010e+00
    2.84400010e+00 2.84400010e+00 2.84400010e+00 0. 0. 0. 0. 0. 0. 0. 0.
    0. 0. 0. 0. 0. 0. 0. 0. 0. 0. 0. 0. 0. 0. 0. 0. 0. 0. 0.
    2.98000002e+00 2.94099998e+00 2.89100003e+00 2.83100009e+00
    2.80900002e+00 2.82200003e+00 2.82999992e+00 2.80900002e+00
    2.80900002e+00 2.80500007e+00 2.79900002e+00 2.81399989e+00
    2.83299994e+00 0. 0. 0. 0. 0. 0. 0. 0. 0. 0. 0. 0. 0. 0. 0. 0. 0. 0.
    0. 0. 0. 0. 0. 0. 0. 0. 2.98000002e+00 2.92799997e+00 2.86700010e+00
    2.83100009e+00 2.79600000e+00 2.77399993e+00 2.78699994e+00
    2.80900002e+00 2.80900002e+00 2.80200005e+00 2.49300003e+00
    2.06399989e+00 2.05500007e+00 2.03299999e+00 0. 0. 0. 0. 0. 0. 0. 0.
    0. 0. 0. 0. 0. 0. 0. 0. 0. 0. 0. 2.99399996e+00 2.99399996e+00 0. 0.
    0. 0. 2.98000002e+00 2.91700006e+00 2.84400010e+00 2.83100009e+00
    2.79600000e+00 2.77399993e+00 2.77399993e+00 2.78699994e+00
    2.79999995e+00 2.78500009e+00 2.48600006e+00 2.04200006e+00
    2.05100012e+00 2.05399990e+00 2.02300000e+00 0. 0. 0. 0. 0. 0. 0. 0.
    0. 0. 0. 0. 0. 2.91799998e+00 2.80800009e+00 2.83999991e+00
    2.94899988e+00 2.95900011e+00 2.98900008e+00 2.99200010e+00
    2.99200010e+00 2.99300003e+00 2.99399996e+00 2.99200010e+00
    2.97000003e+00 2.88599992e+00 2.81200004e+00 2.80100012e+00
    2.77699995e+00 2.76300001e+00 2.74399996e+00 2.74399996e+00
    2.75699997e+00 2.48600006e+00 2.01900005e+00 2.01900005e+00
    2.02800012e+00 2.03999996e+00 2.03099990e+00 2.01099992e+00 0. 0. 0.
    0. 0. 0. 0. 0. 0. 0. 0. 2.73699999e+00 2.74399996e+00 2.77099991e+00
    2.77099991e+00 2.77800012e+00 2.80399990e+00 2.81500006e+00
    2.87100005e+00 2.95400000e+00 2.95499992e+00 2.96499991e+00
    2.96900010e+00 2.91100001e+00 2.64299989e+00 2.03399992e+00
    2.01999998e+00 2.02099991e+00 2.26600003e+00 2.47900009e+00
    1.99899995e+00 1.99899995e+00 2. 1.99199998e+00 1.98000002e+00
    1.98000002e+00 1.98000002e+00 1.98000002e+00 1.98899996e+00
    1.99100006e+00 0. 0. 0. 0. 0. 0. 0. 0. 0. 0. 2.67400002e+00
    2.67400002e+00 2.68000007e+00 2.70400000e+00 2.70400000e+00
    2.70499992e+00 2.71399999e+00 2.75699997e+00 2.83500004e+00
    2.92700005e+00 2.94099998e+00 2.90300012e+00 2.64700007e+00
    2.01999998e+00 2.01300001e+00 1.99899995e+00 2.00600004e+00
    2.01900005e+00 2.01200008e+00 1.99199998e+00 1.98000002e+00
    1.98699999e+00 2. 1.99199998e+00 1.98000002e+00 1.98000002e+00
    1.98000002e+00 1.98000002e+00 1.98899996e+00 1.99100006e+00 0. 0. 0.
    0. 0. 0. 0. 0. 2.67400002e+00 2.67400002e+00 2.67199993e+00
    2.67199993e+00 2.67199993e+00 2.67400002e+00 2.67400002e+00
    2.67100000e+00 2.67000008e+00 2.70300007e+00 2.75999999e+00
    2.86800003e+00 2.66199994e+00 2.03500009e+00 2.01500010e+00 2.
    1.99399996e+00 1.98000002e+00 1.98599994e+00 1.99300003e+00
    1.98000002e+00 1.98000002e+00 1.98000002e+00 1.98699999e+00 2.
    1.99199998e+00 1.98000002e+00 1.98000002e+00 1.98000002e+00
    1.98000002e+00 1.98800004e+00 1.99100006e+00 0. 0. 0. 0. 0. 0. 0.
    2.69899988e+00 2.67400002e+00 2.66599989e+00 2.64100003e+00
    2.64100003e+00 2.64800000e+00 2.66400003e+00 2.62599993e+00
    2.49200010e+00 2.04200006e+00 2.03999996e+00 2.03500009e+00
    2.01900005e+00 2.01999998e+00 2.02099991e+00 2.01399994e+00 2.
    1.99399996e+00 1.98000002e+00 1.98599994e+00 1.99199998e+00
    1.98000002e+00 1.98000002e+00 1.98000002e+00 1.98699999e+00 2.
    1.99300003e+00 1.98099995e+00 1.98099995e+00 1.98000002e+00
    1.98000002e+00 1.98000002e+00 1.98000002e+00 0. 0. 0. 0. 0. 0.
    2.92799997e+00 2.67400002e+00 2.66799998e+00 2.64100003e+00
    2.64100003e+00 2.64100003e+00 2.63700008e+00 2.49300003e+00
    2.02099991e+00 2.02500010e+00 2.03600001e+00 2.02099991e+00
    2.01600003e+00 2. 2.00500011e+00 2.01300001e+00 1.99800003e+00
    1.99899995e+00 1.99399996e+00 1.98000002e+00 1.98000002e+00
    1.98000002e+00 1.98000002e+00 1.98000002e+00 1.98000002e+00
    1.98699999e+00 2. 2. 2. 1.99199998e+00 1.98000002e+00 1.98000002e+00
    1.98000002e+00 1.98000002e+00 0. 0. 0. 0. 0. 2.95499992e+00
    2.73000002e+00 2.66799998e+00 2.61700010e+00 2.59100008e+00
    2.59100008e+00 2.59100008e+00 2.47499990e+00 2.02099991e+00
    2.02099991e+00 2.02099991e+00 2.02099991e+00 2.02099991e+00
    2.01399994e+00 2.00099993e+00 2.00099993e+00 1.99399996e+00
    1.98000002e+00 1.98599994e+00 1.99399996e+00 1.98199999e+00
    1.98099995e+00 1.98000002e+00 1.98000002e+00 1.98000002e+00
    1.98000002e+00 1.98699999e+00 2. 2. 1.99899995e+00 1.99100006e+00
    1.98000002e+00 1.98000002e+00 1.98000002e+00 1.98000002e+00 0. 0. 0.
    0. 0. 2.84299994e+00 2.67199993e+00 2.55800009e+00 2.09999990e+00
    2.08299994e+00 2.08299994e+00 2.08299994e+00 2.06999993e+00
    2.02099991e+00 2.02099991e+00 2.02099991e+00 2.01999998e+00
    2.01200008e+00 1.99899995e+00 2.00500011e+00 2.01399994e+00
    1.99399996e+00 1.98000002e+00 1.98599994e+00 2. 2. 1.99399996e+00
    1.98099995e+00 1.98000002e+00 1.98000002e+00 1.98000002e+00
    1.98699999e+00 2. 2. 1.99199998e+00 1.98000002e+00 1.98000002e+00
    1.98000002e+00 1.98000002e+00 1.98099995e+00 0. 0. 0. 0.
    2.76200008e+00 2.10800004e+00 2.10200000e+00 2.07999992e+00
    2.06399989e+00 2.06399989e+00 2.06399989e+00 2.06100011e+00
    2.05200005e+00 2.02099991e+00 2.02099991e+00 2.01999998e+00
    2.00999999e+00 1.98000002e+00 1.98500001e+00 2. 2. 1.99399996e+00
    1.98000002e+00 1.98599994e+00 2. 2. 2. 1.99399996e+00 1.98099995e+00
    1.98000002e+00 1.98000002e+00 1.98699999e+00 2. 2. 1.99199998e+00
    1.98000002e+00 1.98000002e+00 1.98000002e+00 1.98000002e+00
    1.98899996e+00 2.88299990e+00 2.88700008e+00 2.91700006e+00
    2.81500006e+00 2.10299993e+00 2.09999990e+00 2.07699990e+00
    2.06100011e+00 2.06100011e+00 2.06100011e+00 2.05699992e+00
    2.03600001e+00 2.02099991e+00 2.02099991e+00 2.02099991e+00
    2.01600003e+00 1.99600005e+00 1.98199999e+00 1.98699999e+00 2. 2.
    1.99500000e+00 1.98199999e+00 1.98800004e+00 2. 2. 1.99899995e+00
    1.99800003e+00 1.99199998e+00 1.98000002e+00 1.98000002e+00
    1.98699999e+00 2. 2. 1.99199998e+00 1.98000002e+00 1.98000002e+00
    1.98000002e+00 1.98000002e+00 1.98899996e+00 2.04200006e+00
    2.04200006e+00 2.03900003e+00 2.04200006e+00 2.06100011e+00
    2.05599999e+00 2.03900003e+00 2.03900003e+00 2.03900003e+00
    2.03900003e+00 2.03600001e+00 2.02099991e+00 2.02099991e+00
    2.02099991e+00 2.02099991e+00 2.01699996e+00 2.00200009e+00 2. 2. 2.
    2. 2. 2. 2. 2. 2. 1.99399996e+00 1.98000002e+00 1.98000002e+00
    1.98000002e+00 1.98000002e+00 1.98699999e+00 2. 2. 1.99199998e+00
    1.98000002e+00 1.98000002e+00 1.97899997e+00 1.97700000e+00
    1.98699999e+00 2.04200006e+00 2.03999996e+00 2.02099991e+00
    2.02300000e+00 2.03699994e+00 2.02099991e+00 2.02099991e+00
    2.02099991e+00 2.02099991e+00 2.02099991e+00 2.02099991e+00
    2.02099991e+00 2.02099991e+00 2.02099991e+00 2.02099991e+00
    2.02099991e+00 2.01600003e+00 2. 2. 2. 2. 2. 2. 2. 1.99899995e+00
    1.99699998e+00 1.99199998e+00 1.98000002e+00 1.98000002e+00
    1.98000002e+00 1.98000002e+00 1.98699999e+00 1.99899995e+00
    1.99699998e+00 1.99100006e+00 1.98000002e+00 1.98000002e+00
    1.97099996e+00 1.95899999e+00 1.97599995e+00 2.04200006e+00
