<?xml version="1.0"?>
<opencv_storage>
<Depth type_id="opencv-matrix">
  <rows>40</rows>
  <cols>40</cols>
  <dt>f</dt>
  <data>
    0. 0. 0. 0. 0. 0. 1.60000002e+00 1.61500001e+00 1.63800001e+00
    1.62100005e+00 1.59899998e+00 1.59200001e+00 1.57599998e+00
    1.54499996e+00 1.53299999e+00 1.53299999e+00 1.53299999e+00
    1.53499997e+00 1.55799997e+00 1.60899997e+00 1.71200001e+00
    1.81500006e+00 1.91900003e+00 1.94400001e+00 1.95200002e+00
    1.95200002e+00 1.94099998e+00 1.90499997e+00 1.88000000e+00
    1.86300004e+00 1.86000001e+00 1.86000001e+00 1.86000001e+00
    1.86000001e+00 0. 0. 0. 0. 0. 0. 0. 0. 0. 0. 0. 0. 1.58700001e+00
    1.60000002e+00 1.62000000e+00 1.60500002e+00 1.58700001e+00
    1.58700001e+00 1.57599998e+00 1.54499996e+00 1.53299999e+00
    1.53299999e+00 1.53299999e+00 1.53600001e+00 1.56700003e+00
    1.63000000e+00 1.75999999e+00 1.85500002e+00 1.92499995e+00
    1.93700004e+00 1.93700004e+00 1.93700004e+00 1.92600000e+00
    1.88999999e+00 1.87399995e+00 1.87399995e+00 1.18299997e+00 0.
    1.26400006e+00 1.87399995e+00 0. 0. 0. 0. 0. 0. 0. 0. 0. 0. 0. 0.
    1.58700001e+00 1.58899999e+00 1.59200001e+00 1.59000003e+00
    1.58700001e+00 1.58700001e+00 1.57599998e+00 1.54499996e+00
    1.53299999e+00 1.53299999e+00 1.53299999e+00 1.53600001e+00
    1.56700003e+00 1.64999998e+00 1.83899999e+00 1.92499995e+00
    1.93499994e+00 1.93700004e+00 1.93700004e+00 1.93700004e+00
    1.92600000e+00 1.88999999e+00 1.87399995e+00 1.87399995e+00 0. 0. 0.
    1.87399995e+00 0. 0. 0. 0. 0. 0. 0. 0. 0. 0. 0. 0. 1.56200004e+00
    1.57099998e+00 1.58500004e+00 1.58700001e+00 1.58700001e+00
    1.58700001e+00 1.57599998e+00 1.54499996e+00 1.53299999e+00
    1.53299999e+00 1.53299999e+00 1.54600000e+00 1.68700004e+00
    1.81599998e+00 1.92200005e+00 1.95700002e+00 1.94000006e+00
    1.93700004e+00 1.93700004e+00 1.93700004e+00 1.92600000e+00
    1.88999999e+00 1.87399995e+00 1.87399995e+00 0. 0. 0. 0. 0. 0. 0. 0.
    0. 0. 0. 0. 0. 0. 0. 0. 1.53299999e+00 1.55100000e+00 1.58099997e+00
    1.58500004e+00 1.58500004e+00 1.58500004e+00 1.57400000e+00
    1.54499996e+00 1.53299999e+00 1.53299999e+00 1.53299999e+00
    1.55700004e+00 1.82299995e+00 2. 2. 1.97899997e+00 1.94299996e+00
    1.93700004e+00 1.93700004e+00 1.93700004e+00 1.92600000e+00
    1.88999999e+00 1.87399995e+00 1.87399995e+00 0. 0. 0. 0. 0. 0. 0. 0.
    0. 0. 0. 0. 0. 0. 0. 0. 1.53299999e+00 1.53999996e+00 1.55299997e+00
    1.55400002e+00 1.55400002e+00 1.55400002e+00 1.54999995e+00
    1.53799999e+00 1.53299999e+00 1.53299999e+00 1.53299999e+00
    1.55700004e+00 1.82299995e+00 2. 2. 1.97899997e+00 1.94299996e+00
    1.93700004e+00 1.93700004e+00 1.93700004e+00 1.92600000e+00
    1.88999999e+00 1.87399995e+00 1.87399995e+00 0. 0. 0. 0. 0. 0. 0. 0.
    0. 0. 0. 0. 0. 0. 0. 0. 1.53299999e+00 1.53299999e+00 1.53299999e+00
    1.53299999e+00 1.53299999e+00 1.53299999e+00 1.53299999e+00
    1.53299999e+00 1.53299999e+00 1.53299999e+00 1.57299995e+00
    1.63600004e+00 1.85399997e+00 2. 2. 1.98300004e+00 1.95299995e+00
    1.94799995e+00 1.94799995e+00 1.94099998e+00 1.92799997e+00
    1.89800000e+00 1.88499999e+00 1.88499999e+00 0. 0. 0. 0. 0. 0. 0. 0.
    0. 0. 0. 0. 0. 0. 0. 0. 1.53299999e+00 1.53299999e+00 1.53299999e+00
    1.53299999e+00 1.53299999e+00 1.53299999e+00 1.53299999e+00
    1.53299999e+00 1.53299999e+00 1.53299999e+00 1.70099998e+00
    1.88800001e+00 1.95500004e+00 2. 2. 1.99500000e+00 1.98599994e+00
    1.98399997e+00 1.98199999e+00 1.95500004e+00 1.93400002e+00
    1.92499995e+00 1.92100000e+00 1.92100000e+00 0. 0. 0. 0. 0. 0. 0. 0.
    0. 0. 0. 0. 0. 0. 0. 0. 1.53299999e+00 1.53299999e+00 1.53299999e+00
    1.53299999e+00 1.53299999e+00 1.53299999e+00 1.53299999e+00
    1.53299999e+00 1.53299999e+00 1.53299999e+00 1.74800003e+00
    1.98000002e+00 1.98000002e+00 1.98000002e+00 1.98000002e+00
    1.98000002e+00 1.98000002e+00 1.98000002e+00 1.97800004e+00
    1.95400000e+00 1.93700004e+00 1.93700004e+00 1.93700004e+00
    1.93700004e+00 0. 0. 0. 0. 0. 0. 0. 0. 0. 0. 0. 0. 0. 0. 0. 0.
    1.53299999e+00 1.53299999e+00 1.53299999e+00 1.53299999e+00
    1.53299999e+00 1.53299999e+00 1.53299999e+00 1.53299999e+00
    1.53299999e+00 1.53299999e+00 1.73099995e+00 1.94400001e+00
    1.94400001e+00 1.94400001e+00 1.94400001e+00 1.94400001e+00
    1.94400001e+00 1.94400001e+00 1.94400001e+00 1.94000006e+00
    1.93700004e+00 1.93700004e+00 1.93700004e+00 1.93700004e+00 0. 0. 0.
    0. 0. 0. 0. 0. 0. 0. 0. 0. 0. 0. 0. 0. 1.53299999e+00 1.53299999e+00
    1.53299999e+00 1.53299999e+00 1.53499997e+00 1.54900002e+00
    1.55799997e+00 1.55799997e+00 1.55799997e+00 1.55799997e+00
    1.74000001e+00 1.93700004e+00 1.93700004e+00 1.93700004e+00
    1.93700004e+00 1.93700004e+00 1.93700004e+00 1.93700004e+00
    1.93700004e+00 1.93700004e+00 1.93700004e+00 1.93700004e+00
    1.26300001e+00 0. 0. 0. 0. 0. 0. 0. 0. 0. 0. 0. 0. 0. 0. 0. 0. 0.
    1.53299999e+00 1.53299999e+00 1.53299999e+00 1.53299999e+00
    1.53600001e+00 1.56700003e+00 1.58700001e+00 1.58700001e+00
    1.58700001e+00 1.58700001e+00 1.75600004e+00 1.93700004e+00
    1.93700004e+00 1.93700004e+00 1.93799996e+00 1.93799996e+00
    1.93700004e+00 1.93700004e+00 1.93700004e+00 1.93700004e+00
    1.93700004e+00 1.93700004e+00 0. 0. 0. 0. 0. 0. 0. 0. 0. 0. 0. 0. 0.
    0. 0. 0. 0. 0. 1.53299999e+00 1.53299999e+00 1.53299999e+00
    1.53299999e+00 1.53600001e+00 1.56700003e+00 1.58700001e+00
    1.58700001e+00 1.58700001e+00 1.58700001e+00 1.75600004e+00
    1.93700004e+00 1.93700004e+00 1.94400001e+00 1.96599996e+00
    1.96200001e+00 1.94099998e+00 1.93700004e+00 1.93700004e+00
    1.93700004e+00 1.93700004e+00 1.93700004e+00 0. 0. 0. 0. 0. 0. 0. 0.
    0. 0. 0. 0. 0. 0. 0. 0. 0. 0. 1.53299999e+00 1.53299999e+00
    1.53299999e+00 1.53299999e+00 1.53799999e+00 1.57900000e+00
    1.60500002e+00 1.60500002e+00 1.61899996e+00 1.64199996e+00
    1.78600001e+00 1.93700004e+00 1.93700004e+00 1.94900000e+00
    1.98500001e+00 1.97899997e+00 1.94299996e+00 1.93700004e+00
    1.93700004e+00 1.93700004e+00 1.93700004e+00 1.93700004e+00 0. 0. 0.
    0. 0. 0. 0. 0. 0. 0. 0. 0. 0. 0. 0. 0. 0. 0. 1.53299999e+00
    1.53299999e+00 1.53299999e+00 1.53299999e+00 1.54200006e+00
    1.61800003e+00 1.66799998e+00 1.66799998e+00 1.72800004e+00
    1.82900000e+00 1.88900006e+00 1.93700004e+00 1.93700004e+00
    1.94900000e+00 1.98500001e+00 1.97899997e+00 1.94299996e+00
    1.93700004e+00 1.93700004e+00 1.93700004e+00 1.93700004e+00
    1.93700004e+00 0. 0. 0. 0. 0. 0. 0. 0. 0. 0. 0. 0. 0. 0. 0. 0. 0. 0.
    1.53299999e+00 1.53299999e+00 1.53299999e+00 1.53299999e+00
    1.54299998e+00 1.63699996e+00 1.69700003e+00 1.69700003e+00
    1.78600001e+00 1.93299997e+00 1.95599997e+00 1.95599997e+00
    1.95599997e+00 1.96500003e+00 1.99000001e+00 1.97899997e+00
    1.94299996e+00 1.93700004e+00 1.93799996e+00 1.94900000e+00
    1.70000005e+00 0. 0. 0. 0. 0. 0. 0. 0. 0. 0. 0. 0. 0. 0. 0. 0. 0. 0.
    0. 1.53299999e+00 1.53299999e+00 1.53299999e+00 1.53299999e+00
    1.54299998e+00 1.63699996e+00 1.69700003e+00 1.69700003e+00
    1.79799998e+00 1.96599996e+00 1.99199998e+00 1.99199998e+00
    1.99199998e+00 1.99399996e+00 1.99800003e+00 1.97899997e+00
    1.94299996e+00 1.93700004e+00 1.93900001e+00 1.97099996e+00
    1.25800002e+00 0. 0. 0. 0. 0. 0. 0. 0. 0. 0. 0. 0. 0. 0. 0. 0. 0. 0.
    0. 1.53299999e+00 1.53299999e+00 1.53299999e+00 1.53299999e+00
    1.53900003e+00 1.59099996e+00 1.66600001e+00 1.78400004e+00
    1.88900006e+00 1.98500001e+00 2. 2. 2. 2. 2. 1.97899997e+00
    1.94299996e+00 1.93700004e+00 1.93900001e+00 1.97500002e+00
    1.16100001e+00 0. 0. 0. 0. 0. 0. 0. 0. 0. 0. 0. 0. 0. 0. 0. 0. 0. 0.
    0. 1.53299999e+00 1.53299999e+00 1.53299999e+00 1.53299999e+00
    1.53299999e+00 1.53299999e+00 1.62800002e+00 1.89400005e+00 2. 2. 2.
    2. 2. 2. 2. 1.97899997e+00 1.94299996e+00 1.93700004e+00
    1.93900001e+00 1.97500002e+00 1.16100001e+00 0. 0. 0. 0. 0. 0. 0. 0.
