<?xml version="1.0"?>
<opencv_storage>
<Depth type_id="opencv-matrix">
  <rows>40</rows>
  <cols>40</cols>
  <dt>f</dt>
  <data>
    0. 0. 0. 0. 0. 0. 0. 0. 0. 0. 2.96099997e+00 2.96099997e+00
    2.96099997e+00 2.98399997e+00 2.72300005e+00 2.03999996e+00
    2.03999996e+00 2.05699992e+00 2.05999994e+00 2.05999994e+00
    2.04900002e+00 2.02999997e+00 2.02999997e+00 2.03900003e+00
    2.03299999e+00 2.02999997e+00 2.02999997e+00 2.02999997e+00
    2.02999997e+00 2.02999997e+00 0. 0. 0. 0. 0. 0. 0. 0. 0. 0. 0. 0. 0.
    0. 0. 0. 0. 0. 0. 0. 2.96099997e+00 2.96099997e+00 2.97700000e+00 0.
    2.73799992e+00 2.02999997e+00 2.02999997e+00 2.05500007e+00
    2.04999995e+00 2.04399991e+00 2.03900003e+00 2.02999997e+00
    2.02999997e+00 2.02999997e+00 2.02999997e+00 2.02999997e+00
    2.02999997e+00 2.02600002e+00 2.01399994e+00 2.01399994e+00 0. 0. 0.
    0. 0. 0. 0. 0. 0. 0. 0. 0. 0. 0. 0. 0. 0. 0. 0. 0. 2.96099997e+00
    2.96099997e+00 2.98099995e+00 0. 2.87199998e+00 2.36899996e+00
    2.04600000e+00 2.05699992e+00 2.03999996e+00 2.02999997e+00
    2.02999997e+00 2.02999997e+00 2.02999997e+00 2.02999997e+00
    2.02999997e+00 2.02999997e+00 2.02500010e+00 2.01399994e+00 2. 2. 0.
    0. 0. 0. 0. 0. 0. 0. 0. 0. 0. 0. 0. 0. 0. 0. 0. 0. 0. 0.
    2.96099997e+00 2.96099997e+00 2.96099997e+00 0. 0. 2.78699994e+00
    2.07200003e+00 2.05500007e+00 2.03800011e+00 2.02999997e+00
    2.02999997e+00 2.02999997e+00 2.02999997e+00 2.02999997e+00
    2.02999997e+00 2.02600002e+00 2.01399994e+00 2. 2. 2. 0. 0. 0. 0. 0.
    0. 0. 0. 0. 0. 0. 0. 0. 0. 0. 0. 0. 0. 0. 0. 2.96099997e+00
    2.96099997e+00 2.96099997e+00 2.98699999e+00 2.74200010e+00
    2.08699989e+00 2.05999994e+00 2.03500009e+00 2.02999997e+00
    2.02999997e+00 2.02999997e+00 2.02999997e+00 2.02900004e+00
    2.02900004e+00 2.02900004e+00 2.01200008e+00 2. 2. 1.99899995e+00
    1.99899995e+00 0. 0. 0. 0. 0. 0. 0. 0. 0. 0. 0. 0. 0. 0. 0. 0. 0. 0.
    0. 0. 2.96099997e+00 2.96099997e+00 2.96099997e+00 2.63899994e+00
    2.20400000e+00 2.08699989e+00 2.05999994e+00 2.03500009e+00
    2.02999997e+00 2.02999997e+00 2.02999997e+00 2.02500010e+00
    2.00300002e+00 2.00300002e+00 2.00300002e+00 2.00099993e+00 2.
    1.99300003e+00 1.97399998e+00 1.97399998e+00 0. 0. 0. 0. 0. 0. 0. 0.
    0. 0. 0. 0. 0. 0. 0. 0. 0. 0. 0. 0. 2.96099997e+00 2.96099997e+00
    2.98399997e+00 2.60500002e+00 2.11899996e+00 2.08699989e+00
    2.05999994e+00 2.03500009e+00 2.02999997e+00 2.02999997e+00
    2.02200007e+00 2.00600004e+00 2. 2. 2. 2. 1.99100006e+00
    1.97099996e+00 1.95000005e+00 1.95000005e+00 0. 0. 0. 0. 0. 0. 0. 0.
    0. 0. 0. 0. 0. 0. 0. 0. 0. 0. 0. 0. 2.96099997e+00 2.96099997e+00
    2.99200010e+00 2.59200001e+00 2.08200002e+00 2.07100010e+00
    2.05999994e+00 2.03500009e+00 2.02999997e+00 2.02999997e+00
    2.01900005e+00 2. 2. 2. 2. 2. 1.98800004e+00 1.95899999e+00
    1.92600000e+00 1.92600000e+00 0. 0. 0. 0. 0. 0. 0. 0. 0. 0. 0. 0. 0.
    0. 0. 0. 0. 0. 0. 0. 2.96099997e+00 2.96099997e+00 2.97900009e+00
    2.56800008e+00 2.05999994e+00 2.05999994e+00 2.05999994e+00
    2.03500009e+00 2.02999997e+00 2.02999997e+00 2.02399993e+00
    2.01300001e+00 2.01200008e+00 2.00099993e+00 2. 2. 1.98800004e+00
    1.95599997e+00 1.91400003e+00 1.91400003e+00 0. 0. 0. 0. 0. 0. 0. 0.
    0. 0. 0. 0. 0. 0. 0. 0. 0. 0. 0. 0. 2.94799995e+00 2.94799995e+00
    2.94799995e+00 2.55200005e+00 2.07399988e+00 2.06699991e+00
    2.05999994e+00 2.03500009e+00 2.02999997e+00 2.02999997e+00
    2.02999997e+00 2.02800012e+00 2.02099991e+00 2.00200009e+00 2. 2.
    1.99100006e+00 1.96300006e+00 1.92200005e+00 1.92200005e+00 0. 0. 0.
    0. 0. 0. 0. 0. 0. 0. 0. 0. 0. 0. 0. 0. 0. 0. 0. 0. 2.91100001e+00
    2.91100001e+00 2.91100001e+00 2.55100012e+00 2.10999990e+00
    2.08699989e+00 2.05999994e+00 2.03500009e+00 2.02999997e+00
    2.02999997e+00 2.02999997e+00 2.02399993e+00 2. 2. 2. 2. 2.
    1.98599994e+00 1.90799999e+00 1.60599995e+00 0. 0. 0. 0. 0. 0. 0. 0.
    0. 0. 0. 0. 0. 0. 0. 0. 0. 0. 0. 0. 2.91100001e+00 2.91100001e+00
    2.91100001e+00 2.53999996e+00 2.09200001e+00 2.08699989e+00
    2.05999994e+00 2.03500009e+00 2.02999997e+00 2.02999997e+00
    2.02999997e+00 2.02399993e+00 2. 2. 2. 2. 2. 1.99899995e+00
    1.65499997e+00 0. 0. 0. 0. 0. 0. 0. 0. 0. 0. 0. 0. 0. 0. 0. 0. 0. 0.
    0. 0. 0. 2.91100001e+00 2.91100001e+00 2.49600005e+00 2.15599990e+00
    2.06599998e+00 2.06500006e+00 2.05999994e+00 2.03500009e+00
    2.02999997e+00 2.01799989e+00 2.00600004e+00 2.00500011e+00 2. 2. 2.
    2. 2. 2. 1.64199996e+00 0. 0. 0. 0. 0. 0. 0. 0. 0. 0. 0. 0. 0. 0. 0.
    0. 0. 0. 0. 0. 0. 2.91100001e+00 2.91100001e+00 2.39199996e+00
    2.05999994e+00 2.05399990e+00 2.04099989e+00 2.04099989e+00
    2.03200006e+00 2.02999997e+00 2.01399994e+00 2. 2. 1.99899995e+00
    1.98300004e+00 1.98099995e+00 1.98099995e+00 1.98099995e+00
    1.98099995e+00 1.62500000e+00 0. 0. 0. 0. 0. 0. 0. 0. 0. 0. 0. 0. 0.
    0. 0. 0. 0. 0. 0. 0. 0. 2.91100001e+00 2.91100001e+00 2.64499998e+00
    2.28699994e+00 2.05100012e+00 2.02999997e+00 2.02999997e+00
    2.02999997e+00 2.02999997e+00 2.01399994e+00 2. 1.99699998e+00
    1.98500001e+00 1.97300005e+00 1.97099996e+00 1.97099996e+00
    1.97099996e+00 1.97099996e+00 1.61600006e+00 0. 0. 0. 0. 0. 0. 0. 0.
    0. 0. 0. 0. 0. 0. 0. 0. 0. 0. 0. 0. 0. 2.91100001e+00 2.91100001e+00
    2.91100001e+00 2.52500010e+00 2.05100012e+00 2.02999997e+00
    2.02999997e+00 2.02999997e+00 2.02300000e+00 2.00999999e+00 2.
    1.99399996e+00 1.97099996e+00 1.97099996e+00 1.97099996e+00
    1.97099996e+00 1.97099996e+00 1.97099996e+00 1.61600006e+00 0. 0. 0.
    0. 0. 0. 0. 0. 0. 0. 0. 0. 0. 0. 0. 0. 0. 0. 0. 0. 0. 2.91100001e+00
    2.90499997e+00 2.90300012e+00 2.51999998e+00 2.05299997e+00
    2.03500009e+00 2.02999997e+00 2.02999997e+00 2.00999999e+00 2. 2.
    1.99399996e+00 1.97099996e+00 1.96599996e+00 1.96599996e+00
    1.96599996e+00 1.96599996e+00 1.96599996e+00 1.61199999e+00 0. 0. 0.
    0. 0. 0. 0. 0. 0. 0. 0. 0. 0. 0. 0. 0. 0. 0. 0. 0. 0. 2.91100001e+00
    2.87400007e+00 2.86299992e+00 2.49799991e+00 2.05900002e+00
    2.05500007e+00 2.02999997e+00 2.02999997e+00 2.00999999e+00 2. 2.
    1.99399996e+00 1.97000003e+00 1.94500005e+00 1.94200003e+00
    1.94200003e+00 1.94200003e+00 1.94200003e+00 1.59099996e+00 0. 0. 0.
    0. 0. 0. 0. 0. 0. 0. 0. 0. 0. 0. 0. 0. 0. 0. 0. 0. 0. 2.91100001e+00
    2.87400007e+00 2.86299992e+00 2.48699999e+00 2.03399992e+00
    2.03399992e+00 2.02999997e+00 2.02999997e+00 2.00999999e+00 2. 2.
    1.99399996e+00 1.97000003e+00 1.94500005e+00 1.94200003e+00
    1.94200003e+00 1.94200003e+00 1.94200003e+00 1.59099996e+00 0. 0. 0.
    0. 0. 0. 0. 0. 0. 0. 0. 0. 0. 0. 0. 0. 0. 0. 0. 0. 0. 2.91100001e+00
    2.87400007e+00 2.86299992e+00 2.48499990e+00 2.02999997e+00
    2.02999997e+00 2.02999997e+00 2.02999997e+00 2.00999999e+00 2. 2.
    1.99800003e+00 1.99000001e+00 1.96599996e+00 1.96300006e+00
    1.95099998e+00 1.93400002e+00 1.92200005e+00 1.57299995e+00 0. 0. 0.
    0. 0. 0. 0. 0. 0. 0. 0. 0. 0. 0. 0. 0. 0. 0. 0. 0. 0. 2.91100001e+00
    2.87400007e+00 2.57299995e+00 2.21700001e+00 2.01300001e+00
    2.01300001e+00 2.01300001e+00 2.01300001e+00 2.00399995e+00 2. 2. 2.
    1.99899995e+00 1.97399998e+00 1.97099996e+00 1.91900003e+00
    1.87600005e+00 1.88100004e+00 1.56599998e+00 0. 0. 0. 0. 0. 0. 0. 0.
    0. 0. 0. 0. 0. 0. 0. 0. 0. 0. 0. 0. 0. 2.91100001e+00 2.61299992e+00
    2.20300007e+00 2. 2. 2. 2. 2. 2. 2. 2. 2. 1.99899995e+00
    1.97399998e+00 1.97099996e+00 1.88999999e+00 1.83200002e+00
    1.52499998e+00 0. 0. 0. 0. 0. 0. 0. 0. 0. 0. 0. 0. 0. 0. 0. 0. 0. 0.
    0. 0. 0. 0. 2.91100001e+00 2.21300006e+00 2. 2. 2. 2. 2. 2. 2. 2. 2.
    1.99899995e+00 1.99199998e+00 1.97300005e+00 1.97099996e+00
    1.90199995e+00 1.85200000e+00 1.03799999e+00 0. 0. 0. 0. 0. 0. 0. 0.
    0. 0. 0. 0. 0. 0. 0. 0. 0. 0. 0. 0. 0. 0. 2.91100001e+00
    2.21300006e+00 2. 2. 2. 2. 1.99800003e+00 1.99800003e+00
    1.99899995e+00 2. 2. 1.99399996e+00 1.97099996e+00 1.97099996e+00
