<?xml version="1.0"?>
<opencv_storage>
<Depth type_id="opencv-matrix">
  <rows>40</rows>
  <cols>40</cols>
  <dt>f</dt>
  <data>
    0. 0. 0. 0. 0. 0. 0. 0. 0. 0. 0. 0. 0. 0. 0. 0. 0. 0. 0. 0. 0. 0. 0.
    0. 0. 0. 0. 0. 0. 0. 0. 0. 0. 0. 0. 0. 0. 0. 0. 0. 0. 0. 0. 0. 0. 0.
    0. 0. 0. 0. 0. 0. 0. 0. 0. 0. 0. 0. 0. 0. 0. 0. 0. 0. 0. 0. 0. 0. 0.
    0. 0. 0. 0. 0. 0. 0. 0. 0. 0. 0. 0. 0. 0. 0. 0. 0. 0. 0. 0. 0. 0. 0.
    0. 0. 0. 0. 0. 0. 0. 0. 0. 0. 0. 0. 0. 0. 0. 0. 0. 0. 0. 0. 0. 0. 0.
    0. 0. 0. 0. 0. 0. 0. 0. 0. 0. 0. 0. 0. 0. 0. 0. 0. 0. 0. 0. 0. 0. 0.
    0. 0. 0. 0. 0. 0. 0. 0. 0. 0. 0. 0. 0. 0. 0. 0. 0. 0. 0. 0. 0. 0. 0.
    0. 0. 0. 0. 0. 0. 0. 0. 0. 0. 0. 0. 0. 0. 0. 0. 0. 0. 0. 0. 0. 0. 0.
    0. 0. 0. 0. 0. 0. 0. 0. 0. 0. 0. 0. 0. 0. 0. 0. 0. 0. 0. 0. 0. 0. 0.
    0. 0. 0. 0. 0. 0. 0. 0. 0. 0. 0. 0. 0. 0. 0. 0. 0. 0. 0. 0. 0. 0. 0.
    0. 0. 0. 0. 0. 0. 0. 0. 0. 0. 0. 0. 0. 0. 0. 0. 0. 0. 0. 0. 0. 0. 0.
    0. 0. 0. 0. 0. 0. 0. 0. 0. 0. 0. 0. 0. 0. 0. 0. 0. 0. 0. 0. 0. 0. 0.
    0. 0. 0. 0. 0. 0. 0. 0. 0. 0. 0. 0. 0. 0. 0. 0. 0. 0. 0. 0. 0. 0. 0.
    0. 0. 0. 0. 0. 0. 0. 0. 0. 0. 0. 0. 0. 0. 0. 0. 0. 0. 0. 0. 0. 0. 0.
    0. 0. 0. 0. 0. 0. 0. 0. 0. 0. 0. 0. 0. 0. 0. 0. 0. 0. 0. 0. 0. 0. 0.
    0. 0. 0. 0. 0. 0. 0. 0. 0. 0. 0. 0. 0. 0. 0. 0. 0. 0. 0. 0. 0. 0. 0.
    0. 0. 0. 0. 0. 0. 0. 0. 0. 0. 0. 0. 0. 0. 0. 0. 0. 0. 0. 0. 0. 0. 0.
    0. 0. 0. 0. 0. 0. 0. 0. 0. 0. 0. 0. 0. 0. 0. 0. 0. 0. 0. 0. 0. 0.
    2.98499990e+00 2.45499992e+00 1.99399996e+00 1.95000005e+00
    1.90799999e+00 1.90799999e+00 1.90799999e+00 2.44300008e+00 0. 0. 0.
    2.66499996e+00 2.04999995e+00 1.82000005e+00 1.82000005e+00
    1.82000005e+00 1.82000005e+00 1.82000005e+00 0. 0. 0. 0. 0. 0. 0. 0.
    0. 0. 0. 0. 0. 0. 0. 0. 0. 0. 0. 2.98399997e+00 2.93099999e+00
    2.91100001e+00 2.79200006e+00 2.36599994e+00 1.99399996e+00
    1.95000005e+00 1.90799999e+00 1.90799999e+00 1.90799999e+00
    2.32900000e+00 2.77999997e+00 2.85599995e+00 2.85599995e+00
    2.50399995e+00 2.01999998e+00 1.83299994e+00 1.82400000e+00
    1.82000005e+00 1.82000005e+00 1.82000005e+00 0. 0. 0. 0. 0. 0. 0. 0.
    0. 0. 0. 0. 0. 0. 0. 0. 0. 0. 2.92199993e+00 2.69600010e+00
    2.52600002e+00 2.46000004e+00 2.36400008e+00 2.16799998e+00
    1.99399996e+00 1.95000005e+00 1.90799999e+00 1.90799999e+00
    1.90799999e+00 2.07500005e+00 2.25300002e+00 2.28299999e+00
    2.28299999e+00 2.14400005e+00 1.95200002e+00 1.86300004e+00
    1.83399999e+00 1.82000005e+00 1.82000005e+00 1.82000005e+00 0. 0. 0.
    0. 0. 0. 0. 0. 0. 0. 0. 0. 0. 0. 0. 0. 0. 2.88599992e+00
    2.75600004e+00 2.46600008e+00 2.24600005e+00 2.16000009e+00
    2.08299994e+00 2.03800011e+00 1.99399996e+00 1.95000005e+00
    1.90799999e+00 1.90799999e+00 1.90799999e+00 1.90799999e+00
    1.90799999e+00 1.90799999e+00 1.90799999e+00 1.90799999e+00
    1.90799999e+00 1.88600004e+00 1.85099995e+00 1.83099997e+00
    1.82400000e+00 1.82000005e+00 0. 0. 0. 0. 0. 0. 0. 0. 0. 0. 0. 0. 0.
    0. 0. 0. 0. 2.60800004e+00 2.52699995e+00 2.34699988e+00
    2.20600009e+00 2.14199996e+00 2.08299994e+00 2.03800011e+00
    1.99399996e+00 1.95000005e+00 1.90799999e+00 1.90799999e+00
    1.90799999e+00 1.90799999e+00 1.90799999e+00 1.90799999e+00
    1.90799999e+00 1.90799999e+00 1.90799999e+00 1.89900005e+00
    1.88399994e+00 1.86199999e+00 1.83599997e+00 1.82000005e+00 0. 0. 0.
    0. 0. 0. 0. 0. 0. 0. 0. 0. 0. 0. 0. 0. 0. 2.38599992e+00
    2.34500003e+00 2.25200009e+00 2.17600012e+00 2.12899995e+00
    2.08400011e+00 2.04500008e+00 2.00500011e+00 1.96099997e+00
    1.91900003e+00 1.91900003e+00 1.91900003e+00 1.91900003e+00
    1.91900003e+00 1.91900003e+00 1.91900003e+00 1.91499996e+00
    1.90999997e+00 1.90799999e+00 1.90799999e+00 1.88600004e+00
    1.84399998e+00 1.82000005e+00 0. 0. 0. 0. 0. 0. 0. 0. 0. 0. 0. 0. 0.
    0. 0. 0. 0. 2.33599997e+00 2.30500007e+00 2.23699999e+00
    2.17600012e+00 2.12899995e+00 2.08999991e+00 2.07100010e+00
    2.04900002e+00 2.00500011e+00 1.96200001e+00 1.96200001e+00
    1.96200001e+00 1.96200001e+00 1.96200001e+00 1.96200001e+00
    1.96200001e+00 1.94400001e+00 1.91799998e+00 1.90799999e+00
    1.90799999e+00 1.88600004e+00 1.84399998e+00 1.82000005e+00 0. 0. 0.
    0. 0. 0. 0. 0. 0. 0. 0. 0. 0. 0. 0. 0. 0. 2.28600001e+00
    2.26600003e+00 2.22099996e+00 2.17600012e+00 2.12899995e+00
    2.09400010e+00 2.09400010e+00 2.08800006e+00 2.04600000e+00
    2.00600004e+00 2.00300002e+00 2. 1.99699998e+00 1.99399996e+00
    1.99399996e+00 1.99399996e+00 1.96399999e+00 1.92299998e+00
    1.90799999e+00 1.90799999e+00 1.88600004e+00 1.84399998e+00
    1.82000005e+00 0. 0. 0. 0. 0. 0. 0. 0. 0. 0. 0. 0. 0. 0. 0. 0. 0.
    2.23799992e+00 2.22799993e+00 2.20600009e+00 2.17600012e+00
    2.12899995e+00 2.09400010e+00 2.09400010e+00 2.09100008e+00
    2.07100010e+00 2.04999995e+00 2.02600002e+00 2.00200009e+00
    1.97800004e+00 1.95400000e+00 1.95000005e+00 1.95000005e+00
    1.93599999e+00 1.91600001e+00 1.90799999e+00 1.90799999e+00
    1.88600004e+00 1.84399998e+00 1.82000005e+00 0. 0. 0. 0. 0. 0. 0. 0.
    0. 0. 0. 0. 0. 0. 0. 0. 0. 2.19199991e+00 2.19199991e+00
    2.19199991e+00 2.17600012e+00 2.12899995e+00 2.09400010e+00
    2.09400010e+00 2.09400010e+00 2.09400010e+00 2.09200001e+00
    2.04800010e+00 2.00300002e+00 1.95899999e+00 1.91499996e+00
    1.90799999e+00 1.90799999e+00 1.90900004e+00 1.90900004e+00
    1.88000000e+00 1.83299994e+00 1.81400001e+00 1.82000005e+00
    1.82299995e+00 0. 0. 0. 0. 0. 0. 0. 0. 0. 0. 0. 0. 0. 0. 0. 0. 0.
    2.19199991e+00 2.19199991e+00 2.19199991e+00 2.17600012e+00
    2.12899995e+00 2.09400010e+00 2.09400010e+00 2.09400010e+00
    2.09400010e+00 2.09200001e+00 2.04800010e+00 2.00300002e+00
    1.95899999e+00 1.91499996e+00 1.90799999e+00 1.90799999e+00
    1.92400002e+00 1.94500005e+00 1.12600005e+00 0. 0. 1.15300000e+00
    1.90900004e+00 0. 0. 0. 0. 0. 0. 0. 0. 0. 0. 0. 0. 0. 0. 0. 0. 0.
    2.19199991e+00 2.19199991e+00 2.19199991e+00 2.17600012e+00
    2.12899995e+00 2.09400010e+00 2.09400010e+00 2.09400010e+00
    2.09400010e+00 2.09200001e+00 2.04800010e+00 2.00300002e+00
    1.95899999e+00 1.91499996e+00 1.90799999e+00 1.90799999e+00
    1.93900001e+00 1.98099995e+00 0. 0. 0. 0. 1.99399996e+00 0. 0. 0. 0.
    0. 0. 0. 0. 0. 0. 0. 0. 0. 0. 0. 0. 0. 2.14800000e+00 2.14800000e+00
    2.14800000e+00 2.14000010e+00 2.11400008e+00 2.09400010e+00
    2.09400010e+00 2.09100008e+00 2.07100010e+00 2.05100012e+00
    2.00600004e+00 1.96200001e+00 1.93599999e+00 1.91199994e+00
    1.90799999e+00 1.90799999e+00 1.92600000e+00 1.95000005e+00
    1.02699995e+00 0. 0. 0. 0. 0. 0. 0. 0. 0. 0. 0. 0. 0. 0. 0. 0. 0. 0.
    0. 0. 0. 2.10200000e+00 2.10200000e+00 2.10200000e+00 2.10100007e+00
    2.09699988e+00 2.09400010e+00 2.09400010e+00 2.08800006e+00
    2.04699993e+00 2.00600004e+00 1.96200001e+00 1.91799998e+00
    1.91199994e+00 1.90900004e+00 1.90799999e+00 1.90799999e+00
    1.91100001e+00 1.91400003e+00 1.78100002e+00 1.56500006e+00 0. 0. 0.
    0. 0. 0. 0. 0. 0. 0. 0. 0. 0. 0. 0. 0. 0. 0. 0. 0. 2.09400010e+00
    2.09400010e+00 2.09400010e+00 2.09400010e+00 2.09400010e+00
    2.08999991e+00 2.07200003e+00 2.05100012e+00 2.00600004e+00
    1.96300006e+00 1.93599999e+00 1.90999997e+00 1.90799999e+00
    1.90799999e+00 1.90799999e+00 1.90799999e+00 1.90799999e+00
    1.90799999e+00 2.04999995e+00 2.27600002e+00 0. 0. 0. 0. 0. 0. 0. 0.
    0. 0. 0. 0. 0. 0. 0. 0. 0. 0. 0. 0. 2.09400010e+00 2.09400010e+00
    2.09400010e+00 2.09400010e+00 2.09400010e+00 2.08500004e+00
    2.04600000e+00 2.00600004e+00 1.96200001e+00 1.91999996e+00
    1.91400003e+00 1.90799999e+00 1.90799999e+00 1.90799999e+00
    1.90799999e+00 1.90799999e+00 1.90799999e+00 1.90799999e+00
    2.22000003e+00 2.71900010e+00 1.31799996e+00 0. 0. 0. 0. 0. 0. 0. 0.
    0. 0. 0. 0. 0. 0. 0. 0. 0. 0. 0. 2.12800002e+00 2.12800002e+00
    2.12800002e+00 2.12199998e+00 2.10599995e+00 2.08299994e+00
    2.03800011e+00 1.99399996e+00 1.95000005e+00 1.90799999e+00
