<?xml version="1.0"?>
<opencv_storage>
<Depth type_id="opencv-matrix">
  <rows>40</rows>
  <cols>40</cols>
  <dt>f</dt>
  <data>
    0. 0. 0. 0. 0. 0. 0. 0. 0. 0. 0. 0. 0. 0. 0. 0. 0. 0. 0. 0. 0. 0. 0.
    0. 0. 0. 0. 0. 0. 0. 0. 0. 0. 0. 0. 0. 0. 0. 0. 0. 0. 0. 0. 0. 0. 0.
    0. 0. 0. 0. 0. 0. 0. 0. 0. 0. 0. 0. 0. 0. 0. 0. 0. 0. 0. 0. 0. 0. 0.
    0. 0. 0. 0. 0. 0. 0. 0. 0. 0. 0. 0. 0. 0. 0. 0. 0. 0. 0. 0. 0. 0. 0.
    0. 0. 0. 0. 0. 0. 0. 0. 0. 0. 0. 0. 0. 0. 0. 0. 0. 0. 0. 0. 0. 0. 0.
    0. 0. 0. 0. 0. 0. 0. 0. 0. 0. 0. 0. 0. 0. 0. 0. 0. 0. 0. 0. 0. 0. 0.
    0. 0. 0. 0. 0. 0. 0. 0. 0. 0. 0. 0. 0. 0. 0. 0. 0. 0. 0. 0. 0. 0. 0.
    0. 0. 0. 0. 0. 0. 0. 0. 0. 0. 0. 0. 0. 0. 0. 0. 0. 0. 0. 0. 0. 0. 0.
    0. 0. 0. 0. 0. 0. 0. 0. 0. 0. 0. 0. 0. 0. 0. 0. 0. 0. 0. 0. 0. 0. 0.
    0. 0. 0. 0. 0. 0. 0. 0. 0. 0. 0. 0. 0. 0. 0. 0. 0. 0. 0. 0. 0. 0. 0.
    0. 0. 0. 0. 0. 0. 0. 0. 0. 0. 0. 0. 2.77600002e+00 2.02699995e+00
    2.01300001e+00 2.01900005e+00 2.01600003e+00 2.01300001e+00
    2.01300001e+00 2.01300001e+00 2.01300001e+00 2. 1.99600005e+00
    1.98699999e+00 0. 0. 0. 0. 0. 0. 0. 0. 0. 0. 0. 0. 0. 0. 0. 0. 0. 0.
    0. 0. 0. 0. 0. 0. 0. 0. 0. 0. 2.77300000e+00 2.02099991e+00
    2.01300001e+00 2.01300001e+00 2.01300001e+00 2.01300001e+00
    2.01200008e+00 2.00799990e+00 2.00799990e+00 2. 1.99699998e+00
    1.99199998e+00 1.99899995e+00 1.99800003e+00 1.98199999e+00
    1.96599996e+00 1.96200001e+00 1.96200001e+00 1.96200001e+00
    1.96200001e+00 0. 0. 0. 0. 0. 0. 0. 0. 0. 0. 0. 0. 0. 0. 0. 0. 0. 0.
    0. 0. 2.26600003e+00 2.01300001e+00 2.01300001e+00 2.00900006e+00
    2.00399995e+00 2.00399995e+00 2.00300002e+00 2. 2. 2. 2. 2. 2.
    1.99899995e+00 1.99399996e+00 1.98300004e+00 1.97899997e+00
    1.97899997e+00 1.97899997e+00 1.97899997e+00 1.98699999e+00 2. 2. 2.
    1.98699999e+00 1.98699999e+00 1.98699999e+00 1.98699999e+00
    1.97399998e+00 1.98000002e+00 1.98699999e+00 2.71000004e+00
    2.73799992e+00 2.35599995e+00 1.97399998e+00 2.73300004e+00 0. 0. 0.
    0. 2.01300001e+00 2.01300001e+00 2.01300001e+00 2.00699997e+00 2. 2.
    2. 2. 2. 2. 2. 2. 2. 2. 2. 1.99899995e+00 1.99899995e+00
    1.98699999e+00 1.99300003e+00 1.99899995e+00 1.99899995e+00 2. 2. 2.
    1.99899995e+00 1.99899995e+00 1.99899995e+00 1.98800004e+00
    1.98599994e+00 1.98699999e+00 1.98699999e+00 1.99899995e+00
    1.99699998e+00 1.98699999e+00 1.97700000e+00 1.96200001e+00
    2.00600004e+00 0. 0. 0. 2.01300001e+00 2.01300001e+00 2.01200008e+00
    2.00500011e+00 2. 2. 2. 2. 2. 2. 2. 2. 2. 2. 2. 2. 2. 1.99000001e+00
    1.99500000e+00 2. 2. 2. 2. 2. 2. 2. 1.99800003e+00 1.99699998e+00
    1.99699998e+00 1.99699998e+00 1.99699998e+00 1.99699998e+00
    1.99800003e+00 1.99000001e+00 1.98800004e+00 1.97399998e+00
    1.97700000e+00 0. 0. 0. 2.01300001e+00 2.01300001e+00 2.00999999e+00
    2. 2. 2. 2. 2. 2. 2. 2. 2. 2. 2. 2. 2. 2. 2. 2. 2. 2. 2. 2. 2. 2. 2.
    1.99199998e+00 1.98699999e+00 1.98699999e+00 1.98699999e+00
    1.98699999e+00 1.98699999e+00 1.99899995e+00 1.99399996e+00
    1.98899996e+00 1.97399998e+00 1.97399998e+00 0. 0. 0. 2.01300001e+00
    2.01300001e+00 2.00999999e+00 2. 2. 2. 2. 2. 2. 2. 2. 2. 2. 2. 2. 2.
    2. 2. 2. 2. 2. 2. 2. 2. 2. 2. 1.99199998e+00 1.98699999e+00
    1.97700000e+00 1.97700000e+00 1.98399997e+00 1.98699999e+00
    1.99000001e+00 1.98699999e+00 1.98699999e+00 1.96500003e+00
    1.96800005e+00 0. 0. 0. 2.01300001e+00 2.01300001e+00 2.00999999e+00
    2. 2. 2. 2. 2. 2. 2. 2. 2. 2. 2. 2. 2. 2. 2. 2. 2. 2. 2.
    1.99300003e+00 1.98699999e+00 1.98699999e+00 1.98699999e+00
    1.98699999e+00 1.98699999e+00 1.97399998e+00 1.97399998e+00
    1.97399998e+00 1.97399998e+00 1.98399997e+00 1.97399998e+00
    1.97399998e+00 1.96200001e+00 1.96200001e+00 0. 0. 0. 2. 2. 2. 2. 2.
    2. 2. 2. 2. 2. 2. 1.99800003e+00 1.99600005e+00 1.99500000e+00
    1.98699999e+00 1.98699999e+00 1.98699999e+00 2. 2. 1.99000001e+00
    1.98699999e+00 1.99100006e+00 1.99300003e+00 1.98699999e+00
    1.98699999e+00 1.98599994e+00 1.98300004e+00 1.98300004e+00
    1.97500002e+00 1.97800004e+00 1.97800004e+00 1.97800004e+00
    1.98099995e+00 1.97200000e+00 1.96399999e+00 1.96200001e+00
    1.96200001e+00 0. 0. 0. 2. 2. 2. 2. 2. 2. 2. 2. 2. 2. 2.
    1.99199998e+00 1.98699999e+00 1.98599994e+00 1.98000002e+00
    1.98000002e+00 1.98000002e+00 1.99399996e+00 2. 1.99000001e+00
    1.98699999e+00 1.98899996e+00 1.99000001e+00 1.98699999e+00
    1.98699999e+00 1.98199999e+00 1.97399998e+00 1.97399998e+00
    1.97500002e+00 1.98300004e+00 1.98699999e+00 1.98699999e+00
    1.97399998e+00 1.96800005e+00 1.96200001e+00 1.96200001e+00
    1.97099996e+00 0. 0. 2.25799990e+00 1.99699998e+00 2. 2. 2. 2. 2. 2.
    2. 2. 2. 2. 1.99199998e+00 1.98699999e+00 1.98500001e+00
    1.97399998e+00 1.97399998e+00 1.97399998e+00 1.98800004e+00
    1.99500000e+00 1.99000001e+00 1.98699999e+00 1.98699999e+00
    1.98699999e+00 1.97800004e+00 1.97599995e+00 1.97599995e+00
    1.97399998e+00 1.97399998e+00 1.97399998e+00 1.98000002e+00
    1.98699999e+00 1.98699999e+00 1.97399998e+00 1.96800005e+00
    1.96200001e+00 1.96200001e+00 1.97500002e+00 0. 0. 1.98800004e+00
    1.99600005e+00 2. 2. 2. 1.99000001e+00 1.98699999e+00 1.98699999e+00
    1.99399996e+00 2. 2. 2. 1.99199998e+00 1.98699999e+00 1.98699999e+00
    1.98699999e+00 1.98699999e+00 1.98699999e+00 1.98699999e+00
    1.99300003e+00 2. 2. 1.98300004e+00 1.97399998e+00 1.97399998e+00
    1.97399998e+00 1.97899997e+00 1.97899997e+00 1.97399998e+00
    1.97399998e+00 1.98000002e+00 1.98699999e+00 1.98699999e+00
    1.97399998e+00 1.97399998e+00 1.97399998e+00 1.98599994e+00
    1.97200000e+00 0. 0. 2. 2. 2. 2. 2. 1.99399996e+00 1.99100006e+00
    1.99100006e+00 1.99600005e+00 2. 2. 1.99800003e+00 1.99000001e+00
    1.98699999e+00 1.98699999e+00 1.98699999e+00 1.99000001e+00
    1.99100006e+00 1.99100006e+00 1.99600005e+00 2. 2. 1.98599994e+00
    1.97399998e+00 1.97399998e+00 1.97399998e+00 1.98199999e+00
    1.98199999e+00 1.97800004e+00 1.97800004e+00 1.98199999e+00
    1.98699999e+00 1.98699999e+00 1.97399998e+00 1.97399998e+00
    1.97399998e+00 1.97300005e+00 1.94900000e+00 0. 2.83100009e+00 2. 2.
    2. 1.99199998e+00 1.99199998e+00 1.99199998e+00 1.99199998e+00
    1.99199998e+00 1.99600005e+00 2. 2. 1.99600005e+00 1.98699999e+00
    1.98699999e+00 1.98699999e+00 1.98699999e+00 1.99000001e+00
    1.99199998e+00 1.99399996e+00 1.99600005e+00 1.99199998e+00
    1.99199998e+00 1.98899996e+00 1.97800004e+00 1.97399998e+00
    1.97500002e+00 1.98699999e+00 1.98699999e+00 1.98699999e+00
    1.98699999e+00 1.98699999e+00 1.98699999e+00 1.98699999e+00
    1.97399998e+00 1.97399998e+00 1.97399998e+00 1.97300005e+00
    1.95700002e+00 0. 2.02200007e+00 2.00699997e+00 2. 2. 1.98699999e+00
    1.98699999e+00 1.98699999e+00 1.98699999e+00 1.98699999e+00
    1.99399996e+00 2. 2. 1.99600005e+00 1.98699999e+00 1.98699999e+00
    1.98699999e+00 1.98699999e+00 1.98699999e+00 1.98699999e+00
    1.98699999e+00 1.98800004e+00 1.98699999e+00 1.98699999e+00
    1.98699999e+00 1.98599994e+00 1.98500001e+00 1.98599994e+00
    1.98699999e+00 1.99399996e+00 1.99800003e+00 1.98699999e+00
    1.98699999e+00 1.98699999e+00 1.98699999e+00 1.97399998e+00
    1.97399998e+00 1.97399998e+00 1.97399998e+00 1.43299997e+00 0.
    2.00900006e+00 1.99800003e+00 1.99899995e+00 2. 2. 1.99399996e+00
    1.98699999e+00 1.98699999e+00 1.99600005e+00 1.98699999e+00
    1.98699999e+00 1.98699999e+00 1.98699999e+00 1.98699999e+00
    1.98699999e+00 1.98699999e+00 1.98699999e+00 1.98699999e+00
    1.98699999e+00 1.98699999e+00 1.98699999e+00 1.98699999e+00
    1.98500001e+00 1.98500001e+00 1.98599994e+00 1.98699999e+00
    1.98699999e+00 1.98699999e+00 1.98699999e+00 1.98699999e+00
    1.98699999e+00 1.98099995e+00 1.97399998e+00 1.97399998e+00
    1.97399998e+00 1.97399998e+00 1.97399998e+00 1.91900003e+00 0. 0.
    1.98500001e+00 1.98699999e+00 1.99600005e+00 2. 1.99899995e+00
    1.99100006e+00 1.98699999e+00 1.98699999e+00 1.99800003e+00
