<?xml version="1.0"?>
<opencv_storage>
<Depth type_id="opencv-matrix">
  <rows>40</rows>
  <cols>40</cols>
  <dt>f</dt>
  <data>
    0. 0. 0. 0. 0. 0. 0. 0. 0. 0. 0. 0. 0. 0. 0. 0. 0. 0. 0. 0. 0. 0. 0.
    0. 0. 0. 0. 0. 0. 0. 0. 0. 0. 0. 0. 0. 0. 0. 0. 0. 0. 0. 0. 0. 0. 0.
    0. 0. 0. 0. 0. 0. 0. 0. 0. 0. 0. 0. 0. 0. 0. 0. 0. 0. 0. 0. 0. 0. 0.
    0. 0. 0. 0. 0. 0. 0. 0. 0. 0. 0. 0. 0. 0. 0. 0. 0. 0. 0. 0. 0. 0. 0.
    0. 0. 0. 0. 0. 0. 0. 0. 0. 0. 0. 0. 0. 0. 0. 0. 0. 0. 0. 0. 0. 0. 0.
    0. 0. 0. 0. 0. 0. 0. 0. 0. 0. 0. 0. 0. 0. 0. 0. 0. 0. 0. 0. 0. 0. 0.
    0. 0. 0. 0. 0. 0. 0. 0. 0. 0. 0. 0. 0. 0. 0. 0. 0. 0. 0. 0. 0. 0. 0.
    0. 0. 0. 0. 0. 0. 0. 0. 0. 0. 0. 0. 0. 0. 0. 0. 0. 0. 0. 0. 0. 0. 0.
    0. 0. 0. 0. 0. 0. 0. 0. 0. 0. 0. 0. 0. 0. 0. 0. 0. 0. 0. 0. 0. 0. 0.
    0. 0. 0. 0. 0. 0. 0. 0. 0. 0. 0. 0. 0. 0. 0. 0. 0. 0. 0. 0. 0. 0. 0.
    0. 0. 0. 0. 0. 0. 0. 0. 0. 0. 0. 0. 0. 0. 0. 0. 0. 0. 0. 0. 0. 0. 0.
    0. 0. 0. 0. 0. 0. 0. 0. 0. 0. 0. 0. 0. 0. 0. 0. 0. 0. 0. 0. 0. 0. 0.
    0. 0. 0. 0. 0. 0. 0. 0. 0. 0. 0. 0. 0. 0. 0. 0. 0. 0. 0. 0. 0. 0. 0.
    0. 0. 0. 0. 0. 0. 0. 0. 0. 0. 0. 0. 0. 0. 0. 0. 0. 0. 0. 0. 0. 0. 0.
    0. 0. 0. 0. 0. 0. 0. 0. 0. 0. 0. 0. 0. 0. 0. 0. 0. 0. 0. 0. 0. 0. 0.
    0. 0. 0. 0. 0. 0. 0. 0. 0. 0. 0. 0. 0. 0. 0. 0. 0. 0. 0. 0. 0. 0. 0.
    0. 0. 0. 0. 0. 0. 0. 0. 0. 0. 0. 0. 0. 0. 0. 0. 0. 0. 0. 0. 0. 0. 0.
    0. 0. 0. 0. 0. 0. 0. 0. 0. 0. 0. 0. 0. 0. 0. 0. 0. 0. 0. 0. 0. 0. 0.
    0. 0. 0. 0. 0. 0. 0. 0. 0. 0. 0. 0. 0. 0. 0. 0. 0. 0. 0. 0. 0. 0. 0.
    0. 0. 0. 0. 0. 0. 0. 0. 0. 0. 0. 0. 0. 0. 0. 0. 0. 2.12500000e+00
    2.28900003e+00 2.28900003e+00 2.24699998e+00 2.13499999e+00
    2.02200007e+00 2. 2. 2. 2. 2. 2. 2. 2. 2. 2. 2. 2. 2. 2. 2. 2. 0. 0.
    0. 0. 0. 0. 0. 0. 0. 0. 0. 0. 0. 0. 0. 0. 0. 0. 2.13800001e+00
    2.28900003e+00 2.28900003e+00 2.24900007e+00 2.14100003e+00
    2.03299999e+00 2.00799990e+00 2.00399995e+00 2. 2. 2. 2. 2. 2. 2. 2.
    2. 2. 2. 2. 2. 2. 0. 0. 0. 0. 0. 0. 0. 0. 0. 0. 0. 0. 0. 0. 0. 0. 0.
    0. 2.19899988e+00 2.28900003e+00 2.28900003e+00 2.25699997e+00
    2.17000008e+00 2.08400011e+00 2.04600000e+00 2.01999998e+00 2. 2. 2.
    2. 2. 2. 2. 2. 2. 2. 2. 2. 2. 2. 0. 0. 0. 0. 0. 0. 0. 1.57400000e+00
    1.57400000e+00 1.57400000e+00 1.57400000e+00 1.44299996e+00
    1.24000001e+00 1.05299997e+00 1.05299997e+00 1.05299997e+00
    1.29900002e+00 1.77999997e+00 2.26099992e+00 2.28900003e+00
    2.28900003e+00 2.26500010e+00 2.20000005e+00 2.13400006e+00
    2.08400011e+00 2.03600001e+00 2. 2. 2. 2. 2. 2. 2. 2. 2. 2. 2. 2. 2.
    2. 0. 0. 0. 0. 0. 0. 0. 2.52399993e+00 2.51799989e+00 2.48900008e+00
    2.46099997e+00 2.33699989e+00 2.16199994e+00 2. 2. 2. 2.04299998e+00
    2.12700009e+00 2.21099997e+00 2.21600008e+00 2.21600008e+00
    2.20499992e+00 2.17600012e+00 2.14700007e+00 2.09699988e+00
    2.04200006e+00 2. 2. 2. 2. 2. 2. 2. 2. 2. 2. 2. 2. 2. 2. 0. 0. 0. 0.
    0. 0. 0. 2.40199995e+00 2.38599992e+00 2.31399989e+00 2.24200010e+00
    2.16199994e+00 2.07800007e+00 2. 2. 2. 2.02099991e+00 2.06100011e+00
    2.10100007e+00 2.10400009e+00 2.10400009e+00 2.10899997e+00
    2.12400007e+00 2.13800001e+00 2.09699988e+00 2.04200006e+00 2. 2. 2.
    2. 2. 2. 2. 2. 2. 2. 2. 2. 2. 2. 0. 0. 0. 0. 0. 0. 0. 2.28399992e+00
    2.26099992e+00 2.15000010e+00 2.03900003e+00 2. 2. 2. 2. 2. 2. 2. 2.
    2. 2. 2.01999998e+00 2.07299995e+00 2.12599993e+00 2.09400010e+00
    2.04099989e+00 2. 2. 2. 2. 2. 2. 2. 2. 2. 2. 2. 2. 2. 2. 0. 0. 0. 0.
    0. 0. 0. 2.22700000e+00 2.20799994e+00 2.11899996e+00 2.03099990e+00
    2. 2. 2. 2. 2. 2. 2. 2. 2. 2. 2.01200008e+00 2.04399991e+00
    2.07599998e+00 2.05599999e+00 2.02399993e+00 2. 2. 2. 2. 2. 2. 2. 2.
    2. 2. 2. 2. 2. 2. 0. 0. 0. 0. 0. 0. 0. 2.16899991e+00 2.15499997e+00
    2.08899999e+00 2.02300000e+00 2. 2. 2. 2. 2. 2. 2. 2. 2. 2.
    2.00399995e+00 2.01399994e+00 2.02500010e+00 2.01799989e+00
    2.00799990e+00 2. 2. 2. 2. 2. 2. 2. 2. 2. 2. 2. 2. 2. 2. 0. 0. 0. 0.
    0. 0. 0. 2.14100003e+00 2.13199997e+00 2.08800006e+00 2.04399991e+00
    2.02099991e+00 2.00999999e+00 2. 2. 2. 1.99500000e+00 1.98399997e+00
    1.97399998e+00 1.97300005e+00 1.97300005e+00 1.97700000e+00
    1.98699999e+00 1.99800003e+00 2. 2. 1.99800003e+00 1.98699999e+00
    1.97700000e+00 1.97300005e+00 1.97300005e+00 1.97300005e+00
    1.97300005e+00 1.97300005e+00 1.97899997e+00 1.98899996e+00 2. 2. 2.
    2. 0. 0. 0. 0. 0. 0. 0. 2.14100003e+00 2.13599992e+00 2.11299992e+00
    2.09100008e+00 2.06200004e+00 2.02999997e+00 2. 2. 2. 1.98399997e+00
    1.95299995e+00 1.92200005e+00 1.91999996e+00 1.91999996e+00
    1.93200004e+00 1.96300006e+00 1.99399996e+00 2. 2. 1.99300003e+00
    1.96200001e+00 1.92999995e+00 1.91999996e+00 1.91999996e+00
    1.91999996e+00 1.91999996e+00 1.91999996e+00 1.93700004e+00
    1.96800005e+00 1.99899995e+00 2. 2. 2. 0. 0. 0. 0. 0. 0. 0.
    2.14100003e+00 2.14100003e+00 2.13899994e+00 2.13800001e+00
    2.10299993e+00 2.04900002e+00 2. 2. 2. 1.97399998e+00 1.92200005e+00
    1.87000000e+00 1.86699998e+00 1.86699998e+00 1.88600004e+00
    1.93799996e+00 1.99000001e+00 2. 2. 1.98800004e+00 1.93599999e+00
    1.88399994e+00 1.86699998e+00 1.86699998e+00 1.86699998e+00
    1.86699998e+00 1.86699998e+00 1.89499998e+00 1.94599998e+00
    1.99800003e+00 2. 2. 2. 0. 0. 0. 0. 0. 0. 0. 2.14100003e+00
    2.14100003e+00 2.14100003e+00 2.14100003e+00 2.10500002e+00
    2.05100012e+00 2. 2. 2. 1.97300005e+00 1.91999996e+00 1.86699998e+00
    1.86399996e+00 1.86399996e+00 1.87699997e+00 1.90999997e+00
    1.94400001e+00 1.95000005e+00 1.95000005e+00 1.94200003e+00
    1.90900004e+00 1.87500000e+00 1.86399996e+00 1.86399996e+00
    1.86399996e+00 1.86399996e+00 1.86399996e+00 1.73699999e+00
    1.49800003e+00 1.25899994e+00 1.25000000e+00 1.25000000e+00
    1.25000000e+00 0. 0. 0. 0. 0. 0. 0. 2.14100003e+00 2.14100003e+00
    2.14100003e+00 2.14100003e+00 2.10500002e+00 2.05100012e+00 2. 2. 2.
    1.97300005e+00 1.91999996e+00 1.86699998e+00 1.86399996e+00
    1.86399996e+00 1.86899996e+00 1.88199997e+00 1.89499998e+00
    1.89699996e+00 1.89699996e+00 1.89400005e+00 1.88100004e+00
    1.86800003e+00 1.86399996e+00 1.86399996e+00 1.86399996e+00
    1.86399996e+00 1.86399996e+00 1.57299995e+00 1.02400005e+00 0. 0. 0.
    0. 0. 0. 0. 0. 0. 0. 0. 1.83399999e+00 1.85899997e+00 1.97899997e+00
    2.09899998e+00 2.10500002e+00 2.05100012e+00 2. 2. 2. 1.97300005e+00
    1.91999996e+00 1.86699998e+00 1.86399996e+00 1.86399996e+00
    1.86399996e+00 1.86399996e+00 1.86399996e+00 1.86399996e+00
    1.86399996e+00 1.86399996e+00 1.86399996e+00 1.86399996e+00
    1.78900003e+00 1.67799997e+00 1.57700002e+00 1.57700002e+00
    1.57700002e+00 1.24000001e+00 0. 0. 0. 0. 0. 0. 0. 0. 0. 0. 0. 0.
    1.00899994e+00 1.10399997e+00 1.54499996e+00 1.98500001e+00
    2.10500002e+00 2.05100012e+00 2. 2. 2. 1.97300005e+00 1.91999996e+00
    1.86699998e+00 1.86399996e+00 1.86399996e+00 1.86399996e+00
    1.86399996e+00 1.86399996e+00 1.86399996e+00 1.86399996e+00
    1.86399996e+00 1.86399996e+00 1.86399996e+00 1.58899999e+00
    1.17799997e+00 0. 0. 0. 0. 0. 0. 0. 0. 0. 0. 0. 0. 0. 0. 0. 0. 0. 0.
    1.11000001e+00 1.87199998e+00 2.10500002e+00 2.05100012e+00 2. 2. 2.
    1.97300005e+00 1.91999996e+00 1.86699998e+00 1.86399996e+00
    1.86399996e+00 1.86399996e+00 1.86399996e+00 1.86399996e+00
    1.86399996e+00 1.86399996e+00 1.86399996e+00 1.86399996e+00
    1.86399996e+00 1.38900006e+00 0. 0. 0. 0. 0. 0. 0. 0. 0. 0. 0. 0. 0.
    0. 0. 0. 0. 0. 0. 1.02499998e+00 1.85000002e+00 2.10500002e+00
    2.05100012e+00 2. 2. 2. 1.97300005e+00 1.91999996e+00 1.86699998e+00
    1.86399996e+00 1.86399996e+00 1.86399996e+00 1.86399996e+00
    1.86399996e+00 1.86399996e+00 1.86399996e+00 1.86399996e+00
    1.86399996e+00 1.86399996e+00 1.35000002e+00 0. 0. 0. 0. 0. 0. 0. 0.
    0. 0. 0. 0. 0. 0. 0. 0. 0. 0. 0. 0. 0. 0. 0. 0. 0. 0. 0. 0. 0. 0. 0.
    0. 0. 0. 0. 0. 0. 0. 0. 0. 0. 0. 0. 0. 0. 0. 0. 0. 0. 0. 0. 0. 0. 0.
    0. 0. 0. 0. 0. 0. 0. 0. 0. 0. 0. 0. 0. 0. 0. 0. 0. 0. 0. 0. 0. 0. 0.
