<?xml version="1.0"?>
<opencv_storage>
<Depth type_id="opencv-matrix">
  <rows>40</rows>
  <cols>40</cols>
  <dt>f</dt>
  <data>
    0. 0. 0. 0. 0. 0. 0. 0. 0. 0. 0. 0. 0. 0. 0. 0. 1.38300002e+00
    1.70400000e+00 2. 2. 2. 2. 2. 2. 2. 2. 2. 0. 0. 0. 0. 0. 0. 0. 0. 0.
    0. 0. 0. 0. 0. 0. 0. 0. 0. 0. 0. 0. 0. 0. 0. 0. 0. 0. 0.
    1.17499995e+00 2.11400008e+00 2.07299995e+00 2.03600001e+00
    2.03600001e+00 2.03600001e+00 2.03600001e+00 2.03600001e+00
    2.03600001e+00 2.03600001e+00 2.03600001e+00 2.03600001e+00 0. 0. 0.
    0. 0. 0. 0. 0. 0. 0. 0. 0. 0. 0. 0. 0. 0. 0. 0. 0. 0. 0. 0. 0. 0. 0.
    0. 0. 1.17499995e+00 2.12800002e+00 2.10899997e+00 2.08999991e+00
    2.08999991e+00 2.08999991e+00 2.08999991e+00 2.08999991e+00
    2.08999991e+00 2.08999991e+00 2.08999991e+00 2.08999991e+00 0. 0. 0.
    0. 0. 0. 0. 0. 0. 0. 0. 0. 0. 0. 0. 0. 0. 0. 0. 0. 0. 0. 0. 0. 0. 0.
    0. 0. 1.20500004e+00 2.14100003e+00 2.14100003e+00 2.14100003e+00
    2.14100003e+00 2.14100003e+00 2.14100003e+00 2.14100003e+00
    2.14100003e+00 2.14299989e+00 2.14400005e+00 2.14599991e+00 0. 0. 0.
    0. 0. 0. 0. 0. 0. 0. 0. 0. 0. 0. 0. 0. 0. 0. 0. 0. 0. 0. 0. 0. 0. 0.
    0. 0. 1.58899999e+00 2.14100003e+00 2.14100003e+00 2.14100003e+00
    2.14100003e+00 2.14100003e+00 2.14100003e+00 2.14100003e+00
    2.14100003e+00 2.16400003e+00 2.18799996e+00 2.20300007e+00 0. 0. 0.
    0. 0. 0. 0. 0. 0. 0. 0. 0. 0. 0. 0. 0. 0. 0. 0. 0. 0. 0. 0. 0. 0. 0.
    1.02199996e+00 1.49800003e+00 1.97300005e+00 2.14100003e+00
    2.14100003e+00 2.14100003e+00 2.14100003e+00 2.14100003e+00
    2.14100003e+00 2.14100003e+00 2.14100003e+00 2.18499994e+00
    2.23200011e+00 2.26099992e+00 0. 0. 0. 0. 0. 0. 0. 0. 0. 0. 0. 0. 0.
    0. 0. 0. 0. 0. 0. 0. 0. 0. 0. 0. 0. 2.28900003e+00 2.27699995e+00
    2.21900010e+00 2.16100001e+00 2.14100003e+00 2.14100003e+00
    2.14100003e+00 2.14100003e+00 2.14100003e+00 2.14700007e+00
    2.15799999e+00 2.17000008e+00 2.21399999e+00 2.25999999e+00
    2.28900003e+00 0. 0. 0. 0. 0. 0. 0. 0. 0. 0. 0. 0. 0. 0. 0. 0. 0. 0.
    0. 0. 0. 0. 0. 0. 0. 2.28900003e+00 2.27699995e+00 2.21900010e+00
    2.16100001e+00 2.14100003e+00 2.14100003e+00 2.14100003e+00
    2.14100003e+00 2.14100003e+00 2.15799999e+00 2.19199991e+00
    2.22600007e+00 2.25000000e+00 2.27399993e+00 2.28900003e+00 0. 0. 0.
    0. 0. 0. 0. 0. 0. 0. 0. 0. 0. 0. 0. 0. 0. 0. 0. 0. 0. 0. 0. 0. 0.
    2.28900003e+00 2.27699995e+00 2.21900010e+00 2.16100001e+00
    2.14100003e+00 2.14100003e+00 2.14100003e+00 2.14100003e+00
    2.14100003e+00 2.17000008e+00 2.22600007e+00 2.28200006e+00
    2.28699994e+00 2.28800011e+00 2.28900003e+00 0. 0. 0. 0. 0. 0. 0. 0.
    0. 0. 0. 0. 0. 0. 0. 0. 0. 0. 0. 0. 0. 0. 0. 0. 0. 2.28900003e+00
    2.27699995e+00 2.21900010e+00 2.16100001e+00 2.14100003e+00
    2.14100003e+00 2.14299989e+00 2.16400003e+00 2.18499994e+00
    2.21399999e+00 2.25000000e+00 2.28699994e+00 2.28900003e+00
    2.28900003e+00 2.28900003e+00 0. 0. 0. 0. 0. 0. 0. 0. 0. 0. 0. 0. 0.
    0. 0. 0. 0. 0. 0. 0. 0. 0. 0. 0. 0. 2.28900003e+00 2.27699995e+00
    2.21900010e+00 2.16100001e+00 2.14100003e+00 2.14100003e+00
    2.14400005e+00 2.18799996e+00 2.23200011e+00 2.25999999e+00
    2.27399993e+00 2.28800011e+00 2.28900003e+00 2.28900003e+00
    2.28900003e+00 0. 0. 0. 0. 0. 0. 0. 0. 0. 0. 0. 0. 0. 0. 0. 0. 0. 0.
    0. 0. 0. 0. 0. 0. 0. 2.28900003e+00 2.27699995e+00 2.21900010e+00
    2.16100001e+00 2.13599992e+00 2.12800002e+00 2.12400007e+00
    2.17400002e+00 2.22300005e+00 2.25099993e+00 2.25900006e+00
    2.26699996e+00 1.89400005e+00 1.49699998e+00 1.24800003e+00 0. 0. 0.
    0. 0. 0. 0. 0. 0. 0. 0. 0. 0. 0. 0. 0. 0. 0. 0. 0. 0. 0. 0. 0. 0.
    2.28900003e+00 2.27699995e+00 2.21900010e+00 2.16100001e+00
    2.12199998e+00 2.09299994e+00 2.06800008e+00 2.09500003e+00
    2.12100005e+00 2.15000010e+00 2.17899990e+00 2.20799994e+00 0. 0. 0.
    0. 0. 0. 0. 0. 0. 0. 0. 0. 0. 0. 0. 0. 0. 0. 0. 0. 0. 0. 0. 0. 0. 0.
    0. 0. 2.28900003e+00 2.27699995e+00 2.21900010e+00 2.16100001e+00
    2.10800004e+00 2.05699992e+00 2.01099992e+00 2.01500010e+00
    2.01999998e+00 2.04800010e+00 2.09899998e+00 2.14899993e+00 0. 0. 0.
    0. 0. 0. 0. 0. 0. 0. 0. 0. 0. 0. 0. 0. 0. 0. 0. 0. 0. 0. 0. 0. 0. 0.
    0. 0. 2.24300003e+00 2.23399997e+00 2.19499993e+00 2.15499997e+00
    2.10500002e+00 2.05100012e+00 2. 2. 2. 2.01900005e+00 2.05699992e+00
    2.09500003e+00 0. 0. 0. 0. 0. 0. 0. 0. 0. 0. 0. 0. 0. 0. 0. 0. 0. 0.
    0. 0. 0. 0. 0. 0. 0. 0. 0. 0. 2.18499994e+00 2.18099999e+00
    2.16400003e+00 2.14700007e+00 2.10500002e+00 2.05100012e+00 2. 2. 2.
    2.00799990e+00 2.02500010e+00 2.04099989e+00 0. 0. 0. 0. 0. 0. 0. 0.
    0. 0. 0. 0. 0. 0. 0. 0. 0. 0. 0. 0. 0. 0. 0. 0. 0. 0. 0. 0.
    2.14100003e+00 2.14100003e+00 2.14100003e+00 2.14100003e+00
    2.10500002e+00 2.05100012e+00 2. 2. 2. 2. 2. 2. 0. 0. 0. 0. 0. 0. 0.
    0. 0. 0. 0. 0. 0. 0. 0. 0. 0. 0. 0. 0. 0. 0. 0. 0. 0. 0. 0. 0.
    2.14100003e+00 2.14100003e+00 2.14100003e+00 2.14100003e+00
    2.10500002e+00 2.05100012e+00 2. 2. 2. 2. 2. 2. 0. 0. 0. 0. 0. 0. 0.
    0. 0. 0. 0. 0. 0. 0. 0. 0. 0. 0. 0. 0. 0. 0. 0. 0. 0. 0. 0. 0.
    2.14100003e+00 2.14100003e+00 2.14100003e+00 2.14100003e+00
    2.10500002e+00 2.05100012e+00 2. 2. 2. 2. 2. 2. 0. 0. 0. 0. 0. 0. 0.
    0. 0. 0. 0. 0. 0. 0. 0. 0. 0. 0. 0. 0. 0. 0. 0. 0. 0. 0. 0. 0.
    2.17899990e+00 2.17600012e+00 2.16100001e+00 2.14599991e+00
    2.10500002e+00 2.05100012e+00 2. 2. 2. 2. 2. 2. 0. 0. 0. 0. 0. 0. 0.
    0. 0. 0. 0. 0. 0. 0. 0. 0. 0. 0. 0. 0. 0. 0. 0. 0. 0. 0. 0. 0.
    2.23699999e+00 2.22900009e+00 2.19199991e+00 2.15400004e+00
    2.10500002e+00 2.05100012e+00 2. 2. 2. 2. 2. 2. 0. 0. 0. 0. 0. 0. 0.
    0. 0. 0. 0. 0. 0. 0. 0. 0. 0. 0. 0. 0. 0. 0. 0. 0. 0. 0. 0. 0.
    2.28900003e+00 2.27699995e+00 2.21900010e+00 2.16100001e+00
    2.10500002e+00 2.05100012e+00 2. 2. 2. 2. 2. 2. 0. 0. 0. 0. 0. 0. 0.
    0. 0. 0. 0. 0. 0. 0. 0. 0. 0. 0. 0. 0. 0. 0. 0. 0. 0. 0. 0. 0.
    2.28900003e+00 2.27699995e+00 2.21900010e+00 2.16100001e+00
    2.10500002e+00 2.05100012e+00 2. 2. 2. 2. 2. 2. 0. 0. 0. 0. 0. 0. 0.
    0. 0. 0. 0. 0. 0. 0. 0. 0. 0. 0. 0. 0. 0. 0. 0. 0. 0. 0. 0. 0.
    2.28900003e+00 2.27699995e+00 2.21900010e+00 2.16100001e+00
    2.10500002e+00 2.05100012e+00 2. 2. 2. 2. 2. 2. 0. 0. 0. 0. 0. 0. 0.
    0. 0. 0. 0. 0. 0. 0. 0. 0. 0. 0. 0. 0. 0. 0. 0. 0. 0. 0. 0. 0.
    2.28900003e+00 2.27699995e+00 2.21900010e+00 2.16100001e+00
    2.11299992e+00 2.06900001e+00 2.02800012e+00 2.01699996e+00
    2.00600004e+00 2. 2. 2. 0. 0. 0. 0. 0. 0. 0. 0. 0. 0. 0. 0. 0. 0. 0.
    0. 0. 0. 0. 0. 0. 0. 0. 0. 0. 0. 0. 0. 2.28900003e+00 2.27699995e+00
    2.21900010e+00 2.16100001e+00 2.12700009e+00 2.10400009e+00
    2.08100009e+00 2.04900002e+00 2.01600003e+00 2. 2. 2. 0. 0. 0. 0. 0.
    0. 0. 0. 0. 0. 0. 0. 0. 0. 0. 0. 0. 0. 0. 0. 0. 0. 0. 0. 0. 0. 0. 0.
    2.28900003e+00 2.27699995e+00 2.21900010e+00 2.16100001e+00
    2.14000010e+00 2.14000010e+00 2.13499999e+00 2.08100009e+00
    2.02600002e+00 2. 2. 2. 0. 0. 0. 0. 0. 0. 0. 0. 0. 0. 0. 0. 0. 0. 0.
    0. 0. 0. 0. 0. 0. 0. 0. 0. 0. 0. 0. 0. 2.18099999e+00 2.17300010e+00
    2.13700008e+00 2.10100007e+00 2.08800006e+00 2.08800006e+00
    2.08599997e+00 2.05100012e+00 2.01699996e+00 2. 2. 2. 0. 0. 0. 0. 0.
    0. 0. 0. 0. 0. 0. 0. 0. 0. 0. 0. 0. 0. 0. 0. 0. 0. 0. 0. 0. 0. 0. 0.
    2.06800008e+00 2.06500006e+00 2.05200005e+00 2.03800011e+00
    2.03299999e+00 2.03299999e+00 2.03200006e+00 2.01900005e+00
    2.00600004e+00 2. 2. 2. 0. 0. 0. 0. 0. 0. 0. 0. 0. 0. 0. 0. 0. 0. 0.
    0. 0. 0. 0. 0. 0. 0. 0. 0. 0. 0. 0. 0. 2. 2. 2. 2. 2. 2. 2. 2. 2. 2.
    2. 2. 0. 0. 0. 0. 0. 0. 0. 0. 0. 0. 0. 0. 0. 0. 0. 0. 0. 0. 0. 0. 0.
    0. 0. 0. 0. 0. 0. 0. 2. 2. 2. 2. 2. 2. 2. 2. 2. 2. 2. 2. 0. 0. 0. 0.
    0. 0. 0. 0. 0. 0. 0. 0. 0. 0. 0. 0. 0. 0. 0. 0. 0. 0. 0. 0. 0. 0. 0.
    0. 2. 2. 2. 2. 2. 2. 2. 2. 2. 2. 2. 2. 0. 0. 0. 0. 0. 0. 0. 0. 0. 0.
    0. 0. 0. 0. 0. 0. 0. 0. 0. 0. 0. 0. 0. 0. 0. 0. 0. 0. 1.95599997e+00
