<?xml version="1.0"?>
<opencv_storage>
<Depth type_id="opencv-matrix">
  <rows>40</rows>
  <cols>40</cols>
  <dt>f</dt>
  <data>
    0. 0. 0. 0. 0. 0. 0. 0. 0. 0. 2.19400001e+00 2.17000008e+00
    2.10599995e+00 2.06599998e+00 2.01600003e+00 1.99000001e+00
    1.98699999e+00 1.98899996e+00 1.99000001e+00 1.98699999e+00
    1.99100006e+00 1.99199998e+00 1.99600005e+00 1.99600005e+00
    1.99600005e+00 1.99100006e+00 0. 0. 0. 0. 0. 0. 0. 0. 0. 0. 0. 0. 0.
    0. 0. 0. 0. 0. 0. 0. 0. 0. 0. 0. 2.18799996e+00 2.15799999e+00
    2.10700011e+00 2.06800008e+00 2.01699996e+00 1.99399996e+00
    1.98699999e+00 1.98699999e+00 1.98699999e+00 1.99100006e+00
    1.99100006e+00 1.99300003e+00 1.99600005e+00 1.99600005e+00
    1.99600005e+00 1.99800003e+00 0. 0. 0. 0. 0. 0. 0. 0. 0. 0. 0. 0. 0.
    0. 0. 0. 0. 0. 0. 0. 0. 0. 0. 0. 2.19000006e+00 2.16700006e+00
    2.11599994e+00 2.07500005e+00 2.02099991e+00 1.99399996e+00
    1.98699999e+00 1.98699999e+00 1.98699999e+00 1.98699999e+00
    1.99100006e+00 1.99100006e+00 1.99199998e+00 1.99399996e+00
    1.99600005e+00 2. 2.08899999e+00 0. 0. 0. 0. 0. 0. 0. 0. 0. 0. 0. 0.
    0. 0. 0. 0. 0. 0. 0. 0. 0. 0. 0. 2.19300008e+00 2.17100000e+00
    2.12199998e+00 2.07599998e+00 2.02500010e+00 1.99699998e+00
    1.98699999e+00 1.98699999e+00 1.98699999e+00 1.99000001e+00
    1.99100006e+00 1.99100006e+00 1.99300003e+00 1.99600005e+00
    1.99100006e+00 2. 2.02099991e+00 0. 0. 0. 0. 0. 0. 0. 0. 0. 0. 0. 0.
    0. 0. 0. 0. 0. 0. 0. 0. 0. 0. 0. 2.20000005e+00 2.17899990e+00
    2.12100005e+00 2.08599997e+00 2.02500010e+00 1.99699998e+00
    1.98699999e+00 1.98699999e+00 1.99000001e+00 1.99100006e+00
    1.99100006e+00 1.99100006e+00 1.99600005e+00 1.99600005e+00
    1.99600005e+00 2.00399995e+00 2.00500011e+00 0. 0. 0. 0. 0. 0. 0. 0.
    0. 0. 0. 0. 0. 0. 0. 0. 0. 0. 0. 0. 0. 0. 0. 2.94400001e+00
    2.19000006e+00 2.12299991e+00 2.09200001e+00 2.03999996e+00
    2.00300002e+00 1.98899996e+00 1.99000001e+00 1.99100006e+00
    1.99100006e+00 1.99100006e+00 1.99100006e+00 1.99300003e+00
    1.99600005e+00 2. 2.00500011e+00 2.09299994e+00 0. 0. 0. 0. 0. 0. 0.
    0. 0. 0. 0. 0. 0. 0. 0. 0. 0. 0. 0. 0. 0. 0. 0. 2.93600011e+00
    2.18799996e+00 2.14000010e+00 2.09500003e+00 2.04299998e+00
    2.00399995e+00 1.99100006e+00 1.99100006e+00 1.99100006e+00
    1.99100006e+00 1.99100006e+00 1.99199998e+00 1.99100006e+00
    1.99600005e+00 1.99899995e+00 2.00500011e+00 2. 0. 0. 0. 0. 0. 0. 0.
    0. 0. 0. 0. 0. 0. 0. 0. 0. 0. 0. 0. 0. 0. 0. 0. 2.95499992e+00
    2.18400002e+00 2.14800000e+00 2.10500002e+00 2.04600000e+00
    2.00600004e+00 1.99199998e+00 1.99100006e+00 1.99100006e+00
    1.99100006e+00 1.99100006e+00 1.99600005e+00 1.99300003e+00
    1.99600005e+00 2.00099993e+00 2.00500011e+00 2.00300002e+00 0. 0. 0.
    0. 0. 0. 0. 0. 0. 0. 0. 0. 0. 0. 0. 0. 0. 0. 0. 0. 0. 0. 0.
    2.96000004e+00 2.19199991e+00 2.15300012e+00 2.07599998e+00
    2.05399990e+00 2.01500010e+00 1.99300003e+00 1.99100006e+00
    1.99100006e+00 1.99100006e+00 1.99199998e+00 1.99600005e+00
    1.99800003e+00 1.99600005e+00 1.99899995e+00 2.00500011e+00
    2.00300002e+00 0. 0. 0. 0. 0. 0. 0. 0. 0. 0. 0. 0. 0. 0. 0. 0. 0. 0.
    0. 0. 0. 0. 0. 2.95799994e+00 2.19600010e+00 2.16499996e+00
    2.08899999e+00 2.05399990e+00 2.01799989e+00 1.99300003e+00
    1.99100006e+00 1.99100006e+00 1.99100006e+00 1.99600005e+00
    1.99600005e+00 1.99600005e+00 1.99899995e+00 2. 2.00500011e+00
    2.00500011e+00 0. 0. 0. 0. 0. 0. 0. 0. 0. 0. 0. 0. 0. 0. 0. 0. 0. 0.
    0. 0. 0. 0. 0. 2.97399998e+00 2.19700003e+00 2.16599989e+00
    2.10200000e+00 2.05699992e+00 2.02300000e+00 1.99500000e+00
    1.99100006e+00 1.99600005e+00 1.99600005e+00 1.99199998e+00
    1.99600005e+00 2. 2.00300002e+00 2. 2.00500011e+00 2.00500011e+00
    2.41199994e+00 0. 0. 0. 0. 0. 0. 0. 0. 0. 0. 0. 0. 0. 0. 0. 0. 0. 0.
    0. 0. 0. 0. 2.95799994e+00 2.19600010e+00 2.17199993e+00
    2.09699988e+00 2.06800008e+00 2.01900005e+00 1.99500000e+00
    1.99100006e+00 1.99500000e+00 1.99100006e+00 1.99199998e+00 2. 2. 2.
    2. 2. 2.00500011e+00 2.40599990e+00 0. 0. 0. 0. 0. 0. 0. 0. 0. 0. 0.
    0. 0. 0. 0. 0. 0. 0. 0. 0. 0. 0. 0. 2.19199991e+00 2.17100000e+00
    2.09500003e+00 2.07100010e+00 2.02800012e+00 1.99600005e+00
    1.99100006e+00 1.99100006e+00 1.99600005e+00 1.99600005e+00
    1.99899995e+00 1.99800003e+00 2. 2. 2. 2.00500011e+00 2.40799999e+00
    0. 0. 0. 0. 0. 0. 0. 0. 0. 0. 0. 0. 0. 0. 0. 0. 0. 0. 0. 0. 0. 0. 0.
    2.18899989e+00 2.17100000e+00 2.10800004e+00 2.07699990e+00
    2.02999997e+00 2.00300002e+00 1.99100006e+00 1.99199998e+00
    1.99600005e+00 1.99500000e+00 1.99300003e+00 2. 2. 2.00099993e+00
    2.00399995e+00 2.00500011e+00 2.26900005e+00 0. 0. 0. 0. 0. 0. 0. 0.
    0. 0. 0. 0. 0. 0. 0. 0. 0. 0. 0. 0. 0. 0. 0. 2.70099998e+00
    2.18600011e+00 2.15899992e+00 2.07500005e+00 2.03399992e+00
    2.00500011e+00 1.99100006e+00 1.99300003e+00 1.99100006e+00
    1.99100006e+00 1.99500000e+00 2. 2. 2.00200009e+00 2.00500011e+00
    2.00500011e+00 2.00500011e+00 0. 0. 0. 0. 0. 0. 0. 0. 0. 0. 0. 0. 0.
    0. 0. 0. 0. 0. 0. 0. 0. 0. 0. 2.21000004e+00 2.19300008e+00
    2.15100002e+00 2.08299994e+00 2.04099989e+00 2.00900006e+00
    1.99100006e+00 1.99100006e+00 1.99100006e+00 1.99199998e+00
    1.99600005e+00 2.00200009e+00 2. 2.00500011e+00 2.00500011e+00
    2.00500011e+00 1.84099996e+00 0. 0. 0. 0. 0. 0. 0. 0. 0. 0. 0. 0. 0.
    0. 0. 0. 0. 0. 0. 0. 0. 0. 0. 2.20799994e+00 2.19499993e+00
    2.15100002e+00 2.08500004e+00 2.04600000e+00 2.00900006e+00
    1.99600005e+00 1.99600005e+00 1.99600005e+00 1.99500000e+00 2.
    2.00399995e+00 2.00500011e+00 2.00500011e+00 2.00500011e+00
    2.00500011e+00 2.00900006e+00 0. 0. 0. 0. 0. 0. 0. 0. 0. 0. 0. 0. 0.
    0. 0. 0. 0. 0. 0. 0. 0. 0. 0. 1.83399999e+00 2.18899989e+00
    2.16400003e+00 2.08599997e+00 2.05699992e+00 2.01900005e+00
    1.99600005e+00 1.99600005e+00 2. 2. 2.00500011e+00 2.00500011e+00
    2.00500011e+00 2.00500011e+00 2.00500011e+00 2.00500011e+00
    2.00999999e+00 1.93299997e+00 0. 0. 0. 0. 0. 0. 0. 0. 0. 0. 0. 0. 0.
    0. 0. 0. 0. 0. 0. 0. 0. 2.49399996e+00 2.50300002e+00 2.18899989e+00
    2.16799998e+00 2.09100008e+00 2.06699991e+00 2.02099991e+00
    2.00200009e+00 2. 2. 2. 2.00099993e+00 2.00500011e+00 2.00500011e+00
    2.00500011e+00 2.00500011e+00 2.00500011e+00 1.97899997e+00
    1.77499998e+00 0. 0. 0. 0. 0. 0. 0. 0. 0. 0. 0. 0. 0. 0. 0. 0. 0. 0.
    0. 0. 0. 2.48300004e+00 2.49200010e+00 2.19799995e+00 2.16799998e+00
    2.09200001e+00 2.06599998e+00 2.02200007e+00 2.00300002e+00
    1.99600005e+00 1.99600005e+00 2. 2.00099993e+00 2.00500011e+00
    2.00500011e+00 2.00500011e+00 2.00500011e+00 2.00500011e+00
    1.76400006e+00 0. 0. 0. 0. 0. 0. 0. 0. 0. 0. 0. 0. 0. 0. 0. 0. 0. 0.
    0. 0. 0. 0. 2.46000004e+00 2.47199988e+00 2.23099995e+00
    2.16100001e+00 2.09899998e+00 2.06699991e+00 2.02600002e+00
    2.00200009e+00 1.99600005e+00 2. 2. 2.00099993e+00 2.00500011e+00
    2.00500011e+00 2.00500011e+00 2.00500011e+00 2.00699997e+00
    2.01200008e+00 1.90900004e+00 0. 0. 0. 0. 0. 0. 0. 0. 0. 0. 0. 0. 0.
    0. 0. 0. 0. 0. 0. 0. 0. 2.45099998e+00 2.46000004e+00 2.23600006e+00
    2.15199995e+00 2.10999990e+00 2.07200003e+00 2.03600001e+00
    2.00300002e+00 2. 2.00300002e+00 2. 2. 2.00500011e+00 2.00500011e+00
    2.00500011e+00 2.00500011e+00 2.00500011e+00 2.00999999e+00
    2.39599991e+00 0. 0. 0. 0. 0. 0. 0. 0. 0. 0. 0. 0. 0. 0. 0. 0. 0. 0.
    0. 0. 0. 2.45099998e+00 2.46399999e+00 2.30299997e+00 2.15799999e+00
    2.10999990e+00 2.07699990e+00 2.04200006e+00 2.00699997e+00
    2.00200009e+00 2.00500011e+00 2. 2. 2.00200009e+00 2.00500011e+00
    2.00500011e+00 2.00500011e+00 2.00500011e+00 2.00999999e+00
    1.56700003e+00 0. 0. 0. 0. 0. 0. 0. 0. 0. 0. 0. 0. 0. 0. 0. 0. 0. 0.
    0. 0. 0. 2.47199988e+00 2.49699998e+00 2.46799994e+00 2.16300011e+00
    2.11999989e+00 2.07699990e+00 2.04500008e+00 2.00699997e+00 2. 2. 2.
    2. 2.00500011e+00 2.00500011e+00 2.00500011e+00 2.00500011e+00
