<?xml version="1.0"?>
<opencv_storage>
<Depth type_id="opencv-matrix">
  <rows>40</rows>
  <cols>40</cols>
  <dt>f</dt>
  <data>
    0. 0. 0. 0. 0. 0. 0. 0. 0. 0. 0. 0. 0. 0. 0. 0. 0. 0. 0. 0. 0. 0. 0.
    0. 0. 0. 0. 0. 0. 0. 0. 0. 0. 0. 0. 0. 0. 0. 0. 0. 0. 0. 0. 0. 0. 0.
    1.27900004e+00 1.89300001e+00 2.13299990e+00 2.13299990e+00
    2.13299990e+00 2.13299990e+00 1.47899997e+00 1.26400006e+00
    1.24100006e+00 1.24100006e+00 1.24100006e+00 1.24100006e+00
    1.24100006e+00 1.25000000e+00 1.25999999e+00 1.33800006e+00
    1.99300003e+00 2.04200006e+00 2.03299999e+00 2.02200007e+00 2. 2. 0.
    0. 0. 0. 0. 0. 0. 0. 0. 0. 0. 0. 0. 0. 0. 0. 0. 0. 1.27900004e+00
    1.89300001e+00 2.13299990e+00 2.13299990e+00 2.13299990e+00
    2.13299990e+00 1.96899998e+00 1.51699996e+00 1.24100006e+00
    1.24100006e+00 1.24100006e+00 1.24100006e+00 1.24100006e+00
    1.25000000e+00 1.41799998e+00 1.84000003e+00 2.04299998e+00
    2.05900002e+00 2.05599999e+00 2.03699994e+00 2. 2. 1.52900004e+00
    1.39999998e+00 1.39900005e+00 1.39699996e+00 1.33700001e+00 0. 0. 0.
    0. 0. 0. 0. 0. 0. 0. 0. 0. 0. 1.27900004e+00 1.89300001e+00
    2.13299990e+00 2.13299990e+00 2.13299990e+00 2.13299990e+00
    2.16000009e+00 1.61600006e+00 1.24100006e+00 1.24300003e+00
    1.25100005e+00 1.24300003e+00 1.24100006e+00 1.44400001e+00
    1.77400005e+00 2.03399992e+00 2.04699993e+00 2.05999994e+00
    2.06500006e+00 2.05399990e+00 2.02900004e+00 2.00099993e+00 2. 2. 2.
    2. 1.96200001e+00 1.14400005e+00 0. 0. 0. 0. 0. 0. 0. 0. 0. 0. 0. 0.
    1.27900004e+00 1.88499999e+00 2.12100005e+00 2.12500000e+00
    2.13299990e+00 2.13299990e+00 2.15100002e+00 1.61099994e+00
    1.24100006e+00 1.24500000e+00 1.25999999e+00 1.24899995e+00
    1.41600001e+00 1.75300002e+00 2.03299999e+00 2.03299999e+00
    2.03299999e+00 2.05599999e+00 2.06500006e+00 2.06500006e+00
    2.05599999e+00 2.01300001e+00 2.00200009e+00 2. 2. 2. 1.95799994e+00
    1.03400004e+00 0. 0. 0. 0. 0. 0. 0. 0. 0. 0. 0. 0. 1.27900004e+00
    1.86899996e+00 2.09899998e+00 2.11100006e+00 2.13299990e+00
    2.13299990e+00 2.13299990e+00 1.68499994e+00 1.32599998e+00
    1.25100005e+00 1.26699996e+00 1.35899997e+00 1.78699994e+00
    2.01600003e+00 2.03299999e+00 2.03299999e+00 2.03299999e+00
    2.05599999e+00 2.06500006e+00 2.06299996e+00 2.05599999e+00
    2.03399992e+00 2.00699997e+00 2. 1.99800003e+00 1.99500000e+00
    1.87199998e+00 0. 0. 0. 0. 0. 0. 0. 0. 0. 0. 0. 0. 0. 1.27900004e+00
    1.86899996e+00 2.09899998e+00 2.11100006e+00 2.13299990e+00
    2.13299990e+00 2.13299990e+00 2.11700010e+00 1.76800001e+00
    1.27800000e+00 1.30200005e+00 1.87000000e+00 1.99199998e+00
    2.01600003e+00 2.03299999e+00 2.03299999e+00 2.03299999e+00
    2.05599999e+00 2.06500006e+00 2.05399990e+00 2.03399992e+00
    2.03299999e+00 2.00699997e+00 2. 1.98800004e+00 1.97000003e+00
    1.84800005e+00 0. 0. 0. 0. 0. 0. 0. 0. 0. 0. 0. 0. 0. 1.26400006e+00
    1.86399996e+00 2.09899998e+00 2.11100006e+00 2.13299990e+00
    2.13299990e+00 2.13299990e+00 2.11700010e+00 2.03099990e+00
    1.91499996e+00 1.89900005e+00 2.02699995e+00 2.05100012e+00
    2.05399990e+00 2.05800009e+00 2.05299997e+00 2.01200008e+00
    2.01200008e+00 2.01399994e+00 2.01200008e+00 2.01099992e+00
    2.03200006e+00 2.00699997e+00 1.98500001e+00 1.97300005e+00
    1.96899998e+00 1.84700000e+00 0. 0. 0. 0. 0. 0. 0. 0. 0. 0. 0. 0. 0.
    1.25999999e+00 1.86300004e+00 2.09899998e+00 2.10400009e+00
    2.11299992e+00 2.11299992e+00 2.12899995e+00 2.11299992e+00
    2.09899998e+00 2.09100008e+00 2.06500006e+00 2.06500006e+00
    2.06500006e+00 2.06500006e+00 2.06500006e+00 2.05900002e+00
    2.00600004e+00 2. 2. 2. 2.00200009e+00 2.01300001e+00 2.00300002e+00
    1.98099995e+00 1.96899998e+00 1.96899998e+00 1.84700000e+00 0. 0. 0.
    0. 0. 0. 0. 0. 0. 0. 0. 0. 0. 1.25999999e+00 1.86300004e+00
    2.09899998e+00 2.09899998e+00 2.09899998e+00 2.09899998e+00
    2.11500001e+00 2.10700011e+00 2.09899998e+00 2.09100008e+00
    2.06500006e+00 2.06500006e+00 2.06500006e+00 2.06500006e+00
    2.06500006e+00 2.05999994e+00 2.01799989e+00 2.00399995e+00 2. 2. 2.
    2. 2. 1.98099995e+00 1.96399999e+00 1.95599997e+00 1.83500004e+00 0.
    0. 0. 0. 0. 0. 0. 0. 0. 0. 0. 0. 0. 1.25999999e+00 1.86300004e+00
    2.09899998e+00 2.09899998e+00 2.09899998e+00 2.09899998e+00
    2.09899998e+00 2.09899998e+00 2.09899998e+00 2.09100008e+00
    2.06500006e+00 2.06500006e+00 2.06500006e+00 2.06500006e+00
    2.06500006e+00 2.06200004e+00 2.03600001e+00 2.00900006e+00 2. 2. 2.
    2. 2. 1.98099995e+00 1.95599997e+00 1.93799996e+00 1.81700003e+00 0.
    0. 0. 0. 0. 0. 0. 0. 0. 0. 0. 0. 0. 1.25999999e+00 1.86300004e+00
    2.09899998e+00 2.09899998e+00 2.09999990e+00 2.09999990e+00
    2.09899998e+00 2.09899998e+00 2.09899998e+00 2.09100008e+00
    2.06500006e+00 2.06500006e+00 2.06500006e+00 2.06500006e+00
    2.06500006e+00 2.06200004e+00 2.03600001e+00 2.00900006e+00 2. 2. 2.
    2. 2. 1.98099995e+00 1.95599997e+00 1.93799996e+00 1.81700003e+00 0.
    0. 0. 0. 0. 0. 0. 0. 0. 0. 0. 0. 0. 1.25999999e+00 1.86300004e+00
    2.09899998e+00 2.10899997e+00 2.12800002e+00 2.12800002e+00
    2.10500002e+00 2.09899998e+00 2.08699989e+00 2.06900001e+00
    2.06500006e+00 2.06500006e+00 2.06500006e+00 2.06500006e+00
    2.06500006e+00 2.06200004e+00 2.03600001e+00 2.00900006e+00 2. 2. 2.
    2. 2. 1.98099995e+00 1.95599997e+00 1.93799996e+00 1.81700003e+00 0.
    0. 0. 0. 0. 0. 0. 0. 0. 0. 0. 0. 0. 1.25999999e+00 1.87899995e+00
    2.12100005e+00 2.12500000e+00 2.12899995e+00 2.11100006e+00
    2.10200000e+00 2.08599997e+00 2.07200003e+00 2.05999994e+00
    2.04399991e+00 2.04399991e+00 2.04399991e+00 2.04399991e+00
    2.04399991e+00 2.04299998e+00 2.03399992e+00 2.00900006e+00 2. 2. 2.
    2. 2. 1.99399996e+00 1.97700000e+00 1.95799994e+00 1.83700001e+00 0.
    0. 0. 0. 0. 0. 0. 0. 0. 0. 0. 0. 0. 1.67200005e+00 2.00300002e+00
    2.13299990e+00 2.12700009e+00 2.11400008e+00 2.09999990e+00
    2.09899998e+00 2.07900000e+00 2.06500006e+00 2.05800009e+00
    2.03299999e+00 2.03299999e+00 2.03299999e+00 2.03299999e+00
    2.03299999e+00 2.03099990e+00 2.01900005e+00 2.00500011e+00 2. 2. 2.
    2. 2. 2. 1.98699999e+00 1.96899998e+00 1.84700000e+00 0. 0. 0. 0. 0.
    0. 0. 0. 0. 0. 0. 0. 0. 2.13299990e+00 2.12599993e+00 2.12299991e+00
    2.11500001e+00 2.09899998e+00 2.09899998e+00 2.09899998e+00
    2.07900000e+00 2.06500006e+00 2.05800009e+00 2.03299999e+00
    2.03299999e+00 2.03299999e+00 2.02900004e+00 2.02399993e+00
    2.02099991e+00 2.00200009e+00 2. 2. 1.99699998e+00 1.99100006e+00
    1.99100006e+00 1.99100006e+00 1.99100006e+00 1.98599994e+00
    1.97800004e+00 1.85599995e+00 0. 0. 0. 0. 0. 0. 0. 0. 0. 0. 0. 0. 0.
    2.13299990e+00 2.10899997e+00 2.09899998e+00 2.09899998e+00
    2.09899998e+00 2.09899998e+00 2.09899998e+00 2.07900000e+00
    2.06500006e+00 2.05800009e+00 2.03299999e+00 2.03299999e+00
    2.03099990e+00 2.01600003e+00 2. 2. 2. 1.99800003e+00 1.99699998e+00
    1.98699999e+00 1.96899998e+00 1.96899998e+00 1.96899998e+00
    1.96899998e+00 1.98099995e+00 1.99800003e+00 1.87699997e+00 0. 0. 0.
    0. 0. 0. 0. 0. 0. 0. 0. 0. 0. 2.13299990e+00 2.10899997e+00
    2.09899998e+00 2.09899998e+00 2.09899998e+00 2.09899998e+00
    2.09899998e+00 2.07900000e+00 2.06500006e+00 2.05800009e+00
    2.03299999e+00 2.03299999e+00 2.01300001e+00 2.00200009e+00 2. 2. 2.
    1.98000002e+00 1.97200000e+00 1.97099996e+00 1.96899998e+00
    1.96899998e+00 1.96899998e+00 1.96899998e+00 1.97000003e+00
    1.97800004e+00 1.87699997e+00 0. 0. 0. 0. 0. 0. 0. 0. 0. 0. 0. 0. 0.
    1.47500002e+00 1.92400002e+00 2.09899998e+00 2.09899998e+00
    2.09899998e+00 2.09899998e+00 2.07999992e+00 2.06900001e+00
    2.06500006e+00 2.05800009e+00 2.03299999e+00 2.03299999e+00
    2.01099992e+00 2. 1.99399996e+00 1.97800004e+00 1.97800004e+00
    1.97099996e+00 1.96899998e+00 1.96899998e+00 1.96899998e+00
    1.96899998e+00 1.96899998e+00 1.96899998e+00 1.96899998e+00
