<?xml version="1.0"?>
<opencv_storage>
<Depth type_id="opencv-matrix">
  <rows>40</rows>
  <cols>40</cols>
  <dt>f</dt>
  <data>
    0. 0. 0. 0. 0. 0. 0. 0. 0. 0. 0. 0. 0. 0. 0. 0. 0. 0. 0. 0. 0. 0. 0.
    0. 0. 0. 0. 0. 0. 0. 0. 0. 0. 0. 0. 0. 0. 0. 0. 0. 0. 0. 0. 0. 0. 0.
    0. 0. 0. 0. 0. 0. 0. 0. 0. 0. 0. 0. 0. 0. 0. 0. 0. 0. 0. 0. 0. 0. 0.
    0. 0. 0. 0. 0. 0. 0. 0. 0. 0. 0. 0. 0. 0. 0. 0. 0. 0. 0. 0. 0. 0. 0.
    0. 0. 0. 0. 0. 0. 0. 0. 0. 0. 0. 0. 0. 0. 0. 0. 0. 0. 0. 0. 0. 0. 0.
    0. 0. 0. 0. 0. 0. 0. 0. 0. 0. 0. 0. 0. 0. 0. 0. 0. 0. 0. 0. 0. 0. 0.
    0. 0. 0. 0. 0. 0. 0. 0. 0. 0. 0. 0. 0. 0. 0. 0. 0. 0. 0. 0. 0. 0. 0.
    0. 0. 0. 0. 0. 0. 0. 0. 0. 0. 0. 0. 0. 0. 0. 0. 0. 0. 0. 0. 0. 0. 0.
    0. 0. 0. 0. 0. 0. 0. 0. 0. 0. 0. 0. 0. 0. 0. 0. 0. 0. 0. 0. 0. 0. 0.
    0. 0. 0. 0. 0. 0. 0. 0. 0. 0. 0. 0. 0. 0. 0. 0. 0. 0. 0. 0. 0. 0. 0.
    0. 0. 0. 0. 0. 0. 0. 0. 0. 0. 0. 0. 0. 0. 0. 0. 0. 0. 0. 0. 0. 0. 0.
    0. 0. 0. 0. 0. 0. 0. 0. 0. 0. 0. 0. 0. 0. 0. 0. 0. 0. 0. 0. 0. 0. 0.
    0. 0. 0. 0. 0. 0. 0. 0. 0. 0. 0. 0. 0. 0. 0. 0. 0. 0. 0. 0. 0. 0. 0.
    0. 0. 0. 0. 0. 0. 0. 0. 0. 0. 0. 0. 0. 0. 0. 0. 0. 0. 0. 0. 0. 0. 0.
    0. 0. 0. 0. 0. 0. 0. 0. 0. 0. 0. 0. 0. 0. 0. 0. 0. 0. 0. 0. 0. 0. 0.
    0. 0. 0. 0. 0. 0. 0. 0. 0. 0. 0. 0. 0. 0. 0. 0. 0. 0. 0. 0. 0. 0. 0.
    0. 0. 0. 0. 0. 0. 0. 0. 0. 0. 0. 0. 0. 0. 0. 0. 0. 0. 0. 0. 0. 0. 0.
    0. 0. 0. 0. 0. 0. 0. 0. 0. 0. 0. 0. 0. 0. 0. 0. 0. 0. 0. 0. 0. 0. 0.
    0. 0. 0. 0. 0. 1.45500004e+00 2.06699991e+00 2.06500006e+00
    2.07900000e+00 2.07900000e+00 2.07999992e+00 2.07999992e+00
    2.09500003e+00 2.09699988e+00 2.10100007e+00 2.12100005e+00
    2.12199998e+00 1.48699999e+00 1.24199998e+00 1.25100005e+00
    1.28600001e+00 1.28299999e+00 0. 0. 0. 0. 0. 0. 0. 0. 0. 0. 0. 0. 0.
    0. 0. 0. 0. 0. 0. 0. 0. 0. 0. 1.59800005e+00 2.05900002e+00
    2.05599999e+00 2.05800009e+00 2.07200003e+00 2.08400011e+00
    2.08400011e+00 2.09599996e+00 2.10100007e+00 2.10500002e+00
    2.12299991e+00 2.12400007e+00 1.64400005e+00 1.45899999e+00
    1.45200002e+00 1.30100000e+00 1.29900002e+00 0. 0. 0. 0. 0. 0. 0. 0.
    0. 0. 0. 0. 0. 0. 0. 0. 0. 0. 0. 0. 0. 0. 1.44200003e+00
    2.03200006e+00 2.03200006e+00 2.03200006e+00 2.03900003e+00
    2.07699990e+00 2.09699988e+00 2.09699988e+00 2.09699988e+00
    2.10700011e+00 2.11100006e+00 2.12700009e+00 2.13100004e+00
    2.11899996e+00 2.11400008e+00 2.05800009e+00 1.32799995e+00
    1.32200003e+00 0. 0. 0. 0. 0. 0. 0. 0. 0. 0. 0. 0. 0. 0. 0. 0.
    1.91100001e+00 1.92100000e+00 1.92499995e+00 1.97300005e+00
    2.01799989e+00 2.03500009e+00 2.03500009e+00 2.03200006e+00
    2.03200006e+00 2.03200006e+00 2.03900003e+00 2.07699990e+00
    2.09699988e+00 2.09699988e+00 2.09699988e+00 2.09699988e+00
    2.10100007e+00 2.12100005e+00 2.13100004e+00 2.13299990e+00
    2.12500000e+00 2.09100008e+00 1.78499997e+00 1.61199999e+00 0. 0. 0.
    0. 0. 0. 0. 1.35800004e+00 1.35800004e+00 0. 0. 1.85899997e+00
    1.85500002e+00 1.82799995e+00 1.32599998e+00 1.56500006e+00
    1.91700006e+00 1.92400002e+00 1.93499994e+00 1.97200000e+00
    2.00200009e+00 2.01300001e+00 2.01999998e+00 2.01999998e+00
    2.03099990e+00 2.03299999e+00 2.04600000e+00 2.05999994e+00
    2.07900000e+00 2.08400011e+00 2.08400011e+00 2.08500004e+00
    2.10100007e+00 2.12100005e+00 2.13100004e+00 2.13400006e+00
    2.13199997e+00 2.12700009e+00 2.11999989e+00 2.02600002e+00 0. 0. 0.
    0. 0. 0. 0. 1.91199994e+00 1.91199994e+00 1.82500005e+00
    1.81299996e+00 1.88399994e+00 1.88000000e+00 1.88199997e+00
    1.88300002e+00 1.89400005e+00 1.92700005e+00 1.93900001e+00
    1.95200002e+00 1.98500001e+00 2. 2.00099993e+00 2.00099993e+00
    2.01200008e+00 2.02999997e+00 2.03299999e+00 2.04800010e+00
    2.05399990e+00 2.06500006e+00 2.07599998e+00 2.07999992e+00
    2.07999992e+00 2.08500004e+00 2.11100006e+00 2.13100004e+00
    2.13100004e+00 2.13100004e+00 2.13100004e+00 2.13700008e+00
    2.16000009e+00 0. 0. 0. 0. 0. 0. 0. 1.88300002e+00 1.89499998e+00
    1.89600003e+00 1.89699996e+00 1.89800000e+00 1.89800000e+00
    1.88499999e+00 1.88800001e+00 1.90900004e+00 1.93400002e+00
    1.95099998e+00 1.96899998e+00 1.98399997e+00 1.98800004e+00
    1.99899995e+00 2. 2.01200008e+00 2.02900004e+00 2.03200006e+00
    2.04699993e+00 2.04800010e+00 2.05599999e+00 2.07399988e+00
    2.08100009e+00 2.08100009e+00 2.08500004e+00 2.10999990e+00
    2.13000011e+00 2.13000011e+00 2.11599994e+00 2.11500001e+00
    2.13299990e+00 2.15199995e+00 0. 0. 0. 0. 0. 0. 0. 1.86899996e+00
    1.87199998e+00 1.88699996e+00 1.89600003e+00 1.90499997e+00
    1.90799999e+00 1.91100001e+00 1.91400003e+00 1.91900003e+00
    1.93400002e+00 1.95099998e+00 1.96899998e+00 1.97099996e+00
    1.98500001e+00 1.99000001e+00 1.99800003e+00 2.01200008e+00
    2.01600003e+00 2.01699996e+00 2.03600001e+00 2.04800010e+00
    2.04800010e+00 2.05999994e+00 2.08999991e+00 2.09299994e+00
    2.09999990e+00 2.10999990e+00 2.10999990e+00 2.11299992e+00
    2.10999990e+00 2.10999990e+00 2.10999990e+00 2.10999990e+00 0. 0. 0.
    0. 0. 0. 0. 1.86899996e+00 1.87199998e+00 1.88300002e+00
    1.89100003e+00 1.89699996e+00 1.89699996e+00 1.91199994e+00
    1.92499995e+00 1.92499995e+00 1.93400002e+00 1.95099998e+00
    1.96899998e+00 1.97099996e+00 1.98500001e+00 1.98500001e+00
    1.99300003e+00 2.01200008e+00 2.01600003e+00 2.01699996e+00
    2.03399992e+00 2.04099989e+00 2.04099989e+00 2.05299997e+00
    2.07800007e+00 2.08100009e+00 2.08999991e+00 2.08999991e+00
    2.09400010e+00 2.10899997e+00 2.09899998e+00 2.09699988e+00
    2.09699988e+00 2.09699988e+00 0. 0. 0. 0. 0. 0. 0. 1.86899996e+00
    1.87199998e+00 1.88300002e+00 1.89100003e+00 1.89699996e+00
    1.90400004e+00 1.91199994e+00 1.92499995e+00 1.92900002e+00
    1.93700004e+00 1.95099998e+00 1.96899998e+00 1.97099996e+00
    1.98500001e+00 1.98500001e+00 1.99300003e+00 2.00500011e+00
    2.00699997e+00 2.00799990e+00 2.02500010e+00 2.03200006e+00
    2.03200006e+00 2.04399991e+00 2.05999994e+00 2.06200004e+00
    2.07100010e+00 2.07100010e+00 2.08500004e+00 2.10899997e+00
    2.10800004e+00 2.10700011e+00 2.10700011e+00 2.13400006e+00 0. 0. 0.
    0. 0. 0. 0. 1.86899996e+00 1.87000000e+00 1.87699997e+00
    1.88499999e+00 1.88699996e+00 1.90900004e+00 1.91100001e+00
    1.91700006e+00 1.93099999e+00 1.94000006e+00 1.95099998e+00
    1.95899999e+00 1.97000003e+00 1.97700000e+00 1.98500001e+00
    1.99300003e+00 1.98399997e+00 1.97800004e+00 1.99100006e+00
    2.01999998e+00 2.03200006e+00 2.03900003e+00 2.04699993e+00
    2.04800010e+00 2.04900002e+00 2.06399989e+00 2.06399989e+00
    2.09599996e+00 2.13499999e+00 2.14000010e+00 2.15300012e+00
    2.17499995e+00 2.22000003e+00 0. 0. 0. 0. 0. 0. 0. 1.85699999e+00
    1.86899996e+00 1.87000000e+00 1.87000000e+00 1.87000000e+00
    1.88399994e+00 1.89900005e+00 1.91400003e+00 1.93099999e+00
    1.94000006e+00 1.95099998e+00 1.95500004e+00 1.95700002e+00
    1.97000003e+00 1.97700000e+00 1.98599994e+00 1.97399998e+00
    1.97000003e+00 1.97399998e+00 2.01999998e+00 2.03200006e+00
    2.04099989e+00 2.04800010e+00 2.04800010e+00 2.04900002e+00
    2.06699991e+00 2.08999991e+00 2.13000011e+00 2.16000009e+00
    2.17899990e+00 2.18499994e+00 2.23600006e+00 2.63700008e+00 0. 0. 0.
    0. 0. 0. 0. 1.85599995e+00 1.86899996e+00 1.86899996e+00
    1.86899996e+00 1.86899996e+00 1.86899996e+00 1.87100005e+00
    1.90400004e+00 1.92999995e+00 1.93799996e+00 1.93799996e+00
    1.93799996e+00 1.94099998e+00 1.97000003e+00 1.97599995e+00
    1.98500001e+00 1.98500001e+00 1.97200000e+00 1.97800004e+00
    2.03200006e+00 2.03800011e+00 2.04900002e+00 2.05100012e+00
    2.06500006e+00 2.07999992e+00 2.07999992e+00 2.09999990e+00
    2.15000010e+00 2.18199992e+00 2.29999995e+00 2.31500006e+00
    2.54699993e+00 0. 0. 0. 0. 0. 0. 0. 0. 1.85599995e+00 1.86899996e+00
    1.86899996e+00 1.86899996e+00 1.86899996e+00 1.86600006e+00
    1.86800003e+00 1.89400005e+00 1.90699995e+00 1.91100001e+00
    1.91100001e+00 1.91100001e+00 1.92799997e+00 1.97099996e+00
