<?xml version="1.0"?>
<opencv_storage>
<Depth type_id="opencv-matrix">
  <rows>40</rows>
  <cols>40</cols>
  <dt>f</dt>
  <data>
    0. 0. 0. 0. 0. 0. 0. 0. 0. 0. 0. 0. 0. 0. 0. 0. 0. 0. 0. 0. 0. 0. 0.
    0. 0. 0. 0. 0. 0. 0. 0. 0. 0. 0. 0. 0. 0. 0. 0. 0. 0. 0. 0. 0. 0. 0.
    0. 0. 0. 0. 0. 0. 0. 0. 0. 0. 0. 0. 0. 0. 0. 0. 0. 0. 0. 0. 0. 0. 0.
    0. 0. 0. 0. 0. 0. 0. 0. 0. 0. 0. 0. 0. 0. 0. 0. 0. 0. 0. 0. 0. 0. 0.
    0. 0. 0. 0. 0. 0. 0. 0. 0. 0. 0. 0. 0. 0. 0. 0. 0. 0. 0. 0. 0. 0. 0.
    0. 0. 0. 0. 0. 0. 0. 0. 0. 0. 0. 0. 0. 0. 0. 0. 0. 0. 0. 0. 0. 0. 0.
    0. 0. 0. 0. 0. 0. 0. 0. 0. 0. 0. 0. 0. 0. 0. 0. 0. 0. 0. 0. 0. 0. 0.
    0. 0. 0. 0. 0. 0. 0. 0. 0. 0. 0. 0. 0. 0. 0. 0. 0. 0. 0. 0. 0. 0. 0.
    0. 0. 0. 0. 0. 0. 0. 0. 0. 0. 0. 0. 0. 0. 0. 0. 0. 0. 0. 0. 0. 0. 0.
    0. 0. 0. 0. 0. 0. 0. 0. 0. 0. 0. 0. 0. 0. 0. 0. 0. 0. 0. 0. 0. 0. 0.
    0. 0. 0. 0. 0. 0. 0. 0. 0. 0. 0. 0. 0. 0. 0. 0. 0. 0. 0. 0. 0. 0. 0.
    0. 0. 0. 0. 0. 0. 0. 0. 0. 0. 0. 0. 0. 0. 0. 0. 0. 0. 0. 0. 0. 0. 0.
    0. 0. 0. 0. 0. 0. 0. 0. 0. 0. 0. 0. 0. 0. 0. 0. 0. 0. 0. 0. 0. 0. 0.
    0. 0. 0. 0. 0. 0. 0. 0. 0. 0. 0. 0. 0. 0. 0. 0. 0. 0. 0. 0. 0. 0. 0.
    0. 0. 0. 0. 0. 0. 0. 0. 0. 0. 0. 0. 0. 0. 0. 0. 0. 0. 0. 0. 0. 0. 0.
    0. 0. 0. 0. 0. 0. 0. 0. 0. 0. 0. 0. 0. 0. 0. 0. 0. 0. 0. 0. 0. 0. 0.
    0. 0. 0. 0. 0. 0. 0. 0. 0. 0. 0. 0. 0. 0. 0. 0. 0. 0. 0. 0. 0. 0. 0.
    0. 0. 0. 0. 0. 0. 0. 0. 0. 0. 0. 0. 0. 0. 0. 0. 0. 0. 0. 0. 0. 0. 0.
    0. 0. 0. 0. 0. 0. 0. 0. 0. 0. 0. 0. 0. 0. 0. 0. 0. 0. 0. 0. 0. 0. 0.
    0. 0. 0. 0. 0. 0. 0. 0. 0. 0. 0. 0. 0. 2.12199998e+00 2.12199998e+00
    2.12199998e+00 2.12199998e+00 2.12199998e+00 2.16400003e+00
    2.21700001e+00 2.22499990e+00 2.17199993e+00 2.12199998e+00
    2.12199998e+00 2.12199998e+00 2.15700006e+00 2.21000004e+00
    2.23099995e+00 2.17899990e+00 2.12599993e+00 2.12199998e+00
    2.12199998e+00 0. 0. 0. 0. 0. 0. 0. 0. 0. 0. 0. 0. 0. 0. 0. 0. 0. 0.
    0. 0. 1.04299998e+00 2.09100008e+00 2.09100008e+00 2.09100008e+00
    2.09100008e+00 2.09100008e+00 2.14400005e+00 2.20900011e+00
    2.22199988e+00 2.16199994e+00 2.10599995e+00 2.10599995e+00
    2.10599995e+00 2.14599991e+00 2.20499992e+00 2.23099995e+00
    2.17899990e+00 2.12599993e+00 2.12199998e+00 2.12199998e+00 0. 0. 0.
    0. 0. 0. 0. 0. 0. 0. 0. 0. 0. 0. 0. 0. 0. 0. 0. 0. 1.46099997e+00
    1.99100006e+00 1.99100006e+00 1.99100006e+00 1.99100006e+00
    1.99100006e+00 2.07699990e+00 2.18499994e+00 2.21199989e+00
    2.13199997e+00 2.05500007e+00 2.05500007e+00 2.05500007e+00
    2.10899997e+00 2.19000006e+00 2.23099995e+00 2.17899990e+00
    2.12599993e+00 2.12199998e+00 2.12199998e+00 0. 0. 0. 0. 0. 0. 0. 0.
    0. 0. 0. 0. 0. 0. 0. 1.82500005e+00 1.82500005e+00 1.82500005e+00
    1.82500005e+00 1.85000002e+00 1.87800002e+00 1.89100003e+00
    1.89100003e+00 1.89100003e+00 1.89100003e+00 1.89100003e+00
    2.01099992e+00 2.16100001e+00 2.20300007e+00 2.10100007e+00
    2.00300002e+00 2.00300002e+00 2.00300002e+00 2.07200003e+00
    2.17499995e+00 2.23099995e+00 2.17899990e+00 2.12599993e+00
    2.12199998e+00 2.12199998e+00 0. 0. 0. 0. 0. 0. 0. 0. 0. 0. 0. 0. 0.
    0. 0. 2. 2. 2. 2. 1.97200000e+00 1.94299996e+00 1.91900003e+00
    1.89999998e+00 1.88399994e+00 1.88399994e+00 1.88399994e+00
    1.97399998e+00 2.08599997e+00 2.12299991e+00 2.05999994e+00 2. 2. 2.
    2.04200006e+00 2.10500002e+00 2.14000010e+00 2.10899997e+00
    2.07699990e+00 2.07399988e+00 2.07399988e+00 0. 0. 0. 0. 0. 0. 0. 0.
    0. 0. 0. 0. 0. 0. 0. 2. 2. 2. 2. 1.99199998e+00 1.98199999e+00
    1.95599997e+00 1.91700006e+00 1.88399994e+00 1.88399994e+00
    1.88399994e+00 1.93900001e+00 2.00699997e+00 2.03800011e+00
    2.01799989e+00 2. 2. 2. 2.01300001e+00 2.03200006e+00 2.04299998e+00
    2.03299999e+00 2.02300000e+00 2.02300000e+00 2.02300000e+00 0. 0. 0.
    0. 0. 0. 0. 0. 0. 0. 0. 0. 0. 0. 0. 2. 2. 2. 2. 2. 2. 1.97300005e+00
    1.92400002e+00 1.88399994e+00 1.88399994e+00 1.88399994e+00
    1.92299998e+00 1.97200000e+00 2. 2. 2. 2. 2. 2. 2. 2. 2. 2. 2. 2. 0.
    0. 0. 0. 0. 0. 0. 0. 0. 0. 0. 0. 0. 0. 0. 2. 2. 2. 2. 2. 2.
    1.97300005e+00 1.92400002e+00 1.88399994e+00 1.88399994e+00
    1.88399994e+00 1.92299998e+00 1.97200000e+00 2. 2. 2. 2. 2. 2. 2. 2.
    2. 2. 2. 2. 1.48199999e+00 0. 0. 0. 0. 0. 0. 0. 0. 0. 0. 0. 0. 0. 0.
    2. 1.99800003e+00 1.99000001e+00 1.98300004e+00 1.98300004e+00
    1.98300004e+00 1.95899999e+00 1.91799998e+00 1.88499999e+00
    1.88800001e+00 1.89199996e+00 1.92900002e+00 1.97399998e+00 2. 2. 2.
    2. 2. 2. 2. 1.99899995e+00 1.99500000e+00 1.99100006e+00
    1.99100006e+00 1.99100006e+00 1.96700001e+00 1.92200005e+00
    1.88399994e+00 1.88399994e+00 1.88399994e+00 1.88399994e+00 0. 0. 0.
    0. 0. 0. 0. 0. 0. 2. 1.98500001e+00 1.93700004e+00 1.88900006e+00
    1.88600004e+00 1.88600004e+00 1.88600004e+00 1.88499999e+00
    1.88800001e+00 1.91299999e+00 1.93700004e+00 1.96099997e+00
    1.98599994e+00 2. 2. 2. 2. 2. 2. 2. 1.99300003e+00 1.96899998e+00
    1.94400001e+00 1.94200003e+00 1.94200003e+00 1.92900002e+00
    1.90499997e+00 1.88399994e+00 1.88399994e+00 1.88399994e+00
    1.88399994e+00 0. 0. 0. 0. 0. 0. 0. 0. 0. 2. 1.97200000e+00
    1.88399994e+00 1.79600000e+00 1.78999996e+00 1.78999996e+00
    1.81200004e+00 1.85200000e+00 1.89199996e+00 1.93700004e+00
    1.98199999e+00 1.99399996e+00 1.99800003e+00 2. 2. 2. 2. 2. 2. 2.
    1.98699999e+00 1.94200003e+00 1.89699996e+00 1.89400005e+00
    1.89400005e+00 1.89100003e+00 1.88699996e+00 1.88399994e+00
    1.88399994e+00 1.88399994e+00 1.88399994e+00 0. 0. 0. 0. 0. 0. 0. 0.
    0. 1.92299998e+00 1.90300000e+00 1.83899999e+00 1.77499998e+00
    1.77100003e+00 1.77100003e+00 1.79799998e+00 1.84500003e+00
    1.89300001e+00 1.94200003e+00 1.99000001e+00 1.98699999e+00
    1.97000003e+00 1.96099997e+00 1.96099997e+00 1.96099997e+00
    1.96099997e+00 1.96099997e+00 1.96099997e+00 1.96099997e+00
    1.95099998e+00 1.91900003e+00 1.88699996e+00 1.88399994e+00
    1.88399994e+00 1.88399994e+00 1.88399994e+00 1.88399994e+00
    1.88399994e+00 1.88399994e+00 1.88399994e+00 0. 0. 0. 0. 0. 0. 0. 0.
    0. 1.82599998e+00 1.81900001e+00 1.79600000e+00 1.77300000e+00
    1.77100003e+00 1.77100003e+00 1.79799998e+00 1.84500003e+00
    1.89300001e+00 1.94200003e+00 1.99000001e+00 1.97000003e+00
    1.93299997e+00 1.91199994e+00 1.91199994e+00 1.91199994e+00
    1.91199994e+00 1.91199994e+00 1.91199994e+00 1.91199994e+00
    1.90799999e+00 1.89699996e+00 1.88499999e+00 1.88399994e+00
    1.88399994e+00 1.88399994e+00 1.88399994e+00 1.88399994e+00
    1.88399994e+00 1.88399994e+00 1.88399994e+00 0. 0. 0. 0. 0. 0. 0. 0.
    0. 1.77100003e+00 1.77100003e+00 1.77100003e+00 1.77100003e+00
    1.77100003e+00 1.77100003e+00 1.80200005e+00 1.85899997e+00
    1.91199994e+00 1.95200002e+00 1.99199998e+00 1.96099997e+00
    1.91199994e+00 1.88399994e+00 1.88399994e+00 1.88399994e+00
    1.88399994e+00 1.88399994e+00 1.88399994e+00 1.88399994e+00
    1.88399994e+00 1.88399994e+00 1.88399994e+00 1.88399994e+00
    1.88399994e+00 1.88399994e+00 1.88399994e+00 1.88399994e+00
    1.88399994e+00 1.88399994e+00 1.88399994e+00 0. 0. 0. 0. 0. 0. 0. 0.
    0. 1.77100003e+00 1.77100003e+00 1.77100003e+00 1.77100003e+00
    1.77100003e+00 1.77100003e+00 1.81400001e+00 1.89100003e+00
    1.95700002e+00 1.97700000e+00 1.99600005e+00 1.96099997e+00
    1.91199994e+00 1.88399994e+00 1.88399994e+00 1.88399994e+00
    1.88399994e+00 1.88399994e+00 1.88399994e+00 1.88399994e+00
    1.88399994e+00 1.88399994e+00 1.88399994e+00 1.88399994e+00
    1.88399994e+00 1.88399994e+00 1.88399994e+00 1.88399994e+00
    1.88399994e+00 1.88399994e+00 1.88399994e+00 0. 0. 0. 0. 0. 0. 0. 0.
    0. 1.77100003e+00 1.77100003e+00 1.77100003e+00 1.77100003e+00
    1.77100003e+00 1.77100003e+00 1.82500005e+00 1.92100000e+00 2. 2. 2.
    1.96099997e+00 1.91199994e+00 1.88399994e+00 1.88399994e+00
    1.88399994e+00 1.88399994e+00 1.88399994e+00 1.88399994e+00
    1.88399994e+00 1.88399994e+00 1.88399994e+00 1.88399994e+00
