<?xml version="1.0"?>
<opencv_storage>
<Depth type_id="opencv-matrix">
  <rows>40</rows>
  <cols>40</cols>
  <dt>f</dt>
  <data>
    0. 0. 0. 0. 0. 0. 0. 0. 0. 0. 0. 0. 0. 0. 0. 0. 0. 0. 0. 0. 0. 0. 0.
    0. 0. 0. 0. 0. 0. 0. 0. 0. 0. 0. 0. 0. 0. 0. 0. 0. 0. 0. 0. 0. 0. 0.
    0. 0. 0. 0. 0. 0. 0. 0. 0. 0. 0. 0. 0. 0. 0. 0. 0. 0. 0. 0. 0. 0. 0.
    0. 0. 0. 0. 0. 0. 0. 0. 0. 0. 0. 0. 0. 0. 0. 0. 0. 0. 0. 0. 0. 0. 0.
    0. 0. 0. 0. 0. 0. 0. 0. 0. 0. 0. 0. 0. 0. 0. 0. 0. 0. 0. 0. 0. 0. 0.
    0. 0. 0. 0. 0. 0. 0. 0. 0. 0. 0. 0. 0. 0. 0. 0. 0. 0. 0. 0. 0. 0. 0.
    0. 0. 0. 0. 0. 0. 0. 0. 0. 0. 0. 0. 0. 0. 0. 0. 0. 0. 0. 0. 0. 0. 0.
    0. 0. 0. 0. 0. 0. 0. 0. 0. 0. 0. 0. 0. 0. 0. 0. 0. 0. 0. 0. 0. 0. 0.
    0. 0. 0. 0. 0. 0. 0. 0. 0. 0. 0. 0. 0. 0. 0. 0. 0. 0. 0. 0. 0. 0. 0.
    0. 0. 0. 0. 0. 0. 0. 0. 0. 0. 0. 0. 0. 0. 0. 0. 0. 0. 0. 0. 0. 0. 0.
    0. 0. 0. 0. 0. 0. 0. 0. 0. 0. 0. 0. 0. 0. 0. 0. 0. 0. 0. 0. 0. 0. 0.
    0. 0. 0. 0. 0. 0. 0. 0. 0. 0. 0. 0. 0. 0. 0. 0. 0. 0. 0. 0. 0. 0. 0.
    0. 0. 0. 0. 0. 0. 0. 0. 0. 0. 0. 0. 0. 0. 0. 0. 0. 0. 0. 0. 0. 0. 0.
    0. 0. 0. 0. 0. 0. 0. 0. 0. 0. 0. 0. 0. 0. 0. 0. 0. 0. 0. 0. 0. 0. 0.
    0. 0. 0. 0. 0. 0. 0. 0. 0. 0. 0. 0. 0. 0. 0. 0. 0. 0. 0. 0. 0. 0. 0.
    0. 0. 0. 0. 0. 0. 0. 0. 0. 0. 0. 0. 0. 0. 0. 0. 0. 0. 0. 0. 0. 0. 2.
    2. 2. 2. 2. 2. 2. 2. 2. 2. 2. 2. 2. 2. 2. 2. 2. 2.04399991e+00
    2.09899998e+00 2.14100003e+00 2.14100003e+00 2.14100003e+00 0. 0. 0.
    0. 0. 0. 0. 0. 0. 0. 0. 0. 0. 0. 0. 0. 0. 0. 2. 2. 2. 2. 2. 2. 2. 2.
    2. 2. 2. 2. 2. 2. 2.00200009e+00 2.00600004e+00 2.01099992e+00
    2.05200005e+00 2.10299993e+00 2.14100003e+00 2.14100003e+00
    2.14100003e+00 0. 0. 0. 0. 0. 0. 0. 0. 0. 0. 0. 0. 0. 0. 0. 0. 0. 0.
    2. 2. 2. 2. 2. 2. 2. 2. 2. 2. 2. 2. 2. 2. 2.00999999e+00
    2.03600001e+00 2.06200004e+00 2.08999991e+00 2.11899996e+00
    2.14100003e+00 2.14100003e+00 2.14100003e+00 1.17999995e+00 0. 0. 0.
    0. 0. 0. 0. 0. 0. 0. 0. 0. 0. 0. 0. 0. 0. 2. 2. 2. 2. 2. 2. 2. 2. 2.
    2. 2. 2. 2. 2. 2.01799989e+00 2.06500006e+00 2.11199999e+00
    2.12800002e+00 2.13499999e+00 2.14100003e+00 2.14100003e+00
    2.14100003e+00 1.88999999e+00 1.51400006e+00 1.17499995e+00
    1.17499995e+00 0. 0. 0. 0. 0. 0. 0. 0. 0. 0. 0. 0. 0. 0.
    1.96599996e+00 1.96899998e+00 1.98199999e+00 1.99500000e+00 2. 2. 2.
    2. 2. 2. 2. 2. 2. 2. 2.01999998e+00 2.07500005e+00 2.13000011e+00
    2.14100003e+00 2.14100003e+00 2.14100003e+00 2.14100003e+00
    2.14100003e+00 2.14100003e+00 2.14100003e+00 2.14100003e+00
    2.14100003e+00 0. 0. 0. 0. 0. 0. 0. 0. 0. 0. 0. 0. 0. 0.
    1.91299999e+00 1.91999996e+00 1.95400000e+00 1.98800004e+00 2. 2. 2.
    2. 2. 2. 2. 2. 2. 2. 2.01999998e+00 2.07500005e+00 2.13000011e+00
    2.14100003e+00 2.14100003e+00 2.14100003e+00 2.14100003e+00
    2.14100003e+00 2.14100003e+00 2.14100003e+00 2.14100003e+00
    2.14100003e+00 0. 0. 0. 0. 0. 0. 0. 0. 0. 0. 0. 0. 0. 0.
    1.86399996e+00 1.87500000e+00 1.92799997e+00 1.98099995e+00
    2.00099993e+00 2.00300002e+00 2.00399995e+00 2.00399995e+00
    2.00399995e+00 2.00300002e+00 2.00200009e+00 2. 2. 2. 2.01999998e+00
    2.07299995e+00 2.12599993e+00 2.13800001e+00 2.14000010e+00
    2.14100003e+00 2.14100003e+00 2.14100003e+00 2.14100003e+00
    2.14100003e+00 2.14100003e+00 2.14100003e+00 0. 0. 0. 0. 0. 0. 0. 0.
    0. 0. 0. 0. 0. 0. 1.86399996e+00 1.87500000e+00 1.92799997e+00
    1.98099995e+00 2.01500010e+00 2.03800011e+00 2.05900002e+00
    2.05900002e+00 2.05900002e+00 2.04699993e+00 2.02399993e+00
    2.00099993e+00 2. 2. 2.01200008e+00 2.04399991e+00 2.07599998e+00
    2.09999990e+00 2.12299991e+00 2.14100003e+00 2.14100003e+00
    2.14100003e+00 2.14100003e+00 2.14100003e+00 2.14100003e+00
    2.14100003e+00 0. 0. 0. 0. 0. 0. 0. 0. 0. 0. 0. 0. 0. 0.
    1.86399996e+00 1.87500000e+00 1.92799997e+00 1.98099995e+00
    2.02900004e+00 2.07299995e+00 2.11400008e+00 2.11400008e+00
    2.11400008e+00 2.09100008e+00 2.04699993e+00 2.00300002e+00 2. 2.
    2.00399995e+00 2.01399994e+00 2.02500010e+00 2.06299996e+00
    2.10700011e+00 2.14100003e+00 2.14100003e+00 2.14100003e+00
    2.14100003e+00 2.14100003e+00 2.14100003e+00 2.14100003e+00 0. 0. 0.
    0. 0. 0. 0. 0. 0. 0. 0. 0. 0. 0. 1.89100003e+00 1.89999998e+00
    1.94299996e+00 1.98500001e+00 2.03600001e+00 2.08999991e+00
    2.14100003e+00 2.14100003e+00 2.14100003e+00 2.11899996e+00
    2.07500005e+00 2.03099990e+00 2.01799989e+00 2.00699997e+00 2. 2. 2.
    2.04399991e+00 2.09899998e+00 2.14100003e+00 2.14100003e+00
    2.14100003e+00 2.13400006e+00 2.12299991e+00 2.11299992e+00
    2.11299992e+00 0. 0. 0. 0. 0. 0. 0. 0. 0. 0. 0. 0. 0. 0.
    1.94400001e+00 1.94900000e+00 1.97000003e+00 1.99199998e+00
    2.03600001e+00 2.08999991e+00 2.14100003e+00 2.14100003e+00
    2.14100003e+00 2.12899995e+00 2.10700011e+00 2.08400011e+00
    2.05299997e+00 2.01999998e+00 2. 2. 2. 2.04399991e+00 2.09899998e+00
    2.14100003e+00 2.14100003e+00 2.14100003e+00 2.11899996e+00
    2.08699989e+00 2.05800009e+00 2.05800009e+00 0. 0. 0. 0. 0. 0. 0. 0.
    0. 0. 0. 0. 0. 0. 1.99699998e+00 1.99699998e+00 1.99800003e+00 2.
    2.03600001e+00 2.08999991e+00 2.14100003e+00 2.14100003e+00
    2.14100003e+00 2.14000010e+00 2.13899994e+00 2.13800001e+00
    2.08699989e+00 2.03399992e+00 2. 2. 2. 2.04399991e+00 2.09899998e+00
    2.14100003e+00 2.14100003e+00 2.14100003e+00 2.10500002e+00
    2.05200005e+00 2.00300002e+00 2.00300002e+00 0. 0. 0. 0. 0. 0. 0. 0.
    0. 0. 0. 0. 0. 0. 2. 2.00399995e+00 2.02399993e+00 2.04500008e+00
    2.07399988e+00 2.10899997e+00 2.14100003e+00 2.14100003e+00
    2.14100003e+00 2.14100003e+00 2.14100003e+00 2.14100003e+00
    2.10800004e+00 2.07299995e+00 2.05200005e+00 2.05200005e+00
    2.05200005e+00 2.07999992e+00 2.11400008e+00 2.14100003e+00
    2.14100003e+00 2.14100003e+00 2.10400009e+00 2.04999995e+00 2. 2. 0.
    0. 0. 0. 0. 0. 0. 0. 0. 0. 0. 0. 0. 0. 2. 2.00900006e+00
    2.04999995e+00 2.09200001e+00 2.11500001e+00 2.12899995e+00
    2.14100003e+00 2.14100003e+00 2.14100003e+00 2.14100003e+00
    2.14100003e+00 2.14100003e+00 2.12800002e+00 2.11500001e+00
    2.10700011e+00 2.10700011e+00 2.10700011e+00 2.11700010e+00
    2.13100004e+00 2.14100003e+00 2.14100003e+00 2.14100003e+00
    2.10400009e+00 2.04999995e+00 2. 2. 0. 0. 0. 0. 0. 0. 0. 0. 0. 0. 0.
    0. 0. 0. 2.04200006e+00 2.05200005e+00 2.09899998e+00 2.14599991e+00
    2.16199994e+00 2.16199994e+00 2.16199994e+00 2.16199994e+00
    2.16199994e+00 2.16199994e+00 2.16199994e+00 2.16199994e+00
    2.15499997e+00 2.14599991e+00 2.14100003e+00 2.14100003e+00
    2.14100003e+00 2.14100003e+00 2.14100003e+00 2.14100003e+00
    2.14100003e+00 2.14100003e+00 2.10999990e+00 2.06299996e+00
    2.01999998e+00 2.01999998e+00 0. 0. 0. 0. 0. 0. 0. 0. 0. 0. 0. 0. 0.
    0. 2.15400004e+00 2.16000009e+00 2.18600011e+00 2.21099997e+00
    2.22000003e+00 2.22000003e+00 2.22000003e+00 2.22000003e+00
    2.22000003e+00 2.22000003e+00 2.22000003e+00 2.22000003e+00
    2.19099998e+00 2.16000009e+00 2.14100003e+00 2.14100003e+00
    2.14100003e+00 2.14100003e+00 2.14100003e+00 2.14100003e+00
    2.14100003e+00 2.14100003e+00 2.12400007e+00 2.09800005e+00
    2.07500005e+00 2.07500005e+00 0. 0. 0. 0. 0. 0. 0. 0. 0. 0. 0. 0. 0.
    0. 2.26699996e+00 2.26799989e+00 2.27200007e+00 2.27600002e+00
    2.27800012e+00 2.27800012e+00 2.27800012e+00 2.27800012e+00
    2.27800012e+00 2.27800012e+00 2.27800012e+00 2.27800012e+00
    2.22799993e+00 2.17400002e+00 2.14100003e+00 2.14100003e+00
    2.14100003e+00 2.14100003e+00 2.14100003e+00 2.14100003e+00
    2.14100003e+00 2.14100003e+00 2.13800001e+00 2.13400006e+00
    2.13000011e+00 2.13000011e+00 0. 0. 0. 0. 0. 0. 0. 0. 0. 0. 0. 0. 0.
    0. 2.33699989e+00 2.33699989e+00 2.33699989e+00 2.33699989e+00
    2.33699989e+00 2.33699989e+00 2.33699989e+00 2.33699989e+00
    2.33699989e+00 2.32800007e+00 2.30900002e+00 2.28999996e+00
    2.25200009e+00 2.21199989e+00 2.17400002e+00 2.13899994e+00
    2.10400009e+00 2.08400011e+00 2.06699991e+00 2.05399990e+00
