<?xml version="1.0"?>
<opencv_storage>
<Depth type_id="opencv-matrix">
  <rows>40</rows>
  <cols>40</cols>
  <dt>f</dt>
  <data>
    0. 0. 0. 0. 0. 0. 0. 0. 0. 0. 0. 0. 0. 0. 0. 0. 0. 0. 0. 0. 0. 0. 0.
    0. 0. 0. 0. 0. 0. 0. 0. 0. 0. 0. 0. 0. 0. 0. 0. 0. 0. 0. 0. 0. 0. 0.
    0. 0. 0. 0. 0. 0. 0. 0. 0. 0. 0. 0. 0. 0. 0. 0. 0. 0. 0. 0. 0. 0. 0.
    0. 0. 0. 0. 0. 0. 0. 0. 0. 0. 0. 0. 0. 0. 0. 0. 0. 0. 0. 0. 0. 0. 0.
    0. 0. 0. 0. 0. 0. 0. 0. 0. 0. 0. 0. 0. 0. 0. 0. 0. 0. 0. 0. 0. 0. 0.
    0. 0. 0. 0. 0. 0. 0. 0. 0. 0. 0. 0. 0. 0. 0. 0. 0. 0. 0. 0. 0. 0. 0.
    0. 0. 0. 0. 0. 0. 0. 0. 0. 0. 0. 0. 0. 0. 0. 0. 0. 0. 0. 0. 0. 0. 0.
    0. 0. 0. 0. 0. 0. 0. 0. 0. 0. 0. 0. 0. 0. 0. 0. 0. 0. 0. 0. 0. 0. 0.
    0. 0. 0. 0. 0. 0. 0. 0. 0. 0. 0. 0. 0. 0. 0. 0. 0. 0. 0. 0. 0. 0. 0.
    0. 0. 0. 0. 0. 0. 0. 0. 0. 0. 0. 0. 0. 0. 0. 0. 0. 0. 0. 0. 0. 0. 0.
    0. 0. 0. 0. 0. 0. 0. 0. 0. 0. 0. 0. 0. 0. 0. 0. 0. 0. 1.29499996e+00
    1.48599994e+00 1.48599994e+00 1.48599994e+00 1.57700002e+00
    1.67299998e+00 1.73300004e+00 1.73300004e+00 1.73300004e+00
    1.73300004e+00 1.73300004e+00 1.73300004e+00 1.73300004e+00
    1.73300004e+00 1.73300004e+00 1.73300004e+00 1.73300004e+00
    1.73300004e+00 1.73300004e+00 1.73300004e+00 1.73300004e+00
    1.73300004e+00 1.78199995e+00 1.83299994e+00 1.86399996e+00
    1.86399996e+00 1.86399996e+00 1.95299995e+00 2.06100011e+00
    2.09999990e+00 1.94200003e+00 1.78299999e+00 0. 0. 0. 0. 0. 0. 0. 0.
    1.32099998e+00 1.49600005e+00 1.49600005e+00 1.49600005e+00
    1.58299994e+00 1.67499995e+00 1.73300004e+00 1.73300004e+00
    1.73300004e+00 1.73300004e+00 1.73300004e+00 1.73300004e+00
    1.73300004e+00 1.73300004e+00 1.73300004e+00 1.73300004e+00
    1.73300004e+00 1.73300004e+00 1.73300004e+00 1.73300004e+00
    1.73300004e+00 1.73300004e+00 1.78199995e+00 1.83299994e+00
    1.86399996e+00 1.86399996e+00 1.86399996e+00 1.94500005e+00
    2.04399991e+00 2.07999992e+00 1.92999995e+00 1.77999997e+00 0. 0. 0.
    1.05400002e+00 1.10699999e+00 1.05999994e+00 1.03299999e+00
    1.23800004e+00 1.44299996e+00 1.54400003e+00 1.54400003e+00
    1.54400003e+00 1.61300004e+00 1.68700004e+00 1.73300004e+00
    1.73300004e+00 1.73300004e+00 1.73300004e+00 1.73300004e+00
    1.73300004e+00 1.73300004e+00 1.73300004e+00 1.73300004e+00
    1.73300004e+00 1.73300004e+00 1.73300004e+00 1.73300004e+00
    1.73300004e+00 1.73300004e+00 1.73300004e+00 1.78199995e+00
    1.83299994e+00 1.86399996e+00 1.86399996e+00 1.86399996e+00
    1.91100001e+00 1.96800005e+00 1.98199999e+00 1.87500000e+00
    1.76699996e+00 0. 0. 1.08700001e+00 1.52100003e+00 1.61899996e+00
    1.53299999e+00 1.45799994e+00 1.51100004e+00 1.56500006e+00
    1.59099996e+00 1.59099996e+00 1.59099996e+00 1.64300001e+00
    1.69799995e+00 1.73300004e+00 1.73300004e+00 1.73300004e+00
    1.73300004e+00 1.73300004e+00 1.73300004e+00 1.73300004e+00
    1.73300004e+00 1.73300004e+00 1.73300004e+00 1.73300004e+00
    1.73300004e+00 1.73300004e+00 1.73300004e+00 1.73300004e+00
    1.73300004e+00 1.78199995e+00 1.83299994e+00 1.86399996e+00
    1.86399996e+00 1.86399996e+00 1.87600005e+00 1.89100003e+00
    1.88499999e+00 1.81900001e+00 1.75399995e+00 0. 0. 1.35500002e+00
    1.73099995e+00 1.80700004e+00 1.72000003e+00 1.63900006e+00
    1.63900006e+00 1.63900006e+00 1.63900006e+00 1.63900006e+00
    1.63900006e+00 1.67400002e+00 1.71000004e+00 1.73300004e+00
    1.73300004e+00 1.73300004e+00 1.73300004e+00 1.73300004e+00
    1.73300004e+00 1.73300004e+00 1.73300004e+00 1.75000000e+00
    1.77699995e+00 1.79999995e+00 1.79999995e+00 1.79999995e+00
    1.79999995e+00 1.79999995e+00 1.79999995e+00 1.82400000e+00
    1.84899998e+00 1.86399996e+00 1.86399996e+00 1.86399996e+00
    1.86399996e+00 1.86399996e+00 1.85099995e+00 1.79999995e+00
    1.74899995e+00 1.39999998e+00 1.43900001e+00 1.62000000e+00
    1.79999995e+00 1.82000005e+00 1.75100005e+00 1.68799996e+00
    1.68799996e+00 1.68799996e+00 1.68799996e+00 1.68799996e+00
    1.68799996e+00 1.70500004e+00 1.72200000e+00 1.73300004e+00
    1.73300004e+00 1.73300004e+00 1.73300004e+00 1.73300004e+00
    1.73300004e+00 1.73300004e+00 1.73300004e+00 1.77699995e+00
    1.84399998e+00 1.90400004e+00 1.90400004e+00 1.90400004e+00
    1.90400004e+00 1.90400004e+00 1.90400004e+00 1.88900006e+00
    1.87399995e+00 1.86399996e+00 1.86399996e+00 1.86399996e+00
    1.86399996e+00 1.86399996e+00 1.85099995e+00 1.79999995e+00
    1.74899995e+00 1.86399996e+00 1.86399996e+00 1.86399996e+00
    1.86399996e+00 1.83099997e+00 1.77999997e+00 1.73300004e+00
    1.73300004e+00 1.73300004e+00 1.73300004e+00 1.73300004e+00
    1.73300004e+00 1.73300004e+00 1.73300004e+00 1.73300004e+00
    1.73300004e+00 1.73300004e+00 1.73399997e+00 1.73599994e+00
    1.73699999e+00 1.73699999e+00 1.73699999e+00 1.80499995e+00
    1.90799999e+00 2. 2. 2. 2. 2. 2. 1.94900000e+00 1.89600003e+00
    1.86399996e+00 1.86399996e+00 1.86399996e+00 1.86399996e+00
    1.86399996e+00 1.85099995e+00 1.79999995e+00 1.74899995e+00
    1.86399996e+00 1.86399996e+00 1.86399996e+00 1.86399996e+00
    1.83099997e+00 1.77999997e+00 1.73300004e+00 1.73300004e+00
    1.73300004e+00 1.73300004e+00 1.73300004e+00 1.73300004e+00
    1.73300004e+00 1.73300004e+00 1.73300004e+00 1.73300004e+00
    1.73300004e+00 1.75000000e+00 1.77199996e+00 1.78799999e+00
    1.78799999e+00 1.78799999e+00 1.84300005e+00 1.92600000e+00 2. 2. 2.
    2. 2. 2. 1.94900000e+00 1.89600003e+00 1.86399996e+00 1.86399996e+00
    1.86399996e+00 1.86399996e+00 1.86399996e+00 1.85099995e+00
    1.79999995e+00 1.74899995e+00 1.86399996e+00 1.86399996e+00
    1.86399996e+00 1.86399996e+00 1.83099997e+00 1.77999997e+00
    1.73300004e+00 1.73300004e+00 1.73300004e+00 1.73300004e+00
    1.73300004e+00 1.73300004e+00 1.73300004e+00 1.73300004e+00
    1.73300004e+00 1.73300004e+00 1.73300004e+00 1.76600003e+00
    1.80700004e+00 1.83899999e+00 1.83899999e+00 1.83899999e+00
    1.88100004e+00 1.94299996e+00 2. 2. 2. 2. 2. 2. 1.94900000e+00
    1.89600003e+00 1.86399996e+00 1.86399996e+00 1.86399996e+00
    1.86399996e+00 1.86399996e+00 1.85099995e+00 1.79999995e+00
    1.74899995e+00 1.86399996e+00 1.86199999e+00 1.85200000e+00
    1.84200001e+00 1.81200004e+00 1.77100003e+00 1.73300004e+00
    1.73300004e+00 1.73300004e+00 1.73300004e+00 1.73300004e+00
    1.73300004e+00 1.73300004e+00 1.73300004e+00 1.73699999e+00
    1.74699998e+00 1.75699997e+00 1.79200006e+00 1.83299994e+00
    1.86600006e+00 1.87699997e+00 1.88699996e+00 1.91900003e+00
    1.96200001e+00 2. 2. 2. 2. 2. 2. 1.94900000e+00 1.89600003e+00
    1.86399996e+00 1.86399996e+00 1.86399996e+00 1.86399996e+00
    1.86399996e+00 1.85399997e+00 1.81299996e+00 1.77199996e+00
    1.86399996e+00 1.85800004e+00 1.82799995e+00 1.79799998e+00
    1.77300000e+00 1.75199997e+00 1.73300004e+00 1.73300004e+00
    1.73300004e+00 1.73300004e+00 1.73300004e+00 1.73300004e+00
    1.73300004e+00 1.73300004e+00 1.74399996e+00 1.77400005e+00
    1.80400002e+00 1.82700002e+00 1.84800005e+00 1.87100005e+00
    1.90199995e+00 1.93400002e+00 1.95799994e+00 1.98000002e+00 2. 2. 2.
    2. 2. 2. 1.94900000e+00 1.89600003e+00 1.86399996e+00 1.86399996e+00
    1.86399996e+00 1.86399996e+00 1.86399996e+00 1.85899997e+00
    1.83800006e+00 1.81700003e+00 1.86399996e+00 1.85300004e+00
    1.80299997e+00 1.75399995e+00 1.73500001e+00 1.73399997e+00
    1.73300004e+00 1.73300004e+00 1.73300004e+00 1.73300004e+00
    1.73300004e+00 1.73300004e+00 1.73300004e+00 1.73300004e+00
    1.75199997e+00 1.80100000e+00 1.85099995e+00 1.86199999e+00
    1.86300004e+00 1.87600005e+00 1.92799997e+00 1.98000002e+00
    1.99800003e+00 1.99899995e+00 2. 2. 2. 2. 2. 2. 1.94900000e+00
    1.89600003e+00 1.86399996e+00 1.86399996e+00 1.86399996e+00
    1.86399996e+00 1.86399996e+00 1.86399996e+00 1.86300004e+00
    1.86099994e+00 1.81599998e+00 1.80900002e+00 1.77699995e+00
    1.74399996e+00 1.73300004e+00 1.73300004e+00 1.73300004e+00
    1.73300004e+00 1.73300004e+00 1.73300004e+00 1.73300004e+00
