<?xml version="1.0"?>
<opencv_storage>
<Depth type_id="opencv-matrix">
  <rows>40</rows>
  <cols>40</cols>
  <dt>f</dt>
  <data>
    0. 0. 0. 0. 0. 0. 0. 0. 0. 0. 0. 0. 0. 0. 0. 0. 0. 0. 0. 0. 0. 0. 0.
    0. 0. 0. 0. 0. 0. 0. 0. 0. 0. 0. 0. 0. 0. 0. 0. 0. 0. 0. 0. 0. 0. 0.
    0. 0. 0. 0. 0. 0. 0. 0. 0. 0. 0. 0. 0. 0. 0. 0. 0. 0. 0. 0. 0. 0. 0.
    0. 0. 0. 0. 0. 0. 0. 0. 0. 0. 0. 0. 0. 0. 0. 0. 0. 0. 0. 0. 0. 0. 0.
    0. 0. 0. 0. 0. 0. 0. 0. 0. 0. 0. 0. 0. 0. 0. 0. 0. 0. 0. 0. 0. 0. 0.
    0. 0. 0. 0. 0. 0. 0. 0. 0. 0. 0. 0. 0. 0. 0. 0. 0. 0. 0. 0. 0. 0. 0.
    0. 0. 0. 0. 0. 0. 0. 0. 0. 0. 0. 0. 0. 0. 0. 0. 0. 0. 0. 0. 0. 0. 0.
    0. 0. 0. 0. 0. 0. 0. 0. 0. 0. 0. 0. 0. 0. 0. 0. 0. 0. 0. 0. 0. 0. 0.
    0. 0. 0. 0. 0. 0. 0. 0. 0. 0. 0. 0. 0. 0. 0. 0. 0. 0. 0. 0. 0. 0. 0.
    0. 0. 0. 0. 0. 0. 0. 0. 0. 0. 0. 0. 0. 0. 0. 0. 0. 0. 0. 0. 0. 0. 0.
    0. 0. 0. 0. 0. 0. 0. 0. 0. 0. 0. 0. 0. 0. 0. 0. 0. 0. 0. 0. 0. 0. 0.
    0. 0. 0. 0. 0. 0. 0. 0. 0. 0. 0. 0. 0. 0. 0. 0. 0. 0. 0. 0. 0. 0. 0.
    0. 0. 0. 0. 0. 0. 0. 0. 0. 0. 0. 0. 0. 0. 0. 0. 0. 0. 0. 0. 0. 0. 0.
    0. 0. 0. 0. 0. 0. 0. 0. 0. 0. 0. 0. 0. 0. 0. 0. 0. 0. 0. 0. 0. 0. 0.
    0. 0. 0. 0. 0. 0. 0. 0. 0. 0. 0. 0. 0. 0. 0. 0. 0. 0. 0. 0. 0. 0. 0.
    0. 0. 0. 0. 0. 0. 0. 0. 0. 0. 0. 0. 0. 0. 0. 0. 0. 0. 0. 0. 0. 0. 0.
    0. 0. 0. 0. 0. 0. 0. 0. 0. 0. 0. 0. 0. 0. 0. 0. 0. 0. 0. 0. 0. 0. 0.
    0. 0. 0. 0. 0. 0. 0. 0. 0. 0. 0. 0. 0. 0. 0. 0. 0. 0. 0. 0. 0. 0. 0.
    0. 0. 0. 0. 0. 0. 0. 0. 0. 0. 0. 0. 0. 0. 0. 0. 0. 0. 0. 0. 0. 0. 0.
    0. 0. 0. 0. 0. 0. 0. 0. 0. 0. 0. 0. 0. 0. 0. 0. 0. 0. 0. 0. 0. 0. 0.
    0. 0. 0. 0. 0. 0. 0. 0. 0. 0. 0. 0. 0. 0. 0. 0. 0. 0. 0. 0. 0. 0. 0.
    0. 0. 0. 2.06800008e+00 2.09200001e+00 2.13000011e+00 2.13700008e+00
    2.13700008e+00 2.13700008e+00 2.14800000e+00 2.18799996e+00
    2.20900011e+00 2.20900011e+00 2.20900011e+00 2.20900011e+00
    2.20900011e+00 2.20900011e+00 2.20900011e+00 2.20900011e+00
    2.20900011e+00 2.23300004e+00 2.27399993e+00 2.31699991e+00
    2.35800004e+00 2.35800004e+00 2.35800004e+00 2.35800004e+00
    2.35800004e+00 2.35800004e+00 2.38800001e+00 2.43199992e+00 0. 0. 0.
    0. 0. 0. 0. 0. 0. 0. 0. 0. 2.06800008e+00 2.09200001e+00
    2.13000011e+00 2.13700008e+00 2.13700008e+00 2.13700008e+00
    2.14400005e+00 2.17100000e+00 2.18400002e+00 2.18400002e+00
    2.18400002e+00 2.18400002e+00 2.18400002e+00 2.18400002e+00
    2.18400002e+00 2.18400002e+00 2.18400002e+00 2.20000005e+00
    2.22700000e+00 2.26600003e+00 2.30699992e+00 2.29299998e+00
    2.27900004e+00 2.26600003e+00 2.25900006e+00 2.25900006e+00
    1.63499999e+00 0. 0. 0. 0. 0. 0. 0. 0. 0. 0. 0. 0. 0. 2.06800008e+00
    2.09200001e+00 2.13000011e+00 2.13700008e+00 2.13700008e+00
    2.13700008e+00 2.13800001e+00 2.14199996e+00 2.14400005e+00
    2.14400005e+00 2.14400005e+00 2.14400005e+00 2.14400005e+00
    2.14400005e+00 2.14400005e+00 2.14400005e+00 2.14400005e+00
    2.14599991e+00 2.15000010e+00 2.18400002e+00 2.22199988e+00
    2.18600011e+00 2.14899993e+00 2.11400008e+00 2.09599996e+00
    2.09599996e+00 0. 0. 0. 0. 0. 0. 0. 0. 0. 0. 0. 0. 0. 0.
    2.03600001e+00 2.05999994e+00 2.09800005e+00 2.11999989e+00
    2.13700008e+00 2.13700008e+00 2.13700008e+00 2.13700008e+00
    2.13700008e+00 2.13700008e+00 2.13700008e+00 2.13700008e+00
    2.11999989e+00 2.10500002e+00 2.10500002e+00 2.10500002e+00
    2.10500002e+00 2.10500002e+00 2.10500002e+00 2.12199998e+00
    2.14299989e+00 2.12100005e+00 2.09100008e+00 2.03500009e+00
    1.99800003e+00 1.98099995e+00 0. 0. 0. 0. 0. 0. 0. 0. 0. 0. 0. 0. 0.
    0. 2. 2.02300000e+00 2.06200004e+00 2.09999990e+00 2.13700008e+00
    2.13700008e+00 2.13700008e+00 2.13700008e+00 2.13700008e+00
    2.13700008e+00 2.13599992e+00 2.13499999e+00 2.09999990e+00
    2.06800008e+00 2.06800008e+00 2.06800008e+00 2.06699991e+00
    2.06599998e+00 2.06599998e+00 2.06599998e+00 2.06599998e+00
    2.06599998e+00 2.04800010e+00 1.97300005e+00 1.91700006e+00
    1.88199997e+00 1.84700000e+00 1.81099999e+00 0. 0. 0. 0. 0. 0. 0. 0.
    0. 0. 0. 0. 2. 2.02300000e+00 2.06200004e+00 2.09999990e+00
    2.13700008e+00 2.13700008e+00 2.13700008e+00 2.13700008e+00
    2.13700008e+00 2.13700008e+00 2.12100005e+00 2.09800005e+00
    2.08200002e+00 2.06800008e+00 2.06800008e+00 2.05999994e+00
    2.03699994e+00 2.02800012e+00 2.02800012e+00 2.02800012e+00
    2.02800012e+00 2.02800012e+00 2.01500010e+00 1.96200001e+00
    1.91700006e+00 1.88199997e+00 1.84700000e+00 1.81099999e+00 0. 0. 0.
    0. 0. 0. 0. 0. 0. 0. 0. 0. 2.00999999e+00 2.02999997e+00
    2.06200004e+00 2.09999990e+00 2.13700008e+00 2.13700008e+00
    2.13700008e+00 2.13700008e+00 2.13400006e+00 2.12800002e+00
    2.10299993e+00 2.06999993e+00 2.06800008e+00 2.06699991e+00
    2.06100011e+00 2.04600000e+00 2.01300001e+00 2. 2. 2. 2.
    1.99399996e+00 1.98199999e+00 1.95099998e+00 1.91999996e+00
    1.88999999e+00 1.85599995e+00 1.82099998e+00 0. 0. 0. 0. 0. 0. 0. 0.
    0. 0. 0. 0. 2.04900002e+00 2.05500007e+00 2.06599998e+00
    2.09999990e+00 2.13700008e+00 2.13700008e+00 2.13700008e+00
    2.13700008e+00 2.12299991e+00 2.09599996e+00 2.07999992e+00
    2.06900001e+00 2.06800008e+00 2.06399989e+00 2.03699994e+00
    2.01500010e+00 2.00399995e+00 2. 2. 2. 1.99899995e+00 1.97300005e+00
    1.95000005e+00 1.94000006e+00 1.92900002e+00 1.91900003e+00
    1.89199996e+00 1.85599995e+00 0. 0. 0. 0. 0. 0. 0. 0. 0. 0. 0. 0.
    2.71099997e+00 2.49699998e+00 2.14700007e+00 2.10999990e+00
    2.13700008e+00 2.13700008e+00 2.13700008e+00 2.13700008e+00
    2.11299992e+00 2.06399989e+00 2.04900002e+00 2.04900002e+00
    2.04900002e+00 2.04500008e+00 2.01699996e+00 2. 2. 2. 2. 2.
    1.99899995e+00 1.96200001e+00 1.93400002e+00 1.93400002e+00
    1.93400002e+00 1.93400002e+00 1.90999997e+00 1.87399995e+00 0. 0. 0.
    0. 0. 0. 0. 0. 0. 0. 0. 0. 0. 0. 2.30699992e+00 2.13100004e+00
    2.13700008e+00 2.13700008e+00 2.13700008e+00 2.13700008e+00
    2.10200000e+00 2.03200006e+00 2.01099992e+00 2.01099992e+00
    2.01099992e+00 2.00999999e+00 2.00399995e+00 2. 2. 2. 2. 2.
    1.99899995e+00 1.96200001e+00 1.93400002e+00 1.93400002e+00
    1.93400002e+00 1.93400002e+00 1.90999997e+00 1.87399995e+00 0. 0. 0.
    0. 0. 0. 0. 0. 0. 0. 0. 0. 0. 0. 2.35899997e+00 2.13700008e+00
    2.13700008e+00 2.13700008e+00 2.13299990e+00 2.11700010e+00
    2.07900000e+00 2.01799989e+00 2. 2. 2. 2. 2. 2. 2. 2. 2. 2.
    1.99899995e+00 1.97700000e+00 1.96000004e+00 1.96000004e+00
    1.96000004e+00 1.96000004e+00 1.94599998e+00 1.92400002e+00 0. 0. 0.
    0. 0. 0. 0. 0. 0. 0. 0. 0. 0. 0. 2.36800003e+00 2.13700008e+00
    2.13700008e+00 2.13700008e+00 2.12700009e+00 2.08999991e+00
    2.05100012e+00 2.01200008e+00 2. 2. 2. 2. 2. 2. 2. 2. 2. 2. 2.
    1.99800003e+00 1.99699998e+00 1.99699998e+00 1.99699998e+00
    1.99699998e+00 1.99600005e+00 1.99500000e+00 0. 0. 0. 0. 0. 0. 0. 0.
    0. 0. 0. 0. 0. 0. 0. 0. 0. 2.65599990e+00 2.12700009e+00
    2.08800006e+00 2.04900002e+00 2.01099992e+00 2. 2. 1.98199999e+00
    1.96599996e+00 1.96599996e+00 1.97300005e+00 1.99199998e+00 2. 2. 2.
    2.00099993e+00 2.02099991e+00 2.03600001e+00 2.03600001e+00
    2.03600001e+00 2.03600001e+00 2.03600001e+00 2.03600001e+00 0. 0. 0.
    0. 0. 0. 0. 0. 0. 0. 0. 0. 0. 0. 0. 0. 0. 0. 2.13299990e+00
    2.09400010e+00 2.05299997e+00 2.01200008e+00 2. 2. 1.96599996e+00
    1.93400002e+00 1.93400002e+00 1.94799995e+00 1.98500001e+00 2. 2. 2.
    2.00099993e+00 2.04299998e+00 2.07399988e+00 2.07399988e+00
    2.07399988e+00 2.07399988e+00 2.07399988e+00 2.07399988e+00 0. 0. 0.
    0. 0. 0. 0. 0. 0. 0. 0. 0. 0. 0. 0. 0. 0. 0. 2.17300010e+00
    2.13299990e+00 2.08200002e+00 2.01799989e+00 2. 2. 1.96599996e+00
    1.93400002e+00 1.93400002e+00 1.94799995e+00 1.98500001e+00 2. 2. 2.
    2.00200009e+00 2.06500006e+00 2.11299992e+00 2.11299992e+00
    2.11299992e+00 2.11299992e+00 2.11299992e+00 2.11299992e+00 0. 0. 0.
    0. 0. 0. 0. 0. 0. 0. 0. 0. 0. 0. 0. 0. 0. 0. 2.19799995e+00
    2.15799999e+00 2.09899998e+00 2.02200007e+00 2. 2. 1.96599996e+00
