<?xml version="1.0"?>
<opencv_storage>
<Depth type_id="opencv-matrix">
  <rows>40</rows>
  <cols>40</cols>
  <dt>f</dt>
  <data>
    0. 0. 0. 0. 0. 0. 0. 0. 0. 0. 0. 0. 0. 0. 0. 0. 0. 0. 0. 0. 0. 0. 0.
    0. 0. 0. 0. 0. 0. 0. 0. 0. 0. 0. 0. 0. 0. 0. 0. 0. 0. 0. 0. 0. 0. 0.
    0. 0. 0. 0. 0. 0. 0. 0. 0. 0. 0. 0. 0. 0. 0. 0. 0. 0. 0. 0. 0. 0. 0.
    0. 0. 0. 0. 0. 0. 0. 0. 0. 0. 0. 0. 0. 0. 0. 0. 0. 0. 0. 0. 0. 0. 0.
    0. 0. 0. 0. 0. 0. 0. 0. 0. 0. 0. 0. 0. 0. 0. 0. 0. 0. 0. 0. 0. 0. 0.
    0. 0. 0. 0. 0. 0. 0. 0. 0. 0. 0. 0. 0. 0. 0. 0. 0. 0. 0. 0. 0. 0. 0.
    0. 0. 0. 0. 0. 0. 0. 0. 0. 0. 0. 0. 0. 0. 0. 0. 0. 0. 0. 0. 0. 0. 0.
    0. 0. 0. 0. 0. 0. 0. 0. 0. 0. 0. 0. 0. 0. 0. 0. 0. 0. 0. 0. 0. 0. 0.
    0. 0. 0. 0. 0. 0. 0. 0. 0. 0. 0. 0. 0. 0. 0. 0. 0. 0. 0. 0. 0. 0. 0.
    0. 0. 0. 0. 0. 0. 0. 0. 0. 0. 0. 0. 0. 0. 0. 0. 0. 0. 0. 0. 0. 0. 0.
    0. 0. 0. 0. 0. 0. 0. 0. 0. 0. 0. 0. 0. 0. 0. 0. 0. 0. 0. 0. 0. 0. 0.
    0. 0. 0. 0. 0. 0. 0. 0. 0. 0. 0. 0. 0. 0. 0. 0. 0. 0. 0. 0. 0. 0. 0.
    0. 0. 0. 0. 0. 0. 2.49900007e+00 2.03600001e+00 2.02800012e+00
    2.02999997e+00 2.03500009e+00 2.02999997e+00 2.02600002e+00
    2.01999998e+00 2.02800012e+00 2.03399992e+00 2.03500009e+00
    2.02999997e+00 2.01999998e+00 2.02600002e+00 2.01999998e+00
    2.01999998e+00 2.01799989e+00 0. 0. 2.92300010e+00 2.01900005e+00
    2.00999999e+00 2.98000002e+00 0. 0. 0. 0. 0. 0. 0. 0. 0. 0. 0. 0. 0.
    0. 0. 0. 0. 2.43400002e+00 2.02900004e+00 2.01999998e+00
    2.02999997e+00 2.03200006e+00 2.02999997e+00 2.02200007e+00
    2.01999998e+00 2.01999998e+00 2.01999998e+00 2.01300001e+00
    2.01799989e+00 2.01999998e+00 2.02600002e+00 2.02600002e+00
    2.01999998e+00 2.00999999e+00 2.00999999e+00 2.00999999e+00
    2.00999999e+00 2.00999999e+00 2.00999999e+00 2.00999999e+00
    2.00999999e+00 2.00399995e+00 2.03900003e+00 2.29999995e+00
    2.00999999e+00 2.00999999e+00 2.54900002e+00 2.42199993e+00
    2.01300001e+00 2.00699997e+00 2. 2.73499990e+00 2.77600002e+00
    2.92300010e+00 0. 0. 0. 2.60700011e+00 2.02900004e+00 2.01999998e+00
    2.02900004e+00 2.02900004e+00 2.02900004e+00 2.01999998e+00
    2.01999998e+00 2.01999998e+00 2.01999998e+00 2.00999999e+00
    2.01600003e+00 2.01900005e+00 2.01999998e+00 2.01999998e+00
    2.01900005e+00 2.00999999e+00 2.00999999e+00 2.00999999e+00
    2.00999999e+00 2.00999999e+00 2.00999999e+00 2.00999999e+00
    2.00999999e+00 2.00500011e+00 2. 2.00500011e+00 2.00999999e+00
    2.00999999e+00 2.00999999e+00 2.00999999e+00 2.00999999e+00
    2.00999999e+00 2.00999999e+00 2.00999999e+00 1.99199998e+00
    1.98000002e+00 0. 0. 0. 2.25300002e+00 2.02900004e+00 2.02600002e+00
    2.01999998e+00 2.01999998e+00 2.01999998e+00 2.01999998e+00
    2.01999998e+00 2.01999998e+00 2.01999998e+00 2.00999999e+00
    2.00999999e+00 2.01099992e+00 2.01399994e+00 2.01399994e+00
    2.00999999e+00 2.00999999e+00 2.00999999e+00 2.00999999e+00
    2.00999999e+00 2.00999999e+00 2.00999999e+00 2.00999999e+00
    2.00999999e+00 2.00999999e+00 2.00600004e+00 2.00799990e+00
    2.00999999e+00 2.00999999e+00 2.00999999e+00 2.00999999e+00
    2.00500011e+00 2.00399995e+00 2.00399995e+00 2.00999999e+00
    1.99899995e+00 1.99199998e+00 0. 0. 0. 2.00999999e+00 2.02999997e+00
    2.02399993e+00 2.01999998e+00 2.01999998e+00 2.01999998e+00
    2.01999998e+00 2.01999998e+00 2.00999999e+00 2.00999999e+00
    2.00999999e+00 2.00999999e+00 2.00999999e+00 2.00999999e+00
    2.00999999e+00 2.00999999e+00 2.00999999e+00 2.00999999e+00
    2.00999999e+00 2.00999999e+00 2.00999999e+00 2.00999999e+00
    2.00999999e+00 2.00999999e+00 2.00999999e+00 2.00999999e+00
    2.00999999e+00 2.00999999e+00 2.00999999e+00 2.00999999e+00
    2.00999999e+00 2.00200009e+00 2. 2. 2. 2. 2. 0. 0. 0. 2.34800005e+00
    2.01999998e+00 2.01999998e+00 2.01999998e+00 2.01999998e+00
    2.01500010e+00 2.01699996e+00 2.01999998e+00 2.01300001e+00
    2.00999999e+00 2.01900005e+00 2.01200008e+00 2.00999999e+00
    2.00999999e+00 2.00999999e+00 2.00999999e+00 2.00999999e+00
    2.00999999e+00 2.00999999e+00 2.00999999e+00 2.00999999e+00
    2.00999999e+00 2.00999999e+00 2.00500011e+00 2.00799990e+00
    2.00999999e+00 2.00999999e+00 2.00999999e+00 2.00999999e+00
    2.00999999e+00 2.00699997e+00 2. 2. 2. 2. 2. 2. 0. 0. 0.
    2.70199990e+00 2.01999998e+00 2.01999998e+00 2.01999998e+00
    2.01999998e+00 2.00999999e+00 2.00999999e+00 2.01900005e+00
    2.00999999e+00 2.00999999e+00 2.00999999e+00 2.00999999e+00
    2.00999999e+00 2.00999999e+00 2.00999999e+00 2.00500011e+00 2. 2.
    2.00900006e+00 2.00999999e+00 2.00999999e+00 2.00999999e+00
    2.00999999e+00 2. 2.00600004e+00 2. 2. 2.00999999e+00 2.00999999e+00
    2.00999999e+00 2.00699997e+00 2. 2. 2. 2. 2. 2.13800001e+00 0. 0. 0.
    2.68199992e+00 2.01999998e+00 2.01999998e+00 2.02399993e+00
    2.01500010e+00 2.00999999e+00 2.00999999e+00 2.00999999e+00
    2.00999999e+00 2.00999999e+00 2.00999999e+00 2.00999999e+00
    2.00999999e+00 2.00999999e+00 2.00900006e+00 2. 2.00399995e+00
    2.00399995e+00 2.00900006e+00 2.00999999e+00 2.00999999e+00
    2.00399995e+00 2. 2.00200009e+00 2.00699997e+00 2. 2. 2.
    2.00999999e+00 2.00099993e+00 2. 2. 2. 2. 2. 2. 2.14400005e+00 0. 0.
    0. 2.10800004e+00 2.01999998e+00 2.01999998e+00 2.02099991e+00
    2.01099992e+00 2.00999999e+00 2.00999999e+00 2.00999999e+00
    2.00999999e+00 2.00999999e+00 2.00999999e+00 2.00999999e+00
    2.00999999e+00 2.00999999e+00 2.00999999e+00 2.00900006e+00
    2.00999999e+00 2.00999999e+00 2.00999999e+00 2.00999999e+00
    2.00999999e+00 2. 2. 2.00200009e+00 2.00399995e+00 2. 2. 2.
    2.00999999e+00 2.00099993e+00 2. 2. 2. 2. 2. 2. 1.90400004e+00 0. 0.
    0. 2.03299999e+00 2.01999998e+00 2.01999998e+00 2.01999998e+00
    2.00999999e+00 2.00999999e+00 2.00999999e+00 2.00999999e+00
    2.00999999e+00 2.00999999e+00 2.00999999e+00 2.00999999e+00
    2.00999999e+00 2.00999999e+00 2.00999999e+00 2.00999999e+00
    2.00999999e+00 2.00999999e+00 2.00999999e+00 2.00999999e+00
    2.00999999e+00 2.00200009e+00 2. 2. 2. 2. 2. 2. 2.00799990e+00
    2.00099993e+00 2. 2. 2. 2. 2. 2. 1.86899996e+00 0. 0. 0.
    2.03800011e+00 2.02699995e+00 2.01999998e+00 2.01200008e+00
    2.00999999e+00 2.00999999e+00 2.00999999e+00 2.00999999e+00
    2.00999999e+00 2.00999999e+00 2.00999999e+00 2.00999999e+00
    2.00999999e+00 2.00999999e+00 2.00999999e+00 2.00999999e+00
    2.00999999e+00 2.00999999e+00 2.00999999e+00 2.00999999e+00
    2.00999999e+00 2.00799990e+00 2. 2. 2. 2. 2. 2. 2.00099993e+00 2. 2.
    2. 2. 2. 2. 2. 1.86899996e+00 0. 0. 0. 2.04299998e+00 2.02699995e+00
    2.01900005e+00 2.00999999e+00 2.00999999e+00 2.00999999e+00
    2.00999999e+00 2.00999999e+00 2.00999999e+00 2.00999999e+00
    2.00999999e+00 2.00799990e+00 2.00799990e+00 2.00300002e+00 2. 2.
    2.00999999e+00 2.00999999e+00 2.00799990e+00 2.00799990e+00
    2.00799990e+00 2.00600004e+00 2.00099993e+00 2. 2. 2. 2. 2. 2. 2. 2.
    2. 2. 2. 2. 2. 1.86899996e+00 0. 0. 0. 2.03200006e+00 2.01300001e+00
    2.01099992e+00 2.00999999e+00 2.00999999e+00 2.00999999e+00
    2.00999999e+00 2.00999999e+00 2.00999999e+00 2.00999999e+00
    2.00999999e+00 2.00300002e+00 2. 2. 2. 2. 2.00999999e+00
    2.00999999e+00 2.00099993e+00 2. 2. 2.00099993e+00 2.00600004e+00
    2.00699997e+00 2.00300002e+00 2. 2. 2. 2. 2. 2. 2. 2. 2.
    1.99300003e+00 1.99699998e+00 0. 0. 0. 2.01900005e+00 2.01900005e+00
    2.00999999e+00 2.00999999e+00 2.00999999e+00 2.00999999e+00
    2.00999999e+00 2.00900006e+00 2.00900006e+00 2. 2. 2.00999999e+00
    2.00300002e+00 2. 2. 2. 2. 2. 2.00900006e+00 2.00099993e+00 2. 2. 2.
    2. 2.00999999e+00 2.00399995e+00 2. 2. 2. 2. 2. 2. 2. 2. 2.
    1.99000001e+00 1.99600005e+00 0. 0. 0. 2.01200008e+00 2.01300001e+00
    2.00999999e+00 2.00999999e+00 2.00999999e+00 2.00999999e+00
    2.00999999e+00 2.00600004e+00 2. 2. 2. 2.00999999e+00 2.00300002e+00
    2. 2. 2. 2. 2. 2.00399995e+00 2.00600004e+00 2. 2. 2. 2.
    2.00399995e+00 2.00200009e+00 2. 2. 2. 2. 2. 2. 2. 2. 2.
