<?xml version="1.0"?>
<opencv_storage>
<Depth type_id="opencv-matrix">
  <rows>40</rows>
  <cols>40</cols>
  <dt>f</dt>
  <data>
    0. 0. 0. 0. 0. 0. 0. 0. 0. 0. 0. 1.75800002e+00 1.76800001e+00
    1.76499999e+00 1.75999999e+00 1.75999999e+00 1.75999999e+00
    1.75999999e+00 1.75000000e+00 1.74600005e+00 1.75100005e+00
    1.75999999e+00 1.75999999e+00 1.75999999e+00 1.79700005e+00
    1.81400001e+00 1.81900001e+00 2.01600003e+00 2.94600010e+00 0. 0. 0.
    0. 0. 0. 0. 0. 0. 0. 0. 0. 0. 0. 0. 0. 0. 0. 0. 0. 0. 0.
    1.74600005e+00 1.76499999e+00 1.77800000e+00 1.77800000e+00
    1.77199996e+00 1.77199996e+00 1.77199996e+00 1.75999999e+00
    1.75600004e+00 1.76199996e+00 1.77199996e+00 1.77199996e+00
    1.77199996e+00 1.80900002e+00 1.83099997e+00 1.97899997e+00
    2.37400007e+00 2.94899988e+00 0. 0. 0. 0. 0. 0. 0. 0. 0. 0. 0. 0. 0.
    0. 0. 0. 0. 0. 0. 0. 0. 0. 1.74600005e+00 1.76900005e+00
    1.78999996e+00 1.78999996e+00 1.77699995e+00 1.77699995e+00
    1.77699995e+00 1.77699995e+00 1.77699995e+00 1.77499998e+00
    1.77199996e+00 1.77199996e+00 1.77199996e+00 1.81299996e+00
    1.84599996e+00 2.16000009e+00 2.78099990e+00 2.95099998e+00 0. 0. 0.
    0. 0. 0. 0. 0. 0. 0. 0. 0. 0. 0. 0. 0. 0. 0. 0. 0. 0. 0.
    1.74699998e+00 1.78600001e+00 1.79999995e+00 1.79900002e+00
    1.79900002e+00 1.79900002e+00 1.79900002e+00 1.79900002e+00
    1.79900002e+00 1.78900003e+00 1.77300000e+00 1.77300000e+00
    1.77300000e+00 1.82900000e+00 1.86899996e+00 1.89199996e+00
    2.08400011e+00 2.94700003e+00 0. 0. 0. 0. 0. 0. 0. 0. 0. 0. 0. 0. 0.
    0. 0. 0. 0. 0. 0. 0. 0. 0. 1.79100001e+00 1.81400001e+00
    1.82200003e+00 1.81299996e+00 1.79900002e+00 1.79900002e+00
    1.79900002e+00 1.79900002e+00 1.79900002e+00 1.79799998e+00
    1.79499996e+00 1.79499996e+00 1.79499996e+00 1.85200000e+00
    1.88000000e+00 1.88300002e+00 2.06399989e+00 2.94700003e+00 0. 0. 0.
    0. 0. 0. 0. 0. 0. 0. 0. 0. 0. 0. 0. 0. 0. 0. 0. 0. 0. 0.
    1.79900002e+00 1.81900001e+00 1.82599998e+00 1.82299995e+00
    1.81700003e+00 1.81599998e+00 1.80100000e+00 1.79900002e+00
    1.79900002e+00 1.79900002e+00 1.79900002e+00 1.79900002e+00
    1.81500006e+00 1.86099994e+00 1.88199997e+00 1.88199997e+00
    2.06599998e+00 2.98099995e+00 0. 0. 0. 0. 0. 0. 0. 0. 0. 0. 0. 0. 0.
    0. 0. 0. 0. 0. 0. 0. 0. 0. 1.81299996e+00 1.82299995e+00
    1.82599998e+00 1.82599998e+00 1.82900000e+00 1.83899999e+00
    1.81599998e+00 1.81299996e+00 1.81299996e+00 1.81299996e+00
    1.81299996e+00 1.81400001e+00 1.84800005e+00 1.88300002e+00
    1.89699996e+00 1.89699996e+00 2.08100009e+00 2.99799991e+00 0. 0. 0.
    0. 0. 0. 0. 0. 0. 0. 0. 0. 0. 0. 0. 0. 0. 0. 0. 0. 0. 0.
    1.82599998e+00 1.82599998e+00 1.83099997e+00 1.83899999e+00
    1.84899998e+00 1.86199999e+00 1.83899999e+00 1.83500004e+00
    1.83500004e+00 1.83200002e+00 1.82599998e+00 1.82799995e+00
    1.88199997e+00 1.91199994e+00 1.92100000e+00 1.92100000e+00
    2.10100007e+00 2.99799991e+00 0. 0. 0. 0. 0. 0. 0. 0. 0. 0. 0. 0. 0.
    0. 0. 0. 0. 0. 0. 0. 0. 0. 1.31500006e+00 1.70099998e+00
    1.84899998e+00 1.86800003e+00 1.88199997e+00 1.88100004e+00
    1.86099994e+00 1.85899997e+00 1.85899997e+00 1.85000002e+00
    1.83500004e+00 1.83700001e+00 1.89999998e+00 1.93099999e+00
    1.94299996e+00 1.94500005e+00 2.11999989e+00 2.98900008e+00 0. 0. 0.
    0. 0. 0. 0. 0. 0. 0. 0. 0. 0. 0. 0. 0. 0. 0. 0. 0. 0. 0. 0.
    1.08200002e+00 1.88199997e+00 1.88199997e+00 1.88199997e+00
    1.88199997e+00 1.88199997e+00 1.88199997e+00 1.88199997e+00
    1.88199997e+00 1.88199997e+00 1.88199997e+00 1.90699995e+00
    1.93099999e+00 1.95500004e+00 1.97000003e+00 2.13400006e+00
    2.94700003e+00 0. 0. 0. 0. 0. 0. 0. 0. 0. 0. 0. 0. 0. 0. 0. 0. 0. 0.
    0. 0. 0. 0. 1.35500002e+00 1.76400006e+00 1.90600002e+00
    1.90600002e+00 1.90600002e+00 1.90600002e+00 1.90600002e+00
    1.88900006e+00 1.88199997e+00 1.88199997e+00 1.88199997e+00
    1.88300002e+00 1.90699995e+00 1.94799995e+00 1.96700001e+00
    1.97000003e+00 1.99899995e+00 2.14299989e+00 0. 0. 0. 0. 0. 0. 0. 0.
    0. 0. 0. 0. 0. 0. 0. 0. 0. 0. 0. 0. 0. 0. 1.91100001e+00
    1.91100001e+00 1.91100001e+00 1.91100001e+00 1.91100001e+00
    1.91100001e+00 1.91100001e+00 1.90400004e+00 1.89100003e+00
    1.88199997e+00 1.88199997e+00 1.88300002e+00 1.90699995e+00
    1.95099998e+00 1.97000003e+00 1.97000003e+00 1.97000003e+00
    1.97000003e+00 0. 0. 0. 0. 0. 0. 0. 0. 0. 0. 0. 0. 0. 0. 0. 0. 0. 0.
    0. 0. 0. 0. 0. 1.53199995e+00 1.92499995e+00 1.93099999e+00
    1.93599999e+00 1.92499995e+00 1.92499995e+00 1.91499996e+00
    1.89499998e+00 1.88199997e+00 1.88199997e+00 1.88300002e+00
    1.90699995e+00 1.95099998e+00 1.97000003e+00 1.97000003e+00
    1.97000003e+00 1.97000003e+00 0. 0. 0. 0. 0. 0. 0. 0. 0. 0. 0. 0. 0.
    0. 0. 0. 0. 0. 0. 0. 0. 0. 0. 1.12800002e+00 1.94900000e+00
    1.96099997e+00 1.97200000e+00 1.94900000e+00 1.94900000e+00
    1.93499994e+00 1.90900004e+00 1.89100003e+00 1.89100003e+00
    1.89199996e+00 1.91600001e+00 1.96000004e+00 1.97899997e+00
    1.97899997e+00 1.97899997e+00 1.97899997e+00 0. 0. 0. 0. 0. 0. 0. 0.
    0. 0. 0. 0. 0. 0. 0. 0. 0. 0. 0. 0. 0. 0. 0. 1.14699996e+00
    1.97399998e+00 1.98399997e+00 1.99399996e+00 1.97399998e+00
    1.97399998e+00 1.97099996e+00 1.94000006e+00 1.91499996e+00
    1.91499996e+00 1.91600001e+00 1.94000006e+00 1.98199999e+00
    2.00200009e+00 2.00399995e+00 2.02999997e+00 2.15899992e+00 0. 0. 0.
    0. 0. 0. 0. 0. 0. 0. 0. 0. 0. 0. 0. 0. 0. 0. 0. 0. 0. 0. 0.
    1.16499996e+00 1.99899995e+00 1.99899995e+00 2. 1.99899995e+00
    1.99899995e+00 1.97800004e+00 1.95299995e+00 1.93900001e+00
    1.93900001e+00 1.94000006e+00 1.96500003e+00 1.99000001e+00
    2.01500010e+00 2.02999997e+00 2.21300006e+00 0. 0. 0. 0. 0. 0. 0. 0.
    0. 0. 0. 0. 0. 0. 0. 0. 0. 0. 0. 0. 0. 0. 0. 0. 1.18400002e+00
    2.02500010e+00 2.01500010e+00 2. 2. 2. 1.99600005e+00 1.97800004e+00
    1.96399999e+00 1.96399999e+00 1.96500003e+00 1.98899996e+00
    2.01500010e+00 2.03999996e+00 2.05599999e+00 2.24900007e+00 0. 0. 0.
    0. 0. 0. 0. 0. 0. 0. 0. 0. 0. 0. 0. 0. 0. 0. 0. 0. 0. 0. 0. 0.
    1.18900001e+00 2.03099990e+00 2.02600002e+00 2.01900005e+00
    2.01900005e+00 2.01900005e+00 2.00600004e+00 1.99399996e+00
    1.98899996e+00 1.98899996e+00 1.98899996e+00 2.01500010e+00
    2.03999996e+00 2.05599999e+00 2.06200004e+00 2.13499999e+00
    2.50000000e+00 0. 0. 0. 0. 0. 0. 0. 0. 0. 0. 0. 0. 0. 0. 0. 0. 0. 0.
    0. 0. 0. 0. 0. 1.17900002e+00 2.01699996e+00 2.02300000e+00
    2.03099990e+00 2.03099990e+00 2.03099990e+00 2.00900006e+00 2. 2. 2.
    2.00099993e+00 2.02600002e+00 2.05200005e+00 2.06200004e+00
    2.06200004e+00 2.06200004e+00 2.06200004e+00 0. 0. 0. 0. 0. 0. 0. 0.
    0. 0. 0. 0. 0. 0. 0. 0. 0. 0. 0. 0. 0. 0. 0. 1.16600001e+00 2.
    2.01200008e+00 2.03099990e+00 2.03099990e+00 2.03099990e+00
    2.00900006e+00 2. 2. 2. 2.00099993e+00 2.02600002e+00 2.05800009e+00
    2.07100010e+00 2.07100010e+00 2.07100010e+00 2.07100010e+00 0. 0. 0.
    0. 0. 0. 0. 0. 0. 0. 0. 0. 0. 0. 0. 0. 0. 0. 0. 0. 0. 0. 0.
    1.16799998e+00 2.00300002e+00 2.01799989e+00 2.04099989e+00
    2.04099989e+00 2.03500009e+00 2.01200008e+00 2.00300002e+00
    2.00200009e+00 2. 2.00099993e+00 2.02600002e+00 2.07500005e+00
    2.09500003e+00 2.09599996e+00 2.09800005e+00 2.09800005e+00 0. 0. 0.
    0. 0. 0. 0. 0. 0. 0. 0. 0. 0. 0. 0. 0. 0. 0. 0. 0. 0. 0. 0.
    1.18799996e+00 2.02900004e+00 2.06599998e+00 2.12100005e+00
    2.11700010e+00 2.06699991e+00 2.03800011e+00 2.02900004e+00
    2.01799989e+00 2. 2.00099993e+00 2.02600002e+00 2.07500005e+00
    2.09500003e+00 2.10500002e+00 2.12500000e+00 2.12500000e+00 0. 0. 0.
    0. 0. 0. 0. 0. 0. 0. 0. 0. 0. 0. 0. 0. 0. 0. 0. 0. 0. 0. 0.
    1.18900001e+00 2.03099990e+00 2.06900001e+00 2.12700009e+00
    2.12500000e+00 2.09200001e+00 2.04699993e+00 2.03099990e+00
    2.02800012e+00 2.02399993e+00 2.02399993e+00 2.02999997e+00
    2.05699992e+00 2.08299994e+00 2.10599995e+00 2.13100004e+00
