<?xml version="1.0"?>
<opencv_storage>
<Depth type_id="opencv-matrix">
  <rows>40</rows>
  <cols>40</cols>
  <dt>f</dt>
  <data>
    0. 0. 0. 0. 0. 0. 0. 0. 0. 0. 0. 0. 0. 0. 0. 0. 0. 0. 1.54400003e+00
    2.25399995e+00 2.25399995e+00 2.25399995e+00 2.25000000e+00
    2.24600005e+00 2.24600005e+00 2.25000000e+00 2.25999999e+00
    2.29600000e+00 2.32900000e+00 2.35599995e+00 0. 0. 0. 0. 0. 0. 0. 0.
    0. 0. 0. 0. 0. 0. 0. 0. 0. 0. 0. 0. 0. 0. 0. 0. 0. 0. 0.
    1.60599995e+00 2.10700011e+00 2.25399995e+00 2.25399995e+00
    2.25399995e+00 2.23399997e+00 2.21000004e+00 2.21000004e+00
    2.23000002e+00 2.25999999e+00 2.29600000e+00 2.31299996e+00
    2.31800008e+00 0. 0. 0. 0. 0. 0. 0. 0. 0. 0. 0. 0. 0. 0. 0. 0. 0. 0.
    0. 0. 0. 0. 0. 0. 0. 0. 0. 2.27800012e+00 2.25900006e+00
    2.25399995e+00 2.25399995e+00 2.25399995e+00 2.22900009e+00
    2.20000005e+00 2.20000005e+00 2.23600006e+00 2.27999997e+00
    2.28200006e+00 2.28200006e+00 2.28200006e+00 0. 0. 0. 0. 0. 0. 0. 0.
    0. 0. 0. 0. 0. 0. 0. 0. 0. 0. 0. 0. 0. 0. 0. 0. 0. 0. 0.
    2.25300002e+00 2.24799991e+00 2.24600005e+00 2.24600005e+00
    2.24600005e+00 2.22499990e+00 2.20000005e+00 2.20000005e+00
    2.24499989e+00 2.29500008e+00 2.26399994e+00 2.25399995e+00
    2.25399995e+00 0. 0. 0. 0. 0. 0. 0. 0. 0. 0. 0. 0. 0. 0. 0. 0. 0. 0.
    0. 0. 0. 0. 0. 0. 0. 0. 0. 2.24799991e+00 2.21900010e+00
    2.21099997e+00 2.21099997e+00 2.21099997e+00 2.20600009e+00
    2.20000005e+00 2.20000005e+00 2.22900009e+00 2.26300001e+00
    2.25600004e+00 2.25399995e+00 2.25399995e+00 0. 0. 0. 0. 0. 0. 0. 0.
    0. 0. 0. 0. 0. 0. 0. 0. 0. 0. 0. 0. 0. 0. 0. 0. 0. 0. 0.
    2.18400002e+00 2.19600010e+00 2.20000005e+00 2.20000005e+00
    2.20000005e+00 2.18899989e+00 2.17600012e+00 2.17600012e+00
    2.18899989e+00 2.20499992e+00 2.20499992e+00 2.20499992e+00
    2.20499992e+00 0. 0. 0. 0. 0. 0. 0. 0. 0. 0. 0. 0. 0. 0. 0. 0. 0. 0.
    0. 0. 0. 0. 0. 0. 0. 1.32299995e+00 2.09100008e+00 2.10500002e+00
    2.16799998e+00 2.19300008e+00 2.20000005e+00 2.20000005e+00
    2.17700005e+00 2.14899993e+00 2.14899993e+00 2.14899993e+00
    2.14899993e+00 2.14899993e+00 2.14899993e+00 2.14899993e+00 0. 0. 0.
    0. 0. 0. 0. 0. 0. 0. 0. 0. 0. 0. 0. 0. 0. 0. 0. 0. 0. 0. 0. 0. 0.
    1.29600000e+00 2.05800009e+00 2.06699991e+00 2.10700011e+00
    2.15700006e+00 2.20000005e+00 2.20000005e+00 2.17700005e+00
    2.14899993e+00 2.14899993e+00 2.14899993e+00 2.14899993e+00
    2.14899993e+00 2.14899993e+00 2.14899993e+00 0. 0. 0. 0. 0. 0. 0. 0.
    0. 0. 0. 0. 0. 0. 0. 0. 0. 0. 0. 0. 0. 0. 0. 0. 0. 1.28799999e+00
    2.04800010e+00 2.05500007e+00 2.08800006e+00 2.12400007e+00
    2.15599990e+00 2.17199993e+00 2.16400003e+00 2.14899993e+00
    2.14899993e+00 2.14899993e+00 2.14899993e+00 2.14899993e+00
    2.44400001e+00 2.81599998e+00 0. 0. 0. 0. 0. 0. 0. 0. 0. 0. 0. 0. 0.
    0. 0. 0. 0. 0. 0. 0. 0. 0. 0. 0. 0. 1.29299998e+00 2.05399990e+00
    2.05999994e+00 2.08899999e+00 2.09800005e+00 2.10400009e+00
    2.13400006e+00 2.14299989e+00 2.14299989e+00 2.14299989e+00
    2.14599991e+00 2.14899993e+00 2.14899993e+00 2.78500009e+00 0. 0. 0.
    0. 0. 0. 0. 0. 0. 0. 0. 0. 0. 0. 0. 0. 0. 0. 0. 0. 0. 0. 0. 0. 0. 0.
    1.32000005e+00 2.08699989e+00 2.08899999e+00 2.09599996e+00
    2.09800005e+00 2.09899998e+00 2.10700011e+00 2.10899997e+00
    2.10899997e+00 2.10899997e+00 2.12700009e+00 2.14899993e+00
    2.14899993e+00 2.75799990e+00 0. 0. 0. 0. 0. 0. 0. 0. 0. 0. 0. 0. 0.
    0. 0. 0. 0. 0. 0. 0. 0. 0. 0. 0. 0. 0. 1.67999995e+00 2.09800005e+00
    2.09800005e+00 2.09800005e+00 2.09800005e+00 2.09800005e+00
    2.09800005e+00 2.09800005e+00 2.09800005e+00 2.09800005e+00
    2.12100005e+00 2.14899993e+00 2.14899993e+00 2.74900007e+00 0. 0. 0.
    0. 0. 0. 0. 0. 0. 0. 0. 0. 0. 0. 0. 0. 0. 0. 0. 0. 0. 0. 0. 0. 0.
    2.14100003e+00 2.10700011e+00 2.09800005e+00 2.09800005e+00
    2.09800005e+00 2.09800005e+00 2.09800005e+00 2.09800005e+00
    2.09500003e+00 2.09200001e+00 2.09200001e+00 2.11500001e+00
    2.16100001e+00 2.26099992e+00 2.82599998e+00 0. 0. 0. 0. 0. 0. 0. 0.
    0. 0. 0. 0. 0. 0. 0. 0. 0. 0. 0. 0. 0. 0. 0. 0. 0. 2.14100003e+00
    2.10700011e+00 2.09800005e+00 2.09800005e+00 2.09800005e+00
    2.09800005e+00 2.09800005e+00 2.09800005e+00 2.07999992e+00
    2.05900002e+00 2.05900002e+00 2.08200002e+00 2.22700000e+00
    2.91000009e+00 0. 0. 0. 0. 0. 0. 0. 0. 0. 0. 0. 0. 0. 0. 0. 0. 0. 0.
    0. 0. 0. 0. 0. 0. 0. 0. 2.12199998e+00 2.10299993e+00 2.09800005e+00
    2.09800005e+00 2.09800005e+00 2.09800005e+00 2.09500003e+00
    2.07999992e+00 2.06299996e+00 2.04800010e+00 2.04800010e+00
    2.06100011e+00 2.23000002e+00 0. 0. 0. 0. 0. 0. 0. 0. 0. 0. 0. 0. 0.
    0. 0. 0. 0. 0. 0. 0. 0. 0. 0. 0. 0. 0. 0. 2.09800005e+00
    2.09800005e+00 2.09500003e+00 2.09299994e+00 2.09299994e+00
    2.09299994e+00 2.08699989e+00 2.05699992e+00 2.04800010e+00
    2.04800010e+00 2.04800010e+00 2.04800010e+00 2.20400000e+00 0. 0. 0.
    0. 0. 0. 0. 0. 0. 0. 0. 0. 0. 0. 0. 0. 0. 0. 0. 0. 0. 0. 0. 0. 0. 0.
    0. 2.09800005e+00 2.09800005e+00 2.07999992e+00 2.05999994e+00
    2.05999994e+00 2.05999994e+00 2.05800009e+00 2.04999995e+00
    2.04800010e+00 2.04800010e+00 2.04800010e+00 2.04800010e+00
    2.19799995e+00 0. 0. 0. 0. 0. 0. 0. 0. 0. 0. 0. 0. 0. 0. 0. 0. 0. 0.
    0. 0. 0. 0. 0. 0. 0. 0. 0. 2.07599998e+00 2.07599998e+00
    2.06299996e+00 2.04800010e+00 2.04800010e+00 2.03800011e+00
    2.02699995e+00 2.02699995e+00 2.02699995e+00 2.02699995e+00
    2.02699995e+00 2.03699994e+00 2.19499993e+00 0. 0. 0. 0. 0. 0. 0. 0.
    0. 0. 0. 0. 0. 0. 0. 0. 0. 0. 0. 0. 0. 0. 0. 0. 0. 0. 0.
    2.03299999e+00 2.04500008e+00 2.04800010e+00 2.04800010e+00
    2.04800010e+00 2.02500010e+00 2. 2. 2. 2. 2. 2.02200007e+00
    2.19499993e+00 0. 0. 0. 0. 0. 0. 0. 0. 0. 0. 0. 0. 0. 0. 0. 0. 0. 0.
    0. 0. 0. 0. 0. 0. 0. 0. 1.40400004e+00 1.92799997e+00 2.02200007e+00
    2.04800010e+00 2.04800010e+00 2.04800010e+00 2.02500010e+00 2. 2. 2.
    2. 2. 2.02200007e+00 2.19499993e+00 0. 0. 0. 0. 0. 0. 0. 0. 0. 0. 0.
    0. 0. 0. 0. 0. 0. 0. 0. 0. 0. 0. 0. 0. 0. 1.17100000e+00
    1.86199999e+00 1.88699996e+00 1.99699998e+00 2.03699994e+00
    2.04800010e+00 2.04800010e+00 2.03500009e+00 2.01999998e+00
    2.01999998e+00 2.01999998e+00 2.01999998e+00 2.01999998e+00
    2.05200005e+00 2.23300004e+00 0. 0. 0. 0. 0. 0. 0. 0. 0. 0. 0. 0. 0.
    0. 0. 0. 0. 0. 0. 0. 0. 0. 0. 0. 0. 1.17100000e+00 1.86199999e+00
    1.88300002e+00 1.97399998e+00 2.02099991e+00 2.04399991e+00
    2.04399991e+00 2.04399991e+00 2.04399991e+00 2.04399991e+00
    2.04399991e+00 2.04399991e+00 2.04399991e+00 2.09100008e+00
    2.28500009e+00 0. 0. 0. 0. 0. 0. 0. 0. 0. 0. 0. 0. 0. 0. 0. 0. 0. 0.
    0. 0. 0. 0. 0. 0. 0. 1.17100000e+00 1.86199999e+00 1.88300002e+00
    1.97399998e+00 2.00600004e+00 2.01200008e+00 2.01200008e+00
    2.01200008e+00 2.01200008e+00 2.01200008e+00 2.01200008e+00
    2.01200008e+00 2.01200008e+00 2.07399988e+00 2.28500009e+00 0. 0. 0.
    0. 0. 0. 0. 0. 0. 0. 0. 0. 0. 0. 0. 0. 0. 0. 0. 0. 0. 0. 0. 0. 0.
    1.18599999e+00 1.88100004e+00 1.89900005e+00 1.97800004e+00 2. 2. 2.
    2. 1.99699998e+00 1.98399997e+00 1.98000002e+00 1.98300004e+00
    1.99600005e+00 2.06699991e+00 2.28500009e+00 0. 0. 0. 0. 0. 0. 0. 0.
    0. 0. 0. 0. 0. 0. 0. 0. 0. 0. 0. 0. 0. 0. 0. 0. 0. 1.25999999e+00
    1.90699995e+00 1.92400002e+00 1.98000002e+00 1.99800003e+00
    1.99899995e+00 1.99699998e+00 1.99600005e+00 1.99000001e+00
    1.95899999e+00 1.94799995e+00 1.95099998e+00 1.98000002e+00
    2.05299997e+00 2.26699996e+00 0. 0. 0. 0. 0. 0. 0. 0. 0. 0. 0. 0. 0.
    0. 0. 0. 0. 0. 0. 0. 0. 0. 0. 0. 1.01999998e+00 1.69400001e+00
    1.90600002e+00 1.94500005e+00 1.96099997e+00 1.98199999e+00
    1.99500000e+00 1.97200000e+00 1.96500003e+00 1.95899999e+00
    1.92799997e+00 1.90300000e+00 1.88699996e+00 1.89499998e+00
    1.92999995e+00 2.11899996e+00 2.98300004e+00 0. 0. 0. 0. 0. 0. 0. 0.
    0. 0. 0. 0. 0. 0. 0. 0. 0. 0. 0. 0. 0. 0. 0. 1.86199999e+00
