<?xml version="1.0"?>
<opencv_storage>
<Depth type_id="opencv-matrix">
  <rows>40</rows>
  <cols>40</cols>
  <dt>f</dt>
  <data>
    0. 0. 0. 0. 0. 0. 0. 0. 0. 0. 0. 0. 0. 2.24699998e+00 2.22499990e+00
    2.17799997e+00 2.14700007e+00 2.14700007e+00 2.14100003e+00
    2.11599994e+00 2.09400010e+00 2.09400010e+00 2.09400010e+00
    2.09400010e+00 2.09400010e+00 2.09400010e+00 0. 0. 0. 0. 0. 0. 0. 0.
    0. 0. 0. 0. 0. 0. 0. 0. 0. 0. 0. 0. 0. 0. 0. 0. 0. 0. 0.
    2.29299998e+00 2.27099991e+00 2.22300005e+00 2.19199991e+00
    2.19199991e+00 2.18099999e+00 2.13400006e+00 2.09400010e+00
    2.09400010e+00 2.09400010e+00 2.09299994e+00 2.09200001e+00
    2.09200001e+00 0. 0. 0. 0. 0. 0. 0. 0. 0. 0. 0. 0. 0. 0. 0. 0. 0. 0.
    0. 0. 0. 0. 0. 0. 0. 0. 0. 2.29299998e+00 2.27099991e+00
    2.22300005e+00 2.19199991e+00 2.19199991e+00 2.18099999e+00
    2.13400006e+00 2.09400010e+00 2.09400010e+00 2.09299994e+00
    2.07100010e+00 2.04900002e+00 2.04800010e+00 0. 0. 0. 0. 0. 0. 0. 0.
    0. 0. 0. 0. 0. 0. 0. 0. 0. 0. 0. 0. 0. 0. 0. 0. 0. 0. 0.
    2.29299998e+00 2.27099991e+00 2.22300005e+00 2.19199991e+00
    2.19199991e+00 2.18099999e+00 2.13400006e+00 2.09400010e+00
    2.09400010e+00 2.09200001e+00 2.04900002e+00 2.00600004e+00
    2.00300002e+00 0. 0. 0. 0. 0. 0. 0. 0. 0. 0. 0. 0. 0. 0. 0. 0. 0. 0.
    0. 0. 0. 0. 0. 0. 0. 0. 0. 2.24799991e+00 2.23600006e+00
    2.20900011e+00 2.19199991e+00 2.19199991e+00 2.18099999e+00
    2.13400006e+00 2.09100008e+00 2.07100010e+00 2.05100012e+00
    2.00600004e+00 1.96200001e+00 1.95899999e+00 0. 0. 0. 0. 0. 0. 0. 0.
    0. 0. 0. 0. 0. 0. 0. 0. 0. 0. 0. 0. 0. 0. 0. 0. 0. 0. 0.
    2.20000005e+00 2.19799995e+00 2.19499993e+00 2.19199991e+00
    2.19199991e+00 2.18099999e+00 2.13400006e+00 2.08800006e+00
    2.04699993e+00 2.00600004e+00 1.96200001e+00 1.91799998e+00
    1.91499996e+00 0. 0. 0. 0. 0. 0. 0. 0. 0. 0. 0. 0. 0. 0. 0. 0. 0. 0.
    0. 0. 0. 0. 0. 0. 0. 0. 0. 2.19199991e+00 2.18400002e+00
    2.16499996e+00 2.15300012e+00 2.15300012e+00 2.14599991e+00
    2.11800003e+00 2.08800006e+00 2.04299998e+00 1.99800003e+00
    1.95500004e+00 1.91100001e+00 1.90799999e+00 0. 0. 0. 0. 0. 0. 0. 0.
    0. 0. 0. 0. 0. 0. 0. 0. 0. 0. 0. 0. 0. 0. 0. 0. 0. 0. 0.
    2.19199991e+00 2.17400002e+00 2.13299990e+00 2.10700011e+00
    2.10700011e+00 2.10500002e+00 2.09899998e+00 2.08800006e+00
    2.04299998e+00 1.99800003e+00 1.95500004e+00 1.91100001e+00
    1.90799999e+00 0. 0. 0. 0. 0. 0. 0. 0. 0. 0. 0. 0. 0. 0. 0. 0. 0. 0.
    0. 0. 0. 0. 0. 0. 0. 0. 0. 2.15799999e+00 2.14400005e+00
    2.11400008e+00 2.09400010e+00 2.09400010e+00 2.08999991e+00
    2.07500005e+00 2.05500007e+00 2.01099992e+00 1.96700001e+00
    1.92299998e+00 1.88000000e+00 1.87800002e+00 0. 0. 0. 0. 0. 0. 0. 0.
    0. 0. 0. 0. 0. 0. 0. 0. 0. 0. 0. 0. 0. 0. 0. 0. 0. 0. 0.
    2.11100006e+00 2.10800004e+00 2.09899998e+00 2.09400010e+00
    2.09400010e+00 2.08500004e+00 2.04800010e+00 2.01099992e+00
    1.96700001e+00 1.92299998e+00 1.88100004e+00 1.83800006e+00
    1.83599997e+00 0. 0. 0. 0. 0. 0. 0. 0. 0. 0. 0. 0. 0. 0. 0. 0. 0. 0.
    0. 0. 0. 0. 0. 0. 0. 0. 0. 2.09400010e+00 2.09400010e+00
    2.09400010e+00 2.09400010e+00 2.09400010e+00 2.08299994e+00
    2.03800011e+00 1.99399996e+00 1.95000005e+00 1.90600002e+00
    1.86500001e+00 1.82299995e+00 1.82000005e+00 0. 0. 0. 0. 0. 0. 0. 0.
    0. 0. 0. 0. 0. 0. 0. 0. 0. 0. 0. 0. 0. 0. 0. 0. 0. 0. 0.
    2.09400010e+00 2.09400010e+00 2.09400010e+00 2.09400010e+00
    2.09400010e+00 2.08299994e+00 2.03800011e+00 1.99399996e+00
    1.95000005e+00 1.90600002e+00 1.86500001e+00 1.82299995e+00
    1.82000005e+00 0. 0. 0. 0. 0. 0. 0. 0. 0. 0. 0. 0. 0. 0. 0. 0. 0. 0.
    0. 0. 0. 0. 0. 0. 0. 0. 0. 2.11800003e+00 2.11299992e+00
    2.10200000e+00 2.09400010e+00 2.09400010e+00 2.08299994e+00
    2.03800011e+00 1.99500000e+00 1.96300006e+00 1.92999995e+00
    1.89800000e+00 1.86699998e+00 1.86500001e+00 0. 0. 0. 0. 0. 0. 0. 0.
    0. 0. 0. 0. 0. 0. 0. 0. 0. 0. 0. 0. 0. 0. 0. 0. 0. 0. 0.
    2.16499996e+00 2.15000010e+00 2.11599994e+00 2.09400010e+00
    2.09400010e+00 2.08299994e+00 2.03800011e+00 1.99800003e+00
    1.98599994e+00 1.97399998e+00 1.96300006e+00 1.95099998e+00
    1.95000005e+00 0. 0. 0. 0. 0. 0. 0. 0. 0. 0. 0. 0. 0. 0. 0. 0. 0. 0.
    0. 0. 0. 0. 0. 0. 0. 0. 0. 2.21199989e+00 2.19099998e+00
    2.14400005e+00 2.11400008e+00 2.11400008e+00 2.09999990e+00
    2.04600000e+00 2. 2. 2. 2. 2. 2. 0. 0. 0. 0. 0. 0. 0. 0. 0. 0. 0. 0.
    0. 0. 0. 0. 0. 0. 0. 0. 0. 0. 0. 0. 0. 0. 0. 2.25999999e+00
    2.23900008e+00 2.19099998e+00 2.16000009e+00 2.16000009e+00
    2.14199996e+00 2.06599998e+00 2. 2. 2. 2. 2. 2. 0. 0. 0. 0. 0. 0. 0.
    0. 0. 0. 0. 0. 0. 0. 0. 0. 0. 0. 0. 0. 0. 0. 0. 0. 0. 0. 0.
    2.27800012e+00 2.25600004e+00 2.20900011e+00 2.17700005e+00
    2.17700005e+00 2.15700006e+00 2.07299995e+00 2. 2. 2. 2. 2. 2. 0. 0.
    0. 0. 0. 0. 0. 0. 0. 0. 0. 0. 0. 0. 0. 0. 0. 0. 0. 0. 0. 0. 0. 0. 0.
    0. 0. 2.23000002e+00 2.20900011e+00 2.16100001e+00 2.13100004e+00
    2.13100004e+00 2.11599994e+00 2.05299997e+00 2. 2. 2. 2. 2. 2. 0. 0.
    0. 0. 0. 0. 0. 0. 0. 0. 0. 0. 0. 0. 0. 0. 0. 0. 0. 0. 0. 0. 0. 0. 0.
    0. 0. 2.19199991e+00 2.17100000e+00 2.12400007e+00 2.09400010e+00
    2.09400010e+00 2.08299994e+00 2.03800011e+00 2. 2. 2. 2.00500011e+00
    2.00900006e+00 2.00999999e+00 0. 0. 0. 0. 0. 0. 0. 0. 0. 0. 0. 0. 0.
    0. 0. 0. 0. 0. 0. 0. 0. 0. 0. 0. 0. 0. 0. 2.19199991e+00
    2.17100000e+00 2.12400007e+00 2.09400010e+00 2.09400010e+00
    2.08299994e+00 2.03800011e+00 2. 2. 2.00099993e+00 2.02699995e+00
    2.05299997e+00 2.05399990e+00 0. 0. 0. 0. 0. 0. 0. 0. 0. 0. 0. 0. 0.
    0. 0. 0. 0. 0. 0. 0. 0. 0. 0. 0. 0. 0. 0. 2.19199991e+00
    2.17100000e+00 2.12400007e+00 2.09400010e+00 2.09400010e+00
    2.08400011e+00 2.04099989e+00 2.00500011e+00 2.00500011e+00
    2.00699997e+00 2.04900002e+00 2.09100008e+00 2.09400010e+00 0. 0. 0.
    0. 0. 0. 0. 0. 0. 0. 0. 0. 0. 0. 0. 0. 0. 0. 0. 0. 0. 0. 0. 0. 0. 0.
    0. 2.19199991e+00 2.17100000e+00 2.12400007e+00 2.09400010e+00
    2.09400010e+00 2.08899999e+00 2.06800008e+00 2.04999995e+00
    2.04999995e+00 2.04999995e+00 2.07200003e+00 2.09299994e+00
    2.09400010e+00 0. 0. 0. 0. 0. 0. 0. 0. 0. 0. 0. 0. 0. 0. 0. 0. 0. 0.
    0. 0. 0. 0. 0. 0. 0. 0. 0. 2.19099998e+00 2.17000008e+00
    2.12400007e+00 2.09400010e+00 2.09400010e+00 2.09400010e+00
    2.09400010e+00 2.09400010e+00 2.09400010e+00 2.09400010e+00
    2.09400010e+00 2.09400010e+00 2.09400010e+00 0. 0. 0. 0. 0. 0. 0. 0.
    0. 0. 0. 0. 0. 0. 0. 0. 0. 0. 0. 0. 0. 0. 0. 0. 0. 0. 0.
    2.09999990e+00 2.08899999e+00 2.06500006e+00 2.05599999e+00
    2.07800007e+00 2.09400010e+00 2.09400010e+00 2.09400010e+00
    2.09400010e+00 2.09400010e+00 2.09400010e+00 2.09400010e+00
    2.09400010e+00 0. 0. 0. 0. 0. 0. 0. 0. 0. 0. 0. 0. 0. 0. 0. 0. 0. 0.
    0. 0. 0. 0. 0. 0. 0. 0. 0. 2.00900006e+00 2.00799990e+00
    2.00600004e+00 2.01900005e+00 2.06200004e+00 2.09400010e+00
    2.09400010e+00 2.09400010e+00 2.09400010e+00 2.09400010e+00
    2.09400010e+00 2.09400010e+00 2.09400010e+00 0. 0. 0. 0. 0. 0. 0. 0.
    0. 0. 0. 0. 0. 0. 0. 0. 0. 0. 0. 0. 0. 0. 0. 0. 0. 0. 0. 2. 2. 2.
    2.01500010e+00 2.05999994e+00 2.09899998e+00 2.11899996e+00
    2.13599992e+00 2.13599992e+00 2.13599992e+00 2.13599992e+00
    2.13599992e+00 2.13599992e+00 0. 0. 0. 0. 0. 0. 0. 0. 0. 0. 0. 0. 0.
    0. 0. 0. 0. 0. 0. 0. 0. 0. 0. 0. 0. 0. 0. 2. 2. 2. 2.01500010e+00
    2.05999994e+00 2.10400009e+00 2.14599991e+00 2.18300009e+00
    2.18300009e+00 2.18300009e+00 2.18300009e+00 2.18300009e+00
    2.18300009e+00 0. 0. 0. 0. 0. 0. 0. 0. 0. 0. 0. 0. 0. 0. 0. 0. 0. 0.
    0. 0. 0. 0. 0. 0. 0. 0. 0. 2.03600001e+00 2.03600001e+00
    2.03600001e+00 2.04500008e+00 2.07299995e+00 2.10100007e+00
    2.13000011e+00 2.15499997e+00 2.15499997e+00 2.15499997e+00
    2.17300010e+00 2.19099998e+00 2.19199991e+00 0. 0. 0. 0. 0. 0. 0. 0.
    0. 0. 0. 0. 0. 0. 0. 0. 0. 0. 0. 0. 0. 0. 0. 0. 0. 0. 0.
