<?xml version="1.0"?>
<opencv_storage>
<Depth type_id="opencv-matrix">
  <rows>40</rows>
  <cols>40</cols>
  <dt>f</dt>
  <data>
    0. 0. 0. 0. 0. 0. 0. 0. 0. 0. 0. 0. 0. 0. 0. 0. 0. 0. 0. 0. 0. 0. 0.
    0. 0. 0. 0. 0. 0. 0. 0. 0. 0. 0. 0. 0. 0. 0. 0. 0. 0. 0. 0. 0. 0. 0.
    0. 0. 0. 0. 0. 0. 0. 0. 0. 0. 0. 0. 0. 0. 0. 0. 0. 0. 0. 0. 0. 0. 0.
    0. 0. 0. 0. 0. 0. 0. 0. 0. 0. 0. 0. 0. 0. 0. 0. 0. 0. 0. 0. 0. 0. 0.
    0. 0. 0. 0. 0. 0. 0. 0. 0. 0. 0. 0. 0. 0. 0. 0. 0. 0. 0. 0. 0. 0. 0.
    0. 0. 0. 0. 0. 0. 0. 0. 0. 0. 0. 0. 0. 0. 0. 0. 0. 0. 0. 0. 0. 0. 0.
    0. 0. 0. 0. 0. 0. 0. 0. 2.50799990e+00 1.76699996e+00 1.76699996e+00
    1.76699996e+00 1.76699996e+00 1.78699994e+00 1.82000005e+00
    1.73699999e+00 1.34200001e+00 0. 0. 0. 0. 0. 0. 0. 0. 0. 0. 0. 0. 0.
    0. 0. 0. 0. 0. 0. 0. 0. 0. 0. 0. 0. 0. 0. 2.98300004e+00
    2.70600009e+00 2.54999995e+00 2.54999995e+00 2.21600008e+00
    1.76699996e+00 1.76699996e+00 1.76699996e+00 1.76699996e+00
    1.77900004e+00 1.79999995e+00 1.72700000e+00 1.46200001e+00 0. 0. 0.
    0. 0. 0. 0. 0. 0. 0. 0. 0. 0. 0. 0. 0. 0. 0. 0. 0. 0. 0. 0. 0. 0.
    2.97700000e+00 2.96900010e+00 2.86700010e+00 2.16100001e+00
    1.76199996e+00 1.76199996e+00 1.76400006e+00 1.76699996e+00
    1.76699996e+00 1.76699996e+00 1.76699996e+00 1.76800001e+00
    1.76900005e+00 1.71099997e+00 1.64699996e+00 1.58500004e+00 0. 0. 0.
    0. 0. 0. 0. 0. 0. 0. 0. 0. 0. 0. 0. 0. 0. 0. 0. 0. 0. 0. 0. 0.
    2.97399998e+00 2.96600008e+00 2.85999990e+00 2.12599993e+00
    1.71300006e+00 1.71300006e+00 1.73599994e+00 1.76699996e+00
    1.76699996e+00 1.76699996e+00 1.76699996e+00 1.76699996e+00
    1.76699996e+00 1.74100006e+00 1.71800005e+00 1.71800005e+00
    1.35200000e+00 0. 0. 0. 0. 0. 0. 0. 0. 0. 0. 0. 0. 0. 0. 0. 0. 0. 0.
    0. 0. 0. 0. 0. 2.98499990e+00 2.90400004e+00 2.73499990e+00
    2.08599997e+00 1.72000003e+00 1.72000003e+00 1.74000001e+00
    1.76699996e+00 1.76699996e+00 1.76699996e+00 1.76699996e+00
    1.76699996e+00 1.76699996e+00 1.76699996e+00 1.76699996e+00
    1.76699996e+00 1.76699996e+00 1.76699996e+00 1.76699996e+00 0. 0. 0.
    0. 0. 0. 0. 0. 0. 0. 0. 0. 0. 0. 0. 0. 0. 0. 0. 0. 0. 0.
    2.63100004e+00 2.18799996e+00 1.90900004e+00 1.75199997e+00
    1.75199997e+00 1.75800002e+00 1.76699996e+00 1.76699996e+00
    1.76699996e+00 1.76699996e+00 1.76699996e+00 1.76699996e+00
    1.76699996e+00 1.76699996e+00 1.76699996e+00 1.76699996e+00
    1.76699996e+00 1.76699996e+00 0. 0. 0. 0. 0. 0. 0. 0. 0. 0. 0. 0. 0.
    0. 0. 0. 0. 0. 0. 0. 2.96499991e+00 2.74900007e+00 2.32900000e+00
    1.92799997e+00 1.84700000e+00 1.79700005e+00 1.78699994e+00
    1.78400004e+00 1.78400004e+00 1.77400005e+00 1.76699996e+00
    1.76699996e+00 1.76699996e+00 1.76699996e+00 1.77600002e+00
    1.78199995e+00 1.77199996e+00 1.76699996e+00 1.76699996e+00
    1.76699996e+00 0. 0. 0. 0. 0. 0. 0. 0. 0. 0. 0. 0. 0. 0. 0. 0. 0. 0.
    0. 0. 2.78699994e+00 2.15599990e+00 2.00200009e+00 1.93400002e+00
    1.89199996e+00 1.85500002e+00 1.82500005e+00 1.81700003e+00
    1.81599998e+00 1.78699994e+00 1.76699996e+00 1.76699996e+00
    1.76699996e+00 1.76699996e+00 1.79299998e+00 1.81099999e+00
    1.78199995e+00 1.76699996e+00 1.76699996e+00 1.76699996e+00 0. 0. 0.
    0. 0. 0. 0. 0. 0. 0. 0. 0. 0. 0. 0. 0. 0. 0. 0. 2.74499989e+00
    2.38599992e+00 1.99699998e+00 1.94000006e+00 1.93499994e+00
    1.89999998e+00 1.86600006e+00 1.83200002e+00 1.82299995e+00
    1.82200003e+00 1.78999996e+00 1.76699996e+00 1.76699996e+00
    1.76699996e+00 1.76699996e+00 1.78199995e+00 1.78999996e+00
    1.75800002e+00 1.74100006e+00 1.74100006e+00 1.74100006e+00 0. 0. 0.
    0. 0. 0. 0. 0. 0. 0. 0. 0. 0. 0. 0. 0. 0. 0. 2.91400003e+00
    2.27900004e+00 1.98000002e+00 1.94500005e+00 1.94000006e+00
    1.93499994e+00 1.90300000e+00 1.87000000e+00 1.83599997e+00
    1.82500005e+00 1.82200003e+00 1.79200006e+00 1.76999998e+00
    1.76800001e+00 1.76699996e+00 1.76699996e+00 1.76699996e+00
    1.76100004e+00 1.73000002e+00 1.71300006e+00 1.71300006e+00
    1.71300006e+00 0. 0. 0. 0. 0. 0. 0. 0. 0. 0. 0. 0. 0. 0. 0.
    2.92799997e+00 2.45900011e+00 2.44799995e+00 2.37800002e+00
    2.11500001e+00 1.98000002e+00 1.94500005e+00 1.94000006e+00
    1.93799996e+00 1.92600000e+00 1.90400004e+00 1.87000000e+00
    1.84500003e+00 1.82299995e+00 1.81099999e+00 1.79700005e+00
    1.77499998e+00 1.76699996e+00 1.76699996e+00 1.76699996e+00
    1.76100004e+00 1.73000002e+00 1.71300006e+00 1.71300006e+00
    1.71300006e+00 0. 0. 0. 0. 0. 0. 0. 0. 0. 0. 0. 0. 0. 0. 0.
    2.61700010e+00 2.07500005e+00 2.06299996e+00 2.05299997e+00
    2.01600003e+00 1.98000002e+00 1.94500005e+00 1.94000006e+00
    1.94000006e+00 1.94000006e+00 1.92200005e+00 1.87899995e+00
    1.84899998e+00 1.82299995e+00 1.82299995e+00 1.81299996e+00
    1.77999997e+00 1.76699996e+00 1.76699996e+00 1.77400005e+00
    1.77499998e+00 1.75100005e+00 1.45400000e+00 0. 0. 0. 0. 0. 0. 0. 0.
    0. 0. 0. 0. 0. 0. 0. 0. 2.50000000e+00 2.22399998e+00 2.06599998e+00
    2.06299996e+00 2.05299997e+00 2.01600003e+00 1.98000002e+00
    1.94500005e+00 1.94000006e+00 1.94000006e+00 1.94000006e+00
    1.91299999e+00 1.85099995e+00 1.82900000e+00 1.82299995e+00
    1.82299995e+00 1.81299996e+00 1.77999997e+00 1.76699996e+00
    1.76699996e+00 1.79100001e+00 1.81200004e+00 1.80599999e+00 0. 0. 0.
    0. 0. 0. 0. 0. 0. 0. 0. 0. 0. 0. 2.79800010e+00 2.79800010e+00
    2.63700008e+00 2.22900009e+00 2.07500005e+00 2.03800011e+00
    2.03800011e+00 2.03200006e+00 2.00999999e+00 1.98800004e+00
    1.96700001e+00 1.95200002e+00 1.94000006e+00 1.94000006e+00
    1.90999997e+00 1.84200001e+00 1.82299995e+00 1.82299995e+00
    1.82299995e+00 1.81299996e+00 1.77999997e+00 1.76699996e+00
    1.76699996e+00 0. 0. 0. 0. 0. 0. 0. 0. 0. 0. 0. 0. 0. 0. 0. 0.
    2.82999992e+00 2.14000010e+00 2.14000010e+00 2.12299991e+00
    2.07800007e+00 2.03800011e+00 2.00200009e+00 2.00099993e+00
    2.00099993e+00 2. 2. 1.99899995e+00 1.97000003e+00 1.94000006e+00
    1.94000006e+00 1.90999997e+00 1.84200001e+00 1.82299995e+00
    1.82299995e+00 1.82299995e+00 1.81299996e+00 1.77999997e+00
    1.76699996e+00 1.76699996e+00 0. 0. 0. 0. 0. 0. 0. 0. 0. 0. 0. 0. 0.
    0. 0. 0. 2.82399988e+00 2.12599993e+00 2.12599993e+00 2.11100006e+00
    2.07500005e+00 2.03800011e+00 2.00099993e+00 2. 2. 2. 2. 2.
    1.98699999e+00 1.97099996e+00 1.95099998e+00 1.91900003e+00
    1.87000000e+00 1.82799995e+00 1.79100001e+00 1.79100001e+00
    1.79799998e+00 1.82299995e+00 0. 0. 0. 0. 0. 0. 0. 0. 0. 0. 0. 0. 0.
    0. 0. 0. 0. 0. 2.73000002e+00 2.13599992e+00 2.13000011e+00
    2.11400008e+00 2.08299994e+00 2.05200005e+00 2.02099991e+00
    2.01999998e+00 2.01699996e+00 2.00500011e+00 2. 2. 2. 1.99500000e+00
    1.96000004e+00 1.92499995e+00 1.88999999e+00 1.83200002e+00
    1.76699996e+00 1.76699996e+00 1.65900004e+00 1.31299996e+00 0. 0. 0.
    0. 0. 0. 0. 0. 0. 0. 0. 0. 0. 0. 0. 0. 0. 2.66499996e+00
    2.38100004e+00 2.17199993e+00 2.14299989e+00 2.12199998e+00
    2.11299992e+00 2.10299993e+00 2.09400010e+00 2.09400010e+00
    2.07900000e+00 2.02399993e+00 2. 2. 2. 1.99500000e+00 1.96000004e+00
    1.92499995e+00 1.88999999e+00 1.83200002e+00 1.76699996e+00
    1.76699996e+00 1.18400002e+00 0. 0. 0. 0. 0. 0. 0. 0. 0. 0. 0. 0. 0.
    0. 0. 0. 0. 2.81800008e+00 2.34800005e+00 2.22799993e+00
    2.18899989e+00 2.16300011e+00 2.14800000e+00 2.14800000e+00
    2.13899994e+00 2.12599993e+00 2.12599993e+00 2.10599995e+00
    2.03200006e+00 2. 2. 2. 1.99699998e+00 1.97300005e+00 1.95000005e+00
    1.92600000e+00 1.24600005e+00 0. 0. 0. 0. 0. 0. 0. 0. 0. 0. 0. 0. 0.
    0. 0. 0. 0. 2.90100002e+00 2.36299992e+00 2.36299992e+00
    2.33200002e+00 2.27099991e+00 2.22799993e+00 2.19199991e+00
    2.18799996e+00 2.18600011e+00 2.18600011e+00 2.16199994e+00
    2.12700009e+00 2.12599993e+00 2.10599995e+00 2.03200006e+00 2. 2. 2.
    2. 1.99699998e+00 1.99399996e+00 1.99100006e+00 0. 0. 0. 0. 0. 0. 0.
    0. 0. 0. 0. 0. 0. 0. 0. 0. 0. 2.97000003e+00 2.56999993e+00
