<?xml version="1.0"?>
<opencv_storage>
<Depth type_id="opencv-matrix">
  <rows>40</rows>
  <cols>40</cols>
  <dt>f</dt>
  <data>
    0. 0. 0. 0. 0. 0. 0. 0. 0. 0. 0. 0. 0. 0. 0. 0. 0. 0. 0. 0. 0. 0. 0.
    0. 0. 0. 0. 0. 0. 0. 0. 0. 0. 0. 0. 0. 0. 0. 0. 0. 0. 0. 0. 0. 0. 0.
    0. 0. 0. 0. 0. 0. 0. 0. 0. 0. 0. 0. 0. 0. 0. 0. 0. 0. 0. 0. 0. 0. 0.
    0. 0. 0. 0. 0. 0. 0. 0. 0. 0. 0. 0. 0. 0. 0. 0. 0. 0. 0. 0. 0. 0. 0.
    0. 0. 0. 0. 0. 0. 0. 0. 0. 0. 0. 0. 0. 0. 0. 0. 0. 0. 0. 0. 0. 0. 0.
    0. 0. 0. 0. 0. 0. 0. 0. 0. 0. 0. 0. 0. 0. 0. 0. 0. 0. 0. 0. 0. 0. 0.
    0. 0. 0. 0. 0. 0. 0. 0. 0. 0. 0. 0. 0. 0. 0. 0. 0. 0. 0. 0. 0. 0. 0.
    0. 0. 0. 0. 0. 0. 0. 0. 0. 0. 0. 0. 0. 0. 0. 0. 0. 0. 0. 0. 0. 0. 0.
    0. 0. 0. 0. 0. 0. 0. 0. 0. 0. 0. 0. 0. 0. 0. 0. 0. 0. 0. 0. 0. 0. 0.
    0. 0. 0. 0. 0. 0. 0. 0. 0. 0. 0. 0. 0. 0. 0. 0. 0. 0. 0. 0. 0. 0. 0.
    0. 0. 0. 0. 0. 0. 0. 0. 0. 0. 0. 0. 0. 0. 0. 0. 0. 0. 0. 0. 0. 0. 0.
    0. 0. 0. 0. 0. 0. 0. 0. 0. 0. 0. 0. 0. 0. 0. 0. 0. 0. 0. 0. 0. 0. 0.
    0. 0. 0. 0. 0. 0. 0. 0. 0. 0. 0. 0. 0. 0. 0. 0. 0. 0. 0. 0. 0. 0. 0.
    0. 0. 0. 0. 0. 0. 0. 0. 0. 0. 0. 0. 0. 0. 0. 0. 0. 0. 0. 0. 0. 0. 0.
    0. 0. 0. 0. 0. 0. 0. 0. 0. 0. 0. 0. 0. 0. 0. 0. 0. 0. 0. 0. 0. 0. 0.
    0. 0. 0. 0. 0. 0. 0. 0. 0. 0. 0. 0. 0. 0. 0. 0. 0. 0. 0. 0. 0. 0. 0.
    0. 0. 0. 0. 0. 0. 0. 0. 0. 0. 0. 0. 0. 0. 0. 0. 0. 0. 0. 0. 0. 0. 0.
    0. 0. 0. 0. 0. 0. 0. 0. 0. 0. 0. 0. 0. 0. 0. 0. 0. 0. 0. 0. 0. 0. 0.
    0. 0. 0. 0. 0. 0. 0. 1.90900004e+00 1.86800003e+00 1.82700002e+00
    1.78799999e+00 1.75000000e+00 1.75000000e+00 1.75100005e+00
    1.78999996e+00 1.83000004e+00 1.87100005e+00 1.91199994e+00
    1.95400000e+00 1.99600005e+00 2. 2. 2. 2. 2. 0. 0. 0. 0. 0. 0. 0. 0.
    0. 0. 0. 0. 0. 0. 0. 0. 0. 0. 0. 0. 0. 0. 1.90900004e+00
    1.86800003e+00 1.82700002e+00 1.78799999e+00 1.75000000e+00
    1.75000000e+00 1.75100005e+00 1.78999996e+00 1.83000004e+00
    1.87100005e+00 1.91199994e+00 1.95400000e+00 1.99600005e+00
    1.99100006e+00 1.98099995e+00 1.98000002e+00 1.98000002e+00
    1.98000002e+00 0. 0. 0. 0. 0. 0. 0. 0. 0. 0. 0. 0. 0. 0. 0. 0. 0. 0.
    0. 0. 0. 1.46800005e+00 1.90900004e+00 1.86800003e+00 1.82700002e+00
    1.78799999e+00 1.75000000e+00 1.75000000e+00 1.75100005e+00
    1.78999996e+00 1.83000004e+00 1.87100005e+00 1.91199994e+00
    1.95400000e+00 1.99600005e+00 1.97200000e+00 1.94099998e+00
    1.93700004e+00 1.93700004e+00 1.93700004e+00 0. 0. 0. 0. 0. 0. 0. 0.
    0. 0. 0. 0. 0. 0. 0. 0. 2. 2. 1.99399996e+00 1.96099997e+00
    1.93299997e+00 1.93299997e+00 1.92799997e+00 1.88699996e+00
    1.84599996e+00 1.81500006e+00 1.78600001e+00 1.78600001e+00
    1.78600001e+00 1.81799996e+00 1.84899998e+00 1.88000000e+00
    1.91199994e+00 1.95400000e+00 1.99600005e+00 1.96200001e+00
    1.91900003e+00 1.91400003e+00 1.91400003e+00 1.91400003e+00 0. 0. 0.
    0. 0. 0. 0. 0. 0. 0. 0. 0. 0. 0. 1.01999998e+00 1.57400000e+00 2. 2.
    1.99800003e+00 1.98500001e+00 1.97500002e+00 1.97500002e+00
    1.97000003e+00 1.92799997e+00 1.88900006e+00 1.87699997e+00
    1.86699998e+00 1.86699998e+00 1.86699998e+00 1.87800002e+00
    1.88999999e+00 1.90199995e+00 1.91299999e+00 1.95400000e+00
    1.99600005e+00 1.96200001e+00 1.91900003e+00 1.91400003e+00
    1.91400003e+00 1.91400003e+00 0. 0. 0. 0. 0. 0. 0. 0. 0. 0. 0. 0. 2.
    2. 2. 2. 2. 2. 2. 2. 2. 2. 1.99500000e+00 1.95299995e+00
    1.91400003e+00 1.91400003e+00 1.91400003e+00 1.91400003e+00
    1.91400003e+00 1.91400003e+00 1.91400003e+00 1.92200005e+00
    1.93099999e+00 1.96300006e+00 1.99699998e+00 1.96899998e+00
    1.93599999e+00 1.93099999e+00 1.93099999e+00 1.93099999e+00 0. 0. 0.
    0. 0. 0. 0. 0. 0. 0. 1.00500000e+00 1.59099996e+00 2. 2. 2. 2. 2. 2.
    2. 2. 2. 2. 1.99500000e+00 1.95299995e+00 1.91400003e+00
    1.91400003e+00 1.91400003e+00 1.91400003e+00 1.91400003e+00
    1.91400003e+00 1.91400003e+00 1.94299996e+00 1.97200000e+00
    1.98599994e+00 1.99899995e+00 1.98800004e+00 1.97500002e+00
    1.97399998e+00 1.97399998e+00 1.97399998e+00 0. 0. 0. 0. 0.
    1.20200002e+00 2.16599989e+00 2.17499995e+00 2.15300012e+00
    2.08100009e+00 2.03299999e+00 2.03299999e+00 2.02800012e+00
    2.01200008e+00 2. 2. 2. 2. 2. 2. 2. 2. 1.99500000e+00 1.95299995e+00
    1.91400003e+00 1.91400003e+00 1.91400003e+00 1.91400003e+00
    1.91400003e+00 1.91400003e+00 1.91400003e+00 1.95500004e+00
    1.99800003e+00 2. 2. 2. 2. 2. 2. 2. 0. 0. 0. 0. 1.08599997e+00
    1.73500001e+00 2.13000011e+00 2.16100001e+00 2.16899991e+00
    2.14100003e+00 2.12199998e+00 2.12199998e+00 2.10299993e+00
    2.04399991e+00 2. 2. 2. 2. 2. 2. 2. 2. 1.99500000e+00 1.95299995e+00
    1.91400003e+00 1.91400003e+00 1.91400003e+00 1.91400003e+00
    1.91400003e+00 1.91400003e+00 1.91400003e+00 1.95500004e+00
    1.99800003e+00 2. 2. 2. 2. 2. 2. 2. 0. 2.08800006e+00 2.08800006e+00
    2.08800006e+00 2.09500003e+00 2.10999990e+00 2.13400006e+00
    2.17199993e+00 2.19300008e+00 2.18499994e+00 2.18000007e+00
    2.18000007e+00 2.15499997e+00 2.07399988e+00 2.01300001e+00
    2.00600004e+00 2. 2. 2. 2. 2. 2. 1.99600005e+00 1.96000004e+00
    1.92799997e+00 1.92799997e+00 1.92799997e+00 1.92799997e+00
    1.92799997e+00 1.92799997e+00 1.92799997e+00 1.96300006e+00
    1.99800003e+00 2. 2. 2. 2. 2.00600004e+00 2.01300001e+00
    2.01500010e+00 0. 2.08800006e+00 2.08800006e+00 2.08800006e+00
    2.11500001e+00 2.17499995e+00 2.21700001e+00 2.23200011e+00
    2.23000002e+00 2.20000005e+00 2.18000007e+00 2.18000007e+00
    2.16199994e+00 2.10200000e+00 2.04999995e+00 2.02200007e+00 2. 2. 2.
    2. 2. 2. 1.99800003e+00 1.98399997e+00 1.97099996e+00 1.97099996e+00
    1.97099996e+00 1.97099996e+00 1.97099996e+00 1.97099996e+00
    1.97099996e+00 1.98500001e+00 1.99899995e+00 2. 2. 2. 2.
    2.02500010e+00 2.05299997e+00 2.05800009e+00 0. 2.10200000e+00
    2.10500002e+00 2.11199999e+00 2.15000010e+00 2.22799993e+00
    2.27399993e+00 2.27399993e+00 2.25699997e+00 2.21099997e+00
    2.18000007e+00 2.18000007e+00 2.16400003e+00 2.11299992e+00
    2.06500006e+00 2.02800012e+00 2. 2. 2. 2. 2. 2. 2. 2. 2. 2. 2. 2. 2.
    2. 2. 2. 2. 2. 2. 2. 2. 2.03200006e+00 2.06900001e+00 2.07500005e+00
    0. 2.14700007e+00 2.16100001e+00 2.19099998e+00 2.22199988e+00
    2.25500011e+00 2.27399993e+00 2.27399993e+00 2.25699997e+00
    2.21099997e+00 2.18000007e+00 2.18000007e+00 2.15799999e+00
    2.08500004e+00 2.02800012e+00 2.01200008e+00 2. 2. 2. 2. 2. 2. 2. 2.
    2. 2. 2. 2. 2. 2. 2. 2. 2. 2. 2. 2. 2. 2.01399994e+00 2.02900004e+00
    2.03200006e+00 0. 2.18000007e+00 2.19899988e+00 2.23900008e+00
    2.26699996e+00 2.27999997e+00 2.28399992e+00 2.27800012e+00
    2.25900006e+00 2.21900010e+00 2.18799996e+00 2.17600012e+00
    2.14299989e+00 2.05999994e+00 2. 2. 2. 2. 2. 2. 2.00099993e+00
    2.00699997e+00 2.01200008e+00 2.01200008e+00 2.01099992e+00
    2.00500011e+00 2. 2. 2. 2. 2. 2.00600004e+00 2.01099992e+00
    2.00600004e+00 2.00099993e+00 2. 2. 2. 2. 2. 0. 2.18000007e+00
    2.18799996e+00 2.20600009e+00 2.24200010e+00 2.29999995e+00
    2.32299995e+00 2.29299998e+00 2.26699996e+00 2.25000000e+00
    2.21900010e+00 2.16199994e+00 2.10400009e+00 2.04399991e+00 2. 2. 2.
    2. 2. 2. 2.00399995e+00 2.03099990e+00 2.05500007e+00 2.05500007e+00
    2.05200005e+00 2.02500010e+00 2. 2. 2. 2. 2. 2.02600002e+00
    2.05299997e+00 2.02900004e+00 2.00200009e+00 2. 2. 2. 2. 2. 0.
    2.02699995e+00 2.02699995e+00 2.02699995e+00 2.10299993e+00
    2.27200007e+00 2.35200000e+00 2.30399990e+00 2.27399993e+00
    2.27399993e+00 2.24300003e+00 2.15199995e+00 2.07500005e+00
    2.03200006e+00 2. 2. 2. 2. 2. 2. 2.00600004e+00 2.04399991e+00
    2.07800007e+00 2.07800007e+00 2.07500005e+00 2.03600001e+00 2. 2. 2.
    2. 2. 2.04200006e+00 2.08599997e+00 2.05200005e+00 2.01300001e+00
    2.00600004e+00 2.00099993e+00 2. 2. 2. 0. 1.36600006e+00
    1.36600006e+00 1.36600006e+00 1.58700001e+00 2.08100009e+00
    2.35200000e+00 2.30399990e+00 2.27399993e+00 2.27399993e+00
