<?xml version="1.0"?>
<opencv_storage>
<Depth type_id="opencv-matrix">
  <rows>40</rows>
  <cols>40</cols>
  <dt>f</dt>
  <data>
    0. 0. 0. 0. 0. 0. 0. 0. 0. 0. 0. 0. 0. 0. 0. 0. 0. 0. 0. 0. 0. 0. 0.
    0. 0. 0. 0. 0. 0. 0. 0. 0. 0. 0. 0. 0. 0. 0. 0. 0. 0. 0. 0. 0. 0. 0.
    0. 0. 0. 0. 0. 0. 0. 0. 0. 0. 0. 0. 0. 0. 0. 0. 0. 0. 0. 0. 0. 0. 0.
    0. 0. 0. 0. 0. 0. 0. 0. 0. 0. 0. 0. 0. 0. 0. 0. 0. 0. 0. 0. 0. 0. 0.
    0. 0. 0. 0. 0. 0. 0. 0. 0. 0. 0. 0. 0. 0. 0. 0. 0. 0. 0. 0. 0. 0. 0.
    0. 0. 0. 0. 0. 0. 0. 0. 0. 0. 0. 0. 0. 0. 0. 0. 0. 0. 0. 0. 0. 0. 0.
    0. 0. 0. 0. 0. 0. 0. 0. 0. 0. 0. 0. 0. 0. 0. 0. 0. 0. 0. 0. 0. 0. 0.
    0. 0. 0. 0. 0. 0. 0. 0. 0. 0. 0. 0. 0. 0. 0. 0. 0. 0. 0. 0. 0. 0. 0.
    0. 0. 0. 0. 0. 0. 0. 0. 0. 0. 0. 0. 0. 0. 0. 0. 0. 0. 0. 0. 0. 0. 0.
    0. 0. 0. 0. 0. 0. 0. 0. 0. 0. 0. 0. 0. 0. 0. 0. 0. 0. 0. 0. 0. 0. 0.
    0. 0. 0. 0. 0. 0. 0. 0. 0. 0. 0. 0. 0. 0. 0. 0. 0. 0. 0. 0. 0. 0. 0.
    0. 0. 0. 0. 0. 0. 0. 0. 0. 0. 0. 0. 0. 0. 0. 0. 0. 0. 0. 0. 0. 0. 0.
    0. 0. 0. 0. 0. 0. 0. 0. 0. 0. 0. 0. 0. 0. 0. 0. 0. 0. 0. 0. 0. 0. 0.
    0. 0. 0. 0. 0. 0. 0. 0. 0. 0. 0. 0. 0. 0. 0. 0. 0. 0. 0. 0. 0. 0. 0.
    0. 0. 0. 0. 0. 0. 0. 0. 0. 0. 0. 0. 0. 0. 0. 0. 0. 0. 0. 0. 0. 0. 0.
    0. 0. 0. 0. 0. 0. 0. 0. 0. 0. 0. 0. 0. 0. 0. 0. 0. 0. 0. 0. 0. 0. 0.
    0. 0. 0. 0. 0. 0. 0. 0. 0. 0. 0. 0. 0. 0. 0. 0. 0. 0. 0. 0. 0. 0. 0.
    0. 0. 0. 0. 0. 0. 0. 0. 0. 0. 0. 0. 0. 0. 0. 0. 0. 0. 0. 0. 0. 0. 0.
    0. 0. 0. 0. 0. 0. 0. 0. 0. 0. 0. 0. 0. 0. 0. 0. 0. 0. 0. 0. 0. 0. 0.
    0. 0. 0. 0. 0. 0. 0. 0. 0. 0. 0. 0. 0. 0. 0. 0. 0. 0. 0. 0. 0. 0. 0.
    0. 0. 0. 0. 0. 0. 0. 0. 0. 0. 0. 0. 0. 0. 0. 0. 0. 0. 0. 0. 0. 0. 0.
    0. 0. 0. 0. 0. 0. 0. 0. 0. 0. 0. 0. 0. 0. 0. 2. 2. 0. 0. 0. 0. 0. 0.
    0. 0. 0. 0. 0. 0. 0. 0. 0. 0. 0. 0. 1.87100005e+00 1.87100005e+00 0.
    0. 0. 0. 0. 0. 0. 0. 0. 0. 0. 0. 0. 0. 0. 0. 0. 0. 2. 2.
    1.21300006e+00 0. 0. 0. 0. 0. 0. 0. 0. 0. 0. 0. 0. 0. 0. 0. 0.
    1.26600003e+00 1.87100005e+00 1.87100005e+00 0. 0. 0. 0.
    1.65100002e+00 1.61600006e+00 1.60599995e+00 1.60599995e+00
    1.60599995e+00 1.28600001e+00 0. 0. 0. 0. 0. 0. 1.60800004e+00
    1.82900000e+00 2. 2. 1.89999998e+00 1.67900002e+00 1.58200002e+00
    1.54799998e+00 1.54400003e+00 1.53299999e+00 1.43599999e+00
    1.36000001e+00 1.33000004e+00 1.31599998e+00 1.31599998e+00
    1.34000003e+00 1.37000000e+00 1.37000000e+00 1.37000000e+00
    1.37000000e+00 1.49100006e+00 1.77199996e+00 1.87100005e+00
    1.87100005e+00 0. 0. 0. 1.32400000e+00 2.09500003e+00 2.07399988e+00
    2.06800008e+00 2.06800008e+00 2.05200005e+00 1.84800005e+00 0. 0. 0.
    0. 0. 0. 2.03600001e+00 2.01600003e+00 2. 2. 2.00900006e+00
    2.02999997e+00 2.02300000e+00 2.00200009e+00 2. 1.98800004e+00
    1.88000000e+00 1.79700005e+00 1.76300001e+00 1.74800003e+00
    1.74800003e+00 1.77400005e+00 1.80799997e+00 1.80799997e+00
    1.80799997e+00 1.80799997e+00 1.82299995e+00 1.85899997e+00
    1.87100005e+00 1.87100005e+00 2.06800008e+00 2.06800008e+00
    2.06800008e+00 2.06800008e+00 2.06800008e+00 2.06800008e+00
    2.06800008e+00 2.06800008e+00 2.03299999e+00 2. 2. 2. 2. 2. 2. 2. 2.
    2. 2. 2. 2. 2. 2. 2. 2. 1.98800004e+00 1.88100004e+00 1.79900002e+00
    1.76499999e+00 1.75000000e+00 1.75000000e+00 1.77499998e+00
    1.80799997e+00 1.80799997e+00 1.80799997e+00 1.80900002e+00
    1.82500005e+00 1.85899997e+00 1.87100005e+00 1.87100005e+00
    2.06800008e+00 2.06800008e+00 2.06800008e+00 2.06800008e+00
    2.06800008e+00 2.06800008e+00 2.06800008e+00 2.06800008e+00
    2.03299999e+00 2. 2. 2. 2. 2. 2. 2. 2. 2. 2. 2. 2. 2. 2. 2. 2.
    1.99000001e+00 1.90300000e+00 1.83399999e+00 1.79900002e+00
    1.78299999e+00 1.78299999e+00 1.79400003e+00 1.80799997e+00
    1.80799997e+00 1.81200004e+00 1.83299994e+00 1.85099995e+00
    1.86600006e+00 1.87100005e+00 1.87100005e+00 2.06800008e+00
    2.06800008e+00 2.06800008e+00 2.06800008e+00 2.06800008e+00
    2.06800008e+00 2.06800008e+00 2.06800008e+00 2.03299999e+00 2. 2. 2.
    2. 2. 2. 2. 2. 2. 2. 2. 2. 2. 2. 2. 2. 1.99300003e+00 1.92600000e+00
    1.86899996e+00 1.83299994e+00 1.81799996e+00 1.81799996e+00
    1.81799996e+00 1.81799996e+00 1.81799996e+00 1.82500005e+00
    1.86000001e+00 1.88100004e+00 1.88100004e+00 1.88100004e+00
    1.88100004e+00 2.06800008e+00 2.06800008e+00 2.06800008e+00
    2.06800008e+00 2.06800008e+00 2.06800008e+00 2.06800008e+00
    2.06800008e+00 2.03299999e+00 2. 2. 2. 2. 2. 2. 2. 2. 2. 2. 2. 2. 2.
    2. 2. 2. 1.99500000e+00 1.94799995e+00 1.90400004e+00 1.86899996e+00
    1.85300004e+00 1.85300004e+00 1.85300004e+00 1.85300004e+00
    1.85300004e+00 1.86000001e+00 1.89600003e+00 1.91600001e+00
    1.91600001e+00 1.91600001e+00 1.91600001e+00 2.06800008e+00
    2.06800008e+00 2.06800008e+00 2.06800008e+00 2.06800008e+00
    2.06800008e+00 2.06800008e+00 2.06800008e+00 2.03299999e+00 2. 2.
    2.00399995e+00 2.01399994e+00 2.01300001e+00 2.00200009e+00 2. 2. 2.
    2. 2. 2. 2. 2. 2. 2. 1.99600005e+00 1.95899999e+00 1.92600000e+00
    1.89999998e+00 1.88800001e+00 1.88800001e+00 1.88800001e+00
    1.88800001e+00 1.88800001e+00 1.89600003e+00 1.93200004e+00
    1.95200002e+00 1.95200002e+00 1.95200002e+00 1.95200002e+00
    2.06800008e+00 2.06800008e+00 2.06800008e+00 2.06800008e+00
    2.06800008e+00 2.06800008e+00 2.06800008e+00 2.06800008e+00
    2.03299999e+00 2. 2. 2.01099992e+00 2.04299998e+00 2.03900003e+00
    2.00699997e+00 2. 2. 2. 2. 2. 2. 2. 2. 2. 2. 1.99600005e+00
    1.95899999e+00 1.93200004e+00 1.92600000e+00 1.92400002e+00
    1.92400002e+00 1.92400002e+00 1.92400002e+00 1.92400002e+00
    1.93099999e+00 1.96800005e+00 1.98899996e+00 1.98899996e+00
    1.98899996e+00 1.98899996e+00 2.06800008e+00 2.06800008e+00
    2.06800008e+00 2.06800008e+00 2.06800008e+00 2.06800008e+00
    2.06800008e+00 2.06800008e+00 2.03299999e+00 2. 2. 2.01300001e+00
    2.05200005e+00 2.04600000e+00 2.00799990e+00 2. 2. 2. 2. 2. 2. 2. 2.
    2. 2. 1.99600005e+00 1.95899999e+00 1.93400002e+00 1.93400002e+00
    1.35399997e+00 0. 0. 0. 1.13000000e+00 1.99199998e+00 2.01399994e+00
    2.02699995e+00 2.02699995e+00 1.32200003e+00 0. 2.06800008e+00
    2.06800008e+00 2.06800008e+00 2.06800008e+00 2.06800008e+00
    2.06800008e+00 2.06800008e+00 2.06800008e+00 2.03299999e+00 2. 2.
    2.01300001e+00 2.05200005e+00 2.04600000e+00 2.00799990e+00 2. 2. 2.
    2. 2. 2. 2. 2. 2. 2. 1.99600005e+00 1.95899999e+00 1.93400002e+00
    1.93400002e+00 0. 0. 0. 0. 0. 2.06299996e+00 2.06399989e+00
    2.06500006e+00 2.06500006e+00 0. 0. 2.06800008e+00 2.06800008e+00
    2.06800008e+00 2.06800008e+00 2.06800008e+00 2.06800008e+00
    2.06800008e+00 2.06800008e+00 2.05100012e+00 2.03600001e+00
    2.03600001e+00 2.05599999e+00 2.11599994e+00 2.13100004e+00
    2.11299992e+00 2.09200001e+00 2.07200003e+00 2.07200003e+00
    2.07200003e+00 2.07200003e+00 1.42299998e+00 0. 0. 1.87899995e+00
    2.03600001e+00 2.03399992e+00 2.01600003e+00 2.00399995e+00
    2.00399995e+00 0. 0. 0. 0. 0. 0. 0. 0. 0. 0. 0. 2.06800008e+00
    2.06800008e+00 2.06800008e+00 2.06800008e+00 2.06800008e+00
    2.06800008e+00 2.06800008e+00 2.06800008e+00 2.10599995e+00
    2.10800004e+00 1.83700001e+00 1.77699995e+00 2.11199999e+00
    2.10700011e+00 1.84500003e+00 1.75999999e+00 1.72300005e+00
    1.72300005e+00 1.72300005e+00 1.72300005e+00 0. 0. 0. 1.38499999e+00
    1.65999997e+00 1.65999997e+00 1.65999997e+00 1.65999997e+00
    1.65999997e+00 0. 0. 0. 0. 0. 0. 0. 0. 0. 0. 0. 2.06800008e+00
    2.06800008e+00 2.06800008e+00 2.06800008e+00 2.06800008e+00
    2.06800008e+00 2.06800008e+00 2.06800008e+00 2.36299992e+00
    2.37400007e+00 0. 0. 1.69599998e+00 1.42700005e+00 0. 0. 0. 0. 0. 0.
    0. 0. 0. 0. 0. 0. 0. 0. 0. 0. 0. 0. 0. 0. 0. 0. 0. 0. 0. 0.
    2.06800008e+00 2.06800008e+00 2.06800008e+00 2.06800008e+00
    2.06800008e+00 2.06800008e+00 2.06800008e+00 2.06800008e+00
    2.52399993e+00 2.54200006e+00 0. 0. 1.43299997e+00 0. 0. 0. 0. 0. 0.
    0. 0. 0. 0. 0. 0. 0. 0. 0. 0. 0. 0. 0. 0. 0. 0. 0. 0. 0. 0. 0. 0. 0.
