<?xml version="1.0"?>
<opencv_storage>
<Depth type_id="opencv-matrix">
  <rows>40</rows>
  <cols>40</cols>
  <dt>f</dt>
  <data>
    0. 0. 0. 0. 0. 0. 0. 0. 2.90100002e+00 2.86400008e+00 2.85100007e+00
    2.85100007e+00 2.87400007e+00 2.95199990e+00 2.95199990e+00
    2.95199990e+00 2.92400002e+00 2.55800009e+00 1.97000003e+00
    1.97000003e+00 1.97000003e+00 1.95000005e+00 1.94000006e+00
    1.25899994e+00 0. 0. 0. 0. 0. 1.85399997e+00 1.85399997e+00 0. 0. 0.
    0. 0. 0. 0. 0. 0. 0. 0. 0. 0. 0. 0. 0. 0. 2.90100002e+00
    2.89100003e+00 2.88800001e+00 2.88800001e+00 2.90300012e+00
    2.95199990e+00 2.95199990e+00 2.95199990e+00 2.92400002e+00
    2.57399988e+00 2.01099992e+00 1.99199998e+00 1.97300005e+00
    1.96500003e+00 1.96200001e+00 1.77900004e+00 1.42200005e+00
    1.42200005e+00 1.40400004e+00 1.39999998e+00 1.61800003e+00
    1.85399997e+00 1.85399997e+00 0. 0. 0. 0. 0. 0. 0. 0. 0. 0. 0. 0. 0.
    0. 0. 0. 0. 2.90100002e+00 2.90100002e+00 2.90100002e+00
    2.90100002e+00 2.91300011e+00 2.95199990e+00 2.95199990e+00
    2.95199990e+00 2.92400002e+00 2.57999992e+00 2.02500010e+00 2.
    1.98899996e+00 1.97500002e+00 1.96099997e+00 1.94900000e+00
    1.94000006e+00 1.94000006e+00 1.91600001e+00 1.91100001e+00
    1.89100003e+00 1.87000000e+00 1.87000000e+00 0. 0. 0. 0. 0. 0. 0. 0.
    0. 0. 0. 0. 0. 0. 0. 0. 0. 2.92100000e+00 2.90599990e+00
    2.90100002e+00 2.90100002e+00 2.91300011e+00 2.95199990e+00
    2.95199990e+00 2.95199990e+00 2.74399996e+00 2.36899996e+00
    2.02500010e+00 2. 2. 1.98000002e+00 1.95500004e+00 1.94000006e+00
    1.94000006e+00 1.94000006e+00 1.92600000e+00 1.91499996e+00
    1.90300000e+00 1.89400005e+00 1.89400005e+00 0. 0. 0. 0. 0. 0. 0. 0.
    0. 0. 0. 0. 0. 0. 0. 0. 0. 2.95199990e+00 2.92300010e+00
    2.91300011e+00 2.91300011e+00 2.92199993e+00 2.95300007e+00
    2.96199989e+00 2.95499992e+00 2.46700001e+00 2.04600000e+00
    2.02600002e+00 2.00699997e+00 2.00099993e+00 1.98000002e+00
    1.95799994e+00 1.94700003e+00 1.94599998e+00 1.94000006e+00
    1.94000006e+00 1.92100000e+00 1.91100001e+00 1.90900004e+00
    1.90400004e+00 0. 0. 0. 0. 0. 0. 0. 0. 0. 0. 0. 0. 0. 0. 0. 0. 0.
    2.95199990e+00 2.95199990e+00 2.95199990e+00 2.95199990e+00
    2.95300007e+00 2.95799994e+00 2.99699998e+00 2.96700001e+00
    2.45400000e+00 2.03099990e+00 2.03099990e+00 2.02900004e+00
    2.00399995e+00 1.98099995e+00 1.97099996e+00 1.97000003e+00
    1.96500003e+00 1.94000006e+00 1.94000006e+00 1.92100000e+00
    1.91100001e+00 1.90199995e+00 1.88199997e+00 0. 0. 0. 0. 0. 0. 0. 0.
    0. 0. 0. 0. 0. 0. 0. 0. 0. 2.95199990e+00 2.95199990e+00
    2.95199990e+00 2.95199990e+00 2.96199989e+00 2.99699998e+00 0.
    2.96700001e+00 2.45400000e+00 2.03099990e+00 2.02600002e+00
    2.00399995e+00 2.00099993e+00 1.99800003e+00 1.98300004e+00
    1.97000003e+00 1.96500003e+00 1.94000006e+00 1.94000006e+00
    1.92100000e+00 1.91100001e+00 1.90199995e+00 1.88199997e+00 0. 0. 0.
    0. 0. 0. 0. 0. 0. 0. 0. 0. 0. 0. 0. 0. 0. 2.95199990e+00
    2.95199990e+00 2.95199990e+00 2.95199990e+00 2.96399999e+00 0. 0.
    2.99300003e+00 2.47099996e+00 2.03099990e+00 2.02500010e+00 2. 2. 2.
    1.98500001e+00 1.97000003e+00 1.96500003e+00 1.94000006e+00
    1.92299998e+00 1.91400003e+00 1.90100002e+00 1.88800001e+00
    1.88199997e+00 0. 0. 0. 0. 0. 0. 0. 0. 0. 0. 0. 0. 0. 0. 0. 0. 0.
    2.95199990e+00 2.97199988e+00 2.98000002e+00 2.98000002e+00
    2.98499990e+00 0. 0. 2.61700010e+00 2.22000003e+00 2.01399994e+00
    2.01099992e+00 2. 2. 2. 1.99300003e+00 1.98599994e+00 1.97899997e+00
    1.94000006e+00 1.91600001e+00 1.91100001e+00 1.88999999e+00
    1.85800004e+00 1.83700001e+00 0. 0. 0. 0. 0. 0. 0. 0. 0. 0. 0. 0. 0.
    0. 0. 0. 0. 2.95199990e+00 2.97600007e+00 2.98399997e+00
    2.99200010e+00 0. 0. 0. 2.28900003e+00 2. 2. 2. 2. 2. 2. 2. 2.
    1.99199998e+00 1.95099998e+00 1.92700005e+00 1.92200005e+00
    1.88900006e+00 1.83700001e+00 1.79900002e+00 0. 0. 0. 0. 0. 0. 0. 0.
    0. 0. 0. 0. 0. 0. 0. 0. 0. 2.95199990e+00 2.95199990e+00
    2.95199990e+00 2.97199988e+00 0. 0. 2.99399996e+00 2.28600001e+00 2.
    2. 2. 2. 2. 2. 2. 2. 1.99500000e+00 1.97000003e+00 1.94500005e+00
    1.94000006e+00 1.90400004e+00 1.84800005e+00 1.80999994e+00 0. 0. 0.
    0. 0. 0. 0. 0. 0. 0. 0. 0. 0. 0. 0. 0. 0. 2.95199990e+00
    2.95199990e+00 2.95300007e+00 2.97300005e+00 0. 0. 2.95799994e+00
    2.27399993e+00 2. 2. 2.00099993e+00 2.00099993e+00 2.00099993e+00 2.
    2. 2. 1.99399996e+00 1.97000003e+00 1.94500005e+00 1.94000006e+00
    1.92600000e+00 1.89400005e+00 1.85500002e+00 0. 0. 0. 0. 0. 0. 0. 0.
    0. 0. 0. 0. 0. 0. 0. 0. 0. 2.95199990e+00 2.95199990e+00
    2.97700000e+00 2.99900007e+00 0. 0. 2.95799994e+00 2.27399993e+00 2.
    2.00999999e+00 2.02600002e+00 2.02600002e+00 2.02600002e+00
    2.00799990e+00 2. 1.99100006e+00 1.97399998e+00 1.97000003e+00
    1.94500005e+00 1.94000006e+00 1.92600000e+00 1.90799999e+00
    1.90300000e+00 0. 0. 0. 0. 0. 0. 0. 0. 0. 0. 0. 0. 0. 0. 0. 0. 0.
    2.95199990e+00 2.95199990e+00 2.98099995e+00 0. 0. 2.96499991e+00
    2.40300012e+00 2.10800004e+00 2.02099991e+00 2.02500010e+00
    2.03099990e+00 2.03099990e+00 2.03099990e+00 2.00999999e+00 2.
    1.99000001e+00 1.96700001e+00 1.95000005e+00 1.94200003e+00
    1.94000006e+00 1.93599999e+00 1.26300001e+00 0. 0. 0. 0. 0. 0. 0. 0.
    0. 0. 0. 0. 0. 0. 0. 0. 0. 0. 2.95199990e+00 2.97099996e+00
    2.99200010e+00 0. 0. 2.94899988e+00 2.14400005e+00 2.03099990e+00
    2.03099990e+00 2.03099990e+00 2.03099990e+00 2.03099990e+00
    2.03099990e+00 2.00999999e+00 2. 1.99000001e+00 1.96500003e+00
    1.94000006e+00 1.94000006e+00 1.94000006e+00 1.16199994e+00 0. 0. 0.
    0. 0. 0. 0. 0. 0. 0. 0. 0. 0. 0. 0. 0. 0. 0. 0. 2.96900010e+00
    2.99399996e+00 0. 0. 2.99900007e+00 2.93300009e+00 2.15100002e+00
    2.03399992e+00 2.03099990e+00 2.03099990e+00 2.02900004e+00
    2.02099991e+00 2.02099991e+00 2.00699997e+00 1.99500000e+00
    1.98000002e+00 1.95700002e+00 1.94000006e+00 1.94000006e+00
    1.23899996e+00 0. 0. 0. 0. 0. 0. 0. 0. 0. 0. 0. 0. 0. 0. 0. 0. 0. 0.
    0. 0. 0. 0. 0. 0. 2.99099994e+00 2.90199995e+00 2.16100001e+00
    2.03800011e+00 2.03099990e+00 2.03099990e+00 2.02500010e+00 2. 2. 2.
    1.98500001e+00 1.96000004e+00 1.93900001e+00 1.93499994e+00
    1.93499994e+00 0. 0. 0. 0. 0. 0. 0. 0. 0. 0. 0. 0. 0. 0. 0. 0. 0. 0.
    0. 0. 0. 0. 0. 0. 0. 2.99099994e+00 2.90100002e+00 2.13800001e+00
    2.03099990e+00 2.03099990e+00 2.03099990e+00 2.02500010e+00 2. 2. 2.
    1.98500001e+00 1.96000004e+00 1.93499994e+00 1.91100001e+00
    1.91100001e+00 0. 0. 0. 0. 0. 0. 0. 0. 0. 0. 0. 0. 0. 0. 0. 0. 0. 0.
    0. 0. 0. 0. 0. 0. 0. 2.85899997e+00 2.20900011e+00 2.05299997e+00
    2.03099990e+00 2.03099990e+00 2.03099990e+00 2.02500010e+00 2. 2. 2.
    1.98500001e+00 1.96800005e+00 1.95599997e+00 1.91100001e+00
    1.91100001e+00 0. 0. 0. 0. 0. 0. 0. 0. 0. 0. 0. 0. 0. 0. 0. 0. 0. 0.
    0. 0. 0. 0. 0. 0. 0. 2.83100009e+00 2.05999994e+00 2.03500009e+00
    2.03099990e+00 2.03099990e+00 2.03099990e+00 2.02500010e+00 2. 2. 2.
    1.98500001e+00 1.97000003e+00 1.96300006e+00 1.92999995e+00
    1.92999995e+00 0. 0. 0. 0. 0. 0. 0. 0. 0. 0. 0. 0. 0. 0. 0. 0. 0. 0.
    0. 0. 0. 0. 0. 0. 2.86599994e+00 2.46199989e+00 2.05999994e+00
    2.03500009e+00 2.03099990e+00 2.03099990e+00 2.03099990e+00
    2.02500010e+00 2. 2. 2. 1.99199998e+00 1.98000002e+00 1.96500003e+00
    1.94000006e+00 1.94000006e+00 0. 0. 0. 0. 0. 0. 0. 0. 0. 0. 0. 0. 0.
    0. 0. 0. 0. 0. 0. 0. 0. 0. 0. 0. 2.65599990e+00 2.05200005e+00
    2.05100012e+00 2.03299999e+00 2.03099990e+00 2.03099990e+00
    2.03099990e+00 2.02699995e+00 2.00999999e+00 2.00999999e+00
    2.00999999e+00 2.00500011e+00 1.99300003e+00 1.97599995e+00
    1.95899999e+00 1.95799994e+00 1.94599998e+00 1.94000006e+00 0. 0. 0.
    0. 0. 0. 0. 0. 0. 0. 0. 0. 0. 0. 0. 0. 0. 0. 0. 0. 0. 0.
    2.64299989e+00 2.03099990e+00 2.03099990e+00 2.03099990e+00
    2.03099990e+00 2.03099990e+00 2.03099990e+00 2.03099990e+00
