<?xml version="1.0"?>
<opencv_storage>
<Depth type_id="opencv-matrix">
  <rows>40</rows>
  <cols>40</cols>
  <dt>f</dt>
  <data>
    0. 0. 0. 0. 0. 0. 0. 0. 0. 0. 0. 0. 0. 0. 0. 0. 0. 0. 0. 0. 0. 0. 0.
    0. 0. 0. 0. 0. 0. 0. 0. 0. 0. 0. 0. 0. 0. 0. 0. 0. 0. 0. 0. 0. 0. 0.
    0. 0. 0. 0. 0. 0. 0. 0. 0. 0. 0. 0. 0. 0. 0. 0. 0. 0. 0. 0. 0. 0. 0.
    0. 0. 0. 0. 0. 0. 0. 0. 0. 0. 0. 0. 0. 0. 0. 0. 0. 0. 0. 0. 0. 0. 0.
    0. 0. 0. 0. 0. 0. 0. 0. 0. 0. 0. 0. 0. 0. 0. 0. 0. 0. 0. 0. 0. 0. 0.
    0. 0. 0. 0. 0. 0. 0. 0. 0. 0. 0. 0. 0. 0. 0. 0. 0. 0. 0. 0. 0. 0. 0.
    0. 0. 0. 0. 0. 0. 0. 0. 0. 0. 0. 0. 0. 0. 0. 0. 0. 0. 0. 0. 0. 0. 0.
    0. 0. 0. 0. 0. 0. 0. 0. 0. 0. 0. 0. 0. 0. 0. 0. 0. 0. 0. 0. 0. 0. 0.
    0. 0. 0. 0. 0. 0. 0. 0. 0. 0. 0. 0. 0. 0. 0. 0. 0. 0. 0. 0. 0. 0. 0.
    0. 0. 0. 0. 0. 0. 0. 0. 0. 0. 0. 0. 0. 0. 0. 0. 0. 0. 0. 0. 0. 0. 0.
    0. 0. 0. 0. 0. 0. 0. 0. 0. 0. 0. 0. 0. 0. 0. 0. 0. 0. 0. 0. 0. 0. 0.
    0. 0. 0. 0. 0. 0. 0. 0. 0. 0. 0. 0. 0. 0. 0. 0. 0. 0. 0. 0. 0. 0. 0.
    0. 0. 0. 0. 0. 0. 0. 0. 0. 0. 0. 0. 0. 0. 0. 0. 0. 0. 0. 0. 0. 0. 0.
    0. 0. 0. 0. 0. 0. 0. 0. 0. 0. 0. 0. 0. 0. 0. 0. 0. 0. 0. 0. 0. 0. 0.
    0. 0. 0. 0. 0. 0. 0. 0. 0. 0. 0. 0. 0. 0. 0. 0. 0. 0. 0. 0. 0. 0. 0.
    0. 0. 0. 0. 0. 0. 0. 0. 0. 0. 0. 0. 0. 0. 0. 0. 0. 0. 0. 0. 0. 0. 0.
    0. 0. 0. 0. 0. 0. 0. 0. 0. 0. 0. 0. 0. 0. 0. 0. 0. 0. 0. 0. 0. 0. 0.
    0. 0. 0. 0. 0. 0. 0. 0. 0. 0. 0. 0. 0. 0. 0. 0. 0. 0. 0. 0. 0. 0. 0.
    0. 0. 0. 0. 0. 0. 0. 0. 0. 0. 0. 0. 0. 0. 0. 0. 0. 0. 0. 0. 0. 0. 0.
    0. 0. 0. 0. 0. 0. 0. 0. 0. 0. 0. 0. 0. 0. 0. 0. 0. 0. 0. 0. 0. 0. 0.
    0. 0. 0. 0. 0. 0. 0. 0. 0. 0. 0. 0. 0. 0. 0. 0. 0. 0. 0. 0. 0. 0.
    2.64899993e+00 2. 1.96500003e+00 1.94200003e+00 1.94200003e+00
    1.94200003e+00 1.94200003e+00 1.94200003e+00 1.94200003e+00
    1.94200003e+00 1.96599996e+00 2. 2. 2. 2. 2. 2. 2. 2. 2. 2. 2. 2. 2.
    2. 2. 2. 2. 2. 2. 2. 1.99800003e+00 1.96300006e+00 1.94200003e+00
    1.94200003e+00 1.94200003e+00 0. 0. 0. 2.72300005e+00 2.43199992e+00
    2. 1.96500003e+00 1.94200003e+00 1.94200003e+00 1.95099998e+00
    1.96500003e+00 1.96500003e+00 1.96500003e+00 1.96500003e+00
    1.98000002e+00 2. 2. 2. 2. 2. 2. 2. 2. 2. 2. 2. 2. 2. 2. 2.
    1.99899995e+00 1.98500001e+00 1.97700000e+00 1.97700000e+00
    1.97700000e+00 1.97599995e+00 1.95500004e+00 1.94200003e+00
    1.94200003e+00 1.94200003e+00 0. 0. 0. 2.18199992e+00 2.10899997e+00
    2. 1.96500003e+00 1.94200003e+00 1.94200003e+00 1.96599996e+00 2. 2.
    2. 2. 2. 2. 2. 2. 2. 2. 2. 2. 2. 2. 2. 2. 2. 2. 2. 2. 1.99800003e+00
    1.96399999e+00 1.94200003e+00 1.94200003e+00 1.94200003e+00
    1.94200003e+00 1.94200003e+00 1.94200003e+00 1.94200003e+00
    1.94200003e+00 0. 0. 0. 2.14400005e+00 2.09999990e+00 2.03500009e+00
    2. 1.97700000e+00 1.97700000e+00 1.98599994e+00 2. 2. 2. 2. 2. 2. 2.
    2. 2. 2. 2. 2. 2. 2. 2. 2. 2. 2. 2. 2. 1.99800003e+00 1.96399999e+00
    1.94200003e+00 1.94200003e+00 1.94200003e+00 1.94200003e+00
    1.94200003e+00 1.94200003e+00 1.94200003e+00 1.94200003e+00 0. 0. 0.
    2.10700011e+00 2.08800006e+00 2.05900002e+00 2.02300000e+00 2. 2. 2.
    2. 2. 2. 2. 2. 2. 2. 2. 2. 2. 2. 2. 2. 2. 2. 2. 2. 2. 2. 2.
    1.99899995e+00 1.97099996e+00 1.95099998e+00 1.94400001e+00
    1.94200003e+00 1.94200003e+00 1.94900000e+00 1.95400000e+00
    1.95400000e+00 1.95400000e+00 0. 0. 0. 2.07100010e+00 2.06599998e+00
    2.05900002e+00 2.02300000e+00 2. 2. 2. 2. 2. 2. 2. 2. 2. 2. 2. 2. 2.
    2. 2. 2. 2. 2. 2. 2. 2. 2. 2. 2. 1.99300003e+00 1.97800004e+00
    1.95000005e+00 1.94200003e+00 1.94299996e+00 1.97099996e+00
    1.98899996e+00 1.98899996e+00 1.98899996e+00 0. 0. 0. 2.01099992e+00
    2.01099992e+00 2.01099992e+00 1.99000001e+00 1.97599995e+00
    1.97599995e+00 1.98599994e+00 2. 2. 2. 2. 2. 2. 2. 2. 2. 2. 2. 2. 2.
    2. 2. 2. 2. 2. 2. 2. 2. 2. 1.99199998e+00 1.97099996e+00
    1.96599996e+00 1.96700001e+00 1.98699999e+00 2. 2. 2. 0. 0. 0.
    1.94200003e+00 1.94200003e+00 1.94200003e+00 1.94200003e+00
    1.94200003e+00 1.94200003e+00 1.96500003e+00 2. 2. 2. 2. 2. 2. 2. 2.
    2. 2. 2. 2. 2. 2. 2. 2. 2. 2. 2. 2. 2. 2. 2. 2. 2. 2. 2.
    1.99899995e+00 1.99500000e+00 1.99399996e+00 0. 0. 0. 1.94200003e+00
    1.94200003e+00 1.94200003e+00 1.94200003e+00 1.94200003e+00
    1.94200003e+00 1.95099998e+00 1.96500003e+00 1.96500003e+00
    1.97200000e+00 1.99300003e+00 2. 2. 2. 2. 2. 2. 1.99899995e+00
    1.97800004e+00 1.96500003e+00 1.96500003e+00 1.96500003e+00
    1.96500003e+00 1.96500003e+00 1.97300005e+00 1.99399996e+00 2. 2. 2.
    2. 2. 2. 2. 2. 1.88600004e+00 1.59000003e+00 1.50800002e+00 0. 0. 0.
    1.95400000e+00 1.94900000e+00 1.94200003e+00 1.94200003e+00
    1.94200003e+00 1.94200003e+00 1.94200003e+00 1.94200003e+00
    1.94200003e+00 1.95400000e+00 1.98899996e+00 2. 2. 2. 2. 2. 2.
    1.99899995e+00 1.96399999e+00 1.94200003e+00 1.94200003e+00
    1.94200003e+00 1.94200003e+00 1.94200003e+00 1.95500004e+00
    1.99000001e+00 2. 2. 2. 2. 2. 2. 2. 2. 1.81200004e+00 1.32500005e+00
    1.19000006e+00 0. 0. 0. 1.98899996e+00 1.97000003e+00 1.94200003e+00
    1.94200003e+00 1.94200003e+00 1.94200003e+00 1.94200003e+00
    1.94200003e+00 1.94200003e+00 1.95400000e+00 1.98899996e+00 2. 2. 2.
    2. 2. 2. 1.99899995e+00 1.96399999e+00 1.94200003e+00 1.94200003e+00
    1.94200003e+00 1.94200003e+00 1.94200003e+00 1.95500004e+00
    1.99000001e+00 2. 2. 2. 2. 2. 2. 2. 2. 1.81200004e+00 1.32500005e+00
    1.19000006e+00 0. 0. 0. 0. 0. 0. 1.22399998e+00 1.94200003e+00
    1.94200003e+00 1.94200003e+00 1.94200003e+00 1.94200003e+00
    1.95400000e+00 1.98899996e+00 2. 2. 2. 2. 2. 2. 1.99899995e+00
    1.96399999e+00 1.94200003e+00 1.94200003e+00 1.94200003e+00
    1.94200003e+00 1.94200003e+00 1.95000005e+00 1.97000003e+00
    1.98599994e+00 2. 2. 2. 2. 2. 2.00099993e+00 2.01500010e+00
    1.91900003e+00 1.64699996e+00 1.57200003e+00 0. 0. 0. 0. 0. 0. 0.
    1.90100002e+00 1.93200004e+00 1.94200003e+00 1.94200003e+00
    1.94200003e+00 1.95400000e+00 1.98899996e+00 2. 2. 2. 2. 2. 2.
    1.99899995e+00 1.96399999e+00 1.94200003e+00 1.94200003e+00
    1.94200003e+00 1.94200003e+00 1.94200003e+00 1.94200003e+00
    1.94200003e+00 1.96700001e+00 2. 2. 2.00099993e+00 2.00099993e+00
    2.00099993e+00 2.00099993e+00 2.00399995e+00 2.01999998e+00
    2.05500007e+00 2.06500006e+00 0. 0. 0. 0. 0. 0. 0. 0. 1.41600001e+00
    1.94200003e+00 1.94200003e+00 1.94200003e+00 1.95400000e+00
    1.98899996e+00 2. 2. 2. 2. 2. 2. 1.99899995e+00 1.96399999e+00
    1.94200003e+00 1.94200003e+00 1.94200003e+00 1.94200003e+00
    1.94200003e+00 1.94200003e+00 1.94200003e+00 1.96700001e+00
    2.00099993e+00 2.02300000e+00 2.03600001e+00 2.03600001e+00
    2.03600001e+00 1.95200002e+00 0. 0. 0. 0. 0. 0. 0. 0. 0. 0. 0. 0.
    1.08399999e+00 1.94200003e+00 1.94200003e+00 1.94200003e+00
    1.95400000e+00 1.98899996e+00 2. 2. 2. 2. 2. 2. 1.99899995e+00
    1.96399999e+00 1.94200003e+00 1.94200003e+00 1.94200003e+00
    1.94200003e+00 1.94200003e+00 1.94200003e+00 1.94200003e+00
    1.96700001e+00 2.00200009e+00 2.03699994e+00 2.05900002e+00
    2.05900002e+00 2.05900002e+00 1.92100000e+00 0. 0. 0. 0. 0. 0. 0. 0.
    0. 0. 0. 0. 0. 0. 0. 0. 0. 0. 0. 0. 0. 0. 0. 0. 0. 0. 0. 0. 0. 0. 0.
    0. 0. 0. 0. 0. 0. 0. 0. 0. 0. 0. 0. 0. 0. 0. 0. 0. 0. 0. 0. 0. 0. 0.
    0. 0. 0. 0. 0. 0. 0. 0. 0. 0. 0. 0. 0. 0. 0. 0. 0. 0. 0. 0. 0. 0. 0.
    0. 0. 0. 0. 0. 0. 0. 0. 0. 0. 0. 0. 0. 0. 0. 0. 0. 0. 0. 0. 0. 0. 0.
    0. 0. 0. 0. 0. 0. 0. 0. 0. 0. 0. 0. 0. 0. 0. 0. 0. 0. 0. 0. 0. 0. 0.
    0. 0. 0. 0. 0. 0. 0. 0. 0. 0. 0. 0. 0. 0. 0. 0. 0. 0. 0. 0. 0. 0. 0.
    0. 0. 0. 0. 0. 0. 0. 0. 0. 0. 0. 0. 0. 0. 0. 0. 0. 0. 0. 0. 0. 0. 0.
    0. 0. 0. 0. 0. 0. 0. 0. 0. 0. 0. 0. 0. 0. 0. 0. 0. 0. 0. 0. 0. 0. 0.
    0. 0. 0. 0. 0. 0. 0. 0. 0. 0. 0. 0. 0. 0. 0. 0. 0. 0. 0. 0. 0. 0. 0.
    0. 0. 0. 0. 0. 0. 0. 0. 0. 0. 0. 0. 0. 0. 0. 0. 0. 0. 0. 0. 0. 0. 0.
    0. 0. 0. 0. 0. 0. 0. 0. 0. 0. 0. 0. 0. 0. 0. 0. 0. 0. 0. 0. 0. 0. 0.
    0. 0. 0. 0. 0. 0. 0. 0. 0. 0. 0. 0. 0. 0. 0. 0. 0. 0. 0. 0. 0. 0. 0.
