<?xml version="1.0"?>
<opencv_storage>
<Depth type_id="opencv-matrix">
  <rows>40</rows>
  <cols>40</cols>
  <dt>f</dt>
  <data>
    0. 0. 0. 0. 0. 0. 0. 0. 0. 0. 0. 0. 1.97200000e+00 1.97500002e+00
    1.99899995e+00 2. 2.01999998e+00 0. 0. 0. 0. 0. 0. 0. 0. 0. 0. 0. 0.
    0. 0. 0. 0. 0. 0. 0. 0. 0. 0. 0. 0. 0. 0. 0. 0. 0. 0. 0. 0. 0. 0.
    2.23000002e+00 1.97200000e+00 1.97500002e+00 1.99899995e+00 2.
    2.00399995e+00 2.23699999e+00 0. 0. 0. 0. 0. 0. 0. 0. 0. 0. 0. 0. 0.
    0. 0. 0. 0. 0. 0. 0. 0. 0. 0. 0. 0. 0. 0. 0. 0. 0. 0. 0.
    2.30699992e+00 1.99600005e+00 1.99000001e+00 1.99100006e+00 2. 2. 2.
    2.00600004e+00 2.26999998e+00 2.97099996e+00 0. 0. 0. 0. 0. 0. 0. 0.
    0. 0. 0. 0. 0. 0. 0. 0. 0. 0. 0. 0. 0. 0. 0. 0. 0. 0. 0.
    2.99300003e+00 2.90400004e+00 2.31800008e+00 2.01399994e+00 2. 2. 2.
    2. 2. 2. 2. 2. 2.23699999e+00 2.90100002e+00 2.90100002e+00 0. 0. 0.
    0. 0. 0. 0. 0. 0. 0. 0. 0. 0. 0. 0. 0. 0. 0. 0. 0. 0. 0. 0. 0. 0.
    2.14299989e+00 2.03299999e+00 2.02900004e+00 2.01399994e+00 2. 2. 2.
    2. 2. 2. 2. 2. 1.99300003e+00 1.97200000e+00 1.97200000e+00 0. 0. 0.
    0. 0. 0. 0. 0. 0. 0. 0. 0. 0. 0. 0. 0. 0. 0. 0. 0. 0. 0. 0. 0. 0.
    2.11999989e+00 2.02200007e+00 2.02200007e+00 2.01099992e+00 2. 2. 2.
    2. 2. 2. 2. 2. 1.99300003e+00 1.97200000e+00 1.97200000e+00
    1.97200000e+00 0. 0. 0. 0. 0. 0. 0. 0. 0. 0. 0. 0. 0. 0. 0. 0. 0. 0.
    0. 0. 0. 0. 0. 0. 2.08999991e+00 2. 2. 2. 2. 2. 2. 2. 2. 2. 2. 2.
    1.99300003e+00 1.97200000e+00 1.97200000e+00 1.97200000e+00 0. 0. 0.
    0. 0. 0. 0. 0. 0. 0. 0. 0. 0. 0. 0. 0. 0. 0. 0. 0. 0. 0.
    2.12599993e+00 2.11500001e+00 2.00699997e+00 2. 2. 2. 2. 2. 2. 2. 2.
    2. 2. 2. 1.99300003e+00 1.97200000e+00 1.97200000e+00 1.97200000e+00
    2.04500008e+00 0. 0. 0. 0. 0. 0. 0. 0. 0. 0. 0. 0. 0. 0. 0. 0. 0. 0.
    0. 0. 2.25300002e+00 2.02399993e+00 2.00500011e+00 2. 2. 2. 2. 2. 2.
    2. 2. 2. 2. 2. 2. 1.99899995e+00 1.99199998e+00 1.97200000e+00
    1.97200000e+00 1.97200000e+00 2.17700005e+00 2.95400000e+00 0. 0. 0.
    0. 0. 0. 0. 0. 0. 0. 0. 0. 0. 0. 0. 0. 0. 2.89499998e+00
    2.02900004e+00 2.02200007e+00 2. 2. 2. 2.01300001e+00 2.00900006e+00
    2. 2. 2. 2. 2. 2. 2. 2. 2. 1.99899995e+00 1.99100006e+00
    1.99100006e+00 1.97800004e+00 1.97200000e+00 2.73600006e+00 0. 0. 0.
    0. 0. 0. 0. 0. 0. 0. 0. 0. 0. 0. 0. 0. 2.86400008e+00 2.43899989e+00
    2.02900004e+00 2.02600002e+00 2.01500010e+00 2.01500010e+00
    2.01500010e+00 2.02399993e+00 2.01399994e+00 2. 2. 2. 2. 2. 2. 2. 2.
    2. 2. 2. 2. 1.98000002e+00 1.97200000e+00 2.33400011e+00 0. 0. 0. 0.
    0. 0. 0. 0. 0. 0. 0. 0. 0. 0. 0. 2.40000010e+00 2.02200007e+00
    2.01799989e+00 2.01799989e+00 2.01799989e+00 2.01799989e+00
    2.01799989e+00 2.01799989e+00 2.01799989e+00 2.00799990e+00 2. 2. 2.
    2. 2. 2. 2. 2. 2. 2. 2. 2. 1.98800004e+00 1.97700000e+00
    1.97200000e+00 2.28800011e+00 0. 0. 0. 0. 0. 0. 0. 0. 0. 0. 0. 0. 0.
    0. 2.30200005e+00 2.00799990e+00 2. 2. 2. 2. 2. 2. 2. 2. 2. 2. 2. 2.
    2. 2. 2. 2. 2. 2. 2. 2. 2. 1.98800004e+00 1.97899997e+00
    1.98500001e+00 2.18799996e+00 0. 0. 0. 0. 0. 0. 0. 0. 0. 0. 0. 0. 2.
    2. 2. 2. 2. 2. 2. 2. 2. 2. 2. 2. 2. 2. 2. 2. 2. 2. 2. 2. 2. 2. 2. 2.
    2. 2. 2. 1.99899995e+00 1.99399996e+00 0. 0. 0. 0. 0. 0. 0. 0. 0. 0.
    0. 2. 2. 2. 2. 2. 2. 2. 2. 2. 2. 2. 2. 2. 2. 2. 2. 2. 2. 2. 2. 2. 2.
    2. 2. 2. 2. 2. 1.99199998e+00 1.94599998e+00 2.00099993e+00 0. 0. 0.
    0. 0. 0. 0. 0. 0. 0. 2. 2. 2. 2. 2. 2. 2. 2. 2. 2. 2. 2. 2. 2. 2. 2.
    2. 2. 2. 2. 2. 2. 2. 2. 2. 1.99000001e+00 1.97700000e+00
    1.97200000e+00 1.94400001e+00 1.94400001e+00 2.20300007e+00 0. 0. 0.
    0. 0. 0. 0. 0. 0. 2. 2. 2. 2. 2. 2. 2. 2. 2. 2. 2. 2. 2. 2. 2. 2. 2.
    2. 2. 2. 2. 2. 2. 2. 2. 1.98800004e+00 1.97200000e+00 1.97099996e+00
    1.96300006e+00 1.96300006e+00 1.95599997e+00 2.29900002e+00 0. 0. 0.
    0. 0. 0. 0. 0. 2. 2. 2. 2. 2. 2. 2. 2. 2. 2. 2. 2. 2. 2. 2.
    1.98699999e+00 1.98500001e+00 1.98500001e+00 1.99100006e+00 2. 2. 2.
    2. 2. 2. 1.99500000e+00 1.98300004e+00 1.97200000e+00 1.97200000e+00
    1.97200000e+00 1.95200002e+00 1.94400001e+00 2.33400011e+00 0. 0. 0.
    0. 0. 0. 0. 2. 2. 2. 2. 2. 2. 2. 2. 2. 2. 2. 2. 2. 2. 2.
    1.97700000e+00 1.97200000e+00 1.97200000e+00 1.98300004e+00 2. 2. 2.
    2. 2. 2. 2. 1.99199998e+00 1.97200000e+00 1.97200000e+00
    1.97200000e+00 1.95200002e+00 1.94400001e+00 1.95099998e+00
    2.29600000e+00 0. 0. 0. 0. 0. 0. 2.00799990e+00 2.00200009e+00 2.
    2.00399995e+00 2.00500011e+00 2. 2. 2. 2. 2. 2. 2. 2. 2. 2.
    1.97700000e+00 1.97200000e+00 1.97200000e+00 1.98000002e+00
    1.99500000e+00 2. 2. 2. 2. 2. 2. 1.99199998e+00 1.97200000e+00
    1.97200000e+00 1.97800004e+00 1.95899999e+00 1.95099998e+00
    1.94799995e+00 1.94400001e+00 2.16599989e+00 0. 0. 0. 0. 0.
    2.24399996e+00 2.05399990e+00 2.00399995e+00 2.01600003e+00
    2.01999998e+00 2.00300002e+00 2. 2. 2. 2. 2. 2. 2. 2. 2.
    1.97700000e+00 1.97200000e+00 1.97200000e+00 1.97200000e+00
    1.97899997e+00 2. 2. 2. 2. 1.99800003e+00 1.99699998e+00
    1.99100006e+00 1.97500002e+00 1.97500002e+00 1.99699998e+00
    1.98000002e+00 1.97200000e+00 1.96000004e+00 1.94400001e+00
    1.94400001e+00 1.94400001e+00 1.96599996e+00 0. 0. 0. 0.
    2.39299989e+00 2.02800012e+00 2.02900004e+00 2.02900004e+00
    2.02200007e+00 2. 2. 2. 2. 2. 2. 2. 2. 2. 1.97700000e+00
    1.97200000e+00 1.97200000e+00 1.97200000e+00 1.97899997e+00 2. 2. 2.
    2. 1.98500001e+00 1.97300005e+00 1.98000002e+00 1.99899995e+00
    1.99899995e+00 2. 1.98000002e+00 1.97200000e+00 1.96000004e+00
    1.94400001e+00 1.94400001e+00 1.94400001e+00 1.94400001e+00
    1.99000001e+00 0. 0. 0. 2.41899991e+00 2.03800011e+00 2.02900004e+00
    2.02900004e+00 2.02800012e+00 2.02200007e+00 2.00099993e+00 2. 2. 2.
    2. 2. 2. 2. 1.97700000e+00 1.97200000e+00 1.97200000e+00
    1.97200000e+00 1.97899997e+00 2. 2. 2. 2. 1.98399997e+00
    1.97200000e+00 1.97300005e+00 1.97599995e+00 1.97599995e+00
    1.99699998e+00 1.98000002e+00 1.97200000e+00 1.96000004e+00
    1.94400001e+00 1.94400001e+00 1.94400001e+00 1.94400001e+00
    1.96500003e+00 2.15100002e+00 2.27200007e+00 0. 0. 2.47900009e+00
    2.03900003e+00 2.02900004e+00 2.02900004e+00 2.02600002e+00
    2.00200009e+00 2. 2. 2. 2. 2. 2. 2. 1.97700000e+00 1.97200000e+00
    1.97200000e+00 1.97200000e+00 1.97899997e+00 2. 2. 2. 2.
    1.98399997e+00 1.97200000e+00 1.97200000e+00 1.97200000e+00
    1.97200000e+00 1.97899997e+00 1.97399998e+00 1.97200000e+00
    1.96000004e+00 1.94400001e+00 1.94400001e+00 1.94400001e+00
    1.96099997e+00 1.95500004e+00 1.95200002e+00 1.95200002e+00 0. 0.
    2.66599989e+00 2.04299998e+00 2.02900004e+00 2.02900004e+00
    2.02600002e+00 2.00200009e+00 2. 2. 2. 2. 2. 2. 2. 1.97700000e+00
    1.97200000e+00 1.97200000e+00 1.97200000e+00 1.97500002e+00
    1.98399997e+00 1.98399997e+00 1.99800003e+00 2. 1.98399997e+00
    1.97200000e+00 1.97200000e+00 1.97200000e+00 1.97200000e+00
    1.97200000e+00 1.97200000e+00 1.96300006e+00 1.95099998e+00
    1.94400001e+00 1.94400001e+00 1.94400001e+00 1.96899998e+00
    1.95099998e+00 1.94400001e+00 1.94400001e+00 0. 0. 0. 2.40700006e+00
    2.03699994e+00 2.02900004e+00 2.02800012e+00 2.01300001e+00
    2.00200009e+00 2. 2. 2. 1.99699998e+00 1.98800004e+00 1.98800004e+00
    1.97500002e+00 1.97200000e+00 1.97200000e+00 1.97200000e+00
    1.97200000e+00 1.97200000e+00 1.97200000e+00 1.99600005e+00 2.
    1.98399997e+00 1.97200000e+00 1.97200000e+00 1.97200000e+00
    1.97200000e+00 1.97200000e+00 1.96399999e+00 1.95099998e+00
    1.94400001e+00 1.94400001e+00 1.94400001e+00 1.94400001e+00
    1.96899998e+00 1.95099998e+00 1.94400001e+00 1.94400001e+00 0. 0. 0.
    0. 2.35700011e+00 2.03500009e+00 2.02900004e+00 2.02900004e+00
    2.01200008e+00 2.00300002e+00 2. 2. 1.99300003e+00 1.97200000e+00
    1.97200000e+00 1.97200000e+00 1.97200000e+00 1.97200000e+00
    1.97200000e+00 1.97200000e+00 1.97200000e+00 1.97200000e+00
    1.98899996e+00 1.99800003e+00 1.98899996e+00 1.98000002e+00
