<?xml version="1.0"?>
<opencv_storage>
<Depth type_id="opencv-matrix">
  <rows>40</rows>
  <cols>40</cols>
  <dt>f</dt>
  <data>
    0. 0. 0. 0. 0. 0. 0. 0. 0. 0. 0. 0. 0. 0. 0. 0. 0. 0. 0. 0. 0. 0. 0.
    0. 0. 0. 0. 0. 0. 0. 0. 0. 0. 0. 0. 0. 0. 0. 0. 0. 0. 0. 0. 0. 0. 0.
    0. 0. 0. 0. 0. 0. 0. 0. 0. 0. 0. 0. 0. 0. 0. 0. 0. 0. 0. 0. 0. 0. 0.
    0. 0. 0. 0. 0. 0. 0. 0. 0. 0. 0. 0. 0. 0. 0. 0. 0. 0. 0. 0. 0. 0. 0.
    0. 0. 0. 0. 0. 0. 0. 0. 0. 0. 0. 0. 0. 0. 0. 0. 0. 0. 0. 0. 0. 0. 0.
    0. 0. 0. 0. 0. 0. 0. 0. 0. 0. 0. 0. 0. 0. 0. 0. 0. 0. 0. 0. 0. 0. 0.
    0. 0. 0. 0. 0. 0. 0. 0. 0. 0. 0. 0. 0. 0. 0. 0. 0. 0. 0. 0. 0. 0. 0.
    0. 0. 0. 0. 0. 0. 0. 0. 0. 0. 0. 0. 0. 0. 0. 0. 0. 0. 0. 0. 0. 0. 0.
    0. 0. 0. 0. 0. 0. 0. 0. 0. 0. 0. 0. 0. 0. 0. 0. 0. 0. 0. 0. 0. 0. 0.
    0. 0. 0. 0. 0. 0. 0. 0. 0. 0. 0. 0. 0. 0. 0. 0. 0. 0. 0. 0. 0. 0. 0.
    0. 0. 0. 0. 0. 0. 0. 0. 0. 0. 0. 0. 0. 0. 0. 0. 0. 0. 0. 0. 0. 0. 0.
    0. 0. 0. 0. 0. 0. 0. 0. 0. 0. 0. 0. 0. 0. 0. 0. 0. 0. 0. 0. 0. 0. 0.
    0. 0. 0. 0. 0. 0. 0. 0. 0. 0. 0. 0. 0. 0. 0. 0. 0. 0. 0. 0. 0. 0. 0.
    0. 0. 0. 0. 0. 0. 0. 0. 0. 0. 0. 0. 0. 0. 0. 0. 0. 0. 0. 0. 0. 0. 0.
    0. 0. 0. 0. 0. 0. 0. 0. 0. 0. 0. 0. 0. 0. 0. 0. 0. 0. 0. 0. 0. 0. 0.
    0. 0. 0. 0. 0. 0. 0. 0. 0. 0. 0. 0. 0. 0. 0. 0. 0. 0. 0. 0. 0. 0. 0.
    0. 0. 0. 0. 0. 0. 0. 0. 0. 0. 0. 0. 0. 0. 0. 0. 0. 0. 0. 0. 0. 0. 0.
    0. 0. 0. 0. 0. 0. 0. 0. 0. 0. 0. 0. 0. 0. 0. 0. 0. 0. 0. 0. 0. 0. 0.
    0. 0. 0. 0. 0. 0. 0. 0. 0. 0. 0. 0. 0. 0. 0. 0. 0. 0. 0. 0. 0. 0. 0.
    0. 0. 0. 0. 0. 0. 0. 0. 0. 0. 0. 0. 0. 0. 0. 0. 0. 0. 0. 0. 0. 0. 0.
    0. 0. 0. 0. 0. 0. 0. 0. 0. 0. 0. 0. 0. 0. 0. 0. 0. 0. 0. 0. 0. 0. 0.
    0. 0. 0. 0. 0. 0. 0. 0. 0. 0. 0. 0. 0. 0. 0. 0. 0. 0. 0. 0. 0. 0. 0.
    0. 0. 0. 0. 0. 0. 0. 0. 0. 0. 0. 0. 0. 0. 0. 0. 0. 2.97600007e+00
    2.97600007e+00 2.95700002e+00 2.91300011e+00 2.91300011e+00
    2.91300011e+00 2.91300011e+00 2.91300011e+00 2.91300011e+00
    2.89199996e+00 2.84999990e+00 2.84999990e+00 2.84999990e+00
    2.83800006e+00 2.79500008e+00 2.78999996e+00 2.78999996e+00
    2.78999996e+00 2.78999996e+00 2.32399988e+00 1.88199997e+00
    1.88199997e+00 1.88199997e+00 1.88199997e+00 1.88199997e+00
    1.88199997e+00 1.90300000e+00 1.92100000e+00 1.92100000e+00
    1.89400005e+00 1.88199997e+00 1.88199997e+00 1.88199997e+00 0. 0. 0.
    0. 0. 0. 0. 2.41199994e+00 2.41199994e+00 2.40400004e+00
    2.38499999e+00 2.38499999e+00 2.37500000e+00 2.36199999e+00
    2.36199999e+00 2.37599993e+00 2.37700009e+00 2.35899997e+00
    2.35899997e+00 2.35899997e+00 2.35400009e+00 2.33500004e+00
    2.33299994e+00 2.32500005e+00 2.30999994e+00 2.30999994e+00
    2.08999991e+00 1.88199997e+00 1.88199997e+00 1.88199997e+00
    1.88199997e+00 1.88199997e+00 1.88199997e+00 1.90300000e+00
    1.92100000e+00 1.92100000e+00 1.90900004e+00 1.90499997e+00
    1.90499997e+00 1.90499997e+00 0. 0. 0. 0. 0. 0. 0. 2. 2. 2. 2. 2.
    1.98199999e+00 1.96000004e+00 1.96000004e+00 1.98399997e+00 2.
    1.99899995e+00 1.99100006e+00 1.98800004e+00 1.98800004e+00
    1.98800004e+00 1.99600005e+00 1.98599994e+00 1.96000004e+00
    1.96000004e+00 1.92600000e+00 1.89400005e+00 1.89400005e+00
    1.88600004e+00 1.88199997e+00 1.88300002e+00 1.89199996e+00
    1.90799999e+00 1.92100000e+00 1.92100000e+00 1.92900002e+00
    1.93299997e+00 1.93299997e+00 1.93299997e+00 0. 0. 0. 0. 0. 0. 0.
    2.00099993e+00 2.00099993e+00 2.00099993e+00 2.00099993e+00 2.
    1.98199999e+00 1.96099997e+00 1.96099997e+00 1.98500001e+00 2.
    1.99800003e+00 1.96899998e+00 1.96000004e+00 1.96000004e+00
    1.96000004e+00 1.98500001e+00 1.98500001e+00 1.96000004e+00
    1.96000004e+00 1.94000006e+00 1.92100000e+00 1.92100000e+00
    1.89499998e+00 1.88199997e+00 1.88600004e+00 1.91400003e+00
    1.92100000e+00 1.92100000e+00 1.92100000e+00 1.94799995e+00
    1.96000004e+00 1.96000004e+00 1.96000004e+00 0. 0. 0. 0. 0. 0. 0.
    2.03099990e+00 2.03099990e+00 2.03099990e+00 2.02999997e+00
    2.00799990e+00 1.99500000e+00 1.98899996e+00 1.98899996e+00
    1.99600005e+00 2. 1.99800003e+00 1.96899998e+00 1.96000004e+00
    1.96000004e+00 1.96000004e+00 1.96700001e+00 1.96700001e+00
    1.96000004e+00 1.96000004e+00 1.94000006e+00 1.92100000e+00
    1.92100000e+00 1.89499998e+00 1.88199997e+00 1.88600004e+00
    1.91400003e+00 1.92100000e+00 1.92100000e+00 1.92100000e+00
    1.94799995e+00 1.96000004e+00 1.96000004e+00 1.96000004e+00 0. 0. 0.
    0. 0. 0. 0. 2.04200006e+00 2.04200006e+00 2.04200006e+00
    2.04099989e+00 2.01099992e+00 2. 2. 2. 2. 2. 1.99800003e+00
    1.96899998e+00 1.96000004e+00 1.96000004e+00 1.96000004e+00
    1.96000004e+00 1.96000004e+00 1.96000004e+00 1.96000004e+00
    1.94900000e+00 1.93900001e+00 1.93900001e+00 1.91299999e+00
    1.89999998e+00 1.90199995e+00 1.91700006e+00 1.93099999e+00
    1.93900001e+00 1.93900001e+00 1.95400000e+00 1.96000004e+00
    1.96000004e+00 1.96000004e+00 0. 0. 0. 0. 0. 0. 0. 2.04900002e+00
    2.04500008e+00 2.04200006e+00 2.04099989e+00 2.01600003e+00
    2.00699997e+00 2.00600004e+00 2.00099993e+00 2. 2. 1.99800003e+00
    1.96899998e+00 1.96000004e+00 1.96000004e+00 1.96000004e+00
    1.96399999e+00 1.96700001e+00 1.96599996e+00 1.96099997e+00
    1.96000004e+00 1.96000004e+00 1.96000004e+00 1.93799996e+00
    1.92799997e+00 1.92799997e+00 1.92799997e+00 1.94500005e+00
    1.96000004e+00 1.96000004e+00 1.96000004e+00 1.96000004e+00
    1.96000004e+00 1.96000004e+00 0. 0. 0. 0. 0. 0. 0. 2.07900000e+00
    2.05800009e+00 2.04200006e+00 2.04200006e+00 2.03900003e+00
    2.03699994e+00 2.03099990e+00 2.00399995e+00 2. 2. 1.99800003e+00
    1.96899998e+00 1.96000004e+00 1.96000004e+00 1.96000004e+00
    1.98300004e+00 1.99600005e+00 1.99300003e+00 1.96700001e+00
    1.96000004e+00 1.96000004e+00 1.96000004e+00 1.95700002e+00
    1.95599997e+00 1.95599997e+00 1.95599997e+00 1.95799994e+00
    1.96000004e+00 1.96000004e+00 1.96000004e+00 1.96000004e+00
    1.96000004e+00 1.96000004e+00 0. 0. 0. 0. 0. 0. 0. 2.05800009e+00
    2.04900002e+00 2.03399992e+00 2.01600003e+00 2.01600003e+00
    2.01600003e+00 2.01399994e+00 2.00200009e+00 2. 2. 1.99800003e+00
    1.96899998e+00 1.96000004e+00 1.96000004e+00 1.96000004e+00
    1.98599994e+00 2. 1.99699998e+00 1.96800005e+00 1.96000004e+00
    1.96000004e+00 1.96000004e+00 1.96000004e+00 1.96000004e+00
    1.96000004e+00 1.96000004e+00 1.96000004e+00 1.96000004e+00
    1.96000004e+00 1.96000004e+00 1.96000004e+00 1.96000004e+00
    1.96000004e+00 0. 0. 0. 0. 0. 0. 0. 2.02800012e+00 2.02800012e+00
    2.01999998e+00 2. 2. 2. 2. 2. 2. 2. 1.99800003e+00 1.96899998e+00
    1.96000004e+00 1.96000004e+00 1.96000004e+00 1.97700000e+00
    1.99199998e+00 1.99699998e+00 1.96800005e+00 1.95299995e+00
    1.94700003e+00 1.94700003e+00 1.94700003e+00 1.94700003e+00
    1.94700003e+00 1.94700003e+00 1.95400000e+00 1.96000004e+00
    1.96000004e+00 1.96000004e+00 1.96000004e+00 1.96000004e+00
    1.96000004e+00 0. 0. 0. 0. 0. 0. 0. 1.93499994e+00 1.93299997e+00
    1.93200004e+00 1.93200004e+00 1.93200004e+00 1.93200004e+00
    1.93200004e+00 1.93200004e+00 1.97300005e+00 2. 1.99800003e+00
    1.96899998e+00 1.96000004e+00 1.96000004e+00 1.96000004e+00
    1.96000004e+00 1.97399998e+00 1.99500000e+00 1.96599996e+00
    1.93799996e+00 1.91900003e+00 1.91900003e+00 1.91900003e+00
    1.91900003e+00 1.91900003e+00 1.92100000e+00 1.94200003e+00
    1.96000004e+00 1.96000004e+00 1.96000004e+00 1.95899999e+00
    1.95799994e+00 1.95799994e+00 0. 0. 0. 0. 0. 0. 0. 0. 0. 0. 0. 0. 0.
    0. 0. 1.55400002e+00 2. 1.99800003e+00 1.96899998e+00 1.96000004e+00
    1.96000004e+00 1.96000004e+00 1.96000004e+00 1.96300006e+00
    1.96599996e+00 1.93799996e+00 1.90999997e+00 1.89100003e+00
    1.89100003e+00 1.89100003e+00 1.89100003e+00 1.89400005e+00
    1.91600001e+00 1.94200003e+00 1.96000004e+00 1.96000004e+00
    1.96000004e+00 1.94799995e+00 1.92999995e+00 1.92999995e+00 0. 0. 0.
    0. 0. 0. 0. 0. 0. 0. 0. 0. 0. 0. 0. 0. 1.27199996e+00 1.30400002e+00
