<?xml version="1.0"?>
<opencv_storage>
<Depth type_id="opencv-matrix">
  <rows>40</rows>
  <cols>40</cols>
  <dt>f</dt>
  <data>
    0. 0. 0. 0. 0. 0. 0. 0. 0. 0. 0. 0. 1.10800004e+00 1.13000000e+00
    1.18099999e+00 1.32500005e+00 1.69099998e+00 2. 2. 1.99899995e+00
    1.95500004e+00 1.91100001e+00 1.80599999e+00 1.69299996e+00
    1.48399997e+00 1.24199998e+00 1.14600003e+00 0. 0. 0. 0. 0. 0. 0. 0.
    0. 0. 0. 0. 0. 0. 0. 0. 0. 0. 0. 0. 0. 0. 0. 0. 0. 1.10800004e+00
    1.20500004e+00 1.43099999e+00 1.64699996e+00 1.83800006e+00 2. 2.
    1.99899995e+00 1.95500004e+00 1.91100001e+00 1.84000003e+00
    1.76499999e+00 1.66299999e+00 1.55200005e+00 1.50800002e+00 0. 0. 0.
    0. 0. 0. 0. 0. 0. 0. 0. 0. 0. 0. 0. 0. 0. 0. 0. 0. 0. 0. 0. 0. 0.
    1.10300004e+00 1.26800001e+00 1.64999998e+00 1.93200004e+00
    1.97300005e+00 2.00699997e+00 2.00300002e+00 1.99899995e+00
    1.95899999e+00 1.91799998e+00 1.87500000e+00 1.83200002e+00
    1.82099998e+00 1.82099998e+00 1.82099998e+00 0. 0. 0. 0. 0. 0. 0. 0.
    0. 0. 0. 0. 0. 0. 0. 0. 0. 0. 0. 0. 0. 0. 0. 0. 0. 1.07099998e+00
    1.25999999e+00 1.69900000e+00 2.01600003e+00 2.03600001e+00
    2.04900002e+00 2.02399993e+00 2. 1.97899997e+00 1.95899999e+00
    1.91900003e+00 1.87500000e+00 1.86399996e+00 1.86399996e+00
    1.86399996e+00 0. 0. 0. 0. 0. 0. 0. 0. 0. 0. 0. 0. 0. 0. 0. 0. 0. 0.
    0. 0. 0. 0. 0. 0. 0. 1.03999996e+00 1.25300002e+00 1.74800003e+00
    2.09699988e+00 2.09699988e+00 2.08999991e+00 2.04500008e+00 2. 2. 2.
    1.96099997e+00 1.91700006e+00 1.90600002e+00 1.90600002e+00
    1.90600002e+00 0. 0. 0. 0. 0. 0. 0. 0. 0. 0. 0. 0. 0. 0. 0. 0. 0. 0.
    0. 0. 0. 0. 0. 0. 0. 1.03999996e+00 1.24399996e+00 1.71700001e+00
    2.05100012e+00 2.05100012e+00 2.04800010e+00 2.02399993e+00 2. 2. 2.
    1.96099997e+00 1.91700006e+00 1.90600002e+00 1.90600002e+00
    1.90600002e+00 0. 0. 0. 0. 0. 0. 0. 0. 0. 0. 0. 0. 0. 0. 0. 0. 0. 0.
    0. 0. 0. 0. 0. 0. 0. 1.03999996e+00 1.23500001e+00 1.68599999e+00
    2.00600004e+00 2.00600004e+00 2.00500011e+00 2.00300002e+00 2. 2. 2.
    1.96099997e+00 1.91700006e+00 1.90600002e+00 1.90600002e+00
    1.90600002e+00 0. 0. 0. 0. 0. 0. 0. 0. 0. 0. 0. 0. 0. 0. 0. 0. 0. 0.
    0. 0. 0. 0. 0. 0. 0. 1.03999996e+00 1.23399997e+00 1.68299997e+00 2.
    2. 2. 2. 2. 2. 2. 1.96099997e+00 1.91700006e+00 1.90600002e+00
    1.90600002e+00 1.90600002e+00 0. 0. 0. 0. 0. 0. 0. 0. 0. 0. 0. 0. 0.
    0. 0. 0. 0. 0. 0. 0. 0. 0. 0. 0. 0. 1.03999996e+00 1.23399997e+00
    1.68299997e+00 2. 2. 2. 2. 2. 2. 2. 1.96099997e+00 1.91700006e+00
    1.90600002e+00 1.90600002e+00 1.90600002e+00 0. 0. 0. 0. 0. 0. 0. 0.
    0. 0. 0. 0. 0. 0. 0. 0. 0. 0. 0. 0. 0. 0. 0. 0. 0. 1.03999996e+00
    1.23399997e+00 1.68299997e+00 2. 2. 2. 2. 2. 2. 2. 1.96099997e+00
    1.91700006e+00 1.90600002e+00 1.90600002e+00 1.90600002e+00 0. 0. 0.
    0. 0. 0. 0. 0. 0. 0. 0. 0. 0. 0. 0. 0. 0. 0. 0. 0. 0. 0. 0. 0. 0.
    1.03999996e+00 1.23399997e+00 1.68299997e+00 2. 2. 2. 2. 2. 2. 2.
    1.96099997e+00 1.91700006e+00 1.90600002e+00 1.90600002e+00
    1.90600002e+00 0. 0. 0. 0. 0. 0. 0. 0. 0. 0. 0. 0. 0. 0. 0. 0. 0. 0.
    0. 0. 0. 0. 0. 0. 0. 1.03999996e+00 1.22800004e+00 1.66499996e+00
    1.97300005e+00 1.97300005e+00 1.97500002e+00 1.98800004e+00 2.
    1.98699999e+00 1.97500002e+00 1.94599998e+00 1.91400003e+00
    1.89699996e+00 1.88499999e+00 1.88000000e+00 0. 0. 0. 0. 0. 0. 0. 0.
    0. 0. 0. 0. 0. 0. 0. 0. 0. 0. 0. 0. 0. 0. 0. 0. 0. 1.03999996e+00
    1.21899998e+00 1.63499999e+00 1.92999995e+00 1.92999995e+00
    1.93499994e+00 1.96800005e+00 1.99899995e+00 1.96599996e+00
    1.93299997e+00 1.91999996e+00 1.90900004e+00 1.88199997e+00
    1.85000002e+00 1.83700001e+00 0. 0. 0. 0. 0. 0. 0. 0. 0. 0. 0. 0. 0.
    0. 0. 0. 0. 0. 0. 0. 0. 0. 0. 0. 0. 1.05499995e+00 1.22599995e+00
    1.62500000e+00 1.90600002e+00 1.90600002e+00 1.91100001e+00
    1.94599998e+00 1.97899997e+00 1.94500005e+00 1.90999997e+00
    1.90600002e+00 1.90600002e+00 1.87399995e+00 1.83099997e+00
    1.81400001e+00 0. 0. 0. 0. 0. 0. 0. 0. 0. 0. 0. 0. 0. 0. 0. 0. 0. 0.
    0. 0. 0. 0. 0. 0. 0. 1.08700001e+00 1.25199997e+00 1.63499999e+00
    1.90600002e+00 1.90600002e+00 1.90799999e+00 1.92200005e+00
    1.93499994e+00 1.92200005e+00 1.90799999e+00 1.90600002e+00
    1.90600002e+00 1.87399995e+00 1.83099997e+00 1.81400001e+00 0. 0. 0.
    0. 0. 0. 0. 0. 0. 0. 0. 0. 0. 0. 0. 0. 0. 0. 0. 0. 0. 0. 0. 0. 0.
    1.23000002e+00 1.36899996e+00 1.69200003e+00 1.91999996e+00
    1.91999996e+00 1.91900003e+00 1.91299999e+00 1.90600002e+00
    1.90600002e+00 1.90600002e+00 1.90600002e+00 1.90600002e+00
    1.87399995e+00 1.83099997e+00 1.81400001e+00 0. 0. 0. 0. 0. 0. 0. 0.
    0. 0. 0. 0. 0. 0. 0. 0. 0. 0. 0. 0. 0. 0. 0. 0. 0. 1.60300004e+00
    1.67600000e+00 1.84500003e+00 1.96399999e+00 1.96399999e+00
    1.96000004e+00 1.93299997e+00 1.90600002e+00 1.90600002e+00
    1.90600002e+00 1.90600002e+00 1.90600002e+00 1.87399995e+00
    1.83099997e+00 1.81400001e+00 0. 0. 0. 0. 0. 0. 0. 0. 0. 0. 0. 0. 0.
    0. 0. 0. 0. 0. 0. 0. 0. 0. 0. 0. 0. 1.90600002e+00 1.92499995e+00
    1.96899998e+00 2. 2. 1.99399996e+00 1.95400000e+00 1.91400003e+00
    1.91400003e+00 1.91400003e+00 1.91100001e+00 1.90699995e+00
    1.87699997e+00 1.83800006e+00 1.82200003e+00 0. 0. 0. 0. 0. 0. 0. 0.
    0. 0. 0. 0. 0. 0. 0. 0. 0. 0. 0. 0. 0. 0. 0. 0. 0. 1.90600002e+00
    1.92499995e+00 1.96899998e+00 2. 2. 1.99699998e+00 1.97700000e+00
    1.95799994e+00 1.95799994e+00 1.95799994e+00 1.93700004e+00
    1.91199994e+00 1.89199996e+00 1.87300003e+00 1.86500001e+00 0. 0. 0.
    0. 0. 0. 0. 0. 0. 0. 0. 0. 0. 0. 0. 0. 0. 0. 0. 0. 0. 0. 0. 0. 0.
    1.90600002e+00 1.92499995e+00 1.96899998e+00 2. 2. 2. 2. 2. 2. 2.
    1.96099997e+00 1.91700006e+00 1.90600002e+00 1.90600002e+00
    1.90600002e+00 0. 0. 0. 0. 0. 0. 0. 0. 0. 0. 0. 0. 0. 0. 0. 0. 0. 0.
    0. 0. 0. 0. 0. 0. 0. 1.90600002e+00 1.92499995e+00 1.96899998e+00 2.
    2. 2. 2. 2. 2. 2. 1.96099997e+00 1.91700006e+00 1.90600002e+00
    1.90600002e+00 1.90600002e+00 0. 0. 0. 0. 0. 0. 0. 0. 0. 0. 0. 0. 0.
    0. 0. 0. 0. 0. 0. 0. 0. 0. 0. 0. 0. 1.90600002e+00 1.92499995e+00
    1.96899998e+00 2. 2. 2. 2. 2. 2. 2. 1.96099997e+00 1.91700006e+00
    1.90600002e+00 1.90600002e+00 1.90600002e+00 0. 0. 0. 0. 0. 0. 0. 0.
    0. 0. 0. 0. 0. 0. 0. 0. 0. 0. 0. 0. 0. 0. 0. 0. 0. 1.90600002e+00
    1.92499995e+00 1.96899998e+00 1.99399996e+00 1.97599995e+00
    1.96000004e+00 1.96000004e+00 1.96000004e+00 1.96000004e+00
    1.96000004e+00 1.93799996e+00 1.91299999e+00 1.90600002e+00
    1.90600002e+00 1.90600002e+00 0. 0. 0. 0. 0. 0. 0. 0. 0. 0. 0. 0. 0.
    0. 0. 0. 0. 0. 0. 0. 0. 0. 0. 0. 0. 1.90600002e+00 1.92499995e+00
    1.96899998e+00 1.98800004e+00 1.94900000e+00 1.91600001e+00
    1.91600001e+00 1.91600001e+00 1.91600001e+00 1.91600001e+00
    1.91199994e+00 1.90699995e+00 1.90600002e+00 1.90600002e+00
    1.90600002e+00 0. 0. 0. 0. 0. 0. 0. 0. 0. 0. 0. 0. 0. 0. 0. 0. 0. 0.
    0. 0. 0. 0. 0. 0. 0. 1.90600002e+00 1.92499995e+00 1.96899998e+00
    1.98699999e+00 1.94299996e+00 1.90600002e+00 1.90600002e+00
    1.90600002e+00 1.90600002e+00 1.90600002e+00 1.90600002e+00
    1.90600002e+00 1.90600002e+00 1.90600002e+00 1.90600002e+00 0. 0. 0.
    0. 0. 0. 0. 0. 0. 0. 0. 0. 0. 0. 0. 0. 0. 0. 0. 0. 0. 0. 0. 0. 0.
    1.90600002e+00 1.92499995e+00 1.96899998e+00 1.98699999e+00
    1.94299996e+00 1.90600002e+00 1.90600002e+00 1.90600002e+00
    1.90600002e+00 1.90600002e+00 1.90600002e+00 1.90600002e+00
    1.90600002e+00 1.90600002e+00 1.90600002e+00 0. 0. 0. 0. 0. 0. 0. 0.
    0. 0. 0. 0. 0. 0. 0. 0. 0. 0. 0. 0. 0. 0. 0. 0. 0. 1.93400002e+00
    1.94700003e+00 1.97800004e+00 1.99100006e+00 1.96000004e+00
    1.93200004e+00 1.91900003e+00 1.90600002e+00 1.90600002e+00
    1.90600002e+00 1.90600002e+00 1.90600002e+00 1.90600002e+00
    1.90600002e+00 1.90600002e+00 0. 0. 0. 0. 0. 0. 0. 0. 0. 0. 0. 0. 0.
    0. 0. 0. 0. 0. 0. 0. 0. 0. 0. 0. 0. 1.97800004e+00 1.98199999e+00
    1.99300003e+00 1.99699998e+00 1.98699999e+00 1.97300005e+00
