<?xml version="1.0"?>
<opencv_storage>
<Depth type_id="opencv-matrix">
  <rows>40</rows>
  <cols>40</cols>
  <dt>f</dt>
  <data>
    0. 0. 0. 0. 0. 0. 0. 0. 0. 0. 0. 0. 0. 0. 0. 0. 0. 0. 0. 0. 0. 0. 0.
    0. 0. 0. 0. 0. 0. 0. 0. 0. 0. 0. 0. 0. 0. 0. 0. 0. 0. 0. 0. 0. 0. 0.
    0. 0. 0. 0. 0. 0. 0. 0. 0. 0. 0. 0. 0. 1.70500004e+00 2.08899999e+00
    2.03999996e+00 2. 2. 2. 1.95799994e+00 1.91100001e+00 1.89199996e+00
    0. 0. 0. 0. 0. 0. 0. 0. 0. 0. 0. 0. 0. 0. 0. 0. 0. 0. 0. 0. 0. 0. 0.
    0. 0. 0. 0. 0. 0. 0. 1.11199999e+00 1.75899994e+00 2.07599998e+00
    2.03399992e+00 2. 2. 2. 1.95799994e+00 1.91100001e+00 1.89199996e+00
    0. 0. 0. 0. 0. 0. 0. 0. 0. 0. 0. 0. 0. 0. 0. 0. 0. 0. 0. 0. 0. 0. 0.
    0. 0. 0. 0. 0. 0. 1.33399999e+00 1.64900005e+00 1.90999997e+00
    2.03699994e+00 2.01600003e+00 2. 2. 2. 1.95799994e+00 1.91100001e+00
    1.89199996e+00 0. 0. 0. 0. 0. 0. 0. 0. 0. 0. 0. 0. 0. 0. 0. 0. 0. 0.
    0. 0. 0. 0. 0. 0. 0. 0. 0. 0. 1.23199999e+00 2.04299998e+00
    2.15199995e+00 2.05200005e+00 2. 2. 2. 2. 2. 1.95799994e+00
    1.91100001e+00 1.89199996e+00 0. 0. 0. 0. 0. 0. 0. 0. 0. 0. 0. 0. 0.
    0. 0. 0. 0. 0. 0. 0. 0. 0. 0. 0. 0. 0. 0. 1.23199999e+00
    1.67900002e+00 2.12700009e+00 2.15199995e+00 2.05200005e+00 2. 2. 2.
    2. 2. 1.95799994e+00 1.91100001e+00 1.89199996e+00 0. 0. 0. 0. 0. 0.
    0. 0. 0. 0. 0. 0. 0. 0. 0. 0. 0. 0. 0. 0. 0. 0. 0. 0. 0. 0.
    1.12500000e+00 2.04299998e+00 2.12700009e+00 2.21000004e+00
    2.15199995e+00 2.05200005e+00 2. 2. 2. 2. 2. 1.95799994e+00
    1.91100001e+00 1.89199996e+00 0. 0. 0. 0. 0. 0. 0. 0. 0. 0. 0. 0. 0.
    0. 0. 0. 0. 0. 0. 0. 0. 0. 0. 0. 0. 0. 1.21800005e+00 2.22900009e+00
    2.22900009e+00 2.22900009e+00 2.16499996e+00 2.08100009e+00
    2.03800011e+00 2.03800011e+00 2.03800011e+00 2.03800011e+00
    2.03800011e+00 2.00999999e+00 1.97899997e+00 1.96599996e+00 0. 0. 0.
    0. 0. 0. 0. 0. 0. 0. 0. 0. 0. 0. 0. 0. 0. 0. 0. 0. 0. 0. 0. 0. 0. 0.
    1.21800005e+00 2.22900009e+00 2.22900009e+00 2.22900009e+00
    2.18099999e+00 2.11999989e+00 2.08699989e+00 2.08699989e+00
    2.08699989e+00 2.08699989e+00 2.08699989e+00 2.07800007e+00
    2.06699991e+00 2.06299996e+00 0. 0. 0. 0. 0. 0. 0. 0. 0. 0. 0. 0. 0.
    0. 0. 0. 0. 0. 0. 0. 0. 0. 0. 0. 0. 0. 1.41499996e+00 2.20499992e+00
    2.20499992e+00 2.20499992e+00 2.17400002e+00 2.13400006e+00
    2.11299992e+00 2.11299992e+00 2.11299992e+00 2.11299992e+00
    2.11299992e+00 2.12199998e+00 2.13299990e+00 2.13700008e+00 0. 0. 0.
    0. 0. 0. 0. 0. 0. 0. 0. 0. 0. 0. 0. 0. 0. 0. 0. 0. 0. 0. 0. 0.
    1.35300004e+00 1.47700000e+00 1.82599998e+00 2.15400004e+00
    2.15400004e+00 2.15400004e+00 2.14000010e+00 2.12199998e+00
    2.11299992e+00 2.11299992e+00 2.11299992e+00 2.11299992e+00
    2.11299992e+00 2.14199996e+00 2.17499995e+00 2.18799996e+00 0. 0. 0.
    0. 0. 0. 0. 0. 0. 0. 0. 0. 0. 0. 0. 0. 0. 0. 0. 0. 0. 0. 0. 0.
    2.21900010e+00 2.20199990e+00 2.15100002e+00 2.10400009e+00
    2.10400009e+00 2.10400009e+00 2.10700011e+00 2.11100006e+00
    2.11299992e+00 2.11299992e+00 2.11299992e+00 2.11299992e+00
    2.11299992e+00 2.15799999e+00 2.20900011e+00 2.22900009e+00 0. 0. 0.
    0. 0. 0. 0. 0. 0. 0. 0. 0. 0. 0. 0. 0. 0. 0. 0. 0. 0. 0. 0. 0.
    2.16899991e+00 2.15100002e+00 2.10100007e+00 2.05399990e+00
    2.05399990e+00 2.05399990e+00 2.07399988e+00 2.09999990e+00
    2.11299992e+00 2.11299992e+00 2.11299992e+00 2.11299992e+00
    2.11299992e+00 2.15799999e+00 2.20900011e+00 2.22900009e+00 0. 0. 0.
    0. 0. 0. 0. 0. 0. 0. 0. 0. 0. 0. 0. 0. 0. 0. 0. 0. 0. 0. 0. 0.
    2.11800003e+00 2.10100007e+00 2.05100012e+00 2.00500011e+00
    2.00500011e+00 2.00500011e+00 2.04099989e+00 2.08800006e+00
    2.11299992e+00 2.11299992e+00 2.11299992e+00 2.11299992e+00
    2.11299992e+00 2.15799999e+00 2.20900011e+00 2.22900009e+00 0. 0. 0.
    0. 0. 0. 0. 0. 0. 0. 0. 0. 0. 0. 0. 0. 0. 0. 0. 0. 0. 0. 0. 0.
    1.36600006e+00 1.46399999e+00 1.74100006e+00 2. 2. 2. 2.02300000e+00
    2.05299997e+00 2.06900001e+00 2.06900001e+00 2.06900001e+00
    2.06900001e+00 2.06900001e+00 2.11400008e+00 2.16400003e+00
    2.18400002e+00 0. 0. 0. 0. 0. 0. 0. 0. 0. 0. 0. 0. 0. 0. 0. 0. 0. 0.
    0. 0. 0. 0. 0. 0. 0. 0. 1.39999998e+00 2. 2. 2. 2.00699997e+00
    2.01500010e+00 2.01900005e+00 2.01900005e+00 2.01900005e+00
    2.01900005e+00 2.01900005e+00 2.06399989e+00 2.11299992e+00
    2.13299990e+00 0. 0. 0. 0. 0. 0. 0. 0. 0. 0. 0. 0. 0. 0. 0. 0. 0. 0.
    0. 0. 0. 0. 0. 0. 0. 0. 1.26499999e+00 2. 2. 2. 2. 2. 2. 2. 2. 2. 2.
    2.03299999e+00 2.06900001e+00 2.08299994e+00 0. 0. 0. 0. 0. 0. 0. 0.
    0. 0. 0. 0. 0. 0. 0. 0. 0. 0. 0. 0. 0. 0. 0. 0. 0. 0. 1.26499999e+00
    2. 2. 2. 2. 2. 2. 2. 2. 2. 2. 2.01300001e+00 2.02800012e+00
    2.03399992e+00 0. 0. 0. 0. 0. 0. 0. 0. 0. 0. 0. 0. 0. 0. 0. 0. 0. 0.
    0. 0. 0. 0. 0. 0. 0. 0. 1.27499998e+00 2. 2. 2. 2. 2. 2. 2. 2. 2. 2.
    2. 2. 2. 0. 0. 0. 0. 0. 0. 0. 0. 0. 0. 0. 0. 0. 0. 0. 0. 0. 0. 0. 0.
    0. 0. 0. 0. 0. 0. 1.30499995e+00 2. 2. 2. 2. 2. 2. 2. 2. 2. 2. 2. 2.
    2. 0. 0. 0. 0. 0. 0. 0. 0. 0. 0. 0. 0. 0. 0. 0. 0. 0. 0. 0. 0. 0. 0.
    0. 0. 0. 0. 1.33599997e+00 2.00099993e+00 2.00099993e+00 2. 2. 2. 2.
    2. 2. 2. 2. 1.97700000e+00 1.95200002e+00 1.94200003e+00 0. 0. 0. 0.
    0. 0. 0. 0. 0. 0. 0. 0. 0. 0. 0. 0. 0. 0. 0. 0. 0. 0. 0. 0. 0. 0.
    1.36500001e+00 2.04900002e+00 2.02699995e+00 2.00500011e+00 2. 2. 2.
    2. 2. 2. 2. 0. 0. 0. 0. 0. 0. 0. 0. 0. 0. 0. 0. 0. 0. 0. 0. 0. 0. 0.
    0. 0. 0. 0. 0. 0. 0. 0. 0. 0. 1.39499998e+00 2.09699988e+00
    2.05299997e+00 2.00999999e+00 2. 2. 2. 2. 2. 2. 2. 0. 0. 0. 0. 0. 0.
    0. 0. 0. 0. 0. 0. 0. 0. 0. 0. 0. 0. 0. 0. 0. 0. 0. 0. 0. 0. 0. 0. 0.
    1.40199995e+00 2.10999990e+00 2.06100011e+00 2.01099992e+00
    1.98800004e+00 1.97300005e+00 1.96599996e+00 1.96599996e+00
    1.96599996e+00 1.96599996e+00 1.96599996e+00 0. 0. 0. 0. 0. 0. 0. 0.
    0. 0. 0. 0. 0. 0. 0. 0. 0. 0. 0. 0. 0. 0. 0. 0. 0. 0. 0. 0. 0.
    1.40199995e+00 2.10999990e+00 2.06100011e+00 2.01099992e+00
    1.97300005e+00 1.93700004e+00 1.91799998e+00 1.91799998e+00
    1.91799998e+00 1.91799998e+00 1.91799998e+00 0. 0. 0. 0. 0. 0. 0. 0.
    0. 0. 0. 0. 0. 0. 0. 0. 0. 0. 0. 0. 0. 0. 0. 0. 0. 0. 0. 0. 0.
    1.52999997e+00 2.10999990e+00 2.06100011e+00 2.01099992e+00
    1.96399999e+00 1.91700006e+00 1.89199996e+00 1.89199996e+00
    1.89199996e+00 1.89199996e+00 1.89199996e+00 0. 0. 0. 0. 0. 0. 0. 0.
    0. 0. 0. 0. 0. 0. 0. 0. 0. 0. 0. 0. 0. 0. 0. 0. 0. 0. 0.
    1.39499998e+00 1.50600004e+00 1.81900001e+00 2.10999990e+00
    2.06100011e+00 2.01099992e+00 1.96399999e+00 1.91700006e+00
    1.89199996e+00 1.89199996e+00 1.89199996e+00 1.89199996e+00
    1.89199996e+00 0. 0. 0. 0. 0. 0. 0. 0. 0. 0. 0. 0. 0. 0. 0. 0. 0. 0.
    0. 0. 0. 0. 0. 0. 0. 0. 0. 2. 2.01600003e+00 2.06200004e+00
    2.10299993e+00 2.05699992e+00 2.01099992e+00 1.96399999e+00
    1.91700006e+00 1.89199996e+00 1.89199996e+00 1.89199996e+00
    1.89199996e+00 1.89199996e+00 0. 0. 0. 0. 0. 0. 0. 0. 0. 0. 0. 0. 0.
    0. 0. 0. 0. 0. 0. 0. 0. 0. 0. 0. 0. 0. 0. 2. 2.00900006e+00
    2.03299999e+00 2.05500007e+00 2.02999997e+00 2.00600004e+00
    1.96399999e+00 1.91700006e+00 1.89199996e+00 1.89199996e+00
    1.89199996e+00 1.89199996e+00 1.89199996e+00 0. 0. 0. 0. 0. 0. 0. 0.
    0. 0. 0. 0. 0. 0. 0. 0. 0. 0. 0. 0. 0. 0. 0. 0. 0. 0. 0. 2.
    2.00099993e+00 2.00399995e+00 2.00699997e+00 2.00399995e+00
    2.00099993e+00 1.96399999e+00 1.91700006e+00 1.89199996e+00
    1.89199996e+00 1.89199996e+00 1.89199996e+00 1.89199996e+00 0. 0. 0.
    0. 0. 0. 0. 0. 0. 0. 0. 0. 0. 0. 0. 0. 0. 0. 0. 0. 0. 0. 0. 0. 0. 0.
    0. 2. 2. 2. 1.99899995e+00 1.98099995e+00 1.96399999e+00
    1.93700004e+00 1.90699995e+00 1.89199996e+00 1.89199996e+00
    1.89199996e+00 1.89199996e+00 1.89199996e+00 0. 0. 0. 0. 0. 0. 0. 0.
    0. 0. 0. 0. 0. 0. 0. 0. 0. 0. 0. 0. 0. 0. 0. 0. 0. 0. 0. 2. 2. 2.
    1.99800003e+00 1.95899999e+00 1.92100000e+00 1.90600002e+00
    1.89699996e+00 1.89199996e+00 1.89199996e+00 1.89199996e+00
