<?xml version="1.0"?>
<opencv_storage>
<Depth type_id="opencv-matrix">
  <rows>40</rows>
  <cols>40</cols>
  <dt>f</dt>
  <data>
    0. 0. 0. 0. 0. 0. 0. 0. 0. 0. 0. 0. 0. 0. 0. 0. 0. 0. 0. 0. 0. 0. 0.
    0. 0. 0. 0. 0. 0. 0. 0. 0. 0. 0. 0. 0. 0. 0. 0. 0. 0. 0. 0. 0. 0. 0.
    0. 0. 0. 0. 0. 0. 0. 0. 0. 0. 0. 0. 0. 0. 0. 0. 0. 0. 0. 0. 0. 0. 0.
    0. 0. 0. 0. 0. 0. 0. 0. 0. 0. 0. 0. 0. 0. 0. 0. 0. 0. 0. 0. 0. 0. 0.
    0. 0. 0. 0. 0. 0. 0. 0. 0. 0. 0. 0. 0. 0. 0. 0. 0. 0. 0. 0. 0. 0. 0.
    0. 0. 0. 0. 0. 0. 0. 0. 0. 0. 0. 0. 0. 0. 0. 0. 0. 0. 0. 0. 0. 0. 0.
    0. 0. 0. 0. 0. 0. 0. 0. 0. 0. 0. 0. 0. 0. 0. 0. 0. 0. 0. 0. 0. 0. 0.
    0. 0. 0. 0. 0. 0. 0. 0. 0. 0. 0. 0. 0. 0. 0. 0. 0. 0. 0. 0. 0. 0. 0.
    0. 0. 0. 0. 0. 0. 0. 0. 0. 0. 0. 0. 0. 0. 0. 0. 0. 0. 0. 0. 0. 0. 0.
    0. 0. 0. 0. 0. 0. 0. 0. 0. 0. 0. 0. 0. 0. 0. 0. 0. 0. 0. 0. 0. 0. 0.
    0. 0. 0. 0. 0. 0. 0. 0. 0. 0. 0. 0. 0. 0. 0. 0. 0. 0. 0. 0. 0. 0. 0.
    0. 0. 0. 0. 0. 0. 0. 0. 0. 0. 0. 0. 0. 0. 0. 0. 0. 0. 0. 0. 0. 0. 0.
    0. 0. 0. 0. 0. 0. 0. 0. 0. 0. 0. 0. 0. 0. 0. 0. 0. 0. 0. 0. 0. 0. 0.
    0. 0. 0. 0. 0. 0. 0. 0. 0. 0. 0. 0. 0. 0. 0. 0. 0. 0. 0. 0. 0. 0. 0.
    0. 0. 0. 0. 0. 0. 0. 0. 0. 0. 0. 0. 0. 0. 0. 0. 0. 0. 0. 0. 0. 0. 0.
    0. 0. 0. 0. 0. 0. 0. 0. 0. 0. 0. 0. 0. 0. 0. 0. 0. 0. 0. 0. 0. 0. 0.
    0. 0. 0. 0. 0. 0. 0. 0. 0. 0. 0. 0. 0. 0. 0. 0. 0. 0. 0. 0. 0. 0. 0.
    0. 0. 0. 0. 0. 0. 0. 0. 0. 0. 0. 0. 0. 0. 0. 0. 0. 0. 0. 0. 0. 0. 0.
    0. 0. 0. 0. 0. 0. 0. 0. 0. 0. 0. 0. 0. 0. 0. 0. 0. 0. 0. 0. 0. 0. 0.
    0. 0. 0. 0. 0. 0. 0. 0. 0. 0. 2.24399996e+00 2.69300008e+00
    2.59999990e+00 2.59999990e+00 2.59999990e+00 2.59999990e+00
    2.59999990e+00 2.59999990e+00 2.59999990e+00 2.59999990e+00 0. 0. 0.
    0. 0. 0. 1.55100000e+00 1.95000005e+00 1.80799997e+00 1.80799997e+00
    1.78299999e+00 1.68400002e+00 1.63100004e+00 1.63100004e+00
    1.63100004e+00 1.63100004e+00 1.60200000e+00 1.57500005e+00 0. 0. 0.
    0. 0. 0. 0. 0. 0. 0. 0. 0. 2.19000006e+00 2.66100001e+00
    2.59999990e+00 2.59999990e+00 2.58699989e+00 2.54099989e+00
    2.50300002e+00 2.47399998e+00 2.46600008e+00 2.46600008e+00 0. 0. 0.
    0. 0. 0. 1.70700002e+00 1.93700004e+00 1.80799997e+00 1.80799997e+00
    1.78600001e+00 1.69799995e+00 1.65100002e+00 1.65100002e+00
    1.64300001e+00 1.63199997e+00 1.60200000e+00 1.57500005e+00 0. 0. 0.
    0. 0. 0. 0. 0. 0. 0. 0. 0. 2.10200000e+00 2.60899997e+00
    2.59999990e+00 2.59999990e+00 2.56699991e+00 2.44400001e+00
    2.34400010e+00 2.26799989e+00 2.24600005e+00 2.24600005e+00
    1.94400001e+00 1.66299999e+00 1.62800002e+00 1.60599995e+00
    1.60599995e+00 1.73800004e+00 1.96399999e+00 1.91600001e+00
    1.80799997e+00 1.80799997e+00 1.79100001e+00 1.72099996e+00
    1.68299997e+00 1.68299997e+00 1.66299999e+00 1.63399994e+00
    1.60200000e+00 1.57500005e+00 0. 0. 0. 0. 0. 0. 0. 0. 0. 0. 0. 0.
    1.95299995e+00 2.45199990e+00 2.45099998e+00 2.43199992e+00
    2.39800000e+00 2.32599998e+00 2.25699997e+00 2.19400001e+00
    2.16300011e+00 2.14499998e+00 2.12299991e+00 2.10200000e+00
    2.08100009e+00 2.06800008e+00 2.06800008e+00 2.03500009e+00
    1.98000002e+00 1.92299998e+00 1.86600006e+00 1.83299994e+00
    1.79100001e+00 1.72399998e+00 1.68900001e+00 1.68900001e+00
    1.66700006e+00 1.63399994e+00 1.60200000e+00 1.57500005e+00 0. 0. 0.
    0. 0. 0. 0. 0. 0. 0. 0. 0. 1.79700005e+00 2.27999997e+00
    2.27800012e+00 2.23699999e+00 2.20700002e+00 2.20700002e+00
    2.18700004e+00 2.14700007e+00 2.10800004e+00 2.07100010e+00
    2.06699991e+00 2.06599998e+00 2.06599998e+00 2.06599998e+00
    2.06500006e+00 2.01999998e+00 1.94599998e+00 1.93200004e+00
    1.92999995e+00 1.85899997e+00 1.78999996e+00 1.72399998e+00
    1.68900001e+00 1.68799996e+00 1.66499996e+00 1.63199997e+00
    1.60200000e+00 1.57500005e+00 0. 0. 0. 0. 0. 0. 0. 0. 0. 0. 0. 0.
    1.75999999e+00 2.23900008e+00 2.23699999e+00 2.19600010e+00
    2.16700006e+00 2.16700006e+00 2.14700007e+00 2.10800004e+00
    2.08500004e+00 2.06900001e+00 2.04699993e+00 2.02800012e+00
    2.02800012e+00 2.01999998e+00 1.99800003e+00 1.95799994e+00
    1.90699995e+00 1.89699996e+00 1.89499998e+00 1.82500005e+00
    1.76100004e+00 1.71399999e+00 1.67999995e+00 1.66100001e+00
    1.63300002e+00 1.60099995e+00 1.58599997e+00 1.57500005e+00 0. 0. 0.
    0. 0. 0. 0. 0. 0. 0. 0. 0. 1.71399999e+00 2.18799996e+00
    2.18600011e+00 2.15199995e+00 2.12700009e+00 2.12700009e+00
    2.10800004e+00 2.06900001e+00 2.05800009e+00 2.05800009e+00
    2.02800012e+00 2. 2. 1.98599994e+00 1.94900000e+00 1.91299999e+00
    1.87800002e+00 1.86699998e+00 1.86000001e+00 1.79600000e+00
    1.74000001e+00 1.70700002e+00 1.67400002e+00 1.64100003e+00
    1.60899997e+00 1.57799995e+00 1.57500005e+00 1.57500005e+00 0. 0. 0.
    0. 0. 0. 0. 0. 0. 0. 0. 0. 1.64199996e+00 2.10800004e+00
    2.10800004e+00 2.09599996e+00 2.08800006e+00 2.08800006e+00
    2.06900001e+00 2.03099990e+00 2.01900005e+00 2.01900005e+00
    2.00900006e+00 2. 2. 1.98599994e+00 1.94900000e+00 1.91299999e+00
    1.87800002e+00 1.85099995e+00 1.82500005e+00 1.78100002e+00
    1.74000001e+00 1.70700002e+00 1.67400002e+00 1.64100003e+00
    1.60899997e+00 1.57799995e+00 1.57500005e+00 1.57500005e+00 0. 0. 0.
    0. 0. 0. 0. 0. 0. 0. 0. 0. 1.73300004e+00 2.06800008e+00
    2.06800008e+00 2.06800008e+00 2.06800008e+00 2.06800008e+00
    2.04900002e+00 2.01099992e+00 2. 2. 2. 2. 2. 1.98300004e+00
    1.93599999e+00 1.89600003e+00 1.86000001e+00 1.83299994e+00
    1.80700004e+00 1.78299999e+00 1.75600004e+00 1.72300005e+00
    1.69000006e+00 1.65699995e+00 1.61899996e+00 1.57900000e+00
    1.57500005e+00 1.57500005e+00 0. 0. 0. 0. 0. 0. 0. 0. 0. 0.
    1.27900004e+00 1.54900002e+00 1.99300003e+00 2.06800008e+00
    2.06800008e+00 2.06800008e+00 2.06800008e+00 2.06800008e+00
    2.04900002e+00 2.01099992e+00 2. 2. 2. 2. 2. 1.97500002e+00
    1.90900004e+00 1.86000001e+00 1.82500005e+00 1.81400001e+00
    1.80799997e+00 1.80200005e+00 1.78999996e+00 1.75600004e+00
    1.72300005e+00 1.69000006e+00 1.63900006e+00 1.58000004e+00
    1.57500005e+00 1.57500005e+00 0. 0. 0. 0. 0. 0. 0. 0. 0. 0.
    2.04099989e+00 2.04099989e+00 2.04099989e+00 2.04099989e+00
    2.04200006e+00 2.05699992e+00 2.06800008e+00 2.06800008e+00
    2.05699992e+00 2.03399992e+00 2.02699995e+00 2.02699995e+00
    2.02699995e+00 2.02500010e+00 2.00999999e+00 1.97300005e+00
    1.90100002e+00 1.85000002e+00 1.81500006e+00 1.80799997e+00
    1.80799997e+00 1.80799997e+00 1.80299997e+00 1.78299999e+00
    1.75600004e+00 1.72300005e+00 1.65900004e+00 1.58200002e+00
    1.57500005e+00 1.57500005e+00 0. 0. 0. 0. 0. 0. 0. 0. 0. 0.
    2.00300002e+00 2.00300002e+00 2.00300002e+00 2.00300002e+00
    2.00500011e+00 2.04099989e+00 2.06800008e+00 2.06800008e+00
    2.06699991e+00 2.06599998e+00 2.06500006e+00 2.06500006e+00
    2.06500006e+00 2.05999994e+00 2.02300000e+00 1.97300005e+00
    1.90100002e+00 1.85000002e+00 1.81500006e+00 1.80799997e+00
    1.80799997e+00 1.80799997e+00 1.80799997e+00 1.80599999e+00
    1.78999996e+00 1.75600004e+00 1.67999995e+00 1.58399999e+00
    1.57500005e+00 1.57500005e+00 0. 0. 0. 0. 0. 0. 0. 0. 0. 0. 2. 2. 2.
    2. 2.00200009e+00 2.03999996e+00 2.06800008e+00 2.06800008e+00
    2.06800008e+00 2.06800008e+00 2.06800008e+00 2.06800008e+00
    2.06800008e+00 2.05900002e+00 2.00200009e+00 1.94599998e+00
    1.89300001e+00 1.86099994e+00 1.84399998e+00 1.82599998e+00
    1.80799997e+00 1.80799997e+00 1.80799997e+00 1.80799997e+00
    1.79999995e+00 1.78400004e+00 1.74699998e+00 1.70099998e+00
    1.66499996e+00 1.63499999e+00 0. 0. 0. 0. 0. 0. 0. 0. 0. 0.
    2.00600004e+00 2.00600004e+00 2.00600004e+00 2.00600004e+00
    2.00699997e+00 2.04200006e+00 2.06800008e+00 2.06800008e+00
    2.06800008e+00 2.06800008e+00 2.06800008e+00 2.06800008e+00
    2.06800008e+00 2.05699992e+00 1.98099995e+00 1.92200005e+00
    1.88999999e+00 1.87500000e+00 1.87199998e+00 1.84500003e+00
    1.81299996e+00 1.81299996e+00 1.81299996e+00 1.81299996e+00
