<?xml version="1.0"?>
<opencv_storage>
<Depth type_id="opencv-matrix">
  <rows>40</rows>
  <cols>40</cols>
  <dt>f</dt>
  <data>
    0. 0. 0. 0. 0. 0. 0. 0. 0. 0. 0. 0. 0. 0. 0. 0. 0. 0. 0. 0. 0. 0. 0.
    0. 0. 0. 0. 0. 0. 0. 0. 0. 0. 0. 0. 0. 0. 0. 0. 0. 0. 0. 0. 0. 0. 0.
    0. 0. 0. 0. 0. 0. 0. 0. 0. 0. 0. 0. 0. 0. 0. 0. 0. 0. 0. 0. 0. 0. 0.
    0. 0. 0. 0. 0. 0. 0. 0. 0. 0. 0. 0. 0. 0. 0. 0. 0. 0. 0. 0. 0. 0. 0.
    0. 0. 0. 0. 0. 0. 0. 0. 0. 0. 0. 0. 0. 0. 0. 0. 0. 0. 0. 0. 0. 0. 0.
    0. 0. 0. 0. 0. 0. 0. 0. 0. 0. 0. 0. 0. 0. 0. 1.16299999e+00
    1.79700005e+00 1.79700005e+00 1.83000004e+00 1.86300004e+00
    1.86300004e+00 1.86300004e+00 1.86300004e+00 1.87899995e+00
    1.91600001e+00 1.93099999e+00 1.93099999e+00 1.93099999e+00
    1.93099999e+00 1.96599996e+00 2. 2. 2. 2. 2. 2. 2. 0. 0. 0. 0. 0. 0.
    0. 0. 0. 0. 0. 0. 0. 0. 0. 0. 0. 0. 1.16299999e+00 1.79700005e+00
    1.79700005e+00 1.82000005e+00 1.84200001e+00 1.84200001e+00
    1.84200001e+00 1.84200001e+00 1.85300004e+00 1.87800002e+00
    1.90199995e+00 1.92600000e+00 1.93099999e+00 1.93099999e+00
    1.95500004e+00 1.97899997e+00 1.99100006e+00 2. 2. 2. 2. 2. 0. 0. 0.
    0. 0. 0. 0. 0. 0. 0. 0. 0. 0. 0. 0. 0. 0. 0. 1.16299999e+00
    1.79700005e+00 1.79700005e+00 1.80100000e+00 1.80599999e+00
    1.80599999e+00 1.80599999e+00 1.80599999e+00 1.80799997e+00
    1.81299996e+00 1.85300004e+00 1.91600001e+00 1.93099999e+00
    1.93099999e+00 1.93599999e+00 1.94400001e+00 1.97599995e+00 2. 2. 2.
    2. 2. 0. 0. 0. 0. 0. 0. 0. 0. 0. 0. 0. 0. 0. 0. 0. 0. 0. 0.
    1.48300004e+00 1.84099996e+00 1.82500005e+00 1.80999994e+00
    1.79700005e+00 1.79700005e+00 1.79700005e+00 1.79700005e+00
    1.79700005e+00 1.79700005e+00 1.84099996e+00 1.91400003e+00
    1.93099999e+00 1.93099999e+00 1.93099999e+00 1.93299997e+00
    1.95500004e+00 1.97200000e+00 1.97200000e+00 1.97800004e+00
    1.99399996e+00 2. 0. 0. 0. 0. 0. 0. 0. 0. 0. 0. 0. 0. 0. 0. 0. 0.
    1.79100001e+00 1.83399999e+00 1.90699995e+00 1.89900005e+00
    1.86300004e+00 1.82799995e+00 1.79700005e+00 1.79700005e+00
    1.79700005e+00 1.79700005e+00 1.79700005e+00 1.79700005e+00
    1.84099996e+00 1.91400003e+00 1.93099999e+00 1.93099999e+00
    1.93099999e+00 1.93099999e+00 1.93299997e+00 1.93400002e+00
    1.93400002e+00 1.95000005e+00 1.98599994e+00 2. 0. 0. 0. 0. 0. 0. 0.
    0. 0. 0. 0. 0. 0. 0. 0. 0. 1.96500003e+00 1.95400000e+00
    1.93599999e+00 1.90300000e+00 1.86600006e+00 1.83000004e+00
    1.79700005e+00 1.79700005e+00 1.79700005e+00 1.79700005e+00
    1.79700005e+00 1.79700005e+00 1.84099996e+00 1.91400003e+00
    1.93099999e+00 1.93099999e+00 1.93099999e+00 1.93099999e+00
    1.93099999e+00 1.93099999e+00 1.93099999e+00 1.94799995e+00
    1.98500001e+00 2. 0. 0. 0. 0. 0. 0. 0. 0. 0. 0. 0. 0. 0. 0. 0. 0.
    1.93099999e+00 1.93099999e+00 1.93099999e+00 1.90400004e+00
    1.86899996e+00 1.83299994e+00 1.79999995e+00 1.79999995e+00
    1.79999995e+00 1.79999995e+00 1.79999995e+00 1.79999995e+00
    1.84300005e+00 1.91400003e+00 1.93099999e+00 1.93099999e+00
    1.93099999e+00 1.93099999e+00 1.93099999e+00 1.93099999e+00
    1.93099999e+00 1.94599998e+00 1.98000002e+00 1.99300003e+00 0. 0. 0.
    0. 0. 0. 0. 0. 0. 0. 0. 0. 0. 0. 0. 0. 1.93099999e+00 1.93099999e+00
    1.93099999e+00 1.91999996e+00 1.90499997e+00 1.87000000e+00
    1.83599997e+00 1.83599997e+00 1.83599997e+00 1.83599997e+00
    1.83599997e+00 1.83599997e+00 1.86699998e+00 1.91900003e+00
    1.93099999e+00 1.93099999e+00 1.93099999e+00 1.93099999e+00
    1.93099999e+00 1.93099999e+00 1.93099999e+00 1.92799997e+00
    1.92100000e+00 1.91799998e+00 0. 0. 0. 0. 0. 0. 0. 0. 0. 0. 0. 0. 0.
    0. 0. 0. 1.92100000e+00 1.92100000e+00 1.92100000e+00 1.92100000e+00
    1.92100000e+00 1.89199996e+00 1.86300004e+00 1.86300004e+00
    1.86300004e+00 1.86300004e+00 1.86300004e+00 1.86300004e+00
    1.88800001e+00 1.93099999e+00 1.94099998e+00 1.94099998e+00
    1.93599999e+00 1.93099999e+00 1.93099999e+00 1.92999995e+00
    1.92400002e+00 1.90499997e+00 1.86800003e+00 1.85399997e+00 0. 0. 0.
    0. 0. 0. 0. 0. 0. 0. 0. 0. 0. 0. 0. 0. 1.88399994e+00 1.88399994e+00
    1.88399994e+00 1.88399994e+00 1.88399994e+00 1.87399995e+00
    1.86300004e+00 1.86300004e+00 1.86300004e+00 1.86300004e+00
    1.86300004e+00 1.86300004e+00 1.90100002e+00 1.96399999e+00
    1.97800004e+00 1.97800004e+00 1.95400000e+00 1.93099999e+00
    1.93099999e+00 1.92400002e+00 1.89800000e+00 1.86800003e+00
    1.83200002e+00 1.81799996e+00 0. 0. 0. 0. 0. 0. 0. 0. 0. 0. 0. 0. 0.
    0. 0. 0. 1.84800005e+00 1.84300005e+00 1.83500004e+00 1.83299994e+00
    1.83299994e+00 1.84000003e+00 1.84800005e+00 1.85699999e+00
    1.86300004e+00 1.86300004e+00 1.87100005e+00 1.88800001e+00
    1.92900002e+00 1.98699999e+00 1.99300003e+00 1.98399997e+00
    1.95700002e+00 1.93099999e+00 1.93099999e+00 1.92100000e+00
    1.88399994e+00 1.84700000e+00 1.81099999e+00 1.79700005e+00 0. 0. 0.
    0. 0. 0. 0. 0. 0. 0. 0. 0. 0. 0. 0. 0. 1.81099999e+00 1.79600000e+00
    1.76900005e+00 1.76199996e+00 1.76199996e+00 1.78699994e+00
    1.81400001e+00 1.84200001e+00 1.86300004e+00 1.86300004e+00
    1.88800001e+00 1.94599998e+00 1.98000002e+00 1.99600005e+00
    1.97700000e+00 1.94799995e+00 1.93799996e+00 1.93099999e+00
    1.93099999e+00 1.92100000e+00 1.88399994e+00 1.84700000e+00
    1.81099999e+00 1.79700005e+00 0. 0. 0. 0. 0. 0. 0. 0. 0. 0. 0. 0. 0.
    0. 0. 0. 1.77600002e+00 1.76300001e+00 1.74000001e+00 1.73399997e+00
    1.73399997e+00 1.75500000e+00 1.77999997e+00 1.81500006e+00
    1.84099996e+00 1.84099996e+00 1.87899995e+00 1.96500003e+00 2. 2.
    1.97099996e+00 1.93299997e+00 1.93099999e+00 1.93099999e+00
    1.93099999e+00 1.92100000e+00 1.88399994e+00 1.84700000e+00
    1.81099999e+00 1.79700005e+00 0. 0. 0. 0. 0. 0. 0. 0. 0. 0. 0. 0. 0.
    0. 0. 0. 1.74199998e+00 1.73899996e+00 1.73500001e+00 1.73399997e+00
    1.73399997e+00 1.73800004e+00 1.74500000e+00 1.77999997e+00
    1.80499995e+00 1.80499995e+00 1.85099995e+00 1.95700002e+00 2. 2.
    1.97099996e+00 1.93299997e+00 1.93099999e+00 1.93099999e+00
    1.93099999e+00 1.92100000e+00 1.88399994e+00 1.84700000e+00
    1.81099999e+00 1.79700005e+00 0. 0. 0. 0. 0. 0. 0. 0. 0. 0. 0. 0. 0.
    0. 0. 0. 1.73399997e+00 1.73399997e+00 1.73399997e+00 1.73399997e+00
    1.73399997e+00 1.73399997e+00 1.73699999e+00 1.77199996e+00
    1.79700005e+00 1.79700005e+00 1.84500003e+00 1.95500004e+00 2. 2.
    1.97099996e+00 1.93299997e+00 1.93099999e+00 1.93099999e+00
    1.93099999e+00 1.92499995e+00 1.90400004e+00 1.88199997e+00
    1.86099994e+00 1.85300004e+00 0. 0. 0. 0. 0. 0. 0. 0. 0. 0. 0. 0. 0.
    0. 0. 0. 1.73399997e+00 1.73399997e+00 1.73399997e+00 1.73399997e+00
    1.73399997e+00 1.73399997e+00 1.73699999e+00 1.77199996e+00
    1.79700005e+00 1.79700005e+00 1.84500003e+00 1.95500004e+00 2. 2.
    1.97099996e+00 1.93299997e+00 1.93099999e+00 1.93099999e+00
    1.93099999e+00 1.93099999e+00 1.92900002e+00 1.92799997e+00
    1.92700005e+00 1.92600000e+00 0. 0. 0. 0. 0. 0. 0. 0. 0. 0. 0. 0. 0.
    0. 0. 0. 1.73399997e+00 1.73399997e+00 1.73399997e+00 1.73399997e+00
    1.73399997e+00 1.73399997e+00 1.73699999e+00 1.77199996e+00
    1.79700005e+00 1.79700005e+00 1.84500003e+00 1.95500004e+00 2. 2.
    1.97099996e+00 1.93299997e+00 1.93099999e+00 1.93099999e+00
    1.93099999e+00 1.93099999e+00 1.93099999e+00 1.93099999e+00
    1.93099999e+00 1.93099999e+00 0. 0. 0. 0. 0. 0. 0. 0. 0. 0. 0. 0. 0.
    0. 0. 0. 1.73800004e+00 1.73800004e+00 1.73800004e+00 1.73599994e+00
    1.73399997e+00 1.73399997e+00 1.73699999e+00 1.76900005e+00
    1.79299998e+00 1.79299998e+00 1.84099996e+00 1.95200002e+00
    1.99600005e+00 1.99600005e+00 1.96700001e+00 1.92999995e+00
    1.92700005e+00 1.92700005e+00 1.92900002e+00 1.93099999e+00
    1.93099999e+00 1.93099999e+00 1.93099999e+00 1.93099999e+00 0. 0. 0.
    0. 0. 0. 0. 0. 0. 0. 0. 0. 0. 0. 0. 0. 1.77199996e+00 1.77199996e+00
    1.77199996e+00 1.75600004e+00 1.73599994e+00 1.73399997e+00
