<?xml version="1.0"?>
<opencv_storage>
<Depth type_id="opencv-matrix">
  <rows>40</rows>
  <cols>40</cols>
  <dt>f</dt>
  <data>
    0. 0. 0. 0. 0. 0. 0. 0. 0. 0. 0. 2.33800006e+00 2.33800006e+00
    2.33800006e+00 2.30100012e+00 2.26699996e+00 2.26600003e+00
    2.26600003e+00 2.26600003e+00 2.26600003e+00 2.26600003e+00
    2.26699996e+00 2.25699997e+00 2.21399999e+00 0. 0. 0. 0. 0. 0. 0. 0.
    0. 0. 0. 0. 0. 0. 0. 0. 0. 0. 0. 0. 0. 0. 0. 0. 0. 0. 0.
    2.33800006e+00 2.32299995e+00 2.29999995e+00 2.28099990e+00
    2.26600003e+00 2.26600003e+00 2.26600003e+00 2.26600003e+00
    2.26600003e+00 2.26600003e+00 2.24399996e+00 2.22700000e+00
    2.22700000e+00 0. 0. 0. 0. 0. 0. 0. 0. 0. 0. 0. 0. 0. 0. 0. 0. 0. 0.
    0. 0. 0. 0. 0. 0. 0. 0. 0. 2.48600006e+00 2.40499997e+00
    2.27800012e+00 2.26600003e+00 2.26600003e+00 2.26600003e+00
    2.26600003e+00 2.26600003e+00 2.26600003e+00 2.26600003e+00
    2.22700000e+00 2.19700003e+00 2.19700003e+00 0. 0. 0. 0. 0. 0. 0. 0.
    0. 0. 0. 0. 0. 0. 0. 0. 0. 0. 0. 0. 0. 0. 0. 0. 0. 0. 0. 0.
    2.79099989e+00 2.31299996e+00 2.26600003e+00 2.26600003e+00
    2.26600003e+00 2.26600003e+00 2.26600003e+00 2.26600003e+00
    2.26600003e+00 2.22700000e+00 2.19700003e+00 2.19700003e+00 0. 0. 0.
    0. 0. 0. 0. 0. 0. 0. 0. 0. 0. 0. 0. 0. 0. 0. 0. 0. 0. 0. 0. 0. 0. 0.
    0. 0. 2.76999998e+00 2.31100011e+00 2.26600003e+00 2.26600003e+00
    2.26600003e+00 2.26600003e+00 2.26600003e+00 2.25000000e+00
    2.22600007e+00 2.18700004e+00 2.15700006e+00 2.15700006e+00 0. 0. 0.
    0. 0. 0. 0. 0. 0. 0. 0. 0. 0. 0. 0. 0. 0. 0. 0. 0. 0. 0. 0. 0. 0. 0.
    0. 2.41000009e+00 2.35700011e+00 2.27399993e+00 2.26600003e+00
    2.26600003e+00 2.26600003e+00 2.26600003e+00 2.26600003e+00
    2.21700001e+00 2.14800000e+00 2.10899997e+00 2.07999992e+00
    2.07999992e+00 0. 0. 0. 0. 0. 0. 0. 0. 0. 0. 0. 0. 0. 0. 0. 0. 0. 0.
    0. 0. 0. 0. 0. 0. 0. 0. 0. 2.23499990e+00 2.23499990e+00
    2.23499990e+00 2.23499990e+00 2.23799992e+00 2.25600004e+00
    2.25799990e+00 2.24000001e+00 2.19199991e+00 2.13100004e+00
    2.09200001e+00 2.06299996e+00 2.06299996e+00 0. 0. 0. 0. 0. 0. 0. 0.
    0. 0. 0. 0. 0. 0. 0. 0. 0. 0. 0. 0. 0. 0. 0. 0. 0. 0. 0.
    2.19199991e+00 2.19199991e+00 2.19300008e+00 2.19499993e+00
    2.20400000e+00 2.24399996e+00 2.24900007e+00 2.20900011e+00
    2.16899991e+00 2.13000011e+00 2.09299994e+00 2.04699993e+00
    1.97200000e+00 0. 0. 0. 0. 0. 0. 0. 0. 0. 0. 0. 0. 0. 0. 0. 0. 0. 0.
    0. 0. 0. 0. 0. 0. 0. 0. 0. 2.07800007e+00 2.09200001e+00
    2.11400008e+00 2.15799999e+00 2.20400000e+00 2.24399996e+00
    2.24900007e+00 2.20900011e+00 2.16899991e+00 2.13000011e+00
    2.11400008e+00 1.69900000e+00 0. 0. 0. 0. 0. 0. 0. 0. 0. 0. 0. 0. 0.
    0. 0. 0. 0. 0. 0. 0. 0. 0. 0. 0. 0. 0. 0. 0. 2. 2.01900005e+00
    2.04900002e+00 2.12700009e+00 2.20400000e+00 2.24399996e+00
    2.24900007e+00 2.20900011e+00 2.16899991e+00 2.13000011e+00
    2.12899995e+00 1.46000004e+00 0. 0. 0. 0. 0. 0. 0. 0. 0. 0. 0. 0. 0.
    0. 0. 0. 0. 0. 0. 0. 0. 0. 0. 0. 0. 0. 0. 0. 2. 2.00600004e+00
    2.01399994e+00 2.10999990e+00 2.20400000e+00 2.24399996e+00
    2.24900007e+00 2.20900011e+00 2.16899991e+00 2.13000011e+00
    2.12899995e+00 1.46000004e+00 0. 0. 0. 0. 0. 0. 0. 0. 0. 0. 0. 0. 0.
    0. 0. 0. 0. 0. 0. 0. 0. 0. 0. 0. 0. 0. 0. 0. 2. 2. 2. 2.09100008e+00
    2.18099999e+00 2.22099996e+00 2.22499990e+00 2.18600011e+00
    2.13800001e+00 2.08699989e+00 2.08599997e+00 1.42299998e+00 0. 0. 0.
    0. 0. 0. 0. 0. 0. 0. 0. 0. 0. 0. 0. 0. 0. 0. 0. 0. 0. 0. 0. 0. 0. 0.
    0. 0. 2. 2. 2. 2.06999993e+00 2.14199996e+00 2.18099999e+00
    2.18600011e+00 2.14599991e+00 2.08400011e+00 2.01300001e+00
    2.01099992e+00 1.35899997e+00 0. 0. 0. 0. 0. 0. 0. 0. 0. 0. 0. 0. 0.
    0. 0. 0. 0. 0. 0. 0. 0. 0. 0. 0. 0. 0. 0. 0. 2.79299998e+00
    2.52600002e+00 2.10500002e+00 2.09800005e+00 2.13199997e+00
    2.15199995e+00 2.15499997e+00 2.13499999e+00 2.07599998e+00
    2.00200009e+00 2. 1.67299998e+00 0. 0. 0. 0. 0. 0. 0. 0. 0. 0. 0. 0.
    0. 0. 0. 0. 0. 0. 0. 0. 0. 0. 0. 0. 0. 0. 0. 0. 0. 0. 2.29399991e+00
    2.17100000e+00 2.12899995e+00 2.12899995e+00 2.12800002e+00
    2.12500000e+00 2.07500005e+00 2.00600004e+00 2.00399995e+00
    2.01300001e+00 2.04600000e+00 2.06699991e+00 2.07500005e+00
    2.16199994e+00 2.26600003e+00 0. 0. 0. 0. 0. 0. 0. 0. 0. 0. 0. 0. 0.
    0. 0. 0. 0. 0. 0. 0. 0. 0. 0. 0. 0. 2.97499990e+00 2.51999998e+00
    2.12899995e+00 2.12899995e+00 2.11800003e+00 2.09400010e+00
    2.06800008e+00 2.04099989e+00 2.04099989e+00 2.04399991e+00
    2.05699992e+00 2.10200000e+00 2.17700005e+00 2.22600007e+00
    2.26600003e+00 0. 0. 0. 0. 0. 0. 0. 0. 0. 0. 0. 0. 0. 0. 0. 0. 0. 0.
    0. 0. 0. 0. 0. 0. 0. 0. 2.73499990e+00 2.12800002e+00 2.11899996e+00
    2.10100007e+00 2.07200003e+00 2.06299996e+00 2.06299996e+00
    2.05500007e+00 2.04900002e+00 2.04900002e+00 2.11299992e+00
    2.23799992e+00 2.26600003e+00 2.26600003e+00 0. 0. 0. 0. 0. 0. 0. 0.
    0. 0. 0. 0. 0. 0. 0. 0. 0. 0. 0. 0. 0. 0. 0. 0. 0. 0. 2.73499990e+00
    2.12400007e+00 2.09299994e+00 2.07299995e+00 2.06500006e+00
    2.06299996e+00 2.06299996e+00 2.03500009e+00 2.01300001e+00
    2.01300001e+00 2.08699989e+00 2.23399997e+00 2.26600003e+00
    2.26600003e+00 0. 0. 0. 0. 0. 0. 0. 0. 0. 0. 0. 0. 0. 0. 0. 0. 0. 0.
    0. 0. 0. 0. 0. 0. 0. 2.94000006e+00 2.50500011e+00 2.12299991e+00
    2.08400011e+00 2.06299996e+00 2.06299996e+00 2.06299996e+00
    2.06299996e+00 2.02800012e+00 2. 2. 2.04900002e+00 2.14400005e+00
    1.37500000e+00 0. 0. 0. 0. 0. 0. 0. 0. 0. 0. 0. 0. 0. 0. 0. 0. 0. 0.
    0. 0. 0. 0. 0. 0. 0. 2.88700008e+00 2.24799991e+00 2.15599990e+00
    2.12299991e+00 2.08400011e+00 2.06299996e+00 2.06299996e+00
    2.06299996e+00 2.06299996e+00 2.02800012e+00 2. 2. 2.00300002e+00
    2.00999999e+00 0. 0. 0. 0. 0. 0. 0. 0. 0. 0. 0. 0. 0. 0. 0. 0. 0. 0.
    0. 0. 0. 0. 0. 0. 0. 0. 2.87700009e+00 2.22900009e+00 2.16499996e+00
    2.15899992e+00 2.11999989e+00 2.08899999e+00 2.06900001e+00
    2.04900002e+00 2.02999997e+00 2.01300001e+00 1.99500000e+00
    1.97599995e+00 1.96599996e+00 1.96599996e+00 0. 0. 0. 0. 0. 0. 0. 0.
    0. 0. 0. 0. 0. 0. 0. 0. 0. 0. 0. 0. 0. 0. 0. 0. 0. 0. 2.92899990e+00
    2.36199999e+00 2.24200010e+00 2.17600012e+00 2.14100003e+00
    2.10700011e+00 2.07299995e+00 2.03699994e+00 2.00099993e+00 2.
    1.99000001e+00 1.95000005e+00 1.92999995e+00 1.92999995e+00 0. 0. 0.
    0. 0. 0. 0. 0. 0. 0. 0. 0. 0. 0. 0. 0. 0. 0. 0. 0. 0. 0. 0. 0. 0. 0.
    0. 2.90100002e+00 2.47499990e+00 2.10299993e+00 2.08999991e+00
    2.07800007e+00 2.06599998e+00 2.03699994e+00 2.00099993e+00 2.
    1.98500001e+00 1.92499995e+00 1.89600003e+00 1.89600003e+00 0. 0. 0.
    0. 0. 0. 0. 0. 0. 0. 0. 0. 0. 0. 0. 0. 0. 0. 0. 0. 0. 0. 0. 0. 0. 0.
    0. 0. 2.60200000e+00 2.06299996e+00 2.06299996e+00 2.06299996e+00
    2.06299996e+00 2.03699994e+00 2.00099993e+00 1.99100006e+00
    1.96800005e+00 1.90699995e+00 1.87699997e+00 1.87699997e+00 0. 0. 0.
    0. 0. 0. 0. 0. 0. 0. 0. 0. 0. 0. 0. 0. 0. 0. 0. 0. 0. 0. 0. 0. 0. 0.
    0. 0. 2.60200000e+00 2.06299996e+00 2.06299996e+00 2.06299996e+00
    2.06299996e+00 2.03699994e+00 2.00099993e+00 1.97000003e+00
    1.93700004e+00 1.89699996e+00 1.87699997e+00 1.87699997e+00 0. 0. 0.
    0. 0. 0. 0. 0. 0. 0. 0. 0. 0. 0. 0. 0. 0. 0. 0. 0. 0. 0. 0. 0. 0. 0.
    0. 0. 2.53500009e+00 1.93599999e+00 1.93599999e+00 1.96099997e+00
    2.01900005e+00 2.02200007e+00 2.00099993e+00 1.96500003e+00
    1.93200004e+00 1.91199994e+00 1.90199995e+00 1.90199995e+00 0. 0. 0.
    0. 0. 0. 0. 0. 0. 0. 0. 0. 0. 0. 0. 0. 0. 0. 0. 0. 0. 0. 0. 0. 0. 0.
    0. 0. 2.44400001e+00 1.76100004e+00 1.76100004e+00 1.82099998e+00
    1.96000004e+00 2. 2. 1.96500003e+00 1.93700004e+00 1.93700004e+00
    1.93700004e+00 1.93700004e+00 0. 0. 0. 0. 0. 0. 0. 0. 0. 0. 0. 0. 0.
    0. 0. 0. 0. 0. 0. 0. 0. 0. 0. 0. 0. 0. 0. 0. 2.41700006e+00
    1.75999999e+00 1.75999999e+00 1.82099998e+00 1.95899999e+00
    1.98500001e+00 1.96399999e+00 1.94900000e+00 1.93700004e+00
