<?xml version="1.0"?>
<opencv_storage>
<Depth type_id="opencv-matrix">
  <rows>40</rows>
  <cols>40</cols>
  <dt>f</dt>
  <data>
    0. 0. 0. 0. 0. 0. 0. 0. 0. 0. 0. 0. 0. 0. 0. 0. 0. 0. 0. 0. 0. 0. 0.
    0. 0. 0. 0. 0. 0. 0. 0. 0. 0. 0. 0. 0. 0. 0. 0. 0. 0. 0. 0. 0. 0. 0.
    0. 0. 0. 0. 0. 0. 0. 0. 0. 0. 0. 0. 0. 0. 0. 0. 0. 0. 0. 0. 0. 0. 0.
    0. 0. 0. 0. 0. 0. 0. 0. 0. 0. 0. 0. 0. 0. 0. 0. 0. 0. 0. 0. 0. 0. 0.
    0. 0. 0. 0. 0. 0. 0. 0. 0. 0. 0. 0. 0. 0. 0. 0. 0. 0. 0. 0. 0. 0. 0.
    0. 0. 0. 0. 0. 0. 0. 0. 0. 0. 0. 0. 0. 0. 0. 0. 0. 0. 0. 0. 0. 0. 0.
    0. 0. 0. 0. 0. 0. 0. 0. 0. 0. 0. 0. 0. 0. 0. 0. 0. 0. 0. 0. 0. 0. 0.
    0. 0. 0. 0. 0. 0. 0. 0. 0. 0. 0. 0. 0. 0. 0. 0. 0. 0. 0. 0. 0. 0. 0.
    0. 0. 0. 0. 0. 0. 0. 0. 0. 0. 0. 0. 0. 0. 0. 0. 0. 0. 0. 0. 0. 0. 0.
    0. 0. 0. 0. 0. 0. 0. 0. 0. 0. 0. 0. 0. 0. 0. 0. 0. 0. 0. 0. 0. 0. 0.
    0. 0. 0. 0. 0. 0. 0. 0. 0. 0. 0. 0. 0. 0. 0. 0. 0. 0. 0. 0. 0. 0. 0.
    0. 0. 0. 0. 0. 0. 0. 0. 0. 0. 0. 0. 0. 0. 0. 0. 0. 0. 0. 0. 0. 0. 0.
    0. 0. 0. 0. 0. 0. 0. 0. 0. 0. 0. 0. 0. 0. 0. 0. 0. 0. 0. 0. 0. 0. 0.
    0. 0. 0. 0. 0. 0. 0. 0. 0. 0. 0. 0. 0. 0. 0. 0. 0. 0. 0. 0. 0. 0. 0.
    0. 0. 0. 0. 0. 0. 0. 0. 0. 0. 0. 0. 0. 0. 0. 0. 0. 0. 0. 0. 0. 0. 0.
    0. 0. 0. 0. 0. 0. 0. 0. 0. 0. 0. 0. 0. 0. 0. 0. 0. 0. 0. 0. 0. 0. 0.
    0. 0. 0. 0. 0. 0. 0. 0. 0. 0. 0. 0. 0. 0. 0. 0. 0. 0. 0. 0. 0. 0. 0.
    0. 0. 0. 0. 0. 0. 0. 0. 0. 0. 0. 0. 0. 0. 0. 0. 0. 0. 0. 0. 0. 0. 0.
    0. 0. 0. 0. 0. 0. 0. 0. 0. 0. 0. 0. 0. 0. 0. 0. 0. 0. 0. 0. 0. 0. 0.
    0. 0. 0. 0. 0. 0. 0. 0. 0. 0. 0. 0. 0. 0. 0. 0. 0. 0. 0. 0. 0. 0. 0.
    0. 0. 0. 0. 0. 0. 0. 0. 0. 0. 0. 0. 0. 0. 0. 0. 0. 0. 0. 0. 0. 0. 0.
    0. 0. 0. 0. 0. 0. 0. 0. 0. 0. 0. 0. 0. 0. 0. 0. 0. 0. 0. 0. 0. 0. 0.
    0. 0. 0. 0. 0. 0. 0. 0. 0. 0. 0. 0. 0. 0. 0. 0. 0. 0. 0. 0. 0. 0. 0.
    0. 0. 0. 0. 0. 0. 2.29600000e+00 2.22399998e+00 2.20000005e+00
    2.18899989e+00 2.12199998e+00 2.01500010e+00 1.90699995e+00
    1.90699995e+00 1.90699995e+00 1.91100001e+00 1.94200003e+00
    1.89699996e+00 1.81799996e+00 1.81799996e+00 1.81799996e+00
    1.81799996e+00 1.81799996e+00 1.83500004e+00 1.86199999e+00
    1.86199999e+00 1.82799995e+00 1.77499998e+00 1.77499998e+00
    1.77499998e+00 1.77499998e+00 0. 0. 0. 0. 0. 0. 0. 0. 0. 0. 0. 0. 0.
    0. 2.69199991e+00 2.28999996e+00 2.18499994e+00 2.12800002e+00
    2.09299994e+00 2.04299998e+00 1.97500002e+00 1.90699995e+00
    1.90699995e+00 1.90699995e+00 1.90699995e+00 1.90799999e+00
    1.87100005e+00 1.81599998e+00 1.80200005e+00 1.79700005e+00
    1.79700005e+00 1.79700005e+00 1.80599999e+00 1.81900001e+00
    1.81900001e+00 1.79400003e+00 1.75399995e+00 1.75399995e+00
    1.75399995e+00 1.75399995e+00 2.60400009e+00 2.60400009e+00
    2.60400009e+00 2.58599997e+00 2.50399995e+00 2.48099995e+00
    2.48099995e+00 2.48099995e+00 2.37500000e+00 2.25399995e+00
    2.25399995e+00 2.27099991e+00 2.28999996e+00 2.28399992e+00
    2.28299999e+00 2.26099992e+00 2.13899994e+00 2.05500007e+00
    1.99500000e+00 1.96399999e+00 1.93299997e+00 1.90699995e+00
    1.90699995e+00 1.90699995e+00 1.90300000e+00 1.87300003e+00
    1.84399998e+00 1.81500006e+00 1.78600001e+00 1.77499998e+00
    1.77499998e+00 1.77499998e+00 1.77499998e+00 1.77499998e+00
    1.77499998e+00 1.75600004e+00 1.72599995e+00 1.72599995e+00
    1.72599995e+00 1.72599995e+00 2.60400009e+00 2.60400009e+00
    2.60400009e+00 2.58599997e+00 2.50399995e+00 2.48099995e+00
    2.48099995e+00 2.48099995e+00 2.37500000e+00 2.25399995e+00
    2.25399995e+00 2.23799992e+00 2.21399999e+00 2.18600011e+00
    2.17700005e+00 2.16799998e+00 2.11599994e+00 2.05500007e+00
    1.99500000e+00 1.96399999e+00 1.93299997e+00 1.90699995e+00
    1.90699995e+00 1.90699995e+00 1.90300000e+00 1.87300003e+00
    1.84399998e+00 1.81500006e+00 1.78600001e+00 1.77499998e+00
    1.77499998e+00 1.77499998e+00 1.77499998e+00 1.77499998e+00
    1.77499998e+00 1.74500000e+00 1.69799995e+00 1.69799995e+00
    1.69799995e+00 1.69799995e+00 2.57299995e+00 2.57299995e+00
    2.57299995e+00 2.55900002e+00 2.49799991e+00 2.48099995e+00
    2.48099995e+00 2.48099995e+00 2.37500000e+00 2.25399995e+00
    2.25399995e+00 2.22900009e+00 2.19700003e+00 2.17899990e+00
    2.16300011e+00 2.14299989e+00 2.10899997e+00 2.05500007e+00
    1.99500000e+00 1.96399999e+00 1.94299996e+00 1.92900002e+00
    1.92900002e+00 1.92900002e+00 1.92299998e+00 1.87899995e+00
    1.84399998e+00 1.81500006e+00 1.78600001e+00 1.77499998e+00
    1.77499998e+00 1.77499998e+00 1.76699996e+00 1.75500000e+00
    1.75500000e+00 1.73000002e+00 1.69000006e+00 1.67700005e+00
    1.67200005e+00 1.67200005e+00 2.52300000e+00 2.52300000e+00
    2.52699995e+00 2.52399993e+00 2.49000001e+00 2.47700000e+00
    2.47000003e+00 2.45799994e+00 2.35700011e+00 2.24600005e+00
    2.24600005e+00 2.22499990e+00 2.20000005e+00 2.20000005e+00
    2.17700005e+00 2.14299989e+00 2.10899997e+00 2.05800009e+00
    2.00200009e+00 1.97099996e+00 1.96000004e+00 1.95899999e+00
    1.95500004e+00 1.95299995e+00 1.94599998e+00 1.89499998e+00
    1.85200000e+00 1.81500006e+00 1.78600001e+00 1.77499998e+00
    1.77499998e+00 1.77499998e+00 1.75800002e+00 1.73300004e+00
    1.73300004e+00 1.71700001e+00 1.68900001e+00 1.66199994e+00
    1.65100002e+00 1.65300000e+00 2.44400001e+00 2.44400001e+00
    2.46799994e+00 2.49000001e+00 2.48300004e+00 2.45799994e+00
    2.42000008e+00 2.35800004e+00 2.27900004e+00 2.21000004e+00
    2.21000004e+00 2.20499992e+00 2.20000005e+00 2.20000005e+00
    2.17700005e+00 2.14299989e+00 2.10899997e+00 2.07200003e+00
    2.03399992e+00 2.00200009e+00 1.99100006e+00 1.98800004e+00
    1.96200001e+00 1.95299995e+00 1.95200002e+00 1.94000006e+00
    1.88699996e+00 1.81500006e+00 1.78600001e+00 1.77499998e+00
    1.77499998e+00 1.77499998e+00 1.75800002e+00 1.73300004e+00
    1.73300004e+00 1.71700001e+00 1.68900001e+00 1.66199994e+00
    1.65100002e+00 1.65300000e+00 2.42199993e+00 2.42199993e+00
    2.45099998e+00 2.48099995e+00 2.48099995e+00 2.45300007e+00
    2.40599990e+00 2.32999992e+00 2.25699997e+00 2.20000005e+00
    2.20000005e+00 2.20000005e+00 2.20000005e+00 2.20000005e+00
    2.17700005e+00 2.14299989e+00 2.10899997e+00 2.07599998e+00
    2.04299998e+00 2.01099992e+00 2. 1.99500000e+00 1.96399999e+00
    1.95299995e+00 1.95299995e+00 1.95299995e+00 1.90600002e+00
    1.83599997e+00 1.80700004e+00 1.78699994e+00 1.77499998e+00
    1.77499998e+00 1.76600003e+00 1.75199997e+00 1.73899996e+00
    1.72399998e+00 1.70899999e+00 1.68200004e+00 1.66999996e+00
    1.67100000e+00 2.43000007e+00 2.43000007e+00 2.45499992e+00
    2.48099995e+00 2.48099995e+00 2.45300007e+00 2.40499997e+00
    2.32399988e+00 2.25300002e+00 2.20000005e+00 2.20000005e+00
    2.20000005e+00 2.20000005e+00 2.20000005e+00 2.17700005e+00
    2.14299989e+00 2.10899997e+00 2.07900000e+00 2.04999995e+00
    2.01799989e+00 2.00699997e+00 2.00200009e+00 1.97099996e+00
    1.95700002e+00 1.95200002e+00 1.94799995e+00 1.91100001e+00
    1.85899997e+00 1.82900000e+00 1.80100000e+00 1.77499998e+00
    1.77499998e+00 1.77499998e+00 1.77300000e+00 1.74899995e+00
    1.73699999e+00 1.73099995e+00 1.70299995e+00 1.69099998e+00
    1.69099998e+00 2.47000003e+00 2.47000003e+00 2.47499990e+00
    2.48099995e+00 2.48099995e+00 2.45300007e+00 2.40000010e+00
    2.29500008e+00 2.23399997e+00 2.20000005e+00 2.20000005e+00
    2.20000005e+00 2.20000005e+00 2.20000005e+00 2.17700005e+00
    2.14299989e+00 2.10899997e+00 2.09400010e+00 2.08299994e+00
    2.04999995e+00 2.03900003e+00 2.03399992e+00 2.00200009e+00
    1.97500002e+00 1.95000005e+00 1.92499995e+00 1.89400005e+00
    1.85899997e+00 1.82900000e+00 1.80100000e+00 1.77499998e+00
    1.77499998e+00 1.77499998e+00 1.77400005e+00 1.76900005e+00
    1.75399995e+00 1.73099995e+00 1.70299995e+00 1.69099998e+00
    1.69099998e+00 2.48099995e+00 2.48099995e+00 2.48099995e+00
    2.48099995e+00 2.48099995e+00 2.46600008e+00 2.42199993e+00
    2.29200006e+00 2.22900009e+00 2.20000005e+00 2.20000005e+00
