<?xml version="1.0"?>
<opencv_storage>
<Depth type_id="opencv-matrix">
  <rows>40</rows>
  <cols>40</cols>
  <dt>f</dt>
  <data>
    0. 0. 0. 0. 0. 0. 0. 0. 0. 0. 0. 0. 0. 0. 0. 0. 0. 0. 0. 0. 0. 0. 0.
    0. 0. 0. 0. 0. 0. 0. 0. 0. 0. 0. 0. 0. 0. 0. 0. 0. 0. 0. 0. 0. 0. 0.
    0. 0. 0. 0. 0. 0. 0. 0. 0. 0. 0. 0. 0. 0. 0. 0. 0. 0. 0. 0. 0. 0. 0.
    0. 0. 0. 0. 0. 0. 0. 0. 0. 0. 0. 0. 0. 0. 0. 0. 0. 0. 0. 0. 0. 0. 0.
    0. 0. 0. 0. 0. 0. 0. 0. 0. 0. 0. 0. 0. 0. 0. 0. 0. 0. 0. 0. 0. 0. 0.
    0. 0. 0. 0. 0. 0. 0. 0. 0. 0. 0. 0. 0. 0. 2.98200011e+00
    2.94400001e+00 2.91499996e+00 2.90400004e+00 2.88000011e+00
    2.56299996e+00 2.14400005e+00 2.10999990e+00 2.06800008e+00
    2.04200006e+00 2.00600004e+00 2. 2.03699994e+00 2.03600001e+00
    2.01799989e+00 2.01799989e+00 2.01200008e+00 2. 1.99199998e+00
    1.98199999e+00 1.93900001e+00 0. 0. 0. 0. 0. 0. 0. 0. 0. 0. 0. 0. 0.
    0. 0. 0. 0. 0. 0. 2.98200011e+00 2.94799995e+00 2.93099999e+00
    2.88000011e+00 2.88000011e+00 2.60100007e+00 2.19600010e+00
    2.11800003e+00 2.06800008e+00 2.04200006e+00 2.00799990e+00
    2.00200009e+00 2.03699994e+00 2.03299999e+00 2.01600003e+00
    2.01200008e+00 2. 2. 1.99199998e+00 1.98199999e+00 1.94400001e+00 0.
    0. 0. 0. 0. 0. 0. 0. 0. 0. 0. 0. 0. 0. 0. 0. 0. 0. 0. 2.97499990e+00
    2.94400001e+00 2.90700006e+00 2.88000011e+00 2.88000011e+00
    2.88000011e+00 2.50399995e+00 2.11700010e+00 2.06800008e+00
    2.04200006e+00 2.02099991e+00 2.01799989e+00 2.03699994e+00
    2.01699996e+00 2. 2. 2. 2. 1.99199998e+00 1.98199999e+00
    1.98199999e+00 0. 0. 0. 0. 0. 0. 0. 0. 0. 0. 0. 0. 0. 0. 0. 0. 0. 0.
    0. 2.94799995e+00 2.93499994e+00 2.90000010e+00 2.88000011e+00
    2.88000011e+00 2.88000011e+00 2.49200010e+00 2.10800004e+00
    2.07200003e+00 2.04299998e+00 2.02600002e+00 2.01799989e+00
    2.03200006e+00 2.01699996e+00 2. 2. 2. 2. 1.99199998e+00
    1.98199999e+00 1.55400002e+00 0. 0. 0. 0. 0. 0. 0. 0. 0. 0. 0. 0. 0.
    0. 0. 0. 0. 0. 0. 2.94700003e+00 2.91000009e+00 2.88000011e+00
    2.88000011e+00 2.88000011e+00 2.76399994e+00 2.35200000e+00
    2.09500003e+00 2.07399988e+00 2.03999996e+00 2.02500010e+00
    2.01300001e+00 2.01200008e+00 2.01099992e+00 2. 2. 2.00200009e+00
    2.00600004e+00 1.99800003e+00 1.98800004e+00 0. 0. 0. 0. 0. 0. 0. 0.
    0. 0. 0. 0. 0. 0. 0. 0. 0. 0. 0. 0. 2.94700003e+00 2.91000009e+00
    2.88000011e+00 2.88000011e+00 2.88000011e+00 2.55399990e+00
    2.11299992e+00 2.08299994e+00 2.06200004e+00 2.02699995e+00
    2.00300002e+00 2. 2. 2. 2. 2. 2.00600004e+00 2.01799989e+00
    2.00600004e+00 1.99199998e+00 0. 0. 0. 0. 0. 0. 0. 0. 0. 0. 0. 0. 0.
    0. 0. 0. 0. 0. 0. 0. 2.94700003e+00 2.91000009e+00 2.88000011e+00
    2.88000011e+00 2.88000011e+00 2.54099989e+00 2.09299994e+00
    2.07299995e+00 2.05200005e+00 2.02500010e+00 1.99500000e+00
    1.99100006e+00 2. 2. 2. 2. 2.00600004e+00 2.01799989e+00
    2.00099993e+00 1.98199999e+00 0. 0. 0. 0. 0. 0. 0. 0. 0. 0. 0. 0. 0.
    0. 0. 0. 0. 0. 0. 0. 2.96700001e+00 2.92799997e+00 2.88000011e+00
    2.75300002e+00 2.42400002e+00 2.27200007e+00 2.07500005e+00
    2.06399989e+00 2.03600001e+00 2.01200008e+00 1.98599994e+00
    1.98199999e+00 2. 2. 2. 2.00200009e+00 2.01300001e+00 2.01799989e+00
    2.00600004e+00 1.99300003e+00 1.38100004e+00 0. 0. 0. 0. 0. 0. 0. 0.
    0. 0. 0. 0. 0. 0. 0. 0. 0. 0. 0. 2.98200011e+00 2.94000006e+00
    2.88000011e+00 2.66700006e+00 2.11299992e+00 2.10200000e+00
    2.08800006e+00 2.06900001e+00 2.02999997e+00 2.00399995e+00
    1.99500000e+00 1.99399996e+00 2. 2. 2. 2.00399995e+00 2.01799989e+00
    2.01799989e+00 2.00999999e+00 2. 2.02300000e+00 0. 0. 0. 0. 0. 0. 0.
    0. 0. 0. 0. 0. 0. 0. 0. 0. 0. 0. 0. 2.98099995e+00 2.91700006e+00
    2.88000011e+00 2.82100010e+00 2.47399998e+00 2.11899996e+00
    2.10100007e+00 2.07100010e+00 2.02099991e+00 2.00099993e+00 2. 2. 2.
    2.01399994e+00 2.01399994e+00 2.01500010e+00 2.01799989e+00
    2.02399993e+00 2.02399993e+00 2.01399994e+00 2.03699994e+00 0. 0. 0.
    0. 0. 0. 0. 0. 0. 0. 0. 0. 0. 0. 0. 0. 0. 0. 0. 2.95199990e+00
    2.91000009e+00 2.88000011e+00 2.87899995e+00 2.60999990e+00
    2.12400007e+00 2.10299993e+00 2.07100010e+00 2.01799989e+00 2. 2. 2.
    2. 2.01799989e+00 2.01799989e+00 2.01799989e+00 2.02300000e+00
    2.04099989e+00 2.05100012e+00 2.04999995e+00 0. 0. 0. 0. 0. 0. 0. 0.
    0. 0. 0. 0. 0. 0. 0. 0. 0. 0. 0. 0. 2.91599989e+00 2.88299990e+00
    2.88000011e+00 2.87199998e+00 2.58200002e+00 2.09699988e+00
    2.08599997e+00 2.05399990e+00 2.01300001e+00 2. 2. 2.01500010e+00
    2.01600003e+00 2.01799989e+00 2.01799989e+00 2.01799989e+00
    2.02399993e+00 2.04399991e+00 2.05599999e+00 2.05599999e+00
    1.92700005e+00 0. 0. 0. 0. 0. 0. 0. 0. 0. 0. 0. 0. 0. 0. 0. 0. 0. 0.
    0. 2.91300011e+00 2.87599993e+00 2.84800005e+00 2.83899999e+00
    2.54500008e+00 2.05599999e+00 2.05599999e+00 2.02300000e+00 2. 2.
    2.01500010e+00 2.01799989e+00 2.03699994e+00 2.03699994e+00
    2.03699994e+00 2.03699994e+00 2.03699994e+00 2.04399991e+00
    2.04699993e+00 2.03699994e+00 2.04900002e+00 0. 0. 0. 0. 0. 0. 0. 0.
    0. 0. 0. 0. 0. 0. 0. 0. 0. 0. 0. 2.88000011e+00 2.87400007e+00
    2.84100008e+00 2.60400009e+00 2.05599999e+00 2.05599999e+00
    2.05399990e+00 2.01999998e+00 1.98699999e+00 1.98199999e+00
    1.99699998e+00 2.01500010e+00 2.03500009e+00 2.03399992e+00
    2.01799989e+00 2.02200007e+00 2.03600001e+00 2.03600001e+00
    2.01999998e+00 2. 2.03299999e+00 0. 0. 0. 0. 0. 0. 0. 0. 0. 0. 0. 0.
    0. 0. 0. 0. 0. 0. 0. 2.87899995e+00 2.84800005e+00 2.84100008e+00
    2.60400009e+00 2.05599999e+00 2.05500007e+00 2.02600002e+00
    1.98899996e+00 1.98199999e+00 1.98199999e+00 1.99699998e+00 2.
    2.01500010e+00 2.01500010e+00 2.01500010e+00 2.01500010e+00
    2.01399994e+00 2.01900005e+00 2.01799989e+00 2.00399995e+00
    2.01200008e+00 0. 0. 0. 0. 0. 0. 0. 0. 0. 0. 0. 0. 0. 0. 0. 0. 0. 0.
    0. 2.87899995e+00 2.84800005e+00 2.84100008e+00 2.60299993e+00
    2.05200005e+00 2.04299998e+00 2.01600003e+00 1.98899996e+00
    1.98199999e+00 1.98199999e+00 1.99699998e+00 2. 2. 2. 2. 2.
    1.99399996e+00 1.98199999e+00 1.73800004e+00 1.45200002e+00
    1.44500005e+00 0. 0. 0. 0. 0. 0. 0. 0. 0. 0. 0. 0. 0. 0. 0. 0. 0. 0.
    0. 2.86899996e+00 2.84800005e+00 2.84299994e+00 2.60599995e+00
    2.03500009e+00 2.02500010e+00 2.00600004e+00 1.98699999e+00
    1.98199999e+00 1.98199999e+00 1.99699998e+00 2. 2. 2. 2. 2.
    1.99600005e+00 1.69099998e+00 0. 0. 0. 0. 0. 0. 0. 0. 0. 0. 0. 0. 0.
    0. 0. 0. 0. 0. 0. 0. 0. 0. 2.84800005e+00 2.84800005e+00
    2.78900003e+00 2.40700006e+00 2.02999997e+00 2.01799989e+00
    1.99899995e+00 1.98199999e+00 1.98199999e+00 1.98699999e+00
    1.99800003e+00 2. 2. 2. 2. 2. 2.00200009e+00 1.04200006e+00 0. 0. 0.
    0. 0. 0. 0. 0. 0. 0. 0. 0. 0. 0. 0. 0. 0. 0. 0. 0. 0. 0.
    2.84800005e+00 2.80699992e+00 2.42000008e+00 2.06900001e+00
    2.04800010e+00 2.03200006e+00 2.00799990e+00 1.99000001e+00
    1.99000001e+00 1.99800003e+00 2. 2. 2. 2. 2. 2. 1.64600003e+00 0. 0.
    0. 0. 0. 0. 0. 0. 0. 0. 0. 0. 0. 0. 0. 0. 0. 0. 0. 0. 0. 0. 0.
    2.83299994e+00 2.41700006e+00 2.10800004e+00 2.08200002e+00
    2.07200003e+00 2.05800009e+00 2.02800012e+00 2.00399995e+00 2. 2. 2.
    2. 2. 2. 2. 2. 1.23500001e+00 0. 0. 0. 0. 0. 0. 0. 0. 0. 0. 0. 0. 0.
    0. 0. 0. 0. 0. 0. 0. 0. 0. 0. 2.81900001e+00 2.11999989e+00
    2.10899997e+00 2.08899999e+00 2.07500005e+00 2.06699991e+00
    2.03600001e+00 2.00699997e+00 2. 2. 2. 2. 2. 2. 2. 2. 1.23500001e+00
    0. 0. 0. 0. 0. 0. 0. 0. 0. 0. 0. 0. 0. 0. 0. 0. 0. 0. 0. 0. 0. 0. 0.
    2.81900001e+00 2.10999990e+00 2.08500004e+00 2.07900000e+00
    2.06999993e+00 2.04699993e+00 2.01699996e+00 2.00200009e+00 2. 2. 2.
    2. 2. 2. 2. 2. 1.78199995e+00 0. 0. 0. 0. 0. 0. 0. 0. 0. 0. 0. 0. 0.
    0. 0. 0. 0. 0. 0. 0. 0. 0. 0. 2.84200001e+00 2.61599994e+00
    2.07500005e+00 2.07100010e+00 2.04800010e+00 2.02300000e+00
    2.00900006e+00 2. 2. 2. 2. 2. 2.01399994e+00 2.01300001e+00
