<?xml version="1.0"?>
<opencv_storage>
<Depth type_id="opencv-matrix">
  <rows>40</rows>
  <cols>40</cols>
  <dt>f</dt>
  <data>
    0. 0. 0. 0. 0. 0. 0. 0. 0. 0. 0. 0. 0. 0. 0. 0. 0. 0. 0. 0. 0. 0. 0.
    0. 0. 0. 0. 0. 0. 0. 0. 0. 0. 0. 0. 0. 0. 0. 0. 0. 0. 0. 0. 0. 0. 0.
    0. 0. 0. 0. 0. 0. 0. 0. 0. 0. 0. 0. 0. 0. 0. 0. 0. 0. 0. 0. 0. 0. 0.
    0. 0. 0. 0. 0. 0. 0. 0. 0. 0. 0. 0. 0. 0. 0. 0. 0. 0. 0. 0. 0. 0. 0.
    0. 0. 0. 0. 0. 0. 0. 0. 0. 0. 0. 0. 0. 0. 0. 0. 0. 0. 0. 0. 0. 0. 0.
    0. 0. 0. 0. 0. 0. 0. 0. 0. 0. 0. 0. 0. 0. 0. 0. 0. 0. 0. 0. 0. 0. 0.
    0. 0. 0. 0. 0. 0. 0. 0. 0. 0. 0. 0. 0. 0. 0. 0. 0. 0. 0. 0. 0. 0. 0.
    0. 0. 0. 0. 0. 0. 0. 0. 0. 0. 0. 0. 0. 0. 0. 0. 0. 0. 0. 0. 0. 0. 0.
    0. 0. 0. 0. 0. 0. 0. 0. 0. 0. 0. 0. 0. 0. 0. 0. 0. 0. 0. 0. 0. 0. 0.
    0. 0. 0. 0. 0. 0. 0. 0. 0. 0. 0. 0. 0. 0. 0. 0. 0. 0. 0. 0. 0. 0. 0.
    0. 0. 0. 0. 0. 0. 0. 0. 0. 0. 0. 0. 0. 0. 0. 0. 0. 0. 0. 0. 0. 0. 0.
    0. 0. 0. 0. 0. 0. 0. 0. 0. 0. 0. 0. 0. 0. 0. 0. 0. 0. 0. 0. 0. 0. 0.
    0. 0. 0. 0. 0. 0. 0. 0. 0. 0. 0. 0. 0. 0. 0. 0. 0. 0. 0. 0. 0. 0. 0.
    0. 0. 0. 0. 0. 0. 0. 0. 0. 0. 0. 0. 0. 0. 0. 0. 0. 0. 0. 0. 0. 0. 0.
    0. 0. 0. 0. 0. 0. 0. 0. 0. 0. 0. 0. 0. 0. 0. 0. 0. 0. 0. 0. 0. 0. 0.
    0. 0. 0. 0. 0. 0. 0. 0. 0. 0. 0. 0. 0. 0. 0. 0. 0. 0. 0. 0. 0. 0. 0.
    0. 0. 0. 0. 0. 0. 0. 0. 0. 0. 0. 0. 0. 0. 0. 0. 0. 0. 0. 0. 0. 0. 0.
    0. 0. 0. 0. 0. 0. 0. 0. 0. 2.47900009e+00 2.46600008e+00
    2.30800009e+00 2.22700000e+00 2.22700000e+00 2.22700000e+00
    2.23699999e+00 2.27500010e+00 2.28699994e+00 2.28699994e+00
    2.28699994e+00 2.21799994e+00 2.07200003e+00 2.02500010e+00 2. 2.
    2.45199990e+00 0. 0. 0. 0. 0. 0. 0. 0. 0. 0. 0. 0. 0. 0. 0. 0.
    2.91199994e+00 2.86400008e+00 2.83699989e+00 2.83699989e+00
    2.79699993e+00 2.76099992e+00 2.76099992e+00 2.41100001e+00
    2.38599992e+00 2.28099990e+00 2.22700000e+00 2.22700000e+00
    2.22700000e+00 2.23300004e+00 2.25399995e+00 2.27200007e+00
    2.28699994e+00 2.28699994e+00 2.21799994e+00 2.07200003e+00
    2.02500010e+00 2. 2. 2.25500011e+00 2.60700011e+00 2.59200001e+00
    2.58400011e+00 2.58400011e+00 2.58400011e+00 2.59200001e+00
    2.62299991e+00 2.86899996e+00 0. 0. 0. 0. 0. 0. 0. 0. 2.91199994e+00
    2.86400008e+00 2.83699989e+00 2.83699989e+00 2.79699993e+00
    2.76099992e+00 2.76099992e+00 2.32299995e+00 2.28399992e+00
    2.24600005e+00 2.22600007e+00 2.22399998e+00 2.22300005e+00
    2.22399998e+00 2.22600007e+00 2.25099993e+00 2.28299999e+00
    2.28299999e+00 2.21499991e+00 2.07200003e+00 2.02500010e+00 2. 2. 2.
    1.99800003e+00 1.96399999e+00 1.94599998e+00 1.94599998e+00
    1.94599998e+00 1.94500005e+00 1.94400001e+00 2.45199990e+00 0. 0. 0.
    0. 0. 0. 0. 2.94000006e+00 2.84699988e+00 2.80100012e+00
    2.77600002e+00 2.77600002e+00 2.73499990e+00 2.69899988e+00
    2.69899988e+00 2.32299995e+00 2.28399992e+00 2.24600005e+00
    2.21499991e+00 2.19000006e+00 2.18700004e+00 2.19400001e+00
    2.21900010e+00 2.23499990e+00 2.24600005e+00 2.24600005e+00
    2.18899989e+00 2.06900001e+00 2.02500010e+00 2. 2. 2. 1.99800003e+00
    1.96399999e+00 1.94599998e+00 1.94599998e+00 1.94599998e+00
    1.94000006e+00 1.91799998e+00 2.08100009e+00 2.32200003e+00
    2.32200003e+00 2.29600000e+00 2.24000001e+00 2.23200011e+00
    2.23200011e+00 2.23200011e+00 2.21099997e+00 2.18000007e+00
    2.16499996e+00 2.15599990e+00 2.15599990e+00 2.10800004e+00
    2.06500006e+00 2.06500006e+00 2.30399990e+00 2.26600003e+00
    2.24000001e+00 2.20900011e+00 2.17199993e+00 2.16799998e+00
    2.17499995e+00 2.20099998e+00 2.20900011e+00 2.20900011e+00
    2.20900011e+00 2.16300011e+00 2.06599998e+00 2.02500010e+00 2. 2.
    1.99300003e+00 1.98199999e+00 1.95799994e+00 1.94599998e+00
    1.94599998e+00 1.94599998e+00 1.93799996e+00 1.90600002e+00
    1.89499998e+00 1.89400005e+00 1.88499999e+00 1.86899996e+00
    1.84700000e+00 1.84399998e+00 1.84200001e+00 1.83200002e+00
    1.82799995e+00 1.82799995e+00 1.82799995e+00 1.82400000e+00
    1.81500006e+00 1.77800000e+00 1.74600005e+00 1.74600005e+00
    2.26500010e+00 2.23099995e+00 2.22799993e+00 2.20900011e+00
    2.17199993e+00 2.16799998e+00 2.16899991e+00 2.17100000e+00
    2.17199993e+00 2.17199993e+00 2.17199993e+00 2.13700008e+00
    2.06299996e+00 2.02500010e+00 2. 2. 1.97899997e+00 1.94900000e+00
    1.94700003e+00 1.94599998e+00 1.94599998e+00 1.94599998e+00
    1.93799996e+00 1.90600002e+00 1.89499998e+00 1.89300001e+00
    1.86300004e+00 1.84599996e+00 1.84399998e+00 1.84399998e+00
    1.83599997e+00 1.80700004e+00 1.79700005e+00 1.79700005e+00
    1.79700005e+00 1.78499997e+00 1.75699997e+00 1.74899995e+00
    1.74600005e+00 1.74600005e+00 2.26099992e+00 2.22700000e+00
    2.22700000e+00 2.20900011e+00 2.17199993e+00 2.16799998e+00
    2.16799998e+00 2.16799998e+00 2.16799998e+00 2.16799998e+00
    2.16799998e+00 2.13400006e+00 2.06299996e+00 2.02500010e+00 2. 2.
    1.97700000e+00 1.94599998e+00 1.94599998e+00 1.94599998e+00
    1.94599998e+00 1.94599998e+00 1.93799996e+00 1.90600002e+00
    1.89499998e+00 1.89300001e+00 1.86099994e+00 1.84399998e+00
    1.84399998e+00 1.82900000e+00 1.81200004e+00 1.79900002e+00
    1.79400003e+00 1.79299998e+00 1.77600002e+00 1.75399995e+00
    1.72399998e+00 1.70599997e+00 1.69000006e+00 1.67400002e+00
    2.25500011e+00 2.22700000e+00 2.22700000e+00 2.20900011e+00
    2.17199993e+00 2.16799998e+00 2.16599989e+00 2.16000009e+00
    2.15700006e+00 2.15700006e+00 2.15700006e+00 2.12700009e+00
    2.06200004e+00 2.02500010e+00 2. 2. 1.97700000e+00 1.94599998e+00
    1.94599998e+00 1.94599998e+00 1.94599998e+00 1.94599998e+00
    1.93799996e+00 1.90600002e+00 1.89100003e+00 1.88399994e+00
    1.85800004e+00 1.84399998e+00 1.84399998e+00 1.81700003e+00
    1.79400003e+00 1.79400003e+00 1.78999996e+00 1.78400004e+00
    1.75399995e+00 1.72700000e+00 1.70299995e+00 1.67499995e+00
    1.64600003e+00 1.61800003e+00 2.23399997e+00 2.22700000e+00
    2.22700000e+00 2.20900011e+00 2.17199993e+00 2.16799998e+00
    2.16000009e+00 2.13100004e+00 2.12100005e+00 2.12100005e+00
    2.12100005e+00 2.10100007e+00 2.05900002e+00 2.02500010e+00 2. 2.
    1.97700000e+00 1.94599998e+00 1.94599998e+00 1.94599998e+00
    1.94599998e+00 1.94599998e+00 1.93799996e+00 1.90600002e+00
    1.87800002e+00 1.85300004e+00 1.84700000e+00 1.84399998e+00
    1.84399998e+00 1.81700003e+00 1.79400003e+00 1.79400003e+00
    1.77800000e+00 1.75399995e+00 1.72399998e+00 1.70500004e+00
    1.70000005e+00 1.67499995e+00 1.64600003e+00 1.61800003e+00
    2.22700000e+00 2.22700000e+00 2.22700000e+00 2.20900011e+00
    2.17199993e+00 2.16799998e+00 2.15400004e+00 2.10200000e+00
    2.08599997e+00 2.08699989e+00 2.10200000e+00 2.09299994e+00
    2.05800009e+00 2.02500010e+00 2. 2. 1.98699999e+00 1.96899998e+00
    1.96899998e+00 1.96899998e+00 1.96899998e+00 1.95700002e+00
    1.93799996e+00 1.90600002e+00 1.87399995e+00 1.84399998e+00
    1.84399998e+00 1.84399998e+00 1.84399998e+00 1.81700003e+00
    1.79100001e+00 1.77800000e+00 1.76199996e+00 1.74399996e+00
    1.71500003e+00 1.69900000e+00 1.69900000e+00 1.67499995e+00
    1.64600003e+00 1.61800003e+00 1.97099996e+00 1.97099996e+00
    1.97099996e+00 1.95400000e+00 1.91900003e+00 2.05399990e+00
    2.14800000e+00 2.07699990e+00 2.05399990e+00 2.05699992e+00
    2.09200001e+00 2.09299994e+00 2.05800009e+00 2.02600002e+00
    2.00300002e+00 2.00300002e+00 2.00200009e+00 2. 2. 2. 2.
    1.96899998e+00 1.93499994e+00 1.90300000e+00 1.87199998e+00
    1.84399998e+00 1.84399998e+00 1.84399998e+00 1.84399998e+00
    1.81700003e+00 1.78600001e+00 1.75600004e+00 1.74600005e+00
    1.74399996e+00 1.71500003e+00 1.69900000e+00 1.69900000e+00
    1.67499995e+00 1.64600003e+00 1.61800003e+00 0. 0. 0. 0. 0. 0.
    2.14800000e+00 2.07699990e+00 2.05399990e+00 2.05699992e+00
    2.09200001e+00 2.09299994e+00 2.05800009e+00 2.04500008e+00
    2.03699994e+00 2.03699994e+00 2.02099991e+00 2. 2. 2. 2.
    1.95200002e+00 1.90300000e+00 1.87100005e+00 1.85399997e+00
