<?xml version="1.0"?>
<opencv_storage>
<Depth type_id="opencv-matrix">
  <rows>40</rows>
  <cols>40</cols>
  <dt>f</dt>
  <data>
    0. 0. 0. 0. 0. 0. 0. 0. 0. 0. 0. 0. 0. 1.21200001e+00 1.97700000e+00
    1.97300005e+00 1.97200000e+00 1.97200000e+00 1.97000003e+00
    1.97500002e+00 1.97399998e+00 1.97099996e+00 1.96899998e+00
    1.96800005e+00 1.43900001e+00 0. 0. 0. 0. 0. 0. 0. 0. 0. 0. 0. 0. 0.
    0. 0. 0. 0. 0. 0. 0. 0. 0. 0. 0. 0. 0. 0. 0. 1.96700001e+00
    1.96800005e+00 1.96800005e+00 1.96800005e+00 1.96800005e+00
    1.96800005e+00 1.96800005e+00 1.97099996e+00 1.97099996e+00
    1.97300005e+00 1.97099996e+00 1.63199997e+00 1.55400002e+00 0. 0. 0.
    0. 0. 0. 0. 0. 0. 0. 0. 0. 0. 0. 0. 0. 0. 0. 0. 0. 0. 0. 0. 0. 0. 0.
    0. 1.96800005e+00 1.96800005e+00 1.96800005e+00 1.96899998e+00
    1.96800005e+00 1.96800005e+00 1.97099996e+00 1.97200000e+00
    1.97399998e+00 1.97399998e+00 1.97099996e+00 1.63199997e+00 0. 0. 0.
    0. 0. 0. 0. 0. 0. 0. 0. 0. 0. 0. 0. 0. 0. 0. 0. 0. 0. 0. 0. 0. 0. 0.
    0. 0. 1.96800005e+00 1.96899998e+00 1.97000003e+00 1.97000003e+00
    1.97000003e+00 1.97000003e+00 1.97099996e+00 1.97399998e+00
    1.97500002e+00 1.97399998e+00 1.97099996e+00 1.63199997e+00 0. 0. 0.
    0. 0. 0. 0. 0. 0. 0. 0. 0. 0. 0. 0. 0. 0. 0. 0. 0. 0. 0. 0. 0. 0. 0.
    0. 0. 1.97099996e+00 1.97099996e+00 1.97099996e+00 1.97099996e+00
    1.97099996e+00 1.97099996e+00 1.97099996e+00 1.97700000e+00
    1.97700000e+00 1.97700000e+00 1.97700000e+00 1.63399994e+00 0. 0. 0.
    0. 0. 0. 0. 0. 0. 0. 0. 0. 0. 0. 0. 0. 0. 0. 0. 0. 0. 0. 0. 0. 0. 0.
    0. 0. 1.97500002e+00 1.97200000e+00 1.97399998e+00 1.97399998e+00
    1.97399998e+00 1.97500002e+00 1.97599995e+00 1.98000002e+00
    1.98000002e+00 1.97899997e+00 1.97899997e+00 1.63800001e+00 0. 0. 0.
    0. 0. 0. 0. 0. 0. 0. 0. 0. 0. 0. 0. 0. 0. 0. 0. 0. 0. 0. 0. 0. 0. 0.
    0. 0. 1.97700000e+00 1.97700000e+00 1.97700000e+00 1.97599995e+00
    1.97700000e+00 1.97700000e+00 1.97700000e+00 1.98000002e+00
    1.98000002e+00 1.98000002e+00 1.98000002e+00 1.87399995e+00 0. 0. 0.
    0. 0. 0. 0. 0. 0. 0. 0. 0. 0. 0. 0. 0. 0. 0. 0. 0. 0. 0. 0. 0. 0. 0.
    0. 0. 1.97899997e+00 1.97700000e+00 1.97700000e+00 1.97700000e+00
    1.97700000e+00 1.97700000e+00 1.97899997e+00 1.98000002e+00
    1.98000002e+00 1.98000002e+00 1.98399997e+00 1.63900006e+00 0. 0. 0.
    0. 0. 0. 0. 0. 0. 0. 0. 0. 0. 0. 0. 0. 0. 0. 0. 0. 0. 0. 0. 0. 0. 0.
    0. 0. 1.98000002e+00 1.97700000e+00 1.98000002e+00 1.97700000e+00
    1.97800004e+00 1.98000002e+00 1.98000002e+00 1.98300004e+00
    1.98000002e+00 1.98199999e+00 1.98399997e+00 1.98000002e+00 0.
    2.10299993e+00 0. 0. 0. 0. 0. 0. 0. 0. 0. 0. 0. 0. 0. 0. 0. 0. 0. 0.
    0. 0. 0. 0. 0. 0. 0. 0. 1.76499999e+00 1.98000002e+00 1.98000002e+00
    1.98000002e+00 1.98000002e+00 1.98000002e+00 1.98300004e+00
    1.98399997e+00 1.98399997e+00 1.98399997e+00 1.98399997e+00
    1.98000002e+00 1.07700002e+00 0. 0. 0. 0. 0. 0. 0. 0. 0. 0. 0. 0. 0.
    0. 0. 0. 0. 0. 0. 0. 0. 0. 0. 0. 0. 0. 0. 1.72399998e+00
    1.98000002e+00 1.98000002e+00 1.98000002e+00 1.98000002e+00
    1.98000002e+00 1.98399997e+00 1.98399997e+00 1.98399997e+00
    1.98500001e+00 1.98899996e+00 1.98399997e+00 1.10699999e+00
    2.09100008e+00 0. 0. 0. 0. 0. 0. 0. 0. 0. 0. 0. 0. 0. 0. 0. 0. 0. 0.
    0. 0. 0. 0. 0. 0. 0. 0. 1.72599995e+00 1.98300004e+00 1.98000002e+00
    1.98000002e+00 1.98099995e+00 1.98300004e+00 1.98599994e+00
    1.98699999e+00 1.98399997e+00 1.98599994e+00 1.99000001e+00
    1.98300004e+00 1.10699999e+00 1.11000001e+00 0. 0. 0. 0. 0. 0. 0. 0.
    0. 0. 0. 0. 0. 0. 0. 0. 0. 0. 0. 0. 0. 0. 0. 0. 0. 0. 1.72700000e+00
    1.98599994e+00 1.98399997e+00 1.98500001e+00 1.98500001e+00
    1.98399997e+00 1.98800004e+00 1.98899996e+00 1.98899996e+00
    1.99100006e+00 1.99100006e+00 1.98800004e+00 1.10800004e+00
    2.11500001e+00 0. 0. 0. 0. 0. 0. 0. 0. 0. 0. 0. 0. 0. 0. 0. 0. 0. 0.
    0. 0. 0. 0. 0. 0. 0. 0. 1.72800004e+00 1.98699999e+00 1.98699999e+00
    1.98699999e+00 1.98699999e+00 1.98699999e+00 1.98899996e+00
    1.99000001e+00 1.99000001e+00 1.99300003e+00 1.99300003e+00
    1.99000001e+00 1.10800004e+00 2.10299993e+00 0. 0. 0. 0. 0. 0. 0. 0.
    0. 0. 0. 0. 0. 0. 0. 0. 0. 0. 0. 0. 0. 0. 0. 0. 0. 0. 0.
    1.99000001e+00 1.99000001e+00 1.99000001e+00 1.98699999e+00
    1.98899996e+00 1.99199998e+00 1.99300003e+00 1.99300003e+00
    1.99300003e+00 1.99300003e+00 1.99199998e+00 1.10800004e+00
    2.11500001e+00 0. 0. 0. 0. 0. 0. 0. 0. 0. 0. 0. 0. 0. 0. 0. 0. 0. 0.
    0. 0. 0. 0. 0. 0. 0. 0. 1.72800004e+00 1.99000001e+00 1.99000001e+00
    1.99000001e+00 1.99000001e+00 1.99000001e+00 1.99199998e+00
    1.99300003e+00 1.99300003e+00 1.99300003e+00 1.99600005e+00
    1.99500000e+00 1.10899997e+00 2.11500001e+00 0. 0. 0. 0. 0. 0. 0. 0.
    0. 0. 0. 0. 0. 0. 0. 0. 0. 0. 0. 0. 0. 0. 0. 0. 0. 0. 0.
    1.99300003e+00 1.99100006e+00 1.99000001e+00 1.99000001e+00
    1.99000001e+00 1.99500000e+00 1.99600005e+00 1.99300003e+00
    1.99300003e+00 1.99300003e+00 1.99699998e+00 1.99699998e+00 0. 0. 0.
    0. 0. 0. 0. 0. 0. 0. 0. 0. 0. 0. 0. 0. 0. 0. 0. 0. 0. 0. 0. 0. 0. 0.
    0. 0. 1.99600005e+00 1.99300003e+00 1.99300003e+00 1.99100006e+00
    1.99100006e+00 1.99600005e+00 1.99699998e+00 1.99699998e+00
    1.99699998e+00 1.99699998e+00 1.99699998e+00 1.99899995e+00 0. 0. 0.
    0. 0. 0. 0. 0. 0. 0. 0. 0. 0. 0. 0. 0. 0. 0. 0. 0. 0. 0. 0. 0. 0. 0.
    0. 0. 1.99199998e+00 1.99300003e+00 1.99300003e+00 1.99300003e+00
    1.99300003e+00 1.99600005e+00 1.99899995e+00 1.99899995e+00
    1.99699998e+00 1.99699998e+00 2. 1.99800003e+00 2.09100008e+00 0. 0.
    0. 0. 0. 0. 0. 0. 0. 0. 0. 0. 0. 0. 0. 0. 0. 0. 0. 0. 0. 0. 0. 0. 0.
    0. 0. 1.99300003e+00 1.99300003e+00 1.99699998e+00 1.99300003e+00
    1.99300003e+00 1.99600005e+00 2. 2. 1.99899995e+00 1.99899995e+00
    2.00200009e+00 2. 1.04900002e+00 0. 0. 0. 0. 0. 0. 0. 0. 0. 0. 0. 0.
    0. 0. 0. 0. 0. 0. 0. 0. 0. 0. 0. 0. 0. 0. 0. 1.99600005e+00
    1.99699998e+00 1.99600005e+00 1.99600005e+00 1.99600005e+00
    1.99899995e+00 2. 2.00099993e+00 2.00300002e+00 2.00200009e+00
    2.00600004e+00 2.00300002e+00 2.12700009e+00 0. 0. 0. 0. 0. 0. 0. 0.
    0. 0. 0. 0. 0. 0. 0. 0. 0. 0. 0. 0. 0. 0. 0. 0. 0. 0. 0.
    1.99899995e+00 2. 2. 2. 2. 2.00200009e+00 2.00300002e+00
    2.00099993e+00 2.00300002e+00 2.00300002e+00 2.00399995e+00
    2.00300002e+00 0. 0. 0. 0. 0. 0. 0. 0. 0. 0. 0. 0. 0. 0. 0. 0. 0. 0.
    0. 0. 0. 0. 0. 0. 0. 0. 0. 0. 2.00099993e+00 2. 2. 2.00300002e+00 2.
    2.00200009e+00 2.00399995e+00 2.00300002e+00 2.00500011e+00
    2.00699997e+00 2.00699997e+00 2.00699997e+00 0. 0. 0. 0. 0. 0. 0. 0.
    0. 0. 0. 0. 0. 0. 0. 0. 0. 0. 0. 0. 0. 0. 0. 0. 0. 0. 0. 0.
    2.00300002e+00 2. 2.00300002e+00 2.00300002e+00 2.00300002e+00
    2.00600004e+00 2.00699997e+00 2.00699997e+00 2.00699997e+00
    2.00699997e+00 2.00699997e+00 2.00699997e+00 1.02300000e+00 0. 0. 0.
    0. 0. 0. 0. 0. 0. 0. 0. 0. 0. 0. 0. 0. 0. 0. 0. 0. 0. 0. 0. 0. 0. 0.
    0. 2.00300002e+00 2.00300002e+00 2.00300002e+00 2.00300002e+00
    2.00300002e+00 2.00600004e+00 2.00699997e+00 2.00699997e+00
    2.00699997e+00 2.00699997e+00 2.00699997e+00 2.00699997e+00 0. 0. 0.
    0. 0. 0. 0. 0. 0. 0. 0. 0. 0. 0. 0. 0. 0. 0. 0. 0. 0. 0. 0. 0. 0. 0.
    0. 0. 1.21000004e+00 2.00399995e+00 2.00300002e+00 2.00300002e+00
    2.00300002e+00 2.00600004e+00 2.00799990e+00 2.00699997e+00
    2.00999999e+00 2.00999999e+00 2.00699997e+00 2.00699997e+00 0. 0. 0.
    0. 0. 0. 0. 0. 0. 0. 0. 0. 0. 0. 0. 0. 0. 0. 0. 0. 0. 0. 0. 0. 0. 0.
    0. 0. 1.21099997e+00 2.00699997e+00 2.00699997e+00 2.00699997e+00
    2.00300002e+00 2.00699997e+00 2.00999999e+00 2.00999999e+00
    2.00999999e+00 2.00999999e+00 2.00999999e+00 2.00799990e+00 0. 0. 0.
    0. 0. 0. 0. 0. 0. 0. 0. 0. 0. 0. 0. 0. 0. 0. 0. 0. 0. 0. 0. 0. 0. 0.
    0. 1.55700004e+00 1.21000004e+00 2.00399995e+00 2.00699997e+00
    2.00699997e+00 2.00699997e+00 2.00900006e+00 2.00999999e+00
    2.00999999e+00 2.00999999e+00 2.00999999e+00 2.01399994e+00
