<?xml version="1.0"?>
<opencv_storage>
<Depth type_id="opencv-matrix">
  <rows>40</rows>
  <cols>40</cols>
  <dt>f</dt>
  <data>
    0. 0. 0. 0. 0. 0. 0. 0. 0. 0. 0. 0. 0. 0. 0. 0. 0. 0. 0. 0. 0. 0. 0.
    0. 0. 0. 0. 0. 0. 0. 0. 0. 0. 0. 0. 0. 0. 0. 0. 0. 0. 0. 0. 0. 0. 0.
    0. 0. 0. 0. 0. 0. 0. 0. 0. 0. 0. 0. 0. 0. 0. 0. 0. 0. 0. 0. 0. 0. 0.
    0. 0. 0. 0. 0. 0. 0. 0. 0. 0. 0. 0. 0. 0. 0. 0. 0. 0. 0. 0. 0. 0. 0.
    0. 0. 0. 0. 0. 0. 0. 0. 0. 0. 0. 0. 0. 0. 0. 0. 0. 0. 0. 0. 0. 0. 0.
    0. 0. 0. 0. 0. 0. 0. 0. 0. 0. 0. 0. 0. 0. 0. 0. 0. 0. 0. 0. 0. 0. 0.
    0. 0. 0. 0. 0. 0. 0. 0. 0. 0. 0. 0. 0. 0. 0. 0. 0. 0. 0. 0. 0. 0. 0.
    0. 0. 0. 0. 0. 0. 0. 0. 0. 0. 0. 0. 0. 0. 0. 0. 0. 0. 0. 0. 0. 0. 0.
    0. 0. 0. 0. 0. 0. 0. 0. 0. 0. 0. 0. 0. 0. 0. 0. 0. 0. 0. 0. 0. 0. 0.
    0. 0. 0. 0. 0. 0. 0. 0. 0. 0. 0. 0. 0. 0. 0. 0. 0. 0. 0. 0. 0. 0. 0.
    0. 0. 0. 0. 0. 0. 0. 0. 0. 0. 0. 0. 0. 0. 0. 0. 0. 0. 0. 0. 0. 0. 0.
    0. 0. 0. 0. 0. 0. 0. 0. 0. 0. 0. 0. 0. 0. 0. 0. 0. 0. 0. 0. 0. 0. 0.
    0. 0. 0. 0. 0. 0. 0. 0. 0. 0. 0. 0. 0. 0. 0. 0. 0. 0. 0. 0. 0. 0. 0.
    0. 0. 0. 0. 0. 0. 0. 0. 0. 0. 0. 0. 0. 0. 0. 0. 0. 0. 0. 0. 0. 0. 0.
    0. 0. 0. 0. 0. 0. 0. 0. 0. 0. 0. 0. 0. 0. 0. 0. 0. 0. 0. 0. 0. 0. 0.
    0. 0. 0. 0. 0. 0. 0. 0. 0. 0. 0. 0. 0. 0. 0. 0. 0. 0. 0. 0. 0. 0. 0.
    0. 0. 0. 0. 0. 0. 0. 0. 0. 0. 0. 0. 0. 0. 0. 0. 0. 0. 0. 0. 0. 0. 0.
    0. 0. 0. 0. 0. 0. 0. 0. 0. 0. 0. 0. 0. 0. 0. 0. 0. 0. 0. 0. 0. 0. 0.
    0. 0. 0. 0. 0. 0. 0. 0. 0. 0. 0. 0. 0. 0. 0. 0. 0. 0. 0. 0. 0. 0. 0.
    0. 0. 0. 0. 0. 0. 0. 0. 0. 0. 0. 0. 0. 0. 0. 0. 0. 0. 0. 0. 0. 0. 0.
    0. 0. 0. 0. 0. 0. 0. 0. 0. 0. 0. 0. 0. 0. 0. 0. 0. 0. 0. 0. 0. 0. 0.
    0. 0. 0. 0. 0. 0. 0. 0. 0. 0. 0. 0. 0. 0. 0. 0. 0. 0. 0. 0. 0. 0. 0.
    0. 0. 0. 0. 0. 0. 0. 0. 0. 0. 0. 0. 0. 0. 0. 0. 0. 0. 0. 0. 0. 0. 0.
    0. 0. 0. 0. 0. 0. 0. 0. 0. 0. 0. 0. 0. 0. 0. 0. 0. 0. 0. 0. 0. 0. 0.
    0. 0. 0. 0. 0. 0. 0. 0. 0. 1.73399997e+00 1.75399995e+00
    1.78900003e+00 1.82400000e+00 1.86000001e+00 1.86300004e+00
    1.86600006e+00 1.90400004e+00 1.93099999e+00 1.93099999e+00
    1.94700003e+00 1.98500001e+00 2. 2. 2. 2. 2. 2. 2. 1.99000001e+00
    1.95200002e+00 1.88300002e+00 1.77600002e+00 1.73399997e+00
    1.73399997e+00 1.76100004e+00 1.79499996e+00 1.79700005e+00
    1.82900000e+00 2.10400009e+00 2.29900002e+00 2.29900002e+00
    2.26099992e+00 2.17700005e+00 2.14499998e+00 2.14499998e+00
    2.14499998e+00 0. 0. 0. 1.73399997e+00 1.74800003e+00 1.77100003e+00
    1.80400002e+00 1.83899999e+00 1.84200001e+00 1.84500003e+00
    1.88199997e+00 1.91199994e+00 1.92400002e+00 1.94700003e+00
    1.98500001e+00 2. 2. 2.00999999e+00 2.02200007e+00 2.01099992e+00 2.
    2. 1.99000001e+00 1.95200002e+00 1.88800001e+00 1.79200006e+00
    1.75399995e+00 1.75399995e+00 1.77199996e+00 1.79600000e+00
    1.79700005e+00 1.82299995e+00 2.04500008e+00 2.20700002e+00
    2.22000003e+00 2.20600009e+00 2.16199994e+00 2.14499998e+00
    2.14499998e+00 2.14499998e+00 0. 0. 0. 1.73399997e+00 1.73699999e+00
    1.74100006e+00 1.76900005e+00 1.80299997e+00 1.80599999e+00
    1.80900002e+00 1.84500003e+00 1.88100004e+00 1.91299999e+00
    1.94700003e+00 1.98500001e+00 2. 2. 2.02600002e+00 2.05999994e+00
    2.02999997e+00 2. 2. 1.99000001e+00 1.95200002e+00 1.89699996e+00
    1.81900001e+00 1.78900003e+00 1.78900003e+00 1.79200006e+00
    1.79700005e+00 1.79700005e+00 1.81299996e+00 1.94599998e+00
    2.04999995e+00 2.08400011e+00 2.11299992e+00 2.13599992e+00
    2.14499998e+00 2.14499998e+00 2.14499998e+00 0. 0. 0. 1.73399997e+00
    1.73399997e+00 1.73399997e+00 1.74899995e+00 1.76999998e+00
    1.77100003e+00 1.77400005e+00 1.80999994e+00 1.84500003e+00
    1.88199997e+00 1.91299999e+00 1.93499994e+00 1.96200001e+00
    1.99300003e+00 2.02999997e+00 2.06900001e+00 2.03500009e+00 2. 2.
    1.99000001e+00 1.95200002e+00 1.89900005e+00 1.82500005e+00
    1.79700005e+00 1.79700005e+00 1.79700005e+00 1.79700005e+00
    1.81099999e+00 1.83500004e+00 1.93200004e+00 2.01099992e+00
    2.05100012e+00 2.08299994e+00 2.10599995e+00 2.11500001e+00
    2.11500001e+00 2.11500001e+00 0. 0. 0. 1.73399997e+00 1.73399997e+00
    1.73399997e+00 1.73500001e+00 1.73699999e+00 1.73699999e+00
    1.74000001e+00 1.77400005e+00 1.80900002e+00 1.84500003e+00
    1.86699998e+00 1.86800003e+00 1.91199994e+00 1.98300004e+00
    2.02999997e+00 2.06900001e+00 2.03500009e+00 2. 2. 1.99000001e+00
    1.95200002e+00 1.89900005e+00 1.82500005e+00 1.79700005e+00
    1.79700005e+00 1.79700005e+00 1.79700005e+00 1.83000004e+00
    1.86899996e+00 1.94599998e+00 2.01099992e+00 2.05100012e+00
    2.07299995e+00 2.07399988e+00 2.07500005e+00 2.07500005e+00
    2.07500005e+00 0. 0. 0. 1.73399997e+00 1.73399997e+00 1.73399997e+00
    1.73399997e+00 1.73399997e+00 1.73399997e+00 1.73699999e+00
    1.77199996e+00 1.80599999e+00 1.84200001e+00 1.86300004e+00
    1.86300004e+00 1.90799999e+00 1.98300004e+00 2.02999997e+00
    2.06900001e+00 2.03500009e+00 2. 2. 1.99000001e+00 1.95200002e+00
    1.91499996e+00 1.87899995e+00 1.85300004e+00 1.83399999e+00
    1.83000004e+00 1.83000004e+00 1.86500001e+00 1.90400004e+00
    1.96000004e+00 2.00600004e+00 2.02500010e+00 2.03600001e+00
    2.03600001e+00 2.04800010e+00 2.06800008e+00 2.07200003e+00 0. 0. 0.
    1.73699999e+00 1.73699999e+00 1.73699999e+00 1.73599994e+00
    1.73399997e+00 1.73399997e+00 1.73699999e+00 1.77199996e+00
    1.80599999e+00 1.84000003e+00 1.86000001e+00 1.86000001e+00
    1.90400004e+00 1.97899997e+00 2.02800012e+00 2.06900001e+00
    2.03699994e+00 2.00399995e+00 2.00399995e+00 1.99300003e+00
    1.95299995e+00 1.93099999e+00 1.93099999e+00 1.90799999e+00
    1.87100005e+00 1.86300004e+00 1.86300004e+00 1.89800000e+00
    1.93499994e+00 1.97300005e+00 2. 2. 2. 2. 2.02500010e+00
    2.06399989e+00 2.07200003e+00 0. 0. 0. 1.77199996e+00 1.77199996e+00
    1.77199996e+00 1.75600004e+00 1.73599994e+00 1.73399997e+00
    1.73699999e+00 1.77199996e+00 1.80100000e+00 1.81500006e+00
    1.82400000e+00 1.82400000e+00 1.86800003e+00 1.94200003e+00
    2.00600004e+00 2.06800008e+00 2.05699992e+00 2.04299998e+00
    2.04299998e+00 2.02600002e+00 1.96500003e+00 1.93099999e+00
    1.93099999e+00 1.90799999e+00 1.87100005e+00 1.86300004e+00
    1.86300004e+00 1.89800000e+00 1.93499994e+00 1.97300005e+00 2. 2. 2.
    2. 2.02500010e+00 2.06399989e+00 2.07200003e+00 0. 0. 0.
    1.80599999e+00 1.80299997e+00 1.79799998e+00 1.77100003e+00
    1.73699999e+00 1.73399997e+00 1.73699999e+00 1.77199996e+00
    1.79700005e+00 1.79700005e+00 1.79700005e+00 1.79700005e+00
    1.84099996e+00 1.91400003e+00 1.99000001e+00 2.06699991e+00
    2.07200003e+00 2.07200003e+00 2.07200003e+00 2.05200005e+00
    1.98099995e+00 1.93799996e+00 1.93299997e+00 1.90799999e+00
    1.87100005e+00 1.86300004e+00 1.86300004e+00 1.89800000e+00
    1.93499994e+00 1.97300005e+00 2. 2. 2.00300002e+00 2.00799990e+00
    2.03099990e+00 2.06500006e+00 2.07200003e+00 0. 0. 0. 1.84200001e+00
    1.82799995e+00 1.80299997e+00 1.77100003e+00 1.73699999e+00
    1.73399997e+00 1.73699999e+00 1.77199996e+00 1.79700005e+00
    1.79700005e+00 1.79700005e+00 1.79700005e+00 1.84099996e+00
    1.91400003e+00 1.99000001e+00 2.06699991e+00 2.07200003e+00
    2.07200003e+00 2.07200003e+00 2.05800009e+00 2.00699997e+00
    1.96700001e+00 1.94099998e+00 1.90799999e+00 1.87100005e+00
    1.86300004e+00 1.86300004e+00 1.89800000e+00 1.93499994e+00
    1.97300005e+00 2. 2. 2.01200008e+00 2.03900003e+00 2.05699992e+00
    2.06900001e+00 2.07200003e+00 0. 0. 0. 1.86300004e+00 1.84200001e+00
    1.80599999e+00 1.77100003e+00 1.73699999e+00 1.73399997e+00
    1.73699999e+00 1.77199996e+00 1.79700005e+00 1.79700005e+00
    1.79700005e+00 1.79700005e+00 1.84099996e+00 1.91400003e+00
    1.99000001e+00 2.06699991e+00 2.07200003e+00 2.07200003e+00
    2.07200003e+00 2.06100011e+00 2.02200007e+00 1.98300004e+00
    1.94599998e+00 1.90799999e+00 1.87100005e+00 1.86300004e+00
    1.86300004e+00 1.89800000e+00 1.93499994e+00 1.97300005e+00 2. 2.
