<?xml version="1.0"?>
<opencv_storage>
<Depth type_id="opencv-matrix">
  <rows>40</rows>
  <cols>40</cols>
  <dt>f</dt>
  <data>
    0. 0. 0. 0. 0. 0. 0. 0. 0. 0. 0. 0. 0. 0. 0. 0. 0. 0. 0. 0. 0. 0. 0.
    0. 0. 0. 0. 0. 0. 0. 0. 0. 0. 0. 0. 0. 0. 0. 0. 0. 0. 0. 0. 0. 0. 0.
    0. 0. 0. 0. 0. 0. 0. 0. 0. 0. 0. 0. 0. 0. 0. 0. 0. 0. 0. 0. 0. 0. 0.
    0. 0. 0. 0. 0. 0. 0. 0. 0. 0. 0. 0. 0. 0. 0. 0. 0. 0. 0. 0. 0. 0. 0.
    0. 0. 0. 0. 0. 0. 0. 0. 0. 0. 0. 0. 0. 0. 0. 0. 0. 0. 0. 0. 0. 0. 0.
    0. 0. 0. 0. 0. 0. 0. 0. 0. 0. 0. 0. 0. 0. 0. 0. 0. 0. 0. 0. 0. 0. 0.
    0. 0. 0. 0. 0. 0. 0. 0. 0. 0. 0. 0. 0. 0. 0. 0. 0. 0. 0. 0. 0. 0. 0.
    0. 0. 0. 0. 0. 0. 0. 0. 0. 0. 0. 0. 0. 0. 0. 0. 0. 0. 0. 0. 0. 0. 0.
    0. 0. 0. 0. 0. 0. 0. 0. 0. 0. 0. 0. 0. 0. 0. 0. 0. 0. 0. 0. 0. 0. 0.
    0. 0. 0. 0. 0. 0. 0. 0. 0. 0. 0. 0. 0. 0. 0. 0. 0. 0. 0. 0. 0. 0. 0.
    0. 0. 0. 0. 0. 0. 0. 0. 0. 0. 0. 0. 0. 0. 0. 0. 0. 0. 0. 0. 0. 0. 0.
    0. 0. 0. 0. 0. 0. 0. 0. 0. 0. 0. 0. 0. 0. 0. 0. 0. 0. 0. 0. 0. 0. 0.
    0. 0. 0. 0. 0. 0. 0. 0. 0. 0. 0. 0. 0. 0. 0. 0. 0. 0. 0. 0. 0. 0. 0.
    0. 0. 0. 0. 0. 0. 0. 0. 0. 0. 0. 0. 0. 0. 0. 0. 0. 0. 0. 0. 0. 0. 0.
    0. 0. 0. 0. 0. 0. 0. 0. 0. 0. 0. 0. 0. 0. 0. 0. 0. 0. 0. 0. 0. 0. 0.
    0. 0. 0. 0. 0. 0. 0. 0. 0. 0. 0. 0. 0. 0. 0. 0. 0. 0. 0. 0. 0. 0. 0.
    0. 0. 0. 0. 0. 0. 0. 0. 0. 0. 0. 0. 0. 0. 0. 0. 0. 0. 0. 0. 0. 0. 0.
    0. 0. 0. 0. 0. 0. 0. 0. 0. 0. 0. 0. 0. 0. 0. 0. 0. 0. 0. 0. 0. 0. 0.
    0. 0. 0. 0. 0. 0. 0. 0. 0. 0. 0. 0. 0. 0. 0. 0. 0. 0. 0. 0. 0. 0. 0.
    0. 0. 0. 0. 0. 0. 0. 0. 0. 0. 0. 0. 0. 0. 0. 0. 0. 0. 0. 0. 0. 0. 0.
    0. 0. 0. 0. 0. 0. 0. 0. 0. 0. 0. 0. 0. 0. 0. 0. 0. 0. 0. 0. 0. 0. 0.
    0. 0. 0. 0. 0. 0. 0. 0. 0. 0. 0. 0. 0. 0. 0. 0. 0. 0. 0. 0. 0. 0. 0.
    0. 0. 0. 0. 0. 0. 0. 0. 0. 0. 0. 0. 0. 0. 0. 0. 0. 0. 0. 0. 0. 0. 0.
    0. 0. 0. 0. 0. 0. 0. 0. 0. 0. 0. 0. 0. 0. 0. 0. 0. 0. 0. 0. 0. 0. 0.
    0. 0. 0. 0. 0. 0. 0. 0. 0. 0. 0. 0. 2.47399998e+00 2.47399998e+00
    2.47399998e+00 2.47399998e+00 2.44499993e+00 2.31999993e+00
    2.23900008e+00 2.19899988e+00 2.16100001e+00 2.12199998e+00
    2.08500004e+00 2.06299996e+00 2.06299996e+00 2.01399994e+00
    1.94200003e+00 1.94000006e+00 1.94000006e+00 1.94000006e+00
    1.94000006e+00 1.94000006e+00 1.91100001e+00 1.87600005e+00
    1.84200001e+00 1.82299995e+00 1.82299995e+00 1.79900002e+00
    1.76600003e+00 1.73500001e+00 1.71300006e+00 1.71300006e+00
    1.71300006e+00 0. 0. 0. 0. 0. 0. 0. 0. 0. 2.47399998e+00
    2.47399998e+00 2.47399998e+00 2.44400001e+00 2.39400005e+00
    2.28600001e+00 2.21399999e+00 2.17400002e+00 2.14800000e+00
    2.12199998e+00 2.08500004e+00 2.06299996e+00 2.06299996e+00
    2.02300000e+00 1.96399999e+00 1.96300006e+00 1.95899999e+00
    1.94599998e+00 1.94000006e+00 1.94000006e+00 1.91100001e+00
    1.87600005e+00 1.84200001e+00 1.82299995e+00 1.82299995e+00
    1.79900002e+00 1.76600003e+00 1.73500001e+00 1.71300006e+00
    1.71300006e+00 1.71300006e+00 0. 0. 0. 0. 0. 0. 0. 0. 0.
    2.47399998e+00 2.47399998e+00 2.47399998e+00 2.39700007e+00
    2.31599998e+00 2.23399997e+00 2.17400002e+00 2.13599992e+00
    2.12700009e+00 2.12199998e+00 2.08500004e+00 2.06299996e+00
    2.06299996e+00 2.03699994e+00 1.99899995e+00 1.99800003e+00
    1.98899996e+00 1.95500004e+00 1.94000006e+00 1.94000006e+00
    1.91100001e+00 1.87600005e+00 1.84200001e+00 1.82299995e+00
    1.82299995e+00 1.79900002e+00 1.76600003e+00 1.73500001e+00
    1.71300006e+00 1.71300006e+00 1.71300006e+00 0. 0. 0. 0. 0. 0. 0. 0.
    0. 2.43400002e+00 2.43400002e+00 2.43400002e+00 2.35599995e+00
    2.27800012e+00 2.22000003e+00 2.17199993e+00 2.13299990e+00
    2.12599993e+00 2.12199998e+00 2.08500004e+00 2.06299996e+00
    2.06299996e+00 2.03800011e+00 2.00099993e+00 2. 1.99100006e+00
    1.95500004e+00 1.94000006e+00 1.94000006e+00 1.91100001e+00
    1.87600005e+00 1.84200001e+00 1.82299995e+00 1.82299995e+00
    1.79900002e+00 1.76600003e+00 1.73500001e+00 1.71300006e+00
    1.71300006e+00 1.71300006e+00 0. 0. 0. 0. 0. 0. 0. 0. 0.
    2.40100002e+00 2.39700007e+00 2.39199996e+00 2.31900001e+00
    2.25099993e+00 2.21099997e+00 2.17199993e+00 2.13299990e+00
    2.12599993e+00 2.12299991e+00 2.09100008e+00 2.06900001e+00
    2.06500006e+00 2.03800011e+00 2.00099993e+00 2. 1.99100006e+00
    1.95500004e+00 1.94000006e+00 1.94000006e+00 1.91100001e+00
    1.87600005e+00 1.84200001e+00 1.82299995e+00 1.82299995e+00
    1.79900002e+00 1.76600003e+00 1.73500001e+00 1.71300006e+00
    1.71300006e+00 1.71300006e+00 0. 0. 0. 0. 0. 0. 0. 0. 0.
    2.40100002e+00 2.38100004e+00 2.35100007e+00 2.29999995e+00
    2.25099993e+00 2.21099997e+00 2.17199993e+00 2.13299990e+00
    2.12599993e+00 2.12500000e+00 2.11500001e+00 2.09800005e+00
    2.07100010e+00 2.03800011e+00 2.00099993e+00 2. 1.99100006e+00
    1.95500004e+00 1.94000006e+00 1.94000006e+00 1.91100001e+00
    1.87600005e+00 1.84200001e+00 1.82299995e+00 1.82299995e+00
    1.79900002e+00 1.76600003e+00 1.73500001e+00 1.71300006e+00
    1.71300006e+00 1.71300006e+00 0. 0. 0. 0. 0. 0. 0. 0. 0.
    2.40100002e+00 2.37400007e+00 2.33200002e+00 2.29099989e+00
    2.25399995e+00 2.22600007e+00 2.19199991e+00 2.15300012e+00
    2.14599991e+00 2.14599991e+00 2.14599991e+00 2.13100004e+00
    2.09400010e+00 2.04900002e+00 2.00099993e+00 1.99000001e+00
    1.97500002e+00 1.95099998e+00 1.94599998e+00 1.95700002e+00
    1.91999996e+00 1.87600005e+00 1.84200001e+00 1.82299995e+00
    1.82299995e+00 1.79900002e+00 1.76699996e+00 1.74500000e+00
    1.72599995e+00 1.71700001e+00 1.71300006e+00 0. 0. 0. 0. 0. 0. 0. 0.
    0. 2.40100002e+00 2.37400007e+00 2.33200002e+00 2.29099989e+00
    2.25900006e+00 2.25500011e+00 2.23200011e+00 2.19199991e+00
    2.18499994e+00 2.18499994e+00 2.18499994e+00 2.17000008e+00
    2.13100004e+00 2.07100010e+00 2.00200009e+00 1.96899998e+00
    1.94599998e+00 1.94200003e+00 1.95799994e+00 1.98899996e+00
    1.93700004e+00 1.87600005e+00 1.84200001e+00 1.82299995e+00
    1.82299995e+00 1.79900002e+00 1.76699996e+00 1.76300001e+00
    1.75199997e+00 1.72399998e+00 1.71300006e+00 0. 0. 0. 0. 0. 0. 0. 0.
    0. 2.40100002e+00 2.37400007e+00 2.33200002e+00 2.29099989e+00
    2.25999999e+00 2.25999999e+00 2.24900007e+00 2.22799993e+00
    2.22399998e+00 2.22399998e+00 2.22399998e+00 2.20199990e+00
    2.14400005e+00 2.07500005e+00 2.00200009e+00 1.96599996e+00
    1.94000006e+00 1.94000006e+00 1.96000004e+00 1.99500000e+00
    1.95500004e+00 1.90400004e+00 1.87000000e+00 1.85099995e+00
    1.85099995e+00 1.81500006e+00 1.76699996e+00 1.76699996e+00
    1.76199996e+00 1.74500000e+00 1.73899996e+00 0. 0. 0. 0. 0. 0. 0. 0.
    0. 2.40499997e+00 2.38000011e+00 2.33999991e+00 2.30200005e+00
    2.27999997e+00 2.31100011e+00 2.32599998e+00 2.32599998e+00
    2.32599998e+00 2.32599998e+00 2.32599998e+00 2.29699993e+00
    2.22300005e+00 2.11999989e+00 2.00300002e+00 1.96800005e+00
    1.94400001e+00 1.94400001e+00 1.96200001e+00 1.99500000e+00
    1.97000003e+00 1.93499994e+00 1.89999998e+00 1.88000000e+00
    1.87800002e+00 1.83000004e+00 1.76699996e+00 1.76699996e+00
    1.76699996e+00 1.76699996e+00 1.76699996e+00 0. 0. 0. 0. 0. 0. 0. 0.
    0. 2.44799995e+00 2.43899989e+00 2.42400002e+00 2.40899992e+00
    2.47399998e+00 2.80599999e+00 2.96499991e+00 2.96499991e+00
    2.96499991e+00 2.96499991e+00 2.96499991e+00 2.95400000e+00
    2.92600012e+00 2.54900002e+00 2.01200008e+00 1.98800004e+00
    1.97899997e+00 1.97899997e+00 1.98599994e+00 1.99800003e+00
    1.97000003e+00 1.93499994e+00 1.89999998e+00 1.87100005e+00
    1.85000002e+00 1.81099999e+00 1.76699996e+00 1.76699996e+00
    1.76699996e+00 1.76699996e+00 1.76699996e+00 0. 0. 0. 0. 0. 0. 0. 0.
    0. 2.47399998e+00 2.47399998e+00 2.47399998e+00 2.47399998e+00
    2.59200001e+00 0. 0. 0. 0. 0. 0. 0. 0. 2.80800009e+00 2.01699996e+00
    2. 2. 2. 2. 2. 1.97000003e+00 1.93499994e+00 1.89999998e+00
    1.86600006e+00 1.83200002e+00 1.79900002e+00 1.76699996e+00
    1.76699996e+00 1.76699996e+00 1.76699996e+00 1.76699996e+00 0. 0. 0.
