<?xml version="1.0"?>
<opencv_storage>
<Depth type_id="opencv-matrix">
  <rows>40</rows>
  <cols>40</cols>
  <dt>f</dt>
  <data>
    0. 0. 0. 0. 0. 0. 0. 0. 0. 0. 0. 0. 0. 0. 0. 0. 0. 0. 0. 0. 0. 0. 0.
    0. 0. 0. 0. 0. 0. 0. 0. 0. 0. 0. 0. 0. 0. 0. 0. 0. 0. 0. 0. 0. 0. 0.
    0. 0. 0. 0. 0. 0. 0. 0. 0. 0. 0. 0. 0. 0. 0. 0. 0. 0. 0. 0. 0. 0. 0.
    0. 0. 0. 0. 0. 0. 0. 0. 0. 0. 0. 0. 0. 0. 0. 0. 0. 0. 0. 0. 0. 0. 0.
    0. 0. 0. 0. 0. 0. 0. 0. 0. 0. 0. 0. 0. 0. 0. 0. 0. 0. 0. 0. 0. 0. 0.
    0. 0. 0. 0. 0. 0. 0. 0. 0. 0. 0. 0. 0. 0. 0. 0. 0. 0. 2.16000009e+00
    2.16000009e+00 2.16000009e+00 2.16000009e+00 2.16000009e+00
    2.16000009e+00 2.16000009e+00 2.16000009e+00 2.16000009e+00
    2.16000009e+00 2.16000009e+00 2.16000009e+00 2.16000009e+00
    2.16000009e+00 0. 0. 0. 0. 0. 0. 0. 0. 0. 0. 0. 0. 0. 0. 0. 0. 0. 0.
    0. 0. 0. 0. 0. 0. 0. 0. 2.13800001e+00 2.13899994e+00 2.14700007e+00
    2.15499997e+00 2.16000009e+00 2.16000009e+00 2.16000009e+00
    2.16000009e+00 2.16000009e+00 2.16000009e+00 2.16000009e+00
    2.16000009e+00 2.16000009e+00 2.16000009e+00 0. 0. 0. 0. 0. 0. 0. 0.
    0. 0. 0. 0. 0. 0. 0. 0. 0. 0. 0. 0. 0. 0. 0. 0. 0. 0. 1.96899998e+00
    1.97800004e+00 2.04800010e+00 2.11800003e+00 2.16000009e+00
    2.16000009e+00 2.16000009e+00 2.16000009e+00 2.16000009e+00
    2.16000009e+00 2.16000009e+00 2.16000009e+00 2.16000009e+00
    2.16000009e+00 0. 0. 0. 0. 0. 0. 0. 0. 0. 0. 0. 0. 0. 0. 0. 0. 0. 0.
    0. 0. 0. 0. 0. 0. 0. 0. 1.79999995e+00 1.81700003e+00 1.94900000e+00
    2.08100009e+00 2.16000009e+00 2.16000009e+00 2.16000009e+00
    2.16000009e+00 2.16000009e+00 2.16000009e+00 2.16000009e+00
    2.16000009e+00 2.16000009e+00 2.16000009e+00 0. 0. 0. 0. 0. 0. 0. 0.
    0. 0. 0. 0. 0. 0. 0. 0. 0. 0. 0. 0. 0. 0. 0. 0. 0. 0. 1.67700005e+00
    1.70000005e+00 1.86800003e+00 2.03600001e+00 2.14000010e+00
    2.14899993e+00 2.15700006e+00 2.16000009e+00 2.16000009e+00
    2.16000009e+00 2.16000009e+00 2.16000009e+00 2.16000009e+00
    2.16000009e+00 0. 0. 0. 0. 0. 0. 0. 0. 0. 0. 0. 0. 0. 0. 0. 0. 0. 0.
    0. 0. 0. 0. 0. 0. 0. 0. 1.62600005e+00 1.64800000e+00 1.81299996e+00
    1.97899997e+00 2.08999991e+00 2.11999989e+00 2.15000010e+00
    2.16000009e+00 2.16000009e+00 2.16000009e+00 2.16000009e+00
    2.16000009e+00 2.16000009e+00 2.16000009e+00 0. 0. 0. 0. 0. 0. 0. 0.
    0. 0. 0. 0. 0. 0. 0. 0. 0. 0. 0. 0. 0. 0. 0. 0. 0. 0. 1.57400000e+00
    1.59599996e+00 1.75899994e+00 1.92200005e+00 2.03999996e+00
    2.09100008e+00 2.14299989e+00 2.16000009e+00 2.16000009e+00
    2.16000009e+00 2.16000009e+00 2.16000009e+00 2.16000009e+00
    2.16000009e+00 0. 0. 0. 0. 0. 0. 0. 0. 0. 0. 0. 0. 0. 0. 0. 0. 0. 0.
    0. 0. 0. 0. 0. 0. 0. 0. 1.55700004e+00 1.57900000e+00 1.74100006e+00
    1.90300000e+00 2.02300000e+00 2.08200002e+00 2.14000010e+00
    2.17000008e+00 2.18499994e+00 2.20000005e+00 2.20099998e+00
    2.20099998e+00 2.20099998e+00 2.20099998e+00 0. 0. 0. 0. 0. 0. 0. 0.
    0. 0. 0. 0. 0. 0. 0. 0. 0. 0. 0. 0. 0. 0. 0. 0. 0. 0. 1.55700004e+00
    1.57900000e+00 1.74100006e+00 1.90300000e+00 2.02300000e+00
    2.08200002e+00 2.14000010e+00 2.18499994e+00 2.22199988e+00
    2.25999999e+00 2.26200008e+00 2.26200008e+00 2.26200008e+00
    2.26200008e+00 0. 0. 0. 0. 0. 0. 0. 0. 0. 0. 0. 0. 0. 0. 0. 0. 0. 0.
    0. 0. 0. 0. 0. 0. 0. 0. 1.55700004e+00 1.57900000e+00 1.74100006e+00
    1.90300000e+00 2.02300000e+00 2.08200002e+00 2.14000010e+00
    2.20000005e+00 2.25999999e+00 2.31999993e+00 2.32399988e+00
    2.32399988e+00 2.32399988e+00 2.32399988e+00 0. 0. 0. 0. 0. 0. 0. 0.
    0. 0. 0. 0. 0. 0. 0. 0. 0. 0. 0. 0. 0. 0. 0. 0. 0. 0. 1.70799994e+00
    1.72500002e+00 1.85200000e+00 1.97800004e+00 2.06999993e+00
    2.10899997e+00 2.14700007e+00 2.18700004e+00 2.22700000e+00
    2.26799989e+00 2.28999996e+00 2.31100011e+00 2.32800007e+00
    2.32800007e+00 0. 0. 0. 0. 0. 0. 0. 0. 0. 0. 0. 0. 0. 0. 0. 0. 0. 0.
    0. 0. 0. 0. 0. 0. 0. 0. 1.87000000e+00 1.88199997e+00 1.97099996e+00
    2.05999994e+00 2.11999989e+00 2.13700008e+00 2.15400004e+00
    2.17199993e+00 2.19000006e+00 2.20799994e+00 2.25000000e+00
    2.29299998e+00 2.32800007e+00 2.32800007e+00 0. 0. 0. 0. 0. 0. 0. 0.
    0. 0. 0. 0. 0. 0. 0. 0. 0. 0. 0. 0. 0. 0. 0. 0. 0. 0. 2.
    2.00799990e+00 2.06599998e+00 2.12500000e+00 2.16000009e+00
    2.16000009e+00 2.16000009e+00 2.16000009e+00 2.16000009e+00
    2.16000009e+00 2.21700001e+00 2.27900004e+00 2.32800007e+00
    2.32800007e+00 0. 0. 0. 0. 0. 0. 0. 0. 0. 0. 0. 0. 0. 0. 0. 0. 0. 0.
    0. 0. 0. 0. 0. 0. 0. 0. 2. 2.00799990e+00 2.06599998e+00
    2.12500000e+00 2.16000009e+00 2.16000009e+00 2.16000009e+00
    2.16000009e+00 2.16000009e+00 2.16000009e+00 2.21700001e+00
    2.27900004e+00 2.32800007e+00 2.32800007e+00 0. 0. 0. 0. 0. 0. 0. 0.
    0. 0. 0. 0. 0. 0. 0. 0. 0. 0. 0. 0. 0. 0. 0. 0. 0. 0. 2.
    2.00799990e+00 2.06599998e+00 2.12500000e+00 2.16000009e+00
    2.16000009e+00 2.16000009e+00 2.16000009e+00 2.16000009e+00
    2.16000009e+00 2.21700001e+00 2.27900004e+00 2.32800007e+00
    2.32800007e+00 0. 0. 0. 0. 0. 0. 0. 0. 0. 0. 0. 0. 0. 0. 0. 0. 0. 0.
    0. 0. 0. 0. 0. 0. 0. 0. 2. 2.00799990e+00 2.06599998e+00
    2.12500000e+00 2.15599990e+00 2.14599991e+00 2.13599992e+00
    2.13299990e+00 2.13299990e+00 2.13299990e+00 2.18000007e+00
    2.23099995e+00 2.27200007e+00 2.27200007e+00 0. 0. 0. 0. 0. 0. 0. 0.
    0. 0. 0. 0. 0. 0. 0. 0. 0. 0. 0. 0. 0. 0. 0. 0. 0. 0. 2.
    2.00799990e+00 2.06599998e+00 2.12500000e+00 2.14700007e+00
    2.11599994e+00 2.08500004e+00 2.07399988e+00 2.07399988e+00
    2.07399988e+00 2.10100007e+00 2.12899995e+00 2.15199995e+00
    2.15199995e+00 0. 0. 0. 0. 0. 0. 0. 0. 0. 0. 0. 0. 0. 0. 0. 0. 0. 0.
    0. 0. 0. 0. 0. 0. 0. 0. 2. 2.00799990e+00 2.06599998e+00
    2.12500000e+00 2.13899994e+00 2.08599997e+00 2.03299999e+00
    2.01600003e+00 2.01600003e+00 2.01600003e+00 2.02099991e+00
    2.02699995e+00 2.03200006e+00 2.03200006e+00 0. 0. 0. 0. 0. 0. 0. 0.
    0. 0. 0. 0. 0. 0. 0. 0. 0. 0. 0. 0. 0. 0. 0. 0. 0. 0. 2.
    2.00799990e+00 2.06599998e+00 2.12500000e+00 2.13700008e+00
    2.07800007e+00 2.01999998e+00 2. 2. 2. 2. 2. 2. 2. 0. 0. 0. 0. 0. 0.
    0. 0. 0. 0. 0. 0. 0. 0. 0. 0. 0. 0. 0. 0. 0. 0. 0. 0. 0. 0. 2.
    2.00799990e+00 2.06599998e+00 2.12500000e+00 2.13700008e+00
    2.07800007e+00 2.01999998e+00 2. 2. 2. 2. 2. 2. 2. 0. 0. 0. 0. 0. 0.
    0. 0. 0. 0. 0. 0. 0. 0. 0. 0. 0. 0. 0. 0. 0. 0. 0. 0. 0. 0. 2.
    2.00799990e+00 2.06599998e+00 2.12500000e+00 2.13700008e+00
    2.07800007e+00 2.01999998e+00 2. 2. 2. 2. 2. 2. 2. 0. 0. 0. 0. 0. 0.
    0. 0. 0. 0. 0. 0. 0. 0. 0. 0. 0. 0. 0. 0. 0. 0. 0. 0. 0. 0. 2.
    2.00799990e+00 2.06599998e+00 2.12500000e+00 2.14499998e+00
    2.10800004e+00 2.07100010e+00 2.05800009e+00 2.05800009e+00
    2.05800009e+00 2.05800009e+00 2.05800009e+00 2.05800009e+00
    2.05800009e+00 0. 0. 0. 0. 0. 0. 0. 0. 0. 0. 0. 0. 0. 0. 0. 0. 0. 0.
    0. 0. 0. 0. 0. 0. 0. 0. 2. 2.00799990e+00 2.06599998e+00
    2.12500000e+00 2.15400004e+00 2.13800001e+00 2.12199998e+00
    2.11700010e+00 2.11700010e+00 2.11700010e+00 2.11700010e+00
    2.11700010e+00 2.11700010e+00 2.11700010e+00 0. 0. 0. 0. 0. 0. 0. 0.
    0. 0. 0. 0. 0. 0. 0. 0. 0. 0. 0. 0. 0. 0. 0. 0. 0. 0. 2.
    2.00799990e+00 2.06599998e+00 2.12500000e+00 2.16000009e+00
    2.16000009e+00 2.16000009e+00 2.16000009e+00 2.16000009e+00
    2.16000009e+00 2.16000009e+00 2.16000009e+00 2.16000009e+00
    2.16000009e+00 0. 0. 0. 0. 0. 0. 0. 0. 0. 0. 0. 0. 0. 0. 0. 0. 0. 0.
    0. 0. 0. 0. 0. 0. 0. 0. 2. 2.00799990e+00 2.06599998e+00
    2.12500000e+00 2.16000009e+00 2.16000009e+00 2.16000009e+00
    2.16000009e+00 2.16000009e+00 2.16000009e+00 2.16000009e+00
    2.16000009e+00 2.16000009e+00 2.16000009e+00 0. 0. 0. 0. 0. 0. 0. 0.
    0. 0. 0. 0. 0. 0. 0. 0. 0. 0. 0. 0. 0. 0. 0. 0. 0. 0. 2.
    2.00799990e+00 2.06599998e+00 2.12500000e+00 2.16000009e+00
    2.16000009e+00 2.16000009e+00 2.16000009e+00 2.16000009e+00
    2.16000009e+00 2.16000009e+00 2.16000009e+00 2.16000009e+00
