<?xml version="1.0"?>
<opencv_storage>
<Depth type_id="opencv-matrix">
  <rows>40</rows>
  <cols>40</cols>
  <dt>f</dt>
  <data>
    0. 0. 0. 0. 0. 0. 0. 0. 0. 0. 0. 0. 0. 0. 0. 0. 0. 0. 0. 0. 0. 0. 0.
    0. 0. 0. 0. 0. 0. 0. 0. 0. 0. 0. 0. 0. 0. 0. 0. 0. 0. 0. 0. 0. 0. 0.
    0. 0. 0. 0. 0. 0. 0. 0. 0. 0. 0. 0. 0. 0. 0. 0. 0. 0. 0. 0. 0. 0. 0.
    0. 0. 0. 0. 0. 0. 0. 0. 0. 0. 0. 0. 0. 0. 0. 0. 0. 0. 0. 0. 0. 0. 0.
    0. 0. 0. 0. 0. 0. 0. 0. 0. 0. 0. 0. 0. 0. 0. 0. 0. 0. 0. 0. 0. 0. 0.
    0. 0. 0. 0. 0. 0. 0. 0. 0. 0. 0. 0. 0. 0. 0. 0. 0. 0. 0. 0. 0. 0. 0.
    0. 0. 0. 0. 0. 0. 0. 0. 0. 0. 0. 0. 0. 0. 0. 0. 0. 0. 0. 0. 0. 0. 0.
    0. 0. 0. 0. 0. 0. 0. 0. 0. 0. 0. 0. 0. 0. 0. 0. 0. 0. 0. 0. 0. 0. 0.
    0. 0. 0. 0. 0. 0. 0. 0. 0. 0. 0. 0. 0. 0. 0. 0. 0. 0. 0. 0. 0. 0. 0.
    0. 0. 0. 0. 0. 0. 0. 0. 0. 0. 0. 0. 0. 0. 0. 0. 0. 0. 0. 0. 0. 0. 0.
    0. 0. 0. 0. 0. 0. 0. 0. 0. 0. 0. 0. 0. 0. 0. 0. 0. 0. 0. 0. 0. 0. 0.
    0. 0. 0. 0. 0. 0. 0. 0. 0. 0. 0. 0. 0. 0. 0. 0. 0. 0. 0. 0. 0. 0. 0.
    0. 0. 0. 0. 0. 0. 0. 0. 0. 0. 0. 0. 0. 0. 0. 0. 0. 0. 0. 0. 0. 0. 0.
    0. 0. 0. 0. 0. 0. 0. 0. 0. 0. 0. 0. 0. 0. 0. 0. 0. 0. 0. 0. 0. 0. 0.
    0. 0. 0. 0. 0. 0. 0. 0. 0. 0. 0. 0. 0. 0. 0. 0. 0. 0. 0. 0. 0. 0. 0.
    0. 0. 0. 0. 0. 0. 0. 0. 0. 0. 0. 0. 0. 0. 0. 0. 0. 0. 0. 0. 0. 0. 0.
    0. 0. 0. 0. 0. 0. 0. 0. 0. 0. 0. 0. 0. 0. 0. 0. 0. 0. 0. 0. 0. 0. 0.
    0. 0. 0. 0. 0. 0. 0. 0. 0. 0. 0. 0. 0. 0. 0. 0. 0. 0. 0. 0. 0. 0. 0.
    0. 0. 0. 0. 0. 0. 0. 0. 0. 0. 0. 0. 0. 0. 0. 0. 0. 0. 0. 0. 0. 0. 0.
    0. 0. 0. 0. 0. 0. 0. 0. 0. 0. 0. 0. 0. 0. 0. 0. 0. 0. 0. 0. 0. 0. 0.
    0. 0. 0. 0. 0. 0. 0. 0. 0. 0. 0. 0. 0. 0. 0. 0. 0. 0. 0. 0. 0. 0. 0.
    0. 0. 0. 0. 0. 0. 0. 0. 0. 0. 0. 0. 0. 0. 0. 0. 0. 0. 0. 0. 0. 0. 0.
    0. 0. 0. 0. 0. 0. 0. 0. 0. 0. 0. 0. 0. 0. 0. 0. 0. 0. 0. 0. 0. 0. 0.
    0. 0. 0. 0. 0. 0. 0. 0. 0. 0. 0. 0. 0. 0. 0. 0. 0. 0. 0. 0. 0. 0. 0.
    0. 0. 0. 0. 0. 0. 0. 0. 2.26600003e+00 2.26600003e+00 2.26600003e+00
    2.26600003e+00 2.26600003e+00 2.26600003e+00 2.26600003e+00
    2.22399998e+00 2.13400006e+00 2.08599997e+00 2.08599997e+00
    2.06599998e+00 2.02300000e+00 2. 2. 2. 2. 2. 2. 2. 2. 2. 2. 2. 2.
    1.98199999e+00 1.94000006e+00 1.91700006e+00 1.91700006e+00
    1.95299995e+00 2.03800011e+00 2.08599997e+00 2.08599997e+00
    2.06800008e+00 2.02500010e+00 2. 2. 2. 2. 2. 2.26600003e+00
    2.26600003e+00 2.26600003e+00 2.26600003e+00 2.26600003e+00
    2.26099992e+00 2.24900007e+00 2.20600009e+00 2.12800002e+00
    2.08599997e+00 2.08599997e+00 2.06599998e+00 2.02300000e+00 2. 2. 2.
    2. 2. 2. 2. 2. 2. 2. 2. 2. 1.98199999e+00 1.94000006e+00
    1.91700006e+00 1.91700006e+00 1.94900000e+00 2.02200007e+00
    2.06500006e+00 2.06500006e+00 2.05100012e+00 2.01900005e+00
    1.99600005e+00 1.98500001e+00 1.97899997e+00 1.97899997e+00
    1.97899997e+00 2.26600003e+00 2.26600003e+00 2.26600003e+00
    2.26600003e+00 2.26600003e+00 2.25000000e+00 2.21499991e+00
    2.17100000e+00 2.11599994e+00 2.08599997e+00 2.08599997e+00
    2.06599998e+00 2.02300000e+00 2. 2. 2. 2. 2. 2. 2. 2. 2. 2. 2. 2.
    1.98199999e+00 1.94000006e+00 1.91700006e+00 1.91700006e+00
    1.94000006e+00 1.99199998e+00 2.02200007e+00 2.02200007e+00
    2.01699996e+00 2.00600004e+00 1.98699999e+00 1.95599997e+00
    1.93799996e+00 1.93799996e+00 1.93799996e+00 2.24900007e+00
    2.24300003e+00 2.24300003e+00 2.24300003e+00 2.24300003e+00
    2.22199988e+00 2.17600012e+00 2.13700008e+00 2.10400009e+00
    2.08599997e+00 2.08599997e+00 2.07100010e+00 2.03900003e+00
    2.02099991e+00 2.02099991e+00 2.02099991e+00 2.02099991e+00
    2.01600003e+00 2.00600004e+00 2. 2. 2. 2. 2. 2. 1.98599994e+00
    1.95500004e+00 1.93700004e+00 1.93700004e+00 1.95099998e+00
    1.98199999e+00 2. 2. 1.99600005e+00 1.98500001e+00 1.96200001e+00
    1.92100000e+00 1.89300001e+00 1.88300002e+00 1.87800002e+00
    2.21499991e+00 2.19700003e+00 2.19700003e+00 2.19700003e+00
    2.19700003e+00 2.17600012e+00 2.13199997e+00 2.10299993e+00
    2.09200001e+00 2.08599997e+00 2.08599997e+00 2.08100009e+00
    2.06999993e+00 2.06399989e+00 2.06399989e+00 2.06399989e+00
    2.06399989e+00 2.04999995e+00 2.01799989e+00 2. 2. 2. 2. 2. 2.
    1.99500000e+00 1.98500001e+00 1.97899997e+00 1.97899997e+00
    1.98300004e+00 1.99399996e+00 2. 2. 1.98699999e+00 1.95599997e+00
    1.92100000e+00 1.88000000e+00 1.84500003e+00 1.81500006e+00
    1.79799998e+00 2.19199991e+00 2.17400002e+00 2.17400002e+00
    2.17400002e+00 2.17400002e+00 2.15300012e+00 2.10899997e+00
    2.08599997e+00 2.08599997e+00 2.08599997e+00 2.08599997e+00
    2.08599997e+00 2.08599997e+00 2.08599997e+00 2.08599997e+00
    2.08599997e+00 2.08599997e+00 2.06699991e+00 2.02399993e+00 2. 2. 2.
    2. 2. 2. 2. 2. 2. 2. 2. 2. 2. 2. 1.98199999e+00 1.94099998e+00
    1.89999998e+00 1.86000001e+00 1.82000005e+00 1.78100002e+00
    1.75800002e+00 2.18000007e+00 2.17400002e+00 2.17400002e+00
    2.17400002e+00 2.17400002e+00 2.15300012e+00 2.10899997e+00
    2.08599997e+00 2.08599997e+00 2.08599997e+00 2.08599997e+00
    2.08599997e+00 2.08599997e+00 2.08599997e+00 2.08599997e+00
    2.08599997e+00 2.08599997e+00 2.06699991e+00 2.02399993e+00 2. 2. 2.
    2. 2. 2. 2. 2. 2. 2. 2. 2. 2. 2. 1.98199999e+00 1.94099998e+00
    1.89999998e+00 1.86000001e+00 1.82000005e+00 1.78100002e+00
    1.75800002e+00 2.15300012e+00 2.15300012e+00 2.15300012e+00
    2.15300012e+00 2.15300012e+00 2.13199997e+00 2.08800006e+00
    2.06500006e+00 2.06500006e+00 2.06999993e+00 2.07999992e+00
    2.08599997e+00 2.08599997e+00 2.08599997e+00 2.08599997e+00
    2.08599997e+00 2.08599997e+00 2.06699991e+00 2.02399993e+00 2. 2. 2.
    2. 2. 2. 2. 2. 2. 2. 2. 2. 2. 2. 1.98199999e+00 1.94099998e+00
    1.90400004e+00 1.87399995e+00 1.83200002e+00 1.77400005e+00
    1.74000001e+00 2.10899997e+00 2.10899997e+00 2.10899997e+00
    2.10899997e+00 2.10899997e+00 2.08800006e+00 2.04500008e+00
    2.02200007e+00 2.02200007e+00 2.03699994e+00 2.06900001e+00
    2.08599997e+00 2.08599997e+00 2.08599997e+00 2.08599997e+00
    2.08599997e+00 2.08599997e+00 2.06699991e+00 2.02399993e+00 2. 2. 2.
    2. 2. 2. 2. 2. 2. 2. 2. 2. 2. 2. 1.98199999e+00 1.94099998e+00
    1.91299999e+00 1.90199995e+00 1.85599995e+00 1.75899994e+00
    1.70200002e+00 2.08599997e+00 2.08599997e+00 2.08599997e+00
    2.08599997e+00 2.08599997e+00 2.06599998e+00 2.02300000e+00 2. 2.
    2.02500010e+00 2.07900000e+00 2.10700011e+00 2.10700011e+00
    2.10700011e+00 2.10700011e+00 2.10700011e+00 2.10700011e+00
    2.09200001e+00 2.05999994e+00 2.04200006e+00 2.04200006e+00
    2.08599997e+00 2.18600011e+00 2.24099994e+00 2.24099994e+00
    2.24799991e+00 2.26300001e+00 2.27699995e+00 2.29200006e+00
    2.30100012e+00 2.30100012e+00 2.29500008e+00 2.27900004e+00
    2.18400002e+00 1.97899997e+00 1.86000001e+00 1.86000001e+00
    1.82299995e+00 1.73399997e+00 1.68200004e+00 2.08599997e+00
    2.08599997e+00 2.08599997e+00 2.08599997e+00 2.08599997e+00
    2.06599998e+00 2.02300000e+00 2. 2. 2.03500009e+00 2.11100006e+00
    2.15100002e+00 2.15100002e+00 2.15100002e+00 2.15100002e+00
    2.15100002e+00 2.15100002e+00 2.14599991e+00 2.13499999e+00
    2.12899995e+00 2.12899995e+00 2.26500010e+00 2.57100010e+00
    2.74099994e+00 2.74099994e+00 2.76099992e+00 2.80599999e+00
    2.85100007e+00 2.89800000e+00 2.92400002e+00 2.92400002e+00
    2.90400004e+00 2.85800004e+00 2.60100007e+00 2.05800009e+00
    1.74300003e+00 1.74300003e+00 1.73000002e+00 1.70000005e+00
    1.68200004e+00 2.08599997e+00 2.08599997e+00 2.08599997e+00
    2.08599997e+00 2.08599997e+00 2.06599998e+00 2.02300000e+00 2. 2.
    2.04099989e+00 2.12800002e+00 2.17400002e+00 2.17400002e+00
    2.17400002e+00 2.17400002e+00 2.17400002e+00 2.17400002e+00
    2.17400002e+00 2.17400002e+00 2.17400002e+00 2.17400002e+00
    2.35800004e+00 2.77099991e+00 0. 0. 0. 0. 0. 0. 0. 0. 0. 0.
    2.81800008e+00 2.09899998e+00 1.68200004e+00 1.68200004e+00
    1.68200004e+00 1.68200004e+00 1.68200004e+00 0. 0. 0. 0. 0. 0. 0. 0.
