<?xml version="1.0"?>
<opencv_storage>
<Depth type_id="opencv-matrix">
  <rows>40</rows>
  <cols>40</cols>
  <dt>f</dt>
  <data>
    0. 0. 0. 0. 0. 0. 0. 0. 0. 0. 0. 0. 0. 0. 0. 0. 0. 0. 0. 0. 0. 0. 0.
    0. 0. 2.28999996e+00 2.28999996e+00 2.28500009e+00 2.27300000e+00
    2.24499989e+00 2.19899988e+00 2.17400002e+00 2.17400002e+00
    2.15400004e+00 2.10999990e+00 2.08599997e+00 0. 0. 0. 0. 0. 0. 0. 0.
    0. 0. 0. 0. 0. 0. 0. 0. 0. 0. 0. 0. 0. 0. 0. 0. 0. 0. 0. 0.
    1.09200001e+00 2.24399996e+00 2.24399996e+00 2.24900007e+00
    2.25999999e+00 2.25000000e+00 2.21499991e+00 2.19099998e+00
    2.18000007e+00 2.15899992e+00 2.12599993e+00 2.10700011e+00 0. 0. 0.
    0. 0. 0. 0. 0. 0. 0. 0. 0. 0. 0. 0. 0. 0. 0. 0. 0. 0. 0. 0. 0. 0. 0.
    0. 1.07200003e+00 1.80400002e+00 2.19799995e+00 2.19799995e+00
    2.21300006e+00 2.24699998e+00 2.26099992e+00 2.24900007e+00
    2.22700000e+00 2.19300008e+00 2.16899991e+00 2.15799999e+00
    2.15100002e+00 0. 0. 0. 0. 0. 0. 0. 0. 0. 0. 0. 0. 0. 0. 0. 0. 0. 0.
    0. 0. 0. 0. 0. 0. 0. 0. 0. 2.17400002e+00 2.17400002e+00
    2.17400002e+00 2.17400002e+00 2.19000006e+00 2.22499990e+00
    2.24399996e+00 2.24399996e+00 2.23300004e+00 2.20900011e+00
    2.20099998e+00 2.21199989e+00 2.21900010e+00 0. 0. 0. 0. 0. 0. 0. 0.
    0. 0. 0. 0. 0. 0. 0. 0. 0. 0. 0. 0. 0. 0. 0. 0. 0. 0. 0.
    2.17400002e+00 2.17400002e+00 2.17400002e+00 2.17400002e+00
    2.17899990e+00 2.19199991e+00 2.19799995e+00 2.19799995e+00
    2.20799994e+00 2.23000002e+00 2.25699997e+00 2.29200006e+00
    2.31100011e+00 0. 0. 0. 0. 0. 0. 0. 0. 0. 0. 0. 0. 0. 0. 0. 0. 0. 0.
    0. 0. 0. 0. 0. 0. 0. 0. 1.07099998e+00 2.19600010e+00 2.19600010e+00
    2.19600010e+00 2.19600010e+00 2.19099998e+00 2.18000007e+00
    2.17400002e+00 2.17400002e+00 2.19499993e+00 2.24099994e+00
    2.33400011e+00 2.48600006e+00 2.57100010e+00 0. 0. 0. 0. 0. 0. 0. 0.
    0. 0. 0. 0. 0. 0. 0. 0. 0. 0. 0. 0. 0. 0. 0. 0. 0. 1.17499995e+00
    1.87000000e+00 2.24200010e+00 2.24200010e+00 2.24200010e+00
    2.24200010e+00 2.22600007e+00 2.19199991e+00 2.17400002e+00
    2.17400002e+00 2.19499993e+00 2.24099994e+00 2.43199992e+00
    2.80599999e+00 0. 0. 0. 0. 0. 0. 0. 0. 0. 0. 0. 0. 0. 0. 0. 0. 0. 0.
    0. 0. 0. 0. 0. 0. 0. 0. 2.29900002e+00 2.26399994e+00 2.24399996e+00
    2.24399996e+00 2.24399996e+00 2.24399996e+00 2.23300004e+00
    2.20900011e+00 2.19600010e+00 2.19600010e+00 2.22700000e+00
    2.29600000e+00 2.53800011e+00 2.99399996e+00 0. 0. 0. 0. 0. 0. 0. 0.
    0. 0. 0. 0. 0. 0. 0. 0. 0. 0. 0. 0. 0. 0. 0. 0. 0. 0. 2.21799994e+00
    2.20499992e+00 2.19799995e+00 2.19799995e+00 2.19799995e+00
    2.19799995e+00 2.20799994e+00 2.23000002e+00 2.24200010e+00
    2.24200010e+00 2.29500008e+00 2.41499996e+00 2.65199995e+00 0. 0. 0.
    0. 0. 0. 0. 0. 0. 0. 0. 0. 0. 0. 0. 0. 0. 0. 0. 0. 0. 0. 0. 0. 0. 0.
    1.05200005e+00 2.17400002e+00 2.17400002e+00 2.17400002e+00
    2.17400002e+00 2.17400002e+00 2.17400002e+00 2.19499993e+00
    2.24099994e+00 2.27099991e+00 2.28200006e+00 2.38499999e+00
    2.60100007e+00 2.83800006e+00 0. 0. 0. 0. 0. 0. 0. 0. 0. 0. 0. 0. 0.
    0. 0. 0. 0. 0. 0. 0. 0. 0. 0. 0. 0. 1.09200001e+00 1.79900002e+00
    2.17400002e+00 2.17400002e+00 2.17400002e+00 2.17400002e+00
    2.17400002e+00 2.17400002e+00 2.19499993e+00 2.24099994e+00
    2.28200006e+00 2.31599998e+00 2.49799991e+00 2.86199999e+00 0. 0. 0.
    0. 0. 0. 0. 0. 0. 0. 0. 0. 0. 0. 0. 0. 0. 0. 0. 0. 0. 0. 0. 0. 0.
    1.13600004e+00 2.24000001e+00 2.18300009e+00 2.15400004e+00
    2.15400004e+00 2.15400004e+00 2.15400004e+00 2.15400004e+00
    2.15400004e+00 2.17000008e+00 2.20499992e+00 2.30200005e+00
    2.47199988e+00 2.71900010e+00 0. 0. 0. 0. 0. 0. 0. 0. 0. 0. 0. 0. 0.
    0. 0. 0. 0. 0. 0. 0. 0. 0. 0. 0. 0. 1.21599996e+00 1.90300000e+00
    2.22900009e+00 2.15100002e+00 2.10999990e+00 2.10999990e+00
    2.10999990e+00 2.10999990e+00 2.10999990e+00 2.10999990e+00
    2.11500001e+00 2.12800002e+00 2.33200002e+00 2.76900005e+00 0. 0. 0.
    0. 0. 0. 0. 0. 0. 0. 0. 0. 0. 0. 0. 0. 0. 0. 0. 0. 0. 0. 0. 0. 0. 0.
    2.35299993e+00 2.26900005e+00 2.19199991e+00 2.12299991e+00
    2.08599997e+00 2.08599997e+00 2.08599997e+00 2.08599997e+00
    2.08599997e+00 2.08599997e+00 2.08599997e+00 2.08599997e+00
    2.34899998e+00 2.92899990e+00 0. 0. 0. 0. 0. 0. 0. 0. 0. 0. 0. 0. 0.
    0. 0. 0. 0. 0. 0. 0. 0. 0. 0. 0. 0. 0. 2.22300005e+00 2.16499996e+00
    2.12299991e+00 2.09899998e+00 2.08599997e+00 2.08599997e+00
    2.08599997e+00 2.08599997e+00 2.08599997e+00 2.08599997e+00
    2.08599997e+00 2.08599997e+00 2.34899998e+00 2.92899990e+00 0. 0. 0.
    0. 0. 0. 0. 0. 0. 0. 0. 0. 0. 0. 0. 0. 0. 0. 0. 0. 0. 0. 0. 0. 0. 0.
    2.13800001e+00 2.10400009e+00 2.08599997e+00 2.08599997e+00
    2.08599997e+00 2.08599997e+00 2.08599997e+00 2.08599997e+00
    2.08599997e+00 2.08599997e+00 2.08599997e+00 2.08599997e+00
    2.34899998e+00 2.92899990e+00 0. 0. 0. 0. 0. 0. 0. 0. 0. 0. 0. 0. 0.
    0. 0. 0. 0. 0. 0. 0. 0. 0. 0. 0. 0. 0. 2.10400009e+00 2.09200001e+00
    2.08599997e+00 2.08599997e+00 2.08599997e+00 2.08599997e+00
    2.08599997e+00 2.08599997e+00 2.08599997e+00 2.08599997e+00
    2.08599997e+00 2.08599997e+00 2.34899998e+00 2.92899990e+00 0. 0. 0.
    0. 0. 0. 0. 0. 0. 0. 0. 0. 0. 0. 0. 0. 0. 0. 0. 0. 0. 0. 0. 0. 0. 0.
    2.08599997e+00 2.08599997e+00 2.08599997e+00 2.08599997e+00
    2.08599997e+00 2.08599997e+00 2.08599997e+00 2.08599997e+00
    2.08599997e+00 2.08599997e+00 2.08599997e+00 2.08599997e+00
    2.34899998e+00 2.92899990e+00 0. 0. 0. 0. 0. 0. 0. 0. 0. 0. 0. 0. 0.
    0. 0. 0. 0. 0. 0. 0. 0. 0. 0. 0. 0. 1.71000004e+00 2.08599997e+00
    2.08599997e+00 2.08599997e+00 2.08599997e+00 2.08599997e+00
    2.08599997e+00 2.08599997e+00 2.08599997e+00 2.08599997e+00
    2.08599997e+00 2.08599997e+00 2.08599997e+00 2.34899998e+00
    2.92899990e+00 0. 0. 0. 0. 0. 0. 0. 0. 0. 0. 0. 0. 0. 0. 0. 0. 0. 0.
    0. 0. 0. 0. 0. 0. 2.15799999e+00 2.12400007e+00 2.10100007e+00
    2.09100008e+00 2.08100009e+00 2.07200003e+00 2.06699991e+00
    2.06699991e+00 2.07100010e+00 2.08100009e+00 2.08599997e+00
    2.08599997e+00 2.14499998e+00 2.27600002e+00 2.55100012e+00 0. 0. 0.
    0. 0. 0. 0. 0. 0. 0. 0. 0. 0. 0. 0. 0. 0. 0. 0. 0. 0. 0. 0. 0. 0.
    2.16799998e+00 2.15599990e+00 2.13499999e+00 2.10299993e+00
    2.07100010e+00 2.03999996e+00 2.02399993e+00 2.02399993e+00
    2.03800011e+00 2.06900001e+00 2.08599997e+00 2.08599997e+00
    2.27800012e+00 2.69700003e+00 2.99900007e+00 0. 0. 0. 0. 0. 0. 0. 0.
    0. 0. 0. 0. 0. 0. 0. 0. 0. 0. 0. 0. 0. 0. 0. 0. 1.05400002e+00
    2.16899991e+00 2.16000009e+00 2.13800001e+00 2.10400009e+00
    2.06599998e+00 2.02300000e+00 2. 2. 2.01600003e+00 2.04900002e+00
    2.07599998e+00 2.09500003e+00 2.35999990e+00 2.91599989e+00 0. 0. 0.
    0. 0. 0. 0. 0. 0. 0. 0. 0. 0. 0. 0. 0. 0. 0. 0. 0. 0. 0. 0. 0.
    1.00199997e+00 1.77300000e+00 2.15899992e+00 2.12700009e+00
    2.10500002e+00 2.09200001e+00 2.06599998e+00 2.02300000e+00 2. 2.
    2.00600004e+00 2.01699996e+00 2.05299997e+00 2.11500001e+00
    2.38000011e+00 2.88299990e+00 0. 0. 0. 0. 0. 0. 0. 0. 0. 0. 0. 0. 0.
    0. 0. 0. 0. 0. 0. 0. 0. 0. 0. 0. 2.16899991e+00 2.16000009e+00
    2.13800001e+00 2.10400009e+00 2.08100009e+00 2.07200003e+00
    2.05100012e+00 2.01799989e+00 2. 2. 2. 2. 2.08800006e+00
    2.27999997e+00 2.55200005e+00 2.92100000e+00 0. 0. 0. 0. 0. 0. 0. 0.
    0. 0. 0. 0. 0. 0. 0. 0. 0. 0. 0. 0. 0. 0. 0. 0. 2.15899992e+00
    2.12700009e+00 2.10500002e+00 2.09200001e+00 2.07100010e+00
    2.03999996e+00 2.01799989e+00 2.00600004e+00 2. 2. 2. 2.
    2.19700003e+00 2.62500000e+00 2.91799998e+00 0. 0. 0. 0. 0. 0. 0. 0.
    0. 0. 0. 0. 0. 0. 0. 0. 0. 0. 0. 0. 0. 0. 0. 0. 1.06099999e+00
    2.15300012e+00 2.10899997e+00 2.08599997e+00 2.08599997e+00
    2.06599998e+00 2.02300000e+00 2. 2. 2. 2. 2. 2. 2.25799990e+00
    2.81900001e+00 0. 0. 0. 0. 0. 0. 0. 0. 0. 0. 0. 0. 0. 0. 0. 0. 0. 0.
    0. 0. 0. 0. 0. 0. 1.03900003e+00 1.78699994e+00 2.15300012e+00
