<?xml version="1.0"?>
<opencv_storage>
<Depth type_id="opencv-matrix">
  <rows>40</rows>
  <cols>40</cols>
  <dt>f</dt>
  <data>
    0. 0. 0. 0. 0. 0. 0. 0. 0. 0. 0. 0. 0. 0. 0. 0. 0. 0. 0. 0. 0. 0. 0.
    0. 0. 0. 0. 0. 0. 0. 0. 0. 0. 0. 0. 0. 0. 0. 0. 0. 0. 0. 0. 0. 0. 0.
    0. 0. 0. 0. 0. 0. 0. 0. 0. 0. 0. 0. 0. 0. 0. 0. 0. 0. 0. 0. 0. 0. 0.
    0. 0. 0. 0. 0. 0. 0. 0. 0. 0. 0. 0. 0. 0. 0. 0. 0. 0. 0. 0. 0. 0. 0.
    0. 0. 2.01799989e+00 1.86399996e+00 1.11899996e+00 0. 0.
    2.01300001e+00 2.01300001e+00 2.00900006e+00 2.00300002e+00
    1.59300005e+00 0. 0. 0. 0. 0. 0. 0. 0. 0. 0. 0. 0. 0. 0. 0. 0. 0. 0.
    0. 0. 0. 0. 0. 0. 0. 0. 0. 0. 1.55599999e+00 2.01399994e+00
    2.01399994e+00 2.01399994e+00 2.01399994e+00 2.01699996e+00
    2.01399994e+00 2.01099992e+00 2.00300002e+00 2.00399995e+00 2.
    2.01900005e+00 2.07399988e+00 0. 0. 0. 0. 0. 0. 0. 0. 0. 0. 0. 0. 0.
    0. 0. 0. 0. 0. 0. 0. 0. 0. 0. 0. 0. 0. 0. 1.55400002e+00
    2.01300001e+00 2.01300001e+00 2.01300001e+00 2.01300001e+00
    2.01300001e+00 2.00900006e+00 2.00500011e+00 2. 2. 2. 2.
    2.07299995e+00 0. 0. 0. 0. 0. 0. 0. 0. 0. 0. 0. 0. 0. 0. 0. 0. 0. 0.
    0. 0. 0. 0. 0. 0. 0. 0. 0. 1.55599999e+00 2.01300001e+00
    2.01300001e+00 2.01300001e+00 2.01300001e+00 2.01300001e+00
    2.00900006e+00 2.00500011e+00 2. 1.99699998e+00 1.99600005e+00
    2.00399995e+00 2.05599999e+00 2.09599996e+00 2.19000006e+00 0. 0. 0.
    0. 0. 0. 0. 0. 0. 0. 0. 0. 0. 0. 0. 0. 0. 0. 0. 0. 0. 0. 0. 0. 0.
    1.55499995e+00 2.01300001e+00 2.01300001e+00 2.01300001e+00
    2.01300001e+00 2.00900006e+00 2.00900006e+00 2.00500011e+00 2. 2.
    1.99600005e+00 2.01099992e+00 2.05999994e+00 2.09999990e+00
    2.19000006e+00 0. 0. 0. 0. 0. 0. 0. 0. 0. 0. 0. 0. 0. 0. 0. 0. 0. 0.
    0. 0. 0. 0. 0. 0. 0. 1.55599999e+00 2.01300001e+00 2.01300001e+00
    2.01300001e+00 2.01300001e+00 2.00900006e+00 2.00500011e+00
    2.00500011e+00 2. 1.99699998e+00 1.99699998e+00 2.00900006e+00
    2.05699992e+00 2.09999990e+00 2.19499993e+00 0. 0. 0. 0. 0. 0. 0. 0.
    0. 0. 0. 0. 0. 0. 0. 0. 0. 0. 0. 0. 0. 0. 0. 0. 0. 0. 2.01799989e+00
    2.01300001e+00 2.01300001e+00 2.01300001e+00 2.00999999e+00
    2.00900006e+00 2.00500011e+00 2. 1.99699998e+00 1.99600005e+00
    2.00200009e+00 2.04800010e+00 2.12599993e+00 2.17799997e+00 0. 0. 0.
    0. 0. 0. 0. 0. 0. 0. 0. 0. 0. 0. 0. 0. 0. 0. 0. 0. 0. 0. 0. 0. 0.
    1.03400004e+00 2.01799989e+00 2.01500010e+00 2.01300001e+00
    2.01300001e+00 2.01200008e+00 2.00500011e+00 2.00500011e+00 2.
    1.99600005e+00 1.99699998e+00 2.00699997e+00 2.08800006e+00
    2.14499998e+00 2.16799998e+00 0. 0. 0. 0. 0. 0. 0. 0. 0. 0. 0. 0. 0.
    0. 0. 0. 0. 0. 0. 0. 0. 0. 0. 0. 0. 1.55999994e+00 2.01699996e+00
    2.01300001e+00 2.01300001e+00 2.01300001e+00 2.00900006e+00
    2.00500011e+00 2.00500011e+00 2. 1.99699998e+00 1.99600005e+00
    2.00500011e+00 2.06699991e+00 2.13000011e+00 2.16799998e+00 0. 0. 0.
    0. 0. 0. 0. 0. 0. 0. 0. 0. 0. 0. 0. 0. 0. 0. 0. 0. 0. 0. 0. 0. 0.
    1.55900002e+00 2.01699996e+00 2.01300001e+00 2.01300001e+00
    2.01099992e+00 2.00600004e+00 2.00500011e+00 2.00500011e+00 2.
    1.99899995e+00 1.99600005e+00 2.00600004e+00 2.05900002e+00
    2.11599994e+00 2.19499993e+00 0. 0. 0. 0. 0. 0. 0. 0. 0. 0. 0. 0. 0.
    0. 0. 0. 0. 0. 0. 0. 0. 0. 0. 0. 0. 1.55599999e+00 2.01699996e+00
    2.01300001e+00 2.01300001e+00 2.01099992e+00 2.00600004e+00
    2.00500011e+00 2.00500011e+00 2. 2. 1.99600005e+00 2.00200009e+00 0.
    2.16199994e+00 2.19499993e+00 0. 0. 0. 0. 0. 0. 0. 0. 0. 0. 0. 0. 0.
    0. 0. 0. 0. 0. 0. 0. 0. 0. 0. 0. 0. 1.55599999e+00 2.01699996e+00
    2.01300001e+00 2.01300001e+00 2.01200008e+00 2.00900006e+00
    2.00900006e+00 2.00500011e+00 2. 2. 2. 2.00399995e+00 1.24000001e+00
    2.18499994e+00 2.20099998e+00 0. 0. 0. 0. 0. 0. 0. 0. 0. 0. 0. 0. 0.
    0. 0. 0. 0. 0. 0. 0. 0. 0. 0. 0. 0. 1.55799997e+00 2.01699996e+00
    2.01500010e+00 2.01200008e+00 2.00900006e+00 2.00699997e+00
    2.00900006e+00 2.00600004e+00 2. 2. 2. 2.00699997e+00 1.42799997e+00
    1.48800004e+00 2.19799995e+00 0. 0. 0. 0. 0. 0. 0. 0. 0. 0. 0. 0. 0.
    0. 0. 0. 0. 0. 0. 0. 0. 0. 0. 0. 0. 1.56299996e+00 2.01799989e+00
    2.01300001e+00 2.01200008e+00 2.00699997e+00 2.00500011e+00
    2.00500011e+00 2. 2. 1.99800003e+00 2. 2.00699997e+00 2.08699989e+00
    2.15199995e+00 2.16899991e+00 0. 0. 0. 0. 0. 0. 0. 0. 0. 0. 0. 0. 0.
    0. 0. 0. 0. 0. 0. 0. 0. 0. 0. 0. 0. 1.56200004e+00 2.01699996e+00
    2.01300001e+00 2.01300001e+00 2.01099992e+00 2.00900006e+00
    2.00500011e+00 2. 2. 2. 1.99600005e+00 2.01399994e+00 2.06500006e+00
    2.13299990e+00 2.14599991e+00 0. 0. 0. 0. 0. 0. 0. 0. 0. 0. 0. 0. 0.
    0. 0. 0. 0. 0. 0. 0. 0. 0. 0. 0. 0. 1.66100001e+00 2.01699996e+00
    2.01399994e+00 2.01300001e+00 2.01300001e+00 2.00999999e+00
    2.00500011e+00 2.00300002e+00 2. 2. 1.99699998e+00 2.01099992e+00
    2.06800008e+00 2.10899997e+00 0. 0. 0. 0. 0. 0. 0. 0. 0. 0. 0. 0. 0.
    0. 0. 0. 0. 0. 0. 0. 0. 0. 0. 0. 0. 0. 1.76900005e+00 2.01500010e+00
    2.01500010e+00 2.01300001e+00 2.01300001e+00 2.00699997e+00
    2.00500011e+00 2. 2. 2. 1.99800003e+00 2. 2.06900001e+00 0. 0. 0. 0.
    0. 0. 0. 0. 0. 0. 0. 0. 0. 0. 0. 0. 0. 0. 0. 0. 0. 0. 0. 0. 0. 0. 0.
    2.02300000e+00 2.01300001e+00 2.01300001e+00 2.01300001e+00
    2.01300001e+00 2.00600004e+00 2.00500011e+00 2. 2. 1.99699998e+00
    1.99600005e+00 1.99800003e+00 2.07200003e+00 0. 0. 0. 0. 0. 0. 0. 0.
    0. 0. 0. 0. 0. 0. 0. 0. 0. 0. 0. 0. 0. 0. 0. 0. 0. 0. 0.
    2.01699996e+00 2.01699996e+00 2.01300001e+00 2.01300001e+00
    2.01099992e+00 2.00900006e+00 2.00500011e+00 2. 2. 1.99600005e+00
    1.99600005e+00 2.00399995e+00 2.06299996e+00 0. 0. 0. 0. 0. 0. 0. 0.
    0. 0. 0. 0. 0. 0. 0. 0. 0. 0. 0. 0. 0. 0. 0. 0. 0. 0. 0.
    1.55599999e+00 2.01699996e+00 2.01699996e+00 2.01200008e+00
    2.00699997e+00 2.00500011e+00 2.00500011e+00 2. 2. 2. 2.
    2.00099993e+00 2.07100010e+00 2.09899998e+00 0. 0. 0. 0. 0. 0. 0. 0.
    0. 0. 0. 0. 0. 0. 0. 0. 0. 0. 0. 0. 0. 0. 0. 0. 0. 0. 1.56099999e+00
    2.01799989e+00 2.01699996e+00 2.01200008e+00 2.00900006e+00
    2.00699997e+00 2.00500011e+00 2.00500011e+00 2.00200009e+00 2.
    1.99800003e+00 2.00099993e+00 2.08400011e+00 2.11500001e+00
    2.20400000e+00 0. 0. 0. 0. 0. 0. 0. 0. 0. 0. 0. 0. 0. 0. 0. 0. 0. 0.
    0. 0. 0. 0. 0. 0. 0. 1.86600006e+00 2.01699996e+00 2.01399994e+00
    2.01200008e+00 2.00900006e+00 2.00900006e+00 2.00799990e+00
    2.00500011e+00 2.00300002e+00 2. 1.99899995e+00 2. 2.06900001e+00
    2.11700010e+00 2.19499993e+00 0. 0. 0. 0. 0. 0. 0. 0. 0. 0. 0. 0. 0.
    0. 0. 0. 0. 0. 0. 0. 0. 0. 0. 0. 0. 2.01900005e+00 2.01699996e+00
    2.01600003e+00 2.01300001e+00 2.01300001e+00 2.00999999e+00
    2.00900006e+00 2. 2. 2. 2. 2. 2.06200004e+00 2.13199997e+00
    2.19499993e+00 0. 0. 0. 0. 0. 0. 0. 0. 0. 0. 0. 0. 0. 0. 0. 0. 0. 0.
    0. 0. 0. 0. 0. 0. 0. 2.01699996e+00 2.01699996e+00 2.01300001e+00
    2.01300001e+00 2.01300001e+00 2.01300001e+00 2.00900006e+00 2.
    1.99800003e+00 1.99600005e+00 2. 2.00300002e+00 2.01099992e+00
    2.14700007e+00 2.20099998e+00 0. 0. 0. 0. 0. 0. 0. 0. 0. 0. 0. 0. 0.
    0. 0. 0. 0. 0. 0. 0. 0. 0. 0. 0. 0. 2.01699996e+00 2.01600003e+00
    2.01300001e+00 2.01200008e+00 2.00900006e+00 2.00900006e+00
    2.00500011e+00 2. 2. 1.99600005e+00 2. 2.00900006e+00 2.02600002e+00
    2.19799995e+00 2.19499993e+00 0. 0. 0. 0. 0. 0. 0. 0. 0. 0. 0. 0. 0.
    0. 0. 0. 0. 0. 0. 0. 0. 0. 0. 0. 0. 2.00900006e+00 2.01300001e+00
    2.01300001e+00 2.00900006e+00 2.00900006e+00 2.00600004e+00 2. 2. 2.
    1.99899995e+00 1.99699998e+00 2.00500011e+00 2.05100012e+00
    1.84399998e+00 2.19499993e+00 0. 0. 0. 0. 0. 0. 0. 0. 0. 0. 0. 0. 0.
    0. 0. 0. 0. 0. 0. 0. 0. 0. 0. 0. 0. 2.00799990e+00 2.01699996e+00
    2.01300001e+00 2.01300001e+00 2.00900006e+00 2.00600004e+00 2. 2. 2.
    2. 2. 2.00300002e+00 2.05699992e+00 0. 0. 0. 0. 0. 0. 0. 0. 0. 0. 0.
    0. 0. 0. 0. 0. 0. 0. 0. 0. 0. 0. 0. 0. 0. 0. 0. 2.01699996e+00
