<?xml version="1.0"?>
<opencv_storage>
<Depth type_id="opencv-matrix">
  <rows>40</rows>
  <cols>40</cols>
  <dt>f</dt>
  <data>
    0. 0. 0. 0. 0. 0. 0. 0. 0. 0. 0. 0. 0. 0. 0. 0. 1.87600005e+00
    1.87600005e+00 1.87500000e+00 1.87500000e+00 1.85899997e+00
    1.83500004e+00 1.81200004e+00 1.78799999e+00 1.78600001e+00
    1.75500000e+00 1.73099995e+00 0. 0. 0. 0. 0. 0. 0. 0. 0. 0. 0. 0. 0.
    0. 0. 0. 0. 0. 0. 0. 0. 0. 0. 0. 0. 0. 0. 0. 0. 1.87500000e+00
    1.87500000e+00 1.87500000e+00 1.87500000e+00 1.85899997e+00
    1.83500004e+00 1.81500006e+00 1.80999994e+00 1.79299998e+00
    1.76800001e+00 1.75300002e+00 0. 0. 0. 0. 0. 0. 0. 0. 0. 0. 0. 0. 0.
    0. 0. 0. 0. 0. 0. 0. 0. 0. 0. 0. 0. 0. 0. 0. 0. 1.89199996e+00
    1.88999999e+00 1.87600005e+00 1.87500000e+00 1.85899997e+00
    1.83500004e+00 1.81599998e+00 1.81599998e+00 1.80700004e+00
    1.79700005e+00 1.79200006e+00 0. 0. 0. 0. 0. 0. 0. 0. 0. 0. 0. 0. 0.
    0. 0. 0. 0. 0. 0. 0. 0. 0. 0. 0. 0. 0. 0. 0. 0. 1.90499997e+00
    1.90300000e+00 1.88800001e+00 1.87800002e+00 1.86500001e+00
    1.84700000e+00 1.82700002e+00 1.82700002e+00 1.81900001e+00
    1.81599998e+00 1.81599998e+00 0. 0. 0. 0. 0. 0. 0. 0. 0. 0. 0. 0. 0.
    0. 0. 0. 0. 0. 0. 0. 0. 0. 0. 0. 0. 0. 0. 0. 0. 1.90900004e+00
    1.90499997e+00 1.90499997e+00 1.88300002e+00 1.87500000e+00
    1.86500001e+00 1.84500003e+00 1.84500003e+00 1.82700002e+00
    1.82200003e+00 1.82200003e+00 0. 0. 0. 0. 0. 0. 0. 0. 0. 0. 0. 0. 0.
    0. 0. 0. 0. 0. 0. 0. 0. 0. 0. 0. 0. 0. 0. 0. 1.94500005e+00
    1.92600000e+00 1.90499997e+00 1.90499997e+00 1.88300002e+00
    1.87500000e+00 1.86500001e+00 1.84500003e+00 1.84500003e+00
    1.84500003e+00 1.84500003e+00 1.84500003e+00 0. 0. 0. 0. 0. 0. 0. 0.
    0. 0. 0. 0. 0. 0. 0. 0. 0. 0. 0. 0. 0. 0. 0. 0. 0. 0. 0. 0.
    1.96399999e+00 1.95099998e+00 1.92700005e+00 1.90699995e+00
    1.90100002e+00 1.88600004e+00 1.87300003e+00 1.86899996e+00
    1.86899996e+00 1.85099995e+00 1.84500003e+00 1.84500003e+00 0. 0. 0.
    0. 0. 0. 0. 0. 0. 0. 0. 0. 0. 0. 0. 0. 0. 0. 0. 0. 0. 0. 0. 0. 0. 0.
    0. 0. 1.94799995e+00 1.94400001e+00 1.93200004e+00 1.90699995e+00
    1.90499997e+00 1.88900006e+00 1.87500000e+00 1.87500000e+00
    1.87500000e+00 1.86600006e+00 1.85300004e+00 1.84500003e+00 0. 0. 0.
    0. 0. 0. 0. 0. 0. 0. 0. 0. 0. 0. 0. 0. 0. 0. 0. 0. 0. 0. 0. 0. 0. 0.
    0. 0. 1.93599999e+00 1.93599999e+00 1.93200004e+00 1.90699995e+00
    1.90499997e+00 1.89600003e+00 1.88300002e+00 1.87500000e+00
    1.87500000e+00 1.87500000e+00 1.85800004e+00 1.84500003e+00 0. 0. 0.
    0. 0. 0. 0. 0. 0. 0. 0. 0. 0. 0. 0. 0. 0. 0. 0. 0. 0. 0. 0. 0. 0. 0.
    0. 0. 1.59700000e+00 1.94099998e+00 1.93200004e+00 1.90699995e+00
    1.90499997e+00 1.90499997e+00 1.89499998e+00 1.87500000e+00
    1.87500000e+00 1.87500000e+00 1.85800004e+00 1.84500003e+00 0. 0. 0.
    0. 0. 0. 0. 0. 0. 0. 0. 0. 0. 0. 0. 0. 0. 0. 0. 0. 0. 0. 0. 0. 0. 0.
    0. 0. 0. 1.95700002e+00 1.93200004e+00 1.90699995e+00 1.90499997e+00
    1.90499997e+00 1.89499998e+00 1.87500000e+00 1.87500000e+00
    1.87500000e+00 1.85899997e+00 1.84599996e+00 0. 0. 0. 0. 0. 0. 0. 0.
    0. 0. 0. 0. 0. 0. 0. 0. 0. 0. 0. 0. 0. 0. 0. 0. 0. 0. 0. 0. 0.
    1.95700002e+00 1.93200004e+00 1.90699995e+00 1.90499997e+00
    1.90499997e+00 1.89499998e+00 1.87500000e+00 1.87500000e+00
    1.87500000e+00 1.87199998e+00 1.87000000e+00 0. 0. 0. 0. 0. 0. 0. 0.
    0. 0. 0. 0. 0. 0. 0. 0. 0. 0. 0. 0. 0. 0. 0. 0. 0. 0. 0. 0. 0.
    1.95700002e+00 1.93200004e+00 1.90699995e+00 1.90499997e+00
    1.90499997e+00 1.90100002e+00 1.89400005e+00 1.89400005e+00
    1.88000000e+00 1.87500000e+00 1.87500000e+00 0. 0. 0. 0. 0. 0. 0. 0.
    0. 0. 0. 0. 0. 0. 0. 0. 0. 0. 0. 0. 0. 0. 0. 0. 0. 0. 0. 0.
    1.07500005e+00 1.97599995e+00 1.95799994e+00 1.92200005e+00
    1.90900004e+00 1.90499997e+00 1.90499997e+00 1.90499997e+00
    1.90499997e+00 1.89199996e+00 1.88800001e+00 1.88800001e+00 0. 0. 0.
    0. 0. 0. 0. 0. 0. 0. 0. 0. 0. 0. 0. 0. 0. 0. 0. 0. 0. 0. 0. 0. 0. 0.
    0. 1.04600000e+00 2.01600003e+00 2. 1.99399996e+00 1.95500004e+00
    1.92299998e+00 1.90799999e+00 1.90499997e+00 1.90499997e+00
    1.90499997e+00 1.90499997e+00 1.90499997e+00 1.90499997e+00 0. 0. 0.
    0. 0. 0. 0. 0. 0. 0. 0. 0. 0. 0. 0. 0. 0. 0. 0. 0. 0. 0. 0. 0. 0. 0.
    0. 0. 1.94599998e+00 2.00099993e+00 2.00099993e+00 2. 1.95500004e+00
    1.92100000e+00 1.90600002e+00 1.90499997e+00 1.90499997e+00
    1.90499997e+00 1.90499997e+00 1.90499997e+00 0. 0. 0. 0. 0. 0. 0. 0.
    0. 0. 0. 0. 0. 0. 0. 0. 0. 0. 0. 0. 0. 0. 0. 0. 0. 0. 0. 0. 0.
    2.02699995e+00 2.02399993e+00 2.00200009e+00 1.99300003e+00
    1.95899999e+00 1.92200005e+00 1.90499997e+00 1.90499997e+00
    1.90499997e+00 1.90499997e+00 1.90499997e+00 0. 0. 0. 0. 0. 0. 0. 0.
    0. 0. 0. 0. 0. 0. 0. 0. 0. 0. 0. 0. 0. 0. 0. 0. 0. 0. 0. 0.
    1.46000004e+00 2.03200006e+00 2.03099990e+00 2.02200007e+00
    2.00600004e+00 1.97700000e+00 1.94599998e+00 1.92200005e+00
    1.90600002e+00 1.90499997e+00 1.90499997e+00 1.90499997e+00 0. 0. 0.
    0. 0. 0. 0. 0. 0. 0. 0. 0. 0. 0. 0. 0. 0. 0. 0. 0. 0. 0. 0. 0. 0. 0.
    0. 1.04600000e+00 2.03200006e+00 2.03200006e+00 2.03200006e+00
    2.03200006e+00 2.00900006e+00 1.98199999e+00 1.95599997e+00
    1.93400002e+00 1.91999996e+00 1.91900003e+00 1.91900003e+00
    1.91900003e+00 0. 0. 0. 0. 0. 0. 0. 0. 0. 0. 0. 0. 0. 0. 0. 0. 0. 0.
    0. 0. 0. 0. 0. 0. 0. 0. 0. 1.04600000e+00 2.03200006e+00
    2.03200006e+00 2.03200006e+00 2.03200006e+00 2.00900006e+00
    1.98199999e+00 1.95899999e+00 1.94400001e+00 1.94400001e+00
    1.93799996e+00 1.93599999e+00 1.93599999e+00 0. 0. 0. 0. 0. 0. 0. 0.
    0. 0. 0. 0. 0. 0. 0. 0. 0. 0. 0. 0. 0. 0. 0. 0. 0. 0. 0.
    1.11099994e+00 2.03200006e+00 2.03200006e+00 2.03200006e+00
    2.03200006e+00 2.00900006e+00 1.98199999e+00 1.96700001e+00
    1.96700001e+00 1.96700001e+00 1.94400001e+00 1.93599999e+00
    1.93599999e+00 0. 0. 0. 0. 0. 0. 0. 0. 0. 0. 0. 0. 0. 0. 0. 0. 0. 0.
    0. 0. 0. 0. 0. 0. 0. 0. 1.59700000e+00 1.90499997e+00 2.03200006e+00
    2.03200006e+00 2.03200006e+00 2.03200006e+00 2.00900006e+00
    1.98199999e+00 1.96700001e+00 1.96700001e+00 1.96700001e+00
    1.94400001e+00 1.93599999e+00 1.93599999e+00 0. 0. 0. 0. 0. 0. 0. 0.
    0. 0. 0. 0. 0. 0. 0. 0. 0. 0. 0. 0. 0. 0. 0. 0. 0. 0. 2.03200006e+00
    2.03200006e+00 2.03200006e+00 2.03200006e+00 2.03200006e+00
    2.03200006e+00 2.00900006e+00 1.98199999e+00 1.96700001e+00
    1.96700001e+00 1.96700001e+00 1.94400001e+00 1.93599999e+00
    1.93599999e+00 0. 0. 0. 0. 0. 0. 0. 0. 0. 0. 0. 0. 0. 0. 0. 0. 0. 0.
    0. 0. 0. 0. 0. 0. 0. 0. 0. 1.58200002e+00 2.05599999e+00
    2.04800010e+00 2.04600000e+00 2.03299999e+00 2.00900006e+00
    1.99100006e+00 1.97700000e+00 1.96700001e+00 1.96700001e+00
    1.95500004e+00 1.95099998e+00 1.95099998e+00 0. 0. 0. 0. 0. 0. 0. 0.
    0. 0. 0. 0. 0. 0. 0. 0. 0. 0. 0. 0. 0. 0. 0. 0. 0. 0. 0.
    1.10800004e+00 2.09699988e+00 2.07299995e+00 2.06299996e+00
    2.04299998e+00 2.01099992e+00 2. 1.99199998e+00 1.97599995e+00
    1.97599995e+00 1.97599995e+00 1.97599995e+00 1.97599995e+00 0. 0. 0.
    0. 0. 0. 0. 0. 0. 0. 0. 0. 0. 0. 0. 0. 0. 0. 0. 0. 0. 0. 0. 0. 0. 0.
    0. 1.14400005e+00 2.13599992e+00 2.09100008e+00 2.06599998e+00
    2.06599998e+00 2.01999998e+00 2.00099993e+00 2. 2. 2. 2.
    2.00200009e+00 2.00300002e+00 0. 0. 0. 0. 0. 0. 0. 0. 0. 0. 0. 0. 0.
    0. 0. 0. 0. 0. 0. 0. 0. 0. 0. 0. 0. 0. 0. 1.14400005e+00
    2.15000010e+00 2.11100006e+00 2.06599998e+00 2.06599998e+00
    2.03900003e+00 2.01300001e+00 2. 2. 2. 2. 2.01600003e+00
    2.02900004e+00 0. 0. 0. 0. 0. 0. 0. 0. 0. 0. 0. 0. 0. 0. 0. 0. 0. 0.
    0. 0. 0. 0. 0. 0. 0. 0. 1.09099996e+00 1.81900001e+00 2.11599994e+00
    2.10400009e+00 2.08699989e+00 2.06800008e+00 2.04099989e+00
    2.02699995e+00 2.01500010e+00 2. 2. 2. 2.01799989e+00 2.03200006e+00
    0. 0. 0. 0. 0. 0. 0. 0. 0. 0. 0. 0. 0. 0. 0. 0. 0. 0. 0. 0. 0. 0. 0.
    0. 0. 0. 2.11700010e+00 2.10500002e+00 2.09999990e+00 2.09999990e+00
