<?xml version="1.0"?>
<opencv_storage>
<Depth type_id="opencv-matrix">
  <rows>40</rows>
  <cols>40</cols>
  <dt>f</dt>
  <data>
    0. 0. 0. 0. 0. 0. 0. 0. 0. 0. 0. 0. 0. 0. 0. 0. 0. 0. 0. 0. 0. 0. 0.
    0. 0. 0. 0. 0. 0. 0. 0. 0. 0. 0. 0. 0. 0. 0. 0. 0. 0. 0. 0. 0. 0. 0.
    0. 0. 0. 0. 0. 0. 0. 0. 0. 0. 0. 0. 0. 0. 0. 0. 0. 0. 0. 0. 0. 0. 0.
    0. 0. 0. 0. 0. 0. 0. 0. 0. 0. 0. 0. 0. 0. 0. 0. 0. 0. 0. 0. 0. 0. 0.
    0. 0. 0. 0. 0. 0. 0. 0. 0. 0. 0. 0. 0. 0. 0. 0. 0. 0. 0. 0. 0. 0. 0.
    0. 0. 0. 0. 0. 0. 0. 0. 0. 0. 0. 0. 0. 0. 0. 0. 0. 0. 0. 0. 0. 0. 0.
    0. 0. 0. 0. 0. 0. 0. 0. 0. 0. 0. 0. 0. 0. 0. 0. 0. 0. 0. 0. 0. 0. 0.
    0. 0. 0. 0. 0. 0. 0. 0. 0. 0. 0. 0. 0. 0. 0. 0. 0. 0. 0. 0. 0. 0. 0.
    0. 0. 0. 0. 0. 0. 0. 0. 0. 0. 0. 0. 0. 0. 0. 0. 0. 0. 0. 0. 0. 0. 0.
    0. 0. 0. 0. 0. 0. 0. 0. 0. 0. 0. 0. 0. 0. 0. 0. 0. 0. 0. 0. 0. 0. 0.
    0. 0. 0. 0. 0. 0. 0. 0. 0. 0. 0. 0. 0. 0. 0. 0. 0. 0. 0. 0. 0. 0. 0.
    0. 0. 0. 0. 0. 0. 0. 0. 0. 0. 0. 0. 0. 0. 0. 0. 0. 0. 0. 0. 0. 0. 0.
    0. 0. 0. 0. 0. 0. 0. 0. 0. 0. 0. 0. 0. 0. 0. 0. 0. 0. 0. 0. 0. 0. 0.
    0. 0. 0. 0. 0. 0. 0. 0. 0. 0. 0. 0. 0. 0. 0. 0. 0. 0. 0. 0. 0. 0. 0.
    0. 0. 0. 0. 0. 0. 0. 0. 0. 0. 0. 0. 0. 0. 0. 0. 0. 0. 0. 0. 0. 0. 0.
    0. 0. 0. 0. 0. 0. 0. 0. 0. 0. 0. 0. 0. 0. 0. 0. 0. 0. 0. 0. 0. 0. 0.
    0. 0. 0. 0. 0. 0. 0. 0. 0. 0. 0. 0. 0. 0. 0. 0. 0. 0. 0. 0. 0. 0. 0.
    0. 0. 0. 0. 0. 0. 0. 0. 0. 0. 0. 0. 0. 0. 0. 0. 0. 0. 0. 0. 0.
    2.18400002e+00 2.18400002e+00 2.18400002e+00 2.18400002e+00
    2.18400002e+00 2.18400002e+00 2.18400002e+00 2.18400002e+00
    2.18400002e+00 2.18400002e+00 2.18400002e+00 2.18400002e+00
    2.18400002e+00 2.18400002e+00 2.18400002e+00 2.18400002e+00
    2.18400002e+00 2.18400002e+00 2.18400002e+00 0. 0. 0. 0. 0. 0. 0. 0.
    0. 0. 0. 0. 0. 0. 0. 0. 0. 0. 0. 0. 0. 2.18400002e+00 2.18400002e+00
    2.18400002e+00 2.18400002e+00 2.18300009e+00 2.18199992e+00
    2.18199992e+00 2.18199992e+00 2.18199992e+00 2.18199992e+00
    2.18300009e+00 2.18400002e+00 2.18400002e+00 2.18400002e+00
    2.18400002e+00 2.18400002e+00 2.18400002e+00 2.18400002e+00
    2.18400002e+00 0. 0. 0. 0. 0. 0. 0. 0. 0. 0. 0. 0. 0. 0. 0. 0. 0. 0.
    0. 0. 0. 2.18400002e+00 2.18400002e+00 2.18400002e+00 2.18000007e+00
    2.15700006e+00 2.13499999e+00 2.11899996e+00 2.11899996e+00
    2.11899996e+00 2.12599993e+00 2.14899993e+00 2.17100000e+00
    2.18400002e+00 2.18400002e+00 2.18400002e+00 2.18400002e+00
    2.18400002e+00 2.18400002e+00 2.18400002e+00 0. 0. 0. 0. 0. 0. 0. 0.
    0. 0. 0. 0. 0. 0. 0. 0. 0. 0. 0. 0. 0. 2.18400002e+00 2.18400002e+00
    2.18400002e+00 2.17499995e+00 2.13100004e+00 2.08699989e+00
    2.05599999e+00 2.05599999e+00 2.05599999e+00 2.07100010e+00
    2.11500001e+00 2.15899992e+00 2.18400002e+00 2.18400002e+00
    2.18400002e+00 2.18400002e+00 2.18400002e+00 2.18400002e+00
    2.18400002e+00 0. 0. 0. 0. 0. 0. 0. 0. 0. 0. 0. 0. 0. 0. 0. 0. 0. 0.
    0. 0. 0. 2.17000008e+00 2.17499995e+00 2.18000007e+00 2.17199993e+00
    2.10899997e+00 2.04600000e+00 2. 2. 2. 2.02099991e+00 2.08200002e+00
    2.14199996e+00 2.17700005e+00 2.17700005e+00 2.17700005e+00
    2.17700005e+00 2.17700005e+00 2.17700005e+00 2.17700005e+00 0. 0. 0.
    0. 0. 0. 0. 0. 0. 0. 0. 0. 0. 0. 0. 0. 0. 0. 0. 0. 0. 2.05200005e+00
    2.09899998e+00 2.14599991e+00 2.17199993e+00 2.10899997e+00
    2.04600000e+00 2. 2. 2. 2.01399994e+00 2.05299997e+00 2.09200001e+00
    2.11400008e+00 2.11400008e+00 2.11400008e+00 2.11400008e+00
    2.11400008e+00 2.11400008e+00 2.11400008e+00 0. 0. 0. 0. 0. 0. 0. 0.
    0. 0. 0. 0. 0. 0. 0. 0. 0. 0. 0. 0. 1.25800002e+00 1.93400002e+00
    2.02300000e+00 2.11199999e+00 2.17199993e+00 2.10899997e+00
    2.04600000e+00 2. 2. 2. 2.00600004e+00 2.02300000e+00 2.04099989e+00
    2.05100012e+00 2.05100012e+00 2.05100012e+00 2.05100012e+00
    2.05100012e+00 2.05100012e+00 2.05100012e+00 0. 0. 0. 0. 0. 0. 0. 0.
    0. 0. 0. 0. 0. 0. 0. 0. 0. 1.82500005e+00 1.82500005e+00
    1.82500005e+00 1.82500005e+00 1.84000003e+00 1.96200001e+00
    2.08500004e+00 2.17199993e+00 2.10899997e+00 2.04600000e+00 2. 2. 2.
    2. 2. 2. 2. 2. 2. 2. 2. 2. 2. 0. 0. 0. 0. 0. 0. 0. 0. 0. 0. 0. 0. 0.
    0. 0. 0. 0. 1.82500005e+00 1.82500005e+00 1.82500005e+00
    1.82500005e+00 1.84000003e+00 1.96200001e+00 2.08500004e+00
    2.17199993e+00 2.10899997e+00 2.04600000e+00 2. 2. 2. 2. 2. 2. 2. 2.
    2. 2. 2. 2. 2. 0. 0. 0. 0. 0. 0. 0. 0. 0. 0. 0. 0. 0. 0. 0. 0. 0.
    1.82500005e+00 1.82500005e+00 1.82500005e+00 1.82500005e+00
    1.84000003e+00 1.96200001e+00 2.08500004e+00 2.17199993e+00
    2.10899997e+00 2.04600000e+00 2. 2. 2. 2. 2. 2. 2. 2. 2. 2. 2. 2. 2.
    0. 0. 0. 0. 0. 0. 0. 0. 0. 0. 0. 0. 0. 0. 0. 0. 0. 1.82500005e+00
    1.82500005e+00 1.82500005e+00 1.82500005e+00 1.83899999e+00
    1.95599997e+00 2.07299995e+00 2.15499997e+00 2.09800005e+00
    2.04099989e+00 2. 2. 2. 2.00200009e+00 2.00799990e+00 2.01399994e+00
    2.01500010e+00 2.00900006e+00 2.00300002e+00 2. 2. 2. 2. 0. 0. 0. 0.
    0. 0. 0. 0. 0. 0. 0. 0. 0. 0. 0. 0. 0. 1.82500005e+00 1.82500005e+00
    1.82500005e+00 1.82500005e+00 1.83599997e+00 1.93200004e+00
    2.02699995e+00 2.09699988e+00 2.06100011e+00 2.02600002e+00 2. 2. 2.
    2.00999999e+00 2.03699994e+00 2.06500006e+00 2.06800008e+00
    2.04099989e+00 2.01300001e+00 2. 2. 2. 2. 0. 0. 0. 0. 0. 0. 0. 0. 0.
    0. 0. 0. 0. 0. 0. 0. 0. 1.82500005e+00 1.82500005e+00 1.82500005e+00
    1.82500005e+00 1.83399999e+00 1.90799999e+00 1.98099995e+00
    2.03800011e+00 2.02399993e+00 2.00999999e+00 2. 2. 2. 2.01699996e+00
    2.06599998e+00 2.11500001e+00 2.12199998e+00 2.07299995e+00
    2.02399993e+00 2. 2. 2. 2. 0. 0. 0. 0. 0. 0. 0. 0. 0. 0. 0. 0. 0. 0.
    0. 0. 0. 1.82500005e+00 1.82500005e+00 1.82500005e+00 1.82500005e+00
    1.83200002e+00 1.89199996e+00 1.95200002e+00 2.00200009e+00
    2.00900006e+00 2.01699996e+00 2.02200007e+00 2.02200007e+00
    2.02200007e+00 2.04200006e+00 2.09699988e+00 2.15300012e+00
    2.15700006e+00 2.09400010e+00 2.03099990e+00 2. 2. 2. 2. 0. 0. 0. 0.
    0. 0. 0. 0. 0. 0. 0. 0. 0. 0. 0. 0. 0. 1.82500005e+00 1.82500005e+00
    1.82500005e+00 1.82500005e+00 1.83200002e+00 1.89199996e+00
    1.95200002e+00 2.00600004e+00 2.03500009e+00 2.06399989e+00
    2.08500004e+00 2.08500004e+00 2.08500004e+00 2.09699988e+00
    2.13100004e+00 2.16499996e+00 2.15700006e+00 2.09400010e+00
    2.03099990e+00 2. 2. 2. 2. 0. 0. 0. 0. 0. 0. 0. 0. 0. 0. 0. 0. 0. 0.
    0. 0. 0. 1.82500005e+00 1.82500005e+00 1.82500005e+00 1.82500005e+00
    1.83200002e+00 1.89199996e+00 1.95200002e+00 2.00999999e+00
    2.06100011e+00 2.11100006e+00 2.14800000e+00 2.14800000e+00
    2.14800000e+00 2.15300012e+00 2.16499996e+00 2.17700005e+00
    2.15700006e+00 2.09400010e+00 2.03099990e+00 2. 2. 2. 2. 0. 0. 0. 0.
    0. 0. 0. 0. 0. 0. 0. 0. 0. 0. 0. 0. 0. 1.87800002e+00 1.87800002e+00
    1.87800002e+00 1.87800002e+00 1.88399994e+00 1.93499994e+00
    1.98599994e+00 2.03800011e+00 2.09100008e+00 2.14499998e+00
    2.18400002e+00 2.18400002e+00 2.18400002e+00 2.18400002e+00
    2.18400002e+00 2.18400002e+00 2.15700006e+00 2.09400010e+00
    2.03099990e+00 2. 2. 2. 2. 0. 0. 0. 0. 0. 0. 0. 0. 0. 0. 0. 0. 0. 0.
    0. 0. 0. 2.00099993e+00 2.00099993e+00 2.00099993e+00 2.00099993e+00
    2.00500011e+00 2.03500009e+00 2.06599998e+00 2.09699988e+00
    2.12899995e+00 2.16100001e+00 2.18400002e+00 2.18400002e+00
    2.18400002e+00 2.18400002e+00 2.18400002e+00 2.18400002e+00
    2.15700006e+00 2.09400010e+00 2.03099990e+00 2. 2. 2. 2. 0. 0. 0. 0.
    0. 0. 0. 0. 0. 0. 0. 0. 0. 0. 0. 0. 0. 2.12400007e+00 2.12400007e+00
    2.12400007e+00 2.12400007e+00 2.12500000e+00 2.13499999e+00
    2.14499998e+00 2.15499997e+00 2.16599989e+00 2.17600012e+00
    2.18400002e+00 2.18400002e+00 2.18400002e+00 2.18400002e+00
    2.18400002e+00 2.18400002e+00 2.15700006e+00 2.09400010e+00
    2.03099990e+00 2. 2. 2. 2. 0. 0. 0. 0. 0. 0. 0. 0. 0. 0. 0. 0. 0. 0.
    0. 0. 0. 2.18400002e+00 2.18400002e+00 2.18400002e+00 2.18400002e+00
