<?xml version="1.0"?>
<opencv_storage>
<Depth type_id="opencv-matrix">
  <rows>40</rows>
  <cols>40</cols>
  <dt>f</dt>
  <data>
    0. 0. 0. 0. 0. 0. 0. 0. 0. 0. 0. 0. 0. 0. 0. 0. 0. 0. 0. 0. 0. 0. 0.
    0. 0. 0. 0. 0. 0. 0. 0. 0. 0. 0. 0. 0. 0. 0. 0. 0. 0. 0. 0. 0. 0. 0.
    0. 0. 0. 0. 0. 0. 0. 0. 0. 0. 0. 0. 0. 0. 0. 0. 0. 0. 0. 0. 0. 0. 0.
    0. 0. 0. 0. 0. 0. 0. 0. 0. 0. 0. 0. 0. 0. 0. 0. 0. 0. 0. 0. 0. 0. 0.
    0. 0. 0. 0. 0. 0. 0. 0. 0. 0. 0. 0. 0. 0. 0. 0. 0. 0. 0. 0. 0. 0. 0.
    0. 0. 0. 0. 0. 0. 0. 0. 0. 0. 0. 0. 0. 0. 0. 0. 0. 0. 0. 0. 0. 0. 0.
    0. 0. 0. 0. 0. 0. 0. 0. 0. 0. 0. 0. 0. 0. 0. 0. 0. 0. 0. 0. 0. 0. 0.
    0. 0. 0. 0. 0. 0. 0. 0. 0. 0. 0. 0. 0. 0. 0. 0. 0. 0. 0. 0. 0. 0. 0.
    0. 0. 0. 0. 0. 0. 0. 0. 0. 0. 0. 0. 0. 0. 0. 0. 0. 0. 0. 0. 0. 0. 0.
    0. 0. 0. 0. 0. 0. 0. 0. 0. 0. 0. 0. 0. 0. 0. 0. 0. 0. 0. 0. 0. 0. 0.
    0. 0. 0. 0. 0. 0. 0. 0. 0. 0. 0. 0. 0. 0. 0. 0. 0. 0. 0. 0. 0. 0. 0.
    0. 0. 0. 0. 0. 0. 0. 0. 0. 0. 0. 0. 0. 0. 0. 0. 0. 0. 0. 0. 0. 0. 0.
    0. 0. 0. 0. 0. 0. 0. 0. 0. 0. 0. 0. 0. 0. 0. 0. 0. 0. 0. 0. 0. 0. 0.
    0. 0. 0. 0. 0. 0. 0. 0. 0. 0. 0. 0. 0. 0. 0. 0. 0. 0. 0. 0. 0. 0. 0.
    0. 0. 0. 0. 0. 0. 0. 0. 0. 0. 0. 0. 0. 0. 0. 0. 0. 0. 0. 0. 0. 0. 0.
    0. 0. 0. 0. 0. 0. 0. 0. 0. 0. 0. 0. 0. 0. 0. 0. 0. 0. 0. 0. 0. 0. 0.
    0. 0. 0. 0. 0. 0. 0. 0. 0. 0. 0. 0. 0. 0. 0. 0. 0. 0. 0. 0. 0. 0. 0.
    0. 0. 0. 0. 0. 0. 0. 0. 0. 0. 0. 0. 0. 0. 0. 0. 0. 0. 0. 0. 0. 0. 0.
    0. 0. 0. 0. 0. 0. 0. 0. 0. 0. 0. 0. 0. 0. 0. 0. 0. 0. 0. 0. 0. 0. 0.
    0. 0. 0. 0. 0. 0. 0. 0. 0. 0. 0. 0. 0. 0. 0. 0. 0. 0. 0. 0. 0. 0. 0.
    0. 0. 2.52099991e+00 1.98899996e+00 1.95299995e+00 1.91700006e+00
    1.88100004e+00 1.87399995e+00 1.87399995e+00 1.87399995e+00
    1.86399996e+00 1.83000004e+00 1.79600000e+00 1.76199996e+00
    1.75500000e+00 1.75500000e+00 0. 0. 0. 0. 0. 0. 0. 0. 0. 0. 0. 0. 0.
    0. 0. 0. 0. 0. 0. 0. 2.94300008e+00 2.91700006e+00 2.89800000e+00
    2.88400006e+00 2.88199997e+00 2.84800005e+00 2.34500003e+00
    1.98899996e+00 1.95299995e+00 1.92400002e+00 1.90100002e+00
    1.88600004e+00 1.87399995e+00 1.87399995e+00 1.86399996e+00
    1.83000004e+00 1.80200005e+00 1.78100002e+00 1.77600002e+00
    1.77600002e+00 0. 0. 0. 0. 0. 0. 0. 0. 0. 0. 0. 0. 0. 0.
    2.70600009e+00 2.32100010e+00 2.20499992e+00 2.18700004e+00
    2.18700004e+00 2.17700005e+00 2.18000007e+00 2.21199989e+00
    2.20400000e+00 2.16799998e+00 2.16199994e+00 2.15599990e+00
    2.06299996e+00 1.98899996e+00 1.95299995e+00 1.93499994e+00
    1.93299997e+00 1.90600002e+00 1.87399995e+00 1.87399995e+00
    1.86399996e+00 1.83000004e+00 1.81299996e+00 1.80999994e+00
    1.80999994e+00 1.80999994e+00 0. 0. 0. 0. 0. 0. 0. 0. 0. 0. 0. 0. 0.
    2.88599992e+00 2.44899988e+00 2.21499991e+00 2.11500001e+00
    2.08299994e+00 2.06599998e+00 2.06599998e+00 2.07299995e+00
    2.09200001e+00 2.08899999e+00 2.06900001e+00 2.05100012e+00
    2.03200006e+00 2.01300001e+00 1.98899996e+00 1.95299995e+00
    1.93700004e+00 1.93700004e+00 1.90799999e+00 1.87399995e+00
    1.87399995e+00 1.86399996e+00 1.83000004e+00 1.81400001e+00
    1.81400001e+00 1.81400001e+00 1.81400001e+00 0. 0. 0. 0. 0. 0. 0.
    2.27500010e+00 2.27500010e+00 2.27500010e+00 2.27500010e+00
    2.27500010e+00 2.27500010e+00 2.27500010e+00 2.27500010e+00
    2.22700000e+00 2.14599991e+00 2.10299993e+00 2.06999993e+00
    2.06999993e+00 2.06900001e+00 2.06699991e+00 2.06599998e+00
    2.06599998e+00 2.03500009e+00 2. 2. 1.98899996e+00 1.95599997e+00
    1.94000006e+00 1.93700004e+00 1.90799999e+00 1.87399995e+00
    1.87399995e+00 1.86500001e+00 1.83299994e+00 1.81799996e+00
    1.81799996e+00 1.81799996e+00 1.81799996e+00 0. 0. 0. 0. 0. 0. 0.
    2.27500010e+00 2.27500010e+00 2.27500010e+00 2.27500010e+00
    2.27500010e+00 2.27500010e+00 2.27500010e+00 2.27500010e+00
    2.22700000e+00 2.14599991e+00 2.12199998e+00 2.10899997e+00
    2.10899997e+00 2.10100007e+00 2.07599998e+00 2.06599998e+00
    2.06599998e+00 2.03500009e+00 2. 2. 1.99600005e+00 1.98300004e+00
    1.96399999e+00 1.94099998e+00 1.90799999e+00 1.87399995e+00
    1.87399995e+00 1.87000000e+00 1.85800004e+00 1.85200000e+00
    1.85200000e+00 1.85200000e+00 1.85200000e+00 0. 0. 0. 0. 0. 0. 0.
    2.27500010e+00 2.27500010e+00 2.27500010e+00 2.26799989e+00
    2.25999999e+00 2.25999999e+00 2.26300001e+00 2.27200007e+00
    2.23200011e+00 2.15899992e+00 2.14800000e+00 2.14700007e+00
    2.13899994e+00 2.12100005e+00 2.08200002e+00 2.06200004e+00
    2.05399990e+00 2.02800012e+00 2. 2. 2. 2. 1.98000002e+00
    1.94400001e+00 1.91400003e+00 1.88600004e+00 1.87899995e+00
    1.87399995e+00 1.87399995e+00 1.87399995e+00 1.87399995e+00
    1.62600005e+00 1.31599998e+00 0. 0. 0. 0. 0. 0. 0. 2.27500010e+00
    2.27500010e+00 2.27500010e+00 2.24799991e+00 2.21900010e+00
    2.21900010e+00 2.23099995e+00 2.26200008e+00 2.24499989e+00
    2.19499993e+00 2.18700004e+00 2.18499994e+00 2.15400004e+00
    2.12100005e+00 2.08200002e+00 2.04900002e+00 2.01999998e+00
    2.00799990e+00 2. 2. 2. 2. 1.98000002e+00 1.94400001e+00
    1.92999995e+00 1.92100000e+00 1.89400005e+00 1.87399995e+00
    1.87399995e+00 1.87399995e+00 1.87399995e+00 0. 0. 0. 0. 0. 0. 0. 0.
    0. 2.27500010e+00 2.27500010e+00 2.27500010e+00 2.23900008e+00
    2.20300007e+00 2.20300007e+00 2.21799994e+00 2.25900006e+00
    2.25000000e+00 2.20900011e+00 2.20300007e+00 2.19899988e+00
    2.16000009e+00 2.12100005e+00 2.08200002e+00 2.04399991e+00
    2.00699997e+00 2. 2. 2. 2. 2. 1.98000002e+00 1.94400001e+00
    1.93700004e+00 1.93499994e+00 1.89900005e+00 1.87399995e+00
    1.87399995e+00 1.87399995e+00 1.87399995e+00 0. 0. 0. 0. 0. 0. 0. 0.
    0. 2.27500010e+00 2.27500010e+00 2.27500010e+00 2.23900008e+00
    2.20300007e+00 2.20300007e+00 2.21799994e+00 2.25900006e+00
    2.25000000e+00 2.20900011e+00 2.20300007e+00 2.19899988e+00
    2.16000009e+00 2.12100005e+00 2.08200002e+00 2.04399991e+00
    2.00699997e+00 2. 2. 2. 2. 2. 1.98000002e+00 1.94400001e+00
    1.93700004e+00 1.93499994e+00 1.89900005e+00 1.87399995e+00
    1.87399995e+00 1.87399995e+00 1.87399995e+00 0. 0. 0. 0. 0. 0. 0. 0.
    0. 2.27500010e+00 2.27500010e+00 2.27500010e+00 2.23900008e+00
    2.20300007e+00 2.20300007e+00 2.21099997e+00 2.23200011e+00
    2.22799993e+00 2.20600009e+00 2.20300007e+00 2.19899988e+00
    2.16000009e+00 2.12700009e+00 2.10700011e+00 2.07699990e+00
    2.03900003e+00 2.01699996e+00 2. 2. 1.99500000e+00 1.97700000e+00
    1.95899999e+00 1.94099998e+00 1.93700004e+00 1.93499994e+00
    1.89900005e+00 1.87399995e+00 1.87399995e+00 1.87399995e+00
    1.87399995e+00 0. 0. 0. 0. 0. 0. 0. 0. 0. 2.27500010e+00
    2.27500010e+00 2.27500010e+00 2.24099994e+00 2.20600009e+00
    2.20199990e+00 2.19899988e+00 2.19899988e+00 2.19899988e+00
    2.19899988e+00 2.19899988e+00 2.19600010e+00 2.15899992e+00
    2.13400006e+00 2.13400006e+00 2.11199999e+00 2.07299995e+00
    2.03500009e+00 2. 2. 1.98899996e+00 1.95299995e+00 1.93700004e+00
    1.93700004e+00 1.93700004e+00 1.93499994e+00 1.89900005e+00
    1.87399995e+00 1.87399995e+00 1.87399995e+00 1.87399995e+00 0. 0. 0.
    0. 0. 0. 0. 0. 0. 2.27500010e+00 2.27500010e+00 2.27500010e+00
    2.26200008e+00 2.24200010e+00 2.19199991e+00 2.16000009e+00
    2.16000009e+00 2.16000009e+00 2.16000009e+00 2.16000009e+00
    2.15899992e+00 2.14400005e+00 2.13400006e+00 2.13400006e+00
    2.11199999e+00 2.07299995e+00 2.03500009e+00 2. 2. 1.98899996e+00
    1.95299995e+00 1.93700004e+00 1.93700004e+00 1.93700004e+00
    1.93499994e+00 1.89900005e+00 1.87399995e+00 1.87399995e+00
    1.87399995e+00 1.87399995e+00 0. 0. 0. 0. 0. 0. 0. 0. 0.
    2.31800008e+00 2.31299996e+00 2.30500007e+00 2.28900003e+00
    2.26500010e+00 2.17799997e+00 2.12100005e+00 2.12100005e+00
    2.12500000e+00 2.13299990e+00 2.13400006e+00 2.13400006e+00
    2.13400006e+00 2.13400006e+00 2.13400006e+00 2.11199999e+00
    2.07299995e+00 2.04099989e+00 2.01300001e+00 2.01300001e+00
    2.00300002e+00 1.97399998e+00 2.03800011e+00 2.17499995e+00
