<?xml version="1.0"?>
<opencv_storage>
<Depth type_id="opencv-matrix">
  <rows>40</rows>
  <cols>40</cols>
  <dt>f</dt>
  <data>
    0. 0. 0. 0. 0. 0. 0. 0. 0. 0. 0. 0. 0. 0. 0. 0. 0. 0. 0. 0. 0. 0. 0.
    0. 0. 0. 0. 0. 0. 0. 0. 0. 0. 0. 0. 0. 0. 0. 0. 0. 0. 0. 0. 0. 0. 0.
    0. 0. 0. 0. 0. 0. 0. 0. 0. 0. 0. 0. 0. 0. 0. 0. 0. 0. 0. 0. 0. 0. 0.
    0. 0. 0. 0. 0. 0. 0. 0. 0. 0. 0. 0. 0. 0. 0. 0. 0. 0. 0. 0. 0. 0. 0.
    0. 0. 0. 0. 0. 0. 0. 0. 0. 0. 0. 0. 0. 0. 0. 0. 0. 0. 0. 0. 0. 0. 0.
    0. 0. 0. 0. 0. 0. 0. 0. 0. 0. 0. 0. 0. 0. 0. 0. 0. 0. 0. 0. 0. 0. 0.
    0. 0. 0. 0. 0. 0. 0. 0. 0. 0. 0. 0. 0. 0. 0. 0. 0. 0. 0. 0. 0. 0. 0.
    0. 0. 0. 0. 0. 0. 0. 0. 0. 0. 0. 0. 0. 0. 0. 0. 0. 0. 0. 0. 0. 0. 0.
    0. 0. 0. 0. 0. 0. 0. 0. 0. 0. 0. 0. 0. 0. 0. 0. 0. 0. 0. 0. 0. 0. 0.
    0. 0. 0. 0. 0. 0. 0. 0. 0. 0. 0. 0. 0. 0. 0. 0. 0. 0. 0. 0. 0. 0. 0.
    0. 0. 0. 0. 0. 0. 0. 0. 0. 0. 0. 0. 0. 0. 0. 0. 0. 0. 0. 0. 0. 0. 0.
    0. 0. 0. 0. 0. 0. 0. 0. 0. 0. 0. 0. 0. 0. 0. 0. 0. 0. 0. 0. 0. 0. 0.
    0. 0. 0. 0. 0. 0. 0. 0. 0. 0. 0. 0. 0. 0. 0. 0. 0. 0. 0. 0. 0. 0. 0.
    0. 0. 0. 0. 0. 0. 0. 0. 0. 0. 0. 0. 0. 0. 0. 0. 0. 0. 0. 0. 0. 0. 0.
    0. 0. 0. 0. 0. 0. 0. 0. 0. 0. 0. 0. 0. 0. 0. 0. 0. 0. 0. 0. 0. 0. 0.
    0. 0. 0. 0. 0. 0. 0. 0. 0. 0. 0. 0. 0. 0. 0. 0. 0. 0. 0. 0. 0. 0. 0.
    0. 0. 0. 0. 0. 0. 0. 0. 0. 0. 0. 0. 0. 0. 0. 0. 0. 0. 0. 0. 0. 0. 0.
    0. 0. 0. 0. 0. 0. 0. 0. 0. 1.89499998e+00 1.89499998e+00
    1.89499998e+00 1.94799995e+00 2.09299994e+00 1.89300001e+00 0. 0. 0.
    0. 0. 0. 0. 0. 0. 0. 0. 0. 0. 0. 0. 0. 0. 0. 0. 0. 0. 0. 0. 0. 0. 0.
    0. 0. 0. 0. 0. 0. 0. 0. 1.91199994e+00 1.91700006e+00 1.92499995e+00
    1.97500002e+00 2.09599996e+00 1.92900002e+00 0. 0. 0. 0. 0. 0. 0. 0.
    0. 0. 0. 0. 0. 0. 0. 0. 0. 0. 0. 0. 0. 0. 0. 0. 0. 0. 0. 0. 0. 0. 0.
    0. 0. 0. 1.95899999e+00 1.97700000e+00 2.00699997e+00 2.04600000e+00
    2.10200000e+00 2.02399993e+00 0. 0. 0. 0. 0. 0. 0. 0. 0. 0. 0. 0. 0.
    0. 0. 0. 0. 0. 0. 0. 0. 0. 0. 0. 0. 0. 0. 0. 0. 0. 0. 0. 0. 0. 2.
    2.02800012e+00 2.07299995e+00 2.10200000e+00 2.10200000e+00
    2.10200000e+00 2.10200000e+00 2.10200000e+00 2.06299996e+00
    2.01699996e+00 2. 2. 2. 2. 2. 2. 2. 2. 2. 0. 0. 0. 0. 0. 0. 0. 0. 0.
    0. 0. 2. 2. 1.72599995e+00 0. 0. 0. 0. 0. 0. 0. 2. 2.01500010e+00
    2.03900003e+00 2.05399990e+00 2.05399990e+00 2.05399990e+00
    2.05399990e+00 2.05399990e+00 2.03299999e+00 2.00900006e+00 2. 2. 2.
    2. 2. 2. 2. 2. 2. 1.17999995e+00 0. 0. 0. 0. 0. 0. 0. 0. 0.
    1.16299999e+00 2. 2. 1.72599995e+00 0. 0. 0. 0. 0. 0. 0. 2.
    2.00200009e+00 2.00399995e+00 2.00600004e+00 2.00600004e+00
    2.00600004e+00 2.00600004e+00 2.00600004e+00 2.00399995e+00
    2.00099993e+00 2. 2. 2. 2. 2. 2. 2. 2. 2. 1.90699995e+00
    1.75399995e+00 0. 0. 0. 0. 1.48699999e+00 1.86399996e+00
    1.86399996e+00 1.90100002e+00 1.96099997e+00 2. 2. 1.72599995e+00 0.
    0. 0. 0. 0. 0. 0. 2. 2. 2. 2. 2. 2. 2. 2. 2. 2. 2. 2. 2. 2. 2. 2. 2.
    2. 2. 2. 2. 1.41700006e+00 0. 0. 0. 1.93200004e+00 2.17700005e+00
    2.17700005e+00 2.14100003e+00 2.08100009e+00 2.04200006e+00
    2.04200006e+00 1.87600005e+00 0. 0. 0. 0. 0. 0. 0. 2. 2. 2. 2. 2. 2.
    2. 2. 2. 2. 2. 2. 2. 2. 2. 2. 2. 2. 2. 2. 2. 1.85200000e+00
    1.44000006e+00 1.12199998e+00 1.59099996e+00 2.05999994e+00
    2.12700009e+00 2.12700009e+00 2.11700010e+00 2.09999990e+00
    2.08999991e+00 2.08999991e+00 2.04800010e+00 1.63699996e+00
    1.22700000e+00 1.27999997e+00 1.41400003e+00 1.44000006e+00
    1.39400005e+00 1.36399996e+00 1.97099996e+00 1.97899997e+00
    1.99199998e+00 2. 2. 2. 2. 2. 2.01099992e+00 2.02500010e+00
    2.02999997e+00 2.02999997e+00 2.02999997e+00 2.02999997e+00
    2.02800012e+00 2.01500010e+00 2.00200009e+00 2. 2. 2. 2.
    2.01200008e+00 2.04699993e+00 2.07999992e+00 2.09299994e+00
    2.10599995e+00 2.10800004e+00 2.10800004e+00 2.10800004e+00
    2.10800004e+00 2.10800004e+00 2.10800004e+00 2.11199999e+00
    2.14800000e+00 2.18400002e+00 2.28900003e+00 2.40599990e+00
    2.43700004e+00 2.41100001e+00 2.39299989e+00 1.92400002e+00
    1.94500005e+00 1.97899997e+00 2. 2. 2. 2. 2. 2.02999997e+00
    2.06399989e+00 2.07800007e+00 2.07800007e+00 2.07800007e+00
    2.07800007e+00 2.07399988e+00 2.03900003e+00 2.00500011e+00 2. 2. 2.
    2. 2.00500011e+00 2.01799989e+00 2.03399992e+00 2.06900001e+00
    2.10299993e+00 2.10800004e+00 2.10800004e+00 2.10800004e+00
    2.10800004e+00 2.10800004e+00 2.10800004e+00 2.10899997e+00
    2.12400007e+00 2.13800001e+00 2.17799997e+00 2.22300005e+00
    2.25399995e+00 2.27399993e+00 2.28800011e+00 1.89499998e+00
    1.91900003e+00 1.95799994e+00 1.98599994e+00 1.99300003e+00 2. 2. 2.
    2.04200006e+00 2.08999991e+00 2.10800004e+00 2.10800004e+00
    2.10500002e+00 2.09699988e+00 2.08599997e+00 2.04600000e+00
    2.00600004e+00 2. 2. 2. 2. 2. 2. 2.00500011e+00 2.05299997e+00
    2.10100007e+00 2.11500001e+00 2.12299991e+00 2.12199998e+00
    2.11299992e+00 2.10500002e+00 2.09699988e+00 2.08999991e+00
    2.08999991e+00 2.08999991e+00 2.08999991e+00 2.08999991e+00
    2.11999989e+00 2.17000008e+00 2.20199990e+00 1.89499998e+00
    1.90600002e+00 1.92499995e+00 1.94700003e+00 1.97500002e+00 2. 2. 2.
    2.04200006e+00 2.08999991e+00 2.10800004e+00 2.10800004e+00
    2.09699988e+00 2.06800008e+00 2.03999996e+00 2.02099991e+00
    2.00300002e+00 2. 2. 2. 2. 2. 2. 2.00500011e+00 2.05299997e+00
    2.10100007e+00 2.13400006e+00 2.16499996e+00 2.15799999e+00
    2.12800002e+00 2.09800005e+00 2.06900001e+00 2.04200006e+00
    2.04200006e+00 2.04200006e+00 2.04200006e+00 2.04200006e+00
    2.07200003e+00 2.11999989e+00 2.15199995e+00 1.90900004e+00
    1.89499998e+00 1.89499998e+00 1.91199994e+00 1.95899999e+00 2. 2. 2.
    2.04200006e+00 2.08999991e+00 2.10800004e+00 2.10800004e+00
    2.09100008e+00 2.04299998e+00 2. 2. 2. 2. 2. 2. 2. 2. 2.
    2.00500011e+00 2.05599999e+00 2.10700011e+00 2.15199995e+00
    2.19700003e+00 2.18600011e+00 2.13899994e+00 2.09100008e+00
    2.04299998e+00 2. 2. 2. 2. 2. 2.02900004e+00 2.07699990e+00
    2.10800004e+00 2.02600002e+00 1.89499998e+00 1.89499998e+00
    1.91199994e+00 1.95899999e+00 2. 2. 2. 2.04200006e+00 2.08999991e+00
    2.10800004e+00 2.10800004e+00 2.09100008e+00 2.04299998e+00 2. 2. 2.
    2. 2. 2. 2. 2. 2. 2.00799990e+00 2.08100009e+00 2.15400004e+00
    2.16400003e+00 2.16499996e+00 2.15000010e+00 2.12400007e+00
    2.09100008e+00 2.04299998e+00 2. 2. 2. 2. 2. 2.02900004e+00
    2.07699990e+00 2.10800004e+00 2.14199996e+00 1.89499998e+00
    1.89499998e+00 1.91199994e+00 1.95899999e+00 2. 2. 2. 2.04200006e+00
    2.08999991e+00 2.10800004e+00 2.10800004e+00 2.09100008e+00
    2.04299998e+00 2. 2. 2. 2. 2. 2. 2. 2. 2. 2.00999999e+00
    2.10500002e+00 2.20099998e+00 2.17600012e+00 2.13199997e+00
    2.11299992e+00 2.10999990e+00 2.09100008e+00 2.04299998e+00 2. 2. 2.
    2. 2. 2.02900004e+00 2.07699990e+00 2.10800004e+00 2.60599995e+00
    2.41700006e+00 2.39100003e+00 2.38499999e+00 2.41300011e+00
    2.43899989e+00 2.43899989e+00 2.43899989e+00 2.46399999e+00
    2.49399996e+00 2.42100000e+00 2.28299999e+00 2.17799997e+00
    2.12899995e+00 2.08299994e+00 2.06399989e+00 2.04399991e+00
    2.04200006e+00 2.04200006e+00 2.04200006e+00 2.04200006e+00
    2.04200006e+00 2.04200006e+00 2.04999995e+00 2.13000011e+00
    2.21000004e+00 2.17799997e+00 2.12800002e+00 2.10800004e+00
    2.10800004e+00 2.09100008e+00 2.04299998e+00 2. 2. 2. 2. 2.
    2.02900004e+00 2.07699990e+00 2.10800004e+00 0. 0. 2.96300006e+00
    2.93000007e+00 2.93799996e+00 2.94499993e+00 2.94499993e+00
    2.94499993e+00 2.95199990e+00 2.96000004e+00 2.78200006e+00
    2.48600006e+00 2.27900004e+00 2.22799993e+00 2.17899990e+00
    2.13700008e+00 2.09500003e+00 2.08999991e+00 2.08999991e+00
    2.08999991e+00 2.08999991e+00 2.08999991e+00 2.08999991e+00
    2.09599996e+00 2.15400004e+00 2.21300006e+00 2.17799997e+00
    2.12800002e+00 2.10800004e+00 2.10800004e+00 2.09100008e+00
    2.04299998e+00 2. 2. 2. 2. 2. 2.02900004e+00 2.07699990e+00
