<?xml version="1.0"?>
<opencv_storage>
<Depth type_id="opencv-matrix">
  <rows>40</rows>
  <cols>40</cols>
  <dt>f</dt>
  <data>
    0. 0. 0. 0. 0. 0. 0. 0. 0. 0. 0. 0. 0. 0. 0. 0. 0. 0. 0. 0. 0. 0. 0.
    0. 0. 0. 0. 0. 0. 0. 0. 0. 0. 0. 0. 0. 0. 0. 0. 0. 0. 0. 0. 0. 0. 0.
    0. 0. 0. 0. 0. 0. 0. 0. 0. 0. 0. 0. 0. 0. 0. 0. 0. 0. 0. 0. 0. 0. 0.
    0. 0. 0. 0. 0. 0. 0. 0. 0. 0. 0. 0. 0. 0. 0. 0. 0. 0. 0. 0. 0. 0. 0.
    0. 0. 0. 0. 0. 0. 0. 0. 0. 0. 0. 0. 0. 0. 0. 0. 0. 0. 0. 0. 0. 0. 0.
    0. 0. 0. 0. 0. 0. 0. 0. 0. 0. 0. 0. 0. 0. 0. 0. 0. 0. 0. 0. 0. 0. 0.
    0. 0. 0. 0. 0. 0. 0. 0. 0. 0. 0. 0. 0. 0. 0. 0. 0. 0. 0. 0. 0. 0. 0.
    0. 0. 0. 0. 0. 0. 0. 0. 0. 0. 0. 0. 0. 0. 0. 0. 0. 0. 0. 0. 0. 0. 0.
    0. 0. 0. 0. 0. 0. 0. 0. 0. 0. 0. 0. 0. 0. 0. 0. 0. 0. 0. 0. 0. 0. 0.
    0. 0. 0. 0. 0. 0. 0. 0. 0. 0. 0. 0. 0. 0. 0. 0. 0. 0. 0. 0. 0. 0. 0.
    0. 0. 0. 0. 0. 0. 0. 0. 0. 0. 0. 0. 0. 0. 0. 0. 0. 0. 0. 0. 0. 0. 0.
    0. 0. 0. 0. 0. 0. 0. 0. 0. 0. 0. 0. 0. 0. 0. 0. 0. 0. 0. 0. 0. 0. 0.
    0. 0. 0. 0. 0. 0. 0. 0. 0. 0. 0. 0. 0. 0. 0. 0. 0. 0. 0. 0. 0. 0. 0.
    0. 0. 0. 0. 0. 0. 0. 0. 0. 0. 0. 0. 0. 0. 0. 0. 0. 0. 0. 0. 0. 0. 0.
    0. 0. 0. 0. 0. 0. 0. 0. 0. 0. 0. 0. 0. 0. 0. 0. 0. 0. 0. 0. 0. 0. 0.
    0. 0. 0. 0. 0. 0. 0. 0. 0. 0. 0. 0. 0. 0. 0. 0. 0. 0. 0. 0. 0. 0. 0.
    0. 0. 0. 0. 0. 0. 0. 0. 0. 0. 0. 0. 0. 0. 0. 0. 0. 0. 0. 0. 0. 0. 0.
    0. 0. 0. 0. 0. 0. 0. 0. 0. 0. 0. 0. 0. 0. 0. 0. 0. 0. 0. 0. 0. 0. 0.
    0. 0. 0. 0. 0. 0. 0. 0. 0. 0. 0. 0. 0. 0. 0. 0. 0. 0. 0. 0. 0. 0. 0.
    0. 0. 0. 0. 0. 0. 0. 0. 0. 0. 0. 0. 0. 0. 0. 0. 0. 0. 0. 0. 0. 0. 0.
    0. 0. 0. 0. 0. 0. 0. 0. 0. 0. 0. 0. 0. 0. 0. 0. 0. 0. 0. 0. 0. 0. 0.
    0. 0. 0. 0. 0. 0. 0. 0. 0. 0. 0. 0. 0. 0. 0. 0. 0. 0. 0. 0. 0. 0. 0.
    0. 0. 0. 0. 0. 0. 0. 0. 0. 0. 0. 0. 0. 0. 0. 0. 0. 0. 0. 0. 0. 0. 0.
    0. 0. 0. 0. 0. 0. 0. 0. 0. 0. 0. 0. 0. 0. 0. 0. 0. 0. 0. 0. 0. 0. 0.
    0. 0. 0. 0. 0. 0. 0. 0. 0. 0. 2. 2. 2. 2. 2.04800010e+00
    2.11299992e+00 2.18099999e+00 2.20000005e+00 2.19300008e+00
    2.15899992e+00 2.10200000e+00 2.04800010e+00 2.04800010e+00
    2.07100010e+00 2.09200001e+00 2.05900002e+00 2.04800010e+00
    2.04800010e+00 2.04800010e+00 2.04800010e+00 2.04800010e+00
    2.04800010e+00 2.04800010e+00 2.06299996e+00 2.16400003e+00
    2.20000005e+00 2.19600010e+00 2.16199994e+00 2.10700011e+00
    2.04800010e+00 2.04800010e+00 0. 0. 0. 0. 0. 0. 0. 0. 0. 2. 2. 2. 2.
    2.03600001e+00 2.08500004e+00 2.13499999e+00 2.14899993e+00
    2.14599991e+00 2.12899995e+00 2.08800006e+00 2.04800010e+00
    2.04800010e+00 2.05999994e+00 2.06999993e+00 2.05299997e+00
    2.05900002e+00 2.07599998e+00 2.09200001e+00 2.09800005e+00
    2.09800005e+00 2.09800005e+00 2.09800005e+00 2.10500002e+00
    2.15599990e+00 2.17499995e+00 2.17199993e+00 2.15499997e+00
    2.11700010e+00 2.07299995e+00 2.07299995e+00 0. 0. 0. 0. 0. 0. 0. 0.
    0. 2. 2. 2. 2. 2.02300000e+00 2.05399990e+00 2.08200002e+00
    2.08999991e+00 2.08999991e+00 2.08999991e+00 2.06999993e+00
    2.04800010e+00 2.04800010e+00 2.04800010e+00 2.04800010e+00
    2.04800010e+00 2.06699991e+00 2.09699988e+00 2.13599992e+00
    2.14899993e+00 2.14899993e+00 2.14899993e+00 2.14899993e+00
    2.14800000e+00 2.14299989e+00 2.14100003e+00 2.14100003e+00
    2.14100003e+00 2.11999989e+00 2.08999991e+00 2.08999991e+00 0. 0. 0.
    0. 0. 0. 0. 0. 0. 2. 2. 2. 2. 2.02300000e+00 2.04900002e+00
    2.05500007e+00 2.05699992e+00 2.05699992e+00 2.05699992e+00
    2.05299997e+00 2.04800010e+00 2.04800010e+00 2.04800010e+00
    2.04800010e+00 2.04800010e+00 2.05200005e+00 2.06699991e+00
    2.12899995e+00 2.14899993e+00 2.14899993e+00 2.14899993e+00
    2.14899993e+00 2.14499998e+00 2.11700010e+00 2.10700011e+00
    2.10700011e+00 2.10700011e+00 2.08599997e+00 2.05699992e+00
    2.05699992e+00 1.65400004e+00 1.06500006e+00 1.06500006e+00
    1.06500006e+00 0. 0. 0. 0. 0. 1.97700000e+00 1.98800004e+00 2. 2.
    2.01200008e+00 2.02500010e+00 2.02500010e+00 2.02500010e+00
    2.02800012e+00 2.04299998e+00 2.04800010e+00 2.04800010e+00
    2.04800010e+00 2.03699994e+00 2.02500010e+00 2.02500010e+00
    2.02500010e+00 2.03299999e+00 2.08299994e+00 2.09999990e+00
    2.09999990e+00 2.09999990e+00 2.09999990e+00 2.09699988e+00
    2.07999992e+00 2.07399988e+00 2.07399988e+00 2.07399988e+00
    2.05299997e+00 2.01900005e+00 1.97500002e+00 1.86600006e+00
    1.73300004e+00 1.73300004e+00 1.73300004e+00 0. 0. 0. 0. 0.
    1.94599998e+00 1.96899998e+00 1.99300003e+00 1.99300003e+00
    1.99300003e+00 1.99399996e+00 1.99899995e+00 2. 2.00699997e+00
    2.03900003e+00 2.04800010e+00 2.04699993e+00 2.04200006e+00
    2.02200007e+00 2. 2. 2. 2.00600004e+00 2.03699994e+00 2.04800010e+00
    2.04800010e+00 2.04800010e+00 2.04500008e+00 2.04099989e+00
    2.04099989e+00 2.04099989e+00 2.04099989e+00 2.04099989e+00
    2.02099991e+00 1.98300004e+00 1.89600003e+00 1.80999994e+00
    1.73300004e+00 1.73300004e+00 1.73300004e+00 0. 0. 0. 0. 0.
    1.91600001e+00 1.93799996e+00 1.96200001e+00 1.96200001e+00
    1.96200001e+00 1.96700001e+00 1.99300003e+00 2. 2.00699997e+00
    2.03900003e+00 2.04800010e+00 2.04299998e+00 2.01699996e+00
    2.00500011e+00 2. 2. 2. 2.00600004e+00 2.03699994e+00 2.04800010e+00
    2.04800010e+00 2.04800010e+00 2.03099990e+00 2.00900006e+00
    2.00900006e+00 2.00900006e+00 2.00900006e+00 2.00900006e+00
    1.98899996e+00 1.95400000e+00 1.88800001e+00 1.80999994e+00
    1.73300004e+00 1.73300004e+00 1.73300004e+00 0. 0. 0. 0. 0.
    1.90699995e+00 1.91900003e+00 1.93099999e+00 1.93099999e+00
    1.92100000e+00 1.90999997e+00 1.91199994e+00 1.91299999e+00
    1.91999996e+00 1.95000005e+00 1.99000001e+00 2.01900005e+00
    1.98699999e+00 1.97800004e+00 1.97800004e+00 1.97800004e+00
    1.97800004e+00 1.98300004e+00 2.01500010e+00 2.02500010e+00
    2.02500010e+00 2.02500010e+00 2.01399994e+00 2. 2. 2. 1.99800003e+00
    1.98300004e+00 1.95799994e+00 1.92700005e+00 1.89600003e+00
    1.84700000e+00 1.79499996e+00 1.79499996e+00 1.79499996e+00 0. 0. 0.
    0. 0. 1.90699995e+00 1.83599997e+00 1.76300001e+00 1.76100004e+00
    1.74100006e+00 1.71599996e+00 1.69099998e+00 1.68700004e+00
    1.71500003e+00 1.82900000e+00 1.92400002e+00 1.98800004e+00
    1.96099997e+00 1.95299995e+00 1.95200002e+00 1.94799995e+00
    1.94599998e+00 1.95299995e+00 1.98800004e+00 2. 2. 2. 2. 2. 2. 2.
    1.99600005e+00 1.96500003e+00 1.88499999e+00 1.78999996e+00
    1.78699994e+00 1.76999998e+00 1.74800003e+00 1.75000000e+00
    1.75100005e+00 0. 0. 0. 0. 0. 1.90699995e+00 1.50199997e+00
    1.08700001e+00 1.07299995e+00 1.06500006e+00 1.05999994e+00
    1.05400002e+00 1.07200003e+00 1.20099998e+00 1.71200001e+00
    1.90900004e+00 1.96099997e+00 1.95500004e+00 1.95299995e+00
    1.94799995e+00 1.92400002e+00 1.91600001e+00 1.92600000e+00
    1.98099995e+00 2. 2. 2. 2. 2. 2. 2. 1.99600005e+00 1.96500003e+00
    1.65699995e+00 1.23899996e+00 1.22399998e+00 1.21399999e+00
    1.21099997e+00 1.22599995e+00 1.23199999e+00 0. 0. 0. 0. 0.
    1.90699995e+00 1.40400004e+00 0. 0. 0. 0. 0. 0. 1.05100000e+00
    1.67799997e+00 1.90499997e+00 1.95299995e+00 1.95299995e+00
    1.95299995e+00 1.94700003e+00 1.91700006e+00 1.90699995e+00
    1.91799998e+00 1.97899997e+00 2. 2. 2. 2. 2. 2. 2. 1.99600005e+00
    1.96500003e+00 1.59000003e+00 1.07700002e+00 1.05799997e+00
    1.05100000e+00 1.05299997e+00 1.07200003e+00 1.07900000e+00 0. 0. 0.
    0. 0. 0. 0. 0. 0. 0. 0. 0. 0. 0. 0. 0. 0. 0. 0. 0. 0. 0. 0. 0. 0. 0.
    0. 0. 0. 0. 0. 0. 0. 0. 0. 0. 0. 0. 0. 0. 0. 0. 0. 0. 0. 0. 0. 0. 0.
    0. 0. 0. 0. 0. 0. 0. 0. 0. 0. 0. 0. 0. 0. 0. 0. 0. 0. 0. 0. 0. 0. 0.
    0. 0. 0. 0. 0. 0. 0. 0. 0. 0. 0. 0. 0. 0. 0. 0. 0. 0. 0. 0. 0. 0. 0.
    0. 0. 0. 0. 0. 0. 0. 0. 0. 0. 0. 0. 0. 0. 0. 0. 0. 0. 0. 0. 0. 0. 0.
    0. 0. 0. 0. 0. 0. 0. 0. 0. 0. 0. 0. 0. 0. 0. 0. 0. 0. 0. 0. 0. 0. 0.
    0. 0. 0. 0. 0. 0. 0. 0. 0. 0. 0. 0. 0. 0. 0. 0. 0. 0. 0. 0. 0. 0. 0.
    0. 0. 0. 0. 0. 0. 0. 0. 0. 0. 0. 0. 0. 0. 0. 0. 0. 0. 0. 0. 0. 0. 0.
