<?xml version="1.0"?>
<opencv_storage>
<Depth type_id="opencv-matrix">
  <rows>40</rows>
  <cols>40</cols>
  <dt>f</dt>
  <data>
    0. 0. 0. 0. 0. 0. 0. 0. 0. 0. 0. 0. 0. 0. 0. 0. 0. 0. 0. 0. 0. 0. 0.
    0. 0. 0. 0. 0. 0. 0. 0. 0. 0. 0. 0. 0. 0. 0. 0. 0. 0. 0. 0. 0. 0. 0.
    0. 0. 0. 0. 0. 0. 0. 0. 0. 0. 0. 0. 0. 0. 0. 0. 0. 0. 0. 0. 0. 0. 0.
    0. 0. 0. 0. 0. 0. 0. 0. 0. 0. 0. 0. 0. 0. 0. 0. 0. 0. 0. 0. 0. 0. 0.
    0. 0. 0. 0. 0. 0. 0. 0. 0. 0. 0. 0. 0. 0. 0. 0. 0. 0. 0. 0. 0. 0. 0.
    0. 0. 0. 0. 0. 0. 0. 0. 0. 0. 0. 0. 0. 0. 0. 0. 0. 0. 0. 0. 0. 0. 0.
    0. 0. 0. 0. 0. 0. 0. 0. 0. 0. 0. 0. 0. 0. 0. 0. 0. 0. 0. 0. 0. 0. 0.
    0. 0. 0. 0. 0. 0. 0. 0. 0. 0. 0. 0. 0. 0. 0. 0. 0. 0. 0. 0. 0. 0. 0.
    0. 0. 0. 0. 0. 0. 0. 0. 0. 0. 0. 0. 0. 0. 0. 0. 0. 0. 0. 0. 0. 0. 0.
    0. 0. 0. 0. 0. 0. 0. 0. 0. 0. 0. 0. 0. 0. 0. 0. 0. 0. 0. 0. 0. 0. 0.
    0. 0. 0. 0. 0. 0. 0. 0. 0. 0. 0. 0. 0. 0. 0. 0. 0. 0. 0. 0. 0. 0. 0.
    0. 0. 0. 0. 0. 0. 0. 0. 0. 0. 0. 0. 0. 0. 0. 0. 0. 0. 0. 0. 0. 0. 0.
    0. 0. 0. 0. 0. 0. 0. 0. 0. 0. 0. 0. 0. 0. 0. 0. 0. 0. 0. 0. 0. 0. 0.
    0. 0. 0. 0. 0. 0. 0. 0. 0. 0. 0. 0. 0. 0. 0. 0. 0. 0. 0. 0. 0. 0. 0.
    0. 0. 0. 0. 0. 0. 0. 0. 0. 0. 0. 0. 0. 0. 0. 0. 0. 0. 0. 0. 0. 0. 0.
    0. 0. 0. 0. 0. 0. 0. 0. 0. 0. 0. 0. 0. 0. 0. 0. 0. 0. 0. 0. 0. 0. 0.
    0. 0. 0. 0. 0. 0. 0. 0. 0. 0. 0. 0. 0. 0. 0. 0. 0. 0. 0. 0. 0. 0. 0.
    0. 0. 0. 0. 0. 0. 0. 0. 0. 0. 0. 0. 0. 0. 0. 0. 0. 0. 0. 0. 0. 0. 0.
    0. 0. 0. 0. 0. 0. 0. 0. 0. 0. 0. 0. 0. 0. 0. 0. 0. 0. 0. 0. 0. 0. 0.
    0. 0. 0. 0. 0. 0. 0. 0. 0. 0. 0. 0. 0. 0. 0. 0. 0. 0. 0. 0. 0. 0. 0.
    0. 0. 0. 0. 0. 0. 0. 0. 0. 0. 0. 0. 0. 0. 0. 0. 0. 0. 0. 0. 0. 0. 0.
    0. 0. 0. 0. 0. 0. 0. 0. 0. 0. 0. 0. 0. 0. 0. 0. 0. 0. 0. 0. 0. 0. 0.
    0. 0. 0. 0. 0. 0. 0. 0. 0. 0. 0. 0. 0. 0. 0. 0. 0. 0. 0. 0. 0. 0. 0.
    0. 0. 0. 0. 0. 0. 0. 0. 0. 0. 0. 0. 0. 0. 0. 0. 0. 0. 0. 0. 0. 0. 0.
    0. 0. 0. 0. 0. 0. 0. 0. 0. 0. 0. 0. 0. 0. 0. 0. 0. 0. 0. 0. 0.
    1.25399995e+00 1.82599998e+00 1.82599998e+00 1.88600004e+00
    1.97000003e+00 0. 0. 0. 0. 2.00699997e+00 1.83800006e+00
    1.74300003e+00 1.74300003e+00 1.78900003e+00 1.91299999e+00 2. 2.
    1.38100004e+00 0. 0. 0. 1.90799999e+00 1.86699998e+00 1.82599998e+00
    1.82599998e+00 1.82599998e+00 1.82599998e+00 0. 0. 0. 0. 0. 0. 0. 0.
    0. 0. 0. 0. 0. 1.38399994e+00 1.82599998e+00 1.82599998e+00
    1.88600004e+00 1.97000003e+00 0. 0. 0. 1.02600002e+00 2.00500011e+00
    1.87500000e+00 1.80100000e+00 1.80100000e+00 1.83599997e+00
    1.93299997e+00 2. 2. 1.52300000e+00 0. 0. 0. 1.90799999e+00
    1.86699998e+00 1.82599998e+00 1.82599998e+00 1.82599998e+00
    1.82599998e+00 0. 0. 0. 0. 0. 0. 0. 0. 0. 0. 0. 0. 0. 1.66600001e+00
    1.82599998e+00 1.82599998e+00 1.88600004e+00 1.97000003e+00
    1.49800003e+00 0. 0. 1.63399994e+00 2.00200009e+00 1.95299995e+00
    1.92499995e+00 1.92499995e+00 1.93799996e+00 1.97500002e+00 2. 2.
    1.82700002e+00 1.07700002e+00 0. 1.27100003e+00 1.90799999e+00
    1.86699998e+00 1.82599998e+00 1.82599998e+00 1.82599998e+00
    1.82599998e+00 1.94000006e+00 1.91199994e+00 1.91199994e+00
    1.91199994e+00 1.91199994e+00 1.91199994e+00 1.91199994e+00
    1.91199994e+00 1.91199994e+00 1.91199994e+00 1.91199994e+00
    1.91199994e+00 1.88999999e+00 1.86500001e+00 1.85899997e+00
    1.85899997e+00 1.91400003e+00 1.99000001e+00 2.01200008e+00
    2.00399995e+00 2. 2. 2. 2. 1.99600005e+00 1.98800004e+00
    1.98300004e+00 1.98300004e+00 1.98599994e+00 1.99399996e+00
    2.00799990e+00 2.04399991e+00 2.06299996e+00 1.99300003e+00
    1.92400002e+00 1.87399995e+00 1.82599998e+00 1.82599998e+00
    1.82599998e+00 1.82599998e+00 1.92299998e+00 1.91199994e+00
    1.91199994e+00 1.91199994e+00 1.91199994e+00 1.91199994e+00
    1.91199994e+00 1.91199994e+00 1.91199994e+00 1.91199994e+00
    1.91199994e+00 1.91199994e+00 1.92499995e+00 1.94000006e+00
    1.94400001e+00 1.94400001e+00 1.98399997e+00 2.04200006e+00
    2.04299998e+00 2.01300001e+00 2. 2. 2. 2. 1.98699999e+00
    1.95899999e+00 1.94099998e+00 1.94099998e+00 1.94900000e+00
    1.97800004e+00 2.00300002e+00 2.01799989e+00 2.02500010e+00
    1.99699998e+00 1.96500003e+00 1.89499998e+00 1.82599998e+00
    1.82599998e+00 1.82599998e+00 1.82599998e+00 1.91199994e+00
    1.91199994e+00 1.91199994e+00 1.91199994e+00 1.91199994e+00
    1.91199994e+00 1.90499997e+00 1.89800000e+00 1.89800000e+00
    1.89800000e+00 1.89800000e+00 1.89800000e+00 1.94000006e+00
    1.98899996e+00 2. 2. 2.03200006e+00 2.07599998e+00 2.06299996e+00
    2.01900005e+00 2. 2. 2. 2. 1.98099995e+00 1.93900001e+00
    1.91199994e+00 1.91199994e+00 1.92499995e+00 1.96700001e+00 2. 2. 2.
    2. 1.99300003e+00 1.91499996e+00 1.84000003e+00 1.84000003e+00
    1.84000003e+00 1.83299994e+00 1.91199994e+00 1.91199994e+00
    1.91199994e+00 1.91199994e+00 1.91199994e+00 1.91100001e+00
    1.88399994e+00 1.85699999e+00 1.85699999e+00 1.85699999e+00
    1.85699999e+00 1.85699999e+00 1.91600001e+00 1.98500001e+00 2. 2.
    2.03200006e+00 2.07599998e+00 2.06299996e+00 2.01900005e+00 2. 2. 2.
    2. 1.98099995e+00 1.93900001e+00 1.91199994e+00 1.91199994e+00
    1.92499995e+00 1.96700001e+00 2. 2. 2. 2. 1.99500000e+00
    1.93700004e+00 1.88100004e+00 1.88100004e+00 1.88100004e+00
    1.85599995e+00 1.91199994e+00 1.91199994e+00 1.91199994e+00
    1.91199994e+00 1.91199994e+00 1.90999997e+00 1.86800003e+00
    1.82700002e+00 1.82599998e+00 1.82599998e+00 1.82599998e+00
    1.82599998e+00 1.89699996e+00 1.98099995e+00 2. 2. 2.02800012e+00
    2.06699991e+00 2.05200005e+00 2.00799990e+00 1.98899996e+00
    1.98899996e+00 1.99199998e+00 1.99699998e+00 1.98099995e+00
    1.93900001e+00 1.91199994e+00 1.91199994e+00 1.92499995e+00
    1.96700001e+00 2. 2. 2. 2. 1.99699998e+00 1.96500003e+00
    1.92600000e+00 1.58399999e+00 1.24100006e+00 1.19099998e+00
    1.91199994e+00 1.91199994e+00 1.91199994e+00 1.91199994e+00
    1.91199994e+00 1.90999997e+00 1.86800003e+00 1.82700002e+00
    1.82599998e+00 1.82599998e+00 1.82599998e+00 1.82599998e+00
    1.89699996e+00 1.98099995e+00 2. 2. 2.01200008e+00 2.02999997e+00
    2.00799990e+00 1.96500003e+00 1.94599998e+00 1.94599998e+00
    1.95899999e+00 1.98500001e+00 1.98099995e+00 1.93900001e+00
    1.91199994e+00 1.91199994e+00 1.92499995e+00 1.96700001e+00 2. 2. 2.
    2. 2.00099993e+00 2.01099992e+00 1.98000002e+00 0. 0. 0.
    1.93099999e+00 1.93599999e+00 1.92700005e+00 1.91999996e+00
    1.91999996e+00 1.91799998e+00 1.88000000e+00 1.84300005e+00
    1.84200001e+00 1.84200001e+00 1.85800004e+00 1.87500000e+00
    1.94200003e+00 2.01900005e+00 2.02500010e+00 2.01200008e+00
    2.00600004e+00 2.00099993e+00 1.97300005e+00 1.92999995e+00
    1.91199994e+00 1.91199994e+00 1.93299997e+00 1.97599995e+00
    1.98099995e+00 1.93900001e+00 1.91199994e+00 1.91199994e+00
    1.85000002e+00 1.64499998e+00 1.54499996e+00 1.79700005e+00
    2.00900006e+00 2.00900006e+00 2.01200008e+00 2.05299997e+00
    2.02399993e+00 0. 0. 0. 2.02800012e+00 2.05999994e+00 2.00799990e+00
    1.96300006e+00 1.96300006e+00 1.96200001e+00 1.94400001e+00
    1.92600000e+00 1.92600000e+00 1.92600000e+00 2.02399993e+00
    2.13199997e+00 2.17799997e+00 2.21399999e+00 2.15799999e+00
    2.07699990e+00 2.03500009e+00 2.00900006e+00 1.97300005e+00
    1.92999995e+00 1.91199994e+00 1.91199994e+00 1.93299997e+00
    1.97599995e+00 1.98099995e+00 1.93900001e+00 1.91199994e+00
    1.91199994e+00 1.46200001e+00 0. 0. 0. 2.05299997e+00 2.05299997e+00
    2.05500007e+00 2.07399988e+00 2.02399993e+00 0. 0. 0. 2.11299992e+00
    2.16899991e+00 2.07900000e+00 2. 2. 2. 2. 2. 2. 2. 2.17100000e+00
    2.35700011e+00 2.38499999e+00 2.38499999e+00 2.27500010e+00
    2.13299990e+00 2.05999994e+00 2.01600003e+00 1.97300005e+00
    1.92999995e+00 1.91199994e+00 1.91199994e+00 1.93299997e+00
    1.97599995e+00 1.98099995e+00 1.93900001e+00 1.91199994e+00
    1.91199994e+00 1.12199998e+00 0. 0. 0. 2.09200001e+00 2.09200001e+00
    2.09200001e+00 2.09200001e+00 2.02399993e+00 0. 0. 0. 0. 0. 0. 0. 0.
