<?xml version="1.0"?>
<opencv_storage>
<Depth type_id="opencv-matrix">
  <rows>40</rows>
  <cols>40</cols>
  <dt>f</dt>
  <data>
    0. 0. 0. 0. 0. 0. 0. 0. 0. 0. 0. 0. 0. 0. 0. 0. 0. 0. 0. 0. 0. 0. 0.
    0. 0. 0. 0. 0. 0. 0. 0. 0. 0. 0. 0. 0. 0. 0. 0. 0. 0. 0. 0. 0. 0. 0.
    0. 1.22700000e+00 1.22700000e+00 1.22700000e+00 1.73399997e+00
    2.01600003e+00 2.01600003e+00 2.01399994e+00 2.01399994e+00
    2.01600003e+00 2.01600003e+00 2.01600003e+00 2.01699996e+00
    1.49100006e+00 2.31800008e+00 2.31500006e+00 2.30500007e+00
    2.32800007e+00 1.87399995e+00 1.22700000e+00 1.92299998e+00
    1.22700000e+00 1.22700000e+00 1.22700000e+00 1.22700000e+00
    1.22700000e+00 1.22700000e+00 0. 0. 0. 0. 0. 0. 0. 0. 0. 0. 0. 0. 0.
    0. 1.22700000e+00 1.22700000e+00 1.22700000e+00 2.01799989e+00
    2.01600003e+00 2.01399994e+00 2.01399994e+00 2.01500010e+00
    2.01399994e+00 2.01500010e+00 2.01399994e+00 2.01500010e+00
    2.01099992e+00 2.00999999e+00 2.00999999e+00 2.00999999e+00
    2.00999999e+00 2.00799990e+00 2.00999999e+00 1.77900004e+00
    1.92400002e+00 2. 1.46599996e+00 1.22700000e+00 1.22700000e+00
    1.22700000e+00 0. 0. 0. 0. 0. 0. 0. 0. 0. 0. 0. 0. 0. 0.
    1.22700000e+00 1.22700000e+00 1.22700000e+00 2.01399994e+00
    2.01399994e+00 2.01399994e+00 2.01399994e+00 2.01500010e+00
    2.01600003e+00 2.01399994e+00 2.01399994e+00 2.01200008e+00
    2.00999999e+00 2.01200008e+00 2.00999999e+00 2.00999999e+00
    2.00999999e+00 2.00999999e+00 2.00999999e+00 2.00999999e+00
    2.00999999e+00 2.00999999e+00 2.00799990e+00 2.00799990e+00
    2.00699997e+00 2.00500011e+00 0. 0. 0. 0. 0. 0. 0. 0. 0. 0. 0. 0. 0.
    0. 1.22700000e+00 1.22700000e+00 1.22700000e+00 2.01300001e+00
    2.01399994e+00 2.01300001e+00 2.01200008e+00 2.01300001e+00
    2.01399994e+00 2.01300001e+00 2.01200008e+00 2.00999999e+00
    2.01099992e+00 2.00999999e+00 2.00900006e+00 2.00900006e+00
    2.00900006e+00 2.00799990e+00 2.00999999e+00 2.00900006e+00
    2.00999999e+00 2.00999999e+00 2.00999999e+00 2.00799990e+00
    2.00799990e+00 2.00699997e+00 0. 0. 0. 0. 0. 0. 0. 0. 0. 0. 0. 0. 0.
    0. 1.22700000e+00 1.22700000e+00 1.22700000e+00 2.01399994e+00
    2.01399994e+00 2.01200008e+00 2.01200008e+00 2.01099992e+00
    2.01200008e+00 2.00999999e+00 2.00999999e+00 2.00999999e+00
    2.00999999e+00 2.00999999e+00 2.00799990e+00 2.00999999e+00
    2.00799990e+00 2.00799990e+00 2.00900006e+00 2.00799990e+00
    2.00799990e+00 2.00799990e+00 2.00699997e+00 2.00500011e+00
    2.00500011e+00 2.00699997e+00 0. 0. 0. 0. 0. 0. 0. 0. 0. 0. 0. 0. 0.
    0. 1.22700000e+00 1.22700000e+00 1.22700000e+00 2.01399994e+00
    2.01399994e+00 2.00999999e+00 2.00999999e+00 2.00900006e+00
    2.01200008e+00 2.01200008e+00 2.00999999e+00 2.00900006e+00
    2.00799990e+00 2.00799990e+00 2.00900006e+00 2.00799990e+00
    2.00799990e+00 2.00799990e+00 2.00799990e+00 2.00900006e+00
    2.00799990e+00 2.00699997e+00 2.00500011e+00 2.00500011e+00
    2.00500011e+00 2.00500011e+00 0. 0. 0. 0. 0. 0. 0. 0. 0. 0. 0. 0. 0.
    0. 1.22700000e+00 1.22700000e+00 1.36399996e+00 2.01300001e+00
    2.01200008e+00 2.00999999e+00 2.00999999e+00 2.00900006e+00
    2.00999999e+00 2.00999999e+00 2.00999999e+00 2.00799990e+00
    2.00799990e+00 2.00799990e+00 2.00799990e+00 2.00699997e+00
    2.00699997e+00 2.00500011e+00 2.00699997e+00 2.00699997e+00
    2.00699997e+00 2.00500011e+00 2.00500011e+00 2.00500011e+00
    2.00500011e+00 2.00500011e+00 0. 0. 0. 0. 0. 0. 0. 0. 0. 0. 0. 0. 0.
    0. 1.22700000e+00 1.22700000e+00 1.36399996e+00 2.01200008e+00
    2.00900006e+00 2.00799990e+00 2.00900006e+00 2.00900006e+00
    2.00999999e+00 2.00999999e+00 2.00799990e+00 2.00799990e+00
    2.00900006e+00 2.00799990e+00 2.00799990e+00 2.00600004e+00
    2.00500011e+00 2.00500011e+00 2.00699997e+00 2.00699997e+00
    2.00500011e+00 2.00500011e+00 2.00500011e+00 2.00300002e+00
    2.00399995e+00 2.00500011e+00 0. 0. 0. 0. 0. 0. 0. 0. 0. 0. 0. 0. 0.
    0. 1.22700000e+00 1.22700000e+00 1.36399996e+00 2.01200008e+00
    2.00799990e+00 2.00799990e+00 2.00799990e+00 2.00900006e+00
    2.00999999e+00 2.00999999e+00 2.00799990e+00 2.00799990e+00
    2.00799990e+00 2.00799990e+00 2.00799990e+00 2.00699997e+00
    2.00500011e+00 2.00500011e+00 2.00500011e+00 2.00500011e+00
    2.00500011e+00 2.00500011e+00 2.00300002e+00 2.00300002e+00
    2.00200009e+00 2. 0. 0. 0. 0. 0. 0. 0. 0. 0. 0. 0. 0. 0. 0.
    1.22700000e+00 1.22700000e+00 1.66400003e+00 2.00999999e+00
    2.00799990e+00 2.00799990e+00 2.00799990e+00 2.00900006e+00
    2.00999999e+00 2.00900006e+00 2.00799990e+00 2.00799990e+00
    2.00699997e+00 2.00699997e+00 2.00699997e+00 2.00500011e+00
    2.00300002e+00 2.00300002e+00 2.00500011e+00 2.00500011e+00
    2.00300002e+00 2.00399995e+00 2.00300002e+00 2.00200009e+00
    2.00300002e+00 1.99899995e+00 0. 0. 0. 0. 0. 0. 0. 0. 0. 0. 0. 0. 0.
    0. 1.22700000e+00 1.22700000e+00 2.00799990e+00 2.00799990e+00
    2.00999999e+00 2.00799990e+00 2.00799990e+00 2.00799990e+00
    2.00799990e+00 2.00799990e+00 2.00699997e+00 2.00500011e+00
    2.00699997e+00 2.00699997e+00 2.00500011e+00 2.00300002e+00
    2.00300002e+00 2.00500011e+00 2.00500011e+00 2.00300002e+00
    2.00300002e+00 2.00300002e+00 2.00300002e+00 2.00099993e+00
    2.00099993e+00 2.00099993e+00 0. 0. 0. 0. 0. 0. 0. 0. 0. 0. 0. 0. 0.
    0. 1.22700000e+00 1.22700000e+00 2.00900006e+00 2.00699997e+00
    2.00799990e+00 2.00799990e+00 2.00699997e+00 2.00799990e+00
    2.00799990e+00 2.00799990e+00 2.00699997e+00 2.00500011e+00
    2.00500011e+00 2.00300002e+00 2.00300002e+00 2.00300002e+00
    2.00200009e+00 2.00300002e+00 2.00300002e+00 2.00300002e+00
    2.00300002e+00 2.00300002e+00 2.00099993e+00 1.99899995e+00
    1.99899995e+00 1.69799995e+00 0. 0. 0. 0. 0. 0. 0. 0. 0. 0. 0. 0. 0.
    0. 1.22700000e+00 1.22700000e+00 2.00999999e+00 2.00799990e+00
    2.00699997e+00 2.00699997e+00 2.00699997e+00 2.00799990e+00
    2.00799990e+00 2.00699997e+00 2.00500011e+00 2.00399995e+00
    2.00500011e+00 2.00300002e+00 2.00300002e+00 2.00099993e+00
    2.00099993e+00 2.00300002e+00 2.00300002e+00 2.00300002e+00
    2.00200009e+00 2.00099993e+00 2.00099993e+00 1.99800003e+00 2.
    1.24600005e+00 0. 0. 0. 0. 0. 0. 0. 0. 0. 0. 0. 0. 0. 0.
    1.22700000e+00 1.22700000e+00 2.00799990e+00 2.00799990e+00
    2.00699997e+00 2.00699997e+00 2.00699997e+00 2.00799990e+00
    2.00699997e+00 2.00600004e+00 2.00399995e+00 2.00500011e+00
    2.00399995e+00 2.00300002e+00 2.00300002e+00 2.00099993e+00
    2.00099993e+00 2.00300002e+00 2.00300002e+00 2.00099993e+00
    2.00200009e+00 2. 2. 1.99800003e+00 1.99899995e+00 1.99800003e+00 0.
    0. 0. 0. 0. 0. 0. 0. 0. 0. 0. 0. 0. 0. 1.22700000e+00 1.22700000e+00
    2.00699997e+00 2.00699997e+00 2.00699997e+00 2.00500011e+00
    2.00699997e+00 2.00699997e+00 2.00699997e+00 2.00500011e+00
    2.00300002e+00 2.00500011e+00 2.00300002e+00 2.00300002e+00
    2.00300002e+00 2.00099993e+00 2.00099993e+00 2.00099993e+00
    2.00099993e+00 2.00099993e+00 2.00099993e+00 2. 1.99800003e+00
    1.99800003e+00 2. 1.38999999e+00 0. 0. 0. 0. 0. 0. 0. 0. 0. 0. 0. 0.
    0. 0. 1.22700000e+00 1.38000000e+00 2.00799990e+00 2.00699997e+00
    2.00699997e+00 2.00699997e+00 2.00600004e+00 2.00500011e+00
    2.00500011e+00 2.00300002e+00 2.00200009e+00 2.00300002e+00
    2.00300002e+00 2.00200009e+00 2.00099993e+00 2.00099993e+00
    2.00099993e+00 2.00099993e+00 2.00099993e+00 2.00099993e+00
    2.00099993e+00 2. 1.99899995e+00 1.99800003e+00 1.99800003e+00
    1.24600005e+00 0. 0. 0. 0. 0. 0. 0. 0. 0. 0. 0. 0. 0. 0.
    1.22700000e+00 1.77699995e+00 2.00699997e+00 2.00699997e+00
    2.00500011e+00 2.00600004e+00 2.00500011e+00 2.00399995e+00
    2.00500011e+00 2.00300002e+00 2.00300002e+00 2.00300002e+00
    2.00099993e+00 2.00099993e+00 2.00099993e+00 2.00099993e+00 2. 2. 2.
    2. 2.00099993e+00 2. 1.99800003e+00 1.99699998e+00 1.99800003e+00
    1.24600005e+00 0. 0. 0. 0. 0. 0. 0. 0. 0. 0. 0. 0. 0. 0.
    1.22700000e+00 1.22700000e+00 2.00699997e+00 2.00699997e+00
