<?xml version="1.0"?>
<opencv_storage>
<Depth type_id="opencv-matrix">
  <rows>40</rows>
  <cols>40</cols>
  <dt>f</dt>
  <data>
    0. 0. 0. 0. 0. 0. 0. 0. 0. 0. 0. 0. 0. 0. 0. 0. 0. 0. 0. 0. 0. 0. 0.
    0. 0. 0. 0. 0. 0. 0. 0. 0. 0. 0. 0. 0. 0. 0. 0. 0. 0. 0. 0. 0. 0. 0.
    0. 0. 0. 0. 0. 0. 0. 0. 0. 0. 0. 0. 0. 0. 0. 0. 0. 0. 0. 0. 0. 0. 0.
    0. 0. 0. 0. 0. 0. 0. 0. 0. 0. 0. 0. 0. 0. 0. 0. 0. 0. 0. 0. 0. 0. 0.
    0. 0. 0. 0. 0. 0. 0. 0. 0. 0. 0. 0. 0. 0. 0. 0. 0. 0. 0. 0. 0. 0. 0.
    0. 0. 0. 0. 0. 0. 0. 0. 0. 0. 0. 0. 0. 0. 0. 0. 0. 0. 0. 0. 0. 0. 0.
    0. 0. 0. 0. 0. 0. 0. 0. 0. 0. 0. 0. 0. 0. 0. 0. 0. 0. 0. 0. 0. 0. 0.
    0. 0. 0. 0. 0. 0. 0. 0. 0. 0. 0. 0. 0. 0. 0. 0. 0. 0. 0. 0. 0. 0. 0.
    0. 0. 0. 0. 0. 0. 0. 0. 0. 0. 0. 0. 0. 0. 0. 0. 0. 0. 0. 0. 0. 0. 0.
    0. 0. 0. 0. 0. 0. 0. 0. 0. 0. 0. 0. 0. 0. 0. 0. 0. 0. 0. 0. 0. 0. 0.
    0. 0. 0. 0. 0. 0. 0. 0. 0. 0. 0. 0. 0. 0. 0. 0. 0. 0. 0. 0. 0. 0. 0.
    0. 0. 0. 0. 0. 0. 0. 0. 0. 0. 0. 0. 0. 0. 0. 0. 0. 0. 0. 0. 0. 0. 0.
    0. 0. 0. 0. 0. 0. 0. 0. 0. 0. 0. 0. 0. 0. 0. 0. 0. 0. 0. 0. 0. 0. 0.
    0. 0. 0. 0. 0. 0. 0. 0. 0. 0. 0. 0. 0. 0. 0. 0. 0. 0. 0. 0. 0. 0. 0.
    0. 0. 0. 0. 0. 0. 0. 0. 0. 0. 0. 0. 0. 0. 0. 0. 0. 0. 0. 0. 0. 0. 0.
    0. 0. 0. 0. 0. 0. 0. 0. 0. 0. 0. 0. 0. 0. 0. 0. 0. 0. 0. 0. 0. 0. 2.
    2. 2. 2. 2. 2. 2. 2. 2. 2. 2. 2. 2.03999996e+00 2.09599996e+00
    2.14800000e+00 2.14800000e+00 2.14800000e+00 2.14800000e+00
    2.14800000e+00 2.14800000e+00 0. 0. 0. 0. 0. 0. 0. 0. 0. 0. 0. 0. 0.
    0. 0. 0. 0. 0. 0. 0. 2. 2. 2. 2. 2. 2. 2. 2. 2. 2. 2. 2.
    2.03999996e+00 2.09599996e+00 2.14800000e+00 2.14800000e+00
    2.14800000e+00 2.14800000e+00 2.14800000e+00 2.14800000e+00 0. 0. 0.
    0. 0. 0. 0. 0. 0. 0. 0. 0. 0. 0. 0. 0. 0. 0. 0. 0. 2. 2. 2. 2. 2. 2.
    2. 2. 2. 2. 2. 2. 2.03999996e+00 2.09599996e+00 2.14800000e+00
    2.14800000e+00 2.14800000e+00 2.14800000e+00 2.14800000e+00
    2.14800000e+00 0. 0. 0. 0. 0. 0. 0. 0. 0. 0. 0. 0. 0. 0. 0. 0. 0. 0.
    0. 0. 2. 2. 2. 2. 2. 2. 2. 2. 2. 2. 2. 2. 2.03999996e+00
    2.09599996e+00 2.14800000e+00 2.14800000e+00 2.14800000e+00
    2.14800000e+00 2.14800000e+00 2.14800000e+00 0. 0. 0. 0. 0. 0. 0. 0.
    0. 0. 0. 0. 0. 0. 0. 0. 0. 0. 0. 0. 2.03200006e+00 2.02999997e+00
    2.01799989e+00 2.00500011e+00 2. 2. 2. 2. 2. 2. 2. 2. 2.03099990e+00
    2.07500005e+00 2.11700010e+00 2.12899995e+00 2.14100003e+00
    2.14800000e+00 2.14800000e+00 2.14800000e+00 0. 0. 0. 0. 0. 0. 0. 0.
    0. 0. 0. 0. 0. 0. 0. 0. 0. 0. 0. 0. 2.08899999e+00 2.08200002e+00
    2.04800010e+00 2.01500010e+00 2. 2. 2. 2. 2. 2. 2. 2. 2.01600003e+00
    2.03900003e+00 2.06200004e+00 2.09599996e+00 2.13000011e+00
    2.14800000e+00 2.14800000e+00 2.14800000e+00 0. 0. 0. 0. 0. 0. 0. 0.
    0. 0. 0. 0. 0. 0. 0. 0. 0. 0. 0. 0. 2.14499998e+00 2.13499999e+00
    2.07900000e+00 2.02399993e+00 2. 2. 2. 2. 2. 2. 2. 2. 2.00099993e+00
    2.00200009e+00 2.00799990e+00 2.06299996e+00 2.11800003e+00
    2.14800000e+00 2.14800000e+00 2.14800000e+00 0. 0. 0. 0. 0. 0. 0. 0.
    0. 0. 0. 0. 0. 0. 0. 0. 0. 0. 0. 0. 2.09500003e+00 2.08800006e+00
    2.05200005e+00 2.01600003e+00 2. 2. 2. 2. 2. 2. 2. 2. 2. 2.
    2.00500011e+00 2.06100011e+00 2.11800003e+00 2.14800000e+00
    2.14800000e+00 2.14800000e+00 0. 0. 0. 0. 0. 0. 0. 0. 0. 0. 0. 0. 0.
    0. 0. 0. 0. 0. 0. 0. 2.03800011e+00 2.03500009e+00 2.02099991e+00
    2.00600004e+00 2. 2. 2. 2. 2. 2. 2. 2. 2. 2. 2.00500011e+00
    2.06100011e+00 2.11800003e+00 2.14800000e+00 2.14800000e+00
    2.14800000e+00 1.59200001e+00 0. 0. 0. 0. 0. 0. 0. 0. 0. 0. 0. 0. 0.
    0. 0. 0. 0. 0. 0. 2. 2. 2. 2. 2. 2. 2. 2. 2. 2. 2. 2. 2. 2.
    2.00500011e+00 2.06100011e+00 2.11800003e+00 2.14800000e+00
    2.14800000e+00 2.14800000e+00 2.19700003e+00 2.25600004e+00
    1.76300001e+00 0. 0. 0. 0. 0. 0. 0. 0. 0. 0. 0. 0. 0. 0. 0. 0. 0. 2.
    2. 2. 2. 2. 2. 2. 2. 2. 2. 2. 2. 2. 2. 2.00500011e+00 2.06100011e+00
    2.11800003e+00 2.14800000e+00 2.14800000e+00 2.14800000e+00
    2.19700003e+00 2.25600004e+00 1.99800003e+00 0. 0. 0. 0. 0. 0. 0. 0.
    0. 0. 0. 0. 0. 0. 0. 0. 0. 2. 2. 2. 2. 2. 2. 2. 2. 2. 2. 2. 2. 2. 2.
    2.00500011e+00 2.06100011e+00 2.11800003e+00 2.14800000e+00
    2.14800000e+00 2.14800000e+00 2.19700003e+00 2.25600004e+00
    2.23300004e+00 1.91799998e+00 1.60200000e+00 1.47599995e+00 0. 0. 0.
    0. 0. 0. 0. 0. 0. 0. 0. 0. 0. 0. 2. 2. 2. 2. 2. 2. 2. 2. 2.
    2.00500011e+00 2.01999998e+00 2.03500009e+00 2.03999996e+00
    2.03999996e+00 2.04299998e+00 2.08500004e+00 2.12599993e+00
    2.14800000e+00 2.14800000e+00 2.14800000e+00 2.18400002e+00
    2.22700000e+00 2.26399994e+00 2.27999997e+00 2.29600000e+00
    2.30200005e+00 0. 0. 0. 0. 0. 0. 0. 0. 0. 0. 0. 0. 0. 0. 2. 2. 2. 2.
    2. 2. 2. 2. 2. 2.01200008e+00 2.04900002e+00 2.08500004e+00
    2.09599996e+00 2.09599996e+00 2.09800005e+00 2.11800003e+00
    2.13700008e+00 2.14800000e+00 2.14800000e+00 2.14800000e+00
    2.16499996e+00 2.18600011e+00 2.21000004e+00 2.24799991e+00
    2.28699994e+00 2.30200005e+00 0. 0. 0. 0. 0. 0. 0. 0. 0. 0. 0. 0. 0.
    0. 2. 2. 2. 2. 2. 2. 2. 2. 2. 2.01799989e+00 2.07200003e+00
    2.12700009e+00 2.14299989e+00 2.14299989e+00 2.14299989e+00
    2.14499998e+00 2.14700007e+00 2.14800000e+00 2.14800000e+00
    2.14800000e+00 2.14800000e+00 2.14800000e+00 2.16100001e+00
    2.22000003e+00 2.27800012e+00 2.30200005e+00 0. 0. 0. 0. 0. 0. 0. 0.
    0. 0. 0. 0. 0. 0. 2. 2. 2. 2. 2. 2. 2. 2. 2. 2.01099992e+00
    2.04399991e+00 2.07699990e+00 2.08699989e+00 2.08699989e+00
    2.08899999e+00 2.11199999e+00 2.13499999e+00 2.14800000e+00
    2.14800000e+00 2.14800000e+00 2.14800000e+00 2.14800000e+00
    2.16100001e+00 2.22000003e+00 2.27800012e+00 2.30200005e+00 0. 0. 0.
    0. 0. 0. 0. 0. 0. 0. 0. 0. 0. 0. 2. 2. 2. 2. 2. 2. 2. 2. 2.
    2.00399995e+00 2.01500010e+00 2.02699995e+00 2.02999997e+00
    2.02999997e+00 2.03399992e+00 2.07900000e+00 2.12400007e+00
    2.14800000e+00 2.14800000e+00 2.14800000e+00 2.14800000e+00
    2.14800000e+00 2.16100001e+00 2.22000003e+00 2.27800012e+00
    2.30200005e+00 0. 0. 0. 0. 0. 0. 0. 0. 0. 0. 0. 0. 0. 0. 2. 2. 2. 2.
    2. 2. 2. 2. 2. 2. 2. 2. 2. 2. 2.00500011e+00 2.06100011e+00
    2.11800003e+00 2.14800000e+00 2.14800000e+00 2.14800000e+00
    2.15700006e+00 2.16700006e+00 2.18600011e+00 2.23399997e+00
    2.28299999e+00 2.30200005e+00 0. 0. 0. 0. 0. 0. 0. 0. 0. 0. 0. 0. 0.
    0. 2. 2. 2. 2. 2. 2. 2. 2. 2. 2. 2. 2. 2. 2. 2.00500011e+00
    2.06100011e+00 2.11800003e+00 2.14800000e+00 2.14800000e+00
    2.14800000e+00 2.17600012e+00 2.20799994e+00 2.24000001e+00
    2.26600003e+00 2.29200006e+00 2.30200005e+00 0. 0. 0. 0. 0. 0. 0. 0.
    0. 0. 0. 0. 0. 0. 2. 2. 2. 2. 2. 2. 2. 2. 2. 2. 2. 2. 2. 2.
    2.00500011e+00 2.06100011e+00 2.11800003e+00 2.14800000e+00
    2.14800000e+00 2.14800000e+00 2.19400001e+00 2.25000000e+00
    2.29299998e+00 2.29699993e+00 2.30100012e+00 2.30200005e+00 0. 0. 0.
    0. 0. 0. 0. 0. 0. 0. 0. 0. 0. 0. 2. 2. 2. 2. 2. 2. 2. 2. 2. 2. 2. 2.
    2. 2. 2.00500011e+00 2.06100011e+00 2.11800003e+00 2.14800000e+00
    2.14800000e+00 2.14800000e+00 2.19700003e+00 2.25600004e+00
    2.30200005e+00 2.30200005e+00 2.30200005e+00 2.30200005e+00 0. 0. 0.
    0. 0. 0. 0. 0. 0. 0. 0. 0. 0. 0. 0. 0. 0. 0. 0. 0. 0. 0. 0. 0. 0. 0.
    0. 0. 0. 0. 0. 0. 0. 0. 0. 0. 0. 0. 0. 0. 0. 0. 0. 0. 0. 0. 0. 0. 0.
    0. 0. 0. 0. 0. 0. 0. 0. 0. 0. 0. 0. 0. 0. 0. 0. 0. 0. 0. 0. 0. 0. 0.
    0. 0. 0. 0. 0. 0. 0. 0. 0. 0. 0. 0. 0. 0. 0. 0. 0. 0. 0. 0. 0. 0. 0.
    0. 0. 0. 0. 0. 0. 0. 0. 0. 0. 0. 0. 0. 0. 0. 0. 0. 0. 0. 0. 0. 0. 0.
    0. 0. 0. 0. 0. 0. 0. 0. 0. 0. 0. 0. 0. 0. 0. 0. 0. 0. 0. 0. 0. 0. 0.
    0. 0. 0. 0. 0. 0. 0. 0. 0. 0. 0. 0. 0. 0. 0. 0. 0. 0. 0. 0. 0. 0. 0.
    0. 0. 0. 0. 0. 0. 0. 0. 0. 0. 0. 0. 0. 0. 0. 0. 0. 0. 0. 0. 0. 0. 0.
    0. 0. 0. 0. 0. 0. 0. 0. 0. 0. 0. 0. 0. 0. 0. 0. 0. 0. 0. 0. 0. 0. 0.
    0. 0. 0. 0. 0. 0. 0. 0. 0. 0. 0. 0. 0. 0. 0. 0. 0. 0. 0. 0. 0. 0. 0.
    0. 0. 0. 0. 0. 0. 0. 0. 0. 0. 0. 0. 0. 0. 0. 0. 0. 0. 0. 0. 0. 0. 0.
