<?xml version="1.0"?>
<opencv_storage>
<Depth type_id="opencv-matrix">
  <rows>40</rows>
  <cols>40</cols>
  <dt>f</dt>
  <data>
    0. 0. 0. 0. 0. 0. 0. 0. 0. 0. 0. 0. 0. 0. 0. 0. 0. 0. 0. 0. 0. 0. 0.
    0. 0. 0. 0. 0. 0. 0. 0. 0. 0. 0. 0. 0. 0. 0. 0. 0. 0. 0. 0. 0. 0. 0.
    0. 1.97899997e+00 1.97899997e+00 1.97899997e+00 1.97899997e+00
    1.97899997e+00 1.97899997e+00 1.97899997e+00 2.57100010e+00 0. 0. 0.
    0. 0. 0. 0. 0. 0. 0. 0. 0. 0. 0. 0. 0. 0. 0. 0. 0. 0. 0. 0. 0. 0.
    1.96399999e+00 0. 0. 0. 0. 0. 0. 1.97899997e+00 1.97899997e+00
    1.97899997e+00 1.97899997e+00 1.97899997e+00 1.97899997e+00
    1.97899997e+00 1.97899997e+00 1.97899997e+00 1.97899997e+00
    1.99100006e+00 2.01999998e+00 2.75300002e+00 0. 0. 0. 0. 0. 0. 0. 0.
    0. 0. 0. 0. 0. 0. 0. 0. 0. 0. 0. 0. 1.90400004e+00 2.09699988e+00 0.
    0. 0. 0. 1.99800003e+00 1.98000002e+00 1.97899997e+00 1.97899997e+00
    1.97899997e+00 1.97899997e+00 1.97899997e+00 1.97899997e+00
    1.97899997e+00 1.97899997e+00 1.97899997e+00 1.98500001e+00 2. 2.
    1.99199998e+00 1.97899997e+00 2.90199995e+00 0. 0. 0. 0. 0. 0. 0. 0.
    0. 0. 0. 0. 0. 0. 0. 0. 0. 2.09299994e+00 0. 0. 0. 2. 2. 2.
    1.99699998e+00 1.97899997e+00 1.97899997e+00 1.97899997e+00
    1.97899997e+00 1.97899997e+00 1.97899997e+00 1.97899997e+00
    1.97899997e+00 1.97899997e+00 1.98500001e+00 2. 1.99300003e+00
    1.97899997e+00 1.97200000e+00 1.95899999e+00 1.95899999e+00
    2.92199993e+00 0. 0. 0. 0. 0. 0. 0. 0. 0. 0. 0. 0. 0. 0. 0. 0. 0. 0.
    2. 2. 1.99800003e+00 1.99800003e+00 1.99600005e+00 1.97899997e+00
    1.97899997e+00 1.97899997e+00 1.97899997e+00 1.97899997e+00
    1.97899997e+00 1.97899997e+00 1.97800004e+00 1.97800004e+00
    1.98500001e+00 1.99899995e+00 1.99300003e+00 1.98099995e+00
    1.97300005e+00 1.96000004e+00 1.96000004e+00 1.96000004e+00
    1.95899999e+00 2.98000002e+00 0. 0. 0. 0. 0. 0. 0. 0. 0. 0. 0. 0. 0.
    0. 0. 1.99800003e+00 1.99800003e+00 1.99600005e+00 1.97899997e+00
    1.97899997e+00 1.97899997e+00 1.97899997e+00 1.97899997e+00
    1.97899997e+00 1.97899997e+00 1.97899997e+00 1.97899997e+00
    1.97399998e+00 1.95899999e+00 1.96500003e+00 1.97899997e+00
    1.98599994e+00 1.99899995e+00 1.99800003e+00 1.99199998e+00
    1.98000002e+00 1.97899997e+00 1.97099996e+00 1.96000004e+00
    1.96700001e+00 0. 0. 1.99000001e+00 1.96899998e+00 1.95899999e+00 0.
    0. 0. 0. 0. 0. 0. 0. 0. 1.97899997e+00 1.97899997e+00 1.97899997e+00
    1.97899997e+00 1.97899997e+00 1.97899997e+00 1.97899997e+00
    1.97899997e+00 1.97899997e+00 1.97899997e+00 1.97899997e+00
    1.97899997e+00 1.97899997e+00 1.97399998e+00 1.95899999e+00
    1.96399999e+00 1.97800004e+00 1.98500001e+00 1.99199998e+00
    1.97899997e+00 1.98699999e+00 1.99199998e+00 1.97899997e+00
    1.97899997e+00 1.97000003e+00 1.95899999e+00 1.97700000e+00
    1.99800003e+00 1.99000001e+00 1.97099996e+00 1.96099997e+00
    1.96099997e+00 0. 0. 0. 0. 0. 0. 0. 2. 1.98099995e+00 1.97899997e+00
    1.97899997e+00 1.97899997e+00 1.97899997e+00 1.97899997e+00
    1.97899997e+00 1.97899997e+00 1.97899997e+00 1.97899997e+00
    1.97899997e+00 1.97899997e+00 1.97899997e+00 1.97399998e+00
    1.95899999e+00 1.95899999e+00 1.96500003e+00 1.97899997e+00
    1.97899997e+00 1.97899997e+00 1.98699999e+00 1.99199998e+00
    1.97899997e+00 1.97899997e+00 1.97099996e+00 1.96099997e+00
    1.97000003e+00 1.97899997e+00 1.98899996e+00 1.98899996e+00
    1.97899997e+00 1.97899997e+00 0. 0. 0. 0. 0. 0. 0. 2.00300002e+00
    2.00200009e+00 1.98199999e+00 1.97899997e+00 1.97899997e+00
    1.97899997e+00 1.97899997e+00 1.97899997e+00 1.97899997e+00
    1.97899997e+00 1.97899997e+00 1.97899997e+00 1.97899997e+00
    1.97899997e+00 1.97399998e+00 1.95899999e+00 1.96000004e+00
    1.96599996e+00 1.97599995e+00 1.97700000e+00 1.97899997e+00
    1.98699999e+00 1.99199998e+00 1.97899997e+00 1.97899997e+00
    1.97899997e+00 1.97899997e+00 1.97899997e+00 1.97899997e+00
    1.98899996e+00 1.98899996e+00 1.97899997e+00 1.98099995e+00
    1.99199998e+00 0. 0. 0. 0. 0. 0. 2.02300000e+00 2.01900005e+00
    1.99899995e+00 1.97899997e+00 1.97899997e+00 1.97899997e+00
    1.97899997e+00 1.97899997e+00 1.97899997e+00 1.97899997e+00
    1.97899997e+00 1.97899997e+00 1.97899997e+00 1.97899997e+00
    1.97399998e+00 1.95899999e+00 1.96399999e+00 1.97099996e+00
    1.95899999e+00 1.96599996e+00 1.97899997e+00 1.98699999e+00
    1.99300003e+00 1.98199999e+00 1.98099995e+00 1.97899997e+00
    1.97899997e+00 1.97899997e+00 1.97899997e+00 1.98899996e+00
    1.99100006e+00 1.98199999e+00 1.99199998e+00 2. 2. 2. 2. 0. 0. 0.
    2.03699994e+00 2.01600003e+00 1.99899995e+00 1.97899997e+00
    1.97899997e+00 1.97899997e+00 1.97899997e+00 1.97899997e+00
    1.97899997e+00 1.97899997e+00 1.97899997e+00 1.97899997e+00
    1.97899997e+00 1.97899997e+00 1.97500002e+00 1.96200001e+00
    1.95899999e+00 1.96000004e+00 1.96200001e+00 1.96800005e+00
    1.97899997e+00 1.98699999e+00 2. 2. 1.99100006e+00 1.97899997e+00
    1.97899997e+00 1.97899997e+00 1.97899997e+00 1.98800004e+00
    1.99600005e+00 1.99600005e+00 1.99600005e+00 1.99600005e+00
    1.99600005e+00 1.99899995e+00 2. 2. 1.98599994e+00 1.97899997e+00
    2.01600003e+00 2. 1.99899995e+00 1.97899997e+00 1.97899997e+00
    1.97899997e+00 1.97899997e+00 1.97899997e+00 1.97899997e+00
    1.97899997e+00 1.97899997e+00 1.97899997e+00 1.97899997e+00
    1.97899997e+00 1.97899997e+00 1.97500002e+00 1.96300006e+00
    1.96800005e+00 1.98000002e+00 1.98199999e+00 1.97899997e+00
    1.98699999e+00 2. 2. 1.99100006e+00 1.97899997e+00 1.97899997e+00
    1.97899997e+00 1.97899997e+00 1.97899997e+00 1.97899997e+00
    1.97899997e+00 1.97899997e+00 1.97899997e+00 1.97899997e+00
    1.99100006e+00 1.99800003e+00 1.99600005e+00 1.98500001e+00
    1.97899997e+00 2. 2. 1.99500000e+00 1.97899997e+00 1.97899997e+00
    1.97899997e+00 1.97899997e+00 1.97899997e+00 1.97899997e+00
    1.97899997e+00 1.97899997e+00 1.97899997e+00 1.97899997e+00
    1.97899997e+00 1.97899997e+00 1.97899997e+00 1.97899997e+00
    1.98000002e+00 1.98699999e+00 1.99000001e+00 1.97899997e+00
    1.98699999e+00 2. 2. 1.99100006e+00 1.97899997e+00 1.97899997e+00
    1.97899997e+00 1.97899997e+00 1.97899997e+00 1.97899997e+00
    1.97899997e+00 1.97899997e+00 1.97899997e+00 1.97899997e+00
    1.98899996e+00 1.98599994e+00 1.97899997e+00 1.97899997e+00
    1.97899997e+00 2. 1.99500000e+00 1.97899997e+00 1.97899997e+00
    1.97899997e+00 1.97899997e+00 1.97899997e+00 1.97899997e+00
    1.97899997e+00 1.97899997e+00 1.97899997e+00 1.97899997e+00
    1.97899997e+00 1.97899997e+00 1.97899997e+00 1.97800004e+00
    1.97500002e+00 1.98099995e+00 1.99000001e+00 1.97899997e+00
    1.98099995e+00 1.99000001e+00 2. 2. 1.99100006e+00 1.97899997e+00
    1.97899997e+00 1.97899997e+00 1.97899997e+00 1.97899997e+00
    1.97899997e+00 1.97899997e+00 1.97899997e+00 1.97899997e+00
    1.97899997e+00 1.97899997e+00 1.97899997e+00 1.97899997e+00
    1.97899997e+00 1.97899997e+00 1.99500000e+00 1.97899997e+00
    1.97899997e+00 1.97899997e+00 1.97899997e+00 1.97899997e+00
    1.97899997e+00 1.97899997e+00 1.97899997e+00 1.97899997e+00
    1.97899997e+00 1.97899997e+00 1.97899997e+00 1.97899997e+00
    1.97899997e+00 1.97399998e+00 1.95899999e+00 1.96500003e+00
    1.97899997e+00 1.97899997e+00 1.98599994e+00 2. 2. 2. 1.99100006e+00
    1.97899997e+00 1.97899997e+00 1.97899997e+00 1.97899997e+00
    1.97899997e+00 1.97899997e+00 1.97899997e+00 1.97899997e+00
    1.97899997e+00 1.97899997e+00 1.97899997e+00 1.97899997e+00
    1.97899997e+00 1.97899997e+00 1.97899997e+00 1.97899997e+00
    1.97899997e+00 1.97899997e+00 1.97899997e+00 1.97899997e+00
    1.97899997e+00 1.97899997e+00 1.97899997e+00 1.97899997e+00
    1.97899997e+00 1.97899997e+00 1.97899997e+00 1.97899997e+00
    1.97899997e+00 1.97899997e+00 1.97399998e+00 1.95899999e+00
    1.96500003e+00 1.97899997e+00 1.97899997e+00 1.98599994e+00 2. 2.
    1.99800003e+00 1.98800004e+00 1.97899997e+00 1.97899997e+00
