<?xml version="1.0"?>
<opencv_storage>
<Depth type_id="opencv-matrix">
  <rows>40</rows>
  <cols>40</cols>
  <dt>f</dt>
  <data>
    0. 0. 0. 0. 0. 0. 0. 0. 0. 0. 0. 0. 0. 2. 2. 2. 2.03299999e+00
    2.06299996e+00 2.06299996e+00 2.06299996e+00 2.06299996e+00
    2.05100012e+00 2.03299999e+00 2.03299999e+00 2.28800011e+00 0. 0. 0.
    0. 0. 0. 0. 0. 0. 0. 0. 0. 0. 0. 0. 0. 0. 0. 0. 0. 0. 0. 0. 0. 0. 0.
    0. 0. 2.00600004e+00 2.00600004e+00 2.00600004e+00 2.03600001e+00
    2.06299996e+00 2.06299996e+00 2.06100011e+00 2.05800009e+00
    2.05699992e+00 2.05699992e+00 2.05699992e+00 2.28299999e+00 0. 0. 0.
    0. 0. 0. 0. 0. 0. 0. 0. 0. 0. 0. 0. 0. 0. 0. 0. 0. 0. 0. 0. 0. 0. 0.
    0. 0. 2.04299998e+00 2.04299998e+00 2.04299998e+00 2.05299997e+00
    2.06299996e+00 2.06299996e+00 2.05200005e+00 2.02800012e+00
    2.01999998e+00 2.01999998e+00 2.01999998e+00 2.10200000e+00
    2.43700004e+00 2.60100007e+00 0. 0. 0. 0. 0. 0. 0. 0. 0. 0. 0. 0. 0.
    0. 0. 0. 0. 0. 0. 0. 0. 0. 0. 0. 0. 0. 2.06299996e+00 2.06299996e+00
    2.06299996e+00 2.06299996e+00 2.06299996e+00 2.06299996e+00
    2.04699993e+00 2.01099992e+00 2. 2. 2. 2. 2. 2. 0. 0. 0. 0. 0. 0. 0.
    0. 0. 0. 0. 0. 0. 0. 0. 0. 0. 0. 0. 0. 0. 0. 0. 0. 0. 0.
    2.06299996e+00 2.06299996e+00 2.06299996e+00 2.06299996e+00
    2.06299996e+00 2.06299996e+00 2.04699993e+00 2.01099992e+00 2. 2. 2.
    2. 2. 2. 0. 0. 0. 0. 0. 0. 0. 0. 0. 0. 0. 0. 0. 0. 0. 0. 0. 0. 0. 0.
    0. 0. 0. 0. 0. 0. 2.06299996e+00 2.06299996e+00 2.06299996e+00
    2.06299996e+00 2.05999994e+00 2.04600000e+00 2.02800012e+00
    2.00600004e+00 2. 2. 2. 2. 2. 2. 0. 0. 0. 0. 0. 0. 0. 0. 0. 0. 0. 0.
    0. 0. 0. 0. 0. 0. 0. 0. 0. 0. 0. 0. 0. 0. 2.06299996e+00
    2.06299996e+00 2.06299996e+00 2.06299996e+00 2.05699992e+00
    2.02099991e+00 2.00099993e+00 2. 2. 2. 2. 2. 2. 2. 0. 0. 0. 0. 0. 0.
    0. 0. 0. 0. 0. 0. 0. 0. 0. 0. 0. 0. 0. 0. 0. 0. 0. 0. 0. 0.
    2.09999990e+00 2.08699989e+00 2.06500006e+00 2.06299996e+00
    2.05699992e+00 2.01999998e+00 2. 2. 2. 2. 2. 2. 2. 2. 0. 0. 0. 0. 0.
    0. 0. 0. 0. 0. 0. 0. 0. 0. 0. 0. 0. 0. 0. 0. 0. 0. 0. 0. 0. 0.
    2.12899995e+00 2.10500002e+00 2.06699991e+00 2.06299996e+00
    2.05699992e+00 2.01999998e+00 2. 2. 2. 2. 2. 2.00099993e+00
    2.00600004e+00 2.00900006e+00 0. 0. 0. 0. 0. 0. 0. 0. 0. 0. 0. 0. 0.
    0. 0. 0. 0. 0. 0. 0. 0. 0. 0. 0. 0. 0. 2.12899995e+00 2.10500002e+00
    2.06699991e+00 2.06299996e+00 2.05699992e+00 2.01999998e+00 2. 2. 2.
    2. 2. 2.00600004e+00 2.03200006e+00 2.04500008e+00 0. 0. 0. 0. 0. 0.
    0. 0. 0. 0. 0. 0. 0. 0. 0. 0. 0. 0. 0. 0. 0. 0. 0. 0. 0. 0.
    2.12899995e+00 2.10500002e+00 2.06699991e+00 2.06299996e+00
    2.05699992e+00 2.01999998e+00 2. 2. 2. 2. 2. 2.00900006e+00
    2.04500008e+00 2.06299996e+00 0. 0. 0. 0. 0. 0. 0. 0. 0. 0. 0. 0. 0.
    0. 0. 0. 0. 0. 0. 0. 0. 0. 0. 0. 0. 0. 2.12899995e+00 2.10500002e+00
    2.06699991e+00 2.06299996e+00 2.05699992e+00 2.01999998e+00 2. 2. 2.
    2. 2. 2.00900006e+00 2.04500008e+00 2.06299996e+00 0. 0. 0. 0. 0. 0.
    0. 0. 0. 0. 0. 0. 0. 0. 0. 0. 0. 0. 0. 0. 0. 0. 0. 0. 0. 0.
    2.12899995e+00 2.10500002e+00 2.06699991e+00 2.06299996e+00
    2.05999994e+00 2.03999996e+00 2.02800012e+00 2.02800012e+00
    2.02800012e+00 2.02800012e+00 2.01200008e+00 2.00500011e+00
    2.02500010e+00 2.03500009e+00 0. 0. 0. 0. 0. 0. 0. 0. 0. 0. 0. 0. 0.
    0. 0. 0. 0. 0. 0. 0. 0. 0. 0. 0. 0. 0. 2.12899995e+00 2.10500002e+00
    2.06699991e+00 2.06299996e+00 2.06299996e+00 2.06299996e+00
    2.06299996e+00 2.06299996e+00 2.06299996e+00 2.06299996e+00
    2.02800012e+00 2. 2. 2. 0. 0. 0. 0. 0. 0. 0. 0. 0. 0. 0. 0. 0. 0. 0.
    0. 0. 0. 0. 0. 0. 0. 0. 0. 0. 0. 2.12899995e+00 2.10500002e+00
    2.06699991e+00 2.06299996e+00 2.06299996e+00 2.06299996e+00
    2.06299996e+00 2.06299996e+00 2.06299996e+00 2.06299996e+00
    2.02800012e+00 2. 2. 2. 0. 0. 0. 0. 0. 0. 0. 0. 0. 0. 0. 0. 0. 0. 0.
    0. 0. 0. 0. 0. 0. 0. 0. 0. 0. 0. 2.12899995e+00 2.10500002e+00
    2.06699991e+00 2.06299996e+00 2.06299996e+00 2.06299996e+00
    2.05999994e+00 2.05299997e+00 2.05200005e+00 2.05200005e+00
    2.02300000e+00 2. 2. 2. 0. 0. 0. 0. 0. 0. 0. 0. 0. 0. 0. 0. 0. 0. 0.
    0. 0. 0. 0. 0. 0. 0. 0. 0. 0. 0. 2.12899995e+00 2.10500002e+00
    2.06699991e+00 2.06299996e+00 2.06299996e+00 2.06299996e+00
    2.05100012e+00 2.02300000e+00 2.01500010e+00 2.01500010e+00
    2.00699997e+00 2. 2. 2. 0. 0. 0. 0. 0. 0. 0. 0. 0. 0. 0. 0. 0. 0. 0.
    0. 0. 0. 0. 0. 0. 0. 0. 0. 0. 0. 2.10700011e+00 2.09100008e+00
    2.06500006e+00 2.06299996e+00 2.06299996e+00 2.06299996e+00
    2.04699993e+00 2.01099992e+00 2. 2. 2. 2. 2. 2. 0. 0. 0. 0. 0. 0. 0.
    0. 0. 0. 0. 0. 0. 0. 0. 0. 0. 0. 0. 0. 0. 0. 0. 0. 0. 0.
    2.06900001e+00 2.06699991e+00 2.06299996e+00 2.06299996e+00
    2.06299996e+00 2.06299996e+00 2.04699993e+00 2.01099992e+00 2. 2. 2.
    2. 2. 2. 0. 0. 0. 0. 0. 0. 0. 0. 0. 0. 0. 0. 0. 0. 0. 0. 0. 0. 0. 0.
    0. 0. 0. 0. 0. 0. 2.06299996e+00 2.06299996e+00 2.06299996e+00
    2.06299996e+00 2.06299996e+00 2.06299996e+00 2.04699993e+00
    2.01099992e+00 2. 2. 2. 2. 2. 2. 0. 0. 0. 0. 0. 0. 0. 0. 0. 0. 0. 0.
    0. 0. 0. 0. 0. 0. 0. 0. 0. 0. 0. 0. 0. 0. 2.05900002e+00
    2.05900002e+00 2.05900002e+00 2.05900002e+00 2.05900002e+00
    2.05900002e+00 2.04500008e+00 2.01399994e+00 2.00300002e+00 2. 2. 2.
    2. 2. 0. 0. 0. 0. 0. 0. 0. 0. 0. 0. 0. 0. 0. 0. 0. 0. 0. 0. 0. 0. 0.
    0. 0. 0. 0. 0. 2.02200007e+00 2.02200007e+00 2.02200007e+00
    2.02200007e+00 2.02200007e+00 2.02200007e+00 2.02699995e+00
    2.03800011e+00 2.02399993e+00 2.00099993e+00 2. 2. 2. 2. 0. 0. 0. 0.
    0. 0. 0. 0. 0. 0. 0. 0. 0. 0. 0. 0. 0. 0. 0. 0. 0. 0. 0. 0. 0. 0. 2.
    2. 2. 2. 2. 2. 2.01200008e+00 2.04099989e+00 2.02900004e+00
    2.00099993e+00 2. 2. 2. 2. 0. 0. 0. 0. 0. 0. 0. 0. 0. 0. 0. 0. 0. 0.
    0. 0. 0. 0. 0. 0. 0. 0. 0. 0. 0. 0. 2. 2. 2. 2. 2. 2. 2.00300002e+00
    2.00999999e+00 2.00699997e+00 2. 2. 2. 2. 2. 0. 0. 0. 0. 0. 0. 0. 0.
    0. 0. 0. 0. 0. 0. 0. 0. 0. 0. 0. 0. 0. 0. 0. 0. 0. 0. 2.
    1.99100006e+00 1.97800004e+00 1.97599995e+00 1.97899997e+00
    1.99199998e+00 2. 2. 2. 2. 1.98699999e+00 1.97599995e+00
    1.97599995e+00 1.97599995e+00 0. 0. 0. 0. 0. 0. 0. 0. 0. 0. 0. 0. 0.
    0. 0. 0. 0. 0. 0. 0. 0. 0. 0. 0. 0. 0. 2. 1.97800004e+00
    1.94299996e+00 1.94000006e+00 1.94599998e+00 1.98000002e+00 2. 2. 2.
    2. 1.96599996e+00 1.94000006e+00 1.94000006e+00 1.94000006e+00 0. 0.
    0. 0. 0. 0. 0. 0. 0. 0. 0. 0. 0. 0. 0. 0. 0. 0. 0. 0. 0. 0. 0. 0. 0.
    0. 2.98699999e+00 2.59100008e+00 1.96599996e+00 1.90499997e+00
    1.91400003e+00 1.96899998e+00 2. 2. 2. 2. 1.96500003e+00
    1.93299997e+00 1.91400003e+00 1.90499997e+00 0. 0. 0. 0. 0. 0. 0. 0.
    0. 0. 0. 0. 0. 0. 0. 0. 0. 0. 0. 0. 0. 0. 0. 0. 0. 0. 0. 0.
    1.98899996e+00 1.87699997e+00 1.88900006e+00 1.96000004e+00 2. 2. 2.
    2. 1.96500003e+00 1.92900002e+00 1.89400005e+00 1.87699997e+00 0. 0.
    0. 0. 0. 0. 0. 0. 0. 0. 0. 0. 0. 0. 0. 0. 0. 0. 0. 0. 0. 0. 0. 0. 0.
    0. 0. 0. 1.98899996e+00 1.87699997e+00 1.88900006e+00 1.96000004e+00
    2. 2. 2. 2. 1.96500003e+00 1.92900002e+00 1.89400005e+00
    1.87699997e+00 0. 0. 0. 0. 0. 0. 0. 0. 0. 0. 0. 0. 0. 0. 0. 0. 0. 0.
    0. 0. 0. 0. 0. 0. 0. 0. 0. 0. 2.48300004e+00 2.14499998e+00
    1.91900003e+00 1.97099996e+00 2. 2. 2. 2. 1.97399998e+00
    1.94799995e+00 1.92200005e+00 1.90999997e+00 0. 0. 0. 0. 0. 0. 0. 0.
    0. 0. 0. 0. 0. 0. 0. 0. 0. 0. 0. 0. 0. 0. 0. 0. 0. 0. 0. 0. 0.
    2.72799993e+00 1.98300004e+00 1.99399996e+00 2. 2. 2. 2.
    1.99399996e+00 1.98899996e+00 1.98300004e+00 1.98099995e+00 0. 0. 0.
    0. 0. 0. 0. 0. 0. 0. 0. 0. 0. 0. 0. 0. 0. 0. 0. 0. 0. 0. 0. 0. 0. 0.
    0. 0. 0. 2.88700008e+00 2. 2. 2. 2. 2. 2. 2. 2. 2. 2. 0. 0. 0. 0. 0.
    0. 0. 0. 0. 0. 0. 0. 0. 0. 0. 0. 0. 0. 0. 0. 0. 0. 0. 0. 0. 0. 0. 0.
    0. 2.88700008e+00 2. 2. 2. 2. 2. 2. 2. 2. 2. 2. 0. 0. 0. 0. 0. 0. 0.
    0. 0. 0. 0. 0. 0. 0. 0. 0. 0. 0. 0. 0. 0. 0. 0. 0. 0. 0. 0. 0. 0.
    2.88700008e+00 2. 2. 2. 2. 2. 2. 2. 2. 2. 2. 0. 0. 0. 0. 0. 0. 0. 0.
