<?xml version="1.0"?>
<opencv_storage>
<Depth type_id="opencv-matrix">
  <rows>40</rows>
  <cols>40</cols>
  <dt>f</dt>
  <data>
    0. 0. 0. 0. 0. 0. 0. 0. 0. 0. 0. 0. 0. 0. 0. 0. 0. 0. 0. 0. 0. 0. 0.
    0. 0. 0. 0. 0. 0. 0. 0. 0. 0. 0. 0. 0. 0. 0. 0. 0. 0. 0. 0. 0. 0. 0.
    0. 0. 0. 0. 0. 0. 0. 0. 0. 0. 0. 0. 0. 0. 0. 0. 0. 0. 0. 0. 0. 0. 0.
    0. 0. 0. 0. 0. 0. 0. 0. 0. 0. 0. 0. 0. 0. 0. 0. 0. 0. 0. 0. 0. 0. 0.
    0. 0. 0. 0. 0. 0. 0. 0. 0. 0. 0. 0. 0. 0. 0. 0. 0. 0. 0. 0. 0. 0. 0.
    0. 0. 0. 0. 0. 0. 0. 0. 0. 0. 0. 0. 0. 0. 0. 0. 0. 0. 0. 0. 0. 0. 0.
    0. 0. 0. 0. 0. 0. 0. 0. 0. 0. 0. 0. 0. 0. 0. 0. 0. 0. 0. 0. 0. 0. 0.
    0. 0. 0. 0. 0. 0. 0. 0. 0. 0. 0. 0. 0. 0. 0. 0. 0. 0. 0. 0. 0. 0. 0.
    0. 0. 0. 0. 0. 0. 0. 0. 0. 0. 0. 0. 0. 0. 0. 0. 0. 0. 0. 0. 0. 0. 0.
    0. 0. 0. 0. 0. 0. 0. 0. 0. 0. 0. 0. 0. 0. 0. 0. 0. 0. 0. 0. 0. 0. 0.
    0. 0. 0. 0. 0. 0. 0. 0. 0. 0. 0. 0. 0. 0. 0. 0. 0. 0. 0. 0. 0. 0. 0.
    0. 0. 0. 0. 0. 0. 0. 0. 0. 0. 0. 0. 0. 0. 0. 0. 0. 0. 0. 0. 0. 0. 0.
    0. 0. 0. 0. 0. 0. 0. 0. 0. 0. 0. 0. 0. 0. 0. 0. 0. 0. 0. 0. 0. 0. 0.
    0. 0. 0. 0. 0. 0. 0. 0. 0. 0. 0. 0. 0. 0. 0. 0. 0. 0. 0. 0. 0. 0. 0.
    0. 0. 0. 0. 0. 0. 0. 0. 0. 0. 0. 0. 0. 0. 0. 0. 0. 0. 0. 0. 0. 0. 0.
    0. 0. 0. 0. 0. 0. 0. 0. 0. 0. 0. 0. 0. 0. 0. 0. 0. 0. 0. 0. 0. 0. 0.
    2.12199998e+00 2.12199998e+00 2.12199998e+00 2.12199998e+00
    2.12199998e+00 2.14400005e+00 2.19700003e+00 2.24699998e+00
    2.24699998e+00 2.24699998e+00 2.21199989e+00 2.15899992e+00
    2.12199998e+00 2.12199998e+00 2.12199998e+00 2.12199998e+00
    2.12199998e+00 2.12199998e+00 2.12199998e+00 2.12199998e+00
    2.12199998e+00 2.12199998e+00 2.25200009e+00 2.41700006e+00
    2.51399994e+00 2.51399994e+00 2.51399994e+00 2.51399994e+00
    2.51399994e+00 2.47600007e+00 2.41899991e+00 2.37800002e+00 0. 0. 0.
    0. 0. 0. 0. 0. 2.12199998e+00 2.12199998e+00 2.12199998e+00
    2.12199998e+00 2.12199998e+00 2.14400005e+00 2.19700003e+00
    2.24699998e+00 2.24699998e+00 2.24699998e+00 2.20700002e+00
    2.14800000e+00 2.10599995e+00 2.10599995e+00 2.10599995e+00
    2.10599995e+00 2.10599995e+00 2.10599995e+00 2.10599995e+00
    2.10599995e+00 2.10599995e+00 2.10599995e+00 2.21900010e+00
    2.36199999e+00 2.44700003e+00 2.44700003e+00 2.44700003e+00
    2.46799994e+00 2.48900008e+00 2.46399999e+00 2.41400003e+00
    2.37800002e+00 0. 0. 0. 0. 0. 0. 0. 0. 2.12199998e+00 2.12199998e+00
    2.12199998e+00 2.12199998e+00 2.12199998e+00 2.14400005e+00
    2.19700003e+00 2.24699998e+00 2.24699998e+00 2.24699998e+00
    2.19300008e+00 2.11199999e+00 2.05500007e+00 2.05500007e+00
    2.05500007e+00 2.05500007e+00 2.05500007e+00 2.05500007e+00
    2.05500007e+00 2.05500007e+00 2.05500007e+00 2.05500007e+00
    2.11299992e+00 2.18700004e+00 2.23000002e+00 2.23000002e+00
    2.23300004e+00 2.32100010e+00 2.40899992e+00 2.42199993e+00
    2.39599991e+00 2.37800002e+00 0. 0. 0. 1.67900002e+00 0. 0. 0. 0.
    2.12199998e+00 2.12199998e+00 2.12199998e+00 2.12199998e+00
    2.12199998e+00 2.14400005e+00 2.19700003e+00 2.24699998e+00
    2.24699998e+00 2.24699998e+00 2.17799997e+00 2.07599998e+00
    2.00300002e+00 2.00300002e+00 2.00300002e+00 2.00300002e+00
    2.00300002e+00 2.00300002e+00 2.00300002e+00 2.00300002e+00
    2.00300002e+00 2.00300002e+00 2.00699997e+00 2.01099992e+00
    2.01399994e+00 2.01399994e+00 2.01900005e+00 2.17400002e+00
    2.32900000e+00 2.38100004e+00 2.37899995e+00 2.37800002e+00 0. 0. 0.
    0. 0. 0. 0. 0. 2.07399988e+00 2.07399988e+00 2.07399988e+00
    2.07399988e+00 2.07399988e+00 2.09599996e+00 2.14800000e+00
    2.19799995e+00 2.19799995e+00 2.19799995e+00 2.14199996e+00
    2.05900002e+00 2. 2. 2. 2. 2. 2. 2. 2. 2. 2. 2. 2. 2. 2.
    2.00500011e+00 2.16400003e+00 2.32299995e+00 2.37800002e+00
    2.37800002e+00 2.37800002e+00 0. 0. 0. 0. 0. 0. 1.09700000e+00
    1.60599995e+00 2.02300000e+00 2.02300000e+00 2.02300000e+00
    2.02300000e+00 2.02300000e+00 2.04500008e+00 2.09599996e+00
    2.14499998e+00 2.14499998e+00 2.14499998e+00 2.10400009e+00
    2.04299998e+00 2. 2. 2. 2. 2. 2. 2. 2. 2. 2. 2. 2. 2. 2.
    2.00500011e+00 2.16400003e+00 2.32299995e+00 2.37800002e+00
    2.37800002e+00 2.37800002e+00 0. 0. 0. 0. 0. 1.09200001e+00 2. 2. 2.
    2. 2. 2. 2. 2.01699996e+00 2.05599999e+00 2.09299994e+00
    2.09299994e+00 2.09299994e+00 2.06699991e+00 2.02800012e+00 2. 2. 2.
    2. 2. 2. 2. 2. 2. 2. 2.00900006e+00 2.02200007e+00 2.02900004e+00
    2.02900004e+00 2.03299999e+00 2.16700006e+00 2.30100012e+00
    2.35599995e+00 2.36899996e+00 2.37800002e+00 0. 0. 0. 0. 0.
    1.59099996e+00 2. 2. 2. 2. 2. 2. 2. 2.00799990e+00 2.02500010e+00
    2.04200006e+00 2.04200006e+00 2.04200006e+00 2.02999997e+00
    2.01200008e+00 2. 2. 2. 2. 2. 2. 2. 2. 2. 2. 2.02699995e+00
    2.05999994e+00 2.07999992e+00 2.07999992e+00 2.08299994e+00
    2.17199993e+00 2.26200008e+00 2.31599998e+00 2.35200000e+00
    2.37800002e+00 0. 0. 0. 1.85699999e+00 2.01099992e+00 2.00300002e+00
    2. 2. 2. 2. 2. 2. 2. 2. 2. 2. 2. 2. 2. 2. 2. 2. 2. 2. 2. 2. 2. 2. 2.
    2. 2.03999996e+00 2.09200001e+00 2.12199998e+00 2.12199998e+00
    2.12400007e+00 2.17600012e+00 2.22900009e+00 2.28299999e+00
    2.33800006e+00 2.37800002e+00 0. 0. 0. 2.03399992e+00 2.07399988e+00
    2.02300000e+00 2. 2. 2. 2. 2. 2. 2. 2. 2. 2. 2. 2. 2. 2. 2. 2. 2. 2.
    2. 2. 2. 2. 2. 2. 2.03999996e+00 2.09200001e+00 2.12199998e+00
    2.12199998e+00 2.12400007e+00 2.17600012e+00 2.22900009e+00
    2.28299999e+00 2.33800006e+00 2.37800002e+00 1.70000005e+00
    1.76900005e+00 1.99100006e+00 2.21199989e+00 2.13800001e+00
    2.04200006e+00 2. 2. 2. 2. 2. 2. 2. 2. 2. 2. 2. 2. 2. 2. 2. 2. 2. 2.
    2. 2. 2. 2. 2. 2. 2.03999996e+00 2.09200001e+00 2.12199998e+00
    2.12199998e+00 2.12400007e+00 2.17600012e+00 2.22900009e+00
    2.28299999e+00 2.33800006e+00 2.37800002e+00 0. 0. 1.17600000e+00
    2.06599998e+00 2.05999994e+00 1.99100006e+00 1.96099997e+00
    1.96099997e+00 1.96399999e+00 1.98000002e+00 1.99699998e+00 2. 2. 2.
    2. 2. 2. 2. 2. 2. 2. 2. 2. 2. 2. 2. 2. 2. 2. 2. 2.02699995e+00
    2.06100011e+00 2.08100009e+00 2.08100009e+00 2.08299994e+00
    2.13499999e+00 2.18700004e+00 2.24000001e+00 2.29500008e+00
    2.33400011e+00 0. 0. 0. 1.84099996e+00 1.94799995e+00 1.92299998e+00
    1.91199994e+00 1.91199994e+00 1.91900003e+00 1.95599997e+00
    1.99300003e+00 2. 2. 2. 2. 2. 2. 2. 2. 2. 2. 2. 2. 2. 2. 2. 2. 2. 2.
    2. 2.00999999e+00 2.02200007e+00 2.02900004e+00 2.02900004e+00
    2.03099990e+00 2.08299994e+00 2.13400006e+00 2.18700004e+00
    2.24000001e+00 2.27900004e+00 0. 0. 0. 1.72200000e+00 1.86399996e+00
    1.86399996e+00 1.86800003e+00 1.87699997e+00 1.89300001e+00
    1.94200003e+00 1.99000001e+00 2. 2. 2. 2. 2. 2. 2. 2. 2. 2. 2. 2. 2.
    2. 2. 2. 2. 2. 2. 2. 2. 2. 2. 2.00099993e+00 2.04399991e+00
    2.08599997e+00 2.13499999e+00 2.18700004e+00 2.22499990e+00 0. 0. 0.
    1.74699998e+00 1.81599998e+00 1.81599998e+00 1.83200002e+00
    1.86099994e+00 1.89300001e+00 1.94200003e+00 1.99000001e+00 2. 2. 2.
    2. 2. 2. 2. 2. 2. 2. 2. 2. 2. 2. 2. 2. 2. 2. 2. 2. 2. 2. 2.
    2.00099993e+00 2.02099991e+00 2.04200006e+00 2.08299994e+00
    2.13499999e+00 2.17199993e+00 1.77100003e+00 1.77100003e+00
    1.77100003e+00 1.77100003e+00 1.77100003e+00 1.77100003e+00
    1.79700005e+00 1.84300005e+00 1.88999999e+00 1.93900001e+00
    1.98800004e+00 1.99800003e+00 1.99899995e+00 2. 2. 2. 2. 2. 2. 2. 2.
    2. 2. 2. 2. 2. 2. 2. 2. 2. 2. 2. 2. 2. 2. 2. 2. 2.03399992e+00
    2.08500004e+00 2.12199998e+00 1.77100003e+00 1.77100003e+00
    1.77100003e+00 1.77100003e+00 1.77100003e+00 1.77100003e+00
    1.78600001e+00 1.81200004e+00 1.84300005e+00 1.89100003e+00
    1.93900001e+00 1.96599996e+00 1.98800004e+00 2. 2. 2. 2. 2. 2. 2. 2.
    2. 2. 2. 2. 2. 2. 2. 2. 2. 2. 2. 2. 2. 2. 2. 2. 2.03399992e+00
    2.08500004e+00 2.12199998e+00 1.77100003e+00 1.77100003e+00
    1.77100003e+00 1.77100003e+00 1.77100003e+00 1.77100003e+00
    1.77499998e+00 1.78100002e+00 1.79499996e+00 1.84300005e+00
