<?xml version="1.0"?>
<opencv_storage>
<Depth type_id="opencv-matrix">
  <rows>40</rows>
  <cols>40</cols>
  <dt>f</dt>
  <data>
    0. 0. 0. 0. 0. 0. 0. 0. 0. 0. 0. 0. 2.06900001e+00 2.05200005e+00
    2.01900005e+00 2. 2. 2. 2. 2. 2. 1.98599994e+00 1.94299996e+00
    1.91400003e+00 1.91400003e+00 1.93700004e+00 2.02200007e+00
    2.08800006e+00 0. 0. 0. 0. 0. 0. 0. 0. 0. 0. 0. 0. 0. 0. 0. 0. 0. 0.
    0. 0. 0. 0. 0. 0. 2.02500010e+00 2.01900005e+00 2.00699997e+00 2. 2.
    2. 2. 2. 2. 1.98599994e+00 1.94299996e+00 1.91400003e+00
    1.91400003e+00 1.93700004e+00 2.02200007e+00 2.08800006e+00 0. 0. 0.
    0. 0. 0. 0. 0. 0. 0. 0. 0. 0. 0. 0. 0. 0. 0. 0. 0. 0. 0. 0. 0. 2. 2.
    2. 2. 2. 2. 2. 2. 2. 1.98899996e+00 1.95500004e+00 1.93099999e+00
    1.93099999e+00 1.80499995e+00 1.33200002e+00 0. 0. 0. 0. 0. 0. 0. 0.
    0. 0. 0. 0. 0. 0. 0. 0. 0. 0. 0. 0. 0. 0. 0. 0. 0. 2. 2. 2. 2. 2. 2.
    2. 2. 2. 1.99600005e+00 1.98300004e+00 1.97399998e+00 1.97399998e+00
    1.48399997e+00 0. 0. 0. 0. 0. 0. 0. 0. 0. 0. 0. 0. 0. 0. 0. 0. 0. 0.
    0. 0. 0. 0. 0. 0. 0. 0. 2.01600003e+00 2.01600003e+00 2.01600003e+00
    2.01600003e+00 2.01600003e+00 2.01600003e+00 2.01600003e+00
    2.01600003e+00 2.01600003e+00 2.01399994e+00 2.00600004e+00 2. 2.
    1.28299999e+00 0. 0. 0. 0. 0. 0. 0. 0. 0. 0. 0. 0. 0. 0. 0. 0. 0. 0.
    0. 0. 0. 0. 0. 0. 0. 0. 2.05900002e+00 2.05900002e+00 2.05900002e+00
    2.05900002e+00 2.05900002e+00 2.05900002e+00 2.05900002e+00
    2.05900002e+00 2.05900002e+00 2.04999995e+00 2.01999998e+00 2. 2.
    1.28299999e+00 0. 0. 0. 0. 0. 0. 0. 0. 0. 0. 0. 0. 0. 0. 0. 0. 0. 0.
    0. 0. 0. 0. 0. 0. 0. 0. 2.08800006e+00 2.08800006e+00 2.08800006e+00
    2.08800006e+00 2.08800006e+00 2.08800006e+00 2.08800006e+00
    2.08800006e+00 2.08800006e+00 2.07599998e+00 2.03999996e+00
    2.01500010e+00 2.01500010e+00 1.41499996e+00 0. 0. 0. 0. 0. 0. 0. 0.
    0. 0. 0. 0. 0. 0. 0. 0. 0. 0. 0. 0. 0. 0. 0. 0. 0. 0. 2.08800006e+00
    2.08800006e+00 2.08800006e+00 2.08800006e+00 2.08800006e+00
    2.08800006e+00 2.08800006e+00 2.08800006e+00 2.08800006e+00
    2.08299994e+00 2.06800008e+00 2.05800009e+00 2.05800009e+00
    1.80499995e+00 0. 0. 0. 0. 0. 0. 0. 0. 0. 0. 0. 0. 0. 0. 0. 0. 0. 0.
    0. 0. 0. 0. 0. 0. 0. 0. 2.11599994e+00 2.11199999e+00 2.10599995e+00
    2.10200000e+00 2.10200000e+00 2.09899998e+00 2.09200001e+00
    2.08800006e+00 2.08800006e+00 2.08800006e+00 2.08800006e+00
    2.08800006e+00 2.08800006e+00 2.07599998e+00 2.03299999e+00 2. 0. 0.
    0. 0. 0. 0. 0. 0. 0. 0. 0. 0. 0. 0. 0. 0. 0. 0. 0. 0. 0. 0. 0. 0.
    2.20700002e+00 2.19300008e+00 2.16300011e+00 2.14700007e+00
    2.14700007e+00 2.13499999e+00 2.10599995e+00 2.08800006e+00
    2.08800006e+00 2.08800006e+00 2.08800006e+00 2.08800006e+00
    2.08800006e+00 2.07599998e+00 2.03299999e+00 2. 0. 0. 0. 0. 0. 0. 0.
    0. 0. 0. 0. 0. 0. 0. 0. 0. 0. 0. 0. 0. 0. 0. 0. 0. 2.27399993e+00
    2.25200009e+00 2.20600009e+00 2.17700005e+00 2.17100000e+00
    2.15199995e+00 2.11299992e+00 2.08800006e+00 2.08800006e+00
    2.08800006e+00 2.08800006e+00 2.08800006e+00 2.08800006e+00
    2.07599998e+00 2.03299999e+00 2. 0. 0. 0. 0. 0. 0. 0. 0. 0. 0. 0. 0.
    0. 0. 0. 0. 0. 0. 0. 0. 0. 0. 0. 0. 2.27399993e+00 2.25200009e+00
    2.20600009e+00 2.16700006e+00 2.13899994e+00 2.11599994e+00
    2.09899998e+00 2.08800006e+00 2.08800006e+00 2.08800006e+00
    2.08800006e+00 2.08800006e+00 2.08800006e+00 2.07599998e+00
    2.03299999e+00 2. 0. 0. 0. 0. 0. 0. 0. 0. 0. 0. 0. 0. 0. 0. 0. 0. 0.
    0. 0. 0. 0. 0. 0. 0. 2.27399993e+00 2.25200009e+00 2.20600009e+00
    2.16000009e+00 2.11500001e+00 2.08800006e+00 2.08800006e+00
    2.08800006e+00 2.08800006e+00 2.08800006e+00 2.08800006e+00
    2.08800006e+00 2.08800006e+00 2.07599998e+00 2.03299999e+00 2. 0. 0.
    0. 0. 0. 0. 0. 0. 0. 0. 0. 0. 0. 0. 0. 0. 0. 0. 0. 0. 0. 0. 0. 0.
    2.27399993e+00 2.25200009e+00 2.20600009e+00 2.16000009e+00
    2.11500001e+00 2.08800006e+00 2.08800006e+00 2.08800006e+00
    2.08800006e+00 2.08800006e+00 2.08800006e+00 2.08800006e+00
    2.08800006e+00 2.07599998e+00 2.03299999e+00 2. 0. 0. 0. 0. 0. 0. 0.
    0. 0. 0. 0. 0. 0. 0. 0. 0. 0. 0. 0. 0. 0. 0. 0. 0. 2.27399993e+00
    2.25200009e+00 2.20600009e+00 2.16199994e+00 2.12100005e+00
    2.09500003e+00 2.09100008e+00 2.08800006e+00 2.08800006e+00
    2.08699989e+00 2.08200002e+00 2.07999992e+00 2.07999992e+00
    2.06900001e+00 2.02999997e+00 2. 0. 0. 0. 0. 0. 0. 0. 0. 0. 0. 0. 0.
    0. 0. 0. 0. 0. 0. 0. 0. 0. 0. 0. 0. 2.27399993e+00 2.25200009e+00
    2.20600009e+00 2.17199993e+00 2.15300012e+00 2.13100004e+00
    2.10500002e+00 2.08800006e+00 2.08800006e+00 2.07900000e+00
    2.05399990e+00 2.03600001e+00 2.03600001e+00 2.03200006e+00
    2.01399994e+00 2. 0. 0. 0. 0. 0. 0. 0. 0. 0. 0. 0. 0. 0. 0. 0. 0. 0.
    0. 0. 0. 0. 0. 0. 0. 2.27399993e+00 2.25000000e+00 2.20000005e+00
    2.17300010e+00 2.17300010e+00 2.15599990e+00 2.11400008e+00
    2.08800006e+00 2.08800006e+00 2.07299995e+00 2.02999997e+00 2. 2.
    2.00099993e+00 2.00399995e+00 2.00699997e+00 0. 0. 0. 0. 0. 0. 0. 0.
    0. 0. 0. 0. 0. 0. 0. 0. 0. 0. 0. 0. 0. 0. 0. 0. 2.27399993e+00
    2.23900008e+00 2.16700006e+00 2.12800002e+00 2.12800002e+00
    2.11999989e+00 2.09999990e+00 2.08800006e+00 2.08800006e+00
    2.07299995e+00 2.02999997e+00 2. 2. 2.00699997e+00 2.03099990e+00
    2.04999995e+00 0. 0. 0. 0. 0. 0. 0. 0. 0. 0. 0. 0. 0. 0. 0. 0. 0. 0.
    0. 0. 0. 0. 0. 0. 1.92400002e+00 1.96300006e+00 2.04299998e+00
    2.08800006e+00 2.08800006e+00 2.08699989e+00 2.08400011e+00
    2.08299994e+00 2.08299994e+00 2.06900001e+00 2.02800012e+00 2. 2.
    2.01099992e+00 2.05100012e+00 2.08299994e+00 0. 0. 0. 0. 0. 0. 0. 0.
    0. 0. 0. 0. 0. 0. 0. 0. 0. 0. 0. 0. 0. 0. 0. 0. 0. 0. 1.27699995e+00
    2.08800006e+00 2.08800006e+00 2.07800007e+00 2.05399990e+00
    2.03900003e+00 2.03900003e+00 2.03299999e+00 2.01300001e+00 2. 2.
    2.00500011e+00 2.02500010e+00 2.03900003e+00 0. 0. 0. 0. 0. 0. 0. 0.
    0. 0. 0. 0. 0. 0. 0. 0. 0. 0. 0. 0. 0. 0. 0. 0. 0. 0. 0.
    2.08400011e+00 2.08400011e+00 2.06699991e+00 2.02600002e+00 2. 2. 2.
    2. 2. 2. 2. 2. 2. 0. 0. 0. 0. 0. 0. 0. 0. 0. 0. 0. 0. 0. 0. 0. 0. 0.
    0. 0. 0. 0. 0. 0. 0. 0. 0. 0. 2.04099989e+00 2.04099989e+00
    2.03299999e+00 2.01300001e+00 2. 2. 2. 2. 2. 2. 2. 2. 2. 0. 0. 0. 0.
    0. 0. 0. 0. 0. 0. 0. 0. 0. 0. 0. 0. 0. 0. 0. 0. 0. 0. 0. 0. 0. 0. 0.
    2. 2. 2. 2. 2. 2. 2. 2.00099993e+00 2.00200009e+00 2.00099993e+00 2.
    2. 2. 0. 0. 0. 0. 0. 0. 0. 0. 0. 0. 0. 0. 0. 0. 0. 0. 0. 0. 0. 0. 0.
    0. 0. 0. 0. 0. 0. 2. 2. 2. 2. 2. 2. 2.00799990e+00 2.02999997e+00
    2.03900003e+00 2.01600003e+00 2. 2. 2. 0. 0. 0. 0. 0. 0. 0. 0. 0. 0.
    0. 0. 0. 0. 0. 0. 0. 0. 0. 0. 0. 0. 0. 0. 0. 0. 0. 2. 2. 2. 2. 2. 2.
    2.01500010e+00 2.05800009e+00 2.07500005e+00 2.03200006e+00
    1.99500000e+00 1.97200000e+00 1.95500004e+00 0. 0. 0. 0. 0. 0. 0. 0.
    0. 0. 0. 0. 0. 0. 0. 0. 0. 0. 0. 0. 0. 0. 0. 0. 0. 0. 0. 2. 2. 2. 2.
    2.00799990e+00 2.02999997e+00 2.05100012e+00 2.07299995e+00
    2.08100009e+00 2.05999994e+00 1.67999995e+00 0. 0. 0. 0. 0. 0. 0. 0.
    0. 0. 0. 0. 0. 0. 0. 0. 0. 0. 0. 0. 0. 0. 0. 0. 0. 0. 0. 0. 0. 2. 2.
    2. 2. 2.01600003e+00 2.05900002e+00 2.08699989e+00 2.08800006e+00
    2.08800006e+00 2.08699989e+00 1.36500001e+00 0. 0. 0. 0. 0. 0. 0. 0.
    0. 0. 0. 0. 0. 0. 0. 0. 0. 0. 0. 0. 0. 0. 0. 0. 0. 0. 0. 0. 0. 2. 2.
    2.00900006e+00 2.02900004e+00 2.05100012e+00 2.07299995e+00
    2.08800006e+00 2.08800006e+00 2.08800006e+00 2.08800006e+00
    1.35899997e+00 0. 0. 0. 0. 0. 0. 0. 0. 0. 0. 0. 0. 0. 0. 0. 0. 0. 0.
    0. 0. 0. 0. 0. 0. 0. 0. 0. 0. 0. 2. 2. 2.01699996e+00 2.05900002e+00
    2.08599997e+00 2.08699989e+00 2.08800006e+00 2.08800006e+00
    2.08800006e+00 2.08800006e+00 1.35899997e+00 0. 0. 0. 0. 0. 0. 0. 0.
    0. 0. 0. 0. 0. 0. 0. 0. 0. 0. 0. 0. 0. 0. 0. 0. 0. 0. 0. 0. 0. 2. 2.
    2.01799989e+00 2.06100011e+00 2.08800006e+00 2.08800006e+00
    2.08800006e+00 2.08800006e+00 2.08800006e+00 2.08800006e+00
