<?xml version="1.0"?>
<opencv_storage>
<Depth type_id="opencv-matrix">
  <rows>40</rows>
  <cols>40</cols>
  <dt>f</dt>
  <data>
    0. 0. 0. 0. 0. 0. 0. 1.89999998e+00 1.97700000e+00 1.97300005e+00
    1.96800005e+00 1.67100000e+00 1.49899995e+00 1.97200000e+00
    1.97700000e+00 1.98000002e+00 1.97200000e+00 0. 0. 0. 2.59999990e+00
    1.98000002e+00 2.82100010e+00 0. 0. 0. 1.98599994e+00 1.98300004e+00
    1.96500003e+00 0. 0. 1.87300003e+00 0. 0. 0. 0. 0. 0. 0. 0. 0. 0. 0.
    0. 0. 0. 0. 1.97000003e+00 1.97000003e+00 1.97000003e+00
    1.97000003e+00 1.97200000e+00 1.97500002e+00 1.97500002e+00
    1.97500002e+00 1.98000002e+00 1.97300005e+00 1.97300005e+00
    1.97800004e+00 1.98000002e+00 1.98000002e+00 1.97899997e+00
    1.98199999e+00 1.98000002e+00 1.98000002e+00 1.98000002e+00
    1.98199999e+00 1.98399997e+00 1.98500001e+00 1.98800004e+00
    1.98599994e+00 1.98300004e+00 0. 0. 0. 0. 0. 0. 0. 0. 0. 0. 0. 0. 0.
    0. 0. 1.97000003e+00 1.97099996e+00 1.97000003e+00 1.97000003e+00
    1.97200000e+00 1.97500002e+00 1.97599995e+00 1.97800004e+00
    1.98000002e+00 1.97500002e+00 1.97800004e+00 1.97800004e+00
    1.98000002e+00 1.97899997e+00 1.97800004e+00 1.98000002e+00
    1.98000002e+00 1.98000002e+00 1.98000002e+00 1.98000002e+00
    1.98000002e+00 1.98000002e+00 1.98300004e+00 1.98599994e+00
    1.98599994e+00 0. 0. 0. 0. 0. 0. 0. 0. 0. 0. 0. 0. 0. 0. 0.
    1.87399995e+00 1.97200000e+00 1.97200000e+00 1.97200000e+00
    1.97399998e+00 1.97599995e+00 1.97800004e+00 1.98000002e+00
    1.97800004e+00 1.98000002e+00 1.98000002e+00 1.98000002e+00
    1.98000002e+00 1.98000002e+00 1.98000002e+00 1.98000002e+00
    1.98099995e+00 1.98300004e+00 1.98300004e+00 1.98300004e+00
    1.98300004e+00 1.98300004e+00 1.98599994e+00 1.98599994e+00
    1.98599994e+00 0. 0. 0. 0. 0. 0. 0. 0. 0. 0. 0. 0. 0. 0. 0.
    1.97399998e+00 1.97399998e+00 1.97300005e+00 1.97200000e+00
    1.97599995e+00 1.97800004e+00 1.97800004e+00 1.98000002e+00
    1.98000002e+00 1.98000002e+00 1.98000002e+00 1.98000002e+00
    1.98099995e+00 1.98000002e+00 1.98000002e+00 1.98199999e+00
    1.98300004e+00 1.98300004e+00 1.98300004e+00 1.98300004e+00
    1.98300004e+00 1.98300004e+00 1.98599994e+00 1.98599994e+00
    1.98599994e+00 0. 0. 0. 0. 0. 0. 0. 0. 0. 0. 0. 0. 0. 0. 0.
    1.97500002e+00 1.97300005e+00 1.97399998e+00 1.97200000e+00
    1.97700000e+00 1.97800004e+00 1.97800004e+00 1.98000002e+00
    1.98000002e+00 1.98000002e+00 1.98099995e+00 1.98300004e+00
    1.98300004e+00 1.98300004e+00 1.98300004e+00 1.98300004e+00
    1.98300004e+00 1.98300004e+00 1.98300004e+00 1.98300004e+00
    1.98300004e+00 1.98300004e+00 1.98699999e+00 1.98899996e+00
    1.98599994e+00 0. 0. 0. 0. 0. 0. 0. 0. 0. 0. 0. 0. 0. 0. 0.
    1.84300005e+00 1.97500002e+00 1.97500002e+00 1.97200000e+00
    1.97800004e+00 1.97800004e+00 1.97800004e+00 1.98000002e+00
    1.98199999e+00 1.98300004e+00 1.98300004e+00 1.98300004e+00
    1.98300004e+00 1.98300004e+00 1.98000002e+00 1.98300004e+00
    1.98300004e+00 1.98599994e+00 1.98599994e+00 1.98300004e+00
    1.98300004e+00 1.98599994e+00 1.98699999e+00 1.99000001e+00
    1.98599994e+00 0. 0. 0. 0. 0. 0. 0. 0. 0. 0. 0. 0. 0. 0. 0.
    1.84599996e+00 1.97800004e+00 1.97800004e+00 1.97599995e+00
    1.97700000e+00 1.97800004e+00 1.97899997e+00 1.98300004e+00
    1.98199999e+00 1.98399997e+00 1.98599994e+00 1.98500001e+00
    1.98599994e+00 1.98300004e+00 1.98300004e+00 1.98300004e+00
    1.98599994e+00 1.98599994e+00 1.98599994e+00 1.98599994e+00
    1.99000001e+00 1.98800004e+00 1.98899996e+00 1.99100006e+00
    1.98800004e+00 0. 0. 0. 0. 0. 0. 0. 0. 0. 0. 0. 0. 0. 0. 0.
    1.97899997e+00 1.97800004e+00 1.97800004e+00 1.97800004e+00
    1.97800004e+00 1.97899997e+00 1.98099995e+00 1.98399997e+00
    1.98300004e+00 1.98399997e+00 1.98599994e+00 1.98599994e+00
    1.98399997e+00 1.98300004e+00 1.98399997e+00 1.98399997e+00
    1.98899996e+00 1.98899996e+00 1.98800004e+00 1.98899996e+00
    1.98899996e+00 1.98899996e+00 1.98899996e+00 1.99100006e+00
    1.98899996e+00 0. 0. 0. 0. 0. 0. 0. 0. 0. 0. 0. 0. 0. 0. 0.
    1.98000002e+00 1.97800004e+00 1.97800004e+00 1.97800004e+00
    1.97800004e+00 1.98000002e+00 1.98099995e+00 1.98899996e+00
    1.98599994e+00 1.98399997e+00 1.98599994e+00 1.98899996e+00
    1.98599994e+00 1.98599994e+00 1.98899996e+00 1.98899996e+00
    1.98899996e+00 1.98899996e+00 1.98899996e+00 1.98899996e+00
    1.99100006e+00 1.98899996e+00 1.99100006e+00 1.99100006e+00
    1.99399996e+00 0. 0. 0. 0. 0. 0. 0. 0. 0. 0. 0. 0. 0. 0. 0.
    1.86800003e+00 1.97800004e+00 1.97800004e+00 1.97800004e+00
    1.98000002e+00 1.98000002e+00 1.98099995e+00 1.98599994e+00
    1.98699999e+00 1.98500001e+00 1.98599994e+00 1.99000001e+00
    1.98899996e+00 1.98599994e+00 1.98899996e+00 1.99000001e+00
    1.99100006e+00 1.98899996e+00 1.98899996e+00 1.99100006e+00
    1.99100006e+00 1.99100006e+00 1.99399996e+00 1.99399996e+00
    1.99399996e+00 0. 0. 0. 0. 0. 0. 0. 0. 0. 0. 0. 0. 0. 0. 0.
    1.97500002e+00 1.98000002e+00 1.98000002e+00 1.97899997e+00
    1.98000002e+00 1.98000002e+00 1.98300004e+00 1.98599994e+00
    1.98599994e+00 1.98599994e+00 1.98899996e+00 1.99100006e+00
    1.98899996e+00 1.98899996e+00 1.98899996e+00 1.99100006e+00
    1.99100006e+00 1.99100006e+00 1.99100006e+00 1.99100006e+00
    1.99100006e+00 1.99100006e+00 1.99399996e+00 1.99600005e+00
    1.99399996e+00 0. 0. 0. 0. 0. 0. 0. 0. 0. 0. 0. 0. 0. 0. 0.
    1.84800005e+00 1.98000002e+00 1.98000002e+00 1.98000002e+00
    1.98000002e+00 1.98099995e+00 1.98399997e+00 1.98899996e+00
    1.98399997e+00 1.98800004e+00 1.98899996e+00 1.99100006e+00
    1.99100006e+00 1.99100006e+00 1.99100006e+00 1.99100006e+00
    1.99199998e+00 1.99300003e+00 1.99100006e+00 1.99100006e+00
    1.99399996e+00 1.99399996e+00 1.99399996e+00 1.99699998e+00
    1.91400003e+00 0. 0. 0. 0. 0. 0. 0. 0. 0. 0. 0. 0. 0. 0. 0.
    1.98399997e+00 1.98000002e+00 1.98099995e+00 1.98000002e+00
    1.98000002e+00 1.98300004e+00 1.98399997e+00 1.98899996e+00
    1.98899996e+00 1.99000001e+00 1.99100006e+00 1.99100006e+00
    1.99100006e+00 1.99100006e+00 1.99100006e+00 1.99100006e+00
    1.99399996e+00 1.99399996e+00 1.99399996e+00 1.99399996e+00
    1.99399996e+00 1.99399996e+00 1.99699998e+00 2. 1.03100002e+00 0. 0.
    0. 0. 0. 0. 0. 0. 0. 0. 0. 0. 0. 0. 0. 1.98599994e+00 1.98300004e+00
    1.98199999e+00 1.98500001e+00 1.98500001e+00 1.98300004e+00
    1.98699999e+00 1.98899996e+00 1.99100006e+00 1.99100006e+00
    1.99100006e+00 1.99100006e+00 1.99199998e+00 1.99300003e+00
    1.99100006e+00 1.99399996e+00 1.99399996e+00 1.99399996e+00
    1.99399996e+00 1.99399996e+00 1.99399996e+00 1.99399996e+00
    1.99699998e+00 2.00099993e+00 1.72899997e+00 0. 0. 0. 0. 0. 0. 0. 0.
    0. 0. 0. 0. 0. 0. 0. 1.85000002e+00 1.98199999e+00 1.98500001e+00
    1.98599994e+00 1.98599994e+00 1.98699999e+00 1.98800004e+00
    1.99000001e+00 1.99100006e+00 1.99000001e+00 1.99100006e+00
    1.99199998e+00 1.99500000e+00 1.99399996e+00 1.99399996e+00
    1.99399996e+00 1.99699998e+00 1.99399996e+00 1.99699998e+00
    1.99399996e+00 1.99500000e+00 1.99399996e+00 1.99699998e+00 2.
    1.39300001e+00 0. 0. 0. 0. 0. 0. 0. 0. 0. 0. 0. 0. 0. 0. 0.
    1.85300004e+00 1.98399997e+00 1.98399997e+00 1.98699999e+00
    1.98599994e+00 1.98699999e+00 1.99000001e+00 1.99100006e+00
    1.99100006e+00 1.99100006e+00 1.99100006e+00 1.99399996e+00
    1.99399996e+00 1.99399996e+00 1.99399996e+00 1.99600005e+00
    1.99699998e+00 1.99699998e+00 1.99699998e+00 1.99699998e+00
    1.99699998e+00 1.99699998e+00 2. 2.00099993e+00 1.01600003e+00 0. 0.
    0. 0. 0. 0. 0. 0. 0. 0. 0. 0. 0. 0. 0. 1.97899997e+00 1.98599994e+00
    1.98599994e+00 1.98599994e+00 1.98800004e+00 1.98899996e+00
    1.98899996e+00 1.99100006e+00 1.99100006e+00 1.99100006e+00
    1.99100006e+00 1.99399996e+00 1.99399996e+00 1.99399996e+00
    1.99399996e+00 1.99699998e+00 1.99699998e+00 1.99699998e+00
    1.99399996e+00 1.99899995e+00 2. 1.99699998e+00 2. 2.00300002e+00
