<?xml version="1.0"?>
<opencv_storage>
<Depth type_id="opencv-matrix">
  <rows>40</rows>
  <cols>40</cols>
  <dt>f</dt>
  <data>
    0. 0. 0. 0. 0. 0. 0. 0. 0. 0. 0. 0. 0. 0. 0. 0. 0. 0. 0. 0. 0. 0. 0.
    0. 0. 0. 0. 0. 0. 0. 0. 0. 0. 0. 0. 0. 0. 0. 0. 0. 0. 0. 0. 0. 0. 0.
    0. 0. 0. 0. 0. 0. 0. 0. 0. 0. 0. 0. 0. 0. 0. 0. 0. 0. 0. 0. 0. 0. 0.
    0. 0. 0. 0. 0. 0. 0. 0. 0. 0. 0. 0. 0. 0. 0. 0. 0. 0. 0. 0. 0. 0. 0.
    0. 0. 0. 0. 0. 0. 0. 0. 0. 0. 0. 0. 0. 0. 0. 0. 0. 0. 0. 0. 0. 0. 0.
    0. 0. 0. 0. 0. 0. 0. 0. 0. 0. 0. 0. 0. 0. 0. 0. 0. 0. 0. 0. 0. 0. 0.
    0. 0. 0. 0. 0. 0. 0. 0. 0. 0. 0. 0. 0. 0. 0. 0. 0. 0. 0. 0. 0. 0. 0.
    0. 0. 0. 0. 0. 0. 0. 0. 0. 0. 0. 0. 0. 0. 0. 0. 0. 0. 0. 0. 0. 0. 0.
    0. 0. 0. 0. 0. 0. 0. 0. 0. 0. 0. 0. 0. 0. 0. 0. 0. 0. 0. 0. 0. 0. 0.
    0. 0. 0. 0. 0. 0. 0. 0. 0. 0. 0. 0. 0. 0. 0. 0. 0. 0. 0. 0. 0. 0. 0.
    0. 0. 0. 0. 0. 0. 0. 0. 0. 0. 0. 0. 0. 0. 0. 0. 0. 0. 0. 0. 0. 0. 0.
    0. 0. 0. 0. 0. 0. 0. 0. 0. 0. 0. 0. 0. 0. 0. 0. 0. 0. 0. 0. 0. 0. 0.
    0. 0. 0. 0. 0. 0. 0. 0. 0. 0. 0. 0. 0. 0. 0. 0. 0. 0. 0. 0. 0. 0. 0.
    0. 0. 0. 0. 0. 0. 0. 0. 0. 0. 0. 0. 0. 0. 0. 0. 0. 0. 0. 0. 0. 0. 0.
    0. 0. 0. 0. 0. 0. 0. 0. 1.58200002e+00 2.08500004e+00 2.08500004e+00
    2.08500004e+00 2.06699991e+00 2.04200006e+00 2.04200006e+00
    2.04200006e+00 2.04200006e+00 2.04200006e+00 2.04200006e+00
    2.04200006e+00 2.04200006e+00 2.04200006e+00 2.04200006e+00
    2.04200006e+00 2.04200006e+00 2.04200006e+00 1.66700006e+00 0. 0. 0.
    0. 0. 0. 0. 0. 0. 0. 0. 0. 0. 0. 0. 0. 0. 0. 0. 0. 0. 1.58200002e+00
    2.08500004e+00 2.08500004e+00 2.08500004e+00 2.06699991e+00
    2.04200006e+00 2.04200006e+00 2.04200006e+00 2.04200006e+00
    2.04200006e+00 2.04200006e+00 2.04200006e+00 2.04200006e+00
    2.04200006e+00 2.04200006e+00 2.04200006e+00 2.04200006e+00
    2.04200006e+00 1.66700006e+00 0. 0. 0. 0. 0. 0. 0. 0. 0. 0. 0. 0. 0.
    0. 0. 0. 0. 0. 0. 0. 1.24699998e+00 1.72099996e+00 2.08500004e+00
    2.08500004e+00 2.08500004e+00 2.06699991e+00 2.04200006e+00
    2.04200006e+00 2.04200006e+00 2.04200006e+00 2.04200006e+00
    2.04200006e+00 2.04200006e+00 2.04200006e+00 2.04200006e+00
    2.04200006e+00 2.04200006e+00 2.04200006e+00 2.04200006e+00
    1.77100003e+00 1.28299999e+00 0. 0. 0. 0. 0. 0. 0. 0. 0. 0. 0. 0. 0.
    0. 0. 0. 0. 0. 0. 2.06999993e+00 2.07900000e+00 2.08500004e+00
    2.08500004e+00 2.08500004e+00 2.06699991e+00 2.04200006e+00
    2.04200006e+00 2.04200006e+00 2.04200006e+00 2.04200006e+00
    2.04200006e+00 2.04200006e+00 2.04200006e+00 2.04200006e+00
    2.04200006e+00 2.04200006e+00 2.04200006e+00 2.04200006e+00
    2.03699994e+00 2.02900004e+00 0. 0. 0. 0. 0. 0. 0. 0. 0. 0. 0. 0. 0.
    0. 0. 0. 0. 0. 0. 2.08500004e+00 2.08500004e+00 2.07699990e+00
    2.05500007e+00 2.05500007e+00 2.04999995e+00 2.04200006e+00
    2.04200006e+00 2.04200006e+00 2.04200006e+00 2.04200006e+00
    2.04200006e+00 2.04200006e+00 2.04200006e+00 2.04200006e+00
    2.04200006e+00 2.04200006e+00 2.04200006e+00 2.04200006e+00
    2.03200006e+00 2.01300001e+00 0. 0. 0. 0. 0. 0. 0. 0. 0. 0. 0. 0. 0.
    0. 0. 0. 0. 0. 0. 2.08500004e+00 2.08500004e+00 2.07299995e+00
    2.04299998e+00 2.04200006e+00 2.04200006e+00 2.03999996e+00
    2.02800012e+00 2.02500010e+00 2.02900004e+00 2.04099989e+00
    2.04200006e+00 2.04200006e+00 2.04200006e+00 2.04200006e+00
    2.04200006e+00 2.04200006e+00 2.04200006e+00 2.04200006e+00
    2.02699995e+00 2. 0. 0. 0. 0. 0. 0. 0. 0. 0. 0. 0. 0. 0. 0. 0. 0. 0.
    0. 0. 2.08500004e+00 2.08200002e+00 2.06900001e+00 2.04200006e+00
    2.03900003e+00 2.03699994e+00 2.03299999e+00 2.00600004e+00 2.
    2.01099992e+00 2.03999996e+00 2.04200006e+00 2.04200006e+00
    2.04200006e+00 2.04200006e+00 2.04200006e+00 2.04200006e+00
    2.04200006e+00 2.03900003e+00 2.02399993e+00 2. 0. 0. 0. 0. 0. 0. 0.
    0. 0. 0. 0. 0. 0. 0. 0. 0. 0. 0. 0. 2.08500004e+00 2.06500006e+00
    2.04699993e+00 2.04200006e+00 2.01799989e+00 2.00699997e+00
    2.00600004e+00 2.00099993e+00 2. 2.01099992e+00 2.03999996e+00
    2.04200006e+00 2.04200006e+00 2.04200006e+00 2.04200006e+00
    2.04200006e+00 2.04200006e+00 2.04200006e+00 2.01900005e+00
    2.00500011e+00 2. 0. 0. 0. 0. 0. 0. 0. 0. 0. 0. 0. 0. 0. 0. 0. 0. 0.
    0. 0. 2.06200004e+00 2.05100012e+00 2.04200006e+00 2.04200006e+00
    2.01300001e+00 2. 2. 2. 2. 2.00500011e+00 2.01900005e+00
    2.03500009e+00 2.04200006e+00 2.04200006e+00 2.04200006e+00
    2.04200006e+00 2.04200006e+00 2.04200006e+00 2.01500010e+00
    1.99199998e+00 1.97700000e+00 0. 0. 0. 0. 0. 0. 0. 0. 0. 0. 0. 0. 0.
    0. 0. 0. 0. 0. 0. 2.04200006e+00 2.04200006e+00 2.04200006e+00
    2.04200006e+00 2.01300001e+00 2. 2. 2. 2. 2. 2. 2.02800012e+00
    2.04200006e+00 2.04200006e+00 2.04200006e+00 2.04200006e+00
    2.04200006e+00 2.04200006e+00 2.00799990e+00 1.97500002e+00
    1.94799995e+00 0. 0. 0. 0. 0. 0. 0. 0. 0. 0. 0. 0. 0. 0. 0. 0. 0. 0.
    0. 2.04200006e+00 2.04200006e+00 2.04200006e+00 2.04200006e+00
    2.01300001e+00 2. 2. 2. 2. 2. 2. 2.02800012e+00 2.04200006e+00
    2.04200006e+00 2.04200006e+00 2.04200006e+00 2.04200006e+00
    2.04200006e+00 1.98899996e+00 1.94500005e+00 1.91999996e+00 0. 0. 0.
    0. 0. 0. 0. 0. 0. 0. 0. 0. 0. 0. 0. 0. 0. 0. 0. 2.04200006e+00
    2.02600002e+00 2.01399994e+00 2.01399994e+00 2.00399995e+00 2. 2. 2.
    2. 2. 2. 2.00900006e+00 2.01399994e+00 2.01600003e+00 2.03600001e+00
    2.04200006e+00 2.04200006e+00 2.04200006e+00 1.97000003e+00
    1.92600000e+00 1.91799998e+00 0. 0. 0. 0. 0. 0. 0. 0. 0. 0. 0. 0. 0.
    0. 0. 0. 0. 0. 0. 2.00999999e+00 1.99500000e+00 1.98399997e+00
    1.98399997e+00 1.99500000e+00 2. 2. 2. 2.00900006e+00 2.01200008e+00
    2.00099993e+00 2. 2. 2.00399995e+00 2.03399992e+00 2.04200006e+00
    2.03500009e+00 2.01200008e+00 1.95000005e+00 1.91799998e+00
    1.91799998e+00 0. 0. 0. 0. 0. 0. 0. 0. 0. 0. 0. 0. 0. 0. 0. 0. 0. 0.
    0. 1.95799994e+00 1.95799994e+00 1.95799994e+00 1.95799994e+00
    1.98699999e+00 2. 2. 2. 2.02099991e+00 2.02800012e+00 2.00099993e+00
    2. 2. 2.00399995e+00 2.03399992e+00 2.04200006e+00 2.02300000e+00
    1.96300006e+00 1.93200004e+00 1.91799998e+00 1.91799998e+00 0. 0. 0.
    0. 0. 0. 0. 0. 0. 0. 0. 0. 0. 0. 0. 0. 0. 0. 0. 1.95799994e+00
    1.95799994e+00 1.95799994e+00 1.95799994e+00 1.98699999e+00 2. 2. 2.
    2.00399995e+00 2.00600004e+00 2. 2. 2. 2.00399995e+00 2.03399992e+00
    2.04200006e+00 2.02300000e+00 1.96300006e+00 1.93200004e+00
    1.91799998e+00 1.91799998e+00 0. 0. 0. 0. 0. 0. 0. 0. 0. 0. 0. 0. 0.
    0. 0. 0. 0. 0. 0. 1.43799996e+00 1.73199999e+00 1.95799994e+00
    1.95799994e+00 1.98699999e+00 2. 2. 2. 2. 2. 2. 2. 2. 2.00399995e+00
    2.03399992e+00 2.04200006e+00 2.02300000e+00 1.96300006e+00
    1.93200004e+00 1.91799998e+00 1.91799998e+00 0. 0. 0. 0. 0. 0. 0. 0.
    0. 0. 0. 0. 0. 0. 0. 0. 0. 0. 0. 0. 1.51800001e+00 1.95799994e+00
    1.95799994e+00 1.98699999e+00 2. 2. 2. 2. 2. 2. 2. 2. 2.00399995e+00
    2.03399992e+00 2.04200006e+00 2.02300000e+00 1.96300006e+00
    1.93799996e+00 1.92400002e+00 1.91799998e+00 0. 0. 0. 0. 0. 0. 0. 0.
    0. 0. 0. 0. 0. 0. 0. 0. 0. 0. 0. 0. 1.51100004e+00 1.95799994e+00
    1.95799994e+00 1.98699999e+00 2. 2. 2. 2. 2. 2. 2. 2. 2.00399995e+00
    2.03399992e+00 2.04200006e+00 2.02300000e+00 1.96300006e+00
    1.95599997e+00 1.94200003e+00 1.91799998e+00 0. 0. 0. 0. 0. 0. 0. 0.
    0. 0. 0. 0. 0. 0. 0. 0. 0. 0. 0. 0. 1.52600002e+00 1.98500001e+00
    1.98500001e+00 1.99600005e+00 2.01099992e+00 2.02699995e+00
    2.02699995e+00 2.01200008e+00 2. 2. 2. 2.00999999e+00 2.02900004e+00
    2.03900003e+00 2.04200006e+00 2.02300000e+00 1.96300006e+00
    1.95799994e+00 1.94400001e+00 1.91799998e+00 0. 0. 0. 0. 0. 0. 0. 0.
    0. 0. 0. 0. 0. 0. 0. 0. 0. 0. 0. 0. 1.54299998e+00 2.01500010e+00
    2.01500010e+00 2.01500010e+00 2.02600002e+00 2.04200006e+00
    2.04200006e+00 2.01900005e+00 2. 2. 2. 2.00999999e+00 2.02699995e+00
    2.02699995e+00 2.02699995e+00 2.01099992e+00 1.96200001e+00
