<?xml version="1.0"?>
<opencv_storage>
<Depth type_id="opencv-matrix">
  <rows>40</rows>
  <cols>40</cols>
  <dt>f</dt>
  <data>
    0. 0. 0. 0. 0. 0. 0. 0. 0. 0. 0. 0. 0. 0. 0. 0. 0. 0. 0. 0. 0. 0. 0.
    0. 0. 0. 0. 0. 0. 0. 0. 0. 0. 0. 0. 0. 0. 0. 0. 0. 0. 0. 0. 0. 0. 0.
    0. 0. 0. 0. 0. 0. 0. 0. 0. 0. 0. 0. 0. 0. 0. 0. 0. 0. 0. 0. 0. 0. 0.
    0. 0. 0. 0. 0. 0. 0. 0. 0. 0. 0. 0. 0. 0. 0. 0. 0. 0. 0. 0. 0. 0. 0.
    0. 0. 0. 0. 0. 0. 0. 0. 0. 0. 0. 0. 0. 0. 0. 0. 0. 0. 0. 0. 0. 0. 0.
    0. 0. 0. 0. 0. 0. 0. 0. 0. 0. 0. 0. 0. 0. 0. 0. 0. 0. 0. 0. 0. 0. 0.
    0. 0. 0. 0. 0. 0. 0. 0. 0. 0. 0. 0. 0. 0. 0. 0. 0. 0. 0. 0. 0. 0. 0.
    0. 0. 0. 0. 0. 0. 0. 0. 0. 0. 0. 0. 0. 0. 0. 0. 0. 0. 0. 0. 0. 0. 0.
    0. 0. 0. 0. 0. 0. 0. 0. 0. 0. 0. 0. 0. 0. 0. 0. 0. 0. 0. 0. 0. 0. 0.
    0. 0. 0. 0. 0. 0. 0. 0. 0. 0. 0. 0. 0. 0. 0. 0. 0. 0. 0. 0. 0. 0. 0.
    0. 0. 0. 0. 0. 0. 0. 0. 0. 0. 0. 0. 0. 0. 0. 0. 0. 0. 0. 0. 0. 0. 0.
    0. 0. 0. 0. 0. 0. 0. 0. 0. 0. 0. 0. 0. 0. 0. 0. 0. 0. 0. 0. 0. 0. 0.
    0. 0. 0. 0. 0. 0. 0. 0. 0. 0. 0. 0. 0. 0. 0. 0. 0. 0. 0. 0. 0. 0. 0.
    0. 0. 0. 0. 0. 0. 0. 0. 0. 0. 0. 0. 0. 0. 0. 0. 0. 0. 0. 0. 0. 0. 0.
    0. 0. 0. 0. 0. 0. 0. 0. 0. 0. 0. 0. 0. 0. 0. 0. 0. 0. 0. 0. 0. 0. 0.
    0. 0. 0. 0. 0. 0. 0. 0. 0. 0. 0. 0. 0. 0. 0. 0. 0. 0. 0. 0. 0. 0.
    1.87500000e+00 1.87500000e+00 1.87500000e+00 1.87500000e+00
    1.87500000e+00 1.87500000e+00 1.89199996e+00 1.94200003e+00
    1.99300003e+00 2. 2. 1.98000002e+00 1.92999995e+00 1.87899995e+00
    1.87500000e+00 1.87500000e+00 1.87500000e+00 1.87500000e+00
    1.87500000e+00 1.87500000e+00 1.87500000e+00 1.87500000e+00
    1.87500000e+00 1.87500000e+00 1.87500000e+00 0. 0. 0. 0. 0. 0. 0. 0.
    0. 0. 0. 0. 0. 0. 0. 1.87500000e+00 1.87500000e+00 1.87500000e+00
    1.87500000e+00 1.87500000e+00 1.87500000e+00 1.89199996e+00
    1.94200003e+00 1.99300003e+00 2. 2. 1.98000002e+00 1.92999995e+00
    1.87899995e+00 1.87000000e+00 1.86500001e+00 1.86199999e+00
    1.86199999e+00 1.86199999e+00 1.86199999e+00 1.86199999e+00
    1.86500001e+00 1.87000000e+00 1.87500000e+00 1.87500000e+00 0. 0. 0.
    0. 0. 0. 0. 0. 0. 0. 0. 0. 0. 0. 0. 1.87500000e+00 1.87500000e+00
    1.87500000e+00 1.87500000e+00 1.87500000e+00 1.87500000e+00
    1.89199996e+00 1.94200003e+00 1.99300003e+00 2. 2. 1.98000002e+00
    1.92999995e+00 1.87899995e+00 1.85200000e+00 1.82599998e+00
    1.81200004e+00 1.81200004e+00 1.81200004e+00 1.81200004e+00
    1.81200004e+00 1.82500005e+00 1.85099995e+00 1.87500000e+00
    1.87500000e+00 0. 0. 0. 0. 0. 0. 0. 0. 0. 0. 0. 0. 0. 0. 0.
    1.87500000e+00 1.87500000e+00 1.87500000e+00 1.87500000e+00
    1.87500000e+00 1.87500000e+00 1.89199996e+00 1.94200003e+00
    1.99300003e+00 2. 2. 1.98000002e+00 1.92999995e+00 1.87899995e+00
    1.83299994e+00 1.78799999e+00 1.76300001e+00 1.76300001e+00
    1.76300001e+00 1.76300001e+00 1.76300001e+00 1.78600001e+00
    1.83200002e+00 1.87500000e+00 1.87500000e+00 0. 0. 0. 0. 0. 0. 0. 0.
    0. 0. 0. 0. 0. 0. 0. 1.87500000e+00 1.87500000e+00 1.87500000e+00
    1.87500000e+00 1.87500000e+00 1.87500000e+00 1.89199996e+00
    1.94200003e+00 1.99300003e+00 2. 2. 1.98000002e+00 1.92999995e+00
    1.87899995e+00 1.83000004e+00 1.77999997e+00 1.75300002e+00
    1.75300002e+00 1.75300002e+00 1.75300002e+00 1.75300002e+00
    1.76999998e+00 1.80400002e+00 1.83599997e+00 1.83599997e+00 0. 0. 0.
    0. 0. 0. 0. 0. 0. 0. 0. 0. 0. 0. 0. 1.87500000e+00 1.87500000e+00
    1.87500000e+00 1.87500000e+00 1.87500000e+00 1.87500000e+00
    1.89199996e+00 1.94200003e+00 1.99300003e+00 2. 2. 1.98000002e+00
    1.92999995e+00 1.87899995e+00 1.83000004e+00 1.77999997e+00
    1.75300002e+00 1.75300002e+00 1.75300002e+00 1.75300002e+00
    1.75300002e+00 1.75999999e+00 1.77300000e+00 1.78600001e+00
    1.78600001e+00 0. 0. 0. 0. 0. 0. 0. 0. 0. 0. 0. 0. 0. 0. 0.
    1.87500000e+00 1.87500000e+00 1.87500000e+00 1.87500000e+00
    1.88000000e+00 1.88699996e+00 1.90600002e+00 1.95000005e+00
    1.99399996e+00 2. 2. 1.98000002e+00 1.92999995e+00 1.87899995e+00
    1.83000004e+00 1.77999997e+00 1.75300002e+00 1.75300002e+00
    1.75300002e+00 1.75300002e+00 1.75300002e+00 1.75300002e+00
    1.75300002e+00 1.75300002e+00 1.75300002e+00 0. 0. 0. 0. 0. 0. 0. 0.
    0. 0. 0. 0. 0. 0. 0. 1.87500000e+00 1.87500000e+00 1.87500000e+00
    1.87500000e+00 1.89699996e+00 1.92400002e+00 1.95000005e+00
    1.97300005e+00 1.99699998e+00 2. 2. 1.98000002e+00 1.92999995e+00
    1.87899995e+00 1.83000004e+00 1.77999997e+00 1.75300002e+00
    1.75300002e+00 1.75300002e+00 1.75300002e+00 1.75300002e+00
    1.75300002e+00 1.75300002e+00 1.75300002e+00 1.75300002e+00 0. 0. 0.
    0. 0. 0. 0. 0. 0. 0. 0. 0. 0. 0. 0. 1.87500000e+00 1.87500000e+00
    1.87500000e+00 1.87500000e+00 1.91299999e+00 1.96099997e+00
    1.99399996e+00 1.99699998e+00 2. 2. 2. 1.98000002e+00 1.92999995e+00
    1.87899995e+00 1.83000004e+00 1.77999997e+00 1.75300002e+00
    1.75300002e+00 1.75300002e+00 1.75300002e+00 1.75300002e+00
    1.75300002e+00 1.75300002e+00 1.75300002e+00 1.75300002e+00 0. 0. 0.
    0. 0. 0. 0. 0. 0. 0. 0. 0. 0. 0. 0. 1.87500000e+00 1.87500000e+00
    1.87500000e+00 1.87500000e+00 1.90100002e+00 1.93400002e+00
    1.95700002e+00 1.95700002e+00 1.95700002e+00 1.97200000e+00
    1.98899996e+00 1.98699999e+00 1.95400000e+00 1.92100000e+00
    1.88900006e+00 1.85699999e+00 1.83099997e+00 1.81299996e+00
    1.79600000e+00 1.79499996e+00 1.79499996e+00 1.81400001e+00
    1.85000002e+00 1.88399994e+00 1.88399994e+00 0. 0. 0. 0. 0. 0. 0. 0.
    0. 0. 0. 0. 0. 0. 0. 1.87500000e+00 1.87500000e+00 1.87500000e+00
    1.87500000e+00 1.88499999e+00 1.89699996e+00 1.90600002e+00
    1.90600002e+00 1.90600002e+00 1.93900001e+00 1.97700000e+00
    1.99500000e+00 1.98300004e+00 1.97000003e+00 1.95799994e+00
    1.94599998e+00 1.92200005e+00 1.88399994e+00 1.84599996e+00
    1.84500003e+00 1.84500003e+00 1.88499999e+00 1.96300006e+00
    2.03699994e+00 2.03699994e+00 0. 0. 0. 0. 0. 0. 0. 0. 0. 0. 0. 0. 0.
    0. 0. 1.87500000e+00 1.87500000e+00 1.87500000e+00 1.87500000e+00
    1.87500000e+00 1.87500000e+00 1.87800002e+00 1.88600004e+00
    1.89400005e+00 1.93099999e+00 1.97399998e+00 2. 2. 2. 2. 2.
    1.97700000e+00 1.92700005e+00 1.87600005e+00 1.87500000e+00
    1.87500000e+00 1.92799997e+00 2.03200006e+00 2.13100004e+00
    2.13100004e+00 0. 0. 0. 0. 0. 0. 0. 0. 0. 0. 0. 0. 0. 0. 0.
    1.87500000e+00 1.87500000e+00 1.87500000e+00 1.87500000e+00
    1.87500000e+00 1.87500000e+00 1.88399994e+00 1.91299999e+00
    1.94099998e+00 1.96399999e+00 1.98599994e+00 2. 2. 2. 2. 2.
    1.97700000e+00 1.92700005e+00 1.87600005e+00 1.87500000e+00
    1.87500000e+00 1.92799997e+00 2.03200006e+00 2.13100004e+00
    2.13100004e+00 0. 0. 0. 0. 0. 0. 0. 0. 0. 0. 0. 0. 0. 0. 0.
    1.87500000e+00 1.87500000e+00 1.87500000e+00 1.87500000e+00
    1.87500000e+00 1.87500000e+00 1.89100003e+00 1.94000006e+00
    1.98899996e+00 1.99699998e+00 1.99899995e+00 2. 2. 2. 2. 2.
    1.97700000e+00 1.92700005e+00 1.87600005e+00 1.87500000e+00
    1.87500000e+00 1.92799997e+00 2.03200006e+00 2.13100004e+00
    2.13100004e+00 0. 0. 0. 0. 0. 0. 0. 0. 0. 0. 0. 0. 0. 0. 0.
    1.87500000e+00 1.87500000e+00 1.87500000e+00 1.87500000e+00
    1.87500000e+00 1.87500000e+00 1.89199996e+00 1.94200003e+00
    1.99300003e+00 2.01699996e+00 2.03699994e+00 2.04900002e+00
    2.04900002e+00 2.04900002e+00 2.03099990e+00 2.01099992e+00
    1.98599994e+00 1.95400000e+00 1.92200005e+00 1.94099998e+00
    1.96099997e+00 2.01399994e+00 2.09999990e+00 2.18199992e+00
    2.18199992e+00 0. 0. 0. 0. 0. 0. 0. 0. 0. 0. 0. 0. 0. 0. 0.
    1.87500000e+00 1.87500000e+00 1.87500000e+00 1.87500000e+00
    1.87500000e+00 1.87500000e+00 1.89199996e+00 1.94200003e+00
    1.99300003e+00 2.03500009e+00 2.07699990e+00 2.10200000e+00
    2.10200000e+00 2.10200000e+00 2.06399989e+00 2.02300000e+00
    1.99500000e+00 1.98399997e+00 1.97200000e+00 2.01300001e+00
    2.05399990e+00 2.10800004e+00 2.17400002e+00 2.23699999e+00
