<?xml version="1.0"?>
<opencv_storage>
<Depth type_id="opencv-matrix">
  <rows>40</rows>
  <cols>40</cols>
  <dt>f</dt>
  <data>
    0. 0. 0. 0. 0. 0. 0. 0. 0. 2.12599993e+00 2.12599993e+00
    2.12599993e+00 2.13299990e+00 2.14100003e+00 2.10999990e+00
    2.07200003e+00 2.00300002e+00 1.96099997e+00 1.96099997e+00 0. 0. 0.
    0. 0. 0. 0. 0. 0. 0. 0. 0. 0. 0. 0. 0. 0. 0. 0. 0. 0. 0. 0. 0. 0. 0.
    0. 0. 0. 0. 2.08599997e+00 2.08599997e+00 2.08599997e+00
    2.10999990e+00 2.14100003e+00 2.13199997e+00 2.11500001e+00
    2.06699991e+00 2.03600001e+00 2.03600001e+00 0. 0. 0. 0. 0. 0. 0. 0.
    0. 0. 0. 0. 0. 0. 0. 0. 0. 0. 0. 0. 0. 0. 0. 0. 0. 0. 0. 0. 0. 0.
    2.06900001e+00 2.06900001e+00 2.06900001e+00 2.10100007e+00
    2.14000010e+00 2.14100003e+00 2.13599992e+00 2.10899997e+00
    2.09200001e+00 2.09200001e+00 0. 0. 0. 0. 0. 0. 0. 0. 0. 0. 0. 0. 0.
    0. 0. 0. 0. 0. 0. 0. 0. 0. 0. 0. 0. 0. 0. 0. 0. 0. 2.06900001e+00
    2.06900001e+00 2.06900001e+00 2.10100007e+00 2.14000010e+00
    2.14100003e+00 2.14000010e+00 2.13499999e+00 2.13199997e+00
    2.13199997e+00 0. 0. 0. 0. 0. 0. 0. 0. 0. 0. 0. 0. 0. 0. 0. 0. 0. 0.
    0. 0. 0. 0. 0. 0. 0. 0. 0. 0. 0. 0. 2.06900001e+00 2.06900001e+00
    2.06900001e+00 2.08699989e+00 2.10999990e+00 2.10999990e+00
    2.10999990e+00 2.10999990e+00 2.10999990e+00 2.10999990e+00 0. 0. 0.
    0. 0. 0. 0. 0. 0. 0. 0. 0. 0. 0. 0. 0. 0. 0. 0. 0. 0. 0. 0. 0. 0. 0.
    0. 0. 0. 0. 2.06900001e+00 2.06900001e+00 2.06900001e+00
    2.06999993e+00 2.07100010e+00 2.07100010e+00 2.07100010e+00
    2.07100010e+00 2.07100010e+00 2.07100010e+00 0. 0. 0. 0. 0. 0. 0. 0.
    0. 0. 0. 0. 0. 0. 0. 0. 0. 0. 0. 0. 0. 0. 0. 0. 0. 0. 0. 0. 0. 0.
    2.06900001e+00 2.06900001e+00 2.06900001e+00 2.06900001e+00
    2.06900001e+00 2.06900001e+00 2.06900001e+00 2.06900001e+00
    2.06900001e+00 2.06900001e+00 1.34200001e+00 0. 0. 0. 0. 0. 0. 0. 0.
    0. 0. 0. 0. 0. 0. 0. 0. 0. 0. 0. 0. 0. 0. 0. 0. 0. 0. 0. 0. 0.
    2.06900001e+00 2.06900001e+00 2.06900001e+00 2.07200003e+00
    2.07500005e+00 2.07200003e+00 2.06900001e+00 2.06900001e+00
    2.06900001e+00 2.06900001e+00 2.06900001e+00 2.06900001e+00 0. 0. 0.
    0. 0. 0. 0. 0. 0. 0. 0. 0. 0. 0. 0. 0. 0. 0. 0. 0. 0. 0. 0. 0. 0. 0.
    0. 0. 2.06900001e+00 2.06900001e+00 2.06900001e+00 2.08899999e+00
    2.11500001e+00 2.08999991e+00 2.06900001e+00 2.06900001e+00
    2.06900001e+00 2.06900001e+00 2.06900001e+00 2.06900001e+00
    1.31900001e+00 0. 0. 0. 0. 0. 0. 0. 0. 0. 0. 0. 0. 0. 0. 0. 0. 0. 0.
    0. 0. 0. 0. 0. 0. 0. 0. 0. 2.08299994e+00 2.08299994e+00
    2.08299994e+00 2.10800004e+00 2.14100003e+00 2.10200000e+00
    2.06900001e+00 2.06900001e+00 2.06900001e+00 2.06900001e+00
    2.06900001e+00 2.06900001e+00 2.06900001e+00 2.06900001e+00 0. 0. 0.
    0. 0. 0. 0. 0. 0. 0. 0. 0. 0. 0. 0. 0. 0. 0. 0. 0. 0. 0. 0. 0. 0. 0.
    2.12299991e+00 2.12299991e+00 2.12299991e+00 2.13100004e+00
    2.14100003e+00 2.10200000e+00 2.06900001e+00 2.06900001e+00
    2.06900001e+00 2.06900001e+00 2.06900001e+00 2.06900001e+00
    2.06900001e+00 2.06900001e+00 0. 0. 0. 0. 0. 0. 0. 0. 0. 0. 0. 0. 0.
    0. 0. 0. 0. 0. 0. 0. 0. 0. 0. 0. 0. 0. 2.14100003e+00 2.13400006e+00
    2.12199998e+00 2.11899996e+00 2.11899996e+00 2.09200001e+00
    2.06900001e+00 2.06900001e+00 2.06900001e+00 2.06900001e+00
    2.06900001e+00 2.06900001e+00 2.06900001e+00 2.06900001e+00 0. 0. 0.
    0. 0. 0. 0. 0. 0. 0. 0. 0. 0. 0. 0. 0. 0. 0. 0. 0. 0. 0. 0. 0. 0. 0.
    2.14100003e+00 2.12100005e+00 2.08699989e+00 2.07900000e+00
    2.07900000e+00 2.07399988e+00 2.06900001e+00 2.06900001e+00
    2.06900001e+00 2.06900001e+00 2.06900001e+00 2.06900001e+00
    2.06900001e+00 2.06900001e+00 0. 0. 0. 0. 0. 0. 0. 0. 0. 0. 0. 0. 0.
    0. 0. 0. 0. 0. 0. 0. 0. 0. 0. 0. 0. 0. 2.57200003e+00 2.40599990e+00
    2.12700009e+00 2.06900001e+00 2.06900001e+00 2.06900001e+00
    2.06900001e+00 2.06900001e+00 2.06900001e+00 2.06900001e+00
    2.06900001e+00 2.06900001e+00 2.06900001e+00 2.06900001e+00 0. 0. 0.
    0. 0. 0. 0. 0. 0. 0. 0. 0. 0. 0. 0. 0. 0. 0. 0. 0. 0. 0. 0. 0. 0. 0.
    0. 2.79699993e+00 2.19400001e+00 2.06900001e+00 2.06900001e+00
    2.06900001e+00 2.06900001e+00 2.06900001e+00 2.06900001e+00
    2.06900001e+00 2.06900001e+00 2.06900001e+00 2.06900001e+00
    2.06900001e+00 1.97200000e+00 1.48199999e+00 0. 0. 0. 0. 0. 0. 0. 0.
    0. 0. 0. 0. 0. 0. 0. 0. 0. 0. 0. 0. 0. 0. 0. 0. 0. 0. 2.71399999e+00
    2.39599991e+00 2.07299995e+00 2.06900001e+00 2.06900001e+00
    2.06900001e+00 2.06900001e+00 2.06900001e+00 2.06900001e+00
    2.06900001e+00 2.06900001e+00 2.06900001e+00 2.06900001e+00
    1.64900005e+00 0. 0. 0. 0. 0. 0. 0. 0. 0. 0. 0. 0. 0. 0. 0. 0. 0. 0.
    0. 0. 0. 0. 0. 0. 0. 0. 0. 2.69899988e+00 2.07299995e+00
    2.06399989e+00 2.06399989e+00 2.06399989e+00 2.06399989e+00
    2.06399989e+00 2.06399989e+00 2.06399989e+00 2.06599998e+00
    2.06900001e+00 2.06900001e+00 1.64900005e+00 0. 0. 0. 0. 0. 0. 0. 0.
    0. 0. 0. 0. 0. 0. 0. 0. 0. 0. 0. 0. 0. 0. 0. 0. 0. 0. 0.
    2.68300009e+00 2.03500009e+00 2.02600002e+00 2.02600002e+00
    2.02600002e+00 2.02600002e+00 2.02600002e+00 2.02600002e+00
    2.02600002e+00 2.04399991e+00 2.06800008e+00 2.06900001e+00
    1.64900005e+00 0. 0. 0. 0. 0. 0. 0. 0. 0. 0. 0. 0. 0. 0. 0. 0. 0. 0.
    0. 0. 0. 0. 0. 0. 0. 0. 0. 2.66100001e+00 2.00900006e+00 2. 2. 2. 2.
    2. 2. 2. 2.02900004e+00 2.06699991e+00 2.07599998e+00 1.66100001e+00
    0. 0. 0. 0. 0. 0. 0. 0. 0. 0. 0. 0. 0. 0. 0. 0. 0. 0. 0. 0. 0. 0. 0.
    0. 0. 0. 0. 2.62800002e+00 2.00799990e+00 2. 2. 2. 2. 2. 2. 2.
    2.02900004e+00 2.06699991e+00 2.09699988e+00 1.69700003e+00 0. 0. 0.
    0. 0. 0. 0. 0. 0. 0. 0. 0. 0. 0. 0. 0. 0. 0. 0. 0. 0. 0. 0. 0. 0. 0.
    0. 2.63000011e+00 2.04800010e+00 2.02900004e+00 2.01799989e+00
    2.00699997e+00 1.99600005e+00 1.98500001e+00 1.98099995e+00
    1.98099995e+00 2.00999999e+00 2.04800010e+00 2.07699990e+00
    1.67799997e+00 0. 0. 0. 0. 0. 0. 0. 0. 0. 0. 0. 0. 0. 0. 0. 0. 0. 0.
    0. 0. 0. 0. 0. 0. 0. 0. 0. 2.66400003e+00 2.12599993e+00
    2.08500004e+00 2.05200005e+00 2.01999998e+00 1.98800004e+00
    1.95599997e+00 1.94299996e+00 1.94299996e+00 1.97200000e+00
    2.00999999e+00 2.01699996e+00 1.60699999e+00 0. 0. 0. 0. 0. 0. 0. 0.
    0. 0. 0. 0. 0. 0. 0. 0. 0. 0. 0. 0. 0. 0. 0. 0. 0. 0. 0.
    2.65199995e+00 2.14800000e+00 2.10200000e+00 2.06200004e+00
    2.02399993e+00 1.98599994e+00 1.94799995e+00 1.93200004e+00
    1.93200004e+00 1.96099997e+00 1.99800003e+00 2. 1.74899995e+00 0. 0.
    0. 0. 0. 0. 0. 0. 0. 0. 0. 0. 0. 0. 0. 0. 0. 0. 0. 0. 0. 0. 0. 0.
    2.99499989e+00 2.99499989e+00 2.99499989e+00 2.62100005e+00
    2.14700007e+00 2.10200000e+00 2.06200004e+00 2.02399993e+00
    1.98599994e+00 1.94799995e+00 1.93200004e+00 1.93200004e+00
    1.96099997e+00 1.99800003e+00 2. 1.97800004e+00 1.83899999e+00 0. 0.
    0. 0. 0. 0. 0. 0. 0. 0. 0. 0. 0. 0. 0. 0. 0. 0. 0. 0. 0. 0. 0.
    2.99000001e+00 2.99000001e+00 2.99000001e+00 2.61800003e+00
    2.14700007e+00 2.10200000e+00 2.06200004e+00 2.02399993e+00
    1.98599994e+00 1.94799995e+00 1.93200004e+00 1.93200004e+00
    1.96099997e+00 1.99800003e+00 1.98199999e+00 1.96599996e+00
    1.96599996e+00 1.03600001e+00 0. 0. 0. 0. 0. 0. 0. 0. 0. 0. 0. 0. 0.
    0. 0. 0. 0. 0. 0. 0. 0. 0. 2.99000001e+00 2.99000001e+00
    2.99000001e+00 2.63800001e+00 2.19400001e+00 2.12100005e+00
    2.05900002e+00 2.02300000e+00 1.98599994e+00 1.94799995e+00
    1.93200004e+00 1.93200004e+00 1.95899999e+00 1.99500000e+00
    1.96200001e+00 1.93200004e+00 1.93200004e+00 1.00899994e+00 0. 0. 0.
    0. 0. 0. 0. 0. 0. 0. 0. 0. 0. 0. 0. 0. 0. 0. 0. 0. 0. 0.
    2.99000001e+00 2.99000001e+00 2.99000001e+00 2.84500003e+00
    2.66100001e+00 2.31299996e+00 2.02399993e+00 2.00900006e+00
    1.98599994e+00 1.94799995e+00 1.93200004e+00 1.93200004e+00
    1.94299996e+00 1.95799994e+00 1.94400001e+00 1.93200004e+00
    1.93200004e+00 1.00899994e+00 0. 0. 0. 0. 0. 0. 0. 0. 0. 0. 0. 0. 0.
    0. 0. 0. 0. 0. 0. 0. 0. 0. 2.99000001e+00 2.99000001e+00
