<?xml version="1.0"?>
<opencv_storage>
<Depth type_id="opencv-matrix">
  <rows>40</rows>
  <cols>40</cols>
  <dt>f</dt>
  <data>
    0. 0. 0. 0. 0. 0. 0. 0. 0. 0. 0. 0. 0. 0. 0. 0. 0. 0. 0. 0. 0. 0. 0.
    0. 0. 0. 0. 0. 0. 0. 0. 0. 0. 0. 0. 0. 0. 0. 0. 0. 0. 0. 0. 0. 0. 0.
    0. 0. 0. 0. 0. 0. 0. 0. 0. 0. 0. 0. 0. 0. 0. 0. 0. 0. 0. 0. 0. 0. 0.
    0. 0. 0. 0. 0. 0. 0. 0. 0. 0. 0. 0. 0. 0. 0. 0. 0. 0. 0. 0. 0. 0. 0.
    0. 0. 0. 0. 0. 0. 0. 0. 0. 0. 0. 0. 0. 0. 0. 0. 0. 0. 0. 0. 0. 0. 0.
    0. 0. 0. 0. 0. 0. 0. 0. 0. 0. 0. 0. 0. 0. 0. 0. 0. 0. 0. 0. 0. 0. 0.
    0. 0. 0. 0. 0. 0. 0. 0. 0. 0. 0. 0. 0. 0. 0. 0. 0. 0. 0. 0. 0. 0. 0.
    0. 0. 0. 0. 0. 0. 0. 0. 0. 0. 0. 0. 0. 0. 0. 0. 0. 0. 0. 0. 0. 0. 0.
    0. 0. 0. 0. 0. 0. 0. 0. 0. 0. 0. 0. 0. 0. 0. 0. 0. 0. 0. 0. 0. 0. 0.
    0. 0. 0. 0. 0. 0. 0. 0. 0. 0. 0. 0. 0. 0. 0. 0. 0. 0. 0. 0. 0. 0. 0.
    0. 0. 0. 0. 0. 0. 0. 0. 0. 0. 0. 0. 0. 0. 0. 0. 0. 0. 0. 0. 0. 0. 0.
    0. 0. 0. 0. 0. 0. 0. 0. 0. 0. 0. 0. 0. 0. 0. 0. 0. 0. 0. 0. 0. 0. 0.
    0. 0. 0. 0. 0. 0. 0. 0. 0. 0. 0. 0. 0. 0. 0. 0. 0. 0. 0. 0. 0. 0. 0.
    0. 0. 0. 0. 0. 0. 0. 0. 0. 0. 0. 0. 0. 0. 0. 0. 0. 0. 0. 0. 0. 0. 0.
    0. 0. 0. 0. 0. 0. 0. 0. 0. 0. 0. 0. 0. 0. 0. 0. 0. 0. 0. 0. 0. 0. 0.
    0. 0. 0. 0. 0. 0. 0. 0. 0. 0. 0. 0. 0. 0. 0. 2.30200005e+00
    2.30200005e+00 2.30200005e+00 2.30200005e+00 2.30200005e+00
    2.30200005e+00 2.30200005e+00 2.30200005e+00 2.30200005e+00
    2.30200005e+00 2.30200005e+00 2.30200005e+00 2.30200005e+00
    2.30200005e+00 2.30200005e+00 2.30200005e+00 2.30200005e+00
    2.32999992e+00 2.39100003e+00 2.45199990e+00 2.46199989e+00
    2.46199989e+00 2.47600007e+00 2.53999996e+00 2.60400009e+00
    2.63000011e+00 2.63000011e+00 2.63000011e+00 2.63000011e+00
    2.63000011e+00 2.63000011e+00 2.63000011e+00 2.63000011e+00
    2.63000011e+00 2.63000011e+00 2.63000011e+00 2.63000011e+00
    2.63000011e+00 2.63000011e+00 0. 2.30200005e+00 2.30100012e+00
    2.29699993e+00 2.29299998e+00 2.29099989e+00 2.29099989e+00
    2.29099989e+00 2.29099989e+00 2.29099989e+00 2.29099989e+00
    2.29099989e+00 2.29099989e+00 2.29099989e+00 2.29099989e+00
    2.29099989e+00 2.29099989e+00 2.29099989e+00 2.31699991e+00
    2.37400007e+00 2.43000007e+00 2.44300008e+00 2.44700003e+00
    2.46399999e+00 2.52800012e+00 2.59200001e+00 2.61800003e+00
    2.61800003e+00 2.61800003e+00 2.62199998e+00 2.62700009e+00
    2.62800002e+00 2.62400007e+00 2.61899996e+00 2.61800003e+00
    2.61800003e+00 2.61800003e+00 2.61800003e+00 2.61800003e+00
    2.61800003e+00 0. 2.30200005e+00 2.29699993e+00 2.26999998e+00
    2.24399996e+00 2.23200011e+00 2.23200011e+00 2.23200011e+00
    2.23200011e+00 2.23200011e+00 2.23200011e+00 2.23200011e+00
    2.23200011e+00 2.23200011e+00 2.23200011e+00 2.23200011e+00
    2.23200011e+00 2.23200011e+00 2.24799991e+00 2.28099990e+00
    2.31399989e+00 2.34200001e+00 2.36899996e+00 2.40300012e+00
    2.46600008e+00 2.52900004e+00 2.55399990e+00 2.55399990e+00
    2.55399990e+00 2.58200002e+00 2.61100006e+00 2.61999989e+00
    2.59100008e+00 2.56100011e+00 2.55399990e+00 2.55399990e+00
    2.55399990e+00 2.55399990e+00 2.55399990e+00 2.55399990e+00 0.
    2.30200005e+00 2.29299998e+00 2.24399996e+00 2.19499993e+00
    2.17300010e+00 2.17300010e+00 2.17300010e+00 2.17300010e+00
    2.17300010e+00 2.17300010e+00 2.17300010e+00 2.17300010e+00
    2.17300010e+00 2.17300010e+00 2.17300010e+00 2.17300010e+00
    2.17300010e+00 2.17799997e+00 2.18799996e+00 2.19799995e+00
    2.24099994e+00 2.28999996e+00 2.34200001e+00 2.40300012e+00
    2.46499991e+00 2.49000001e+00 2.49000001e+00 2.49000001e+00
    2.54200006e+00 2.59599996e+00 2.61100006e+00 2.55699992e+00
    2.50399995e+00 2.49000001e+00 2.49000001e+00 2.49000001e+00
    2.49000001e+00 2.49000001e+00 2.49000001e+00 0. 2.30200005e+00
    2.29099989e+00 2.23200011e+00 2.17300010e+00 2.14100003e+00
    2.12899995e+00 2.11700010e+00 2.11599994e+00 2.11599994e+00
    2.11599994e+00 2.11599994e+00 2.11599994e+00 2.12500000e+00
    2.13700008e+00 2.14700007e+00 2.13499999e+00 2.12199998e+00
    2.11599994e+00 2.11599994e+00 2.11599994e+00 2.16499996e+00
    2.22300005e+00 2.27900004e+00 2.32699990e+00 2.37500000e+00
    2.40199995e+00 2.41400003e+00 2.42700005e+00 2.48900008e+00
    2.55299997e+00 2.57100010e+00 2.50799990e+00 2.44400001e+00
    2.42700005e+00 2.42700005e+00 2.42700005e+00 2.42700005e+00
    2.42700005e+00 2.42700005e+00 0. 2.30200005e+00 2.29099989e+00
    2.23200011e+00 2.17300010e+00 2.12899995e+00 2.09500003e+00
    2.06100011e+00 2.05900002e+00 2.05900002e+00 2.05900002e+00
    2.05900002e+00 2.05900002e+00 2.08299994e+00 2.11700010e+00
    2.14499998e+00 2.11100006e+00 2.07800007e+00 2.05900002e+00
    2.05900002e+00 2.05900002e+00 2.10800004e+00 2.16499996e+00
    2.21499991e+00 2.24000001e+00 2.26399994e+00 2.29500008e+00
    2.32999992e+00 2.36500001e+00 2.42700005e+00 2.48900008e+00
    2.50699997e+00 2.44499993e+00 2.38299990e+00 2.36599994e+00
    2.36599994e+00 2.36599994e+00 2.36599994e+00 2.36599994e+00
    2.36599994e+00 0. 2.30200005e+00 2.29099989e+00 2.23200011e+00
    2.17300010e+00 2.11700010e+00 2.06100011e+00 2.00600004e+00
    2.00300002e+00 2.00300002e+00 2.00300002e+00 2.00300002e+00
    2.00300002e+00 2.04200006e+00 2.09699988e+00 2.14299989e+00
    2.08800006e+00 2.03299999e+00 2.00300002e+00 2.00300002e+00
    2.00300002e+00 2.05100012e+00 2.10700011e+00 2.15100002e+00
    2.15300012e+00 2.15400004e+00 2.18899989e+00 2.24600005e+00
    2.30399990e+00 2.36500001e+00 2.42600012e+00 2.44400001e+00
    2.38299990e+00 2.32100010e+00 2.30500007e+00 2.30500007e+00
    2.30500007e+00 2.30500007e+00 2.30500007e+00 2.30500007e+00 0.
    2.35999990e+00 2.34500003e+00 2.26399994e+00 2.18300009e+00
    2.11599994e+00 2.05900002e+00 2.00300002e+00 2. 2. 2. 2. 2.
    2.03999996e+00 2.09599996e+00 2.14299989e+00 2.08699989e+00
    2.02999997e+00 2. 2. 2. 2.02999997e+00 2.06599998e+00 2.09500003e+00
    2.09500003e+00 2.09500003e+00 2.12899995e+00 2.18700004e+00
    2.24499989e+00 2.28399992e+00 2.32299995e+00 2.33500004e+00
    2.29600000e+00 2.25699997e+00 2.24600005e+00 2.24600005e+00
    2.24600005e+00 2.24600005e+00 2.24600005e+00 2.24600005e+00 0.
    2.42100000e+00 2.40100002e+00 2.29699993e+00 2.19300008e+00
    2.11599994e+00 2.05900002e+00 2.00300002e+00 2. 2. 2. 2. 2.
    2.03999996e+00 2.09599996e+00 2.14299989e+00 2.08699989e+00
    2.02999997e+00 2. 2. 2. 2.01200008e+00 2.02699995e+00 2.03800011e+00
    2.03800011e+00 2.03800011e+00 2.07200003e+00 2.12899995e+00
    2.18600011e+00 2.20300007e+00 2.21900010e+00 2.22300005e+00
    2.20700002e+00 2.19199991e+00 2.18799996e+00 2.18799996e+00
    2.18799996e+00 2.18799996e+00 2.18799996e+00 2.18799996e+00 0.
    2.50500011e+00 2.47900009e+00 2.34299994e+00 2.20700002e+00
    2.11999989e+00 2.06999993e+00 2.02099991e+00 2.01799989e+00
    2.01799989e+00 2.01799989e+00 2.01799989e+00 2.01799989e+00
    2.05299997e+00 2.10299993e+00 2.14400005e+00 2.09400010e+00
    2.04500008e+00 2.01500010e+00 2.00799990e+00 2.00099993e+00 2. 2. 2.
    2. 2. 2.03399992e+00 2.08999991e+00 2.14700007e+00 2.14100003e+00
    2.13400006e+00 2.13000011e+00 2.13000011e+00 2.13000011e+00
    2.13000011e+00 2.13000011e+00 2.13000011e+00 2.13000011e+00
    2.13000011e+00 2.13000011e+00 0. 2.63599992e+00 2.59999990e+00
    2.41400003e+00 2.22799993e+00 2.13199997e+00 2.10400009e+00
    2.07599998e+00 2.07500005e+00 2.07500005e+00 2.07500005e+00
    2.07500005e+00 2.07500005e+00 2.09500003e+00 2.12199998e+00
    2.14599991e+00 2.11800003e+00 2.08999991e+00 2.06200004e+00
    2.03299999e+00 2.00500011e+00 2. 2. 2. 2. 2. 2.03399992e+00
    2.08999991e+00 2.14700007e+00 2.11999989e+00 2.09200001e+00
    2.07299995e+00 2.07299995e+00 2.07299995e+00 2.07299995e+00
    2.07299995e+00 2.07299995e+00 2.07299995e+00 2.07299995e+00
    2.07299995e+00 0. 2.76600003e+00 2.72199988e+00 2.48600006e+00
    2.25000000e+00 2.14400005e+00 2.13800001e+00 2.13199997e+00
