<?xml version="1.0"?>
<opencv_storage>
<Depth type_id="opencv-matrix">
  <rows>40</rows>
  <cols>40</cols>
  <dt>f</dt>
  <data>
    0. 0. 0. 0. 0. 0. 0. 0. 0. 0. 0. 0. 0. 0. 0. 0. 0. 0. 0. 0. 0. 0. 0.
    0. 0. 0. 0. 0. 0. 0. 0. 0. 0. 0. 0. 0. 0. 0. 0. 0. 0. 0. 0. 0. 0. 0.
    0. 0. 0. 0. 0. 0. 0. 0. 0. 0. 0. 0. 0. 0. 0. 0. 0. 0. 0. 0. 0. 0. 0.
    0. 0. 0. 0. 0. 0. 0. 0. 0. 0. 0. 0. 0. 0. 0. 0. 0. 0. 0. 0. 0. 0. 0.
    0. 0. 0. 0. 0. 0. 0. 0. 0. 0. 0. 0. 0. 0. 0. 0. 0. 0. 0. 0. 0. 0. 0.
    0. 0. 0. 0. 0. 0. 0. 0. 0. 0. 0. 0. 0. 0. 0. 0. 0. 0. 0. 0. 0. 0. 0.
    0. 0. 0. 0. 0. 0. 0. 0. 0. 0. 0. 0. 0. 0. 0. 0. 0. 0. 0. 0. 0. 0. 0.
    0. 0. 0. 0. 0. 0. 0. 0. 0. 0. 0. 0. 0. 0. 0. 0. 0. 0. 0. 0. 0. 0. 0.
    0. 0. 0. 0. 0. 0. 0. 0. 0. 0. 0. 0. 0. 0. 0. 0. 0. 0. 0. 0. 0. 0. 0.
    0. 0. 0. 0. 0. 0. 0. 0. 0. 0. 0. 0. 0. 0. 0. 0. 0. 0. 0. 0. 0. 0. 0.
    0. 0. 0. 0. 0. 0. 0. 0. 0. 0. 0. 0. 0. 0. 0. 0. 0. 0. 0. 0. 0.
    2.06900001e+00 2.06900001e+00 2.06900001e+00 2.10100007e+00
    2.14000010e+00 2.10200000e+00 2.06900001e+00 2.06900001e+00
    2.06900001e+00 2.06900001e+00 2.06900001e+00 2.06900001e+00
    2.13000011e+00 2.21099997e+00 2.21399999e+00 2.21399999e+00
    2.21399999e+00 2.21399999e+00 0. 0. 0. 0. 0. 0. 0. 0. 0. 0. 0. 0. 0.
    0. 0. 0. 0. 0. 0. 0. 0. 0. 2.06900001e+00 2.06900001e+00
    2.06900001e+00 2.10100007e+00 2.14000010e+00 2.10200000e+00
    2.06900001e+00 2.06900001e+00 2.06900001e+00 2.06900001e+00
    2.06900001e+00 2.06900001e+00 2.13000011e+00 2.21099997e+00
    2.21399999e+00 2.21199989e+00 2.19899988e+00 2.19000006e+00 0. 0. 0.
    0. 0. 0. 0. 0. 0. 0. 0. 0. 0. 0. 0. 0. 0. 0. 0. 0. 0. 0.
    2.06900001e+00 2.06900001e+00 2.06900001e+00 2.10100007e+00
    2.14000010e+00 2.10200000e+00 2.06900001e+00 2.06900001e+00
    2.06900001e+00 2.06900001e+00 2.06900001e+00 2.06900001e+00
    2.13000011e+00 2.21099997e+00 2.21399999e+00 2.20799994e+00
    2.17300010e+00 2.14899993e+00 0. 0. 0. 0. 0. 0. 0. 0. 0. 0. 0. 0. 0.
    0. 0. 0. 0. 0. 0. 0. 0. 0. 2.03900003e+00 2.03900003e+00
    2.03900003e+00 2.06999993e+00 2.10899997e+00 2.08699989e+00
    2.06900001e+00 2.06900001e+00 2.06900001e+00 2.06900001e+00
    2.07900000e+00 2.09599996e+00 2.13499999e+00 2.18000007e+00
    2.14899993e+00 2.11700010e+00 2.09400010e+00 2.07900000e+00 0. 0. 0.
    0. 0. 0. 0. 0. 0. 0. 0. 0. 0. 0. 0. 0. 0. 0. 0. 0. 0. 0.
    2.00099993e+00 2.00099993e+00 2.00099993e+00 2.03099990e+00
    2.06900001e+00 2.06900001e+00 2.06900001e+00 2.06900001e+00
    2.06900001e+00 2.06900001e+00 2.09200001e+00 2.13100004e+00
    2.14100003e+00 2.14199996e+00 2.06699991e+00 2.00200009e+00
    2.00099993e+00 2.00099993e+00 0. 0. 0. 0. 0. 0. 0. 0. 0. 0. 0. 0. 0.
    0. 0. 0. 0. 0. 0. 0. 0. 0. 2. 2. 2. 2.02999997e+00 2.06800008e+00
    2.06900001e+00 2.06900001e+00 2.06900001e+00 2.06900001e+00
    2.06900001e+00 2.07900000e+00 2.09699988e+00 2.10200000e+00
    2.10200000e+00 2.04800010e+00 2. 2. 2. 0. 0. 0. 0. 0. 0. 0. 0. 0. 0.
    0. 0. 0. 0. 0. 0. 0. 0. 0. 0. 0. 0. 2. 2. 2. 2.02999997e+00
    2.06800008e+00 2.06900001e+00 2.06900001e+00 2.06900001e+00
    2.06900001e+00 2.06900001e+00 2.06699991e+00 2.06299996e+00
    2.06200004e+00 2.06200004e+00 2.03299999e+00 2.00699997e+00
    2.00699997e+00 2.00699997e+00 0. 0. 0. 0. 0. 0. 0. 0. 0. 0. 0. 0. 0.
    0. 0. 0. 0. 0. 0. 0. 0. 0. 2. 2. 2. 2.02999997e+00 2.06800008e+00
    2.06900001e+00 2.06900001e+00 2.06900001e+00 2.06900001e+00
    2.06900001e+00 2.05500007e+00 2.02999997e+00 2.02399993e+00
    2.02399993e+00 2.03500009e+00 2.04500008e+00 2.04500008e+00
    2.04500008e+00 0. 0. 0. 0. 0. 0. 0. 0. 0. 0. 0. 0. 0. 0. 0. 0. 0. 0.
    0. 0. 0. 0. 2. 2. 2. 2.02999997e+00 2.06800008e+00 2.06900001e+00
    2.06900001e+00 2.06900001e+00 2.06900001e+00 2.06900001e+00
    2.04699993e+00 2.00900006e+00 2. 2. 2.02900004e+00 2.05599999e+00
    2.06399989e+00 2.06900001e+00 0. 0. 0. 0. 0. 0. 0. 0. 0. 0. 0. 0. 0.
    0. 0. 0. 0. 0. 0. 0. 0. 0. 2. 2. 2. 2.02999997e+00 2.06800008e+00
    2.06900001e+00 2.06900001e+00 2.06900001e+00 2.06900001e+00
    2.06900001e+00 2.04699993e+00 2.00900006e+00 2. 2. 2.00900006e+00
    2.02099991e+00 2.04999995e+00 2.06900001e+00 0. 0. 0. 0. 0. 0. 0. 0.
    0. 0. 0. 0. 0. 0. 0. 0. 0. 0. 0. 0. 0. 0. 2.02200007e+00
    2.01500010e+00 2.00300002e+00 2.02099991e+00 2.04699993e+00
    2.04699993e+00 2.04699993e+00 2.04699993e+00 2.04699993e+00
    2.04699993e+00 2.03200006e+00 2.00600004e+00 2. 2. 2. 2.04200006e+00
    2.31599998e+00 2.49499989e+00 0. 0. 0. 0. 0. 0. 0. 0. 0. 0. 0. 0. 0.
    0. 0. 0. 0. 0. 0. 0. 0. 0. 2.05999994e+00 2.03999996e+00
    2.00699997e+00 2.00399995e+00 2.00900006e+00 2.00900006e+00
    2.00900006e+00 2.00900006e+00 2.00900006e+00 2.00900006e+00
    2.00600004e+00 2.00099993e+00 2. 2. 2. 2.10599995e+00 2.79399991e+00
    0. 0. 0. 0. 0. 0. 0. 0. 0. 0. 0. 0. 0. 0. 0. 0. 0. 0. 0. 0. 0. 0. 0.
    2.06900001e+00 2.04600000e+00 2.00799990e+00 2. 2. 2. 2. 2. 2. 2. 2.
    2. 2. 2. 2.31900001e+00 2.67000008e+00 0. 0. 0. 0. 0. 0. 0. 0. 0. 0.
    0. 0. 0. 0. 0. 0. 0. 0. 0. 0. 0. 0. 0. 0. 2.06900001e+00
    2.04600000e+00 2.00799990e+00 2. 2. 2. 2. 2. 2. 2. 2. 2. 2. 2.
    2.73600006e+00 0. 0. 0. 0. 0. 0. 0. 0. 0. 0. 0. 0. 0. 0. 0. 0. 0. 0.
    0. 0. 0. 0. 0. 0. 0. 2.03200006e+00 2.02200007e+00 2.00399995e+00 2.
    2. 2. 2. 2. 2. 2. 2. 2. 2. 2. 2.75300002e+00 0. 0. 0. 0. 0. 0. 0. 0.
    0. 0. 0. 0. 0. 0. 0. 0. 0. 0. 0. 0. 0. 0. 0. 0. 0. 1.98899996e+00
    1.99000001e+00 1.99399996e+00 1.99399996e+00 1.99399996e+00
    1.99699998e+00 2. 2. 2. 2. 2. 2. 2. 2. 2.69199991e+00 0. 0. 0. 0. 0.
    0. 0. 0. 0. 0. 0. 0. 0. 0. 0. 0. 0. 0. 0. 0. 0. 0. 0. 0. 0.
    1.91400003e+00 1.92799997e+00 1.95200002e+00 1.95700002e+00
    1.95700002e+00 1.98000002e+00 2. 2. 2. 2. 2. 2. 2. 2. 2.29500008e+00
    2.55500007e+00 2.55500007e+00 2.55500007e+00 0. 0. 0. 0. 0. 0. 0. 0.
    0. 0. 0. 0. 0. 0. 0. 0. 0. 0. 0. 0. 0. 0. 1.86600006e+00
    1.88399994e+00 1.91299999e+00 1.92499995e+00 1.93200004e+00
    1.96200001e+00 1.98699999e+00 1.98699999e+00 1.99000001e+00
    1.99699998e+00 2. 2. 2. 2. 2.03699994e+00 2.06900001e+00
    2.06900001e+00 2.06900001e+00 0. 0. 0. 0. 0. 0. 0. 0. 0. 0. 0. 0. 0.
    0. 0. 0. 0. 0. 0. 0. 0. 0. 1.86600006e+00 1.87199998e+00
    1.88100004e+00 1.90400004e+00 1.93200004e+00 1.94099998e+00
    1.94900000e+00 1.94900000e+00 1.96000004e+00 1.98800004e+00 2. 2. 2.
    2. 2.03699994e+00 2.06900001e+00 2.06900001e+00 2.06900001e+00 0. 0.
    0. 0. 0. 0. 0. 0. 0. 0. 0. 0. 0. 0. 0. 0. 0. 0. 0. 0. 0. 0.
    1.82799995e+00 1.84099996e+00 1.86199999e+00 1.88600004e+00
    1.91199994e+00 1.92299998e+00 1.93200004e+00 1.93200004e+00
    1.94599998e+00 1.98399997e+00 2.00699997e+00 2.01799989e+00
    2.00300002e+00 1.98000002e+00 2.00500011e+00 2.03099990e+00
    2.05399990e+00 2.06900001e+00 0. 0. 0. 0. 0. 0. 0. 0. 0. 0. 0. 0. 0.
    0. 0. 0. 0. 0. 0. 0. 0. 0. 1.75800002e+00 1.79400003e+00
    1.85399997e+00 1.87000000e+00 1.87500000e+00 1.90600002e+00
    1.93200004e+00 1.93200004e+00 1.94599998e+00 1.98399997e+00
    2.01900005e+00 2.05100012e+00 2.00900006e+00 1.94400001e+00
    1.94700003e+00 1.96200001e+00 2.02699995e+00 2.06900001e+00 0. 0. 0.
    0. 0. 0. 0. 0. 0. 0. 0. 0. 0. 0. 0. 0. 0. 0. 0. 0. 0. 0.
    1.74000001e+00 1.78199995e+00 1.85099995e+00 1.86600006e+00
    1.86600006e+00 1.90199995e+00 1.93200004e+00 1.93200004e+00
    1.94599998e+00 1.98399997e+00 2.01300001e+00 2.03500009e+00
    1.99500000e+00 1.93400002e+00 1.91799998e+00 1.91199994e+00
    1.95700002e+00 1.98599994e+00 0. 0. 0. 0. 0. 0. 0. 0. 0. 0. 0. 0. 0.
    0. 0. 0. 0. 0. 0. 0. 0. 0. 1.74000001e+00 1.78199995e+00
    1.85099995e+00 1.86600006e+00 1.86600006e+00 1.90199995e+00
    1.93200004e+00 1.93200004e+00 1.94599998e+00 1.98399997e+00
    2.00099993e+00 2.00200009e+00 1.97300005e+00 1.93400002e+00
    1.89800000e+00 1.86899996e+00 1.87199998e+00 1.87399995e+00 0. 0. 0.
    0. 0. 0. 0. 0. 0. 0. 0. 0. 0. 0. 0. 0. 0. 0. 0. 0. 0. 0.
    1.77300000e+00 1.80299997e+00 1.85500002e+00 1.88100004e+00
