<?xml version="1.0"?>
<opencv_storage>
<Depth type_id="opencv-matrix">
  <rows>40</rows>
  <cols>40</cols>
  <dt>f</dt>
  <data>
    0. 0. 0. 0. 0. 0. 0. 0. 0. 0. 0. 0. 0. 0. 0. 0. 0. 0. 0. 0. 0. 0. 0.
    0. 0. 0. 0. 0. 0. 0. 0. 0. 0. 0. 0. 0. 0. 0. 0. 0. 0. 0. 0. 0. 0. 0.
    0. 0. 0. 0. 2.47499990e+00 2.19300008e+00 2.15599990e+00
    2.12100005e+00 2.10800004e+00 2.10800004e+00 2.10800004e+00
    2.10800004e+00 2.10800004e+00 0. 0. 0. 0. 0. 0. 0. 0. 0. 0. 0. 0. 0.
    0. 0. 0. 0. 0. 0. 0. 0. 0. 0. 0. 0. 0. 0. 0. 0. 0. 0. 2.45300007e+00
    2.16700006e+00 2.13499999e+00 2.11500001e+00 2.10800004e+00
    2.10800004e+00 2.10800004e+00 2.10800004e+00 2.10800004e+00 0. 0. 0.
    0. 0. 0. 0. 0. 0. 0. 0. 0. 0. 0. 0. 0. 0. 0. 0. 0. 0. 0. 0. 0. 0. 0.
    0. 0. 0. 0. 0. 2.39499998e+00 2.12899995e+00 2.10400009e+00
    2.10400009e+00 2.10500002e+00 2.10800004e+00 2.11100006e+00
    2.11400008e+00 2.11700010e+00 0. 0. 0. 0. 0. 0. 0. 0. 0. 0. 0. 0. 0.
    0. 0. 0. 0. 0. 0. 0. 0. 0. 0. 0. 0. 0. 0. 0. 0. 0. 2.53900003e+00
    2.16000009e+00 2.07699990e+00 2.06900001e+00 2.06900001e+00
    2.08500004e+00 2.10899997e+00 2.13499999e+00 2.16000009e+00
    2.18700004e+00 2.53800011e+00 0. 0. 0. 0. 0. 0. 0. 0. 0. 0. 0. 0. 0.
    0. 0. 0. 0. 0. 0. 0. 0. 0. 0. 0. 0. 0. 0. 0. 2.56500006e+00
    2.03500009e+00 2.03500009e+00 2.03500009e+00 2.03800011e+00
    2.04999995e+00 2.06800008e+00 2.09200001e+00 2.13899994e+00
    2.18199992e+00 2.21799994e+00 2.22199988e+00 2.45199990e+00 0. 0. 0.
    0. 0. 0. 0. 0. 0. 0. 0. 0. 0. 0. 0. 0. 0. 0. 0. 0. 0. 0. 0. 0. 0. 0.
    2.09200001e+00 2.01900005e+00 2.00099993e+00 2.00099993e+00
    2.00099993e+00 2.00900006e+00 2.04200006e+00 2.05399990e+00
    2.05900002e+00 2.12800002e+00 2.18199992e+00 2.21799994e+00
    2.22199988e+00 2.21799994e+00 2.20700002e+00 2.20400000e+00
    2.40300012e+00 0. 0. 0. 0. 0. 0. 0. 0. 0. 0. 0. 0. 0. 0. 0. 0. 0. 0.
    0. 0. 0. 0. 2.54399991e+00 2.01799989e+00 2. 2. 2. 2. 2.00300002e+00
    2.01600003e+00 2.02099991e+00 2.02500010e+00 2.09400010e+00
    2.14700007e+00 2.18300009e+00 2.20700002e+00 2.21000004e+00
    2.17400002e+00 2.16400003e+00 2.24300003e+00 2.75799990e+00 0. 0. 0.
    0. 0. 0. 0. 0. 0. 0. 0. 0. 0. 0. 0. 0. 0. 0. 0. 0. 2.46700001e+00 2.
    2. 2. 2. 2. 2. 2. 2. 2. 2.00399995e+00 2.06399989e+00 2.11199999e+00
    2.14700007e+00 2.18300009e+00 2.19899988e+00 2.17100000e+00
    2.15799999e+00 2.15000010e+00 2.15000010e+00 2.91100001e+00 0. 0. 0.
    0. 0. 0. 0. 0. 0. 0. 0. 0. 0. 0. 0. 0. 0. 0. 2.28800011e+00
    2.08999991e+00 2. 2. 2. 2. 2. 2. 2. 2. 2. 2.00200009e+00
    2.04099989e+00 2.07699990e+00 2.11100006e+00 2.14700007e+00
    2.17000008e+00 2.16499996e+00 2.14100003e+00 2.11500001e+00
    2.11500001e+00 2.88899994e+00 0. 0. 0. 0. 0. 0. 0. 0. 0. 0. 0. 0. 0.
    0. 0. 0. 0. 2.62400007e+00 2.02399993e+00 2.00799990e+00
    1.99100006e+00 1.97500002e+00 1.97399998e+00 1.98000002e+00
    1.99699998e+00 2. 2. 2. 2. 2.00200009e+00 2.03600001e+00
    2.06200004e+00 2.07900000e+00 2.11199999e+00 2.13599992e+00
    2.13599992e+00 2.10999990e+00 2.08100009e+00 2.08100009e+00
    2.45300007e+00 0. 0. 0. 0. 0. 0. 0. 0. 0. 0. 0. 0. 0. 0. 0. 0. 2. 2.
    2. 2. 1.98199999e+00 1.95000005e+00 1.94900000e+00 1.96099997e+00
    1.99399996e+00 2. 2. 2. 2. 2.00200009e+00 2.03600001e+00
    2.05399990e+00 2.05399990e+00 2.07999992e+00 2.09999990e+00
    2.09999990e+00 2.07900000e+00 2.05399990e+00 2.05399990e+00
    2.03399992e+00 2. 2. 2.58299994e+00 0. 0. 0. 0. 0. 0. 0. 0. 0. 0. 0.
    0. 0. 2. 2. 2. 2. 1.98199999e+00 1.95000005e+00 1.94900000e+00
    1.96099997e+00 1.99399996e+00 2. 2. 2. 2. 2.00200009e+00
    2.03600001e+00 2.05399990e+00 2.05399990e+00 2.06100011e+00
    2.06599998e+00 2.06599998e+00 2.06100011e+00 2.05399990e+00
    2.05399990e+00 2.03399992e+00 2. 2. 2.58299994e+00 0. 0. 0. 0. 0. 0.
    0. 0. 0. 0. 0. 0. 0. 2. 2. 2. 2. 1.98199999e+00 1.95000005e+00
    1.94900000e+00 1.95599997e+00 1.97599995e+00 1.97899997e+00
    1.98199999e+00 1.99500000e+00 2. 2.00200009e+00 2.03600001e+00
    2.05399990e+00 2.05399990e+00 2.05399990e+00 2.05399990e+00
    2.05399990e+00 2.05399990e+00 2.05399990e+00 2.05399990e+00
    2.03399992e+00 2. 2. 2.58299994e+00 0. 0. 0. 0. 0. 0. 0. 0. 0. 0. 0.
    0. 0. 2. 2. 2. 2. 1.98199999e+00 1.95000005e+00 1.94900000e+00
    1.94900000e+00 1.94900000e+00 1.94900000e+00 1.95599997e+00
    1.98699999e+00 1.99899995e+00 2.00200009e+00 2.03500009e+00
    2.05299997e+00 2.05399990e+00 2.05399990e+00 2.05399990e+00
    2.05399990e+00 2.05399990e+00 2.05399990e+00 2.05399990e+00
    2.03500009e+00 2.00200009e+00 2.00200009e+00 2.56299996e+00 0. 0. 0.
    0. 0. 0. 0. 0. 0. 0. 0. 0. 0. 2. 2. 2. 2. 1.98199999e+00
    1.95000005e+00 1.94900000e+00 1.94900000e+00 1.94900000e+00
    1.94900000e+00 1.95099998e+00 1.96200001e+00 1.98000002e+00
    2.00099993e+00 2.01200008e+00 2.02900004e+00 2.05200005e+00
    2.05399990e+00 2.05399990e+00 2.05399990e+00 2.05399990e+00
    2.05399990e+00 2.05399990e+00 2.04800010e+00 2.03600001e+00
    2.03600001e+00 2.21900010e+00 2.66799998e+00 2.72399998e+00
    2.92700005e+00 0. 0. 0. 0. 0. 0. 0. 0. 0. 0. 2. 2. 2. 2.
    1.98800004e+00 1.96500003e+00 1.95500004e+00 1.94900000e+00
    1.94900000e+00 1.94900000e+00 1.94900000e+00 1.94900000e+00
    1.97000003e+00 2. 2. 2.01099992e+00 2.03500009e+00 2.04699993e+00
    2.05399990e+00 2.05399990e+00 2.05399990e+00 2.05399990e+00
    2.05399990e+00 2.05399990e+00 2.05399990e+00 2.05399990e+00
    2.03999996e+00 2.00600004e+00 2. 2.23399997e+00 0. 0. 0. 0. 0. 0. 0.
    0. 0. 0. 2. 2. 2. 2. 1.99899995e+00 1.99699998e+00 1.96800005e+00
    1.94900000e+00 1.94900000e+00 1.94900000e+00 1.94900000e+00
    1.94900000e+00 1.97000003e+00 2. 2. 2.00099993e+00 2.00300002e+00
    2.03200006e+00 2.05399990e+00 2.05399990e+00 2.05399990e+00
    2.05399990e+00 2.05399990e+00 2.05399990e+00 2.05399990e+00
    2.05399990e+00 2.03999996e+00 2.00600004e+00 2. 2.02999997e+00
    2.15000010e+00 2.19000006e+00 2.28699994e+00 0. 0. 0. 0. 0. 0. 0.
    2.03099990e+00 2.01699996e+00 2. 2. 2. 2. 1.96899998e+00
    1.94900000e+00 1.94900000e+00 1.94900000e+00 1.94900000e+00
    1.94900000e+00 1.97000003e+00 2. 2. 2. 2. 2.01300001e+00
    2.02300000e+00 2.02300000e+00 2.02300000e+00 2.02300000e+00
    2.02300000e+00 2.03399992e+00 2.05399990e+00 2.05399990e+00
    2.04800010e+00 2.03299999e+00 2.03099990e+00 2.03399992e+00
    2.04900002e+00 2.05399990e+00 2.09899998e+00 2.63700008e+00
    2.90400004e+00 0. 0. 0. 0. 0. 2.46900010e+00 2.25799990e+00 2. 2. 2.
    2. 1.97500002e+00 1.95700002e+00 1.95000005e+00 1.94900000e+00
    1.94900000e+00 1.94900000e+00 1.97000003e+00 2. 2. 2. 2. 2. 2. 2. 2.
    2. 2. 2.01600003e+00 2.04299998e+00 2.04999995e+00 2.05399990e+00
    2.05399990e+00 2.05399990e+00 2.05399990e+00 2.05399990e+00
    2.05399990e+00 2.05399990e+00 2.05399990e+00 2.05399990e+00 0. 0. 0.
    0. 0. 0. 2.98399997e+00 2. 2. 2. 2. 1.99500000e+00 1.98099995e+00
    1.95400000e+00 1.94900000e+00 1.94900000e+00 1.94900000e+00
    1.97000003e+00 2. 2. 2. 2. 2. 2. 2. 2. 2. 2. 2.00300002e+00
    2.00900006e+00 2.03699994e+00 2.05399990e+00 2.05399990e+00
    2.05399990e+00 2.05399990e+00 2.05399990e+00 2.05399990e+00
    2.05399990e+00 2.05399990e+00 2.05399990e+00 0. 0. 0. 0. 0. 0. 0. 2.
    2. 2. 2. 2. 1.98800004e+00 1.95500004e+00 1.94900000e+00
    1.94900000e+00 1.94900000e+00 1.97000003e+00 2. 2. 2. 2. 2. 2. 2. 2.
    2. 2. 2. 2. 2.01799989e+00 2.02900004e+00 2.02900004e+00
    2.02900004e+00 2.03299999e+00 2.04900002e+00 2.05399990e+00
    2.05399990e+00 2.05399990e+00 2.05399990e+00 0. 0. 0. 0. 0. 0. 0.
    2.20700002e+00 2.21399999e+00 2.14100003e+00 2. 1.99500000e+00
    1.98399997e+00 1.95500004e+00 1.94900000e+00 1.94900000e+00
    1.94900000e+00 1.97000003e+00 2. 2. 2. 2. 2. 2. 2. 2. 2. 2. 2. 2. 2.
    2. 2. 2. 2.00799990e+00 2.03800011e+00 2.04900002e+00 2.04900002e+00
    2.04900002e+00 2.04900002e+00 0. 0. 0. 0. 0. 0. 0. 0. 0. 0. 2.
    1.96300006e+00 1.95899999e+00 1.95099998e+00 1.94900000e+00
