<?xml version="1.0"?>
<opencv_storage>
<Depth type_id="opencv-matrix">
  <rows>40</rows>
  <cols>40</cols>
  <dt>f</dt>
  <data>
    0. 0. 0. 0. 0. 0. 0. 0. 0. 0. 0. 0. 0. 0. 0. 0. 0. 0. 0. 0. 0. 0. 0.
    0. 0. 0. 0. 0. 0. 0. 0. 0. 0. 0. 0. 0. 0. 0. 0. 0. 0. 0. 0. 0. 0. 0.
    0. 0. 0. 0. 0. 0. 0. 0. 0. 0. 0. 0. 0. 0. 0. 0. 0. 0. 0. 0. 0. 0. 0.
    0. 0. 0. 0. 0. 0. 0. 0. 0. 0. 0. 0. 0. 0. 0. 0. 0. 0. 0. 0. 0. 0. 0.
    0. 0. 0. 0. 0. 0. 0. 0. 0. 0. 0. 0. 0. 0. 0. 0. 0. 0. 0. 0. 0. 0. 0.
    0. 0. 0. 0. 0. 0. 0. 0. 0. 0. 0. 0. 0. 0. 0. 0. 0. 0. 0. 0. 0. 0. 0.
    0. 0. 0. 0. 0. 0. 0. 0. 0. 0. 0. 0. 0. 0. 0. 0. 0. 0. 0. 0. 0. 0. 0.
    0. 0. 0. 0. 0. 0. 0. 0. 0. 0. 0. 0. 0. 0. 0. 0. 0. 0. 0. 0. 0. 0. 0.
    0. 0. 0. 0. 0. 0. 0. 0. 0. 0. 0. 0. 0. 0. 0. 0. 0. 0. 0. 0. 0. 0. 0.
    0. 0. 0. 0. 0. 0. 0. 0. 0. 0. 0. 0. 0. 0. 0. 0. 0. 0. 0. 0. 0. 0. 0.
    0. 0. 0. 0. 0. 0. 0. 0. 0. 0. 0. 0. 0. 0. 0. 0. 0. 0. 0. 0. 0. 0. 0.
    0. 0. 0. 0. 0. 0. 0. 0. 0. 0. 0. 0. 0. 0. 0. 0. 0. 0. 0. 0. 0. 0. 0.
    0. 0. 0. 0. 0. 0. 0. 0. 0. 0. 0. 0. 0. 0. 0. 0. 0. 0. 0. 0. 0. 0. 0.
    0. 0. 0. 0. 0. 0. 0. 0. 0. 0. 0. 0. 0. 0. 0. 0. 0. 0. 0. 0. 0. 0. 0.
    0. 0. 0. 0. 0. 0. 0. 0. 0. 0. 0. 0. 0. 0. 0. 0. 0. 0. 0. 0. 0. 0. 0.
    0. 0. 0. 0. 0. 0. 0. 0. 0. 0. 0. 0. 0. 0. 0. 0. 0. 0. 0. 0. 0. 0. 0.
    0. 0. 0. 0. 0. 0. 0. 0. 0. 0. 0. 0. 0. 0. 0. 0. 0. 0. 0. 0. 0. 0. 0.
    0. 0. 0. 0. 0. 0. 0. 0. 0. 0. 0. 0. 0. 0. 0. 0. 0. 0. 0. 0. 0. 0. 0.
    0. 0. 0. 0. 0. 0. 0. 0. 0. 0. 0. 0. 0. 0. 0. 0. 0. 0. 0. 0. 0. 0. 0.
    0. 0. 0. 0. 0. 0. 0. 0. 0. 0. 0. 0. 0. 0. 0. 0. 0. 0. 0. 0. 0. 0. 0.
    0. 0. 0. 0. 0. 0. 0. 0. 0. 0. 0. 0. 0. 0. 0. 0. 0. 0. 0. 0. 0. 0. 0.
    0. 0. 0. 0. 0. 0. 0. 0. 0. 0. 0. 0. 0. 0. 0. 0. 0. 0. 0. 0. 0. 0. 0.
    0. 0. 0. 0. 0. 0. 0. 0. 0. 0. 0. 0. 0. 0. 0. 0. 0. 0. 0. 0. 0. 0. 0.
    0. 0. 0. 0. 0. 0. 0. 0. 0. 0. 0. 0. 0. 0. 0. 0. 0. 0. 0. 0. 0. 0. 0.
    0. 0. 0. 0. 0. 0. 0. 0. 2.08100009e+00 2.08100009e+00 2.08100009e+00
    2.04200006e+00 2. 2. 2. 2. 2. 2. 2.00699997e+00 2.04800010e+00
    2.08100009e+00 2.08100009e+00 2.08100009e+00 2.08100009e+00
    2.05399990e+00 1.97200000e+00 1.92200005e+00 1.92200005e+00
    1.92200005e+00 1.92200005e+00 1.92200005e+00 1.92200005e+00
    1.92200005e+00 1.92200005e+00 1.92200005e+00 1.92200005e+00
    1.92200005e+00 1.92200005e+00 1.92200005e+00 1.92200005e+00
    1.92200005e+00 1.92200005e+00 1.92200005e+00 1.92200005e+00
    1.92200005e+00 1.92200005e+00 1.92200005e+00 1.92200005e+00
    2.08100009e+00 2.08100009e+00 2.08100009e+00 2.04200006e+00 2. 2. 2.
    2. 2. 2. 2.00500011e+00 2.03500009e+00 2.05900002e+00 2.05900002e+00
    2.05900002e+00 2.05900002e+00 2.03600001e+00 1.96500003e+00
    1.92200005e+00 1.92200005e+00 1.92200005e+00 1.92200005e+00
    1.92200005e+00 1.92200005e+00 1.92200005e+00 1.92200005e+00
    1.92200005e+00 1.92200005e+00 1.92200005e+00 1.92200005e+00
    1.92200005e+00 1.92200005e+00 1.92200005e+00 1.92200005e+00
    1.92200005e+00 1.92200005e+00 1.92200005e+00 1.92200005e+00
    1.92200005e+00 1.92200005e+00 2.08100009e+00 2.08100009e+00
    2.08100009e+00 2.04200006e+00 2. 2. 2. 2. 2. 2. 2.00099993e+00
    2.00999999e+00 2.01699996e+00 2.01699996e+00 2.01699996e+00
    2.01699996e+00 2.00099993e+00 1.95200002e+00 1.92200005e+00
    1.92200005e+00 1.92200005e+00 1.92200005e+00 1.92200005e+00
    1.92200005e+00 1.92200005e+00 1.92200005e+00 1.92200005e+00
    1.92200005e+00 1.92200005e+00 1.92200005e+00 1.92200005e+00
    1.92200005e+00 1.92200005e+00 1.92200005e+00 1.92200005e+00
    1.92200005e+00 1.92200005e+00 1.92200005e+00 1.92200005e+00
    1.92200005e+00 2.08100009e+00 2.08100009e+00 2.08100009e+00
    2.05399990e+00 2.02500010e+00 2.01200008e+00 1.99899995e+00
    1.98699999e+00 1.97599995e+00 1.97599995e+00 1.97800004e+00
    1.99100006e+00 2. 2. 2. 2. 1.98699999e+00 1.94599998e+00
    1.92200005e+00 1.92200005e+00 1.92200005e+00 1.92200005e+00
    1.92200005e+00 1.92200005e+00 1.92200005e+00 1.92200005e+00
    1.92200005e+00 1.92200005e+00 1.92200005e+00 1.92200005e+00
    1.92200005e+00 1.92200005e+00 1.92200005e+00 1.92200005e+00
    1.92200005e+00 1.92200005e+00 1.92200005e+00 1.92200005e+00
    1.92200005e+00 1.92200005e+00 2.08100009e+00 2.08100009e+00
    2.08100009e+00 2.07399988e+00 2.06599998e+00 2.03200006e+00
    1.99899995e+00 1.96599996e+00 1.93599999e+00 1.93599999e+00
    1.94200003e+00 1.97399998e+00 2. 2. 2. 2. 1.98699999e+00
    1.94599998e+00 1.92200005e+00 1.92200005e+00 1.92200005e+00
    1.92200005e+00 1.92200005e+00 1.92200005e+00 1.92200005e+00
    1.92200005e+00 1.92200005e+00 1.92200005e+00 1.92200005e+00
    1.92200005e+00 1.92200005e+00 1.92200005e+00 1.92200005e+00
    1.92200005e+00 1.92200005e+00 1.92200005e+00 1.92200005e+00
    1.92200005e+00 1.92200005e+00 1.92200005e+00 2.05399990e+00
    2.06599998e+00 2.07999992e+00 2.08100009e+00 2.08100009e+00
    2.03999996e+00 1.99800003e+00 1.95799994e+00 1.92200005e+00
    1.92200005e+00 1.92799997e+00 1.96899998e+00 2. 2. 2. 2.
    1.99100006e+00 1.96399999e+00 1.94799995e+00 1.94799995e+00
    1.94200003e+00 1.92900002e+00 1.92200005e+00 1.92200005e+00
    1.92200005e+00 1.92200005e+00 1.92200005e+00 1.92200005e+00
    1.92200005e+00 1.92200005e+00 1.92200005e+00 1.92200005e+00
    1.92200005e+00 1.92200005e+00 1.92200005e+00 1.92200005e+00
    1.92200005e+00 1.92200005e+00 1.92200005e+00 1.92200005e+00
    2.01200008e+00 2.04299998e+00 2.07900000e+00 2.08100009e+00
    2.08100009e+00 2.03999996e+00 1.99800003e+00 1.95799994e+00
    1.92200005e+00 1.92200005e+00 1.92799997e+00 1.96899998e+00 2. 2. 2.
    2. 1.99800003e+00 1.99199998e+00 1.98800004e+00 1.98800004e+00
    1.97300005e+00 1.93900001e+00 1.92200005e+00 1.92200005e+00
    1.92200005e+00 1.92200005e+00 1.92200005e+00 1.92200005e+00
    1.92200005e+00 1.92200005e+00 1.92200005e+00 1.92200005e+00
    1.92200005e+00 1.92200005e+00 1.92200005e+00 1.92200005e+00
    1.92200005e+00 1.92200005e+00 1.92200005e+00 1.92200005e+00 2.
    2.03600001e+00 2.07800007e+00 2.08100009e+00 2.08100009e+00
    2.03999996e+00 1.99899995e+00 1.97300005e+00 1.95000005e+00
    1.95000005e+00 1.95400000e+00 1.98000002e+00 2. 2. 2. 2. 2. 2. 2. 2.
    1.98899996e+00 1.96300006e+00 1.95000005e+00 1.95000005e+00
    1.95000005e+00 1.95000005e+00 1.95000005e+00 1.95000005e+00
    1.95000005e+00 1.95000005e+00 1.94000006e+00 1.92499995e+00
    1.92200005e+00 1.92200005e+00 1.92200005e+00 1.92200005e+00
    1.92200005e+00 1.92200005e+00 1.90799999e+00 1.89499998e+00 2.
    2.03600001e+00 2.07800007e+00 2.08100009e+00 2.08100009e+00
    2.03999996e+00 2. 1.99500000e+00 1.99000001e+00 1.99000001e+00
    1.99100006e+00 1.99600005e+00 2. 2. 2. 2. 2. 2. 2. 2. 1.99800003e+00
    1.99300003e+00 1.99000001e+00 1.99000001e+00 1.99000001e+00
    1.99000001e+00 1.99000001e+00 1.99000001e+00 1.99000001e+00
    1.99000001e+00 1.96399999e+00 1.92900002e+00 1.92200005e+00
    1.92200005e+00 1.92200005e+00 1.92200005e+00 1.92200005e+00
    1.92200005e+00 1.88900006e+00 1.85500002e+00 2.02999997e+00
    2.05399990e+00 2.07900000e+00 2.08100009e+00 2.08100009e+00
    2.05599999e+00 2.03099990e+00 2.01500010e+00 2. 2. 2. 2.
    2.00399995e+00 2.01999998e+00 2.03200006e+00 2.03200006e+00
    2.03200006e+00 2.03200006e+00 2.03200006e+00 2.03200006e+00
    2.03200006e+00 2.03200006e+00 2.02300000e+00 2.00699997e+00 2. 2. 2.
    2. 2. 2. 1.98199999e+00 1.95799994e+00 1.94000006e+00 1.92400002e+00
    1.92200005e+00 1.92200005e+00 1.92200005e+00 1.92200005e+00
    1.88399994e+00 1.84599996e+00 2.06900001e+00 2.07699990e+00
    2.08100009e+00 2.08100009e+00 2.08100009e+00 2.07699990e+00
    2.07200003e+00 2.03399992e+00 2. 2. 2. 2. 2.00799990e+00
    2.04600000e+00 2.07299995e+00 2.07299995e+00 2.07299995e+00
    2.07299995e+00 2.07299995e+00 2.07299995e+00 2.07299995e+00
    2.07299995e+00 2.05399990e+00 2.01699996e+00 2. 2. 2. 2. 2. 2.
    1.99699998e+00 1.99300003e+00 1.96399999e+00 1.92700005e+00
    1.92200005e+00 1.92200005e+00 1.92200005e+00 1.92200005e+00
