<?xml version="1.0"?>
<opencv_storage>
<Depth type_id="opencv-matrix">
  <rows>40</rows>
  <cols>40</cols>
  <dt>f</dt>
  <data>
    0. 0. 0. 0. 0. 0. 0. 0. 0. 0. 0. 0. 0. 0. 0. 0. 0. 0. 0. 0. 0. 0. 0.
    0. 0. 0. 0. 0. 0. 0. 0. 0. 0. 0. 0. 0. 0. 0. 0. 0. 0. 0. 0. 0. 0. 0.
    0. 0. 0. 0. 0. 0. 0. 0. 0. 0. 0. 0. 0. 0. 0. 0. 0. 0. 0. 0. 0. 0. 0.
    0. 0. 0. 0. 0. 0. 0. 0. 0. 0. 0. 0. 0. 0. 0. 0. 0. 0. 0. 0. 0. 0. 0.
    0. 0. 0. 0. 0. 0. 0. 0. 0. 0. 0. 0. 0. 0. 0. 0. 0. 0. 0. 0. 0. 0. 0.
    0. 0. 0. 0. 0. 0. 0. 0. 0. 0. 0. 0. 0. 0. 0. 0. 0. 0. 0. 0. 0. 0. 0.
    0. 0. 0. 0. 0. 0. 0. 0. 0. 0. 0. 0. 0. 0. 0. 0. 0. 0. 0. 0. 0. 0. 0.
    0. 0. 0. 0. 0. 0. 0. 0. 0. 0. 0. 0. 0. 0. 0. 0. 0. 0. 0. 0. 0. 0. 0.
    0. 0. 0. 0. 0. 0. 0. 0. 0. 0. 0. 0. 0. 0. 0. 0. 0. 0. 0. 0. 0. 0. 0.
    0. 0. 0. 0. 0. 0. 0. 0. 0. 0. 0. 0. 0. 0. 0. 0. 0. 0. 0. 0. 0. 0. 0.
    0. 0. 0. 0. 0. 0. 0. 0. 0. 0. 0. 0. 0. 0. 0. 0. 0. 0. 0. 0. 0. 0. 0.
    0. 0. 0. 0. 0. 0. 0. 0. 0. 0. 0. 0. 0. 0. 0. 0. 0. 0. 0. 0. 0. 0. 0.
    0. 0. 0. 0. 0. 0. 0. 0. 0. 0. 0. 0. 0. 0. 0. 0. 0. 0. 0. 0. 0. 0. 0.
    0. 0. 0. 0. 0. 0. 0. 0. 0. 0. 0. 0. 0. 0. 0. 0. 0. 0. 0. 0. 0. 0. 0.
    0. 0. 0. 0. 0. 0. 0. 0. 0. 0. 0. 0. 0. 0. 0. 0. 0. 0. 0. 0. 0. 0. 0.
    0. 0. 0. 0. 0. 0. 0. 0. 0. 0. 0. 0. 0. 0. 0. 0. 0. 0. 0. 0. 0. 0. 0.
    0. 0. 0. 0. 0. 0. 0. 0. 0. 0. 0. 0. 0. 0. 0. 0. 0. 0. 0. 0. 0. 0. 0.
    0. 0. 0. 0. 0. 0. 0. 0. 0. 0. 0. 1.17299998e+00 1.17299998e+00
    1.17999995e+00 1.18599999e+00 1.18900001e+00 1.19200003e+00
    1.19900000e+00 1.20000005e+00 1.19799995e+00 1.21300006e+00
    1.23899996e+00 1.24300003e+00 1.24399996e+00 1.25000000e+00
    1.25500000e+00 1.26600003e+00 1.27400005e+00 1.27600002e+00
    1.27900004e+00 1.28400004e+00 1.29400003e+00 1.29999995e+00
    1.43599999e+00 1.44500005e+00 1.84800005e+00 2.04900002e+00
    2.09500003e+00 2.15700006e+00 2.16199994e+00 2.16199994e+00
    2.16199994e+00 1.84800005e+00 0. 0. 0. 0. 0. 0. 0. 0. 1.17799997e+00
    1.18099999e+00 1.18599999e+00 1.19000006e+00 1.18900001e+00
    1.18799996e+00 1.19200003e+00 1.19299996e+00 1.18799996e+00
    1.20899999e+00 1.24699998e+00 1.24899995e+00 1.25399995e+00
    1.25699997e+00 1.26699996e+00 1.27199996e+00 1.27499998e+00
    1.28299999e+00 1.28400004e+00 1.28699994e+00 1.29999995e+00
    1.54499996e+00 2.03399992e+00 2.04900002e+00 2.05299997e+00
    2.05900002e+00 2.08299994e+00 2.13199997e+00 2.16199994e+00
    2.16199994e+00 2.16199994e+00 2.01600003e+00 0. 0. 0. 0. 0. 0. 0. 0.
    1.18099999e+00 1.18599999e+00 1.19099998e+00 1.19099998e+00
    1.18599999e+00 1.18400002e+00 1.18599999e+00 1.18799996e+00
    1.18799996e+00 1.21399999e+00 1.25899994e+00 1.25899994e+00
    1.26400006e+00 1.26400006e+00 1.26900005e+00 1.26900005e+00
    1.27300000e+00 1.94000006e+00 1.58500004e+00 1.28299999e+00
    1.99399996e+00 2.03299999e+00 2.05800009e+00 2.05800009e+00
    2.07399988e+00 2.09299994e+00 2.10999990e+00 2.13199997e+00
    2.15100002e+00 2.16199994e+00 2.16199994e+00 2.16400003e+00
    1.09599996e+00 0. 0. 0. 0. 0. 0. 0. 1.18099999e+00 1.18700004e+00
    1.19500005e+00 1.19099998e+00 1.18599999e+00 1.18400002e+00
    1.18499994e+00 1.18700004e+00 1.20000005e+00 1.25999999e+00
    1.26100004e+00 1.26100004e+00 1.26400006e+00 1.26400006e+00
    1.28799999e+00 1.72599995e+00 2.02399993e+00 2.02800012e+00
    2.04200006e+00 2.05800009e+00 2.06999993e+00 2.07200003e+00
    2.07200003e+00 2.08100009e+00 2.09999990e+00 2.12199998e+00
    2.12199998e+00 2.13199997e+00 2.13499999e+00 2.14499998e+00
    2.16100001e+00 2.16300011e+00 2.16700006e+00 0. 0. 0. 0. 0. 0. 0.
    1.17999995e+00 1.18400002e+00 1.18900001e+00 1.19099998e+00
    1.18799996e+00 1.18400002e+00 1.18400002e+00 1.18400002e+00
    1.25100005e+00 1.25999999e+00 1.56599998e+00 1.68700004e+00
    1.69000006e+00 1.69900000e+00 1.74899995e+00 2.02399993e+00
    2.02399993e+00 2.03500009e+00 2.04200006e+00 2.05800009e+00
    2.06200004e+00 2.07200003e+00 2.07200003e+00 2.07200003e+00
    2.09200001e+00 2.12199998e+00 2.12500000e+00 2.13400006e+00
    2.13499999e+00 2.14100003e+00 2.15899992e+00 2.16199994e+00
    2.14199996e+00 2.12199998e+00 1.27199996e+00 0. 0. 0. 0. 0.
    1.17600000e+00 1.17999995e+00 1.18400002e+00 1.19200003e+00
    1.19000006e+00 1.18799996e+00 1.18700004e+00 1.18400002e+00
    1.90799999e+00 1.91799998e+00 1.96099997e+00 1.97800004e+00
    1.98300004e+00 1.98899996e+00 2.01399994e+00 2.02399993e+00
    2.02399993e+00 2.02699995e+00 2.03500009e+00 2.04600000e+00
    2.06200004e+00 2.07200003e+00 2.07200003e+00 2.08299994e+00
    2.09200001e+00 2.10999990e+00 2.10999990e+00 2.11899996e+00
    2.13499999e+00 2.14100003e+00 2.14899993e+00 2.15100002e+00
    2.15400004e+00 2.13599992e+00 2.14000010e+00 0. 0. 0. 0. 0.
    1.17600000e+00 1.17799997e+00 1.18400002e+00 1.19200003e+00
    1.19700003e+00 1.19700003e+00 1.41799998e+00 1.93400002e+00
    1.94200003e+00 1.95200002e+00 1.96000004e+00 1.97500002e+00
    1.97800004e+00 1.98699999e+00 1.99800003e+00 2.01200008e+00
    2.01999998e+00 2.02600002e+00 2.03500009e+00 2.03500009e+00
    2.04999995e+00 2.05900002e+00 2.06800008e+00 2.07200003e+00
    2.08599997e+00 2.10500002e+00 2.10500002e+00 2.11500001e+00
    2.13100004e+00 2.13299990e+00 2.14499998e+00 2.15400004e+00
    2.16199994e+00 2.16199994e+00 2.16199994e+00 0. 0. 0. 0. 0.
    1.17600000e+00 1.17799997e+00 1.18400002e+00 1.18700004e+00
    1.19900000e+00 1.20500004e+00 1.75600004e+00 1.93400002e+00
    1.93400002e+00 1.94000006e+00 1.94700003e+00 1.96000004e+00
    1.97300005e+00 1.98699999e+00 1.98899996e+00 1.99600005e+00
    2.00300002e+00 2.01699996e+00 2.02399993e+00 2.03399992e+00
    2.04800010e+00 2.05100012e+00 2.05900002e+00 2.06599998e+00
    2.07999992e+00 2.08899999e+00 2.09699988e+00 2.10599995e+00
    2.12199998e+00 2.12800002e+00 2.13899994e+00 2.15400004e+00
    2.16199994e+00 2.16199994e+00 2.16199994e+00 0. 0. 0. 0. 0.
    1.18499994e+00 1.18499994e+00 1.18900001e+00 1.19099998e+00
    1.20400000e+00 1.84599996e+00 1.93400002e+00 1.93400002e+00
    1.93400002e+00 1.93799996e+00 1.94500005e+00 1.95599997e+00
    1.97099996e+00 1.97800004e+00 1.97899997e+00 1.98899996e+00
    1.98899996e+00 2. 2.01300001e+00 2.03399992e+00 2.03500009e+00
    2.03500009e+00 2.03500009e+00 2.06299996e+00 2.07200003e+00
    2.08400011e+00 2.08899999e+00 2.10599995e+00 2.12199998e+00
    2.12199998e+00 2.13199997e+00 2.13499999e+00 2.13499999e+00
    2.14599991e+00 2.16000009e+00 0. 0. 0. 0. 0. 1.85200000e+00
    1.85699999e+00 1.87100005e+00 1.88199997e+00 1.88199997e+00
    1.88199997e+00 1.91499996e+00 1.92799997e+00 1.93400002e+00
    1.93799996e+00 1.94500005e+00 1.95500004e+00 1.96700001e+00
    1.97399998e+00 1.97899997e+00 1.98899996e+00 1.98899996e+00 2.
    2.00699997e+00 2.02300000e+00 2.02699995e+00 2.03500009e+00
    2.03500009e+00 2.04399991e+00 2.06599998e+00 2.07200003e+00
    2.08400011e+00 2.09599996e+00 2.10500002e+00 2.11500001e+00
    2.12400007e+00 2.12899995e+00 2.12100005e+00 2.12800002e+00
    1.89400005e+00 0. 0. 0. 0. 0. 1.85899997e+00 1.86399996e+00
    1.87199998e+00 1.88199997e+00 1.88199997e+00 1.88900006e+00
    1.89499998e+00 1.90499997e+00 1.91900003e+00 1.93499994e+00
    1.93700004e+00 1.94799995e+00 1.95200002e+00 1.96399999e+00
    1.97099996e+00 1.98099995e+00 1.98800004e+00 1.99199998e+00
    1.99800003e+00 2.01399994e+00 2.02500010e+00 2.03200006e+00
    2.03500009e+00 2.04500008e+00 2.05500007e+00 2.07200003e+00
    2.07699990e+00 2.09400010e+00 2.09699988e+00 2.10200000e+00
    2.10899997e+00 2.11800003e+00 2.09699988e+00 2.09699988e+00
    1.25800002e+00 0. 0. 0. 0. 0. 1.85200000e+00 1.86199999e+00
    1.87199998e+00 1.88100004e+00 1.88699996e+00 1.89100003e+00
    1.89199996e+00 1.89199996e+00 1.90199995e+00 1.92600000e+00
    1.93299997e+00 1.93299997e+00 1.94200003e+00 1.95400000e+00
    1.95799994e+00 1.97800004e+00 1.97800004e+00 1.98899996e+00
    1.98899996e+00 2.00999999e+00 2.02399993e+00 2.03099990e+00
