<?xml version="1.0"?>
<opencv_storage>
<Depth type_id="opencv-matrix">
  <rows>40</rows>
  <cols>40</cols>
  <dt>f</dt>
  <data>
    0. 0. 0. 0. 0. 0. 0. 0. 0. 0. 0. 0. 0. 0. 0. 0. 0. 0. 0. 0. 0. 0. 0.
    0. 0. 0. 0. 0. 0. 0. 0. 0. 0. 0. 0. 0. 0. 0. 0. 0. 0. 0. 0. 0. 0. 0.
    0. 0. 0. 0. 0. 0. 0. 0. 0. 0. 0. 0. 0. 0. 0. 0. 0. 0. 0. 0. 0. 0. 0.
    0. 0. 0. 0. 0. 0. 0. 0. 0. 0. 0. 0. 0. 0. 0. 0. 0. 0. 0. 0. 0. 0. 0.
    0. 0. 0. 0. 0. 0. 0. 0. 0. 0. 0. 0. 0. 0. 0. 0. 0. 0. 0. 0. 0. 0. 0.
    0. 0. 0. 0. 0. 0. 0. 0. 0. 0. 0. 0. 0. 0. 0. 0. 0. 0. 0. 0. 0. 0. 0.
    0. 0. 0. 0. 0. 0. 0. 0. 0. 0. 0. 0. 0. 0. 0. 0. 0. 0. 0. 0. 0. 0. 0.
    0. 0. 0. 0. 0. 0. 0. 0. 0. 0. 0. 0. 0. 0. 0. 0. 0. 0. 0. 0. 0. 0. 0.
    0. 0. 0. 0. 0. 0. 0. 0. 0. 0. 0. 0. 0. 0. 0. 0. 0. 0. 0. 0. 0. 0. 0.
    0. 0. 0. 0. 0. 0. 0. 0. 0. 0. 0. 0. 0. 0. 0. 0. 0. 0. 0. 0. 0. 0. 0.
    0. 0. 0. 0. 0. 0. 0. 0. 0. 0. 0. 0. 0. 0. 0. 0. 0. 0. 0. 0. 0. 0. 0.
    0. 0. 0. 0. 0. 0. 0. 0. 0. 0. 0. 0. 0. 0. 0. 0. 0. 0. 0. 0. 0. 0. 0.
    0. 0. 0. 0. 0. 0. 0. 0. 0. 0. 0. 0. 0. 0. 0. 0. 0. 0. 0. 0. 0. 0. 0.
    0. 0. 0. 0. 0. 0. 0. 0. 0. 0. 0. 0. 0. 0. 0. 0. 0. 0. 0. 0. 0. 0. 0.
    0. 0. 0. 0. 0. 0. 0. 0. 0. 0. 0. 0. 0. 0. 0. 0. 0. 0. 0. 0. 0. 0. 0.
    0. 0. 0. 0. 0. 0. 0. 0. 0. 0. 0. 0. 0. 0. 0. 0. 0. 0. 0. 0. 0. 0. 0.
    0. 0. 0. 0. 0. 0. 0. 0. 0. 0. 0. 0. 0. 0. 0. 0. 0. 0. 0. 0. 0. 0. 0.
    0. 0. 0. 0. 0. 0. 0. 0. 0. 0. 0. 0. 0. 0. 0. 0. 0. 0. 0. 0. 0. 0. 0.
    0. 0. 0. 0. 0. 0. 0. 0. 0. 0. 0. 0. 0. 0. 0. 0. 0. 0. 0. 0. 0. 0. 0.
    0. 0. 0. 2.09400010e+00 2.11299992e+00 2.11299992e+00 2.09800005e+00
    2.04800010e+00 2. 2. 2. 2. 2. 2. 2. 2. 2. 2. 2.08500004e+00
    2.18499994e+00 2.20000005e+00 2.15000010e+00 2.11299992e+00
    2.11299992e+00 2.11299992e+00 2.06500006e+00 2.01500010e+00 2. 2. 2.
    2. 2.06200004e+00 2.65000010e+00 0. 0. 0. 0. 0. 0. 0. 0. 0. 0.
    2.07900000e+00 2.09599996e+00 2.09599996e+00 2.08200002e+00
    2.04099989e+00 2. 1.99300003e+00 1.98500001e+00 1.98300004e+00
    1.98300004e+00 1.98300004e+00 1.98300004e+00 1.98300004e+00
    1.98300004e+00 1.98300004e+00 2.06200004e+00 2.15400004e+00
    2.16899991e+00 2.12700009e+00 2.09599996e+00 2.09599996e+00
    2.09599996e+00 2.04800010e+00 1.99899995e+00 1.98300004e+00
    1.98300004e+00 1.98300004e+00 1.98300004e+00 2.03600001e+00
    2.53200006e+00 0. 0. 0. 0. 0. 0. 0. 0. 0. 0. 2.03800011e+00
    2.04600000e+00 2.04600000e+00 2.03999996e+00 2.01999998e+00
    1.99899995e+00 1.97200000e+00 1.94400001e+00 1.93599999e+00
    1.93599999e+00 1.93599999e+00 1.93599999e+00 1.93599999e+00
    1.93599999e+00 1.93599999e+00 1.99500000e+00 2.06399989e+00
    2.08200002e+00 2.06100011e+00 2.04600000e+00 2.04600000e+00
    2.04600000e+00 1.99899995e+00 1.95099998e+00 1.93599999e+00
    1.93599999e+00 1.93599999e+00 1.93599999e+00 1.96200001e+00
    2.20199990e+00 2.44199991e+00 2.48699999e+00 2.48699999e+00
    2.48699999e+00 2.48699999e+00 2.49300003e+00 2.52099991e+00
    2.54900002e+00 2.55100012e+00 2.55100012e+00 2. 2. 2. 2.
    1.99800003e+00 1.99600005e+00 1.95000005e+00 1.90400004e+00
    1.89199996e+00 1.89199996e+00 1.89199996e+00 1.89199996e+00
    1.89199996e+00 1.89199996e+00 1.89199996e+00 1.93200004e+00
    1.97899997e+00 2. 2. 2. 2. 2. 1.95400000e+00 1.90699995e+00
    1.89199996e+00 1.89199996e+00 1.89199996e+00 1.89199996e+00
    1.89199996e+00 1.89199996e+00 1.89199996e+00 1.89199996e+00
    1.89199996e+00 1.89199996e+00 1.89199996e+00 1.90300000e+00
    1.94799995e+00 1.99399996e+00 1.99699998e+00 1.99699998e+00 2. 2. 2.
    1.99300003e+00 1.97099996e+00 1.94900000e+00 1.92400002e+00
    1.89900005e+00 1.89199996e+00 1.89199996e+00 1.89199996e+00
    1.89199996e+00 1.89199996e+00 1.89199996e+00 1.89199996e+00
    1.93200004e+00 1.97899997e+00 2. 2. 2. 2. 2. 1.95400000e+00
    1.90699995e+00 1.89199996e+00 1.89199996e+00 1.89199996e+00
    1.89199996e+00 1.89199996e+00 1.89199996e+00 1.89199996e+00
    1.89199996e+00 1.89199996e+00 1.89199996e+00 1.89199996e+00
    1.89800000e+00 1.92299998e+00 1.94799995e+00 1.95000005e+00
    1.95000005e+00 2. 2. 2. 1.98699999e+00 1.94400001e+00 1.90300000e+00
    1.89800000e+00 1.89300001e+00 1.89199996e+00 1.89199996e+00
    1.89199996e+00 1.89199996e+00 1.89199996e+00 1.89199996e+00
    1.89199996e+00 1.93200004e+00 1.97899997e+00 2. 2. 2. 2. 2.
    1.95400000e+00 1.90699995e+00 1.89199996e+00 1.89199996e+00
    1.89199996e+00 1.89199996e+00 1.89199996e+00 1.89199996e+00
    1.89199996e+00 1.89199996e+00 1.89199996e+00 1.89199996e+00
    1.89199996e+00 1.89300001e+00 1.89800000e+00 1.90300000e+00
    1.90300000e+00 1.90300000e+00 2. 2. 2. 1.98500001e+00 1.93799996e+00
    1.89199996e+00 1.89199996e+00 1.89199996e+00 1.89199996e+00
    1.89199996e+00 1.89199996e+00 1.89199996e+00 1.89400005e+00
    1.90999997e+00 1.92600000e+00 1.95500004e+00 1.98599994e+00 2. 2. 2.
    2. 2. 1.95400000e+00 1.90699995e+00 1.89199996e+00 1.89199996e+00
    1.89199996e+00 1.89199996e+00 1.89199996e+00 1.89199996e+00
    1.89199996e+00 1.89199996e+00 1.89199996e+00 1.89199996e+00
    1.89199996e+00 1.89199996e+00 1.89199996e+00 1.89199996e+00
    1.89199996e+00 1.89199996e+00 2. 2. 2. 1.98500001e+00 1.93799996e+00
    1.89199996e+00 1.89199996e+00 1.89199996e+00 1.89199996e+00
    1.89199996e+00 1.89199996e+00 1.89199996e+00 1.89699996e+00
    1.93400002e+00 1.97000003e+00 1.98500001e+00 1.99500000e+00 2. 2. 2.
    2. 2. 1.95400000e+00 1.90699995e+00 1.89199996e+00 1.89199996e+00
    1.89199996e+00 1.89199996e+00 1.89199996e+00 1.89199996e+00
    1.89199996e+00 1.89199996e+00 1.89199996e+00 1.89199996e+00
    1.89199996e+00 1.89199996e+00 1.89199996e+00 1.89199996e+00
    1.89199996e+00 1.89199996e+00 2. 2. 2. 1.98800004e+00 1.95099998e+00
    1.91400003e+00 1.90499997e+00 1.89499998e+00 1.89199996e+00
    1.89199996e+00 1.89600003e+00 1.90600002e+00 1.91999996e+00
    1.95700002e+00 1.99500000e+00 2. 2. 2. 2. 2. 2. 2. 1.96300006e+00
    1.92600000e+00 1.91499996e+00 1.91499996e+00 1.91499996e+00
    1.91499996e+00 1.91400003e+00 1.90400004e+00 1.89400005e+00
    1.89199996e+00 1.89199996e+00 1.89199996e+00 1.89199996e+00
    1.89199996e+00 1.89199996e+00 1.89199996e+00 1.89199996e+00
    1.89199996e+00 2. 2. 2. 1.99500000e+00 1.97800004e+00 1.96099997e+00
    1.93099999e+00 1.89999998e+00 1.89199996e+00 1.89199996e+00
    1.90499997e+00 1.93599999e+00 1.96399999e+00 1.98099995e+00
    1.99800003e+00 2. 2. 2. 2. 2. 2. 2. 1.98399997e+00 1.96700001e+00
    1.96200001e+00 1.96200001e+00 1.96200001e+00 1.96200001e+00
    1.95899999e+00 1.92799997e+00 1.89800000e+00 1.89199996e+00
    1.89199996e+00 1.89199996e+00 1.89199996e+00 1.89199996e+00
    1.89199996e+00 1.89199996e+00 1.89199996e+00 1.89199996e+00 2. 2. 2.
    2. 2. 1.99899995e+00 1.95200002e+00 1.90499997e+00 1.89199996e+00
    1.89199996e+00 1.91299999e+00 1.96000004e+00 2. 2. 2. 2. 2. 2. 2. 2.
    2. 2. 2. 2. 2. 2. 2. 2. 1.99500000e+00 1.94799995e+00 1.90100002e+00
    1.89199996e+00 1.89199996e+00 1.89199996e+00 1.89199996e+00
    1.89199996e+00 1.89199996e+00 1.89199996e+00 1.89199996e+00
    1.89199996e+00 2. 2. 2. 2. 2. 1.99899995e+00 1.95200002e+00
    1.90499997e+00 1.89199996e+00 1.89199996e+00 1.91299999e+00
    1.96000004e+00 2. 2. 2. 2. 2. 2. 2. 2. 2. 2. 2. 2. 2. 2. 2. 2.
    1.99500000e+00 1.94799995e+00 1.90100002e+00 1.89199996e+00
    1.89199996e+00 1.89199996e+00 1.89199996e+00 1.89199996e+00
    1.89199996e+00 1.89199996e+00 1.89199996e+00 1.89199996e+00 2. 2. 2.
    2. 2. 1.99899995e+00 1.95200002e+00 1.90499997e+00 1.89199996e+00
    1.89199996e+00 1.91299999e+00 1.96000004e+00 2. 2. 2. 2. 2. 2. 2. 2.
    2. 2. 2. 2. 2. 2. 2. 2. 1.99500000e+00 1.94799995e+00 1.90100002e+00
    1.89199996e+00 1.89199996e+00 1.89199996e+00 1.89199996e+00
    1.89199996e+00 1.89199996e+00 1.89199996e+00 1.89199996e+00
    1.89199996e+00 2. 2. 2. 2.00600004e+00 2.02500010e+00 2.04399991e+00
    2.01500010e+00 1.98599994e+00 1.97800004e+00 1.97800004e+00 2.
    2.04800010e+00 2.08699989e+00 2.06699991e+00 2.04699993e+00
