<?xml version="1.0"?>
<opencv_storage>
<Depth type_id="opencv-matrix">
  <rows>40</rows>
  <cols>40</cols>
  <dt>f</dt>
  <data>
    0. 0. 0. 0. 0. 0. 0. 0. 0. 0. 0. 0. 0. 0. 0. 0. 0. 0. 0. 0. 0. 0. 0.
    0. 0. 0. 0. 0. 0. 0. 0. 0. 0. 0. 0. 0. 0. 0. 0. 0. 0. 0. 0. 0. 0. 0.
    0. 0. 0. 0. 0. 0. 0. 0. 0. 0. 0. 0. 0. 0. 0. 0. 0. 0. 0. 0. 0. 0. 0.
    0. 0. 0. 0. 0. 0. 0. 0. 0. 0. 0. 0. 0. 0. 0. 0. 0. 0. 0. 0. 0. 0. 0.
    0. 0. 0. 0. 0. 0. 0. 0. 0. 0. 0. 0. 0. 0. 0. 0. 0. 0. 0. 0. 0. 0. 0.
    0. 0. 0. 0. 0. 0. 0. 0. 0. 0. 0. 0. 0. 0. 0. 0. 0. 0. 0. 0. 0. 0. 0.
    0. 0. 0. 0. 0. 0. 0. 0. 0. 0. 0. 0. 0. 0. 0. 0. 0. 0. 0. 0. 0. 0. 0.
    0. 0. 0. 0. 0. 0. 0. 0. 0. 0. 0. 0. 0. 0. 0. 0. 0. 0. 0. 0. 0. 0. 0.
    0. 0. 0. 0. 0. 0. 0. 0. 0. 0. 0. 0. 0. 0. 0. 0. 0. 0. 0. 0. 0. 0. 0.
    0. 0. 0. 0. 0. 0. 0. 0. 0. 0. 0. 0. 0. 0. 0. 0. 0. 0. 0. 0. 0. 0. 0.
    0. 0. 0. 0. 0. 0. 0. 0. 0. 0. 0. 0. 0. 0. 0. 0. 0. 0. 0. 0. 0. 0. 0.
    0. 0. 0. 0. 0. 0. 0. 0. 0. 0. 0. 0. 0. 0. 0. 0. 0. 0. 0. 0. 0. 0. 0.
    0. 0. 0. 0. 0. 0. 0. 0. 0. 0. 0. 0. 0. 0. 0. 0. 0. 0. 0. 0. 0. 0. 0.
    0. 0. 0. 0. 0. 0. 0. 0. 0. 0. 0. 0. 0. 0. 0. 0. 0. 0. 0. 0. 0. 0. 0.
    0. 0. 0. 0. 0. 0. 0. 0. 0. 0. 0. 0. 0. 0. 0. 0. 0. 0. 0. 0. 0. 0. 0.
    0. 0. 0. 0. 0. 0. 0. 0. 0. 0. 0. 0. 0. 0. 0. 0. 0. 0. 0. 0. 0. 0. 0.
    0. 0. 0. 0. 0. 0. 0. 0. 0. 0. 0. 0. 0. 0. 0. 0. 0. 0. 0. 0. 0. 0. 0.
    0. 0. 0. 0. 0. 0. 0. 0. 0. 0. 0. 0. 0. 0. 0. 0. 0. 0. 0. 0. 0. 0. 0.
    0. 0. 0. 0. 0. 0. 0. 0. 0. 0. 0. 0. 0. 0. 0. 0. 0. 0. 0. 0. 0. 0. 0.
    0. 0. 0. 0. 0. 0. 0. 0. 0. 0. 0. 0. 0. 0. 0. 0. 0. 0. 0. 0. 0. 0. 0.
    0. 0. 0. 0. 0. 0. 0. 0. 0. 0. 0. 0. 0. 0. 0. 0. 0. 0. 0. 0. 0. 0. 0.
    0. 0. 0. 0. 0. 0. 0. 0. 0. 0. 0. 0. 0. 0. 0. 0. 0. 0. 0. 0. 0. 0. 0.
    0. 0. 0. 0. 0. 0. 0. 0. 0. 0. 0. 0. 0. 0. 0. 0. 0. 0. 0. 0. 0. 0. 0.
    0. 0. 0. 0. 0. 0. 0. 0. 0. 1.41499996e+00 2.00500011e+00
    2.03900003e+00 2.05399990e+00 2.05399990e+00 2.01999998e+00 2. 2. 2.
    2. 2. 2. 2. 2. 1.98399997e+00 1.95200002e+00 1.94900000e+00
    1.93799996e+00 1.90600002e+00 1.87399995e+00 1.84800005e+00
    1.84800005e+00 0. 0. 0. 0. 0. 0. 0. 0. 0. 0. 1.06400001e+00
    1.33599997e+00 1.33599997e+00 1.34300005e+00 1.35800004e+00
    1.36800003e+00 1.38000000e+00 1.39400005e+00 1.67700005e+00
    2.00500011e+00 2.03900003e+00 2.05399990e+00 2.05399990e+00
    2.01999998e+00 2. 2. 2. 1.99600005e+00 1.98199999e+00 1.97700000e+00
    1.97700000e+00 1.97700000e+00 1.96099997e+00 1.92900002e+00
    1.92600000e+00 1.91499996e+00 1.88300002e+00 1.86199999e+00
    1.84800005e+00 1.84800005e+00 0. 0. 0. 0. 0. 0. 0. 0. 0. 0.
    1.34500003e+00 1.90199995e+00 1.90199995e+00 1.91600001e+00
    1.94599998e+00 1.95099998e+00 1.96200001e+00 1.99199998e+00 2.
    2.00500011e+00 2.03900003e+00 2.05399990e+00 2.05399990e+00
    2.01999998e+00 2. 2. 1.99800003e+00 1.98899996e+00 1.95899999e+00
    1.94900000e+00 1.94900000e+00 1.94599998e+00 1.92900002e+00
    1.89600003e+00 1.89400005e+00 1.88399994e+00 1.85500002e+00
    1.84800005e+00 1.84800005e+00 1.84800005e+00 0. 0. 0. 0. 0.
    1.06400001e+00 1.54700005e+00 1.64199996e+00 1.64199996e+00
    1.64199996e+00 1.76100004e+00 1.93400002e+00 1.93400002e+00
    1.93900001e+00 1.94799995e+00 1.97000003e+00 1.98800004e+00
    1.99800003e+00 2. 2.00500011e+00 2.03900003e+00 2.05399990e+00
    2.05399990e+00 2.01999998e+00 2. 2. 1.98099995e+00 1.96099997e+00
    1.95200002e+00 1.94900000e+00 1.94700003e+00 1.92400002e+00
    1.89699996e+00 1.86500001e+00 1.86199999e+00 1.85899997e+00
    1.85000002e+00 1.84800005e+00 1.84800005e+00 1.84800005e+00 0. 0. 0.
    0. 1.11600006e+00 1.43200004e+00 1.86399996e+00 1.94900000e+00
    1.94900000e+00 1.94900000e+00 1.94900000e+00 1.94900000e+00
    1.94900000e+00 1.94900000e+00 1.94900000e+00 1.96800005e+00
    1.98599994e+00 1.99699998e+00 2. 2.00500011e+00 2.03900003e+00
    2.05399990e+00 2.05399990e+00 2.01999998e+00 1.99500000e+00
    1.98399997e+00 1.96500003e+00 1.94599998e+00 1.93499994e+00
    1.92400002e+00 1.91199994e+00 1.89100003e+00 1.86500001e+00
    1.83399999e+00 1.83099997e+00 1.82799995e+00 1.81799996e+00
    1.81500006e+00 1.81700003e+00 1.82700002e+00 0. 0. 0. 0.
    1.54900002e+00 1.96899998e+00 1.95200002e+00 1.94900000e+00
    1.94900000e+00 1.94900000e+00 1.94900000e+00 1.94900000e+00
    1.94900000e+00 1.94900000e+00 1.94900000e+00 1.95000005e+00
    1.96000004e+00 1.99199998e+00 2. 2.00500011e+00 2.03900003e+00
    2.05399990e+00 2.05399990e+00 2.01999998e+00 1.98699999e+00
    1.95599997e+00 1.95000005e+00 1.94099998e+00 1.90999997e+00
    1.87899995e+00 1.85000002e+00 1.84899998e+00 1.83399999e+00
    1.80299997e+00 1.80100000e+00 1.79100001e+00 1.76199996e+00
    1.75500000e+00 1.75999999e+00 1.78900003e+00 0. 0. 1.09700000e+00
    1.54799998e+00 1.83000004e+00 1.99500000e+00 1.98300004e+00
    1.98000002e+00 1.98000002e+00 1.98000002e+00 1.98000002e+00
    1.98000002e+00 1.98000002e+00 1.97099996e+00 1.95099998e+00
    1.94900000e+00 1.95899999e+00 1.99100006e+00 2. 2.00200009e+00
    2.01500010e+00 2.03299999e+00 2.05399990e+00 2.01999998e+00
    1.98699999e+00 1.95500004e+00 1.93299997e+00 1.90499997e+00
    1.85500002e+00 1.83000004e+00 1.81900001e+00 1.81900001e+00
    1.80400002e+00 1.77400005e+00 1.77100003e+00 1.76699996e+00
    1.75600004e+00 1.75300002e+00 1.75500000e+00 1.76699996e+00
    1.14199996e+00 1.13399994e+00 1.43099999e+00 1.98099995e+00 2. 2. 2.
    2. 2. 2. 1.99500000e+00 1.98800004e+00 1.98800004e+00 1.97599995e+00
    1.95200002e+00 1.94900000e+00 1.95899999e+00 1.99100006e+00 2. 2. 2.
    2.01500010e+00 2.04099989e+00 2.00799990e+00 1.97399998e+00
    1.94200003e+00 1.90999997e+00 1.87199998e+00 1.81799996e+00
    1.79999995e+00 1.79999995e+00 1.79999995e+00 1.78499997e+00
    1.75500000e+00 1.75300002e+00 1.75300002e+00 1.75300002e+00
    1.75300002e+00 1.75300002e+00 1.75300002e+00 1.89999998e+00
    1.87000000e+00 1.90600002e+00 1.99699998e+00 2. 2. 2. 2. 2. 2.
    1.98199999e+00 1.95500004e+00 1.95500004e+00 1.95299995e+00
    1.94900000e+00 1.94900000e+00 1.95899999e+00 1.99100006e+00 2. 2. 2.
    2.00200009e+00 2.00699997e+00 1.97500002e+00 1.94200003e+00
    1.90999997e+00 1.87800002e+00 1.84599996e+00 1.81099999e+00
    1.79999995e+00 1.79999995e+00 1.79999995e+00 1.78499997e+00
    1.75500000e+00 1.75300002e+00 1.75300002e+00 1.75300002e+00
    1.75300002e+00 1.75300002e+00 1.75300002e+00 2.02399993e+00
    2.00799990e+00 2. 2. 2. 2. 2. 2. 2. 2. 1.97899997e+00 1.94900000e+00
    1.94900000e+00 1.94900000e+00 1.94900000e+00 1.94900000e+00
    1.95899999e+00 1.99100006e+00 2. 2. 2. 2. 2. 1.96800005e+00
    1.92900002e+00 1.88100004e+00 1.86000001e+00 1.84099996e+00
    1.80999994e+00 1.79999995e+00 1.79999995e+00 1.79999995e+00
    1.78499997e+00 1.75500000e+00 1.75300002e+00 1.75300002e+00
    1.75300002e+00 1.75300002e+00 1.75300002e+00 1.75300002e+00 2. 2. 2.
    2. 2. 2. 2. 2. 2. 2. 1.97899997e+00 1.94900000e+00 1.94900000e+00
    1.94900000e+00 1.94900000e+00 1.94900000e+00 1.95799994e+00
    1.98500001e+00 1.99300003e+00 1.99399996e+00 1.99800003e+00
    1.99699998e+00 1.99300003e+00 1.96500003e+00 1.92299998e+00
    1.85899997e+00 1.84399998e+00 1.83500004e+00 1.80900002e+00
    1.79999995e+00 1.79999995e+00 1.79999995e+00 1.78499997e+00
    1.75500000e+00 1.75300002e+00 1.75300002e+00 1.75300002e+00
    1.75300002e+00 1.75300002e+00 1.75300002e+00 2. 2. 2. 2. 2. 2. 2. 2.
    2. 2. 1.97899997e+00 1.94900000e+00 1.94900000e+00 1.94900000e+00
    1.94900000e+00 1.94900000e+00 1.95099998e+00 1.95899999e+00
    1.96099997e+00 1.96399999e+00 1.98899996e+00 1.98599994e+00
    1.96099997e+00 1.95299995e+00 1.92299998e+00 1.85899997e+00
    1.82900000e+00 1.80900002e+00 1.80200005e+00 1.79999995e+00
    1.79999995e+00 1.79999995e+00 1.78499997e+00 1.75500000e+00
    1.75300002e+00 1.75300002e+00 1.75300002e+00 1.75300002e+00
    1.75300002e+00 1.75300002e+00 2.01999998e+00 2.00600004e+00 2. 2. 2.
    2. 2. 2. 2. 2. 1.97899997e+00 1.94900000e+00 1.94900000e+00
