<?xml version="1.0"?>
<opencv_storage>
<Depth type_id="opencv-matrix">
  <rows>40</rows>
  <cols>40</cols>
  <dt>f</dt>
  <data>
    0. 0. 0. 0. 0. 0. 0. 0. 0. 0. 0. 0. 0. 0. 0. 0. 0. 0. 0. 0. 0. 0. 0.
    0. 0. 0. 0. 0. 0. 0. 0. 0. 0. 0. 0. 0. 0. 0. 0. 0. 0. 0. 0. 0. 0. 0.
    0. 0. 0. 0. 0. 0. 0. 0. 0. 0. 0. 0. 0. 0. 0. 0. 0. 0. 0. 0. 0. 0. 0.
    0. 0. 0. 0. 0. 0. 0. 0. 0. 0. 0. 0. 0. 0. 0. 0. 0. 0. 0. 0. 0. 0. 0.
    0. 0. 0. 0. 0. 0. 0. 0. 0. 0. 0. 0. 0. 0. 0. 0. 0. 0. 0. 0. 0. 0. 0.
    0. 0. 0. 0. 0. 0. 0. 0. 0. 0. 0. 0. 0. 0. 0. 0. 0. 0. 0. 0. 0. 0. 0.
    0. 0. 0. 0. 0. 0. 0. 0. 0. 0. 0. 0. 0. 0. 0. 0. 0. 0. 0. 0. 0. 0. 0.
    0. 0. 0. 0. 0. 0. 0. 0. 0. 0. 0. 0. 0. 0. 0. 0. 0. 0. 0. 0. 0. 0. 0.
    0. 0. 0. 0. 0. 0. 0. 0. 0. 0. 0. 0. 0. 0. 0. 0. 0. 0. 0. 0. 0. 0. 0.
    0. 0. 0. 0. 0. 0. 0. 0. 0. 0. 0. 0. 0. 0. 0. 0. 0. 0. 0. 0. 0. 0. 0.
    0. 0. 0. 0. 0. 0. 0. 0. 0. 0. 0. 0. 0. 0. 0. 0. 0. 0. 0. 0. 0. 0. 0.
    0. 0. 0. 0. 0. 0. 0. 0. 0. 0. 0. 0. 0. 0. 0. 0. 0. 0. 0. 0. 0. 0. 0.
    0. 0. 0. 0. 0. 0. 0. 0. 0. 0. 0. 0. 0. 0. 0. 0. 0. 0. 0. 0. 0. 0. 0.
    0. 0. 0. 0. 0. 0. 0. 0. 0. 0. 0. 0. 0. 0. 0. 0. 0. 0. 0. 0. 0. 0. 0.
    0. 0. 0. 0. 0. 0. 0. 0. 0. 0. 0. 0. 0. 0. 0. 0. 0. 0. 0. 0. 0. 0. 0.
    0. 0. 0. 0. 0. 0. 0. 0. 0. 0. 0. 0. 0. 0. 0. 0. 0. 0. 0. 0. 0. 0. 0.
    0. 0. 0. 0. 0. 0. 0. 0. 0. 0. 0. 0. 0. 0. 0. 0. 0. 0. 0. 0. 0. 0. 0.
    0. 0. 0. 0. 0. 0. 0. 0. 0. 0. 0. 0. 0. 0. 0. 0. 0. 0. 0. 0. 0. 0. 0.
    0. 0. 0. 0. 0. 0. 0. 0. 0. 0. 0. 0. 0. 0. 0. 0. 0. 0. 0. 0. 0. 0. 0.
    0. 0. 0. 0. 0. 0. 0. 0. 0. 0. 0. 0. 0. 0. 0. 0. 0. 0. 0. 0. 0. 0. 0.
    0. 0. 0. 0. 0. 0. 0. 0. 0. 0. 0. 0. 0. 0. 0. 0. 0. 0. 0. 0. 0. 0. 0.
    0. 0. 0. 0. 0. 0. 0. 0. 0. 0. 0. 0. 0. 0. 0. 0. 0. 0. 0. 0. 0. 0. 0.
    0. 0. 0. 0. 0. 0. 0. 0. 0. 0. 0. 0. 0. 0. 0. 0. 0. 0. 0. 0. 0. 0. 0.
    0. 0. 0. 0. 0. 0. 0. 0. 0. 0. 0. 0. 0. 0. 0. 0. 0. 0. 0. 0. 0. 0. 0.
    0. 0. 0. 0. 0. 0. 0. 0. 2.40100002e+00 2.36700010e+00 2.32900000e+00
    2.32900000e+00 2.32900000e+00 2.32900000e+00 2.32900000e+00
    2.32900000e+00 2.28900003e+00 2.25999999e+00 2.25999999e+00
    2.25999999e+00 2.25999999e+00 2.22600007e+00 2.19199991e+00
    2.19199991e+00 2.19199991e+00 2.19199991e+00 2.19199991e+00
    2.19199991e+00 2.19199991e+00 2.19199991e+00 2.19199991e+00
    2.19199991e+00 2.19199991e+00 2.12400007e+00 2.05599999e+00
    2.01900005e+00 2. 2. 2. 2.00200009e+00 2.03900003e+00 2.06299996e+00
    2.06299996e+00 2.03900003e+00 2.00200009e+00 2. 1.99199998e+00
    1.95700002e+00 2.40100002e+00 2.36700010e+00 2.32900000e+00
    2.32900000e+00 2.32900000e+00 2.32900000e+00 2.32900000e+00
    2.32900000e+00 2.28900003e+00 2.25999999e+00 2.25999999e+00
    2.25999999e+00 2.25999999e+00 2.22600007e+00 2.19199991e+00
    2.19199991e+00 2.18600011e+00 2.17100000e+00 2.16700006e+00
    2.16700006e+00 2.18199992e+00 2.19199991e+00 2.19199991e+00
    2.18300009e+00 2.16899991e+00 2.11299992e+00 2.05599999e+00
    2.01900005e+00 2. 2. 2. 2.00200009e+00 2.03900003e+00 2.06299996e+00
    2.06299996e+00 2.03900003e+00 2.00200009e+00 2. 1.99199998e+00
    1.95700002e+00 2.40100002e+00 2.36700010e+00 2.32900000e+00
    2.32900000e+00 2.32900000e+00 2.32900000e+00 2.32900000e+00
    2.32900000e+00 2.28900003e+00 2.25999999e+00 2.25999999e+00
    2.25999999e+00 2.25999999e+00 2.22600007e+00 2.19199991e+00
    2.19199991e+00 2.17600012e+00 2.13899994e+00 2.12800002e+00
    2.12899995e+00 2.16599989e+00 2.19199991e+00 2.19199991e+00
    2.17000008e+00 2.13199997e+00 2.09400010e+00 2.05599999e+00
    2.01900005e+00 2. 2. 2. 2.00200009e+00 2.03900003e+00 2.06299996e+00
    2.06299996e+00 2.03900003e+00 2.00200009e+00 2. 1.99199998e+00
    1.95700002e+00 2.36100006e+00 2.34599996e+00 2.32900000e+00
    2.32900000e+00 2.32900000e+00 2.32900000e+00 2.31399989e+00
    2.29200006e+00 2.27300000e+00 2.25999999e+00 2.25999999e+00
    2.24799991e+00 2.22600007e+00 2.20700002e+00 2.19199991e+00
    2.19199991e+00 2.17499995e+00 2.13700008e+00 2.12599993e+00
    2.12700009e+00 2.16499996e+00 2.19199991e+00 2.19199991e+00
    2.16899991e+00 2.13000011e+00 2.09299994e+00 2.05599999e+00
    2.01900005e+00 2. 2. 2.01600003e+00 2.03600001e+00 2.05200005e+00
    2.06299996e+00 2.06299996e+00 2.03900003e+00 2.00200009e+00 2.
    1.99600005e+00 1.98099995e+00 2.32900000e+00 2.32500005e+00
    2.31999993e+00 2.31999993e+00 2.31999993e+00 2.31999993e+00
    2.29600000e+00 2.26099992e+00 2.25999999e+00 2.25900006e+00
    2.25300002e+00 2.22900009e+00 2.18899989e+00 2.18300009e+00
    2.18199992e+00 2.17700005e+00 2.15799999e+00 2.11999989e+00
    2.10899997e+00 2.10999990e+00 2.14299989e+00 2.16799998e+00
    2.17300010e+00 2.15499997e+00 2.12100005e+00 2.08899999e+00
    2.05599999e+00 2.01900005e+00 2. 2. 2.02800012e+00 2.06299996e+00
    2.06299996e+00 2.06100011e+00 2.05599999e+00 2.03099990e+00
    1.99399996e+00 1.99199998e+00 1.99300003e+00 1.99800003e+00
    2.32900000e+00 2.30500007e+00 2.27900004e+00 2.27900004e+00
    2.27900004e+00 2.27900004e+00 2.27200007e+00 2.25999999e+00
    2.25999999e+00 2.25200009e+00 2.22399998e+00 2.18899989e+00
    2.15000010e+00 2.14499998e+00 2.14100003e+00 2.11400008e+00
    2.08299994e+00 2.04600000e+00 2.03500009e+00 2.03600001e+00
    2.04600000e+00 2.06200004e+00 2.08899999e+00 2.09299994e+00
    2.08200002e+00 2.07100010e+00 2.05599999e+00 2.01900005e+00 2. 2.
    2.02800012e+00 2.06299996e+00 2.06299996e+00 2.05399990e+00
    2.02699995e+00 1.99500000e+00 1.95899999e+00 1.95700002e+00
    1.96300006e+00 1.98800004e+00 2.32900000e+00 2.29600000e+00
    2.25999999e+00 2.25999999e+00 2.25999999e+00 2.25999999e+00
    2.25999999e+00 2.25999999e+00 2.25999999e+00 2.24900007e+00
    2.20900011e+00 2.17000008e+00 2.13199997e+00 2.12599993e+00
    2.11899996e+00 2.07100010e+00 2.03299999e+00 2.00699997e+00 2. 2.
    1.98899996e+00 1.99000001e+00 2.01500010e+00 2.03200006e+00
    2.04299998e+00 2.04399991e+00 2.04099989e+00 2.02699995e+00
    2.01900005e+00 2.01900005e+00 2.03900003e+00 2.06299996e+00
    2.06299996e+00 2.04600000e+00 1.99899995e+00 1.96599996e+00
    1.94200003e+00 1.94000006e+00 1.94799995e+00 1.98300004e+00
    2.32900000e+00 2.29600000e+00 2.25999999e+00 2.25999999e+00
    2.25999999e+00 2.25999999e+00 2.25999999e+00 2.25999999e+00
    2.25999999e+00 2.24900007e+00 2.20900011e+00 2.17000008e+00
    2.13199997e+00 2.12599993e+00 2.11599994e+00 2.04600000e+00
    2.00500011e+00 2.00099993e+00 2. 1.99899995e+00 1.96800005e+00
    1.94799995e+00 1.95200002e+00 1.97200000e+00 2.00399995e+00
    2.00699997e+00 2.01200008e+00 2.04099989e+00 2.05599999e+00
    2.05599999e+00 2.05900002e+00 2.06299996e+00 2.06299996e+00
    2.03900003e+00 1.97099996e+00 1.94400001e+00 1.94000006e+00
    1.94000006e+00 1.94799995e+00 1.98300004e+00 2.36299992e+00
    2.34599996e+00 2.32299995e+00 2.28399992e+00 2.25999999e+00
    2.25999999e+00 2.25999999e+00 2.25999999e+00 2.25999999e+00
    2.24900007e+00 2.20900011e+00 2.17000008e+00 2.13199997e+00
    2.12599993e+00 2.11500001e+00 2.04200006e+00 2. 2. 2. 1.99899995e+00
    1.96399999e+00 1.94000006e+00 1.94000006e+00 1.95099998e+00
    1.97000003e+00 1.97099996e+00 1.98099995e+00 2.03500009e+00
    2.07100010e+00 2.08899999e+00 2.07900000e+00 2.06299996e+00
    2.06299996e+00 2.02099991e+00 1.90100002e+00 1.85800004e+00
    1.85800004e+00 1.88699996e+00 1.91999996e+00 1.95500004e+00
    2.44700003e+00 2.44700003e+00 2.43899989e+00 2.36500001e+00
    2.31999993e+00 2.31999993e+00 2.31299996e+00 2.30299997e+00
    2.30299997e+00 2.29299998e+00 2.25500011e+00 2.21900010e+00
    2.18199992e+00 2.17700005e+00 2.16700006e+00 2.10100007e+00
    2.04699993e+00 2.00699997e+00 1.99600005e+00 1.99300003e+00
    1.79900002e+00 1.71599996e+00 1.87600005e+00 1.94000006e+00
    1.94000006e+00 1.94000006e+00 1.95400000e+00 2.03099990e+00
    2.08599997e+00 2.11899996e+00 2.09800005e+00 2.06299996e+00
    2.06299996e+00 2.00200009e+00 1.82900000e+00 1.76699996e+00
    1.76699996e+00 1.82700002e+00 1.88600004e+00 1.92200005e+00
