<?xml version="1.0"?>
<opencv_storage>
<Depth type_id="opencv-matrix">
  <rows>40</rows>
  <cols>40</cols>
  <dt>f</dt>
  <data>
    0. 0. 0. 0. 0. 0. 0. 0. 0. 0. 0. 0. 0. 0. 0. 0. 0. 0. 0. 0. 0. 0. 0.
    0. 0. 0. 0. 0. 0. 0. 0. 0. 0. 0. 0. 0. 0. 0. 0. 0. 0. 0. 0. 0. 0. 0.
    0. 0. 0. 0. 0. 0. 0. 0. 0. 0. 0. 0. 0. 0. 0. 0. 0. 0. 0. 0. 0. 0. 0.
    0. 0. 0. 0. 0. 0. 0. 0. 0. 0. 0. 0. 0. 0. 0. 0. 0. 0. 0. 0. 0. 0. 0.
    0. 0. 0. 0. 0. 0. 0. 0. 0. 0. 0. 0. 0. 0. 0. 0. 0. 0. 0. 0. 0. 0. 0.
    0. 0. 0. 0. 0. 0. 0. 0. 0. 0. 0. 0. 0. 0. 0. 0. 0. 0. 0. 0. 0. 0. 0.
    0. 0. 0. 0. 0. 0. 0. 0. 0. 0. 0. 0. 0. 0. 0. 0. 0. 0. 0. 0. 0. 0. 0.
    0. 0. 0. 0. 0. 0. 2.07800007e+00 2.07599998e+00 2.06599998e+00
    2.06500006e+00 2.06900001e+00 2.38599992e+00 0. 0. 0. 0. 0. 0.
    2.99900007e+00 2.99699998e+00 0. 0. 0. 0. 0. 0. 0. 0. 0. 0. 0. 0. 0.
    0. 0. 0. 0. 0. 0. 0. 0. 0. 0. 0. 0. 2.06500006e+00 2.06999993e+00
    2.06999993e+00 2.06599998e+00 2.06500006e+00 2.06500006e+00
    2.05900002e+00 2.05699992e+00 2.05699992e+00 2.05900002e+00
    2.06999993e+00 2.93300009e+00 0. 2.99600005e+00 2.98200011e+00
    2.98200011e+00 0. 0. 0. 0. 0. 0. 0. 0. 0. 0. 0. 0. 0. 0. 0. 0. 0. 0.
    0. 0. 0. 0. 0. 2.60400009e+00 2.06900001e+00 2.06500006e+00
    2.06500006e+00 2.06500006e+00 2.06500006e+00 2.05900002e+00
    2.05900002e+00 2.05200005e+00 2.05200005e+00 2.05800009e+00
    2.05900002e+00 2.05900002e+00 2.39299989e+00 2.89499998e+00
    2.89899993e+00 2.96799994e+00 2.96799994e+00 0. 0. 0. 0. 0. 0. 0. 0.
    0. 0. 0. 0. 0. 0. 0. 0. 0. 0. 0. 0. 0. 0. 2.62199998e+00
    2.06699991e+00 2.05900002e+00 2.05900002e+00 2.05999994e+00
    2.05900002e+00 2.05900002e+00 2.05900002e+00 2.05200005e+00
    2.05200005e+00 2.05200005e+00 2.05900002e+00 2.05900002e+00
    2.05900002e+00 2.05299997e+00 2.05699992e+00 2.12700009e+00
    2.12599993e+00 2.08100009e+00 2.04299998e+00 2.39199996e+00 0. 0. 0.
    0. 0. 0. 0. 0. 0. 0. 0. 0. 0. 0. 0. 0. 0. 0. 0. 2.19600010e+00
    2.05399990e+00 2.05399990e+00 2.05399990e+00 2.05200005e+00
    2.05200005e+00 2.05200005e+00 2.05200005e+00 2.05200005e+00
    2.05200005e+00 2.05200005e+00 2.05399990e+00 2.05299997e+00
    2.05200005e+00 2.05200005e+00 2.04500008e+00 2.04500008e+00
    2.04200006e+00 2.04099989e+00 2.03900003e+00 2.10299993e+00
    2.40400004e+00 0. 0. 0. 0. 0. 0. 0. 0. 0. 0. 0. 0. 0. 0. 0. 0. 0.
    2.20700002e+00 2.05399990e+00 2.05200005e+00 2.05200005e+00
    2.05200005e+00 2.05200005e+00 2.04500008e+00 2.04200006e+00
    2.04099989e+00 2.04200006e+00 2.03800011e+00 2.04099989e+00
    2.04500008e+00 2.04500008e+00 2.04500008e+00 2.04800010e+00
    2.04500008e+00 2.03999996e+00 2.03900003e+00 2.03900003e+00
    2.03900003e+00 2.03200006e+00 2.02500010e+00 2.50500011e+00
    2.54800010e+00 2.54299998e+00 0. 0. 0. 0. 0. 0. 0. 0. 0. 0. 0. 0. 0.
    2.88000011e+00 2.05599999e+00 2.05200005e+00 2.04600000e+00
    2.04299998e+00 2.04299998e+00 2.04299998e+00 2.04500008e+00
    2.04299998e+00 2.03900003e+00 2.03699994e+00 2.03200006e+00
    2.03800011e+00 2.03900003e+00 2.03900003e+00 2.03900003e+00
    2.03900003e+00 2.04299998e+00 2.03900003e+00 2.03600001e+00
    2.03900003e+00 2.03200006e+00 2.03200006e+00 2.02500010e+00
    2.03099990e+00 2.02500010e+00 2.01799989e+00 2.00999999e+00
    2.16300011e+00 0. 2.82999992e+00 0. 0. 0. 0. 0. 0. 0. 0. 0.
    1.20200002e+00 2.04399991e+00 2.04299998e+00 2.03699994e+00
    2.03800011e+00 2.03699994e+00 2.03200006e+00 2.03699994e+00
    2.03800011e+00 2.03699994e+00 2.03200006e+00 2.02999997e+00
    2.03200006e+00 2.03699994e+00 2.03200006e+00 2.03800011e+00
    2.03900003e+00 2.03699994e+00 2.03200006e+00 2.03200006e+00
    2.03200006e+00 2.02999997e+00 2.02999997e+00 2.02999997e+00
    2.02999997e+00 2.02699995e+00 2.02399993e+00 2.01900005e+00
    2.01900005e+00 2.02399993e+00 2.01399994e+00 2.01300001e+00
    2.51999998e+00 2.95900011e+00 0. 0. 0. 0. 0. 0. 2.21600008e+00
    2.03200006e+00 2.03200006e+00 2.03200006e+00 2.03399992e+00
    2.03200006e+00 2.03200006e+00 2.03200006e+00 2.03200006e+00
    2.03099990e+00 2.02999997e+00 2.02500010e+00 2.03200006e+00
    2.03200006e+00 2.03200006e+00 2.03500009e+00 2.03699994e+00
    2.03200006e+00 2.02600002e+00 2.02500010e+00 2.02500010e+00
    2.02500010e+00 2.02300000e+00 2.01900005e+00 2.02500010e+00
    2.01900005e+00 2.01300001e+00 2.01300001e+00 2.01300001e+00
    2.01300001e+00 2.01300001e+00 2.01300001e+00 2.01200008e+00
    2.00600004e+00 2.00600004e+00 2.04099989e+00 0. 0. 0. 0.
    2.01399994e+00 2.02600002e+00 2.02800012e+00 2.02600002e+00
    2.02699995e+00 2.03200006e+00 2.03200006e+00 2.02600002e+00
    2.02600002e+00 2.02500010e+00 2.02500010e+00 2.02500010e+00
    2.03099990e+00 2.03200006e+00 2.03200006e+00 2.03200006e+00
    2.03200006e+00 2.03200006e+00 2.01999998e+00 2.01900005e+00
    2.01999998e+00 2.01999998e+00 2.01799989e+00 2.01399994e+00
    2.01399994e+00 2.01300001e+00 2.00699997e+00 2.01300001e+00
    2.01300001e+00 2.00699997e+00 2.00699997e+00 2.00699997e+00
    2.00600004e+00 2.00600004e+00 2.00600004e+00 2.00600004e+00
    2.00600004e+00 0. 0. 0. 2.02699995e+00 2.02500010e+00 2.02500010e+00
    2.02500010e+00 2.02500010e+00 2.02500010e+00 2.02500010e+00
    2.02500010e+00 2.02500010e+00 2.02300000e+00 2.02200007e+00
    2.02500010e+00 2.02699995e+00 2.02699995e+00 2.02699995e+00
    2.02600002e+00 2.01999998e+00 2.01900005e+00 2.01500010e+00
    2.01300001e+00 2.01300001e+00 2.01500010e+00 2.01300001e+00
    2.01300001e+00 2.01300001e+00 2.00799990e+00 2.00600004e+00
    2.00799990e+00 2.00699997e+00 2.00600004e+00 2.00600004e+00
    2.00200009e+00 1.99800003e+00 1.99600005e+00 1.99600005e+00 2.
    1.99500000e+00 0. 0. 0. 2.02500010e+00 2.02500010e+00 2.02500010e+00
    2.02200007e+00 2.02099991e+00 2.01900005e+00 2.02200007e+00
    2.01900005e+00 2.01900005e+00 2.02099991e+00 2.01900005e+00
    2.02200007e+00 2.02500010e+00 2.02500010e+00 2.02500010e+00
    2.01900005e+00 2.01600003e+00 2.01500010e+00 2.01300001e+00
    2.01300001e+00 2.00900006e+00 2.00900006e+00 2.00900006e+00
    2.00600004e+00 2.00600004e+00 2.00600004e+00 2.00600004e+00
    2.00600004e+00 2.00500011e+00 2.00200009e+00 2. 1.99399996e+00
    1.99399996e+00 1.99300003e+00 1.99100006e+00 1.99100006e+00
    1.98800004e+00 0. 0. 2.02500010e+00 2.02300000e+00 2.02300000e+00
    2.02300000e+00 2.01799989e+00 2.01500010e+00 2.00999999e+00
    2.00999999e+00 2.01600003e+00 2.01699996e+00 2.01699996e+00
    2.01699996e+00 2.01699996e+00 2.02200007e+00 2.01900005e+00
    2.01799989e+00 2.01300001e+00 2.01300001e+00 2.01300001e+00
    2.01300001e+00 2.00999999e+00 2.00600004e+00 2.00500011e+00
    2.00399995e+00 2.00600004e+00 2.00399995e+00 2.00600004e+00
    2.00600004e+00 2.00200009e+00 2. 1.99399996e+00 1.99699998e+00
    1.99399996e+00 1.99100006e+00 1.98800004e+00 1.98800004e+00
    1.98800004e+00 1.98000002e+00 0. 2.02200007e+00 2.01699996e+00
    2.00699997e+00 2.00600004e+00 2.00600004e+00 2.00799990e+00
    2.00999999e+00 2.00600004e+00 2.00600004e+00 2.00600004e+00
    2.00799990e+00 2.00600004e+00 2.00699997e+00 2.01099992e+00
    2.01699996e+00 2.01300001e+00 2.01200008e+00 2.00900006e+00
    2.00600004e+00 2.00600004e+00 2.00600004e+00 2.00600004e+00
    1.99899995e+00 1.99899995e+00 2. 1.99800003e+00 1.99399996e+00
    1.99800003e+00 2.00500011e+00 1.99899995e+00 1.99399996e+00
    1.98800004e+00 1.99199998e+00 1.98800004e+00 1.98699999e+00
    1.98599994e+00 1.98800004e+00 1.98800004e+00 1.97599995e+00 0.
    2.01300001e+00 2.01200008e+00 2.00600004e+00 2.00600004e+00
    2.00600004e+00 2.00600004e+00 2.00600004e+00 2.00600004e+00
    2.00099993e+00 2. 2. 2. 2. 2. 2.00500011e+00 2.00600004e+00
    2.00200009e+00 2. 2. 2.00600004e+00 2.00600004e+00 2. 1.99699998e+00
    1.99399996e+00 1.99800003e+00 1.99300003e+00 1.98800004e+00
    1.99199998e+00 1.99399996e+00 1.99399996e+00 1.99199998e+00
    1.98800004e+00 1.98800004e+00 1.98300004e+00 1.98099995e+00
    1.98099995e+00 1.98099995e+00 1.98099995e+00 1.97599995e+00 0.
