<?xml version="1.0"?>
<opencv_storage>
<Depth type_id="opencv-matrix">
  <rows>40</rows>
  <cols>40</cols>
  <dt>f</dt>
  <data>
    0. 0. 0. 0. 0. 0. 0. 0. 0. 0. 0. 0. 0. 0. 0. 0. 0. 0. 0. 0. 0. 0. 0.
    0. 0. 0. 0. 0. 0. 0. 0. 0. 0. 0. 0. 0. 0. 0. 0. 0. 0. 0. 0. 0. 0. 0.
    0. 0. 0. 0. 0. 0. 0. 0. 0. 0. 0. 0. 0. 0. 0. 0. 0. 0. 0. 0. 0. 0. 0.
    0. 0. 0. 0. 0. 0. 0. 0. 0. 0. 0. 0. 0. 0. 0. 0. 0. 0. 0. 0. 0. 0. 0.
    0. 0. 0. 0. 0. 0. 0. 0. 0. 0. 0. 0. 0. 0. 0. 0. 0. 0. 0. 0. 0. 0. 0.
    0. 0. 0. 0. 0. 0. 0. 0. 0. 0. 0. 0. 0. 0. 0. 0. 0. 0. 0. 0. 0. 0. 0.
    0. 0. 0. 0. 0. 0. 0. 0. 0. 0. 0. 0. 0. 0. 0. 0. 0. 0. 0. 0. 0. 0. 0.
    0. 0. 0. 0. 0. 0. 0. 0. 0. 0. 0. 0. 0. 0. 0. 0. 0. 0. 0. 0. 0. 0. 0.
    0. 0. 0. 0. 0. 0. 0. 0. 0. 0. 0. 0. 0. 0. 0. 0. 0. 0. 0. 0. 0. 0. 0.
    0. 0. 0. 0. 0. 0. 0. 0. 0. 0. 0. 0. 0. 0. 0. 0. 0. 0. 0. 0. 0. 0. 0.
    0. 0. 0. 0. 0. 0. 0. 0. 0. 0. 0. 0. 0. 0. 0. 0. 0. 0. 0. 0. 0. 0. 0.
    0. 0. 0. 0. 0. 0. 0. 0. 0. 0. 0. 0. 0. 0. 0. 0. 0. 0. 0. 0. 0. 0. 0.
    0. 0. 0. 0. 0. 0. 0. 0. 0. 0. 0. 0. 0. 0. 0. 0. 0. 0. 0. 0. 0. 0. 0.
    0. 0. 0. 0. 0. 0. 0. 0. 0. 0. 0. 0. 0. 0. 0. 0. 0. 0. 0. 0. 0. 0. 0.
    0. 0. 0. 0. 0. 0. 0. 0. 0. 0. 0. 0. 0. 0. 0. 0. 0. 0. 0. 0. 0. 0. 0.
    0. 0. 0. 0. 0. 0. 0. 0. 0. 0. 0. 0. 0. 0. 0. 0. 0. 0. 0. 0. 0. 0. 0.
    0. 0. 0. 0. 0. 0. 0. 0. 0. 0. 0. 0. 0. 0. 0. 0. 0. 0. 0. 0. 0. 0. 0.
    0. 0. 0. 0. 0. 0. 0. 0. 0. 0. 0. 0. 0. 0. 2.44300008e+00
    2.41899991e+00 2.37100005e+00 2.34899998e+00 2.34899998e+00
    2.32299995e+00 2.27600002e+00 2.23000002e+00 2.18600011e+00
    2.14199996e+00 2.09800005e+00 2.08299994e+00 2.08299994e+00
    2.05500007e+00 2.01200008e+00 2. 2. 2.87800002e+00 0. 0. 0. 0. 0. 0.
    0. 0. 0. 0. 0. 0. 0. 0. 0. 0. 0. 0. 0. 0. 0. 0. 2.44300008e+00
    2.41899991e+00 2.37100005e+00 2.34200001e+00 2.32999992e+00
    2.30500007e+00 2.27099991e+00 2.23000002e+00 2.18600011e+00
    2.14199996e+00 2.09800005e+00 2.08299994e+00 2.08299994e+00
    2.05500007e+00 2.01200008e+00 1.99199998e+00 1.98199999e+00
    2.62899995e+00 0. 0. 0. 0. 0. 0. 0. 0. 0. 0. 0. 0. 0. 0. 0. 0. 0. 0.
    0. 0. 0. 0. 2.44300008e+00 2.41899991e+00 2.37100005e+00
    2.32999992e+00 2.29399991e+00 2.27200007e+00 2.26099992e+00
    2.23000002e+00 2.18600011e+00 2.14199996e+00 2.09800005e+00
    2.08299994e+00 2.08299994e+00 2.05500007e+00 2.01200008e+00
    1.97800004e+00 1.94599998e+00 2.14199996e+00 2.42199993e+00
    2.48900008e+00 2.48900008e+00 2.48900008e+00 2.48900008e+00
    2.48900008e+00 2.48900008e+00 2.47300005e+00 2.45300007e+00
    2.47700000e+00 2.50900006e+00 2.51200008e+00 0. 0. 0. 0. 0. 0. 0. 0.
    0. 0. 2.41700006e+00 2.39899993e+00 2.36500001e+00 2.32399988e+00
    2.27699995e+00 2.25699997e+00 2.25699997e+00 2.23000002e+00
    2.18600011e+00 2.14199996e+00 2.09800005e+00 2.08299994e+00
    2.08299994e+00 2.05500007e+00 2.01200008e+00 1.97099996e+00
    1.92999995e+00 1.91900003e+00 1.91900003e+00 1.91900003e+00
    1.91900003e+00 1.91900003e+00 1.91900003e+00 1.91900003e+00
    1.91900003e+00 1.91900003e+00 1.91900003e+00 1.95500004e+00
    1.99600005e+00 2. 0. 0. 0. 0. 0. 0. 0. 0. 0. 0. 2.36999989e+00
    2.36400008e+00 2.35400009e+00 2.32399988e+00 2.27699995e+00
    2.25699997e+00 2.25699997e+00 2.23000002e+00 2.18600011e+00
    2.14199996e+00 2.09800005e+00 2.08299994e+00 2.08299994e+00
    2.05500007e+00 2.01200008e+00 1.97099996e+00 1.92999995e+00
    1.91900003e+00 1.91900003e+00 1.91900003e+00 1.91900003e+00
    1.91900003e+00 1.91900003e+00 1.91900003e+00 1.91900003e+00
    1.91900003e+00 1.91900003e+00 1.95500004e+00 1.99600005e+00 2. 0. 0.
    0. 0. 0. 0. 0. 0. 0. 0. 2.32299995e+00 2.32299995e+00 2.32299995e+00
    2.31200004e+00 2.29200006e+00 2.27600002e+00 2.26200008e+00
    2.23000002e+00 2.18600011e+00 2.14199996e+00 2.09800005e+00
    2.08299994e+00 2.08299994e+00 2.05500007e+00 2.01200008e+00
    1.97899997e+00 1.95000005e+00 1.93400002e+00 1.92200005e+00
    1.91900003e+00 1.91900003e+00 1.91900003e+00 1.91900003e+00
    1.91900003e+00 1.91900003e+00 1.91900003e+00 1.91900003e+00
    1.95500004e+00 1.99600005e+00 2. 0. 0. 0. 0. 0. 0. 0. 0. 0. 0.
    2.27600002e+00 2.27600002e+00 2.27600002e+00 2.29099989e+00
    2.31800008e+00 2.30900002e+00 2.27200007e+00 2.23000002e+00
    2.18600011e+00 2.14199996e+00 2.09800005e+00 2.08299994e+00
    2.08299994e+00 2.05500007e+00 2.01200008e+00 1.99399996e+00
    1.98599994e+00 1.96000004e+00 1.92700005e+00 1.91900003e+00
    1.91900003e+00 1.91900003e+00 1.91900003e+00 1.91900003e+00
    1.91900003e+00 1.91900003e+00 1.91900003e+00 1.95500004e+00
    1.99600005e+00 2. 0. 0. 0. 0. 0. 0. 0. 0. 0. 0. 2.25699997e+00
    2.25699997e+00 2.25699997e+00 2.27500010e+00 2.30699992e+00
    2.30299997e+00 2.26999998e+00 2.23799992e+00 2.20700002e+00
    2.16799998e+00 2.12400007e+00 2.09999990e+00 2.08699989e+00
    2.05500007e+00 2.01200008e+00 2. 2. 1.97899997e+00 1.95000005e+00
    1.93400002e+00 1.92200005e+00 1.91900003e+00 1.91900003e+00
    1.91900003e+00 1.91900003e+00 1.91900003e+00 1.91900003e+00
    1.93400002e+00 1.95000005e+00 1.95200002e+00 0. 0. 0. 0. 0. 0. 0. 0.
    0. 0. 2.25699997e+00 2.25699997e+00 2.25699997e+00 2.26200008e+00
    2.27099991e+00 2.26999998e+00 2.26099992e+00 2.25200009e+00
    2.24300003e+00 2.21300006e+00 2.16799998e+00 2.13000011e+00
    2.09400010e+00 2.05500007e+00 2.01200008e+00 2. 2. 1.99399996e+00
    1.98599994e+00 1.95899999e+00 1.92600000e+00 1.91900003e+00
    1.91900003e+00 1.91900003e+00 1.91900003e+00 1.91900003e+00
    1.91900003e+00 1.89800000e+00 1.87399995e+00 1.87100005e+00 0. 0. 0.
    0. 0. 0. 0. 0. 0. 0. 2.41199994e+00 2.37100005e+00 2.29299998e+00
    2.25699997e+00 2.25699997e+00 2.25699997e+00 2.25699997e+00
    2.25699997e+00 2.25699997e+00 2.22900009e+00 2.18499994e+00
    2.13199997e+00 2.07500005e+00 2.03699994e+00 2.00900006e+00 2. 2. 2.
    2. 1.96899998e+00 1.92799997e+00 1.91900003e+00 1.91900003e+00
    1.91900003e+00 1.91900003e+00 1.90900004e+00 1.89600003e+00
    1.86000001e+00 1.82099998e+00 1.81700003e+00 0. 0. 0. 0. 0. 0. 0. 0.
    0. 0. 2.66000009e+00 2.55500007e+00 2.35100007e+00 2.25699997e+00
    2.25699997e+00 2.25699997e+00 2.25699997e+00 2.25699997e+00
    2.25699997e+00 2.22900009e+00 2.18499994e+00 2.11800003e+00
    2.03999996e+00 2.00999999e+00 2.00200009e+00 2. 2. 2. 2.
    1.96899998e+00 1.92799997e+00 1.91900003e+00 1.91900003e+00
    1.91900003e+00 1.91900003e+00 1.89199996e+00 1.85899997e+00
    1.82099998e+00 1.78299999e+00 1.77800000e+00 0. 0. 0. 0. 0. 0. 0. 0.
    0. 0. 0. 1.14900005e+00 1.90799999e+00 2.25699997e+00 2.25699997e+00
    2.25699997e+00 2.25699997e+00 2.26600003e+00 2.28200006e+00
    2.26900005e+00 2.23900008e+00 2.14400005e+00 2.01500010e+00
    1.97300005e+00 1.97300005e+00 1.97300005e+00 1.97300005e+00
    1.97300005e+00 1.97300005e+00 1.95200002e+00 1.92499995e+00
    1.91900003e+00 1.91900003e+00 1.90799999e+00 1.89499998e+00
    1.86000001e+00 1.82099998e+00 1.78299999e+00 1.74500000e+00
    1.74100006e+00 0. 0. 0. 0. 0. 0. 0. 0. 0. 0. 0. 0. 1.19599998e+00
    2.25699997e+00 2.25699997e+00 2.25699997e+00 2.25699997e+00
    2.27999997e+00 2.31900001e+00 2.32900000e+00 2.32200003e+00
    2.19199991e+00 1.99600005e+00 1.93200004e+00 1.93200004e+00
    1.93200004e+00 1.93200004e+00 1.93200004e+00 1.93200004e+00
    1.92700005e+00 1.91999996e+00 1.91900003e+00 1.91900003e+00
    1.89199996e+00 1.85899997e+00 1.82099998e+00 1.78299999e+00
    1.74500000e+00 1.70799994e+00 1.70400000e+00 0. 0. 0. 0. 0. 0. 0. 0.
    0. 0. 0. 0. 0. 2.25699997e+00 2.25699997e+00 2.25699997e+00
    2.25699997e+00 2.27500010e+00 2.30599999e+00 2.27200007e+00
    2.20000005e+00 2.08200002e+00 1.93799996e+00 1.89199996e+00
    1.89199996e+00 1.90199995e+00 1.91499996e+00 1.91900003e+00
    1.91900003e+00 1.91900003e+00 1.91900003e+00 1.91900003e+00
    1.91900003e+00 1.88699996e+00 1.84700000e+00 1.80900002e+00
    1.76999998e+00 1.73300004e+00 1.69599998e+00 1.69200003e+00 0. 0. 0.
    0. 0. 0. 0. 0. 0. 0. 0. 0. 0. 2.25699997e+00 2.25699997e+00
