<?xml version="1.0"?>
<opencv_storage>
<Depth type_id="opencv-matrix">
  <rows>40</rows>
  <cols>40</cols>
  <dt>f</dt>
  <data>
    0. 0. 0. 0. 0. 0. 0. 0. 0. 0. 0. 0. 0. 0. 0. 0. 0. 0. 0. 0. 0. 0. 0.
    0. 0. 0. 0. 0. 0. 0. 0. 0. 0. 0. 0. 0. 0. 0. 0. 0. 0. 0. 0. 0. 0. 0.
    0. 0. 0. 0. 0. 0. 0. 0. 0. 0. 0. 0. 0. 0. 0. 0. 0. 0. 0. 0. 0. 0. 0.
    0. 0. 0. 0. 0. 0. 0. 0. 0. 0. 0. 0. 0. 0. 0. 0. 0. 0. 0. 0. 0. 0. 0.
    0. 0. 0. 0. 0. 0. 0. 0. 0. 0. 0. 0. 0. 0. 0. 0. 0. 0. 0. 0. 0. 0. 0.
    0. 0. 0. 0. 0. 0. 0. 0. 0. 0. 0. 0. 0. 0. 0. 0. 0. 0. 0. 0. 0. 0. 0.
    0. 0. 0. 0. 0. 0. 0. 0. 0. 0. 0. 0. 0. 0. 0. 0. 0. 0. 0. 0. 0. 0. 0.
    0. 0. 0. 0. 0. 0. 0. 0. 0. 0. 0. 0. 0. 0. 0. 0. 0. 0. 0. 0. 0. 0. 0.
    0. 0. 0. 0. 0. 0. 0. 0. 0. 0. 0. 0. 0. 0. 0. 0. 0. 0. 0. 0. 0. 0. 0.
    0. 0. 0. 0. 0. 0. 0. 0. 0. 0. 0. 0. 0. 0. 0. 0. 0. 0. 0. 0. 0. 0. 0.
    0. 0. 0. 0. 0. 0. 0. 0. 0. 0. 0. 0. 0. 0. 0. 0. 0. 0. 0. 0. 0. 0. 0.
    0. 0. 0. 0. 0. 0. 0. 0. 0. 0. 0. 0. 0. 0. 0. 0. 0. 0. 0. 0. 0. 0. 0.
    0. 0. 0. 0. 0. 0. 0. 0. 0. 0. 0. 0. 0. 0. 0. 0. 0. 0. 0. 0. 0. 0. 0.
    0. 0. 0. 0. 0. 0. 0. 0. 0. 0. 0. 0. 0. 0. 0. 0. 0. 0. 0. 0. 0. 0. 0.
    0. 0. 0. 0. 0. 0. 0. 0. 0. 2.28200006e+00 2.28200006e+00
    2.28200006e+00 2.28200006e+00 2.27999997e+00 2.23900008e+00
    2.20900011e+00 2.20900011e+00 2.20900011e+00 2.20900011e+00
    2.20900011e+00 2.20900011e+00 2.09999990e+00 2. 2. 1.98599994e+00
    1.94900000e+00 1.93400002e+00 0. 0. 0. 0. 0. 0. 0. 0. 0. 0. 0. 0. 0.
    0. 0. 0. 0. 0. 0. 0. 0. 0. 2.28200006e+00 2.27300000e+00
    2.25900006e+00 2.25699997e+00 2.25600004e+00 2.22900009e+00
    2.20499992e+00 2.19099998e+00 2.18400002e+00 2.18400002e+00
    2.18400002e+00 2.18400002e+00 2.08800006e+00 2. 2. 1.98599994e+00
    1.94900000e+00 1.93400002e+00 0. 0. 0. 0. 0. 0. 0. 0. 0. 0. 0. 0. 0.
    0. 0. 0. 0. 0. 0. 0. 0. 0. 2.28200006e+00 2.25900006e+00
    2.22199988e+00 2.21600008e+00 2.21600008e+00 2.21199989e+00
    2.19899988e+00 2.16300011e+00 2.14400005e+00 2.14400005e+00
    2.14400005e+00 2.14400005e+00 2.06900001e+00 2. 2. 1.98599994e+00
    1.94900000e+00 1.93400002e+00 0. 0. 0. 0. 0. 0. 0. 0. 0. 0. 0. 0. 0.
    0. 0. 0. 0. 0. 0. 0. 0. 0. 2.28200006e+00 2.25699997e+00
    2.21600008e+00 2.20900011e+00 2.20900011e+00 2.20900011e+00
    2.19799995e+00 2.15799999e+00 2.13700008e+00 2.13700008e+00
    2.13700008e+00 2.13700008e+00 2.06500006e+00 2. 2. 1.99300003e+00
    1.97300005e+00 1.96500003e+00 0. 0. 0. 0. 0. 0. 0. 0. 0. 0. 0. 0. 0.
    0. 0. 0. 0. 0. 0. 0. 0. 0. 2.28200006e+00 2.25699997e+00
    2.21600008e+00 2.20900011e+00 2.20900011e+00 2.20900011e+00
    2.19799995e+00 2.15799999e+00 2.13700008e+00 2.13700008e+00
    2.13599992e+00 2.13499999e+00 2.06500006e+00 2. 2. 2. 2. 2. 0. 0. 0.
    0. 0. 0. 0. 0. 0. 0. 0. 0. 0. 0. 0. 0. 0. 0. 0. 0. 0. 0.
    2.28200006e+00 2.25699997e+00 2.21600008e+00 2.20900011e+00
    2.20900011e+00 2.20900011e+00 2.19799995e+00 2.15799999e+00
    2.13700008e+00 2.13700008e+00 2.12100005e+00 2.09800005e+00
    2.04600000e+00 2. 2. 2. 2. 2. 0. 0. 0. 0. 0. 0. 0. 0. 0. 0. 0. 0. 0.
    0. 0. 0. 0. 0. 0. 0. 0. 0. 2.27099991e+00 2.25000000e+00
    2.21499991e+00 2.20400000e+00 2.19799995e+00 2.19799995e+00
    2.18700004e+00 2.14700007e+00 2.12700009e+00 2.12700009e+00
    2.09899998e+00 2.05999994e+00 2.02800012e+00 2. 2. 2. 2. 2. 0. 0. 0.
    0. 0. 0. 0. 0. 0. 0. 0. 0. 0. 0. 0. 0. 0. 0. 0. 0. 0. 0.
    2.23000002e+00 2.22300005e+00 2.21099997e+00 2.18499994e+00
    2.15799999e+00 2.15799999e+00 2.14700007e+00 2.10800004e+00
    2.08800006e+00 2.08800006e+00 2.06100011e+00 2.02200007e+00
    2.00900006e+00 2. 2. 2. 2. 2. 0. 0. 0. 0. 0. 0. 0. 0. 0. 0. 0. 0. 0.
    0. 0. 0. 0. 0. 0. 0. 0. 0. 2.20900011e+00 2.20900011e+00
    2.20900011e+00 2.17499995e+00 2.13700008e+00 2.13700008e+00
    2.12700009e+00 2.08800006e+00 2.06800008e+00 2.06800008e+00
    2.04099989e+00 2.00300002e+00 2. 2. 2. 2. 2. 2. 0. 0. 0. 0. 0. 0. 0.
    0. 0. 0. 0. 0. 0. 0. 0. 0. 0. 0. 0. 0. 0. 0. 2.20900011e+00
    2.20900011e+00 2.20900011e+00 2.17499995e+00 2.13700008e+00
    2.13700008e+00 2.12700009e+00 2.08800006e+00 2.06800008e+00
    2.06800008e+00 2.04099989e+00 2.00300002e+00 2. 2. 2. 2. 2. 2. 0. 0.
    0. 0. 0. 0. 0. 0. 0. 0. 0. 0. 0. 0. 0. 0. 0. 0. 0. 0. 0. 0.
    2.20900011e+00 2.20900011e+00 2.20900011e+00 2.18899989e+00
    2.16499996e+00 2.14899993e+00 2.12700009e+00 2.08800006e+00
    2.06100011e+00 2.04500008e+00 2.01399994e+00 1.97599995e+00
    1.97399998e+00 1.97599995e+00 1.99100006e+00 1.90400004e+00
    1.64400005e+00 1.53699994e+00 0. 0. 0. 0. 0. 0. 0. 0. 0. 0. 0. 0. 0.
    0. 0. 0. 0. 0. 0. 0. 0. 0. 2.20900011e+00 2.20900011e+00
    2.20900011e+00 2.20799994e+00 2.20400000e+00 2.16499996e+00
    2.12700009e+00 2.08800006e+00 2.04999995e+00 2.01300001e+00
    1.97599995e+00 1.93900001e+00 1.93700004e+00 1.94200003e+00
    1.97800004e+00 1.76800001e+00 1.14199996e+00 0. 0. 0. 0. 0. 0. 0. 0.
    0. 0. 0. 0. 0. 0. 0. 0. 0. 0. 0. 0. 0. 0. 0. 2.20900011e+00
    2.20900011e+00 2.20900011e+00 2.20900011e+00 2.20700002e+00
    2.16700006e+00 2.12700009e+00 2.08800006e+00 2.04900002e+00
    2.01099992e+00 1.97399998e+00 1.93700004e+00 1.93400002e+00
    1.88999999e+00 1.59800005e+00 1.29100001e+00 0. 0. 0. 0. 0. 0. 0. 0.
    0. 0. 0. 0. 0. 0. 0. 0. 0. 0. 0. 0. 0. 0. 0. 0. 2.20900011e+00
    2.20900011e+00 2.20900011e+00 2.20900011e+00 2.20700002e+00
    2.16700006e+00 2.12700009e+00 2.08800006e+00 2.04900002e+00
    2.01099992e+00 1.97399998e+00 1.93700004e+00 1.93400002e+00
    1.84500003e+00 1.25199997e+00 0. 0. 0. 0. 0. 0. 0. 0. 0. 0. 0. 0. 0.
    0. 0. 0. 0. 0. 0. 0. 0. 0. 0. 0. 0. 2.20900011e+00 2.20900011e+00
    2.20900011e+00 2.20900011e+00 2.20700002e+00 2.16700006e+00
    2.12700009e+00 2.08800006e+00 2.04900002e+00 2.01099992e+00
    1.97399998e+00 1.93700004e+00 1.93400002e+00 1.84500003e+00
    1.25199997e+00 0. 0. 0. 0. 0. 0. 0. 0. 0. 0. 0. 0. 0. 0. 0. 0. 0. 0.
    0. 0. 0. 0. 0. 0. 0. 2.20900011e+00 2.20900011e+00 2.20900011e+00
    2.20900011e+00 2.20700002e+00 2.16700006e+00 2.12700009e+00
    2.08800006e+00 2.05299997e+00 2.02300000e+00 1.98800004e+00
    1.95000005e+00 1.94799995e+00 1.85699999e+00 1.25199997e+00 0. 0. 0.
    0. 0. 0. 0. 0. 0. 0. 0. 0. 0. 0. 0. 0. 0. 0. 0. 0. 0. 0. 0. 0. 0.
    2.20900011e+00 2.20900011e+00 2.20900011e+00 2.20900011e+00
    2.20700002e+00 2.16700006e+00 2.12700009e+00 2.08800006e+00
    2.06399989e+00 2.05500007e+00 2.02500010e+00 1.98699999e+00
    1.98500001e+00 1.88900006e+00 1.25100005e+00 0. 0. 0. 0. 0. 0. 0. 0.
    0. 0. 0. 0. 0. 0. 0. 0. 0. 0. 0. 0. 0. 0. 0. 0. 0. 2.20900011e+00
    2.20900011e+00 2.20900011e+00 2.19799995e+00 2.18300009e+00
    2.14299989e+00 2.10700011e+00 2.08100009e+00 2.06200004e+00
    2.04900002e+00 2.02699995e+00 2.00200009e+00 2. 1.90199995e+00
    1.25100005e+00 0. 0. 0. 0. 0. 0. 0. 0. 0. 0. 0. 0. 0. 0. 0. 0. 0. 0.
    0. 0. 0. 0. 0. 0. 0. 2.20900011e+00 2.20900011e+00 2.20900011e+00
    2.17899990e+00 2.14299989e+00 2.10400009e+00 2.07399988e+00
    2.06999993e+00 2.05100012e+00 2.01699996e+00 2.00399995e+00 2. 2.
    1.90199995e+00 1.25100005e+00 0. 0. 0. 0. 0. 0. 0. 0. 0. 0. 0. 0. 0.
    0. 0. 0. 0. 0. 0. 0. 0. 0. 0. 0. 0. 2.20900011e+00 2.19799995e+00
    2.17899990e+00 2.14299989e+00 2.10400009e+00 2.06500006e+00
    2.03699994e+00 2.03699994e+00 2.02699995e+00 2.00600004e+00 2. 2. 2.
    1.90499997e+00 1.27400005e+00 0. 0. 0. 0. 0. 0. 0. 0. 0. 0. 0. 0. 0.
    0. 0. 0. 0. 0. 0. 0. 0. 0. 0. 0. 0. 2.20900011e+00 2.18400002e+00
    2.14400005e+00 2.10500002e+00 2.06599998e+00 2.02800012e+00 2. 2. 2.
    2. 2. 2. 2. 1.90900004e+00 1.30100000e+00 0. 0. 0. 0. 0. 0. 0. 0. 0.
    0. 0. 0. 0. 0. 0. 0. 0. 0. 0. 0. 0. 0. 0. 0. 0. 2.20900011e+00
    2.18400002e+00 2.14400005e+00 2.10500002e+00 2.06599998e+00
    2.02800012e+00 2. 2. 2. 2. 2. 2. 2. 1.90900004e+00 1.30100000e+00 0.
    0. 0. 0. 0. 0. 0. 0. 0. 0. 0. 0. 0. 0. 0. 0. 0. 0. 0. 0. 0. 0. 0. 0.
    0. 2.20900011e+00 2.18400002e+00 2.14400005e+00 2.10500002e+00
