<?xml version="1.0"?>
<opencv_storage>
<Depth type_id="opencv-matrix">
  <rows>40</rows>
  <cols>40</cols>
  <dt>f</dt>
  <data>
    0. 0. 0. 0. 0. 0. 0. 0. 0. 0. 0. 0. 0. 0. 0. 0. 0. 0. 0. 0. 0. 0. 0.
    0. 0. 0. 0. 0. 0. 0. 0. 0. 0. 0. 0. 0. 0. 0. 0. 0. 0. 0. 0. 0. 0. 0.
    0. 0. 0. 0. 0. 0. 0. 0. 0. 0. 0. 0. 0. 0. 0. 0. 0. 0. 0. 0. 0. 0. 0.
    0. 0. 0. 0. 0. 0. 0. 0. 0. 0. 0. 0. 0. 0. 0. 0. 0. 0. 0. 0. 0. 0. 0.
    0. 0. 0. 0. 0. 0. 0. 0. 0. 0. 0. 0. 0. 0. 0. 0. 0. 0. 0. 0. 0. 0. 0.
    0. 0. 0. 0. 0. 0. 0. 0. 0. 0. 0. 0. 0. 0. 0. 0. 0. 0. 0. 0. 0. 0. 0.
    0. 0. 0. 0. 0. 0. 0. 0. 0. 0. 0. 0. 0. 0. 0. 0. 0. 0. 0. 0. 0. 0. 0.
    0. 0. 0. 0. 0. 0. 0. 0. 0. 0. 0. 0. 0. 0. 0. 0. 0. 0. 0. 0. 0. 0. 0.
    0. 0. 0. 0. 0. 0. 0. 0. 0. 0. 0. 0. 0. 0. 0. 0. 0. 0. 0. 0. 0. 0. 0.
    0. 0. 0. 0. 0. 0. 0. 0. 0. 0. 0. 0. 0. 0. 0. 0. 0. 0. 0. 0. 0. 0. 0.
    0. 0. 0. 0. 0. 0. 0. 0. 0. 0. 0. 0. 0. 0. 0. 0. 0. 0. 0. 0. 0. 0. 0.
    0. 0. 0. 0. 0. 0. 0. 0. 0. 0. 0. 0. 0. 0. 0. 0. 0. 0. 0. 0. 0. 0. 0.
    0. 0. 0. 0. 0. 0. 0. 0. 0. 0. 0. 0. 0. 0. 0. 0. 0. 0. 0. 0. 0. 0. 0.
    0. 0. 0. 0. 0. 0. 0. 0. 0. 0. 0. 0. 0. 0. 0. 0. 0. 0. 0. 0. 0. 0. 0.
    0. 0. 0. 0. 0. 0. 0. 0. 0. 0. 0. 0. 0. 0. 0. 0. 0. 0. 0. 0. 0. 0. 0.
    0. 0. 0. 0. 0. 0. 0. 0. 0. 0. 0. 0. 0. 0. 0. 0. 0. 0. 0. 0. 0. 0. 0.
    0. 0. 0. 0. 0. 0. 0. 0. 0. 0. 0. 0. 0. 0. 0. 0. 0. 0. 0. 0. 0. 0. 0.
    0. 0. 0. 0. 0. 0. 0. 0. 0. 0. 0. 0. 0. 0. 0. 0. 0. 0. 0. 0. 0. 0. 0.
    0. 0. 0. 0. 0. 0. 0. 0. 0. 0. 0. 0. 0. 0. 0. 0. 0. 0. 0. 0. 0. 0. 0.
    0. 0. 0. 0. 0. 0. 0. 0. 0. 0. 0. 0. 0. 0. 0. 0. 0. 0. 0. 0. 0. 0. 0.
    0. 0. 0. 0. 0. 0. 0. 0. 0. 0. 0. 0. 0. 0. 0. 0. 0. 0. 0. 0. 0. 0. 0.
    0. 0. 0. 0. 0. 0. 0. 0. 0. 0. 0. 0. 0. 0. 0. 0. 0. 0. 0. 0. 0. 0. 0.
    0. 0. 0. 0. 0. 0. 0. 0. 0. 0. 0. 0. 0. 0. 0. 0. 0. 0. 0. 0.
    1.93700004e+00 1.98300004e+00 2.05599999e+00 2.06599998e+00
    2.06999993e+00 2.10899997e+00 2.13400006e+00 2.13400006e+00
    2.11100006e+00 2.07200003e+00 2.06599998e+00 2.06599998e+00
    2.06599998e+00 2.07900000e+00 2.11800003e+00 0. 0. 0. 0. 0. 0. 0. 0.
    0. 0. 2.34800005e+00 2.34800005e+00 2.34800005e+00 0. 0. 0. 0. 0. 0.
    0. 0. 0. 0. 0. 0. 1.95899999e+00 1.99699998e+00 2.05800009e+00
    2.06599998e+00 2.06900001e+00 2.09400010e+00 2.10999990e+00
    2.10999990e+00 2.09500003e+00 2.06999993e+00 2.06599998e+00
    2.06599998e+00 2.06599998e+00 2.07399988e+00 2.09899998e+00
    1.07900000e+00 0. 0. 0. 0. 0. 0. 0. 0. 0. 2.32200003e+00
    2.32200003e+00 2.32200003e+00 0. 0. 0. 0. 0. 0. 0. 0. 0. 0. 0. 0.
    1.99500000e+00 2.01999998e+00 2.06100011e+00 2.06599998e+00
    2.06599998e+00 2.06900001e+00 2.07100010e+00 2.07100010e+00
    2.06900001e+00 2.06599998e+00 2.06599998e+00 2.06599998e+00
    2.06599998e+00 2.06699991e+00 2.06999993e+00 1.95000005e+00
    1.74100006e+00 1.70400000e+00 1.70400000e+00 1.70400000e+00
    1.73800004e+00 1.84800005e+00 1.89699996e+00 1.89699996e+00
    2.07200003e+00 2.28099990e+00 2.28099990e+00 2.28099990e+00 0. 0. 0.
    0. 0. 0. 0. 0. 0. 0. 0. 0. 2. 2.02300000e+00 2.06100011e+00
    2.06599998e+00 2.06599998e+00 2.06599998e+00 2.06599998e+00
    2.06599998e+00 2.06599998e+00 2.06599998e+00 2.06599998e+00
    2.06599998e+00 2.06599998e+00 2.06599998e+00 2.06599998e+00
    2.06599998e+00 2.06599998e+00 2.06599998e+00 2.06599998e+00
    2.06599998e+00 2.09699988e+00 2.19600010e+00 2.23900008e+00
    2.23900008e+00 2.25600004e+00 2.27500010e+00 2.27500010e+00
    2.27500010e+00 0. 0. 0. 0. 0. 0. 0. 0. 0. 0. 0. 0. 2. 2.02300000e+00
    2.06100011e+00 2.06599998e+00 2.06599998e+00 2.06599998e+00
    2.06599998e+00 2.06599998e+00 2.06699991e+00 2.06999993e+00
    2.06800008e+00 2.06599998e+00 2.06299996e+00 2.06200004e+00
    2.06200004e+00 2.06200004e+00 2.06200004e+00 2.06399989e+00
    2.06599998e+00 2.06599998e+00 2.08999991e+00 2.16799998e+00
    2.20300007e+00 2.20300007e+00 2.23600006e+00 2.27500010e+00
    2.27500010e+00 2.27500010e+00 0. 0. 0. 0. 0. 0. 0. 0. 0. 0. 0. 0. 2.
    2.02300000e+00 2.06100011e+00 2.06599998e+00 2.06599998e+00
    2.06599998e+00 2.06599998e+00 2.06599998e+00 2.08100009e+00
    2.10500002e+00 2.08800006e+00 2.06399989e+00 2.03999996e+00
    2.02399993e+00 2.02399993e+00 2.02399993e+00 2.02399993e+00
    2.04399991e+00 2.06599998e+00 2.06599998e+00 2.08999991e+00
    2.16799998e+00 2.20300007e+00 2.20300007e+00 2.23600006e+00
    2.27500010e+00 2.27500010e+00 2.27500010e+00 0. 0. 0. 0. 0. 0. 0. 0.
    0. 0. 0. 0. 2.01300001e+00 2.03200006e+00 2.06200004e+00
    2.06599998e+00 2.06599998e+00 2.06599998e+00 2.06900001e+00
    2.07699990e+00 2.09400010e+00 2.11700010e+00 2.09400010e+00
    2.06299996e+00 2.02500010e+00 2. 2. 2. 2. 2.03099990e+00
    2.06800008e+00 2.09200001e+00 2.12800002e+00 2.19000006e+00
    2.21799994e+00 2.21799994e+00 2.24399996e+00 2.27500010e+00
    2.27500010e+00 2.27500010e+00 0. 0. 0. 0. 0. 0. 0. 0. 0. 0. 0. 0.
    2.05100012e+00 2.05599999e+00 2.06500006e+00 2.06599998e+00
    2.06599998e+00 2.06599998e+00 2.07699990e+00 2.10700011e+00
    2.10599995e+00 2.08500004e+00 2.07399988e+00 2.06299996e+00
    2.02500010e+00 2. 2. 2. 2. 2.03099990e+00 2.07200003e+00
    2.16400003e+00 2.23300004e+00 2.25099993e+00 2.25900006e+00
    2.25900006e+00 2.26600003e+00 2.27500010e+00 2.27500010e+00
    2.27500010e+00 0. 0. 0. 0. 0. 0. 0. 0. 0. 0. 0. 0. 2.06599998e+00
    2.06599998e+00 2.06599998e+00 2.07699990e+00 2.08899999e+00
    2.08899999e+00 2.09800005e+00 2.12400007e+00 2.11100006e+00
    2.07200003e+00 2.06599998e+00 2.06399989e+00 2.03900003e+00
    2.02300000e+00 2.02300000e+00 2.02300000e+00 2.02300000e+00
    2.05399990e+00 2.09599996e+00 2.20199990e+00 2.27500010e+00
    2.27500010e+00 2.27500010e+00 2.27500010e+00 2.27500010e+00
    2.27500010e+00 2.27500010e+00 2.27500010e+00 0. 0. 0. 0. 0. 0. 0. 0.
    0. 0. 0. 0. 2.06599998e+00 2.06599998e+00 2.06599998e+00
    2.09699988e+00 2.12800002e+00 2.12800002e+00 2.12899995e+00
    2.13299990e+00 2.11100006e+00 2.07200003e+00 2.06599998e+00
    2.06599998e+00 2.06200004e+00 2.05999994e+00 2.05999994e+00
    2.05999994e+00 2.05999994e+00 2.09200001e+00 2.13400006e+00
    2.21700001e+00 2.27500010e+00 2.27500010e+00 2.27500010e+00
    2.27500010e+00 2.27500010e+00 2.27500010e+00 2.27500010e+00
    2.27500010e+00 0. 0. 0. 0. 0. 0. 0. 0. 0. 0. 0. 0. 2.06599998e+00
    2.06599998e+00 2.06599998e+00 2.09999990e+00 2.13400006e+00
    2.13400006e+00 2.13400006e+00 2.13400006e+00 2.12199998e+00
    2.10200000e+00 2.08299994e+00 2.06599998e+00 2.06599998e+00
    2.06599998e+00 2.06599998e+00 2.07699990e+00 2.09500003e+00
    2.13100004e+00 2.17100000e+00 2.23300004e+00 2.27500010e+00
    2.27500010e+00 2.27500010e+00 2.27500010e+00 2.27500010e+00
    2.27500010e+00 2.27500010e+00 2.27500010e+00 0. 0. 0. 0. 0. 0. 0. 0.
    0. 0. 0. 0. 2.06599998e+00 2.06599998e+00 2.06599998e+00
    2.09999990e+00 2.13400006e+00 2.13400006e+00 2.13400006e+00
    2.13400006e+00 2.13400006e+00 2.13400006e+00 2.10299993e+00
    2.06900001e+00 2.06699991e+00 2.06599998e+00 2.06599998e+00
    2.08999991e+00 2.13000011e+00 2.16799998e+00 2.20600009e+00
    2.24699998e+00 2.27500010e+00 2.27500010e+00 2.27500010e+00
    2.27500010e+00 2.27500010e+00 2.27500010e+00 2.27500010e+00
    2.27500010e+00 0. 0. 0. 0. 0. 0. 0. 0. 0. 0. 0. 0. 2.06599998e+00
    2.06599998e+00 2.06599998e+00 2.09999990e+00 2.13400006e+00
    2.13400006e+00 2.13400006e+00 2.13400006e+00 2.13400006e+00
    2.13400006e+00 2.12199998e+00 2.10599995e+00 2.08200002e+00
    2.06599998e+00 2.06599998e+00 2.10299993e+00 2.16599989e+00
    2.18899989e+00 2.20600009e+00 2.24699998e+00 2.27500010e+00
    2.27500010e+00 2.27500010e+00 2.27500010e+00 2.27500010e+00
    2.27500010e+00 2.27500010e+00 2.27500010e+00 0. 0. 0. 0. 0. 0. 0. 0.
    0. 0. 0. 0. 2.06599998e+00 2.06599998e+00 2.06599998e+00
    2.09999990e+00 2.13400006e+00 2.13400006e+00 2.13400006e+00
    2.13400006e+00 2.13400006e+00 2.13400006e+00 2.13400006e+00
    2.13100004e+00 2.09200001e+00 2.06599998e+00 2.06599998e+00
