<?xml version="1.0"?>
<opencv_storage>
<Depth type_id="opencv-matrix">
  <rows>40</rows>
  <cols>40</cols>
  <dt>f</dt>
  <data>
    0. 0. 0. 0. 0. 0. 0. 0. 0. 0. 0. 0. 0. 0. 0. 0. 0. 0. 0. 0. 0. 0. 0.
    0. 0. 0. 0. 0. 0. 0. 0. 0. 0. 0. 0. 0. 0. 0. 0. 0. 0. 0. 0. 0. 0. 0.
    0. 0. 0. 0. 0. 0. 0. 0. 0. 0. 0. 0. 0. 0. 0. 0. 0. 0. 0. 0. 0. 0. 0.
    0. 0. 0. 0. 0. 0. 0. 0. 0. 0. 0. 0. 0. 0. 0. 0. 0. 0. 0. 0. 0. 0. 0.
    0. 0. 0. 0. 0. 0. 0. 0. 0. 0. 0. 0. 0. 0. 0. 0. 0. 0. 0. 0. 0. 0. 0.
    0. 0. 0. 0. 0. 0. 0. 0. 0. 0. 0. 0. 0. 0. 0. 0. 0. 0. 0. 0. 0. 0. 0.
    0. 0. 0. 0. 0. 0. 0. 0. 0. 0. 0. 0. 0. 0. 0. 0. 0. 0. 0. 0. 0. 0. 0.
    0. 0. 0. 0. 0. 0. 0. 0. 0. 0. 0. 0. 0. 0. 0. 0. 0. 0. 0. 0. 0. 0. 0.
    0. 0. 0. 0. 0. 0. 0. 0. 0. 0. 0. 0. 0. 0. 0. 0. 0. 0. 0. 0. 0. 0. 0.
    0. 0. 0. 0. 0. 0. 0. 0. 0. 0. 0. 0. 0. 0. 0. 0. 0. 0. 0. 0. 0. 0. 0.
    0. 0. 0. 0. 0. 0. 0. 0. 0. 0. 0. 0. 0. 0. 0. 0. 0. 0. 0. 0. 0. 0. 0.
    0. 0. 0. 0. 0. 0. 0. 0. 0. 0. 0. 0. 0. 0. 0. 0. 0. 0. 0. 0. 0. 0. 0.
    0. 0. 0. 0. 0. 0. 0. 0. 0. 0. 0. 0. 0. 0. 0. 0. 0. 0. 0. 0. 0. 0. 0.
    0. 0. 0. 0. 0. 0. 0. 0. 0. 0. 0. 0. 0. 0. 0. 0. 0. 0. 0. 0. 0. 0. 0.
    0. 0. 0. 0. 0. 0. 0. 0. 0. 0. 0. 0. 0. 0. 0. 0. 0. 0. 0. 0. 0. 0. 0.
    0. 0. 0. 0. 0. 0. 0. 0. 0. 0. 0. 0. 0. 0. 0. 0. 0. 0. 0. 0. 0. 0. 0.
    0. 0. 0. 0. 0. 0. 0. 0. 0. 0. 0. 0. 0. 0. 0. 0. 0. 0. 0. 0. 0. 0. 0.
    0. 0. 0. 0. 0. 0. 0. 0. 0. 0. 0. 0. 0. 0. 0. 0. 0. 0. 0. 0. 0. 0. 0.
    0. 0. 0. 0. 0. 0. 0. 0. 0. 0. 0. 0. 0. 0. 0. 0. 0. 0. 0. 0. 0. 0. 0.
    0. 0. 0. 0. 0. 0. 0. 0. 0. 0. 0. 0. 0. 0. 0. 0. 0. 0. 0. 0. 0. 0.
    2.88000011e+00 2.34599996e+00 2.17700005e+00 2.17199993e+00
    2.06500006e+00 2. 2. 2.02699995e+00 2.05800009e+00 2.05800009e+00
    2.05800009e+00 2.05800009e+00 2.05800009e+00 2.05800009e+00
    2.05800009e+00 2.05800009e+00 2.05800009e+00 2.05800009e+00
    2.04900002e+00 2.01300001e+00 2. 0. 0. 0. 0. 0. 0. 0. 0. 0. 0. 0.
    2.98600006e+00 2.72000003e+00 2.69199991e+00 2.68799996e+00
    2.67300010e+00 2.66700006e+00 2.66700006e+00 2.66700006e+00
    2.56500006e+00 2.25099993e+00 2.15199995e+00 2.14899993e+00
    2.07100010e+00 2.02399993e+00 2.02399993e+00 2.03999996e+00
    2.05800009e+00 2.05800009e+00 2.05800009e+00 2.05800009e+00
    2.05800009e+00 2.05800009e+00 2.05800009e+00 2.05800009e+00
    2.05800009e+00 2.05800009e+00 2.04900002e+00 2.01300001e+00 2. 0. 0.
    0. 0. 0. 0. 0. 0. 0. 0. 0. 2.86899996e+00 2.23900008e+00
    2.17400002e+00 2.16499996e+00 2.13000011e+00 2.11599994e+00
    2.11599994e+00 2.11599994e+00 2.11599994e+00 2.11599994e+00
    2.11599994e+00 2.11400008e+00 2.07900000e+00 2.05800009e+00
    2.05800009e+00 2.05800009e+00 2.05800009e+00 2.05800009e+00
    2.05800009e+00 2.05800009e+00 2.05800009e+00 2.05800009e+00
    2.05800009e+00 2.05800009e+00 2.05800009e+00 2.05800009e+00
    2.04900002e+00 2.01399994e+00 2.00099993e+00 2.50999999e+00
    2.49499989e+00 2.49300003e+00 2.49200010e+00 2.49499989e+00
    2.51600003e+00 2.51699996e+00 2.49600005e+00 2.49200010e+00
    2.49200010e+00 2.49200010e+00 2.36400008e+00 2.12599993e+00
    2.10200000e+00 2.09800005e+00 2.08500004e+00 2.07999992e+00
    2.07999992e+00 2.07999992e+00 2.07999992e+00 2.07999992e+00
    2.07999992e+00 2.07900000e+00 2.06599998e+00 2.05800009e+00
    2.05800009e+00 2.05800009e+00 2.05800009e+00 2.05800009e+00
    2.05800009e+00 2.05800009e+00 2.05800009e+00 2.05800009e+00
    2.05800009e+00 2.05800009e+00 2.05800009e+00 2.05800009e+00
    2.05500007e+00 2.04200006e+00 2.02300000e+00 2.12500000e+00
    2.09200001e+00 2.06500006e+00 2.05800009e+00 2.05800009e+00
    2.05800009e+00 2.05800009e+00 2.05800009e+00 2.05800009e+00
    2.05599999e+00 2.04800010e+00 2.04399991e+00 2.04399991e+00
    2.05200005e+00 2.05800009e+00 2.05800009e+00 2.05800009e+00
    2.05800009e+00 2.05800009e+00 2.05800009e+00 2.05800009e+00
    2.05200005e+00 2.04399991e+00 2.04399991e+00 2.04399991e+00
    2.04399991e+00 2.05100012e+00 2.05800009e+00 2.05800009e+00
    2.05800009e+00 2.05800009e+00 2.05800009e+00 2.05800009e+00
    2.05800009e+00 2.05800009e+00 2.05800009e+00 2.05800009e+00
    2.05599999e+00 2.04699993e+00 2.02699995e+00 2.08899999e+00
    2.06500006e+00 2.05900002e+00 2.05800009e+00 2.05800009e+00
    2.05800009e+00 2.05800009e+00 2.05800009e+00 2.05800009e+00
    2.05299997e+00 2.02300000e+00 2.00900006e+00 2.00900006e+00
    2.03600001e+00 2.05800009e+00 2.05800009e+00 2.05800009e+00
    2.05800009e+00 2.05800009e+00 2.05800009e+00 2.05800009e+00
    2.03699994e+00 2.00900006e+00 2.00900006e+00 2.00900006e+00
    2.00900006e+00 2.03099990e+00 2.05800009e+00 2.05800009e+00
    2.05800009e+00 2.05800009e+00 2.05800009e+00 2.05800009e+00
    2.05800009e+00 2.05800009e+00 2.05800009e+00 2.05800009e+00
    2.04999995e+00 2.01999998e+00 2.00500011e+00 2.06999993e+00
    2.05800009e+00 2.05800009e+00 2.05800009e+00 2.05800009e+00
    2.05800009e+00 2.05800009e+00 2.05800009e+00 2.05800009e+00
    2.05200005e+00 2.01600003e+00 2. 2. 2.03200006e+00 2.05800009e+00
    2.05800009e+00 2.05800009e+00 2.05800009e+00 2.05800009e+00
    2.05299997e+00 2.03699994e+00 2.01799989e+00 2. 2. 2. 2.
    2.01500010e+00 2.03299999e+00 2.04900002e+00 2.05800009e+00
    2.05800009e+00 2.05800009e+00 2.05800009e+00 2.05800009e+00
    2.05800009e+00 2.05800009e+00 2.05800009e+00 2.04900002e+00
    2.01300001e+00 2. 2.05399990e+00 2.05399990e+00 2.05399990e+00
    2.05399990e+00 2.05399990e+00 2.05399990e+00 2.05399990e+00
    2.05399990e+00 2.05399990e+00 2.04900002e+00 2.01799989e+00
    2.00399995e+00 2.00399995e+00 2.03299999e+00 2.05800009e+00
    2.05800009e+00 2.05800009e+00 2.05800009e+00 2.05800009e+00
    2.04600000e+00 2.01099992e+00 2. 2. 2. 2. 2. 2. 2.00399995e+00
    2.03699994e+00 2.05399990e+00 2.05399990e+00 2.05399990e+00
    2.05500007e+00 2.05699992e+00 2.05800009e+00 2.05800009e+00
    2.05599999e+00 2.04600000e+00 2.01300001e+00 2. 2.01900005e+00
    2.01900005e+00 2.01900005e+00 2.01900005e+00 2.01900005e+00
    2.01900005e+00 2.01900005e+00 2.01900005e+00 2.01900005e+00
    2.02099991e+00 2.03299999e+00 2.03900003e+00 2.03900003e+00
    2.04900002e+00 2.05800009e+00 2.05800009e+00 2.05800009e+00
    2.05800009e+00 2.05800009e+00 2.04600000e+00 2.01099992e+00 2. 2. 2.
    2. 2. 2. 2.00099993e+00 2.01300001e+00 2.01900005e+00 2.01900005e+00
    2.01900005e+00 2.02300000e+00 2.04699993e+00 2.05800009e+00
    2.05800009e+00 2.03600001e+00 2.01600003e+00 2.00399995e+00 2. 2. 2.
    2. 2. 2. 2. 2. 2. 2. 2.00600004e+00 2.04200006e+00 2.05800009e+00
    2.05800009e+00 2.05800009e+00 2.05800009e+00 2.05800009e+00
    2.05800009e+00 2.05800009e+00 2.05800009e+00 2.04600000e+00
    2.01099992e+00 2. 2. 2. 2. 2. 2. 1.99899995e+00 1.98899996e+00
    1.98399997e+00 1.98399997e+00 1.98399997e+00 1.99100006e+00
    2.02600002e+00 2.04200006e+00 2.04200006e+00 2.01900005e+00 2. 2. 2.
    2. 2. 2. 2. 2. 2. 2. 2. 2. 2.00600004e+00 2.04200006e+00
    2.05800009e+00 2.05800009e+00 2.05800009e+00 2.05800009e+00
    2.05800009e+00 2.05800009e+00 2.05800009e+00 2.05800009e+00
    2.04600000e+00 2.01099992e+00 2. 2. 2. 2. 2. 2. 1.99600005e+00
    1.96599996e+00 1.95000005e+00 1.95000005e+00 1.95000005e+00
    1.95599997e+00 1.99100006e+00 2.00600004e+00 2.00600004e+00
    2.00300002e+00 2. 2. 2. 2. 2. 2. 2. 2. 2. 2.00799990e+00
    2.02600002e+00 2.02900004e+00 2.03200006e+00 2.04999995e+00
    2.06800008e+00 2.08599997e+00 2.07100010e+00 2.05800009e+00
    2.05800009e+00 2.05800009e+00 2.05800009e+00 2.05800009e+00
    2.05200005e+00 2.03500009e+00 2.02900004e+00 2.02800012e+00
    2.01099992e+00 2. 2. 1.98699999e+00 1.97000003e+00 1.95299995e+00
    1.93599999e+00 1.91999996e+00 1.91700006e+00 1.91999996e+00
    1.93700004e+00 1.96300006e+00 1.99699998e+00 2.01600003e+00
    2.02900004e+00 2.02900004e+00 1.74000001e+00 2. 2.00200009e+00
    2.00500011e+00 2.00300002e+00 2. 2. 2.01500010e+00 2.04600000e+00
    2.05200005e+00 2.05200005e+00 2.05599999e+00 2.07699990e+00
