<?xml version="1.0"?>
<opencv_storage>
<Depth type_id="opencv-matrix">
  <rows>40</rows>
  <cols>40</cols>
  <dt>f</dt>
  <data>
    0. 0. 0. 0. 0. 0. 0. 0. 0. 0. 0. 0. 0. 0. 0. 0. 0. 0. 0. 0. 0. 0. 0.
    0. 0. 0. 0. 0. 0. 0. 0. 0. 0. 0. 0. 0. 0. 0. 0. 0. 0. 0. 0. 0. 0. 0.
    0. 0. 0. 0. 0. 0. 0. 0. 0. 0. 0. 0. 0. 0. 0. 0. 0. 0. 0. 0. 0. 0. 0.
    0. 0. 0. 0. 0. 0. 0. 0. 0. 0. 0. 0. 0. 0. 0. 0. 0. 0. 0. 0. 0. 0. 0.
    0. 0. 0. 0. 0. 0. 0. 0. 0. 0. 0. 0. 0. 0. 0. 0. 0. 0. 0. 0. 0. 0. 0.
    0. 0. 0. 0. 0. 0. 0. 0. 0. 0. 0. 0. 0. 0. 0. 0. 0. 0. 0. 0. 0. 0. 0.
    0. 0. 0. 0. 0. 0. 0. 0. 0. 0. 0. 0. 0. 0. 0. 0. 0. 0. 0. 0. 0. 0. 0.
    0. 0. 0. 0. 0. 0. 0. 0. 0. 0. 0. 2.12599993e+00 2.06900001e+00
    2.01099992e+00 2. 2. 2. 2. 2. 2. 2. 2. 2.04500008e+00 2.10200000e+00
    2.15400004e+00 2.15400004e+00 2.15400004e+00 2.15400004e+00
    2.15400004e+00 2.15400004e+00 2.15400004e+00 0. 0. 0. 0. 0. 0. 0. 0.
    0. 0. 0. 0. 0. 0. 0. 0. 0. 0. 0. 0. 2.12599993e+00 2.06900001e+00
    2.01099992e+00 2. 2. 2. 2. 2. 2. 2. 2. 2.04500008e+00 2.10200000e+00
    2.15400004e+00 2.15400004e+00 2.15400004e+00 2.15400004e+00
    2.15400004e+00 2.15400004e+00 2.15400004e+00 0. 0. 0. 0. 0. 0. 0. 0.
    0. 0. 0. 0. 0. 0. 0. 0. 0. 0. 0. 0. 2.12599993e+00 2.06900001e+00
    2.01099992e+00 2. 2. 2. 2. 2. 2. 2. 2. 2.04500008e+00 2.10200000e+00
    2.15400004e+00 2.15400004e+00 2.15400004e+00 2.15400004e+00
    2.15400004e+00 2.15400004e+00 2.15400004e+00 0. 0. 0. 0. 0. 0. 0. 0.
    0. 0. 0. 0. 0. 0. 0. 0. 0. 0. 0. 0. 2.12599993e+00 2.06900001e+00
    2.01099992e+00 2. 2. 2. 2. 2. 2. 2. 2. 2.04500008e+00 2.10200000e+00
    2.15400004e+00 2.15400004e+00 2.15400004e+00 2.15400004e+00
    2.15400004e+00 2.15400004e+00 2.15400004e+00 0. 0. 0. 0. 0. 0. 0. 0.
    0. 0. 0. 0. 0. 0. 0. 0. 0. 0. 0. 0. 2.07599998e+00 2.02900004e+00
    1.98199999e+00 1.98099995e+00 1.99100006e+00 2.00099993e+00
    2.01200008e+00 2.02200007e+00 2.02800012e+00 2.02800012e+00
    2.02800012e+00 2.06500006e+00 2.11199999e+00 2.15400004e+00
    2.15400004e+00 2.15400004e+00 2.15400004e+00 2.15400004e+00
    2.15400004e+00 2.15400004e+00 0. 0. 0. 0. 0. 0. 0. 0. 0. 0. 0. 0. 0.
    0. 0. 0. 0. 0. 0. 0. 1.97399998e+00 1.94799995e+00 1.92299998e+00
    1.94299996e+00 1.97300005e+00 2.00399995e+00 2.03600001e+00
    2.06800008e+00 2.08500004e+00 2.08500004e+00 2.08500004e+00
    2.10500002e+00 2.13100004e+00 2.15400004e+00 2.15400004e+00
    2.15400004e+00 2.15400004e+00 2.15400004e+00 2.15400004e+00
    2.15400004e+00 0. 0. 0. 0. 0. 0. 0. 0. 0. 0. 0. 0. 0. 0. 0. 0. 0. 0.
    0. 0. 1.87199998e+00 1.86699998e+00 1.86300004e+00 1.90400004e+00
    1.95500004e+00 2.00699997e+00 2.06100011e+00 2.11400008e+00
    2.14299989e+00 2.14299989e+00 2.14299989e+00 2.14599991e+00
    2.15000010e+00 2.15400004e+00 2.15400004e+00 2.15400004e+00
    2.15400004e+00 2.15400004e+00 2.15400004e+00 2.15400004e+00 0. 0. 0.
    0. 0. 0. 0. 0. 0. 0. 0. 0. 0. 0. 0. 0. 0. 0. 0. 0. 1.85200000e+00
    1.85200000e+00 1.85200000e+00 1.89699996e+00 1.95200002e+00
    2.00799990e+00 2.06500006e+00 2.12299991e+00 2.15400004e+00
    2.15400004e+00 2.15400004e+00 2.14000010e+00 2.12299991e+00
    2.10700011e+00 2.10700011e+00 2.10700011e+00 2.10700011e+00
    2.10700011e+00 2.10700011e+00 2.10700011e+00 0. 0. 0. 0. 0. 0. 0. 0.
    0. 0. 0. 0. 0. 0. 0. 0. 0. 0. 0. 1.41400003e+00 1.85200000e+00
    1.85200000e+00 1.85200000e+00 1.89699996e+00 1.95200002e+00
    2.00799990e+00 2.06500006e+00 2.12299991e+00 2.15400004e+00
    2.15400004e+00 2.15400004e+00 2.12400007e+00 2.08500004e+00
    2.04999995e+00 2.04999995e+00 2.04999995e+00 2.04999995e+00
    2.04999995e+00 2.04999995e+00 2.04999995e+00 0. 0. 0. 0. 0. 0. 0. 0.
    0. 0. 0. 0. 0. 0. 0. 0. 1.50300002e+00 1.52400005e+00 1.65499997e+00
    1.78499997e+00 1.85200000e+00 1.85200000e+00 1.85200000e+00
    1.89699996e+00 1.95200002e+00 2.00799990e+00 2.06500006e+00
    2.12299991e+00 2.15400004e+00 2.15400004e+00 2.15400004e+00
    2.10899997e+00 2.05200005e+00 2. 2. 2. 2. 2. 2. 2. 0. 0. 0. 0. 0. 0.
    0. 0. 0. 0. 0. 0. 0. 0. 0. 0. 0. 0. 0. 1.27999997e+00 1.85200000e+00
    1.85200000e+00 1.85200000e+00 1.89699996e+00 1.95200002e+00
    2.00799990e+00 2.06500006e+00 2.12299991e+00 2.15400004e+00
    2.15400004e+00 2.15400004e+00 2.10899997e+00 2.05200005e+00 2. 2. 2.
    2. 2. 2. 2. 0. 0. 0. 0. 0. 0. 0. 0. 0. 0. 0. 0. 0. 0. 0. 0. 0. 0. 0.
    0. 1.85200000e+00 1.85200000e+00 1.85200000e+00 1.89699996e+00
    1.95200002e+00 2.00799990e+00 2.06500006e+00 2.12299991e+00
    2.15400004e+00 2.15400004e+00 2.15400004e+00 2.10899997e+00
    2.05200005e+00 2. 2. 2. 2. 2. 2. 2. 0. 0. 0. 0. 0. 0. 0. 0. 0. 0. 0.
    0. 0. 0. 0. 0. 0. 0. 0. 0. 1.85200000e+00 1.85200000e+00
    1.85200000e+00 1.89699996e+00 1.95200002e+00 2.00600004e+00
    2.05399990e+00 2.10200000e+00 2.13199997e+00 2.14199996e+00
    2.15199995e+00 2.11700010e+00 2.06900001e+00 2.02500010e+00
    2.01500010e+00 2.00600004e+00 2. 2. 2. 2. 0. 0. 0. 0. 0. 0. 0. 0. 0.
    0. 0. 0. 0. 0. 0. 0. 0. 0. 0. 1.23599994e+00 1.85200000e+00
    1.85200000e+00 1.85200000e+00 1.89699996e+00 1.95200002e+00
    2.00300002e+00 2.02999997e+00 2.05599999e+00 2.08400011e+00
    2.11599994e+00 2.14700007e+00 2.13400006e+00 2.10700011e+00
    2.08100009e+00 2.04900002e+00 2.01799989e+00 2. 2. 2. 2. 0. 0. 0. 0.
    0. 0. 0. 0. 0. 0. 0. 0. 0. 0. 0. 0. 1.27400005e+00 1.30900002e+00
    1.52499998e+00 1.74100006e+00 1.85200000e+00 1.85200000e+00
    1.85200000e+00 1.89699996e+00 1.95200002e+00 2.00099993e+00
    2.00500011e+00 2.00999999e+00 2.03699994e+00 2.08999991e+00
    2.14199996e+00 2.15000010e+00 2.14599991e+00 2.13599992e+00
    2.08299994e+00 2.02999997e+00 2. 2. 2. 2. 0. 0. 0. 0. 0. 0. 0. 0. 0.
    0. 0. 0. 0. 0. 0. 0. 1.98699999e+00 1.97899997e+00 1.92799997e+00
    1.87800002e+00 1.85200000e+00 1.85200000e+00 1.85200000e+00
    1.89699996e+00 1.95200002e+00 2. 2. 2. 2.02600002e+00 2.08400011e+00
    2.14100003e+00 2.15400004e+00 2.15400004e+00 2.15000010e+00
    2.10899997e+00 2.06800008e+00 2.04500008e+00 2.04500008e+00
    2.04500008e+00 2.04500008e+00 0. 0. 0. 0. 0. 0. 0. 0. 0. 0. 0. 0. 0.
    0. 0. 0. 2.15899992e+00 2.14100003e+00 2.02600002e+00 1.91100001e+00
    1.85200000e+00 1.85200000e+00 1.85200000e+00 1.89699996e+00
    1.95200002e+00 2. 2. 2. 2.02600002e+00 2.08400011e+00 2.14100003e+00
    2.15400004e+00 2.15400004e+00 2.15199995e+00 2.13299990e+00
    2.11299992e+00 2.10200000e+00 2.10200000e+00 2.10200000e+00
    2.10200000e+00 0. 0. 0. 0. 0. 0. 0. 0. 0. 0. 0. 0. 0. 0. 0. 0.
    2.31399989e+00 2.28600001e+00 2.11599994e+00 1.94500005e+00
    1.85800004e+00 1.85800004e+00 1.85800004e+00 1.90300000e+00
    1.95799994e+00 2.00600004e+00 2.00600004e+00 2.00600004e+00
    2.03099990e+00 2.08699989e+00 2.14199996e+00 2.15400004e+00
    2.15400004e+00 2.15400004e+00 2.15400004e+00 2.15400004e+00
    2.15400004e+00 2.15400004e+00 2.15400004e+00 2.15400004e+00 0. 0. 0.
    0. 0. 0. 0. 0. 0. 0. 0. 0. 0. 0. 0. 0. 2.31399989e+00 2.28999996e+00
    2.14000010e+00 1.99000001e+00 1.91299999e+00 1.91299999e+00
    1.91299999e+00 1.95899999e+00 2.01500010e+00 2.06399989e+00
    2.06399989e+00 2.06399989e+00 2.07900000e+00 2.11299992e+00
    2.14700007e+00 2.15400004e+00 2.15400004e+00 2.15400004e+00
    2.15400004e+00 2.15400004e+00 2.15400004e+00 2.15400004e+00
    2.15400004e+00 2.15400004e+00 0. 0. 0. 0. 0. 0. 0. 0. 0. 0. 0. 0. 0.
    0. 0. 0. 2.31399989e+00 2.29299998e+00 2.16400003e+00 2.03500009e+00
    1.96800005e+00 1.96800005e+00 1.96800005e+00 2.01399994e+00
    2.07200003e+00 2.12100005e+00 2.12100005e+00 2.12100005e+00
    2.12700009e+00 2.13899994e+00 2.15100002e+00 2.15400004e+00
    2.15400004e+00 2.15400004e+00 2.15400004e+00 2.15400004e+00
    2.15400004e+00 2.15400004e+00 2.15400004e+00 2.15400004e+00 0. 0. 0.
    0. 0. 0. 0. 0. 0. 0. 0. 0. 0. 0. 0. 0. 2.31399989e+00 2.29500008e+00
    2.17799997e+00 2.05999994e+00 2. 2. 2. 2.03900003e+00 2.08699989e+00
    2.13100004e+00 2.14000010e+00 2.14899993e+00 2.15000010e+00
