<?xml version="1.0"?>
<opencv_storage>
<Depth type_id="opencv-matrix">
  <rows>40</rows>
  <cols>40</cols>
  <dt>f</dt>
  <data>
    0. 0. 0. 0. 0. 0. 0. 0. 0. 0. 0. 0. 0. 0. 0. 0. 0. 0. 0. 0. 0. 0. 0.
    0. 0. 0. 0. 0. 0. 0. 0. 0. 0. 0. 0. 0. 0. 0. 0. 0. 0. 0. 0. 0. 0. 0.
    0. 0. 0. 0. 1.98699999e+00 1.98699999e+00 2.00200009e+00 0. 0.
    2.92799997e+00 0. 0. 0. 0. 0. 0. 0. 0. 0. 0. 0. 0. 0. 0. 0. 0. 0. 0.
    0. 0. 0. 0. 0. 0. 0. 0. 0. 0. 0. 0. 0. 0. 2.24000001e+00
    1.97899997e+00 1.97700000e+00 1.98099995e+00 1.98199999e+00
    1.98300004e+00 1.98399997e+00 1.98699999e+00 1.98899996e+00
    1.99000001e+00 1.99000001e+00 2.40599990e+00 2.41199994e+00 0. 0. 0.
    2.41799998e+00 2.58100009e+00 0. 0. 0. 0. 0. 2.18600011e+00 0. 0. 0.
    0. 0. 0. 0. 0. 0. 0. 0. 0. 0. 0. 0. 0. 1.05700004e+00 1.97200000e+00
    1.97399998e+00 1.97700000e+00 1.98000002e+00 1.98000002e+00
    1.98199999e+00 1.98199999e+00 1.98599994e+00 1.98699999e+00
    1.98800004e+00 1.99000001e+00 1.98800004e+00 1.98500001e+00
    1.99199998e+00 1.99199998e+00 1.99199998e+00 1.99600005e+00
    2.00200009e+00 2.00399995e+00 2.00900006e+00 2.00999999e+00
    2.01099992e+00 2.01300001e+00 2.69700003e+00 0. 0. 0. 0. 0. 0. 0. 0.
    0. 0. 0. 0. 0. 0. 0. 1.05700004e+00 1.97500002e+00 1.97500002e+00
    1.97700000e+00 1.98000002e+00 1.98000002e+00 1.98199999e+00
    1.98199999e+00 1.98599994e+00 1.98699999e+00 1.98699999e+00
    1.99000001e+00 1.99000001e+00 1.99000001e+00 1.99199998e+00
    1.99300003e+00 1.99500000e+00 1.99699998e+00 1.99699998e+00
    2.00200009e+00 2.00300002e+00 2.00500011e+00 2.00500011e+00
    2.00500011e+00 2.00799990e+00 0. 0. 0. 0. 0. 0. 0. 0. 0. 0. 0. 0. 0.
    0. 0. 1.75399995e+00 1.97200000e+00 1.97599995e+00 1.97700000e+00
    1.98000002e+00 1.98099995e+00 1.98199999e+00 1.98399997e+00
    1.98699999e+00 1.98800004e+00 1.98699999e+00 1.99000001e+00
    1.99100006e+00 1.99000001e+00 1.99199998e+00 1.99399996e+00
    1.99500000e+00 1.99699998e+00 1.99899995e+00 2.00200009e+00
    2.00500011e+00 2.00500011e+00 2.00500011e+00 2.00600004e+00
    2.00799990e+00 0. 0. 0. 0. 0. 0. 0. 0. 0. 0. 0. 0. 0. 0. 0.
    1.97000003e+00 1.97300005e+00 1.97700000e+00 1.97700000e+00
    1.98000002e+00 1.98199999e+00 1.98199999e+00 1.98599994e+00
    1.99000001e+00 1.98699999e+00 1.99000001e+00 1.99000001e+00
    1.99000001e+00 1.99199998e+00 1.99199998e+00 1.99199998e+00
    1.99600005e+00 1.99699998e+00 1.99699998e+00 2.00200009e+00
    2.00399995e+00 2.00500011e+00 2.00500011e+00 2.00799990e+00
    2.00799990e+00 0. 0. 0. 0. 0. 0. 0. 0. 0. 0. 0. 0. 0. 0.
    1.21599996e+00 1.75800002e+00 1.97200000e+00 1.97599995e+00
    1.97700000e+00 1.98000002e+00 1.98199999e+00 1.98199999e+00
    1.98699999e+00 1.98699999e+00 1.99000001e+00 1.99000001e+00
    1.99199998e+00 1.99199998e+00 1.99199998e+00 1.99500000e+00
    1.99600005e+00 1.99699998e+00 2. 2. 2.00300002e+00 2.00500011e+00
    2.00500011e+00 2.00500011e+00 2.00799990e+00 2.00500011e+00 0. 0. 0.
    0. 0. 0. 0. 0. 0. 0. 0. 0. 0. 0. 2.78999996e+00 1.93900001e+00
    1.97500002e+00 1.97700000e+00 1.97700000e+00 1.98199999e+00
    1.98199999e+00 1.98599994e+00 1.98899996e+00 1.98800004e+00
    1.99000001e+00 1.99000001e+00 1.99199998e+00 1.99199998e+00
    1.99199998e+00 1.99399996e+00 1.99699998e+00 1.99899995e+00
    1.99699998e+00 2. 2.00500011e+00 2.00500011e+00 2.00500011e+00
    2.00699997e+00 2.00799990e+00 1.98800004e+00 0. 0. 0. 0. 0. 0. 0. 0.
    0. 0. 0. 0. 0. 0. 1.83200002e+00 1.97599995e+00 1.97700000e+00
    1.97700000e+00 1.97800004e+00 1.98099995e+00 1.98599994e+00
    1.98699999e+00 1.98800004e+00 1.98899996e+00 1.99000001e+00
    1.99199998e+00 1.99199998e+00 1.99199998e+00 1.99399996e+00
    1.99500000e+00 1.99500000e+00 1.99899995e+00 2. 2. 2.00500011e+00
    2.00500011e+00 2.00500011e+00 2.00799990e+00 2.01099992e+00
    2.00300002e+00 0. 0. 0. 0. 0. 0. 0. 0. 0. 0. 0. 0. 0. 0.
    1.13399994e+00 1.97899997e+00 1.97700000e+00 1.97700000e+00
    1.97700000e+00 1.98199999e+00 1.98500001e+00 1.98699999e+00
    1.98699999e+00 1.99000001e+00 1.99000001e+00 1.99199998e+00
    1.99199998e+00 1.99500000e+00 1.99500000e+00 1.99600005e+00
    1.99500000e+00 1.99800003e+00 2. 2. 2.00500011e+00 2.00500011e+00
    2.00600004e+00 2.00900006e+00 2.01300001e+00 1.98599994e+00 0. 0. 0.
    0. 0. 0. 0. 0. 0. 0. 0. 0. 0. 0. 1.05700004e+00 1.98000002e+00
    1.97700000e+00 1.97700000e+00 1.97700000e+00 1.98199999e+00
    1.98399997e+00 1.98500001e+00 1.98699999e+00 1.99000001e+00
    1.99100006e+00 1.99199998e+00 1.99199998e+00 1.99600005e+00
    1.99500000e+00 1.99600005e+00 2. 2.00099993e+00 2.00099993e+00
    2.00300002e+00 2.00500011e+00 2.00799990e+00 2.00900006e+00
    2.01200008e+00 2.01300001e+00 1.98899996e+00 0. 0. 0. 0. 0. 0. 0. 0.
    0. 0. 0. 0. 0. 0. 1.05700004e+00 1.76199996e+00 1.97700000e+00
    1.97700000e+00 1.98000002e+00 1.98199999e+00 1.98199999e+00
    1.98500001e+00 1.99000001e+00 1.99100006e+00 1.99199998e+00
    1.99199998e+00 1.99500000e+00 1.99699998e+00 1.99699998e+00 2. 2. 2.
    2.00099993e+00 2.00300002e+00 2.00500011e+00 2.00799990e+00
    2.01099992e+00 2.01099992e+00 2.01300001e+00 1.98899996e+00 0. 0. 0.
    0. 0. 0. 0. 0. 0. 0. 0. 0. 0. 0. 1.05700004e+00 1.97800004e+00
    1.97700000e+00 1.97800004e+00 1.98000002e+00 1.98199999e+00
    1.98500001e+00 1.98699999e+00 1.99000001e+00 1.99100006e+00
    1.99199998e+00 1.99300003e+00 1.99500000e+00 1.99500000e+00
    1.99699998e+00 1.99899995e+00 2.00099993e+00 2.00300002e+00
    2.00300002e+00 2.00300002e+00 2.00699997e+00 2.01099992e+00
    2.01099992e+00 2.01300001e+00 2.01300001e+00 2.01300001e+00 0. 0. 0.
    0. 0. 0. 0. 0. 0. 0. 0. 0. 0. 0. 1.05700004e+00 1.97800004e+00
    1.97700000e+00 1.98000002e+00 1.98000002e+00 1.98300004e+00
    1.98699999e+00 1.99000001e+00 1.99000001e+00 1.99100006e+00
    1.99199998e+00 1.99500000e+00 1.99500000e+00 1.99699998e+00 2.
    1.99899995e+00 2.00099993e+00 2.00300002e+00 2.00300002e+00
    2.00300002e+00 2.00699997e+00 2.00999999e+00 2.01300001e+00
    2.01300001e+00 2.01300001e+00 1.98899996e+00 0. 0. 0. 0. 0. 0. 0. 0.
    0. 0. 0. 0. 0. 0. 1.05700004e+00 1.97700000e+00 1.97700000e+00
    1.98000002e+00 1.98000002e+00 1.98199999e+00 1.98699999e+00
    1.98699999e+00 1.99000001e+00 1.99199998e+00 1.99199998e+00
    1.99500000e+00 1.99699998e+00 2. 2. 2. 2.00300002e+00 2.00300002e+00
    2.00300002e+00 2.00300002e+00 2.00699997e+00 2.00999999e+00
    2.01300001e+00 2.01399994e+00 2.01300001e+00 1.74600005e+00 0. 0. 0.
    0. 0. 0. 0. 0. 0. 0. 0. 0. 0. 0. 1.05700004e+00 1.97700000e+00
    1.98000002e+00 1.97700000e+00 1.98000002e+00 1.98599994e+00
    1.98699999e+00 1.99000001e+00 1.99000001e+00 1.99199998e+00
    1.99199998e+00 1.99500000e+00 1.99699998e+00 1.99699998e+00 2. 2.
    2.00300002e+00 2.00300002e+00 2.00500011e+00 2.00500011e+00
    2.00699997e+00 2.01099992e+00 2.01300001e+00 2.01399994e+00
    2.01500010e+00 1.05700004e+00 0. 0. 0. 0. 0. 0. 0. 0. 0. 0. 0. 0. 0.
    0. 1.05700004e+00 1.97700000e+00 1.98000002e+00 1.98000002e+00
    1.98000002e+00 1.98199999e+00 1.98599994e+00 1.98899996e+00
    1.99000001e+00 1.99199998e+00 1.99500000e+00 1.99699998e+00
    1.99800003e+00 1.99800003e+00 2. 2. 2.00300002e+00 2.00399995e+00
    2.00500011e+00 2.00799990e+00 2.01099992e+00 2.01200008e+00
    2.01300001e+00 2.01399994e+00 2.01500010e+00 1.05700004e+00 0. 0. 0.
    0. 0. 0. 0. 0. 0. 0. 0. 0. 0. 0. 1.28999996e+00 1.97700000e+00
    1.97899997e+00 1.98000002e+00 1.98199999e+00 1.98500001e+00
    1.98599994e+00 1.99000001e+00 1.99100006e+00 1.99199998e+00
    1.99500000e+00 2. 1.99699998e+00 2. 2. 2.00200009e+00 2.00300002e+00
    2.00300002e+00 2.00500011e+00 2.00799990e+00 2.01200008e+00
    2.01300001e+00 2.01300001e+00 2.01600003e+00 2.01300001e+00
    1.05700004e+00 0. 0. 0. 0. 0. 0. 0. 0. 0. 0. 0. 0. 0. 0.
    1.91299999e+00 1.97800004e+00 1.98000002e+00 1.98000002e+00
    1.98099995e+00 1.98699999e+00 1.99000001e+00 1.99000001e+00
