<?xml version="1.0"?>
<opencv_storage>
<Depth type_id="opencv-matrix">
  <rows>40</rows>
  <cols>40</cols>
  <dt>f</dt>
  <data>
    0. 0. 0. 0. 0. 0. 0. 0. 0. 0. 0. 0. 0. 0. 0. 0. 0. 0. 0. 0. 0. 0. 0.
    0. 0. 0. 0. 0. 0. 0. 0. 0. 0. 0. 0. 0. 0. 0. 0. 0. 0. 0. 0. 0. 0. 0.
    0. 0. 0. 0. 0. 0. 0. 0. 0. 0. 0. 0. 0. 0. 0. 0. 0. 0. 0. 0. 0. 0. 0.
    0. 0. 0. 0. 0. 0. 0. 0. 0. 0. 0. 0. 0. 0. 0. 0. 0. 0. 0. 0. 0. 0. 0.
    0. 0. 0. 0. 0. 0. 0. 0. 0. 0. 0. 0. 0. 0. 0. 0. 0. 0. 0. 0. 0. 0. 0.
    0. 0. 0. 0. 0. 0. 0. 0. 0. 0. 0. 0. 0. 0. 0. 0. 0. 0. 0. 0. 0. 0. 0.
    0. 0. 0. 0. 0. 0. 0. 0. 0. 0. 0. 0. 0. 0. 0. 0. 0. 0. 0. 0. 0. 0. 0.
    0. 0. 0. 0. 0. 0. 0. 0. 0. 0. 0. 0. 0. 0. 0. 0. 0. 0. 0. 0. 0. 0. 0.
    0. 0. 0. 0. 0. 0. 0. 0. 0. 0. 0. 0. 0. 0. 0. 0. 0. 0. 0. 0. 0. 0. 0.
    0. 0. 0. 0. 0. 0. 0. 0. 0. 0. 0. 0. 0. 0. 0. 0. 0. 0. 0. 0. 0. 0. 0.
    0. 0. 0. 0. 0. 0. 0. 0. 0. 0. 0. 0. 0. 0. 0. 0. 0. 0. 0. 0. 0. 0. 0.
    0. 0. 0. 0. 0. 0. 0. 0. 0. 0. 0. 0. 0. 0. 0. 0. 0. 0. 0. 0. 0. 0. 0.
    0. 0. 0. 0. 0. 0. 0. 0. 0. 0. 0. 0. 0. 0. 0. 0. 0. 0. 0. 0. 0. 0. 0.
    0. 0. 0. 0. 0. 0. 0. 0. 0. 0. 0. 0. 0. 0. 0. 0. 0. 0. 0. 0. 0. 0. 0.
    0. 0. 0. 0. 0. 0. 0. 0. 0. 0. 0. 0. 0. 0. 0. 0. 0. 0. 0. 0. 0. 0. 0.
    0. 0. 0. 0. 0. 0. 0. 0. 0. 0. 0. 0. 0. 0. 0. 0. 0. 0. 0. 0. 0. 0. 0.
    0. 0. 0. 0. 0. 0. 0. 0. 0. 0. 0. 0. 0. 0. 0. 0. 0. 0. 0. 0. 0. 0. 0.
    0. 0. 0. 0. 0. 0. 0. 0. 0. 0. 0. 0. 0. 0. 0. 0. 0. 0. 0. 0. 0. 0. 0.
    0. 0. 0. 0. 0. 0. 0. 0. 0. 0. 0. 0. 0. 0. 0. 0. 0. 0. 0. 0. 0. 0. 0.
    0. 0. 0. 0. 0. 0. 0. 0. 0. 0. 0. 0. 0. 0. 0. 0. 0. 0. 0. 0. 0. 0. 0.
    0. 0. 0. 0. 0. 0. 0. 0. 0. 0. 0. 0. 0. 0. 0. 0. 0. 0. 0. 0. 0. 0. 0.
    0. 0. 0. 0. 0. 0. 0. 0. 0. 0. 0. 0. 0. 0. 0. 0. 0. 0. 0. 0. 0. 0. 0.
    0. 0. 0. 0. 0. 0. 0. 0. 0. 0. 0. 0. 0. 0. 0. 0. 0. 2.13199997e+00
    2.10700011e+00 2.07599998e+00 2.04500008e+00 2.04299998e+00
    2.04299998e+00 2.04600000e+00 2.07699990e+00 2.08699989e+00
    2.07900000e+00 2.04800010e+00 2.04299998e+00 2.04299998e+00
    2.04299998e+00 2.01300001e+00 1.98300004e+00 1.95799994e+00
    1.95799994e+00 1.97899997e+00 2. 2. 2. 1.98699999e+00 1.95799994e+00
    1.95799994e+00 1.95799994e+00 1.94799995e+00 1.88999999e+00
    1.87600005e+00 1.88499999e+00 1.91299999e+00 1.91600001e+00
    1.91600001e+00 0. 0. 0. 0. 0. 0. 0. 2.10700011e+00 2.09599996e+00
    2.07599998e+00 2.04500008e+00 2.04299998e+00 2.04299998e+00
    2.04399991e+00 2.05800009e+00 2.05100012e+00 2.03500009e+00
    2.02200007e+00 2.01900005e+00 2.01900005e+00 2.01900005e+00
    2.00600004e+00 1.98300004e+00 1.95799994e+00 1.95799994e+00
    1.97899997e+00 2. 2. 2. 1.98699999e+00 1.95799994e+00 1.95799994e+00
    1.95799994e+00 1.94799995e+00 1.88999999e+00 1.87600005e+00
    1.88000000e+00 1.89300001e+00 1.89400005e+00 1.89400005e+00 0. 0. 0.
    0. 0. 0. 0. 2.08699989e+00 2.08699989e+00 2.07900000e+00
    2.05599999e+00 2.05399990e+00 2.05399990e+00 2.05299997e+00
    2.03699994e+00 2.01699996e+00 2. 2. 2. 1.99699998e+00 1.98899996e+00
    1.98899996e+00 1.97700000e+00 1.95799994e+00 1.95799994e+00
    1.97899997e+00 2. 2. 2. 1.98699999e+00 1.95799994e+00 1.95799994e+00
    1.95799994e+00 1.94900000e+00 1.89900005e+00 1.88100004e+00
    1.87399995e+00 1.86699998e+00 1.86600006e+00 1.86600006e+00 0. 0. 0.
    0. 0. 0. 0. 2.08699989e+00 2.08699989e+00 2.08699989e+00
    2.08500004e+00 2.08500004e+00 2.08500004e+00 2.07999992e+00
    2.02099991e+00 2.00099993e+00 2. 2. 2. 1.98800004e+00 1.96000004e+00
    1.96000004e+00 1.95899999e+00 1.95799994e+00 1.95799994e+00
    1.97899997e+00 2. 2. 2. 1.98699999e+00 1.95799994e+00 1.95799994e+00
    1.95799994e+00 1.95299995e+00 1.92200005e+00 1.89400005e+00
    1.86699998e+00 1.84099996e+00 1.83899999e+00 1.83899999e+00 0. 0. 0.
    0. 0. 0. 0. 2.08699989e+00 2.08699989e+00 2.08699989e+00
    2.08699989e+00 2.08699989e+00 2.08699989e+00 2.08100009e+00
    2.01999998e+00 2. 2. 2. 2. 1.98800004e+00 1.95799994e+00
    1.95799994e+00 1.95799994e+00 1.95799994e+00 1.95799994e+00
    1.96500003e+00 1.97800004e+00 1.99699998e+00 1.98300004e+00
    1.96800005e+00 1.95799994e+00 1.95799994e+00 1.94599998e+00
    1.92499995e+00 1.89600003e+00 1.88199997e+00 1.86699998e+00
    1.83899999e+00 1.83700001e+00 1.83700001e+00 0. 0. 0. 0. 0. 0. 0.
    2.08699989e+00 2.08699989e+00 2.09100008e+00 2.10299993e+00
    2.09299994e+00 2.08699989e+00 2.08299994e+00 2.04399991e+00
    2.01699996e+00 2. 2. 2. 1.98800004e+00 1.95799994e+00 1.95799994e+00
    1.95799994e+00 1.95799994e+00 1.95799994e+00 1.95799994e+00
    1.96700001e+00 1.99600005e+00 1.97399998e+00 1.95799994e+00
    1.95799994e+00 1.95799994e+00 1.94000006e+00 1.91100001e+00
    1.88300002e+00 1.87600005e+00 1.86699998e+00 1.83899999e+00
    1.83700001e+00 1.83700001e+00 0. 0. 0. 0. 0. 0. 0. 2.08699989e+00
    2.08699989e+00 2.09899998e+00 2.13000011e+00 2.10200000e+00
    2.08699989e+00 2.08699989e+00 2.08699989e+00 2.04900002e+00
    2.00600004e+00 2.00600004e+00 2.00600004e+00 1.99300003e+00
    1.96099997e+00 1.96099997e+00 1.96099997e+00 1.96099997e+00
    1.96099997e+00 1.96099997e+00 1.96800005e+00 1.99399996e+00
    1.97300005e+00 1.95799994e+00 1.95799994e+00 1.95799994e+00
    1.94000006e+00 1.91100001e+00 1.88499999e+00 1.87699997e+00
    1.86699998e+00 1.83899999e+00 1.83700001e+00 1.83700001e+00 0. 0. 0.
    0. 0. 0. 0. 2.08699989e+00 2.08699989e+00 2.09899998e+00
    2.13000011e+00 2.10200000e+00 2.08699989e+00 2.08699989e+00
    2.08699989e+00 2.07800007e+00 2.06699991e+00 2.06699991e+00
    2.06699991e+00 2.04500008e+00 1.99100006e+00 1.99000001e+00
    1.99000001e+00 1.99000001e+00 1.99000001e+00 1.99000001e+00
    1.98599994e+00 1.97000003e+00 1.96200001e+00 1.95799994e+00
    1.95799994e+00 1.95799994e+00 1.94000006e+00 1.91499996e+00
    1.90799999e+00 1.88999999e+00 1.86699998e+00 1.83899999e+00
    1.83700001e+00 1.83700001e+00 0. 0. 0. 0. 0. 0. 0. 2.08699989e+00
    2.08699989e+00 2.09899998e+00 2.13000011e+00 2.10200000e+00
    2.08699989e+00 2.08800006e+00 2.10299993e+00 2.10800004e+00
    2.10800004e+00 2.10800004e+00 2.09599996e+00 2.06800008e+00
    2.02099991e+00 2.01999998e+00 2.01200008e+00 2. 2. 1.99000001e+00
    1.97599995e+00 1.96000004e+00 1.95799994e+00 1.95799994e+00
    1.95799994e+00 1.95799994e+00 1.94000006e+00 1.91600001e+00
    1.91600001e+00 1.88499999e+00 1.85300004e+00 1.83800006e+00
    1.82500005e+00 1.81900001e+00 0. 0. 0. 0. 0. 0. 0. 2.08699989e+00
    2.08699989e+00 2.09899998e+00 2.13000011e+00 2.09699988e+00
    2.07900000e+00 2.08200002e+00 2.11400008e+00 2.12400007e+00
    2.12400007e+00 2.12400007e+00 2.10700011e+00 2.08200002e+00
    2.05100012e+00 2.05100012e+00 2.03099990e+00 1.99899995e+00
    1.99399996e+00 1.97099996e+00 1.95099998e+00 1.95099998e+00
    1.95099998e+00 1.95099998e+00 1.95099998e+00 1.95599997e+00
    1.94299996e+00 1.92299998e+00 1.91700006e+00 1.87399995e+00
    1.83700001e+00 1.83700001e+00 1.81200004e+00 1.79799998e+00 0. 0. 0.
    0. 0. 0. 0. 2.08699989e+00 2.08699989e+00 2.09899998e+00
    2.13000011e+00 2.07699990e+00 2.04800010e+00 2.05100012e+00
    2.08200002e+00 2.09200001e+00 2.09200001e+00 2.09200001e+00
    2.11199999e+00 2.11400008e+00 2.08200002e+00 2.08200002e+00
    2.04999995e+00 1.99600005e+00 1.97000003e+00 1.94200003e+00
    1.92100000e+00 1.92100000e+00 1.92100000e+00 1.92100000e+00
    1.92200005e+00 1.94799995e+00 1.95599997e+00 1.94799995e+00
    1.92200005e+00 1.87399995e+00 1.83700001e+00 1.83700001e+00
    1.81200004e+00 1.79799998e+00 0. 0. 0. 0. 0. 0. 0. 2.11299992e+00
    2.11299992e+00 2.11800003e+00 2.13100004e+00 2.07299995e+00
    2.03399992e+00 2.01900005e+00 2.03200006e+00 2.03600001e+00
    2.03600001e+00 2.03600001e+00 2.06200004e+00 2.08200002e+00
    2.08699989e+00 2.08699989e+00 2.05299997e+00 1.98899996e+00
    1.90999997e+00 1.87899995e+00 1.87000000e+00 1.87000000e+00
    1.87000000e+00 1.88399994e+00 1.88000000e+00 0. 0. 0. 0. 0. 0.
    1.70099998e+00 1.81200004e+00 1.79799998e+00 0. 0. 0. 0. 0. 0. 0.
