<?xml version="1.0"?>
<opencv_storage>
<Depth type_id="opencv-matrix">
  <rows>40</rows>
  <cols>40</cols>
  <dt>f</dt>
  <data>
    0. 0. 0. 0. 0. 0. 0. 0. 0. 0. 0. 0. 0. 0. 0. 0. 0. 0. 0. 0. 0. 0. 0.
    0. 0. 0. 0. 0. 0. 0. 0. 0. 0. 0. 0. 0. 0. 0. 0. 0. 0. 0. 0. 0. 0. 0.
    0. 0. 0. 0. 0. 0. 0. 0. 0. 0. 0. 0. 0. 0. 0. 0. 0. 0. 0. 0. 0. 0. 0.
    0. 0. 0. 0. 0. 0. 0. 0. 0. 0. 0. 0. 0. 0. 0. 0. 0. 0. 0. 0. 0. 0. 0.
    0. 0. 0. 0. 0. 0. 0. 0. 0. 0. 0. 0. 0. 0. 0. 0. 0. 0. 0. 0. 0. 0. 0.
    0. 0. 0. 0. 0. 0. 0. 0. 0. 0. 0. 0. 0. 0. 0. 0. 0. 0. 0. 0. 0. 0. 0.
    0. 0. 0. 0. 0. 0. 0. 0. 0. 0. 0. 0. 0. 0. 0. 0. 0. 0. 0. 0. 0. 0. 0.
    0. 0. 0. 0. 0. 0. 0. 0. 0. 0. 0. 2.99000001e+00 2.64000010e+00
    2.05399990e+00 1.93200004e+00 1.93200004e+00 1.82700002e+00
    1.71099997e+00 1.55200005e+00 1.43099999e+00 1.37300003e+00
    1.34800005e+00 1.34800005e+00 1.65400004e+00 2.05299997e+00
    2.06900001e+00 2.06900001e+00 0. 0. 0. 0. 0. 0. 0. 0. 0. 0. 0. 0. 0.
    0. 0. 0. 0. 0. 0. 0. 0. 0. 0. 0. 2.99000001e+00 2.64700007e+00
    2.07399988e+00 1.95400000e+00 1.95400000e+00 1.87199998e+00
    1.78400004e+00 1.67799997e+00 1.59700000e+00 1.55799997e+00
    1.54799998e+00 1.56099999e+00 1.76800001e+00 2.03500009e+00
    2.04600000e+00 2.04600000e+00 0. 0. 0. 0. 0. 0. 0. 0. 0. 0. 0. 0. 0.
    0. 0. 0. 0. 0. 0. 0. 0. 0. 0. 0. 2.99000001e+00 2.66000009e+00
    2.10700011e+00 1.99199998e+00 1.99199998e+00 1.94700003e+00
    1.90699995e+00 1.88800001e+00 1.87399995e+00 1.86800003e+00
    1.88399994e+00 1.91700006e+00 1.96000004e+00 2.00600004e+00
    2.00799990e+00 2.00799990e+00 0. 0. 0. 0. 0. 0. 0. 0. 0. 0. 0. 0. 0.
    0. 0. 0. 0. 0. 0. 0. 0. 0. 0. 0. 2.99000001e+00 2.66199994e+00
    2.11400008e+00 2. 2. 1.96300006e+00 1.93200004e+00 1.93200004e+00
    1.93200004e+00 1.93200004e+00 1.95299995e+00 1.99100006e+00 2. 2. 2.
    2. 0. 0. 0. 0. 0. 0. 0. 0. 0. 0. 0. 0. 0. 0. 0. 0. 0. 0. 0. 0. 0. 0.
    0. 0. 2.99000001e+00 2.66199994e+00 2.11400008e+00 2. 2.
    1.96300006e+00 1.93200004e+00 1.93200004e+00 1.93200004e+00
    1.93200004e+00 1.95299995e+00 1.99100006e+00 2. 2. 2. 2. 0. 0. 0. 0.
    0. 0. 0. 0. 0. 0. 0. 0. 0. 0. 0. 0. 0. 0. 0. 0. 0. 0. 0. 0.
    2.99000001e+00 2.67499995e+00 2.14700007e+00 2.02099991e+00 2.
    1.98300004e+00 1.96899998e+00 1.96899998e+00 1.96899998e+00
    1.96899998e+00 1.97899997e+00 1.99600005e+00 2. 2. 2. 2. 0. 0. 0. 0.
    0. 0. 0. 0. 0. 0. 0. 0. 0. 0. 0. 0. 0. 0. 0. 0. 0. 0. 0. 0.
    2.99000001e+00 2.68499994e+00 2.17499995e+00 2.03900003e+00
    2.00099993e+00 2. 2. 2. 2. 2. 2. 2. 1.99699998e+00 1.99300003e+00
    1.99300003e+00 1.99300003e+00 0. 0. 0. 0. 0. 0. 0. 0. 0. 0. 0. 0. 0.
    0. 0. 0. 0. 0. 0. 0. 0. 0. 0. 0. 2.99000001e+00 2.68499994e+00
    2.17499995e+00 2.03900003e+00 2.00099993e+00 2. 2. 2. 2. 2. 2. 2.
    1.98099995e+00 1.95700002e+00 1.95599997e+00 1.95599997e+00 0. 0. 0.
    0. 0. 0. 0. 0. 0. 0. 0. 0. 0. 0. 0. 0. 0. 0. 0. 0. 0. 0. 0. 0.
    2.97000003e+00 2.67199993e+00 2.17300010e+00 2.03900003e+00
    2.00099993e+00 2. 2. 2. 2. 2. 2. 2. 1.97099996e+00 1.93400002e+00
    1.93200004e+00 1.93200004e+00 0. 0. 0. 0. 0. 0. 0. 0. 0. 0. 0. 0. 0.
    0. 0. 0. 0. 0. 0. 0. 0. 0. 0. 0. 2.91499996e+00 2.63499999e+00
    2.16700006e+00 2.03900003e+00 2.00099993e+00 2. 2. 2. 2. 2. 2. 2.
    1.97099996e+00 1.93400002e+00 1.93200004e+00 1.93200004e+00 0. 0. 0.
    0. 0. 0. 0. 0. 0. 0. 0. 0. 0. 0. 0. 0. 0. 0. 0. 0. 0. 0. 0. 0.
    2.86199999e+00 2.59999990e+00 2.16000009e+00 2.03900003e+00
    2.00099993e+00 2. 2. 2. 2. 2. 2. 2. 1.98000002e+00 1.95500004e+00
    1.95299995e+00 1.95299995e+00 0. 0. 0. 0. 0. 0. 0. 0. 0. 0. 0. 0. 0.
    0. 0. 0. 0. 0. 0. 0. 0. 0. 0. 0. 2.80999994e+00 2.56500006e+00
    2.15400004e+00 2.03900003e+00 2.00099993e+00 2. 2. 2. 2. 2. 2. 2.
    1.99600005e+00 1.99100006e+00 1.99100006e+00 1.99100006e+00 0. 0. 0.
    0. 0. 0. 0. 0. 0. 0. 0. 0. 0. 0. 0. 0. 0. 0. 0. 0. 0. 0. 0. 0.
    2.79800010e+00 2.55699992e+00 2.15300012e+00 2.03900003e+00
    2.00099993e+00 2. 2. 2. 2. 2. 2. 2. 2. 2. 1.98500001e+00
    1.97099996e+00 0. 0. 0. 0. 0. 0. 0. 0. 0. 0. 0. 0. 0. 0. 0. 0. 0. 0.
    0. 0. 0. 0. 0. 0. 2.79800010e+00 2.55699992e+00 2.15300012e+00
    2.03900003e+00 2.00099993e+00 2. 2. 2. 2. 2. 2. 2. 2. 2.
    1.96500003e+00 1.93400002e+00 0. 0. 0. 0. 0. 0. 0. 0. 0. 0. 0. 0. 0.
    0. 0. 0. 0. 0. 0. 0. 0. 0. 0. 0. 2.84800005e+00 2.58999991e+00
    2.15899992e+00 2.03900003e+00 2.00099993e+00 2. 2. 2. 2. 2. 2. 2. 2.
    2. 1.96399999e+00 1.93200004e+00 0. 0. 0. 0. 0. 0. 0. 0. 0. 0. 0. 0.
    0. 0. 0. 0. 0. 0. 0. 0. 0. 0. 0. 0. 2.80999994e+00 2.56100011e+00
    2.14400005e+00 2.03200006e+00 2. 2. 2. 2. 1.99899995e+00
    1.99600005e+00 1.99399996e+00 1.99399996e+00 1.99399996e+00
    1.99399996e+00 1.96099997e+00 1.93200004e+00 0. 0. 0. 0. 0. 0. 0. 0.
    0. 0. 0. 0. 0. 0. 0. 0. 0. 0. 0. 0. 0. 0. 0. 0. 2.27800012e+00
    2.18000007e+00 2.01600003e+00 1.99000001e+00 2. 2. 2. 2.
    1.99100006e+00 1.96700001e+00 1.95700002e+00 1.95700002e+00
    1.95700002e+00 1.95700002e+00 1.94299996e+00 1.93200004e+00 0. 0. 0.
    0. 0. 0. 0. 0. 0. 0. 0. 0. 0. 0. 0. 0. 0. 0. 0. 0. 0. 0. 0. 0.
    1.91900003e+00 1.91900003e+00 1.91900003e+00 1.94900000e+00
    1.98599994e+00 1.98699999e+00 1.98800004e+00 1.99500000e+00
    1.98599994e+00 1.94799995e+00 1.93200004e+00 1.93200004e+00
    1.92100000e+00 1.90799999e+00 1.90699995e+00 1.90699995e+00 0. 0. 0.
    0. 0. 0. 0. 0. 0. 0. 0. 0. 0. 0. 0. 0. 0. 0. 0. 0. 0. 0. 0. 0.
    1.88300002e+00 1.88300002e+00 1.88300002e+00 1.91199994e+00
    1.94900000e+00 1.94900000e+00 1.95400000e+00 1.98199999e+00
    1.98599994e+00 1.94799995e+00 1.93200004e+00 1.93200004e+00
    1.89100003e+00 1.83800006e+00 1.83599997e+00 1.83599997e+00 0. 0. 0.
    0. 0. 0. 0. 0. 0. 0. 0. 0. 0. 0. 0. 0. 0. 0. 0. 0. 0. 0. 0. 0.
    1.86600006e+00 1.86600006e+00 1.86600006e+00 1.89499998e+00
    1.93200004e+00 1.93200004e+00 1.93900001e+00 1.97599995e+00
    1.98599994e+00 1.94799995e+00 1.93200004e+00 1.93200004e+00
    1.87699997e+00 1.80599999e+00 1.77400005e+00 1.74800003e+00 0. 0. 0.
    0. 0. 0. 0. 0. 0. 0. 0. 0. 0. 0. 0. 0. 0. 0. 0. 0. 0. 0. 0. 0.
    1.86600006e+00 1.86600006e+00 1.86600006e+00 1.89499998e+00
    1.93200004e+00 1.93200004e+00 1.93900001e+00 1.97599995e+00
    1.98599994e+00 1.94799995e+00 1.93200004e+00 1.93200004e+00
    1.87699997e+00 1.80599999e+00 1.72000003e+00 1.64699996e+00 0. 0. 0.
    0. 0. 0. 0. 0. 0. 0. 0. 0. 0. 0. 0. 0. 0. 0. 0. 0. 0. 0. 0. 0.
    1.86600006e+00 1.86600006e+00 1.86600006e+00 1.89499998e+00
    1.93200004e+00 1.93200004e+00 1.93599999e+00 1.95799994e+00
    1.96399999e+00 1.94200003e+00 1.93200004e+00 1.93200004e+00
    1.89999998e+00 1.85699999e+00 1.71800005e+00 1.59700000e+00 0. 0. 0.
    0. 0. 0. 0. 0. 0. 0. 0. 0. 0. 0. 0. 0. 0. 0. 0. 0. 0. 0. 0. 0.
    1.86600006e+00 1.86600006e+00 1.86600006e+00 1.89499998e+00
    1.93200004e+00 1.93200004e+00 1.93200004e+00 1.93400002e+00
    1.93400002e+00 1.93299997e+00 1.93200004e+00 1.93200004e+00
    1.92999995e+00 1.92700005e+00 1.73500001e+00 1.56500006e+00 0. 0. 0.
    0. 0. 0. 0. 0. 0. 0. 0. 0. 0. 0. 0. 0. 0. 0. 0. 0. 0. 0. 0. 0.
    1.86600006e+00 1.86600006e+00 1.86600006e+00 1.89499998e+00
    1.93200004e+00 1.93200004e+00 1.93200004e+00 1.93200004e+00
    1.93200004e+00 1.93200004e+00 1.93200004e+00 1.93200004e+00
    1.93200004e+00 1.93200004e+00 1.73599994e+00 1.56299996e+00 0. 0. 0.
    0. 0. 0. 0. 0. 0. 0. 0. 0. 0. 0. 0. 0. 0. 0. 0. 0. 0. 0. 0. 0.
    1.87100005e+00 1.87100005e+00 1.87100005e+00 1.89800000e+00
    1.93200004e+00 1.93200004e+00 1.93200004e+00 1.93200004e+00
    1.93200004e+00 1.93200004e+00 1.93200004e+00 1.93200004e+00
    1.78900003e+00 1.60200000e+00 1.41199994e+00 1.25199997e+00 0. 0. 0.
    0. 0. 0. 0. 0. 0. 0. 0. 0. 0. 0. 0. 0. 0. 0. 0. 0. 0. 0. 0. 0.
    1.90699995e+00 1.90699995e+00 1.90699995e+00 1.91799998e+00
    1.93200004e+00 1.93200004e+00 1.93200004e+00 1.93200004e+00
    1.93200004e+00 1.93200004e+00 1.93200004e+00 1.93200004e+00 0. 0. 0.
