<?xml version="1.0"?>
<opencv_storage>
<Depth type_id="opencv-matrix">
  <rows>40</rows>
  <cols>40</cols>
  <dt>f</dt>
  <data>
    0. 0. 0. 0. 0. 0. 0. 0. 0. 0. 0. 0. 0. 0. 0. 0. 0. 0. 0. 0. 0. 0. 0.
    0. 0. 0. 0. 0. 0. 0. 0. 0. 0. 0. 0. 0. 0. 0. 0. 0. 0. 0. 0. 0. 0. 0.
    0. 0. 0. 0. 0. 0. 0. 0. 0. 0. 0. 0. 0. 0. 0. 0. 0. 0. 0. 0. 0. 0. 0.
    0. 0. 0. 0. 0. 0. 0. 0. 0. 0. 0. 0. 0. 0. 0. 0. 0. 0. 0. 0. 0. 0. 0.
    0. 0. 0. 0. 0. 0. 0. 0. 0. 0. 0. 0. 0. 0. 0. 0. 0. 0. 0. 0. 0. 0. 0.
    0. 0. 0. 0. 0. 0. 0. 0. 0. 0. 0. 0. 0. 0. 0. 0. 0. 0. 0. 0. 0. 0. 0.
    0. 0. 0. 0. 0. 0. 0. 0. 0. 0. 0. 0. 0. 0. 0. 0. 0. 0. 0. 0. 0. 0. 0.
    0. 0. 0. 0. 0. 0. 0. 0. 0. 0. 0. 0. 0. 0. 0. 0. 0. 0. 0. 0. 0. 0. 0.
    0. 0. 0. 0. 0. 0. 0. 0. 0. 0. 0. 0. 0. 0. 0. 0. 0. 0. 0. 0. 0. 0. 0.
    0. 0. 0. 0. 0. 0. 0. 0. 0. 0. 0. 0. 0. 0. 0. 0. 0. 0. 0. 0. 0. 0. 0.
    0. 0. 0. 0. 0. 0. 0. 0. 0. 0. 0. 0. 0. 0. 0. 0. 0. 0. 0. 0. 0. 0. 0.
    0. 0. 0. 0. 0. 0. 0. 0. 0. 0. 0. 0. 0. 0. 0. 0. 0. 0. 0. 0. 0. 0. 0.
    0. 0. 0. 0. 0. 0. 0. 0. 0. 0. 0. 0. 0. 0. 0. 0. 0. 0. 0. 0. 0. 0. 0.
    0. 0. 0. 0. 0. 0. 0. 0. 0. 0. 0. 0. 0. 0. 0. 0. 0. 0. 0. 0. 0. 0. 0.
    0. 0. 0. 0. 0. 0. 0. 0. 0. 0. 0. 0. 0. 0. 0. 0. 0. 2.01099992e+00
    2.49699998e+00 2.01699996e+00 2.01900005e+00 2.50200009e+00
    2.02500010e+00 2.02999997e+00 1.71500003e+00 1.44599998e+00
    1.44599998e+00 0. 0. 0. 0. 0. 0. 0. 0. 0. 0. 0. 0. 0. 0. 0. 0. 0. 0.
    0. 0. 0. 0. 0. 1.84500003e+00 1.44599998e+00 2.07399988e+00
    1.44599998e+00 2.01399994e+00 2.00500011e+00 2.00799990e+00
    2.01099992e+00 2.01200008e+00 2.01500010e+00 2.01600003e+00
    2.01900005e+00 2.02500010e+00 2.02800012e+00 1.95099998e+00
    1.44599998e+00 1.44599998e+00 0. 0. 0. 0. 0. 0. 0. 0. 0. 0. 0. 0. 0.
    0. 0. 0. 0. 0. 0. 0. 0. 0. 1.44599998e+00 1.44599998e+00
    1.44599998e+00 1.86399996e+00 1.62199998e+00 2.01399994e+00
    2.00500011e+00 2.00600004e+00 2.00999999e+00 2.01200008e+00
    2.01300001e+00 2.01799989e+00 2.02099991e+00 2.02300000e+00
    2.02699995e+00 1.71399999e+00 1.44599998e+00 2.90400004e+00 0. 0. 0.
    0. 0. 0. 0. 0. 0. 0. 0. 0. 0. 0. 0. 0. 0. 0. 0. 0. 0. 0.
    2.21600008e+00 1.62300003e+00 1.44599998e+00 2.07500005e+00
    1.88699996e+00 2.02500010e+00 2.00500011e+00 2.00699997e+00
    2.00900006e+00 2.01099992e+00 2.01300001e+00 2.01500010e+00
    2.01900005e+00 2.02300000e+00 2.02600002e+00 2.02600002e+00
    1.44599998e+00 1.44599998e+00 0. 0. 0. 0. 0. 0. 0. 0. 0. 0. 0. 0. 0.
    0. 0. 0. 0. 0. 0. 0. 0. 0. 2.20700002e+00 2.17899990e+00
    1.44599998e+00 1.82500005e+00 2.05599999e+00 2.02200007e+00
    2.00300002e+00 2.00500011e+00 2.00699997e+00 2.00999999e+00
    2.01099992e+00 2.01500010e+00 2.01699996e+00 2.02200007e+00
    2.02300000e+00 2.02500010e+00 1.44599998e+00 1.44599998e+00 0. 0. 0.
    0. 0. 0. 0. 0. 0. 0. 0. 0. 0. 0. 0. 0. 0. 0. 0. 0. 0. 0.
    2.21300006e+00 2.18300009e+00 2.15199995e+00 1.44599998e+00
    2.05599999e+00 2.02900004e+00 2.00200009e+00 2.00099993e+00
    2.00600004e+00 2.00799990e+00 2.01099992e+00 2.01300001e+00
    2.01600003e+00 2.01999998e+00 2.02200007e+00 2.02500010e+00
    1.44599998e+00 1.44599998e+00 0. 0. 0. 0. 0. 0. 0. 0. 0. 0. 0. 0. 0.
    0. 0. 0. 0. 0. 0. 0. 0. 0. 2.15599990e+00 2.17899990e+00
    1.73800004e+00 1.44599998e+00 2.06299996e+00 2.02600002e+00
    2.00200009e+00 2.00099993e+00 2.00600004e+00 2.00699997e+00
    2.00900006e+00 2.01200008e+00 2.01399994e+00 2.01900005e+00
    2.01999998e+00 2.02399993e+00 1.44599998e+00 1.44599998e+00 0. 0. 0.
    0. 0. 0. 0. 0. 0. 0. 0. 0. 0. 0. 0. 0. 0. 0. 0. 0. 0. 0.
    2.15499997e+00 2.17300010e+00 1.50000000e+00 1.44599998e+00
    2.05999994e+00 2.02500010e+00 2.00200009e+00 2. 2.00399995e+00
    2.00600004e+00 2.00900006e+00 2.01099992e+00 2.01300001e+00
    2.01699996e+00 2.01699996e+00 2.02099991e+00 1.44599998e+00
    1.44599998e+00 0. 0. 0. 0. 0. 0. 0. 0. 0. 0. 0. 0. 0. 0. 0. 0. 0. 0.
    0. 0. 0. 0. 2.15100002e+00 2.18000007e+00 1.99899995e+00
    1.44599998e+00 2.05900002e+00 2.03200006e+00 2.00300002e+00 2.
    2.00200009e+00 2.00399995e+00 2.00699997e+00 2.00999999e+00
    2.01099992e+00 2.01600003e+00 2.01699996e+00 2.02099991e+00
    1.44599998e+00 1.44599998e+00 0. 0. 0. 0. 0. 0. 0. 0. 0. 0. 0. 0. 0.
    0. 0. 0. 0. 0. 0. 0. 0. 0. 1.44599998e+00 2.19199991e+00
    2.14599991e+00 1.62899995e+00 2.06100011e+00 2.03800011e+00
    2.00799990e+00 1.99899995e+00 2.00099993e+00 2.00300002e+00
    2.00600004e+00 2.00900006e+00 2.01099992e+00 2.01300001e+00
    2.01699996e+00 2.01999998e+00 1.80200005e+00 1.44599998e+00 0. 0. 0.
    0. 0. 0. 0. 0. 0. 0. 0. 0. 0. 0. 0. 0. 0. 0. 0. 0. 0. 0.
    1.44599998e+00 2.18300009e+00 2.14000010e+00 2.10700011e+00
    2.06699991e+00 2.03299999e+00 2.00300002e+00 1.99699998e+00 2.
    2.00099993e+00 2.00399995e+00 2.00699997e+00 2.00900006e+00
    2.01200008e+00 2.01399994e+00 2.01900005e+00 2.01600003e+00
    1.44599998e+00 0. 0. 0. 0. 0. 0. 0. 0. 0. 0. 0. 0. 0. 0. 0. 0. 0. 0.
    0. 0. 0. 0. 1.44599998e+00 2.18700004e+00 2.14700007e+00
    2.10899997e+00 2.06500006e+00 2.03900003e+00 2.00300002e+00
    1.99699998e+00 1.99800003e+00 2.00099993e+00 2.00300002e+00
    2.00600004e+00 2.00799990e+00 2.01200008e+00 2.01399994e+00
    2.01699996e+00 2.01699996e+00 1.44599998e+00 0. 0. 0. 0. 0. 0. 0. 0.
    0. 0. 0. 0. 0. 0. 0. 0. 0. 0. 0. 0. 0. 0. 1.44599998e+00
    2.19099998e+00 2.14299989e+00 2.10899997e+00 2.06599998e+00
    2.05100012e+00 2.01399994e+00 1.99699998e+00 1.99899995e+00 2.
    2.00099993e+00 2.00399995e+00 2.00699997e+00 2.01099992e+00
    2.01300001e+00 2.01600003e+00 2.01699996e+00 1.44599998e+00 0. 0. 0.
    0. 0. 0. 0. 0. 0. 0. 0. 0. 0. 0. 0. 0. 0. 0. 0. 0. 0. 0.
    1.44599998e+00 2.18899989e+00 2.14499998e+00 2.10700011e+00
    2.08200002e+00 1.45700002e+00 2.01200008e+00 1.99500000e+00
    1.99600005e+00 1.99800003e+00 2. 2.00300002e+00 2.00600004e+00
    2.00900006e+00 2.01200008e+00 2.01300001e+00 2.01500010e+00
    1.44599998e+00 0. 0. 0. 0. 0. 0. 0. 0. 0. 0. 0. 0. 0. 0. 0. 0. 0. 0.
    0. 0. 0. 0. 1.44599998e+00 2.18899989e+00 2.14599991e+00
    2.10800004e+00 2.07100010e+00 2.05200005e+00 2.00999999e+00
    1.99399996e+00 1.99500000e+00 1.99800003e+00 2. 2.00200009e+00
    2.00300002e+00 2.00799990e+00 2.01099992e+00 2.01200008e+00
    2.01500010e+00 1.44599998e+00 0. 0. 0. 0. 0. 0. 0. 0. 0. 0. 0. 0. 0.
    0. 0. 0. 0. 0. 0. 0. 0. 0. 1.44599998e+00 2.19199991e+00
    2.14800000e+00 2.13299990e+00 2.08200002e+00 2.04699993e+00
    2.01099992e+00 1.99300003e+00 1.99300003e+00 1.99699998e+00
    1.99800003e+00 2. 2.00399995e+00 2.00699997e+00 2.00999999e+00
    2.01099992e+00 2.01399994e+00 1.44599998e+00 0. 0. 0. 0. 0. 0. 0. 0.
    0. 0. 0. 0. 0. 0. 0. 0. 0. 0. 0. 0. 0. 0. 1.44599998e+00
    2.01500010e+00 2.16000009e+00 2.12500000e+00 2.06800008e+00
    2.04500008e+00 2.01300001e+00 1.99300003e+00 1.99300003e+00
    1.99500000e+00 1.99800003e+00 2. 2.00200009e+00 2.00600004e+00
    2.00900006e+00 2.00999999e+00 2.01399994e+00 1.88600004e+00 0. 0. 0.
    0. 0. 0. 0. 0. 0. 0. 0. 0. 0. 0. 0. 0. 0. 0. 0. 0. 0. 0.
    1.44599998e+00 2.01300001e+00 2.16000009e+00 2.12599993e+00
    2.08899999e+00 2.04800010e+00 2.01500010e+00 1.99199998e+00
    1.99199998e+00 1.99399996e+00 1.99600005e+00 1.99800003e+00
    2.00099993e+00 2.00399995e+00 2.00699997e+00 2.00900006e+00
    2.01200008e+00 1.88699996e+00 0. 0. 0. 0. 0. 0. 0. 0. 0. 0. 0. 0. 0.
    0. 0. 0. 0. 0. 0. 0. 0. 0. 1.44599998e+00 1.44599998e+00
    2.16000009e+00 2.12500000e+00 2.08699989e+00 2.05299997e+00
    2.01399994e+00 1.99100006e+00 1.99000001e+00 1.99300003e+00
    1.99399996e+00 1.99800003e+00 2. 2.00300002e+00 2.00600004e+00
    2.00900006e+00 2.01099992e+00 2.00900006e+00 0. 0. 0. 0. 0. 0. 0. 0.
    0. 0. 0. 0. 0. 0. 0. 0. 0. 0. 0. 0. 0. 0. 1.44599998e+00
    2.19600010e+00 2.15700006e+00 2.13199997e+00 2.09500003e+00
    2.04800010e+00 2.02200007e+00 1.99500000e+00 1.98899996e+00
    1.99199998e+00 1.99300003e+00 1.99600005e+00 1.99800003e+00
