<?xml version="1.0"?>
<opencv_storage>
<Depth type_id="opencv-matrix">
  <rows>40</rows>
  <cols>40</cols>
  <dt>f</dt>
  <data>
    0. 0. 0. 0. 0. 0. 0. 0. 0. 0. 0. 0. 0. 0. 0. 0. 0. 0. 0. 0. 0. 0. 0.
    0. 0. 0. 0. 0. 0. 0. 0. 0. 0. 0. 0. 0. 0. 0. 0. 0. 0. 0. 0. 0. 0. 0.
    0. 0. 0. 0. 0. 0. 0. 0. 0. 0. 0. 0. 0. 0. 0. 0. 0. 0. 0. 0. 0. 0. 0.
    0. 0. 0. 0. 0. 0. 0. 0. 0. 0. 0. 0. 0. 0. 0. 0. 0. 0. 0. 0. 0. 0. 0.
    0. 0. 0. 0. 0. 0. 0. 0. 0. 0. 0. 0. 0. 0. 0. 0. 0. 0. 0. 0. 0. 0. 0.
    0. 0. 0. 0. 0. 0. 0. 0. 0. 0. 0. 0. 0. 0. 0. 0. 0. 0. 0. 0. 0. 0. 0.
    0. 0. 0. 0. 0. 0. 0. 0. 0. 0. 0. 0. 0. 0. 0. 0. 0. 0. 0. 0. 0. 0. 0.
    0. 0. 0. 0. 0. 0. 0. 0. 0. 0. 0. 0. 0. 0. 0. 0. 0. 0. 0. 0. 0. 0. 0.
    0. 0. 0. 0. 0. 0. 0. 0. 0. 0. 0. 0. 0. 0. 0. 0. 0. 0. 0. 0. 0. 0. 0.
    0. 0. 0. 0. 0. 0. 0. 0. 0. 0. 0. 0. 0. 0. 0. 0. 0. 0. 0. 0. 0. 0. 0.
    0. 0. 0. 0. 0. 0. 0. 0. 0. 0. 0. 0. 0. 0. 0. 0. 0. 0. 0. 0. 0. 0. 0.
    0. 0. 0. 0. 0. 0. 0. 0. 0. 0. 0. 0. 0. 0. 0. 0. 0. 0. 0. 0. 0. 0. 0.
    0. 0. 0. 0. 0. 0. 0. 0. 0. 0. 0. 0. 0. 0. 0. 0. 0. 0. 0. 0. 0. 0. 0.
    0. 0. 0. 0. 0. 0. 0. 0. 0. 0. 0. 0. 0. 0. 0. 0. 0. 0. 0. 0. 0. 0. 0.
    0. 0. 0. 0. 0. 0. 0. 0. 0. 0. 0. 0. 0. 0. 0. 0. 0. 0. 0. 0. 0. 0. 0.
    0. 0. 0. 0. 0. 0. 0. 0. 0. 0. 0. 0. 0. 0. 0. 0. 0. 0. 0. 0. 0. 0. 0.
    0. 0. 0. 0. 0. 0. 0. 0. 1.87500000e+00 1.87500000e+00 1.87500000e+00
    1.91799998e+00 1.96899998e+00 2.02099991e+00 2.07399988e+00
    2.12700009e+00 2.13100004e+00 2.13100004e+00 2.13100004e+00
    2.13100004e+00 2.13100004e+00 2.13100004e+00 0. 0. 0. 0. 0. 0. 0. 0.
    0. 0. 0. 0. 0. 0. 0. 0. 0. 0. 0. 0. 0. 0. 0. 0. 0. 0. 1.87500000e+00
    1.87500000e+00 1.87500000e+00 1.91799998e+00 1.96899998e+00
    2.02099991e+00 2.07399988e+00 2.12700009e+00 2.12599993e+00
    2.11999989e+00 2.11700010e+00 2.11700010e+00 2.11700010e+00
    2.11700010e+00 0. 0. 0. 0. 0. 0. 0. 0. 0. 0. 0. 0. 0. 0. 0. 0. 0. 0.
    0. 0. 0. 0. 0. 0. 0. 1.01199996e+00 1.87500000e+00 1.87500000e+00
    1.87500000e+00 1.91799998e+00 1.96899998e+00 2.02099991e+00
    2.07399988e+00 2.12700009e+00 2.10599995e+00 2.07900000e+00
    2.06399989e+00 2.06399989e+00 2.06399989e+00 2.06399989e+00 0. 0. 0.
    0. 0. 0. 0. 0. 0. 0. 0. 0. 0. 0. 0. 0. 0. 0. 0. 0. 0. 0. 0. 0.
    1.51199996e+00 1.72899997e+00 1.87500000e+00 1.87500000e+00
    1.87500000e+00 1.91799998e+00 1.96899998e+00 2.02099991e+00
    2.07399988e+00 2.12700009e+00 2.08599997e+00 2.03800011e+00
    2.01099992e+00 2.01099992e+00 2.01099992e+00 2.01099992e+00 0. 0. 0.
    0. 0. 0. 0. 0. 0. 0. 0. 0. 0. 0. 0. 0. 0. 0. 0. 0. 0. 0. 0.
    1.33899999e+00 1.87500000e+00 1.87500000e+00 1.88000000e+00
    1.89699996e+00 1.91299999e+00 1.94500005e+00 1.97899997e+00
    2.02099991e+00 2.07399988e+00 2.12700009e+00 2.08200002e+00
    2.02900004e+00 2. 2. 2. 2. 0. 0. 0. 0. 0. 0. 0. 0. 0. 0. 0. 0. 0. 0.
    0. 0. 0. 0. 0. 0. 0. 0. 0. 1.33899999e+00 1.87500000e+00
    1.87500000e+00 1.88699996e+00 1.92400002e+00 1.96099997e+00
    1.97800004e+00 1.99199998e+00 2.02099991e+00 2.07399988e+00
    2.12700009e+00 2.08200002e+00 2.02900004e+00 2. 2. 2. 2. 0. 0. 0. 0.
    0. 0. 0. 0. 0. 0. 0. 0. 0. 0. 0. 0. 0. 0. 0. 0. 0. 0. 0.
    1.42799997e+00 1.89199996e+00 1.89199996e+00 1.90600002e+00
    1.95000005e+00 1.99399996e+00 2. 2. 2.02099991e+00 2.07399988e+00
    2.12700009e+00 2.08200002e+00 2.02900004e+00 2. 2. 2. 2. 0. 0. 0. 0.
    0. 0. 0. 0. 0. 0. 0. 0. 0. 0. 0. 0. 0. 0. 0. 0. 0. 0. 0.
    1.70000005e+00 1.94200003e+00 1.94200003e+00 1.95000005e+00
    1.97300005e+00 1.99699998e+00 2. 2. 2.02099991e+00 2.07399988e+00
    2.12700009e+00 2.08200002e+00 2.02900004e+00 2. 2. 2. 2. 0. 0. 0. 0.
    0. 0. 0. 0. 0. 0. 0. 0. 0. 0. 0. 0. 0. 0. 0. 0. 1.74300003e+00
    1.76999998e+00 1.87100005e+00 1.97200000e+00 1.99300003e+00
    1.99300003e+00 1.99399996e+00 1.99699998e+00 2. 2. 2. 2.02099991e+00
    2.07399988e+00 2.12700009e+00 2.08200002e+00 2.02900004e+00 2. 2. 2.
    2. 0. 0. 0. 0. 0. 0. 0. 0. 0. 0. 0. 0. 0. 0. 0. 0. 0. 0. 0. 0.
    2.13100004e+00 2.11700010e+00 2.06399989e+00 2.01099992e+00 2. 2. 2.
    2. 2. 2. 2. 2.02099991e+00 2.07399988e+00 2.12700009e+00
    2.08200002e+00 2.02900004e+00 2. 2. 2. 2. 0. 0. 0. 0. 0. 0. 0. 0. 0.
    0. 0. 0. 0. 0. 0. 0. 0. 0. 0. 0. 2.13100004e+00 2.11700010e+00
    2.06399989e+00 2.01099992e+00 2. 2. 2. 2. 2. 2. 2. 2.02099991e+00
    2.07399988e+00 2.12700009e+00 2.08200002e+00 2.02900004e+00 2. 2. 2.
    2. 0. 0. 0. 0. 0. 0. 0. 0. 0. 0. 0. 0. 0. 0. 0. 0. 0. 0. 0. 0.
    2.13100004e+00 2.11899996e+00 2.07399988e+00 2.02999997e+00
    2.02099991e+00 2.02099991e+00 2.02099991e+00 2.02099991e+00
    2.02099991e+00 2.02099991e+00 2.02099991e+00 2.03800011e+00
    2.08299994e+00 2.12700009e+00 2.08200002e+00 2.02900004e+00 2. 2. 2.
    2. 0. 0. 0. 0. 0. 0. 0. 0. 0. 0. 0. 0. 0. 0. 0. 0. 0. 0. 0. 0.
    2.13100004e+00 2.12500000e+00 2.10200000e+00 2.07800007e+00
    2.07399988e+00 2.07399988e+00 2.07399988e+00 2.07399988e+00
    2.07399988e+00 2.07399988e+00 2.07399988e+00 2.08299994e+00
    2.10599995e+00 2.12899995e+00 2.08200002e+00 2.02900004e+00 2. 2. 2.
    2. 0. 0. 0. 0. 0. 0. 0. 0. 0. 0. 0. 0. 0. 0. 0. 0. 0. 0. 0. 0.
    2.13100004e+00 2.13100004e+00 2.12899995e+00 2.12700009e+00
    2.12700009e+00 2.12700009e+00 2.12700009e+00 2.12700009e+00
    2.12700009e+00 2.12700009e+00 2.12700009e+00 2.12700009e+00
    2.12899995e+00 2.13100004e+00 2.08200002e+00 2.02900004e+00 2. 2. 2.
    2. 0. 0. 0. 0. 0. 0. 0. 0. 0. 0. 0. 0. 0. 0. 0. 0. 0. 0. 0. 0.
    2.08200002e+00 2.08200002e+00 2.08200002e+00 2.08200002e+00
    2.08200002e+00 2.08200002e+00 2.08200002e+00 2.08200002e+00
    2.08200002e+00 2.08200002e+00 2.08200002e+00 2.08200002e+00
    2.08200002e+00 2.08200002e+00 2.06999993e+00 2.05599999e+00
    2.04900002e+00 2.04900002e+00 2.04900002e+00 2.04900002e+00 0. 0. 0.
    0. 0. 0. 0. 0. 0. 0. 0. 0. 0. 0. 0. 0. 0. 0. 0. 0. 2.02900004e+00
    2.02900004e+00 2.02900004e+00 2.02900004e+00 2.02900004e+00
    2.02900004e+00 2.02900004e+00 2.02900004e+00 2.02900004e+00
    2.02900004e+00 2.02900004e+00 2.02900004e+00 2.02900004e+00
    2.02900004e+00 2.05599999e+00 2.08599997e+00 2.10200000e+00
    2.10200000e+00 2.10200000e+00 2.10200000e+00 0. 0. 0. 0. 0. 0. 0. 0.
    0. 0. 0. 0. 0. 0. 0. 0. 0. 0. 0. 0. 1.97700000e+00 1.97700000e+00
    1.97700000e+00 1.97700000e+00 1.98500001e+00 1.99399996e+00 2. 2. 2.
    2. 2. 2. 2. 2. 2.03999996e+00 2.08299994e+00 2.11100006e+00
    2.12100005e+00 2.13100004e+00 2.13100004e+00 0. 0. 0. 0. 0. 0. 0. 0.
    0. 0. 0. 0. 0. 0. 0. 0. 0. 0. 0. 0. 1.92700005e+00 1.92700005e+00
    1.92700005e+00 1.92700005e+00 1.95000005e+00 1.98000002e+00 2. 2. 2.
    2. 2. 2. 2. 2. 2.01999998e+00 2.04200006e+00 2.06800008e+00
    2.09899998e+00 2.13000011e+00 2.13100004e+00 0. 0. 0. 0. 0. 0. 0. 0.
    0. 0. 0. 0. 0. 0. 0. 0. 0. 0. 0. 0. 1.87600005e+00 1.87600005e+00
    1.87600005e+00 1.87600005e+00 1.91600001e+00 1.96599996e+00 2. 2. 2.
    2. 2. 2. 2. 2. 2. 2.00099993e+00 2.02500010e+00 2.07699990e+00
    2.13000011e+00 2.13100004e+00 0. 0. 0. 0. 0. 0. 0. 0. 0. 0. 0. 0. 0.
    0. 0. 0. 0. 0. 0. 0. 1.87500000e+00 1.87500000e+00 1.87500000e+00
    1.87500000e+00 1.91499996e+00 1.96599996e+00 2. 2. 2. 2. 2. 2. 2. 2.
    2. 2. 2.02399993e+00 2.07699990e+00 2.13000011e+00 2.13100004e+00 0.
    0. 0. 0. 0. 0. 0. 0. 0. 0. 0. 0. 0. 0. 0. 0. 0. 0. 0. 0.
    1.87500000e+00 1.87500000e+00 1.87500000e+00 1.87500000e+00
    1.91499996e+00 1.96599996e+00 2. 2. 2. 2. 2. 2. 2. 2. 2. 2.
    2.02399993e+00 2.07699990e+00 2.13000011e+00 2.13100004e+00 0. 0. 0.
    0. 0. 0. 0. 0. 0. 0. 0. 0. 0. 0. 0. 0. 0. 0. 0. 0. 1.87500000e+00
    1.87500000e+00 1.87500000e+00 1.87500000e+00 1.91499996e+00
    1.96599996e+00 2. 2. 2. 2. 2. 2. 2. 2. 2. 2. 2.02399993e+00
    2.07699990e+00 2.13000011e+00 2.13100004e+00 0. 0. 0. 0. 0. 0. 0. 0.
    0. 0. 0. 0. 0. 0. 0. 0. 0. 0. 0. 0. 0. 0. 0. 0. 0. 0. 0. 0. 0. 0. 0.
    0. 0. 0. 0. 0. 0. 0. 0. 0. 0. 0. 0. 0. 0. 0. 0. 0. 0. 0. 0. 0. 0. 0.
