<?xml version="1.0"?>
<opencv_storage>
<Depth type_id="opencv-matrix">
  <rows>40</rows>
  <cols>40</cols>
  <dt>f</dt>
  <data>
    0. 0. 0. 0. 0. 0. 0. 0. 0. 0. 0. 0. 0. 0. 0. 0. 0. 0. 0. 0. 0. 0. 0.
    0. 0. 0. 0. 0. 0. 0. 0. 0. 0. 0. 0. 0. 0. 0. 0. 0. 0. 0. 0. 0. 0. 0.
    0. 0. 0. 0. 0. 0. 0. 0. 0. 0. 0. 0. 0. 0. 0. 0. 0. 0. 0. 0. 0. 0. 0.
    0. 0. 0. 0. 0. 0. 0. 0. 0. 0. 0. 0. 0. 0. 0. 0. 0. 0. 0. 0. 0. 0. 0.
    0. 0. 0. 0. 0. 0. 0. 0. 0. 0. 0. 0. 0. 0. 0. 0. 0. 0. 0. 0. 0. 0. 0.
    0. 0. 0. 0. 0. 0. 0. 0. 0. 0. 0. 0. 0. 0. 0. 0. 0. 0. 0. 0. 0. 0. 0.
    0. 0. 0. 0. 0. 0. 0. 0. 0. 0. 0. 0. 0. 0. 0. 0. 0. 0. 0. 0. 0. 0. 0.
    0. 0. 0. 0. 0. 0. 0. 0. 0. 0. 0. 0. 0. 0. 0. 0. 0. 0. 0. 0. 0. 0. 0.
    0. 0. 0. 0. 0. 0. 0. 0. 0. 0. 0. 0. 0. 0. 0. 0. 0. 0. 0. 0. 0. 0. 0.
    0. 0. 0. 0. 0. 0. 0. 0. 0. 0. 0. 0. 0. 0. 0. 0. 0. 0. 0. 0. 0. 0. 0.
    0. 0. 0. 0. 0. 0. 0. 0. 0. 0. 0. 0. 0. 0. 0. 0. 0. 0. 0. 0. 0. 0. 0.
    0. 0. 0. 0. 0. 0. 0. 0. 0. 0. 0. 0. 0. 0. 0. 0. 0. 0. 0. 0. 0. 0. 0.
    0. 0. 0. 0. 0. 0. 0. 0. 0. 0. 0. 0. 0. 0. 0. 0. 0. 0. 0. 0. 0. 0. 0.
    0. 0. 0. 0. 0. 0. 0. 0. 0. 0. 0. 0. 0. 0. 0. 0. 0. 0. 0. 0. 0. 0. 0.
    0. 0. 0. 0. 0. 0. 0. 0. 0. 0. 0. 0. 0. 0. 0. 0. 0. 0. 0. 0. 0. 0. 0.
    0. 0. 0. 0. 0. 0. 0. 0. 0. 0. 0. 0. 0. 0. 0. 0. 0. 0. 0. 0. 0. 0. 0.
    0. 0. 0. 0. 0. 0. 0. 0. 0. 0. 0. 0. 0. 0. 0. 0. 0. 0. 0. 0. 0. 0. 0.
    0. 0. 0. 0. 0. 0. 0. 0. 0. 0. 0. 0. 0. 0. 0. 0. 0. 0. 0. 0. 0. 0. 0.
    0. 0. 0. 0. 0. 0. 0. 0. 0. 0. 0. 0. 0. 0. 0. 0. 0. 0. 0. 0. 0. 0. 0.
    0. 0. 0. 0. 0. 0. 0. 0. 0. 0. 0. 0. 0. 0. 0. 0. 0. 0. 0.
    2.07900000e+00 2.03399992e+00 2.02099991e+00 2.11100006e+00
    2.18600011e+00 2.18600011e+00 2.18199992e+00 2.13599992e+00
    2.09200001e+00 2.09200001e+00 2.09200001e+00 2.22700000e+00
    2.36899996e+00 2.38499999e+00 2.38499999e+00 0. 0. 0. 0. 0. 0. 0. 0.
    0. 0. 0. 0. 0. 0. 0. 0. 0. 0. 0. 0. 0. 0. 0. 0. 0. 2.07900000e+00
    2.03399992e+00 2.01600003e+00 2.08599997e+00 2.14400005e+00
    2.14400005e+00 2.14100003e+00 2.10599995e+00 2.07100010e+00
    2.07100010e+00 2.07100010e+00 2.17600012e+00 2.28600001e+00
    2.28200006e+00 2.26300001e+00 0. 0. 0. 0. 0. 0. 0. 0. 0. 0. 0. 0. 0.
    0. 0. 0. 0. 0. 0. 0. 0. 0. 0. 0. 0. 2.07900000e+00 2.03399992e+00
    2.00600004e+00 2.03200006e+00 2.05399990e+00 2.05399990e+00
    2.05299997e+00 2.03999996e+00 2.02699995e+00 2.02699995e+00
    2.02699995e+00 2.06599998e+00 2.10800004e+00 2.05900002e+00 2.
    1.30400002e+00 0. 0. 0. 0. 0. 0. 0. 0. 2.11899996e+00 2.08200002e+00
    2.07399988e+00 2.07399988e+00 2.07399988e+00 2.07399988e+00
    2.07399988e+00 2.07399988e+00 0. 0. 0. 0. 0. 0. 0. 0. 2.07599998e+00
    2.02399993e+00 1.98300004e+00 1.98300004e+00 1.98399997e+00
    1.99300003e+00 2. 2. 2. 2. 2. 1.99199998e+00 1.98399997e+00
    1.91600001e+00 1.84000003e+00 1.82599998e+00 1.82599998e+00
    1.82599998e+00 1.82599998e+00 1.82599998e+00 1.82599998e+00
    1.85099995e+00 1.89300001e+00 1.91199994e+00 2.04800010e+00
    2.03299999e+00 2.02999997e+00 2.02999997e+00 2.02999997e+00
    2.02999997e+00 2.02999997e+00 2.02999997e+00 1.52199996e+00 0. 0. 0.
    0. 0. 0. 1.47200000e+00 2.06999993e+00 1.99699998e+00 1.94099998e+00
    1.94099998e+00 1.94500005e+00 1.97399998e+00 2. 2. 2. 2. 2.
    1.97300005e+00 1.94400001e+00 1.89100003e+00 1.83599997e+00
    1.82599998e+00 1.82599998e+00 1.82599998e+00 1.82599998e+00
    1.82599998e+00 1.82599998e+00 1.85099995e+00 1.89300001e+00
    1.91199994e+00 2. 2. 2. 2. 2. 2. 2. 2. 2. 2. 2. 2. 2.01600003e+00
    2.05399990e+00 2.07699990e+00 2.07699990e+00 2.05299997e+00
    1.97300005e+00 1.91199994e+00 1.91199994e+00 1.91900003e+00
    1.96099997e+00 2. 2. 2. 2. 2. 1.95899999e+00 1.91700006e+00
    1.88100004e+00 1.84599996e+00 1.83399999e+00 1.82799995e+00
    1.82599998e+00 1.82599998e+00 1.82599998e+00 1.82599998e+00
    1.85099995e+00 1.89300001e+00 1.91600001e+00 2. 2. 2. 2. 2. 2. 2. 2.
    2. 2. 2. 2. 2.00699997e+00 2.02300000e+00 2.03299999e+00
    2.03299999e+00 2.01500010e+00 1.95700002e+00 1.91199994e+00
    1.91199994e+00 1.91900003e+00 1.96099997e+00 2. 2. 2. 2. 2.
    1.95899999e+00 1.91700006e+00 1.89900005e+00 1.88399994e+00
    1.85899997e+00 1.83299994e+00 1.82599998e+00 1.82599998e+00
    1.82599998e+00 1.82599998e+00 1.85099995e+00 1.89300001e+00
    1.92700005e+00 2. 2. 2. 2. 2. 2. 2. 2. 2. 2. 2. 2. 2. 2. 2. 2.
    1.98899996e+00 1.95200002e+00 1.92299998e+00 1.92299998e+00
    1.92900002e+00 1.96599996e+00 2. 2. 2. 2. 2. 1.95899999e+00
    1.91700006e+00 1.91199994e+00 1.91199994e+00 1.88199997e+00
    1.84599996e+00 1.83700001e+00 1.83700001e+00 1.83700001e+00
    1.83700001e+00 1.86199999e+00 1.90400004e+00 1.94599998e+00 2. 2. 2.
    2. 2. 2. 2. 2. 2. 2. 2. 2. 2. 2. 2. 2. 1.99500000e+00 1.97800004e+00
    1.96599996e+00 1.96599996e+00 1.96800005e+00 1.98500001e+00 2. 2. 2.
    2. 2. 1.95899999e+00 1.91700006e+00 1.91199994e+00 1.91199994e+00
    1.89900005e+00 1.88199997e+00 1.87800002e+00 1.87800002e+00
    1.87800002e+00 1.87800002e+00 1.90400004e+00 1.94599998e+00
    1.98899996e+00 2. 2. 2. 2. 2. 2. 2. 2. 2. 2. 2. 2. 1.99800003e+00
    1.99399996e+00 1.99199998e+00 1.99199998e+00 1.99399996e+00
    2.00200009e+00 2.00900006e+00 2.00900006e+00 2.00900006e+00
    2.00900006e+00 2.00900006e+00 2.00900006e+00 2.00799990e+00
    2.00399995e+00 2. 1.96300006e+00 1.92400002e+00 1.91999996e+00
    1.91999996e+00 1.91999996e+00 1.91999996e+00 1.91999996e+00
    1.91999996e+00 1.91999996e+00 1.91999996e+00 1.94400001e+00
    1.98199999e+00 2.02200007e+00 2. 2. 2. 2. 2. 2. 2. 2. 2. 2. 2. 2.
    1.98899996e+00 1.96500003e+00 1.94900000e+00 1.94900000e+00
    1.96399999e+00 2.01399994e+00 2.05299997e+00 2.05299997e+00
    2.05299997e+00 2.05299997e+00 2.05299997e+00 2.05299997e+00
    2.05200005e+00 2.02699995e+00 2.00099993e+00 1.98300004e+00
    1.96500003e+00 1.96300006e+00 1.96300006e+00 1.96300006e+00
    1.96300006e+00 1.96300006e+00 1.96300006e+00 1.96300006e+00
    1.96300006e+00 1.97399998e+00 1.99199998e+00 2.00999999e+00 2. 2. 2.
    2. 2. 2. 2.00200009e+00 2.00399995e+00 2.00500011e+00 2.00500011e+00
    2.00500011e+00 2.00500011e+00 1.98599994e+00 1.94099998e+00
    1.91199994e+00 1.91199994e+00 1.93900001e+00 2.02900004e+00
    2.09800005e+00 2.09800005e+00 2.09800005e+00 2.09800005e+00
    2.09999990e+00 2.13000011e+00 2.15700006e+00 2.11100006e+00
    2.06599998e+00 2.05999994e+00 2.05699992e+00 2.04999995e+00
    2.04299998e+00 2.04200006e+00 2.04200006e+00 2.04200006e+00
    2.04200006e+00 2.04200006e+00 2.04200006e+00 2.04900002e+00
    2.05900002e+00 2.06399989e+00 2. 2. 2. 2. 2. 2. 2.01600003e+00
    2.03999996e+00 2.04999995e+00 2.04999995e+00 2.04999995e+00
    2.04999995e+00 2.02099991e+00 1.95400000e+00 1.91199994e+00
    1.91199994e+00 1.94500005e+00 2.05699992e+00 2.14299989e+00
    2.14299989e+00 2.14299989e+00 2.14299989e+00 2.16799998e+00
    2.43499994e+00 2.69499993e+00 2.64000010e+00 2.58500004e+00
    2.55200005e+00 2.51900005e+00 2.46000004e+00 2.39700007e+00
    2.38599992e+00 2.38599992e+00 2.38599992e+00 2.38599992e+00
    2.38599992e+00 2.38599992e+00 2.44400001e+00 2.53999996e+00
    2.58299994e+00 1.85500002e+00 1.85500002e+00 1.85500002e+00
    1.85500002e+00 1.85500002e+00 1.85500002e+00 1.88300002e+00
    1.92600000e+00 1.94500005e+00 1.94500005e+00 1.94500005e+00
    1.94500005e+00 1.90799999e+00 1.82299995e+00 1.76900005e+00
    1.76900005e+00 1.80799997e+00 1.93700004e+00 2.03600001e+00
    2.03600001e+00 2.03600001e+00 2.03600001e+00 2.08899999e+00
    2.65199995e+00 0. 0. 0. 0. 2.95900011e+00 2.85100007e+00
    2.73799992e+00 2.71700001e+00 2.71700001e+00 2.71700001e+00
    2.71700001e+00 2.71799994e+00 2.72000003e+00 2.82500005e+00
    2.99600005e+00 0. 0. 0. 0. 0. 0. 0. 0. 0. 0. 0. 0. 0. 0. 0. 0. 0. 0.
    0. 0. 0. 0. 0. 0. 1.31200004e+00 0. 0. 0. 0. 0. 2.93499994e+00
    2.84800005e+00 2.83200002e+00 2.83200002e+00 2.83200002e+00
    2.83200002e+00 2.85299993e+00 2.88400006e+00 2.94899988e+00 0.
