<?xml version="1.0"?>
<opencv_storage>
<Depth type_id="opencv-matrix">
  <rows>40</rows>
  <cols>40</cols>
  <dt>f</dt>
  <data>
    0. 0. 0. 0. 0. 0. 0. 0. 0. 0. 0. 0. 0. 0. 0. 0. 0. 0. 0. 0. 0. 0. 0.
    0. 0. 0. 0. 0. 0. 0. 0. 0. 0. 0. 0. 0. 0. 0. 0. 0. 0. 0. 0. 0. 0. 0.
    0. 0. 0. 0. 0. 0. 0. 0. 0. 0. 0. 0. 0. 0. 0. 0. 0. 0. 0. 0. 0. 0. 0.
    0. 0. 0. 0. 0. 0. 0. 0. 0. 0. 0. 0. 0. 0. 0. 0. 0. 0. 0. 0. 0. 0. 0.
    0. 0. 0. 0. 0. 0. 0. 0. 0. 0. 0. 0. 0. 0. 0. 0. 0. 0. 0. 0. 0. 0. 0.
    0. 0. 0. 0. 0. 0. 0. 0. 0. 0. 0. 0. 0. 0. 0. 0. 0. 0. 0. 0. 0. 0. 0.
    0. 0. 0. 0. 0. 2.25999999e+00 2.06599998e+00 2.06599998e+00
    2.06599998e+00 2.06599998e+00 2.06599998e+00 2.06599998e+00
    2.06599998e+00 2.03699994e+00 2. 2. 2.27500010e+00 0. 0. 0. 0. 0. 0.
    0. 0. 0. 0. 0. 0. 0. 0. 0. 0. 0. 0. 0. 0. 0. 0. 0. 0. 0. 0. 0.
    2.80200005e+00 2.16799998e+00 2.04299998e+00 2.04299998e+00
    2.05699992e+00 2.06599998e+00 2.06599998e+00 2.06599998e+00
    2.06599998e+00 2.03699994e+00 2. 2. 2.27500010e+00 0. 0. 0. 0. 0. 0.
    0. 0. 0. 0. 0. 0. 0. 0. 0. 0. 0. 0. 0. 0. 0. 0. 0. 2.13599992e+00
    2.13599992e+00 2.13599992e+00 2.13599992e+00 2.09400010e+00
    2.01999998e+00 2.00500011e+00 2.00699997e+00 2.04099989e+00
    2.06599998e+00 2.06599998e+00 2.06599998e+00 2.06599998e+00
    2.03699994e+00 2. 2. 2.27500010e+00 0. 0. 0. 0. 0. 0. 0. 0. 0. 0. 0.
    0. 0. 0. 0. 0. 0. 0. 0. 0. 2.89700007e+00 2.93199992e+00
    2.49799991e+00 2. 2. 2. 2. 2. 2. 2. 2.00099993e+00 2.01999998e+00
    2.03299999e+00 2.03299999e+00 2.03299999e+00 2.03299999e+00
    2.01900005e+00 2. 2. 2.27500010e+00 0. 0. 0. 0. 0. 0. 0. 0. 0. 0. 0.
    0. 0. 0. 0. 0. 0. 0. 0. 2.42600012e+00 2.06599998e+00 2.06599998e+00
    2.03500009e+00 2. 2. 2. 2. 2. 2. 2. 2. 2. 2. 2. 2. 2. 2. 2. 2.
    2.25699997e+00 0. 0. 0. 0. 0. 0. 0. 0. 0. 0. 2.78500009e+00
    2.34200001e+00 2.34200001e+00 2.42000008e+00 2.55100012e+00
    2.59100008e+00 2.61400008e+00 2.63700008e+00 2.54099989e+00
    2.20700002e+00 2.06599998e+00 2.06599998e+00 2.03500009e+00 2. 2. 2.
    2. 2. 2. 2. 2. 2. 2. 2. 2. 2. 2. 2. 2. 2.10100007e+00 2.47499990e+00
    0. 0. 0. 0. 0. 0. 0. 0. 0. 2.34200001e+00 1.64100003e+00
    1.64100003e+00 1.74199998e+00 1.91100001e+00 1.96700001e+00
    2.00300002e+00 2.03299999e+00 2.05299997e+00 2.05299997e+00
    2.05299997e+00 2.05299997e+00 2.02800012e+00 2. 2. 2. 2. 2. 2. 2. 2.
    2. 2. 2. 2. 2. 2. 2. 2. 2. 2. 2.44700003e+00 0. 0. 2.57100010e+00 0.
    0. 0. 0. 0. 2.34200001e+00 1.64100003e+00 1.64100003e+00
    1.74199998e+00 1.91100001e+00 1.96700001e+00 2.00099993e+00
    2.00900006e+00 2.01500010e+00 2.01500010e+00 2.01500010e+00
    2.01500010e+00 2.00799990e+00 2. 2. 2. 2. 2. 2. 2. 2. 2. 2. 2. 2. 2.
    2. 2. 2. 2. 2. 2.12800002e+00 2.37599993e+00 0. 0. 0. 0. 0.
    2.99900007e+00 2.91799998e+00 2.19000006e+00 1.72099996e+00
    1.72099996e+00 1.80200005e+00 1.93799996e+00 1.97899997e+00 2. 2. 2.
    2. 2. 2. 2. 2. 2. 2. 2. 2. 2. 2. 2. 2. 2. 2. 2. 2. 2.00999999e+00
    2.02300000e+00 2.02300000e+00 2.02300000e+00 2.02300000e+00
    2.02300000e+00 2.02300000e+00 0. 0. 0. 0. 2.20000005e+00
    2.07900000e+00 2.06500006e+00 1.93599999e+00 1.85300004e+00
    1.85300004e+00 1.90199995e+00 1.98199999e+00 1.99699998e+00 2. 2. 2.
    2. 2. 2. 2. 2. 2. 2. 2. 2. 2. 2. 2. 2. 2. 2. 2. 2. 2.02699995e+00
    2.05999994e+00 2.05999994e+00 2.05999994e+00 2.05999994e+00
    2.05999994e+00 2.05999994e+00 1.88100004e+00 1.64499998e+00
    2.83400011e+00 2.51600003e+00 2.00500011e+00 1.93700004e+00
    1.93499994e+00 1.91600001e+00 1.90400004e+00 1.90400004e+00
    1.93700004e+00 1.99199998e+00 2. 2. 2. 2. 2. 2. 2. 2. 2. 2. 2. 2. 2.
    2. 2. 2. 2. 2. 2. 2. 2. 2.02900004e+00 2.06599998e+00 2.06599998e+00
    2.06599998e+00 2.06599998e+00 2.06599998e+00 2.06599998e+00
    2.06599998e+00 2.06599998e+00 1.93700004e+00 1.93700004e+00
    1.93700004e+00 1.93700004e+00 1.93700004e+00 1.93700004e+00
    1.93799996e+00 1.93900001e+00 1.96200001e+00 1.99800003e+00
    2.00200009e+00 2. 2. 2. 2. 2. 2. 2. 2. 2. 2. 2. 2. 2. 2. 2. 2. 2. 2.
    2.00099993e+00 2.00300002e+00 2.03099990e+00 2.06599998e+00
    2.06599998e+00 2.06599998e+00 2.06599998e+00 2.06599998e+00
    2.06599998e+00 2.06800008e+00 2.06900001e+00 1.93700004e+00
    1.93700004e+00 1.93700004e+00 1.93700004e+00 1.93700004e+00
    1.93700004e+00 1.94500005e+00 1.96700001e+00 1.99800003e+00
    2.03500009e+00 2.02099991e+00 2. 2. 2. 2. 2. 2. 2. 2. 2. 2. 2. 2. 2.
    2. 2. 2. 2. 2. 2.01300001e+00 2.03600001e+00 2.05200005e+00
    2.06599998e+00 2.06599998e+00 2.06599998e+00 2.06599998e+00
    2.06599998e+00 2.06599998e+00 2.08400011e+00 2.10800004e+00
    1.93700004e+00 1.93700004e+00 1.93700004e+00 1.93700004e+00
    1.93700004e+00 1.93700004e+00 1.95000005e+00 1.98599994e+00
    2.02300000e+00 2.05999994e+00 2.03399992e+00 2. 2. 2. 2. 2. 2. 2. 2.
    2. 2. 2. 2. 2. 2. 2. 2. 2. 2. 2.01999998e+00 2.05800009e+00
    2.06599998e+00 2.06599998e+00 2.06599998e+00 2.06599998e+00
    2.06599998e+00 2.06599998e+00 2.06599998e+00 2.09500003e+00
    2.13400006e+00 1.93700004e+00 1.93700004e+00 1.93700004e+00
    1.93700004e+00 1.93700004e+00 1.93700004e+00 1.95000005e+00
    1.98599994e+00 2.02300000e+00 2.05999994e+00 2.03399992e+00 2. 2. 2.
    2. 2. 2. 2. 2. 2. 2. 2. 2. 2. 2. 2. 2. 2. 2. 2.01999998e+00
    2.05800009e+00 2.06599998e+00 2.06599998e+00 2.06599998e+00
    2.06599998e+00 2.06599998e+00 2.06599998e+00 2.06599998e+00
    2.09500003e+00 2.13400006e+00 1.93700004e+00 1.93700004e+00
    1.93700004e+00 1.93700004e+00 1.93700004e+00 1.93700004e+00
    1.94599998e+00 1.97000003e+00 2.00099993e+00 2.03800011e+00
    2.03299999e+00 2.02200007e+00 2.02200007e+00 2.01799989e+00
    2.00500011e+00 2. 2. 2. 2. 2. 2. 2. 2. 2. 2. 2. 2. 2. 2.
    2.01399994e+00 2.03900003e+00 2.04399991e+00 2.04500008e+00
    2.05699992e+00 2.06599998e+00 2.06599998e+00 2.06599998e+00
    2.06599998e+00 2.10500002e+00 2.15700006e+00 1.93700004e+00
    1.93700004e+00 1.93700004e+00 1.93700004e+00 1.93700004e+00
    1.93700004e+00 1.93799996e+00 1.94200003e+00 1.96500003e+00
    2.00099993e+00 2.03200006e+00 2.05900002e+00 2.05900002e+00
    2.04800010e+00 2.01399994e+00 2. 2. 2. 2. 2. 2. 2. 2. 2. 2. 2. 2. 2.
    2. 2.00200009e+00 2.00600004e+00 2.00699997e+00 2.00699997e+00
    2.04099989e+00 2.06599998e+00 2.06599998e+00 2.06599998e+00
    2.06599998e+00 2.12199998e+00 2.19600010e+00 1.93700004e+00
    1.93700004e+00 1.93700004e+00 1.93700004e+00 1.93700004e+00
    1.93700004e+00 1.93700004e+00 1.93700004e+00 1.95899999e+00
    1.99399996e+00 2.03200006e+00 2.06599998e+00 2.06599998e+00
    2.05299997e+00 2.01600003e+00 2. 2. 2. 2. 2. 2. 2. 2. 2. 2. 2. 2. 2.
    2. 2. 2. 2. 2.00099993e+00 2.03900003e+00 2.06599998e+00
    2.06599998e+00 2.06599998e+00 2.06599998e+00 2.47199988e+00 0.
    1.93700004e+00 1.93700004e+00 1.93700004e+00 1.93700004e+00
    1.93700004e+00 1.93700004e+00 1.93700004e+00 1.93700004e+00
    1.95899999e+00 1.99699998e+00 2.03299999e+00 2.06599998e+00
    2.06399989e+00 2.05100012e+00 2.01500010e+00 2. 2. 2. 2. 2. 2. 2. 2.
    2. 2. 2. 2. 2. 2. 2. 2. 2. 2.00099993e+00 2.03699994e+00
    2.06299996e+00 2.06299996e+00 2.06299996e+00 2.06299996e+00
    2.83100009e+00 0. 1.93700004e+00 1.93700004e+00 1.93700004e+00
    1.93700004e+00 1.93700004e+00 1.93700004e+00 1.93700004e+00
    1.93700004e+00 1.97200000e+00 2.03099990e+00 2.05299997e+00
    2.06399989e+00 2.04099989e+00 2.02099991e+00 2.00600004e+00 2. 2. 2.
    2. 2. 2. 2. 2. 2. 2. 2. 2. 2. 2. 2. 2. 2. 2. 2.01500010e+00
    2.02600002e+00 2.02600002e+00 2.02600002e+00 2.02600002e+00
    2.33899999e+00 2.74900007e+00 1.93700004e+00 1.93700004e+00
    1.93700004e+00 1.93700004e+00 1.93700004e+00 1.93700004e+00
    1.93700004e+00 1.93700004e+00 1.97700000e+00 2.04399991e+00
    2.05399990e+00 2.05100012e+00 2.02099991e+00 2. 2. 2. 2. 2. 2. 2. 2.
    2. 2. 2. 2. 2. 2. 2. 2. 2. 2. 2. 2. 2. 2. 2. 2. 2. 1.99500000e+00
    1.98899996e+00 1.93700004e+00 1.93700004e+00 1.93700004e+00
