<?xml version="1.0"?>
<opencv_storage>
<Depth type_id="opencv-matrix">
  <rows>40</rows>
  <cols>40</cols>
  <dt>f</dt>
  <data>
    0. 0. 0. 0. 0. 0. 0. 0. 0. 0. 0. 0. 0. 0. 0. 0. 0. 0. 0. 0. 0. 0. 0.
    0. 2.76900005e+00 2.25600004e+00 2.22499990e+00 2.22399998e+00
    2.20300007e+00 2.18499994e+00 2.18499994e+00 2.18499994e+00
    2.21000004e+00 2.24000001e+00 2.25699997e+00 2.22600007e+00
    2.22399998e+00 2.22399998e+00 2.22399998e+00 2.22399998e+00 0. 0. 0.
    0. 0. 0. 0. 0. 0. 0. 0. 0. 0. 0. 0. 0. 0. 0. 0. 0. 0. 0.
    2.52999997e+00 2.45900011e+00 2.35800004e+00 2.23200011e+00
    2.22399998e+00 2.20099998e+00 2.18899989e+00 2.18499994e+00
    2.18799996e+00 2.21000004e+00 2.22000003e+00 2.22799993e+00
    2.23200011e+00 2.22399998e+00 2.22399998e+00 2.22399998e+00
    2.22399998e+00 2.22399998e+00 0. 0. 0. 0. 0. 0. 0. 0. 0. 0. 0. 0. 0.
    0. 0. 0. 0. 0. 0. 0. 2.99200010e+00 2.59400010e+00 2.23000002e+00
    2.18300009e+00 2.20099998e+00 2.22399998e+00 2.22399998e+00
    2.19400001e+00 2.18499994e+00 2.19099998e+00 2.20700002e+00
    2.22099996e+00 2.22399998e+00 2.22399998e+00 2.22399998e+00
    2.22399998e+00 2.22399998e+00 2.22399998e+00 2.22399998e+00
    2.22399998e+00 0. 0. 0. 0. 0. 0. 0. 0. 0. 0. 0. 0. 0. 0. 0. 0. 0. 0.
    0. 0. 2.63400006e+00 2.18000007e+00 2.15000010e+00 2.14599991e+00
    2.17000008e+00 2.19799995e+00 2.18899989e+00 2.16799998e+00
    2.17400002e+00 2.19400001e+00 2.21300006e+00 2.22199988e+00
    2.22399998e+00 2.22399998e+00 2.22399998e+00 2.22399998e+00
    2.22399998e+00 2.22399998e+00 2.22399998e+00 2.17100000e+00 0. 0. 0.
    0. 0. 0. 0. 0. 0. 0. 0. 0. 0. 0. 0. 0. 0. 0. 0. 2.66000009e+00
    2.18499994e+00 2.18000007e+00 2.15199995e+00 2.14499998e+00
    2.14299989e+00 2.13499999e+00 2.10800004e+00 2.10800004e+00
    2.15000010e+00 2.18499994e+00 2.18799996e+00 2.21600008e+00
    2.22099996e+00 2.22199988e+00 2.22399998e+00 2.22399998e+00
    2.22399998e+00 2.22399998e+00 2.22399998e+00 2.04800010e+00 0. 0. 0.
    0. 0. 0. 0. 0. 0. 0. 0. 0. 0. 0. 0. 0. 0. 0. 0. 2.70400000e+00
    2.18499994e+00 2.18400002e+00 2.18000007e+00 2.13499999e+00
    2.11400008e+00 2.11299992e+00 2.10800004e+00 2.10800004e+00
    2.15000010e+00 2.18499994e+00 2.18600011e+00 2.19000006e+00
    2.19099998e+00 2.20400000e+00 2.22399998e+00 2.22399998e+00
    2.22399998e+00 2.22399998e+00 2.22399998e+00 2.04800010e+00 0. 0. 0.
    0. 0. 0. 0. 0. 0. 0. 0. 0. 0. 0. 0. 0. 0. 0. 0. 2.71300006e+00
    2.18499994e+00 2.18499994e+00 2.18499994e+00 2.13299990e+00
    2.10800004e+00 2.11299992e+00 2.13100004e+00 2.13199997e+00
    2.14700007e+00 2.16799998e+00 2.18499994e+00 2.18499994e+00
    2.17000008e+00 2.16700006e+00 2.18400002e+00 2.22199988e+00 0. 0. 0.
    0. 0. 0. 0. 0. 0. 0. 0. 0. 0. 0. 0. 0. 0. 0. 0. 0. 0. 2.94799995e+00
    2.94799995e+00 2.49600005e+00 2.17000008e+00 2.17000008e+00
    2.17000008e+00 2.12800002e+00 2.10800004e+00 2.11599994e+00
    2.14599991e+00 2.14599991e+00 2.14599991e+00 2.15300012e+00
    2.17000008e+00 2.17000008e+00 2.14499998e+00 2.13100004e+00
    2.14800000e+00 2.22000003e+00 0. 0. 0. 0. 0. 0. 0. 0. 0. 0. 0. 0. 0.
    0. 0. 0. 0. 0. 0. 0. 0. 2.18499994e+00 2.18499994e+00 2.15899992e+00
    2.14000010e+00 2.13899994e+00 2.13400006e+00 2.11199999e+00
    2.10500002e+00 2.11599994e+00 2.14599991e+00 2.14599991e+00
    2.14599991e+00 2.14599991e+00 2.14499998e+00 2.14100003e+00
    2.11599994e+00 2.10200000e+00 2.01200008e+00 1.63000000e+00 0. 0. 0.
    0. 0. 0. 0. 0. 0. 0. 0. 0. 0. 0. 0. 0. 0. 0. 0. 0. 2.92700005e+00
    2.18499994e+00 2.18499994e+00 2.14199996e+00 2.10999990e+00
    2.10599995e+00 2.07900000e+00 2.07399988e+00 2.08899999e+00
    2.11599994e+00 2.14599991e+00 2.14599991e+00 2.14599991e+00
    2.14599991e+00 2.14299989e+00 2.11500001e+00 2.08699989e+00
    2.07299995e+00 1.47300005e+00 0. 0. 0. 0. 0. 0. 0. 0. 0. 0. 0. 0. 0.
    0. 0. 0. 0. 0. 0. 0. 0. 2.91100001e+00 2.15700006e+00 2.15700006e+00
    2.11299992e+00 2.08200002e+00 2.07999992e+00 2.07200003e+00
    2.07100010e+00 2.07599998e+00 2.09599996e+00 2.14599991e+00
    2.14599991e+00 2.13100004e+00 2.11899996e+00 2.11800003e+00
    2.10999990e+00 2.08500004e+00 2.07100010e+00 1.43099999e+00 0. 0. 0.
    0. 0. 0. 0. 0. 0. 0. 0. 0. 0. 0. 0. 0. 0. 0. 0. 0. 2.94700003e+00
    2.50099993e+00 2.10899997e+00 2.09500003e+00 2.06999993e+00
    2.05299997e+00 2.05299997e+00 2.05299997e+00 2.05299997e+00
    2.06100011e+00 2.08299994e+00 2.12700009e+00 2.12700009e+00
    2.11700010e+00 2.10200000e+00 2.08999991e+00 2.08999991e+00
    2.07800007e+00 2.07800007e+00 1.44599998e+00 0. 0. 0. 0. 0. 0. 0. 0.
    0. 0. 0. 0. 0. 0. 0. 0. 0. 0. 0. 0. 2.51500010e+00 2.06399989e+00
    2.04200006e+00 2.01500010e+00 2.00799990e+00 2.01399994e+00
    2.02699995e+00 2.03399992e+00 2.03500009e+00 2.05100012e+00
    2.07900000e+00 2.10800004e+00 2.10800004e+00 2.10299993e+00
    2.08999991e+00 2.07100010e+00 2.07100010e+00 2.07100010e+00
    1.70700002e+00 0. 0. 0. 0. 0. 0. 0. 0. 0. 0. 0. 0. 0. 0. 0. 0. 0. 0.
    0. 0. 2.41300011e+00 2.06999993e+00 2.04299998e+00 1.96399999e+00
    1.93799996e+00 1.93099999e+00 1.95500004e+00 2.00399995e+00
    2.03200006e+00 2.03500009e+00 2.05100012e+00 2.07800007e+00
    2.10700011e+00 2.10700011e+00 2.08699989e+00 2.07100010e+00
    2.07100010e+00 2.07100010e+00 1.99500000e+00 0. 0. 0. 0. 0. 0. 0. 0.
    0. 0. 0. 0. 0. 0. 0. 0. 0. 0. 0. 0. 2.36999989e+00 2.13899994e+00
    2.05699992e+00 2.02200007e+00 1.96399999e+00 1.93799996e+00
    1.93099999e+00 1.95500004e+00 2.00399995e+00 2.03200006e+00
    2.03500009e+00 2.03800011e+00 2.04999995e+00 2.07800007e+00
    2.07800007e+00 2.07399988e+00 2.07100010e+00 2.07100010e+00
    2.07100010e+00 0. 0. 0. 0. 0. 0. 0. 0. 0. 0. 0. 0. 0. 0. 0. 0. 0. 0.
    0. 0. 0. 2.12299991e+00 2.04999995e+00 2.04299998e+00 2.02699995e+00
    2.00300002e+00 1.94500005e+00 1.93099999e+00 1.95500004e+00
    2.00399995e+00 2.03200006e+00 2.03500009e+00 2.03500009e+00
    2.04299998e+00 2.07100010e+00 2.07100010e+00 2.07100010e+00
    2.06399989e+00 2.04699993e+00 2.01500010e+00 1.06799996e+00 0. 0. 0.
    0. 0. 0. 0. 0. 0. 0. 0. 0. 0. 0. 0. 0. 0. 0. 0. 0. 2.10700011e+00
    2.03500009e+00 2.03500009e+00 2.03500009e+00 2.03200006e+00
    1.97099996e+00 1.95500004e+00 1.97099996e+00 2.00300002e+00
    2.01999998e+00 2.03099990e+00 2.03500009e+00 2.04299998e+00
    2.07100010e+00 2.07100010e+00 2.06399989e+00 2.04299998e+00
    2.00500011e+00 1.96099997e+00 1.95299995e+00 0. 0. 0. 0. 0. 0. 0. 0.
    0. 0. 0. 0. 0. 0. 0. 0. 0. 0. 0. 0. 2.10700011e+00 2.03500009e+00
    2.03500009e+00 2.03500009e+00 2.03399992e+00 2.00699997e+00 2. 2. 2.
    2. 2.02099991e+00 2.03099990e+00 2.03800011e+00 2.06599998e+00
    2.06599998e+00 2.04500008e+00 2.00699997e+00 1.96200001e+00
    1.93599999e+00 1.93099999e+00 0. 0. 0. 0. 0. 0. 0. 0. 0. 0. 0. 0. 0.
    0. 0. 0. 0. 0. 0. 0. 2.10700011e+00 2.03500009e+00 2.03500009e+00
    2.03500009e+00 2.03399992e+00 2.00699997e+00 2. 2. 2. 2.
    2.00200009e+00 2.00300002e+00 2.01099992e+00 2.03800011e+00
    2.03900003e+00 2.00300002e+00 1.97000003e+00 1.96200001e+00
    1.93599999e+00 1.93099999e+00 0. 0. 0. 0. 0. 0. 0. 0. 0. 0. 0. 0. 0.
    0. 0. 2.92100000e+00 2.92100000e+00 0. 0. 0. 2.08200002e+00
    2.01099992e+00 2.01099992e+00 2.01799989e+00 2.03500009e+00
    2.02600002e+00 2.00999999e+00 2. 2. 2. 2. 2. 2.00300002e+00
    2.01099992e+00 2.01099992e+00 1.98599994e+00 1.96500003e+00
    1.96399999e+00 1.95500004e+00 0. 0. 0. 0. 0. 0. 0. 0. 0. 0. 0. 0. 0.
    0. 0. 2.99099994e+00 2.82699990e+00 2.82699990e+00 2.89499998e+00
    2.82399988e+00 2.54200006e+00 2.03900003e+00 2. 2. 2.00900006e+00
    2.03500009e+00 2.03500009e+00 2.01500010e+00 2. 2. 2. 1.98899996e+00
    1.98399997e+00 1.98800004e+00 2. 1.98800004e+00 1.97399998e+00
    1.48300004e+00 0. 0. 0. 0. 0. 0. 0. 0. 0. 0. 0. 0. 0. 0. 0. 0. 0.
    2.95600009e+00 2.86400008e+00 2.86400008e+00 2.78099990e+00
    2.44000006e+00 1.99100006e+00 1.98500001e+00 1.98500001e+00
