<?xml version="1.0"?>
<opencv_storage>
<Depth type_id="opencv-matrix">
  <rows>40</rows>
  <cols>40</cols>
  <dt>f</dt>
  <data>
    0. 0. 0. 0. 0. 0. 0. 0. 0. 0. 0. 0. 0. 0. 0. 0. 0. 0. 0. 0. 0. 0. 0.
    0. 0. 0. 0. 0. 0. 0. 0. 0. 0. 0. 0. 0. 0. 0. 0. 0. 0. 0. 0. 0. 0. 0.
    0. 0. 0. 0. 0. 0. 0. 0. 0. 0. 0. 0. 0. 0. 0. 0. 0. 0. 0. 0. 0. 0. 0.
    0. 0. 0. 0. 0. 0. 0. 0. 0. 0. 0. 0. 0. 0. 0. 0. 0. 0. 0. 0. 0. 0. 0.
    0. 0. 0. 0. 0. 0. 0. 0. 0. 0. 0. 0. 0. 0. 0. 0. 0. 0. 0. 0. 0. 0. 0.
    0. 0. 0. 0. 0. 0. 0. 0. 0. 0. 0. 0. 0. 0. 0. 0. 0. 0. 0. 0. 0. 0. 0.
    0. 0. 0. 0. 0. 0. 0. 0. 0. 0. 0. 0. 0. 0. 0. 0. 0. 0. 0. 0. 0. 0. 0.
    0. 0. 0. 0. 0. 0. 0. 0. 0. 0. 0. 0. 0. 0. 0. 0. 0. 0. 0. 0. 0. 0. 0.
    0. 0. 0. 0. 0. 0. 0. 0. 0. 0. 0. 0. 0. 0. 0. 0. 0. 0. 0. 0. 0. 0. 0.
    0. 0. 0. 0. 0. 0. 0. 0. 0. 0. 0. 0. 0. 0. 0. 0. 0. 0. 0. 0. 0. 0. 0.
    0. 0. 0. 0. 0. 0. 0. 0. 0. 0. 0. 0. 0. 0. 0. 0. 0. 0. 0. 0. 0. 0. 0.
    0. 0. 0. 0. 0. 0. 0. 0. 0. 0. 0. 0. 0. 0. 0. 0. 0. 0. 0. 0. 0. 0. 0.
    0. 0. 0. 0. 0. 0. 0. 0. 0. 0. 0. 0. 0. 0. 0. 0. 0. 0. 0. 0. 0. 0. 0.
    0. 0. 0. 0. 0. 0. 0. 0. 0. 0. 0. 0. 0. 0. 0. 0. 0. 0. 0. 0. 0. 0. 0.
    0. 0. 0. 0. 0. 0. 0. 0. 2.37700009e+00 2.37400007e+00 2.30800009e+00
    2.24200010e+00 2.18400002e+00 2.18400002e+00 2.18400002e+00
    2.18400002e+00 2.18400002e+00 2.18400002e+00 2.18400002e+00
    2.18400002e+00 2.18400002e+00 2.23200011e+00 2.36700010e+00
    2.50099993e+00 2.39499998e+00 1.97200000e+00 1.54999995e+00
    1.34300005e+00 0. 0. 0. 0. 0. 0. 0. 0. 0. 0. 0. 0. 0. 0. 0. 0. 0. 0.
    0. 0. 2.37700009e+00 2.37400007e+00 2.30800009e+00 2.24200010e+00
    2.18400002e+00 2.18400002e+00 2.18400002e+00 2.18400002e+00
    2.18400002e+00 2.18400002e+00 2.18400002e+00 2.18400002e+00
    2.18400002e+00 2.23099995e+00 2.36500001e+00 2.49900007e+00
    2.39299989e+00 1.97300005e+00 1.55299997e+00 1.34700000e+00 0. 0. 0.
    0. 0. 0. 0. 0. 0. 0. 0. 0. 0. 0. 0. 0. 0. 0. 0. 0. 2.37700009e+00
    2.37400007e+00 2.30800009e+00 2.24200010e+00 2.18400002e+00
    2.18400002e+00 2.18400002e+00 2.18400002e+00 2.18400002e+00
    2.18400002e+00 2.18400002e+00 2.18400002e+00 2.18400002e+00
    2.22300005e+00 2.33299994e+00 2.44400001e+00 2.35100007e+00
    1.99100006e+00 1.63100004e+00 1.45500004e+00 0. 0. 0. 0. 0. 0. 0. 0.
    0. 0. 0. 0. 0. 0. 0. 0. 0. 0. 0. 0. 2.37700009e+00 2.37400007e+00
    2.30800009e+00 2.24200010e+00 2.18400002e+00 2.18400002e+00
    2.18400002e+00 2.18400002e+00 2.18400002e+00 2.18400002e+00
    2.18400002e+00 2.18400002e+00 2.18400002e+00 2.21499991e+00
    2.30200005e+00 2.38800001e+00 2.30800009e+00 2.00799990e+00
    1.70899999e+00 1.56200004e+00 0. 0. 0. 0. 0. 0. 0. 0. 0. 0. 0. 0. 0.
    0. 0. 0. 0. 0. 0. 0. 2.37700009e+00 2.37400007e+00 2.30800009e+00
    2.24200010e+00 2.18400002e+00 2.18099999e+00 2.17899990e+00
    2.17700005e+00 2.17700005e+00 2.17700005e+00 2.17700005e+00
    2.17700005e+00 2.17700005e+00 2.19899988e+00 2.26200008e+00
    2.32599998e+00 2.25900006e+00 2.02300000e+00 1.78600001e+00
    1.67100000e+00 0. 0. 0. 0. 0. 0. 0. 0. 0. 0. 0. 0. 0. 0. 0. 0. 0. 0.
    0. 0. 2.37700009e+00 2.37400007e+00 2.30800009e+00 2.24200010e+00
    2.18099999e+00 2.15700006e+00 2.13299990e+00 2.11400008e+00
    2.11400008e+00 2.11400008e+00 2.11400008e+00 2.11400008e+00
    2.11400008e+00 2.12800002e+00 2.16899991e+00 2.21000004e+00
    2.16700006e+00 2.01500010e+00 1.86300004e+00 1.78799999e+00 0. 0. 0.
    0. 0. 0. 0. 0. 0. 0. 0. 0. 0. 0. 0. 0. 0. 0. 0. 0. 2.37700009e+00
    2.37400007e+00 2.30800009e+00 2.24200010e+00 2.17899990e+00
    2.13299990e+00 2.08699989e+00 2.05100012e+00 2.05100012e+00
    2.05100012e+00 2.05100012e+00 2.05100012e+00 2.05100012e+00
    2.05699992e+00 2.07500005e+00 2.09299994e+00 2.07399988e+00
    2.00699997e+00 1.93900001e+00 1.90600002e+00 0. 0. 0. 0. 0. 0. 0. 0.
    0. 0. 0. 0. 0. 0. 0. 0. 0. 0. 0. 0. 2.39100003e+00 2.38800001e+00
    2.31299996e+00 2.23799992e+00 2.16499996e+00 2.10599995e+00
    2.04699993e+00 2. 2. 2. 2. 2. 2. 2. 2. 2. 2. 2. 2. 2. 0. 0. 0. 0. 0.
    0. 0. 0. 0. 0. 0. 0. 0. 0. 0. 0. 0. 0. 0. 0. 2.45900011e+00
    2.45499992e+00 2.33500004e+00 2.21499991e+00 2.10400009e+00
    2.06699991e+00 2.02999997e+00 2. 2. 2. 2. 2. 2. 2. 2. 2. 2. 2. 2. 2.
    0. 0. 0. 0. 0. 0. 0. 0. 0. 0. 0. 0. 0. 0. 0. 0. 0. 0. 0. 0.
    2.52800012e+00 2.52200007e+00 2.35599995e+00 2.19099998e+00
    2.04399991e+00 2.02800012e+00 2.01300001e+00 2. 2. 2. 2. 2. 2. 2. 2.
    2. 2. 2. 2. 2. 0. 0. 0. 0. 0. 0. 0. 0. 0. 0. 0. 0. 0. 0. 0. 0. 0. 0.
    0. 0. 2.55900002e+00 2.55200005e+00 2.35999990e+00 2.16899991e+00 2.
    2. 2. 2. 2. 2. 2. 2. 2. 1.99800003e+00 1.99199998e+00 1.98699999e+00
    1.98399997e+00 1.98399997e+00 1.98399997e+00 1.98399997e+00 0. 0. 0.
    0. 0. 0. 0. 0. 0. 0. 0. 0. 0. 0. 0. 0. 0. 0. 0. 0. 2.49000001e+00
    2.48399997e+00 2.31599998e+00 2.14800000e+00 2. 2. 2. 2. 2. 2. 2. 2.
    2. 1.99100006e+00 1.96500003e+00 1.93799996e+00 1.92400002e+00
    1.92400002e+00 1.92400002e+00 1.92400002e+00 0. 0. 0. 0. 0. 0. 0. 0.
    0. 0. 0. 0. 0. 0. 0. 0. 0. 0. 0. 0. 2.42100000e+00 2.41599989e+00
    2.27200007e+00 2.12700009e+00 2. 2. 2. 2. 2. 2. 2. 2. 2.
    1.98300004e+00 1.93700004e+00 1.88999999e+00 1.86399996e+00
    1.86399996e+00 1.86399996e+00 1.86399996e+00 0. 0. 0. 0. 0. 0. 0. 0.
    0. 0. 0. 0. 0. 0. 0. 0. 0. 0. 0. 0. 2.35400009e+00 2.34899998e+00
    2.23600006e+00 2.12199998e+00 2.02099991e+00 2.01399994e+00
    2.00600004e+00 2. 2. 2. 2. 2. 2. 1.97899997e+00 1.91900003e+00
    1.85899997e+00 1.82500005e+00 1.82500005e+00 1.82500005e+00
    1.82500005e+00 0. 0. 0. 0. 0. 0. 0. 0. 0. 0. 0. 0. 0. 0. 0. 0. 0. 0.
    0. 0. 2.28800011e+00 2.28500009e+00 2.21600008e+00 2.14599991e+00
    2.08200002e+00 2.05299997e+00 2.02300000e+00 2. 2. 2. 2. 2. 2.
    1.97899997e+00 1.91900003e+00 1.85899997e+00 1.82500005e+00
    1.82500005e+00 1.82500005e+00 1.82500005e+00 0. 0. 0. 0. 0. 0. 0. 0.
    0. 0. 0. 0. 0. 0. 0. 0. 0. 0. 0. 0. 2.22099996e+00 2.22000003e+00
    2.19499993e+00 2.17000008e+00 2.14199996e+00 2.09200001e+00
    2.04099989e+00 2. 2. 2. 2. 2. 2. 1.97899997e+00 1.91900003e+00
    1.85899997e+00 1.82500005e+00 1.82500005e+00 1.82500005e+00
    1.82500005e+00 0. 0. 0. 0. 0. 0. 0. 0. 0. 0. 0. 0. 0. 0. 0. 0. 0. 0.
    0. 0. 2.15700006e+00 2.15700006e+00 2.15700006e+00 2.15700006e+00
    2.15199995e+00 2.10700011e+00 2.06299996e+00 2.02500010e+00
    2.01600003e+00 2.00699997e+00 2. 2. 2. 1.97899997e+00 1.91900003e+00
    1.85899997e+00 1.82500005e+00 1.82500005e+00 1.82500005e+00
    1.82500005e+00 0. 0. 0. 0. 0. 0. 0. 0. 0. 0. 0. 0. 0. 0. 0. 0. 0. 0.
    0. 0. 2.09400010e+00 2.09400010e+00 2.09400010e+00 2.09400010e+00
    2.09400010e+00 2.09200001e+00 2.09100008e+00 2.08400011e+00
    2.05299997e+00 2.02200007e+00 2. 2. 2. 1.97899997e+00 1.91900003e+00
    1.85899997e+00 1.82500005e+00 1.82500005e+00 1.82500005e+00
    1.82500005e+00 0. 0. 0. 0. 0. 0. 0. 0. 0. 0. 0. 0. 0. 0. 0. 0. 0. 0.
    0. 0. 2.03099990e+00 2.03099990e+00 2.03099990e+00 2.03099990e+00
    2.03600001e+00 2.07800007e+00 2.11999989e+00 2.14299989e+00
    2.08999991e+00 2.03800011e+00 2. 2. 2. 1.97899997e+00 1.91900003e+00
    1.85899997e+00 1.82500005e+00 1.82500005e+00 1.82500005e+00
    1.82500005e+00 0. 0. 0. 0. 0. 0. 0. 0. 0. 0. 0. 0. 0. 0. 0. 0. 0. 0.
    0. 0. 2. 2. 2. 2. 2.00699997e+00 2.06999993e+00 2.13299990e+00
    2.17199993e+00 2.10899997e+00 2.04600000e+00 2. 2. 2. 1.98599994e+00
    1.94799995e+00 1.90999997e+00 1.88800001e+00 1.88800001e+00
    1.88800001e+00 1.88800001e+00 0. 0. 0. 0. 0. 0. 0. 0. 0. 0. 0. 0. 0.
    0. 0. 0. 0. 0. 0. 0. 2. 2. 2. 2. 2.00699997e+00 2.06999993e+00
    2.13299990e+00 2.17199993e+00 2.10899997e+00 2.04600000e+00 2. 2. 2.
    2.00099993e+00 2.00500011e+00 2.00900006e+00 2.01099992e+00
    2.01099992e+00 2.01099992e+00 2.01099992e+00 0. 0. 0. 0. 0. 0. 0. 0.
    0. 0. 0. 0. 0. 0. 0. 0. 0. 0. 0. 0. 2. 2. 2. 2. 2.00699997e+00
    2.06999993e+00 2.13299990e+00 2.17199993e+00 2.10899997e+00
