<?xml version="1.0"?>
<opencv_storage>
<Depth type_id="opencv-matrix">
  <rows>40</rows>
  <cols>40</cols>
  <dt>f</dt>
  <data>
    0. 0. 0. 0. 0. 0. 0. 0. 0. 0. 0. 0. 0. 0. 0. 0. 0. 0. 0. 0. 0. 0. 0.
    0. 0. 0. 0. 0. 0. 0. 0. 0. 0. 0. 0. 0. 0. 0. 0. 0. 0. 0. 0. 0. 0. 0.
    0. 0. 0. 0. 0. 0. 0. 0. 0. 0. 0. 0. 0. 0. 0. 0. 0. 0. 0. 0. 0. 0. 0.
    0. 0. 0. 0. 0. 0. 0. 0. 0. 0. 0. 0. 0. 0. 0. 0. 0. 0. 0. 0. 0. 0. 0.
    0. 0. 0. 0. 0. 0. 0. 0. 0. 0. 0. 0. 0. 0. 0. 0. 0. 0. 0. 0. 0. 0. 0.
    0. 0. 0. 0. 0. 0. 0. 0. 0. 0. 0. 0. 0. 0. 0. 0. 0. 0. 0. 0. 0. 0. 0.
    0. 0. 0. 0. 0. 0. 0. 0. 0. 0. 0. 0. 0. 0. 0. 0. 0. 0. 0. 0. 0. 0. 0.
    0. 0. 0. 0. 0. 0. 0. 0. 0. 0. 0. 0. 0. 0. 0. 0. 0. 1.72700000e+00
    2.25999999e+00 2.25999999e+00 2.25999999e+00 2.25999999e+00
    2.25999999e+00 2.25999999e+00 2.25999999e+00 0. 0. 0. 0. 0. 0. 0. 0.
    0. 0. 0. 0. 0. 0. 0. 0. 0. 0. 0. 0. 0. 0. 0. 0. 0. 0. 0. 0. 0. 0. 0.
    0. 1.72700000e+00 2.25999999e+00 2.25999999e+00 2.25999999e+00
    2.25999999e+00 2.25999999e+00 2.25999999e+00 2.25999999e+00 0. 0. 0.
    0. 0. 0. 0. 0. 0. 0. 0. 0. 0. 0. 0. 0. 0. 0. 0. 0. 0. 0. 0. 0. 0. 0.
    0. 0. 0. 0. 0. 0. 1.72700000e+00 2.25999999e+00 2.25999999e+00
    2.25999999e+00 2.25999999e+00 2.25999999e+00 2.25999999e+00
    2.25999999e+00 0. 0. 0. 0. 0. 0. 0. 0. 0. 0. 0. 0. 0. 0. 0. 0. 0. 0.
    0. 0. 0. 0. 0. 0. 0. 0. 0. 0. 0. 0. 0. 0. 1.96000004e+00
    2.22300005e+00 2.22300005e+00 2.22300005e+00 2.22300005e+00
    2.22300005e+00 2.23799992e+00 2.25999999e+00 0. 0. 0. 0. 0. 0. 0. 0.
    0. 0. 0. 0. 0. 0. 0. 0. 0. 0. 0. 0. 0. 0. 0. 0. 0. 0. 0. 0. 0.
    1.82299995e+00 1.82299995e+00 1.93499994e+00 2.15100002e+00
    2.19199991e+00 2.19199991e+00 2.19199991e+00 2.19199991e+00
    2.19199991e+00 2.21600008e+00 2.25000000e+00 0. 0. 0. 0. 0. 0. 0. 0.
    0. 0. 0. 0. 0. 0. 0. 0. 0. 0. 0. 0. 0. 0. 0. 0. 0. 0. 0. 0. 0.
    1.82299995e+00 1.82299995e+00 1.93499994e+00 2.15100002e+00
    2.19199991e+00 2.19199991e+00 2.19199991e+00 2.19199991e+00
    2.19199991e+00 2.20000005e+00 2.21099997e+00 1.80700004e+00
    1.50600004e+00 0. 0. 0. 0. 0. 0. 0. 0. 0. 0. 0. 0. 0. 0. 0. 0. 0. 0.
    0. 0. 0. 0. 0. 0. 0. 0. 0. 1.93499994e+00 1.93499994e+00
    2.01399994e+00 2.16400003e+00 2.18199992e+00 2.17199993e+00
    2.17199993e+00 2.17199993e+00 2.17199993e+00 2.17199993e+00
    2.17199993e+00 2.22199988e+00 2.25999999e+00 0. 0. 0. 0. 0. 0. 0. 0.
    0. 0. 0. 0. 0. 0. 0. 0. 0. 0. 0. 0. 0. 0. 0. 0. 0. 0. 0.
    2.15100002e+00 2.15100002e+00 2.16400003e+00 2.18799996e+00
    2.16400003e+00 2.13299990e+00 2.13299990e+00 2.13299990e+00
    2.13299990e+00 2.13299990e+00 2.13299990e+00 2.20600009e+00
    2.25999999e+00 0. 0. 0. 0. 0. 0. 0. 0. 0. 0. 0. 0. 0. 0. 0. 0. 0. 0.
    0. 0. 0. 0. 0. 0. 0. 0. 1.06200004e+00 2.19199991e+00 2.19199991e+00
    2.19199991e+00 2.19199991e+00 2.16100001e+00 2.12599993e+00
    2.12599993e+00 2.12599993e+00 2.12599993e+00 2.12599993e+00
    2.12599993e+00 2.16599989e+00 2.19600010e+00 0. 0. 0. 0. 0. 0. 0. 0.
    0. 0. 0. 0. 0. 0. 0. 0. 0. 0. 0. 0. 0. 0. 0. 0. 0. 2.01699996e+00
    2.19199991e+00 2.19099998e+00 2.18899989e+00 2.18799996e+00
    2.18799996e+00 2.15899992e+00 2.12599993e+00 2.12599993e+00
    2.12599993e+00 2.12599993e+00 2.12599993e+00 2.12599993e+00
    2.12599993e+00 2.12599993e+00 0. 0. 0. 0. 0. 0. 0. 0. 0. 0. 0. 0. 0.
    0. 0. 0. 0. 0. 0. 0. 0. 0. 0. 0. 0. 2.01699996e+00 2.19199991e+00
    2.18600011e+00 2.16100001e+00 2.14899993e+00 2.14899993e+00
    2.13800001e+00 2.12599993e+00 2.12599993e+00 2.12599993e+00
    2.12599993e+00 2.12599993e+00 2.12599993e+00 2.12599993e+00
    2.12599993e+00 0. 0. 0. 0. 0. 0. 0. 0. 0. 0. 0. 0. 0. 0. 0. 0. 0. 0.
    0. 0. 0. 0. 0. 0. 0. 1.96099997e+00 2.13400006e+00 2.13100004e+00
    2.11800003e+00 2.11100006e+00 2.11100006e+00 2.11100006e+00
    2.11100006e+00 2.11100006e+00 2.11500001e+00 2.12299991e+00
    2.12599993e+00 2.12599993e+00 2.12599993e+00 2.12599993e+00 0. 0. 0.
    0. 0. 0. 0. 0. 0. 0. 0. 0. 0. 0. 0. 0. 0. 0. 0. 0. 0. 0. 0. 0. 0.
    1.81900001e+00 1.98599994e+00 1.99800003e+00 2.04999995e+00
    2.07500005e+00 2.07500005e+00 2.07500005e+00 2.07500005e+00
    2.07500005e+00 2.08599997e+00 2.11700010e+00 2.12599993e+00
    2.12599993e+00 2.12599993e+00 2.12599993e+00 0. 0. 0. 0. 0. 0. 0. 0.
    0. 0. 0. 0. 0. 0. 0. 0. 0. 0. 0. 0. 0. 0. 0. 0. 0. 1.77400005e+00
    1.94000006e+00 1.95599997e+00 2.02800012e+00 2.06299996e+00
    2.06299996e+00 2.06299996e+00 2.06299996e+00 2.06299996e+00
    2.07800007e+00 2.11400008e+00 2.12599993e+00 2.12599993e+00
    2.15700006e+00 2.18000007e+00 0. 0. 0. 0. 0. 0. 0. 0. 0. 0. 0. 0. 0.
    0. 0. 0. 0. 0. 0. 0. 0. 0. 0. 0. 0. 1.77400005e+00 1.94000006e+00
    1.95599997e+00 2.02800012e+00 2.06299996e+00 2.06299996e+00
    2.06299996e+00 2.06299996e+00 2.06299996e+00 2.07800007e+00
    2.11400008e+00 2.12599993e+00 2.12599993e+00 2.20199990e+00
    2.25799990e+00 0. 0. 0. 0. 0. 0. 0. 0. 0. 0. 0. 0. 0. 0. 0. 0. 0. 0.
    0. 0. 0. 0. 0. 0. 0. 1.80700004e+00 1.97399998e+00 1.98099995e+00
    2.01200008e+00 2.02699995e+00 2.02699995e+00 2.02699995e+00
    2.02900004e+00 2.04999995e+00 2.07800007e+00 2.11400008e+00
    2.12599993e+00 2.12599993e+00 2.20300007e+00 2.25999999e+00 0. 0. 0.
    0. 0. 0. 0. 0. 0. 0. 0. 0. 0. 0. 0. 0. 0. 0. 0. 0. 0. 0. 0. 0. 0.
    1.83200002e+00 2. 2. 2. 2. 2. 2. 2.00300002e+00 2.03399992e+00
    2.06999993e+00 2.11299992e+00 2.12599993e+00 2.12599993e+00
    2.20300007e+00 2.25999999e+00 0. 0. 0. 0. 0. 0. 0. 0. 0. 0. 0. 0. 0.
    0. 0. 0. 0. 0. 0. 0. 0. 0. 0. 0. 0. 1.83200002e+00 2. 2. 2. 2. 2. 2.
    2.00099993e+00 2.00999999e+00 2.04200006e+00 2.10599995e+00
    2.12599993e+00 2.12599993e+00 2.20300007e+00 2.25999999e+00 0. 0. 0.
    0. 0. 0. 0. 0. 0. 0. 0. 0. 0. 0. 0. 0. 0. 0. 0. 0. 0. 0. 0. 0. 0.
    1.88699996e+00 2. 2. 2. 2. 2. 2. 2. 2. 2.01999998e+00 2.06900001e+00
    2.10100007e+00 2.12500000e+00 2.21600008e+00 2.28299999e+00 0. 0. 0.
    0. 0. 0. 0. 0. 0. 0. 0. 0. 0. 0. 0. 0. 0. 0. 0. 0. 0. 0. 0.
    1.60599995e+00 1.75500000e+00 1.98599994e+00 2. 2. 2. 2. 2. 2. 2. 2.
    2.00300002e+00 2.00900006e+00 2.05699992e+00 2.12500000e+00
    2.23900008e+00 2.32299995e+00 0. 0. 0. 0. 0. 0. 0. 0. 0. 0. 0. 0. 0.
    0. 0. 0. 0. 0. 0. 0. 0. 0. 0. 2. 2. 2. 1.98399997e+00 1.97000003e+00
    1.97000003e+00 1.97000003e+00 1.97000003e+00 1.97000003e+00
    1.97200000e+00 1.98899996e+00 2. 2. 2.02500010e+00 2.06200004e+00
    2.53800011e+00 2.89199996e+00 0. 0. 0. 0. 0. 0. 0. 0. 0. 0. 0. 0. 0.
    0. 0. 0. 0. 0. 0. 0. 0. 0. 0. 1.99500000e+00 1.99500000e+00
    1.99500000e+00 1.96200001e+00 1.93499994e+00 1.93499994e+00
    1.93499994e+00 1.93499994e+00 1.93700004e+00 1.94299996e+00
    1.97500002e+00 1.99699998e+00 2.00300002e+00 2.00500011e+00
    2.00500011e+00 2.83599997e+00 0. 0. 0. 0. 0. 0. 0. 0. 0. 0. 0. 0. 0.
    0. 0. 0. 0. 0. 0. 0. 0. 0. 0. 0. 1.96000004e+00 1.96000004e+00
    1.96000004e+00 1.92700005e+00 1.89999998e+00 1.89999998e+00
    1.89999998e+00 1.89999998e+00 1.91900003e+00 1.94099998e+00
    1.95299995e+00 1.97899997e+00 2.02699995e+00 2.04200006e+00
    2.04200006e+00 2.85200000e+00 0. 0. 0. 0. 0. 0. 0. 0. 0. 0. 0. 0. 0.
    0. 0. 0. 0. 0. 0. 0. 0. 0. 0. 0. 1.92499995e+00 1.92499995e+00
    1.92499995e+00 1.90100002e+00 1.88100004e+00 1.88100004e+00
    1.88100004e+00 1.88100004e+00 1.90900004e+00 1.94000006e+00
    1.94000006e+00 1.96500003e+00 2.02699995e+00 2.04699993e+00
    2.04699993e+00 2.85400009e+00 0. 0. 0. 0. 0. 0. 0. 0. 0. 0. 0. 0. 0.
    0. 0. 0. 0. 0. 0. 0. 0. 0. 0. 0. 1.88999999e+00 1.88999999e+00
    1.88999999e+00 1.88499999e+00 1.88100004e+00 1.88100004e+00
    1.88100004e+00 1.88100004e+00 1.90900004e+00 1.94000006e+00
    1.94000006e+00 1.95599997e+00 1.99699998e+00 2.00999999e+00
    2.00999999e+00 2.83800006e+00 0. 0. 0. 0. 0. 0. 0. 0. 0. 0. 0. 0. 0.
    0. 0. 0. 0. 0. 0. 0. 0. 0. 0. 0. 1.88100004e+00 1.87199998e+00
    1.85699999e+00 1.85599995e+00 1.85599995e+00 1.85599995e+00
    1.86399996e+00 1.87800002e+00 1.90900004e+00 1.94200003e+00
