<?xml version="1.0"?>
<opencv_storage>
<Depth type_id="opencv-matrix">
  <rows>40</rows>
  <cols>40</cols>
  <dt>f</dt>
  <data>
    2.77399993e+00 2.77399993e+00 2.79900002e+00 2.85100007e+00
    2.86599994e+00 2.86599994e+00 2.86599994e+00 2.86599994e+00
    2.86599994e+00 2.84699988e+00 2.79500008e+00 2.77399993e+00
    2.77399993e+00 2.77399993e+00 2.77399993e+00 2.77399993e+00
    2.77399993e+00 2.77399993e+00 2.75099993e+00 2.70099998e+00
    2.68600011e+00 2.68600011e+00 2.68600011e+00 2.68600011e+00
    2.68600011e+00 2.69499993e+00 2.72199988e+00 2.73600006e+00
    2.74099994e+00 2.44300008e+00 2.06699991e+00 1.95599997e+00
    1.85899997e+00 1.80499995e+00 1.77600002e+00 1.77600002e+00
    1.76499999e+00 1.75000000e+00 1.73399997e+00 1.70799994e+00
    2.77399993e+00 2.77399993e+00 2.79900002e+00 2.85100007e+00
    2.86599994e+00 2.86599994e+00 2.86599994e+00 2.86599994e+00
    2.86599994e+00 2.84699988e+00 2.79500008e+00 2.77399993e+00
    2.77399993e+00 2.77399993e+00 2.77399993e+00 2.77399993e+00
    2.77399993e+00 2.77200007e+00 2.74900007e+00 2.70099998e+00
    2.68600011e+00 2.68600011e+00 2.68600011e+00 2.68600011e+00
    2.68400002e+00 2.68199992e+00 2.67799997e+00 2.64700007e+00
    2.59599996e+00 2.35500002e+00 2.06500006e+00 1.95599997e+00
    1.86500001e+00 1.82900000e+00 1.80900002e+00 1.80799997e+00
    1.78499997e+00 1.75199997e+00 1.71899998e+00 1.67900002e+00
    2.77399993e+00 2.77399993e+00 2.79900002e+00 2.85100007e+00
    2.86599994e+00 2.86599994e+00 2.86599994e+00 2.86599994e+00
    2.86599994e+00 2.84699988e+00 2.79500008e+00 2.77399993e+00
    2.77399993e+00 2.77399993e+00 2.77399993e+00 2.77399993e+00
    2.76699996e+00 2.73799992e+00 2.71300006e+00 2.69199991e+00
    2.68600011e+00 2.68600011e+00 2.68600011e+00 2.68199992e+00
    2.65400004e+00 2.60700011e+00 2.52699995e+00 2.42600012e+00
    2.31100011e+00 2.17199993e+00 2.02699995e+00 1.96000004e+00
    1.89999998e+00 1.86500001e+00 1.83599997e+00 1.81500006e+00
    1.78499997e+00 1.75199997e+00 1.71899998e+00 1.68099999e+00
    2.77600002e+00 2.78399992e+00 2.80900002e+00 2.85299993e+00
    2.86599994e+00 2.86599994e+00 2.86599994e+00 2.86500001e+00
    2.85700011e+00 2.83299994e+00 2.78200006e+00 2.76099992e+00
    2.76099992e+00 2.76699996e+00 2.77399993e+00 2.77399993e+00
    2.76200008e+00 2.71199989e+00 2.68300009e+00 2.67499995e+00
    2.67300010e+00 2.67300010e+00 2.67300010e+00 2.66599989e+00
    2.61100006e+00 2.52399993e+00 2.37700009e+00 2.23200011e+00
    2.08800006e+00 2.03200006e+00 2. 1.96300006e+00 1.92600000e+00
    1.88999999e+00 1.85500002e+00 1.82000005e+00 1.78499997e+00
    1.75199997e+00 1.71899998e+00 1.68200004e+00 2.78399992e+00
    2.82100010e+00 2.84699988e+00 2.86199999e+00 2.86599994e+00
    2.86599994e+00 2.86599994e+00 2.85999990e+00 2.82399988e+00
    2.78200006e+00 2.73200011e+00 2.71099997e+00 2.71099997e+00
    2.74000001e+00 2.77399993e+00 2.77399993e+00 2.76200008e+00
    2.71199989e+00 2.67000008e+00 2.63499999e+00 2.62500000e+00
    2.62500000e+00 2.62500000e+00 2.61400008e+00 2.53500009e+00
    2.41799998e+00 2.23099995e+00 2.10899997e+00 2.03500009e+00
    2.01099992e+00 2. 1.96300006e+00 1.92600000e+00 1.88999999e+00
    1.85500002e+00 1.82000005e+00 1.78499997e+00 1.75199997e+00
    1.71899998e+00 1.68200004e+00 2.78800011e+00 2.83999991e+00
    2.86599994e+00 2.86599994e+00 2.86599994e+00 2.86599994e+00
    2.86599994e+00 2.85800004e+00 2.80699992e+00 2.75600004e+00
    2.70600009e+00 2.68600011e+00 2.68600011e+00 2.71499991e+00
    2.75000000e+00 2.75000000e+00 2.74099994e+00 2.70499992e+00
    2.66300011e+00 2.61500001e+00 2.59999990e+00 2.59999990e+00
    2.59999990e+00 2.58500004e+00 2.46900010e+00 2.32999992e+00
    2.14700007e+00 2.04600000e+00 2.00799990e+00 2. 2. 1.96300006e+00
    1.92600000e+00 1.88999999e+00 1.85099995e+00 1.80599999e+00
    1.77499998e+00 1.75100005e+00 1.71899998e+00 1.68400002e+00
    2.78800011e+00 2.83999991e+00 2.86599994e+00 2.86599994e+00
    2.86599994e+00 2.86599994e+00 2.86599994e+00 2.85800004e+00
    2.80699992e+00 2.75600004e+00 2.70600009e+00 2.68600011e+00
    2.68600011e+00 2.69300008e+00 2.70000005e+00 2.70000005e+00
    2.69799995e+00 2.69000006e+00 2.66300011e+00 2.61500001e+00
    2.59999990e+00 2.59999990e+00 2.59999990e+00 2.57900000e+00
    2.41400003e+00 2.25999999e+00 2.12599993e+00 2.04600000e+00
    2.00799990e+00 2. 2. 1.96300006e+00 1.92600000e+00 1.88999999e+00
    1.84200001e+00 1.77900004e+00 1.75399995e+00 1.74899995e+00
    1.71899998e+00 1.68799996e+00 2.78800011e+00 2.83999991e+00
    2.86599994e+00 2.86599994e+00 2.86599994e+00 2.86599994e+00
    2.86599994e+00 2.85800004e+00 2.80699992e+00 2.75600004e+00
    2.70600009e+00 2.68600011e+00 2.68600011e+00 2.68600011e+00
    2.68600011e+00 2.68600011e+00 2.68099999e+00 2.66199994e+00
    2.62100005e+00 2.55500007e+00 2.48799992e+00 2.42100000e+00
    2.40100002e+00 2.37199998e+00 2.24900007e+00 2.14400005e+00
    2.07200003e+00 2.01900005e+00 1.98199999e+00 1.97399998e+00
    1.97300005e+00 1.95099998e+00 1.92600000e+00 1.88999999e+00
    1.84000003e+00 1.77100003e+00 1.74800003e+00 1.74800003e+00
    1.71899998e+00 1.68900001e+00 2.78800011e+00 2.83999991e+00
    2.86599994e+00 2.86599994e+00 2.86599994e+00 2.86599994e+00
    2.86599994e+00 2.85800004e+00 2.80699992e+00 2.75600004e+00
    2.70600009e+00 2.68600011e+00 2.68600011e+00 2.68600011e+00
    2.68600011e+00 2.68600011e+00 2.67400002e+00 2.62800002e+00
    2.56100011e+00 2.47099996e+00 2.33100009e+00 2.17000008e+00
    2.12100005e+00 2.08299994e+00 2.03999996e+00 2.00900006e+00
    2.00500011e+00 1.98199999e+00 1.94400001e+00 1.93700004e+00
    1.93700004e+00 1.93499994e+00 1.92600000e+00 1.88999999e+00
    1.84000003e+00 1.77100003e+00 1.74800003e+00 1.74800003e+00
    1.71899998e+00 1.68900001e+00 2.78099990e+00 2.80500007e+00
    2.83100009e+00 2.85800004e+00 2.86599994e+00 2.86599994e+00
    2.86599994e+00 2.85800004e+00 2.80699992e+00 2.75600004e+00
    2.70600009e+00 2.68600011e+00 2.68600011e+00 2.68600011e+00
    2.68600011e+00 2.68600011e+00 2.67400002e+00 2.62599993e+00
    2.51500010e+00 2.33599997e+00 2.21000004e+00 2.10999990e+00
    2.06599998e+00 2.02999997e+00 2.01200008e+00 2. 2. 1.97899997e+00
    1.94200003e+00 1.93400002e+00 1.93400002e+00 1.93400002e+00
    1.92600000e+00 1.88999999e+00 1.84800005e+00 1.79600000e+00
    1.76800001e+00 1.75000000e+00 1.71899998e+00 1.68900001e+00
    2.77399993e+00 2.77399993e+00 2.79699993e+00 2.84500003e+00
    2.85800004e+00 2.85800004e+00 2.86199999e+00 2.85800004e+00
    2.80699992e+00 2.75600004e+00 2.70600009e+00 2.68400002e+00
    2.68000007e+00 2.67199993e+00 2.66499996e+00 2.65700006e+00
    2.63800001e+00 2.58400011e+00 2.44199991e+00 2.20000005e+00
    2.10100007e+00 2.06500006e+00 2.02999997e+00 2. 2. 2. 2.
    1.97899997e+00 1.94200003e+00 1.93400002e+00 1.93400002e+00
    1.93400002e+00 1.92600000e+00 1.88999999e+00 1.85399997e+00
    1.81599998e+00 1.78199995e+00 1.75100005e+00 1.72099996e+00
    1.67100000e+00 2.77399993e+00 2.77399993e+00 2.78299999e+00
    2.80100012e+00 2.80699992e+00 2.80699992e+00 2.83800006e+00
    2.85800004e+00 2.80699992e+00 2.75600004e+00 2.70600009e+00
    2.66799998e+00 2.63599992e+00 2.58200002e+00 2.52300000e+00
    2.46700001e+00 2.40100002e+00 2.30699992e+00 2.20099998e+00
    2.08500004e+00 2.03900003e+00 2.02500010e+00 2.01200008e+00 2. 2. 2.
    2. 1.97899997e+00 1.94200003e+00 1.93400002e+00 1.93400002e+00
    1.93400002e+00 1.92600000e+00 1.88999999e+00 1.84500003e+00
    1.78799999e+00 1.76100004e+00 1.74899995e+00 1.73800004e+00
    1.54700005e+00 2.77399993e+00 2.77399993e+00 2.77399993e+00
    2.77399993e+00 2.77399993e+00 2.77399993e+00 2.82200003e+00
    2.85800004e+00 2.80699992e+00 2.75600004e+00 2.70600009e+00
    2.65799999e+00 2.60899997e+00 2.51099992e+00 2.40100002e+00
    2.31599998e+00 2.22600007e+00 2.12299991e+00 2.04999995e+00
    2.01200008e+00 2. 2. 2. 2. 2. 1.99699998e+00 1.99000001e+00
