<?xml version="1.0"?>
<opencv_storage>
<Depth type_id="opencv-matrix">
  <rows>40</rows>
  <cols>40</cols>
  <dt>f</dt>
  <data>
    0. 0. 0. 0. 0. 0. 0. 0. 0. 0. 0. 0. 0. 0. 0. 0. 0. 0. 0. 0. 0. 0. 0.
    0. 0. 0. 0. 0. 0. 0. 0. 0. 0. 0. 0. 0. 0. 0. 0. 0. 0. 0. 0. 0. 0. 0.
    0. 0. 0. 0. 0. 0. 0. 2.21499991e+00 2.20199990e+00 2.19700003e+00
    2.14499998e+00 1.92799997e+00 0. 0. 0. 0. 0. 0. 0. 0. 0. 0. 0. 0. 0.
    0. 0. 0. 0. 0. 0. 0. 0. 0. 0. 0. 0. 0. 0. 0. 0. 0. 0. 0. 0. 0.
    1.02699995e+00 2.21199989e+00 2.19000006e+00 2.14899993e+00
    2.13000011e+00 2.11100006e+00 2.47300005e+00 2.68400002e+00
    2.08599997e+00 1.20599997e+00 2.21399999e+00 0. 0. 0. 0. 0. 0. 0. 0.
    0. 0. 0. 0. 0. 0. 0. 0. 0. 0. 0. 0. 0. 0. 0. 0. 0. 0. 0. 0. 0.
    2.15400004e+00 2.20600009e+00 2.18400002e+00 2.14899993e+00
    2.11999989e+00 2.10400009e+00 2.08800006e+00 2.07200003e+00
    2.06699991e+00 2.03299999e+00 2.02699995e+00 2.01699996e+00
    2.01699996e+00 2.02999997e+00 0. 0. 2.55699992e+00 0. 0. 0. 0. 0. 0.
    0. 0. 0. 0. 0. 0. 0. 0. 0. 0. 0. 0. 0. 0. 0. 0. 0. 1.93099999e+00
    2.20099998e+00 2.18199992e+00 2.13800001e+00 2.11999989e+00
    2.09599996e+00 2.07999992e+00 2.06800008e+00 2.02999997e+00
    2.01099992e+00 2.00699997e+00 2.00999999e+00 2.01600003e+00
    2.01699996e+00 2.02399993e+00 2.02099991e+00 2.02699995e+00
    2.02500010e+00 1.74500000e+00 0. 0. 0. 0. 0. 0. 0. 0. 0. 0. 0. 0. 0.
    0. 0. 0. 0. 0. 0. 0. 0. 2.22099996e+00 2.19799995e+00 2.17799997e+00
    2.13700008e+00 2.11700010e+00 2.09500003e+00 2.07699990e+00
    2.06100011e+00 2.02900004e+00 2.00699997e+00 2. 2. 2.00999999e+00
    2.00999999e+00 2.01399994e+00 2.01500010e+00 2.01699996e+00
    2.01900005e+00 2.01699996e+00 0. 0. 0. 0. 0. 0. 0. 0. 0. 0. 0. 0. 0.
    0. 0. 0. 0. 0. 0. 1.62399995e+00 1.85200000e+00 2.21099997e+00
    2.19600010e+00 2.17300010e+00 2.13400006e+00 2.11400008e+00
    2.09400010e+00 2.07500005e+00 2.04800010e+00 2.02900004e+00
    2.00699997e+00 2.00099993e+00 2. 2.00799990e+00 2.00799990e+00
    2.01300001e+00 2.01600003e+00 2.01699996e+00 2.01999998e+00
    2.02099991e+00 0. 0. 0. 0. 0. 0. 0. 0. 0. 0. 0. 0. 0. 0. 0. 0. 0. 0.
    0. 1.82500005e+00 0. 2.20199990e+00 2.18899989e+00 2.16599989e+00
    2.12800002e+00 2.11299992e+00 2.08899999e+00 2.07599998e+00
    2.04099989e+00 2.02099991e+00 2.00699997e+00 2.00399995e+00
    2.00399995e+00 2.00799990e+00 2.00799990e+00 2.01300001e+00
    2.01300001e+00 2.01699996e+00 2.01699996e+00 2.02099991e+00 0. 0. 0.
    0. 0. 0. 0. 0. 0. 0. 0. 0. 0. 0. 0. 0. 0. 0. 0. 0. 0. 2.19199991e+00
    2.18300009e+00 2.15400004e+00 2.12299991e+00 2.10500002e+00
    2.08200002e+00 2.06800008e+00 2.03699994e+00 2.01699996e+00
    2.00600004e+00 2. 2.00600004e+00 2.00900006e+00 2.00799990e+00
    2.01300001e+00 2.01300001e+00 2.01600003e+00 2.01699996e+00
    2.02099991e+00 0. 0. 0. 0. 0. 0. 0. 0. 0. 0. 0. 0. 0. 0. 0. 0. 0. 0.
    0. 1.29700005e+00 1.33200002e+00 2.19199991e+00 2.18000007e+00
    2.15300012e+00 2.12199998e+00 2.10500002e+00 2.07500005e+00
    2.06100011e+00 2.03200006e+00 2.01699996e+00 2.00300002e+00 2.
    2.00200009e+00 2.00799990e+00 2.00799990e+00 2.01300001e+00
    2.01300001e+00 2.01699996e+00 2.01699996e+00 2.02200007e+00 0. 0. 0.
    0. 0. 0. 0. 0. 0. 0. 0. 0. 0. 0. 0. 0. 0. 0. 0. 0. 2.21499991e+00
    2.19799995e+00 2.18000007e+00 2.15199995e+00 2.12299991e+00
    2.09899998e+00 2.07699990e+00 2.06100011e+00 2.03099990e+00
    2.01300001e+00 2. 2. 2.00699997e+00 2.00799990e+00 2.00900006e+00
    2.01300001e+00 2.01699996e+00 2.01699996e+00 2.01699996e+00
    2.01799989e+00 0. 0. 0. 0. 0. 0. 0. 0. 0. 0. 0. 0. 0. 0. 0. 0. 0. 0.
    0. 0. 2.22099996e+00 2.20099998e+00 2.17600012e+00 2.14499998e+00
    2.11700010e+00 2.09800005e+00 2.07299995e+00 2.05599999e+00
    2.02800012e+00 2.01300001e+00 2.00300002e+00 2.00399995e+00
    2.00399995e+00 2.00500011e+00 2.01300001e+00 2.01699996e+00
    2.01699996e+00 2.01699996e+00 2.01699996e+00 2.01699996e+00 0. 0. 0.
    0. 0. 0. 0. 0. 0. 0. 0. 0. 0. 0. 0. 0. 0. 0. 0. 0. 2.22000003e+00
    2.19300008e+00 2.17000008e+00 2.14000010e+00 2.11100006e+00
    2.09400010e+00 2.06800008e+00 2.04900002e+00 2.01900005e+00
    2.00799990e+00 2.00399995e+00 2.00399995e+00 2.00399995e+00
    2.00399995e+00 2.00900006e+00 2.01500010e+00 2.01699996e+00
    2.01300001e+00 2.01300001e+00 2.01300001e+00 0. 0. 0. 0. 0. 0. 0. 0.
    0. 0. 0. 0. 0. 0. 0. 0. 0. 0. 0. 1.15199995e+00 2.20900011e+00
    2.18700004e+00 2.16700006e+00 2.13499999e+00 2.11100006e+00
    2.08899999e+00 2.06500006e+00 2.04299998e+00 2.01900005e+00
    2.00399995e+00 2. 2.00200009e+00 2.00699997e+00 2.01300001e+00
    2.01300001e+00 2.01300001e+00 2.01600003e+00 2.01699996e+00
    2.01399994e+00 1.63199997e+00 0. 0. 0. 0. 0. 0. 0. 0. 0. 0. 0. 0. 0.
    0. 0. 0. 0. 0. 0. 2.22700000e+00 2.21099997e+00 2.18499994e+00
    2.15700006e+00 2.13400006e+00 2.10700011e+00 2.08599997e+00
    2.06200004e+00 2.03800011e+00 2.01799989e+00 2.00399995e+00 2.
    2.00200009e+00 2.00500011e+00 2.00999999e+00 2.01300001e+00
    2.01399994e+00 2.01300001e+00 2.01699996e+00 2.01699996e+00
    1.83399999e+00 0. 0. 0. 0. 0. 0. 0. 0. 0. 0. 0. 0. 0. 0. 0. 0. 0. 0.
    2.69300008e+00 2.22099996e+00 2.20799994e+00 2.18300009e+00
    2.15300012e+00 2.12100005e+00 2.10299993e+00 2.08200002e+00
    2.05699992e+00 2.03299999e+00 2.01799989e+00 2.00399995e+00 2.
    2.00200009e+00 2.00300002e+00 2.00799990e+00 2.01399994e+00
    2.01699996e+00 2.01500010e+00 2.01399994e+00 2.01699996e+00
    1.63399994e+00 0. 0. 0. 0. 0. 0. 0. 0. 0. 0. 0. 0. 0. 0. 0. 0. 0. 0.
    0. 2.22300005e+00 2.20300007e+00 2.17799997e+00 2.14199996e+00
    2.11500001e+00 2.10100007e+00 2.07100010e+00 2.05399990e+00
    2.03200006e+00 2.01399994e+00 2. 2. 2.00200009e+00 2.00399995e+00
    2.00799990e+00 2.01300001e+00 2.01699996e+00 2.01699996e+00
    2.01699996e+00 2.01699996e+00 1.63100004e+00 0. 0. 0. 0. 0. 0. 0. 0.
    0. 0. 0. 0. 0. 0. 0. 0. 0. 0. 1.66700006e+00 2.21499991e+00
    2.20300007e+00 2.17199993e+00 2.14199996e+00 2.11899996e+00
    2.10100007e+00 2.06999993e+00 2.05100012e+00 2.02900004e+00
    2.00900006e+00 2. 2. 2.00200009e+00 2.00699997e+00 2.01300001e+00
    2.01300001e+00 2.01600003e+00 2.01699996e+00 2.01699996e+00
    2.01699996e+00 1.63100004e+00 0. 0. 0. 0. 0. 0. 0. 0. 0. 0. 0. 0. 0.
    0. 0. 0. 0. 0. 2. 2.21600008e+00 2.19700003e+00 2.17199993e+00
    2.14100003e+00 2.11500001e+00 2.09400010e+00 2.07100010e+00
    2.04600000e+00 2.02399993e+00 2.00900006e+00 2.00399995e+00
    2.00399995e+00 2.00500011e+00 2.00699997e+00 2.01300001e+00
    2.01300001e+00 2.01500010e+00 2.01699996e+00 2.01699996e+00
    2.01699996e+00 1.63499999e+00 0. 0. 0. 0. 0. 0. 0. 0. 0. 0. 0. 0. 0.
    0. 0. 0. 0. 0. 2.23300004e+00 2.21700001e+00 2.19199991e+00
    2.16700006e+00 2.13800001e+00 2.11400008e+00 2.08800006e+00
    2.06699991e+00 2.04299998e+00 2.02300000e+00 2.00900006e+00 2.
    2.00300002e+00 2.00799990e+00 2.01200008e+00 2.01300001e+00
    2.01399994e+00 2.01699996e+00 2.01699996e+00 2.01699996e+00
    2.01399994e+00 1.63000000e+00 0. 0. 0. 0. 0. 0. 0. 0. 0. 0. 0. 0. 0.
    0. 0. 0. 0. 0. 2.23399997e+00 2.21600008e+00 2.19199991e+00
    2.16400003e+00 2.13000011e+00 2.10899997e+00 2.08699989e+00
    2.06500006e+00 2.03699994e+00 2.02099991e+00 2.00300002e+00 2.
    2.00099993e+00 2.00799990e+00 2.00900006e+00 2.01300001e+00
    2.01399994e+00 2.01699996e+00 2.01699996e+00 2.01699996e+00
    2.00799990e+00 2.07100010e+00 0. 0. 0. 0. 0. 0. 0. 0. 0. 0. 0. 0. 0.
    0. 0. 0. 0. 0. 2.22099996e+00 2.21000004e+00 2.19099998e+00
    2.16199994e+00 2.12700009e+00 2.10700011e+00 2.08299994e+00
    2.06100011e+00 2.02999997e+00 2.01799989e+00 2.00099993e+00
    2.00399995e+00 2.00099993e+00 2.00799990e+00 2.00799990e+00
    2.01300001e+00 2.01399994e+00 2.01699996e+00 2.01699996e+00
    2.01699996e+00 2.00699997e+00 0. 0. 0. 0. 0. 0. 0. 0. 0. 0. 0. 0. 0.
    0. 0. 0. 0. 0. 0. 2.22300005e+00 2.20799994e+00 2.18199992e+00
