<?xml version="1.0"?>
<opencv_storage>
<Depth type_id="opencv-matrix">
  <rows>40</rows>
  <cols>40</cols>
  <dt>f</dt>
  <data>
    0. 0. 0. 0. 0. 0. 0. 0. 0. 0. 0. 0. 0. 0. 0. 0. 0. 0. 0. 0. 0. 0. 0.
    0. 0. 0. 0. 0. 0. 0. 0. 0. 0. 0. 0. 0. 0. 0. 0. 0. 0. 0. 0. 0. 0. 0.
    0. 0. 0. 0. 0. 0. 0. 0. 0. 0. 0. 0. 0. 0. 0. 0. 0. 0. 0. 0. 0. 0. 0.
    0. 0. 0. 0. 0. 0. 0. 0. 0. 0. 0. 0. 0. 0. 0. 0. 0. 0. 0. 0. 0. 0. 0.
    0. 0. 0. 0. 0. 0. 0. 0. 0. 0. 0. 0. 0. 0. 0. 0. 0. 0. 0. 0. 0. 0. 0.
    0. 0. 0. 0. 0. 0. 0. 0. 0. 0. 0. 0. 0. 0. 0. 0. 0. 0. 0. 0. 0. 0. 0.
    0. 0. 0. 0. 0. 0. 0. 0. 0. 0. 0. 0. 0. 0. 0. 0. 0. 0. 0. 0. 0. 0. 0.
    0. 0. 0. 0. 0. 0. 0. 0. 0. 0. 0. 0. 0. 0. 0. 0. 0. 0. 0. 0. 0. 0. 0.
    0. 0. 0. 0. 0. 0. 0. 0. 0. 0. 0. 0. 0. 0. 0. 0. 0. 0. 0. 0. 0. 0. 0.
    0. 0. 0. 0. 0. 0. 0. 0. 0. 0. 0. 0. 0. 0. 0. 0. 0. 0. 0. 0. 0. 0. 0.
    0. 0. 0. 0. 0. 0. 0. 0. 0. 0. 0. 0. 0. 0. 0. 0. 0. 0. 0. 0. 0. 0. 0.
    0. 0. 0. 0. 0. 0. 0. 0. 0. 0. 0. 0. 0. 0. 0. 0. 0. 0. 0. 0. 0. 0. 0.
    0. 0. 0. 0. 0. 0. 0. 0. 0. 0. 0. 0. 0. 0. 0. 0. 0. 0. 0. 0. 0. 0. 0.
    0. 0. 0. 0. 0. 0. 0. 0. 0. 0. 0. 0. 0. 0. 0. 0. 0. 0. 0. 0. 0. 0. 0.
    0. 0. 0. 0. 0. 0. 0. 0. 0. 0. 0. 0. 0. 0. 0. 0. 0. 0. 0. 0. 0. 0. 0.
    0. 0. 0. 0. 0. 0. 0. 0. 0. 0. 0. 0. 0. 0. 0. 0. 0. 0. 0. 0. 0. 0. 0.
    0. 0. 0. 0. 0. 0. 0. 0. 0. 0. 0. 0. 0. 0. 0. 0. 0. 0. 0. 0. 0. 0. 0.
    0. 0. 0. 0. 0. 0. 0. 0. 0. 0. 0. 0. 0. 0. 0. 0. 0. 0. 0. 0. 0. 0. 0.
    0. 0. 0. 0. 0. 0. 0. 0. 0. 0. 0. 0. 0. 0. 0. 0. 0. 0. 0. 0. 0. 0. 0.
    0. 0. 0. 0. 0. 0. 0. 0. 0. 0. 0. 0. 0. 0. 0. 0. 0. 0. 0. 0. 0. 0. 0.
    0. 0. 0. 0. 0. 0. 0. 0. 0. 0. 0. 0. 0. 0. 0. 0. 0. 0. 0. 0. 0. 0. 0.
    0. 0. 0. 0. 0. 0. 0. 0. 0. 0. 0. 0. 0. 0. 0. 0. 0. 0. 0. 0. 0. 0. 0.
    0. 0. 0. 0. 0. 0. 0. 0. 0. 0. 0. 0. 0. 0. 0. 0. 0. 0. 0.
    2.09800005e+00 2.09800005e+00 2.09800005e+00 2.09800005e+00
    2.09800005e+00 2.09800005e+00 2.09800005e+00 2.09800005e+00
    2.09800005e+00 2.09800005e+00 2.22700000e+00 2.37400007e+00
    2.37500000e+00 2.32399988e+00 2.24600005e+00 2.15000010e+00
    2.09800005e+00 2.09800005e+00 2.09800005e+00 2.09800005e+00
    2.11599994e+00 2.21300006e+00 2.30399990e+00 2.30399990e+00
    2.30399990e+00 2.34999990e+00 2.40100002e+00 0. 0. 0. 0. 0. 0. 0. 0.
    0. 0. 0. 0. 0. 2.09800005e+00 2.09800005e+00 2.09800005e+00
    2.09800005e+00 2.09800005e+00 2.09800005e+00 2.09800005e+00
    2.09800005e+00 2.09800005e+00 2.09800005e+00 2.20099998e+00
    2.31800008e+00 2.31200004e+00 2.26200008e+00 2.19600010e+00
    2.11899996e+00 2.07399988e+00 2.06500006e+00 2.05900002e+00
    2.05900002e+00 2.07699990e+00 2.17199993e+00 2.26300001e+00
    2.27200007e+00 2.28200006e+00 2.33800006e+00 2.39800000e+00 0. 0. 0.
    0. 0. 0. 0. 0. 0. 0. 0. 0. 0. 2.09800005e+00 2.09800005e+00
    2.09800005e+00 2.09800005e+00 2.09800005e+00 2.09800005e+00
    2.09800005e+00 2.09800005e+00 2.09800005e+00 2.09800005e+00
    2.14100003e+00 2.18899989e+00 2.16700006e+00 2.11899996e+00
    2.08100009e+00 2.04900002e+00 2.01900005e+00 1.98899996e+00
    1.96899998e+00 1.96899998e+00 1.98699999e+00 2.07900000e+00
    2.16799998e+00 2.19899988e+00 2.23099995e+00 2.30999994e+00
    2.39299989e+00 0. 0. 0. 0. 0. 0. 0. 0. 0. 0. 0. 0. 0. 2.09800005e+00
    2.09500003e+00 2.08899999e+00 2.08500004e+00 2.08500004e+00
    2.08599997e+00 2.09200001e+00 2.09800005e+00 2.09800005e+00
    2.09800005e+00 2.09800005e+00 2.09800005e+00 2.06399989e+00
    2.01799989e+00 2. 2. 1.98000002e+00 1.93599999e+00 1.90600002e+00
    1.90600002e+00 1.92200005e+00 2.00500011e+00 2.08699989e+00
    2.14100003e+00 2.19400001e+00 2.27800012e+00 2.36400008e+00 0. 0. 0.
    0. 0. 0. 0. 0. 0. 0. 0. 0. 0. 2.09800005e+00 2.08599997e+00
    2.05800009e+00 2.03900003e+00 2.03900003e+00 2.04299998e+00
    2.07100010e+00 2.09800005e+00 2.09800005e+00 2.09800005e+00
    2.09800005e+00 2.09800005e+00 2.06399989e+00 2.01799989e+00 2. 2.
    1.98000002e+00 1.93599999e+00 1.90600002e+00 1.90600002e+00
    1.91799998e+00 1.98000002e+00 2.04299998e+00 2.11800003e+00
    2.19300008e+00 2.23499990e+00 2.27399993e+00 1.38000000e+00 0. 0. 0.
    0. 0. 0. 0. 0. 0. 0. 0. 0. 2.09800005e+00 2.07800007e+00
    2.03200006e+00 2. 2. 2.00699997e+00 2.05299997e+00 2.09800005e+00
    2.09800005e+00 2.09800005e+00 2.09800005e+00 2.09800005e+00
    2.06399989e+00 2.01799989e+00 2. 2. 1.98099995e+00 1.94000006e+00
    1.91299999e+00 1.91299999e+00 1.92100000e+00 1.96099997e+00
    2.00500011e+00 2.09400010e+00 2.18400002e+00 2.19499993e+00
    2.19799995e+00 2.16199994e+00 2.11500001e+00 2.09800005e+00 0. 0. 0.
    0. 0. 0. 0. 0. 0. 0. 2.09800005e+00 2.07800007e+00 2.03200006e+00 2.
    2. 2.00699997e+00 2.05299997e+00 2.09800005e+00 2.09800005e+00
    2.09800005e+00 2.09800005e+00 2.09800005e+00 2.06399989e+00
    2.01799989e+00 2. 2. 1.99100006e+00 1.97000003e+00 1.95700002e+00
    1.95700002e+00 1.96099997e+00 1.98099995e+00 2.00300002e+00
    2.07100010e+00 2.13899994e+00 2.16799998e+00 2.19300008e+00
    2.16199994e+00 2.11500001e+00 2.09800005e+00 0. 0. 0. 0. 0. 0. 0. 0.
    0. 0. 2.09800005e+00 2.07800007e+00 2.03200006e+00 2. 2.
    2.00699997e+00 2.05299997e+00 2.09899998e+00 2.09899998e+00
    2.09899998e+00 2.09899998e+00 2.09899998e+00 2.06500006e+00
    2.01900005e+00 2.00099993e+00 2. 2. 2. 2. 2. 2. 2. 2.00200009e+00
    2.04800010e+00 2.09400010e+00 2.14100003e+00 2.18799996e+00
    2.16199994e+00 2.11500001e+00 2.09800005e+00 0. 0. 0. 0. 0. 0. 0. 0.
    0. 0. 2.09800005e+00 2.07800007e+00 2.03200006e+00 2. 2.
    2.01099992e+00 2.07900000e+00 2.14599991e+00 2.14599991e+00
    2.14599991e+00 2.14599991e+00 2.14599991e+00 2.11199999e+00
    2.06500006e+00 2.03299999e+00 2.01200008e+00 2. 2. 2. 2. 2. 2.
    2.00200009e+00 2.04800010e+00 2.09400010e+00 2.14100003e+00
    2.18799996e+00 2.16199994e+00 2.11500001e+00 2.09800005e+00 0. 0. 0.
    0. 0. 0. 0. 0. 0. 0. 2.09800005e+00 2.07800007e+00 2.03200006e+00 2.
    2. 2.01399994e+00 2.10400009e+00 2.19300008e+00 2.19300008e+00
    2.19300008e+00 2.19300008e+00 2.19300008e+00 2.15799999e+00
    2.11100006e+00 2.06599998e+00 2.02300000e+00 2. 2. 2. 2. 2. 2.
    2.00200009e+00 2.04800010e+00 2.09400010e+00 2.14100003e+00
    2.18799996e+00 2.16199994e+00 2.11500001e+00 2.09800005e+00 0. 0. 0.
    0. 0. 0. 0. 0. 0. 0. 2.18300009e+00 2.15400004e+00 2.08699989e+00
    2.03999996e+00 2.03999996e+00 2.05500007e+00 2.14899993e+00
    2.24200010e+00 2.22199988e+00 2.20099998e+00 2.19899988e+00
    2.19899988e+00 2.16400003e+00 2.11700010e+00 2.08200002e+00
    2.05500007e+00 2.03200006e+00 2.01300001e+00 2. 2. 2.00399995e+00
    2.02200007e+00 2.04200006e+00 2.06900001e+00 2.09599996e+00
    2.14100003e+00 2.18799996e+00 2.16199994e+00 2.11500001e+00
    2.09800005e+00 0. 0. 0. 0. 0. 0. 0. 0. 0. 0. 2.27900004e+00
    2.24000001e+00 2.15000010e+00 2.08599997e+00 2.08599997e+00
    2.10100007e+00 2.19700003e+00 2.29099989e+00 2.24699998e+00
    2.20400000e+00 2.19899988e+00 2.19899988e+00 2.16400003e+00
    2.11700010e+00 2.09500003e+00 2.08899999e+00 2.06699991e+00
    2.02699995e+00 2. 2. 2.00799990e+00 2.04800010e+00 2.08599997e+00
    2.09200001e+00 2.09800005e+00 2.14100003e+00 2.18799996e+00
    2.16199994e+00 2.11500001e+00 2.09800005e+00 0. 0. 0. 0. 0. 0. 0. 0.
    0. 0. 2.30399990e+00 2.26200008e+00 2.16599989e+00 2.09800005e+00
    2.09800005e+00 2.11299992e+00 2.20900011e+00 2.30299997e+00
    2.25399995e+00 2.20499992e+00 2.19899988e+00 2.19899988e+00
    2.16400003e+00 2.11700010e+00 2.09800005e+00 2.09800005e+00
    2.07699990e+00 2.03099990e+00 2. 2. 2.00900006e+00 2.05500007e+00
    2.09800005e+00 2.09800005e+00 2.09800005e+00 2.14100003e+00
    2.18799996e+00 2.16199994e+00 2.11500001e+00 2.09800005e+00 0. 0. 0.
    0. 0. 0. 0. 0. 0. 0. 0. 0. 0. 0. 0. 0. 0. 0. 0. 0. 0. 0. 0. 0. 0. 0.
    0. 0. 0. 0. 0. 0. 0. 0. 0. 0. 0. 0. 0. 0. 0. 0. 0. 0. 0. 0. 0. 0. 0.
    0. 0. 0. 0. 0. 0. 0. 0. 0. 0. 0. 0. 0. 0. 0. 0. 0. 0. 0. 0. 0. 0. 0.
    0. 0. 0. 0. 0. 0. 0. 0. 0. 0. 0. 0. 0. 0. 0. 0. 0. 0. 0. 0. 0. 0. 0.
