<?xml version="1.0"?>
<opencv_storage>
<Depth type_id="opencv-matrix">
  <rows>40</rows>
  <cols>40</cols>
  <dt>f</dt>
  <data>
    0. 0. 0. 0. 0. 0. 0. 0. 0. 0. 0. 0. 0. 0. 0. 0. 0. 0. 0. 0. 0. 0. 0.
    0. 0. 0. 0. 0. 0. 0. 0. 0. 0. 0. 0. 0. 0. 0. 0. 0. 0. 0. 0. 0. 0. 0.
    0. 0. 0. 0. 0. 0. 0. 0. 0. 0. 0. 0. 0. 0. 0. 0. 0. 0. 0. 0. 0. 0. 0.
    0. 0. 0. 0. 0. 0. 0. 0. 0. 0. 0. 0. 0. 0. 0. 0. 0. 0. 0. 0. 0. 0. 0.
    0. 0. 0. 0. 0. 0. 0. 0. 0. 0. 0. 0. 0. 0. 0. 0. 0. 0. 0. 0. 0. 0. 0.
    0. 0. 0. 0. 0. 0. 0. 0. 0. 0. 0. 0. 0. 0. 0. 0. 0. 0. 0. 0. 0. 0. 0.
    0. 0. 0. 0. 0. 0. 0. 0. 0. 0. 0. 0. 0. 0. 0. 0. 0. 0. 0. 0. 0. 0. 0.
    0. 0. 0. 0. 0. 0. 0. 0. 0. 0. 0. 0. 0. 0. 0. 0. 0. 0. 0. 0. 0. 0. 0.
    0. 0. 0. 0. 0. 0. 0. 0. 0. 0. 0. 0. 0. 0. 0. 0. 0. 0. 0. 0. 0. 0. 0.
    0. 0. 0. 0. 0. 0. 0. 0. 0. 0. 0. 0. 0. 0. 0. 0. 0. 0. 0. 0. 0. 0. 0.
    0. 0. 0. 0. 0. 0. 0. 0. 0. 0. 0. 0. 0. 0. 0. 0. 0. 0. 0. 0. 0. 0. 0.
    0. 0. 0. 0. 0. 0. 0. 0. 0. 0. 0. 0. 0. 0. 0. 0. 0. 0. 0. 0. 0. 0. 0.
    0. 0. 0. 0. 0. 0. 0. 0. 0. 0. 0. 0. 0. 0. 0. 0. 0. 0. 0. 0. 0. 0. 0.
    0. 0. 0. 0. 0. 0. 0. 0. 0. 0. 0. 0. 0. 0. 0. 0. 0. 0. 0. 0. 0. 0. 0.
    0. 0. 0. 0. 0. 0. 0. 0. 0. 0. 0. 0. 0. 0. 0. 0. 0. 0. 0. 0. 0. 0. 0.
    0. 0. 0. 0. 0. 0. 0. 0. 0. 0. 0. 0. 0. 0. 0. 0. 0. 0. 0. 0. 0. 0. 0.
    0. 0. 0. 0. 0. 0. 0. 0. 0. 0. 0. 0. 0. 0. 0. 0. 0. 0. 0. 0. 0. 0. 0.
    0. 0. 0. 0. 0. 0. 0. 0. 0. 1.75500000e+00 1.77999997e+00
    1.80599999e+00 1.81099999e+00 1.84500003e+00 1.92299998e+00
    1.95200002e+00 1.96099997e+00 1.96099997e+00 1.96099997e+00 0. 0. 0.
    0. 0. 0. 0. 0. 0. 0. 0. 0. 0. 0. 0. 1.10899997e+00 0. 0. 0. 0. 0. 0.
    0. 0. 0. 0. 0. 0. 0. 0. 1.74300003e+00 1.77999997e+00 1.80599999e+00
    1.81099999e+00 1.84500003e+00 1.92200005e+00 1.91700006e+00
    1.91600001e+00 1.91999996e+00 1.93700004e+00 0. 0. 0. 0. 0. 0. 0. 0.
    0. 0. 0. 0. 0. 0. 0. 0. 2.52999997e+00 2.49699998e+00 0. 0. 0.
    2.42899990e+00 2.60800004e+00 2.60800004e+00 2.38599992e+00 0. 0. 0.
    0. 0. 1.73500001e+00 1.77999997e+00 1.80599999e+00 1.81099999e+00
    1.84099996e+00 1.90900004e+00 1.88999999e+00 1.88399994e+00
    1.88999999e+00 1.90799999e+00 1.92799997e+00 1.94099998e+00
    1.65300000e+00 0. 0. 0. 0. 0. 0. 0. 0. 0. 0. 0. 0. 0. 2.
    1.96300006e+00 0. 0. 0. 1.87699997e+00 1.30999994e+00 1.33500004e+00
    1.70500004e+00 0. 0. 0. 0. 0. 1.73599994e+00 1.77999997e+00
    1.80599999e+00 1.81200004e+00 1.83399999e+00 1.88399994e+00
    1.88399994e+00 1.88399994e+00 1.88399994e+00 1.88399994e+00
    1.88399994e+00 1.89800000e+00 1.91999996e+00 1.91999996e+00
    1.92100000e+00 0. 0. 1.11800003e+00 2. 2. 2. 2. 2. 2.00399995e+00
    2.03200006e+00 2.01699996e+00 2. 2.00099993e+00 2.05900002e+00
    2.07999992e+00 2.07999992e+00 2.07999992e+00 0. 0. 1.70500004e+00 0.
    0. 0. 0. 0. 1.75000000e+00 1.77999997e+00 1.80599999e+00
    1.82700002e+00 1.85300004e+00 1.88399994e+00 1.88399994e+00
    1.88399994e+00 1.88399994e+00 1.88399994e+00 1.88399994e+00
    1.88699996e+00 1.89300001e+00 1.89300001e+00 1.90900004e+00
    1.68200004e+00 1.13800001e+00 1.77999997e+00 2. 2. 2. 2. 2.
    2.00099993e+00 2.00799990e+00 2.00399995e+00 2. 2.00099993e+00
    2.03699994e+00 2.04999995e+00 2.04999995e+00 2.04999995e+00
    1.50600004e+00 1.53600001e+00 1.70500004e+00 0. 0. 1.24199998e+00
    1.24199998e+00 1.24199998e+00 1.75500000e+00 1.77800000e+00
    1.79100001e+00 1.81400001e+00 1.84599996e+00 1.88399994e+00
    1.88399994e+00 1.88399994e+00 1.88399994e+00 1.88399994e+00
    1.88399994e+00 1.88399994e+00 1.88399994e+00 1.88399994e+00
    1.90600002e+00 1.92799997e+00 1.94299996e+00 1.98500001e+00 2. 2. 2.
    2. 2. 2. 2. 2. 2.00600004e+00 2.01999998e+00 2.03500009e+00
    2.03999996e+00 2.03999996e+00 2.03999996e+00 2.06699991e+00
    2.08999991e+00 1.91199994e+00 0. 1.26300001e+00 2.12400007e+00
    2.12400007e+00 2.12400007e+00 1.75999999e+00 1.77600002e+00
    1.77600002e+00 1.79600000e+00 1.83099997e+00 1.87600005e+00
    1.88199997e+00 1.88399994e+00 1.88399994e+00 1.88399994e+00
    1.88399994e+00 1.88699996e+00 1.89199996e+00 1.89199996e+00
    1.90900004e+00 1.92200005e+00 1.92400002e+00 1.97399998e+00
    1.99500000e+00 2. 2. 2. 2. 2. 2. 2. 2.01200008e+00 2.03999996e+00
    2.03999996e+00 2.04399991e+00 2.05100012e+00 2.05800009e+00
    2.07999992e+00 2.10400009e+00 2.12400007e+00 2.12400007e+00
    2.12400007e+00 2.12400007e+00 2.12400007e+00 2.12400007e+00
    1.77499998e+00 1.77600002e+00 1.77600002e+00 1.79600000e+00
    1.82299995e+00 1.85000002e+00 1.87600005e+00 1.88399994e+00
    1.88399994e+00 1.88399994e+00 1.88399994e+00 1.89800000e+00
    1.91999996e+00 1.91999996e+00 1.92100000e+00 1.92200005e+00
    1.92299998e+00 1.95299995e+00 1.98099995e+00 2. 2. 2. 2. 2. 2. 2.
    2.01200008e+00 2.03999996e+00 2.03999996e+00 2.05900002e+00
    2.08800006e+00 2.11599994e+00 2.12100005e+00 2.12299991e+00
    2.12400007e+00 2.12400007e+00 2.12400007e+00 2.12400007e+00
    2.12400007e+00 2.12400007e+00 1.78499997e+00 1.79999995e+00
    1.79999995e+00 1.80599999e+00 1.82200003e+00 1.84700000e+00
    1.85599995e+00 1.87100005e+00 1.88399994e+00 1.88399994e+00
    1.88399994e+00 1.89900005e+00 1.92200005e+00 1.92200005e+00
    1.92200005e+00 1.92200005e+00 1.92299998e+00 1.95099998e+00
    1.96700001e+00 1.97899997e+00 1.99800003e+00 2. 2. 2. 2. 2.
    2.01200008e+00 2.03999996e+00 2.03999996e+00 2.05999994e+00
    2.08999991e+00 2.12100005e+00 2.12400007e+00 2.12400007e+00
    2.12400007e+00 2.12400007e+00 2.14000010e+00 2.14499998e+00
    2.12400007e+00 2.12400007e+00 1.79299998e+00 1.79700005e+00
    1.79700005e+00 1.80499995e+00 1.82200003e+00 1.84700000e+00
    1.84700000e+00 1.86500001e+00 1.88399994e+00 1.88399994e+00
    1.89400005e+00 1.91400003e+00 1.93799996e+00 1.93799996e+00
    1.92900002e+00 1.92200005e+00 1.92299998e+00 1.95099998e+00
    1.96099997e+00 1.96899998e+00 1.99699998e+00 2. 2. 2. 2. 2.
    2.01200008e+00 2.03999996e+00 2.03999996e+00 2.05999994e+00
    2.08999991e+00 2.12100005e+00 2.12400007e+00 2.12400007e+00
    2.12599993e+00 2.13800001e+00 2.14599991e+00 2.14299989e+00
    2.12400007e+00 2.12400007e+00 1.79700005e+00 1.77600002e+00
    1.77600002e+00 1.79600000e+00 1.82200003e+00 1.84700000e+00
    1.84700000e+00 1.86300004e+00 1.87899995e+00 1.87899995e+00
    1.91100001e+00 1.94000006e+00 1.96099997e+00 1.96099997e+00
    1.93900001e+00 1.92200005e+00 1.92299998e+00 1.95099998e+00
    1.96099997e+00 1.96899998e+00 1.99699998e+00 2. 2. 2. 2. 2.
    2.01200008e+00 2.03999996e+00 2.03999996e+00 2.05999994e+00
    2.08999991e+00 2.12100005e+00 2.12400007e+00 2.12400007e+00
    2.12800002e+00 2.16000009e+00 2.14299989e+00 2.12400007e+00
    2.12400007e+00 2.12400007e+00 1.79700005e+00 1.77600002e+00
    1.77600002e+00 1.79600000e+00 1.82200003e+00 1.84700000e+00
    1.84700000e+00 1.85000002e+00 1.85200000e+00 1.85200000e+00
    1.92100000e+00 1.95799994e+00 1.96099997e+00 1.96099997e+00
    1.93900001e+00 1.92200005e+00 1.92299998e+00 1.95099998e+00
    1.96099997e+00 1.96899998e+00 1.99699998e+00 2. 2. 2. 2. 2.
    2.01200008e+00 2.03999996e+00 2.03999996e+00 2.05999994e+00
    2.08999991e+00 2.12100005e+00 2.12400007e+00 2.12400007e+00
    2.12800002e+00 2.16000009e+00 2.14299989e+00 2.12400007e+00
    2.12400007e+00 2.12400007e+00 1.80499995e+00 1.79600000e+00
    1.79600000e+00 1.80499995e+00 1.82200003e+00 1.84700000e+00
    1.84700000e+00 1.84700000e+00 1.84700000e+00 1.84700000e+00
    1.89300001e+00 1.92499995e+00 1.93799996e+00 1.93799996e+00
    1.92900002e+00 1.92200005e+00 1.92200005e+00 1.93400002e+00
    1.96000004e+00 1.98699999e+00 1.99899995e+00 2. 2. 2. 2. 2.
    2.00500011e+00 2.01699996e+00 2.03399992e+00 2.05999994e+00
    2.08500004e+00 2.09800005e+00 2.11500001e+00 2.12400007e+00
    2.12599993e+00 2.13899994e+00 2.13199997e+00 2.12400007e+00
    2.12400007e+00 2.12400007e+00 1.81099999e+00 1.81099999e+00
    1.81099999e+00 1.81099999e+00 1.82200003e+00 1.84700000e+00
