<?xml version="1.0"?>
<opencv_storage>
<Depth type_id="opencv-matrix">
  <rows>40</rows>
  <cols>40</cols>
  <dt>f</dt>
  <data>
    0. 0. 0. 0. 0. 0. 0. 0. 0. 0. 0. 0. 0. 0. 0. 0. 0. 0. 0. 0. 0. 0. 0.
    0. 0. 0. 0. 0. 0. 0. 0. 0. 0. 0. 0. 0. 0. 0. 0. 0. 0. 0. 0. 0. 0. 0.
    0. 2.86700010e+00 2. 2. 2. 2. 2. 2. 2. 2. 2. 2.17499995e+00 0. 0. 0.
    0. 0. 0. 0. 0. 0. 0. 0. 0. 0. 0. 0. 0. 0. 0. 0. 0. 0. 0. 0. 0. 0. 0.
    0. 0. 0. 2.57999992e+00 2. 2. 2. 2. 1.99300003e+00 1.98000002e+00
    1.97800004e+00 1.97800004e+00 1.97800004e+00 2.09500003e+00
    2.85299993e+00 0. 0. 0. 0. 0. 0. 0. 0. 0. 0. 0. 0. 0. 0. 0. 0. 0. 0.
    0. 0. 0. 0. 0. 0. 0. 0. 0. 2.23300004e+00 2.09999990e+00 2. 2. 2. 2.
    1.98099995e+00 1.94799995e+00 1.94000006e+00 1.94000006e+00
    1.94000006e+00 1.96000004e+00 2.09100008e+00 2.51399994e+00 0. 0. 0.
    0. 0. 0. 0. 0. 0. 0. 0. 0. 0. 0. 0. 0. 0. 0. 0. 0. 0. 0. 0. 0. 0.
    2.60200000e+00 2.00799990e+00 2. 2. 2. 2. 2. 1.97899997e+00
    1.94099998e+00 1.93200004e+00 1.93200004e+00 1.93200004e+00
    1.93200004e+00 1.93200004e+00 2.15300012e+00 2.78399992e+00 0. 0. 0.
    0. 0. 0. 0. 0. 0. 0. 0. 0. 0. 0. 0. 0. 0. 0. 0. 0. 0. 0. 0.
    2.23300004e+00 2.00799990e+00 2. 2. 2. 2. 2. 2. 1.97899997e+00
    1.94099998e+00 1.93200004e+00 1.93200004e+00 1.93200004e+00
    1.93200004e+00 1.93200004e+00 1.94799995e+00 1.99300003e+00
    2.01399994e+00 2.01399994e+00 2.78999996e+00 0. 0. 0. 0. 0. 0. 0. 0.
    0. 0. 0. 0. 0. 0. 0. 0. 0. 0. 0. 0. 2.22000003e+00 2. 2. 2. 2. 2. 2.
    2. 1.99000001e+00 1.97300005e+00 1.96899998e+00 1.96899998e+00
    1.96899998e+00 1.96899998e+00 1.96899998e+00 1.97500002e+00
    1.99199998e+00 2. 2. 2.36999989e+00 2.87100005e+00 0. 0. 0. 0. 0. 0.
    0. 0. 0. 0. 0. 0. 0. 0. 0. 0. 0. 0. 0. 2.22199988e+00 2. 2. 2. 2. 2.
    2. 2. 2. 2. 2. 2. 2. 2. 2. 2. 2. 2. 2. 2.02500010e+00 2.05999994e+00
    2.98499990e+00 0. 0. 0. 0. 0. 0. 0. 0. 0. 0. 0. 0. 0. 0. 0. 0. 0. 0.
    2.23000002e+00 2. 2. 2. 2. 2. 2. 2. 2. 2. 2. 2. 2. 2. 2. 2. 2. 2. 2.
    2.00999999e+00 2.02300000e+00 2.40100002e+00 2.75300002e+00
    2.75300002e+00 2.98399997e+00 0. 0. 0. 0. 0. 0. 0. 0. 0. 0. 0. 0. 0.
    0. 0. 2.19899988e+00 2.00799990e+00 2. 2. 2. 2. 2. 2. 2. 2. 2. 2. 2.
    2. 2. 2. 2. 2. 2. 2. 2. 2.02800012e+00 2.05599999e+00 2.06399989e+00
    2.34800005e+00 0. 0. 0. 0. 0. 0. 0. 0. 0. 0. 0. 0. 0. 2.48699999e+00
    2.34299994e+00 2.10299993e+00 2.02999997e+00 2. 2. 2. 2. 2. 2. 2. 2.
    2. 2. 2. 2. 2. 2. 2. 2. 2. 2. 2. 2.00799990e+00 2.01999998e+00
    2.04900002e+00 2.15300012e+00 2.41400003e+00 2.97099996e+00 0. 0. 0.
    0. 0. 0. 0. 0. 0. 0. 0. 2. 2.02300000e+00 2.06100011e+00
    2.04800010e+00 2.02200007e+00 2.02200007e+00 2.02200007e+00
    2.02200007e+00 2.01699996e+00 2.00500011e+00 2. 2. 2. 2. 2. 2. 2. 2.
    2. 1.99399996e+00 1.98199999e+00 1.97899997e+00 1.97899997e+00
    1.99000001e+00 2.00300002e+00 2.02900004e+00 2.04699993e+00
    2.04699993e+00 2.42799997e+00 0. 0. 0. 0. 0. 0. 0. 0. 0. 0. 0. 2.
    2.02300000e+00 2.06100011e+00 2.06500006e+00 2.05999994e+00
    2.05999994e+00 2.05999994e+00 2.05999994e+00 2.04800010e+00
    2.01399994e+00 2. 2. 2. 2. 2. 2. 2. 2. 2. 1.98199999e+00
    1.94900000e+00 1.94099998e+00 1.94099998e+00 1.97099996e+00
    2.00099993e+00 2.00600004e+00 2.00900006e+00 2.00900006e+00
    2.06599998e+00 2.17600012e+00 2.20700002e+00 2.20700002e+00 0. 0. 0.
    0. 0. 0. 0. 0. 2. 2.02300000e+00 2.06100011e+00 2.06900001e+00
    2.06900001e+00 2.06900001e+00 2.06900001e+00 2.06900001e+00
    2.05500007e+00 2.01600003e+00 2. 2. 2. 2. 2. 2. 2. 2. 2.
    1.98000002e+00 1.94200003e+00 1.93200004e+00 1.93200004e+00
    1.95200002e+00 1.97099996e+00 1.97099996e+00 1.97099996e+00
    1.97099996e+00 1.96000004e+00 1.93799996e+00 1.93200004e+00
    1.93200004e+00 2.54399991e+00 0. 0. 0. 0. 0. 0. 0. 2. 2.02300000e+00
    2.06100011e+00 2.06900001e+00 2.06900001e+00 2.06900001e+00
    2.06900001e+00 2.06900001e+00 2.05500007e+00 2.01600003e+00 2. 2. 2.
    2. 2. 2. 2. 2. 2. 1.98000002e+00 1.94200003e+00 1.93200004e+00
    1.93200004e+00 1.93299997e+00 1.93400002e+00 1.93400002e+00
    1.93400002e+00 1.93400002e+00 1.93299997e+00 1.93200004e+00
    1.93200004e+00 1.93200004e+00 1.95599997e+00 2.09400010e+00 0. 0. 0.
    0. 0. 0. 2. 2.02300000e+00 2.06100011e+00 2.06900001e+00
    2.06900001e+00 2.06900001e+00 2.06900001e+00 2.06900001e+00
    2.05500007e+00 2.01600003e+00 2. 2. 2. 2. 2. 2. 2. 2. 2.
    1.98000002e+00 1.94200003e+00 1.93200004e+00 1.93200004e+00
    1.93200004e+00 1.93200004e+00 1.93200004e+00 1.93200004e+00
    1.93200004e+00 1.93200004e+00 1.93200004e+00 1.93200004e+00
    1.93200004e+00 1.91400003e+00 1.95200002e+00 2.50099993e+00
    2.88800001e+00 0. 0. 0. 0. 2.00600004e+00 2.02699995e+00
    2.06200004e+00 2.06900001e+00 2.06900001e+00 2.06900001e+00
    2.06800008e+00 2.06500006e+00 2.04999995e+00 2.01500010e+00 2. 2. 2.
    2. 2.00300002e+00 2.00600004e+00 2.00600004e+00 2.00500011e+00
    2.00099993e+00 1.98099995e+00 1.94700003e+00 1.93799996e+00
    1.93799996e+00 1.93499994e+00 1.93200004e+00 1.93200004e+00
    1.93200004e+00 1.93200004e+00 1.93200004e+00 1.93200004e+00
    1.93200004e+00 1.93200004e+00 1.89900005e+00 1.86600006e+00
    1.86600006e+00 1.86600006e+00 0. 0. 0. 0. 2.04399991e+00
    2.05200005e+00 2.06599998e+00 2.06900001e+00 2.06900001e+00
    2.06900001e+00 2.06500006e+00 2.03999996e+00 2.01999998e+00
    2.00600004e+00 2. 2. 2. 2. 2.02300000e+00 2.04399991e+00
    2.04399991e+00 2.03600001e+00 2.01099992e+00 1.99300003e+00
    1.97899997e+00 1.97500002e+00 1.97500002e+00 1.95299995e+00
    1.93200004e+00 1.93200004e+00 1.93200004e+00 1.93200004e+00
    1.93200004e+00 1.93200004e+00 1.93200004e+00 1.93200004e+00
    1.89900005e+00 1.86600006e+00 1.86600006e+00 1.86600006e+00 0. 0. 0.
    0. 2.06900001e+00 2.06900001e+00 2.06900001e+00 2.06900001e+00
    2.06900001e+00 2.06900001e+00 2.06200004e+00 2.02399993e+00 2. 2. 2.
    2. 2.00600004e+00 2.01300001e+00 2.04299998e+00 2.06900001e+00
    2.06900001e+00 2.05599999e+00 2.01699996e+00 2. 2. 2. 2.
    1.97200000e+00 1.94500005e+00 1.94500005e+00 1.94299996e+00
    1.93599999e+00 1.93200004e+00 1.93200004e+00 1.93200004e+00
    1.93200004e+00 1.90499997e+00 1.87899995e+00 1.87899995e+00
    1.87899995e+00 0. 0. 0. 0. 2.06900001e+00 2.06900001e+00
    2.06900001e+00 2.06900001e+00 2.06900001e+00 2.06900001e+00
    2.06200004e+00 2.02399993e+00 2. 2. 2. 2. 2.02200007e+00
    2.04999995e+00 2.06100011e+00 2.06900001e+00 2.06900001e+00
    2.05599999e+00 2.01699996e+00 2. 2. 2. 2. 1.99100006e+00
    1.98300004e+00 1.98300004e+00 1.97399998e+00 1.94599998e+00
    1.93200004e+00 1.93200004e+00 1.93200004e+00 1.93200004e+00
    1.92400002e+00 1.91499996e+00 1.91499996e+00 1.91499996e+00 0. 0. 0.
    0. 2.06900001e+00 2.06900001e+00 2.06900001e+00 2.06900001e+00
    2.06900001e+00 2.06900001e+00 2.06200004e+00 2.02399993e+00 2. 2. 2.
    2. 2.02900004e+00 2.06699991e+00 2.06900001e+00 2.06900001e+00
    2.06900001e+00 2.05599999e+00 2.01699996e+00 2. 2. 2. 2. 2.
    1.99899995e+00 1.98699999e+00 1.97099996e+00 1.94500005e+00
    1.93200004e+00 1.93200004e+00 1.94000006e+00 1.95099998e+00
    1.94200003e+00 1.93200004e+00 1.93200004e+00 1.93200004e+00 0. 0. 0.
    0. 2.06900001e+00 2.06900001e+00 2.06900001e+00 2.06900001e+00
    2.06900001e+00 2.06900001e+00 2.06200004e+00 2.02399993e+00 2. 2. 2.
    2. 2.02900004e+00 2.06699991e+00 2.06900001e+00 2.06900001e+00
    2.06900001e+00 2.05599999e+00 2.01699996e+00 2. 2. 2. 2. 2.
    1.99600005e+00 1.96399999e+00 1.94000006e+00 1.93499994e+00
    1.93200004e+00 1.93200004e+00 1.95500004e+00 1.98699999e+00
    1.96099997e+00 1.93200004e+00 1.93200004e+00 1.93200004e+00 0. 0. 0.
    0. 2.06900001e+00 2.06900001e+00 2.06900001e+00 2.06900001e+00
    2.06900001e+00 2.06900001e+00 2.06200004e+00 2.02399993e+00 2. 2.
    2.00900006e+00 2.02500010e+00 2.04600000e+00 2.06800008e+00
    2.06900001e+00 2.06699991e+00 2.05100012e+00 2.03299999e+00
