<?xml version="1.0"?>
<opencv_storage>
<Depth type_id="opencv-matrix">
  <rows>40</rows>
  <cols>40</cols>
  <dt>f</dt>
  <data>
    0. 0. 0. 0. 0. 0. 0. 0. 0. 0. 0. 0. 0. 0. 0. 0. 0. 0. 0. 0. 0. 0. 0.
    0. 0. 0. 0. 0. 0. 0. 0. 0. 0. 0. 0. 0. 0. 0. 0. 0. 0. 0. 0. 0. 0. 0.
    0. 0. 0. 0. 0. 0. 0. 0. 0. 0. 0. 0. 0. 0. 0. 0. 0. 0. 0. 0. 0. 0. 0.
    0. 0. 0. 0. 0. 0. 0. 0. 0. 0. 0. 0. 0. 0. 0. 0. 0. 0. 0. 0. 0. 0. 0.
    0. 0. 0. 0. 0. 0. 0. 0. 0. 0. 0. 0. 0. 0. 0. 0. 0. 0. 0. 0. 0. 0. 0.
    0. 0. 0. 0. 0. 0. 0. 0. 0. 0. 0. 0. 0. 0. 0. 0. 0. 0. 0. 0. 0. 0. 0.
    0. 0. 0. 0. 0. 0. 0. 0. 0. 0. 0. 0. 0. 0. 0. 0. 0. 0. 0. 0. 0. 0. 0.
    0. 0. 0. 0. 0. 0. 0. 0. 0. 0. 0. 0. 0. 0. 0. 0. 0. 0. 0. 0. 0. 0. 0.
    0. 0. 0. 0. 0. 0. 0. 0. 0. 0. 0. 0. 0. 0. 0. 0. 0. 0. 0. 0. 0. 0. 0.
    0. 0. 0. 0. 0. 0. 0. 0. 0. 0. 0. 0. 0. 0. 0. 0. 0. 0. 0. 0. 0. 0. 0.
    0. 0. 0. 0. 0. 0. 0. 0. 0. 0. 0. 0. 0. 0. 0. 0. 0. 0. 0. 0. 0. 0. 0.
    0. 0. 0. 0. 0. 0. 0. 0. 0. 0. 0. 0. 0. 0. 0. 0. 0. 0. 0. 0. 0. 0. 0.
    0. 0. 0. 0. 0. 0. 0. 0. 0. 0. 0. 0. 0. 0. 0. 0. 0. 0. 0. 0. 0. 0. 0.
    0. 0. 0. 0. 0. 0. 0. 0. 0. 0. 0. 0. 0. 0. 0. 0. 0. 0. 0. 0. 0. 0. 0.
    0. 0. 0. 0. 0. 0. 0. 0. 0. 0. 0. 0. 0. 0. 0. 0. 0. 0. 0. 0. 0. 0. 0.
    0. 0. 0. 0. 0. 0. 0. 0. 0. 0. 0. 0. 0. 0. 0. 0. 0. 0. 0. 0. 0. 0. 0.
    0. 0. 0. 0. 0. 0. 0. 0. 0. 0. 0. 0. 0. 0. 0. 0. 0. 0. 0. 0. 0. 0. 0.
    0. 0. 0. 0. 0. 0. 0. 0. 0. 0. 0. 0. 0. 0. 0. 0. 0. 0. 0. 0. 0. 0. 0.
    0. 0. 0. 0. 0. 0. 0. 0. 0. 0. 0. 0. 0. 0. 0. 0. 0. 0. 0. 0. 0. 0. 0.
    0. 0. 0. 0. 0. 0. 0. 0. 0. 0. 0. 1.17999995e+00 1.74899995e+00
    2.07399988e+00 2.02999997e+00 2. 2. 1.98899996e+00 1.94599998e+00
    1.91199994e+00 1.91199994e+00 1.91700006e+00 1.96000004e+00
    1.99800003e+00 1.95500004e+00 1.91299999e+00 1.91199994e+00
    1.91199994e+00 1.91199994e+00 1.91199994e+00 1.87699997e+00
    1.83500004e+00 1.79499996e+00 1.75500000e+00 1.74300003e+00 0. 0. 0.
    0. 0. 0. 0. 0. 0. 0. 0. 0. 0. 0. 0. 1.20099998e+00 1.40199995e+00
    1.83200002e+00 2.07800007e+00 2.04399991e+00 2.01699996e+00
    2.00699997e+00 1.99100006e+00 1.95799994e+00 1.93200004e+00
    1.93200004e+00 1.93599999e+00 1.96899998e+00 1.99800003e+00
    1.96500003e+00 1.93200004e+00 1.92200005e+00 1.91299999e+00
    1.91199994e+00 1.91199994e+00 1.88499999e+00 1.85200000e+00
    1.80700004e+00 1.75699997e+00 1.74300003e+00 0. 0. 0. 0. 0. 0. 0. 0.
    0. 0. 0. 0. 0. 0. 0. 1.81599998e+00 1.87800002e+00 2.01099992e+00
    2.08699989e+00 2.07399988e+00 2.05500007e+00 2.02300000e+00
    1.99699998e+00 1.98399997e+00 1.97399998e+00 1.97399998e+00
    1.97599995e+00 1.98800004e+00 1.99899995e+00 1.98699999e+00
    1.97500002e+00 1.94500005e+00 1.91499996e+00 1.91199994e+00
    1.91199994e+00 1.90199995e+00 1.88999999e+00 1.83299994e+00
    1.76300001e+00 1.74300003e+00 0. 0. 0. 0. 0. 0. 0. 0. 0. 0. 0. 0. 0.
    0. 0. 2.18600011e+00 2.16899991e+00 2.13199997e+00 2.10700011e+00
    2.09800005e+00 2.07999992e+00 2.04399991e+00 2.01500010e+00
    2.00699997e+00 2. 2. 1.99899995e+00 1.99100006e+00 1.98300004e+00
    1.98300004e+00 1.98300004e+00 1.94900000e+00 1.91499996e+00
    1.91199994e+00 1.91199994e+00 1.91199994e+00 1.91199994e+00
    1.85399997e+00 1.77999997e+00 1.75899994e+00 0. 0. 0. 0. 0. 0. 0. 0.
    0. 0. 0. 0. 0. 0. 0. 2.18600011e+00 2.17899990e+00 2.16400003e+00
    2.14299989e+00 2.11299992e+00 2.08699989e+00 2.07299995e+00
    2.05399990e+00 2.02399993e+00 2. 2. 1.99600005e+00 1.96800005e+00
    1.94099998e+00 1.94099998e+00 1.94099998e+00 1.92700005e+00
    1.91299999e+00 1.91199994e+00 1.91199994e+00 1.91199994e+00
    1.91199994e+00 1.86899996e+00 1.81500006e+00 1.79900002e+00 0. 0. 0.
    0. 0. 0. 0. 0. 0. 0. 0. 0. 0. 0. 0. 2.20199990e+00 2.20199990e+00
    2.20199990e+00 2.18300009e+00 2.13800001e+00 2.10500002e+00
    2.09699988e+00 2.07999992e+00 2.03600001e+00 2. 2. 1.99500000e+00
    1.95200002e+00 1.91199994e+00 1.91199994e+00 1.91199994e+00
    1.91900003e+00 1.92499995e+00 1.92600000e+00 1.92600000e+00
    1.92600000e+00 1.92600000e+00 1.89300001e+00 1.85200000e+00
    1.84000003e+00 0. 0. 0. 0. 0. 0. 0. 0. 0. 0. 0. 0. 0. 0. 0.
    2.24900007e+00 2.24900007e+00 2.24900007e+00 2.23000002e+00
    2.18400002e+00 2.14299989e+00 2.11400008e+00 2.07999992e+00
    2.03600001e+00 2. 2. 1.99500000e+00 1.95200002e+00 1.91199994e+00
    1.91199994e+00 1.91199994e+00 1.93900001e+00 1.96599996e+00
    1.96899998e+00 1.96899998e+00 1.96899998e+00 1.96899998e+00
    1.93599999e+00 1.89300001e+00 1.88100004e+00 0. 0. 0. 0. 0. 0. 0. 0.
    0. 0. 0. 0. 0. 0. 0. 2.28399992e+00 2.28399992e+00 2.28399992e+00
    2.26500010e+00 2.21799994e+00 2.17100000e+00 2.12599993e+00
    2.08200002e+00 2.04299998e+00 2.01200008e+00 2.01200008e+00
    2.00600004e+00 1.96399999e+00 1.92299998e+00 1.92299998e+00
    1.92299998e+00 1.96000004e+00 1.99699998e+00 2.00500011e+00
    2.01099992e+00 2.00699997e+00 2.00099993e+00 1.97099996e+00
    1.93400002e+00 1.92299998e+00 0. 0. 0. 0. 0. 0. 0. 0. 0. 0. 0. 0. 0.
    0. 0. 2.28399992e+00 2.28399992e+00 2.28399992e+00 2.26500010e+00
    2.21799994e+00 2.17100000e+00 2.12599993e+00 2.08699989e+00
    2.06999993e+00 2.05599999e+00 2.05599999e+00 2.05100012e+00
    2.00699997e+00 1.96599996e+00 1.96599996e+00 1.96599996e+00
    1.98199999e+00 1.99899995e+00 2.02500010e+00 2.05200005e+00
    2.03299999e+00 2.00600004e+00 1.98699999e+00 1.97000003e+00
    1.96599996e+00 0. 0. 0. 0. 0. 0. 0. 0. 0. 0. 0. 0. 0. 0. 0.
    2.28399992e+00 2.28200006e+00 2.27800012e+00 2.25799990e+00
    2.21499991e+00 2.17199993e+00 2.13100004e+00 2.09999990e+00
    2.09500003e+00 2.09200001e+00 2.09200001e+00 2.08699989e+00
    2.04200006e+00 2. 2. 2. 2. 2. 2.04099989e+00 2.08500004e+00
    2.05800009e+00 2.01699996e+00 2.00900006e+00 2.00900006e+00
    2.00900006e+00 0. 0. 0. 0. 0. 0. 0. 0. 0. 0. 0. 0. 0. 0. 0.
    2.28399992e+00 2.27099991e+00 2.24399996e+00 2.22000003e+00
    2.19899988e+00 2.18000007e+00 2.16000009e+00 2.13899994e+00
    2.11299992e+00 2.09200001e+00 2.09200001e+00 2.08699989e+00
    2.04200006e+00 2. 2. 2. 2. 2. 2.04099989e+00 2.08500004e+00
    2.07599998e+00 2.05699992e+00 2.05299997e+00 2.05299997e+00
    2.05299997e+00 0. 0. 0. 0. 0. 0. 0. 0. 0. 0. 0. 0. 0. 0. 0.
    2.28399992e+00 2.26200008e+00 2.21499991e+00 2.18600011e+00
    2.18600011e+00 2.18700004e+00 2.19000006e+00 2.18000007e+00
    2.13400006e+00 2.09800005e+00 2.09800005e+00 2.09200001e+00
    2.04800010e+00 2.00500011e+00 2.00500011e+00 2.00500011e+00
    2.00500011e+00 2.00500011e+00 2.04600000e+00 2.09100008e+00
    2.09500003e+00 2.09299994e+00 2.09200001e+00 2.09200001e+00
    2.09200001e+00 0. 0. 0. 0. 0. 0. 0. 0. 0. 0. 0. 0. 0. 0. 0.
    2.28399992e+00 2.26200008e+00 2.21499991e+00 2.18600011e+00
    2.18600011e+00 2.19400001e+00 2.22000003e+00 2.22700000e+00
    2.18099999e+00 2.14299989e+00 2.14299989e+00 2.13700008e+00
    2.09200001e+00 2.04999995e+00 2.04999995e+00 2.04999995e+00
    2.04999995e+00 2.04999995e+00 2.09100008e+00 2.13599992e+00
    2.12199998e+00 2.09699988e+00 2.09200001e+00 2.09200001e+00
    2.09200001e+00 0. 0. 0. 0. 0. 0. 0. 0. 0. 0. 0. 0. 0. 0. 0.
    2.28399992e+00 2.26200008e+00 2.21499991e+00 2.18600011e+00
    2.18600011e+00 2.20199990e+00 2.24900007e+00 2.27200007e+00
    2.22600007e+00 2.18899989e+00 2.18899989e+00 2.18300009e+00
    2.13899994e+00 2.09699988e+00 2.09699988e+00 2.09699988e+00
    2.09699988e+00 2.09699988e+00 2.13899994e+00 2.18400002e+00
    2.15400004e+00 2.10899997e+00 2.09999990e+00 2.09999990e+00
    2.09999990e+00 0. 0. 0. 0. 0. 0. 0. 0. 0. 0. 0. 0. 0. 0. 0.
    2.28399992e+00 2.26200008e+00 2.21499991e+00 2.18600011e+00
    2.18600011e+00 2.20199990e+00 2.24900007e+00 2.27800012e+00
    2.25500011e+00 2.23600006e+00 2.23600006e+00 2.23300004e+00
    2.21099997e+00 2.19000006e+00 2.19000006e+00 2.19000006e+00
    2.19000006e+00 2.19000006e+00 2.23300004e+00 2.27999997e+00
    2.26799989e+00 2.24600005e+00 2.24099994e+00 2.24099994e+00
    2.24099994e+00 0. 0. 0. 0. 0. 0. 0. 0. 0. 0. 0. 0. 0. 0. 0.
