<?xml version="1.0"?>
<opencv_storage>
<Depth type_id="opencv-matrix">
  <rows>40</rows>
  <cols>40</cols>
  <dt>f</dt>
  <data>
    0. 0. 0. 0. 0. 0. 0. 0. 0. 0. 0. 0. 0. 0. 0. 0. 0. 0. 0. 0. 0. 0. 0.
    0. 0. 0. 0. 0. 0. 0. 0. 0. 0. 0. 0. 0. 0. 0. 0. 0. 0. 0. 0. 0. 0. 0.
    0. 0. 0. 0. 0. 0. 0. 0. 0. 0. 0. 0. 0. 0. 0. 0. 0. 0. 0. 0. 0. 0. 0.
    0. 0. 0. 0. 0. 0. 0. 0. 0. 0. 0. 0. 0. 0. 0. 0. 0. 0. 0. 0. 0. 0. 0.
    0. 0. 0. 0. 0. 0. 0. 0. 0. 0. 0. 0. 0. 0. 0. 0. 0. 0. 0. 0. 0. 0. 0.
    0. 0. 0. 0. 0. 0. 0. 0. 0. 0. 0. 0. 0. 0. 0. 0. 0. 0. 0. 0. 0. 0. 0.
    0. 0. 0. 0. 0. 0. 0. 0. 0. 0. 0. 0. 0. 0. 0. 0. 0. 0. 0. 0. 0. 0. 0.
    0. 0. 0. 0. 0. 0. 0. 0. 0. 0. 0. 0. 0. 0. 0. 0. 0. 0. 0. 0. 0. 0. 0.
    0. 0. 0. 0. 0. 0. 0. 0. 0. 0. 0. 0. 0. 0. 0. 0. 0. 0. 0. 0. 0. 0. 0.
    0. 0. 0. 0. 0. 0. 0. 0. 0. 0. 0. 0. 0. 0. 0. 0. 0. 0. 0. 0. 0. 0. 0.
    0. 0. 0. 0. 0. 0. 0. 0. 0. 0. 0. 0. 0. 0. 0. 0. 0. 0. 0. 0. 0. 0. 0.
    0. 0. 0. 0. 0. 0. 0. 0. 0. 0. 0. 0. 0. 0. 0. 0. 0. 0. 0. 0. 0. 0. 0.
    0. 0. 0. 0. 0. 0. 0. 0. 0. 0. 0. 0. 0. 0. 0. 0. 0. 0. 0. 0. 0. 0. 0.
    0. 0. 0. 0. 0. 0. 0. 0. 0. 0. 0. 0. 0. 0. 0. 0. 0. 0. 0. 0. 0. 0. 0.
    0. 0. 0. 0. 0. 0. 0. 0. 0. 0. 0. 0. 0. 0. 0. 0. 0. 0. 0. 0. 0. 0. 0.
    0. 0. 0. 0. 0. 0. 0. 0. 0. 0. 0. 0. 0. 0. 0. 0. 0. 0. 0. 0. 0. 0. 0.
    0. 0. 0. 0. 0. 0. 0. 0. 0. 0. 0. 0. 0. 0. 0. 0. 0. 0. 0. 0. 0. 0. 0.
    0. 0. 0. 0. 0. 0. 0. 0. 0. 0. 0. 0. 0. 0. 0. 0. 0. 0. 0. 0. 0. 0. 0.
    0. 0. 0. 0. 0. 0. 0. 0. 0. 0. 0. 0. 0. 0. 0. 0. 0. 0. 0. 0. 0. 0. 0.
    0. 0. 0. 0. 0. 0. 0. 0. 0. 0. 0. 0. 0. 0. 0. 0. 0. 0. 0. 0. 0. 0. 0.
    0. 0. 0. 0. 0. 0. 0. 0. 0. 0. 0. 0. 0. 0. 0. 0. 0. 0. 0. 0. 0. 0. 0.
    0. 0. 0. 0. 0. 0. 0. 0. 0. 0. 0. 0. 0. 0. 0. 0. 0. 0. 0. 0. 0. 0. 0.
    0. 0. 0. 0. 0. 0. 0. 0. 0. 0. 0. 0. 0. 0. 0. 0. 0. 0. 0. 0. 0. 0. 0.
    0. 0. 0. 0. 0. 0. 0. 0. 0. 0. 0. 0. 0. 0. 0. 0. 0. 0. 0. 0. 0. 0. 0.
    0. 0. 0. 0. 0. 0. 0. 0. 0. 0. 0. 0. 0. 0. 0. 0. 0. 0. 0. 0. 0. 0. 0.
    0. 0. 0. 0. 0. 0. 0. 0. 0. 0. 0. 0. 0. 0. 0. 0. 0. 0. 0. 0. 0. 0. 0.
    0. 0. 2.81900001e+00 2.81800008e+00 2.81800008e+00 2.81999993e+00
    2.82100010e+00 2.82100010e+00 2.82100010e+00 2.81999993e+00
    2.81800008e+00 2.80299997e+00 2.79299998e+00 2.79299998e+00
    2.78800011e+00 2.78800011e+00 2.78900003e+00 2.79200006e+00
    2.73799992e+00 2.73000002e+00 2.74600005e+00 2.79200006e+00
    2.73799992e+00 2.70499992e+00 2.10700011e+00 2.09299994e+00
    2.09299994e+00 2.09299994e+00 2.11599994e+00 2.12400007e+00
    2.12199998e+00 2.08999991e+00 2.07800007e+00 2.07800007e+00
    2.07800007e+00 2.07800007e+00 2.21199989e+00 2.50799990e+00
    2.06200004e+00 2.06200004e+00 2.06200004e+00 2.06200004e+00
    2.79299998e+00 2.79200006e+00 2.78600001e+00 2.80100012e+00
    2.81299996e+00 2.81299996e+00 2.61899996e+00 2.60999990e+00
    2.59500003e+00 2.60299993e+00 2.60800004e+00 2.60800004e+00
    2.56299996e+00 2.55999994e+00 2.57699990e+00 2.60299993e+00
    2.16000009e+00 2.09400010e+00 2.22199988e+00 2.58800006e+00
    2.27399993e+00 2.08500004e+00 2.07399988e+00 2.07800007e+00
    2.07800007e+00 2.07800007e+00 2.09400010e+00 2.09500003e+00
    2.08999991e+00 2.08699989e+00 2.07599998e+00 2.07399988e+00
    2.07399988e+00 2.06900001e+00 2.05900002e+00 2.05100012e+00
    2.05599999e+00 2.05800009e+00 2.06100011e+00 2.05699992e+00
    2.47700000e+00 2.47399998e+00 2.46199989e+00 2.47000003e+00
    2.47700000e+00 2.47700000e+00 2.07699990e+00 2.06200004e+00
    2.06200004e+00 2.08299994e+00 2.10100007e+00 2.10299993e+00
    2.07800007e+00 2.07100010e+00 2.08899999e+00 2.09800005e+00
    2.08800006e+00 2.08699989e+00 2.08299994e+00 2.06699991e+00
    2.06200004e+00 2.05599999e+00 2.05500007e+00 2.06500006e+00
    2.07100010e+00 2.06699991e+00 2.06399989e+00 2.07100010e+00
    2.06399989e+00 2.06500006e+00 2.06699991e+00 2.06200004e+00
    2.05599999e+00 2.03299999e+00 2.01500010e+00 2.01799989e+00
    2.03099990e+00 2.03900003e+00 2.04600000e+00 2.03200006e+00
    2.09400010e+00 2.09200001e+00 2.08400011e+00 2.08400011e+00
    2.09100008e+00 2.08500004e+00 2.07699990e+00 2.06200004e+00
    2.06200004e+00 2.06599998e+00 2.07299995e+00 2.07399988e+00
    2.05200005e+00 2.05200005e+00 2.05500007e+00 2.06500006e+00
    2.06800008e+00 2.06800008e+00 2.06399989e+00 2.05200005e+00
    2.04600000e+00 2.03699994e+00 2.03600001e+00 2.04699993e+00
    2.04800010e+00 2.03900003e+00 2.03600001e+00 2.03600001e+00
    2.03600001e+00 2.03999996e+00 2.04800010e+00 2.04200006e+00
    2.02999997e+00 2.01500010e+00 2.00500011e+00 2.00900006e+00
    2.01799989e+00 2.01999998e+00 2.01200008e+00 1.99600005e+00
    2.09400010e+00 2.07800007e+00 2.06500006e+00 2.06500006e+00
    2.06699991e+00 2.06500006e+00 2.06500006e+00 2.06200004e+00
    2.06200004e+00 2.06200004e+00 2.05200005e+00 2.04900002e+00
    2.04600000e+00 2.04600000e+00 2.04600000e+00 2.04800010e+00
    2.04900002e+00 2.04800010e+00 2.03500009e+00 2.02800012e+00
    2.01900005e+00 2.01799989e+00 2.01799989e+00 2.03299999e+00
    2.03200006e+00 2.02399993e+00 2.01799989e+00 2.01799989e+00
    2.01900005e+00 2.03099990e+00 2.02699995e+00 2.01799989e+00
    2.01600003e+00 2.01500010e+00 2. 2.00500011e+00 2.01500010e+00
    2.01500010e+00 2.00200009e+00 1.98500001e+00 2.06200004e+00
    2.05900002e+00 2.04600000e+00 2.04600000e+00 2.04600000e+00
    2.04600000e+00 2.04600000e+00 2.04600000e+00 2.04600000e+00
    2.03600001e+00 2.02999997e+00 2.01500010e+00 2.01500010e+00
    2.01999998e+00 2.02999997e+00 2.02999997e+00 2.02999997e+00
    2.02900004e+00 2.01500010e+00 2.00900006e+00 2. 2. 2. 2.
    2.00500011e+00 2.01500010e+00 2.01500010e+00 2.01500010e+00
    2.01600003e+00 2.02999997e+00 2.02399993e+00 2.01500010e+00
    2.01500010e+00 2.01500010e+00 2.01500010e+00 2.01500010e+00
    2.01500010e+00 2.01500010e+00 2.00200009e+00 1.98500001e+00
    2.02699995e+00 2.02500010e+00 2.01500010e+00 2.02300000e+00
    2.04200006e+00 2.04600000e+00 2.04200006e+00 2.02999997e+00
    2.02999997e+00 2.02999997e+00 2.01799989e+00 2.01500010e+00
    2.01500010e+00 2.01500010e+00 2.01500010e+00 2.01500010e+00
    2.01500010e+00 2.01500010e+00 2.01099992e+00 2. 2. 2. 2.
    2.00300002e+00 2.00799990e+00 2.01799989e+00 2.01799989e+00
    2.03099990e+00 2.03299999e+00 2.03299999e+00 2.03299999e+00
    2.02399993e+00 2.01799989e+00 2.01799989e+00 2.02999997e+00
    2.02600002e+00 2.01799989e+00 2.01799989e+00 2.00500011e+00
    2.00200009e+00 2.00999999e+00 2.00999999e+00 2.01200008e+00
    2.02300000e+00 2.04200006e+00 2.04600000e+00 2.02999997e+00
    2.02999997e+00 2.02999997e+00 2.02999997e+00 2.01799989e+00
    2.01500010e+00 2.01500010e+00 2.01500010e+00 2.01500010e+00
    2.01500010e+00 2.01500010e+00 2.01999998e+00 2.01699996e+00
    2.00500011e+00 2.00500011e+00 2.00500011e+00 2.00500011e+00
    2.01999998e+00 2.02399993e+00 2.03299999e+00 2.03600001e+00
    2.04999995e+00 2.05200005e+00 2.05200005e+00 2.05200005e+00
    2.04200006e+00 2.03600001e+00 2.03600001e+00 2.02999997e+00
    2.02999997e+00 2.02999997e+00 2.02999997e+00 2.02200007e+00
    2.01399994e+00 2. 2. 1.56599998e+00 0. 0. 1.92200005e+00
    2.02999997e+00 2.02999997e+00 2.02999997e+00 2.02999997e+00
    2.02399993e+00 2.01500010e+00 2.01500010e+00 2.01500010e+00
    2.01500010e+00 2.01500010e+00 2.02200007e+00 2.02999997e+00
    2.02800012e+00 2.02300000e+00 2.02300000e+00 2.02300000e+00
    2.02300000e+00 2.02999997e+00 2.02999997e+00 2.03800011e+00
    2.04600000e+00 2.05999994e+00 2.06200004e+00 2.06200004e+00
    2.06200004e+00 2.05800009e+00 2.04800010e+00 2.03800011e+00
    2.02999997e+00 2.02999997e+00 2.02999997e+00 2.02999997e+00
    2.02999997e+00 2.01500010e+00 0. 0. 0. 0. 0. 0. 0. 2.02999997e+00
    2.02999997e+00 2.02999997e+00 2.02999997e+00 2.02600002e+00
    2.02399993e+00 2.01500010e+00 2.02099991e+00 2.02600002e+00
    2.02999997e+00 2.02999997e+00 2.02999997e+00 2.02999997e+00
    2.02999997e+00 2.02999997e+00 2.02999997e+00 2.02999997e+00
    2.02999997e+00 2.03800011e+00 2.04600000e+00 2.05999994e+00
