<?xml version="1.0"?>
<opencv_storage>
<Depth type_id="opencv-matrix">
  <rows>40</rows>
  <cols>40</cols>
  <dt>f</dt>
  <data>
    0. 0. 0. 0. 0. 0. 0. 0. 0. 0. 0. 0. 0. 0. 0. 0. 0. 0. 0. 0. 0. 0. 0.
    0. 0. 0. 0. 0. 0. 0. 0. 0. 0. 0. 0. 0. 0. 0. 0. 0. 0. 0. 0. 0. 0. 0.
    0. 0. 0. 0. 0. 0. 0. 0. 0. 0. 0. 0. 0. 0. 0. 0. 0. 0. 0. 0. 0. 0. 0.
    0. 0. 0. 0. 0. 0. 0. 0. 0. 0. 0. 0. 0. 0. 0. 0. 0. 0. 0. 0. 0. 0. 0.
    0. 0. 0. 0. 0. 0. 0. 0. 0. 0. 0. 0. 0. 0. 0. 0. 0. 0. 0. 0. 0. 0. 0.
    0. 0. 0. 0. 0. 0. 0. 0. 0. 0. 0. 0. 0. 0. 0. 0. 0. 0. 0. 0. 0. 0. 0.
    0. 0. 0. 0. 0. 0. 0. 0. 0. 0. 0. 0. 0. 0. 0. 0. 0. 0. 0. 0. 0. 0. 0.
    0. 0. 0. 0. 0. 0. 0. 0. 0. 0. 0. 0. 0. 0. 0. 0. 0. 0. 0. 0. 0. 0. 0.
    0. 0. 0. 0. 0. 0. 0. 0. 0. 0. 0. 0. 0. 0. 0. 0. 0. 0. 0. 0. 0. 0. 0.
    0. 0. 0. 0. 0. 0. 0. 0. 0. 0. 0. 0. 0. 0. 0. 0. 0. 0. 0. 0. 0. 0. 0.
    0. 0. 0. 0. 0. 0. 0. 0. 0. 0. 0. 0. 0. 0. 0. 0. 0. 0. 0. 0. 0. 0. 0.
    0. 0. 0. 0. 0. 0. 0. 0. 0. 0. 0. 0. 0. 0. 0. 0. 0. 0. 0. 0. 0. 0. 0.
    0. 0. 0. 0. 0. 0. 0. 0. 0. 0. 0. 0. 0. 0. 0. 2.17499995e+00
    2.18000007e+00 2.24399996e+00 2.30800009e+00 2.34500003e+00
    2.28099990e+00 2.21600008e+00 2.15300012e+00 2.09200001e+00
    2.02999997e+00 2. 2. 2. 2. 2. 2. 2. 0. 0. 0. 0. 0. 0. 0. 0. 0. 0. 0.
    0. 0. 0. 0. 0. 0. 0. 0. 0. 0. 0. 0. 2.17499995e+00 2.18000007e+00
    2.24399996e+00 2.30800009e+00 2.34500003e+00 2.28099990e+00
    2.21600008e+00 2.15300012e+00 2.09200001e+00 2.02999997e+00 2. 2. 2.
    2. 2. 2. 2. 0. 0. 0. 0. 0. 0. 0. 0. 0. 0. 0. 0. 0. 0. 0. 0. 0. 0. 0.
    0. 0. 0. 0. 2.17499995e+00 2.18000007e+00 2.24399996e+00
    2.30800009e+00 2.34500003e+00 2.28099990e+00 2.21600008e+00
    2.15300012e+00 2.09200001e+00 2.02999997e+00 2. 2. 2. 2. 2. 2. 2. 0.
    0. 0. 0. 0. 0. 0. 0. 0. 0. 0. 0. 0. 0. 0. 0. 0. 0. 0. 0. 0. 0. 0.
    2.17499995e+00 2.18000007e+00 2.24399996e+00 2.30800009e+00
    2.34500003e+00 2.28099990e+00 2.21600008e+00 2.15300012e+00
    2.09200001e+00 2.02999997e+00 2. 2. 2. 2. 2. 2. 2. 0. 0. 0. 0. 0. 0.
    0. 0. 0. 0. 0. 0. 0. 0. 0. 0. 0. 0. 0. 0. 0. 0. 0. 2.17499995e+00
    2.17899990e+00 2.23900008e+00 2.29800010e+00 2.33100009e+00
    2.26699996e+00 2.20300007e+00 2.14100003e+00 2.08500004e+00
    2.02800012e+00 2. 2. 2. 1.99699998e+00 1.99300003e+00 1.98800004e+00
    1.98699999e+00 0. 0. 0. 0. 0. 0. 0. 0. 0. 0. 0. 0. 0. 0. 0. 0. 0. 0.
    0. 0. 0. 0. 0. 2.17499995e+00 2.17799997e+00 2.21499991e+00
    2.25200009e+00 2.26699996e+00 2.20400000e+00 2.14100003e+00
    2.08800006e+00 2.05299997e+00 2.01699996e+00 2. 2. 2. 1.98399997e+00
    1.95899999e+00 1.93400002e+00 1.92799997e+00 0. 0. 0. 0. 0. 0. 0. 0.
    0. 0. 0. 0. 0. 0. 0. 0. 0. 0. 0. 0. 0. 0. 0. 2.17499995e+00
    2.17600012e+00 2.19000006e+00 2.20499992e+00 2.20300007e+00
    2.14100003e+00 2.07900000e+00 2.03399992e+00 2.02099991e+00
    2.00699997e+00 2. 2. 2. 1.97000003e+00 1.92499995e+00 1.87899995e+00
    1.87000000e+00 0. 0. 0. 0. 0. 0. 0. 0. 0. 0. 0. 0. 0. 0. 0. 0. 0. 0.
    0. 0. 0. 0. 0. 2.17499995e+00 2.17499995e+00 2.17499995e+00
    2.17499995e+00 2.16199994e+00 2.09999990e+00 2.03900003e+00 2. 2. 2.
    2. 2. 2. 1.96200001e+00 1.90300000e+00 1.84399998e+00 1.83200002e+00
    0. 0. 0. 0. 0. 0. 0. 0. 0. 0. 0. 0. 0. 0. 0. 0. 0. 0. 0. 0. 0. 0. 0.
    2.17499995e+00 2.17499995e+00 2.17499995e+00 2.17499995e+00
    2.16199994e+00 2.09999990e+00 2.03900003e+00 2. 2. 2. 2. 2. 2.
    1.96200001e+00 1.90300000e+00 1.84399998e+00 1.83200002e+00 0. 0. 0.
    0. 0. 0. 0. 0. 0. 0. 0. 0. 0. 0. 0. 0. 0. 0. 0. 0. 0. 0. 0.
    2.17499995e+00 2.17499995e+00 2.17499995e+00 2.17499995e+00
    2.16199994e+00 2.09999990e+00 2.03900003e+00 2. 2. 2. 2. 2. 2.
    1.96200001e+00 1.90300000e+00 1.84399998e+00 1.83200002e+00 0. 0. 0.
    0. 0. 0. 0. 0. 0. 0. 0. 0. 0. 0. 0. 0. 0. 0. 0. 0. 0. 0. 0.
    2.14400005e+00 2.14499998e+00 2.15599990e+00 2.16700006e+00
    2.16199994e+00 2.09999990e+00 2.03900003e+00 2. 2. 2. 1.99500000e+00
    1.98399997e+00 1.97399998e+00 1.93900001e+00 1.89100003e+00
    1.84200001e+00 1.83200002e+00 0. 0. 0. 0. 0. 0. 0. 0. 0. 0. 0. 0. 0.
    0. 0. 0. 0. 0. 0. 0. 0. 0. 0. 2.08299994e+00 2.08500004e+00
    2.11700010e+00 2.15000010e+00 2.16199994e+00 2.09999990e+00
    2.03900003e+00 2. 2. 2. 1.98399997e+00 1.95299995e+00 1.92200005e+00
    1.89400005e+00 1.86600006e+00 1.83800006e+00 1.83200002e+00 0. 0. 0.
    0. 0. 0. 0. 0. 0. 0. 0. 0. 0. 0. 0. 0. 0. 0. 0. 0. 0. 0. 0.
    2.02200007e+00 2.02500010e+00 2.07900000e+00 2.13299990e+00
    2.16199994e+00 2.09999990e+00 2.03900003e+00 2. 2. 2. 1.97399998e+00
    1.92200005e+00 1.87100005e+00 1.84800005e+00 1.84099996e+00
    1.83399999e+00 1.83200002e+00 0. 0. 0. 0. 0. 0. 0. 0. 0. 0. 0. 0. 0.
    0. 0. 0. 0. 0. 0. 0. 0. 0. 0. 2. 2.00300002e+00 2.05100012e+00
    2.09800005e+00 2.12500000e+00 2.07800007e+00 2.02999997e+00 2. 2. 2.
    1.97000003e+00 1.91199994e+00 1.85300004e+00 1.83200002e+00
    1.83200002e+00 1.83200002e+00 1.83200002e+00 0. 0. 0. 0. 0. 0. 0. 0.
    0. 0. 0. 0. 0. 0. 0. 0. 0. 0. 0. 0. 0. 0. 0. 2. 2.00200009e+00
    2.02800012e+00 2.05399990e+00 2.06800008e+00 2.04299998e+00
    2.01699996e+00 2. 2. 2. 1.97000003e+00 1.91199994e+00 1.85300004e+00
    1.83200002e+00 1.83200002e+00 1.83200002e+00 1.83200002e+00 0. 0. 0.
    0. 0. 0. 0. 0. 0. 0. 0. 0. 0. 0. 0. 0. 0. 0. 0. 0. 0. 0. 0. 2. 2.
    2.00500011e+00 2.00900006e+00 2.01200008e+00 2.00699997e+00
    2.00300002e+00 2. 2. 2. 1.97000003e+00 1.91199994e+00 1.85300004e+00
    1.83200002e+00 1.83200002e+00 1.83200002e+00 1.83200002e+00 0. 0. 0.
    0. 0. 0. 0. 0. 0. 0. 0. 0. 0. 0. 0. 0. 0. 0. 0. 0. 0. 0. 0. 2. 2. 2.
    2. 2. 2. 2. 2. 2. 2. 1.97000003e+00 1.91199994e+00 1.85300004e+00
    1.82200003e+00 1.80599999e+00 1.79100001e+00 1.78799999e+00 0. 0. 0.
    0. 0. 0. 0. 0. 0. 0. 0. 0. 0. 0. 0. 0. 0. 0. 0. 0. 0. 0. 0. 2. 2. 2.
    2. 2. 2. 2. 2. 2. 2. 1.97000003e+00 1.91199994e+00 1.85300004e+00
    1.80900002e+00 1.77400005e+00 1.73899996e+00 1.73199999e+00 0. 0. 0.
    0. 0. 0. 0. 0. 0. 0. 0. 0. 0. 0. 0. 0. 0. 0. 0. 0. 0. 0. 0. 2. 2. 2.
    2. 2. 2. 2. 2. 2. 2. 1.97000003e+00 1.91199994e+00 1.85300004e+00
    1.79700005e+00 1.74199998e+00 1.68700004e+00 1.67600000e+00 0. 0. 0.
    0. 0. 0. 0. 0. 0. 0. 0. 0. 0. 0. 0. 0. 0. 0. 0. 0. 0. 0. 0.
    2.05699992e+00 2.05599999e+00 2.03600001e+00 2.01600003e+00 2. 2. 2.
    2. 2. 2. 1.96099997e+00 1.88399994e+00 1.80700004e+00 1.73300004e+00
    1.65999997e+00 1.58800006e+00 1.57299995e+00 0. 0. 0. 0. 0. 0. 0. 0.
    0. 0. 0. 0. 0. 0. 0. 0. 0. 0. 0. 0. 0. 0. 0. 2.11899996e+00
    2.11599994e+00 2.07399988e+00 2.03299999e+00 2. 2. 2. 2. 2. 2.
    1.95099998e+00 1.85399997e+00 1.75800002e+00 1.66499996e+00
    1.57599998e+00 1.48599994e+00 1.46700001e+00 0. 0. 0. 0. 0. 0. 0. 0.
    0. 0. 0. 0. 0. 0. 0. 0. 0. 0. 0. 0. 0. 0. 0. 2.18000007e+00
    2.17600012e+00 2.11299992e+00 2.04900002e+00 2. 2. 2. 1.99899995e+00
    1.99800003e+00 1.99600005e+00 1.93799996e+00 1.82299995e+00
    1.70799994e+00 1.60000002e+00 1.49600005e+00 1.39199996e+00
    1.37000000e+00 0. 0. 0. 0. 0. 0. 0. 0. 0. 0. 0. 0. 0. 0. 0. 0. 0. 0.
    0. 0. 0. 0. 0. 2.24499989e+00 2.23799992e+00 2.15300012e+00
    2.06699991e+00 2. 2. 2. 1.99199998e+00 1.97000003e+00 1.94799995e+00
    1.88000000e+00 1.76699996e+00 1.65400004e+00 1.55900002e+00
    1.47300005e+00 1.38800001e+00 1.37000000e+00 0. 0. 0. 0. 0. 0. 0. 0.
    0. 0. 0. 0. 0. 0. 0. 0. 0. 0. 0. 0. 0. 0. 0. 2.30900002e+00
    2.30100012e+00 2.19300008e+00 2.08500004e+00 2. 2. 2. 1.98500001e+00
    1.94200003e+00 1.89900005e+00 1.82200003e+00 1.71000004e+00
    1.59899998e+00 1.51699996e+00 1.45000005e+00 1.38399994e+00
    1.37000000e+00 0. 0. 0. 0. 0. 0. 0. 0. 0. 0. 0. 0. 0. 0. 0. 0. 0. 0.
    0. 0. 0. 0. 0. 2.35899997e+00 2.34999990e+00 2.22399998e+00
    2.09899998e+00 2. 2. 2. 1.97899997e+00 1.91999996e+00 1.86099994e+00
    1.77699995e+00 1.66700006e+00 1.55700004e+00 1.48399997e+00
    1.43299997e+00 1.38100004e+00 1.37000000e+00 0. 0. 0. 0. 0. 0. 0. 0.
