<?xml version="1.0"?>
<opencv_storage>
<Depth type_id="opencv-matrix">
  <rows>40</rows>
  <cols>40</cols>
  <dt>f</dt>
  <data>
    0. 0. 0. 0. 0. 0. 0. 0. 0. 0. 0. 0. 0. 0. 0. 0. 0. 0. 0. 0. 0. 0. 0.
    0. 0. 0. 0. 0. 0. 0. 0. 0. 0. 0. 0. 0. 0. 0. 0. 0. 0. 0. 0. 0. 0. 0.
    0. 0. 0. 0. 0. 0. 0. 0. 0. 0. 0. 0. 0. 0. 0. 0. 0. 0. 0. 0. 0. 0. 0.
    0. 0. 0. 0. 0. 0. 0. 0. 0. 0. 0. 0. 0. 0. 0. 0. 0. 0. 0. 0. 0. 0. 0.
    0. 0. 0. 0. 0. 0. 0. 0. 0. 0. 0. 0. 0. 0. 0. 0. 0. 0. 0. 0. 0. 0. 0.
    0. 0. 0. 0. 0. 0. 0. 0. 0. 0. 0. 0. 0. 0. 0. 0. 0. 0. 0. 0. 0. 0. 0.
    0. 0. 0. 0. 0. 0. 0. 0. 0. 0. 0. 0. 0. 0. 0. 0. 0. 0. 0. 0. 0. 0. 0.
    0. 0. 0. 0. 0. 0. 0. 0. 0. 0. 0. 0. 0. 0. 0. 0. 0. 0. 0. 0. 0. 0. 0.
    0. 0. 0. 0. 0. 0. 0. 0. 0. 0. 0. 0. 0. 0. 0. 0. 0. 0. 0. 0. 0. 0. 0.
    0. 0. 0. 0. 0. 0. 0. 0. 0. 0. 0. 0. 0. 0. 0. 0. 0. 0. 0. 0. 0. 0. 0.
    0. 0. 0. 0. 0. 0. 0. 0. 0. 0. 0. 0. 0. 0. 0. 0. 0. 0. 0. 0. 0. 0. 0.
    0. 0. 0. 0. 0. 0. 0. 0. 0. 0. 0. 0. 0. 0. 0. 0. 0. 0. 0. 0. 0. 0. 0.
    0. 0. 0. 0. 0. 0. 0. 0. 0. 0. 0. 0. 0. 0. 0. 0. 0. 0. 0. 0. 0. 0. 0.
    0. 0. 0. 0. 0. 0. 0. 0. 0. 0. 0. 0. 0. 0. 0. 0. 0. 0. 0. 0. 0. 0. 0.
    0. 0. 0. 0. 0. 0. 0. 0. 0. 0. 0. 0. 0. 0. 0. 0. 0. 0. 0. 0. 0. 0. 0.
    0. 0. 0. 0. 0. 0. 0. 0. 0. 0. 0. 0. 0. 0. 0. 0. 0. 0. 0. 0. 0. 0. 0.
    0. 0. 0. 0. 0. 0. 0. 0. 0. 0. 0. 0. 0. 0. 0. 0. 0. 0. 0. 0. 0. 0. 0.
    0. 0. 0. 0. 0. 0. 0. 0. 0. 0. 0. 0. 0. 0. 0. 0. 0. 0. 0. 0. 0. 0. 0.
    0. 0. 0. 0. 0. 0. 0. 0. 0. 0. 0. 0. 0. 0. 0. 0. 0. 0. 0. 0. 0. 0. 0.
    0. 0. 0. 0. 0. 0. 0. 0. 0. 0. 0. 0. 0. 0. 0. 0. 0. 0. 0. 0. 0. 0. 0.
    0. 0. 0. 0. 0. 0. 0. 0. 0. 0. 0. 0. 0. 0. 0. 0. 0. 0. 0. 0. 0. 0. 0.
    0. 0. 0. 0. 0. 0. 0. 0. 0. 0. 0. 0. 1.77900004e+00 1.77900004e+00
    1.77900004e+00 1.77900004e+00 1.77900004e+00 1.77900004e+00
    1.77900004e+00 1.82700002e+00 1.97099996e+00 2.11599994e+00
    2.11599994e+00 2.11599994e+00 2.11599994e+00 2.11599994e+00
    2.13299990e+00 2.18600011e+00 2.23799992e+00 2.23799992e+00 0. 0. 0.
    0. 0. 0. 0. 0. 0. 0. 0. 0. 0. 0. 0. 0. 0. 0. 0. 0. 0. 0.
    1.77900004e+00 1.77900004e+00 1.77900004e+00 1.78600001e+00
    1.79200006e+00 1.79400003e+00 1.79400003e+00 1.83800006e+00
    1.96800005e+00 2.09899998e+00 2.10700011e+00 2.11400008e+00
    2.11599994e+00 2.11599994e+00 2.12800002e+00 2.16599989e+00
    2.20400000e+00 2.20400000e+00 0. 0. 0. 0. 0. 0. 0. 0. 0. 0. 0. 0. 0.
    0. 0. 0. 0. 0. 0. 0. 0. 1.11300004e+00 1.77900004e+00 1.77900004e+00
    1.77900004e+00 1.80499995e+00 1.83200002e+00 1.84099996e+00
    1.84099996e+00 1.87000000e+00 1.96000004e+00 2.04900002e+00
    2.07800007e+00 2.10599995e+00 2.11599994e+00 2.11599994e+00
    2.11400008e+00 2.10800004e+00 2.10200000e+00 2.10200000e+00 0. 0. 0.
    0. 0. 0. 0. 0. 0. 0. 0. 0. 0. 0. 0. 0. 0. 0. 0. 1.30599999e+00
    2.10599995e+00 1.90999997e+00 1.77900004e+00 1.77900004e+00
    1.77900004e+00 1.82500005e+00 1.87100005e+00 1.88699996e+00
    1.88699996e+00 1.90300000e+00 1.95099998e+00 2. 2.04999995e+00
    2.09899998e+00 2.11599994e+00 2.11599994e+00 2.09999990e+00
    2.04999995e+00 2. 2. 0. 0. 0. 0. 0. 0. 0. 0. 0. 0. 0. 0. 0. 0. 0. 0.
    0. 0. 0. 1.62600005e+00 2.06100011e+00 1.94900000e+00 1.87399995e+00
    1.87399995e+00 1.87399995e+00 1.87899995e+00 1.88499999e+00
    1.88699996e+00 1.88699996e+00 1.90300000e+00 1.95099998e+00 2.
    2.02800012e+00 2.05699992e+00 2.06599998e+00 2.06599998e+00
    2.05699992e+00 2.02900004e+00 2. 2. 0. 0. 0. 0. 0. 0. 0. 0. 0. 0. 0.
    0. 0. 0. 0. 0. 0. 1.41299999e+00 1.67999995e+00 1.94500005e+00
    2.01500010e+00 1.98699999e+00 1.96800005e+00 1.96800005e+00
    1.96800005e+00 1.93400002e+00 1.89900005e+00 1.88699996e+00
    1.88699996e+00 1.90300000e+00 1.95099998e+00 2. 2.00699997e+00
    2.01399994e+00 2.01699996e+00 2.01699996e+00 2.01399994e+00
    2.00699997e+00 2. 2. 0. 0. 0. 0. 0. 0. 0. 0. 0. 0. 0. 0. 0. 0. 0. 0.
    0. 2.22600007e+00 2.11599994e+00 2.00500011e+00 1.97700000e+00
    1.99100006e+00 2. 2. 2. 1.96500003e+00 1.93099999e+00 1.90999997e+00
    1.89600003e+00 1.89800000e+00 1.93299997e+00 1.96800005e+00
    1.98199999e+00 1.99500000e+00 2. 2. 2. 2. 2. 2. 0. 0. 0. 0. 0. 0. 0.
    0. 0. 0. 0. 0. 0. 0. 0. 0. 1.21099997e+00 2.02300000e+00
    1.97899997e+00 1.93400002e+00 1.94200003e+00 1.97700000e+00 2. 2. 2.
    1.98599994e+00 1.97200000e+00 1.94500005e+00 1.90999997e+00
    1.89199996e+00 1.90499997e+00 1.91900003e+00 1.95400000e+00
    1.98800004e+00 2. 2. 2. 2. 2. 2. 0. 0. 0. 0. 0. 0. 0. 0. 0. 0. 0. 0.
    0. 0. 1.88699996e+00 1.88499999e+00 1.87800002e+00 1.87199998e+00
    1.87199998e+00 1.87199998e+00 1.90400004e+00 1.95200002e+00
    1.98599994e+00 1.99300003e+00 2. 1.99300003e+00 1.98599994e+00
    1.95599997e+00 1.91499996e+00 1.88699996e+00 1.88699996e+00
    1.88699996e+00 1.92799997e+00 1.97000003e+00 1.98800004e+00
    1.99500000e+00 2. 2. 2. 2. 0. 0. 0. 0. 0. 0. 0. 0. 0. 0. 0. 0. 0. 0.
    1.88699996e+00 1.87800002e+00 1.85200000e+00 1.82500005e+00
    1.82500005e+00 1.82500005e+00 1.85699999e+00 1.90400004e+00
    1.94500005e+00 1.97200000e+00 2. 1.97200000e+00 1.94500005e+00
    1.92200005e+00 1.90100002e+00 1.88699996e+00 1.88699996e+00
    1.88699996e+00 1.90799999e+00 1.92900002e+00 1.95400000e+00
    1.98099995e+00 2. 2. 2. 2. 0. 0. 0. 0. 0. 0. 0. 0. 0. 0. 0. 0. 0. 0.
    1.88699996e+00 1.87199998e+00 1.82500005e+00 1.77900004e+00
    1.77900004e+00 1.77900004e+00 1.80999994e+00 1.85599995e+00
    1.90300000e+00 1.95200002e+00 2. 1.95200002e+00 1.90300000e+00
    1.88699996e+00 1.88699996e+00 1.88699996e+00 1.88699996e+00
    1.88699996e+00 1.88699996e+00 1.88699996e+00 1.91900003e+00
    1.96800005e+00 2. 2. 2. 2. 0. 0. 0. 0. 0. 0. 0. 0. 0. 0. 0. 0. 0. 0.
    1.84099996e+00 1.83200002e+00 1.80499995e+00 1.77900004e+00
    1.77900004e+00 1.77900004e+00 1.80999994e+00 1.85599995e+00
    1.90300000e+00 1.95099998e+00 2. 1.95200002e+00 1.90300000e+00
    1.88699996e+00 1.88699996e+00 1.88699996e+00 1.88699996e+00
    1.88699996e+00 1.88699996e+00 1.88699996e+00 1.90499997e+00
    1.93299997e+00 1.95200002e+00 1.95200002e+00 1.95200002e+00
    1.95200002e+00 0. 0. 0. 0. 0. 0. 0. 0. 0. 0. 0. 0. 0. 0.
    1.79499996e+00 1.79200006e+00 1.78600001e+00 1.77900004e+00
    1.77900004e+00 1.77900004e+00 1.80999994e+00 1.85599995e+00
    1.90300000e+00 1.95099998e+00 2. 1.95200002e+00 1.90300000e+00
    1.88699996e+00 1.88699996e+00 1.88699996e+00 1.88699996e+00
    1.88699996e+00 1.88699996e+00 1.88699996e+00 1.89199996e+00
    1.89900005e+00 1.90300000e+00 1.90300000e+00 1.90300000e+00
    1.90300000e+00 0. 0. 0. 0. 0. 0. 0. 0. 0. 0. 0. 0. 0. 0.
    1.77900004e+00 1.77499998e+00 1.76199996e+00 1.74899995e+00
    1.74899995e+00 1.74899995e+00 1.78799999e+00 1.84800005e+00
    1.89800000e+00 1.93299997e+00 1.96800005e+00 1.93299997e+00
    1.89900005e+00 1.88699996e+00 1.88699996e+00 1.88300002e+00
    1.86899996e+00 1.85599995e+00 1.85599995e+00 1.85599995e+00
    1.86500001e+00 1.87800002e+00 1.88699996e+00 1.88699996e+00
    1.88699996e+00 1.88699996e+00 0. 0. 0. 0. 0. 0. 0. 0. 0. 0. 0. 0. 0.
    0. 1.77900004e+00 1.76800001e+00 1.73599994e+00 1.70400000e+00
    1.70400000e+00 1.70400000e+00 1.75600004e+00 1.83500004e+00
    1.89199996e+00 1.90499997e+00 1.91900003e+00 1.90600002e+00
    1.89199996e+00 1.88699996e+00 1.88699996e+00 1.87600005e+00
    1.84300005e+00 1.80999994e+00 1.80999994e+00 1.80999994e+00
    1.83200002e+00 1.86500001e+00 1.88699996e+00 1.88699996e+00
    1.88699996e+00 1.88699996e+00 0. 0. 0. 0. 0. 0. 0. 0. 0. 0. 0. 0. 0.
    0. 1.77900004e+00 1.76400006e+00 1.71899998e+00 1.67400002e+00
    1.67400002e+00 1.67400002e+00 1.73500001e+00 1.82599998e+00
    1.88699996e+00 1.88699996e+00 1.88699996e+00 1.88699996e+00
    1.88699996e+00 1.88699996e+00 1.88699996e+00 1.87199998e+00
    1.82500005e+00 1.77900004e+00 1.77900004e+00 1.77900004e+00
    1.80999994e+00 1.85599995e+00 1.88699996e+00 1.88699996e+00
    1.88699996e+00 1.88699996e+00 0. 0. 0. 0. 0. 0. 0. 0. 0. 0. 0. 0. 0.
