<?xml version="1.0"?>
<opencv_storage>
<Depth type_id="opencv-matrix">
  <rows>40</rows>
  <cols>40</cols>
  <dt>f</dt>
  <data>
    0. 0. 0. 0. 0. 0. 0. 0. 0. 0. 0. 0. 0. 0. 0. 0. 0. 0. 0. 0. 0. 0. 0.
    0. 0. 0. 0. 0. 0. 0. 0. 0. 0. 0. 0. 0. 0. 0. 0. 0. 0. 0. 0. 0. 0. 0.
    0. 0. 0. 0. 0. 0. 0. 0. 0. 0. 0. 0. 0. 0. 0. 0. 0. 0. 0. 0. 0. 0. 0.
    0. 0. 0. 0. 0. 0. 0. 0. 0. 0. 0. 0. 0. 0. 0. 0. 0. 0. 0. 0. 0. 0. 0.
    0. 0. 0. 0. 0. 0. 0. 0. 0. 0. 0. 0. 0. 0. 0. 0. 0. 0. 0. 0. 0. 0. 0.
    0. 0. 0. 0. 0. 0. 0. 0. 0. 0. 0. 0. 0. 0. 0. 0. 0. 0. 0. 0. 0. 0. 0.
    0. 0. 0. 0. 0. 0. 0. 0. 0. 0. 0. 0. 0. 0. 0. 0. 0. 0. 0. 0. 0. 0. 0.
    0. 0. 0. 0. 0. 0. 0. 0. 0. 0. 0. 0. 0. 0. 0. 0. 0. 0. 0. 0. 0. 0. 0.
    0. 0. 0. 0. 0. 0. 0. 0. 0. 0. 0. 0. 0. 0. 0. 0. 0. 0. 0. 0. 0. 0. 0.
    0. 0. 0. 1.62600005e+00 1.66700006e+00 1.72700000e+00 1.72700000e+00
    1.71700001e+00 1.68599999e+00 1.67600000e+00 1.67600000e+00
    1.67600000e+00 1.67600000e+00 1.67600000e+00 1.67600000e+00
    1.67799997e+00 1.77199996e+00 1.85599995e+00 1.92200005e+00 0. 0. 0.
    0. 0. 0. 0. 0. 0. 0. 0. 0. 0. 0. 0. 0. 0. 0. 0. 0. 0. 0. 0. 0.
    1.66700006e+00 1.69099998e+00 1.72700000e+00 1.72700000e+00
    1.71700001e+00 1.68599999e+00 1.67600000e+00 1.67600000e+00
    1.67600000e+00 1.67600000e+00 1.67600000e+00 1.67600000e+00
    1.67799997e+00 1.77199996e+00 1.85099995e+00 1.90300000e+00
    1.09200001e+00 0. 0. 0. 0. 0. 0. 0. 0. 0. 0. 0. 0. 0. 0. 0. 0. 0. 0.
    0. 0. 0. 0. 0. 1.72700000e+00 1.72700000e+00 1.72700000e+00
    1.72700000e+00 1.71700001e+00 1.68599999e+00 1.67600000e+00
    1.67600000e+00 1.67600000e+00 1.67600000e+00 1.67600000e+00
    1.67600000e+00 1.67799997e+00 1.77199996e+00 1.84399998e+00
    1.87600005e+00 1.90900004e+00 1.94200003e+00 1.94200003e+00
    1.94200003e+00 0. 0. 0. 0. 0. 0. 0. 0. 0. 0. 0. 0. 0. 0. 0. 0. 0. 0.
    0. 0. 1.78999996e+00 1.77699995e+00 1.75800002e+00 1.73899996e+00
    1.71700001e+00 1.68599999e+00 1.67600000e+00 1.67600000e+00
    1.67600000e+00 1.67600000e+00 1.67600000e+00 1.70099998e+00
    1.73899996e+00 1.79499996e+00 1.84399998e+00 1.87600005e+00
    1.89499998e+00 1.90900004e+00 1.92900002e+00 1.94200003e+00 0. 0. 0.
    0. 0. 0. 0. 0. 0. 0. 0. 0. 0. 0. 0. 0. 0. 0. 0. 0. 1.84300005e+00
    1.82099998e+00 1.78900003e+00 1.75800002e+00 1.72899997e+00
    1.70500004e+00 1.69299996e+00 1.68599999e+00 1.68599999e+00
    1.68599999e+00 1.68599999e+00 1.72899997e+00 1.78999996e+00
    1.81500006e+00 1.84399998e+00 1.87600005e+00 1.88600004e+00
    1.88699996e+00 1.91400003e+00 1.93099999e+00 0. 0. 0. 0. 0. 0. 0. 0.
    0. 0. 0. 0. 0. 0. 0. 0. 0. 0. 0. 0. 1.87500000e+00 1.85399997e+00
    1.82099998e+00 1.78900003e+00 1.76600003e+00 1.75999999e+00
    1.74100006e+00 1.71700001e+00 1.71700001e+00 1.71700001e+00
    1.71700001e+00 1.75999999e+00 1.82200003e+00 1.82799995e+00
    1.84399998e+00 1.87600005e+00 1.88600004e+00 1.88600004e+00
    1.89300001e+00 1.89699996e+00 0. 0. 0. 0. 0. 0. 0. 0. 0. 0. 0. 0. 0.
    0. 0. 0. 0. 0. 0. 0. 1.90900004e+00 1.89600003e+00 1.87600005e+00
    1.83000004e+00 1.79999995e+00 1.79999995e+00 1.77900004e+00
    1.74800003e+00 1.74800003e+00 1.75199997e+00 1.76499999e+00
    1.79499996e+00 1.83200002e+00 1.84500003e+00 1.86099994e+00
    1.88000000e+00 1.88600004e+00 1.88600004e+00 1.88600004e+00
    1.88600004e+00 0. 0. 0. 0. 0. 0. 0. 0. 0. 0. 0. 0. 0. 0. 0. 0. 0. 0.
    0. 0. 1.94200003e+00 1.94200003e+00 1.94200003e+00 1.87600005e+00
    1.83299994e+00 1.83200002e+00 1.81099999e+00 1.77900004e+00
    1.77900004e+00 1.78999996e+00 1.82200003e+00 1.83200002e+00
    1.83299994e+00 1.86500001e+00 1.88600004e+00 1.88600004e+00
    1.88600004e+00 1.88600004e+00 1.88600004e+00 1.88600004e+00 0. 0. 0.
    0. 0. 0. 0. 0. 0. 0. 0. 0. 0. 0. 0. 0. 0. 0. 0. 0. 1.97700000e+00
    1.97700000e+00 1.97700000e+00 1.92999995e+00 1.89199996e+00
    1.87100005e+00 1.85599995e+00 1.84399998e+00 1.84399998e+00
    1.84800005e+00 1.86099994e+00 1.86500001e+00 1.86500001e+00
    1.89900005e+00 1.91999996e+00 1.91999996e+00 1.91999996e+00
    1.91999996e+00 1.91999996e+00 1.91999996e+00 0. 0. 0. 0. 0. 0. 0. 0.
    0. 0. 0. 0. 0. 0. 0. 0. 0. 0. 0. 0. 2.02500010e+00 2.01500010e+00 2.
    1.96500003e+00 1.93299997e+00 1.90600002e+00 1.89800000e+00
    1.89800000e+00 1.89100003e+00 1.88600004e+00 1.88600004e+00
    1.88600004e+00 1.88699996e+00 1.91999996e+00 1.94200003e+00
    1.94200003e+00 1.94200003e+00 1.94200003e+00 1.94900000e+00
    1.95400000e+00 0. 0. 0. 0. 0. 0. 0. 0. 0. 0. 0. 0. 0. 0. 0. 0. 0. 0.
    0. 0. 2.09599996e+00 2.05800009e+00 2. 1.96500003e+00 1.94000006e+00
    1.93299997e+00 1.93099999e+00 1.93099999e+00 1.90400004e+00
    1.88600004e+00 1.88600004e+00 1.88600004e+00 1.88699996e+00
    1.91999996e+00 1.94200003e+00 1.94200003e+00 1.94200003e+00
    1.94299996e+00 1.97099996e+00 1.98899996e+00 0. 0. 0. 0. 0. 0. 0. 0.
    0. 0. 0. 0. 0. 0. 0. 0. 0. 0. 0. 0. 2.14499998e+00 2.09599996e+00
    2.02399993e+00 1.98899996e+00 1.96599996e+00 1.96599996e+00
    1.96599996e+00 1.96500003e+00 1.93099999e+00 1.90900004e+00
    1.90900004e+00 1.90900004e+00 1.90900004e+00 1.92900002e+00
    1.94200003e+00 1.94200003e+00 1.95200002e+00 1.96599996e+00
    1.98699999e+00 2. 0. 0. 0. 0. 0. 0. 0. 0. 0. 0. 0. 0. 0. 0. 0. 0. 0.
    0. 0. 0. 2.17899990e+00 2.13100004e+00 2.05900002e+00 2.02300000e+00
    2. 2. 2. 2. 1.96500003e+00 1.94299996e+00 1.94299996e+00
    1.94299996e+00 1.94299996e+00 1.94299996e+00 1.94299996e+00
    1.94299996e+00 1.96599996e+00 2. 2. 1.99899995e+00 0. 0. 0. 0. 0. 0.
    0. 0. 0. 0. 0. 0. 0. 0. 0. 0. 0. 0. 0. 0. 2.03500009e+00
    2.04500008e+00 2.05900002e+00 2.02300000e+00 2. 2. 2. 2.
    1.98599994e+00 1.97800004e+00 1.97800004e+00 1.97800004e+00
    1.97800004e+00 1.97800004e+00 1.97800004e+00 1.97800004e+00
    1.98699999e+00 1.99899995e+00 1.97800004e+00 1.96399999e+00 0. 0. 0.
    0. 0. 0. 0. 0. 0. 0. 0. 0. 0. 0. 0. 0. 0. 0. 0. 0. 1.94200003e+00
    1.98899996e+00 2.05900002e+00 2.03099990e+00 2.01300001e+00
    2.01300001e+00 2.00699997e+00 2. 2. 2. 2. 2. 2. 2. 2.00300002e+00
    2.00999999e+00 2.00699997e+00 1.99899995e+00 1.96399999e+00
    1.94200003e+00 0. 0. 0. 0. 0. 0. 0. 0. 0. 0. 0. 0. 0. 0. 0. 0. 0. 0.
    0. 0. 1.94200003e+00 1.98899996e+00 2.05900002e+00 2.05200005e+00
    2.04800010e+00 2.04800010e+00 2.02900004e+00 2. 2. 2. 2. 2. 2. 2.
    2.00999999e+00 2.03900003e+00 2.02800012e+00 1.99899995e+00
    1.96399999e+00 1.94200003e+00 0. 0. 0. 0. 0. 0. 0. 0. 0. 0. 0. 0. 0.
    0. 0. 0. 0. 0. 0. 0. 1.94200003e+00 1.98899996e+00 2.05900002e+00
    2.08999991e+00 2.10999990e+00 2.10999990e+00 2.07500005e+00
    2.02500010e+00 2.02500010e+00 2.02999997e+00 2.04500008e+00
    2.04900002e+00 2.04900002e+00 2.04900002e+00 2.05699992e+00
    2.07800007e+00 2.06999993e+00 2.04900002e+00 2.02900004e+00
    2.01600003e+00 0. 0. 0. 0. 0. 0. 0. 0. 0. 0. 0. 0. 0. 0. 0. 0. 0. 0.
    0. 0. 1.94200003e+00 1.98899996e+00 2.05900002e+00 2.13299990e+00
    2.18199992e+00 2.18300009e+00 2.13299990e+00 2.06100011e+00
    2.06100011e+00 2.07399988e+00 2.10999990e+00 2.12100005e+00
    2.12100005e+00 2.12100005e+00 2.12100005e+00 2.11999989e+00
    2.11999989e+00 2.11999989e+00 2.11999989e+00 2.11999989e+00 0. 0. 0.
    0. 0. 0. 0. 0. 0. 0. 0. 0. 0. 0. 0. 0. 0. 0. 0. 0. 1.94200003e+00
    1.98899996e+00 2.05900002e+00 2.13299990e+00 2.19000006e+00
    2.21300006e+00 2.18600011e+00 2.13499999e+00 2.13499999e+00
    2.14800000e+00 2.18499994e+00 2.19700003e+00 2.19700003e+00
    2.19700003e+00 2.18799996e+00 2.16499996e+00 2.15799999e+00
    2.15799999e+00 2.15799999e+00 2.15799999e+00 0. 0. 0. 0. 0. 0. 0. 0.
    0. 0. 0. 0. 0. 0. 0. 0. 0. 0. 0. 0. 1.94200003e+00 2.00500011e+00
    2.09999990e+00 2.15799999e+00 2.20900011e+00 2.24699998e+00
    2.23399997e+00 2.19600010e+00 2.19600010e+00 2.20600009e+00
    2.23600006e+00 2.24499989e+00 2.24499989e+00 2.24499989e+00
    2.23399997e+00 2.20499992e+00 2.20199990e+00 2.21000004e+00
    2.21900010e+00 2.22499990e+00 0. 0. 0. 0. 0. 0. 0. 0. 0. 0. 0. 0. 0.
