<?xml version="1.0"?>
<opencv_storage>
<Depth type_id="opencv-matrix">
  <rows>40</rows>
  <cols>40</cols>
  <dt>f</dt>
  <data>
    0. 0. 0. 0. 0. 0. 0. 0. 0. 0. 0. 0. 0. 0. 2.16199994e+00
    2.16499996e+00 1.45200002e+00 1.25899994e+00 0. 0. 0. 0. 0. 0. 0. 0.
    0. 0. 0. 0. 0. 0. 0. 0. 0. 0. 0. 0. 0. 0. 0. 0. 0. 0. 0. 0. 0. 0. 0.
    0. 0. 0. 1.25899994e+00 1.53499997e+00 1.88800001e+00 2.02399993e+00
    1.25899994e+00 1.25899994e+00 1.25899994e+00 1.25899994e+00
    1.93599999e+00 1.97200000e+00 1.58899999e+00 1.25899994e+00 0. 0. 0.
    0. 0. 0. 0. 0. 0. 0. 0. 0. 0. 0. 0. 0. 0. 0. 0. 0. 0. 0. 0. 0. 0. 0.
    0. 0. 1.25899994e+00 1.25899994e+00 1.82900000e+00 1.97599995e+00
    1.25899994e+00 1.25899994e+00 1.25899994e+00 1.25899994e+00
    1.97399998e+00 1.97200000e+00 1.61500001e+00 1.25899994e+00
    1.25899994e+00 0. 0. 0. 0. 0. 0. 0. 0. 0. 0. 0. 0. 0. 0. 0. 0. 0. 0.
    0. 0. 0. 0. 0. 0. 0. 0. 0. 1.95700002e+00 1.96300006e+00
    1.96099997e+00 1.96300006e+00 1.96200001e+00 1.96099997e+00
    1.96300006e+00 1.96300006e+00 1.96200001e+00 1.96099997e+00
    1.96599996e+00 1.89400005e+00 1.25899994e+00 1.25899994e+00 0. 0. 0.
    0. 0. 0. 0. 0. 0. 0. 0. 0. 0. 0. 0. 0. 0. 0. 0. 0. 0. 0. 0. 0. 0. 0.
    1.96000004e+00 1.96200001e+00 1.96200001e+00 1.96300006e+00
    1.96300006e+00 1.96500003e+00 1.96500003e+00 1.96500003e+00
    1.96500003e+00 1.96599996e+00 1.96599996e+00 1.96899998e+00
    1.25899994e+00 1.25899994e+00 0. 0. 0. 0. 0. 0. 0. 0. 0. 0. 0. 0. 0.
    0. 0. 0. 0. 0. 0. 0. 0. 0. 0. 0. 0. 0. 1.96300006e+00 1.96599996e+00
    1.96500003e+00 1.96500003e+00 1.96500003e+00 1.96700001e+00
    1.96599996e+00 1.96700001e+00 1.96700001e+00 1.96599996e+00
    1.96800005e+00 1.96599996e+00 1.25899994e+00 1.25899994e+00 0. 0. 0.
    0. 0. 0. 0. 0. 0. 0. 0. 0. 0. 0. 0. 0. 0. 0. 0. 0. 0. 0. 0. 0. 0. 0.
    1.96500003e+00 1.96599996e+00 1.96500003e+00 1.96599996e+00
    1.96899998e+00 1.96899998e+00 1.96899998e+00 1.96899998e+00
    1.96899998e+00 1.96899998e+00 1.97200000e+00 1.97300005e+00
    1.25899994e+00 1.25899994e+00 0. 0. 0. 0. 0. 0. 0. 0. 0. 0. 0. 0. 0.
    0. 0. 0. 0. 0. 0. 0. 0. 0. 0. 0. 0. 0. 1.96599996e+00 1.96700001e+00
    1.96800005e+00 1.96899998e+00 1.97000003e+00 1.97000003e+00
    1.97200000e+00 1.97200000e+00 1.97200000e+00 1.97300005e+00
    1.97300005e+00 1.97500002e+00 1.37800002e+00 1.25899994e+00 0. 0. 0.
    0. 0. 0. 0. 0. 0. 0. 0. 0. 0. 0. 0. 0. 0. 0. 0. 0. 0. 0. 0. 0. 0. 0.
    1.47899997e+00 1.97000003e+00 1.97000003e+00 1.97000003e+00
    1.97200000e+00 1.97200000e+00 1.97300005e+00 1.97300005e+00
    1.97300005e+00 1.97399998e+00 1.97500002e+00 1.97599995e+00
    1.25899994e+00 1.25899994e+00 0. 0. 0. 0. 0. 0. 0. 0. 0. 0. 0. 0. 0.
    0. 0. 0. 0. 0. 0. 0. 0. 0. 0. 0. 0. 0. 1.48000002e+00 1.97300005e+00
    1.97200000e+00 1.97300005e+00 1.97300005e+00 1.97500002e+00
    1.97500002e+00 1.97500002e+00 1.97500002e+00 1.97599995e+00
    1.97700000e+00 1.97800004e+00 1.44500005e+00 1.25899994e+00
    1.75199997e+00 0. 0. 0. 0. 0. 0. 0. 0. 0. 0. 0. 0. 0. 0. 0. 0. 0. 0.
    0. 0. 0. 0. 0. 0. 0. 1.97300005e+00 1.97399998e+00 1.97500002e+00
    1.97500002e+00 1.97500002e+00 1.97700000e+00 1.97800004e+00
    1.97700000e+00 1.97800004e+00 1.97899997e+00 1.98099995e+00
    1.98099995e+00 1.25899994e+00 1.25899994e+00 0. 0. 0. 0. 0. 0. 0. 0.
    0. 0. 0. 0. 0. 0. 0. 0. 0. 0. 0. 0. 0. 0. 0. 0. 0. 0. 1.48099995e+00
    1.97500002e+00 1.97700000e+00 1.97599995e+00 1.97800004e+00
    1.97899997e+00 1.97899997e+00 1.97899997e+00 1.97899997e+00
    1.98099995e+00 1.98300004e+00 1.98399997e+00 1.28199995e+00
    1.25899994e+00 0. 0. 0. 0. 0. 0. 0. 0. 0. 0. 0. 0. 0. 0. 0. 0. 0. 0.
    0. 0. 0. 0. 0. 0. 0. 0. 1.25899994e+00 1.97899997e+00 1.97899997e+00
    1.97899997e+00 1.98000002e+00 1.98099995e+00 1.98099995e+00
    1.98099995e+00 1.98199999e+00 1.98199999e+00 1.98699999e+00
    1.98599994e+00 1.84800005e+00 1.25899994e+00 1.25899994e+00 0. 0. 0.
    0. 0. 0. 0. 0. 0. 0. 0. 0. 0. 0. 0. 0. 0. 0. 0. 0. 0. 0. 0. 0. 0.
    1.25899994e+00 1.98000002e+00 1.98099995e+00 1.98099995e+00
    1.98300004e+00 1.98300004e+00 1.98300004e+00 1.98399997e+00
    1.98599994e+00 1.98500001e+00 1.98699999e+00 1.98699999e+00
    1.64300001e+00 1.25899994e+00 1.25899994e+00 0. 0. 0. 0. 0. 0. 0. 0.
    0. 0. 0. 0. 0. 0. 0. 0. 0. 0. 0. 0. 0. 0. 0. 0. 0. 1.25899994e+00
    1.98199999e+00 1.98599994e+00 1.98599994e+00 1.98599994e+00
    1.98699999e+00 1.98699999e+00 1.98699999e+00 1.98699999e+00
    1.98699999e+00 1.98899996e+00 1.98899996e+00 1.99199998e+00
    1.25899994e+00 1.25899994e+00 0. 0. 0. 0. 0. 0. 0. 0. 0. 0. 0. 0. 0.
    0. 0. 0. 0. 0. 0. 0. 0. 0. 0. 0. 0. 1.25899994e+00 1.98500001e+00
    1.98699999e+00 1.98699999e+00 1.98899996e+00 1.98699999e+00
    1.98800004e+00 1.98899996e+00 1.98899996e+00 1.99000001e+00
    1.99300003e+00 1.99300003e+00 1.99500000e+00 1.25899994e+00
    1.25899994e+00 0. 0. 0. 0. 0. 0. 0. 0. 0. 0. 0. 0. 0. 0. 0. 0. 0. 0.
    0. 0. 0. 0. 0. 0. 0. 1.25899994e+00 1.97500002e+00 1.98800004e+00
    1.98899996e+00 1.98899996e+00 1.99000001e+00 1.99199998e+00
    1.99000001e+00 1.99100006e+00 1.99199998e+00 1.99300003e+00
    1.99500000e+00 1.99899995e+00 1.25899994e+00 1.25899994e+00 0. 0. 0.
    0. 0. 0. 0. 0. 0. 0. 0. 0. 0. 0. 0. 0. 0. 0. 0. 0. 0. 0. 0. 0. 0.
    1.25899994e+00 1.93900001e+00 1.99199998e+00 1.99199998e+00
    1.99199998e+00 1.99300003e+00 1.99300003e+00 1.99300003e+00
    1.99300003e+00 1.99300003e+00 1.99800003e+00 1.99699998e+00
    1.99800003e+00 1.25899994e+00 1.25899994e+00 0. 0. 0. 0. 0. 0. 0. 0.
    0. 0. 0. 0. 0. 0. 0. 0. 0. 0. 0. 0. 0. 0. 0. 0. 0. 1.25899994e+00
    1.25899994e+00 1.99300003e+00 1.99300003e+00 1.99300003e+00
    1.99399996e+00 1.99500000e+00 1.99399996e+00 1.99699998e+00
    1.99699998e+00 1.99899995e+00 2. 2. 1.25899994e+00 1.25899994e+00 0.
    0. 0. 0. 0. 0. 0. 0. 0. 0. 0. 0. 0. 0. 0. 0. 0. 0. 0. 0. 0. 0. 0. 0.
    0. 1.25899994e+00 1.25899994e+00 1.99300003e+00 1.99300003e+00
    1.99699998e+00 1.99800003e+00 1.99800003e+00 1.99800003e+00
    1.99800003e+00 1.99800003e+00 2.00099993e+00 2.00099993e+00
    2.00200009e+00 1.25899994e+00 1.25899994e+00 0. 0. 0. 0. 0. 0. 0. 0.
    0. 0. 0. 0. 0. 0. 0. 0. 0. 0. 0. 0. 0. 0. 0. 0. 0. 1.25899994e+00
    1.25899994e+00 1.99800003e+00 1.99800003e+00 1.99800003e+00 2.
    1.99899995e+00 2. 2. 2.00099993e+00 2.00500011e+00 2.00500011e+00
    2.00500011e+00 1.25899994e+00 1.25899994e+00 0. 0. 0. 0. 0. 0. 0. 0.
    0. 0. 0. 0. 0. 0. 0. 0. 0. 0. 0. 0. 0. 0. 0. 0. 0. 1.25899994e+00
    1.25899994e+00 1.99800003e+00 2. 2. 2.00099993e+00 2.00200009e+00
    2.00500011e+00 2.00399995e+00 2.00500011e+00 2.00600004e+00
    2.00600004e+00 2.00699997e+00 1.25899994e+00 1.25899994e+00 0. 0. 0.
    0. 0. 0. 0. 0. 0. 0. 0. 0. 0. 0. 0. 0. 0. 0. 0. 0. 0. 0. 0. 0. 0.
    1.25899994e+00 1.25899994e+00 2.00099993e+00 2.00099993e+00
    2.00300002e+00 2.00500011e+00 2.00500011e+00 2.00600004e+00
    2.00500011e+00 2.00600004e+00 2.00799990e+00 2.00799990e+00
    2.00799990e+00 1.25899994e+00 1.25899994e+00 0. 0. 0. 0. 0. 0. 0. 0.
    0. 0. 0. 0. 0. 0. 0. 0. 0. 0. 0. 0. 0. 0. 0. 0. 0. 1.25899994e+00
    1.25899994e+00 2.00300002e+00 2.00500011e+00 2.00600004e+00
    2.00600004e+00 2.00600004e+00 2.00600004e+00 2.00600004e+00
    2.00699997e+00 2.00900006e+00 2.01200008e+00 2.01200008e+00
    1.47200000e+00 1.25899994e+00 0. 0. 0. 0. 0. 0. 0. 0. 0. 0. 0. 0. 0.
    0. 0. 0. 0. 0. 0. 0. 0. 0. 0. 0. 0. 1.25899994e+00 1.25899994e+00
    2.00600004e+00 2.00699997e+00 2.00900006e+00 2.00799990e+00
    2.00799990e+00 2.01099992e+00 2.00900006e+00 2.01099992e+00
    2.01300001e+00 2.01300001e+00 2.01300001e+00 1.78799999e+00
    1.25899994e+00 0. 0. 0. 0. 0. 0. 0. 0. 0. 0. 0. 0. 0. 0. 0. 0. 0. 0.
    0. 0. 0. 0. 0. 0. 0. 1.25899994e+00 1.25899994e+00 2.00600004e+00
    2.00900006e+00 2.00900006e+00 2.01099992e+00 2.01300001e+00
    2.01099992e+00 2.01099992e+00 2.01300001e+00 2.01600003e+00
    2.01600003e+00 2.01699996e+00 2.01999998e+00 1.25899994e+00 0. 0. 0.
