<?xml version="1.0"?>
<opencv_storage>
<Depth type_id="opencv-matrix">
  <rows>40</rows>
  <cols>40</cols>
  <dt>f</dt>
  <data>
    0. 0. 0. 0. 0. 0. 0. 0. 0. 0. 0. 0. 0. 0. 0. 0. 0. 0. 0. 0. 0. 0. 0.
    0. 0. 0. 0. 0. 0. 0. 0. 0. 0. 0. 0. 0. 0. 0. 0. 0. 0. 0. 0. 0. 0. 0.
    0. 0. 0. 0. 0. 0. 0. 0. 0. 0. 0. 0. 0. 0. 0. 0. 0. 0. 0. 0. 0. 0. 0.
    0. 0. 0. 0. 0. 0. 0. 0. 0. 0. 0. 0. 0. 0. 0. 0. 0. 0. 0. 0. 0. 0. 0.
    0. 0. 0. 0. 0. 0. 0. 0. 0. 0. 0. 0. 0. 0. 0. 0. 0. 0. 0. 0. 0. 0. 0.
    0. 0. 0. 0. 0. 0. 0. 0. 0. 0. 0. 0. 0. 0. 0. 0. 0. 0. 0. 0. 0. 0. 0.
    0. 0. 0. 0. 0. 0. 0. 0. 0. 0. 0. 0. 0. 0. 0. 0. 0. 0. 0. 0. 0. 0. 0.
    0. 0. 0. 0. 0. 0. 0. 0. 0. 0. 0. 0. 0. 0. 0. 0. 0. 0. 0. 0. 0. 0. 0.
    0. 0. 0. 0. 0. 0. 0. 0. 0. 0. 0. 0. 0. 0. 0. 0. 0. 0. 0. 0. 0. 0. 0.
    0. 0. 0. 0. 0. 0. 0. 0. 0. 0. 0. 0. 0. 0. 0. 0. 0. 0. 0. 0. 0. 0. 0.
    0. 0. 0. 0. 0. 0. 0. 0. 0. 0. 0. 0. 0. 0. 0. 0. 0. 0. 0. 0. 0. 0. 0.
    0. 0. 0. 0. 0. 0. 0. 0. 0. 0. 0. 0. 0. 0. 0. 0. 0. 0. 0. 0. 0. 0. 0.
    0. 0. 0. 0. 0. 0. 0. 0. 0. 0. 0. 0. 0. 0. 0. 0. 0. 0. 0. 0. 0. 0. 0.
    0. 0. 0. 0. 0. 0. 0. 0. 0. 0. 0. 0. 0. 0. 0. 0. 0. 0. 0. 0. 0. 0. 0.
    0. 0. 0. 0. 0. 0. 0. 0. 0. 0. 0. 0. 0. 0. 0. 0. 0. 0. 0. 0. 0. 0. 0.
    0. 0. 0. 0. 0. 0. 0. 0. 0. 0. 0. 0. 0. 0. 0. 0. 0. 0. 0. 0. 0. 0. 0.
    0. 0. 0. 0. 0. 0. 0. 0. 0. 0. 0. 0. 0. 0. 0. 0. 0. 0. 0. 0. 0. 0. 0.
    0. 0. 0. 0. 0. 0. 0. 0. 0. 0. 0. 0. 0. 0. 0. 0. 0. 0. 0. 0. 0. 0. 0.
    0. 0. 0. 0. 0. 0. 0. 0. 0. 0. 0. 0. 0. 0. 0. 0. 0. 0. 0. 0. 0. 0. 0.
    0. 0. 0. 0. 0. 0. 0. 0. 0. 0. 0. 0. 0. 0. 1.25699997e+00 2. 2. 2. 2.
    2. 2. 2. 1.99100006e+00 1.93900001e+00 1.88699996e+00 1.86899996e+00
    1.86899996e+00 1.86199999e+00 1.81299996e+00 1.76300001e+00
    1.74399996e+00 1.74399996e+00 1.74399996e+00 1.74399996e+00 0. 0. 0.
    0. 0. 0. 0. 0. 0. 0. 0. 0. 0. 0. 0. 0. 0. 0. 0. 0. 1.35500002e+00
    2.01900005e+00 2.00799990e+00 2. 2. 2. 2. 2. 1.99100006e+00
    1.93900001e+00 1.88699996e+00 1.86899996e+00 1.86899996e+00
    1.86300004e+00 1.81799996e+00 1.77300000e+00 1.75600004e+00
    1.75600004e+00 1.75600004e+00 1.75600004e+00 0. 0. 0. 0. 0. 0. 0. 0.
    0. 0. 0. 0. 0. 0. 0. 0. 0. 0. 0. 0. 1.75999999e+00 2.09699988e+00
    2.04299998e+00 2. 2. 2. 2. 2. 1.99100006e+00 1.93900001e+00
    1.88699996e+00 1.86899996e+00 1.86899996e+00 1.86600006e+00
    1.84000003e+00 1.81500006e+00 1.80599999e+00 1.80599999e+00
    1.80599999e+00 1.80599999e+00 0. 0. 0. 0. 0. 0. 0. 0. 0. 0. 0. 0. 0.
    0. 0. 0. 0. 1.50399995e+00 1.57500005e+00 1.87000000e+00
    2.16499996e+00 2.17600012e+00 2.07800007e+00 2. 2. 2. 2. 2.
    1.99100006e+00 1.93900001e+00 1.88699996e+00 1.86899996e+00
    1.86899996e+00 1.86800003e+00 1.86300004e+00 1.85699999e+00
    1.85500002e+00 1.85500002e+00 1.85500002e+00 1.85500002e+00 0. 0. 0.
    0. 0. 0. 0. 0. 0. 0. 0. 0. 0. 0. 0. 0. 0. 2.27699995e+00
    2.27699995e+00 2.27699995e+00 2.27699995e+00 2.20900011e+00
    2.11400008e+00 2.03600001e+00 2.01999998e+00 2.00500011e+00 2. 2.
    1.99399996e+00 1.95700002e+00 1.91999996e+00 1.89699996e+00
    1.88199997e+00 1.86899996e+00 1.86899996e+00 1.86899996e+00
    1.86899996e+00 1.86899996e+00 1.86899996e+00 1.86899996e+00 0. 0. 0.
    0. 0. 0. 0. 0. 0. 0. 0. 0. 0. 0. 0. 0. 0. 2.27699995e+00
    2.27699995e+00 2.27699995e+00 2.27699995e+00 2.22399998e+00
    2.15100002e+00 2.08500004e+00 2.04900002e+00 2.01200008e+00 2. 2.
    1.99699998e+00 1.98099995e+00 1.96399999e+00 1.93499994e+00
    1.89999998e+00 1.86899996e+00 1.86899996e+00 1.86899996e+00
    1.86899996e+00 1.86899996e+00 1.86899996e+00 1.86899996e+00 0. 0. 0.
    0. 0. 0. 0. 0. 0. 0. 0. 0. 0. 0. 0. 0. 0. 2.27699995e+00
    2.27699995e+00 2.27699995e+00 2.27699995e+00 2.24000001e+00
    2.18799996e+00 2.13499999e+00 2.07699990e+00 2.01799989e+00 2. 2. 2.
    2. 2. 1.96899998e+00 1.92100000e+00 1.88000000e+00 1.88000000e+00
    1.88000000e+00 1.87699997e+00 1.87300003e+00 1.86899996e+00
    1.86899996e+00 0. 0. 0. 0. 0. 0. 0. 0. 0. 0. 0. 0. 0. 0. 0. 0. 0.
    2.27699995e+00 2.27699995e+00 2.27699995e+00 2.27699995e+00
    2.25600004e+00 2.22700000e+00 2.18700004e+00 2.10599995e+00
    2.02500010e+00 2. 2. 2. 2. 2. 1.98199999e+00 1.95500004e+00
    1.93200004e+00 1.93200004e+00 1.93200004e+00 1.91600001e+00
    1.89100003e+00 1.86899996e+00 1.86899996e+00 0. 0. 0. 0. 0. 0. 0. 0.
    0. 0. 0. 0. 0. 0. 0. 0. 0. 2.27699995e+00 2.27699995e+00
    2.27699995e+00 2.27699995e+00 2.27200007e+00 2.26500010e+00
    2.23799992e+00 2.13499999e+00 2.03200006e+00 2. 2. 2. 2. 2.
    1.99600005e+00 1.98899996e+00 1.98399997e+00 1.98399997e+00
    1.98399997e+00 1.95599997e+00 1.90999997e+00 1.86899996e+00
    1.86899996e+00 0. 0. 0. 0. 0. 0. 0. 0. 0. 0. 0. 0. 0. 0. 0. 0. 0.
    2.23900008e+00 2.23900008e+00 2.23900008e+00 2.23900008e+00
    2.23900008e+00 2.23900008e+00 2.22199988e+00 2.14199996e+00
    2.06200004e+00 2.03699994e+00 2.03699994e+00 2.03699994e+00
    2.03699994e+00 2.03699994e+00 2.02800012e+00 2.01300001e+00 2. 2. 2.
    1.96800005e+00 1.91600001e+00 1.86899996e+00 1.86899996e+00 0. 0. 0.
    0. 0. 0. 0. 0. 0. 0. 0. 0. 0. 0. 0. 0. 0. 2.18300009e+00
    2.18300009e+00 2.18300009e+00 2.18300009e+00 2.18300009e+00
    2.18300009e+00 2.17499995e+00 2.13899994e+00 2.10200000e+00
    2.09100008e+00 2.09100008e+00 2.09100008e+00 2.09100008e+00
    2.09100008e+00 2.06800008e+00 2.03099990e+00 2. 2. 2. 1.96800005e+00
    1.91600001e+00 1.86899996e+00 1.86899996e+00 0. 0. 0. 0. 0. 0. 0. 0.
    0. 0. 0. 0. 0. 0. 0. 0. 0. 2.13599992e+00 2.13599992e+00
    2.13599992e+00 2.13599992e+00 2.13599992e+00 2.13599992e+00
    2.13599992e+00 2.13599992e+00 2.13599992e+00 2.13599992e+00
    2.13599992e+00 2.13599992e+00 2.13599992e+00 2.13599992e+00
    2.10100007e+00 2.04699993e+00 2. 2. 2. 1.97000003e+00 1.92200005e+00
    1.87800002e+00 1.87800002e+00 0. 0. 0. 0. 0. 0. 0. 0. 0. 0. 0. 0. 0.
    0. 0. 0. 0. 2.13599992e+00 2.13599992e+00 2.13599992e+00
    2.13599992e+00 2.13599992e+00 2.13599992e+00 2.13599992e+00
    2.13599992e+00 2.13599992e+00 2.13599992e+00 2.13599992e+00
    2.13599992e+00 2.13599992e+00 2.13599992e+00 2.10100007e+00
    2.04699993e+00 2. 2. 2. 1.98300004e+00 1.95500004e+00 1.92999995e+00
    1.92999995e+00 0. 0. 0. 0. 0. 0. 0. 0. 0. 0. 0. 0. 0. 0. 0. 0. 0.
    2.13599992e+00 2.13599992e+00 2.13599992e+00 2.13599992e+00
    2.13599992e+00 2.13599992e+00 2.13599992e+00 2.13599992e+00
    2.13599992e+00 2.13599992e+00 2.13599992e+00 2.13599992e+00
    2.13599992e+00 2.13599992e+00 2.10100007e+00 2.04699993e+00 2. 2. 2.
    1.99600005e+00 1.98800004e+00 1.98199999e+00 1.98199999e+00 0. 0. 0.
    0. 0. 0. 0. 0. 0. 0. 0. 0. 0. 0. 0. 0. 0. 2.13599992e+00
    2.13299990e+00 2.11899996e+00 2.10500002e+00 2.10100007e+00
    2.10100007e+00 2.10100007e+00 2.10100007e+00 2.10100007e+00
    2.10100007e+00 2.10100007e+00 2.10100007e+00 2.10100007e+00
    2.10100007e+00 2.07500005e+00 2.03500009e+00 2. 2. 2. 2. 2. 2. 2. 0.
    0. 0. 0. 0. 0. 0. 0. 0. 0. 0. 0. 0. 0. 0. 0. 0. 2.13599992e+00
    2.12700009e+00 2.09200001e+00 2.05699992e+00 2.04699993e+00
    2.04699993e+00 2.04699993e+00 2.04699993e+00 2.04699993e+00
    2.04699993e+00 2.04699993e+00 2.04699993e+00 2.04699993e+00
    2.04699993e+00 2.03500009e+00 2.01600003e+00 2. 2. 2. 2. 2. 2. 2. 0.
    0. 0. 0. 0. 0. 0. 0. 0. 0. 0. 0. 0. 0. 0. 0. 0. 2.13599992e+00
    2.12299991e+00 2.06900001e+00 2.01500010e+00 2. 2. 2. 2. 2. 2. 2. 2.
    2. 2. 2. 2. 2. 2. 2. 2. 2. 2. 2. 0. 0. 0. 0. 0. 0. 0. 0. 0. 0. 0. 0.
    0. 0. 0. 0. 0. 2.13599992e+00 2.12299991e+00 2.06900001e+00
    2.01500010e+00 2. 2. 2. 2. 2. 2. 2. 2. 2. 2. 2. 2. 2. 2. 2. 2. 2. 2.
    2. 0. 0. 0. 0. 0. 0. 0. 0. 0. 0. 0. 0. 0. 0. 0. 0. 0. 0. 0. 0. 0. 0.
    0. 0. 0. 0. 0. 0. 0. 0. 0. 0. 0. 0. 0. 0. 0. 0. 0. 0. 0. 0. 0. 0. 0.
    0. 0. 0. 0. 0. 0. 0. 0. 0. 0. 0. 0. 0. 0. 0. 0. 0. 0. 0. 0. 0. 0. 0.
    0. 0. 0. 0. 0. 0. 0. 0. 0. 0. 0. 0. 0. 0. 0. 0. 0. 0. 0. 0. 0. 0. 0.
    0. 0. 0. 0. 0. 0. 0. 0. 0. 0. 0. 0. 0. 0. 0. 0. 0. 0. 0. 0. 0. 0. 0.
