<?xml version="1.0"?>
<opencv_storage>
<Depth type_id="opencv-matrix">
  <rows>40</rows>
  <cols>40</cols>
  <dt>f</dt>
  <data>
    0. 0. 0. 0. 0. 0. 0. 0. 0. 0. 0. 0. 0. 0. 0. 0. 0. 0. 0. 0. 0. 0. 0.
    0. 0. 0. 0. 0. 0. 0. 0. 0. 0. 0. 0. 0. 0. 0. 0. 0. 0. 0. 0. 0. 0. 0.
    0. 0. 0. 0. 0. 0. 0. 0. 0. 0. 0. 0. 0. 0. 0. 0. 0. 0. 0. 0. 0. 0. 0.
    0. 0. 0. 0. 0. 0. 0. 0. 0. 0. 0. 0. 0. 0. 0. 0. 0. 0. 0. 0. 0. 0. 0.
    0. 0. 0. 0. 0. 0. 0. 0. 0. 0. 0. 0. 0. 0. 0. 0. 0. 0. 0. 0. 0. 0. 0.
    0. 0. 0. 0. 0. 0. 0. 0. 0. 0. 0. 0. 0. 0. 0. 0. 0. 0. 0. 0. 0. 0. 0.
    0. 0. 0. 0. 0. 0. 0. 0. 0. 0. 0. 0. 0. 0. 0. 0. 0. 0. 0. 0. 0. 0. 0.
    0. 0. 0. 0. 0. 0. 0. 0. 0. 0. 0. 0. 0. 0. 0. 0. 0. 0. 0. 0. 0. 0. 0.
    0. 0. 0. 0. 0. 0. 0. 0. 0. 0. 0. 0. 0. 0. 0. 0. 0. 0. 0. 0. 0. 0. 0.
    0. 0. 0. 0. 0. 0. 0. 0. 0. 0. 0. 0. 0. 0. 0. 0. 0. 0. 0. 0. 0. 0. 0.
    0. 0. 0. 0. 0. 0. 0. 0. 0. 0. 0. 0. 0. 0. 0. 0. 0. 0. 0. 0. 0. 0. 0.
    0. 0. 0. 0. 0. 0. 0. 0. 0. 0. 0. 0. 0. 0. 0. 0. 0. 0. 0. 0. 0. 0. 0.
    0. 0. 0. 0. 0. 0. 0. 0. 0. 0. 0. 0. 0. 0. 0. 0. 0. 0. 0. 0. 0. 0. 0.
    0. 0. 0. 0. 0. 0. 0. 0. 0. 0. 0. 0. 0. 0. 0. 0. 0. 0. 0. 0. 0. 0. 0.
    0. 0. 0. 0. 0. 0. 0. 0. 0. 0. 0. 0. 0. 0. 0. 0. 0. 0. 0. 0. 0. 0. 0.
    0. 0. 0. 0. 0. 0. 0. 0. 0. 0. 0. 0. 0. 0. 0. 0. 0. 0. 0. 0. 0. 0. 0.
    0. 0. 0. 0. 0. 0. 0. 0. 0. 0. 0. 0. 0. 0. 0. 0. 0. 0. 0. 0. 0. 0. 0.
    0. 0. 0. 0. 0. 0. 0. 0. 0. 0. 0. 0. 0. 0. 0. 0. 0. 0. 0. 0. 0. 0. 0.
    0. 0. 0. 0. 0. 0. 0. 0. 0. 0. 0. 0. 0. 0. 0. 0. 0. 0. 0. 0. 0. 0. 0.
    0. 0. 0. 0. 0. 0. 0. 0. 0. 0. 0. 0. 0. 0. 0. 0. 0. 0. 0. 0. 0. 0. 0.
    0. 0. 0. 0. 0. 0. 0. 0. 0. 0. 0. 0. 0. 0. 0. 0. 0. 0. 0. 0. 0. 0. 0.
    2.14800000e+00 2.13299990e+00 2.13299990e+00 2.12400007e+00
    2.56399989e+00 2.16799998e+00 2.11599994e+00 2.25600004e+00
    2.57299995e+00 2.72900009e+00 2.79299998e+00 2.76099992e+00
    2.77399993e+00 2.52600002e+00 2.76900005e+00 2.75600004e+00
    2.76900005e+00 2.77699995e+00 2.77699995e+00 2.77300000e+00
    2.75500011e+00 2.75399995e+00 2.75000000e+00 2.75000000e+00
    2.75500011e+00 2.76600003e+00 2.75600004e+00 2.75000000e+00
    2.75000000e+00 2.75500011e+00 2.75500011e+00 2.75500011e+00
    2.75500011e+00 0. 0. 0. 0. 0. 0. 0. 2.13400006e+00 2.11599994e+00
    2.11599994e+00 2.11999989e+00 2.11599994e+00 2.11599994e+00
    2.12400007e+00 2.12100005e+00 2.10800004e+00 2.11299992e+00
    2.12299991e+00 2.12400007e+00 2.08299994e+00 2.06299996e+00
    2.06200004e+00 2.06699991e+00 2.50099993e+00 2.49399996e+00
    2.72199988e+00 2.75999999e+00 2.74300003e+00 2.72600007e+00
    2.71300006e+00 2.71300006e+00 2.72700000e+00 2.72799993e+00
    2.71799994e+00 2.71300006e+00 2.71300006e+00 2.71300006e+00
    2.72099996e+00 2.73099995e+00 2.74300003e+00 0. 0. 0. 0. 0. 0. 0.
    2.09699988e+00 2.09500003e+00 2.09500003e+00 2.10999990e+00
    2.11599994e+00 2.11800003e+00 2.11100006e+00 2.10700011e+00
    2.10100007e+00 2.09699988e+00 2.09299994e+00 2.09100008e+00
    2.06500006e+00 2.05999994e+00 2.05999994e+00 2.06200004e+00
    2.05599999e+00 2.05599999e+00 2.07200003e+00 2.24499989e+00
    2.45799994e+00 2.70300007e+00 2.69899988e+00 2.69899988e+00
    2.70000005e+00 2.70300007e+00 2.70300007e+00 2.69899988e+00
    2.69899988e+00 2.69899988e+00 2.70099998e+00 2.70000005e+00
    2.70300007e+00 0. 0. 0. 0. 0. 0. 0. 2.07100010e+00 2.07500005e+00
    2.07900000e+00 2.07800007e+00 2.07599998e+00 2.07599998e+00
    2.08299994e+00 2.08599997e+00 2.08299994e+00 2.08299994e+00
    2.07800007e+00 2.06299996e+00 2.05699992e+00 2.05599999e+00
    2.05599999e+00 2.05999994e+00 2.05500007e+00 2.05200005e+00
    2.05599999e+00 2.07200003e+00 2.06800008e+00 2.05900002e+00
    2.34899998e+00 2.39299989e+00 2.38199997e+00 2.67000008e+00
    2.66000009e+00 2.65899992e+00 2.67100000e+00 2.66400003e+00
    2.66199994e+00 2.66199994e+00 2.67600012e+00 0. 0. 0. 0. 0. 0. 0.
    2.04099989e+00 2.05100012e+00 2.05100012e+00 2.05100012e+00
    2.04099989e+00 2.04800010e+00 2.05599999e+00 2.04900002e+00
    2.04800010e+00 2.04099989e+00 2.05500007e+00 2.04900002e+00
    2.04200006e+00 2.03399992e+00 2.04600000e+00 2.06299996e+00
    2.05599999e+00 2.05100012e+00 2.05100012e+00 2.05100012e+00
    2.05399990e+00 2.05100012e+00 2.05100012e+00 2.05599999e+00
    2.05399990e+00 2.05100012e+00 2.39499998e+00 2.05699992e+00
    2.05900002e+00 2.05900002e+00 2.60299993e+00 2.63800001e+00
    2.65100002e+00 0. 0. 0. 0. 0. 0. 0. 2.02900004e+00 2.03800011e+00
    2.04299998e+00 2.03800011e+00 2.02900004e+00 2.02999997e+00
    2.02999997e+00 2.02999997e+00 2.02900004e+00 2.02900004e+00
    2.02900004e+00 2.02900004e+00 2.01699996e+00 2.01399994e+00
    2.01399994e+00 2.02200007e+00 2.02699995e+00 2.03600001e+00
    2.03099990e+00 2.03099990e+00 2.03099990e+00 2.03800011e+00
    2.03200006e+00 2.02999997e+00 2.02999997e+00 2.03099990e+00
    2.03099990e+00 2.03099990e+00 2.03200006e+00 2.03200006e+00
    2.06800008e+00 2.22600007e+00 2.62800002e+00 0. 0. 0. 0. 0. 0. 0.
    2.03699994e+00 2.03699994e+00 2.03699994e+00 2.03699994e+00
    2.02900004e+00 2.02900004e+00 2.02900004e+00 2.02500010e+00
    2.02500010e+00 2.02500010e+00 2.02200007e+00 2.01300001e+00
    2.00699997e+00 2. 2.00200009e+00 2.00999999e+00 2.01300001e+00
    2.01300001e+00 2.01300001e+00 2.00699997e+00 2.00799990e+00
    2.01999998e+00 2.01799989e+00 2.01699996e+00 2.02099991e+00
    2.01399994e+00 2.00999999e+00 2.00999999e+00 2.00999999e+00
    2.01300001e+00 2.00200009e+00 2.14400005e+00 2.59800005e+00 0. 0. 0.
    0. 0. 0. 0. 2.04600000e+00 2.04600000e+00 2.04399991e+00
    2.04399991e+00 2.03900003e+00 2.03200006e+00 2.02900004e+00
    2.02300000e+00 2.02200007e+00 2.02200007e+00 2.01399994e+00
    2.00699997e+00 2.00900006e+00 2.00699997e+00 2. 2.00500011e+00
    1.99800003e+00 1.99199998e+00 2. 1.99300003e+00 1.98399997e+00
    1.99300003e+00 1.99500000e+00 1.99600005e+00 1.99600005e+00
    1.99800003e+00 1.99800003e+00 1.99800003e+00 1.99800003e+00
    1.99600005e+00 1.98599994e+00 1.98300004e+00 2.54900002e+00 0. 0. 0.
    0. 0. 0. 0. 2.05200005e+00 2.05999994e+00 2.05200005e+00
    2.04399991e+00 2.04399991e+00 2.04399991e+00 2.03200006e+00
    2.02699995e+00 2.02200007e+00 2.01600003e+00 2.01099992e+00
    2.00699997e+00 2.01300001e+00 2.01399994e+00 2. 2. 1.99500000e+00
    1.99199998e+00 1.99899995e+00 1.98699999e+00 1.97500002e+00
    1.97099996e+00 1.97099996e+00 1.97099996e+00 1.97099996e+00
    1.97800004e+00 1.98300004e+00 1.98500001e+00 1.97800004e+00
    1.97200000e+00 1.97099996e+00 2.10999990e+00 2.54399991e+00 0. 0. 0.
    0. 0. 0. 0. 2.05999994e+00 2.05999994e+00 2.05999994e+00
    2.05800009e+00 2.05699992e+00 2.04699993e+00 2.03299999e+00
    2.03099990e+00 2.02699995e+00 2.02200007e+00 2.01999998e+00
    2.01399994e+00 2.01900005e+00 2.01399994e+00 2.00699997e+00
    2.00699997e+00 1.99800003e+00 1.99800003e+00 2. 1.98399997e+00
    1.95599997e+00 1.94900000e+00 1.95500004e+00 1.96300006e+00
    1.96599996e+00 1.96099997e+00 1.96099997e+00 1.96099997e+00
    1.96099997e+00 1.95899999e+00 1.95500004e+00 1.95500004e+00
    2.49300003e+00 0. 0. 0. 0. 0. 0. 0. 2.06299996e+00 2.05999994e+00
    2.05999994e+00 2.05999994e+00 2.05500007e+00 2.03800011e+00
    2.02200007e+00 2.03099990e+00 2.04399991e+00 2.03200006e+00
    2.02500010e+00 2.01399994e+00 2.01399994e+00 2.01399994e+00
    2.01300001e+00 2.01300001e+00 2.01099992e+00 2.00999999e+00
    2.00999999e+00 1.98800004e+00 1.93400002e+00 1.92999995e+00
    1.92600000e+00 1.93200004e+00 1.93799996e+00 1.94500005e+00
    1.94799995e+00 1.94799995e+00 1.94799995e+00 1.94500005e+00
    1.94099998e+00 1.94000006e+00 1.93900001e+00 0. 0. 0. 0. 0. 0. 0.
    2.06699991e+00 2.06699991e+00 2.05999994e+00 2.05999994e+00
    2.05200005e+00 2.03999996e+00 2.02399993e+00 2.04399991e+00
    2.04299998e+00 2.04299998e+00 2.04299998e+00 2.01399994e+00
    2.01500010e+00 2.01900005e+00 2.02200007e+00 2.02200007e+00
    2.02200007e+00 2.01399994e+00 2.01399994e+00 2.00300002e+00
