<?xml version="1.0"?>
<opencv_storage>
<Depth type_id="opencv-matrix">
  <rows>40</rows>
  <cols>40</cols>
  <dt>f</dt>
  <data>
    0. 0. 0. 0. 0. 0. 0. 0. 0. 0. 0. 0. 0. 0. 0. 0. 0. 0. 0. 0. 0. 0. 0.
    0. 0. 0. 0. 0. 0. 0. 0. 0. 0. 0. 0. 0. 0. 0. 0. 0. 0. 0. 0. 0. 0. 0.
    0. 0. 0. 0. 0. 0. 0. 0. 0. 0. 0. 0. 0. 0. 0. 0. 0. 0. 0. 0. 0. 0. 0.
    0. 0. 0. 0. 0. 0. 0. 0. 0. 0. 0. 0. 0. 0. 0. 0. 0. 0. 0. 0. 0. 0. 0.
    0. 0. 0. 0. 0. 0. 0. 0. 0. 0. 0. 0. 0. 0. 0. 0. 0. 0. 0. 0. 0. 0. 0.
    0. 0. 0. 0. 0. 0. 0. 0. 0. 0. 0. 0. 0. 0. 0. 0. 0. 0. 0. 0. 0. 0. 0.
    0. 0. 0. 0. 0. 0. 0. 0. 0. 0. 0. 0. 0. 0. 0. 0. 0. 0. 0. 0. 0. 0. 0.
    0. 0. 0. 0. 0. 0. 0. 0. 0. 0. 0. 0. 0. 0. 0. 0. 0. 0. 0. 0. 0. 0. 0.
    0. 0. 0. 0. 0. 0. 0. 0. 0. 0. 0. 0. 0. 0. 0. 0. 0. 0. 0. 0. 0. 0. 0.
    0. 0. 0. 0. 0. 0. 0. 0. 0. 0. 0. 0. 0. 0. 0. 0. 0. 0. 0. 0. 0. 0. 0.
    0. 0. 0. 0. 0. 0. 0. 0. 0. 0. 0. 0. 0. 0. 0. 0. 0. 0. 0. 0. 0. 0. 0.
    0. 0. 0. 0. 0. 0. 0. 0. 0. 0. 0. 0. 0. 0. 0. 0. 0. 0. 0. 0. 0. 0. 0.
    0. 0. 0. 0. 0. 0. 0. 0. 0. 0. 0. 0. 0. 0. 0. 0. 0. 0. 0. 0. 0. 0. 0.
    0. 0. 0. 0. 0. 0. 0. 0. 0. 0. 0. 0. 0. 0. 0. 0. 0. 0. 0. 0. 0. 0. 0.
    0. 0. 0. 0. 0. 0. 0. 0. 0. 0. 0. 0. 0. 0. 0. 0. 0. 0. 0. 0. 0. 0. 0.
    0. 0. 0. 0. 0. 0. 0. 0. 0. 0. 0. 0. 0. 0. 0. 0. 0. 0. 0. 0. 0. 0. 0.
    0. 0. 0. 0. 0. 0. 0. 0. 0. 0. 0. 0. 0. 0. 0. 0. 0. 0. 0. 0. 0. 0. 0.
    0. 0. 0. 0. 0. 0. 0. 0. 0. 0. 0. 0. 0. 0. 0. 0. 0. 0. 0. 0. 0. 0. 0.
    0. 0. 0. 0. 0. 0. 0. 0. 0. 0. 0. 0. 0. 0. 0. 0. 0. 0. 0. 0. 0. 0. 0.
    0. 0. 0. 2. 2. 2. 2. 2.01600003e+00 2.05900002e+00 2.08800006e+00
    2.08800006e+00 2.07500005e+00 2.03200006e+00 2. 2. 1.99000001e+00
    1.94799995e+00 1.91400003e+00 1.91400003e+00 1.92100000e+00
    1.96300006e+00 2. 2. 2.00399995e+00 2.04699993e+00 2.08599997e+00
    2.04299998e+00 2. 2. 2. 0. 0. 0. 0. 0. 0. 0. 0. 0. 0. 0. 0. 0.
    1.98000002e+00 1.98000002e+00 1.98399997e+00 1.99399996e+00
    2.01600003e+00 2.05900002e+00 2.08500004e+00 2.07399988e+00
    2.05699992e+00 2.02399993e+00 2. 2. 1.99000001e+00 1.94799995e+00
    1.91400003e+00 1.91400003e+00 1.92100000e+00 1.96300006e+00 2. 2.
    2.00399995e+00 2.04699993e+00 2.08599997e+00 2.04299998e+00 2. 2. 2.
    0. 0. 0. 0. 0. 0. 0. 0. 0. 0. 0. 0. 0. 1.93700004e+00 1.93700004e+00
    1.95000005e+00 1.98099995e+00 2.01600003e+00 2.05900002e+00
    2.07699990e+00 2.04600000e+00 2.01999998e+00 2.00900006e+00 2. 2.
    1.99000001e+00 1.94799995e+00 1.91400003e+00 1.91400003e+00
    1.92100000e+00 1.96300006e+00 2. 2. 2.00399995e+00 2.04699993e+00
    2.08599997e+00 2.04299998e+00 2. 2. 2. 1.28400004e+00 0. 0. 0. 0. 0.
    0. 0. 0. 0. 0. 0. 0. 1.91400003e+00 1.91400003e+00 1.93099999e+00
    1.97399998e+00 2.01600003e+00 2.05900002e+00 2.07299995e+00
    2.02999997e+00 2. 2. 2. 2. 1.99199998e+00 1.95899999e+00
    1.93299997e+00 1.93299997e+00 1.93799996e+00 1.97099996e+00 2. 2.
    2.00399995e+00 2.04699993e+00 2.08599997e+00 2.04299998e+00 2. 2. 2.
    2. 2. 2. 2. 2.03900003e+00 2.08299994e+00 1.97800004e+00
    1.85099995e+00 1.83099997e+00 1.83099997e+00 0. 0. 0. 1.91400003e+00
    1.91400003e+00 1.93099999e+00 1.97399998e+00 2.01600003e+00
    2.05900002e+00 2.07299995e+00 2.02999997e+00 2. 2. 2. 2.
    1.99699998e+00 1.98500001e+00 1.97500002e+00 1.97500002e+00
    1.97700000e+00 1.98899996e+00 2. 2. 2.00399995e+00 2.04699993e+00
    2.08599997e+00 2.04299998e+00 2. 2. 2. 2. 2. 2. 2. 2.03900003e+00
    2.08299994e+00 1.97800004e+00 1.85099995e+00 1.83099997e+00
    1.83099997e+00 1.22700000e+00 0. 0. 1.93099999e+00 1.93099999e+00
    1.94500005e+00 1.97899997e+00 2.01600003e+00 2.05900002e+00
    2.07299995e+00 2.02999997e+00 2. 2. 2. 2. 2. 2. 2. 2. 2. 2.
    2.00099993e+00 2.00999999e+00 2.02099991e+00 2.05500007e+00
    2.08599997e+00 2.05200005e+00 2.01799989e+00 2.01799989e+00
    2.01799989e+00 2.01799989e+00 2.01799989e+00 2.01799989e+00
    2.01799989e+00 2.04900002e+00 2.08400011e+00 1.99199998e+00
    1.88300002e+00 1.85800004e+00 1.84899998e+00 1.84099996e+00
    1.83299994e+00 1.83099997e+00 1.97399998e+00 1.97399998e+00
    1.97899997e+00 1.99199998e+00 2.01600003e+00 2.05900002e+00
    2.07299995e+00 2.02999997e+00 2. 2. 2. 2. 2. 2. 2. 2. 2. 2.
    2.00399995e+00 2.03399992e+00 2.06200004e+00 2.07500005e+00
    2.08699989e+00 2.07399988e+00 2.06100011e+00 2.06100011e+00
    2.06100011e+00 2.06100011e+00 2.06100011e+00 2.06100011e+00
    2.06100011e+00 2.07299995e+00 2.08599997e+00 2.02800012e+00
    1.95899999e+00 1.92400002e+00 1.89400005e+00 1.86600006e+00
    1.83800006e+00 1.83099997e+00 1.99699998e+00 1.98899996e+00
    1.98399997e+00 1.98399997e+00 2. 2.04299998e+00 2.06299996e+00
    2.03500009e+00 2.01600003e+00 2.01600003e+00 2.01600003e+00
    2.01600003e+00 2.01600003e+00 2.01600003e+00 2.01600003e+00
    2.01600003e+00 2.01600003e+00 2.01600003e+00 2.01999998e+00
    2.04699993e+00 2.07200003e+00 2.07200003e+00 2.07200003e+00
    2.07200003e+00 2.07200003e+00 2.07999992e+00 2.08800006e+00
    2.08800006e+00 2.08800006e+00 2.08800006e+00 2.08800006e+00
    2.08800006e+00 2.08800006e+00 2.05699992e+00 2.02200007e+00
    1.98099995e+00 1.93799996e+00 1.90300000e+00 1.87000000e+00
    1.86199999e+00 1.98699999e+00 1.95899999e+00 1.94200003e+00
    1.94200003e+00 1.95799994e+00 2. 2.03399992e+00 2.04900002e+00
    2.05900002e+00 2.05900002e+00 2.05900002e+00 2.05900002e+00
    2.05900002e+00 2.05900002e+00 2.05900002e+00 2.05900002e+00
    2.05900002e+00 2.05900002e+00 2.05800009e+00 2.04200006e+00
    2.02900004e+00 2.02900004e+00 2.02900004e+00 2.02900004e+00
    2.02900004e+00 2.05800009e+00 2.08699989e+00 2.08800006e+00
    2.08800006e+00 2.08800006e+00 2.08800006e+00 2.08800006e+00
    2.08800006e+00 2.07599998e+00 2.06200004e+00 2.02300000e+00
    1.98099995e+00 1.96099997e+00 1.94799995e+00 1.94500005e+00
    1.97000003e+00 1.93499994e+00 1.91400003e+00 1.91400003e+00
    1.92999995e+00 1.97200000e+00 2.01500010e+00 2.05800009e+00
    2.08599997e+00 2.07900000e+00 2.07299995e+00 2.07299995e+00
    2.07299995e+00 2.07299995e+00 2.07500005e+00 2.08200002e+00
    2.08699989e+00 2.07999992e+00 2.06900001e+00 2.03299999e+00 2. 2. 2.
    2. 2.00099993e+00 2.04399991e+00 2.08699989e+00 2.08800006e+00
    2.08800006e+00 2.08800006e+00 2.08800006e+00 2.08800006e+00
    2.08800006e+00 2.08800006e+00 2.08800006e+00 2.05800009e+00
    2.02200007e+00 2.00900006e+00 2.00200009e+00 2. 1.93700004e+00
    1.92299998e+00 1.91400003e+00 1.91400003e+00 1.92999995e+00
    1.97200000e+00 2.01500010e+00 2.05800009e+00 2.07900000e+00
    2.05100012e+00 2.02999997e+00 2.02999997e+00 2.02999997e+00
    2.02999997e+00 2.03600001e+00 2.06399989e+00 2.08299994e+00
    2.05500007e+00 2.02800012e+00 2.01300001e+00 2. 2. 2. 2.
    2.00099993e+00 2.04399991e+00 2.08699989e+00 2.08800006e+00
    2.08800006e+00 2.08800006e+00 2.08800006e+00 2.08800006e+00
    2.08800006e+00 2.08800006e+00 2.08800006e+00 2.07599998e+00
    2.06100011e+00 2.03500009e+00 2.00699997e+00 2. 2.18300009e+00
    2.18300009e+00 2.13100004e+00 2.00500011e+00 1.94000006e+00
    1.97599995e+00 2.01500010e+00 2.05800009e+00 2.07500005e+00
    2.03200006e+00 2. 2. 2. 2. 2.00799990e+00 2.05200005e+00
    2.08100009e+00 2.03800011e+00 2. 2. 2. 2. 2. 2. 2.00099993e+00
    2.04399991e+00 2.08699989e+00 2.08800006e+00 2.08800006e+00
    2.09400010e+00 2.10100007e+00 2.09599996e+00 2.08899999e+00
    2.08800006e+00 2.08800006e+00 2.08299994e+00 2.07599998e+00
    2.04500008e+00 2.00900006e+00 2. 0. 0. 2.84699988e+00 2.30699992e+00
    1.97500002e+00 1.99000001e+00 2.01500010e+00 2.05800009e+00
    2.07500005e+00 2.03200006e+00 2. 2. 2. 2. 2.00799990e+00
    2.05200005e+00 2.08100009e+00 2.03800011e+00 2. 2. 2. 2. 2. 2.
    2.00099993e+00 2.04399991e+00 2.08699989e+00 2.08800006e+00
    2.08800006e+00 2.11500001e+00 2.14400005e+00 2.12100005e+00
    2.09200001e+00 2.08800006e+00 2.08800006e+00 2.06500006e+00
    2.03699994e+00 2.01900005e+00 2.00399995e+00 2. 0. 0. 0.
    2.70400000e+00 2.25399995e+00 2.27500010e+00 2.30200005e+00
