<?xml version="1.0"?>
<opencv_storage>
<Depth type_id="opencv-matrix">
  <rows>40</rows>
  <cols>40</cols>
  <dt>f</dt>
  <data>
    0. 0. 0. 0. 0. 0. 0. 0. 0. 0. 0. 0. 0. 0. 0. 0. 0. 0. 0. 0. 0. 0. 0.
    0. 0. 0. 0. 0. 0. 0. 0. 0. 0. 0. 0. 0. 0. 0. 0. 0. 0. 0. 0. 0. 0. 0.
    0. 0. 0. 0. 0. 0. 0. 0. 0. 0. 0. 0. 0. 0. 0. 0. 0. 0. 0. 0. 0. 0. 0.
    0. 0. 0. 0. 0. 0. 0. 0. 0. 0. 0. 0. 0. 0. 0. 0. 0. 0. 0. 0. 0. 0. 0.
    0. 0. 0. 0. 0. 0. 0. 0. 0. 0. 0. 0. 0. 0. 0. 0. 0. 0. 0. 0. 0. 0. 0.
    0. 0. 0. 0. 0. 0. 0. 0. 0. 0. 0. 0. 0. 0. 0. 0. 0. 0. 0. 0. 0. 0. 0.
    0. 0. 0. 0. 0. 0. 0. 0. 0. 0. 0. 0. 0. 0. 0. 0. 0. 0. 0. 0. 0. 0. 0.
    0. 0. 0. 0. 0. 0. 0. 0. 0. 0. 0. 0. 0. 0. 0. 0. 0. 0. 0. 0. 0. 0. 0.
    0. 0. 0. 0. 0. 0. 0. 0. 0. 0. 0. 0. 0. 0. 0. 0. 0. 0. 0. 0. 0. 0. 0.
    0. 0. 0. 0. 0. 0. 0. 0. 0. 0. 0. 0. 0. 0. 0. 0. 0. 0. 0. 0. 0. 0. 0.
    0. 0. 0. 0. 0. 0. 0. 0. 0. 0. 0. 0. 0. 0. 0. 0. 0. 0. 0. 0. 0. 0. 0.
    0. 0. 0. 0. 0. 0. 0. 0. 0. 0. 0. 0. 0. 0. 0. 0. 0. 0. 0. 0. 0. 0. 0.
    0. 0. 0. 0. 0. 0. 0. 0. 0. 0. 0. 0. 0. 0. 0. 0. 0. 0. 0. 0. 0. 0. 0.
    0. 0. 0. 0. 0. 0. 0. 0. 0. 0. 0. 0. 0. 0. 0. 0. 0. 0. 0. 0. 0. 0. 0.
    0. 0. 0. 0. 0. 0. 0. 0. 0. 0. 0. 0. 0. 0. 0. 0. 0. 0. 0. 0. 0. 0. 0.
    0. 0. 0. 0. 0. 0. 0. 0. 0. 0. 0. 0. 0. 0. 0. 0. 0. 0. 0. 0. 0. 0. 0.
    0. 0. 0. 0. 0. 0. 0. 0. 0. 0. 0. 0. 0. 0. 0. 0. 0. 0. 0. 0. 0. 0. 0.
    0. 0. 0. 0. 0. 0. 0. 0. 0. 0. 0. 0. 2.01900005e+00 1.99899995e+00
    1.98099995e+00 1.98099995e+00 1.98099995e+00 1.98599994e+00 2. 2. 2.
    2. 2. 2. 2. 2. 1.98699999e+00 1.98099995e+00 1.98099995e+00
    1.96500003e+00 1.96200001e+00 1.98000002e+00 1.96300006e+00
    1.96200001e+00 1.96200001e+00 1.96200001e+00 1.96599996e+00
    1.98099995e+00 1.98099995e+00 1.97500002e+00 1.96200001e+00
    1.95400000e+00 1.93499994e+00 1.92499995e+00 1.92499995e+00 0. 0. 0.
    0. 0. 0. 0. 2.03699994e+00 1.99899995e+00 1.98199999e+00
    1.98099995e+00 1.98099995e+00 1.98599994e+00 2. 2. 2. 2. 2. 2. 2.
    1.98800004e+00 1.98099995e+00 1.96700001e+00 1.96200001e+00
    1.96300006e+00 1.96300006e+00 1.98000002e+00 1.98199999e+00
    1.98199999e+00 1.98199999e+00 1.98199999e+00 1.98500001e+00
    1.99600005e+00 1.98099995e+00 1.97500002e+00 1.96200001e+00
    1.96099997e+00 1.95299995e+00 1.93299997e+00 1.92400002e+00 0. 0. 0.
    0. 0. 0. 0. 1.73500001e+00 1.99800003e+00 1.99600005e+00
    1.98300004e+00 1.98300004e+00 1.98800004e+00 2. 2. 2. 2. 2. 2. 2.
    1.98800004e+00 1.98099995e+00 1.96700001e+00 1.96200001e+00
    1.97800004e+00 1.98099995e+00 1.98099995e+00 2. 2. 2. 2. 2.
    1.99600005e+00 1.98099995e+00 1.97500002e+00 1.96200001e+00
    1.95400000e+00 1.94299996e+00 1.92499995e+00 1.90699995e+00 0. 0. 0.
    0. 0. 0. 0. 0. 1.98099995e+00 1.98300004e+00 2. 2. 2. 2. 2. 2. 2. 2.
    2. 2. 1.98800004e+00 1.98099995e+00 1.96700001e+00 1.96200001e+00
    1.97800004e+00 1.98099995e+00 1.98099995e+00 2. 2. 2. 2.
    1.99899995e+00 1.99300003e+00 1.98099995e+00 1.97500002e+00
    1.96200001e+00 1.95400000e+00 1.94299996e+00 1.92799997e+00
    1.91299999e+00 0. 0. 0. 0. 0. 0. 0. 0. 1.97300005e+00 1.97599995e+00
    2. 2. 2. 2. 2. 2. 2. 2. 2. 2. 1.99000001e+00 1.98500001e+00
    1.97099996e+00 1.96599996e+00 1.97899997e+00 1.98500001e+00
    1.98500001e+00 2. 2. 2. 1.99600005e+00 1.99300003e+00 1.98099995e+00
    1.98099995e+00 1.97500002e+00 1.96200001e+00 1.95599997e+00
    1.94500005e+00 1.94299996e+00 1.94299996e+00 0. 0. 0. 0. 0. 0. 0. 0.
    1.92600000e+00 1.94900000e+00 1.99500000e+00 1.99600005e+00 2. 2. 2.
    2. 2. 2. 2. 2. 2. 2. 1.99000001e+00 1.98599994e+00 1.98599994e+00
    1.99800003e+00 2. 2. 2. 1.99399996e+00 1.98099995e+00 1.98099995e+00
    1.98099995e+00 1.98099995e+00 1.97700000e+00 1.96700001e+00
    1.96700001e+00 1.95799994e+00 1.94799995e+00 1.94799995e+00 0. 0. 0.
    0. 0. 0. 0. 1.87199998e+00 1.87600005e+00 1.93299997e+00
    1.98099995e+00 1.98500001e+00 2. 2. 2. 2. 2. 2. 2. 2. 2. 2. 2. 2. 2.
    2. 2. 2. 2. 1.98099995e+00 1.98099995e+00 1.98000002e+00
    1.97500002e+00 1.97500002e+00 1.97700000e+00 1.98099995e+00
    1.98099995e+00 1.97200000e+00 1.96200001e+00 1.96500003e+00 0. 0. 0.
    0. 0. 0. 0. 1.02400005e+00 1.87899995e+00 1.90100002e+00
    1.98099995e+00 1.98500001e+00 2. 2. 2. 2. 2. 2. 2. 2. 2. 2. 2. 2.
    1.99399996e+00 1.99300003e+00 2. 2. 2. 1.98099995e+00 1.98099995e+00
    1.97800004e+00 1.96200001e+00 1.96200001e+00 1.96800005e+00
    1.98099995e+00 1.98099995e+00 1.97500002e+00 1.96899998e+00
    1.97500002e+00 0. 0. 0. 0. 0. 0. 0. 0. 0. 1.02699995e+00
    1.98099995e+00 1.98500001e+00 2. 2. 2. 2. 2. 2. 2. 2. 2. 2. 2. 2.
    1.98399997e+00 1.98099995e+00 1.99899995e+00 2. 2. 1.98099995e+00
    1.98099995e+00 1.97800004e+00 1.96200001e+00 1.96200001e+00
    1.96800005e+00 1.98099995e+00 1.97800004e+00 1.97300005e+00
    1.96899998e+00 1.96599996e+00 0. 0. 0. 0. 0. 0. 0. 0. 0. 0.
    1.02400005e+00 1.99199998e+00 2. 2. 2. 2. 2. 2. 2. 2. 2. 2. 2. 2.
    1.99100006e+00 1.99000001e+00 1.99899995e+00 2. 2. 1.98099995e+00
    1.98099995e+00 1.97800004e+00 1.96200001e+00 1.96200001e+00
    1.96500003e+00 1.97500002e+00 1.97300005e+00 1.96200001e+00
    1.95200002e+00 1.94299996e+00 0. 0. 0. 0. 0. 0. 0. 0. 0. 0. 0.
    1.99800003e+00 1.99000001e+00 1.99300003e+00 2. 2. 2. 2. 2. 2. 2. 2.
    2. 2. 2. 2. 2. 2. 1.99000001e+00 1.98099995e+00 1.98099995e+00
    1.97800004e+00 1.96200001e+00 1.96200001e+00 1.96200001e+00
    1.96899998e+00 1.97300005e+00 1.95799994e+00 1.94799995e+00
    1.94299996e+00 0. 0. 0. 0. 0. 0. 0. 0. 0. 0. 0. 1.99600005e+00
    1.98099995e+00 1.98699999e+00 2. 2. 2. 2. 2. 2. 2. 2. 2. 2. 2. 2. 2.
    2. 1.98099995e+00 1.98099995e+00 1.98099995e+00 1.97800004e+00
    1.96200001e+00 1.96200001e+00 1.96200001e+00 1.96500003e+00
    1.96700001e+00 1.95299995e+00 1.93799996e+00 1.93299997e+00 0. 0. 0.
    0. 0. 0. 0. 0. 0. 0. 0. 1.99600005e+00 1.98099995e+00 1.98699999e+00
    2. 2. 2. 2. 2. 2. 2. 2. 2. 2. 2. 2. 2. 2. 1.98099995e+00
    1.98099995e+00 1.98099995e+00 1.98000002e+00 1.97300005e+00
    1.97300005e+00 1.97300005e+00 1.96899998e+00 1.96200001e+00
    1.95299995e+00 1.93400002e+00 1.92499995e+00 0. 0. 0. 0. 0. 0. 0. 0.
    0. 0. 0. 0. 1.98099995e+00 1.98699999e+00 2. 2. 2. 2. 2.00699997e+00
    2.01200008e+00 2.00399995e+00 2. 2. 2. 2. 2. 2. 2. 1.98099995e+00
    1.98099995e+00 1.98099995e+00 1.98099995e+00 1.98099995e+00
    1.98099995e+00 1.98099995e+00 1.97399998e+00 1.96200001e+00
    1.95299995e+00 1.93400002e+00 1.92499995e+00 0. 0. 0. 0. 0. 0. 0. 0.
    0. 0. 0. 0. 0. 1.99600005e+00 2. 2. 2. 2. 2.00999999e+00
    2.01900005e+00 2.00699997e+00 2. 2. 2. 2. 2. 2. 2. 1.99399996e+00
    1.98099995e+00 1.98300004e+00 1.99399996e+00 1.99399996e+00
    1.99100006e+00 1.98099995e+00 1.97899997e+00 1.97500002e+00
    1.96700001e+00 1.94700003e+00 1.93700004e+00 0. 0. 0. 0. 0. 0. 0. 0.
    0. 0. 0. 0. 0. 2. 2. 2. 2. 2. 2.00999999e+00 2.01900005e+00
    2.00699997e+00 2. 2. 2. 2. 2. 2. 1.98599994e+00 1.98599994e+00
    1.98099995e+00 1.98300004e+00 2. 2. 1.99899995e+00 1.99100006e+00
    1.98099995e+00 1.98099995e+00 1.97899997e+00 1.95899999e+00
    1.94299996e+00 0. 0. 0. 0. 0. 0. 0. 0. 0. 0. 0. 0. 0. 0. 2. 2. 2. 2.
    2.00200009e+00 2.00399995e+00 2.00099993e+00 2. 2. 2. 2. 2. 2.
    1.98099995e+00 1.96599996e+00 1.96700001e+00 1.98099995e+00
    1.98800004e+00 2. 2. 1.99399996e+00 1.98099995e+00 1.98099995e+00
    1.98099995e+00 1.97700000e+00 1.97300005e+00 0. 0. 0. 0. 0. 0. 0. 0.
    0. 0. 0. 0. 0. 0. 1.96800005e+00 1.97500002e+00 1.98399997e+00
    1.99199998e+00 1.99100006e+00 1.98399997e+00 1.99399996e+00 2. 2. 2.
    2. 2. 2. 1.98099995e+00 1.96200001e+00 1.96300006e+00 1.98099995e+00
    1.98399997e+00 2. 2. 1.99899995e+00 1.99699998e+00 1.99000001e+00
    1.98099995e+00 0. 0. 0. 0. 0. 0. 0. 0. 0. 0. 0. 0. 0. 0. 0. 0.
    1.94500005e+00 1.96000004e+00 1.98099995e+00 1.98199999e+00
    1.98199999e+00 1.98099995e+00 1.98199999e+00 1.98300004e+00
    1.99600005e+00 2. 2. 2. 2. 1.98099995e+00 1.96200001e+00
