<?xml version="1.0"?>
<opencv_storage>
<Depth type_id="opencv-matrix">
  <rows>40</rows>
  <cols>40</cols>
  <dt>f</dt>
  <data>
    0. 0. 0. 0. 0. 0. 0. 0. 0. 0. 0. 0. 0. 0. 0. 0. 0. 0. 0. 0. 0. 0. 0.
    0. 0. 0. 0. 0. 0. 0. 0. 0. 0. 0. 0. 0. 0. 0. 0. 0. 0. 0. 0. 0. 0. 0.
    0. 0. 0. 0. 0. 0. 0. 0. 0. 0. 0. 0. 0. 0. 0. 0. 0. 0. 0. 0. 0. 0. 0.
    0. 0. 0. 0. 0. 0. 0. 0. 0. 0. 0. 0. 0. 0. 0. 0. 0. 0. 0. 0. 0. 0. 0.
    0. 0. 0. 0. 0. 0. 0. 0. 0. 0. 0. 0. 0. 0. 0. 0. 0. 0. 0. 0. 0. 0. 0.
    0. 0. 0. 0. 0. 0. 0. 0. 0. 0. 0. 0. 0. 0. 0. 0. 0. 0. 0. 0. 0. 0. 0.
    0. 0. 0. 0. 0. 0. 0. 0. 0. 0. 0. 0. 0. 0. 0. 0. 0. 0. 0. 0. 0. 0. 0.
    0. 0. 0. 0. 0. 0. 0. 0. 0. 0. 0. 0. 0. 0. 0. 0. 0. 0. 0. 0. 0. 0. 0.
    0. 0. 0. 0. 0. 0. 0. 0. 0. 0. 0. 0. 0. 0. 0. 0. 0. 0. 0. 0. 0. 0. 0.
    0. 0. 0. 0. 0. 0. 0. 0. 0. 0. 0. 0. 0. 0. 0. 0. 0. 0. 0. 0. 0. 0. 0.
    0. 0. 0. 0. 0. 0. 0. 0. 0. 0. 0. 0. 0. 0. 0. 0. 0. 0. 0. 0. 0. 0. 0.
    0. 0. 0. 0. 0. 0. 0. 0. 0. 0. 0. 0. 0. 0. 0. 0. 0. 0. 0. 0. 0. 0. 0.
    0. 0. 0. 0. 0. 0. 0. 0. 0. 0. 0. 0. 0. 0. 0. 0. 0. 0. 0. 0. 0. 0. 0.
    0. 0. 0. 0. 0. 0. 0. 0. 0. 0. 0. 0. 0. 0. 0. 0. 0. 0. 0. 0. 0. 0. 0.
    0. 0. 0. 0. 0. 0. 0. 0. 0. 0. 0. 0. 0. 0. 0. 0. 0. 0. 0. 0. 0. 0. 0.
    0. 0. 0. 0. 0. 0. 0. 0. 0. 0. 0. 0. 0. 0. 0. 0. 0. 0. 0. 0. 0. 0. 0.
    0. 0. 0. 0. 0. 0. 0. 0. 0. 0. 0. 0. 0. 0. 0. 0. 0. 0. 0. 0. 0. 0. 0.
    0. 0. 0. 0. 0. 0. 0. 0. 0. 0. 0. 0. 0. 0. 0. 0. 0. 0. 0. 0. 0. 0. 0.
    0. 0. 0. 0. 0. 0. 0. 0. 0. 0. 0. 0. 0. 0. 0. 0. 0. 0. 0. 0. 0. 0. 0.
    0. 0. 0. 0. 0. 0. 0. 0. 0. 0. 0. 0. 0. 0. 0. 0. 0. 0. 0. 0. 0. 0. 0.
    0. 1.13900006e+00 1.75699997e+00 1.79700005e+00 1.79299998e+00
    1.75899994e+00 1.73399997e+00 1.73399997e+00 1.71899998e+00
    1.68400002e+00 1.15499997e+00 0. 0. 0. 0. 0. 0. 0. 0. 0. 0. 0. 0. 0.
    0. 0. 0. 0. 0. 0. 0. 0. 0. 1.00600004e+00 1.00600004e+00
    1.00600004e+00 1.00600004e+00 1.00600004e+00 1.00600004e+00
    1.00600004e+00 1.00600004e+00 1.32900000e+00 1.75000000e+00
    1.77699995e+00 1.77400005e+00 1.75100005e+00 1.73399997e+00
    1.73399997e+00 1.72399998e+00 1.70000005e+00 1.17100000e+00 0. 0. 0.
    0. 0. 0. 0. 0. 0. 0. 0. 0. 0. 0. 0. 0. 0. 0. 0. 0. 0. 1.14499998e+00
    1.59000003e+00 1.59000003e+00 1.59000003e+00 1.59000003e+00
    1.59000003e+00 1.59000003e+00 1.59000003e+00 1.59000003e+00
    1.65400004e+00 1.73699999e+00 1.74199998e+00 1.74199998e+00
    1.73699999e+00 1.73399997e+00 1.73399997e+00 1.73199999e+00
    1.72700000e+00 1.19900000e+00 0. 0. 0. 0. 0. 0. 0. 0. 0. 0. 0. 0. 0.
    0. 0. 0. 0. 0. 0. 0. 1.15900004e+00 1.45899999e+00 1.73399997e+00
    1.73399997e+00 1.73399997e+00 1.73399997e+00 1.73399997e+00
    1.73399997e+00 1.73399997e+00 1.73399997e+00 1.73399997e+00
    1.73399997e+00 1.73399997e+00 1.73500001e+00 1.75000000e+00
    1.75999999e+00 1.75999999e+00 1.75999999e+00 1.75999999e+00
    1.44900000e+00 0. 0. 0. 0. 0. 0. 0. 0. 0. 0. 0. 0. 0. 0. 0. 0. 0. 0.
    0. 1.13900006e+00 1.76499999e+00 1.77400005e+00 1.73399997e+00
    1.73399997e+00 1.73399997e+00 1.73399997e+00 1.73399997e+00
    1.73399997e+00 1.73399997e+00 1.73399997e+00 1.73399997e+00
    1.73399997e+00 1.73399997e+00 1.73699999e+00 1.76999998e+00
    1.79400003e+00 1.79400003e+00 1.79400003e+00 1.79400003e+00
    1.77199996e+00 1.73500001e+00 1.72700000e+00 0. 0. 0. 0. 0. 0. 0. 0.
    0. 0. 0. 0. 0. 0. 0. 0. 1.10300004e+00 1.45599997e+00 1.83399999e+00
    1.83099997e+00 1.79900002e+00 1.79900002e+00 1.79400003e+00
    1.77600002e+00 1.76600003e+00 1.76600003e+00 1.76600003e+00
    1.76600003e+00 1.76600003e+00 1.76600003e+00 1.76600003e+00
    1.76900005e+00 1.80499995e+00 1.83000004e+00 1.83000004e+00
    1.83000004e+00 1.83000004e+00 1.83000004e+00 1.83000004e+00
    1.83000004e+00 0. 0. 0. 0. 0. 0. 0. 0. 0. 0. 0. 0. 0. 0. 0.
    1.01999998e+00 1.54200006e+00 1.74899995e+00 1.85200000e+00
    1.86099994e+00 1.86300004e+00 1.86500001e+00 1.85699999e+00
    1.82099998e+00 1.79999995e+00 1.79999995e+00 1.80100000e+00
    1.80299997e+00 1.80200005e+00 1.79999995e+00 1.79999995e+00
    1.80400002e+00 1.83800006e+00 1.86300004e+00 1.86300004e+00
    1.86399996e+00 1.86600006e+00 1.86600006e+00 1.86600006e+00
    1.86600006e+00 0. 0. 0. 0. 0. 0. 0. 0. 0. 0. 0. 0. 0. 0.
    1.26400006e+00 1.39400005e+00 1.61600006e+00 1.73399997e+00
    1.81700003e+00 1.84300005e+00 1.86500001e+00 1.88699996e+00
    1.89400005e+00 1.85699999e+00 1.83599997e+00 1.83599997e+00
    1.85000002e+00 1.87199998e+00 1.86000001e+00 1.83800006e+00
    1.83599997e+00 1.83800006e+00 1.85200000e+00 1.86300004e+00
    1.86300004e+00 1.87300003e+00 1.89499998e+00 1.90400004e+00
    1.90400004e+00 1.90400004e+00 0. 0. 0. 0. 0. 0. 0. 0. 0. 0. 0. 0. 0.
    0. 1.67999995e+00 1.67999995e+00 1.67999995e+00 1.72800004e+00
    1.79200006e+00 1.83500004e+00 1.87600005e+00 1.90699995e+00
    1.92299998e+00 1.89100003e+00 1.87500000e+00 1.88000000e+00
    1.90199995e+00 1.93299997e+00 1.91199994e+00 1.87500000e+00
    1.87300003e+00 1.87199998e+00 1.86699998e+00 1.86300004e+00
    1.86300004e+00 1.87899995e+00 1.91700006e+00 1.93099999e+00
    1.93099999e+00 1.93099999e+00 0. 0. 0. 0. 0. 0. 0. 0. 0. 0. 0. 0. 0.
    0. 1.71399999e+00 1.71399999e+00 1.71399999e+00 1.74800003e+00
    1.79299998e+00 1.85399997e+00 1.91100001e+00 1.92200005e+00
    1.92799997e+00 1.91600001e+00 1.92100000e+00 1.94700003e+00
    1.96399999e+00 1.97599995e+00 1.95000005e+00 1.91199994e+00
    1.90999997e+00 1.90699995e+00 1.88199997e+00 1.86300004e+00
    1.86300004e+00 1.87899995e+00 1.91700006e+00 1.93099999e+00
    1.93099999e+00 1.93099999e+00 0. 0. 0. 0. 0. 0. 0. 0. 0. 0. 0. 0. 0.
    0. 1.74899995e+00 1.74899995e+00 1.74899995e+00 1.77499998e+00
    1.80999994e+00 1.86399996e+00 1.91499996e+00 1.91499996e+00
    1.91499996e+00 1.91499996e+00 1.92700005e+00 1.95599997e+00
    1.97300005e+00 1.98199999e+00 1.96200001e+00 1.93299997e+00
    1.93099999e+00 1.92700005e+00 1.88999999e+00 1.86300004e+00
    1.86300004e+00 1.87899995e+00 1.91700006e+00 1.93099999e+00
    1.93099999e+00 1.93099999e+00 0. 0. 0. 0. 0. 0. 0. 0. 0. 0. 0. 0. 0.
    0. 1.78299999e+00 1.78299999e+00 1.78299999e+00 1.80999994e+00
    1.84599996e+00 1.86300004e+00 1.87800002e+00 1.87800002e+00
    1.87800002e+00 1.87800002e+00 1.88100004e+00 1.88999999e+00
    1.90999997e+00 1.93900001e+00 1.94000006e+00 1.93200004e+00
    1.93099999e+00 1.92700005e+00 1.88999999e+00 1.86300004e+00
    1.86300004e+00 1.87899995e+00 1.91700006e+00 1.93099999e+00
    1.93099999e+00 1.93099999e+00 0. 0. 0. 0. 0. 0. 0. 0. 0. 0. 0. 0. 0.
    0. 1.81900001e+00 1.81200004e+00 1.79999995e+00 1.81500006e+00
    1.84000003e+00 1.84099996e+00 1.84099996e+00 1.84099996e+00
    1.84099996e+00 1.84099996e+00 1.84099996e+00 1.84099996e+00
    1.85599995e+00 1.88100004e+00 1.89600003e+00 1.90799999e+00
    1.90900004e+00 1.90600002e+00 1.88100004e+00 1.77800000e+00
    1.46899998e+00 1.30700004e+00 1.33200002e+00 1.34800005e+00
    1.35699999e+00 1.36000001e+00 0. 0. 0. 0. 0. 0. 0. 0. 0. 0. 0. 0. 0.
    0. 1.85500002e+00 1.83599997e+00 1.80499995e+00 1.79999995e+00
    1.80499995e+00 1.80499995e+00 1.80499995e+00 1.80499995e+00
    1.80499995e+00 1.80499995e+00 1.80499995e+00 1.80499995e+00
    1.80799997e+00 1.81299996e+00 1.83800006e+00 1.87000000e+00
    1.87199998e+00 1.87100005e+00 1.86600006e+00 1.63699996e+00 0. 0. 0.
    0. 0. 0. 0. 0. 0. 0. 0. 0. 0. 0. 0. 0. 0. 0. 0. 0. 1.86300004e+00
    1.84200001e+00 1.80599999e+00 1.79700005e+00 1.79700005e+00
    1.78400004e+00 1.77100003e+00 1.77100003e+00 1.76699996e+00
    1.75199997e+00 1.74399996e+00 1.74399996e+00 1.56500006e+00
    1.26400006e+00 1.18400002e+00 1.17100000e+00 1.15799999e+00
    1.14600003e+00 1.13999999e+00 0. 0. 0. 0. 0. 0. 0. 0. 0. 0. 0. 0. 0.
    0. 0. 0. 0. 0. 0. 0. 0. 1.86300004e+00 1.84200001e+00 1.80599999e+00
    1.79700005e+00 1.79700005e+00 1.76600003e+00 1.73599994e+00
    1.73599994e+00 1.72800004e+00 1.69400001e+00 1.67499995e+00
    1.67499995e+00 1.26199996e+00 0. 0. 0. 0. 0. 0. 0. 0. 0. 0. 0. 0. 0.
