<?xml version="1.0"?>
<opencv_storage>
<Depth type_id="opencv-matrix">
  <rows>40</rows>
  <cols>40</cols>
  <dt>f</dt>
  <data>
    0. 0. 0. 0. 0. 0. 0. 0. 0. 0. 0. 0. 0. 0. 0. 0. 0. 0. 0. 0. 0. 0. 0.
    0. 0. 0. 0. 0. 0. 0. 0. 0. 0. 0. 0. 0. 0. 0. 0. 0. 0. 0. 0. 0. 0. 0.
    0. 0. 0. 0. 0. 0. 0. 0. 0. 0. 0. 0. 0. 0. 0. 0. 0. 0. 0. 0. 0. 0. 0.
    0. 0. 0. 0. 0. 0. 0. 0. 0. 0. 0. 0. 0. 0. 0. 0. 0. 0. 0. 0. 0. 0. 0.
    0. 0. 0. 0. 0. 0. 0. 0. 0. 0. 0. 0. 0. 0. 0. 0. 0. 0. 0. 0. 0. 0. 0.
    0. 0. 0. 0. 0. 0. 0. 0. 0. 0. 0. 0. 0. 0. 0. 0. 0. 0. 0. 0. 0. 0. 0.
    0. 0. 0. 0. 0. 0. 0. 0. 0. 0. 0. 0. 0. 0. 0. 0. 0. 0. 0. 0. 0. 0. 0.
    0. 0. 0. 0. 0. 0. 0. 0. 0. 0. 0. 0. 0. 0. 0. 0. 0. 0. 0. 0. 0. 0. 0.
    0. 0. 0. 0. 0. 0. 0. 0. 0. 0. 0. 0. 0. 0. 0. 0. 0. 0. 0. 0. 0. 0. 0.
    0. 0. 0. 0. 0. 0. 0. 0. 0. 0. 0. 0. 0. 0. 0. 0. 0. 0. 0. 0. 0. 0. 0.
    0. 0. 0. 0. 0. 0. 0. 0. 0. 0. 0. 0. 0. 0. 0. 0. 0. 0. 0. 0. 0. 0. 0.
    0. 0. 0. 0. 0. 0. 0. 0. 0. 0. 0. 0. 0. 0. 0. 0. 0. 0. 0. 0. 0. 0. 0.
    0. 0. 0. 0. 0. 0. 0. 0. 0. 0. 0. 0. 0. 0. 0. 0. 0. 0. 0. 0. 0. 0. 0.
    0. 0. 0. 0. 0. 0. 2.13100004e+00 2.13100004e+00 2.13100004e+00
    2.13100004e+00 2.13100004e+00 2.13100004e+00 2.13100004e+00
    2.13100004e+00 2.13100004e+00 2.13100004e+00 2.13100004e+00 0. 0. 0.
    0. 0. 0. 0. 0. 0. 0. 0. 0. 0. 0. 0. 0. 0. 0. 0. 0. 0. 0. 0. 0. 0. 0.
    0. 0. 0. 2.13100004e+00 2.13100004e+00 2.13100004e+00 2.13100004e+00
    2.13100004e+00 2.13100004e+00 2.13100004e+00 2.13100004e+00
    2.13100004e+00 2.13100004e+00 2.13100004e+00 0. 0. 0. 0. 0. 0. 0. 0.
    0. 0. 0. 0. 0. 0. 0. 0. 0. 0. 0. 0. 0. 0. 0. 0. 0. 0. 0. 0.
    1.48199999e+00 2.13100004e+00 2.13100004e+00 2.13100004e+00
    2.13100004e+00 2.13100004e+00 2.13100004e+00 2.13100004e+00
    2.13100004e+00 2.13100004e+00 2.13100004e+00 2.13100004e+00 0. 0. 0.
    0. 0. 0. 0. 0. 0. 0. 0. 0. 0. 0. 0. 0. 0. 0. 0. 0. 0. 0. 0. 0. 0. 0.
    1.52900004e+00 1.79600000e+00 2.02099991e+00 2.13100004e+00
    2.13100004e+00 2.13100004e+00 2.13100004e+00 2.13100004e+00
    2.13100004e+00 2.13100004e+00 2.13100004e+00 2.13100004e+00
    2.13100004e+00 2.13100004e+00 0. 0. 0. 0. 0. 0. 0. 0. 0. 0. 0. 0. 0.
    0. 0. 0. 0. 0. 0. 0. 0. 0. 0. 0. 0. 0. 2.09800005e+00 2.11400008e+00
    2.09699988e+00 2.08899999e+00 2.08899999e+00 2.08899999e+00
    2.08899999e+00 2.08899999e+00 2.08899999e+00 2.08899999e+00
    2.08899999e+00 2.08899999e+00 2.08899999e+00 2.08899999e+00 0. 0. 0.
    0. 0. 0. 0. 0. 0. 0. 0. 0. 0. 0. 0. 0. 0. 0. 0. 0. 0. 0. 0. 0. 0.
    1.33299994e+00 2.11700010e+00 2.09299994e+00 2.05399990e+00
    2.03600001e+00 2.03600001e+00 2.03600001e+00 2.03600001e+00
    2.03600001e+00 2.03600001e+00 2.03600001e+00 2.03600001e+00
    2.03600001e+00 2.03600001e+00 2.03600001e+00 0. 0. 0. 0. 0. 0. 0. 0.
    2.26699996e+00 1.52600002e+00 0. 0. 0. 0. 0. 0. 0. 0. 0.
    1.98599994e+00 1.99300003e+00 1.99899995e+00 2. 2. 2.02399993e+00
    2.07699990e+00 2.13000011e+00 2.07900000e+00 2.02600002e+00 2. 2. 2.
    2. 2. 2. 2. 2. 2. 2. 2. 0. 0. 0. 0. 0. 0. 0. 0. 2.26699996e+00
    1.52600002e+00 0. 0. 0. 0. 0. 0. 0. 0. 1.17499995e+00 1.94299996e+00
    1.97099996e+00 1.99800003e+00 2. 2. 2.02399993e+00 2.07699990e+00
    2.13000011e+00 2.07900000e+00 2.02600002e+00 2. 2. 2. 2. 2. 2. 2. 2.
    2. 2. 2. 0. 0. 0. 0. 0. 0. 0. 0. 2.26699996e+00 1.52600002e+00 0. 0.
    0. 0. 1.50199997e+00 1.50199997e+00 1.50199997e+00 1.63399994e+00
    1.78799999e+00 1.90100002e+00 1.94799995e+00 1.99600005e+00 2. 2.
    2.02399993e+00 2.07699990e+00 2.13000011e+00 2.07900000e+00
    2.02600002e+00 2. 2. 2. 2. 2. 2. 2. 2. 2. 2. 2. 0. 0. 0. 0. 0. 0. 0.
    0. 2.26699996e+00 1.76900005e+00 0. 0. 0. 0. 1.87500000e+00
    1.87500000e+00 1.87500000e+00 1.87500000e+00 1.87500000e+00
    1.89499998e+00 1.94500005e+00 1.99600005e+00 2. 2. 2.01600003e+00
    2.04999995e+00 2.08500004e+00 2.05100012e+00 2.01699996e+00 2. 2. 2.
    2. 2. 2. 2. 2. 2. 2. 2. 0. 0. 0. 0. 0. 0. 0. 0. 2.26699996e+00
    2.05200005e+00 1.24199998e+00 0. 0. 1.43700004e+00 1.87500000e+00
    1.87500000e+00 1.87500000e+00 1.87500000e+00 1.87500000e+00
    1.89499998e+00 1.94500005e+00 1.99600005e+00 2. 2. 2.00600004e+00
    2.01900005e+00 2.03200006e+00 2.01999998e+00 2.00600004e+00 2. 2. 2.
    2. 2. 2. 2. 2. 2. 2. 2. 0. 0. 0. 0. 0. 0. 0. 0. 2.24600005e+00
    2.20600009e+00 2.05599999e+00 1.90600002e+00 1.87500000e+00
    1.87500000e+00 1.87800002e+00 1.88600004e+00 1.89400005e+00
    1.89499998e+00 1.89499998e+00 1.91100001e+00 1.95400000e+00
    1.99699998e+00 2. 2. 2. 2. 2. 1.99199998e+00 1.98399997e+00
    1.98000002e+00 1.98000002e+00 1.98000002e+00 1.98000002e+00
    1.98000002e+00 1.98000002e+00 1.98000002e+00 1.98099995e+00
    1.98899996e+00 1.99699998e+00 2. 0. 0. 0. 0. 0. 0. 0. 0.
    2.19000006e+00 2.15700006e+00 2.02900004e+00 1.90100002e+00
    1.87500000e+00 1.87500000e+00 1.88399994e+00 1.91299999e+00
    1.94099998e+00 1.94500005e+00 1.94500005e+00 1.95400000e+00
    1.97599995e+00 1.99800003e+00 2. 2. 2. 2. 2. 1.97200000e+00
    1.94400001e+00 1.92999995e+00 1.92999995e+00 1.92999995e+00
    1.92999995e+00 1.92999995e+00 1.92999995e+00 1.92999995e+00
    1.93299997e+00 1.96099997e+00 1.99000001e+00 2. 0. 0. 0. 0. 0. 0. 0.
    0. 2.13499999e+00 2.10700011e+00 2.00200009e+00 1.89600003e+00
    1.87500000e+00 1.87500000e+00 1.89100003e+00 1.94000006e+00
    1.98899996e+00 1.99600005e+00 1.99600005e+00 1.99699998e+00
    1.99800003e+00 2. 2. 2. 2. 2. 2. 1.95200002e+00 1.90300000e+00
    1.87899995e+00 1.87899995e+00 1.87899995e+00 1.87899995e+00
    1.87899995e+00 1.87899995e+00 1.87899995e+00 1.88399994e+00
    1.93299997e+00 1.98199999e+00 2. 0. 0. 0. 0. 0. 0. 0. 0.
    2.13100004e+00 2.11400008e+00 2.04900002e+00 1.98399997e+00
    1.97000003e+00 1.97000003e+00 1.97399998e+00 1.98599994e+00
    1.99800003e+00 2. 2. 2. 2. 2. 2. 2. 2. 2. 2. 1.95000005e+00
    1.89999998e+00 1.87500000e+00 1.87500000e+00 1.87500000e+00
    1.87500000e+00 1.87500000e+00 1.72000003e+00 1.45000005e+00
    1.21200001e+00 1.24300003e+00 1.27499998e+00 1.28699994e+00 0. 0. 0.
    0. 0. 0. 0. 0. 2.13100004e+00 2.12500000e+00 2.10200000e+00
    2.07900000e+00 2.07399988e+00 2.07399988e+00 2.06399989e+00
    2.03399992e+00 2.00399995e+00 2. 2. 2. 2. 2. 2. 2. 2. 2. 2.
    1.95000005e+00 1.89999998e+00 1.87500000e+00 1.87500000e+00
    1.87500000e+00 1.87500000e+00 1.87500000e+00 1.55100000e+00 0. 0. 0.
    0. 0. 0. 0. 0. 0. 0. 0. 0. 0. 2.13100004e+00 2.13100004e+00
    2.13100004e+00 2.13100004e+00 2.12299991e+00 2.11400008e+00
    2.09299994e+00 2.04999995e+00 2.00600004e+00 2. 2. 2. 2. 2. 2. 2. 2.
    2. 2. 1.95000005e+00 1.89999998e+00 1.87500000e+00 1.87500000e+00
    1.86899996e+00 1.74199998e+00 1.61399996e+00 1.21700001e+00 0. 0. 0.
    0. 0. 0. 0. 0. 0. 0. 0. 0. 0. 2.13100004e+00 2.13100004e+00
    2.13100004e+00 2.13100004e+00 2.10599995e+00 2.07500005e+00
    2.04699993e+00 2.02500010e+00 2.00300002e+00 2. 2. 2. 2. 2. 2. 2. 2.
    2. 2. 1.95000005e+00 1.89999998e+00 1.87500000e+00 1.87500000e+00
    1.85699999e+00 1.44700003e+00 1.03699994e+00 0. 0. 0. 0. 0. 0. 0. 0.
    0. 0. 0. 0. 0. 0. 2.13100004e+00 2.13100004e+00 2.13100004e+00
    2.13100004e+00 2.08899999e+00 2.03600001e+00 2.00099993e+00 2. 2. 2.
    2. 2. 2. 2. 2. 2. 2. 2. 2. 1.95000005e+00 1.89999998e+00
    1.87500000e+00 1.87500000e+00 1.84500003e+00 1.15199995e+00 0. 0. 0.
    0. 0. 0. 0. 0. 0. 0. 0. 0. 0. 0. 0. 2.13100004e+00 2.13100004e+00
    2.13100004e+00 2.13100004e+00 2.08899999e+00 2.03600001e+00 2. 2. 2.
    2. 2. 2. 2. 2. 2. 2. 2. 2. 2. 1.95000005e+00 1.89999998e+00
    1.73300004e+00 1.45500004e+00 1.17100000e+00 0. 0. 0. 0. 0. 0. 0. 0.
    0. 0. 0. 0. 0. 0. 0. 0. 2.13100004e+00 2.13100004e+00 2.13100004e+00
    2.13100004e+00 2.08899999e+00 2.03600001e+00 2. 2. 2. 2. 2. 2. 2. 2.
    2. 2. 2. 2. 2. 1.95000005e+00 1.89999998e+00 1.58800006e+00
    1.02699995e+00 0. 0. 0. 0. 0. 0. 0. 0. 0. 0. 0. 0. 0. 0. 0. 0. 0.
    1.72000003e+00 1.72000003e+00 1.72000003e+00 1.72000003e+00
