<?xml version="1.0"?>
<opencv_storage>
<Depth type_id="opencv-matrix">
  <rows>40</rows>
  <cols>40</cols>
  <dt>f</dt>
  <data>
    0. 0. 0. 0. 0. 0. 0. 0. 0. 0. 0. 0. 0. 0. 0. 0. 0. 0. 0. 0. 0. 0. 0.
    0. 0. 0. 0. 0. 0. 0. 0. 0. 0. 0. 0. 0. 0. 0. 0. 0. 0. 0. 0. 0. 0. 0.
    0. 0. 0. 0. 0. 0. 0. 0. 0. 0. 0. 0. 0. 0. 0. 0. 0. 0. 0. 0. 0. 0. 0.
    0. 0. 0. 0. 0. 0. 0. 0. 0. 0. 0. 0. 0. 0. 0. 0. 0. 0. 0. 0. 0. 0. 0.
    0. 0. 0. 0. 0. 0. 0. 0. 0. 0. 0. 0. 0. 0. 0. 0. 0. 0. 0. 0. 0. 0. 0.
    0. 0. 0. 0. 0. 0. 0. 0. 0. 0. 0. 0. 0. 0. 0. 0. 0. 0. 0. 0. 0. 0. 0.
    0. 0. 0. 0. 0. 0. 0. 0. 0. 0. 0. 0. 0. 0. 0. 0. 0. 0. 0. 0. 0. 0. 0.
    0. 0. 0. 0. 0. 0. 0. 0. 0. 0. 0. 0. 0. 0. 0. 0. 0. 0. 0. 0. 0. 0. 0.
    0. 0. 0. 0. 0. 0. 0. 0. 0. 0. 0. 0. 0. 0. 0. 0. 0. 0. 0. 0. 0. 0. 0.
    0. 0. 0. 0. 0. 0. 0. 0. 0. 0. 0. 0. 0. 0. 0. 0. 0. 0. 0. 0. 0. 0. 0.
    0. 0. 0. 0. 0. 0. 0. 0. 0. 0. 0. 0. 0. 0. 0. 0. 0. 0. 0. 0. 0. 0. 0.
    0. 0. 0. 0. 0. 0. 0. 0. 0. 0. 0. 0. 0. 0. 0. 0. 0. 0. 0. 0. 0. 0. 0.
    0. 0. 0. 0. 0. 0. 2.71700001e+00 2.03099990e+00 2.02099991e+00
    2.02099991e+00 2.02099991e+00 2.02099991e+00 2.02099991e+00
    2.02099991e+00 2.01999998e+00 2.00099993e+00 2. 2.01099992e+00
    2.00300002e+00 2. 2.00600004e+00 2.01900005e+00 2.01999998e+00
    2.01900005e+00 2.00500011e+00 1.99000001e+00 2.17400002e+00
    2.67400002e+00 2. 2.58999991e+00 0. 0. 0. 0. 0. 0. 0. 0. 0. 0. 0. 0.
    0. 0. 0. 0. 2.27600002e+00 2.02500010e+00 2.02099991e+00
    2.02099991e+00 2.02099991e+00 2.02099991e+00 2.02099991e+00
    2.02099991e+00 2.02099991e+00 2.01300001e+00 2.00699997e+00
    2.01099992e+00 2.00799990e+00 2.00699997e+00 2.00900006e+00
    2.01099992e+00 2.01300001e+00 2.01200008e+00 2.00699997e+00
    1.99600005e+00 1.99699998e+00 2. 2. 2. 2. 2. 2. 2.68700004e+00
    2.69099998e+00 2.70900011e+00 2.71300006e+00 2.14299989e+00
    1.99500000e+00 2.01099992e+00 2.72600007e+00 2.73399997e+00 0. 0. 0.
    2.03099990e+00 2.02399993e+00 2.01999998e+00 2.02099991e+00
    2.02099991e+00 2.02099991e+00 2.02099991e+00 2.01099992e+00
    2.01099992e+00 2.01999998e+00 2.01099992e+00 2.01099992e+00
    2.01099992e+00 2.01099992e+00 2.01099992e+00 2.01099992e+00
    2.01099992e+00 2.01099992e+00 2.01099992e+00 2.01099992e+00
    2.00399995e+00 2. 2. 2. 2. 2.00099993e+00 2. 2. 2. 2.00500011e+00
    2.00999999e+00 2.00699997e+00 2.00099993e+00 2.00300002e+00
    2.01099992e+00 2.00999999e+00 2.00999999e+00 2.00999999e+00 0. 0.
    2.78500009e+00 2.01500010e+00 2.01200008e+00 2.02099991e+00
    2.02099991e+00 2.02099991e+00 2.02099991e+00 2.01099992e+00
    2.01099992e+00 2.01099992e+00 2.01099992e+00 2.01099992e+00
    2.01099992e+00 2.01099992e+00 2.01099992e+00 2.01099992e+00
    2.01099992e+00 2.01099992e+00 2.01099992e+00 2.01099992e+00
    2.01099992e+00 2. 2. 2. 2.00399995e+00 2.01099992e+00 2. 2. 2. 2. 2.
    2.00600004e+00 2.00999999e+00 2.01099992e+00 2.00799990e+00 2. 2. 2.
    0. 0. 0. 2.01999998e+00 2.01999998e+00 2.01200008e+00 2.01200008e+00
    2.01200008e+00 2.01900005e+00 2.01099992e+00 2.01099992e+00
    2.01099992e+00 2.01099992e+00 2.01099992e+00 2.01099992e+00
    2.01099992e+00 2.01099992e+00 2.01099992e+00 2.01099992e+00
    2.01099992e+00 2.01099992e+00 2.01099992e+00 2.01099992e+00 2. 2. 2.
    2. 2.00099993e+00 2. 2. 2. 2. 2. 2. 2.00099993e+00 2.00099993e+00 2.
    2. 2. 2. 0. 0. 0. 2.02099991e+00 2.02399993e+00 2.01099992e+00
    2.01099992e+00 2.01099992e+00 2.01099992e+00 2.01099992e+00
    2.01099992e+00 2.01099992e+00 2.01099992e+00 2.01099992e+00
    2.01099992e+00 2.01099992e+00 2.01099992e+00 2.01099992e+00
    2.01099992e+00 2.01099992e+00 2.01099992e+00 2.00799990e+00 2. 2. 2.
    2. 2. 2. 2. 2. 2. 2. 2. 2. 2. 2. 2. 2. 2. 2. 0. 0. 0. 2.02900004e+00
    2.03099990e+00 2.01099992e+00 2.01099992e+00 2.01099992e+00
    2.01099992e+00 2.01900005e+00 2.01399994e+00 2.01099992e+00
    2.01099992e+00 2.01099992e+00 2.01099992e+00 2.01099992e+00
    2.01099992e+00 2.01099992e+00 2.01099992e+00 2.01099992e+00
    2.00399995e+00 2.00200009e+00 2. 2. 2. 2. 2. 2. 2. 2. 2.
    2.00399995e+00 2. 2. 2. 2. 2. 2. 2. 2. 0. 0. 0. 2.03099990e+00
    2.02900004e+00 2.02099991e+00 2.01399994e+00 2.01300001e+00
    2.01799989e+00 2.01900005e+00 2.01399994e+00 2.01099992e+00
    2.00600004e+00 2. 2.00999999e+00 2.01099992e+00 2.00900006e+00 2.
    2.01099992e+00 2.01099992e+00 2.00300002e+00 2. 2. 2. 2. 2. 2. 2.
    2.00200009e+00 2. 2. 2. 2. 2. 2. 2. 2. 2. 1.99399996e+00
    1.99000001e+00 0. 0. 2.64400005e+00 2.02500010e+00 2.02099991e+00
    2.02099991e+00 2.02099991e+00 2.02099991e+00 2.01300001e+00
    2.01099992e+00 2.01099992e+00 2.01099992e+00 2.00900006e+00
    2.00099993e+00 2.00300002e+00 2.01099992e+00 2.00999999e+00
    2.00699997e+00 2.00399995e+00 2.00399995e+00 2.00399995e+00
    2.00200009e+00 2.00699997e+00 2. 2. 2. 2. 2. 2.00300002e+00 2. 2. 2.
    2. 2. 2. 2. 2. 1.99899995e+00 1.99000001e+00 1.99000001e+00 0. 0.
    2.03800011e+00 2.02099991e+00 2.01999998e+00 2.01099992e+00
    2.01099992e+00 2.01099992e+00 2.01099992e+00 2.01099992e+00
    2.01099992e+00 2.01099992e+00 2.01099992e+00 2.01099992e+00
    2.01099992e+00 2.01099992e+00 2.01099992e+00 2.00500011e+00 2. 2. 2.
    2.00300002e+00 2.01099992e+00 2. 2. 2. 2. 2. 2. 2. 2. 2. 2. 2. 2. 2.
    2. 1.99899995e+00 1.99000001e+00 1.99000001e+00 0. 0. 2.02999997e+00
    2.01500010e+00 2.01099992e+00 2.01099992e+00 2.01099992e+00
    2.01099992e+00 2.01099992e+00 2.01099992e+00 2.01099992e+00
    2.01099992e+00 2. 2. 2. 2. 2. 2. 2. 2. 2. 2.00200009e+00
    2.00600004e+00 2. 2. 2. 2. 2. 2.00799990e+00 2. 2. 2. 2. 2. 2. 2. 2.
    2. 1.99500000e+00 2.00300002e+00 0. 0. 2.02800012e+00 2.01099992e+00
    2.01099992e+00 2.01099992e+00 2.01099992e+00 2.01099992e+00
    2.01099992e+00 2.01099992e+00 2.01099992e+00 2.01099992e+00 2. 2. 2.
    2. 2. 2. 2. 2. 2. 2. 2. 2. 2. 2. 2. 2. 2.00099993e+00 2. 2. 2. 2. 2.
    2. 2. 2. 2. 2. 0. 0. 0. 2.01099992e+00 2.01099992e+00 2.01099992e+00
    2.01099992e+00 2.01099992e+00 2.01099992e+00 2.01099992e+00
    2.01099992e+00 2.01099992e+00 2.01099992e+00 2.00799990e+00
    2.00300002e+00 2. 2. 2. 2. 2. 2. 2. 2. 2. 2. 2. 2. 2. 2. 2.
    2.00200009e+00 2. 2. 2. 2. 2. 2. 2. 2. 2. 0. 0. 0. 2.00300002e+00
    2.00300002e+00 2.01799989e+00 2.01799989e+00 2.01799989e+00
    2.01099992e+00 2.01099992e+00 2.01099992e+00 2.01099992e+00
    2.01099992e+00 2.01099992e+00 2.01099992e+00 2. 2. 2. 2. 2. 2. 2. 2.
    2. 2. 2. 2. 2. 2. 2. 2.00200009e+00 2. 2. 2. 2. 2. 2. 2. 2. 2. 2. 0.
    0. 2.00200009e+00 2.00200009e+00 2.02099991e+00 2.01900005e+00
    2.01200008e+00 2.01099992e+00 2.01099992e+00 2.01099992e+00
    2.01099992e+00 2.01099992e+00 2.01099992e+00 2.01099992e+00
    2.00799990e+00 2. 2. 2. 2. 2. 2. 2. 2. 2. 2. 2. 2. 2. 2. 2. 2. 2. 2.
    2. 2. 2. 2. 2. 2.00099993e+00 1.73800004e+00 0. 0. 2.01099992e+00
    2.01500010e+00 2.01999998e+00 2.01099992e+00 2.01099992e+00
    2.01099992e+00 2.01099992e+00 2.01099992e+00 2.01099992e+00
    2.01099992e+00 2.01099992e+00 2.01099992e+00 2.00300002e+00 2. 2. 2.
    2.00600004e+00 2. 2. 2. 2. 2. 2. 2. 2. 2. 2. 2. 2. 2. 2. 2. 2. 2. 2.
    2. 2.00500011e+00 0. 0. 0. 2.01099992e+00 2.01699996e+00
    2.01999998e+00 2.01099992e+00 2.01099992e+00 2.01099992e+00
    2.01099992e+00 2.01099992e+00 2.01099992e+00 2.01099992e+00
    2.01099992e+00 2.01099992e+00 2. 2. 2. 2. 2.01099992e+00 2. 2. 2. 2.
    2. 2. 2. 2. 2. 2. 2. 2. 2. 2. 2. 2. 2. 2. 2. 2.00500011e+00 0. 0. 0.
    2.01099992e+00 2.01099992e+00 2.01099992e+00 2.01099992e+00
    2.01099992e+00 2.01099992e+00 2.01099992e+00 2.01099992e+00
    2.01099992e+00 2.01099992e+00 2.01099992e+00 2.01099992e+00
    2.00799990e+00 2. 2.00099993e+00 2.00500011e+00 2.01099992e+00 2. 2.
    2. 2. 2. 2. 2. 2. 2. 2. 2. 2. 2. 2. 2. 2. 1.99800003e+00
    1.99000001e+00 1.99000001e+00 1.99300003e+00 1.00899994e+00 0. 0.
    2.01099992e+00 2.01099992e+00 2.01099992e+00 2.01099992e+00
    2.01099992e+00 2.01099992e+00 2.00399995e+00 2.00300002e+00
