<?xml version="1.0"?>
<opencv_storage>
<Depth type_id="opencv-matrix">
  <rows>40</rows>
  <cols>40</cols>
  <dt>f</dt>
  <data>
    0. 0. 0. 0. 0. 0. 0. 0. 0. 0. 0. 0. 0. 0. 0. 0. 0. 0. 0. 0. 0. 0. 0.
    0. 0. 0. 0. 0. 0. 0. 0. 0. 0. 0. 0. 0. 0. 0. 0. 0. 0. 0. 0. 0. 0. 0.
    0. 0. 0. 0. 0. 0. 0. 0. 0. 0. 0. 0. 0. 0. 0. 0. 0. 0. 0. 0. 0. 0. 0.
    0. 0. 0. 0. 0. 0. 0. 0. 0. 0. 0. 0. 0. 0. 0. 0. 0. 0. 0. 0. 0. 0. 0.
    0. 0. 0. 0. 0. 0. 0. 0. 0. 0. 0. 0. 0. 0. 0. 0. 0. 0. 0. 0. 0. 0. 0.
    0. 0. 0. 0. 0. 0. 0. 0. 0. 0. 0. 0. 0. 0. 0. 0. 0. 0. 0. 0. 0. 0. 0.
    0. 0. 0. 0. 0. 0. 0. 0. 0. 0. 0. 0. 0. 0. 0. 0. 0. 0. 0. 0. 0. 0. 0.
    0. 0. 0. 0. 0. 0. 0. 0. 0. 0. 0. 0. 0. 0. 0. 0. 0. 0. 0. 0. 0. 0. 0.
    0. 0. 0. 0. 0. 0. 0. 0. 0. 0. 0. 0. 0. 0. 0. 0. 0. 0. 0. 0. 0. 0. 0.
    0. 0. 0. 0. 0. 0. 0. 0. 0. 0. 0. 0. 0. 0. 0. 0. 0. 0. 0. 0. 0. 0. 0.
    0. 0. 0. 0. 0. 0. 0. 0. 0. 0. 0. 0. 0. 0. 0. 0. 0. 0. 0. 0. 0. 0. 0.
    0. 0. 0. 0. 0. 0. 0. 0. 0. 0. 0. 0. 0. 0. 0. 0. 0. 0. 0. 0. 0. 0. 0.
    0. 0. 0. 0. 0. 0. 0. 0. 0. 0. 0. 0. 0. 0. 0. 0. 0. 0. 0. 0. 0. 0. 0.
    0. 0. 0. 0. 0. 0. 0. 0. 0. 0. 0. 0. 0. 0. 0. 0. 0. 0. 0. 0. 0. 0. 0.
    0. 0. 0. 0. 0. 0. 0. 0. 0. 0. 0. 0. 0. 0. 0. 0. 0. 0. 0. 0. 0. 0. 0.
    0. 0. 0. 0. 0. 0. 0. 0. 0. 0. 0. 0. 0. 0. 0. 0. 0. 0. 0. 0. 0. 0. 0.
    0. 0. 0. 0. 0. 0. 0. 0. 0. 0. 0. 0. 0. 0. 0. 0. 0. 0. 0. 0. 0. 0. 0.
    0. 0. 0. 0. 0. 0. 0. 0. 0. 0. 2.63199997e+00 2.17700005e+00
    2.26900005e+00 0. 0. 0. 0. 0. 0. 0. 0. 2.99499989e+00 2.95099998e+00
    2.95000005e+00 2.95000005e+00 2.95000005e+00 2.95000005e+00
    2.95000005e+00 2.95000005e+00 2.95000005e+00 2.93400002e+00
    2.89599991e+00 2.89599991e+00 2.89599991e+00 2.89599991e+00
    2.89599991e+00 2.89400005e+00 2.85200000e+00 2.84200001e+00
    2.82100010e+00 2.79099989e+00 2.79099989e+00 2.79099989e+00
    2.79099989e+00 2.79099989e+00 2.79099989e+00 2.79099989e+00
    2.79099989e+00 2.79099989e+00 2.44400001e+00 2.29600000e+00
    2.14400005e+00 2.15599990e+00 2.39199996e+00 2.39800000e+00
    2.38400006e+00 2.38400006e+00 2.41300011e+00 2.95000005e+00 0. 0. 0.
    2.95099998e+00 2.95000005e+00 2.95000005e+00 2.95000005e+00
    2.95000005e+00 2.95000005e+00 2.95000005e+00 2.95000005e+00
    2.94499993e+00 2.93000007e+00 2.90000010e+00 2.89599991e+00
    2.89599991e+00 2.89599991e+00 2.89400005e+00 2.85200000e+00
    2.84200001e+00 2.83599997e+00 2.81900001e+00 2.79200006e+00
    2.79099989e+00 2.79099989e+00 2.79099989e+00 2.79099989e+00
    2.79099989e+00 2.79099989e+00 2.79099989e+00 2.11800003e+00
    2.12299991e+00 2.11700010e+00 2.10200000e+00 2.08899999e+00
    2.07500005e+00 2.06100011e+00 2.05200005e+00 2.07500005e+00
    2.48900008e+00 2.57699990e+00 2.57699990e+00 2.56200004e+00
    2.50200009e+00 2.50099993e+00 2.75500011e+00 2.78999996e+00
    2.50099993e+00 2.50099993e+00 2.50099993e+00 2.50099993e+00
    2.63599992e+00 2.94700003e+00 2.92499995e+00 2.92199993e+00
    2.91000009e+00 2.89599991e+00 2.89499998e+00 2.87299991e+00
    2.85200000e+00 2.84200001e+00 2.83699989e+00 2.81599998e+00
    2.81500006e+00 2.81500006e+00 2.81500006e+00 2.81200004e+00
    2.79299998e+00 2.79099989e+00 2.79099989e+00 2.10400009e+00
    2.10400009e+00 2.10400009e+00 2.10100007e+00 2.07299995e+00
    2.06900001e+00 2.05299997e+00 2.03399992e+00 2.03399992e+00
    2.03399992e+00 2.03399992e+00 2.03399992e+00 2.02699995e+00 2. 2.
    2.39700007e+00 2.45199990e+00 2. 2. 2. 2. 2.20799994e+00
    2.69199991e+00 2.68499994e+00 2.68400002e+00 2.66599989e+00
    2.64400005e+00 2.65300012e+00 2.85200000e+00 2.87199998e+00
    2.85599995e+00 2.85599995e+00 2.85599995e+00 2.85599995e+00
    2.85599995e+00 2.85599995e+00 2.81699991e+00 2.58800006e+00
    2.56699991e+00 2.68000007e+00 2.10400009e+00 2.10400009e+00
    2.10400009e+00 2.10100007e+00 2.07500005e+00 2.06999993e+00
    2.05399990e+00 2.03600001e+00 2.03600001e+00 2.03600001e+00
    2.03500009e+00 2.03399992e+00 2.02800012e+00 2.00200009e+00
    2.00200009e+00 2.00099993e+00 2. 2. 2. 2. 2. 1.99000001e+00
    1.96300006e+00 1.93799996e+00 1.93400002e+00 1.93400002e+00
    1.93400002e+00 1.96599996e+00 2.68600011e+00 2.84800005e+00
    2.84800005e+00 2.84699988e+00 2.84599996e+00 2.84599996e+00
    2.84599996e+00 2.84599996e+00 2.72099996e+00 2. 1.93400002e+00
    2.34400010e+00 2.10400009e+00 2.10400009e+00 2.10400009e+00
    2.10299993e+00 2.09899998e+00 2.07900000e+00 2.06599998e+00
    2.06299996e+00 2.06299996e+00 2.06299996e+00 2.04500008e+00
    2.03399992e+00 2.03299999e+00 2.02900004e+00 2.02900004e+00
    2.01200008e+00 2. 2. 2. 2. 2. 1.99000001e+00 1.96300006e+00
    1.93799996e+00 1.93400002e+00 1.93400002e+00 1.93400002e+00
    1.93900001e+00 2.06100011e+00 2.10500002e+00 2.10400009e+00
    2.08299994e+00 2.06100011e+00 2.05999994e+00 2.05999994e+00
    2.05999994e+00 2.03900003e+00 1.91799998e+00 1.92600000e+00
    2.00300002e+00 2.10400009e+00 2.11599994e+00 2.12700009e+00
    2.12400007e+00 2.10700011e+00 2.07999992e+00 2.06900001e+00
    2.06900001e+00 2.06900001e+00 2.06900001e+00 2.06100011e+00
    2.05599999e+00 2.05200005e+00 2.03399992e+00 2.03399992e+00
    2.02699995e+00 2.02099991e+00 2.02099991e+00 2.02099991e+00
    2.00600004e+00 2. 1.99600005e+00 1.98399997e+00 1.95799994e+00
    1.95400000e+00 1.94500005e+00 1.93400002e+00 1.93400002e+00
    1.93400002e+00 1.94099998e+00 1.94099998e+00 1.92799997e+00
    1.90199995e+00 1.90100002e+00 1.90100002e+00 1.90100002e+00
    1.90100002e+00 1.90100002e+00 1.92499995e+00 1.92400002e+00
    2.10400009e+00 2.12299991e+00 2.14000010e+00 2.13599992e+00
    2.10800004e+00 2.07999992e+00 2.06900001e+00 2.06900001e+00
    2.06900001e+00 2.06900001e+00 2.06900001e+00 2.06299996e+00
    2.04999995e+00 2.03399992e+00 2.03399992e+00 2.03399992e+00
    2.03399992e+00 2.03200006e+00 2.02099991e+00 2.00500011e+00 2. 2.
    1.99800003e+00 1.98300004e+00 1.97099996e+00 1.95099998e+00
    1.93400002e+00 1.93400002e+00 1.93400002e+00 1.93400002e+00
    1.93400002e+00 1.92999995e+00 1.91499996e+00 1.90400004e+00
    1.90100002e+00 1.90100002e+00 1.90100002e+00 1.90100002e+00
    1.92499995e+00 1.91700006e+00 2.10200000e+00 2.11899996e+00
    2.13299990e+00 2.13000011e+00 2.10700011e+00 2.07999992e+00
    2.06900001e+00 2.06900001e+00 2.06900001e+00 2.06900001e+00
    2.06900001e+00 2.05500007e+00 2.03399992e+00 2.03399992e+00
    2.03399992e+00 2.03399992e+00 2.03399992e+00 2.02900004e+00
    2.00200009e+00 2. 2. 2. 2. 2. 1.97700000e+00 1.95099998e+00
    1.93400002e+00 1.93400002e+00 1.93400002e+00 1.93400002e+00
    1.93400002e+00 1.93299997e+00 1.92700005e+00 1.90699995e+00
    1.90100002e+00 1.90100002e+00 1.90100002e+00 1.90100002e+00
    1.91999996e+00 1.91400003e+00 2.09500003e+00 2.10400009e+00
    2.10400009e+00 2.10400009e+00 2.10400009e+00 2.07999992e+00
    2.06900001e+00 2.06900001e+00 2.06900001e+00 2.06900001e+00
    2.06900001e+00 2.05500007e+00 2.03399992e+00 2.03399992e+00
    2.03399992e+00 2.03399992e+00 2.03399992e+00 2.02900004e+00
    2.00200009e+00 2. 2. 2. 2. 2. 1.97700000e+00 1.95099998e+00
    1.93400002e+00 1.93400002e+00 1.93400002e+00 1.93400002e+00
    1.93400002e+00 1.92799997e+00 1.90199995e+00 1.90100002e+00
    1.90100002e+00 1.90100002e+00 1.90100002e+00 1.90100002e+00
    1.90100002e+00 1.90100002e+00 2.09500003e+00 2.10400009e+00
    2.10400009e+00 2.10100007e+00 2.07999992e+00 2.07100010e+00
    2.06900001e+00 2.06900001e+00 2.06900001e+00 2.06900001e+00
    2.06900001e+00 2.05500007e+00 2.03399992e+00 2.03399992e+00
    2.03399992e+00 2.03399992e+00 2.03399992e+00 2.03299999e+00
    2.02699995e+00 2.00699997e+00 2. 2. 2. 2. 1.97700000e+00
    1.95099998e+00 1.93400002e+00 1.93400002e+00 1.93400002e+00
    1.93400002e+00 1.93400002e+00 1.92799997e+00 1.90199995e+00
    1.90100002e+00 1.91499996e+00 1.92700005e+00 1.92299998e+00
    1.90300000e+00 1.90100002e+00 1.90100002e+00 2.09500003e+00
    2.10400009e+00 2.09800005e+00 2.08200002e+00 2.07100010e+00
    2.06900001e+00 2.06900001e+00 2.06900001e+00 2.06900001e+00
