<?xml version="1.0"?>
<opencv_storage>
<Depth type_id="opencv-matrix">
  <rows>40</rows>
  <cols>40</cols>
  <dt>f</dt>
  <data>
    0. 0. 0. 0. 0. 0. 0. 0. 0. 0. 0. 0. 0. 0. 0. 0. 0. 0. 0. 0. 0. 0. 0.
    0. 0. 0. 0. 0. 0. 0. 0. 0. 0. 0. 0. 0. 0. 0. 0. 0. 0. 0. 0. 0. 0. 0.
    0. 0. 0. 0. 0. 0. 0. 0. 0. 0. 0. 0. 0. 0. 0. 0. 0. 0. 0. 0. 0. 0. 0.
    0. 0. 0. 0. 0. 0. 0. 0. 0. 0. 0. 0. 0. 0. 0. 0. 0. 0. 0. 0. 0. 0. 0.
    0. 0. 0. 0. 0. 0. 0. 0. 0. 0. 0. 0. 0. 0. 0. 0. 0. 0. 0. 0. 0. 0. 0.
    0. 0. 0. 0. 0. 0. 0. 0. 0. 0. 0. 0. 0. 0. 0. 0. 0. 0. 0. 0. 0. 0. 0.
    0. 0. 0. 0. 0. 0. 0. 0. 0. 0. 0. 0. 0. 0. 0. 0. 0. 0. 0. 0. 0. 0. 0.
    0. 0. 0. 0. 0. 0. 0. 0. 0. 0. 0. 0. 0. 0. 0. 0. 0. 0. 0. 0. 0. 0. 0.
    0. 0. 0. 0. 0. 0. 0. 0. 0. 0. 0. 0. 0. 0. 0. 0. 0. 0. 0. 0. 0. 0. 0.
    0. 0. 0. 0. 0. 0. 0. 0. 0. 0. 0. 0. 0. 0. 0. 0. 0. 0. 0. 0. 0. 0. 0.
    0. 0. 0. 0. 0. 0. 0. 0. 0. 0. 0. 0. 0. 0. 0. 0. 0. 0. 0. 0. 0. 0. 0.
    0. 0. 0. 0. 0. 0. 0. 0. 0. 0. 0. 0. 0. 0. 0. 0. 0. 0. 0. 0. 0. 0. 0.
    0. 0. 0. 0. 0. 0. 0. 0. 0. 0. 0. 0. 0. 0. 0. 0. 0. 0. 0. 0. 0. 0. 0.
    0. 0. 0. 0. 0. 0. 0. 0. 0. 0. 0. 0. 0. 0. 0. 0. 0. 0. 0. 0. 0. 0. 0.
    0. 0. 0. 0. 0. 0. 0. 0. 0. 0. 0. 0. 0. 0. 0. 0. 0. 0. 0. 0. 0. 0. 0.
    0. 0. 0. 0. 0. 0. 0. 0. 0. 0. 0. 0. 0. 0. 0. 0. 0. 0. 0. 0. 0. 0. 0.
    0. 0. 0. 0. 0. 0. 0. 0. 0. 0. 0. 0. 0. 0. 0. 0. 0. 0. 0. 0. 0. 0. 0.
    0. 0. 0. 0. 0. 0. 0. 0. 0. 0. 0. 0. 0. 0. 0. 0. 0. 0. 0. 0. 0. 0. 0.
    0. 0. 0. 0. 0. 0. 0. 0. 0. 0. 0. 0. 0. 0. 0. 0. 0. 0. 0. 0. 0. 0. 0.
    0. 0. 0. 0. 0. 0. 0. 0. 0. 0. 0. 0. 0. 0. 0. 0. 0. 0. 0. 0. 0. 0. 0.
    0. 0. 0. 0. 0. 0. 0. 0. 0. 0. 0. 0. 0. 0. 0. 0. 0. 0. 0. 0. 0. 0. 0.
    1.99000001e+00 2. 2. 2. 2. 2. 2. 2. 2. 2. 2. 2. 1.98399997e+00
    1.93599999e+00 1.88699996e+00 1.88699996e+00 1.88699996e+00
    1.88699996e+00 1.88699996e+00 1.90300000e+00 1.95099998e+00 2. 2. 2.
    2. 2. 2. 2. 2. 2. 2. 2.03299999e+00 2.08200002e+00 2.09999990e+00
    2.04999995e+00 2. 2. 0. 0. 0. 1.99100006e+00 2. 2. 2. 2. 2. 2. 2. 2.
    2. 2. 2. 1.98399997e+00 1.93599999e+00 1.88699996e+00 1.88699996e+00
    1.88699996e+00 1.88699996e+00 1.88699996e+00 1.90300000e+00
    1.95099998e+00 2. 2. 2. 2. 2. 2. 2. 2. 2. 2. 2.02800012e+00
    2.07100010e+00 2.08599997e+00 2.04299998e+00 2. 2. 0. 0. 0.
    1.99500000e+00 2. 2. 2. 2. 2. 2. 2. 2. 2. 2. 2. 1.98399997e+00
    1.93599999e+00 1.88699996e+00 1.88699996e+00 1.88699996e+00
    1.88699996e+00 1.88699996e+00 1.90300000e+00 1.95099998e+00 2. 2. 2.
    2. 2. 2. 2. 2. 2. 2. 2.01399994e+00 2.03500009e+00 2.04299998e+00
    2.02200007e+00 2. 2. 1.99899995e+00 1.99899995e+00 1.99899995e+00 2.
    2. 2. 2. 2. 2. 2. 2. 2. 2. 2. 2. 1.98399997e+00 1.93599999e+00
    1.88699996e+00 1.88699996e+00 1.88699996e+00 1.88699996e+00
    1.88699996e+00 1.90300000e+00 1.95099998e+00 2. 2. 2. 2. 2. 2. 2. 2.
    2. 2. 2. 2. 2. 2. 2. 2. 2. 2. 2. 2. 2. 2. 2. 2. 2. 2. 2. 2. 2. 2. 2.
    1.99100006e+00 1.96300006e+00 1.93599999e+00 1.93499994e+00
    1.93499994e+00 1.93499994e+00 1.93499994e+00 1.94400001e+00
    1.97200000e+00 2. 2. 2. 2. 2. 2. 2. 2. 2. 2. 2. 2. 2. 2. 2. 2. 2. 2.
    2. 2. 2. 2. 2. 2. 2. 2. 2. 2. 2. 2. 2. 1.99800003e+00 1.99100006e+00
    1.98399997e+00 1.98399997e+00 1.98399997e+00 1.98399997e+00
    1.98399997e+00 1.98599994e+00 1.99300003e+00 2. 2. 2. 2. 2. 2. 2. 2.
    2. 2. 2. 2. 2. 2. 2. 2. 2. 2. 2. 2. 2. 2. 2. 2. 2. 2. 2. 2. 2. 2. 2.
    2. 2. 2. 2. 2. 2. 2. 2. 2. 2. 2. 2. 2. 2. 2. 2. 2. 2.01399994e+00
    2.02800012e+00 2.03299999e+00 2.03299999e+00 2.02800012e+00
    2.01399994e+00 2. 2. 2. 2. 2. 2. 2. 2. 2. 2. 2. 2. 2. 2. 2. 2. 2. 2.
    2. 2. 2. 2. 2. 2. 2. 2. 2. 2. 2. 2. 2. 2. 2. 2. 2.03500009e+00
    2.07100010e+00 2.08299994e+00 2.08299994e+00 2.07100010e+00
    2.03600001e+00 2. 2. 2.01200008e+00 2.01399994e+00 2.00699997e+00 2.
    2. 2. 2. 2. 2. 2. 2. 2. 2. 2. 2. 2. 2. 2. 2. 2. 2. 2. 2. 2. 2. 2. 2.
    2. 2. 2. 2. 2. 2.04200006e+00 2.08500004e+00 2.09899998e+00
    2.09899998e+00 2.08599997e+00 2.04299998e+00 2. 1.99300003e+00
    2.04699993e+00 2.05699992e+00 2.02800012e+00 2. 2. 2. 2. 2. 2. 2. 2.
    2. 2. 2. 2. 2. 2. 2. 2. 2. 2. 2. 2. 2. 2. 2. 2. 2. 2. 2. 2. 2.
    2.02099991e+00 2.04200006e+00 2.04999995e+00 2.04999995e+00
    2.04299998e+00 2.02200007e+00 2. 1.97300005e+00 2.08299994e+00
    2.09999990e+00 2.04999995e+00 2. 2. 2. 2. 2. 2. 2. 2. 2. 2. 2. 2. 2.
    2. 2. 2. 2. 2. 2. 2. 2. 2. 2. 2. 2. 2. 2. 2. 2. 2. 2. 2. 2. 2. 2. 2.
    1.95200002e+00 2.09699988e+00 2.09999990e+00 2.04999995e+00 2.
    1.97899997e+00 1.95899999e+00 1.95200002e+00 1.95200002e+00
    1.95799994e+00 1.97899997e+00 2. 2. 2. 2. 2. 2. 2. 2. 2. 2.
    2.01399994e+00 2.03500009e+00 2.04999995e+00 2.04999995e+00
    2.04999995e+00 2.04999995e+00 2.04999995e+00 2.03600001e+00
    2.01399994e+00 2. 2. 2. 2. 2. 2. 2. 2. 2. 2. 1.95200002e+00
    2.11100006e+00 2.09999990e+00 2.04999995e+00 2. 1.95899999e+00
    1.91700006e+00 1.90300000e+00 1.90300000e+00 1.91700006e+00
    1.95799994e+00 2. 2. 2. 2. 2. 2. 2. 2. 2. 2. 2.02800012e+00
    2.07100010e+00 2.09899998e+00 2.09899998e+00 2.09899998e+00
    2.09899998e+00 2.09899998e+00 2.07100010e+00 2.02900004e+00 2. 2. 2.
    2. 2. 2. 2. 2. 2. 2. 1.95200002e+00 2.11599994e+00 2.09999990e+00
    2.04999995e+00 2. 1.95200002e+00 1.90300000e+00 1.88699996e+00
    1.88699996e+00 1.90300000e+00 1.95099998e+00 2. 2.01399994e+00
    2.02800012e+00 2.04299998e+00 2.05800009e+00 2.06299996e+00
    2.04800010e+00 2.03299999e+00 2.03299999e+00 2.03299999e+00
    2.05699992e+00 2.09200001e+00 2.11599994e+00 2.11599994e+00
    2.11599994e+00 2.23200011e+00 2.34899998e+00 2.36500001e+00
    2.32999992e+00 2.30599999e+00 2.30599999e+00 2.30599999e+00
    2.30599999e+00 2.30599999e+00 2.30599999e+00 2.30599999e+00
    2.30599999e+00 2.30599999e+00 2.30599999e+00 2.29099989e+00
    2.11599994e+00 2.09999990e+00 2.04999995e+00 2. 1.95200002e+00
    1.90300000e+00 1.88699996e+00 1.88699996e+00 1.90300000e+00
    1.95099998e+00 2. 2.03500009e+00 2.07100010e+00 2.10700011e+00
    2.14499998e+00 2.15799999e+00 2.11999989e+00 2.08299994e+00
    2.08299994e+00 2.08299994e+00 2.09200001e+00 2.10599995e+00
    2.11599994e+00 2.11599994e+00 2.11599994e+00 2.40599990e+00
    2.69899988e+00 2.78900003e+00 2.77500010e+00 2.76500010e+00
    2.76500010e+00 2.76500010e+00 2.76500010e+00 2.76500010e+00
    2.76500010e+00 2.76500010e+00 2.76500010e+00 2.76500010e+00
    2.76500010e+00 2.79999995e+00 2.11599994e+00 2.09999990e+00
    2.04999995e+00 2. 1.95200002e+00 1.90300000e+00 1.88699996e+00
    1.88699996e+00 1.90300000e+00 1.95099998e+00 2. 2.04900002e+00
    2.09899998e+00 2.15100002e+00 2.20300007e+00 2.22099996e+00
    2.16899991e+00 2.11599994e+00 2.11599994e+00 2.11599994e+00
    2.11599994e+00 2.11599994e+00 2.11599994e+00 2.11599994e+00
    2.11599994e+00 2.52300000e+00 2.93300009e+00 0. 0. 0. 0. 0. 0. 0. 0.
    0. 0. 0. 0. 0. 0. 0. 0. 0. 0. 0. 0. 0. 0. 0. 0. 0. 0. 0. 0. 0. 0. 0.
    0. 0. 0. 0. 0. 0. 0. 0. 0. 0. 0. 0. 0. 0. 0. 0. 0. 0. 0. 0. 0. 0. 0.
    0. 0. 0. 0. 0. 0. 0. 0. 0. 0. 0. 0. 0. 0. 0. 0. 0. 0. 0. 0. 0. 0. 0.
    0. 0. 0. 0. 0. 0. 0. 0. 0. 0. 0. 0. 0. 0. 0. 0. 0. 0. 0. 0. 0. 0. 0.
    0. 0. 0. 0. 0. 0. 0. 0. 0. 0. 0. 0. 0. 0. 0. 0. 0. 0. 0. 0. 0. 0. 0.
    0. 0. 0. 0. 0. 0. 0. 0. 0. 0. 0. 0. 0. 0. 0. 0. 0. 0. 0. 0. 0. 0. 0.
    0. 0. 0. 0. 0. 0. 0. 0. 0. 0. 0. 0. 0. 0. 0. 0. 0. 0. 0. 0. 0. 0. 0.
    0. 0. 0. 0. 0. 0. 0. 0. 0. 0. 0. 0. 0. 0. 0. 0. 0. 0. 0. 0. 0. 0. 0.
    0. 0. 0. 0. 0. 0. 0. 0. 0. 0. 0. 0. 0. 0. 0. 0. 0. 0. 0. 0. 0. 0. 0.
    0. 0. 0. 0. 0. 0. 0. 0. 0. 0. 0. 0. 0. 0. 0. 0. 0. 0. 0. 0. 0. 0. 0.
    0. 0. 0. 0. 0. 0. 0. 0. 0. 0. 0. 0. 0. 0. 0. 0. 0. 0. 0. 0. 0. 0. 0.
    0. 0. 0. 0. 0. 0. 0. 0. 0. 0. 0. 0. 0. 0. 0. 0. 0. 0. 0. 0. 0. 0. 0.
    0. 0. 0. 0. 0. 0. 0. 0. 0. 0. 0. 0. 0. 0. 0. 0. 0. 0. 0. 0. 0. 0. 0.
    0. 0. 0. 0. 0. 0. 0. 0. 0. 0. 0. 0. 0. 0. 0. 0. 0. 0. 0. 0. 0. 0. 0.
    0. 0. 0. 0. 0. 0. 0. 0. 0. 0. 0. 0. 0. 0. 0. 0. 0. 0. 0. 0. 0. 0. 0.
    0. 0. 0. 0. 0. 0. 0. 0. 0. 0. 0. 0. 0. 0. 0. 0. 0. 0. 0. 0. 0. 0. 0.
