<?xml version="1.0"?>
<opencv_storage>
<Depth type_id="opencv-matrix">
  <rows>40</rows>
  <cols>40</cols>
  <dt>f</dt>
  <data>
    0. 0. 0. 0. 0. 0. 0. 0. 0. 0. 0. 0. 0. 0. 0. 0. 0. 0. 0. 0. 0. 0. 0.
    0. 0. 0. 0. 0. 0. 0. 0. 0. 0. 0. 0. 0. 0. 0. 0. 0. 0. 0. 0. 0. 0. 0.
    0. 0. 0. 0. 0. 0. 0. 0. 0. 0. 0. 0. 0. 0. 0. 0. 0. 0. 0. 0. 0. 0. 0.
    0. 0. 0. 0. 0. 0. 0. 0. 0. 0. 0. 0. 0. 0. 0. 0. 0. 0. 0. 0. 0. 0. 0.
    0. 0. 0. 0. 0. 0. 0. 0. 0. 0. 0. 0. 0. 0. 0. 0. 0. 0. 0. 0. 0. 0. 0.
    0. 0. 0. 0. 0. 0. 0. 0. 0. 0. 0. 0. 0. 0. 0. 0. 0. 0. 0. 0. 0. 0. 0.
    0. 0. 0. 0. 0. 0. 0. 0. 0. 0. 0. 0. 0. 0. 0. 0. 0. 0. 0. 0. 0. 0. 0.
    0. 0. 0. 0. 0. 0. 0. 0. 0. 0. 0. 0. 0. 0. 0. 0. 0. 0. 0. 0. 0. 0. 0.
    0. 0. 0. 0. 0. 0. 0. 0. 0. 0. 0. 0. 0. 0. 0. 0. 0. 0. 0. 0. 0. 0. 0.
    0. 0. 0. 0. 0. 0. 0. 0. 0. 0. 0. 0. 0. 0. 0. 0. 0. 0. 0. 0. 0. 0. 0.
    0. 0. 0. 0. 0. 0. 0. 0. 0. 0. 0. 0. 0. 0. 0. 0. 0. 0. 0. 0. 0. 0. 0.
    0. 0. 0. 0. 0. 0. 0. 0. 0. 0. 0. 0. 0. 0. 0. 0. 0. 0. 0. 0. 0. 0. 0.
    0. 0. 0. 0. 0. 0. 0. 0. 0. 0. 0. 0. 0. 0. 0. 0. 0. 0. 0. 0. 0. 0. 0.
    0. 0. 0. 0. 0. 0. 0. 0. 0. 0. 0. 0. 0. 0. 0. 0. 0. 0. 0. 0. 0. 0. 0.
    0. 0. 0. 0. 0. 0. 0. 0. 0. 0. 0. 0. 0. 0. 0. 0. 0. 0. 0. 0. 0. 0. 0.
    0. 0. 0. 0. 0. 0. 0. 0. 0. 0. 0. 0. 0. 0. 0. 0. 0. 0. 0. 0. 0. 0. 0.
    0. 0. 0. 0. 0. 0. 0. 0. 0. 0. 0. 0. 0. 0. 0. 0. 0. 0. 0. 0. 0. 0. 0.
    0. 0. 0. 0. 0. 0. 0. 0. 0. 0. 0. 0. 0. 0. 0. 0. 0. 0. 0. 0. 0. 0. 0.
    0. 0. 0. 0. 0. 0. 0. 0. 0. 0. 0. 0. 0. 0. 0. 0. 0. 0. 0. 0. 0. 0. 0.
    0. 0. 0. 0. 0. 0. 0. 0. 0. 0. 0. 0. 0. 0. 0. 0. 0. 0. 0. 0. 0. 0. 0.
    0. 0. 0. 0. 0. 0. 0. 0. 0. 0. 0. 0. 0. 0. 0. 0. 0. 0. 0. 0.
    1.81799996e+00 1.81799996e+00 1.81799996e+00 1.81799996e+00
    1.81200004e+00 1.78400004e+00 1.77499998e+00 1.79100001e+00
    1.87899995e+00 1.94900000e+00 1.99500000e+00 1.96300006e+00
    1.95299995e+00 1.95799994e+00 1.98899996e+00 0. 0. 0. 0. 0. 0. 0. 0.
    0. 0. 0. 0. 0. 0. 0. 0. 0. 0. 0. 1.95299995e+00 1.95299995e+00 0. 0.
    0. 0. 1.81799996e+00 1.81799996e+00 1.81799996e+00 1.81799996e+00
    1.81500006e+00 1.80100000e+00 1.79600000e+00 1.80999994e+00
    1.88300002e+00 1.93799996e+00 1.97399998e+00 1.95799994e+00
    1.95299995e+00 1.95799994e+00 1.98899996e+00 1.11699998e+00 0. 0. 0.
    0. 0. 0. 0. 0. 0. 0. 0. 0. 0. 0. 0. 0. 0. 0. 1.93099999e+00
    1.94599998e+00 0. 0. 0. 0. 1.81799996e+00 1.81799996e+00
    1.81799996e+00 1.81799996e+00 1.81799996e+00 1.81799996e+00
    1.81799996e+00 1.82900000e+00 1.88800001e+00 1.92799997e+00
    1.95299995e+00 1.95299995e+00 1.95299995e+00 1.95700002e+00
    1.98300004e+00 1.99300003e+00 1.99300003e+00 1.99300003e+00 0. 0. 0.
    0. 1.95299995e+00 1.95299995e+00 1.95299995e+00 1.95599997e+00
    1.98699999e+00 2. 2. 2. 0. 0. 0. 1.90699995e+00 1.90900004e+00
    1.94500005e+00 0. 0. 0. 0. 1.81799996e+00 1.81799996e+00
    1.81799996e+00 1.81799996e+00 1.81799996e+00 1.81799996e+00
    1.81799996e+00 1.82900000e+00 1.88800001e+00 1.92799997e+00
    1.95299995e+00 1.95299995e+00 1.95299995e+00 1.95400000e+00
    1.95899999e+00 1.96099997e+00 1.96099997e+00 1.96099997e+00
    1.67400002e+00 1.28499997e+00 1.28499997e+00 1.56200004e+00
    1.95299995e+00 1.95299995e+00 1.95299995e+00 1.95599997e+00
    1.98699999e+00 2. 2. 2. 1.72200000e+00 1.31700003e+00 1.73000002e+00
    1.90699995e+00 1.91100001e+00 1.96700001e+00 1.72899997e+00
    1.29200006e+00 1.42999995e+00 1.49399996e+00 1.80700004e+00
    1.81799996e+00 1.81799996e+00 1.81799996e+00 1.81799996e+00
    1.81799996e+00 1.81799996e+00 1.82900000e+00 1.88800001e+00
    1.92799997e+00 1.95299995e+00 1.95299995e+00 1.95299995e+00
    1.95299995e+00 1.95299995e+00 1.95299995e+00 1.95299995e+00
    1.95299995e+00 1.96300006e+00 1.97899997e+00 1.99399996e+00
    1.99000001e+00 1.97599995e+00 1.97599995e+00 1.97599995e+00
    1.97800004e+00 1.99399996e+00 2.00900006e+00 2.02300000e+00
    2.02300000e+00 2.01399994e+00 1.99800003e+00 1.96599996e+00
    1.95200002e+00 1.95400000e+00 1.98599994e+00 2.02699995e+00
    2.07800007e+00 2.18099999e+00 2.22799993e+00 1.79600000e+00
    1.81799996e+00 1.81799996e+00 1.82099998e+00 1.82500005e+00
    1.82500005e+00 1.82500005e+00 1.83500004e+00 1.88900006e+00
    1.92799997e+00 1.95299995e+00 1.95299995e+00 1.95299995e+00
    1.95299995e+00 1.95299995e+00 1.95299995e+00 1.95299995e+00
    1.95299995e+00 1.95299995e+00 1.95700002e+00 1.98800004e+00 2. 2. 2.
    2.00300002e+00 2.00699997e+00 2.00699997e+00 2.02300000e+00
    2.04800010e+00 2.05299997e+00 2.04299998e+00 2.02200007e+00
    2.01699996e+00 2.01500010e+00 2.01500010e+00 2.01500010e+00
    2.06500006e+00 2.15100002e+00 2.18499994e+00 2.20000005e+00
    1.79600000e+00 1.81799996e+00 1.81799996e+00 1.83500004e+00
    1.85399997e+00 1.85399997e+00 1.85399997e+00 1.86000001e+00
    1.89600003e+00 1.92799997e+00 1.95299995e+00 1.95299995e+00
    1.95299995e+00 1.95299995e+00 1.95299995e+00 1.95299995e+00
    1.95299995e+00 1.95299995e+00 1.95299995e+00 1.95700002e+00
    1.98800004e+00 2. 2. 2. 2.01600003e+00 2.03900003e+00 2.03900003e+00
    2.04299998e+00 2.04999995e+00 2.07800007e+00 2.10100007e+00
    2.11899996e+00 2.09200001e+00 2.07999992e+00 2.07999992e+00
    2.07999992e+00 2.10500002e+00 2.15100002e+00 2.18499994e+00
    2.20000005e+00 1.80599999e+00 1.81799996e+00 1.81799996e+00
    1.83899999e+00 1.86199999e+00 1.86199999e+00 1.86199999e+00
    1.86800003e+00 1.89699996e+00 1.91799998e+00 1.93400002e+00
    1.94799995e+00 1.95299995e+00 1.95299995e+00 1.95299995e+00
    1.95299995e+00 1.95299995e+00 1.95299995e+00 1.95299995e+00
    1.95700002e+00 1.98800004e+00 2. 2.00200009e+00 2.01699996e+00
    2.03299999e+00 2.04800010e+00 2.04800010e+00 2.05699992e+00
    2.07500005e+00 2.10800004e+00 2.13299990e+00 2.14800000e+00
    2.13000011e+00 2.12199998e+00 2.12199998e+00 2.12199998e+00
    2.14100003e+00 2.17400002e+00 2.19199991e+00 2.20000005e+00
    1.81799996e+00 1.81799996e+00 1.81799996e+00 1.83599997e+00
    1.85699999e+00 1.86099994e+00 1.86500001e+00 1.87300003e+00
    1.89900005e+00 1.90699995e+00 1.91199994e+00 1.94299996e+00
    1.95299995e+00 1.95299995e+00 1.95299995e+00 1.95299995e+00
    1.95299995e+00 1.95299995e+00 1.95299995e+00 1.95700002e+00
    1.98800004e+00 2. 2.00399995e+00 2.03600001e+00 2.04800010e+00
    2.04800010e+00 2.04800010e+00 2.06500006e+00 2.09400010e+00
    2.13299990e+00 2.14899993e+00 2.14899993e+00 2.14899993e+00
    2.14899993e+00 2.14899993e+00 2.14899993e+00 2.16499996e+00
    2.19300008e+00 2.19300008e+00 2.19300008e+00 1.81799996e+00
    1.81799996e+00 1.81799996e+00 1.82200003e+00 1.83099997e+00
    1.85500002e+00 1.87899995e+00 1.89900005e+00 1.90499997e+00
    1.90699995e+00 1.91199994e+00 1.94299996e+00 1.95299995e+00
    1.95299995e+00 1.95299995e+00 1.95299995e+00 1.95299995e+00
    1.95299995e+00 1.95299995e+00 1.95700002e+00 1.98800004e+00 2.
    2.00399995e+00 2.03600001e+00 2.04800010e+00 2.04800010e+00
    2.04800010e+00 2.05200005e+00 2.06299996e+00 2.12400007e+00
    2.14899993e+00 2.14899993e+00 2.14899993e+00 2.14899993e+00
    2.14899993e+00 2.14899993e+00 2.15300012e+00 2.15899992e+00
    2.15899992e+00 2.15899992e+00 1.80799997e+00 1.79799998e+00
    1.79799998e+00 1.79799998e+00 1.80400002e+00 1.83299994e+00
    1.86199999e+00 1.88600004e+00 1.88600004e+00 1.89499998e+00
    1.90999997e+00 1.92600000e+00 1.94099998e+00 1.95500004e+00
    1.97000003e+00 1.97500002e+00 1.97500002e+00 1.97500002e+00
    1.97500002e+00 1.97700000e+00 1.99399996e+00 1.99100006e+00
    1.98000002e+00 1.99699998e+00 2.02200007e+00 2.04800010e+00
    2.04800010e+00 2.04800010e+00 2.05299997e+00 2.10400009e+00
    2.12500000e+00 2.12599993e+00 2.14199996e+00 2.14899993e+00
    2.14899993e+00 2.14899993e+00 2.14899993e+00 2.14899993e+00
    2.14899993e+00 2.14899993e+00 1.79400003e+00 1.77499998e+00
    1.77499998e+00 1.77499998e+00 1.78100002e+00 1.80900002e+00
    1.83800006e+00 1.86199999e+00 1.86199999e+00 1.88000000e+00
