<?xml version="1.0"?>
<opencv_storage>
<Depth type_id="opencv-matrix">
  <rows>40</rows>
  <cols>40</cols>
  <dt>f</dt>
  <data>
    0. 0. 0. 0. 0. 0. 0. 0. 0. 0. 0. 0. 0. 0. 0. 0. 0. 0. 0. 0. 0. 0. 0.
    0. 0. 0. 0. 0. 0. 0. 0. 0. 0. 0. 0. 0. 0. 0. 0. 0. 0. 0. 0. 0. 0. 0.
    0. 0. 0. 0. 0. 0. 0. 0. 0. 0. 0. 0. 0. 0. 0. 0. 0. 0. 0. 0. 0. 0. 0.
    0. 0. 0. 0. 0. 0. 0. 0. 0. 0. 0. 0. 0. 0. 0. 0. 0. 0. 0. 0. 0. 0. 0.
    0. 0. 0. 0. 0. 0. 0. 0. 0. 0. 0. 0. 0. 0. 0. 0. 0. 0. 0. 0. 0. 0. 0.
    0. 0. 0. 0. 0. 0. 0. 0. 0. 0. 0. 0. 0. 0. 0. 0. 0. 1.95400000e+00
    1.97700000e+00 2. 2. 2. 1.99100006e+00 1.96000004e+00 1.95400000e+00
    1.13399994e+00 0. 0. 0. 0. 0. 0. 0. 0. 0. 0. 0. 0. 0. 0. 0. 0. 0. 0.
    0. 0. 0. 0. 0. 0. 0. 0. 0. 0. 0. 0. 0. 1.95400000e+00 1.97700000e+00
    2. 2. 2. 1.99100006e+00 1.96000004e+00 1.95400000e+00 1.55499995e+00
    0. 0. 0. 0. 0. 0. 0. 0. 0. 0. 0. 0. 0. 0. 0. 0. 0. 0. 0. 0. 0. 0. 0.
    0. 0. 0. 0. 0. 0. 0. 0. 1.95400000e+00 1.97700000e+00 2. 2. 2.
    1.99300003e+00 1.96700001e+00 1.96200001e+00 1.97000003e+00
    1.99500000e+00 2. 1.27100003e+00 0. 0. 0. 0. 0. 0. 0. 0. 0. 0. 0. 0.
    0. 0. 0. 0. 0. 0. 0. 0. 0. 0. 0. 0. 0. 0. 0. 0. 1.95400000e+00
    1.97700000e+00 2. 2. 2. 1.99899995e+00 1.99399996e+00 1.99300003e+00
    1.99500000e+00 1.99899995e+00 2. 1.86699998e+00 1.46500003e+00
    1.42499995e+00 1.44200003e+00 0. 0. 0. 0. 0. 0. 0. 0. 0. 0. 0. 0. 0.
    0. 0. 0. 0. 0. 0. 0. 0. 0. 0. 0. 0. 1.95400000e+00 1.97700000e+00 2.
    2. 2. 2. 2. 2. 2. 2. 2. 2. 2. 2.01300001e+00 2.02200007e+00 0. 0. 0.
    0. 0. 0. 0. 0. 0. 0. 0. 0. 0. 0. 0. 0. 0. 0. 0. 0. 0. 0. 0. 0. 0.
    1.95400000e+00 1.97300005e+00 1.99300003e+00 1.99899995e+00 2. 2. 2.
    2. 2. 2. 2. 2. 2. 2. 2. 0. 0. 0. 0. 0. 0. 0. 0. 0. 0. 0. 0. 0. 0. 0.
    0. 0. 0. 0. 0. 0. 0. 0. 0. 0. 1.95400000e+00 1.95700002e+00
    1.96700001e+00 1.99399996e+00 2. 2. 2. 2. 2. 2. 2. 2. 2. 2. 2. 0. 0.
    0. 0. 0. 0. 0. 0. 0. 0. 0. 0. 0. 0. 0. 0. 0. 0. 0. 0. 0. 0. 0. 0. 0.
    1.95400000e+00 1.95400000e+00 1.96200001e+00 1.99300003e+00 2. 2. 2.
    2. 2. 2. 2. 2. 2. 2. 2. 0. 0. 0. 0. 0. 0. 0. 0. 0. 0. 0. 0. 0. 0. 0.
    0. 0. 0. 0. 0. 0. 0. 0. 0. 0. 1.95400000e+00 1.95400000e+00
    1.96200001e+00 1.99300003e+00 2. 2. 2. 2. 2. 2. 2. 2. 2. 2. 2. 0. 0.
    0. 0. 0. 0. 0. 0. 0. 0. 0. 0. 0. 0. 0. 0. 0. 0. 0. 0. 0. 0. 0. 0. 0.
    1.95400000e+00 1.95400000e+00 1.96200001e+00 1.99300003e+00 2. 2. 2.
    2. 2. 2. 2. 2. 2. 2. 2. 0. 0. 0. 0. 0. 0. 0. 0. 0. 0. 0. 0. 0. 0. 0.
    0. 0. 0. 0. 0. 0. 0. 0. 0. 0. 1.97899997e+00 1.97899997e+00
    1.98300004e+00 1.99699998e+00 2. 2. 2. 2. 2. 2. 2. 2. 2. 2. 2. 0. 0.
    0. 0. 0. 0. 0. 0. 0. 0. 0. 0. 0. 0. 0. 0. 0. 0. 0. 0. 0. 0. 0. 0. 0.
    2. 2. 1.99800003e+00 1.99100006e+00 1.99000001e+00 1.99000001e+00
    1.99000001e+00 1.99000001e+00 1.99199998e+00 1.99899995e+00
    1.99399996e+00 1.99000001e+00 1.99000001e+00 1.99000001e+00
    1.99000001e+00 0. 0. 0. 0. 0. 0. 0. 0. 0. 0. 0. 0. 0. 0. 0. 0. 0. 0.
    0. 0. 0. 0. 0. 0. 0. 2. 2. 1.99300003e+00 1.96500003e+00
    1.95899999e+00 1.95899999e+00 1.95899999e+00 1.95899999e+00
    1.96700001e+00 1.99500000e+00 1.97700000e+00 1.95899999e+00
    1.95899999e+00 1.95899999e+00 1.95899999e+00 0. 0. 0. 0. 0. 0. 0. 0.
    0. 0. 0. 0. 0. 0. 0. 0. 0. 0. 0. 0. 0. 0. 0. 0. 0. 2. 2.
    1.99199998e+00 1.96099997e+00 1.95400000e+00 1.95400000e+00
    1.95400000e+00 1.95400000e+00 1.96399999e+00 1.99399996e+00
    1.97500002e+00 1.95400000e+00 1.95400000e+00 1.95400000e+00
    1.95400000e+00 0. 0. 0. 0. 0. 0. 0. 0. 0. 0. 0. 0. 0. 0. 0. 0. 0. 0.
    0. 0. 0. 0. 0. 0. 0. 2. 2. 1.99199998e+00 1.96099997e+00
    1.95400000e+00 1.95400000e+00 1.95400000e+00 1.96000004e+00
    1.97200000e+00 1.99600005e+00 1.97500002e+00 1.95400000e+00
    1.95400000e+00 1.95400000e+00 1.95400000e+00 0. 0. 0. 0. 0. 0. 0. 0.
    0. 0. 0. 0. 0. 0. 0. 0. 0. 0. 0. 0. 0. 0. 0. 0. 0. 2. 2.
    1.99199998e+00 1.96099997e+00 1.95400000e+00 1.95400000e+00
    1.95400000e+00 1.97599995e+00 1.99699998e+00 1.99899995e+00
    1.97500002e+00 1.95400000e+00 1.95400000e+00 1.95400000e+00
    1.95400000e+00 0. 0. 0. 0. 0. 0. 0. 0. 0. 0. 0. 0. 0. 0. 0. 0. 0. 0.
    0. 0. 0. 0. 0. 0. 0. 2. 1.98599994e+00 1.97000003e+00 1.95700002e+00
    1.95400000e+00 1.95400000e+00 1.95400000e+00 1.97899997e+00 2. 2.
    1.97500002e+00 1.95400000e+00 1.95400000e+00 1.95400000e+00
    1.95400000e+00 0. 0. 0. 0. 0. 0. 0. 0. 0. 0. 0. 0. 0. 0. 0. 0. 0. 0.
    0. 0. 0. 0. 0. 0. 0. 1.98800004e+00 1.97099996e+00 1.95400000e+00
    1.95400000e+00 1.95400000e+00 1.95400000e+00 1.95400000e+00
    1.97200000e+00 1.98800004e+00 1.98800004e+00 1.96899998e+00
    1.95400000e+00 1.95400000e+00 1.96099997e+00 1.96599996e+00 0. 0. 0.
    0. 0. 0. 0. 0. 0. 0. 0. 0. 0. 0. 0. 0. 0. 0. 0. 0. 0. 0. 0. 0. 0.
    1.95799994e+00 1.95599997e+00 1.95400000e+00 1.95400000e+00
    1.95400000e+00 1.95400000e+00 1.95400000e+00 1.95599997e+00
    1.95799994e+00 1.95799994e+00 1.95599997e+00 1.95400000e+00
    1.95400000e+00 1.97800004e+00 1.99600005e+00 0. 0. 0. 0. 0. 0. 0. 0.
    0. 0. 0. 0. 0. 0. 0. 0. 0. 0. 0. 0. 0. 0. 0. 0. 0. 1.95400000e+00
    1.95400000e+00 1.95400000e+00 1.95400000e+00 1.95400000e+00
    1.95400000e+00 1.95400000e+00 1.95400000e+00 1.95400000e+00
    1.95400000e+00 1.95400000e+00 1.95400000e+00 1.95400000e+00 0. 0. 0.
    0. 0. 0. 0. 0. 0. 0. 0. 0. 0. 0. 0. 0. 0. 0. 0. 0. 0. 0. 0. 0. 0. 0.
    0. 1.95400000e+00 1.95400000e+00 1.95400000e+00 1.95400000e+00
    1.95400000e+00 1.95400000e+00 1.95400000e+00 1.95400000e+00
    1.95400000e+00 1.95400000e+00 1.95400000e+00 1.95400000e+00
    1.95400000e+00 0. 0. 0. 0. 0. 0. 0. 0. 0. 0. 0. 0. 0. 0. 0. 0. 0. 0.
    0. 0. 0. 0. 0. 0. 0. 0. 0. 1.95400000e+00 1.95400000e+00
    1.95400000e+00 1.95400000e+00 1.95400000e+00 1.95400000e+00
    1.95400000e+00 1.95400000e+00 1.95400000e+00 1.95400000e+00
    1.95400000e+00 1.95400000e+00 1.95400000e+00 0. 0. 0. 0. 0. 0. 0. 0.
    0. 0. 0. 0. 0. 0. 0. 0. 0. 0. 0. 0. 0. 0. 0. 0. 0. 0. 0.
    1.98199999e+00 1.98199999e+00 1.98199999e+00 1.98199999e+00
    1.98199999e+00 1.98199999e+00 1.98199999e+00 1.96700001e+00
    1.95400000e+00 1.95400000e+00 1.95400000e+00 1.95400000e+00
    1.95400000e+00 0. 0. 0. 0. 0. 0. 0. 0. 0. 0. 0. 0. 0. 0. 0. 0. 0. 0.
    0. 0. 0. 0. 0. 0. 0. 0. 0. 2. 2. 2. 2. 2. 2. 2. 1.98199999e+00
    1.96399999e+00 1.95599997e+00 1.95400000e+00 1.95700002e+00
    1.96599996e+00 0. 0. 0. 0. 0. 0. 0. 0. 0. 0. 0. 0. 0. 0. 0. 0. 0. 0.
    0. 0. 0. 0. 0. 0. 0. 0. 0. 2. 2. 2. 2. 2. 2. 2. 1.99899995e+00
    1.98899996e+00 1.95899999e+00 1.95400000e+00 1.96399999e+00
    1.99300003e+00 0. 0. 0. 0. 0. 0. 0. 0. 0. 0. 0. 0. 0. 0. 0. 0. 0. 0.
    0. 0. 0. 0. 0. 0. 0. 0. 0. 1.97099996e+00 1.98599994e+00 2. 2. 2. 2.
    2. 2. 1.99600005e+00 1.98500001e+00 1.96700001e+00 1.94599998e+00
    1.91999996e+00 1.06599998e+00 0. 0. 0. 0. 0. 0. 0. 0. 0. 0. 0. 0. 0.
    0. 0. 0. 0. 0. 0. 0. 0. 0. 0. 0. 0. 0. 1.95400000e+00 1.97000003e+00
    1.98599994e+00 1.98599994e+00 1.99399996e+00 2. 2. 2. 1.99699998e+00
    1.98800004e+00 1.96899998e+00 1.93400002e+00 1.87399995e+00
    1.86500001e+00 1.86500001e+00 0. 0. 0. 0. 0. 0. 0. 0. 0. 0. 0. 0. 0.
    0. 0. 0. 0. 0. 0. 0. 0. 0. 0. 0. 0. 1.95400000e+00 1.95500004e+00
    1.95599997e+00 1.95599997e+00 1.97899997e+00 2. 2. 2. 1.99100006e+00
    1.96099997e+00 1.95500004e+00 1.93400002e+00 1.87399995e+00
    1.86500001e+00 1.86500001e+00 0. 0. 0. 0. 0. 0. 0. 0. 0. 0. 0. 0. 0.
    0. 0. 0. 0. 0. 0. 0. 0. 0. 0. 0. 0. 1.95400000e+00 1.95400000e+00
    1.95400000e+00 1.95400000e+00 1.97800004e+00 2. 2. 2. 1.99000001e+00
    1.96000004e+00 1.95400000e+00 1.94000006e+00 1.89999998e+00
    1.89300001e+00 1.89300001e+00 0. 0. 0. 0. 0. 0. 0. 0. 0. 0. 0. 0. 0.
    0. 0. 0. 0. 0. 0. 0. 0. 0. 0. 0. 0. 1.95400000e+00 1.95400000e+00
    1.95400000e+00 1.95400000e+00 1.97800004e+00 2. 2. 2. 1.99300003e+00
    1.97200000e+00 1.96000004e+00 1.94400001e+00 1.91400003e+00
    1.90900004e+00 1.90900004e+00 0. 0. 0. 0. 0. 0. 0. 0. 0. 0. 0. 0. 0.
