<?xml version="1.0"?>
<opencv_storage>
<Depth type_id="opencv-matrix">
  <rows>40</rows>
  <cols>40</cols>
  <dt>f</dt>
  <data>
    0. 0. 0. 0. 0. 0. 0. 0. 0. 0. 0. 0. 0. 0. 0. 0. 0. 0. 0. 0. 0. 0. 0.
    0. 0. 0. 0. 0. 0. 0. 0. 0. 0. 0. 0. 0. 0. 0. 0. 0. 0. 0. 0. 0. 0. 0.
    0. 0. 0. 0. 0. 0. 0. 0. 0. 0. 0. 0. 0. 0. 0. 0. 0. 0. 0. 0. 0. 0. 0.
    0. 0. 0. 0. 0. 0. 0. 0. 0. 0. 0. 0. 0. 0. 0. 0. 0. 0. 0. 0. 0. 0. 0.
    0. 0. 0. 0. 0. 0. 0. 0. 0. 0. 0. 0. 0. 0. 0. 0. 0. 0. 0. 0. 0. 0. 0.
    0. 0. 0. 0. 0. 0. 0. 0. 0. 0. 0. 0. 0. 0. 0. 0. 0. 0. 0. 0. 0. 0. 0.
    0. 0. 0. 0. 0. 0. 0. 0. 0. 0. 0. 0. 0. 0. 0. 0. 0. 0. 0. 0. 0. 0. 0.
    0. 0. 0. 0. 0. 0. 0. 0. 0. 0. 0. 0. 0. 0. 0. 0. 0. 0. 0. 0. 0. 0. 0.
    0. 0. 0. 0. 0. 0. 0. 0. 0. 0. 0. 0. 0. 0. 0. 0. 0. 0. 0. 0. 0. 0. 0.
    0. 0. 0. 0. 0. 0. 0. 0. 0. 0. 0. 0. 0. 0. 0. 0. 0. 0. 0. 0. 0. 0. 0.
    0. 0. 0. 0. 0. 0. 0. 0. 0. 0. 0. 0. 0. 0. 0. 0. 0. 0. 0. 0. 0. 0. 0.
    0. 0. 0. 0. 0. 0. 0. 0. 0. 0. 0. 0. 0. 0. 0. 0. 0. 0. 0. 0. 0. 0. 0.
    0. 0. 0. 0. 0. 0. 0. 0. 0. 0. 0. 0. 0. 0. 0. 0. 0. 0. 0. 0. 0. 0. 0.
    0. 0. 0. 0. 0. 0. 0. 0. 0. 0. 0. 0. 0. 0. 0. 0. 0. 0. 0. 0. 0. 0. 0.
    0. 0. 0. 0. 0. 0. 0. 2. 2. 2. 2. 2. 2. 2. 2. 2.03600001e+00
    2.08299994e+00 2.07900000e+00 2.03200006e+00 2. 2. 2. 2. 2. 2. 2. 2.
    2. 2. 0. 0. 0. 0. 0. 0. 0. 0. 0. 0. 0. 0. 0. 0. 0. 0. 0. 0.
    1.96500003e+00 1.96500003e+00 1.96500003e+00 1.96700001e+00
    1.98300004e+00 2. 2. 2. 2.03600001e+00 2.08299994e+00 2.07900000e+00
    2.03200006e+00 2. 2. 2. 2. 2. 2. 2. 2. 2. 2. 0. 0. 0. 0. 0. 0. 0. 0.
    0. 0. 0. 0. 0. 0. 0. 0. 0. 0. 1.87500000e+00 1.87500000e+00
    1.87500000e+00 1.88499999e+00 1.94200003e+00 1.99800003e+00 2. 2.
    2.03600001e+00 2.08299994e+00 2.07900000e+00 2.03200006e+00 2. 2. 2.
    2. 2. 2. 2. 2. 2. 2. 0. 0. 0. 0. 0. 0. 0. 0. 0. 0. 0. 0. 0. 0. 0. 0.
    0. 0. 1.80100000e+00 1.80100000e+00 1.80100000e+00 1.81700003e+00
    1.90699995e+00 1.99699998e+00 2. 2. 2.03299999e+00 2.07699990e+00
    2.07299995e+00 2.02900004e+00 2. 2. 2. 2.00399995e+00 2.00799990e+00
    2.00900006e+00 2.00900006e+00 2.00900006e+00 2.00900006e+00
    2.00900006e+00 0. 0. 0. 0. 0. 0. 0. 0. 0. 0. 0. 0. 0. 0. 0. 0. 0. 0.
    1.80100000e+00 1.80100000e+00 1.80100000e+00 1.81700003e+00
    1.90699995e+00 1.99699998e+00 2. 2. 2.01699996e+00 2.03900003e+00
    2.03699994e+00 2.01500010e+00 2. 2. 2.00300002e+00 2.02800012e+00
    2.05399990e+00 2.05599999e+00 2.05599999e+00 2.05599999e+00
    2.05599999e+00 2.05599999e+00 0. 0. 0. 0. 0. 0. 0. 0. 0. 0. 0. 0. 0.
    0. 0. 0. 0. 0. 1.80100000e+00 1.80100000e+00 1.80100000e+00
    1.81700003e+00 1.90699995e+00 1.99699998e+00 2. 2. 2. 2.00099993e+00
    2.00099993e+00 2. 2. 2. 2.00600004e+00 2.05200005e+00 2.09899998e+00
    2.10400009e+00 2.10400009e+00 2.10400009e+00 2.10400009e+00
    2.10400009e+00 0. 0. 0. 0. 0. 0. 0. 0. 0. 0. 0. 0. 0. 0. 0. 0. 0. 0.
    1.80100000e+00 1.80100000e+00 1.80100000e+00 1.81400001e+00
    1.88399994e+00 1.95400000e+00 1.97500002e+00 1.99500000e+00 2. 2.
    2.01099992e+00 2.03200006e+00 2.04600000e+00 2.04600000e+00
    2.04900002e+00 2.07599998e+00 2.10299993e+00 2.10500002e+00
    2.10500002e+00 2.10500002e+00 2.10500002e+00 2.10500002e+00 0. 0. 0.
    0. 0. 0. 0. 0. 0. 0. 0. 0. 0. 0. 0. 0. 0. 0. 1.80100000e+00
    1.80100000e+00 1.80100000e+00 1.80999994e+00 1.85899997e+00
    1.90900004e+00 1.94900000e+00 1.99000001e+00 2. 2. 2.02300000e+00
    2.06500006e+00 2.09299994e+00 2.09299994e+00 2.09400010e+00
    2.09899998e+00 2.10500002e+00 2.10500002e+00 2.10500002e+00
    2.10500002e+00 2.10500002e+00 2.10500002e+00 0. 0. 0. 0. 0. 0. 0. 0.
    0. 0. 0. 0. 0. 0. 0. 0. 0. 0. 1.76900005e+00 1.76900005e+00
    1.76900005e+00 1.77999997e+00 1.83800006e+00 1.89699996e+00
    1.94299996e+00 1.98899996e+00 2. 2. 2.01699996e+00 2.04800010e+00
    2.07399988e+00 2.09100008e+00 2.10500002e+00 2.10500002e+00
    2.10500002e+00 2.10500002e+00 2.10500002e+00 2.10500002e+00
    2.10500002e+00 2.10500002e+00 0. 0. 0. 0. 0. 0. 0. 0. 0. 0. 0. 0. 0.
    0. 0. 0. 0. 0. 1.72599995e+00 1.72599995e+00 1.72599995e+00
    1.74100006e+00 1.81900001e+00 1.89699996e+00 1.94299996e+00
    1.98899996e+00 2. 2. 2.00500011e+00 2.01500010e+00 2.03399992e+00
    2.07200003e+00 2.10500002e+00 2.10500002e+00 2.10500002e+00
    2.10500002e+00 2.10500002e+00 2.10500002e+00 2.10500002e+00
    2.10500002e+00 0. 0. 0. 0. 0. 0. 0. 0. 0. 0. 0. 0. 0. 0. 0. 0. 0. 0.
    1.70700002e+00 1.70700002e+00 1.70700002e+00 1.72300005e+00
    1.80999994e+00 1.89600003e+00 1.93200004e+00 1.96700001e+00
    1.98399997e+00 1.99500000e+00 2. 2. 2.01600003e+00 2.06299996e+00
    2.10400009e+00 2.09200001e+00 2.07999992e+00 2.07900000e+00
    2.07900000e+00 1.61899996e+00 0. 0. 0. 0. 0. 0. 0. 0. 0. 0. 0. 0. 0.
    0. 0. 0. 0. 0. 0. 0. 1.70700002e+00 1.70700002e+00 1.70700002e+00
    1.72300005e+00 1.80999994e+00 1.89600003e+00 1.91199994e+00
    1.92600000e+00 1.95400000e+00 1.98500001e+00 2. 2. 2.01600003e+00
    2.06299996e+00 2.10100007e+00 2.06800008e+00 2.03500009e+00
    2.03200006e+00 2.03200006e+00 0. 0. 0. 0. 0. 0. 0. 0. 0. 0. 0. 0. 0.
    0. 0. 0. 0. 0. 0. 0. 0. 1.75100005e+00 1.74800003e+00 1.74199998e+00
    1.74899995e+00 1.82299995e+00 1.89699996e+00 1.89900005e+00
    1.89900005e+00 1.92799997e+00 1.96700001e+00 1.98899996e+00
    1.99500000e+00 2.01300001e+00 2.05399990e+00 2.08400011e+00
    2.04399991e+00 2.00399995e+00 2. 2. 0. 0. 0. 0. 0. 0. 0. 0. 0. 0. 0.
    0. 0. 0. 0. 0. 0. 0. 0. 0. 0. 1.88399994e+00 1.87300003e+00
    1.84500003e+00 1.82900000e+00 1.86300004e+00 1.89800000e+00
    1.89900005e+00 1.89900005e+00 1.91299999e+00 1.93099999e+00
    1.95400000e+00 1.98199999e+00 2.00600004e+00 2.02500010e+00
    2.03900003e+00 2.02099991e+00 2.00200009e+00 2. 2. 0. 0. 0. 0. 0. 0.
    0. 0. 0. 0. 0. 0. 0. 0. 0. 0. 0. 0. 0. 0. 0. 2. 1.98199999e+00
    1.93599999e+00 1.89900005e+00 1.89900005e+00 1.89900005e+00
    1.89900005e+00 1.89900005e+00 1.89900005e+00 1.89900005e+00
    1.92400002e+00 1.97000003e+00 2. 2. 2. 2. 2. 1.99800003e+00
    1.99500000e+00 0. 0. 0. 0. 0. 0. 0. 0. 0. 0. 0. 0. 0. 0. 0. 0. 0. 0.
    0. 0. 0. 2. 1.98199999e+00 1.93599999e+00 1.89900005e+00
    1.89900005e+00 1.89900005e+00 1.89900005e+00 1.89900005e+00
    1.89900005e+00 1.89900005e+00 1.92400002e+00 1.97000003e+00 2. 2. 2.
    2. 2. 1.97899997e+00 1.95599997e+00 1.02699995e+00 0. 0. 0. 0. 0. 0.
    0. 0. 0. 0. 0. 0. 0. 0. 0. 0. 0. 0. 0. 0. 2. 1.98199999e+00
    1.93599999e+00 1.89900005e+00 1.89900005e+00 1.89900005e+00
    1.89900005e+00 1.89900005e+00 1.89900005e+00 1.89900005e+00
    1.92400002e+00 1.97000003e+00 2. 2. 2. 2. 2. 1.96000004e+00
    1.91600001e+00 1.82599998e+00 1.71599996e+00 1.65900004e+00 0. 0. 0.
    0. 0. 0. 0. 0. 0. 0. 0. 0. 0. 0. 0. 0. 0. 0. 1.95899999e+00
    1.94799995e+00 1.92100000e+00 1.89900005e+00 1.89900005e+00
    1.89900005e+00 1.89900005e+00 1.89900005e+00 1.89900005e+00
    1.89900005e+00 1.92400002e+00 1.97000003e+00 2. 2. 2. 2. 2.
    1.95899999e+00 1.91299999e+00 1.89900005e+00 1.89900005e+00
    1.89900005e+00 0. 0. 0. 0. 0. 0. 0. 0. 0. 0. 0. 0. 0. 0. 0. 0. 0. 0.
    1.91299999e+00 1.90999997e+00 1.90400004e+00 1.89900005e+00
    1.89900005e+00 1.89900005e+00 1.89900005e+00 1.89900005e+00
    1.89900005e+00 1.89900005e+00 1.92400002e+00 1.97000003e+00 2. 2. 2.
    2. 2. 1.95899999e+00 1.91299999e+00 1.89900005e+00 1.89900005e+00
    1.89900005e+00 0. 0. 0. 0. 0. 0. 0. 0. 0. 0. 0. 0. 0. 0. 0. 0. 0. 0.
    0. 0. 1.20000005e+00 1.86800003e+00 1.86800003e+00 1.86800003e+00
    1.88199997e+00 1.89600003e+00 1.89900005e+00 1.89900005e+00
    1.92400002e+00 1.97000003e+00 2. 2. 2. 2. 2. 1.97200000e+00
    1.94000006e+00 1.93099999e+00 1.93099999e+00 1.93099999e+00 0. 0. 0.
    0. 0. 0. 0. 0. 0. 0. 0. 0. 0. 0. 0. 0. 0. 0. 0. 0. 0. 1.82400000e+00
    1.82400000e+00 1.82400000e+00 1.85699999e+00 1.89100003e+00
    1.89900005e+00 1.89900005e+00 1.92400002e+00 1.97000003e+00 2. 2. 2.
    2. 2. 1.99000001e+00 1.98000002e+00 1.97599995e+00 1.97599995e+00
