<?xml version="1.0"?>
<opencv_storage>
<Depth type_id="opencv-matrix">
  <rows>40</rows>
  <cols>40</cols>
  <dt>f</dt>
  <data>
    0. 0. 0. 0. 0. 0. 0. 0. 0. 0. 0. 0. 0. 0. 0. 0. 0. 0. 0. 0. 0. 0. 0.
    0. 0. 0. 0. 0. 0. 0. 0. 0. 0. 0. 0. 0. 0. 0. 0. 0. 0. 0. 0. 0. 0. 0.
    0. 0. 0. 0. 0. 0. 0. 0. 0. 0. 0. 0. 0. 0. 0. 0. 0. 0. 0. 0. 0. 0. 0.
    0. 0. 0. 0. 0. 0. 0. 0. 0. 0. 0. 0. 0. 0. 0. 0. 0. 0. 0. 0. 0. 0. 0.
    0. 0. 0. 0. 0. 0. 0. 0. 0. 0. 0. 0. 0. 0. 0. 0. 0. 0. 0. 0. 0. 0. 0.
    0. 0. 0. 0. 0. 0. 0. 0. 0. 0. 0. 0. 0. 0. 0. 0. 0. 0. 0. 0. 0. 0. 0.
    0. 0. 0. 0. 0. 0. 0. 0. 0. 0. 0. 0. 0. 0. 0. 0. 0. 0. 0. 0. 0. 0. 0.
    0. 0. 0. 0. 0. 0. 0. 0. 0. 0. 0. 0. 0. 0. 0. 0. 0. 0. 0. 0. 0. 0. 0.
    0. 0. 0. 0. 0. 0. 0. 0. 0. 0. 0. 0. 0. 0. 0. 0. 0. 0. 0. 0. 0. 0. 0.
    0. 0. 0. 0. 0. 0. 0. 0. 0. 0. 0. 0. 0. 0. 0. 0. 0. 0. 0. 0. 0. 0. 0.
    0. 0. 0. 0. 0. 0. 0. 0. 0. 0. 0. 0. 0. 0. 0. 0. 0. 0. 0. 0. 0. 0. 0.
    0. 0. 0. 0. 0. 0. 0. 0. 0. 0. 0. 0. 0. 0. 0. 0. 0. 0. 0. 0. 0. 0. 0.
    0. 0. 0. 0. 0. 0. 0. 0. 0. 0. 0. 0. 0. 0. 0. 0. 0. 0. 0. 0. 0. 0. 0.
    0. 0. 0. 0. 0. 0. 0. 0. 0. 0. 0. 0. 0. 0. 0. 0. 0. 0. 0. 0. 0. 0. 0.
    0. 0. 0. 0. 0. 0. 0. 0. 0. 0. 0. 0. 0. 0. 0. 0. 0. 0. 0. 0. 0. 0. 0.
    0. 0. 0. 0. 0. 0. 0. 0. 0. 0. 0. 0. 0. 0. 0. 0. 0. 0. 0. 0. 0. 0. 0.
    0. 0. 0. 0. 0. 0. 0. 0. 0. 0. 0. 0. 0. 0. 0. 0. 0. 0. 0. 0. 0. 0. 0.
    0. 0. 0. 0. 0. 0. 0. 0. 0. 0. 0. 0. 0. 0. 0. 0. 0. 0. 0. 0. 0. 0. 0.
    0. 0. 0. 0. 0. 0. 0. 0. 0. 0. 0. 0. 0. 0. 0. 0. 0. 0. 0. 0. 0. 0. 0.
    0. 0. 0. 0. 0. 0. 0. 0. 0. 0. 2.98399997e+00 1.94200003e+00
    1.94200003e+00 1.94200003e+00 1.94200003e+00 1.94200003e+00
    1.94200003e+00 1.97700000e+00 2. 2. 1.97599995e+00 1.94200003e+00
    1.94200003e+00 1.95400000e+00 1.98899996e+00 1.95299995e+00
    1.88600004e+00 1.88600004e+00 2.38199997e+00 0. 0. 0. 0. 0. 0. 0. 0.
    0. 0. 0. 0. 0. 0. 0. 0. 0. 0. 0. 0. 0. 2.98399997e+00 1.94200003e+00
    1.94200003e+00 1.94200003e+00 1.94200003e+00 1.94200003e+00
    1.94200003e+00 1.97700000e+00 2. 2. 1.97599995e+00 1.94200003e+00
    1.94200003e+00 1.95400000e+00 1.98899996e+00 1.95299995e+00
    1.88600004e+00 1.88600004e+00 2.19300008e+00 0. 0. 0. 0. 0. 0. 0. 0.
    0. 0. 0. 0. 0. 0. 0. 0. 0. 0. 0. 0. 0. 2.98399997e+00 1.94200003e+00
    1.94200003e+00 1.94200003e+00 1.94200003e+00 1.94200003e+00
    1.94200003e+00 1.97700000e+00 2. 2. 1.97599995e+00 1.94200003e+00
    1.94200003e+00 1.95400000e+00 1.98899996e+00 1.95299995e+00
    1.88600004e+00 1.88600004e+00 1.91100001e+00 1.97899997e+00
    2.90499997e+00 0. 0. 0. 0. 0. 0. 0. 0. 0. 0. 0. 0. 0. 0. 0. 0. 0. 0.
    0. 2.98399997e+00 1.94200003e+00 1.94200003e+00 1.93499994e+00
    1.91499996e+00 1.90799999e+00 1.90900004e+00 1.94299996e+00
    1.96500003e+00 1.96500003e+00 1.97000003e+00 1.97700000e+00
    1.97700000e+00 1.97399998e+00 1.96700001e+00 1.93200004e+00
    1.88600004e+00 1.88600004e+00 1.91100001e+00 1.97899997e+00
    2.35999990e+00 2.88400006e+00 0. 0. 0. 0. 0. 0. 0. 0. 0. 0. 0. 0. 0.
    0. 0. 0. 0. 0. 0. 1.95400000e+00 1.94700003e+00 1.93099999e+00
    1.89699996e+00 1.88600004e+00 1.88600004e+00 1.91999996e+00
    1.94200003e+00 1.94200003e+00 1.96599996e+00 2. 2. 1.98800004e+00
    1.95299995e+00 1.91900003e+00 1.88600004e+00 1.88600004e+00
    1.91100001e+00 1.97899997e+00 2. 2.03699994e+00 0. 0. 0. 0. 0. 0. 0.
    0. 0. 0. 0. 0. 0. 0. 0. 0. 0. 0. 0. 1.98899996e+00 1.96099997e+00
    1.93099999e+00 1.89699996e+00 1.88600004e+00 1.88600004e+00
    1.91999996e+00 1.94200003e+00 1.94200003e+00 1.96599996e+00 2. 2.
    1.98800004e+00 1.95299995e+00 1.91900003e+00 1.88600004e+00
    1.88600004e+00 1.91100001e+00 1.97899997e+00 2. 2.01099992e+00
    2.32100010e+00 2.93600011e+00 0. 0. 0. 0. 0. 0. 0. 0. 0. 0. 0. 0. 0.
    0. 0. 0. 2.63800001e+00 2. 1.99399996e+00 1.97800004e+00
    1.94299996e+00 1.93200004e+00 1.93299997e+00 1.95299995e+00
    1.96599996e+00 1.96599996e+00 1.98000002e+00 2. 2. 1.98800004e+00
    1.95299995e+00 1.92799997e+00 1.90900004e+00 1.90900004e+00
    1.93400002e+00 2.00300002e+00 2.02399993e+00 2.02500010e+00
    2.06800008e+00 2.61500001e+00 0. 0. 0. 0. 0. 0. 0. 0. 0. 0. 0. 0. 0.
    0. 0. 2. 2. 2. 2.03500009e+00 2.04699993e+00 2.01099992e+00 2. 2. 2.
    2. 2. 2. 2. 2. 1.98800004e+00 1.95299995e+00 1.94200003e+00
    1.94200003e+00 1.94200003e+00 1.96800005e+00 2.03800011e+00
    2.05900002e+00 2.05900002e+00 2.05900002e+00 2.58299994e+00 0. 0. 0.
    0. 0. 0. 0. 0. 0. 0. 0. 0. 0. 0. 0. 2. 2. 2. 2.01399994e+00
    2.01799989e+00 2.00500011e+00 2. 2. 2. 2. 2. 2. 2. 2. 1.99500000e+00
    1.98099995e+00 1.97700000e+00 1.97700000e+00 1.97700000e+00
    1.99500000e+00 2.04399991e+00 2.05900002e+00 2.05900002e+00
    2.05900002e+00 2.27399993e+00 2.85400009e+00 0. 0. 0. 0. 0. 0. 0. 0.
    0. 0. 0. 0. 0. 0. 2. 2. 2. 2. 2. 2. 2. 2. 2. 2. 2. 2. 2. 2. 2. 2. 2.
    2. 2.00799990e+00 2.02300000e+00 2.05100012e+00 2.05900002e+00
    2.05900002e+00 2.05900002e+00 2.06999993e+00 2.09800005e+00
    2.10599995e+00 0. 0. 0. 0. 0. 0. 0. 0. 0. 0. 0. 0. 0. 2. 2. 2. 2. 2.
    2. 2. 2. 2. 2. 2. 2. 2. 2. 2. 2. 2. 2.00099993e+00 2.02999997e+00
    2.04999995e+00 2.05699992e+00 2.05900002e+00 2.05900002e+00
    2.05900002e+00 2.06200004e+00 2.06800008e+00 2.06999993e+00 0. 0. 0.
    0. 0. 0. 0. 0. 0. 0. 0. 0. 0. 2. 2. 2. 2. 2. 2. 2. 2. 2. 2. 2.
    2.01999998e+00 2.04900002e+00 2.04900002e+00 2.03800011e+00
    2.00900006e+00 2. 2.00099993e+00 2.02099991e+00 2.03999996e+00
    2.05500007e+00 2.05900002e+00 2.05900002e+00 2.05900002e+00
    2.05900002e+00 2.05900002e+00 2.05900002e+00 0. 0. 0. 0. 0. 0. 0. 0.
    0. 0. 0. 0. 0. 2. 2. 2. 2. 2. 1.99899995e+00 1.99899995e+00
    1.99899995e+00 2. 2. 2. 2.04900002e+00 2.11800003e+00 2.11899996e+00
    2.09299994e+00 2.02200007e+00 1.99899995e+00 1.99899995e+00 2.
    2.01300001e+00 2.04800010e+00 2.05900002e+00 2.05900002e+00
    2.05900002e+00 2.05900002e+00 2.05900002e+00 2.05900002e+00 0. 0. 0.
    0. 0. 0. 0. 0. 0. 0. 0. 0. 0. 2. 2. 2. 2. 1.99300003e+00
    1.97099996e+00 1.96399999e+00 1.96500003e+00 1.98599994e+00 2. 2.
    2.03399992e+00 2.08299994e+00 2.10500002e+00 2.08599997e+00
    1.99300003e+00 1.96399999e+00 1.96500003e+00 1.98599994e+00
    2.01300001e+00 2.04800010e+00 2.05900002e+00 2.05900002e+00
    2.05900002e+00 2.05900002e+00 2.05900002e+00 2.05900002e+00 0. 0. 0.
    0. 0. 0. 0. 0. 0. 0. 0. 0. 0. 2.23200011e+00 2.13899994e+00 2. 2.
    1.98800004e+00 1.95299995e+00 1.94200003e+00 1.94200003e+00
    1.97700000e+00 2. 2. 2.02399993e+00 2.05999994e+00 2.09599996e+00
    2.07900000e+00 1.96500003e+00 1.92999995e+00 1.93099999e+00
    1.98099995e+00 2.02600002e+00 2.06100011e+00 2.07200003e+00
    2.05100012e+00 1.46300006e+00 1.09300005e+00 1.09300005e+00
    1.09300005e+00 0. 0. 0. 0. 0. 0. 0. 0. 0. 0. 0. 0. 0. 2.88400006e+00
    2.52900004e+00 2. 2. 1.98800004e+00 1.95299995e+00 1.94200003e+00
    1.94200003e+00 1.97700000e+00 2. 2. 2.02399993e+00 2.05999994e+00
    2.09599996e+00 2.07100010e+00 1.93799996e+00 1.89600003e+00
    1.89900005e+00 1.99000001e+00 2.06100011e+00 2.09699988e+00
    2.10800004e+00 2.02900004e+00 0. 0. 0. 0. 0. 0. 0. 0. 0. 0. 0. 0. 0.
    0. 0. 0. 0. 0. 2.64899993e+00 2. 2. 1.98800004e+00 1.95299995e+00
    1.94200003e+00 1.94200003e+00 1.97700000e+00 2. 2. 2.02399993e+00
    2.05999994e+00 2.09599996e+00 2.06900001e+00 1.92900002e+00
    1.88600004e+00 1.88900006e+00 1.99300003e+00 2.07200003e+00
    2.10800004e+00 2.11899996e+00 2.02200007e+00 0. 0. 0. 0. 0. 0. 0. 0.
    0. 0. 0. 0. 0. 0. 0. 0. 0. 0. 0. 0. 0. 0. 0. 0. 0. 0. 0. 0. 0. 0. 0.
    0. 0. 0. 0. 0. 0. 0. 0. 0. 0. 0. 0. 0. 0. 0. 0. 0. 0. 0. 0. 0. 0. 0.
    0. 0. 0. 0. 0. 0. 0. 0. 0. 0. 0. 0. 0. 0. 0. 0. 0. 0. 0. 0. 0. 0. 0.
    0. 0. 0. 0. 0. 0. 0. 0. 0. 0. 0. 0. 0. 0. 0. 0. 0. 0. 0. 0. 0. 0. 0.
    0. 0. 0. 0. 0. 0. 0. 0. 0. 0. 0. 0. 0. 0. 0. 0. 0. 0. 0. 0. 0. 0. 0.
    0. 0. 0. 0. 0. 0. 0. 0. 0. 0. 0. 0. 0. 0. 0. 0. 0. 0. 0. 0. 0. 0. 0.
    0. 0. 0. 0. 0. 0. 0. 0. 0. 0. 0. 0. 0. 0. 0. 0. 0. 0. 0. 0. 0. 0. 0.
