<?xml version="1.0"?>
<opencv_storage>
<Depth type_id="opencv-matrix">
  <rows>40</rows>
  <cols>40</cols>
  <dt>f</dt>
  <data>
    0. 0. 0. 0. 0. 0. 0. 0. 0. 0. 0. 0. 0. 0. 0. 0. 0. 0. 0. 0. 0. 0. 0.
    0. 0. 0. 0. 0. 0. 0. 0. 0. 0. 0. 0. 0. 0. 0. 0. 0. 0. 0. 0. 0. 0. 0.
    0. 0. 0. 0. 0. 0. 0. 0. 0. 0. 0. 0. 0. 0. 0. 0. 0. 0. 0. 0. 0. 0. 0.
    0. 0. 0. 0. 0. 0. 0. 0. 0. 0. 0. 0. 0. 0. 0. 0. 0. 0. 0.
    1.05999994e+00 1.05999994e+00 1.05999994e+00 1.05999994e+00
    1.05999994e+00 1.05999994e+00 1.05999994e+00 1.84300005e+00
    2.17499995e+00 2.16799998e+00 2.15899992e+00 2.15599990e+00
    2.12299991e+00 2.03299999e+00 2.01399994e+00 2.01699996e+00
    2.02200007e+00 2.12299991e+00 2.10999990e+00 2.10700011e+00
    2.10999990e+00 2.10100007e+00 2.09400010e+00 1.10500002e+00 0. 0. 0.
    0. 0. 0. 0. 0. 0. 0. 0. 0. 0. 0. 0. 1.69000006e+00 1.05999994e+00
    1.05999994e+00 1.05999994e+00 1.05999994e+00 1.05999994e+00
    1.05999994e+00 1.05999994e+00 1.90699995e+00 2.18300009e+00
    2.17899990e+00 2.17300010e+00 2.16499996e+00 2.16700006e+00
    2.01999998e+00 2.01399994e+00 2.01300001e+00 2.01099992e+00
    2.01099992e+00 2.01399994e+00 2.03900003e+00 2.12700009e+00
    2.04299998e+00 1.91100001e+00 1.05999994e+00 0. 0. 0. 0. 0. 0. 0. 0.
    0. 0. 0. 0. 0. 0. 0. 0. 1.05999994e+00 1.05999994e+00 1.05999994e+00
    1.05999994e+00 1.05999994e+00 1.05999994e+00 1.05999994e+00
    1.05999994e+00 1.05999994e+00 1.05999994e+00 1.05999994e+00
    2.07599998e+00 2.07500005e+00 2.01600003e+00 2.01200008e+00
    2.01099992e+00 2.00900006e+00 2.01099992e+00 2.01399994e+00
    2.01399994e+00 2.01500010e+00 2.01600003e+00 2.01600003e+00
    2.01300001e+00 0. 0. 0. 0. 0. 0. 0. 0. 0. 0. 0. 0. 0. 0. 0. 0.
    1.05999994e+00 1.05999994e+00 1.05999994e+00 1.05999994e+00
    1.05999994e+00 1.05999994e+00 1.05999994e+00 1.05999994e+00
    1.05999994e+00 1.05999994e+00 1.05999994e+00 1.14300001e+00
    2.03500009e+00 2.01399994e+00 2.01099992e+00 2.01099992e+00
    2.00900006e+00 2.01099992e+00 2.01399994e+00 2.01399994e+00
    2.01900005e+00 2.01900005e+00 2.01999998e+00 2.02300000e+00 0. 0. 0.
    0. 0. 0. 0. 0. 0. 0. 0. 0. 0. 0. 0. 0. 1.05999994e+00 1.05999994e+00
    1.05999994e+00 1.05999994e+00 1.05999994e+00 1.05999994e+00
    1.05999994e+00 1.05999994e+00 1.05999994e+00 1.53100002e+00
    2.08400011e+00 2.06500006e+00 2.02300000e+00 2.01099992e+00
    2.01300001e+00 2.01099992e+00 2.01099992e+00 2.01099992e+00
    2.01099992e+00 2.01399994e+00 2.01399994e+00 2.01799989e+00
    2.02099991e+00 2.01900005e+00 0. 0. 0. 0. 0. 0. 0. 0. 0. 0. 0. 0. 0.
    0. 0. 0. 1.61500001e+00 1.05999994e+00 1.05999994e+00 1.05999994e+00
    1.05999994e+00 1.05999994e+00 1.05999994e+00 1.05999994e+00
    1.05999994e+00 2.10700011e+00 2.07299995e+00 2.05599999e+00
    2.01900005e+00 2.01099992e+00 2.01099992e+00 2.01099992e+00
    2.01099992e+00 2.01099992e+00 2.01099992e+00 2.01200008e+00
    2.01399994e+00 2.01699996e+00 2.01699996e+00 2.01399994e+00 0. 0. 0.
    0. 0. 0. 0. 0. 0. 0. 0. 0. 0. 0. 0. 0. 1.61199999e+00 1.05999994e+00
    1.05999994e+00 1.05999994e+00 1.05999994e+00 1.05999994e+00
    1.05999994e+00 1.05999994e+00 2.15000010e+00 2.11899996e+00
    2.07399988e+00 2.03999996e+00 2.01399994e+00 2.00799990e+00
    2.01099992e+00 2.00999999e+00 2.01099992e+00 2.01099992e+00
    2.01099992e+00 2.01099992e+00 2.01099992e+00 2.01699996e+00
    2.01699996e+00 2.01600003e+00 0. 0. 0. 0. 0. 0. 0. 0. 0. 0. 0. 0. 0.
    0. 0. 0. 1.11800003e+00 1.05999994e+00 1.05999994e+00 1.05999994e+00
    1.05999994e+00 1.05999994e+00 1.05999994e+00 1.05999994e+00
    2.13499999e+00 2.10400009e+00 2.06500006e+00 2.03999996e+00
    2.01099992e+00 2.00799990e+00 2.00799990e+00 2.00799990e+00
    2.00900006e+00 2.01099992e+00 2.01099992e+00 2.01399994e+00
    2.01099992e+00 2.01699996e+00 2.01699996e+00 2.01099992e+00 0. 0. 0.
    0. 0. 0. 0. 0. 0. 0. 0. 0. 0. 0. 0. 0. 0. 1.05999994e+00
    1.05999994e+00 1.05999994e+00 1.05999994e+00 2.21300006e+00
    2.21399999e+00 2.16599989e+00 2.12100005e+00 2.10400009e+00
    2.05999994e+00 2.03299999e+00 2.00600004e+00 2.00799990e+00
    2.00699997e+00 2.00600004e+00 2.00600004e+00 2.01099992e+00
    2.01099992e+00 2.01200008e+00 2.01300001e+00 2.01699996e+00
    2.01600003e+00 1.63100004e+00 0. 0. 0. 0. 0. 0. 0. 0. 0. 0. 0. 0. 0.
    0. 0. 0. 0. 0. 1.05999994e+00 1.05999994e+00 1.05999994e+00
    2.22000003e+00 2.18600011e+00 2.15899992e+00 2.11400008e+00
    2.08299994e+00 2.05599999e+00 2.01900005e+00 2.00600004e+00
    2.00600004e+00 2.00699997e+00 2.00699997e+00 2.00699997e+00
    2.01099992e+00 2.01300001e+00 2.01099992e+00 2.01200008e+00
    2.01500010e+00 2.01300001e+00 1.05999994e+00 0. 0. 0. 0. 0. 0. 0. 0.
    0. 0. 0. 0. 0. 0. 0. 0. 0. 0. 1.05999994e+00 1.05999994e+00
    1.05999994e+00 2.21799994e+00 2.18199992e+00 2.13599992e+00
    2.10599995e+00 2.06999993e+00 2.04399991e+00 2.01099992e+00
    2.00300002e+00 2.00600004e+00 2.00600004e+00 2.00699997e+00
    2.00799990e+00 2.00900006e+00 2.01099992e+00 2.01099992e+00
    2.01200008e+00 2.01500010e+00 2.01099992e+00 1.05999994e+00 0. 0. 0.
    0. 0. 0. 0. 0. 0. 0. 0. 0. 0. 0. 0. 0. 0. 0. 1.05999994e+00
    1.60800004e+00 1.12899995e+00 2.21300006e+00 2.17700005e+00
    2.13700008e+00 2.09299994e+00 2.06299996e+00 2.03500009e+00
    2.00600004e+00 2.00300002e+00 2.00600004e+00 2.00500011e+00
    2.00600004e+00 2.00799990e+00 2.00900006e+00 2.01099992e+00
    2.01099992e+00 2.01399994e+00 2.01399994e+00 1.49000001e+00
    1.05999994e+00 0. 0. 0. 0. 0. 0. 0. 0. 0. 0. 0. 0. 0. 0. 0. 0. 0. 0.
    0. 0. 2.21700001e+00 2.19799995e+00 2.16599989e+00 2.12899995e+00
    2.07699990e+00 2.05800009e+00 2.02800012e+00 2.00600004e+00
    2.00600004e+00 2.00300002e+00 2.00300002e+00 2.00399995e+00
    2.00799990e+00 2.00799990e+00 2.01099992e+00 2.01099992e+00
    2.01099992e+00 2.01500010e+00 1.49199998e+00 1.05999994e+00 0. 0. 0.
    0. 0. 0. 0. 0. 0. 0. 0. 0. 0. 0. 0. 0. 0. 0. 0. 0. 2.22000003e+00
    2.19300008e+00 2.16499996e+00 2.11999989e+00 2.06900001e+00
    2.05100012e+00 2.02600002e+00 2.00500011e+00 2.00300002e+00
    2.00300002e+00 2.00300002e+00 2.00300002e+00 2.00799990e+00
    2.00799990e+00 2.01099992e+00 2.01099992e+00 2.01099992e+00
    2.01300001e+00 1.05999994e+00 1.05999994e+00 0. 0. 0. 0. 0. 0. 0. 0.
    0. 0. 0. 0. 0. 0. 0. 0. 0. 0. 0. 2.36999989e+00 2.21799994e+00
    2.17899990e+00 2.15199995e+00 2.10599995e+00 2.06200004e+00
    2.04500008e+00 2.00999999e+00 2.00300002e+00 2.00300002e+00
    2.00300002e+00 2.00300002e+00 2.00300002e+00 2.00799990e+00
    2.00799990e+00 2.00799990e+00 2.00799990e+00 2.01099992e+00
    2.01099992e+00 1.05999994e+00 1.05999994e+00 0. 0. 0. 0. 0. 0. 0. 0.
    0. 0. 0. 0. 0. 0. 0. 0. 0. 0. 0. 2.24099994e+00 2.20700002e+00
    2.17199993e+00 2.12800002e+00 2.09599996e+00 2.05699992e+00
    2.03099990e+00 2.00500011e+00 2.00300002e+00 2.00300002e+00
    2.00300002e+00 2.00300002e+00 2.00699997e+00 2.00699997e+00
    2.00799990e+00 2.00799990e+00 2.01099992e+00 2.01300001e+00
    2.01399994e+00 1.05999994e+00 1.05999994e+00 0. 0. 0. 0. 0. 0. 0. 0.
    0. 0. 0. 0. 0. 0. 0. 0. 0. 0. 0. 1.88800001e+00 2.19600010e+00
    2.16599989e+00 2.11700010e+00 2.08899999e+00 2.04800010e+00
    2.02099991e+00 2.00200009e+00 2.00300002e+00 2.00099993e+00
    2.00099993e+00 2.00300002e+00 2.00399995e+00 2.00600004e+00
    2.00500011e+00 2.00300002e+00 2.00799990e+00 2.00900006e+00
    1.34700000e+00 1.05999994e+00 1.05999994e+00 0. 0. 0. 0. 0. 0. 0. 0.
    0. 0. 0. 0. 0. 0. 0. 0. 0. 0. 1.85000002e+00 1.45000005e+00
    2.18700004e+00 2.15700006e+00 2.11400008e+00 2.07599998e+00
    2.04099989e+00 2.01300001e+00 2. 2.00099993e+00 2. 2. 2.00200009e+00
    2.00300002e+00 2.00300002e+00 2.00699997e+00 2.00699997e+00
    2.00600004e+00 2.00600004e+00 1.05999994e+00 1.05999994e+00
    1.05999994e+00 0. 0. 0. 0. 0. 0. 0. 0. 0. 0. 0. 0. 0. 0. 0. 0. 0.
    1.80499995e+00 1.05999994e+00 2.20900011e+00 2.18400002e+00
    2.14299989e+00 2.11500001e+00 2.06200004e+00 2.03699994e+00
