<?xml version="1.0"?>
<opencv_storage>
<Depth type_id="opencv-matrix">
  <rows>40</rows>
  <cols>40</cols>
  <dt>f</dt>
  <data>
    0. 0. 0. 0. 0. 0. 0. 0. 0. 0. 0. 0. 0. 0. 0. 0. 0. 0. 0. 0. 0. 0. 0.
    0. 0. 0. 0. 0. 0. 0. 0. 0. 0. 0. 0. 0. 0. 0. 0. 0. 0. 0. 0. 0. 0. 0.
    0. 0. 0. 0. 0. 0. 0. 0. 0. 0. 0. 0. 0. 0. 0. 0. 0. 0. 0. 0. 0. 0. 0.
    0. 0. 0. 0. 0. 0. 0. 0. 0. 0. 0. 0. 0. 0. 0. 0. 0. 0. 0. 0. 0. 0. 0.
    0. 0. 0. 0. 0. 0. 0. 0. 0. 0. 0. 0. 0. 0. 0. 0. 0. 0. 0. 0. 0. 0. 0.
    0. 0. 0. 0. 0. 0. 0. 0. 0. 0. 0. 0. 0. 0. 0. 0. 0. 0. 0. 0. 0. 0. 0.
    0. 0. 0. 0. 0. 0. 0. 0. 0. 0. 0. 0. 0. 0. 0. 0. 0. 0. 0. 0. 0. 0. 0.
    0. 0. 0. 0. 0. 0. 0. 0. 0. 0. 0. 0. 0. 0. 0. 0. 0. 0. 0. 0. 0. 0. 0.
    0. 0. 0. 0. 0. 0. 0. 0. 0. 0. 0. 0. 0. 0. 0. 0. 0. 0. 0. 0. 0. 0. 0.
    0. 0. 0. 0. 0. 0. 0. 0. 0. 0. 0. 0. 0. 0. 0. 0. 0. 0. 0. 0. 0. 0. 0.
    0. 0. 0. 0. 0. 0. 0. 0. 0. 0. 0. 0. 0. 0. 0. 0. 0. 0. 0. 0. 0. 0. 0.
    0. 0. 0. 0. 0. 0. 0. 0. 0. 0. 0. 0. 0. 0. 0. 0. 0. 0. 0. 0. 0. 0. 0.
    0. 0. 0. 0. 0. 0. 0. 0. 0. 0. 0. 0. 0. 0. 0. 0. 0. 0. 0. 0. 0. 0. 0.
    0. 0. 0. 0. 0. 0. 0. 0. 0. 0. 0. 0. 0. 0. 0. 0. 0. 0. 0. 0. 0. 0. 0.
    0. 0. 0. 0. 0. 0. 0. 0. 0. 0. 0. 0. 0. 0. 0. 0. 0. 0. 0. 0. 0. 0. 0.
    0. 0. 0. 0. 0. 0. 0. 0. 0. 0. 0. 0. 0. 0. 0. 0. 0. 0. 0. 0. 0. 0. 0.
    0. 0. 0. 0. 0. 0. 0. 0. 0. 0. 0. 0. 0. 0. 0. 0. 0. 0. 0. 0. 0. 0. 0.
    0. 0. 0. 0. 0. 0. 0. 0. 0. 0. 0. 0. 0. 0. 0. 0. 0. 0. 1.83599997e+00
    1.83599997e+00 1.83599997e+00 1.85599995e+00 1.89600003e+00
    1.93700004e+00 1.97899997e+00 0. 0. 0. 0. 0. 0. 0. 0. 0. 0. 0. 0. 0.
    0. 0. 0. 0. 0. 0. 0. 0. 0. 0. 0. 0. 0. 0. 0. 0. 0. 0. 0. 0.
    1.83599997e+00 1.83599997e+00 1.83599997e+00 1.85599995e+00
    1.89600003e+00 1.93700004e+00 1.97899997e+00 1.01400006e+00 0. 0. 0.
    0. 0. 0. 0. 0. 0. 0. 0. 0. 0. 0. 0. 0. 0. 0. 0. 0. 0. 0. 0. 0. 0. 0.
    0. 0. 0. 0. 0. 0. 1.83599997e+00 1.83599997e+00 1.83599997e+00
    1.85599995e+00 1.89600003e+00 1.93700004e+00 1.97899997e+00
    1.65499997e+00 0. 0. 0. 0. 0. 0. 0. 0. 0. 0. 0. 0. 0. 0. 0. 0. 0. 0.
    0. 0. 0. 0. 0. 0. 0. 0. 0. 0. 0. 0. 0. 0. 1.83599997e+00
    1.84099996e+00 1.85099995e+00 1.87600005e+00 1.91700006e+00
    1.95299995e+00 1.98399997e+00 1.98000002e+00 1.93799996e+00
    1.91700006e+00 1.91700006e+00 1.93700004e+00 1.97800004e+00
    1.03900003e+00 0. 0. 0. 0. 0. 0. 0. 0. 0. 0. 0. 0. 0. 0. 0. 0. 0. 0.
    0. 0. 0. 0. 0. 0. 0. 0. 1.83599997e+00 1.85099995e+00 1.88100004e+00
    1.91700006e+00 1.95799994e+00 1.98399997e+00 1.99500000e+00
    1.98000002e+00 1.93799996e+00 1.91700006e+00 1.91700006e+00
    1.93700004e+00 1.97800004e+00 1.67600000e+00 0. 0. 0. 0. 0. 0. 0. 0.
    0. 0. 0. 0. 0. 0. 0. 0. 0. 0. 0. 0. 0. 0. 0. 0. 0. 0. 1.83599997e+00
    1.85599995e+00 1.89699996e+00 1.93700004e+00 1.97899997e+00 2. 2.
    1.98500001e+00 1.95299995e+00 1.93700004e+00 1.93700004e+00
    1.95200002e+00 1.98399997e+00 2. 2. 2. 2. 2.01999998e+00
    2.06299996e+00 1.13499999e+00 0. 0. 0. 0. 0. 0. 0. 0. 0. 0. 0. 0. 0.
    0. 0. 0. 0. 0. 0. 0. 1.83599997e+00 1.85599995e+00 1.89699996e+00
    1.93700004e+00 1.97899997e+00 2. 2. 1.99500000e+00 1.98399997e+00
    1.97899997e+00 1.97899997e+00 1.98399997e+00 1.99399996e+00 2. 2. 2.
    2. 2.01999998e+00 2.06299996e+00 1.77699995e+00 1.11199999e+00 0. 0.
    0. 0. 0. 0. 0. 0. 0. 0. 0. 0. 0. 0. 0. 0. 0. 0. 0. 1.83599997e+00
    1.85599995e+00 1.89699996e+00 1.93299997e+00 1.96399999e+00
    1.98000002e+00 1.98000002e+00 1.98500001e+00 1.99500000e+00 2. 2.
    2.00500011e+00 2.01500010e+00 2.02099991e+00 2.02099991e+00
    2.02099991e+00 2.02099991e+00 2.03600001e+00 2.06900001e+00
    2.10599995e+00 2.15000010e+00 2.17400002e+00 0. 0. 0. 0. 0. 0. 0. 0.
    0. 0. 0. 0. 0. 0. 0. 0. 0. 0. 1.83599997e+00 1.85599995e+00
    1.89699996e+00 1.92200005e+00 1.93299997e+00 1.93799996e+00
    1.93799996e+00 1.95299995e+00 1.98399997e+00 2. 2. 2.01500010e+00
    2.04699993e+00 2.06399989e+00 2.06399989e+00 2.06399989e+00
    2.06399989e+00 2.06900001e+00 2.07999992e+00 2.10599995e+00
    2.15000010e+00 2.17400002e+00 0. 0. 0. 0. 0. 0. 0. 0. 0. 0. 0. 0. 0.
    0. 0. 0. 0. 0. 1.83599997e+00 1.85099995e+00 1.88199997e+00
    1.89699996e+00 1.89699996e+00 1.90199995e+00 1.91199994e+00
    1.93700004e+00 1.97899997e+00 2. 2. 2.02099991e+00 2.06399989e+00
    2.08599997e+00 2.08599997e+00 2.08599997e+00 2.08599997e+00
    2.09100008e+00 2.10200000e+00 2.12299991e+00 2.15599990e+00
    2.17400002e+00 0. 0. 0. 0. 0. 0. 0. 0. 0. 0. 0. 0. 0. 0. 0. 0. 0. 0.
    1.83599997e+00 1.84099996e+00 1.85200000e+00 1.85699999e+00
    1.85699999e+00 1.87199998e+00 1.90199995e+00 1.93700004e+00
    1.97899997e+00 2. 2. 2.02099991e+00 2.06399989e+00 2.08599997e+00
    2.08599997e+00 2.08599997e+00 2.08599997e+00 2.10100007e+00
    2.13400006e+00 2.15599990e+00 2.16799998e+00 2.17400002e+00 0. 0. 0.
    0. 0. 0. 0. 0. 0. 0. 0. 0. 0. 0. 0. 0. 0. 0. 1.81700003e+00
    1.82200003e+00 1.83099997e+00 1.83599997e+00 1.83599997e+00
    1.85599995e+00 1.89600003e+00 1.93200004e+00 1.96399999e+00
    1.98000002e+00 1.98000002e+00 2.00099993e+00 2.04299998e+00
    2.06999993e+00 2.08100009e+00 2.08599997e+00 2.08599997e+00
    2.10200000e+00 2.13499999e+00 2.15799999e+00 2.16799998e+00
    2.17400002e+00 0. 0. 0. 0. 0. 0. 0. 0. 0. 0. 0. 0. 0. 0. 0. 0. 0. 0.
    1.77800000e+00 1.79299998e+00 1.82099998e+00 1.83599997e+00
    1.83599997e+00 1.85599995e+00 1.89600003e+00 1.92200005e+00
    1.93299997e+00 1.93900001e+00 1.93900001e+00 1.95899999e+00
    2.00099993e+00 2.03800011e+00 2.06900001e+00 2.08599997e+00
    2.08599997e+00 2.09100008e+00 2.10299993e+00 2.12400007e+00
    2.15700006e+00 2.17400002e+00 0. 0. 0. 0. 0. 0. 0. 0. 0. 0. 0. 0. 0.
    0. 0. 0. 0. 0. 1.75800002e+00 1.77699995e+00 1.81599998e+00
    1.83599997e+00 1.83599997e+00 1.85599995e+00 1.89600003e+00
    1.91700006e+00 1.91700006e+00 1.91700006e+00 1.91700006e+00
    1.93700004e+00 1.97800004e+00 2.01999998e+00 2.06299996e+00
    2.08599997e+00 2.08599997e+00 2.08599997e+00 2.08599997e+00
    2.10599995e+00 2.15000010e+00 2.17400002e+00 0. 0. 0. 0. 0. 0. 0. 0.
    0. 0. 0. 0. 0. 0. 0. 0. 0. 0. 1.75800002e+00 1.77699995e+00
    1.81599998e+00 1.83599997e+00 1.83599997e+00 1.85599995e+00
    1.89600003e+00 1.91700006e+00 1.91700006e+00 1.91700006e+00
    1.91700006e+00 1.93700004e+00 1.97800004e+00 2.01999998e+00
    2.06299996e+00 2.08599997e+00 2.08599997e+00 2.08599997e+00
    2.08599997e+00 2.10599995e+00 2.15000010e+00 2.17400002e+00 0. 0. 0.
    0. 0. 0. 0. 0. 0. 0. 0. 0. 0. 0. 0. 0. 0. 0. 1.77600002e+00
    1.79100001e+00 1.82099998e+00 1.83599997e+00 1.83599997e+00
    1.85599995e+00 1.89600003e+00 1.92200005e+00 1.93200004e+00
    1.93700004e+00 1.93700004e+00 1.95200002e+00 1.98300004e+00
    2.01999998e+00 2.06299996e+00 2.08599997e+00 2.08599997e+00
    2.08599997e+00 2.08599997e+00 2.10200000e+00 2.13499999e+00
    2.15300012e+00 0. 0. 0. 0. 0. 0. 0. 0. 0. 0. 0. 0. 0. 0. 0. 0. 0. 0.
    1.81500006e+00 1.82000005e+00 1.83099997e+00 1.83599997e+00
    1.83599997e+00 1.85599995e+00 1.89600003e+00 1.93200004e+00
    1.96200001e+00 1.97800004e+00 1.97800004e+00 1.98300004e+00
    1.99399996e+00 2.01999998e+00 2.06299996e+00 2.08599997e+00
    2.08599997e+00 2.08599997e+00 2.08599997e+00 2.09100008e+00
    2.10299993e+00 2.10899997e+00 0. 0. 0. 0. 0. 0. 0. 0. 0. 0. 0. 0. 0.
    0. 0. 0. 0. 0. 1.83599997e+00 1.83599997e+00 1.83599997e+00
    1.83599997e+00 1.83599997e+00 1.86099994e+00 1.91100001e+00
    1.95200002e+00 1.98399997e+00 2. 2. 2.00500011e+00 2.01500010e+00
    2.03600001e+00 2.06900001e+00 2.08599997e+00 2.08599997e+00
    2.08599997e+00 2.08599997e+00 2.08599997e+00 2.08599997e+00
    2.08599997e+00 0. 0. 0. 0. 0. 0. 0. 0. 0. 0. 0. 0. 0. 0. 0. 0. 0. 0.
    1.83599997e+00 1.83599997e+00 1.83599997e+00 1.83599997e+00
    1.83599997e+00 1.87100005e+00 1.94200003e+00 1.98300004e+00
    1.99399996e+00 2. 2. 2.01500010e+00 2.04699993e+00 2.06800008e+00
    2.07999992e+00 2.08599997e+00 2.08599997e+00 2.08599997e+00
