<?xml version="1.0"?>
<opencv_storage>
<Depth type_id="opencv-matrix">
  <rows>40</rows>
  <cols>40</cols>
  <dt>f</dt>
  <data>
    0. 0. 0. 0. 0. 0. 0. 0. 0. 0. 0. 0. 0. 0. 0. 0. 0. 0. 0. 0. 0. 0. 0.
    0. 0. 0. 0. 0. 0. 0. 0. 0. 0. 0. 0. 0. 0. 0. 0. 0. 0. 0. 0. 0. 0. 0.
    0. 0. 0. 0. 0. 0. 0. 0. 0. 0. 0. 0. 0. 0. 0. 0. 0. 0. 0. 0. 0. 0. 0.
    0. 0. 0. 0. 0. 0. 0. 0. 0. 0. 0. 0. 0. 0. 0. 0. 0. 0. 0. 0. 0. 0. 0.
    0. 0. 0. 0. 0. 0. 0. 0. 0. 0. 0. 0. 0. 0. 0. 0. 0. 0. 0. 0. 0. 0. 0.
    0. 0. 0. 0. 0. 0. 0. 0. 0. 0. 0. 0. 0. 0. 0. 0. 0. 0. 0. 0. 0. 0. 0.
    0. 0. 0. 0. 0. 0. 0. 0. 0. 0. 0. 0. 0. 0. 0. 0. 0. 0. 0. 0. 0. 0. 0.
    0. 0. 0. 0. 0. 0. 0. 0. 0. 0. 0. 0. 0. 0. 0. 0. 0. 0. 0. 0. 0. 0. 0.
    0. 0. 0. 0. 0. 0. 0. 0. 0. 0. 0. 0. 0. 0. 0. 0. 0. 0. 0. 0. 0. 0. 0.
    0. 0. 0. 0. 0. 0. 0. 0. 0. 0. 0. 0. 0. 0. 0. 0. 0. 0. 0. 0. 0. 0. 0.
    0. 0. 0. 0. 0. 0. 0. 0. 0. 0. 0. 0. 0. 0. 0. 0. 0. 0. 0. 0. 0. 0. 0.
    0. 0. 0. 0. 0. 0. 0. 0. 0. 0. 0. 0. 0. 0. 0. 0. 0. 0. 0. 0. 0. 0. 0.
    0. 0. 0. 0. 0. 0. 0. 0. 0. 0. 0. 0. 0. 0. 0. 0. 0. 0. 0. 0. 0. 0. 0.
    0. 0. 0. 0. 0. 0. 0. 0. 0. 0. 0. 0. 0. 0. 0. 0. 0. 0. 0. 0. 0. 0. 0.
    0. 0. 0. 0. 0. 0. 0. 0. 0. 0. 0. 0. 0. 0. 0. 0. 0. 0. 0. 0. 0. 0. 0.
    0. 0. 0. 0. 0. 0. 0. 0. 0. 0. 0. 0. 0. 0. 0. 0. 0. 0. 0. 0. 0. 0. 0.
    0. 0. 0. 0. 0. 0. 0. 0. 0. 0. 0. 0. 0. 0. 0. 0. 0. 0. 0. 0. 0. 0. 0.
    0. 0. 0. 0. 0. 0. 0. 0. 0. 0. 0. 0. 0. 0. 0. 0. 0. 0. 0. 0. 0. 0. 0.
    0. 0. 0. 0. 0. 0. 0. 0. 0. 0. 0. 0. 0. 0. 0. 0. 0. 0. 0. 0. 0. 0. 0.
    0. 0. 0. 0. 0. 0. 0. 0. 0. 0. 0. 0. 0. 0. 0. 0. 0. 0. 0. 0. 0. 0. 0.
    0. 0. 0. 0. 0. 0. 0. 0. 0. 0. 0. 0. 0. 0. 0. 0. 0. 0. 0. 0. 0. 0. 0.
    0. 0. 0. 0. 0. 0. 0. 0. 0. 0. 0. 0. 0. 0. 0. 0. 0. 0. 0. 0. 0. 0. 0.
    0. 0. 0. 0. 0. 0. 0. 0. 0. 0. 0. 0. 0. 0. 0. 0. 0. 0. 0. 0.
    2.06800008e+00 2.06800008e+00 2.11400008e+00 2.11299992e+00
    2.11299992e+00 2.07599998e+00 2.07599998e+00 2.07599998e+00
    2.67499995e+00 0. 0. 2.16199994e+00 2.14700007e+00 2.81500006e+00 0.
    0. 0. 0. 2.17899990e+00 2.19700003e+00 2.19700003e+00 2.20000005e+00
    0. 0. 0. 0. 0. 0. 0. 0. 0. 0. 0. 0. 0. 0. 2.21300006e+00
    1.96899998e+00 1.97000003e+00 1.98099995e+00 2.03399992e+00
    2.04299998e+00 2.04099989e+00 2.05699992e+00 2.12100005e+00
    2.06900001e+00 2.06900001e+00 2.06900001e+00 2.06900001e+00
    2.12500000e+00 2.13599992e+00 2.14100003e+00 2.09299994e+00
    2.07100010e+00 2.07200003e+00 2.09999990e+00 2.08599997e+00
    2.08699989e+00 2.09500003e+00 2.19000006e+00 2.19000006e+00
    2.09400010e+00 2.10200000e+00 2.15199995e+00 2.15300012e+00
    2.14599991e+00 2.19899988e+00 0. 0. 0. 0. 0. 0. 0. 0. 2.65400004e+00
    1.90699995e+00 1.96899998e+00 1.97000003e+00 1.98199999e+00
    1.99100006e+00 1.99600005e+00 2.00200009e+00 2.00399995e+00
    2.01300001e+00 2.02500010e+00 2.01600003e+00 2.01799989e+00
    2.01799989e+00 2.00799990e+00 2.00799990e+00 2.01200008e+00
    2.00799990e+00 2.03099990e+00 2.02900004e+00 2.05299997e+00
    2.05500007e+00 2.05900002e+00 2.05599999e+00 2.05299997e+00
    2.03699994e+00 2.04999995e+00 2.06500006e+00 2.05999994e+00
    2.09299994e+00 2.07699990e+00 2.07299995e+00 2.06599998e+00
    2.04200006e+00 1.91499996e+00 1.23199999e+00 0. 0. 0. 0. 0.
    1.96899998e+00 1.96899998e+00 1.97000003e+00 1.97599995e+00
    1.97599995e+00 1.97599995e+00 1.98000002e+00 1.98300004e+00
    1.98300004e+00 1.98300004e+00 1.98399997e+00 1.99600005e+00
    1.99899995e+00 1.99300003e+00 1.99199998e+00 1.99899995e+00 2. 2.
    2.00600004e+00 2.00699997e+00 2.00699997e+00 2.00699997e+00
    2.00699997e+00 2.00699997e+00 2.00699997e+00 2.00999999e+00
    2.01600003e+00 2.03099990e+00 2.03200006e+00 2.03200006e+00
    2.03200006e+00 2.03200006e+00 2.03200006e+00 2.02500010e+00
    2.01900005e+00 2.01999998e+00 2.02500010e+00 0. 0. 1.69799995e+00
    1.96899998e+00 1.96899998e+00 1.97500002e+00 1.97599995e+00
    1.97599995e+00 1.97599995e+00 1.97599995e+00 1.97599995e+00
    1.97599995e+00 1.97899997e+00 1.98399997e+00 1.98500001e+00
    1.99199998e+00 1.99199998e+00 1.99199998e+00 1.99199998e+00
    1.99800003e+00 2. 2. 2. 2. 2. 2. 2. 2. 2.00799990e+00 2.00799990e+00
    2.00999999e+00 2.01300001e+00 2.01900005e+00 2.01900005e+00
    2.01900005e+00 2.01900005e+00 2.02500010e+00 2.02399993e+00
    2.02399993e+00 2.03099990e+00 0. 0. 1.97399998e+00 1.96899998e+00
    1.96899998e+00 1.96899998e+00 1.96899998e+00 1.97599995e+00
    1.97599995e+00 1.97599995e+00 1.97599995e+00 1.97599995e+00
    1.97899997e+00 1.98699999e+00 1.98699999e+00 1.98899996e+00
    1.99199998e+00 1.99199998e+00 1.99199998e+00 1.99800003e+00 2. 2. 2.
    2.00099993e+00 2.00099993e+00 2. 2. 2. 2.00799990e+00 2.00799990e+00
    2.00799990e+00 2.00799990e+00 2.01399994e+00 2.01500010e+00
    2.01699996e+00 2.01699996e+00 2.02200007e+00 2.02200007e+00
    2.02699995e+00 2.02999997e+00 0. 0. 1.96899998e+00 1.96899998e+00
    1.96899998e+00 1.96899998e+00 1.96899998e+00 1.97599995e+00
    1.97599995e+00 1.97599995e+00 1.97599995e+00 1.97599995e+00
    1.97899997e+00 1.99199998e+00 1.99199998e+00 1.98399997e+00
    1.99100006e+00 1.99199998e+00 1.99199998e+00 1.99800003e+00 2.
    1.99300003e+00 1.99699998e+00 2. 2. 2. 2. 2. 2.00200009e+00
    2.00799990e+00 2.00799990e+00 2.00799990e+00 2.00799990e+00
    2.01099992e+00 2.01699996e+00 2.01699996e+00 2.01699996e+00
    2.01699996e+00 2.00500011e+00 2. 0. 0. 1.96899998e+00 1.96899998e+00
    1.96899998e+00 1.97599995e+00 1.97599995e+00 1.97599995e+00
    1.97599995e+00 1.97599995e+00 1.97599995e+00 1.97599995e+00
    1.97599995e+00 1.97899997e+00 1.98399997e+00 1.98399997e+00
    1.98699999e+00 1.99199998e+00 1.99199998e+00 1.99800003e+00 2.
    1.99699998e+00 1.99899995e+00 2. 2. 2.00200009e+00 2.00500011e+00
    2.00500011e+00 2.00600004e+00 2.00799990e+00 2.00799990e+00
    2.00799990e+00 2.01099992e+00 2.01099992e+00 2.00799990e+00
    2.01200008e+00 2.01200008e+00 2.01300001e+00 2.00699997e+00
    2.00500011e+00 0. 0. 1.97800004e+00 1.97599995e+00 1.97000003e+00
    1.97599995e+00 1.97500002e+00 1.97599995e+00 1.97599995e+00
    1.97599995e+00 1.97599995e+00 1.97599995e+00 1.97599995e+00
    1.97599995e+00 1.97599995e+00 1.98199999e+00 1.98399997e+00
    1.99000001e+00 1.99300003e+00 2. 2. 2. 2. 2. 2.00200009e+00
    2.00799990e+00 2.00799990e+00 2.00799990e+00 2.00799990e+00
    2.00799990e+00 2.00799990e+00 2.00799990e+00 2.00799990e+00
    2.00799990e+00 2.00799990e+00 2.00900006e+00 2.01099992e+00
    2.01200008e+00 2.00799990e+00 0. 0. 0. 1.98399997e+00 1.97700000e+00
    1.97599995e+00 1.97000003e+00 1.96899998e+00 1.97000003e+00
    1.97599995e+00 1.97599995e+00 1.97599995e+00 1.97599995e+00
    1.97599995e+00 1.97599995e+00 1.97599995e+00 1.97599995e+00
    1.98300004e+00 1.98399997e+00 1.99199998e+00 1.99300003e+00 2. 2. 2.
    2.00099993e+00 2.00799990e+00 2.00799990e+00 2.00799990e+00
    2.00799990e+00 2.00799990e+00 2.00799990e+00 2.00799990e+00
    2.00799990e+00 2.00799990e+00 2.00799990e+00 2.00799990e+00
    2.01300001e+00 2.01699996e+00 2.01699996e+00 2.00799990e+00 0. 0. 0.
    1.98300004e+00 1.97000003e+00 1.96899998e+00 1.96899998e+00
    1.96899998e+00 1.96899998e+00 1.96899998e+00 1.97599995e+00
    1.97599995e+00 1.97599995e+00 1.97800004e+00 1.98399997e+00
    1.97599995e+00 1.97599995e+00 1.98000002e+00 1.98199999e+00
    1.98399997e+00 1.99100006e+00 1.99199998e+00 1.99199998e+00 2.
    2.00099993e+00 2.00799990e+00 2.00799990e+00 2.00799990e+00
    2.00600004e+00 2.00500011e+00 2.00799990e+00 2.00799990e+00
    2.01300001e+00 2.00999999e+00 2.00799990e+00 2.00799990e+00
    2.00799990e+00 2.02500010e+00 2.02500010e+00 2.01699996e+00
    2.02399993e+00 0. 0. 1.97599995e+00 1.97000003e+00 1.96899998e+00
    1.96899998e+00 1.96899998e+00 1.96899998e+00 1.96899998e+00
    1.97599995e+00 1.97599995e+00 1.97599995e+00 1.97899997e+00
    1.98399997e+00 1.98399997e+00 1.98399997e+00 1.97700000e+00
    1.98000002e+00 1.98399997e+00 1.99000001e+00 1.99500000e+00 2. 2. 2.
