<?xml version="1.0"?>
<opencv_storage>
<Depth type_id="opencv-matrix">
  <rows>40</rows>
  <cols>40</cols>
  <dt>f</dt>
  <data>
    0. 0. 0. 0. 0. 0. 0. 0. 0. 0. 0. 0. 0. 0. 0. 0. 0. 0. 0. 0. 0. 0. 0.
    0. 0. 0. 0. 0. 0. 0. 0. 0. 0. 0. 0. 0. 0. 0. 0. 0. 0. 0. 0. 0. 0. 0.
    0. 0. 0. 0. 0. 0. 0. 0. 0. 0. 0. 0. 0. 0. 0. 0. 0. 0. 0. 0. 0. 0. 0.
    0. 0. 0. 0. 0. 0. 0. 0. 0. 0. 0. 0. 0. 0. 0. 0. 0. 0. 0. 0. 0. 0. 0.
    0. 0. 0. 0. 0. 0. 0. 0. 0. 0. 0. 0. 0. 0. 0. 0. 0. 0. 0. 0. 0. 0. 0.
    0. 0. 0. 0. 0. 0. 0. 0. 0. 0. 0. 0. 0. 0. 0. 0. 0. 0. 0. 0. 0. 0. 0.
    0. 0. 0. 0. 0. 0. 0. 0. 0. 0. 0. 0. 0. 0. 0. 0. 0. 0. 0. 0. 0. 0. 0.
    0. 0. 0. 0. 0. 0. 0. 0. 0. 0. 0. 0. 0. 0. 0. 0. 0. 0. 0. 0. 0. 0. 0.
    0. 0. 0. 0. 0. 0. 0. 0. 0. 0. 0. 0. 0. 0. 0. 0. 0. 0. 0. 0. 0. 0. 0.
    0. 0. 0. 0. 0. 0. 0. 0. 0. 0. 0. 0. 0. 0. 0. 0. 0. 0. 0. 0. 0. 0. 0.
    0. 0. 0. 0. 0. 0. 0. 0. 0. 0. 0. 0. 0. 0. 0. 0. 0. 0. 0. 0. 0. 0. 0.
    0. 0. 0. 0. 0. 0. 0. 0. 0. 0. 0. 0. 0. 0. 0. 0. 0. 0. 0. 0. 0. 0. 0.
    0. 0. 0. 0. 0. 0. 0. 0. 0. 0. 0. 0. 0. 0. 0. 0. 0. 0. 0. 0. 0. 0. 0.
    0. 0. 0. 0. 0. 0. 0. 0. 0. 0. 0. 0. 0. 0. 0. 0. 0. 0. 0. 0. 0. 0. 0.
    0. 0. 0. 0. 0. 0. 0. 0. 0. 0. 0. 0. 0. 0. 0. 0. 0. 0. 0. 0. 0. 0. 0.
    0. 0. 0. 0. 0. 0. 0. 0. 0. 0. 0. 0. 0. 0. 0. 0. 0. 0. 0. 0. 0. 0. 0.
    0. 0. 0. 0. 0. 0. 0. 0. 0. 0. 0. 0. 0. 0. 0. 0. 0. 0. 0. 0. 0. 0. 0.
    0. 0. 0. 0. 0. 0. 0. 0. 0. 0. 0. 0. 0. 0. 0. 0. 0. 0. 0. 0. 0. 0. 0.
    2.70900011e+00 2.20400000e+00 2.10100007e+00 2.10100007e+00
    2.10100007e+00 2.10100007e+00 2.07999992e+00 2.03399992e+00
    1.98800004e+00 1.94299996e+00 1.90199995e+00 1.90199995e+00
    1.90199995e+00 1.90199995e+00 1.90199995e+00 1.90199995e+00
    1.90199995e+00 1.90199995e+00 1.90199995e+00 1.90199995e+00
    1.90199995e+00 1.90199995e+00 1.90199995e+00 1.90199995e+00
    1.90199995e+00 1.90199995e+00 2.89499998e+00 2.89499998e+00
    2.89499998e+00 2.89499998e+00 2.89499998e+00 2.88899994e+00
    2.88000011e+00 2.87100005e+00 2.86199999e+00 2.86999989e+00
    2.91400003e+00 2.95199990e+00 2.95199990e+00 2.95199990e+00
    2.55599999e+00 2.14700007e+00 2.06999993e+00 2.07900000e+00
    2.08699989e+00 2.09599996e+00 2.07999992e+00 2.03399992e+00
    1.98800004e+00 1.94299996e+00 1.90100002e+00 1.89300001e+00
    1.88499999e+00 1.88399994e+00 1.88399994e+00 1.88999999e+00
    1.89900005e+00 1.90199995e+00 1.90199995e+00 1.90199995e+00
    1.90199995e+00 1.90199995e+00 1.90199995e+00 1.90199995e+00
    1.90199995e+00 1.90199995e+00 2.50399995e+00 2.50399995e+00
    2.50399995e+00 2.50399995e+00 2.50399995e+00 2.48300004e+00
    2.45199990e+00 2.42100000e+00 2.39100003e+00 2.36800003e+00
    2.36199999e+00 2.35599995e+00 2.35599995e+00 2.35599995e+00
    2.18499994e+00 2.00799990e+00 1.99500000e+00 2.02399993e+00
    2.05399990e+00 2.08400011e+00 2.07999992e+00 2.03399992e+00
    1.98800004e+00 1.94299996e+00 1.89900005e+00 1.87100005e+00
    1.84300005e+00 1.84099996e+00 1.84099996e+00 1.86199999e+00
    1.88999999e+00 1.90199995e+00 1.90199995e+00 1.90199995e+00
    1.90199995e+00 1.90199995e+00 1.90199995e+00 1.90199995e+00
    1.90199995e+00 1.90199995e+00 2.19400001e+00 2.19400001e+00
    2.19400001e+00 2.19400001e+00 2.19400001e+00 2.16199994e+00
    2.11400008e+00 2.06999993e+00 2.02800012e+00 1.98599994e+00
    1.94099998e+00 1.90199995e+00 1.90199995e+00 1.90199995e+00
    1.90199995e+00 1.90199995e+00 1.93799996e+00 1.98300004e+00
    2.02600002e+00 2.06699991e+00 2.07100010e+00 2.02999997e+00
    1.98800004e+00 1.94299996e+00 1.89800000e+00 1.85500002e+00
    1.81099999e+00 1.80799997e+00 1.80799997e+00 1.84000003e+00
    1.88399994e+00 1.89900005e+00 1.89499998e+00 1.89199996e+00
    1.89199996e+00 1.89300001e+00 1.89800000e+00 1.90199995e+00
    1.90199995e+00 1.90199995e+00 2.14599991e+00 2.14599991e+00
    2.14599991e+00 2.14599991e+00 2.14599991e+00 2.11500001e+00
    2.06699991e+00 2.03399992e+00 2.01399994e+00 1.98599994e+00
    1.94099998e+00 1.90199995e+00 1.90199995e+00 1.90199995e+00
    1.90199995e+00 1.90199995e+00 1.93799996e+00 1.98300004e+00
    2.01200008e+00 2.03200006e+00 2.03500009e+00 2.01500010e+00
    1.98800004e+00 1.94299996e+00 1.89800000e+00 1.85500002e+00
    1.81099999e+00 1.80799997e+00 1.80799997e+00 1.84000003e+00
    1.88399994e+00 1.88800001e+00 1.86300004e+00 1.84800005e+00
    1.84800005e+00 1.85399997e+00 1.87899995e+00 1.90199995e+00
    1.90199995e+00 1.90199995e+00 2.10100007e+00 2.10100007e+00
    2.10100007e+00 2.10100007e+00 2.10100007e+00 2.06999993e+00
    2.02399993e+00 2. 2. 1.98599994e+00 1.94099998e+00 1.90199995e+00
    1.90199995e+00 1.90199995e+00 1.90199995e+00 1.90199995e+00
    1.93799996e+00 1.98300004e+00 2. 2. 1.99899995e+00 1.99800003e+00
    1.98500001e+00 1.94099998e+00 1.89800000e+00 1.85599995e+00
    1.81400001e+00 1.81099999e+00 1.81099999e+00 1.84099996e+00
    1.88199997e+00 1.87500000e+00 1.83299994e+00 1.80799997e+00
    1.80799997e+00 1.81799996e+00 1.86099994e+00 1.90199995e+00
    1.90199995e+00 1.90199995e+00 2.10100007e+00 2.10100007e+00
    2.10100007e+00 2.10100007e+00 2.10100007e+00 2.06999993e+00
    2.02399993e+00 2. 2. 1.98599994e+00 1.94099998e+00 1.90199995e+00
    1.90199995e+00 1.90199995e+00 1.90199995e+00 1.90199995e+00
    1.93799996e+00 1.98300004e+00 2. 2. 1.99000001e+00 1.96800005e+00
    1.94599998e+00 1.92299998e+00 1.89999998e+00 1.87800002e+00
    1.85599995e+00 1.85399997e+00 1.85399997e+00 1.85500002e+00
    1.85599995e+00 1.84300005e+00 1.82099998e+00 1.80799997e+00
    1.80799997e+00 1.81799996e+00 1.86099994e+00 1.90199995e+00
    1.90199995e+00 1.90199995e+00 2.10100007e+00 2.10100007e+00
    2.10100007e+00 2.10100007e+00 2.10100007e+00 2.06999993e+00
    2.02399993e+00 2. 2. 1.98599994e+00 1.94099998e+00 1.90199995e+00
    1.90199995e+00 1.90199995e+00 1.90199995e+00 1.90199995e+00
    1.93799996e+00 1.98300004e+00 2. 2. 1.98099995e+00 1.93799996e+00
    1.90600002e+00 1.90400004e+00 1.90199995e+00 1.89999998e+00
    1.89699996e+00 1.89699996e+00 1.89699996e+00 1.86800003e+00
    1.82900000e+00 1.81200004e+00 1.80900002e+00 1.80799997e+00
    1.80799997e+00 1.81799996e+00 1.86099994e+00 1.90199995e+00
    1.90199995e+00 1.90199995e+00 2.10100007e+00 2.10100007e+00
    2.10100007e+00 2.10100007e+00 2.10100007e+00 2.08299994e+00
    2.05500007e+00 2.04099989e+00 2.04099989e+00 2.03299999e+00
    2.00600004e+00 1.98099995e+00 1.96200001e+00 1.94299996e+00
    1.94200003e+00 1.94200003e+00 1.96300006e+00 1.99000001e+00 2. 2.
    1.98000002e+00 1.93499994e+00 1.90199995e+00 1.90199995e+00
    1.90199995e+00 1.90199995e+00 1.90199995e+00 1.90199995e+00
    1.90199995e+00 1.87000000e+00 1.82599998e+00 1.80799997e+00
    1.80799997e+00 1.80799997e+00 1.80799997e+00 1.81799996e+00
    1.86099994e+00 1.90199995e+00 1.90199995e+00 1.90199995e+00
    2.10100007e+00 2.10100007e+00 2.10100007e+00 2.10100007e+00
    2.10100007e+00 2.09699988e+00 2.09100008e+00 2.08800006e+00
    2.08800006e+00 2.08599997e+00 2.07999992e+00 2.06900001e+00
    2.02900004e+00 1.98800004e+00 1.98699999e+00 1.98699999e+00
    1.99199998e+00 1.99800003e+00 2. 2. 1.98000002e+00 1.93499994e+00
    1.90199995e+00 1.90199995e+00 1.90199995e+00 1.90199995e+00
    1.90199995e+00 1.90199995e+00 1.90199995e+00 1.87000000e+00
    1.82599998e+00 1.80799997e+00 1.80799997e+00 1.80799997e+00
    1.80799997e+00 1.81799996e+00 1.86099994e+00 1.90199995e+00
    1.90199995e+00 1.90199995e+00 2.10100007e+00 2.10100007e+00
    2.10100007e+00 2.10100007e+00 2.10100007e+00 2.10100007e+00
    2.10100007e+00 2.10100007e+00 2.10100007e+00 2.10100007e+00
    2.10100007e+00 2.09400010e+00 2.04800010e+00 2.00099993e+00 2. 2. 2.
    2. 2. 2. 1.98000002e+00 1.93499994e+00 1.90199995e+00 1.90199995e+00
    1.90199995e+00 1.90199995e+00 1.90199995e+00 1.90199995e+00
    1.90199995e+00 1.87000000e+00 1.82599998e+00 1.80799997e+00
    1.80799997e+00 1.80799997e+00 1.80799997e+00 1.81500006e+00
    1.84399998e+00 1.82799995e+00 0. 0. 2.10100007e+00 2.10100007e+00
