<?xml version="1.0"?>
<opencv_storage>
<Depth type_id="opencv-matrix">
  <rows>40</rows>
  <cols>40</cols>
  <dt>f</dt>
  <data>
    0. 0. 0. 0. 0. 0. 0. 0. 0. 0. 0. 0. 0. 0. 0. 0. 0. 0. 0. 0. 0. 0. 0.
    0. 0. 0. 0. 0. 0. 0. 0. 0. 0. 0. 0. 0. 0. 0. 0. 0. 0. 0. 0. 0. 0. 0.
    0. 0. 0. 0. 0. 0. 0. 0. 0. 0. 0. 0. 0. 0. 0. 0. 0. 0. 0. 0. 0. 0. 0.
    0. 0. 0. 0. 0. 0. 0. 0. 0. 0. 0. 0. 0. 0. 0. 0. 0. 0. 0. 0. 0. 0. 0.
    0. 0. 0. 0. 0. 0. 0. 0. 0. 0. 0. 0. 0. 0. 0. 0. 0. 0. 0. 0. 0. 0. 0.
    0. 0. 0. 0. 0. 0. 0. 0. 0. 0. 0. 0. 0. 0. 0. 0. 0. 0. 0. 0. 0. 0. 0.
    0. 0. 0. 0. 0. 0. 0. 0. 0. 0. 0. 0. 0. 0. 0. 0. 0. 0. 0. 0. 0. 0. 0.
    0. 0. 0. 0. 0. 0. 0. 0. 0. 0. 0. 0. 0. 0. 0. 0. 0. 0. 0. 0. 0. 0. 0.
    0. 0. 0. 0. 0. 0. 0. 0. 0. 0. 0. 0. 0. 0. 0. 0. 0. 0. 0. 0. 0. 0. 0.
    0. 0. 0. 0. 0. 0. 0. 0. 0. 0. 0. 0. 0. 0. 0. 0. 0. 0. 0. 0. 0. 0. 0.
    0. 0. 0. 0. 0. 0. 0. 0. 0. 0. 0. 0. 0. 0. 0. 0. 0. 0. 0. 0. 0. 0. 0.
    0. 0. 0. 0. 0. 0. 0. 0. 0. 0. 0. 0. 0. 0. 0. 0. 0. 0. 0. 0. 0. 0. 0.
    0. 0. 0. 0. 0. 0. 0. 0. 0. 0. 0. 0. 0. 0. 0. 0. 0. 0. 0. 0. 0. 0. 0.
    0. 0. 0. 0. 0. 0. 0. 0. 0. 0. 0. 0. 0. 0. 0. 0. 0. 0. 0. 0. 0. 0. 0.
    0. 0. 0. 0. 0. 0. 0. 0. 0. 0. 0. 0. 0. 0. 0. 0. 0. 0. 0. 0. 0. 0. 0.
    0. 0. 0. 0. 0. 0. 0. 0. 0. 0. 0. 0. 0. 0. 0. 0. 0. 0. 0. 0. 0. 0. 0.
    0. 0. 0. 0. 0. 0. 0. 0. 0. 0. 0. 0. 0. 0. 0. 0. 0. 0. 0. 0. 0. 0. 0.
    0. 0. 0. 0. 0. 0. 0. 0. 0. 0. 0. 0. 0. 0. 0. 0. 0. 0. 0. 0. 0. 0. 0.
    0. 0. 0. 0. 0. 0. 0. 0. 0. 0. 0. 0. 0. 0. 0. 0. 0. 0. 0. 0. 0. 0. 0.
    0. 0. 0. 0. 0. 0. 0. 0. 0. 0. 0. 0. 0. 0. 0. 0. 0. 0. 0. 0. 0. 0. 0.
    0. 0. 0. 0. 0. 0. 0. 0. 0. 0. 0. 0. 0. 0. 0. 0. 0. 0. 0. 0. 0. 2. 2.
    1.93900001e+00 1.87600005e+00 1.81299996e+00 1.80700004e+00
    1.80700004e+00 1.80700004e+00 1.80700004e+00 1.80700004e+00
    1.80700004e+00 0. 0. 0. 0. 0. 1.08700001e+00 2. 2. 2. 1.96200001e+00
    1.89900005e+00 1.83599997e+00 1.80700004e+00 1.80700004e+00
    1.80700004e+00 1.86800003e+00 1.99699998e+00 2.12500000e+00
    2.20099998e+00 2.20099998e+00 2.20099998e+00 2.20099998e+00
    2.20099998e+00 2.20099998e+00 2.20099998e+00 2.20099998e+00 0. 0. 0.
    2. 2. 1.93900001e+00 1.87600005e+00 1.81299996e+00 1.80700004e+00
    1.80700004e+00 1.80700004e+00 1.80700004e+00 1.80700004e+00
    1.80700004e+00 0. 0. 0. 0. 0. 1.08700001e+00 2. 2. 2. 1.96200001e+00
    1.89900005e+00 1.83599997e+00 1.80700004e+00 1.80700004e+00
    1.80700004e+00 1.86800003e+00 1.99699998e+00 2.12500000e+00
    2.20099998e+00 2.20099998e+00 2.20099998e+00 2.20099998e+00
    2.20099998e+00 2.20099998e+00 2.20099998e+00 2.20099998e+00 0. 0. 0.
    2. 2. 1.93900001e+00 1.87600005e+00 1.81299996e+00 1.80700004e+00
    1.80700004e+00 1.80700004e+00 1.80700004e+00 1.80700004e+00
    1.80700004e+00 0. 0. 0. 0. 0. 1.37600005e+00 2. 2. 2. 1.96200001e+00
    1.89900005e+00 1.83599997e+00 1.80700004e+00 1.80700004e+00
    1.80700004e+00 1.84899998e+00 1.93700004e+00 2.02500010e+00
    2.07599998e+00 2.07599998e+00 2.07599998e+00 2.08299994e+00
    2.10299993e+00 2.12299991e+00 2.13700008e+00 2.13700008e+00 0. 0. 0.
    2. 2. 1.93900001e+00 1.87600005e+00 1.81299996e+00 1.80700004e+00
    1.80700004e+00 1.80700004e+00 1.80700004e+00 1.80700004e+00
    1.80700004e+00 1.10599995e+00 0. 0. 0. 0. 1.67400002e+00 2. 2. 2.
    1.96200001e+00 1.89900005e+00 1.83599997e+00 1.80700004e+00
    1.80700004e+00 1.80700004e+00 1.82900000e+00 1.87500000e+00
    1.92100000e+00 1.94799995e+00 1.94799995e+00 1.94799995e+00
    1.96200001e+00 2.00200009e+00 2.04299998e+00 2.07200003e+00
    2.07200003e+00 0. 0. 0. 2. 2. 1.93900001e+00 1.87600005e+00
    1.81299996e+00 1.80700004e+00 1.80700004e+00 1.80700004e+00
    1.80700004e+00 1.80700004e+00 1.80700004e+00 1.79299998e+00
    1.77400005e+00 1.75600004e+00 1.80999994e+00 1.89100003e+00
    1.97200000e+00 2. 2. 2. 1.96200001e+00 1.89900005e+00 1.83599997e+00
    1.80700004e+00 1.80700004e+00 1.80700004e+00 1.80900002e+00
    1.81299996e+00 1.81700003e+00 1.81900001e+00 1.81900001e+00
    1.81900001e+00 1.84000003e+00 1.90100002e+00 1.96300006e+00
    2.00600004e+00 2.00600004e+00 0. 0. 0. 2. 2. 1.95700002e+00
    1.91299999e+00 1.86800003e+00 1.86399996e+00 1.86399996e+00
    1.86399996e+00 1.86399996e+00 1.86399996e+00 1.86399996e+00
    1.89900005e+00 1.94299996e+00 1.98800004e+00 2. 2. 2. 2. 2. 2.
    1.97300005e+00 1.92900002e+00 1.88499999e+00 1.85399997e+00
    1.83599997e+00 1.81700003e+00 1.80700004e+00 1.80700004e+00
    1.80700004e+00 1.80700004e+00 1.80700004e+00 1.80700004e+00
    1.81599998e+00 1.84300005e+00 1.86899996e+00 1.88800001e+00
    1.88800001e+00 0. 0. 0. 2. 2. 1.97700000e+00 1.95299995e+00
    1.92900002e+00 1.92700005e+00 1.92700005e+00 1.92700005e+00
    1.92700005e+00 1.92700005e+00 1.92700005e+00 1.94599998e+00
    1.97000003e+00 1.99300003e+00 2. 2. 2. 2. 2. 2. 1.98599994e+00
    1.96200001e+00 1.93799996e+00 1.90600002e+00 1.86699998e+00
    1.82799995e+00 1.80700004e+00 1.80700004e+00 1.80700004e+00
    1.80700004e+00 1.80700004e+00 1.80700004e+00 1.80200005e+00
    1.78900003e+00 1.77499998e+00 1.76499999e+00 1.76499999e+00 0. 0. 0.
    2. 2. 1.99699998e+00 1.99399996e+00 1.99100006e+00 1.99000001e+00
    1.99000001e+00 1.99000001e+00 1.99000001e+00 1.99000001e+00
    1.99000001e+00 1.99300003e+00 1.99600005e+00 1.99899995e+00 2. 2. 2.
    2. 2. 2. 1.99800003e+00 1.99500000e+00 1.99199998e+00 1.95799994e+00
    1.89800000e+00 1.83800006e+00 1.80700004e+00 1.80700004e+00
    1.80700004e+00 1.80700004e+00 1.80700004e+00 1.80700004e+00
    1.78799999e+00 1.73399997e+00 1.67999995e+00 1.64199996e+00
    1.64199996e+00 0. 0. 0. 1.94700003e+00 1.94700003e+00 1.94700003e+00
    1.94700003e+00 1.94700003e+00 1.94700003e+00 1.94700003e+00
    1.94700003e+00 1.94700003e+00 1.94700003e+00 1.94700003e+00
    1.94700003e+00 1.94700003e+00 1.94700003e+00 1.94700003e+00
    1.94700003e+00 1.94700003e+00 1.95799994e+00 1.97599995e+00
    1.99300003e+00 2. 2. 2. 1.97599995e+00 1.92999995e+00 1.88399994e+00
    1.85200000e+00 1.83500004e+00 1.81700003e+00 1.80700004e+00
    1.80700004e+00 1.80700004e+00 1.78600001e+00 1.72599995e+00
    1.66600001e+00 1.62300003e+00 1.62300003e+00 0. 0. 0. 1.88399994e+00
    1.88399994e+00 1.88399994e+00 1.88399994e+00 1.88399994e+00
    1.88399994e+00 1.88399994e+00 1.88399994e+00 1.88399994e+00
    1.88399994e+00 1.88399994e+00 1.88399994e+00 1.88399994e+00
    1.88399994e+00 1.88399994e+00 1.88399994e+00 1.88399994e+00
    1.90900004e+00 1.94700003e+00 1.98500001e+00 2. 2. 2. 1.98699999e+00
    1.96200001e+00 1.93599999e+00 1.90499997e+00 1.86699998e+00
    1.82900000e+00 1.80700004e+00 1.80700004e+00 1.80700004e+00
    1.78600001e+00 1.72599995e+00 1.66600001e+00 1.62300003e+00
    1.62300003e+00 0. 0. 0. 1.82099998e+00 1.82099998e+00 1.82099998e+00
    1.82099998e+00 1.82099998e+00 1.82099998e+00 1.82099998e+00
    1.82099998e+00 1.82099998e+00 1.82099998e+00 1.82099998e+00
    1.82099998e+00 1.82099998e+00 1.82099998e+00 1.82099998e+00
    1.82099998e+00 1.82099998e+00 1.85899997e+00 1.91799998e+00
    1.97599995e+00 2. 2. 2. 1.99800003e+00 1.99300003e+00 1.98899996e+00
    1.95899999e+00 1.89999998e+00 1.84099996e+00 1.80700004e+00
    1.80700004e+00 1.80700004e+00 1.78600001e+00 1.72599995e+00
    1.66600001e+00 1.62300003e+00 1.62300003e+00 0. 0. 0. 1.75999999e+00
    1.75999999e+00 1.75999999e+00 1.75999999e+00 1.75999999e+00
    1.75999999e+00 1.75999999e+00 1.75999999e+00 1.75999999e+00
    1.75999999e+00 1.75999999e+00 1.75999999e+00 1.75999999e+00
    1.75999999e+00 1.75999999e+00 1.75999999e+00 1.75999999e+00
    1.80100000e+00 1.86300004e+00 1.92600000e+00 1.95099998e+00
    1.95099998e+00 1.95099998e+00 1.95099998e+00 1.95099998e+00
    1.95099998e+00 1.93599999e+00 1.90499997e+00 1.87399995e+00
    1.85000002e+00 1.83399999e+00 1.81700003e+00 1.79100001e+00
    1.74699998e+00 1.70200002e+00 1.66999996e+00 1.66999996e+00 0. 0. 0.
    1.70000005e+00 1.70000005e+00 1.70000005e+00 1.70000005e+00
