<?xml version="1.0"?>
<opencv_storage>
<Depth type_id="opencv-matrix">
  <rows>40</rows>
  <cols>40</cols>
  <dt>f</dt>
  <data>
    0. 0. 0. 0. 0. 0. 0. 0. 0. 0. 0. 0. 0. 0. 0. 0. 0. 0. 0. 0. 0. 0. 0.
    0. 0. 0. 0. 0. 0. 0. 0. 0. 0. 0. 0. 0. 0. 0. 0. 0. 0. 0. 0. 0. 0. 0.
    0. 0. 0. 0. 0. 0. 0. 0. 0. 0. 0. 0. 0. 0. 0. 0. 0. 0. 0. 0. 0. 0. 0.
    0. 0. 0. 0. 0. 0. 0. 0. 0. 0. 0. 0. 0. 0. 0. 0. 0. 0. 0. 0. 0. 0. 0.
    0. 0. 0. 0. 0. 0. 0. 0. 0. 0. 0. 0. 0. 0. 0. 0. 0. 0. 0. 0. 0. 0. 0.
    0. 0. 0. 0. 0. 0. 0. 0. 0. 0. 0. 0. 0. 0. 0. 0. 0. 0. 0. 0. 0. 0. 0.
    0. 0. 0. 0. 0. 0. 0. 0. 0. 0. 0. 0. 0. 0. 0. 0. 0. 0. 0. 0. 0. 0. 0.
    0. 0. 0. 0. 0. 0. 0. 0. 0. 0. 0. 0. 0. 0. 0. 0. 0. 0. 0. 0. 0. 0. 0.
    0. 0. 0. 0. 0. 0. 0. 0. 0. 0. 0. 0. 0. 0. 0. 0. 0. 0. 0. 0. 0. 0. 0.
    0. 0. 0. 0. 0. 0. 0. 0. 0. 0. 0. 0. 0. 0. 0. 0. 0. 0. 0. 0. 0. 0. 0.
    0. 0. 0. 0. 0. 0. 0. 0. 0. 0. 0. 0. 0. 0. 0. 0. 0. 0. 0. 0. 0. 0. 0.
    0. 0. 0. 0. 0. 0. 0. 0. 0. 0. 0. 0. 0. 0. 0. 0. 0. 0. 0. 0. 0. 0. 0.
    0. 0. 0. 0. 0. 0. 0. 0. 0. 0. 0. 0. 0. 0. 0. 0. 0. 0. 0. 0. 0. 0. 0.
    0. 0. 0. 0. 0. 0. 0. 0. 0. 0. 0. 0. 0. 0. 0. 0. 0. 0. 0. 0. 0. 0. 0.
    0. 0. 0. 0. 0. 0. 0. 0. 0. 0. 0. 0. 0. 0. 0. 0. 0. 0. 0. 0. 0. 0. 0.
    0. 0. 0. 0. 0. 0. 0. 0. 0. 0. 0. 0. 0. 0. 0. 0. 0. 0. 0. 0. 0. 0. 0.
    0. 0. 0. 0. 0. 0. 0. 0. 0. 0. 0. 0. 0. 0. 0. 0. 0. 0. 0. 0. 0. 0. 0.
    0. 0. 0. 0. 0. 0. 0. 0. 0. 0. 0. 0. 0. 0. 0. 0. 0. 0. 0. 0. 0. 0. 0.
    0. 0. 0. 0. 0. 0. 0. 0. 0. 0. 0. 0. 0. 0. 0. 0. 0. 0. 0. 0. 0. 0. 0.
    0. 0. 0. 0. 0. 0. 0. 0. 0. 0. 0. 0. 0. 0. 0. 0. 0. 0. 0. 0. 0. 0. 0.
    0. 0. 0. 0. 0. 0. 0. 0. 0. 0. 0. 0. 0. 0. 0. 0. 0. 0. 0. 0. 0. 0. 0.
    0. 0. 0. 0. 0. 0. 0. 0. 0. 0. 0. 0. 0. 0. 0. 0. 0. 0. 0. 0. 0. 0. 0.
    0. 0. 0. 0. 0. 0. 0. 0. 0. 0. 0. 0. 0. 0. 1.91600001e+00
    2.14000010e+00 2.20000005e+00 2.20000005e+00 2.20000005e+00
    2.20000005e+00 2.20000005e+00 2.20000005e+00 2.15199995e+00
    2.09100008e+00 2.05800009e+00 2.04800010e+00 2.04800010e+00
    2.04800010e+00 2.04800010e+00 2.05399990e+00 2.08699989e+00
    2.05500007e+00 2. 2. 2. 2. 2. 2. 2. 2. 1.98000002e+00 1.95299995e+00
    1.95299995e+00 1.93400002e+00 1.90699995e+00 1.90699995e+00
    1.88900006e+00 1.85899997e+00 1.83000004e+00 1.81799996e+00
    1.81799996e+00 1.81799996e+00 1.80200005e+00 1.77499998e+00
    2.07900000e+00 2.17499995e+00 2.20000005e+00 2.19600010e+00
    2.17899990e+00 2.17499995e+00 2.17499995e+00 2.17499995e+00
    2.13899994e+00 2.09500003e+00 2.07800007e+00 2.06100011e+00
    2.04800010e+00 2.04800010e+00 2.04800010e+00 2.05100012e+00
    2.06800008e+00 2.03099990e+00 1.97700000e+00 1.97700000e+00
    1.98699999e+00 2. 2. 2. 2. 2. 1.99000001e+00 1.97399998e+00
    1.95899999e+00 1.93400002e+00 1.90699995e+00 1.90699995e+00
    1.88900006e+00 1.85899997e+00 1.83000004e+00 1.81799996e+00
    1.81799996e+00 1.81799996e+00 1.80200005e+00 1.77499998e+00
    2.24499989e+00 2.21000004e+00 2.20000005e+00 2.19199991e+00
    2.15799999e+00 2.14899993e+00 2.14899993e+00 2.14899993e+00
    2.12500000e+00 2.09800005e+00 2.09800005e+00 2.07900000e+00
    2.05500007e+00 2.04999995e+00 2.04800010e+00 2.04800010e+00
    2.04800010e+00 2.00600004e+00 1.95299995e+00 1.95299995e+00
    1.97300005e+00 2. 2. 2. 2. 2. 2. 1.99600005e+00 1.96500003e+00
    1.93400002e+00 1.90699995e+00 1.90699995e+00 1.89199996e+00
    1.86600006e+00 1.83700001e+00 1.82500005e+00 1.82500005e+00
    1.82000005e+00 1.80200005e+00 1.77499998e+00 2.24499989e+00
    2.21000004e+00 2.20000005e+00 2.19199991e+00 2.15799999e+00
    2.14899993e+00 2.14899993e+00 2.14899993e+00 2.12500000e+00
    2.09800005e+00 2.09800005e+00 2.09400010e+00 2.08400011e+00
    2.05699992e+00 2.04800010e+00 2.04800010e+00 2.04800010e+00
    2.00600004e+00 1.95299995e+00 1.95299995e+00 1.97300005e+00 2. 2. 2.
    2. 2. 2. 1.99600005e+00 1.96500003e+00 1.93400002e+00 1.90699995e+00
    1.90699995e+00 1.90400004e+00 1.89600003e+00 1.86699998e+00
    1.85399997e+00 1.85200000e+00 1.82799995e+00 1.80200005e+00
    1.77499998e+00 2.22300005e+00 2.20499992e+00 2.20000005e+00
    2.19600010e+00 2.17899990e+00 2.16199994e+00 2.14899993e+00
    2.14899993e+00 2.12500000e+00 2.09800005e+00 2.09800005e+00
    2.09800005e+00 2.09500003e+00 2.07800007e+00 2.06100011e+00
    2.04800010e+00 2.04800010e+00 2.01600003e+00 1.97599995e+00
    1.97599995e+00 1.98599994e+00 2. 2. 2. 2. 2. 2. 1.99600005e+00
    1.96500003e+00 1.94299996e+00 1.92799997e+00 1.91299999e+00
    1.90699995e+00 1.90600002e+00 1.88999999e+00 1.87500000e+00
    1.86000001e+00 1.83000004e+00 1.80200005e+00 1.77499998e+00
    2.20000005e+00 2.20000005e+00 2.20000005e+00 2.20000005e+00
    2.20000005e+00 2.17600012e+00 2.14899993e+00 2.14899993e+00
    2.12500000e+00 2.09699988e+00 2.09200001e+00 2.08999991e+00
    2.08999991e+00 2.08500004e+00 2.06399989e+00 2.04200006e+00
    2.04600000e+00 2.02999997e+00 2.00699997e+00 2.00699997e+00
    2.00399995e+00 2. 2. 2. 2. 2. 2.00300002e+00 2.00300002e+00
    1.96700001e+00 1.95299995e+00 1.95000005e+00 1.91900003e+00
    1.90699995e+00 1.90699995e+00 1.90699995e+00 1.88999999e+00
    1.86000001e+00 1.83000004e+00 1.80400002e+00 1.78100002e+00
    2.20000005e+00 2.20000005e+00 2.20000005e+00 2.20000005e+00
    2.20000005e+00 2.17600012e+00 2.14899993e+00 2.14899993e+00
    2.12500000e+00 2.09299994e+00 2.06599998e+00 2.05699992e+00
    2.05200005e+00 2.02699995e+00 2.01399994e+00 2.01300001e+00
    2.03900003e+00 2.04399991e+00 2.03900003e+00 2.03900003e+00
    2.02200007e+00 2. 2. 2. 2. 2. 2.01600003e+00 2.03200006e+00
    1.97500002e+00 1.95299995e+00 1.95000005e+00 1.91900003e+00
    1.90699995e+00 1.90699995e+00 1.90699995e+00 1.88999999e+00
    1.86000001e+00 1.83000004e+00 1.81500006e+00 1.80999994e+00
    2.20000005e+00 2.20000005e+00 2.20000005e+00 2.20000005e+00
    2.20000005e+00 2.17600012e+00 2.14899993e+00 2.14899993e+00
    2.12500000e+00 2.08800006e+00 2.03999996e+00 2.02500010e+00
    2.02200007e+00 2.00500011e+00 2. 2.00600004e+00 2.03699994e+00
    2.04800010e+00 2.04800010e+00 2.04800010e+00 2.03699994e+00
    2.02300000e+00 2.02300000e+00 2.01300001e+00 2. 2. 2.00999999e+00
    2.01900005e+00 1.97200000e+00 1.94400001e+00 1.92900002e+00
    1.91299999e+00 1.89800000e+00 1.88600004e+00 1.88600004e+00
    1.86800003e+00 1.84000003e+00 1.82500005e+00 1.81799996e+00
    1.81900001e+00 2.20799994e+00 2.20799994e+00 2.20799994e+00
    2.20600009e+00 2.20099998e+00 2.17899990e+00 2.15499997e+00
    2.15000010e+00 2.12500000e+00 2.08500004e+00 2.01999998e+00 2.
    1.99899995e+00 1.99500000e+00 1.99300003e+00 1.99899995e+00
    2.03099990e+00 2.04099989e+00 2.04200006e+00 2.04600000e+00
    2.04800010e+00 2.04800010e+00 2.04800010e+00 2.03099990e+00
    2.00699997e+00 2.00699997e+00 2.00399995e+00 1.99600005e+00
    1.96500003e+00 1.93400002e+00 1.90699995e+00 1.90699995e+00
    1.88900006e+00 1.86199999e+00 1.86199999e+00 1.84500003e+00
    1.81799996e+00 1.81799996e+00 1.81799996e+00 1.82000005e+00
    2.24300003e+00 2.24300003e+00 2.24300003e+00 2.23699999e+00
    2.20799994e+00 2.19499993e+00 2.18400002e+00 2.15700006e+00
    2.12500000e+00 2.08500004e+00 2.01999998e+00 2. 1.99500000e+00
    1.97000003e+00 1.96200001e+00 1.96800005e+00 1.99899995e+00
    2.00900006e+00 2.01300001e+00 2.03900003e+00 2.04800010e+00
    2.04800010e+00 2.04800010e+00 2.04399991e+00 2.03900003e+00
    2.03900003e+00 2.02300000e+00 1.99600005e+00 1.96500003e+00
    1.93400002e+00 1.90699995e+00 1.90699995e+00 1.88900006e+00
    1.86199999e+00 1.86199999e+00 1.84500003e+00 1.81799996e+00
    1.81799996e+00 1.81799996e+00 1.82000005e+00 1.98399997e+00
    1.96000004e+00 1.95299995e+00 1.99399996e+00 2.17499995e+00
    2.22499990e+00 2.21499991e+00 2.16400003e+00 2.13599992e+00
    2.10899997e+00 2.04299998e+00 2.01200008e+00 1.99399996e+00
    1.96300006e+00 1.95299995e+00 1.95799994e+00 1.99000001e+00 2.
    2.00500011e+00 2.03699994e+00 2.05800009e+00 2.07100010e+00
    2.07100010e+00 2.06100011e+00 2.04600000e+00 2.03099990e+00
