<?xml version="1.0"?>
<opencv_storage>
<Depth type_id="opencv-matrix">
  <rows>40</rows>
  <cols>40</cols>
  <dt>f</dt>
  <data>
    0. 0. 0. 0. 0. 0. 0. 0. 0. 0. 0. 0. 0. 0. 0. 0. 0. 0. 0. 0. 0. 0. 0.
    0. 0. 0. 0. 0. 0. 0. 0. 0. 0. 0. 0. 0. 0. 0. 0. 0. 0. 0. 0. 0. 0. 0.
    0. 0. 0. 0. 0. 0. 0. 0. 0. 0. 0. 0. 0. 0. 0. 0. 0. 0. 0. 0. 0. 0. 0.
    0. 0. 0. 0. 0. 0. 0. 0. 0. 0. 0. 0. 0. 0. 0. 0. 0. 0. 0. 0. 0. 0. 0.
    0. 0. 0. 0. 0. 0. 0. 0. 0. 0. 0. 0. 0. 0. 0. 0. 0. 0. 0. 0. 0. 0. 0.
    0. 0. 0. 0. 0. 0. 0. 0. 0. 0. 0. 0. 0. 0. 0. 0. 0. 0. 0. 0. 0. 0. 0.
    0. 0. 0. 0. 0. 0. 0. 0. 0. 0. 0. 0. 0. 0. 0. 0. 0. 0. 0. 0. 0. 0. 0.
    0. 0. 0. 0. 0. 0. 0. 0. 0. 0. 0. 0. 0. 0. 0. 0. 0. 0. 0. 0. 0. 0. 0.
    0. 0. 0. 0. 0. 0. 0. 0. 0. 0. 0. 0. 0. 0. 0. 0. 0. 0. 0. 0. 0. 0. 0.
    0. 0. 0. 0. 0. 0. 0. 0. 0. 0. 0. 0. 0. 0. 0. 0. 0. 0. 0. 0. 0. 0. 0.
    0. 0. 0. 0. 0. 0. 0. 0. 0. 0. 0. 0. 0. 0. 0. 0. 0. 0. 0. 0. 0. 0. 0.
    0. 0. 0. 0. 0. 0. 0. 0. 0. 0. 0. 0. 0. 0. 0. 0. 0. 0. 0. 0. 0. 0. 0.
    0. 0. 0. 0. 0. 0. 0. 0. 0. 0. 0. 0. 0. 0. 0. 0. 0. 0. 0. 0. 0. 0. 0.
    0. 0. 0. 0. 0. 0. 0. 0. 0. 0. 0. 0. 0. 0. 0. 0. 0. 0. 0. 0. 0. 0. 0.
    0. 0. 0. 0. 0. 0. 0. 0. 0. 0. 0. 0. 0. 0. 0. 0. 0. 0. 0. 0. 0. 0. 0.
    0. 0. 0. 0. 0. 0. 0. 0. 0. 0. 0. 0. 0. 0. 0. 0. 0. 0. 0. 0. 0. 0. 0.
    0. 0. 0. 0. 0. 0. 0. 0. 0. 0. 0. 0. 0. 0. 0. 0. 0. 0. 0. 0. 0. 0. 0.
    0. 0. 0. 0. 0. 0. 0. 0. 0. 0. 0. 0. 0. 0. 0. 0. 0. 0. 0. 0. 0. 0. 0.
    0. 0. 0. 0. 0. 0. 0. 0. 0. 0. 0. 0. 0. 0. 0. 0. 0. 0. 0. 0. 0. 0. 0.
    0. 0. 0. 0. 0. 0. 0. 0. 0. 0. 0. 0. 0. 0. 0. 0. 0. 0. 0. 0. 0. 0. 0.
    0. 0. 0. 0. 0. 0. 0. 0. 0. 0. 0. 0. 0. 0. 0. 0. 0. 0. 0. 0.
    2.06800008e+00 2.06800008e+00 2.06800008e+00 2.08599997e+00
    2.12500000e+00 2.13700008e+00 2.13700008e+00 2.13700008e+00
    2.13199997e+00 2.09299994e+00 2.06800008e+00 2.06800008e+00
    2.06800008e+00 2.06800008e+00 2.06800008e+00 2.06800008e+00
    2.06800008e+00 2.07699990e+00 2.11599994e+00 2.11999989e+00
    2.08100009e+00 2.06800008e+00 2.06800008e+00 2.10200000e+00
    2.13700008e+00 2.13700008e+00 2.15000010e+00 2.19099998e+00
    2.20900011e+00 2.20900011e+00 2.20900011e+00 2.20900011e+00
    2.20900011e+00 2.27600002e+00 2.59299994e+00 2.79600000e+00
    2.84800005e+00 2.93600011e+00 0. 0. 2.06800008e+00 2.06800008e+00
    2.06800008e+00 2.08599997e+00 2.12500000e+00 2.13700008e+00
    2.13700008e+00 2.13700008e+00 2.13199997e+00 2.09299994e+00
    2.06800008e+00 2.06800008e+00 2.06800008e+00 2.06800008e+00
    2.06800008e+00 2.06800008e+00 2.05500007e+00 2.05100012e+00
    2.07599998e+00 2.07900000e+00 2.05299997e+00 2.04500008e+00
    2.04500008e+00 2.07900000e+00 2.11299992e+00 2.11299992e+00
    2.12199998e+00 2.14899993e+00 2.16100001e+00 2.16100001e+00
    2.17100000e+00 2.18400002e+00 2.18400002e+00 2.22799993e+00
    2.43700004e+00 2.56999993e+00 2.60400009e+00 2.65400004e+00
    2.71099997e+00 2.68700004e+00 2.06800008e+00 2.06800008e+00
    2.06800008e+00 2.08599997e+00 2.12500000e+00 2.13700008e+00
    2.13700008e+00 2.13700008e+00 2.13199997e+00 2.09299994e+00
    2.06800008e+00 2.06800008e+00 2.06800008e+00 2.06800008e+00
    2.06800008e+00 2.06800008e+00 2.03299999e+00 2.00699997e+00
    2.01099992e+00 2.01099992e+00 2.00799990e+00 2.00600004e+00
    2.00600004e+00 2.04099989e+00 2.07500005e+00 2.07500005e+00
    2.07599998e+00 2.07999992e+00 2.08100009e+00 2.08100009e+00
    2.10800004e+00 2.14400005e+00 2.14400005e+00 2.15000010e+00
    2.18099999e+00 2.20000005e+00 2.20499992e+00 2.19099998e+00
    2.16599989e+00 2.15799999e+00 2.06800008e+00 2.06800008e+00
    2.06800008e+00 2.08599997e+00 2.12500000e+00 2.13700008e+00
    2.13700008e+00 2.13700008e+00 2.13199997e+00 2.09299994e+00
    2.06800008e+00 2.06800008e+00 2.06800008e+00 2.06800008e+00
    2.06800008e+00 2.06800008e+00 2.02900004e+00 2. 2. 2. 2. 2. 2.
    2.01799989e+00 2.03800011e+00 2.05599999e+00 2.06800008e+00
    2.06800008e+00 2.06800008e+00 2.06800008e+00 2.08400011e+00
    2.10500002e+00 2.10500002e+00 2.10500002e+00 2.10500002e+00
    2.11299992e+00 2.13100004e+00 2.11199999e+00 2.07299995e+00
    2.06800008e+00 2.06800008e+00 2.06800008e+00 2.06800008e+00
    2.08599997e+00 2.12299991e+00 2.13499999e+00 2.13499999e+00
    2.13499999e+00 2.13000011e+00 2.09200001e+00 2.06800008e+00
    2.06800008e+00 2.06800008e+00 2.06800008e+00 2.06800008e+00
    2.06800008e+00 2.02900004e+00 2. 2. 2. 2. 2. 2. 2. 2.00399995e+00
    2.04200006e+00 2.06800008e+00 2.06800008e+00 2.06800008e+00
    2.06800008e+00 2.06800008e+00 2.06800008e+00 2.06699991e+00
    2.06599998e+00 2.06599998e+00 2.08299994e+00 2.12100005e+00
    2.11100006e+00 2.07299995e+00 2.06800008e+00 2.06800008e+00
    2.06800008e+00 2.06800008e+00 2.07500005e+00 2.09100008e+00
    2.09599996e+00 2.09599996e+00 2.09599996e+00 2.09400010e+00
    2.07800007e+00 2.06800008e+00 2.06800008e+00 2.06800008e+00
    2.06800008e+00 2.06800008e+00 2.06800008e+00 2.02900004e+00 2. 2. 2.
    2. 2. 2. 2. 2.00399995e+00 2.04200006e+00 2.06800008e+00
    2.06800008e+00 2.06800008e+00 2.06800008e+00 2.06800008e+00
    2.06800008e+00 2.04600000e+00 2.02800012e+00 2.02800012e+00
    2.04399991e+00 2.08299994e+00 2.08599997e+00 2.06999993e+00
    2.06800008e+00 2.06800008e+00 2.06800008e+00 2.06800008e+00
    2.06800008e+00 2.06800008e+00 2.06800008e+00 2.06800008e+00
    2.06800008e+00 2.06800008e+00 2.06800008e+00 2.06800008e+00
    2.06800008e+00 2.06800008e+00 2.06800008e+00 2.06800008e+00
    2.06800008e+00 2.02900004e+00 2. 2. 2. 2. 2.00399995e+00
    2.00999999e+00 2.00999999e+00 2.01399994e+00 2.04600000e+00
    2.06800008e+00 2.06800008e+00 2.06800008e+00 2.06800008e+00
    2.06800008e+00 2.06800008e+00 2.02999997e+00 2. 2. 2.01600003e+00
    2.05500007e+00 2.06800008e+00 2.06800008e+00 2.06800008e+00
    2.06800008e+00 2.06800008e+00 2.06800008e+00 2.06800008e+00
    2.06800008e+00 2.06800008e+00 2.06800008e+00 2.06800008e+00
    2.06800008e+00 2.06800008e+00 2.06800008e+00 2.06800008e+00
    2.06800008e+00 2.06800008e+00 2.06800008e+00 2.06800008e+00
    2.02900004e+00 2. 2. 2. 2. 2.01799989e+00 2.04600000e+00
    2.04900002e+00 2.04999995e+00 2.06100011e+00 2.06800008e+00
    2.06800008e+00 2.06800008e+00 2.06800008e+00 2.06800008e+00
    2.06800008e+00 2.02999997e+00 2. 2. 2.01600003e+00 2.05500007e+00
    2.06800008e+00 2.06800008e+00 2.06800008e+00 2.06800008e+00
    2.06800008e+00 2.06800008e+00 2.06800008e+00 2.06800008e+00
    2.06800008e+00 2.06800008e+00 2.06800008e+00 2.06800008e+00
    2.06800008e+00 2.06800008e+00 2.06800008e+00 2.06800008e+00
    2.06800008e+00 2.06800008e+00 2.06800008e+00 2.02900004e+00 2. 2. 2.
    2. 2.02600002e+00 2.06399989e+00 2.06800008e+00 2.06800008e+00
    2.06800008e+00 2.07200003e+00 2.08200002e+00 2.08699989e+00
    2.08699989e+00 2.07900000e+00 2.06800008e+00 2.04099989e+00
    2.01900005e+00 2.01900005e+00 2.03099990e+00 2.05800009e+00
    2.06800008e+00 2.06800008e+00 2.06800008e+00 2.06800008e+00
    2.06800008e+00 2.06800008e+00 2.06800008e+00 2.06800008e+00
    2.06800008e+00 2.06800008e+00 2.06800008e+00 2.06800008e+00
    2.06800008e+00 2.06800008e+00 2.06800008e+00 2.06800008e+00
    2.06800008e+00 2.06800008e+00 2.06800008e+00 2.02900004e+00 2. 2. 2.
    2. 2.02600002e+00 2.06399989e+00 2.06800008e+00 2.06800008e+00
    2.06800008e+00 2.07900000e+00 2.11100006e+00 2.12599993e+00
    2.12599993e+00 2.10100007e+00 2.06800008e+00 2.06200004e+00
    2.05699992e+00 2.05699992e+00 2.05999994e+00 2.06599998e+00
    2.06800008e+00 2.06800008e+00 2.06800008e+00 2.06800008e+00
    2.07200003e+00 2.08699989e+00 2.09599996e+00 2.09599996e+00
    2.09599996e+00 2.09599996e+00 2.06800008e+00 2.04099989e+00
    2.04099989e+00 2.04600000e+00 2.06100011e+00 2.06800008e+00
    2.06800008e+00 2.06800008e+00 2.06800008e+00 2.04500008e+00
    2.02699995e+00 2.02699995e+00 2.02699995e+00 2.02699995e+00
    2.05299997e+00 2.09100008e+00 2.09599996e+00 2.09599996e+00
    2.09599996e+00 2.10299993e+00 2.12700009e+00 2.13700008e+00
