<?xml version="1.0"?>
<opencv_storage>
<Depth type_id="opencv-matrix">
  <rows>40</rows>
  <cols>40</cols>
  <dt>f</dt>
  <data>
    0. 0. 0. 0. 0. 0. 0. 0. 0. 0. 0. 0. 0. 0. 0. 0. 0. 0. 0. 0. 0. 0. 0.
    0. 0. 0. 0. 0. 0. 0. 0. 0. 0. 0. 0. 0. 0. 0. 0. 0. 0. 0. 0. 0. 0. 0.
    0. 0. 0. 0. 0. 0. 0. 0. 0. 0. 0. 0. 0. 0. 0. 0. 0. 0. 0. 0. 0. 0. 0.
    0. 0. 0. 0. 0. 0. 0. 0. 0. 0. 0. 0. 0. 0. 0. 0. 0. 0. 0. 0. 0. 0. 0.
    0. 0. 0. 0. 0. 0. 0. 0. 0. 0. 0. 0. 0. 0. 0. 0. 0. 0. 0. 0. 0. 0. 0.
    0. 0. 0. 0. 0. 0. 0. 0. 0. 0. 0. 0. 0. 0. 0. 0. 0. 0. 0. 0. 0. 0. 0.
    0. 0. 0. 0. 0. 0. 0. 0. 0. 0. 0. 0. 0. 0. 0. 0. 0. 0. 0. 0. 0. 0. 0.
    0. 0. 0. 0. 0. 0. 0. 0. 0. 0. 0. 0. 0. 0. 0. 0. 0. 0. 0. 0. 0. 0. 0.
    0. 0. 0. 0. 0. 0. 0. 0. 0. 0. 0. 0. 0. 0. 0. 0. 0. 0. 0. 0. 0. 0. 0.
    0. 0. 0. 0. 0. 0. 0. 0. 0. 0. 0. 0. 0. 0. 0. 0. 0. 0. 0. 0. 0. 0. 0.
    0. 0. 0. 0. 0. 0. 0. 0. 0. 0. 0. 0. 0. 0. 0. 0. 0. 0. 0. 0. 0. 0. 0.
    0. 0. 0. 0. 0. 0. 0. 0. 0. 0. 0. 0. 0. 0. 0. 0. 0. 0. 0. 0. 0. 0. 0.
    0. 0. 0. 0. 0. 0. 0. 0. 0. 0. 0. 0. 0. 0. 0. 0. 0. 0. 0. 0. 0. 0. 0.
    0. 0. 0. 0. 0. 0. 0. 0. 0. 0. 0. 0. 0. 0. 0. 0. 0. 0. 0. 0. 0. 0. 0.
    0. 0. 0. 0. 0. 0. 0. 0. 0. 0. 0. 0. 0. 0. 0. 0. 0. 0. 0. 0. 0. 0. 0.
    0. 0. 0. 0. 0. 0. 0. 0. 0. 0. 0. 0. 0. 0. 0. 0. 0. 0. 0. 0. 0. 0. 0.
    0. 0. 0. 0. 0. 0. 0. 0. 0. 0. 0. 0. 0. 0. 0. 0. 0. 0. 0. 0. 0. 0. 0.
    0. 0. 0. 0. 0. 0. 0. 0. 0. 0. 0. 0. 0. 0. 0. 0. 0. 0. 0. 2. 2.
    1.98800004e+00 1.90199995e+00 1.82000005e+00 1.82000005e+00
    1.82000005e+00 1.82000005e+00 1.82000005e+00 0. 0. 0. 0. 0. 0. 0. 0.
    0. 0. 0. 0. 0. 0. 0. 0. 0. 0. 0. 0. 0. 0. 0. 0. 0. 0. 0. 0. 0. 0. 0.
    1.98000002e+00 1.98000002e+00 1.97099996e+00 1.90400004e+00
    1.83800006e+00 1.83000004e+00 1.82099998e+00 1.82000005e+00
    1.82000005e+00 0. 0. 0. 0. 0. 0. 0. 0. 0. 0. 0. 0. 0. 0. 0. 0. 0. 0.
    0. 0. 0. 0. 0. 0. 0. 0. 0. 0. 0. 0. 1.30499995e+00 1.93700004e+00
    1.93700004e+00 1.93299997e+00 1.90600002e+00 1.88000000e+00
    1.85099995e+00 1.82200003e+00 1.82000005e+00 1.82000005e+00
    1.17200005e+00 0. 0. 0. 0. 0. 0. 0. 0. 0. 0. 0. 0. 0. 0. 0. 0. 0. 0.
    0. 0. 0. 0. 0. 0. 0. 1.82000005e+00 1.83599997e+00 1.87100005e+00
    1.89600003e+00 1.90300000e+00 1.90799999e+00 1.90799999e+00
    1.90799999e+00 1.90799999e+00 1.90699995e+00 1.87199998e+00
    1.83700001e+00 1.83399999e+00 1.83399999e+00 1.86399996e+00
    1.89800000e+00 1.94000006e+00 1.98399997e+00 2.02300000e+00
    2.06100011e+00 0. 0. 0. 0. 0. 0. 0. 0. 0. 0. 0. 0. 0. 0. 0. 0. 0. 0.
    0. 0. 1.82000005e+00 1.82700002e+00 1.84200001e+00 1.86099994e+00
    1.88800001e+00 1.90799999e+00 1.90799999e+00 1.90799999e+00
    1.90799999e+00 1.90699995e+00 1.89199996e+00 1.87699997e+00
    1.87600005e+00 1.87600005e+00 1.88900006e+00 1.90400004e+00
    1.94000006e+00 1.98399997e+00 2.00999999e+00 2.02600002e+00
    1.50600004e+00 0. 0. 0. 0. 0. 0. 0. 0. 0. 0. 0. 0. 0. 0. 0. 0. 0. 0.
    0. 1.82000005e+00 1.82000005e+00 1.82000005e+00 1.83399999e+00
    1.87600005e+00 1.90799999e+00 1.90799999e+00 1.90799999e+00
    1.90799999e+00 1.90799999e+00 1.90799999e+00 1.90799999e+00
    1.90799999e+00 1.90799999e+00 1.90799999e+00 1.90799999e+00
    1.93599999e+00 1.97500002e+00 1.98899996e+00 1.98899996e+00
    1.96899998e+00 1.92999995e+00 1.90799999e+00 1.90799999e+00
    1.90799999e+00 1.90799999e+00 1.88999999e+00 1.80799997e+00
    1.73399997e+00 0. 0. 0. 0. 0. 0. 0. 0. 0. 0. 0. 1.82000005e+00
    1.82000005e+00 1.82000005e+00 1.83399999e+00 1.87600005e+00
    1.90799999e+00 1.90799999e+00 1.90799999e+00 1.90799999e+00
    1.90799999e+00 1.90799999e+00 1.90799999e+00 1.90799999e+00
    1.90799999e+00 1.90799999e+00 1.90799999e+00 1.92100000e+00
    1.93900001e+00 1.94599998e+00 1.94599998e+00 1.93599999e+00
    1.91799998e+00 1.90799999e+00 1.90799999e+00 1.90799999e+00
    1.90799999e+00 1.88999999e+00 1.80799997e+00 1.73399997e+00 0. 0. 0.
    0. 0. 0. 0. 0. 0. 0. 0. 1.82599998e+00 1.82599998e+00 1.82599998e+00
    1.83899999e+00 1.87800002e+00 1.90900004e+00 1.91199994e+00
    1.91400003e+00 1.91400003e+00 1.91400003e+00 1.91400003e+00
    1.91400003e+00 1.91400003e+00 1.91400003e+00 1.91400003e+00
    1.91400003e+00 1.91199994e+00 1.90900004e+00 1.90799999e+00
    1.90799999e+00 1.90799999e+00 1.90799999e+00 1.90900004e+00
    1.91199994e+00 1.91400003e+00 1.91400003e+00 1.89699996e+00
    1.81700003e+00 1.74600005e+00 0. 0. 0. 0. 0. 0. 0. 0. 0. 0. 0.
    1.86800003e+00 1.86800003e+00 1.86800003e+00 1.87399995e+00
    1.89300001e+00 1.91400003e+00 1.93700004e+00 1.95799994e+00
    1.95799994e+00 1.95799994e+00 1.95799994e+00 1.95799994e+00
    1.95799994e+00 1.95799994e+00 1.95799994e+00 1.95799994e+00
    1.94099998e+00 1.91700006e+00 1.90799999e+00 1.90799999e+00
    1.90799999e+00 1.90799999e+00 1.91799998e+00 1.94200003e+00
    1.95799994e+00 1.95799994e+00 1.94500005e+00 1.88300002e+00
    1.82799995e+00 0. 0. 0. 0. 0. 0. 0. 0. 0. 0. 0. 1.90999997e+00
    1.90999997e+00 1.90999997e+00 1.90999997e+00 1.90999997e+00
    1.91999996e+00 1.96399999e+00 2.00200009e+00 2.00200009e+00
    2.00200009e+00 2.00099993e+00 2. 2. 2. 2. 2. 1.96899998e+00
    1.92600000e+00 1.90999997e+00 1.90999997e+00 1.90999997e+00
    1.90999997e+00 1.92799997e+00 1.97099996e+00 2. 2. 1.99100006e+00
    1.94799995e+00 1.90999997e+00 0. 0. 0. 0. 0. 0. 0. 0. 0. 0. 0.
    1.95299995e+00 1.95299995e+00 1.95299995e+00 1.95299995e+00
    1.95299995e+00 1.96399999e+00 2.00799990e+00 2.04600000e+00
    2.04600000e+00 2.04600000e+00 2.02300000e+00 2.00099993e+00 2. 2. 2.
    2. 1.98399997e+00 1.96200001e+00 1.95299995e+00 1.95299995e+00
    1.95299995e+00 1.95299995e+00 1.96300006e+00 1.98500001e+00 2. 2.
    1.99500000e+00 1.97300005e+00 1.95299995e+00 0. 0. 0. 0. 0. 0. 0. 0.
    0. 0. 0. 1.99699998e+00 1.99699998e+00 1.99699998e+00 1.99699998e+00
    1.99699998e+00 2.00799990e+00 2.05299997e+00 2.09100008e+00
    2.09100008e+00 2.08899999e+00 2.04600000e+00 2.00300002e+00 2. 2. 2.
    2. 1.99899995e+00 1.99800003e+00 1.99699998e+00 1.99699998e+00
    1.99699998e+00 1.99699998e+00 1.99800003e+00 1.99899995e+00 2. 2. 2.
    1.99800003e+00 1.99699998e+00 0. 0. 0. 0. 0. 0. 0. 0. 0. 0. 0.
    2.08500004e+00 2.08500004e+00 2.08500004e+00 2.08500004e+00
    2.08500004e+00 2.09100008e+00 2.11599994e+00 2.13800001e+00
    2.13800001e+00 2.13599992e+00 2.08999991e+00 2.04500008e+00
    2.02300000e+00 2.00300002e+00 2. 2. 2. 2. 2. 2. 2. 2. 2.01699996e+00
    2.05800009e+00 2.08500004e+00 2.08500004e+00 2.08500004e+00
    2.08500004e+00 2.08500004e+00 0. 0. 0. 0. 0. 0. 0. 0. 0. 0. 0.
    2.17700005e+00 2.17700005e+00 2.17700005e+00 2.17700005e+00
    2.17700005e+00 2.17700005e+00 2.18099999e+00 2.18400002e+00
    2.18400002e+00 2.18199992e+00 2.13599992e+00 2.08999991e+00
    2.04800010e+00 2.00699997e+00 2. 2. 2. 2. 2. 2. 2. 2. 2.03500009e+00
    2.11899996e+00 2.17700005e+00 2.17700005e+00 2.17700005e+00
    2.17700005e+00 2.17700005e+00 0. 0. 0. 0. 0. 0. 0. 0. 0. 0. 0. 0. 0.
    1.50199997e+00 2.22499990e+00 2.20600009e+00 2.19199991e+00
    2.19199991e+00 2.19199991e+00 2.19199991e+00 2.19099998e+00
    2.16300011e+00 2.13499999e+00 2.08999991e+00 2.04500008e+00
    2.03699994e+00 2.03699994e+00 2.03699994e+00 2.03699994e+00
    2.03699994e+00 2.03699994e+00 2.04699993e+00 2.06500006e+00
    1.63900006e+00 0. 0. 0. 0. 1.21700001e+00 2.19199991e+00 0. 0. 0. 0.
    0. 0. 0. 0. 0. 0. 0. 0. 0. 0. 2.26500010e+00 2.22399998e+00
    2.19199991e+00 2.19199991e+00 2.19199991e+00 2.19199991e+00
    2.19199991e+00 2.18600011e+00 2.18000007e+00 2.13599992e+00
    2.08999991e+00 2.08200002e+00 2.08200002e+00 2.08200002e+00
    2.08200002e+00 2.08200002e+00 2.08200002e+00 2.10299993e+00
    2.14400005e+00 1.15900004e+00 0. 0. 0. 0. 0. 2.19199991e+00 0. 0. 0.
    0. 0. 0. 0. 0. 0. 0. 0. 0. 0. 0. 0. 1.48899996e+00 2.19199991e+00
    2.19199991e+00 2.19400001e+00 2.21099997e+00 2.22600007e+00
    2.21000004e+00 2.19300008e+00 2.16400003e+00 2.13299990e+00
    2.12800002e+00 2.12800002e+00 2.12800002e+00 2.12800002e+00
