<?xml version="1.0"?>
<opencv_storage>
<Depth type_id="opencv-matrix">
  <rows>40</rows>
  <cols>40</cols>
  <dt>f</dt>
  <data>
    0. 0. 0. 0. 0. 0. 0. 0. 0. 0. 0. 0. 0. 0. 0. 0. 0. 0. 0. 0. 0. 0. 0.
    0. 0. 0. 0. 0. 0. 0. 0. 0. 0. 0. 0. 0. 0. 0. 0. 0. 0. 0. 0. 0. 0. 0.
    0. 0. 0. 0. 0. 0. 0. 0. 0. 0. 0. 0. 0. 0. 0. 0. 0. 0. 0. 0. 0. 0. 0.
    0. 0. 0. 0. 0. 0. 0. 0. 0. 0. 0. 0. 0. 0. 0. 0. 0. 0. 0. 0. 0. 0. 0.
    0. 0. 0. 0. 0. 0. 0. 0. 0. 0. 0. 0. 0. 0. 0. 0. 0. 0. 0. 0. 0. 0. 0.
    0. 0. 0. 0. 0. 0. 0. 0. 0. 0. 0. 0. 0. 0. 0. 0. 0. 0. 0. 0. 0. 0. 0.
    0. 0. 0. 0. 0. 0. 0. 0. 0. 0. 0. 0. 0. 0. 0. 0. 0. 0. 0. 0. 0. 0. 0.
    0. 0. 0. 0. 0. 0. 0. 0. 0. 0. 0. 0. 0. 0. 0. 0. 0. 0. 0. 0. 0. 0. 0.
    0. 0. 0. 0. 0. 0. 0. 0. 0. 0. 0. 0. 0. 0. 0. 0. 0. 0. 0. 0. 0. 0. 0.
    0. 0. 0. 0. 0. 0. 0. 0. 0. 0. 0. 0. 0. 0. 0. 0. 0. 0. 0. 0. 0. 0. 0.
    0. 0. 0. 0. 0. 0. 0. 0. 0. 0. 0. 0. 0. 0. 0. 0. 0. 0. 0. 0. 0.
    1.20000005e+00 1.63000000e+00 0. 0. 0. 1.35099995e+00 1.63499999e+00
    1.63499999e+00 1.63499999e+00 1.63499999e+00 1.63499999e+00
    1.63499999e+00 1.63499999e+00 1.63499999e+00 1.63499999e+00
    1.63499999e+00 1.63499999e+00 1.63499999e+00 1.63499999e+00 0. 0. 0.
    0. 0. 0. 0. 0. 0. 0. 0. 0. 0. 0. 0. 0. 0. 0. 0. 0. 1.20000005e+00
    1.46599996e+00 1.69099998e+00 1.29600000e+00 1.15499997e+00
    1.18700004e+00 1.51100004e+00 1.65499997e+00 1.65499997e+00
    1.65499997e+00 1.65499997e+00 1.65499997e+00 1.65499997e+00
    1.64999998e+00 1.63699996e+00 1.63499999e+00 1.63499999e+00
    1.63499999e+00 1.63499999e+00 1.63499999e+00 0. 0. 0. 0. 0. 0. 0. 0.
    0. 0. 0. 0. 0. 0. 0. 0. 0. 0. 0. 0. 1.76400006e+00 1.76400006e+00
    1.75899994e+00 1.73399997e+00 1.72500002e+00 1.72300005e+00
    1.69500005e+00 1.68200004e+00 1.68200004e+00 1.68200004e+00
    1.68400002e+00 1.68700004e+00 1.68700004e+00 1.67700005e+00
    1.64999998e+00 1.64499998e+00 1.64400005e+00 1.64100003e+00
    1.63800001e+00 1.63499999e+00 0. 0. 0. 0. 0. 0. 0. 0. 0. 0. 0. 0. 0.
    0. 0. 0. 0. 0. 0. 0. 1.76400006e+00 1.76400006e+00 1.76300001e+00
    1.75600004e+00 1.75399995e+00 1.75100005e+00 1.72300005e+00
    1.71000004e+00 1.71000004e+00 1.71000004e+00 1.72000003e+00
    1.74199998e+00 1.74399996e+00 1.73300004e+00 1.70500004e+00
    1.70000005e+00 1.69400001e+00 1.67299998e+00 1.65199995e+00
    1.63499999e+00 0. 0. 0. 0. 0. 0. 0. 0. 0. 0. 0. 0. 0. 0. 0. 0. 0. 0.
    0. 0. 1.76400006e+00 1.77300000e+00 1.78299999e+00 1.78299999e+00
    1.77499998e+00 1.76199996e+00 1.74600005e+00 1.73800004e+00
    1.73800004e+00 1.73800004e+00 1.74600005e+00 1.76300001e+00
    1.76400006e+00 1.75800002e+00 1.74100006e+00 1.73800004e+00
    1.73300004e+00 1.71700001e+00 1.68400002e+00 1.65199995e+00 0. 0. 0.
    0. 0. 0. 0. 0. 0. 0. 0. 0. 0. 0. 0. 0. 0. 0. 0. 0. 1.76699996e+00
    1.78699994e+00 1.80900002e+00 1.81099999e+00 1.79299998e+00
    1.76699996e+00 1.76699996e+00 1.76699996e+00 1.76699996e+00
    1.76699996e+00 1.76699996e+00 1.76699996e+00 1.76699996e+00
    1.76699996e+00 1.76699996e+00 1.76699996e+00 1.76699996e+00
    1.76699996e+00 1.72700000e+00 1.68499994e+00 0. 0. 0. 0. 0. 0. 0. 0.
    0. 0. 0. 0. 0. 0. 0. 0. 0. 0. 0. 0. 1.79600000e+00 1.80200005e+00
    1.81299996e+00 1.83399999e+00 1.82299995e+00 1.79600000e+00
    1.79600000e+00 1.79600000e+00 1.79600000e+00 1.79600000e+00
    1.79600000e+00 1.79600000e+00 1.79600000e+00 1.79600000e+00
    1.79600000e+00 1.79600000e+00 1.79600000e+00 1.79600000e+00
    1.78400004e+00 1.77100003e+00 0. 0. 0. 0. 0. 0. 0. 0. 0. 0. 0. 0. 0.
    0. 0. 0. 0. 0. 0. 0. 1.82599998e+00 1.83399999e+00 1.84599996e+00
    1.86500001e+00 1.86000001e+00 1.84000003e+00 1.81900001e+00
    1.80900002e+00 1.80900002e+00 1.80900002e+00 1.80900002e+00
    1.80900002e+00 1.81900001e+00 1.82599998e+00 1.82599998e+00
    1.82599998e+00 1.82900000e+00 1.84000003e+00 1.84200001e+00
    1.84200001e+00 0. 0. 0. 0. 0. 0. 0. 0. 0. 0. 0. 0. 0. 0. 0. 0. 0. 0.
    0. 0. 1.85500002e+00 1.87800002e+00 1.90199995e+00 1.90199995e+00
    1.90199995e+00 1.89600003e+00 1.83599997e+00 1.80999994e+00
    1.80999994e+00 1.80999994e+00 1.80999994e+00 1.80999994e+00
    1.83800006e+00 1.85599995e+00 1.85599995e+00 1.85599995e+00
    1.86500001e+00 1.89499998e+00 1.90199995e+00 1.90199995e+00 0. 0. 0.
    0. 0. 0. 0. 0. 0. 0. 0. 0. 0. 0. 0. 0. 0. 0. 0. 0. 1.88600004e+00
    1.90799999e+00 1.93299997e+00 1.93299997e+00 1.93299997e+00
    1.92900002e+00 1.88800001e+00 1.87000000e+00 1.87000000e+00
    1.89100003e+00 1.90100002e+00 1.90100002e+00 1.93099999e+00
    1.94200003e+00 1.92100000e+00 1.91700006e+00 1.91999996e+00
    1.93099999e+00 1.93299997e+00 1.93299997e+00 0. 0. 0. 0. 0. 0. 0. 0.
    0. 0. 0. 0. 0. 0. 0. 0. 0. 0. 0. 0. 1.91700006e+00 1.93200004e+00
    1.95200002e+00 1.96200001e+00 1.96500003e+00 1.96200001e+00
    1.93099999e+00 1.91700006e+00 1.91700006e+00 1.93799996e+00
    1.95000005e+00 1.95000005e+00 1.98000002e+00 1.98800004e+00
    1.95500004e+00 1.95000005e+00 1.95000005e+00 1.95000005e+00
    1.95000005e+00 1.95000005e+00 0. 0. 0. 0. 0. 0. 0. 0. 0. 0. 0. 0. 0.
    0. 0. 0. 0. 0. 0. 0. 1.94799995e+00 1.94900000e+00 1.95599997e+00
    1.98699999e+00 1.99800003e+00 1.99399996e+00 1.96200001e+00
    1.94799995e+00 1.94799995e+00 1.94900000e+00 1.95000005e+00
    1.95000005e+00 1.98000002e+00 1.98800004e+00 1.95500004e+00
    1.95000005e+00 1.95000005e+00 1.95000005e+00 1.95000005e+00
    1.95000005e+00 0. 0. 0. 0. 0. 0. 0. 0. 0. 0. 0. 0. 0. 0. 0. 0. 0. 0.
    0. 0. 1.95000005e+00 1.96399999e+00 1.98199999e+00 1.99500000e+00 2.
    1.99899995e+00 1.98599994e+00 1.98000002e+00 1.98000002e+00
    1.98000002e+00 1.98000002e+00 1.98000002e+00 1.99199998e+00
    1.99500000e+00 1.98199999e+00 1.98000002e+00 1.98000002e+00
    1.98000002e+00 1.96500003e+00 1.95000005e+00 0. 0. 0. 0. 0. 0. 0. 0.
    0. 0. 0. 0. 0. 0. 0. 0. 0. 0. 0. 0. 1.97500002e+00 1.99300003e+00
    2.01300001e+00 2.01300001e+00 2.00699997e+00 2. 2. 2. 2. 2.
    2.00399995e+00 2.01200008e+00 2.01300001e+00 2.01300001e+00
    2.01300001e+00 2.01300001e+00 2.00999999e+00 2.00200009e+00
    1.97599995e+00 1.95000005e+00 0. 0. 0. 0. 0. 0. 0. 0. 0. 0. 0. 0. 0.
    0. 0. 0. 0. 0. 0. 0. 2.03999996e+00 2.04299998e+00 2.04600000e+00
    2.04600000e+00 2.02699995e+00 2. 2. 2. 2. 2. 2.01399994e+00
    2.04299998e+00 2.04600000e+00 2.04600000e+00 2.04600000e+00
    2.04600000e+00 2.03699994e+00 2.00699997e+00 1.97599995e+00
    1.95000005e+00 0. 0. 0. 0. 0. 0. 0. 0. 0. 0. 0. 0. 0. 0. 0. 0. 0. 0.
    0. 0. 2.13700008e+00 2.13700008e+00 2.13400006e+00 2.11500001e+00
    2.07500005e+00 2.02800012e+00 2.02800012e+00 2.02800012e+00
    2.02800012e+00 2.02800012e+00 2.05200005e+00 2.10400009e+00
    2.10800004e+00 2.10800004e+00 2.10800004e+00 2.10800004e+00
    2.09800005e+00 2.06399989e+00 2.04399991e+00 2.03299999e+00 0. 0. 0.
    0. 0. 0. 0. 0. 0. 0. 0. 0. 0. 0. 0. 0. 0. 0. 0. 0. 1.94799995e+00
    2.07699990e+00 2.21399999e+00 2.17899990e+00 2.13100004e+00
    2.08100009e+00 2.08100009e+00 2.07800007e+00 2.07100010e+00
    2.07100010e+00 2.09699988e+00 2.15199995e+00 2.15599990e+00
    2.15599990e+00 2.15599990e+00 2.15599990e+00 2.14800000e+00
    2.11899996e+00 2.10700011e+00 2.10200000e+00 0. 0. 0. 0. 0. 0. 0. 0.
    0. 0. 0. 0. 0. 0. 0. 0. 0. 0. 0. 0. 1.06400001e+00 1.62699997e+00
    2.25000000e+00 2.21399999e+00 2.19400001e+00 2.18499994e+00
    2.18499994e+00 2.16799998e+00 2.13899994e+00 2.13899994e+00
    2.14400005e+00 2.15499997e+00 2.15599990e+00 2.15599990e+00
    2.15599990e+00 2.15599990e+00 2.15400004e+00 2.14899993e+00
    2.12500000e+00 2.10200000e+00 0. 0. 0. 0. 0. 0. 0. 0. 0. 0. 0. 0. 0.
    0. 0. 0. 0. 0. 0. 0. 0. 1.52900004e+00 2.29099989e+00 2.27200007e+00
    2.26600003e+00 2.26600003e+00 2.26600003e+00 2.24499989e+00
    2.20900011e+00 2.19199991e+00 2.18199992e+00 2.18199992e+00
    2.18199992e+00 2.18199992e+00 2.18199992e+00 2.19700003e+00
    2.20400000e+00 2.18700004e+00 2.16899991e+00 2.15499997e+00 0. 0. 0.
