<?xml version="1.0"?>
<opencv_storage>
<Depth type_id="opencv-matrix">
  <rows>40</rows>
  <cols>40</cols>
  <dt>f</dt>
  <data>
    0. 0. 0. 0. 0. 0. 0. 0. 0. 0. 0. 0. 0. 0. 0. 0. 0. 0. 0. 0. 0. 0. 0.
    0. 0. 0. 0. 0. 0. 0. 0. 0. 0. 0. 0. 0. 0. 0. 0. 0. 0. 0. 0. 0. 0. 0.
    0. 0. 0. 0. 0. 0. 0. 0. 0. 0. 0. 0. 0. 0. 0. 0. 0. 0. 0. 0. 0. 0. 0.
    0. 0. 0. 0. 0. 0. 0. 0. 0. 0. 0. 0. 0. 0. 0. 0. 0. 0. 0. 0. 0. 0. 0.
    0. 0. 0. 0. 0. 0. 0. 0. 0. 0. 0. 0. 0. 0. 0. 0. 0. 0. 0. 0. 0. 0. 0.
    0. 0. 0. 0. 0. 0. 0. 0. 0. 0. 0. 0. 0. 0. 0. 0. 0. 0. 0. 0. 0. 0. 0.
    0. 0. 0. 0. 0. 0. 0. 0. 0. 0. 0. 0. 0. 0. 0. 0. 0. 0. 0. 0. 0. 0. 0.
    0. 0. 0. 0. 0. 0. 0. 0. 0. 0. 0. 0. 0. 0. 0. 0. 0. 0. 0. 0. 0. 0. 0.
    0. 0. 0. 0. 0. 0. 0. 0. 0. 0. 0. 0. 0. 0. 0. 0. 0. 0. 0. 0. 0. 0. 0.
    0. 0. 0. 0. 0. 0. 0. 0. 0. 0. 0. 0. 0. 0. 0. 0. 0. 0. 0. 0. 0. 0. 0.
    0. 0. 0. 0. 0. 0. 0. 0. 0. 0. 0. 0. 0. 0. 0. 0. 0. 0. 0. 0. 0. 0. 0.
    0. 0. 0. 0. 0. 0. 0. 0. 0. 0. 0. 0. 0. 0. 0. 0. 0. 0. 0. 0. 0. 0. 0.
    0. 0. 0. 0. 0. 0. 0. 0. 0. 0. 0. 0. 0. 0. 0. 0. 0. 0. 0. 0. 0. 0. 0.
    0. 0. 0. 0. 0. 0. 0. 0. 0. 0. 0. 0. 0. 0. 0. 0. 0. 0. 0. 0. 0. 0. 0.
    0. 0. 0. 0. 0. 0. 0. 0. 0. 0. 0. 0. 0. 0. 0. 0. 0. 0. 0. 0. 0. 0. 0.
    0. 0. 0. 0. 0. 0. 0. 0. 0. 0. 0. 0. 0. 0. 0. 0. 0. 0. 0. 0. 0. 0. 0.
    0. 0. 0. 0. 0. 0. 0. 0. 0. 0. 0. 0. 0. 0. 0. 0. 0. 0. 0. 0. 0. 0. 0.
    0. 0. 0. 0. 0. 0. 0. 0. 0. 0. 0. 0. 0. 0. 0. 0. 0. 0. 0. 0. 0. 0. 0.
    0. 0. 0. 0. 0. 0. 0. 0. 0. 0. 0. 0. 0. 0. 0. 0. 0. 0. 0. 0. 0. 0. 0.
    0. 0. 0. 0. 0. 0. 0. 0. 0. 0. 0. 0. 0. 0. 0. 0. 0. 0. 0. 0. 0. 0. 0.
    0. 0. 0. 0. 0. 0. 0. 0. 0. 0. 0. 0. 0. 0. 0. 0. 0. 0. 0. 0. 0.
    1.50399995e+00 2.27699995e+00 2.27699995e+00 2.27699995e+00
    2.27699995e+00 2.27699995e+00 2.27699995e+00 2.27699995e+00
    2.28699994e+00 2.34599996e+00 2.40499997e+00 2.42499995e+00
    2.42499995e+00 2.41000009e+00 2.29500008e+00 2.18000007e+00
    2.28299999e+00 2.52300000e+00 2.73900008e+00 2.73900008e+00
    2.73900008e+00 2.73900008e+00 2.73900008e+00 2.73900008e+00
    2.73900008e+00 2.73900008e+00 2.60899997e+00 2.36899996e+00
    2.13700008e+00 2.19300008e+00 2.24900007e+00 2.27699995e+00
    2.27699995e+00 2.27699995e+00 2.27699995e+00 2.27699995e+00
    2.27699995e+00 2.27699995e+00 2.27699995e+00 0. 1.57799995e+00
    2.27699995e+00 2.27699995e+00 2.27699995e+00 2.27699995e+00
    2.27699995e+00 2.27699995e+00 2.27699995e+00 2.28699994e+00
    2.34599996e+00 2.40499997e+00 2.42499995e+00 2.42499995e+00
    2.41000009e+00 2.29500008e+00 2.18000007e+00 2.26900005e+00
    2.48600006e+00 2.68199992e+00 2.68700004e+00 2.69300008e+00
    2.69499993e+00 2.69499993e+00 2.69499993e+00 2.69499993e+00
    2.69499993e+00 2.57399988e+00 2.35200000e+00 2.13700008e+00
    2.18799996e+00 2.23900008e+00 2.26399994e+00 2.26399994e+00
    2.26399994e+00 2.26900005e+00 2.27399993e+00 2.27699995e+00
    2.27699995e+00 2.27699995e+00 0. 1.88499999e+00 2.27699995e+00
    2.27699995e+00 2.27699995e+00 2.27699995e+00 2.27699995e+00
    2.27699995e+00 2.27699995e+00 2.28699994e+00 2.34599996e+00
    2.40499997e+00 2.42499995e+00 2.42499995e+00 2.41000009e+00
    2.29500008e+00 2.18000007e+00 2.21099997e+00 2.33200002e+00
    2.44400001e+00 2.47199988e+00 2.50000000e+00 2.51099992e+00
    2.51099992e+00 2.51099992e+00 2.51099992e+00 2.51099992e+00
    2.43000007e+00 2.28099990e+00 2.13700008e+00 2.16499996e+00
    2.19400001e+00 2.20799994e+00 2.20799994e+00 2.20799994e+00
    2.23499990e+00 2.26200008e+00 2.27699995e+00 2.27699995e+00
    2.27699995e+00 1.88499999e+00 2.19199991e+00 2.27699995e+00
    2.27699995e+00 2.27699995e+00 2.27699995e+00 2.27699995e+00
    2.27699995e+00 2.27699995e+00 2.28699994e+00 2.34599996e+00
    2.40499997e+00 2.42499995e+00 2.42499995e+00 2.41000009e+00
    2.29500008e+00 2.18000007e+00 2.15199995e+00 2.17899990e+00
    2.20700002e+00 2.25699997e+00 2.30699992e+00 2.32800007e+00
    2.32800007e+00 2.32800007e+00 2.32800007e+00 2.32800007e+00
    2.28600001e+00 2.21000004e+00 2.13599992e+00 2.14199996e+00
    2.14800000e+00 2.15199995e+00 2.15199995e+00 2.15199995e+00
    2.20099998e+00 2.25099993e+00 2.27699995e+00 2.27699995e+00
    2.27699995e+00 2.27699995e+00 2.27699995e+00 2.27699995e+00
    2.27699995e+00 2.27699995e+00 2.27699995e+00 2.27699995e+00
    2.27699995e+00 2.27699995e+00 2.28399992e+00 2.32599998e+00
    2.36800003e+00 2.38199997e+00 2.38199997e+00 2.36899996e+00
    2.27200007e+00 2.17400002e+00 2.13599992e+00 2.13599992e+00
    2.14000010e+00 2.18000007e+00 2.22000003e+00 2.24600005e+00
    2.26200008e+00 2.27600002e+00 2.25999999e+00 2.24399996e+00
    2.21499991e+00 2.17499995e+00 2.13599992e+00 2.13599992e+00
    2.13599992e+00 2.13599992e+00 2.13599992e+00 2.13599992e+00
    2.19099998e+00 2.24699998e+00 2.27699995e+00 2.27699995e+00
    2.27699995e+00 2.27699995e+00 2.27699995e+00 2.27699995e+00
    2.27699995e+00 2.27699995e+00 2.27699995e+00 2.27699995e+00
    2.27699995e+00 2.27699995e+00 2.27999997e+00 2.29900002e+00
    2.31699991e+00 2.32399988e+00 2.32399988e+00 2.31399989e+00
    2.23900008e+00 2.16499996e+00 2.13599992e+00 2.13599992e+00
    2.13800001e+00 2.15499997e+00 2.17300010e+00 2.20300007e+00
    2.24099994e+00 2.27500010e+00 2.23600006e+00 2.19799995e+00
    2.17100000e+00 2.15300012e+00 2.13599992e+00 2.13599992e+00
    2.13599992e+00 2.13599992e+00 2.13599992e+00 2.13599992e+00
    2.19099998e+00 2.24699998e+00 2.27699995e+00 2.27699995e+00
    2.27699995e+00 2.27099991e+00 2.27600002e+00 2.27699995e+00
    2.27699995e+00 2.27699995e+00 2.27699995e+00 2.27699995e+00
    2.27699995e+00 2.27699995e+00 2.27699995e+00 2.27699995e+00
    2.27699995e+00 2.27399993e+00 2.26900005e+00 2.25900006e+00
    2.20700002e+00 2.15599990e+00 2.13299990e+00 2.12899995e+00
    2.12500000e+00 2.12500000e+00 2.12500000e+00 2.15499997e+00
    2.20600009e+00 2.25099993e+00 2.20000005e+00 2.14800000e+00
    2.12500000e+00 2.12500000e+00 2.12500000e+00 2.12500000e+00
    2.12500000e+00 2.12500000e+00 2.12500000e+00 2.12500000e+00
    2.18000007e+00 2.23600006e+00 2.26799989e+00 2.27200007e+00
    2.27699995e+00 2.24300003e+00 2.26999998e+00 2.27699995e+00
    2.27699995e+00 2.27699995e+00 2.27699995e+00 2.27699995e+00
    2.27699995e+00 2.27699995e+00 2.27699995e+00 2.27699995e+00
    2.27699995e+00 2.25999999e+00 2.23300004e+00 2.20600009e+00
    2.17600012e+00 2.14700007e+00 2.11999989e+00 2.09400010e+00
    2.07100010e+00 2.07100010e+00 2.07100010e+00 2.08800006e+00
    2.11700010e+00 2.14299989e+00 2.11299992e+00 2.08400011e+00
    2.07100010e+00 2.07100010e+00 2.07100010e+00 2.07100010e+00
    2.07100010e+00 2.07100010e+00 2.07100010e+00 2.07100010e+00
    2.12500000e+00 2.18000007e+00 2.22199988e+00 2.24900007e+00
    2.27600002e+00 2.21399999e+00 2.26300001e+00 2.27699995e+00
    2.27699995e+00 2.27699995e+00 2.27699995e+00 2.27699995e+00
    2.27699995e+00 2.27699995e+00 2.27699995e+00 2.27699995e+00
    2.27699995e+00 2.24499989e+00 2.19600010e+00 2.15300012e+00
    2.14599991e+00 2.13899994e+00 2.10700011e+00 2.05999994e+00
    2.01699996e+00 2.01699996e+00 2.01699996e+00 2.02099991e+00
    2.02800012e+00 2.03399992e+00 2.02699995e+00 2.01999998e+00
    2.01699996e+00 2.01699996e+00 2.01699996e+00 2.01699996e+00
    2.01699996e+00 2.01699996e+00 2.01699996e+00 2.01699996e+00
    2.07100010e+00 2.12500000e+00 2.17700005e+00 2.22600007e+00
    2.27500010e+00 2.20499992e+00 2.26099992e+00 2.27699995e+00
    2.27699995e+00 2.27399993e+00 2.25900006e+00 2.24300003e+00
    2.23900008e+00 2.23900008e+00 2.24099994e+00 2.25600004e+00
    2.27200007e+00 2.24099994e+00 2.18499994e+00 2.13599992e+00
    2.13599992e+00 2.13599992e+00 2.10299993e+00 2.04900002e+00
    1.99899995e+00 1.98399997e+00 1.97000003e+00 1.96399999e+00
    1.96399999e+00 1.96500003e+00 1.97899997e+00 1.99399996e+00 2. 2. 2.
    2. 2. 2. 2. 2. 2.05299997e+00 2.10800004e+00 2.15499997e+00
    2.19600010e+00 2.23699999e+00 2.20499992e+00 2.26099992e+00
