<?xml version="1.0"?>
<opencv_storage>
<Depth type_id="opencv-matrix">
  <rows>40</rows>
  <cols>40</cols>
  <dt>f</dt>
  <data>
    0. 0. 0. 0. 0. 0. 0. 0. 0. 0. 0. 0. 0. 0. 0. 0. 0. 0. 0. 0. 0. 0. 0.
    0. 0. 0. 0. 0. 0. 0. 0. 0. 0. 0. 0. 0. 0. 0. 0. 0. 0. 0. 0. 0. 0. 0.
    0. 0. 0. 0. 0. 0. 0. 0. 0. 0. 0. 0. 0. 0. 0. 0. 0. 0. 0. 0. 0. 0. 0.
    0. 0. 0. 0. 0. 0. 0. 0. 0. 0. 0. 0. 0. 0. 0. 0. 0. 0. 0. 0. 0. 0. 0.
    0. 0. 0. 0. 0. 0. 0. 0. 0. 0. 0. 0. 0. 0. 0. 0. 0. 0. 0. 0. 0. 0. 0.
    0. 0. 0. 0. 0. 0. 0. 0. 0. 0. 0. 0. 0. 0. 0. 0. 0. 0. 0. 0. 0. 0. 0.
    0. 0. 0. 0. 0. 0. 0. 0. 0. 0. 0. 0. 0. 0. 0. 0. 0. 0. 0. 0. 0. 0. 0.
    0. 0. 0. 0. 0. 0. 0. 0. 0. 0. 0. 0. 0. 0. 0. 0. 0. 0. 0. 0. 0. 0. 0.
    0. 0. 0. 0. 0. 0. 0. 0. 0. 0. 0. 0. 0. 0. 0. 0. 0. 0. 0. 0. 0. 0. 0.
    0. 0. 0. 0. 0. 0. 0. 0. 0. 0. 0. 0. 0. 0. 0. 0. 0. 0. 0. 0. 0. 0. 0.
    0. 0. 0. 0. 0. 0. 0. 0. 0. 0. 0. 0. 0. 0. 0. 0. 0. 0. 0. 0.
    2.06800008e+00 2.06800008e+00 2.06800008e+00 2.00600004e+00
    1.93400002e+00 1.93400002e+00 1.93400002e+00 1.93400002e+00
    1.89900005e+00 1.82900000e+00 1.80799997e+00 1.80799997e+00
    1.77699995e+00 1.74300003e+00 1.71000004e+00 1.61099994e+00
    1.40100002e+00 1.29900002e+00 1.27199996e+00 1.26699996e+00 0. 0. 0.
    0. 0. 0. 0. 0. 0. 0. 0. 0. 0. 0. 0. 0. 0. 0. 0. 0. 1.26600003e+00
    1.54100001e+00 1.99100006e+00 2.01600003e+00 1.95700002e+00
    1.95700002e+00 1.95299995e+00 1.94000006e+00 1.89900005e+00
    1.82900000e+00 1.80799997e+00 1.80799997e+00 1.78699994e+00
    1.76499999e+00 1.74399996e+00 1.66999996e+00 1.50899994e+00
    1.43299997e+00 1.41499996e+00 1.41199994e+00 0. 0. 0. 0. 0. 0. 0. 0.
    0. 0. 0. 0. 0. 0. 0. 0. 0. 0. 0. 0. 0. 0. 1.86600006e+00
    2.03299999e+00 1.99399996e+00 1.99399996e+00 1.98500001e+00
    1.95099998e+00 1.89900005e+00 1.82900000e+00 1.80799997e+00
    1.80799997e+00 1.80499995e+00 1.80200005e+00 1.79900002e+00
    1.76699996e+00 1.68599999e+00 1.65199995e+00 1.64900005e+00
    1.64900005e+00 0. 0. 0. 0. 0. 0. 0. 0. 0. 0. 0. 0. 0. 0. 0. 0. 0. 0.
    0. 0. 0. 0. 0. 1.45899999e+00 2. 2. 1.99000001e+00 1.95299995e+00
    1.90699995e+00 1.85300004e+00 1.83700001e+00 1.83700001e+00
    1.82200003e+00 1.80599999e+00 1.78999996e+00 1.76699996e+00
    1.73099995e+00 1.71700001e+00 1.71700001e+00 1.71700001e+00 0. 0. 0.
    0. 0. 0. 0. 0. 0. 0. 0. 0. 0. 0. 0. 0. 0. 0. 0. 0. 0. 0. 0. 0.
    2.00200009e+00 2.00099993e+00 1.99000001e+00 1.95400000e+00
    1.91799998e+00 1.88300002e+00 1.87300003e+00 1.87300003e+00
    1.83899999e+00 1.80299997e+00 1.76900005e+00 1.74800003e+00
    1.74800003e+00 1.74800003e+00 1.74800003e+00 1.74800003e+00 0. 0. 0.
    0. 0. 0. 0. 0. 0. 0. 0. 0. 0. 0. 0. 0. 0. 0. 0. 0. 0. 0. 0. 0.
    2.03900003e+00 2.01600003e+00 1.99600005e+00 1.98099995e+00
    1.95500004e+00 1.91900003e+00 1.90799999e+00 1.90799999e+00
    1.85599995e+00 1.80299997e+00 1.76900005e+00 1.74800003e+00
    1.74800003e+00 1.74800003e+00 1.74800003e+00 1.74800003e+00 0. 0. 0.
    0. 0. 0. 0. 0. 0. 0. 0. 0. 0. 0. 0. 0. 0. 0. 0. 0. 0. 0. 0. 0.
    2.06599998e+00 2.03399992e+00 2.00900006e+00 2.00300002e+00
    1.98500001e+00 1.95299995e+00 1.94000006e+00 1.93400002e+00
    1.87300003e+00 1.81299996e+00 1.78499997e+00 1.76499999e+00
    1.75899994e+00 1.75399995e+00 1.74899995e+00 1.74800003e+00 0. 0. 0.
    0. 0. 0. 0. 0. 0. 0. 0. 0. 0. 0. 0. 0. 0. 0. 0. 0. 0. 0. 0. 0.
    2.06699991e+00 2.05699992e+00 2.04099989e+00 2.01399994e+00
    1.99500000e+00 1.98399997e+00 1.96200001e+00 1.93599999e+00
    1.89199996e+00 1.85099995e+00 1.84200001e+00 1.82599998e+00
    1.80100000e+00 1.77699995e+00 1.75300002e+00 1.74800003e+00 0. 0. 0.
    0. 0. 0. 0. 0. 0. 0. 0. 0. 0. 0. 0. 0. 0. 0. 0. 0. 0. 0. 0. 0.
    2.06800008e+00 2.06800008e+00 2.06100011e+00 2.03299999e+00
    2.01399994e+00 2.00300002e+00 1.97399998e+00 1.93700004e+00
    1.90999997e+00 1.88499999e+00 1.86600006e+00 1.84099996e+00
    1.80599999e+00 1.77699995e+00 1.75300002e+00 1.74800003e+00 0. 0. 0.
    0. 0. 0. 0. 0. 0. 0. 0. 0. 0. 0. 0. 0. 0. 0. 0. 0. 0. 0. 0. 0.
    2.06800008e+00 2.06800008e+00 2.06599998e+00 2.05999994e+00
    2.04099989e+00 2.00900006e+00 1.97399998e+00 1.93700004e+00
    1.92900002e+00 1.91499996e+00 1.85599995e+00 1.80599999e+00
    1.77199996e+00 1.75500000e+00 1.74899995e+00 1.74800003e+00 0. 0. 0.
    0. 0. 0. 0. 0. 0. 0. 0. 0. 0. 0. 0. 0. 0. 0. 0. 0. 0. 0. 0. 0.
    2.06800008e+00 2.06800008e+00 2.06800008e+00 2.06800008e+00
    2.04900002e+00 2.01099992e+00 1.97399998e+00 1.93700004e+00
    1.93400002e+00 1.92299998e+00 1.85300004e+00 1.79600000e+00
    1.76199996e+00 1.74800003e+00 1.74800003e+00 1.74800003e+00 0. 0. 0.
    0. 0. 0. 0. 0. 0. 0. 0. 0. 0. 0. 0. 0. 0. 0. 0. 0. 0. 0. 0. 0.
    2.06800008e+00 2.06800008e+00 2.06800008e+00 2.06800008e+00
    2.04900002e+00 2.01099992e+00 1.97399998e+00 1.93700004e+00
    1.93400002e+00 1.92299998e+00 1.85300004e+00 1.79600000e+00
    1.76199996e+00 1.74800003e+00 1.74800003e+00 1.74800003e+00 0. 0. 0.
    0. 0. 0. 0. 0. 0. 0. 0. 0. 0. 0. 0. 0. 0. 0. 0. 0. 0. 0. 0.
    1.45799994e+00 2.06800008e+00 2.06800008e+00 2.06299996e+00
    2.04299998e+00 2.02399993e+00 2.00500011e+00 1.97399998e+00
    1.93700004e+00 1.93400002e+00 1.92299998e+00 1.85300004e+00
    1.80200005e+00 1.78600001e+00 1.76900005e+00 1.75100005e+00
    1.74800003e+00 0. 0. 0. 0. 0. 0. 0. 0. 0. 0. 0. 0. 0. 0. 0. 0. 0. 0.
    0. 0. 0. 0. 1.80400002e+00 2.03200006e+00 2.06800008e+00
    2.06800008e+00 2.05800009e+00 2.01900005e+00 2. 2. 1.97399998e+00
    1.93700004e+00 1.93400002e+00 1.92299998e+00 1.85300004e+00
    1.80799997e+00 1.80799997e+00 1.78999996e+00 1.75899994e+00
    1.75300002e+00 0. 0. 0. 0. 0. 0. 0. 0. 0. 0. 0. 0. 0. 0. 0. 0. 0. 0.
    0. 0. 1.16700006e+00 1.45200002e+00 1.91999996e+00 2.03200006e+00
    2.06800008e+00 2.06800008e+00 2.05800009e+00 2.01900005e+00 2. 2.
    1.97399998e+00 1.93700004e+00 1.93400002e+00 1.92299998e+00
    1.85300004e+00 1.80799997e+00 1.80799997e+00 1.80100000e+00
    1.78900003e+00 1.78699994e+00 0. 0. 0. 0. 0. 0. 0. 0. 0. 0. 0. 0. 0.
    0. 0. 0. 0. 0. 0. 0. 1.93400002e+00 1.95700002e+00 1.99399996e+00
    2.03200006e+00 2.06800008e+00 2.06800008e+00 2.05999994e+00
    2.02999997e+00 2.00999999e+00 2.00200009e+00 1.97899997e+00
    1.95000005e+00 1.94099998e+00 1.92299998e+00 1.85300004e+00
    1.80799997e+00 1.80799997e+00 1.80799997e+00 1.80799997e+00
    1.80799997e+00 0. 0. 0. 0. 0. 0. 0. 0. 0. 0. 0. 0. 0. 0. 0. 0. 0. 0.
    0. 0. 1.93400002e+00 1.95700002e+00 1.99399996e+00 2.03200006e+00
    2.06800008e+00 2.06800008e+00 2.06599998e+00 2.05699992e+00
    2.03800011e+00 2.00900006e+00 1.99399996e+00 1.98500001e+00
    1.95799994e+00 1.92299998e+00 1.85300004e+00 1.80799997e+00
    1.80799997e+00 1.80799997e+00 1.80799997e+00 1.80799997e+00 0. 0. 0.
    0. 0. 0. 0. 0. 0. 0. 0. 0. 0. 0. 0. 0. 0. 0. 0. 0. 1.93400002e+00
    1.95700002e+00 1.99399996e+00 2.03200006e+00 2.06800008e+00
    2.06800008e+00 2.06800008e+00 2.06800008e+00 2.04900002e+00
    2.01099992e+00 2. 2. 1.96599996e+00 1.92499995e+00 1.86600006e+00
    1.82500005e+00 1.81299996e+00 1.80799997e+00 1.80799997e+00
    1.80799997e+00 0. 0. 0. 0. 0. 0. 0. 0. 0. 0. 0. 0. 0. 0. 0. 0. 0. 0.
    0. 0. 1.93400002e+00 1.95700002e+00 1.99399996e+00 2.03200006e+00
    2.06800008e+00 2.06800008e+00 2.06800008e+00 2.06800008e+00
    2.04900002e+00 2.01099992e+00 2. 2. 1.96599996e+00 1.92799997e+00
    1.88900006e+00 1.85300004e+00 1.82099998e+00 1.80799997e+00
    1.80799997e+00 1.80799997e+00 0. 0. 0. 0. 0. 0. 0. 0. 0. 0. 0. 0. 0.
    0. 0. 0. 0. 0. 0. 0. 1.87699997e+00 1.90900004e+00 1.96099997e+00
    2.01600003e+00 2.06800008e+00 2.06800008e+00 2.06800008e+00
    2.06800008e+00 2.04900002e+00 2.01099992e+00 2. 2. 1.98099995e+00
    1.95599997e+00 1.90400004e+00 1.85200000e+00 1.80200005e+00
    1.78100002e+00 1.78100002e+00 1.78100002e+00 0. 0. 0. 0. 0. 0. 0. 0.
    0. 0. 0. 0. 0. 0. 0. 0. 0. 0. 0. 0. 1.80700004e+00 1.85000002e+00
    1.91999996e+00 1.99500000e+00 2.06699991e+00 2.06800008e+00
