<?xml version="1.0"?>
<opencv_storage>
<Depth type_id="opencv-matrix">
  <rows>40</rows>
  <cols>40</cols>
  <dt>f</dt>
  <data>
    0. 0. 0. 0. 0. 0. 0. 0. 0. 0. 0. 0. 0. 0. 0. 0. 0. 0. 0. 0. 0. 0. 0.
    0. 0. 0. 0. 0. 0. 0. 0. 0. 0. 0. 0. 0. 0. 0. 0. 0. 0. 0. 0. 0. 0. 0.
    0. 0. 0. 0. 0. 0. 0. 0. 0. 0. 0. 0. 0. 0. 0. 0. 0. 0. 0. 0. 0. 0. 0.
    0. 0. 0. 0. 0. 0. 0. 0. 0. 0. 0. 0. 0. 0. 0. 0. 0. 0. 0. 0. 0. 0. 0.
    0. 0. 0. 0. 0. 0. 0. 0. 0. 0. 0. 0. 0. 0. 0. 0. 0. 0. 0. 0. 0. 0. 0.
    0. 0. 0. 0. 0. 0. 0. 0. 0. 0. 0. 0. 0. 0. 0. 0. 0. 0. 0. 0. 0. 0. 0.
    0. 0. 0. 0. 0. 0. 0. 0. 0. 0. 0. 0. 0. 0. 0. 0. 0. 0. 0. 0. 0. 0. 0.
    0. 0. 0. 0. 0. 0. 0. 0. 0. 0. 0. 0. 0. 0. 0. 0. 0. 0. 0. 0. 0. 0. 0.
    0. 0. 0. 0. 0. 0. 0. 0. 0. 0. 0. 0. 0. 0. 0. 0. 0. 0. 0. 0. 0. 0. 0.
    0. 0. 0. 0. 0. 0. 0. 0. 0. 0. 0. 0. 0. 0. 0. 0. 0. 0. 0. 0. 0. 0. 0.
    0. 0. 0. 0. 0. 0. 0. 0. 0. 0. 0. 0. 0. 0. 0. 0. 0. 0. 0. 0. 0. 0. 0.
    0. 0. 0. 0. 0. 0. 0. 0. 0. 0. 0. 0. 0. 0. 0. 0. 0. 0. 0. 0. 0. 0. 0.
    0. 0. 0. 0. 0. 0. 0. 0. 0. 0. 0. 0. 0. 0. 0. 0. 0. 0. 0. 0. 0. 0. 0.
    0. 0. 0. 0. 0. 0. 0. 0. 0. 0. 0. 0. 0. 0. 0. 0. 0. 0. 0. 0. 0. 0. 0.
    0. 0. 0. 0. 0. 0. 0. 0. 0. 0. 0. 0. 0. 0. 0. 0. 0. 0. 0. 0. 0. 0. 0.
    0. 0. 0. 0. 0. 0. 0. 0. 0. 0. 0. 0. 0. 0. 0. 0. 0. 0. 0. 0. 0. 0. 0.
    0. 2.46199989e+00 2.45000005e+00 2.38899994e+00 2.32800007e+00
    2.30200005e+00 2.30200005e+00 2.30200005e+00 2.30200005e+00
    2.30200005e+00 2.30200005e+00 2.30200005e+00 2.30200005e+00
    2.34500003e+00 2.40599990e+00 2.46199989e+00 2.46199989e+00
    2.46199989e+00 2.46199989e+00 2.46199989e+00 2.46199989e+00
    2.46199989e+00 0. 0. 0. 0. 0. 0. 0. 0. 0. 0. 0. 0. 0. 0. 0. 0. 0. 0.
    0. 2.45000005e+00 2.44000006e+00 2.38299990e+00 2.32599998e+00
    2.30200005e+00 2.30200005e+00 2.30200005e+00 2.30200005e+00
    2.30200005e+00 2.30200005e+00 2.30200005e+00 2.30200005e+00
    2.34500003e+00 2.40599990e+00 2.46199989e+00 2.45700002e+00
    2.45300007e+00 2.44799995e+00 2.44400001e+00 2.44000006e+00
    2.43899989e+00 0. 0. 0. 0. 0. 0. 0. 0. 0. 0. 0. 0. 0. 0. 0. 0. 0. 0.
    0. 2.38899994e+00 2.38299990e+00 2.34999990e+00 2.31599998e+00
    2.30200005e+00 2.30200005e+00 2.30200005e+00 2.30200005e+00
    2.30200005e+00 2.30200005e+00 2.30200005e+00 2.30200005e+00
    2.34500003e+00 2.40599990e+00 2.46000004e+00 2.43199992e+00
    2.40400004e+00 2.37700009e+00 2.34999990e+00 2.32399988e+00
    2.31999993e+00 0. 0. 0. 0. 0. 0. 0. 0. 0. 0. 0. 0. 0. 0. 0. 0. 0. 0.
    0. 2.32800007e+00 2.32599998e+00 2.31599998e+00 2.30599999e+00
    2.30200005e+00 2.30200005e+00 2.30200005e+00 2.30200005e+00
    2.30200005e+00 2.30200005e+00 2.30200005e+00 2.30200005e+00
    2.34500003e+00 2.40599990e+00 2.45799994e+00 2.40700006e+00
    2.35599995e+00 2.30599999e+00 2.25699997e+00 2.20799994e+00
    2.20000005e+00 0. 0. 0. 0. 0. 0. 0. 0. 0. 0. 0. 0. 0. 0. 0. 0. 0. 0.
    0. 2.30200005e+00 2.30200005e+00 2.30200005e+00 2.30200005e+00
    2.30200005e+00 2.30200005e+00 2.30200005e+00 2.30200005e+00
    2.30200005e+00 2.30200005e+00 2.30200005e+00 2.30200005e+00
    2.34500003e+00 2.40599990e+00 2.45700002e+00 2.39599991e+00
    2.33500004e+00 2.27500010e+00 2.21600008e+00 2.15700006e+00
    2.14800000e+00 0. 0. 0. 0. 0. 0. 0. 0. 0. 0. 0. 0. 0. 0. 0. 0. 0. 0.
    0. 2.30200005e+00 2.30200005e+00 2.30200005e+00 2.30200005e+00
    2.30200005e+00 2.30200005e+00 2.30200005e+00 2.30200005e+00
    2.30200005e+00 2.30200005e+00 2.30200005e+00 2.30200005e+00
    2.34500003e+00 2.40599990e+00 2.45700002e+00 2.39599991e+00
    2.33500004e+00 2.27500010e+00 2.21600008e+00 2.15700006e+00
    2.14800000e+00 0. 0. 0. 0. 0. 0. 0. 0. 0. 0. 0. 0. 0. 0. 0. 0. 0. 0.
    0. 2.30200005e+00 2.30200005e+00 2.30200005e+00 2.30200005e+00
    2.30200005e+00 2.30200005e+00 2.30200005e+00 2.30200005e+00
    2.30200005e+00 2.30200005e+00 2.30200005e+00 2.30200005e+00
    2.34500003e+00 2.40599990e+00 2.45700002e+00 2.39599991e+00
    2.33500004e+00 2.27500010e+00 2.21600008e+00 2.15700006e+00
    2.14800000e+00 0. 0. 0. 0. 0. 0. 0. 0. 0. 0. 0. 0. 0. 0. 0. 0. 0. 0.
    0. 0. 0. 0. 1.81900001e+00 2.24600005e+00 2.24600005e+00
    2.24600005e+00 2.26600003e+00 2.28800011e+00 2.29500008e+00
    2.27399993e+00 2.25300002e+00 2.25900006e+00 2.27800012e+00
    2.29200006e+00 2.25300002e+00 2.21399999e+00 2.18499994e+00
    2.16799998e+00 2.15100002e+00 2.14800000e+00 0. 0. 0. 0. 0. 0. 0. 0.
    0. 0. 0. 0. 0. 0. 0. 0. 0. 0. 0. 0. 0. 0. 1.30900002e+00
    2.18799996e+00 2.18799996e+00 2.18799996e+00 2.22900009e+00
    2.27300000e+00 2.28800011e+00 2.24399996e+00 2.20000005e+00
    2.16899991e+00 2.14299989e+00 2.11800003e+00 2.10200000e+00
    2.08599997e+00 2.08999991e+00 2.11700010e+00 2.14400005e+00
    2.14800000e+00 0. 0. 0. 0. 0. 0. 0. 0. 0. 0. 0. 0. 0. 0. 0. 0. 0. 0.
    0. 0. 0. 0. 0. 2.14800000e+00 2.14800000e+00 2.14800000e+00
    2.19700003e+00 2.24799991e+00 2.26399994e+00 2.20499992e+00
    2.14700007e+00 2.09500003e+00 2.04500008e+00 2. 2. 2. 2.02300000e+00
    2.07200003e+00 2.12199998e+00 2.13000011e+00 0. 0. 0. 0. 0. 0. 0. 0.
    0. 0. 0. 0. 0. 0. 0. 0. 0. 0. 0. 0. 0. 0. 0. 2.14800000e+00
    2.14800000e+00 2.14800000e+00 2.17499995e+00 2.20499992e+00
    2.20499992e+00 2.14800000e+00 2.08999991e+00 2.05299997e+00
    2.02600002e+00 2. 2. 2. 2.01300001e+00 2.04099989e+00 2.06900001e+00
    2.07299995e+00 0. 0. 0. 0. 0. 0. 0. 0. 0. 0. 0. 0. 0. 0. 0. 0. 0. 0.
    0. 0. 0. 0. 0. 2.14800000e+00 2.14800000e+00 2.14800000e+00
    2.15400004e+00 2.16100001e+00 2.14700007e+00 2.08999991e+00
    2.03299999e+00 2.01200008e+00 2.00600004e+00 2. 2. 2. 2.00300002e+00
    2.00900006e+00 2.01600003e+00 2.01699996e+00 0. 0. 0. 0. 0. 0. 0. 0.
    0. 0. 0. 0. 0. 0. 0. 0. 0. 0. 0. 0. 0. 0. 0. 2.14800000e+00
    2.14800000e+00 2.14800000e+00 2.13400006e+00 2.11800003e+00
    2.09500003e+00 2.05299997e+00 2.01200008e+00 1.99000001e+00
    1.97500002e+00 1.96200001e+00 1.96200001e+00 1.96200001e+00
    1.96899998e+00 1.98300004e+00 1.99800003e+00 2. 0. 0. 0. 0. 0. 0. 0.
    0. 0. 0. 0. 0. 0. 0. 0. 0. 0. 0. 0. 0. 0. 0. 0. 2.14800000e+00
    2.14800000e+00 2.14800000e+00 2.11299992e+00 2.07699990e+00
    2.04500008e+00 2.02600002e+00 2.00600004e+00 1.97500002e+00
    1.94000006e+00 1.90799999e+00 1.90799999e+00 1.90799999e+00
    1.92400002e+00 1.95899999e+00 1.99399996e+00 2. 0. 0. 0. 0. 0. 0. 0.
    0. 0. 0. 0. 0. 0. 0. 0. 0. 0. 0. 0. 0. 0. 0. 0. 2.14700007e+00
    2.14499998e+00 2.14299989e+00 2.09200001e+00 2.03699994e+00
    1.99899995e+00 1.99800003e+00 1.99600005e+00 1.95899999e+00
    1.90699995e+00 1.85899997e+00 1.85899997e+00 1.85899997e+00
    1.88399994e+00 1.93799996e+00 1.99100006e+00 2. 0. 0. 0. 0. 0. 0. 0.
    0. 0. 0. 0. 0. 0. 0. 0. 0. 0. 0. 0. 0. 0. 0. 0. 2.13499999e+00
    2.11100006e+00 2.08800006e+00 2.05500007e+00 2.02200007e+00
    1.99300003e+00 1.97099996e+00 1.94799995e+00 1.91900003e+00
    1.88800001e+00 1.85899997e+00 1.85899997e+00 1.85899997e+00
    1.88399994e+00 1.93799996e+00 1.99100006e+00 2. 0. 0. 0. 0. 0. 0. 0.
    0. 0. 0. 0. 0. 0. 0. 0. 0. 0. 0. 0. 0. 0. 0. 0. 2.12199998e+00
    2.07800007e+00 2.03299999e+00 2.01900005e+00 2.00799990e+00
    1.98599994e+00 1.94299996e+00 1.90100002e+00 1.88000000e+00
    1.86899996e+00 1.85899997e+00 1.85899997e+00 1.85899997e+00
    1.88399994e+00 1.93799996e+00 1.99100006e+00 2. 0. 0. 0. 0. 0. 0. 0.
    0. 0. 0. 0. 0. 0. 0. 0. 0. 0. 0. 0. 0. 0. 0. 0. 2.09500003e+00
    2.04900002e+00 2.00200009e+00 2. 2. 1.98199999e+00 1.92900002e+00
    1.87500000e+00 1.85899997e+00 1.85899997e+00 1.85899997e+00
    1.85899997e+00 1.85899997e+00 1.88399994e+00 1.93799996e+00
    1.99100006e+00 2. 0. 0. 0. 0. 0. 0. 0. 0. 0. 0. 0. 0. 0. 0. 0. 0. 0.
    0. 0. 0. 0. 0. 0. 2.05100012e+00 2.02600002e+00 2.00099993e+00 2. 2.
    1.98199999e+00 1.92900002e+00 1.87500000e+00 1.85899997e+00
    1.85899997e+00 1.85899997e+00 1.85899997e+00 1.85899997e+00
    1.88399994e+00 1.93799996e+00 1.99100006e+00 2. 0. 0. 0. 0. 0. 0. 0.
