<?xml version="1.0"?>
<opencv_storage>
<Depth type_id="opencv-matrix">
  <rows>40</rows>
  <cols>40</cols>
  <dt>f</dt>
  <data>
    0. 0. 0. 0. 0. 0. 0. 0. 0. 0. 0. 0. 0. 0. 0. 0. 0. 0. 0. 0. 0. 0. 0.
    0. 0. 0. 0. 0. 0. 0. 0. 0. 0. 0. 0. 0. 0. 0. 0. 0. 0. 0. 0. 0. 0. 0.
    0. 0. 0. 0. 0. 0. 0. 0. 0. 0. 0. 0. 0. 0. 0. 0. 0. 0. 0. 0. 0. 0. 0.
    0. 0. 0. 0. 0. 0. 0. 0. 0. 0. 0. 0. 0. 0. 0. 0. 0. 0. 0. 0. 0. 0. 0.
    0. 0. 0. 0. 0. 0. 0. 0. 0. 0. 0. 0. 0. 0. 0. 0. 0. 0. 0. 0. 0. 0. 0.
    0. 0. 0. 0. 0. 0. 0. 0. 0. 0. 0. 0. 0. 0. 0. 0. 0. 0. 0. 0. 0. 0. 0.
    0. 0. 0. 0. 0. 0. 0. 0. 0. 0. 0. 0. 0. 0. 0. 0. 0. 0. 0. 0. 0. 0. 0.
    0. 0. 0. 0. 0. 0. 0. 0. 0. 0. 0. 0. 0. 0. 0. 0. 0. 0. 0. 0. 0. 0. 0.
    0. 0. 0. 0. 0. 0. 0. 0. 0. 0. 0. 0. 0. 0. 0. 0. 0. 0. 0. 0. 0. 0. 0.
    0. 0. 0. 0. 0. 0. 0. 0. 0. 0. 0. 0. 0. 0. 0. 0. 0. 0. 0. 0. 0. 0. 0.
    0. 0. 0. 0. 0. 0. 0. 0. 0. 0. 0. 0. 0. 0. 0. 0. 0. 0. 0. 0. 0. 0. 0.
    0. 0. 0. 0. 0. 0. 0. 0. 0. 0. 0. 0. 0. 0. 0. 0. 0. 0. 0. 0. 0. 0. 0.
    0. 0. 0. 0. 0. 0. 0. 0. 0. 0. 0. 0. 0. 0. 0. 0. 0. 0. 0. 0. 0. 0. 0.
    0. 0. 0. 0. 0. 0. 0. 0. 0. 0. 0. 0. 0. 0. 0. 0. 0. 0. 0. 0. 0. 0. 0.
    0. 0. 0. 0. 0. 0. 0. 0. 0. 0. 0. 0. 0. 0. 0. 0. 0. 0. 0. 0. 0. 0. 0.
    0. 0. 0. 0. 0. 0. 0. 0. 0. 0. 0. 0. 0. 0. 0. 0. 0. 0. 0. 0. 0. 0. 0.
    0. 0. 0. 0. 0. 0. 0. 0. 0. 0. 0. 0. 0. 0. 0. 0. 0. 0. 0. 0. 0. 0. 0.
    0. 0. 0. 0. 0. 0. 0. 0. 0. 0. 0. 0. 0. 0. 0. 0. 0. 0. 0. 0. 0. 0. 0.
    0. 0. 0. 0. 0. 0. 0. 0. 0. 1.86300004e+00 2. 2. 2. 2. 2. 2. 2. 2. 2.
    2. 2. 1.96399999e+00 1.93099999e+00 1.93099999e+00 1.13699996e+00 0.
    0. 0. 0. 0. 0. 0. 0. 0. 0. 0. 0. 0. 0. 0. 0. 0. 0. 0. 0. 0. 0. 0. 0.
    1.88499999e+00 1.97800004e+00 1.97899997e+00 1.99100006e+00 2. 2. 2.
    2. 2. 2. 2. 2. 1.96399999e+00 1.93099999e+00 1.93099999e+00
    1.38999999e+00 0. 0. 0. 0. 0. 0. 0. 0. 0. 0. 0. 0. 0. 0. 0. 0. 0.
    1.33899999e+00 1.33899999e+00 1.33899999e+00 1.33899999e+00
    1.31900001e+00 1.28600001e+00 1.56099999e+00 1.92200005e+00
    1.94000006e+00 1.94400001e+00 1.97700000e+00 2. 2. 2. 2. 2. 2. 2. 2.
    1.96399999e+00 1.93099999e+00 1.93099999e+00 1.82400000e+00
    1.46800005e+00 0. 0. 0. 0. 0. 0. 0. 0. 0. 0. 0. 0. 0. 0. 0. 0. 2. 2.
    2. 2. 1.97700000e+00 1.93900001e+00 1.93099999e+00 1.93099999e+00
    1.93099999e+00 1.93499994e+00 1.97300005e+00 2. 2. 2. 2. 2. 2.
    1.98800004e+00 1.97200000e+00 1.95000005e+00 1.92700005e+00
    1.89699996e+00 1.87600005e+00 1.87600005e+00 0. 0. 0. 0. 0. 0. 0. 0.
    0. 0. 0. 0. 0. 0. 1.80299997e+00 1.91700006e+00 2. 2. 2. 2.
    1.97700000e+00 1.93900001e+00 1.93099999e+00 1.93099999e+00
    1.93099999e+00 1.93499994e+00 1.97300005e+00 2. 2. 2. 2. 2. 2.
    1.97099996e+00 1.93499994e+00 1.93200004e+00 1.92200005e+00
    1.85200000e+00 1.80299997e+00 1.80299997e+00 0. 0. 0. 0. 0. 0. 0. 0.
    0. 0. 0. 0. 0. 0. 2. 2. 2. 2. 2. 2. 1.97700000e+00 1.93900001e+00
    1.93099999e+00 1.93099999e+00 1.94900000e+00 1.96800005e+00
    1.98699999e+00 2. 2. 2. 2. 2. 2. 1.97000003e+00 1.93200004e+00
    1.93099999e+00 1.92100000e+00 1.84800005e+00 1.79700005e+00
    1.79700005e+00 0. 0. 0. 0. 0. 0. 0. 2.07200003e+00 2.07200003e+00
    2.07200003e+00 2.07200003e+00 2.07200003e+00 2.07200003e+00
    2.03500009e+00 2. 2. 2. 2. 2. 2. 1.97800004e+00 1.94200003e+00
    1.93400002e+00 1.93400002e+00 1.96800005e+00 2. 2. 2. 2. 2. 2. 2. 2.
    1.97200000e+00 1.93599999e+00 1.93400002e+00 1.92600000e+00
    1.85800004e+00 1.81200004e+00 1.81599998e+00 0. 0. 0. 0. 0. 0. 0.
    2.07200003e+00 2.07200003e+00 2.07200003e+00 2.07200003e+00
    2.07200003e+00 2.07200003e+00 2.03500009e+00 2. 2. 2. 2. 2. 2.
    1.99100006e+00 1.97500002e+00 1.97200000e+00 1.97200000e+00
    1.98699999e+00 2. 2. 2. 2. 2. 2. 2. 2. 1.98800004e+00 1.97300005e+00
    1.97200000e+00 1.97099996e+00 1.96500003e+00 1.97500002e+00
    2.02399993e+00 2.12400007e+00 2.12400007e+00 0. 0. 0. 0. 0.
    2.07200003e+00 2.07200003e+00 2.07200003e+00 2.07200003e+00
    2.07200003e+00 2.07200003e+00 2.03500009e+00 2. 2. 2. 2. 2. 2. 2. 2.
    2. 2. 2. 2. 2. 2. 2. 2. 2. 2. 2. 2. 2. 1.63300002e+00 1.30700004e+00
    1.34099996e+00 1.38499999e+00 1.45500004e+00 2.04500008e+00
    2.04500008e+00 1.25100005e+00 0. 0. 0. 1.57200003e+00 2.07200003e+00
    2.07200003e+00 2.07200003e+00 2.07200003e+00 2.07200003e+00
    2.07200003e+00 2.03500009e+00 2. 2. 2. 2. 2. 2. 2. 2. 2. 2. 2. 2. 2.
    2. 2. 2. 2. 2. 2. 2. 2. 0. 0. 0. 0. 0. 2. 2. 2. 2. 2. 2.00999999e+00
    2.04999995e+00 2.07200003e+00 2.07200003e+00 2.07200003e+00
    2.07200003e+00 2.06500006e+00 2.05599999e+00 2.02699995e+00 2. 2. 2.
    2. 2. 2. 2. 2. 2. 2. 2. 2. 2. 2. 2. 2. 2. 2.00600004e+00
    2.01500010e+00 2.01699996e+00 2.01699996e+00 0. 0. 0. 0. 0. 2. 2. 2.
    2. 2. 2.00999999e+00 2.04999995e+00 2.07200003e+00 2.07200003e+00
    2.07200003e+00 2.07200003e+00 2.04800010e+00 2.01799989e+00
    2.00799990e+00 2. 2. 2. 2. 2. 2. 2. 2. 2. 2. 2. 2. 2. 2. 2. 2. 2.
    2.01900005e+00 2.04999995e+00 2.05599999e+00 2.05599999e+00 0. 0. 0.
    0. 0. 2.02399993e+00 2.02399993e+00 2.02399993e+00 2.02399993e+00
    2.02399993e+00 2.02999997e+00 2.05699992e+00 2.07200003e+00
    2.07200003e+00 2.07200003e+00 2.07200003e+00 2.04200006e+00
    2.00300002e+00 2. 2. 2. 2. 2. 2. 2. 2. 2. 2. 2. 2. 2. 2.
    1.74899995e+00 0. 0. 0. 0. 0. 0. 0. 0. 0. 0. 0. 0. 2.06299996e+00
    2.06299996e+00 2.06299996e+00 2.06299996e+00 2.06299996e+00
    2.06399989e+00 2.06900001e+00 2.07200003e+00 2.07200003e+00
    2.07200003e+00 2.07200003e+00 2.04200006e+00 2.00300002e+00 2. 2. 2.
    2. 2. 2. 2. 2. 2. 2. 2. 2. 2. 2. 1.32900000e+00 0. 0. 0. 0. 0. 0. 0.
    0. 0. 0. 0. 0. 2.05999994e+00 2.04299998e+00 2.04200006e+00
    2.04200006e+00 2.04200006e+00 2.04600000e+00 2.06299996e+00
    2.07200003e+00 2.07200003e+00 2.07200003e+00 2.07200003e+00
    2.04200006e+00 2.00300002e+00 2. 2. 2. 2. 2. 2. 2. 2. 2. 2. 2. 0. 0.
    0. 0. 0. 0. 0. 0. 0. 0. 0. 0. 0. 0. 0. 0. 2.04299998e+00
    2.00500011e+00 2.00300002e+00 2.00300002e+00 2.00300002e+00
    2.01200008e+00 2.04999995e+00 2.07200003e+00 2.07200003e+00
    2.07200003e+00 2.07200003e+00 2.04200006e+00 2.00300002e+00 2. 2. 2.
    2. 2. 2. 2. 2. 2. 2. 2. 0. 0. 0. 0. 0. 0. 0. 0. 0. 0. 0. 0. 0. 0. 0.
    0. 2.04200006e+00 2.00300002e+00 2. 2. 2. 2.00999999e+00
    2.04999995e+00 2.07200003e+00 2.07200003e+00 2.07200003e+00
    2.07200003e+00 2.04200006e+00 2.00300002e+00 2. 1.85699999e+00 0. 0.
    0. 0. 0. 0. 0. 0. 0. 0. 0. 0. 0. 0. 0. 0. 0. 0. 0. 0. 0. 0. 0. 0. 0.
    2.03999996e+00 2.00300002e+00 2. 2. 2. 2.00999999e+00 2.04999995e+00
    2.07200003e+00 2.07200003e+00 2.07200003e+00 2.07200003e+00
    2.04399991e+00 2.00600004e+00 1.85899997e+00 1.45500004e+00 0. 0. 0.
    0. 0. 0. 0. 0. 0. 0. 0. 0. 0. 0. 0. 0. 0. 0. 0. 0. 0. 0. 0. 0. 0.
    2.01699996e+00 2.00099993e+00 2. 2. 2. 2.00999999e+00 2.04999995e+00
    2.07200003e+00 2.07200003e+00 2.07200003e+00 2.07200003e+00
    2.05999994e+00 2.04399991e+00 0. 0. 0. 0. 0. 0. 0. 0. 0. 0. 0. 0. 0.
    0. 0. 0. 0. 0. 0. 0. 0. 0. 0. 0. 0. 0. 0. 2. 2. 2. 2. 2.
    2.00999999e+00 2.04999995e+00 2.07200003e+00 2.07200003e+00
    2.07200003e+00 2.07200003e+00 2.07200003e+00 2.07200003e+00 0. 0. 0.
    0. 0. 0. 0. 0. 0. 0. 0. 0. 0. 0. 0. 0. 0. 0. 0. 0. 0. 0. 0. 0. 0. 0.
    0. 0. 0. 0. 0. 0. 0. 0. 0. 0. 0. 0. 0. 0. 0. 0. 0. 0. 0. 0. 0. 0. 0.
    0. 0. 0. 0. 0. 0. 0. 0. 0. 0. 0. 0. 0. 0. 0. 0. 0. 0. 0. 0. 0. 0. 0.
    0. 0. 0. 0. 0. 0. 0. 0. 0. 0. 0. 0. 0. 0. 0. 0. 0. 0. 0. 0. 0. 0. 0.
    0. 0. 0. 0. 0. 0. 0. 0. 0. 0. 0. 0. 0. 0. 0. 0. 0. 0. 0. 0. 0. 0. 0.
    0. 0. 0. 0. 0. 0. 0. 0. 0. 0. 0. 0. 0. 0. 0. 0. 0. 0. 0. 0. 0. 0. 0.
    0. 0. 0. 0. 0. 0. 0. 0. 0. 0. 0. 0. 0. 0. 0. 0. 0. 0. 0. 0. 0. 0. 0.
    0. 0. 0. 0. 0. 0. 0. 0. 0. 0. 0. 0. 0. 0. 0. 0. 0. 0. 0. 0. 0. 0. 0.
    0. 0. 0. 0. 0. 0. 0. 0. 0. 0. 0. 0. 0. 0. 0. 0. 0. 0. 0. 0. 0. 0. 0.
    0. 0. 0. 0. 0. 0. 0. 0. 0. 0. 0. 0. 0. 0. 0. 0. 0. 0. 0. 0. 0. 0. 0.
    0. 0. 0. 0. 0. 0. 0. 0. 0. 0. 0. 0. 0. 0. 0. 0. 0. 0. 0. 0. 0. 0. 0.
