<?xml version="1.0"?>
<opencv_storage>
<Depth type_id="opencv-matrix">
  <rows>40</rows>
  <cols>40</cols>
  <dt>f</dt>
  <data>
    0. 0. 0. 0. 0. 0. 0. 0. 0. 0. 0. 0. 2.07599998e+00 2.06500006e+00
    2.05500007e+00 2.04800010e+00 2.04800010e+00 2.05399990e+00
    2.06399989e+00 0. 0. 0. 0. 0. 0. 0. 0. 0. 0. 0. 0. 0. 0. 0. 0. 0. 0.
    0. 0. 0. 0. 0. 0. 0. 0. 0. 0. 0. 0. 2.79600000e+00 2.10400009e+00
    2.09200001e+00 2.07599998e+00 2.06399989e+00 2.05399990e+00
    2.04399991e+00 2.04299998e+00 2.04800010e+00 2.05900002e+00
    2.06900001e+00 2.07599998e+00 2.46799994e+00 2.70199990e+00
    2.71799994e+00 0. 0. 0. 0. 0. 0. 0. 0. 0. 0. 0. 0. 0. 0. 0. 0. 0. 0.
    0. 0. 0. 0. 0. 0. 1.64199996e+00 2.11500001e+00 2.09899998e+00
    2.08699989e+00 2.07399988e+00 2.05900002e+00 2.04900002e+00
    2.03699994e+00 2.04200006e+00 2.04699993e+00 2.05299997e+00
    2.06399989e+00 2.06999993e+00 2.08299994e+00 2.09299994e+00
    2.09800005e+00 2.10999990e+00 2.13400006e+00 0. 0. 0. 0. 0. 0. 0. 0.
    0. 0. 0. 0. 0. 0. 0. 0. 0. 0. 0. 0. 0. 0. 1.76900005e+00
    2.11500001e+00 2.09299994e+00 2.07999992e+00 2.06500006e+00
    2.05599999e+00 2.03399992e+00 2.03200006e+00 2.03699994e+00
    2.04600000e+00 2.05200005e+00 2.05800009e+00 2.06699991e+00
    2.07800007e+00 2.09200001e+00 2.09800005e+00 2.10899997e+00
    2.11599994e+00 2.12299991e+00 2.13700008e+00 2.14299989e+00 0. 0. 0.
    0. 0. 0. 0. 0. 0. 0. 0. 0. 0. 0. 0. 0. 0. 0. 2.25600004e+00 0.
    2.10299993e+00 2.09200001e+00 2.07999992e+00 2.06500006e+00
    2.04900002e+00 2.03200006e+00 2.02800012e+00 2.03299999e+00
    2.04200006e+00 2.04800010e+00 2.05500007e+00 2.06100011e+00
    2.07599998e+00 2.08599997e+00 2.09699988e+00 2.09899998e+00
    2.10899997e+00 2.11800003e+00 2.13100004e+00 2.14100003e+00
    2.14700007e+00 2.15899992e+00 2.16599989e+00 0. 0. 0. 0. 0. 0. 0. 0.
    0. 0. 0. 0. 0. 0. 0. 2.25600004e+00 0. 2.09699988e+00 2.08699989e+00
    2.07500005e+00 2.05699992e+00 2.04200006e+00 2.02900004e+00
    2.02800012e+00 2.03099990e+00 2.03600001e+00 2.04500008e+00
    2.05100012e+00 2.05599999e+00 2.07100010e+00 2.07999992e+00
    2.09100008e+00 2.09899998e+00 2.10500002e+00 2.11700010e+00
    2.12100005e+00 2.13700008e+00 2.14700007e+00 2.15300012e+00
    2.15799999e+00 2.15799999e+00 0. 0. 0. 0. 0. 0. 0. 0. 0. 0. 0. 0. 0.
    0. 0. 1.88399994e+00 2.09100008e+00 2.08200002e+00 2.06999993e+00
    2.05500007e+00 2.03600001e+00 2.02500010e+00 2.02500010e+00
    2.02800012e+00 2.03299999e+00 2.03900003e+00 2.04900002e+00
    2.05299997e+00 2.07100010e+00 2.07699990e+00 2.08699989e+00
    2.09400010e+00 2.10200000e+00 2.11599994e+00 2.12100005e+00
    2.13000011e+00 2.13899994e+00 2.14299989e+00 2.14299989e+00
    2.14299989e+00 0. 0. 0. 0. 0. 0. 0. 0. 0. 0. 0. 0. 0. 0.
    2.88899994e+00 2.02300000e+00 2.09200001e+00 2.07699990e+00
    2.06399989e+00 2.04699993e+00 2.02800012e+00 2.01900005e+00
    2.01799989e+00 2.02500010e+00 2.02999997e+00 2.03399992e+00
    2.04399991e+00 2.05200005e+00 2.06500006e+00 2.07399988e+00
    2.07999992e+00 2.09400010e+00 2.09999990e+00 2.11299992e+00
    2.11800003e+00 2.12400007e+00 2.13599992e+00 2.14199996e+00
    2.14899993e+00 2.14899993e+00 0. 0. 0. 0. 0. 0. 0. 0. 0. 0. 0. 0. 0.
    0. 0. 2.09299994e+00 2.08899999e+00 2.07200003e+00 2.05699992e+00
    2.04200006e+00 2.02600002e+00 2.01300001e+00 2.01300001e+00
    2.01900005e+00 2.02800012e+00 2.03299999e+00 2.04200006e+00
    2.04699993e+00 2.05800009e+00 2.07100010e+00 2.07800007e+00
    2.08899999e+00 2.09599996e+00 2.10700011e+00 2.11500001e+00
    2.12100005e+00 2.13000011e+00 2.13700008e+00 2.14299989e+00
    2.14899993e+00 0. 0. 0. 0. 0. 0. 0. 0. 0. 0. 0. 0. 0. 0. 0.
    2.09500003e+00 2.08299994e+00 2.06599998e+00 2.05100012e+00
    2.03699994e+00 2.02099991e+00 2.01300001e+00 2.01300001e+00
    2.01799989e+00 2.02300000e+00 2.02900004e+00 2.03699994e+00
    2.04500008e+00 2.05500007e+00 2.06100011e+00 2.07699990e+00
    2.08299994e+00 2.09400010e+00 2.10100007e+00 2.11199999e+00
    2.11899996e+00 2.13000011e+00 2.13599992e+00 2.13700008e+00
    2.14400005e+00 0. 0. 0. 0. 0. 0. 0. 0. 0. 0. 0. 0. 0. 0. 0.
    2.08500004e+00 2.07299995e+00 2.05599999e+00 2.04500008e+00
    2.02600002e+00 2.01300001e+00 2.00399995e+00 2.00799990e+00
    2.01300001e+00 2.01799989e+00 2.02399993e+00 2.03299999e+00
    2.03900003e+00 2.05500007e+00 2.06100011e+00 2.07699990e+00
    2.08299994e+00 2.08899999e+00 2.09999990e+00 2.10999990e+00
    2.11800003e+00 2.12400007e+00 2.12599993e+00 2.13700008e+00
    2.13700008e+00 0. 0. 0. 0. 0. 0. 0. 0. 0. 0. 0. 0. 0. 0. 0.
    2.07999992e+00 2.06699991e+00 2.05100012e+00 2.04099989e+00
    2.01900005e+00 2.00600004e+00 2.00399995e+00 2.00799990e+00
    2.01200008e+00 2.01699996e+00 2.02399993e+00 2.02900004e+00
    2.03900003e+00 2.05200005e+00 2.06100011e+00 2.07200003e+00
    2.07800007e+00 2.08899999e+00 2.09599996e+00 2.10100007e+00
    2.10899997e+00 2.11899996e+00 2.12100005e+00 2.13100004e+00
    2.13700008e+00 0. 0. 0. 0. 0. 0. 0. 0. 0. 0. 0. 0. 0. 0.
    2.21199989e+00 2.07100010e+00 2.06200004e+00 2.04600000e+00
    2.03399992e+00 2.01799989e+00 2.00500011e+00 2. 2.00399995e+00
    2.00699997e+00 2.00999999e+00 2.01900005e+00 2.02699995e+00
    2.03299999e+00 2.04399991e+00 2.05399990e+00 2.06599998e+00
    2.07599998e+00 2.08699989e+00 2.09500003e+00 2.09800005e+00
    2.10200000e+00 2.11400008e+00 2.12100005e+00 2.12599993e+00
    2.13499999e+00 0. 0. 0. 0. 0. 0. 0. 0. 0. 0. 0. 0. 0. 0.
    2.44300008e+00 2.06500006e+00 2.05200005e+00 2.04399991e+00
    2.02999997e+00 2.01300001e+00 1.99800003e+00 1.99500000e+00 2.
    2.00200009e+00 2.00900006e+00 2.01600003e+00 2.02399993e+00
    2.02800012e+00 2.04200006e+00 2.05100012e+00 2.06100011e+00
    2.06699991e+00 2.07599998e+00 2.08699989e+00 2.09500003e+00
    2.09999990e+00 2.11400008e+00 2.11999989e+00 2.12599993e+00
    2.12599993e+00 0. 0. 0. 0. 0. 0. 0. 0. 0. 0. 0. 0. 0. 0.
    1.68200004e+00 2.06599998e+00 2.05200005e+00 2.04099989e+00
    2.02699995e+00 2.00699997e+00 1.99399996e+00 1.99199998e+00
    1.99399996e+00 2. 2.00399995e+00 2.01300001e+00 2.01999998e+00
    2.02800012e+00 2.03699994e+00 2.04699993e+00 2.05699992e+00
    2.06399989e+00 2.07399988e+00 2.07999992e+00 2.09200001e+00
    2.09699988e+00 2.10700011e+00 2.11500001e+00 2.12599993e+00
    2.12599993e+00 0. 0. 0. 0. 0. 0. 0. 0. 0. 0. 0. 0. 0. 0.
    1.68200004e+00 2.06399989e+00 2.05200005e+00 2.03699994e+00
    2.01300001e+00 1.99899995e+00 1.99100006e+00 1.98699999e+00
    1.99000001e+00 1.99500000e+00 2.00099993e+00 2.00900006e+00
    2.01500010e+00 2.02800012e+00 2.03500009e+00 2.04600000e+00
    2.05599999e+00 2.05800009e+00 2.07399988e+00 2.07999992e+00
    2.09100008e+00 2.09400010e+00 2.09999990e+00 2.10999990e+00
    2.12100005e+00 2.12599993e+00 0. 0. 0. 0. 0. 0. 0. 0. 0. 0. 0. 0. 0.
    0. 2.06200004e+00 2.05299997e+00 2.04299998e+00 2.02800012e+00
    2.00799990e+00 1.99399996e+00 1.98599994e+00 1.98099995e+00
    1.98899996e+00 1.99000001e+00 2. 2.00500011e+00 2.00999999e+00
    2.02500010e+00 2.03500009e+00 2.04600000e+00 2.05200005e+00
    2.05699992e+00 2.06800008e+00 2.07500005e+00 2.08299994e+00
    2.09200001e+00 2.09800005e+00 2.10400009e+00 2.11500001e+00
    2.12199998e+00 0. 0. 0. 0. 0. 0. 0. 0. 0. 0. 0. 0. 0. 0.
    2.05699992e+00 2.04800010e+00 2.03299999e+00 2.02200007e+00
    2.00699997e+00 1.99300003e+00 1.98300004e+00 1.98099995e+00
    1.98500001e+00 1.99000001e+00 1.99500000e+00 2.00099993e+00
    2.00999999e+00 2.02300000e+00 2.03500009e+00 2.04200006e+00
    2.05100012e+00 2.05699992e+00 2.06299996e+00 2.07399988e+00
    2.07800007e+00 2.08599997e+00 2.09699988e+00 2.10800004e+00
    2.11500001e+00 2.12100005e+00 0. 0. 0. 0. 0. 0. 0. 0. 0. 0. 0. 0. 0.
    2.83400011e+00 2.04099989e+00 2.04099989e+00 2.02800012e+00
    2.01600003e+00 1.99899995e+00 1.98800004e+00 1.97800004e+00
    1.97599995e+00 1.98099995e+00 1.98599994e+00 1.99000001e+00
    1.99600005e+00 2.00600004e+00 2.01500010e+00 2.02900004e+00
