<?xml version="1.0"?>
<opencv_storage>
<Depth type_id="opencv-matrix">
  <rows>40</rows>
  <cols>40</cols>
  <dt>f</dt>
  <data>
    0. 0. 0. 0. 0. 0. 0. 0. 0. 0. 0. 0. 0. 0. 0. 0. 0. 0. 0. 0. 0. 0. 0.
    0. 0. 0. 0. 0. 0. 0. 0. 0. 0. 0. 0. 0. 0. 0. 0. 0. 0. 0. 0. 0. 0. 0.
    0. 0. 0. 0. 0. 0. 0. 0. 0. 0. 0. 0. 0. 0. 0. 0. 0. 0. 0. 0. 0. 0. 0.
    0. 0. 0. 0. 0. 0. 0. 0. 0. 0. 0. 0. 0. 0. 0. 0. 0. 0. 0. 0. 0. 0. 0.
    0. 0. 0. 0. 0. 0. 0. 0. 0. 0. 0. 0. 0. 0. 0. 0. 0. 0. 0. 0. 0. 0. 0.
    0. 0. 0. 0. 0. 0. 0. 0. 0. 0. 0. 0. 0. 0. 0. 0. 0. 0. 0. 0. 0. 0. 0.
    0. 0. 0. 0. 0. 0. 0. 0. 0. 0. 0. 0. 0. 0. 0. 0. 0. 0. 0. 0. 0. 0. 0.
    0. 0. 0. 0. 0. 0. 0. 0. 0. 0. 0. 0. 0. 0. 0. 0. 0. 0. 0. 0. 0. 0. 0.
    0. 0. 0. 0. 0. 0. 0. 0. 0. 0. 0. 0. 0. 0. 0. 0. 0. 0. 0. 0. 0. 0. 0.
    0. 0. 0. 0. 0. 0. 0. 0. 0. 0. 0. 0. 0. 0. 0. 0. 0. 0. 0. 0. 0. 0. 0.
    0. 0. 0. 0. 0. 0. 0. 0. 0. 0. 0. 0. 0. 0. 0. 0. 0. 0. 0. 0. 0. 0. 0.
    0. 0. 0. 0. 0. 0. 0. 0. 0. 0. 0. 0. 0. 0. 0. 0. 0. 0. 0. 0. 0. 0. 0.
    0. 0. 0. 0. 0. 0. 0. 0. 0. 0. 0. 0. 0. 0. 0. 0. 0. 0. 0. 0. 0. 0. 0.
    0. 0. 0. 0. 0. 0. 0. 0. 0. 0. 0. 0. 0. 0. 0. 0. 0. 0. 0. 0. 0. 0. 0.
    0. 0. 0. 0. 0. 0. 0. 0. 0. 0. 0. 0. 0. 0. 0. 0. 0. 0. 0. 0. 0. 0. 0.
    0. 0. 0. 0. 0. 0. 0. 0. 0. 0. 0. 0. 0. 0. 0. 0. 0. 0. 0. 0. 0. 0. 0.
    0. 0. 0. 0. 0. 0. 0. 0. 0. 0. 0. 0. 0. 0. 0. 0. 0. 0. 0. 0. 0. 0. 0.
    0. 0. 0. 0. 0. 0. 0. 0. 0. 0. 0. 0. 0. 0. 0. 0. 0. 0. 0. 0. 0. 0. 0.
    0. 0. 0. 0. 0. 0. 0. 0. 0. 0. 0. 0. 0. 0. 0. 0. 0. 0. 0. 0. 0. 0. 0.
    0. 0. 0. 0. 0. 0. 0. 0. 0. 0. 0. 0. 0. 0. 0. 0. 0. 0. 0. 0. 0. 0. 0.
    0. 0. 0. 0. 0. 0. 0. 0. 0. 0. 0. 0. 0. 0. 0. 0. 0. 0. 0. 0. 0. 0. 0.
    0. 1.41100001e+00 1.97899997e+00 2.13599992e+00 2.13599992e+00
    2.13599992e+00 2.13599992e+00 2.13599992e+00 2.13599992e+00
    2.13599992e+00 2.13599992e+00 2.13599992e+00 2.13599992e+00
    2.13599992e+00 2.13599992e+00 2.12899995e+00 2.07500005e+00
    2.02099991e+00 2. 2. 2. 2. 2. 2.03099990e+00 2.08500004e+00
    2.13599992e+00 2.13599992e+00 2.13599992e+00 2.13599992e+00
    2.13599992e+00 2.13599992e+00 2.13599992e+00 2.13599992e+00
    2.13599992e+00 0. 0. 0. 0. 0. 0. 0. 1.48099995e+00 1.99399996e+00
    2.13599992e+00 2.13599992e+00 2.13599992e+00 2.13599992e+00
    2.13599992e+00 2.13599992e+00 2.13599992e+00 2.13599992e+00
    2.13599992e+00 2.13599992e+00 2.13299990e+00 2.12700009e+00
    2.11599994e+00 2.06800008e+00 2.01900005e+00 2. 2. 2. 2. 2.
    2.03099990e+00 2.08500004e+00 2.13599992e+00 2.13599992e+00
    2.13599992e+00 2.13599992e+00 2.13599992e+00 2.13599992e+00
    2.14199996e+00 2.14700007e+00 2.14899993e+00 0. 0. 0. 0. 0.
    1.41100001e+00 1.48099995e+00 1.76900005e+00 2.05599999e+00
    2.13599992e+00 2.13599992e+00 2.13599992e+00 2.13599992e+00
    2.13599992e+00 2.13599992e+00 2.13599992e+00 2.13599992e+00
    2.13599992e+00 2.13599992e+00 2.11899996e+00 2.09200001e+00
    2.06500006e+00 2.03800011e+00 2.01099992e+00 2. 2. 2. 2. 2.
    2.03099990e+00 2.08500004e+00 2.13599992e+00 2.13599992e+00
    2.13599992e+00 2.13599992e+00 2.13599992e+00 2.13700008e+00
    2.16400003e+00 2.19199991e+00 2.20499992e+00 0. 0. 0. 0. 0.
    1.97899997e+00 1.99399996e+00 2.05599999e+00 2.11899996e+00
    2.13599992e+00 2.13599992e+00 2.13599992e+00 2.13599992e+00
    2.13599992e+00 2.13599992e+00 2.13599992e+00 2.13599992e+00
    2.13599992e+00 2.13599992e+00 2.10500002e+00 2.05699992e+00
    2.01399994e+00 2.00799990e+00 2.00200009e+00 2. 2. 2. 2. 2.
    2.03099990e+00 2.08500004e+00 2.13599992e+00 2.13599992e+00
    2.13599992e+00 2.13599992e+00 2.13599992e+00 2.13700008e+00
    2.18700004e+00 2.23699999e+00 2.26099992e+00 0. 0. 0. 0. 0.
    2.13599992e+00 2.13199997e+00 2.11700010e+00 2.10100007e+00
    2.09699988e+00 2.09699988e+00 2.09699988e+00 2.09699988e+00
    2.09699988e+00 2.09699988e+00 2.09699988e+00 2.09699988e+00
    2.09699988e+00 2.09699988e+00 2.07200003e+00 2.03299999e+00 2. 2. 2.
    2. 2. 2. 2. 2. 2.03099990e+00 2.08500004e+00 2.13599992e+00
    2.13599992e+00 2.13599992e+00 2.14499998e+00 2.16100001e+00
    2.17799997e+00 2.21700001e+00 2.25699997e+00 2.27699995e+00 0. 0. 0.
    0. 0. 2.13599992e+00 2.12700009e+00 2.08999991e+00 2.05299997e+00
    2.04299998e+00 2.04299998e+00 2.04299998e+00 2.04299998e+00
    2.04299998e+00 2.04299998e+00 2.04299998e+00 2.04299998e+00
    2.04299998e+00 2.04299998e+00 2.03200006e+00 2.01500010e+00 2. 2. 2.
    2. 2. 2. 2. 2. 2.03099990e+00 2.08500004e+00 2.13599992e+00
    2.13599992e+00 2.13599992e+00 2.15700006e+00 2.19499993e+00
    2.23300004e+00 2.25099993e+00 2.26799989e+00 2.27699995e+00 0. 0. 0.
    0. 0. 2.12500000e+00 2.11299992e+00 2.06299996e+00 2.01399994e+00 2.
    2. 2. 2. 2. 2. 2. 2. 2. 2. 2. 2. 2. 2. 2. 2.00300002e+00
    2.00699997e+00 2.01099992e+00 2.01099992e+00 2.01099992e+00
    2.03999996e+00 2.08899999e+00 2.13599992e+00 2.13599992e+00
    2.13599992e+00 2.16599989e+00 2.22199988e+00 2.27699995e+00
    2.27699995e+00 2.27699995e+00 2.27699995e+00 0. 0. 0. 0. 0.
    2.07100010e+00 2.06399989e+00 2.03600001e+00 2.00799990e+00 2. 2. 2.
    2. 2. 2. 2. 2. 2. 2. 2. 2. 2. 2. 2. 2.01600003e+00 2.04200006e+00
    2.06500006e+00 2.06500006e+00 2.06500006e+00 2.08100009e+00
    2.10999990e+00 2.13599992e+00 2.13599992e+00 2.13599992e+00
    2.16599989e+00 2.22199988e+00 2.27699995e+00 2.27699995e+00
    2.27699995e+00 2.27699995e+00 0. 0. 0. 0. 0. 2.01699996e+00
    2.01500010e+00 2.00900006e+00 2.00200009e+00 2. 2. 2. 2. 2. 2. 2. 2.
    2. 2. 2. 2. 2. 2. 2. 2.02900004e+00 2.07599998e+00 2.11899996e+00
    2.11899996e+00 2.11899996e+00 2.12299991e+00 2.13000011e+00
    2.13599992e+00 2.13599992e+00 2.13599992e+00 2.16599989e+00
    2.22199988e+00 2.27699995e+00 2.27699995e+00 2.27699995e+00
    2.27699995e+00 0. 0. 0. 0. 0. 2. 2. 2. 2. 2. 2. 1.99699998e+00
    1.98300004e+00 1.96899998e+00 1.96399999e+00 1.96399999e+00
    1.96399999e+00 1.96399999e+00 1.96399999e+00 1.96399999e+00
    1.96399999e+00 1.96399999e+00 1.96399999e+00 1.96399999e+00
    2.01600003e+00 2.09899998e+00 2.17400002e+00 2.17400002e+00
    2.17400002e+00 1.73199999e+00 0. 0. 0. 0. 0. 0. 0. 0. 0. 0. 0. 0. 0.
    0. 0. 2. 2. 2. 2. 2. 2. 1.99300003e+00 1.95799994e+00 1.92299998e+00
    1.91199994e+00 1.91199994e+00 1.91199994e+00 1.91199994e+00
    1.91199994e+00 1.91199994e+00 1.91199994e+00 1.91199994e+00
    1.91199994e+00 1.91199994e+00 1.99000001e+00 2.11599994e+00
    2.23000002e+00 2.23000002e+00 2.23000002e+00 1.14499998e+00 0. 0. 0.
    0. 0. 0. 0. 0. 0. 0. 0. 0. 0. 0. 0. 1.99100006e+00 1.99100006e+00
    1.99100006e+00 1.99100006e+00 1.99399996e+00 1.99699998e+00
    1.98899996e+00 1.93299997e+00 1.87800002e+00 1.85800004e+00
    1.85500002e+00 1.85200000e+00 1.84899998e+00 1.84599996e+00
    1.84099996e+00 1.83500004e+00 1.83000004e+00 1.83000004e+00
    1.83000004e+00 1.92299998e+00 2.07399988e+00 2.19400001e+00
    2.03299999e+00 1.87199998e+00 0. 0. 0. 0. 0. 0. 0. 0. 0. 0. 0. 0. 0.
    0. 0. 0. 1.93900001e+00 1.93900001e+00 1.93900001e+00 1.93900001e+00
    1.95700002e+00 1.98099995e+00 1.98500001e+00 1.90999997e+00
    1.83399999e+00 1.79499996e+00 1.77300000e+00 1.75100005e+00
    1.72899997e+00 1.70799994e+00 1.67400002e+00 1.63300002e+00
    1.59800005e+00 1.59800005e+00 1.59800005e+00 1.65100002e+00
    1.73800004e+00 1.70700002e+00 0. 0. 0. 0. 0. 0. 0. 0. 0. 0. 0. 0. 0.
    0. 0. 0. 0. 0. 1.88699996e+00 1.88699996e+00 1.88699996e+00
    1.88699996e+00 1.91999996e+00 1.96399999e+00 1.98099995e+00
    1.88600004e+00 1.79100001e+00 1.73300004e+00 1.69099998e+00
    1.64900005e+00 1.61000001e+00 1.57000005e+00 1.50699997e+00
    1.43099999e+00 1.36600006e+00 1.36600006e+00 1.36600006e+00
    1.38000000e+00 1.40199995e+00 1.22000003e+00 0. 0. 0. 0. 0. 0. 0. 0.
    0. 0. 0. 0. 0. 0. 0. 0. 0. 0. 1.86899996e+00 1.86899996e+00
    1.86899996e+00 1.86899996e+00 1.90699995e+00 1.95899999e+00
    1.97899997e+00 1.87699997e+00 1.77600002e+00 1.71099997e+00
    1.66199994e+00 1.61399996e+00 1.56799996e+00 1.52199996e+00
