<?xml version="1.0"?>
<opencv_storage>
<Depth type_id="opencv-matrix">
  <rows>40</rows>
  <cols>40</cols>
  <dt>f</dt>
  <data>
    0. 0. 0. 0. 0. 0. 0. 0. 0. 0. 0. 0. 0. 0. 0. 0. 0. 0. 0. 0. 0. 0. 0.
    0. 0. 0. 0. 0. 0. 0. 0. 0. 0. 0. 0. 0. 0. 0. 0. 0. 0. 0. 0. 0. 0. 0.
    0. 0. 0. 0. 0. 0. 0. 0. 0. 0. 0. 0. 0. 0. 0. 0. 0. 0. 0. 0. 0. 0. 0.
    0. 0. 0. 0. 0. 0. 0. 0. 0. 0. 0. 0. 0. 0. 0. 0. 0. 0. 0. 0. 0. 0. 0.
    0. 0. 0. 0. 0. 0. 0. 0. 0. 0. 0. 0. 0. 0. 0. 0. 0. 0. 0. 0. 0. 0. 0.
    0. 0. 0. 0. 0. 0. 0. 0. 0. 0. 0. 0. 0. 0. 0. 0. 0. 0. 0. 0. 0. 0. 0.
    0. 0. 0. 0. 0. 0. 0. 0. 0. 0. 0. 0. 0. 0. 0. 0. 0. 0. 0. 0. 0. 0. 0.
    0. 0. 0. 0. 0. 0. 0. 0. 0. 0. 0. 0. 0. 0. 0. 0. 0. 0. 0. 0. 0. 0. 0.
    0. 0. 0. 0. 0. 0. 0. 0. 0. 0. 0. 0. 0. 0. 0. 0. 0. 0. 0. 0. 0. 0. 0.
    0. 0. 0. 0. 0. 0. 0. 0. 0. 0. 0. 0. 0. 0. 0. 0. 0. 0. 0. 0. 0. 0. 0.
    0. 0. 0. 0. 0. 0. 0. 0. 0. 0. 0. 0. 0. 0. 0. 0. 0. 0. 0. 0. 0. 0. 0.
    0. 0. 0. 0. 0. 0. 0. 0. 0. 0. 0. 0. 0. 0. 0. 0. 0. 0. 0. 0. 0. 0. 0.
    0. 0. 0. 0. 0. 0. 0. 0. 0. 0. 0. 0. 0. 0. 0. 0. 0. 0. 0. 0. 0. 0. 0.
    0. 0. 0. 0. 0. 0. 0. 0. 0. 0. 0. 0. 0. 0. 0. 0. 0. 0. 0. 0. 0. 0. 0.
    0. 0. 0. 0. 0. 0. 0. 0. 0. 0. 0. 0. 0. 0. 0. 0. 0. 0. 0. 0. 0. 0. 0.
    0. 0. 0. 0. 0. 0. 0. 0. 0. 0. 0. 0. 0. 0. 0. 0. 0. 0. 0. 0. 0. 0. 0.
    0. 0. 0. 0. 0. 0. 0. 0. 0. 0. 0. 0. 0. 0. 0. 0. 0. 0. 0. 0. 0. 0. 0.
    0. 0. 0. 0. 0. 0. 0. 0. 0. 0. 0. 0. 0. 0. 0. 0. 0. 0. 0.
    1.86899996e+00 1.86899996e+00 1.86899996e+00 1.86899996e+00
    1.86899996e+00 1.86899996e+00 1.85899997e+00 1.80900002e+00
    1.75999999e+00 1.74399996e+00 1.74399996e+00 1.75199997e+00
    1.80200005e+00 1.85200000e+00 0. 0. 0. 0. 0. 0. 0. 0. 0. 0. 0. 0. 0.
    0. 0. 0. 0. 0. 0. 0. 0. 0. 0. 0. 0. 0. 1.86899996e+00 1.86899996e+00
    1.86899996e+00 1.86899996e+00 1.86899996e+00 1.86899996e+00
    1.86000001e+00 1.81500006e+00 1.76999998e+00 1.75600004e+00
    1.75600004e+00 1.76400006e+00 1.80799997e+00 1.85300004e+00 0. 0. 0.
    0. 0. 0. 0. 0. 0. 0. 0. 0. 0. 0. 0. 0. 0. 0. 0. 0. 0. 0. 0. 0. 0. 0.
    1.86899996e+00 1.86899996e+00 1.86899996e+00 1.86899996e+00
    1.86899996e+00 1.86899996e+00 1.86399996e+00 1.83899999e+00
    1.81299996e+00 1.80599999e+00 1.80599999e+00 1.80999994e+00
    1.83500004e+00 1.86000001e+00 1.01699996e+00 0. 0. 0. 0. 0. 0. 0. 0.
    0. 0. 0. 0. 0. 0. 0. 0. 0. 0. 0. 0. 0. 0. 0. 0. 0. 1.86899996e+00
    1.86899996e+00 1.86899996e+00 1.86899996e+00 1.86899996e+00
    1.86899996e+00 1.86800003e+00 1.86199999e+00 1.85699999e+00
    1.85500002e+00 1.85500002e+00 1.85599995e+00 1.86199999e+00
    1.86699998e+00 1.71099997e+00 1.46800005e+00 0. 0. 0. 0. 0. 0. 0. 0.
    0. 0. 0. 0. 0. 0. 0. 0. 0. 0. 0. 0. 0. 0. 0. 0. 1.86899996e+00
    1.86899996e+00 1.86899996e+00 1.86899996e+00 1.86899996e+00
    1.86899996e+00 1.87199998e+00 1.88699996e+00 1.90199995e+00
    1.89600003e+00 1.88100004e+00 1.86899996e+00 1.86899996e+00
    1.86899996e+00 1.89300001e+00 1.92999995e+00 1.70899999e+00 0. 0. 0.
    0. 0. 0. 0. 0. 0. 0. 0. 0. 0. 0. 0. 0. 0. 0. 0. 0. 0. 0. 0.
    1.86899996e+00 1.86899996e+00 1.86899996e+00 1.86899996e+00
    1.86899996e+00 1.86899996e+00 1.87600005e+00 1.91199994e+00
    1.94799995e+00 1.93400002e+00 1.89900005e+00 1.86899996e+00
    1.86899996e+00 1.86899996e+00 1.88000000e+00 1.89600003e+00
    1.80200005e+00 0. 0. 0. 0. 0. 0. 0. 0. 0. 0. 0. 0. 0. 0. 0. 0. 0. 0.
    0. 0. 0. 0. 0. 1.86899996e+00 1.86899996e+00 1.86899996e+00
    1.86899996e+00 1.87199998e+00 1.87600005e+00 1.88900006e+00
    1.93700004e+00 1.98500001e+00 1.96700001e+00 1.91900003e+00
    1.87899995e+00 1.87500000e+00 1.87000000e+00 1.86899996e+00
    1.86899996e+00 1.87600005e+00 1.92799997e+00 1.98000002e+00 2. 0. 0.
    0. 0. 0. 0. 0. 0. 0. 0. 0. 0. 0. 0. 0. 0. 0. 0. 0. 0. 1.86899996e+00
    1.86899996e+00 1.86899996e+00 1.86899996e+00 1.88699996e+00
    1.91199994e+00 1.93700004e+00 1.96399999e+00 1.99199998e+00
    1.98099995e+00 1.95400000e+00 1.92700005e+00 1.90300000e+00
    1.87800002e+00 1.86899996e+00 1.86899996e+00 1.87600005e+00
    1.92799997e+00 1.98000002e+00 2. 0. 0. 0. 0. 0. 0. 0. 0. 0. 0. 0. 0.
    0. 0. 0. 0. 0. 0. 0. 0. 1.86899996e+00 1.86899996e+00 1.86899996e+00
    1.86899996e+00 1.90199995e+00 1.94799995e+00 1.98500001e+00
    1.99199998e+00 1.99800003e+00 1.99600005e+00 1.98899996e+00
    1.97599995e+00 1.92999995e+00 1.88499999e+00 1.86899996e+00
    1.86899996e+00 1.87600005e+00 1.92799997e+00 1.98000002e+00 2. 0. 0.
    0. 0. 0. 0. 0. 0. 0. 0. 0. 0. 0. 0. 0. 0. 0. 0. 0. 0. 1.90499997e+00
    1.90499997e+00 1.90499997e+00 1.90499997e+00 1.93200004e+00
    1.97000003e+00 2. 2. 2. 2. 2. 1.99100006e+00 1.93900001e+00
    1.88699996e+00 1.86899996e+00 1.86899996e+00 1.87600005e+00
    1.92799997e+00 1.98000002e+00 2. 0. 0. 0. 0. 0. 0. 0. 0. 0. 0. 0. 0.
    0. 0. 0. 0. 0. 0. 0. 0. 1.95700002e+00 1.95700002e+00 1.95700002e+00
    1.95700002e+00 1.96899998e+00 1.98599994e+00 2. 2. 2. 2. 2.
    1.99100006e+00 1.93900001e+00 1.88699996e+00 1.86899996e+00
    1.86899996e+00 1.87600005e+00 1.92799997e+00 1.98000002e+00 2. 0. 0.
    0. 0. 0. 0. 0. 0. 0. 0. 0. 0. 0. 0. 0. 0. 0. 0. 0. 0. 2. 2. 2. 2. 2.
    2. 2. 2. 2. 2. 2. 1.99100006e+00 1.93900001e+00 1.88699996e+00
    1.86899996e+00 1.86899996e+00 1.87500000e+00 1.92400002e+00
    1.97300005e+00 1.99100006e+00 0. 0. 0. 0. 0. 0. 0. 0. 0. 0. 0. 0. 0.
    0. 0. 0. 0. 0. 0. 0. 2. 2. 2. 2. 2. 2. 2. 2. 2. 2. 2. 1.99100006e+00
    1.93900001e+00 1.88699996e+00 1.86899996e+00 1.86899996e+00
    1.87300003e+00 1.90100002e+00 1.92799997e+00 1.93900001e+00 0. 0. 0.
    0. 0. 0. 0. 0. 0. 0. 0. 0. 0. 0. 0. 0. 0. 0. 0. 0. 2. 2. 2. 2. 2. 2.
    2. 2. 2. 2. 2. 1.99100006e+00 1.93900001e+00 1.88699996e+00
    1.86899996e+00 1.86899996e+00 1.87000000e+00 1.87699997e+00
    1.88399994e+00 1.88699996e+00 0. 0. 0. 0. 0. 0. 0. 0. 0. 0. 0. 0. 0.
    0. 0. 0. 0. 0. 0. 0. 1.96599996e+00 1.96599996e+00 1.96599996e+00
    1.96599996e+00 1.96599996e+00 1.96599996e+00 1.96599996e+00
    1.96599996e+00 1.96599996e+00 1.97500002e+00 1.98899996e+00
    1.99100006e+00 1.93900001e+00 1.88699996e+00 1.86899996e+00
    1.86899996e+00 1.86899996e+00 1.86899996e+00 1.86899996e+00
    1.86899996e+00 0. 0. 0. 0. 0. 0. 0. 0. 0. 0. 0. 0. 0. 0. 0. 0. 0. 0.
    0. 0. 1.91400003e+00 1.91400003e+00 1.91400003e+00 1.91400003e+00
    1.91400003e+00 1.91400003e+00 1.91400003e+00 1.91400003e+00
    1.91400003e+00 1.93799996e+00 1.97200000e+00 1.99100006e+00
    1.93900001e+00 1.88699996e+00 1.86899996e+00 1.86899996e+00
    1.86899996e+00 1.86899996e+00 1.86899996e+00 1.86899996e+00 0. 0. 0.
    0. 0. 0. 0. 0. 0. 0. 0. 0. 0. 0. 0. 0. 0. 0. 0. 0. 1.86899996e+00
    1.86899996e+00 1.86899996e+00 1.86899996e+00 1.86899996e+00
    1.86899996e+00 1.86899996e+00 1.86899996e+00 1.86899996e+00
    1.90300000e+00 1.95200002e+00 1.98399997e+00 1.93200004e+00
    1.88000000e+00 1.86199999e+00 1.86199999e+00 1.86300004e+00
    1.86500001e+00 1.86800003e+00 1.86899996e+00 0. 0. 0. 0. 0. 0. 0. 0.
    0. 0. 0. 0. 0. 0. 0. 0. 0. 0. 0. 0. 1.86899996e+00 1.86899996e+00
    1.86899996e+00 1.86899996e+00 1.86899996e+00 1.86899996e+00
    1.86899996e+00 1.86899996e+00 1.86899996e+00 1.88900006e+00
    1.91700006e+00 1.93200004e+00 1.88100004e+00 1.83000004e+00
    1.81299996e+00 1.81299996e+00 1.81599998e+00 1.83800006e+00
    1.86000001e+00 1.86899996e+00 0. 0. 0. 0. 0. 0. 0. 0. 0. 0. 0. 0. 0.
    0. 0. 0. 0. 0. 0. 0. 1.86899996e+00 1.86899996e+00 1.86899996e+00
    1.86899996e+00 1.86899996e+00 1.86899996e+00 1.86899996e+00
    1.86899996e+00 1.86899996e+00 1.87399995e+00 1.88199997e+00
    1.88100004e+00 1.83099997e+00 1.77999997e+00 1.76300001e+00
    1.76300001e+00 1.76900005e+00 1.81099999e+00 1.85300004e+00
    1.86899996e+00 0. 0. 0. 0. 0. 0. 0. 0. 0. 0. 0. 0. 0. 0. 0. 0. 0. 0.
    0. 0. 1.86899996e+00 1.86899996e+00 1.86899996e+00 1.86899996e+00
    1.86899996e+00 1.86899996e+00 1.86899996e+00 1.86899996e+00
    1.86899996e+00 1.86899996e+00 1.86899996e+00 1.86099994e+00
