<?xml version="1.0"?>
<opencv_storage>
<Depth type_id="opencv-matrix">
  <rows>40</rows>
  <cols>40</cols>
  <dt>f</dt>
  <data>
    0. 0. 0. 0. 0. 0. 0. 0. 0. 0. 0. 0. 0. 0. 0. 0. 0. 0. 0. 0. 0. 0. 0.
    0. 0. 0. 0. 0. 0. 0. 0. 0. 0. 0. 0. 0. 0. 0. 0. 0. 0. 0. 0. 0. 0. 0.
    0. 0. 0. 0. 0. 0. 0. 0. 0. 0. 0. 0. 0. 0. 0. 0. 0. 0. 0. 0. 0. 0. 0.
    0. 0. 0. 0. 0. 0. 0. 0. 0. 0. 0. 0. 0. 0. 0. 0. 0. 0. 0. 0. 0. 0. 0.
    0. 0. 0. 0. 0. 0. 0. 0. 0. 0. 0. 0. 0. 0. 0. 0. 0. 0. 0. 0. 0. 0. 0.
    0. 0. 0. 0. 0. 0. 0. 0. 0. 0. 0. 0. 0. 0. 0. 0. 0. 0. 0. 0. 0. 0. 0.
    0. 0. 0. 0. 0. 0. 0. 0. 0. 0. 0. 0. 0. 0. 0. 0. 0. 0. 0. 0. 0. 0. 0.
    0. 0. 0. 0. 0. 0. 0. 0. 0. 0. 0. 0. 0. 0. 0. 0. 0. 0. 0. 0. 0. 0. 0.
    0. 0. 0. 0. 0. 0. 0. 0. 0. 0. 0. 0. 0. 0. 0. 0. 0. 0. 0. 0. 0. 0. 0.
    0. 0. 0. 0. 0. 0. 0. 0. 0. 0. 0. 0. 0. 0. 0. 0. 0. 0. 0. 0. 0. 0. 0.
    0. 0. 0. 0. 0. 0. 0. 0. 0. 0. 0. 0. 0. 0. 0. 0. 0. 0. 0. 0. 0. 0. 0.
    0. 0. 0. 0. 0. 0. 0. 0. 0. 0. 0. 0. 0. 0. 0. 0. 0. 0. 0. 0. 0. 0. 0.
    0. 0. 0. 0. 0. 0. 0. 0. 0. 0. 0. 0. 0. 0. 0. 0. 0. 0. 0. 0. 0. 0. 0.
    0. 0. 0. 0. 0. 0. 0. 0. 0. 0. 0. 0. 0. 0. 0. 0. 0. 0. 0. 0. 0. 0. 0.
    0. 0. 0. 0. 0. 0. 0. 0. 0. 0. 0. 0. 0. 0. 0. 0. 0. 0. 0. 0. 0. 0. 0.
    0. 0. 0. 0. 0. 0. 0. 0. 0. 0. 0. 0. 0. 0. 0. 0. 0. 0. 0. 0. 0. 0. 0.
    0. 0. 0. 0. 0. 0. 0. 0. 0. 0. 0. 0. 0. 0. 0. 0. 0. 0. 0. 0. 0. 0. 0.
    0. 0. 0. 0. 0. 0. 0. 0. 0. 0. 0. 0. 0. 0. 0. 0. 0. 0. 0. 0. 0. 0. 0.
    0. 0. 0. 0. 0. 0. 0. 0. 0. 0. 0. 0. 0. 0. 0. 0. 0. 0. 0. 0. 0. 0. 0.
    0. 0. 0. 0. 0. 0. 0. 0. 0. 0. 2. 1.98899996e+00 1.93599999e+00
    1.88300002e+00 1.86399996e+00 1.86399996e+00 1.86399996e+00
    1.86399996e+00 1.86399996e+00 1.86399996e+00 1.86399996e+00
    1.86399996e+00 1.91400003e+00 1.96700001e+00 2.01999998e+00
    2.07500005e+00 2.13000011e+00 2.18700004e+00 2.24499989e+00
    2.28900003e+00 2.28900003e+00 2.28900003e+00 2.28900003e+00
    2.28900003e+00 2.28900003e+00 2.28900003e+00 0. 0. 0. 0. 0. 0. 0. 0.
    0. 0. 0. 0. 0. 0. 2. 1.98899996e+00 1.93599999e+00 1.88300002e+00
    1.86399996e+00 1.86399996e+00 1.86399996e+00 1.86399996e+00
    1.86399996e+00 1.86399996e+00 1.86399996e+00 1.86399996e+00
    1.91400003e+00 1.96700001e+00 2.01999998e+00 2.07500005e+00
    2.13000011e+00 2.18700004e+00 2.24499989e+00 2.28900003e+00
    2.28900003e+00 2.28900003e+00 2.28900003e+00 2.28900003e+00
    2.28900003e+00 2.28900003e+00 0. 0. 0. 0. 0. 0. 0. 0. 0. 0. 0. 0. 0.
    0. 2. 1.98899996e+00 1.93599999e+00 1.88300002e+00 1.86399996e+00
    1.86399996e+00 1.86399996e+00 1.86399996e+00 1.86399996e+00
    1.86399996e+00 1.86399996e+00 1.86399996e+00 1.91400003e+00
    1.96700001e+00 2.01999998e+00 2.07500005e+00 2.13000011e+00
    2.18700004e+00 2.24499989e+00 2.28900003e+00 2.28900003e+00
    2.28900003e+00 2.28900003e+00 2.28900003e+00 2.28900003e+00
    2.28900003e+00 0. 0. 0. 0. 0. 0. 0. 0. 0. 0. 0. 0. 0. 0. 2.
    1.98899996e+00 1.93599999e+00 1.88300002e+00 1.86399996e+00
    1.86399996e+00 1.86399996e+00 1.86399996e+00 1.86399996e+00
    1.86399996e+00 1.86399996e+00 1.86399996e+00 1.91400003e+00
    1.96700001e+00 2.01999998e+00 2.07500005e+00 2.13000011e+00
    2.18700004e+00 2.24499989e+00 2.28900003e+00 2.28900003e+00
    2.28900003e+00 2.28900003e+00 2.28900003e+00 2.28900003e+00
    2.28900003e+00 0. 0. 0. 0. 0. 0. 0. 0. 0. 0. 0. 0. 0. 0. 2.
    1.98899996e+00 1.93599999e+00 1.88300002e+00 1.86399996e+00
    1.86399996e+00 1.86399996e+00 1.86399996e+00 1.86399996e+00
    1.86399996e+00 1.86399996e+00 1.86399996e+00 1.91400003e+00
    1.96700001e+00 2.01999998e+00 2.07500005e+00 2.13000011e+00
    2.17600012e+00 2.21900010e+00 2.25500011e+00 2.26999998e+00
    2.28399992e+00 2.28900003e+00 2.28900003e+00 2.28900003e+00
    2.28900003e+00 0. 0. 0. 0. 0. 0. 0. 0. 0. 0. 0. 0. 0. 0. 2.
    1.98899996e+00 1.93599999e+00 1.88300002e+00 1.86399996e+00
    1.86399996e+00 1.86399996e+00 1.86399996e+00 1.86399996e+00
    1.86399996e+00 1.86399996e+00 1.86399996e+00 1.91400003e+00
    1.96700001e+00 2.01999998e+00 2.07500005e+00 2.13000011e+00
    2.15799999e+00 2.17799997e+00 2.20300007e+00 2.24000001e+00
    2.27699995e+00 2.28900003e+00 2.28900003e+00 2.28900003e+00
    2.28900003e+00 0. 0. 0. 0. 0. 0. 0. 0. 0. 0. 0. 0. 0. 0. 2.
    1.98899996e+00 1.93599999e+00 1.88300002e+00 1.86399996e+00
    1.86399996e+00 1.86399996e+00 1.86399996e+00 1.86399996e+00
    1.86399996e+00 1.86399996e+00 1.86399996e+00 1.91400003e+00
    1.96700001e+00 2.01999998e+00 2.07500005e+00 2.13000011e+00
    2.14100003e+00 2.14100003e+00 2.15499997e+00 2.21199989e+00
    2.26999998e+00 2.28900003e+00 2.28900003e+00 2.28900003e+00
    2.28900003e+00 0. 0. 0. 0. 0. 0. 0. 0. 0. 0. 0. 0. 0. 0. 2.
    1.98899996e+00 1.93599999e+00 1.88300002e+00 1.86399996e+00
    1.86399996e+00 1.86399996e+00 1.86399996e+00 1.86399996e+00
    1.86399996e+00 1.86399996e+00 1.86399996e+00 1.91400003e+00
    1.96700001e+00 2.01999998e+00 2.07500005e+00 2.13000011e+00
    2.14100003e+00 2.14100003e+00 2.15499997e+00 2.21199989e+00
    2.26999998e+00 2.28900003e+00 2.28900003e+00 2.28900003e+00
    2.28900003e+00 0. 0. 0. 0. 0. 0. 0. 0. 0. 0. 0. 0. 0. 0. 2.
    1.98899996e+00 1.93599999e+00 1.88300002e+00 1.86399996e+00
    1.86399996e+00 1.86399996e+00 1.86399996e+00 1.86399996e+00
    1.86399996e+00 1.86399996e+00 1.86399996e+00 1.91400003e+00
    1.96700001e+00 2.01999998e+00 2.07500005e+00 2.13000011e+00
    2.14100003e+00 2.14100003e+00 2.15499997e+00 2.21199989e+00
    2.26999998e+00 2.28900003e+00 2.28900003e+00 2.28900003e+00
    2.28900003e+00 0. 0. 0. 0. 0. 0. 0. 0. 0. 0. 0. 0. 0. 0. 2.
    1.98899996e+00 1.93599999e+00 1.88300002e+00 1.86399996e+00
    1.86399996e+00 1.86500001e+00 1.87500000e+00 1.88600004e+00
    1.89100003e+00 1.89100003e+00 1.89100003e+00 1.94099998e+00
    1.99500000e+00 2.04399991e+00 2.08800006e+00 2.13199997e+00
    2.15000010e+00 2.16199994e+00 2.18099999e+00 2.22700000e+00
    2.27399993e+00 2.28900003e+00 2.28900003e+00 2.28900003e+00
    2.28900003e+00 0. 0. 0. 0. 0. 0. 0. 0. 0. 0. 0. 0. 0. 0. 2.
    1.98899996e+00 1.93599999e+00 1.88300002e+00 1.86399996e+00
    1.86399996e+00 1.86600006e+00 1.89800000e+00 1.92900002e+00
    1.94400001e+00 1.94400001e+00 1.94400001e+00 1.99500000e+00
    2.04900002e+00 2.09100008e+00 2.11400008e+00 2.13700008e+00
    2.16799998e+00 2.20199990e+00 2.23399997e+00 2.25699997e+00
    2.28099990e+00 2.28900003e+00 2.28900003e+00 2.28900003e+00
    2.28900003e+00 0. 0. 0. 0. 0. 0. 0. 0. 0. 0. 0. 0. 0. 0. 2.
    1.98899996e+00 1.93599999e+00 1.88300002e+00 1.86399996e+00
    1.86399996e+00 1.86800003e+00 1.91999996e+00 1.97200000e+00
    1.99699998e+00 1.99699998e+00 1.99699998e+00 2.04900002e+00
    2.10299993e+00 2.13800001e+00 2.13899994e+00 2.14100003e+00
    2.18600011e+00 2.24300003e+00 2.28600001e+00 2.28699994e+00
    2.28900003e+00 2.28900003e+00 2.28900003e+00 2.28900003e+00
    2.28900003e+00 0. 0. 0. 0. 0. 0. 0. 0. 0. 0. 0. 0. 0. 0. 2.
    1.99300003e+00 1.95899999e+00 1.92600000e+00 1.91400003e+00
    1.91400003e+00 1.91600001e+00 1.95000005e+00 1.98399997e+00 2. 2. 2.
    2.05200005e+00 2.10700011e+00 2.14100003e+00 2.14100003e+00
    2.14100003e+00 2.17000008e+00 2.20700002e+00 2.24000001e+00
    2.26099992e+00 2.28200006e+00 2.30399990e+00 2.32599998e+00
    2.34500003e+00 2.34500003e+00 0. 0. 0. 0. 0. 0. 0. 0. 0. 0. 0. 0. 0.
    0. 2. 1.99699998e+00 1.98399997e+00 1.97099996e+00 1.96700001e+00
    1.96700001e+00 1.96800005e+00 1.98099995e+00 1.99399996e+00 2. 2. 2.
    2.05200005e+00 2.10700011e+00 2.14100003e+00 2.14100003e+00
    2.14100003e+00 2.15199995e+00 2.16599989e+00 2.18700004e+00
    2.23099995e+00 2.27399993e+00 2.31900001e+00 2.36500001e+00
    2.40499997e+00 2.40499997e+00 0. 0. 0. 0. 0. 0. 0. 0. 0. 0. 0. 0. 0.
    0. 2.01999998e+00 2.01900005e+00 2.01099992e+00 2.00300002e+00 2. 2.
    2. 2. 2. 2.00399995e+00 2.01200008e+00 2.01999998e+00 2.06500006e+00
    2.11199999e+00 2.14100003e+00 2.14100003e+00 2.14100003e+00
