<?xml version="1.0"?>
<opencv_storage>
<Depth type_id="opencv-matrix">
  <rows>40</rows>
  <cols>40</cols>
  <dt>f</dt>
  <data>
    0. 0. 0. 0. 0. 0. 0. 0. 0. 0. 0. 0. 2.83899999e+00 2.83899999e+00
    2.83899999e+00 2.74200010e+00 2.61999989e+00 2.35700011e+00
    2.13400006e+00 2.09400010e+00 2.06900001e+00 2.06900001e+00
    2.04699993e+00 2.00900006e+00 1.98699999e+00 1.97099996e+00
    1.95000005e+00 1.93200004e+00 0. 0. 0. 0. 0. 0. 0. 0. 0. 0. 0. 0. 0.
    0. 0. 0. 0. 0. 0. 0. 0. 0. 0. 0. 2.89100003e+00 2.89100003e+00
    2.89100003e+00 2.77099991e+00 2.61999989e+00 2.35700011e+00
    2.13400006e+00 2.09400010e+00 2.06900001e+00 2.06900001e+00
    2.04699993e+00 2.00900006e+00 1.97099996e+00 1.93400002e+00
    1.93200004e+00 1.93200004e+00 0. 0. 0. 0. 0. 0. 0. 0. 0. 0. 0. 0. 0.
    0. 0. 0. 0. 0. 0. 0. 0. 0. 0. 0. 2.89199996e+00 2.89199996e+00
    2.89199996e+00 2.83699989e+00 2.76900005e+00 2.42499995e+00
    2.13800001e+00 2.11999989e+00 2.09999990e+00 2.07800007e+00
    2.04699993e+00 2.00900006e+00 1.97099996e+00 1.93400002e+00
    1.93200004e+00 1.93200004e+00 0. 0. 0. 0. 0. 0. 0. 0. 0. 0. 0. 0. 0.
    0. 0. 0. 0. 0. 0. 0. 0. 0. 0. 0. 2.89199996e+00 2.89199996e+00
    2.89199996e+00 2.89199996e+00 2.89199996e+00 2.47399998e+00
    2.12700009e+00 2.12700009e+00 2.11500001e+00 2.08299994e+00
    2.04699993e+00 2.00900006e+00 1.97399998e+00 1.94000006e+00
    1.93900001e+00 1.93900001e+00 0. 0. 0. 0. 0. 0. 0. 0. 0. 0. 0. 0. 0.
    0. 0. 0. 0. 0. 0. 0. 0. 0. 0. 0. 2.89199996e+00 2.89199996e+00
    2.89199996e+00 2.89199996e+00 2.89199996e+00 2.43099999e+00
    2.04900002e+00 2.04900002e+00 2.05299997e+00 2.06399989e+00
    2.04699993e+00 2.00900006e+00 1.99000001e+00 1.97700000e+00
    1.97599995e+00 1.97599995e+00 0. 0. 0. 0. 0. 0. 0. 0. 0. 0. 0. 0. 0.
    0. 0. 0. 0. 0. 0. 0. 0. 0. 0. 0. 2.89199996e+00 2.89199996e+00
    2.89199996e+00 2.82299995e+00 2.73699999e+00 2.33400011e+00 2. 2.
    2.01399994e+00 2.05299997e+00 2.04699993e+00 2.00900006e+00 2. 2. 2.
    2. 0. 0. 0. 0. 0. 0. 0. 0. 0. 0. 0. 0. 0. 0. 0. 0. 0. 0. 0. 0. 0. 0.
    0. 0. 2.89199996e+00 2.89199996e+00 2.89199996e+00 2.64100003e+00
    2.32399988e+00 2.14499998e+00 2. 2. 2.01399994e+00 2.05299997e+00
    2.04699993e+00 2.00900006e+00 2. 2. 2. 2. 0. 0. 0. 0. 0. 0. 0. 0. 0.
    0. 0. 0. 0. 0. 0. 0. 0. 0. 0. 0. 0. 0. 0. 0. 2.89199996e+00
    2.89199996e+00 2.89199996e+00 2.56299996e+00 2.14700007e+00
    2.07599998e+00 2.02200007e+00 2.02200007e+00 2.02699995e+00
    2.04099989e+00 2.02500010e+00 1.98699999e+00 1.97000003e+00
    1.95799994e+00 1.95799994e+00 1.95799994e+00 0. 0. 0. 0. 0. 0. 0. 0.
    0. 0. 0. 0. 0. 0. 0. 0. 0. 0. 0. 0. 0. 0. 0. 0. 2.89199996e+00
    2.89199996e+00 2.89199996e+00 2.56299996e+00 2.14700007e+00
    2.09699988e+00 2.05999994e+00 2.05999994e+00 2.04900002e+00
    2.02099991e+00 1.98699999e+00 1.95000005e+00 1.91700006e+00
    1.88499999e+00 1.88300002e+00 1.88300002e+00 0. 0. 0. 0. 0. 0. 0. 0.
    0. 0. 0. 0. 0. 0. 0. 0. 0. 0. 0. 0. 0. 0. 0. 0. 2.89199996e+00
    2.89199996e+00 2.89199996e+00 2.56299996e+00 2.14700007e+00
    2.11800003e+00 2.09599996e+00 2.07999992e+00 2.05500007e+00
    2.01600003e+00 1.97899997e+00 1.94099998e+00 1.89300001e+00
    1.84099996e+00 1.82500005e+00 1.81299996e+00 0. 0. 0. 0. 0. 0. 0. 0.
    0. 0. 0. 0. 0. 0. 0. 0. 0. 0. 0. 0. 0. 0. 0. 0. 2.89199996e+00
    2.89199996e+00 2.89199996e+00 2.56299996e+00 2.14700007e+00
    2.14000010e+00 2.13199997e+00 2.09299994e+00 2.05500007e+00
    2.01600003e+00 1.97899997e+00 1.94099998e+00 1.87800002e+00
    1.80700004e+00 1.77199996e+00 1.74300003e+00 0. 0. 0. 0. 0. 0. 0. 0.
    0. 0. 0. 0. 0. 0. 0. 0. 0. 0. 0. 0. 0. 0. 0. 0. 2.89199996e+00
    2.89199996e+00 2.89199996e+00 2.54600000e+00 2.10899997e+00
    2.10299993e+00 2.09899998e+00 2.08100009e+00 2.06200004e+00
    2.04399991e+00 2.00399995e+00 1.94599998e+00 1.87699997e+00
    1.80599999e+00 1.76999998e+00 1.74000001e+00 0. 0. 0. 0. 0. 0. 0. 0.
    0. 0. 0. 0. 0. 0. 0. 0. 0. 0. 0. 0. 0. 0. 0. 0. 2.89199996e+00
    2.89199996e+00 2.89199996e+00 2.53099990e+00 2.07500005e+00
    2.06900001e+00 2.06900001e+00 2.06900001e+00 2.06900001e+00
    2.06900001e+00 2.02600002e+00 1.95000005e+00 1.88000000e+00
    1.81099999e+00 1.77800000e+00 1.75100005e+00 0. 0. 0. 0. 0. 0. 0. 0.
    0. 0. 0. 0. 0. 0. 0. 0. 0. 0. 0. 0. 0. 0. 0. 0. 2.89199996e+00
    2.89199996e+00 2.89199996e+00 2.53099990e+00 2.07500005e+00
    2.06900001e+00 2.06900001e+00 2.06900001e+00 2.06900001e+00
    2.06900001e+00 2.02600002e+00 1.95000005e+00 1.89400005e+00
    1.84500003e+00 1.83099997e+00 1.82099998e+00 0. 0. 0. 0. 0. 0. 0. 0.
    0. 0. 0. 0. 0. 0. 0. 0. 0. 0. 0. 0. 0. 0. 0. 0. 2.89199996e+00
    2.89199996e+00 2.89199996e+00 2.53099990e+00 2.07500005e+00
    2.06900001e+00 2.06900001e+00 2.06900001e+00 2.06900001e+00
    2.06900001e+00 2.02600002e+00 1.95000005e+00 1.90900004e+00
    1.88000000e+00 1.38800001e+00 0. 0. 0. 0. 0. 0. 0. 0. 0. 0. 0. 0. 0.
    0. 0. 0. 0. 0. 0. 0. 0. 0. 0. 0. 0. 2.89199996e+00 2.89199996e+00
    2.89199996e+00 2.53099990e+00 2.07500005e+00 2.06900001e+00
    2.06900001e+00 2.06900001e+00 2.06900001e+00 2.06900001e+00
    2.02600002e+00 1.95000005e+00 1.92499995e+00 1.91600001e+00 0. 0. 0.
    0. 0. 0. 0. 0. 0. 0. 0. 0. 0. 0. 0. 0. 0. 0. 0. 0. 0. 0. 0. 0. 0. 0.
    2.89199996e+00 2.83200002e+00 2.73200011e+00 2.43899989e+00
    2.09500003e+00 2.07900000e+00 2.06699991e+00 2.05500007e+00
    2.04800010e+00 2.04800010e+00 2.01799989e+00 1.96500003e+00
    1.95200002e+00 1.95200002e+00 0. 0. 0. 0. 0. 0. 0. 0. 0. 0. 0. 0. 0.
    0. 0. 0. 0. 0. 0. 0. 0. 0. 0. 0. 0. 0. 2.89199996e+00 2.72199988e+00
    2.43700004e+00 2.26900005e+00 2.13199997e+00 2.09699988e+00
    2.06299996e+00 2.02999997e+00 2.00999999e+00 2.00999999e+00
    2.00399995e+00 1.99300003e+00 1.99000001e+00 1.99000001e+00 0. 0. 0.
    0. 0. 0. 0. 0. 0. 0. 0. 0. 0. 0. 0. 0. 0. 0. 0. 0. 0. 0. 0. 0. 0. 0.
    2.89199996e+00 2.69300008e+00 2.35899997e+00 2.22499990e+00
    2.14199996e+00 2.10200000e+00 2.06200004e+00 2.02399993e+00
    1.99399996e+00 1.97899997e+00 1.97200000e+00 1.97200000e+00
    1.14499998e+00 0. 0. 0. 0. 0. 0. 0. 0. 0. 0. 0. 0. 0. 0. 0. 0. 0. 0.
    0. 0. 0. 0. 0. 0. 0. 0. 0. 2.89199996e+00 2.69300008e+00
    2.35899997e+00 2.22499990e+00 2.14199996e+00 2.10200000e+00
    2.06200004e+00 2.02399993e+00 1.98599994e+00 1.95000005e+00
    1.93499994e+00 1.93499994e+00 0. 0. 0. 0. 0. 0. 0. 0. 0. 0. 0. 0. 0.
    0. 0. 0. 0. 0. 0. 0. 0. 0. 0. 0. 0. 0. 0. 0. 2.94300008e+00
    2.70099998e+00 2.29699993e+00 2.16499996e+00 2.10500002e+00
    2.08500004e+00 2.06200004e+00 2.02399993e+00 1.98599994e+00
    1.94799995e+00 1.93200004e+00 1.93200004e+00 0. 0. 0. 0. 0. 0. 0. 0.
    0. 0. 0. 0. 0. 0. 0. 0. 0. 0. 0. 0. 0. 0. 0. 0. 0. 0. 0. 0.
    2.99000001e+00 2.70700002e+00 2.23399997e+00 2.10700011e+00
    2.06900001e+00 2.06599998e+00 2.05800009e+00 2.02200007e+00
    1.98599994e+00 1.94799995e+00 1.93200004e+00 1.93200004e+00 0. 0. 0.
    0. 0. 0. 0. 0. 0. 0. 0. 0. 0. 0. 0. 0. 0. 0. 0. 0. 0. 0. 0. 0. 0. 0.
    0. 0. 2.99000001e+00 2.69400001e+00 2.19899988e+00 2.08400011e+00
    2.06900001e+00 2.04500008e+00 2.02300000e+00 2.00900006e+00
    1.98599994e+00 1.94799995e+00 1.93200004e+00 1.93200004e+00 0. 0. 0.
    0. 0. 0. 0. 0. 0. 0. 0. 0. 0. 0. 0. 0. 0. 0. 0. 0. 0. 0. 0. 0. 0. 0.
    0. 0. 2.99000001e+00 2.68499994e+00 2.17499995e+00 2.06900001e+00
    2.06900001e+00 2.03099990e+00 2. 2. 1.98800004e+00 1.95700002e+00
    1.94400001e+00 1.94400001e+00 0. 0. 0. 0. 0. 0. 0. 0. 0. 0. 0. 0. 0.
    0. 0. 0. 0. 0. 0. 0. 0. 0. 0. 0. 0. 0. 0. 0. 2.99000001e+00
    2.68499994e+00 2.17499995e+00 2.06900001e+00 2.06900001e+00
    2.03099990e+00 2. 2. 1.99600005e+00 1.98599994e+00 1.98199999e+00
    1.98199999e+00 0. 0. 0. 0. 0. 0. 0. 0. 0. 0. 0. 0. 0. 0. 0. 0. 0. 0.
    0. 0. 0. 0. 0. 0. 0. 0. 0. 0. 2.72600007e+00 2.50900006e+00
    2.14499998e+00 2.06900001e+00 2.06900001e+00 2.04200006e+00
    2.01999998e+00 2.01999998e+00 2.01600003e+00 2.00500011e+00 2. 2. 0.
