<?xml version="1.0"?>
<opencv_storage>
<Depth type_id="opencv-matrix">
  <rows>40</rows>
  <cols>40</cols>
  <dt>f</dt>
  <data>
    0. 0. 0. 0. 0. 0. 0. 0. 0. 0. 0. 0. 0. 0. 0. 0. 0. 0. 0. 0. 0. 0. 0.
    0. 0. 0. 0. 0. 0. 0. 0. 0. 0. 0. 0. 0. 0. 0. 0. 0. 0. 0. 0. 0. 0. 0.
    0. 0. 0. 0. 0. 0. 0. 0. 0. 0. 0. 0. 0. 0. 0. 0. 0. 0. 0. 0. 0. 0. 0.
    0. 0. 0. 0. 0. 0. 0. 0. 0. 0. 0. 0. 0. 0. 0. 0. 0. 0. 0. 0. 0. 0. 0.
    0. 0. 0. 0. 0. 0. 0. 0. 0. 0. 0. 0. 0. 0. 0. 0. 0. 0. 0. 0. 0. 0. 0.
    0. 0. 0. 0. 0. 0. 0. 0. 0. 0. 0. 0. 0. 0. 0. 0. 0. 0. 0. 0. 0. 0. 0.
    0. 0. 0. 0. 0. 0. 0. 0. 0. 0. 0. 0. 0. 0. 0. 0. 0. 0. 0. 0. 0. 0. 0.
    0. 0. 0. 0. 0. 0. 0. 0. 0. 0. 0. 0. 0. 0. 0. 0. 0. 0. 0. 0. 0. 0. 0.
    0. 0. 0. 0. 0. 0. 0. 0. 0. 0. 0. 0. 0. 0. 0. 0. 0. 0. 0. 0. 0. 0. 0.
    0. 0. 0. 0. 0. 0. 0. 0. 0. 0. 0. 0. 0. 0. 0. 0. 0. 0. 0. 0. 0. 0. 0.
    0. 0. 0. 0. 0. 0. 0. 0. 0. 0. 0. 0. 0. 0. 0. 0. 0. 0. 0. 0. 0. 0. 0.
    0. 0. 0. 0. 0. 0. 0. 0. 0. 0. 0. 0. 0. 0. 0. 0. 0. 0. 0. 0. 0. 0. 0.
    0. 0. 0. 0. 0. 0. 0. 0. 0. 0. 0. 0. 0. 0. 0. 0. 0. 0. 0. 0. 0. 0. 0.
    0. 0. 0. 0. 0. 0. 0. 0. 0. 0. 0. 0. 0. 0. 0. 0. 0. 0. 0. 0. 0. 0. 0.
    0. 0. 0. 0. 0. 0. 0. 0. 0. 0. 0. 0. 0. 0. 0. 0. 0. 0. 0. 0. 0. 0. 0.
    0. 0. 0. 0. 0. 0. 0. 0. 0. 0. 0. 0. 0. 0. 0. 0. 0. 0. 0. 0. 0. 0. 0.
    0. 0. 0. 0. 0. 0. 0. 0. 0. 0. 0. 0. 0. 0. 0. 0. 0. 0. 0. 0. 0. 0. 0.
    0. 0. 0. 0. 0. 0. 0. 0. 0. 0. 0. 0. 0. 0. 0. 0. 0. 0. 0. 0. 0. 0. 0.
    0. 0. 0. 0. 0. 0. 0. 0. 0. 0. 0. 0. 0. 0. 0. 0. 0. 0. 0. 0. 0. 0. 0.
    0. 0. 0. 0. 0. 0. 0. 0. 0. 0. 0. 0. 0. 0. 0. 0. 0. 0. 0. 0. 0. 0. 0.
    0. 0. 0. 0. 0. 0. 0. 0. 0. 0. 0. 0. 0. 1.74000001e+00 1.74000001e+00
    1.74000001e+00 1.74000001e+00 1.74000001e+00 1.74000001e+00
    1.74000001e+00 0. 0. 0. 0. 0. 0. 0. 0. 0. 0. 0. 0. 0. 0. 0. 0. 0. 0.
    0. 0. 0. 0. 0. 0. 0. 0. 0. 0. 0. 0. 0. 0. 1.20799994e+00
    1.74000001e+00 1.74000001e+00 1.74000001e+00 1.74100006e+00
    1.75199997e+00 1.75800002e+00 1.74600005e+00 0. 0. 0. 0. 0. 0. 0. 0.
    0. 0. 0. 0. 0. 0. 0. 0. 0. 0. 0. 0. 1.44200003e+00 1.44200003e+00
    1.44200003e+00 1.44200003e+00 1.41799998e+00 1.38499999e+00
    1.35300004e+00 1.32299995e+00 1.32299995e+00 1.31400001e+00
    1.28299999e+00 1.39600003e+00 1.65699995e+00 1.74000001e+00
    1.74000001e+00 1.74000001e+00 1.74199998e+00 1.77300000e+00
    1.78699994e+00 1.75699997e+00 0. 0. 0. 0. 0. 0. 0. 0. 0. 0. 0. 0. 0.
    0. 0. 0. 0. 0. 0. 0. 2. 2. 2. 2. 1.97300005e+00 1.93599999e+00
    1.89900005e+00 1.86600006e+00 1.86600006e+00 1.85599995e+00
    1.82099998e+00 1.79299998e+00 1.77400005e+00 1.76800001e+00
    1.76800001e+00 1.76800001e+00 1.76900005e+00 1.78900003e+00
    1.79400003e+00 1.75899994e+00 0. 0. 0. 0. 0. 0. 0. 0. 0. 0. 0. 0. 0.
    0. 0. 0. 0. 0. 0. 0. 2. 2. 2. 2. 1.97300005e+00 1.93599999e+00
    1.89900005e+00 1.86600006e+00 1.86600006e+00 1.85599995e+00
    1.82099998e+00 1.80299997e+00 1.80299997e+00 1.80299997e+00
    1.80299997e+00 1.80299997e+00 1.80299997e+00 1.80299997e+00
    1.79400003e+00 1.75899994e+00 0. 0. 0. 0. 0. 0. 0. 0. 0. 0. 0. 0. 0.
    0. 0. 0. 0. 0. 0. 1.17499995e+00 2. 2. 2. 2. 1.97300005e+00
    1.93599999e+00 1.91700006e+00 1.90199995e+00 1.90199995e+00
    1.89699996e+00 1.88199997e+00 1.86399996e+00 1.84399998e+00
    1.83700001e+00 1.83700001e+00 1.82099998e+00 1.80200005e+00
    1.78299999e+00 1.75899994e+00 1.72500002e+00 0. 0. 0. 0. 0.
    1.49399996e+00 2.03999996e+00 2.00200009e+00 2. 2. 2. 2. 2. 2. 2. 2.
    2. 2. 2. 2. 2. 2. 2. 2. 1.97300005e+00 1.93599999e+00 1.93200004e+00
    1.93200004e+00 1.93200004e+00 1.93200004e+00 1.93200004e+00
    1.91400003e+00 1.87800002e+00 1.86600006e+00 1.86600006e+00
    1.83200002e+00 1.79400003e+00 1.75899994e+00 1.72599995e+00
    1.69599998e+00 0. 0. 0. 0. 0. 1.84800005e+00 2.03999996e+00
    2.00200009e+00 2. 2. 2. 2. 2. 2. 2. 2. 2. 2. 2. 2. 2. 2. 2. 2.
    1.97300005e+00 1.93599999e+00 1.93200004e+00 1.93200004e+00
    1.93200004e+00 1.93200004e+00 1.93200004e+00 1.91400003e+00
    1.87800002e+00 1.86600006e+00 1.86600006e+00 1.81500006e+00
    1.75899994e+00 1.72500002e+00 1.69799995e+00 1.68599999e+00
    1.61500001e+00 0. 0. 1.13999999e+00 2.06900001e+00 2.06900001e+00
    2.04600000e+00 2.01600003e+00 2.00699997e+00 2. 2. 2. 2. 2. 2. 2. 2.
    2. 2. 2. 2. 2. 2.00399995e+00 2.01200008e+00 1.98699999e+00
    1.95000005e+00 1.94599998e+00 1.94500005e+00 1.93799996e+00
    1.93200004e+00 1.93200004e+00 1.91799998e+00 1.88900006e+00
    1.87500000e+00 1.86699998e+00 1.80499995e+00 1.73800004e+00
    1.70400000e+00 1.67999995e+00 1.67999995e+00 1.88399994e+00
    1.24600005e+00 1.10200000e+00 1.77900004e+00 2.06900001e+00
    2.06900001e+00 2.06200004e+00 2.05299997e+00 2.02500010e+00 2. 2. 2.
    2. 2. 2. 2. 2. 2. 2. 2. 2. 2. 2.01500010e+00 2.04399991e+00
    2.02500010e+00 1.98699999e+00 1.98399997e+00 1.98099995e+00
    1.95200002e+00 1.93200004e+00 1.93200004e+00 1.92799997e+00
    1.91900003e+00 1.89699996e+00 1.86899996e+00 1.80499995e+00
    1.73800004e+00 1.70400000e+00 1.67999995e+00 1.67999995e+00 2. 2.
    2.01399994e+00 2.05299997e+00 2.06900001e+00 2.06900001e+00
    2.06900001e+00 2.06900001e+00 2.03200006e+00 2. 2. 2. 2. 2. 2.
    2.00900006e+00 2.02099991e+00 2.02200007e+00 2.02200007e+00
    2.02200007e+00 2.02200007e+00 2.02200007e+00 2.03500009e+00
    2.06100011e+00 2.05900002e+00 2.04600000e+00 2.02200007e+00
    1.99600005e+00 1.95899999e+00 1.93200004e+00 1.93200004e+00
    1.93799996e+00 1.95000005e+00 1.91999996e+00 1.87199998e+00
    1.82400000e+00 1.71700001e+00 0. 0. 0. 2. 2. 2.01399994e+00
    2.05299997e+00 2.06900001e+00 2.06900001e+00 2.06900001e+00
    2.06900001e+00 2.03200006e+00 2. 2. 2. 2. 2. 2. 2.02500010e+00
    2.05800009e+00 2.05999994e+00 2.05999994e+00 2.05999994e+00
    2.05999994e+00 2.05999994e+00 2.06299996e+00 2.06800008e+00
    2.08999991e+00 2.11999989e+00 2.06100011e+00 1.99600005e+00
    1.95899999e+00 1.93200004e+00 1.93200004e+00 1.94799995e+00
    1.98099995e+00 1.94400001e+00 1.87399995e+00 1.85800004e+00
    1.68200004e+00 0. 0. 0. 2. 2. 2.01399994e+00 2.05299997e+00
    2.06900001e+00 2.06900001e+00 2.06900001e+00 2.06900001e+00
    2.03200006e+00 2. 2. 2. 2. 2. 2. 2.02800012e+00 2.06599998e+00
    2.06900001e+00 2.06900001e+00 2.06900001e+00 2.06900001e+00
    2.06900001e+00 2.07800007e+00 2.09500003e+00 2.11599994e+00
    2.13899994e+00 1.03999996e+00 0. 1.17499995e+00 1.96099997e+00
    1.96099997e+00 1.41499996e+00 0. 0. 0. 0. 0. 0. 0. 0. 2. 2.
    2.01399994e+00 2.05299997e+00 2.06900001e+00 2.06900001e+00
    2.06900001e+00 2.06900001e+00 2.03200006e+00 2. 2. 2. 2. 2. 2.
    2.02800012e+00 2.06599998e+00 2.06900001e+00 2.06900001e+00
    2.06900001e+00 2.06900001e+00 2.06900001e+00 2.08899999e+00
    2.12800002e+00 2.14000010e+00 2.14100003e+00 0. 0. 0. 1.99800003e+00
    1.99800003e+00 0. 0. 0. 0. 0. 0. 0. 0. 0. 1.96399999e+00
    1.96399999e+00 1.98599994e+00 2.04399991e+00 2.06900001e+00
    2.06900001e+00 2.06900001e+00 2.06900001e+00 2.03200006e+00 2. 2. 2.
    2. 2. 2. 2.02800012e+00 2.06599998e+00 2.06900001e+00 2.07200003e+00
    2.09299994e+00 2.10700011e+00 2.10700011e+00 2.24600005e+00
    2.51500010e+00 2.59200001e+00 2.59200001e+00 1.42100000e+00 0.
    1.67400002e+00 2.06399989e+00 0. 0. 0. 0. 0. 0. 0. 0. 0. 0.
    1.93200004e+00 1.93200004e+00 1.96099997e+00 2.03600001e+00
    2.06900001e+00 2.06900001e+00 2.06900001e+00 2.06900001e+00
    2.03200006e+00 2. 2. 2. 2. 2. 2. 2.02600002e+00 2.06100011e+00
    2.10700011e+00 2.15199995e+00 2.18899989e+00 2.21399999e+00
    2.21399999e+00 2.43600011e+00 2.86599994e+00 2.99000001e+00
    2.99000001e+00 2.74000001e+00 2.49699998e+00 2.54800010e+00
    1.69599998e+00 0. 0. 0. 0. 0. 0. 0. 0. 0. 0. 1.93200004e+00
    1.93200004e+00 1.96099997e+00 2.03600001e+00 2.06900001e+00
    2.06900001e+00 2.06900001e+00 2.06900001e+00 2.03200006e+00 2. 2. 2.
    2. 2. 2. 2.00999999e+00 2.02399993e+00 2.35200000e+00 2.66000009e+00
    2.67400002e+00 2.68400002e+00 2.68400002e+00 2.77099991e+00
