<?xml version="1.0"?>
<opencv_storage>
<Depth type_id="opencv-matrix">
  <rows>40</rows>
  <cols>40</cols>
  <dt>f</dt>
  <data>
    0. 0. 0. 2.26600003e+00 2.26600003e+00 2.26600003e+00 2.26600003e+00
    2.25900006e+00 2.21900010e+00 2.19700003e+00 2.19700003e+00
    2.14199996e+00 2.06500006e+00 2.06299996e+00 2.03699994e+00
    1.92999995e+00 1.82599998e+00 1.72599995e+00 1.66400003e+00
    1.61399996e+00 1.58399999e+00 1.55999994e+00 1.54900002e+00
    1.54499996e+00 1.54499996e+00 1.54499996e+00 1.54499996e+00
    1.54499996e+00 1.54499996e+00 1.54499996e+00 1.53299999e+00
    1.51400006e+00 1.50300002e+00 1.48800004e+00 1.46000004e+00
    1.44400001e+00 0. 0. 0. 0. 0. 0. 0. 2.26600003e+00 2.26600003e+00
    2.26600003e+00 2.26600003e+00 2.25900006e+00 2.21900010e+00
    2.19700003e+00 2.19700003e+00 2.14199996e+00 2.06500006e+00
    2.06299996e+00 2.03699994e+00 1.92999995e+00 1.82599998e+00
    1.72599995e+00 1.67799997e+00 1.64499998e+00 1.61399996e+00
    1.58399999e+00 1.55700004e+00 1.54499996e+00 1.54499996e+00
    1.54499996e+00 1.54499996e+00 1.54499996e+00 1.54499996e+00
    1.54499996e+00 1.54400003e+00 1.54200006e+00 1.51600003e+00
    1.48800004e+00 1.46000004e+00 1.44400001e+00 0. 0. 0. 0. 0. 0. 0.
    2.26600003e+00 2.26600003e+00 2.26600003e+00 2.26600003e+00
    2.26300001e+00 2.24399996e+00 2.23300004e+00 2.23300004e+00
    2.17799997e+00 2.09899998e+00 2.05999994e+00 2. 1.87699997e+00
    1.78299999e+00 1.71800005e+00 1.67999995e+00 1.64900005e+00
    1.61699998e+00 1.59200001e+00 1.57700002e+00 1.56299996e+00
    1.54700005e+00 1.54499996e+00 1.54499996e+00 1.54499996e+00
    1.54499996e+00 1.54499996e+00 1.54499996e+00 1.54499996e+00
    1.53199995e+00 1.51499999e+00 1.48599994e+00 1.47000003e+00 0. 0. 0.
    0. 0. 0. 0. 2.26600003e+00 2.26600003e+00 2.26600003e+00
    2.26600003e+00 2.26600003e+00 2.26600003e+00 2.26600003e+00
    2.26600003e+00 2.21000004e+00 2.13100004e+00 2.05599999e+00
    1.96599996e+00 1.82799995e+00 1.74300003e+00 1.71099997e+00
    1.68200004e+00 1.65400004e+00 1.61899996e+00 1.59599996e+00
    1.59599996e+00 1.58099997e+00 1.55400002e+00 1.54999995e+00
    1.54999995e+00 1.54999995e+00 1.54999995e+00 1.54999995e+00
    1.54999995e+00 1.54999995e+00 1.54700005e+00 1.53999996e+00
    1.51300001e+00 1.49899995e+00 0. 0. 0. 0. 0. 0. 0. 2.26600003e+00
    2.26600003e+00 2.26600003e+00 2.26600003e+00 2.26600003e+00
    2.26600003e+00 2.26600003e+00 2.26600003e+00 2.21000004e+00
    2.13100004e+00 2.05599999e+00 1.96599996e+00 1.82799995e+00
    1.74300003e+00 1.71099997e+00 1.69599998e+00 1.68400002e+00
    1.63199997e+00 1.59599996e+00 1.59599996e+00 1.59000003e+00
    1.58099997e+00 1.57900000e+00 1.57900000e+00 1.57900000e+00
    1.57900000e+00 1.57900000e+00 1.57900000e+00 1.57900000e+00
    1.56099999e+00 1.54299998e+00 1.53400004e+00 1.52800000e+00 0. 0. 0.
    0. 0. 0. 0. 2.28399992e+00 2.28399992e+00 2.28399992e+00
    2.27500010e+00 2.26600003e+00 2.26600003e+00 2.26200008e+00
    2.25099993e+00 2.19300008e+00 2.11400008e+00 2.04900002e+00
    1.96800005e+00 1.83800006e+00 1.75800002e+00 1.72500002e+00
    1.71200001e+00 1.70099998e+00 1.64699996e+00 1.61000001e+00
    1.61000001e+00 1.61000001e+00 1.61000001e+00 1.61000001e+00
    1.61000001e+00 1.61000001e+00 1.60699999e+00 1.59899998e+00
    1.59599996e+00 1.59599996e+00 1.56900001e+00 1.54499996e+00
    1.54499996e+00 1.54499996e+00 0. 0. 0. 0. 0. 0. 0. 2.32599998e+00
    2.32599998e+00 2.32599998e+00 2.29500008e+00 2.26600003e+00
    2.26600003e+00 2.25099993e+00 2.21799994e+00 2.15400004e+00
    2.07599998e+00 2.03200006e+00 1.97300005e+00 1.86199999e+00
    1.79100001e+00 1.75800002e+00 1.73000002e+00 1.70200002e+00
    1.66600001e+00 1.64100003e+00 1.64100003e+00 1.64100003e+00
    1.64100003e+00 1.64100003e+00 1.64100003e+00 1.64100003e+00
    1.63100004e+00 1.60500002e+00 1.59599996e+00 1.59599996e+00
    1.56900001e+00 1.54499996e+00 1.54499996e+00 1.54499996e+00 0. 0. 0.
    0. 0. 0. 0. 2.36800003e+00 2.35700011e+00 2.33999991e+00
    2.31599998e+00 2.29200006e+00 2.27600002e+00 2.24900007e+00
    2.20900011e+00 2.14199996e+00 2.06500006e+00 2.01300001e+00
    1.94900000e+00 1.84500003e+00 1.78400004e+00 1.76400006e+00
    1.74500000e+00 1.72500002e+00 1.69400001e+00 1.67200005e+00
    1.67200005e+00 1.66499996e+00 1.65199995e+00 1.64999998e+00
    1.64999998e+00 1.64999998e+00 1.63800001e+00 1.60699999e+00
    1.59599996e+00 1.59599996e+00 1.56900001e+00 1.54499996e+00
    1.54499996e+00 1.54499996e+00 0. 0. 0. 0. 0. 0. 0. 2.41000009e+00
    2.38400006e+00 2.34200001e+00 2.33699989e+00 2.32999992e+00
    2.28900003e+00 2.24900007e+00 2.20900011e+00 2.14199996e+00
    2.06500006e+00 1.99300003e+00 1.91299999e+00 1.81099999e+00
    1.76100004e+00 1.75999999e+00 1.75999999e+00 1.75800002e+00
    1.72500002e+00 1.70299995e+00 1.70299995e+00 1.68499994e+00
    1.65499997e+00 1.64999998e+00 1.64999998e+00 1.64999998e+00
    1.63800001e+00 1.60699999e+00 1.59599996e+00 1.59599996e+00
    1.56900001e+00 1.54499996e+00 1.54499996e+00 1.54499996e+00 0. 0. 0.
    0. 0. 0. 0. 2.41100001e+00 2.38400006e+00 2.34200001e+00
    2.33800006e+00 2.33100009e+00 2.28900003e+00 2.23900008e+00
    2.17700005e+00 2.11999989e+00 2.06399989e+00 1.99199998e+00
    1.91199994e+00 1.80999994e+00 1.75999999e+00 1.75999999e+00
    1.75999999e+00 1.75899994e+00 1.74500000e+00 1.73599994e+00
    1.73599994e+00 1.72800004e+00 1.71399999e+00 1.69599998e+00
    1.67999995e+00 1.67999995e+00 1.66199994e+00 1.61300004e+00
    1.59599996e+00 1.59599996e+00 1.58399999e+00 1.57099998e+00
    1.55400002e+00 1.54499996e+00 0. 0. 0. 0. 0. 0. 0. 2.41100001e+00
    2.38400006e+00 2.34200001e+00 2.33800006e+00 2.33100009e+00
    2.28900003e+00 2.23099995e+00 2.15199995e+00 2.09800005e+00
    2.05500007e+00 1.98399997e+00 1.90600002e+00 1.81299996e+00
    1.76800001e+00 1.76800001e+00 1.76400006e+00 1.75999999e+00
    1.75999999e+00 1.75999999e+00 1.75999999e+00 1.75999999e+00
    1.75999999e+00 1.73199999e+00 1.70400000e+00 1.70400000e+00
    1.68200004e+00 1.62399995e+00 1.60099995e+00 1.59599996e+00
    1.59599996e+00 1.57599998e+00 1.46899998e+00 1.41199994e+00 0. 0. 0.
    0. 0. 0. 0. 2.41100001e+00 2.38400006e+00 2.34200001e+00
    2.33800006e+00 2.33100009e+00 2.28900003e+00 2.23099995e+00
    2.15199995e+00 2.08400011e+00 2.01900005e+00 1.94799995e+00
    1.88100004e+00 1.82799995e+00 1.80200005e+00 1.80200005e+00
    1.78299999e+00 1.75999999e+00 1.75999999e+00 1.75999999e+00
    1.75999999e+00 1.75999999e+00 1.75999999e+00 1.73199999e+00
    1.70400000e+00 1.70400000e+00 1.68900001e+00 1.64900005e+00
    1.62000000e+00 1.59800005e+00 1.59599996e+00 1.51499999e+00
    1.09099996e+00 0. 0. 0. 0. 0. 0. 0. 0. 2.41100001e+00 2.38400006e+00
    2.34200001e+00 2.33800006e+00 2.33100009e+00 2.28900003e+00
    2.23099995e+00 2.15199995e+00 2.07599998e+00 2.00200009e+00
    1.93099999e+00 1.86899996e+00 1.83500004e+00 1.81799996e+00
    1.81799996e+00 1.79200006e+00 1.75999999e+00 1.75999999e+00
    1.76300001e+00 1.77300000e+00 1.77699995e+00 1.77699995e+00
    1.74899995e+00 1.71899998e+00 1.71000004e+00 1.69200003e+00
    1.66100001e+00 1.63600004e+00 1.61399996e+00 1.45099998e+00
    1.23000002e+00 0. 0. 0. 0. 0. 0. 0. 0. 0. 2.41100001e+00
    2.38400006e+00 2.34200001e+00 2.33800006e+00 2.33100009e+00
    2.28900003e+00 2.23099995e+00 2.15199995e+00 2.07599998e+00
    2.00200009e+00 1.93099999e+00 1.86899996e+00 1.83500004e+00
    1.81799996e+00 1.81799996e+00 1.79200006e+00 1.75999999e+00
    1.75999999e+00 1.76900005e+00 1.79799998e+00 1.81099999e+00
    1.81099999e+00 1.78199995e+00 1.74899995e+00 1.72099996e+00
    1.69200003e+00 1.66100001e+00 1.64699996e+00 1.64300001e+00
    1.16600001e+00 0. 0. 0. 0. 0. 0. 0. 0. 0. 0. 2.44499993e+00
    2.41799998e+00 2.37500000e+00 2.33699989e+00 2.29600000e+00
    2.23699999e+00 2.17799997e+00 2.11700010e+00 2.05900002e+00
    2.00099993e+00 1.93099999e+00 1.86899996e+00 1.83500004e+00
