<?xml version="1.0"?>
<opencv_storage>
<Depth type_id="opencv-matrix">
  <rows>40</rows>
  <cols>40</cols>
  <dt>f</dt>
  <data>
    0. 0. 0. 0. 0. 0. 0. 0. 0. 0. 0. 0. 0. 0. 0. 0. 0. 0. 0. 0. 0. 0. 0.
    0. 0. 0. 0. 0. 0. 0. 0. 0. 0. 0. 0. 0. 0. 0. 0. 0. 0. 0. 0. 0. 0. 0.
    0. 0. 0. 0. 0. 0. 0. 0. 0. 0. 0. 0. 0. 0. 0. 0. 0. 0. 0. 0. 0. 0. 0.
    0. 0. 0. 0. 0. 0. 0. 0. 0. 0. 0. 0. 0. 0. 0. 0. 0. 0. 0. 0. 0. 0. 0.
    0. 0. 0. 0. 0. 0. 0. 0. 0. 0. 0. 0. 0. 0. 0. 0. 0. 0. 0. 0. 0. 0. 0.
    0. 0. 0. 0. 0. 0. 0. 0. 0. 0. 0. 0. 0. 0. 0. 0. 0. 0. 0. 0. 0. 0. 0.
    0. 0. 0. 0. 0. 0. 0. 0. 0. 0. 0. 0. 0. 0. 0. 0. 0. 0. 0. 0. 0. 0. 0.
    0. 0. 0. 0. 0. 0. 0. 0. 0. 0. 0. 0. 0. 0. 0. 0. 0. 0. 0. 0. 0. 0. 0.
    0. 0. 0. 0. 0. 0. 0. 0. 0. 0. 0. 0. 0. 0. 0. 0. 0. 0. 0. 0. 0. 0. 0.
    0. 0. 0. 0. 0. 0. 0. 0. 0. 0. 0. 0. 0. 0. 0. 0. 0. 0. 0. 0. 0. 0. 0.
    0. 0. 0. 0. 0. 0. 0. 0. 0. 0. 0. 0. 0. 0. 0. 0. 0. 0. 0. 0. 0. 0. 0.
    0. 0. 0. 0. 0. 0. 0. 0. 0. 0. 0. 0. 0. 0. 0. 0. 0. 0. 0. 0. 0. 0. 0.
    0. 0. 0. 0. 0. 0. 0. 0. 0. 0. 0. 0. 0. 0. 0. 0. 0. 0. 0. 0. 0. 0. 0.
    0. 0. 0. 0. 0. 0. 0. 0. 0. 0. 0. 0. 0. 0. 0. 0. 0. 0. 0. 0. 0. 0. 0.
    0. 0. 0. 0. 0. 0. 0. 0. 0. 0. 0. 0. 0. 0. 0. 0. 0. 0. 0. 0. 0. 0. 0.
    0. 0. 0. 0. 0. 0. 0. 0. 0. 0. 0. 0. 0. 0. 0. 0. 0. 0. 0. 0. 0. 0. 0.
    0. 0. 0. 0. 0. 0. 0. 0. 0. 0. 0. 0. 0. 0. 0. 0. 0. 0. 0. 0. 0. 0. 0.
    0. 0. 0. 0. 0. 0. 0. 0. 0. 0. 0. 0. 0. 0. 0. 0. 0. 0. 0. 0. 0. 0. 0.
    0. 0. 0. 0. 0. 0. 0. 0. 0. 0. 0. 0. 0. 0. 0. 0. 0. 0. 0. 0. 0. 0. 0.
    0. 0. 0. 0. 0. 0. 0. 0. 0. 0. 0. 0. 0. 0. 0. 0. 0. 0. 0. 0. 0. 0. 0.
    0. 0. 0. 0. 0. 0. 0. 0. 0. 0. 0. 0. 0. 0. 0. 0. 0. 0. 0. 0. 0.
    2.37700009e+00 2.37700009e+00 2.37700009e+00 2.37700009e+00
    2.37700009e+00 2.37700009e+00 2.37700009e+00 2.37700009e+00
    2.37700009e+00 2.37700009e+00 2.35899997e+00 2.29299998e+00
    2.22700000e+00 2.18400002e+00 2.18400002e+00 2.18400002e+00
    2.18400002e+00 2.18400002e+00 2.18400002e+00 2.18400002e+00
    2.18400002e+00 2.18400002e+00 2.18400002e+00 2.18400002e+00
    2.18400002e+00 2.14199996e+00 2.07900000e+00 2.01600003e+00 2. 2. 2.
    2. 2. 2. 2. 2. 2. 2. 0. 0. 2.37400007e+00 2.37400007e+00
    2.37400007e+00 2.37400007e+00 2.37400007e+00 2.37299991e+00
    2.37299991e+00 2.37199998e+00 2.37100005e+00 2.36999989e+00
    2.35200000e+00 2.28600001e+00 2.22099996e+00 2.17899990e+00
    2.18000007e+00 2.18099999e+00 2.18199992e+00 2.18199992e+00
    2.18199992e+00 2.18199992e+00 2.18199992e+00 2.18199992e+00
    2.18199992e+00 2.18199992e+00 2.18199992e+00 2.14000010e+00
    2.07800007e+00 2.01600003e+00 2. 2. 2. 2. 2. 2. 2. 2. 2. 2. 0. 0.
    2.30800009e+00 2.30800009e+00 2.30800009e+00 2.30800009e+00
    2.30599999e+00 2.28299999e+00 2.26099992e+00 2.23900008e+00
    2.21700001e+00 2.19600010e+00 2.16899991e+00 2.12599993e+00
    2.08400011e+00 2.06399989e+00 2.08500004e+00 2.10599995e+00
    2.11899996e+00 2.11899996e+00 2.11899996e+00 2.11899996e+00
    2.11899996e+00 2.11899996e+00 2.11899996e+00 2.11899996e+00
    2.11899996e+00 2.09100008e+00 2.05100012e+00 2.00999999e+00 2. 2. 2.
    2. 2. 2. 2. 2. 2. 2. 0. 0. 2.24200010e+00 2.24200010e+00
    2.24200010e+00 2.24200010e+00 2.23699999e+00 2.19300008e+00
    2.14899993e+00 2.10599995e+00 2.06399989e+00 2.02200007e+00
    1.98599994e+00 1.96599996e+00 1.94599998e+00 1.94799995e+00
    1.99000001e+00 2.03200006e+00 2.05599999e+00 2.05599999e+00
    2.05599999e+00 2.05599999e+00 2.05599999e+00 2.05599999e+00
    2.05599999e+00 2.05599999e+00 2.05599999e+00 2.04299998e+00
    2.02399993e+00 2.00500011e+00 2. 2. 2. 2. 2. 2. 2. 2. 2. 2. 0. 0.
    2.17700005e+00 2.17700005e+00 2.17700005e+00 2.17700005e+00
    2.16899991e+00 2.10899997e+00 2.04900002e+00 1.98800004e+00
    1.92799997e+00 1.86800003e+00 1.82500005e+00 1.82500005e+00
    1.82500005e+00 1.84599996e+00 1.90600002e+00 1.96599996e+00 2. 2. 2.
    2. 2. 2. 2. 2. 2. 2. 2. 2. 1.99800003e+00 1.99600005e+00
    1.99300003e+00 1.99300003e+00 1.99300003e+00 1.99300003e+00
    1.98500001e+00 1.97599995e+00 1.96800005e+00 1.96700001e+00 0. 0.
    2.11400008e+00 2.11400008e+00 2.11400008e+00 2.11400008e+00
    2.10899997e+00 2.06999993e+00 2.03099990e+00 1.98800004e+00
    1.92799997e+00 1.86800003e+00 1.82500005e+00 1.82500005e+00
    1.82500005e+00 1.84599996e+00 1.90600002e+00 1.96599996e+00 2. 2. 2.
    2. 2. 2. 2. 2. 2. 2. 2. 2. 1.98300004e+00 1.96000004e+00
    1.93700004e+00 1.93299997e+00 1.93299997e+00 1.93299997e+00
    1.85800004e+00 1.77600002e+00 1.69299996e+00 1.69200003e+00 0. 0.
    2.05100012e+00 2.05100012e+00 2.05100012e+00 2.05100012e+00
    2.04900002e+00 2.03099990e+00 2.01399994e+00 1.98800004e+00
    1.92799997e+00 1.86800003e+00 1.82500005e+00 1.82500005e+00
    1.82500005e+00 1.84599996e+00 1.90600002e+00 1.96599996e+00 2. 2. 2.
    2. 2. 2. 2. 2. 2. 2. 2. 2. 1.96800005e+00 1.92400002e+00
    1.88100004e+00 1.87300003e+00 1.87300003e+00 1.87300003e+00
    1.73199999e+00 1.57500005e+00 1.41900003e+00 1.41600001e+00 0. 0. 2.
    2. 2. 2. 2. 2. 2. 1.98899996e+00 1.93299997e+00 1.87699997e+00
    1.83700001e+00 1.83700001e+00 1.83700001e+00 1.85699999e+00
    1.91199994e+00 1.96800005e+00 2. 2. 2. 2. 2. 2. 2. 2. 2. 2. 2. 2.
    1.95500004e+00 1.89499998e+00 1.83500004e+00 1.82500005e+00
    1.82500005e+00 1.82500005e+00 1.63000000e+00 1.41400003e+00
    1.19900000e+00 1.19500005e+00 0. 0. 2. 2. 2. 2. 2. 2. 2.
    1.99300003e+00 1.95799994e+00 1.92200005e+00 1.89699996e+00
    1.89699996e+00 1.89699996e+00 1.90900004e+00 1.94500005e+00
    1.98000002e+00 2. 2. 2. 2. 2. 2. 2. 2. 2. 2. 2. 2. 1.95500004e+00
    1.89499998e+00 1.83500004e+00 1.82500005e+00 1.82500005e+00
    1.82500005e+00 1.63000000e+00 1.41400003e+00 1.19900000e+00
    1.19500005e+00 0. 0. 2. 2. 2. 2. 2. 2. 2. 1.99699998e+00
    1.98199999e+00 1.96700001e+00 1.95700002e+00 1.95700002e+00
    1.95700002e+00 1.96200001e+00 1.97700000e+00 1.99199998e+00 2. 2. 2.
    2. 2. 2. 2. 2. 2. 2. 2. 2. 1.95500004e+00 1.89499998e+00
    1.83500004e+00 1.82500005e+00 1.82500005e+00 1.82500005e+00
    1.63000000e+00 1.41400003e+00 1.19900000e+00 1.19500005e+00 0. 0. 2.
    2. 2. 2. 2. 2. 2. 2. 2. 2. 2. 2. 2. 2. 2. 2. 2. 2. 2. 2. 2. 2. 2. 2.
    2. 2.00399995e+00 2.00999999e+00 2.01600003e+00 1.97700000e+00
    1.92299998e+00 1.86800003e+00 1.85399997e+00 1.84800005e+00
    1.84200001e+00 1.66499996e+00 1.46899998e+00 1.27400005e+00
    1.27100003e+00 0. 0. 2. 2. 2. 2. 2. 2. 2. 2. 2. 2. 2. 2. 2. 2. 2. 2.
    2. 2. 2. 2. 2. 2. 2. 2. 2. 2.01799989e+00 2.04600000e+00
    2.07299995e+00 2.05500007e+00 2.02099991e+00 1.98800004e+00
    1.95899999e+00 1.93200004e+00 1.90400004e+00 1.79100001e+00
    1.66999996e+00 1.54799998e+00 1.54600000e+00 0. 0. 2. 2. 2. 2. 2. 2.
    2. 2. 2. 2. 2. 2. 2. 2. 2. 2. 2. 2. 2. 2. 2. 2. 2. 2. 2.
    2.03299999e+00 2.08200002e+00 2.13100004e+00 2.13299990e+00
    2.11999989e+00 2.10700011e+00 2.06399989e+00 2.01500010e+00
    1.96599996e+00 1.91799998e+00 1.87000000e+00 1.82299995e+00
    1.82200003e+00 0. 0. 2. 2. 2. 2. 2. 2. 2. 2. 2. 2. 2. 2. 2. 2. 2. 2.
    2. 2. 2. 2. 2. 2. 2. 2. 2. 2.04200006e+00 2.10500002e+00
    2.16799998e+00 2.18400002e+00 2.18400002e+00 2.18400002e+00
    2.13199997e+00 2.06900001e+00 2.00600004e+00 2. 2. 2. 2. 0. 0. 2. 2.
    2. 2. 2. 2. 2. 2. 2. 2. 2. 2. 2. 2. 2. 2. 2. 2. 2. 2. 2. 2. 2. 2. 2.
    2.04200006e+00 2.10500002e+00 2.16799998e+00 2.18400002e+00
    2.18400002e+00 2.18400002e+00 2.13199997e+00 2.06900001e+00
    2.00600004e+00 2. 2. 2. 2. 0. 0. 0. 0. 0. 0. 0. 0. 0. 0. 0. 0. 0. 0.
    0. 0. 0. 0. 0. 0. 0. 0. 0. 0. 0. 0. 0. 0. 0. 0. 0. 0. 0. 0. 0. 0. 0.
    0. 0. 0. 0. 0. 0. 0. 0. 0. 0. 0. 0. 0. 0. 0. 0. 0. 0. 0. 0. 0. 0. 0.
    0. 0. 0. 0. 0. 0. 0. 0. 0. 0. 0. 0. 0. 0. 0. 0. 0. 0. 0. 0. 0. 0. 0.
    0. 0. 0. 0. 0. 0. 0. 0. 0. 0. 0. 0. 0. 0. 0. 0. 0. 0. 0. 0. 0. 0. 0.
    0. 0. 0. 0. 0. 0. 0. 0. 0. 0. 0. 0. 0. 0. 0. 0. 0. 0. 0. 0. 0. 0. 0.
    0. 0. 0. 0. 0. 0. 0. 0. 0. 0. 0. 0. 0. 0. 0. 0. 0. 0. 0. 0. 0. 0. 0.
