<?xml version="1.0"?>
<opencv_storage>
<Depth type_id="opencv-matrix">
  <rows>40</rows>
  <cols>40</cols>
  <dt>f</dt>
  <data>
    0. 0. 0. 0. 0. 0. 0. 0. 0. 0. 0. 2.07100010e+00 2.07100010e+00
    2.07100010e+00 2.07100010e+00 2.07100010e+00 2.04399991e+00
    2.03500009e+00 2.02399993e+00 2. 2. 2. 1.98599994e+00 1.96500003e+00
    1.96500003e+00 0. 0. 0. 0. 0. 0. 0. 0. 0. 0. 0. 0. 0. 0. 0. 0. 0. 0.
    0. 0. 0. 0. 0. 0. 0. 0. 2.07100010e+00 2.07100010e+00 2.07100010e+00
    2.06599998e+00 2.04800010e+00 2.03800011e+00 2.03500009e+00
    2.02399993e+00 2. 2. 2. 1.98599994e+00 1.96500003e+00 1.96500003e+00
    0. 0. 0. 0. 0. 0. 0. 0. 0. 0. 0. 0. 0. 0. 0. 0. 0. 0. 0. 0. 0. 0. 0.
    0. 0. 0. 2.05500007e+00 2.05500007e+00 2.06200004e+00 2.06399989e+00
    2.03600001e+00 2.03500009e+00 2.03500009e+00 2.02900004e+00
    2.01500010e+00 2.01500010e+00 2.00600004e+00 1.98599994e+00
    1.96500003e+00 1.96500003e+00 0. 0. 0. 0. 0. 0. 0. 0. 0. 0. 0. 0. 0.
    0. 0. 0. 0. 0. 0. 0. 0. 0. 0. 0. 0. 0. 2.03500009e+00 2.03500009e+00
    2.05100012e+00 2.06399989e+00 2.03600001e+00 2.03500009e+00
    2.03500009e+00 2.03500009e+00 2.03500009e+00 2.03500009e+00
    2.01799989e+00 1.99300003e+00 1.97200000e+00 1.97200000e+00 0. 0. 0.
    0. 0. 0. 0. 0. 0. 0. 0. 0. 0. 0. 0. 0. 0. 0. 0. 0. 0. 0. 0. 0. 0. 0.
    2.03500009e+00 2.03500009e+00 2.05100012e+00 2.06399989e+00
    2.03600001e+00 2.03500009e+00 2.03500009e+00 2.03500009e+00
    2.03500009e+00 2.03500009e+00 2.03500009e+00 2.02099991e+00
    1.99899995e+00 1.99899995e+00 2.04299998e+00 0. 0. 0. 0. 0. 0. 0. 0.
    0. 0. 0. 0. 0. 0. 0. 0. 0. 0. 0. 0. 0. 0. 0. 0. 0. 2.03500009e+00
    2.05299997e+00 2.06599998e+00 2.06399989e+00 2.03600001e+00
    2.03500009e+00 2.03500009e+00 2.03500009e+00 2.03500009e+00
    2.03500009e+00 2.01900005e+00 2.00500011e+00 1.99600005e+00
    1.97500002e+00 1.97399998e+00 0. 0. 0. 0. 0. 0. 0. 0. 0. 0. 0. 0. 0.
    0. 0. 0. 0. 0. 0. 0. 0. 0. 0. 0. 0. 2.05399990e+00 2.06500006e+00
    2.07100010e+00 2.06399989e+00 2.03600001e+00 2.03500009e+00
    2.03500009e+00 2.03500009e+00 2.03500009e+00 2.03500009e+00
    2.01300001e+00 2. 1.99399996e+00 1.96700001e+00 1.96500003e+00 0. 0.
    0. 0. 0. 0. 0. 0. 0. 0. 0. 0. 0. 0. 0. 0. 0. 0. 0. 0. 0. 0. 0. 0. 0.
    2.07100010e+00 2.07100010e+00 2.06599998e+00 2.05500007e+00
    2.03600001e+00 2.03500009e+00 2.03500009e+00 2.03500009e+00
    2.03399992e+00 2.02600002e+00 2.00900006e+00 2. 1.99399996e+00
    1.96700001e+00 1.96500003e+00 0. 0. 0. 0. 0. 0. 0. 0. 0. 0. 0. 0. 0.
    0. 0. 0. 0. 0. 0. 0. 0. 0. 0. 0. 0. 2.28800011e+00 2.14499998e+00
    2.05500007e+00 2.03399992e+00 2.03200006e+00 2.03200006e+00
    2.03200006e+00 2.03299999e+00 2.03200006e+00 2.00500011e+00 2. 2.
    1.99399996e+00 1.96700001e+00 1.96500003e+00 0. 0. 0. 0. 0. 0. 0. 0.
    0. 0. 0. 0. 0. 0. 0. 0. 0. 0. 0. 0. 0. 0. 0. 0. 0. 0. 2.92300010e+00
    2.05500007e+00 2.02900004e+00 2.00600004e+00 2.00500011e+00
    2.00500011e+00 2.01399994e+00 2.03200006e+00 2.00500011e+00 2. 2.
    1.99399996e+00 1.96700001e+00 1.96500003e+00 0. 0. 0. 0. 0. 0. 0. 0.
    0. 0. 0. 0. 0. 0. 0. 0. 0. 0. 0. 0. 0. 0. 0. 0. 0. 0. 0.
    2.04299998e+00 2.02800012e+00 2.00099993e+00 2. 2. 2.01099992e+00
    2.03200006e+00 2.00500011e+00 2. 2. 1.99399996e+00 1.96700001e+00
    1.96500003e+00 0. 0. 0. 0. 0. 0. 0. 0. 0. 0. 0. 0. 0. 0. 0. 0. 0. 0.
    0. 0. 0. 0. 0. 0. 0. 0. 0. 2.03500009e+00 2.02800012e+00
    2.00099993e+00 2. 2. 2.00600004e+00 2.01999998e+00 2.00300002e+00 2.
    2. 1.99399996e+00 1.96700001e+00 1.95500004e+00 2.81999993e+00 0. 0.
    0. 0. 0. 0. 0. 0. 0. 0. 0. 0. 0. 0. 0. 0. 0. 0. 0. 0. 0. 0. 0. 0. 0.
    0. 2.03500009e+00 2.02800012e+00 2.00099993e+00 2. 2. 2. 2. 2. 2.
    1.99800003e+00 1.98899996e+00 1.96700001e+00 1.94099998e+00
    1.93099999e+00 2.70600009e+00 0. 0. 0. 0. 0. 0. 0. 0. 0. 0. 0. 0. 0.
    0. 0. 0. 0. 0. 0. 0. 0. 0. 0. 0. 0. 2.03500009e+00 2.02800012e+00
    2.00099993e+00 2. 2. 2. 2. 2. 2. 1.98699999e+00 1.96700001e+00
    1.96500003e+00 1.94099998e+00 1.93099999e+00 2.70600009e+00 0. 0. 0.
    0. 0. 0. 0. 0. 0. 0. 0. 0. 0. 0. 0. 0. 0. 0. 0. 0. 0. 0. 0. 0. 0.
    2.03500009e+00 2.03299999e+00 2.02500010e+00 2.00600004e+00 2. 2. 2.
    2. 2. 1.98599994e+00 1.96500003e+00 1.96500003e+00 1.94099998e+00
    1.93099999e+00 2.70600009e+00 0. 0. 0. 0. 0. 0. 0. 0. 0. 0. 0. 0. 0.
    0. 0. 0. 0. 0. 0. 0. 0. 0. 0. 0. 0. 2.03500009e+00 2.03500009e+00
    2.03500009e+00 2.02099991e+00 2.00799990e+00 2. 2. 2. 1.98899996e+00
    1.97599995e+00 1.96500003e+00 1.96500003e+00 1.94099998e+00
    1.93099999e+00 2.70600009e+00 0. 0. 0. 0. 0. 0. 0. 0. 0. 0. 0. 0. 0.
    0. 0. 0. 0. 0. 0. 0. 0. 0. 0. 0. 2.77900004e+00 2.02999997e+00
    2.03500009e+00 2.03500009e+00 2.03500009e+00 2.01699996e+00 2. 2. 2.
    1.97800004e+00 1.96500003e+00 1.96500003e+00 1.96500003e+00
    1.94700003e+00 1.94000006e+00 2.71199989e+00 0. 0. 0. 0. 0. 0. 0. 0.
    0. 0. 0. 0. 0. 0. 0. 0. 0. 0. 0. 0. 0. 0. 0. 2. 2. 2.01500010e+00
    2.03500009e+00 2.03500009e+00 2.03500009e+00 2.01699996e+00 2. 2. 2.
    1.97800004e+00 1.96500003e+00 1.96500003e+00 1.96500003e+00
    1.96500003e+00 1.96500003e+00 2.73099995e+00 0. 0. 0. 0. 0. 0. 0. 0.
    0. 0. 0. 0. 0. 0. 0. 0. 0. 0. 0. 0. 0. 0. 0. 2. 2. 2.01500010e+00
    2.03500009e+00 2.03500009e+00 2.03500009e+00 2.01699996e+00 2. 2. 2.
    1.97800004e+00 1.96500003e+00 1.96500003e+00 1.96500003e+00
    1.96500003e+00 1.96500003e+00 2.73099995e+00 0. 0. 0. 0. 0. 0. 0. 0.
    0. 0. 0. 0. 0. 0. 0. 0. 0. 0. 0. 0. 0. 0. 0. 0. 2.62500000e+00
    2.03900003e+00 2.03500009e+00 2.03500009e+00 2.03500009e+00
    2.01699996e+00 2. 2. 2. 1.97800004e+00 1.96500003e+00 1.96500003e+00
    1.96500003e+00 1.96500003e+00 1.96500003e+00 2.28600001e+00 0. 0. 0.
    0. 0. 0. 0. 0. 0. 0. 0. 0. 0. 0. 0. 0. 0. 0. 0. 0. 0. 0. 0. 0. 0.
    2.64800000e+00 2.03500009e+00 2.03500009e+00 2.03500009e+00
    2.01699996e+00 2. 2. 2. 1.97800004e+00 1.96500003e+00 1.96500003e+00
    1.96500003e+00 1.96500003e+00 1.96500003e+00 1.96500003e+00
    1.96500003e+00 0. 0. 0. 0. 0. 0. 0. 0. 0. 0. 0. 0. 0. 0. 0. 0. 0. 0.
    0. 0. 0. 0. 0. 0. 0. 2.03500009e+00 2.03500009e+00 2.03500009e+00
    2.01699996e+00 2. 2. 2. 1.97800004e+00 1.96500003e+00 1.96500003e+00
    1.96500003e+00 1.96500003e+00 1.96500003e+00 1.96500003e+00
    1.96500003e+00 0. 0. 0. 0. 0. 0. 0. 0. 0. 0. 0. 0. 0. 0. 0. 0. 0. 0.
    0. 0. 0. 0. 0. 0. 0. 2.03500009e+00 2.03500009e+00 2.03500009e+00
    2.01699996e+00 2. 2. 2. 1.97800004e+00 1.96500003e+00 1.96500003e+00
    1.96500003e+00 1.96500003e+00 1.96500003e+00 1.96500003e+00
    1.96500003e+00 0. 0. 0. 0. 0. 0. 0. 0. 0. 0. 0. 0. 0. 0. 0. 0. 0. 0.
    0. 0. 0. 0. 0. 0. 0. 2.03500009e+00 2.03500009e+00 2.03500009e+00
    2.01699996e+00 2. 2. 2. 1.97800004e+00 1.96500003e+00 1.96500003e+00
    1.96500003e+00 1.96500003e+00 1.95400000e+00 1.94200003e+00
    1.94200003e+00 0. 0. 0. 0. 0. 0. 0. 0. 0. 0. 0. 0. 0. 0. 0. 0. 0. 0.
    0. 0. 0. 0. 0. 0. 0. 2.03500009e+00 2.03500009e+00 2.03500009e+00
    2.01699996e+00 2. 2. 2. 1.97800004e+00 1.96500003e+00 1.96500003e+00
    1.96500003e+00 1.96500003e+00 1.94799995e+00 1.93099999e+00
    1.93099999e+00 0. 0. 0. 0. 0. 0. 0. 0. 0. 0. 0. 0. 0. 0. 0. 0. 0. 0.
    0. 0. 0. 0. 0. 0. 0. 2.03500009e+00 2.03500009e+00 2.03500009e+00
    2.01699996e+00 2. 2. 2. 1.97800004e+00 1.96500003e+00 1.96500003e+00
    1.96500003e+00 1.96500003e+00 1.94799995e+00 1.93099999e+00
    1.93099999e+00 0. 0. 0. 0. 0. 0. 0. 0. 0. 0. 0. 0. 0. 0. 0. 0. 0. 0.
    0. 0. 0. 0. 0. 0. 0. 2.03500009e+00 2.03500009e+00 2.03500009e+00
    2.01699996e+00 2. 2. 2. 1.97800004e+00 1.96500003e+00 1.96500003e+00
    1.96500003e+00 1.96500003e+00 1.94799995e+00 1.93099999e+00
    1.93099999e+00 0. 0. 0. 0. 0. 0. 0. 0. 0. 0. 0. 0. 0. 0. 0. 0. 0. 0.
    0. 0. 0. 0. 0. 0. 0. 0. 2.08100009e+00 2.03500009e+00 2.01699996e+00
    1.99199998e+00 1.97300005e+00 1.97300005e+00 1.96800005e+00
    1.96500003e+00 1.96500003e+00 1.96500003e+00 1.96500003e+00
