<?xml version="1.0"?>
<opencv_storage>
<Depth type_id="opencv-matrix">
  <rows>40</rows>
  <cols>40</cols>
  <dt>f</dt>
  <data>
    0. 0. 0. 0. 0. 0. 0. 0. 0. 0. 0. 0. 0. 0. 1.84599996e+00
    1.84599996e+00 1.86800003e+00 1.87100005e+00 1.87100005e+00
    1.87100005e+00 1.87100005e+00 1.86699998e+00 1.85899997e+00
    1.85899997e+00 1.84700000e+00 1.84599996e+00 1.84599996e+00
    1.84599996e+00 1.85300004e+00 1.85899997e+00 2.15599990e+00 0. 0. 0.
    0. 0. 0. 0. 0. 0. 0. 0. 0. 0. 0. 0. 0. 0. 0. 0. 0. 0. 0. 0.
    1.85699999e+00 1.85699999e+00 1.87899995e+00 1.88199997e+00
    1.88199997e+00 1.87600005e+00 1.87100005e+00 1.87100005e+00
    1.87100005e+00 1.87000000e+00 1.85699999e+00 1.84800005e+00
    1.84599996e+00 1.85200000e+00 1.86399996e+00 1.87500000e+00
    2.18300009e+00 0. 0. 0. 0. 0. 0. 0. 0. 0. 0. 0. 0. 0. 0. 0. 0. 0. 0.
    0. 0. 0. 0. 0. 1.88600004e+00 1.88600004e+00 1.90199995e+00
    1.89800000e+00 1.89600003e+00 1.88300002e+00 1.87100005e+00
    1.87100005e+00 1.87100005e+00 1.87100005e+00 1.87100005e+00
    1.85599995e+00 1.85399997e+00 1.86899996e+00 1.88199997e+00
    2.02600002e+00 2.47600007e+00 0. 0. 0. 0. 0. 0. 0. 0. 0. 0. 0. 0. 0.
    0. 0. 0. 0. 0. 0. 0. 0. 0. 0. 1.92100000e+00 1.92100000e+00
    1.92100000e+00 1.90499997e+00 1.89800000e+00 1.88499999e+00
    1.87600005e+00 1.87600005e+00 1.87600005e+00 1.87600005e+00
    1.87600005e+00 1.87600005e+00 1.87600005e+00 1.88800001e+00
    1.91100001e+00 2.36100006e+00 0. 0. 0. 0. 0. 0. 0. 0. 0. 0. 0. 0. 0.
    0. 0. 0. 0. 0. 0. 0. 0. 0. 0. 0. 1.92100000e+00 1.92100000e+00
    1.92100000e+00 1.92100000e+00 1.90600002e+00 1.89699996e+00
    1.89600003e+00 1.89600003e+00 1.89600003e+00 1.89600003e+00
    1.89600003e+00 1.89699996e+00 1.89800000e+00 1.89900005e+00
    1.92499995e+00 2.37700009e+00 0. 0. 0. 0. 0. 0. 0. 0. 0. 0. 0. 0. 0.
    0. 0. 0. 0. 0. 0. 0. 0. 0. 0. 0. 1.92100000e+00 1.92100000e+00
    1.92100000e+00 1.92100000e+00 1.91999996e+00 1.90699995e+00
    1.89600003e+00 1.89600003e+00 1.89600003e+00 1.89600003e+00
    1.89600003e+00 1.91600001e+00 1.91999996e+00 1.93499994e+00
    1.97000003e+00 2.40599990e+00 0. 0. 0. 0. 0. 0. 0. 0. 0. 0. 0. 0. 0.
    0. 0. 0. 0. 0. 0. 0. 0. 0. 0. 0. 1.87899995e+00 1.88000000e+00
    1.93599999e+00 1.94299996e+00 1.94299996e+00 1.92900002e+00
    1.91700006e+00 1.91700006e+00 1.91700006e+00 1.91700006e+00
    1.91700006e+00 1.91999996e+00 1.93700004e+00 1.94500005e+00
    1.96200001e+00 2.39299989e+00 0. 0. 0. 0. 0. 0. 0. 0. 0. 0. 0. 0. 0.
    0. 0. 0. 0. 0. 0. 0. 0. 0. 0. 0. 1.87100005e+00 1.87100005e+00
    1.93900001e+00 1.94700003e+00 1.94700003e+00 1.93299997e+00
    1.92100000e+00 1.92100000e+00 1.92100000e+00 1.92100000e+00
    1.92100000e+00 1.92100000e+00 1.94000006e+00 1.94700003e+00
    1.96000004e+00 2.39100003e+00 0. 0. 0. 0. 0. 0. 0. 0. 0. 0. 0. 0. 0.
    0. 0. 0. 0. 0. 0. 0. 0. 0. 0. 0. 1.88600004e+00 1.88600004e+00
    1.94000006e+00 1.94700003e+00 1.94700003e+00 1.94099998e+00
    1.92999995e+00 1.92100000e+00 1.92100000e+00 1.92100000e+00
    1.92100000e+00 1.92100000e+00 1.94000006e+00 1.94700003e+00
    2.30599999e+00 2.85100007e+00 0. 0. 0. 0. 0. 0. 0. 0. 0. 0. 0. 0. 0.
    0. 0. 0. 0. 0. 0. 0. 0. 0. 0. 0. 1.90799999e+00 1.90799999e+00
    1.94299996e+00 1.94700003e+00 1.94700003e+00 1.94700003e+00
    1.93599999e+00 1.92100000e+00 1.92100000e+00 1.92100000e+00
    1.92100000e+00 1.93200004e+00 1.94299996e+00 1.95500004e+00
    2.54099989e+00 0. 0. 0. 0. 0. 0. 0. 0. 0. 0. 0. 0. 0. 0. 0. 0. 0. 0.
    0. 0. 0. 0. 0. 0. 1.98300004e+00 1.93099999e+00 1.93099999e+00
    1.94500005e+00 1.94700003e+00 1.94700003e+00 1.94700003e+00
    1.93599999e+00 1.92100000e+00 1.92100000e+00 1.92100000e+00
    1.92100000e+00 1.94299996e+00 1.94700003e+00 1.96300006e+00
    2.54699993e+00 0. 0. 0. 0. 0. 0. 0. 0. 0. 0. 0. 0. 0. 0. 0. 0. 0. 0.
    0. 0. 0. 0. 0. 0. 1.98399997e+00 1.95400000e+00 1.95400000e+00
    1.95400000e+00 1.95400000e+00 1.95400000e+00 1.95000005e+00
    1.93900001e+00 1.92799997e+00 1.92799997e+00 1.92799997e+00
    1.92799997e+00 1.94400001e+00 1.95200002e+00 2.13800001e+00
    2.69400001e+00 0. 0. 0. 0. 0. 0. 0. 0. 0. 0. 0. 0. 0. 0. 0. 0. 0. 0.
    0. 0. 0. 0. 0. 0. 1.97300005e+00 1.97300005e+00 1.97300005e+00
    1.97300005e+00 1.97300005e+00 1.97300005e+00 1.96099997e+00
    1.94900000e+00 1.94700003e+00 1.94700003e+00 1.94700003e+00
    1.95000005e+00 1.95099998e+00 1.97200000e+00 2.66199994e+00 0. 0. 0.
    0. 0. 0. 0. 0. 0. 0. 0. 0. 0. 0. 0. 0. 0. 0. 0. 0. 0. 0. 0. 0. 0.
    1.97399998e+00 1.97399998e+00 1.97399998e+00 1.97399998e+00
    1.97300005e+00 1.97300005e+00 1.97300005e+00 1.96200001e+00
    1.94700003e+00 1.94700003e+00 1.94900000e+00 1.97200000e+00
    1.97300005e+00 2.01300001e+00 2.70700002e+00 0. 0. 0. 0. 0. 0. 0. 0.
    0. 0. 0. 0. 0. 0. 0. 0. 0. 0. 0. 0. 0. 0. 0. 0. 0. 1.99699998e+00
    1.99699998e+00 1.99699998e+00 1.99699998e+00 1.97899997e+00
    1.97300005e+00 1.97300005e+00 1.96200001e+00 1.94700003e+00
    1.95099998e+00 1.97099996e+00 1.97300005e+00 1.99300003e+00
    2.05500007e+00 2.72700000e+00 0. 0. 0. 0. 0. 0. 0. 0. 0. 0. 0. 0. 0.
    0. 0. 0. 0. 0. 0. 0. 0. 0. 0. 0. 0. 2. 2.00300002e+00 2.02099991e+00
    2.02099991e+00 2. 1.99399996e+00 1.98300004e+00 1.97099996e+00
    1.96700001e+00 1.96800005e+00 1.97500002e+00 1.99300003e+00
    2.03500009e+00 2.73699999e+00 0. 0. 0. 0. 0. 0. 0. 0. 0. 0. 0. 0. 0.
    0. 0. 0. 0. 0. 0. 0. 0. 0. 0. 0. 0. 1.38900006e+00 2. 2.00300002e+00
    2.02699995e+00 2.02699995e+00 2.01999998e+00 2.00600004e+00
    1.98500001e+00 1.97300005e+00 1.97300005e+00 1.97300005e+00
    1.97500002e+00 1.99899995e+00 2.06200004e+00 2.92700005e+00 0. 0. 0.
    0. 0. 0. 0. 0. 0. 0. 0. 0. 0. 0. 0. 0. 0. 0. 0. 0. 1.70700002e+00 0.
    0. 0. 0. 2.06399989e+00 2.02999997e+00 2.03200006e+00 2.04200006e+00
    2.04200006e+00 2.03099990e+00 2.01900005e+00 2. 1.98199999e+00
    1.97300005e+00 1.97599995e+00 1.98899996e+00 1.99899995e+00
    2.06999993e+00 2.95099998e+00 0. 0. 0. 0. 0. 0. 0. 0. 0. 0. 0. 0. 0.
    0. 0. 0. 0. 0. 0. 0. 1.70700002e+00 0. 0. 0. 0. 2.07699990e+00
    2.06399989e+00 2.05500007e+00 2.05500007e+00 2.05500007e+00
    2.03299999e+00 2.02699995e+00 2.01200008e+00 1.99399996e+00
    1.98500001e+00 1.98800004e+00 2.00099993e+00 2.01099992e+00
    2.53900003e+00 0. 0. 0. 0. 0. 0. 0. 0. 0. 0. 0. 0. 0. 0. 0. 0. 0. 0.
    0. 0. 0. 1.70700002e+00 0. 0. 0. 0. 2.08299994e+00 2.07599998e+00
    2.05500007e+00 2.05500007e+00 2.05500007e+00 2.03299999e+00
    2.02699995e+00 2.01200008e+00 2. 2. 2.00200009e+00 2.01099992e+00
    2.03500009e+00 0. 0. 0. 0. 0. 0. 0. 0. 0. 0. 0. 0. 0. 0. 0. 0. 0. 0.
    0. 0. 0. 0. 1.70700002e+00 0. 0. 0. 2.08299994e+00 2.08299994e+00
    2.07800007e+00 2.05999994e+00 2.05500007e+00 2.05500007e+00
    2.03800011e+00 2.03299999e+00 2.01799989e+00 2.00300002e+00 2.
    2.00500011e+00 2.02900004e+00 2.05399990e+00 0. 0. 0. 0. 0. 0. 0. 0.
    0. 0. 0. 0. 0. 0. 0. 0. 0. 0. 0. 0. 0. 0. 1.70899999e+00 0. 0. 0.
    2.08299994e+00 2.08299994e+00 2.08299994e+00 2.07999992e+00
    2.05500007e+00 2.05500007e+00 2.05500007e+00 2.05500007e+00
    2.03999996e+00 2.01699996e+00 2.00200009e+00 2.00699997e+00
    2.03099990e+00 2.05599999e+00 0. 0. 0. 0. 0. 0. 0. 0. 0. 0. 0. 0. 0.
    0. 0. 0. 0. 0. 0. 0. 0. 0. 1.72899997e+00 0. 0. 0. 2.08299994e+00
    2.08299994e+00 2.08299994e+00 2.07999992e+00 2.05500007e+00
    2.05500007e+00 2.05500007e+00 2.05500007e+00 2.03999996e+00
    2.02699995e+00 2.02600002e+00 2.03099990e+00 2.05599999e+00
    2.08100009e+00 0. 0. 0. 0. 0. 0. 0. 0. 0. 0. 0. 0. 0. 0. 0. 0. 0. 0.
    0. 0. 0. 0. 0. 0. 0. 0. 0. 2.08999991e+00 2.05900002e+00
    2.05900002e+00 2.05500007e+00 2.05500007e+00 2.05500007e+00
    2.05500007e+00 2.05299997e+00 2.05100012e+00 2.05100012e+00
    2.05599999e+00 2.07900000e+00 2.08299994e+00 0. 0. 0. 0. 0. 0. 0. 0.
    0. 0. 0. 0. 0. 0. 0. 0. 0. 0. 0. 0. 0. 0. 0. 0. 0. 0. 0.
    2.09200001e+00 2.05500007e+00 2.05500007e+00 2.05500007e+00
