<?xml version="1.0"?>
<opencv_storage>
<Depth type_id="opencv-matrix">
  <rows>40</rows>
  <cols>40</cols>
  <dt>f</dt>
  <data>
    0. 0. 0. 0. 0. 0. 0. 0. 0. 0. 0. 0. 0. 0. 0. 0. 0. 0. 0. 0. 0. 0. 0.
    0. 0. 0. 0. 0. 0. 0. 0. 0. 0. 0. 0. 0. 0. 0. 0. 0. 0. 0. 0. 0. 0. 0.
    0. 0. 0. 0. 0. 0. 0. 0. 0. 0. 0. 0. 0. 0. 0. 0. 0. 0. 0. 0. 0. 0. 0.
    0. 0. 0. 0. 0. 0. 0. 0. 0. 0. 0. 0. 0. 0. 0. 0. 0. 0. 0. 0. 0. 0. 0.
    0. 0. 0. 0. 0. 0. 0. 0. 0. 0. 0. 0. 0. 0. 0. 0. 0. 0. 0. 0. 0. 0. 0.
    0. 0. 0. 0. 0. 0. 0. 0. 0. 0. 0. 0. 0. 0. 0. 0. 0. 0. 0. 0. 0. 0. 0.
    0. 0. 0. 0. 0. 0. 0. 0. 0. 0. 0. 0. 0. 0. 0. 0. 0. 0. 0. 0. 0. 0. 0.
    0. 0. 0. 0. 0. 0. 0. 0. 0. 0. 0. 0. 0. 0. 0. 0. 0. 0. 0. 0. 0. 0. 0.
    0. 0. 0. 0. 0. 0. 0. 0. 0. 0. 0. 0. 0. 0. 0. 0. 0. 0. 0. 0. 0. 0. 0.
    0. 0. 0. 0. 0. 0. 0. 1.99199998e+00 1.96099997e+00 1.86300004e+00
    1.77999997e+00 1.77999997e+00 1.77999997e+00 1.77999997e+00
    1.77999997e+00 1.82700002e+00 1.86500001e+00 1.86500001e+00
    1.86500001e+00 1.61699998e+00 0. 0. 0. 0. 0. 0. 0. 0. 0. 0. 0. 0. 0.
    0. 0. 0. 0. 0. 0. 0. 0. 0. 0. 0. 0. 0. 0. 0. 1.67700005e+00
    1.93299997e+00 1.89199996e+00 1.89199996e+00 1.87899995e+00
    1.45200002e+00 0. 0. 1.86500001e+00 1.86500001e+00 1.86500001e+00
    1.61699998e+00 0. 0. 0. 0. 0. 0. 0. 0. 0. 0. 0. 0. 0. 0. 0. 0. 0. 0.
    0. 0. 0. 0. 0. 0. 0. 0. 0. 0. 1.50999999e+00 2. 2. 2. 1.97500002e+00
    1.27699995e+00 0. 0. 1.86500001e+00 1.86500001e+00 1.86500001e+00
    1.66299999e+00 1.09099996e+00 0. 0. 0. 0. 0. 0. 0. 0. 0. 0. 0. 0. 0.
    0. 0. 0. 0. 0. 0. 0. 0. 0. 0. 0. 1.44200003e+00 1.44200003e+00
    1.54200006e+00 1.91600001e+00 2. 2. 2. 1.97500002e+00 1.81500006e+00
    1.36800003e+00 1.60500002e+00 1.86500001e+00 1.86500001e+00
    1.86500001e+00 1.83700001e+00 1.75699997e+00 0. 0. 0. 0. 0. 0. 0. 0.
    0. 0. 0. 0. 0. 0. 0. 0. 0. 0. 0. 0. 0. 0. 0. 0. 2.04699993e+00
    2.04699993e+00 2.03900003e+00 2.00699997e+00 2. 2. 2. 1.97500002e+00
    1.93599999e+00 1.87600005e+00 1.86500001e+00 1.86500001e+00
    1.86500001e+00 1.86500001e+00 1.87000000e+00 1.88399994e+00 0. 0. 0.
    0. 0. 0. 0. 0. 0. 0. 0. 0. 0. 0. 0. 0. 0. 0. 0. 0. 0. 0. 0. 0.
    2.03800011e+00 2.03800011e+00 2.03099990e+00 2.00600004e+00 2. 2. 2.
    1.97500002e+00 1.93599999e+00 1.87600005e+00 1.86500001e+00
    1.86500001e+00 1.86500001e+00 1.86500001e+00 1.86500001e+00
    1.86500001e+00 0. 0. 0. 0. 0. 0. 0. 0. 0. 0. 0. 0. 0. 0. 0. 0. 0. 0.
    0. 0. 0. 0. 0. 0. 2.00600004e+00 2.00600004e+00 2.00500011e+00
    2.00099993e+00 2. 2. 2. 1.97500002e+00 1.93599999e+00 1.87600005e+00
    1.86500001e+00 1.86500001e+00 1.86500001e+00 1.86500001e+00
    1.86500001e+00 1.86500001e+00 0. 0. 0. 0. 0. 0. 0. 0. 0. 0. 0. 0. 0.
    0. 0. 0. 0. 0. 0. 0. 0. 0. 0. 0. 2. 2. 2. 2. 2. 2. 2. 1.97500002e+00
    1.93599999e+00 1.87600005e+00 1.86500001e+00 1.86500001e+00
    1.86500001e+00 1.86500001e+00 1.86500001e+00 1.86500001e+00 0. 0. 0.
    0. 0. 0. 0. 0. 0. 0. 0. 0. 0. 0. 0. 0. 0. 0. 0. 0. 0. 0. 0. 0.
    2.00999999e+00 2.00500011e+00 2. 2. 2.00500011e+00 2.00999999e+00
    2.00999999e+00 1.98500001e+00 1.94500005e+00 1.88499999e+00
    1.87399995e+00 1.87199998e+00 1.86600006e+00 1.86500001e+00
    1.86500001e+00 1.86500001e+00 0. 0. 0. 0. 0. 0. 0. 0. 0. 0. 0. 0. 0.
    0. 0. 0. 0. 0. 0. 0. 0. 0. 0. 0. 2.04099989e+00 2.01999998e+00 2. 2.
    2.02200007e+00 2.04099989e+00 2.04099989e+00 2.01600003e+00
    1.97599995e+00 1.91499996e+00 1.90400004e+00 1.89499998e+00
    1.86899996e+00 1.86500001e+00 1.86500001e+00 1.86500001e+00 0. 0. 0.
    0. 0. 0. 0. 0. 0. 0. 0. 0. 0. 0. 0. 0. 0. 0. 0. 0. 0. 0. 0. 0.
    2.02099991e+00 2.00999999e+00 2. 2. 2.02500010e+00 2.04699993e+00
    2.04699993e+00 2.02200007e+00 1.99199998e+00 1.96399999e+00
    1.93200004e+00 1.90499997e+00 1.89100003e+00 1.88900006e+00
    1.88900006e+00 1.88900006e+00 0. 0. 0. 0. 0. 0. 0. 0. 0. 0. 0. 0. 0.
    0. 0. 0. 0. 0. 0. 0. 0. 0. 0. 0. 2. 2. 2. 2. 2.02500010e+00
    2.04699993e+00 2.04699993e+00 2.02200007e+00 2. 2. 1.96099997e+00
    1.92900002e+00 1.92900002e+00 1.92900002e+00 1.92900002e+00
    1.92900002e+00 0. 0. 0. 0. 0. 0. 0. 0. 0. 0. 0. 0. 0. 0. 0. 0. 0. 0.
    0. 0. 0. 0. 0. 0. 2. 2. 2. 2. 2.02500010e+00 2.04699993e+00
    2.04699993e+00 2.02200007e+00 2. 2. 1.99500000e+00 1.99000001e+00
    1.99000001e+00 1.99000001e+00 1.99000001e+00 1.99000001e+00 0. 0. 0.
    0. 0. 0. 0. 0. 0. 0. 0. 0. 0. 0. 0. 0. 0. 0. 0. 0. 0. 0. 0. 0. 2. 2.
    2.00500011e+00 2.02300000e+00 2.03699994e+00 2.04699993e+00
    2.04699993e+00 2.02200007e+00 1.99500000e+00 1.97700000e+00
    1.97399998e+00 1.97399998e+00 1.97399998e+00 1.97399998e+00
    1.97399998e+00 1.97399998e+00 0. 0. 0. 0. 0. 0. 0. 0. 0. 0. 0. 0. 0.
    0. 0. 0. 0. 0. 0. 0. 0. 0. 0. 0. 2.02300000e+00 2.02300000e+00
    2.02699995e+00 2.04299998e+00 2.04699993e+00 2.04699993e+00
    2.04699993e+00 2.02200007e+00 1.99000001e+00 1.96000004e+00
    1.95400000e+00 1.95400000e+00 1.95400000e+00 1.95400000e+00
    1.95400000e+00 1.95400000e+00 0. 0. 0. 0. 0. 0. 0. 0. 0. 0. 0. 0. 0.
    0. 0. 0. 0. 0. 0. 0. 0. 0. 0. 0. 2.08599997e+00 2.08599997e+00
    2.07900000e+00 2.05299997e+00 2.04699993e+00 2.04699993e+00
    2.04699993e+00 2.02200007e+00 1.99000001e+00 1.96000004e+00
    1.95400000e+00 1.95400000e+00 1.95400000e+00 1.95400000e+00
    1.95400000e+00 1.95400000e+00 0. 0. 0. 0. 0. 0. 0. 0. 0. 0. 0. 0. 0.
    0. 0. 0. 0. 0. 0. 0. 0. 0. 0. 0. 2.12400007e+00 2.12400007e+00
    2.10999990e+00 2.05900002e+00 2.01900005e+00 1.99300003e+00
    1.99300003e+00 1.98199999e+00 1.96899998e+00 1.95599997e+00
    1.95400000e+00 1.94799995e+00 1.93099999e+00 1.92799997e+00
    1.92200005e+00 1.90499997e+00 0. 0. 0. 0. 0. 0. 0. 0. 0. 0. 0. 0. 0.
    0. 0. 0. 0. 0. 0. 0. 0. 0. 0. 0. 2.14499998e+00 2.12700009e+00
    2.09100008e+00 2.02699995e+00 1.97000003e+00 1.93200004e+00
    1.93200004e+00 1.94400001e+00 1.95400000e+00 1.95400000e+00
    1.94200003e+00 1.92400002e+00 1.90199995e+00 1.89800000e+00
    1.88999999e+00 1.86800003e+00 0. 0. 0. 0. 0. 0. 0. 0. 0. 0. 0. 0. 0.
    0. 0. 0. 0. 0. 0. 0. 0. 0. 0. 0. 2.14499998e+00 2.07699990e+00
    1.99500000e+00 1.93299997e+00 1.89499998e+00 1.87199998e+00
    1.87199998e+00 1.91600001e+00 1.95400000e+00 1.95400000e+00
    1.90900004e+00 1.87100005e+00 1.86899996e+00 1.86800003e+00
    1.86800003e+00 1.86500001e+00 0. 0. 0. 0. 0. 0. 0. 0. 0. 0. 0. 0. 0.
    0. 0. 0. 0. 0. 0. 0. 0. 0. 0. 0. 1.97899997e+00 1.94900000e+00
    1.91299999e+00 1.88800001e+00 1.86000001e+00 1.83899999e+00
    1.83899999e+00 1.87300003e+00 1.89600003e+00 1.87899995e+00
    1.84200001e+00 1.81400001e+00 1.81400001e+00 1.81400001e+00
    1.82000005e+00 1.83700001e+00 0. 0. 0. 0. 0. 0. 0. 0. 0. 0. 0. 0. 0.
    0. 0. 0. 0. 0. 0. 0. 0. 0. 0. 0. 1.83099997e+00 1.83700001e+00
    1.84200001e+00 1.84200001e+00 1.82599998e+00 1.80900002e+00
    1.80100000e+00 1.81700003e+00 1.82200003e+00 1.79400003e+00
    1.77199996e+00 1.75800002e+00 1.75800002e+00 1.75800002e+00
    1.76300001e+00 1.77699995e+00 0. 0. 0. 0. 0. 0. 0. 0. 0. 0. 0. 0. 0.
    0. 0. 0. 0. 0. 0. 0. 0. 0. 0. 0. 1.74600005e+00 1.76600003e+00
    1.78499997e+00 1.78499997e+00 1.78400004e+00 1.77499998e+00
    1.74899995e+00 1.74500000e+00 1.73800004e+00 1.71099997e+00
    1.70400000e+00 1.70299995e+00 1.70299995e+00 1.70299995e+00
    1.69500005e+00 1.67200005e+00 0. 0. 0. 0. 0. 0. 0. 0. 0. 0. 0. 0. 0.
    0. 0. 0. 0. 0. 0. 0. 0. 0. 0. 0. 1.71399999e+00 1.72200000e+00
    1.73000002e+00 1.73000002e+00 1.73000002e+00 1.72200000e+00
    1.69500005e+00 1.69000006e+00 1.68700004e+00 1.67600000e+00
    1.67400002e+00 1.67400002e+00 1.67400002e+00 1.67400002e+00
    1.66499996e+00 1.63900006e+00 0. 0. 0. 0. 0. 0. 0. 0. 0. 0. 0. 0. 0.
    0. 0. 0. 0. 0. 0. 0. 0. 0. 0. 0. 1.68700004e+00 1.68700004e+00
    1.68700004e+00 1.68700004e+00 1.68700004e+00 1.67999995e+00
    1.65300000e+00 1.64800000e+00 1.64800000e+00 1.64800000e+00
    1.65400004e+00 1.65699995e+00 1.64900005e+00 1.64800000e+00
