<?xml version="1.0"?>
<opencv_storage>
<Depth type_id="opencv-matrix">
  <rows>40</rows>
  <cols>40</cols>
  <dt>f</dt>
  <data>
    0. 0. 0. 0. 0. 0. 0. 0. 0. 0. 0. 0. 0. 2.06900001e+00 2.09299994e+00
    2.13299990e+00 2.14100003e+00 2.14100003e+00 2.14100003e+00
    2.13400006e+00 2.09400010e+00 2.06900001e+00 2.06900001e+00 0. 0. 0.
    0. 0. 0. 0. 0. 0. 0. 0. 0. 0. 0. 0. 0. 0. 0. 0. 0. 0. 0. 0. 0. 0. 0.
    0. 0. 0. 0. 2.06900001e+00 2.09299994e+00 2.13299990e+00
    2.14100003e+00 2.14100003e+00 2.14100003e+00 2.13400006e+00
    2.09400010e+00 2.06900001e+00 2.06900001e+00 0. 0. 0. 0. 0. 0. 0. 0.
    0. 0. 0. 0. 0. 0. 0. 0. 0. 0. 0. 0. 0. 0. 0. 0. 0. 0. 0. 0. 0. 0.
    2.06900001e+00 2.09299994e+00 2.13299990e+00 2.14100003e+00
    2.14100003e+00 2.13299990e+00 2.11999989e+00 2.08899999e+00
    1.85599995e+00 1.28999996e+00 0. 0. 0. 0. 0. 0. 0. 0. 0. 0. 0. 0. 0.
    0. 0. 0. 0. 0. 0. 0. 0. 0. 0. 0. 0. 0. 0. 0. 0. 0. 2.06900001e+00
    2.09299994e+00 2.13299990e+00 2.14100003e+00 2.14100003e+00
    2.11100006e+00 2.08400011e+00 2.07500005e+00 1.28999996e+00 0. 0. 0.
    0. 0. 0. 0. 0. 0. 0. 0. 0. 0. 0. 0. 0. 0. 0. 0. 0. 0. 0. 0. 0. 0. 0.
    0. 0. 0. 0. 0. 2.09200001e+00 2.10800004e+00 2.13499999e+00
    2.13100004e+00 2.11800003e+00 2.09100008e+00 2.06900001e+00
    2.06900001e+00 1.37000000e+00 0. 0. 0. 0. 0. 0. 0. 0. 0. 0. 0. 0. 0.
    0. 0. 0. 0. 0. 0. 0. 0. 0. 0. 0. 0. 0. 0. 0. 0. 0. 0. 2.13199997e+00
    2.13499999e+00 2.14000010e+00 2.11400008e+00 2.07900000e+00
    2.07299995e+00 2.06900001e+00 2.06900001e+00 1.93599999e+00
    1.58200002e+00 0. 0. 0. 0. 0. 0. 0. 0. 0. 0. 0. 0. 0. 0. 0. 0. 0. 0.
    0. 0. 0. 0. 0. 0. 0. 0. 0. 0. 0. 0. 2.14100003e+00 2.14100003e+00
    2.14100003e+00 2.10899997e+00 2.06999993e+00 2.06900001e+00
    2.06900001e+00 2.06900001e+00 2.06900001e+00 2.06900001e+00
    1.18400002e+00 0. 0. 0. 0. 0. 0. 0. 0. 0. 0. 0. 0. 0. 0. 0. 0. 0. 0.
    0. 0. 0. 0. 0. 0. 0. 0. 0. 0. 0. 2.14100003e+00 2.14100003e+00
    2.14100003e+00 2.10899997e+00 2.06999993e+00 2.06900001e+00
    2.06900001e+00 2.06900001e+00 2.06900001e+00 2.06900001e+00
    2.05699992e+00 2.03500009e+00 0. 0. 0. 0. 0. 0. 0. 0. 0. 0. 0. 0. 0.
    0. 0. 0. 0. 0. 0. 0. 0. 0. 0. 0. 0. 0. 0. 0. 2.14100003e+00
    2.14100003e+00 2.14100003e+00 2.10899997e+00 2.06999993e+00
    2.06900001e+00 2.06900001e+00 2.06900001e+00 2.07699990e+00
    2.09800005e+00 2.11800003e+00 2.13700008e+00 0. 0. 0. 0. 0. 0. 0. 0.
    0. 0. 0. 0. 0. 0. 0. 0. 0. 0. 0. 0. 0. 0. 0. 0. 0. 0. 0. 0.
    2.13499999e+00 2.13499999e+00 2.13499999e+00 2.10599995e+00
    2.06900001e+00 2.06900001e+00 2.06900001e+00 2.06900001e+00
    2.08299994e+00 2.11899996e+00 2.13499999e+00 2.13499999e+00 0. 0. 0.
    0. 0. 0. 0. 0. 0. 0. 0. 0. 0. 0. 0. 0. 0. 0. 0. 0. 0. 0. 0. 0. 0. 0.
    0. 0. 2.09500003e+00 2.09500003e+00 2.09500003e+00 2.08400011e+00
    2.06900001e+00 2.06900001e+00 2.06900001e+00 2.06900001e+00
    2.07399988e+00 2.08899999e+00 2.09500003e+00 2.09500003e+00 0. 0. 0.
    0. 0. 0. 0. 0. 0. 0. 0. 0. 0. 0. 0. 0. 0. 0. 0. 0. 0. 0. 0. 0. 0. 0.
    0. 0. 2.06900001e+00 2.06900001e+00 2.06900001e+00 2.06900001e+00
    2.06900001e+00 2.06900001e+00 2.06900001e+00 2.06900001e+00
    2.06599998e+00 2.05900002e+00 2.04699993e+00 2.03299999e+00 0. 0. 0.
    0. 0. 0. 0. 0. 0. 0. 0. 0. 0. 0. 0. 0. 0. 0. 0. 0. 0. 0. 0. 0. 0. 0.
    0. 0. 2.06900001e+00 2.06900001e+00 2.06900001e+00 2.06900001e+00
    2.06900001e+00 2.06900001e+00 2.06900001e+00 2.06900001e+00
    2.05800009e+00 2.02999997e+00 1.98599994e+00 1.92999995e+00
    1.39100003e+00 0. 0. 0. 0. 0. 0. 0. 0. 0. 0. 0. 0. 0. 0. 0. 0. 0. 0.
    0. 0. 0. 0. 0. 0. 0. 0. 0. 2.04800010e+00 2.04800010e+00
    2.04800010e+00 2.04800010e+00 2.04800010e+00 2.04800010e+00
    2.04800010e+00 2.04800010e+00 2.03800011e+00 2.01099992e+00
    1.95799994e+00 1.88300002e+00 1.86600006e+00 1.86600006e+00 0. 0. 0.
    0. 0. 0. 0. 0. 0. 0. 0. 0. 0. 0. 0. 0. 0. 0. 0. 0. 0. 0. 0. 0. 0. 0.
    2.00999999e+00 2.00999999e+00 2.00999999e+00 2.00999999e+00
    2.00999999e+00 2.00999999e+00 2.00999999e+00 2.00999999e+00
    2.00799990e+00 2.00200009e+00 1.95799994e+00 1.88300002e+00
    1.86600006e+00 1.86600006e+00 0. 0. 0. 0. 0. 0. 0. 0. 0. 0. 0. 0. 0.
    0. 0. 0. 0. 0. 0. 0. 0. 0. 0. 0. 0. 0. 2. 2. 2. 2. 2. 2. 2. 2.
    1.99399996e+00 1.97899997e+00 1.92999995e+00 1.85699999e+00
    1.84000003e+00 1.84000003e+00 0. 0. 0. 0. 0. 0. 0. 0. 0. 0. 0. 0. 0.
    0. 0. 0. 0. 0. 0. 0. 0. 0. 0. 0. 0. 0. 2. 2. 2. 2. 2. 2. 2. 2.
    1.98599994e+00 1.95000005e+00 1.89400005e+00 1.82200003e+00
    1.80499995e+00 1.80499995e+00 0. 0. 0. 0. 0. 0. 0. 0. 0. 0. 0. 0. 0.
    0. 0. 0. 0. 0. 0. 0. 0. 0. 0. 0. 0. 0. 1.96500003e+00 1.96500003e+00
    1.96500003e+00 1.96500003e+00 1.96500003e+00 1.98399997e+00 2. 2.
    1.98599994e+00 1.94799995e+00 1.89100003e+00 1.82000005e+00
    1.80299997e+00 1.80299997e+00 0. 0. 0. 0. 0. 0. 0. 0. 0. 0. 0. 0. 0.
    0. 0. 0. 0. 0. 0. 0. 0. 0. 0. 0. 0. 0. 1.93200004e+00 1.93200004e+00
    1.93200004e+00 1.93200004e+00 1.93200004e+00 1.96899998e+00 2. 2.
    1.98599994e+00 1.94799995e+00 1.89400005e+00 1.82799995e+00
    1.66900003e+00 1.48199999e+00 0. 0. 0. 0. 0. 0. 0. 0. 0. 0. 0. 0. 0.
    0. 0. 0. 0. 0. 0. 0. 0. 0. 0. 0. 0. 0. 1.93200004e+00 1.93200004e+00
    1.93200004e+00 1.93200004e+00 1.93200004e+00 1.96899998e+00 2. 2.
    1.98599994e+00 1.94799995e+00 1.91700006e+00 1.88999999e+00 0. 0. 0.
    0. 0. 0. 0. 0. 0. 0. 0. 0. 0. 0. 0. 0. 0. 0. 0. 0. 0. 0. 0. 0. 0. 0.
    0. 0. 1.94400001e+00 1.94400001e+00 1.94400001e+00 1.94400001e+00
    1.94400001e+00 1.97500002e+00 1.99899995e+00 1.99199998e+00
    1.97599995e+00 1.94500005e+00 1.93200004e+00 1.93200004e+00 0. 0. 0.
    0. 0. 0. 0. 0. 0. 0. 0. 0. 0. 0. 0. 0. 0. 0. 0. 0. 0. 0. 0. 0. 0. 0.
    0. 0. 1.98199999e+00 1.98199999e+00 1.98199999e+00 1.98199999e+00
    1.98199999e+00 1.99199998e+00 1.99500000e+00 1.96700001e+00
    1.94599998e+00 1.93599999e+00 1.93200004e+00 1.93200004e+00 0. 0. 0.
    0. 0. 0. 0. 0. 0. 0. 0. 0. 0. 0. 0. 0. 0. 0. 0. 0. 0. 0. 0. 0. 0. 0.
    0. 0. 2. 2. 2. 2. 2. 1.98899996e+00 1.97599995e+00 1.94900000e+00
    1.93200004e+00 1.93200004e+00 1.93200004e+00 1.93200004e+00 0. 0. 0.
    0. 0. 0. 0. 0. 0. 0. 0. 0. 0. 0. 0. 0. 0. 0. 0. 0. 0. 0. 0. 0. 0. 0.
    0. 0. 2. 2. 2. 2. 2. 1.96899998e+00 1.94200003e+00 1.93599999e+00
    1.93200004e+00 1.93200004e+00 1.93200004e+00 1.93200004e+00 0. 0. 0.
    0. 0. 0. 0. 0. 0. 0. 0. 0. 0. 0. 0. 0. 0. 0. 0. 0. 0. 0. 0. 0. 0. 0.
    0. 0. 2.02699995e+00 2.01799989e+00 2.00300002e+00 2. 2.
    1.96300006e+00 1.93200004e+00 1.93200004e+00 1.93200004e+00
    1.93200004e+00 1.93200004e+00 1.93200004e+00 0. 0. 0. 0. 0. 0. 0. 0.
    0. 0. 0. 0. 0. 0. 0. 0. 0. 0. 0. 0. 0. 0. 0. 0. 0. 0. 0. 0.
    2.06500006e+00 2.04399991e+00 2.00799990e+00 2. 2. 1.96300006e+00
    1.93200004e+00 1.93200004e+00 1.93200004e+00 1.93200004e+00
    1.93200004e+00 1.93200004e+00 1.85399997e+00 1.75199997e+00 0. 0. 0.
    0. 0. 0. 0. 0. 0. 0. 0. 0. 0. 0. 0. 0. 0. 0. 0. 0. 0. 0. 0. 0. 0. 0.
    2.06900001e+00 2.05800009e+00 2.03900003e+00 2.01900005e+00 2.
    1.98099995e+00 1.96300006e+00 1.94400001e+00 1.93200004e+00
    1.93200004e+00 1.93200004e+00 1.93200004e+00 1.96099997e+00
    1.99800003e+00 0. 0. 0. 0. 0. 0. 0. 0. 0. 0. 0. 0. 0. 0. 0. 0. 0. 0.
    0. 0. 0. 0. 0. 0. 0. 0. 2.06900001e+00 2.06800008e+00 2.06599998e+00
    2.03699994e+00 2. 2. 1.99300003e+00 1.95599997e+00 1.93200004e+00
    1.93200004e+00 1.93200004e+00 1.93200004e+00 1.96099997e+00
    1.99800003e+00 0. 0. 0. 0. 0. 0. 0. 0. 0. 0. 0. 0. 0. 0. 0. 0. 0. 0.
    0. 0. 0. 0. 0. 0. 0. 0. 2.06900001e+00 2.05500007e+00 2.03200006e+00
    2.01500010e+00 2. 2. 1.99300003e+00 1.95599997e+00 1.93200004e+00
    1.93200004e+00 1.93200004e+00 1.93200004e+00 1.96099997e+00
    1.99800003e+00 0. 0. 0. 0. 0. 0. 0. 0. 0. 0. 0. 0. 0. 0. 0. 0. 0. 0.
    0. 0. 0. 0. 0. 0. 0. 0. 2.06900001e+00 2.04600000e+00 2.00799990e+00
    1.99500000e+00 1.98899996e+00 1.98899996e+00 1.98300004e+00
