<?xml version="1.0"?>
<opencv_storage>
<Depth type_id="opencv-matrix">
  <rows>40</rows>
  <cols>40</cols>
  <dt>f</dt>
  <data>
    0. 0. 0. 0. 0. 0. 0. 0. 0. 0. 0. 0. 0. 0. 0. 0. 0. 0. 0. 0. 0. 0. 0.
    0. 0. 0. 0. 0. 0. 0. 0. 0. 0. 0. 0. 0. 0. 0. 0. 0. 0. 0. 0. 0. 0. 0.
    0. 0. 0. 0. 0. 0. 0. 0. 0. 0. 0. 0. 0. 0. 0. 0. 0. 0. 0. 0. 0. 0. 0.
    0. 0. 0. 0. 0. 0. 0. 0. 0. 0. 0. 0. 0. 0. 0. 0. 0. 0. 0. 0. 0. 0. 0.
    0. 0. 0. 0. 0. 0. 0. 0. 0. 0. 0. 0. 0. 0. 0. 0. 0. 0. 0. 0. 0. 0. 0.
    0. 0. 0. 0. 0. 0. 0. 0. 0. 0. 0. 0. 0. 0. 0. 0. 0. 0. 0. 0. 0. 0. 0.
    0. 0. 0. 0. 0. 0. 0. 0. 0. 0. 0. 0. 0. 0. 0. 0. 0. 0. 0. 0. 0. 0. 0.
    0. 0. 0. 0. 0. 0. 0. 0. 0. 0. 0. 0. 0. 0. 0. 0. 0. 0. 0. 0. 0. 0. 0.
    0. 0. 0. 0. 0. 0. 0. 0. 0. 0. 0. 0. 0. 0. 0. 0. 0. 0. 0. 0. 0. 0. 0.
    0. 0. 0. 0. 0. 0. 0. 0. 0. 0. 0. 0. 0. 0. 0. 0. 0. 0. 0. 0. 0. 0. 0.
    0. 0. 0. 0. 0. 0. 0. 0. 0. 0. 0. 0. 0. 0. 0. 0. 0. 0. 0. 0. 0. 0. 0.
    0. 0. 0. 0. 0. 0. 0. 0. 0. 0. 0. 0. 0. 0. 0. 0. 0. 0. 0. 0. 0. 0. 0.
    0. 0. 0. 0. 0. 0. 0. 0. 0. 0. 0. 0. 0. 0. 0. 0. 0. 0. 0. 0. 0. 0. 0.
    0. 0. 0. 0. 0. 0. 0. 0. 0. 0. 0. 0. 0. 0. 0. 0. 0. 0. 0. 0. 0. 0. 0.
    0. 0. 0. 0. 0. 0. 0. 0. 0. 0. 0. 0. 0. 0. 0. 0. 0. 0. 0. 0. 0. 0. 0.
    0. 0. 0. 0. 0. 0. 0. 0. 0. 0. 0. 0. 0. 0. 0. 0. 0. 0. 0. 0. 0. 0. 0.
    0. 0. 0. 0. 0. 0. 0. 0. 0. 0. 0. 0. 0. 0. 0. 0. 0. 0. 0. 0. 0. 0. 0.
    0. 0. 0. 0. 0. 0. 0. 0. 0. 0. 0. 0. 0. 0. 0. 0. 0. 0. 0. 0. 0. 0. 0.
    0. 0. 0. 0. 0. 0. 0. 0. 0. 0. 0. 0. 0. 0. 0. 0. 0. 0. 0. 0. 0. 0. 0.
    0. 0. 0. 0. 0. 0. 0. 0. 0. 0. 0. 0. 0. 0. 0. 0. 0. 0. 0. 0. 0. 0. 0.
    0. 0. 0. 0. 0. 0. 0. 0. 0. 0. 0. 0. 0. 0. 0. 0. 0. 0. 0. 0. 0. 0. 0.
    1.33899999e+00 2. 2. 2. 1.99699998e+00 1.95899999e+00 1.93099999e+00
    1.93099999e+00 1.94700003e+00 1.98500001e+00 2. 2. 2. 2. 2. 2. 2. 2.
    2. 2. 2. 2. 2. 2. 2. 2. 2.00500011e+00 2.04399991e+00 2.07200003e+00
    2.07200003e+00 2.07200003e+00 2.07200003e+00 2.07200003e+00
    2.07200003e+00 2.07200003e+00 0. 0. 0. 0. 0. 1.55299997e+00 2. 2. 2.
    1.99699998e+00 1.95899999e+00 1.93099999e+00 1.93099999e+00
    1.94700003e+00 1.98500001e+00 2. 2. 2. 2. 2. 2. 2. 2. 2. 2. 2. 2. 2.
    2. 2. 2. 2.00300002e+00 2.02999997e+00 2.04900002e+00 2.04900002e+00
    2.05500007e+00 2.06699991e+00 2.07200003e+00 2.07200003e+00
    2.07200003e+00 0. 0. 0. 1.40100002e+00 1.59200001e+00 1.91900003e+00
    2. 2. 2. 1.99699998e+00 1.95899999e+00 1.93099999e+00 1.93099999e+00
    1.94700003e+00 1.98500001e+00 2. 2. 2. 2. 2. 2. 2. 2. 2. 2. 2. 2. 2.
    2. 2. 2. 2.00099993e+00 2.00600004e+00 2.00999999e+00 2.00999999e+00
    2.02500010e+00 2.05900002e+00 2.07200003e+00 2.07200003e+00
    2.07200003e+00 0. 0. 0. 2.07200003e+00 2.04900002e+00 2.00999999e+00
    2. 2. 2. 1.99800003e+00 1.97599995e+00 1.95899999e+00 1.95899999e+00
    1.96899998e+00 1.99100006e+00 2. 2. 2. 2. 2. 2. 2. 2. 2. 2. 2. 2. 2.
    2. 2. 2. 2. 2. 2. 2. 2.01799989e+00 2.05699992e+00 2.07200003e+00
    2.07200003e+00 2.07200003e+00 0. 0. 0. 2.07200003e+00 2.04900002e+00
    2.00999999e+00 2. 2. 2. 2. 1.99800003e+00 1.99699998e+00
    1.99699998e+00 1.99800003e+00 1.99899995e+00 2. 2. 2. 2. 2. 2. 2. 2.
    2. 2. 2. 2. 2. 2. 2. 2. 2. 2. 2. 2. 2.01799989e+00 2.05699992e+00
    2.07200003e+00 2.07200003e+00 2.07200003e+00 0. 0. 0. 2.03600001e+00
    2.02399993e+00 2.00500011e+00 2. 2. 2. 2. 2. 2. 2. 2. 2. 2. 2. 2. 2.
    2. 2. 2. 2. 2. 2. 2. 2. 2. 2. 2. 2. 2. 2. 2. 2. 2.01799989e+00
    2.05699992e+00 2.05999994e+00 2.03999996e+00 2.03600001e+00 0. 0. 0.
    2. 2. 2. 2. 2. 2. 2. 2. 2. 2. 2. 2. 2. 2. 2. 2. 2. 2. 2. 2. 2. 2. 2.
    2. 2. 2. 2. 2. 2. 2. 2. 2. 2.01799989e+00 2.05699992e+00
    2.04399991e+00 1.99899995e+00 1.99000001e+00 0. 0. 0. 2. 2. 2. 2. 2.
    2. 2. 2. 2. 2. 2. 2. 2. 2. 2. 2. 2. 2. 2. 2. 2. 2. 2. 2. 2. 2. 2. 2.
    2. 2. 2. 2. 2.01799989e+00 2.05699992e+00 2.00600004e+00
    1.90100002e+00 1.87899995e+00 0. 0. 0. 1.99000001e+00 1.99000001e+00
    1.99000001e+00 1.99399996e+00 2. 2. 2. 2. 2. 2. 2. 2. 2. 2. 2. 2. 2.
    2. 2. 2. 2. 2. 2. 2. 2. 2. 2. 2. 2. 2. 2. 2. 2.01500010e+00
    2.04900002e+00 1.97099996e+00 1.82700002e+00 1.79700005e+00 0. 0. 0.
    1.95299995e+00 1.95299995e+00 1.95299995e+00 1.97200000e+00
    1.99800003e+00 2. 2. 2. 2. 2. 2. 2. 2. 2. 2. 2. 2. 2. 2. 2. 2. 2. 2.
    2. 2. 2. 2. 2. 2. 2. 2. 2. 2.00600004e+00 2.01799989e+00
    1.94599998e+00 1.82200003e+00 1.79700005e+00 0. 0. 0. 1.91499996e+00
    1.91499996e+00 1.91499996e+00 1.94299996e+00 1.98099995e+00
    1.99199998e+00 2. 2. 2. 2. 2.00399995e+00 2.01300001e+00
    2.01699996e+00 2.01699996e+00 2.00999999e+00 2.00099993e+00 2. 2. 2.
    2. 2. 2. 2. 2. 2. 2. 2. 2. 2. 2. 2. 2. 1.71399999e+00 1.08500004e+00
    1.18900001e+00 1.73199999e+00 1.84500003e+00 0. 0. 0. 1.87800002e+00
    1.87800002e+00 1.87800002e+00 1.90600002e+00 1.94299996e+00
    1.97300005e+00 2. 2. 2. 2. 2.01300001e+00 2.04399991e+00
    2.05599999e+00 2.05599999e+00 2.03299999e+00 2.00200009e+00 2. 2. 2.
    2. 2. 2. 2. 2. 2. 2. 2. 2. 2. 2. 2. 2. 1.04600000e+00 0. 0.
    1.52900004e+00 1.95500004e+00 0. 0. 0. 1.86300004e+00 1.86300004e+00
    1.86300004e+00 1.89100003e+00 1.92799997e+00 1.96599996e+00 2. 2. 2.
    2. 2.01699996e+00 2.05599999e+00 2.07200003e+00 2.07200003e+00
    2.04200006e+00 2.00300002e+00 2. 2. 2. 2. 2. 2.00600004e+00
    2.01900005e+00 2.01600003e+00 2.00300002e+00 2. 2. 2. 1.89699996e+00
    1.02100003e+00 0. 0. 0. 0. 0. 0. 0. 0. 0. 0. 1.86300004e+00
    1.86300004e+00 1.86300004e+00 1.89100003e+00 1.92799997e+00
    1.96599996e+00 2. 2. 2. 2. 2.01699996e+00 2.05599999e+00
    2.07200003e+00 2.07200003e+00 2.04200006e+00 2.00300002e+00 2. 2. 2.
    2. 2. 2.01500010e+00 2.04900002e+00 2.04200006e+00 2.00799990e+00 2.
    2. 2. 1.72399998e+00 0. 0. 0. 0. 0. 0. 0. 0. 0. 0. 0. 1.86300004e+00
    1.86300004e+00 1.86300004e+00 1.89100003e+00 1.92799997e+00
    1.96599996e+00 2. 2. 2. 2. 2.01699996e+00 2.05599999e+00
    2.07200003e+00 2.07200003e+00 2.04200006e+00 2.00300002e+00 2. 2. 2.
    2. 2. 2.01699996e+00 2.05699992e+00 2.04800010e+00 2.00900006e+00 2.
    2. 2. 1.68299997e+00 0. 0. 0. 0. 0. 0. 0. 0. 0. 0. 0. 0. 0. 0. 0. 0.
    0. 0. 0. 0. 0. 0. 0. 0. 0. 0. 0. 0. 0. 0. 0. 0. 0. 0. 0. 0. 0. 0. 0.
    0. 0. 0. 0. 0. 0. 0. 0. 0. 0. 0. 0. 0. 0. 0. 0. 0. 0. 0. 0. 0. 0. 0.
    0. 0. 0. 0. 0. 0. 0. 0. 0. 0. 0. 0. 0. 0. 0. 0. 0. 0. 0. 0. 0. 0. 0.
    0. 0. 0. 0. 0. 0. 0. 0. 0. 0. 0. 0. 0. 0. 0. 0. 0. 0. 0. 0. 0. 0. 0.
    0. 0. 0. 0. 0. 0. 0. 0. 0. 0. 0. 0. 0. 0. 0. 0. 0. 0. 0. 0. 0. 0. 0.
    0. 0. 0. 0. 0. 0. 0. 0. 0. 0. 0. 0. 0. 0. 0. 0. 0. 0. 0. 0. 0. 0. 0.
    0. 0. 0. 0. 0. 0. 0. 0. 0. 0. 0. 0. 0. 0. 0. 0. 0. 0. 0. 0. 0. 0. 0.
    0. 0. 0. 0. 0. 0. 0. 0. 0. 0. 0. 0. 0. 0. 0. 0. 0. 0. 0. 0. 0. 0. 0.
    0. 0. 0. 0. 0. 0. 0. 0. 0. 0. 0. 0. 0. 0. 0. 0. 0. 0. 0. 0. 0. 0. 0.
    0. 0. 0. 0. 0. 0. 0. 0. 0. 0. 0. 0. 0. 0. 0. 0. 0. 0. 0. 0. 0. 0. 0.
    0. 0. 0. 0. 0. 0. 0. 0. 0. 0. 0. 0. 0. 0. 0. 0. 0. 0. 0. 0. 0. 0. 0.
    0. 0. 0. 0. 0. 0. 0. 0. 0. 0. 0. 0. 0. 0. 0. 0. 0. 0. 0. 0. 0. 0. 0.
    0. 0. 0. 0. 0. 0. 0. 0. 0. 0. 0. 0. 0. 0. 0. 0. 0. 0. 0. 0. 0. 0. 0.
    0. 0. 0. 0. 0. 0. 0. 0. 0. 0. 0. 0. 0. 0. 0. 0. 0. 0. 0. 0. 0. 0. 0.
    0. 0. 0. 0. 0. 0. 0. 0. 0. 0. 0. 0. 0. 0. 0. 0. 0. 0. 0. 0. 0. 0. 0.
    0. 0. 0. 0. 0. 0. 0. 0. 0. 0. 0. 0. 0. 0. 0. 0. 0. 0. 0. 0. 0. 0. 0.
    0. 0. 0. 0. 0. 0. 0. 0. 0. 0. 0. 0. 0. 0. 0. 0. 0. 0. 0. 0. 0. 0. 0.
    0. 0. 0. 0. 0. 0. 0. 0. 0. 0. 0. 0. 0. 0. 0. 0. 0. 0. 0. 0. 0. 0. 0.
    0. 0. 0. 0. 0. 0. 0. 0. 0. 0. 0. 0. 0. 0. 0. 0. 0. 0. 0. 0. 0. 0. 0.
    0. 0. 0. 0. 0. 0. 0. 0. 0. 0. 0. 0. 0. 0. 0. 0. 0. 0. 0. 0. 0. 0. 0.
    0. 0. 0. 0. 0. 0. 0. 0. 0. 0. 0. 0. 0. 0. 0. 0. 0. 0. 0. 0. 0. 0. 0.
    0. 0. 0. 0. 0. 0. 0. 0. 0. 0. 0. 0. 0. 0. 0. 0. 0. 0. 0. 0. 0. 0. 0.
    0. 0. 0. 0. 0. 0. 0. 0.</data></Depth>
</opencv_storage>
