<?xml version="1.0"?>
<opencv_storage>
<Depth type_id="opencv-matrix">
  <rows>40</rows>
  <cols>40</cols>
  <dt>f</dt>
  <data>
    0. 0. 0. 0. 0. 0. 0. 0. 0. 0. 0. 0. 0. 0. 0. 0. 0. 0. 0. 0. 0. 0. 0.
    0. 0. 0. 0. 0. 0. 0. 0. 0. 0. 0. 0. 0. 0. 0. 0. 0. 0. 0. 0. 0. 0. 0.
    0. 0. 0. 0. 0. 0. 0. 0. 0. 0. 0. 0. 0. 0. 0. 0. 0. 0. 0. 0. 0. 0. 0.
    0. 0. 0. 0. 0. 0. 0. 0. 0. 0. 0. 0. 0. 0. 0. 0. 0. 0. 0. 0. 0. 0. 0.
    0. 0. 0. 0. 0. 0. 0. 0. 0. 0. 0. 0. 0. 0. 0. 0. 0. 0. 0. 0. 0. 0. 0.
    0. 0. 0. 0. 0. 0. 0. 0. 0. 0. 0. 0. 0. 0. 0. 0. 0. 0. 0. 0. 0. 0. 0.
    0. 0. 0. 0. 0. 0. 0. 0. 0. 0. 0. 0. 0. 0. 0. 0. 0. 0. 0. 0. 0. 0. 0.
    0. 0. 0. 0. 0. 0. 0. 0. 0. 0. 0. 0. 0. 0. 0. 0. 0. 0. 0. 0. 0. 0. 0.
    0. 0. 0. 0. 0. 0. 0. 0. 0. 0. 0. 0. 0. 0. 0. 0. 0. 0. 0. 0. 0. 0. 0.
    0. 0. 0. 0. 0. 0. 0. 0. 0. 0. 0. 0. 0. 0. 0. 0. 0. 0. 0. 0. 0. 0. 0.
    0. 0. 0. 0. 0. 0. 0. 0. 0. 0. 0. 0. 0. 0. 0. 0. 0. 0. 0. 0. 0. 0. 0.
    0. 0. 0. 0. 0. 0. 0. 0. 0. 0. 0. 0. 0. 0. 0. 0. 0. 0. 0. 0. 0. 0. 0.
    0. 0. 0. 0. 0. 0. 0. 0. 0. 0. 0. 0. 0. 0. 0. 0. 0. 0. 0. 0. 0.
    2.21300006e+00 2.21300006e+00 2.21300006e+00 2.18700004e+00
    2.11899996e+00 2.05100012e+00 2. 2. 2. 2. 2. 2. 2. 1.93799996e+00
    1.87399995e+00 1.80900002e+00 1.79900002e+00 0. 0. 0. 0. 0. 0. 0. 0.
    0. 0. 0. 0. 0. 0. 0. 0. 0. 0. 0. 0. 0. 0. 0. 2.21300006e+00
    2.21300006e+00 2.21300006e+00 2.18700004e+00 2.11899996e+00
    2.05100012e+00 2. 2. 2. 2. 2. 2. 2. 1.93799996e+00 1.87399995e+00
    1.80900002e+00 1.79900002e+00 0. 0. 0. 0. 0. 0. 0. 0. 0. 0. 0. 0. 0.
    0. 0. 0. 0. 0. 0. 0. 0. 0. 0. 2.15000010e+00 2.15000010e+00
    2.15000010e+00 2.13100004e+00 2.08400011e+00 2.03600001e+00 2. 2. 2.
    2. 2. 2. 2. 1.93799996e+00 1.87399995e+00 1.80900002e+00
    1.79900002e+00 0. 0. 0. 0. 0. 0. 0. 0. 0. 0. 0. 0. 0. 0. 0. 0. 0. 0.
    0. 0. 0. 0. 0. 2.08200002e+00 2.08200002e+00 2.08200002e+00
    2.07200003e+00 2.04600000e+00 2.01999998e+00 2. 2. 2. 2. 2. 2. 2.
    1.93799996e+00 1.87399995e+00 1.80900002e+00 1.79900002e+00 0. 0. 0.
    0. 0. 0. 0. 0. 0. 0. 0. 0. 0. 0. 0. 0. 0. 0. 0. 0. 0. 0. 0.
    2.01399994e+00 2.01399994e+00 2.01399994e+00 2.01200008e+00
    2.00799990e+00 2.00300002e+00 2. 2. 2. 2. 2. 2. 2. 1.93799996e+00
    1.87399995e+00 1.80900002e+00 1.79900002e+00 0. 0. 0. 0. 0. 0. 0. 0.
    0. 0. 0. 0. 0. 0. 0. 0. 0. 0. 0. 0. 0. 0. 1.04100001e+00 2. 2. 2. 2.
    2. 2. 2. 2. 2. 2. 2. 2. 2. 1.93799996e+00 1.87399995e+00
    1.80900002e+00 1.79900002e+00 0. 0. 0. 0. 0. 0. 0. 0. 0. 0. 0. 0. 0.
    0. 0. 0. 0. 0. 0. 0. 0. 0. 1.45000005e+00 2. 2. 2. 2. 2. 2. 2. 2. 2.
    2. 2. 2. 2. 1.93799996e+00 1.87399995e+00 1.80900002e+00
    1.79900002e+00 0. 0. 0. 0. 0. 0. 0. 0. 0. 0. 0. 0. 0. 0. 0. 0. 0. 0.
    0. 0. 1.27499998e+00 1.56700003e+00 1.86000001e+00 2. 2. 2. 2. 2. 2.
    2. 2. 2. 2. 2. 2. 2. 1.93799996e+00 1.87399995e+00 1.80900002e+00
    1.79900002e+00 0. 0. 0. 0. 0. 0. 0. 0. 0. 0. 0. 0. 0. 0. 0. 0. 0. 0.
    0. 1.27999997e+00 2. 2. 2. 2. 2. 2. 2. 2. 2. 2. 2. 2. 2. 2. 2. 2.
    1.95099998e+00 1.89999998e+00 1.84899998e+00 1.84099996e+00 0. 0. 0.
    0. 0. 0. 0. 0. 0. 0. 0. 0. 0. 0. 0. 0. 0. 0. 0. 1.58000004e+00 2. 2.
    2. 2. 2. 2. 2. 2. 2. 2. 2. 2. 2. 2. 2. 2. 1.97099996e+00
    1.94000006e+00 1.90999997e+00 1.90499997e+00 0. 0. 0. 0. 0. 0. 0. 0.
    0. 0. 0. 0. 0. 0. 0. 0. 0. 1.17600000e+00 1.52800000e+00
    1.88000000e+00 2. 2. 2. 2. 2. 2. 2. 2. 2. 2. 2. 2. 2. 2. 2. 2.
    1.99000001e+00 1.98099995e+00 1.97099996e+00 1.96899998e+00 0. 0. 0.
    0. 0. 0. 0. 0. 0. 0. 0. 0. 0. 0. 0. 0. 1.74199998e+00 2.16799998e+00
    2.11100006e+00 2.05500007e+00 2.02800012e+00 2.01699996e+00
    2.00500011e+00 2. 2. 2. 2. 2. 2. 2. 2. 2. 1.99899995e+00
    1.98800004e+00 1.97800004e+00 1.96700001e+00 1.96700001e+00
    1.96700001e+00 1.96700001e+00 1.96700001e+00 0. 0. 0. 0. 0. 0. 0. 0.
    0. 0. 0. 0. 0. 0. 0. 0. 1.92200005e+00 2.18499994e+00 2.15000010e+00
    2.11500001e+00 2.08200002e+00 2.04900002e+00 2.01600003e+00 2. 2. 2.
    2. 2. 2. 2. 2. 2. 1.99699998e+00 1.96500003e+00 1.93400002e+00
    1.90300000e+00 1.90300000e+00 1.90300000e+00 1.90300000e+00
    1.90300000e+00 0. 0. 0. 0. 0. 0. 0. 0. 0. 0. 0. 0. 0. 0.
    1.02300000e+00 1.56200004e+00 2.10200000e+00 2.20199990e+00
    2.18899989e+00 2.17600012e+00 2.13499999e+00 2.08100009e+00
    2.02600002e+00 2. 2. 2. 2. 2. 2. 2. 2. 2. 1.99399996e+00
    1.94299996e+00 1.89100003e+00 1.84000003e+00 1.83800006e+00
    1.83800006e+00 1.83800006e+00 1.83800006e+00 0. 0. 0. 0. 0. 0. 0. 0.
    0. 0. 0. 0. 2.21300006e+00 2.21300006e+00 2.20499992e+00
    2.19700003e+00 2.18899989e+00 2.18700004e+00 2.18700004e+00
    2.18700004e+00 2.14800000e+00 2.08800006e+00 2.02900004e+00 2. 2. 2.
    2. 2. 2. 2. 2. 2. 1.99300003e+00 1.92900002e+00 1.86500001e+00
    1.80100000e+00 1.79900002e+00 1.79900002e+00 1.79900002e+00
    1.79900002e+00 0. 0. 0. 0. 0. 0. 0. 0. 0. 0. 0. 0. 2.21300006e+00
    2.21300006e+00 2.18499994e+00 2.15499997e+00 2.12500000e+00
    2.11899996e+00 2.11899996e+00 2.11899996e+00 2.09400010e+00
    2.05599999e+00 2.01799989e+00 2. 2. 2. 2. 2. 2. 2. 2. 2.
    1.99300003e+00 1.92900002e+00 1.86500001e+00 1.80100000e+00
    1.79900002e+00 1.79900002e+00 1.79900002e+00 1.79900002e+00 0. 0. 0.
    0. 0. 0. 0. 0. 0. 0. 0. 0. 2.21300006e+00 2.21300006e+00
    2.16499996e+00 2.11299992e+00 2.06200004e+00 2.05100012e+00
    2.05100012e+00 2.05100012e+00 2.03999996e+00 2.02399993e+00
    2.00799990e+00 2. 2. 2. 2. 2. 2. 2. 2. 2. 1.99300003e+00
    1.92900002e+00 1.86500001e+00 1.80100000e+00 1.79900002e+00
    1.79900002e+00 1.79900002e+00 1.79900002e+00 0. 0. 0. 0. 0. 0. 0. 0.
    0. 0. 0. 0. 2.21300006e+00 2.21300006e+00 2.15000010e+00
    2.08200002e+00 2.01399994e+00 2. 2. 2. 2. 2. 2. 2. 2. 2. 2. 2. 2. 2.
    2. 2. 1.99300003e+00 1.93400002e+00 1.87500000e+00 1.81599998e+00
    1.60899997e+00 1.39699996e+00 1.18599999e+00 1.15100002e+00 0. 0. 0.
    0. 0. 0. 0. 0. 0. 0. 0. 0. 2.21300006e+00 2.21300006e+00
    2.15000010e+00 2.08200002e+00 2.01399994e+00 2. 2. 2. 2. 2. 2. 2. 2.
    2. 2. 2. 2. 2. 2. 2. 1.99600005e+00 1.95700002e+00 1.91900003e+00
    1.88000000e+00 0. 0. 0. 0. 0. 0. 0. 0. 0. 0. 0. 0. 0. 0. 0. 0.
    2.21300006e+00 2.21300006e+00 2.15000010e+00 2.08200002e+00
    2.01399994e+00 2. 2. 2. 2. 2. 2. 2. 2. 2. 2. 2. 2. 2. 2. 2.
    1.99800003e+00 1.98000002e+00 1.96200001e+00 1.94299996e+00 0. 0. 0.
    0. 0. 0. 0. 0. 0. 0. 0. 0. 0. 0. 0. 0. 2.21300006e+00 2.21300006e+00
    2.15199995e+00 2.08599997e+00 2.02099991e+00 2.00600004e+00
    2.00300002e+00 2.00099993e+00 2. 2. 2. 2.00099993e+00 2.00399995e+00
    2.00600004e+00 2.00799990e+00 2.00799990e+00 2.00799990e+00
    2.00799990e+00 2.00799990e+00 2.00799990e+00 1.99699998e+00
    1.89999998e+00 1.80299997e+00 1.70599997e+00 0. 0. 0. 0. 0. 0. 0. 0.
    0. 0. 0. 0. 0. 0. 0. 0. 2.21300006e+00 2.21300006e+00 2.17199993e+00
    2.12800002e+00 2.08400011e+00 2.05599999e+00 2.03200006e+00
    2.00799990e+00 2. 2. 2. 2.01300001e+00 2.03699994e+00 2.06100011e+00
    2.07500005e+00 2.07500005e+00 2.07500005e+00 2.07500005e+00
    2.07500005e+00 2.07500005e+00 1.96800005e+00 0. 0. 0. 0. 0. 0. 0. 0.
    0. 0. 0. 0. 0. 0. 0. 0. 0. 0. 0. 2.21300006e+00 2.21300006e+00
    2.19199991e+00 2.17000008e+00 2.14800000e+00 2.10700011e+00
    2.06100011e+00 2.01600003e+00 2. 2. 2. 2.02399993e+00 2.06900001e+00
    2.11500001e+00 2.14299989e+00 2.14299989e+00 2.14299989e+00
    2.14299989e+00 2.14299989e+00 2.14299989e+00 1.93900001e+00 0. 0. 0.
    0. 0. 0. 0. 0. 0. 0. 0. 0. 0. 0. 0. 0. 0. 0. 0. 2.21300006e+00
    2.21300006e+00 2.21199989e+00 2.21199989e+00 2.21099997e+00
    2.15799999e+00 2.08999991e+00 2.02300000e+00 2. 2. 2. 2.03500009e+00
    2.10200000e+00 2.17000008e+00 2.21099997e+00 2.21099997e+00
    2.21099997e+00 2.21099997e+00 2.21099997e+00 2.21099997e+00
    1.90999997e+00 0. 0. 0. 0. 0. 0. 0. 0. 0. 0. 0. 0. 0. 0. 0. 0. 0. 0.
    0. 2.21300006e+00 2.21300006e+00 2.21300006e+00 2.21300006e+00
    2.21300006e+00 2.15899992e+00 2.09100008e+00 2.02300000e+00 2. 2. 2.
