<?xml version="1.0"?>
<opencv_storage>
<Depth type_id="opencv-matrix">
  <rows>40</rows>
  <cols>40</cols>
  <dt>f</dt>
  <data>
    0. 0. 0. 0. 0. 0. 0. 0. 0. 0. 0. 0. 0. 0. 0. 0. 0. 0. 0. 0. 0. 0. 0.
    0. 0. 0. 0. 0. 0. 0. 0. 0. 0. 0. 0. 0. 0. 0. 0. 0. 0. 0. 0. 0. 0. 0.
    0. 0. 0. 0. 0. 0. 0. 0. 0. 0. 0. 0. 0. 0. 0. 0. 0. 0. 0. 0. 0. 0. 0.
    0. 0. 0. 0. 0. 0. 0. 0. 0. 0. 0. 0. 0. 0. 0. 0. 0. 0. 0. 0. 0. 0. 0.
    0. 0. 0. 0. 0. 0. 0. 0. 0. 0. 0. 0. 0. 0. 0. 0. 0. 0. 0. 0. 0. 0. 0.
    0. 0. 0. 0. 0. 0. 0. 0. 0. 0. 0. 0. 0. 0. 0. 0. 0. 0. 0. 0. 0. 0. 0.
    0. 0. 0. 0. 0. 0. 0. 0. 0. 0. 0. 0. 0. 0. 0. 0. 0. 0. 0. 0. 0. 0. 0.
    0. 0. 0. 0. 0. 0. 0. 0. 0. 0. 0. 0. 0. 0. 0. 0. 0. 0. 0. 0. 0. 0. 0.
    0. 0. 0. 0. 0. 0. 0. 0. 0. 0. 0. 0. 0. 0. 0. 0. 0. 0. 0. 0. 0. 0. 0.
    0. 0. 0. 0. 0. 0. 0. 0. 0. 0. 0. 0. 0. 0. 0. 0. 0. 0. 0. 0. 0. 0. 0.
    0. 0. 0. 0. 0. 0. 0. 0. 0. 0. 0. 0. 0. 0. 0. 0. 0. 0. 0. 0. 0. 0. 0.
    0. 0. 0. 0. 0. 0. 0. 0. 0. 0. 0. 0. 0. 0. 0. 0. 0. 0. 0. 0. 0. 0. 0.
    0. 0. 0. 0. 0. 0. 0. 0. 0. 0. 0. 0. 0. 0. 0. 0. 0. 0. 0. 0. 0. 0. 0.
    0. 0. 0. 0. 0. 0. 0. 0. 0. 0. 0. 0. 0. 0. 0. 0. 0. 0. 0. 0. 0. 0. 0.
    0. 0. 0. 0. 0. 0. 0. 0. 0. 0. 0. 0. 0. 0. 0. 0. 0. 0. 0. 0. 0. 0. 0.
    0. 0. 0. 0. 0. 0. 0. 0. 0. 0. 0. 0. 0. 0. 0. 0. 0. 0. 0. 0. 0. 0. 0.
    0. 0. 0. 0. 0. 0. 0. 0. 0. 0. 0. 0. 0. 0. 0. 0. 0. 0. 0. 0. 0. 0. 0.
    0. 0. 0. 0. 0. 0. 0. 0. 0. 0. 0. 0. 0. 0. 0. 0. 0. 0. 0. 0. 0. 0. 0.
    0. 0. 0. 0. 0. 0. 0. 0. 0. 0. 0. 0. 0. 0. 0. 0. 0. 0. 0. 0. 0. 0. 0.
    0. 0. 0. 0. 0. 0. 0. 0. 0. 0. 0. 0. 0. 0. 0. 0. 0. 0. 0. 0. 0. 0. 0.
    0. 0. 0. 0. 0. 0. 0. 0. 0. 0. 0. 0. 0. 0. 0. 0. 0. 0. 0. 0. 0. 0. 0.
    0. 0. 0. 0. 0. 0. 0. 0. 0. 0. 0. 0. 0. 0. 0. 0. 0. 0. 0. 0. 0. 0. 0.
    0. 0. 0. 0. 0. 0. 0. 0. 0. 0. 0. 0. 0. 0. 0. 0. 0. 0. 0. 0. 0. 0. 0.
    0. 0. 0. 0. 0. 0. 0. 0. 0. 0. 0. 0. 0. 0. 0. 0. 0. 0. 0. 0. 0. 0. 0.
    0. 0. 0. 0. 0. 0. 0. 0. 2. 2. 2. 2.02999997e+00 2.07800007e+00
    2.10800004e+00 2.10800004e+00 2.10200000e+00 2.05399990e+00
    2.00600004e+00 2. 2. 2. 2. 2. 2. 2. 2. 2. 2. 2. 2.02900004e+00
    2.07699990e+00 2.12599993e+00 2.17600012e+00 2.22099996e+00
    2.22099996e+00 2.22099996e+00 2.17799997e+00 2.12800002e+00
    2.07900000e+00 2.03099990e+00 2. 2. 1.99500000e+00 1.94900000e+00
    1.90199995e+00 1.89499998e+00 1.89499998e+00 1.92299998e+00 2. 2. 2.
    2.02500010e+00 2.06500006e+00 2.08999991e+00 2.08999991e+00
    2.08500004e+00 2.04500008e+00 2.00500011e+00 2. 2. 2. 2. 2. 2. 2. 2.
    2. 2. 2. 2.02900004e+00 2.07699990e+00 2.12299991e+00 2.16499996e+00
    2.20300007e+00 2.21099997e+00 2.22000003e+00 2.18499994e+00
    2.14299989e+00 2.09800005e+00 2.04900002e+00 2.01500010e+00
    2.00699997e+00 1.99500000e+00 1.94900000e+00 1.90199995e+00
    1.89499998e+00 1.89499998e+00 1.92299998e+00 2. 2. 2. 2.01200008e+00
    2.02999997e+00 2.04200006e+00 2.04200006e+00 2.03999996e+00
    2.02099991e+00 2.00200009e+00 2. 2. 2. 2. 2. 2. 2. 2. 2. 2. 2.
    2.02900004e+00 2.07699990e+00 2.11500001e+00 2.13499999e+00
    2.15499997e+00 2.18600011e+00 2.21700001e+00 2.20400000e+00
    2.18499994e+00 2.14700007e+00 2.09800005e+00 2.05599999e+00
    2.02600002e+00 1.99500000e+00 1.94900000e+00 1.90199995e+00
    1.89499998e+00 1.89499998e+00 1.92299998e+00 1.99399996e+00
    1.99399996e+00 1.99399996e+00 1.99600005e+00 1.99800003e+00 2. 2. 2.
    2. 2. 2. 2. 2. 2. 2. 2. 2. 2. 2. 2. 2. 2.02900004e+00 2.07699990e+00
    2.10800004e+00 2.10800004e+00 2.11299992e+00 2.16400003e+00
    2.21399999e+00 2.22099996e+00 2.22099996e+00 2.19099998e+00
    2.14000010e+00 2.09100008e+00 2.04299998e+00 1.99500000e+00
    1.95099998e+00 1.90699995e+00 1.90100002e+00 1.90100002e+00
    1.92700005e+00 1.94799995e+00 1.94799995e+00 1.94799995e+00
    1.96200001e+00 1.98500001e+00 2. 2. 2. 2. 2. 2. 2. 2. 2. 2. 2. 2. 2.
    2. 2. 2. 2.02900004e+00 2.07699990e+00 2.10800004e+00 2.10800004e+00
    2.11299992e+00 2.16400003e+00 2.21399999e+00 2.22099996e+00
    2.22099996e+00 2.19099998e+00 2.14000010e+00 2.09100008e+00
    2.04299998e+00 1.99800003e+00 1.97399998e+00 1.95099998e+00
    1.94700003e+00 1.94700003e+00 1.96099997e+00 1.90100002e+00
    1.90100002e+00 1.90100002e+00 1.92799997e+00 1.97200000e+00 2. 2. 2.
    2. 2. 2. 2. 2. 2. 2. 2. 2. 2. 2. 2. 2. 2.02900004e+00 2.07699990e+00
    2.10800004e+00 2.10800004e+00 2.11299992e+00 2.16400003e+00
    2.21399999e+00 2.22099996e+00 2.22099996e+00 2.19099998e+00
    2.14000010e+00 2.09100008e+00 2.04299998e+00 2. 1.99699998e+00
    1.99399996e+00 1.99399996e+00 1.99399996e+00 1.99600005e+00
    1.89499998e+00 1.89499998e+00 1.89499998e+00 1.91299999e+00
    1.94099998e+00 1.96599996e+00 1.98399997e+00 2. 2. 2. 2. 2. 2. 2. 2.
    2. 2.00200009e+00 2.02099991e+00 2.03900003e+00 2.04200006e+00
    2.04200006e+00 2.07200003e+00 2.11999989e+00 2.15199995e+00
    2.15199995e+00 2.15499997e+00 2.18600011e+00 2.21700001e+00
    2.22099996e+00 2.22099996e+00 2.19099998e+00 2.14000010e+00
    2.09100008e+00 2.04299998e+00 2. 2. 2. 2. 2. 2. 1.89499998e+00
    1.89499998e+00 1.89499998e+00 1.89999998e+00 1.90799999e+00
    1.92700005e+00 1.96599996e+00 2. 2. 2. 2. 2. 2. 2. 2. 2.
    2.00399995e+00 2.04399991e+00 2.08400011e+00 2.08999991e+00
    2.08999991e+00 2.11999989e+00 2.17000008e+00 2.20199990e+00
    2.20199990e+00 2.20300007e+00 2.21099997e+00 2.22000003e+00
    2.22099996e+00 2.22099996e+00 2.19099998e+00 2.14000010e+00
    2.09100008e+00 2.04299998e+00 2. 2. 2. 2. 2. 2. 1.89499998e+00
    1.89499998e+00 1.89499998e+00 1.89499998e+00 1.89499998e+00
    1.91199994e+00 1.95899999e+00 2. 2. 2. 2. 2. 2.00799990e+00
    2.02099991e+00 2.02999997e+00 2.02999997e+00 2.03399992e+00
    2.06800008e+00 2.10299993e+00 2.10800004e+00 2.10800004e+00
    2.13899994e+00 2.18899989e+00 2.22099996e+00 2.22099996e+00
    2.22300005e+00 2.23699999e+00 2.25099993e+00 2.25300002e+00
    2.25300002e+00 2.23099995e+00 2.19499993e+00 2.15899992e+00
    2.12400007e+00 2.01300001e+00 1.23300004e+00 0. 0. 0. 0.
    1.89499998e+00 1.89499998e+00 1.89499998e+00 1.89499998e+00
    1.89499998e+00 1.91199994e+00 1.95899999e+00 2. 2. 2. 2. 2.
    2.02099991e+00 2.05599999e+00 2.07800007e+00 2.07800007e+00
    2.07900000e+00 2.09299994e+00 2.10599995e+00 2.10800004e+00
    2.10800004e+00 2.13899994e+00 2.18899989e+00 2.22099996e+00
    2.22099996e+00 2.22499990e+00 2.26200008e+00 2.29900002e+00
    2.30399990e+00 2.30399990e+00 2.29600000e+00 2.28200006e+00
    2.26799989e+00 2.25500011e+00 2.03399992e+00 0. 0. 0. 0. 0.
    1.89499998e+00 1.89499998e+00 1.89499998e+00 1.89499998e+00
    1.89499998e+00 1.91199994e+00 1.95899999e+00 2. 2. 2. 2. 2.
    2.02999997e+00 2.07699990e+00 2.10800004e+00 2.10800004e+00
    2.10800004e+00 2.10800004e+00 2.10800004e+00 2.10800004e+00
    2.10800004e+00 2.13899994e+00 2.18899989e+00 2.22099996e+00
    2.22099996e+00 2.22700000e+00 2.27800012e+00 2.32999992e+00
    2.33699989e+00 2.33699989e+00 2.33699989e+00 2.33699989e+00
    2.33699989e+00 2.33699989e+00 2.04800010e+00 0. 0. 0. 0. 0. 0. 0. 0.
    0. 0. 0. 0. 0. 0. 0. 0. 0. 0. 0. 0. 0. 0. 0. 0. 0. 0. 0. 0. 0. 0. 0.
    0. 0. 0. 0. 0. 0. 0. 0. 0. 0. 0. 0. 0. 0. 0. 0. 0. 0. 0. 0. 0. 0. 0.
    0. 0. 0. 0. 0. 0. 0. 0. 0. 0. 0. 0. 0. 0. 0. 0. 0. 0. 0. 0. 0. 0. 0.
    0. 0. 0. 0. 0. 0. 0. 0. 0. 0. 0. 0. 0. 0. 0. 0. 0. 0. 0. 0. 0. 0. 0.
    0. 0. 0. 0. 0. 0. 0. 0. 0. 0. 0. 0. 0. 0. 0. 0. 0. 0. 0. 0. 0. 0. 0.
    0. 0. 0. 0. 0. 0. 0. 0. 0. 0. 0. 0. 0. 0. 0. 0. 0. 0. 0. 0. 0. 0. 0.
    0. 0. 0. 0. 0. 0. 0. 0. 0. 0. 0. 0. 0. 0. 0. 0. 0. 0. 0. 0. 0. 0. 0.
    0. 0. 0. 0. 0. 0. 0. 0. 0. 0. 0. 0. 0. 0. 0. 0. 0. 0. 0. 0. 0. 0. 0.
    0. 0. 0. 0. 0. 0. 0. 0. 0. 0. 0. 0. 0. 0. 0. 0. 0. 0. 0. 0. 0. 0. 0.
    0. 0. 0. 0. 0. 0. 0. 0. 0. 0. 0. 0. 0. 0. 0. 0. 0. 0. 0. 0. 0. 0. 0.
    0. 0. 0. 0. 0. 0. 0. 0. 0. 0. 0. 0. 0. 0. 0. 0. 0. 0. 0. 0. 0. 0. 0.
    0. 0. 0. 0. 0. 0. 0. 0. 0. 0. 0. 0. 0. 0. 0. 0. 0. 0. 0. 0. 0. 0. 0.
    0. 0. 0. 0. 0. 0. 0. 0. 0. 0. 0. 0. 0. 0. 0. 0. 0. 0. 0. 0. 0. 0. 0.
