<?xml version="1.0"?>
<opencv_storage>
<Depth type_id="opencv-matrix">
  <rows>40</rows>
  <cols>40</cols>
  <dt>f</dt>
  <data>
    0. 0. 0. 0. 0. 0. 0. 0. 0. 0. 0. 0. 0. 0. 0. 0. 0. 0. 0. 0. 0. 0. 0.
    0. 0. 0. 0. 0. 0. 0. 0. 0. 0. 0. 0. 0. 0. 0. 0. 0. 0. 0. 0. 0. 0. 0.
    0. 0. 0. 0. 0. 0. 0. 0. 0. 0. 0. 0. 0. 0. 0. 0. 0. 0. 0. 0. 0. 0. 0.
    0. 0. 0. 0. 0. 0. 0. 0. 0. 0. 0. 0. 0. 0. 0. 0. 0. 0. 0. 0. 0. 0. 0.
    0. 0. 0. 0. 0. 0. 0. 0. 0. 0. 0. 0. 0. 0. 0. 0. 0. 0. 0. 0. 0. 0. 0.
    0. 0. 0. 0. 0. 0. 0. 0. 0. 0. 0. 0. 0. 0. 0. 0. 0. 0. 0. 0. 0. 0. 0.
    0. 0. 0. 0. 0. 0. 0. 0. 0. 0. 0. 0. 0. 0. 0. 0. 0. 0. 0. 0. 0. 0. 0.
    0. 0. 0. 0. 0. 0. 0. 0. 0. 0. 0. 0. 0. 0. 0. 0. 2.21399999e+00
    2.21399999e+00 2.21399999e+00 2.21399999e+00 2.18300009e+00
    2.14299989e+00 2.10299993e+00 2.06900001e+00 2.06900001e+00
    2.05599999e+00 2.01699996e+00 2. 2. 2. 0. 0. 0. 0. 0. 0. 0. 0. 0. 0.
    0. 0. 0. 0. 0. 0. 0. 0. 0. 0. 0. 0. 0. 0. 0. 0. 2.18499994e+00
    2.17199993e+00 2.16599989e+00 2.16599989e+00 2.14499998e+00
    2.11800003e+00 2.09200001e+00 2.06900001e+00 2.06900001e+00
    2.05999994e+00 2.03500009e+00 2.02300000e+00 2.02300000e+00
    2.02300000e+00 0. 0. 0. 0. 0. 0. 0. 0. 0. 0. 0. 0. 0. 0. 0. 0. 0. 0.
    0. 0. 0. 0. 0. 0. 0. 0. 2.13599992e+00 2.10100007e+00 2.08599997e+00
    2.08599997e+00 2.08200002e+00 2.07699990e+00 2.07299995e+00
    2.06900001e+00 2.06900001e+00 2.06699991e+00 2.06299996e+00
    2.06100011e+00 2.06100011e+00 2.06100011e+00 0. 0. 0. 0. 0. 0. 0. 0.
    0. 0. 0. 0. 0. 0. 0. 0. 0. 0. 0. 0. 0. 0. 0. 0. 0. 0. 2.10100007e+00
    2.07900000e+00 2.06900001e+00 2.06900001e+00 2.06900001e+00
    2.06900001e+00 2.06900001e+00 2.06900001e+00 2.06900001e+00
    2.06900001e+00 2.06900001e+00 2.06900001e+00 2.06900001e+00
    2.06900001e+00 0. 0. 0. 0. 0. 0. 0. 0. 0. 0. 0. 0. 0. 0. 0. 0. 0. 0.
    0. 0. 0. 0. 0. 0. 0. 0. 2.06900001e+00 2.06900001e+00 2.06900001e+00
    2.06900001e+00 2.06900001e+00 2.06900001e+00 2.06900001e+00
    2.06900001e+00 2.06900001e+00 2.06900001e+00 2.06900001e+00
    2.06900001e+00 2.06900001e+00 2.06900001e+00 0. 0. 0. 0. 0. 0. 0. 0.
    0. 0. 0. 0. 0. 0. 0. 0. 0. 0. 0. 0. 0. 0. 0. 0. 0. 1.28600001e+00
    2.06900001e+00 2.06900001e+00 2.06900001e+00 2.06900001e+00
    2.06900001e+00 2.06900001e+00 2.06900001e+00 2.06900001e+00
    2.06900001e+00 2.06900001e+00 2.06900001e+00 2.06900001e+00
    2.06900001e+00 2.06900001e+00 0. 0. 0. 0. 0. 0. 0. 0. 0. 0. 0. 0. 0.
    0. 0. 0. 0. 0. 0. 0. 0. 0. 1.96399999e+00 2. 2.00699997e+00
    2.04500008e+00 2.06900001e+00 2.06900001e+00 2.06900001e+00
    2.06900001e+00 2.06900001e+00 2.06900001e+00 2.06900001e+00
    2.06900001e+00 2.06900001e+00 2.06900001e+00 2.06900001e+00
    2.06900001e+00 2.06900001e+00 2.06900001e+00 0. 0. 0. 0. 0. 0. 0. 0.
    0. 0. 0. 0. 0. 0. 0. 0. 0. 0. 0. 0. 0. 0. 1.96399999e+00 2.
    2.00699997e+00 2.04500008e+00 2.06900001e+00 2.06900001e+00
    2.06900001e+00 2.06900001e+00 2.06900001e+00 2.06900001e+00
    2.06900001e+00 2.06900001e+00 2.06900001e+00 2.06900001e+00
    2.06900001e+00 2.06900001e+00 2.06900001e+00 2.06900001e+00 0. 0. 0.
    0. 0. 0. 0. 0. 0. 0. 0. 0. 0. 0. 0. 0. 0. 0. 0. 0. 0. 0.
    1.96399999e+00 2. 2.00500011e+00 2.03600001e+00 2.05800009e+00
    2.06599998e+00 2.06900001e+00 2.06900001e+00 2.06900001e+00
    2.06900001e+00 2.06900001e+00 2.06900001e+00 2.06900001e+00
    2.06900001e+00 2.06900001e+00 2.06900001e+00 2.06900001e+00
    2.06900001e+00 0. 0. 0. 0. 0. 0. 0. 0. 0. 0. 0. 0. 0. 0. 0. 0. 0. 0.
    0. 0. 0. 0. 1.96399999e+00 2. 2.00200009e+00 2.01099992e+00
    2.02699995e+00 2.05599999e+00 2.06900001e+00 2.06900001e+00
    2.06900001e+00 2.06900001e+00 2.06900001e+00 2.06900001e+00
    2.06900001e+00 2.06900001e+00 2.06900001e+00 2.06900001e+00
    2.06900001e+00 2.06900001e+00 0. 0. 0. 0. 0. 0. 0. 0. 0. 0. 0. 0. 0.
    0. 0. 0. 0. 0. 0. 0. 0. 0. 1.96399999e+00 2. 2. 2. 2.01399994e+00
    2.05299997e+00 2.06900001e+00 2.06900001e+00 2.06900001e+00
    2.06900001e+00 2.05699992e+00 2.04699993e+00 2.04699993e+00
    2.04299998e+00 2.03099990e+00 2.02600002e+00 2.02600002e+00
    2.02600002e+00 0. 0. 0. 0. 0. 0. 0. 0. 0. 0. 0. 0. 0. 0. 0. 0. 0. 0.
    0. 0. 0. 0. 1.96399999e+00 2. 2. 2. 2.01399994e+00 2.05299997e+00
    2.06900001e+00 2.06900001e+00 2.06900001e+00 2.06900001e+00
    2.03699994e+00 2.00900006e+00 2.00900006e+00 1.99800003e+00
    1.96500003e+00 1.95000005e+00 1.95000005e+00 1.95000005e+00 0. 0. 0.
    0. 0. 0. 0. 0. 0. 0. 0. 0. 0. 0. 0. 0. 0. 0. 0. 0. 0. 0. 0.
    1.08500004e+00 2.02900004e+00 2.02900004e+00 2.03800011e+00
    2.05999994e+00 2.06900001e+00 2.06900001e+00 2.05699992e+00
    2.03999996e+00 2.01900005e+00 2. 2. 1.98699999e+00 1.94900000e+00
    1.93200004e+00 1.93200004e+00 1.93200004e+00 0. 0. 0. 0. 0. 0. 0. 0.
    0. 0. 0. 0. 0. 0. 0. 0. 0. 0. 0. 0. 0. 0. 0. 0. 2.06699991e+00
    2.06699991e+00 2.06800008e+00 2.06900001e+00 2.06900001e+00
    2.06900001e+00 2.03999996e+00 2.00300002e+00 2.00099993e+00 2. 2.
    1.98699999e+00 1.94900000e+00 1.93200004e+00 1.93200004e+00
    1.93200004e+00 0. 0. 0. 0. 0. 0. 0. 0. 0. 0. 0. 0. 0. 0. 0. 0. 0. 0.
    0. 0. 0. 0. 0. 0. 2.03200006e+00 2.03200006e+00 2.03999996e+00
    2.05999994e+00 2.05699992e+00 2.03699994e+00 2.01900005e+00
    2.00099993e+00 2. 2. 2. 1.99399996e+00 1.97599995e+00 2.12700009e+00
    2.41799998e+00 2.49399996e+00 0. 0. 0. 0. 0. 0. 0. 0. 0. 0. 0. 0. 0.
    0. 0. 0. 0. 0. 0. 0. 0. 0. 1.96700001e+00 2. 2. 2. 2.01300001e+00
    2.04800010e+00 2.04299998e+00 2.00799990e+00 1.99800003e+00
    1.99399996e+00 1.99399996e+00 1.99399996e+00 1.99399996e+00
    2.01300001e+00 2.06800008e+00 2.36299992e+00 2.85999990e+00
    2.99000001e+00 0. 0. 0. 0. 0. 0. 0. 0. 0. 0. 0. 0. 0. 0. 0. 0. 0. 0.
    0. 0. 0. 1.01999998e+00 1.98699999e+00 2. 2. 2. 2.00500011e+00
    2.01900005e+00 2.01699996e+00 2.00300002e+00 1.98199999e+00
    1.95700002e+00 1.95700002e+00 1.95700002e+00 1.95700002e+00
    2.09999990e+00 2.50999999e+00 2.78600001e+00 2.94799995e+00
    2.99000001e+00 0. 0. 0. 0. 0. 0. 0. 0. 0. 0. 0. 0. 0. 0. 0. 0. 0. 0.
    0. 0. 1.55299997e+00 2. 2. 2. 2. 2. 2. 2. 2. 2. 1.97099996e+00
    1.93400002e+00 1.93200004e+00 1.93200004e+00 1.93200004e+00
    2.15199995e+00 2.78299999e+00 0. 0. 2.99000001e+00 0. 0. 0. 0. 0. 0.
    0. 0. 0. 0. 0. 0. 0. 0. 0. 0. 0. 0. 0. 1.25100005e+00 1.87100005e+00
    2. 2. 2. 2. 2. 2. 2. 2. 2. 1.97099996e+00 1.93400002e+00
    1.93200004e+00 1.93200004e+00 1.93200004e+00 2.14100003e+00
    2.74200010e+00 0. 2.99399996e+00 2.99000001e+00 0. 0. 0. 0. 0. 0. 0.
    0. 0. 0. 0. 0. 0. 0. 0. 0. 0. 0. 2.11899996e+00 2.07999992e+00
    2.01399994e+00 2. 2. 2. 2. 2. 2. 2. 2. 2. 1.98000002e+00
    1.95400000e+00 1.95200002e+00 1.95200002e+00 1.95200002e+00
    2.15300012e+00 2.72799993e+00 2.99000001e+00 2.99000001e+00
    2.99000001e+00 0. 0. 0. 0. 0. 0. 0. 0. 0. 0. 0. 0. 0. 0. 0. 0. 0. 0.
    2.07900000e+00 2.05299997e+00 2.00900006e+00 2. 2. 2. 2. 2. 2. 2. 2.
    2. 1.99600005e+00 1.99000001e+00 1.99000001e+00 1.99000001e+00
    1.99000001e+00 2.18300009e+00 2.73699999e+00 2.99000001e+00
    2.99000001e+00 2.99000001e+00 0. 0. 0. 0. 0. 0. 0. 0. 0. 0. 0. 0. 0.
    0. 0. 0. 0. 0. 2.04099989e+00 2.02699995e+00 2.00500011e+00 2. 2. 2.
    2. 2. 2. 2. 2. 2. 2. 2. 2.01500010e+00 2.02800012e+00 2.02800012e+00
    2.21399999e+00 2.74699998e+00 2.99000001e+00 2.99000001e+00
    2.99000001e+00 0. 0. 0. 0. 0. 0. 0. 0. 0. 0. 0. 0. 0. 0. 0. 0. 0. 0.
    2.00300002e+00 2.00200009e+00 2. 2. 2. 2. 2. 2. 2. 2. 2. 2. 2. 2.
    2.03500009e+00 2.06599998e+00 2.06599998e+00 2.24499989e+00
    2.75699997e+00 2.99000001e+00 2.99000001e+00 2.99000001e+00 0. 0. 0.
    0. 0. 0. 0. 0. 0. 0. 0. 0. 0. 0. 0. 0. 0. 0. 2. 2. 2. 2. 2. 2. 2. 2.
    2. 2. 2. 2. 2. 2. 2.03699994e+00 2.06900001e+00 2.06900001e+00
    2.24699998e+00 2.75699997e+00 2.99000001e+00 2.99000001e+00
    2.99000001e+00 0. 0. 0. 0. 0. 0. 0. 0. 0. 0. 0. 0. 0. 0. 0. 0. 0. 0.
    2. 2. 2. 2. 2. 2.00300002e+00 2.00399995e+00 2.00200009e+00 2. 2. 2.
