<?xml version="1.0"?>
<opencv_storage>
<Depth type_id="opencv-matrix">
  <rows>40</rows>
  <cols>40</cols>
  <dt>f</dt>
  <data>
    0. 0. 0. 0. 0. 0. 0. 0. 0. 0. 0. 0. 0. 0. 0. 0. 0. 2.07599998e+00
    2.03399992e+00 2. 2. 2. 2. 2. 2. 2. 2. 2. 2.00099993e+00
    2.00399995e+00 2.10200000e+00 2.20000005e+00 2.60400009e+00 0. 0. 0.
    0. 0. 0. 0. 0. 0. 0. 0. 0. 0. 0. 0. 0. 0. 0. 0. 0. 0. 0. 0. 0.
    2.03800011e+00 2.01699996e+00 2. 2. 2. 2. 2. 2. 2. 2. 2.00099993e+00
    2.02399993e+00 2.04999995e+00 2.33400011e+00 2.61800003e+00
    2.82299995e+00 0. 0. 0. 0. 0. 0. 0. 0. 0. 0. 0. 0. 0. 0. 0. 0. 0. 0.
    0. 0. 0. 0. 0. 0. 2. 2. 2. 2. 2. 2. 2. 2. 2. 2. 2.00200009e+00
    2.04500008e+00 2.09500003e+00 2.56200004e+00 0. 0. 0. 0. 0. 0. 0. 0.
    0. 0. 0. 0. 0. 0. 0. 0. 0. 0. 0. 0. 0. 0. 0. 0. 0. 0. 2. 2. 2. 2. 2.
    2. 2. 2. 2. 2. 2.00099993e+00 2.02300000e+00 2.05200005e+00
    2.53999996e+00 0. 0. 0. 0. 0. 0. 0. 0. 0. 0. 0. 0. 0. 0. 0. 0. 0. 0.
    0. 0. 0. 0. 0. 0. 2.03099990e+00 2.01399994e+00 2. 2. 2. 2. 2. 2. 2.
    2. 2. 2. 2. 2. 2.00900006e+00 2.51799989e+00 0. 0. 0. 0. 0. 0. 0. 0.
    0. 0. 0. 0. 0. 0. 0. 0. 0. 0. 0. 0. 0. 0. 0. 0. 2.03399992e+00
    1.99100006e+00 1.95899999e+00 1.95899999e+00 1.96300006e+00
    1.98300004e+00 2. 2. 2. 2. 2. 2. 2.01399994e+00 2.28999996e+00
    2.56399989e+00 2.79800010e+00 0. 0. 0. 0. 0. 0. 0. 0. 0. 0. 0. 0. 0.
    0. 0. 0. 0. 0. 0. 0. 0. 0. 0. 0. 1.99100006e+00 1.94900000e+00
    1.91600001e+00 1.91600001e+00 1.92400002e+00 1.96500003e+00 2. 2. 2.
    2. 2. 2. 2.02900004e+00 2.58500004e+00 0. 0. 0. 0. 0. 0. 0. 0. 0. 0.
    0. 0. 0. 0. 0. 0. 0. 0. 0. 0. 0. 0. 0. 0. 0. 0. 1.98899996e+00
    1.94599998e+00 1.91400003e+00 1.91400003e+00 1.92200005e+00
    1.96500003e+00 2. 2. 2.00200009e+00 2.02300000e+00 2.04099989e+00
    2.04099989e+00 2.06800008e+00 2.59100008e+00 0. 0. 0. 0. 0. 0. 0. 0.
    0. 0. 0. 0. 0. 0. 0. 0. 0. 0. 0. 0. 0. 0. 0. 0. 0. 0. 1.98899996e+00
    1.94599998e+00 1.91400003e+00 1.91400003e+00 1.92200005e+00
    1.96500003e+00 2. 2. 2.00500011e+00 2.04600000e+00 2.08400011e+00
    2.08400011e+00 2.10899997e+00 2.57999992e+00 0. 0. 0. 0. 0. 0. 0. 0.
    0. 0. 0. 0. 0. 0. 0. 0. 0. 0. 0. 0. 0. 0. 0. 0. 0. 0. 1.99399996e+00
    1.97000003e+00 1.95200002e+00 1.95200002e+00 1.95700002e+00
    1.98000002e+00 2. 2. 2.00500011e+00 2.04900002e+00 2.08800006e+00
    2.08800006e+00 2.11299992e+00 2.57900000e+00 0. 0. 0. 0. 0. 0. 0. 0.
    0. 0. 0. 0. 0. 0. 0. 0. 0. 0. 0. 0. 0. 0. 0. 0. 0. 0. 1.99899995e+00
    1.99699998e+00 1.99500000e+00 1.99500000e+00 1.99500000e+00
    1.99800003e+00 2. 2. 2.00500011e+00 2.04900002e+00 2.08800006e+00
    2.08800006e+00 2.11299992e+00 2.57900000e+00 0. 0. 0. 0. 0. 0. 0. 0.
    0. 0. 0. 0. 0. 0. 0. 0. 0. 0. 0. 0. 0. 0. 0. 0. 0. 0. 2. 2. 2. 2. 2.
    2. 2.00300002e+00 2.02200007e+00 2.04099989e+00 2.06599998e+00
    2.10599995e+00 2.30599999e+00 2.50900006e+00 2.77500010e+00 0. 0. 0.
    0. 0. 0. 0. 0. 0. 0. 0. 0. 0. 0. 0. 0. 0. 0. 0. 0. 0. 0.
    1.56500006e+00 1.56500006e+00 1.63000000e+00 1.84300005e+00 2. 2. 2.
    2. 2. 2. 2.00600004e+00 2.04600000e+00 2.08100009e+00 2.08500004e+00
    2.12599993e+00 2.55500007e+00 2.96300006e+00 0. 0. 0. 0. 0. 0. 0. 0.
    0. 0. 0. 0. 0. 0. 0. 0. 0. 0. 0. 0. 0. 0. 0. 2. 2. 2. 2. 2. 2. 2. 2.
    2. 2. 2.00699997e+00 2.04999995e+00 2.10899997e+00 2.27600002e+00
    2.45300007e+00 2.72700000e+00 2.98799992e+00 0. 0. 0. 0. 0. 0. 0. 0.
    0. 0. 0. 0. 0. 0. 0. 0. 0. 0. 0. 0. 0. 0. 0. 2. 2. 2. 2. 2. 2. 2. 2.
    2. 2. 2.00699997e+00 2.04999995e+00 2.13400006e+00 2.50000000e+00
    2.83899999e+00 2.88400006e+00 2.93000007e+00 2.98399997e+00 0. 0. 0.
    0. 0. 0. 0. 0. 0. 0. 0. 0. 0. 0. 0. 0. 0. 0. 0. 0. 0. 0.
    2.03500009e+00 2.03500009e+00 2.03500009e+00 2.03500009e+00
    2.03500009e+00 2.03500009e+00 2.03099990e+00 2.01399994e+00 2. 2.
    2.00699997e+00 2.04999995e+00 2.13800001e+00 2.54500008e+00
    2.91499996e+00 2.91499996e+00 2.91799998e+00 2.97799993e+00 0. 0. 0.
    0. 0. 0. 0. 0. 0. 0. 0. 0. 0. 0. 0. 0. 0. 0. 0. 0. 0. 0.
    2.07800007e+00 2.07800007e+00 2.07800007e+00 2.07800007e+00
    2.07800007e+00 2.07800007e+00 2.06900001e+00 2.03099990e+00 2. 2.
    2.00699997e+00 2.04999995e+00 2.13800001e+00 2.54500008e+00
    2.91499996e+00 2.91499996e+00 2.91799998e+00 2.97799993e+00 0. 0. 0.
    0. 0. 0. 0. 0. 0. 0. 0. 0. 0. 0. 0. 0. 0. 0. 0. 0. 0. 0.
    2.05500007e+00 2.05500007e+00 2.05999994e+00 2.07599998e+00
    2.08800006e+00 2.08800006e+00 2.07800007e+00 2.03500009e+00 2. 2.
    2.00999999e+00 2.06999993e+00 2.16300011e+00 2.49000001e+00
    2.79399991e+00 2.85599995e+00 2.91799998e+00 2.97799993e+00 0. 0. 0.
    0. 0. 0. 0. 0. 0. 0. 0. 0. 0. 0. 0. 0. 0. 0. 0. 0. 0. 0.
    2.01200008e+00 2.01200008e+00 2.02300000e+00 2.06100011e+00
    2.08800006e+00 2.08800006e+00 2.07800007e+00 2.03500009e+00 2. 2.
    2.01300001e+00 2.09599996e+00 2.19600010e+00 2.41899991e+00
    2.63499999e+00 2.77900004e+00 2.91799998e+00 2.97799993e+00 0. 0. 0.
    0. 0. 0. 0. 0. 0. 0. 0. 0. 0. 0. 0. 0. 0. 0. 0. 0. 0. 0. 2. 2.
    2.00799990e+00 2.03600001e+00 2.05599999e+00 2.05599999e+00
    2.04999995e+00 2.02200007e+00 2. 2. 2.02500010e+00 2.18400002e+00
    2.33800006e+00 2.46399999e+00 2.59299994e+00 2.75799990e+00
    2.91799998e+00 2.97799993e+00 0. 0. 0. 0. 0. 0. 0. 0. 0. 0. 0. 0. 0.
    0. 0. 0. 0. 0. 0. 0. 0. 0. 2. 2. 2.00200009e+00 2.00799990e+00
    2.01300001e+00 2.01300001e+00 2.01200008e+00 2.00500011e+00 2. 2.
    2.04099989e+00 2.29500008e+00 2.52200007e+00 2.55100012e+00
    2.59299994e+00 2.75799990e+00 2.91799998e+00 2.97799993e+00 0. 0. 0.
    0. 0. 0. 0. 0. 0. 0. 0. 0. 0. 0. 0. 0. 0. 0. 0. 0. 0. 0. 2. 2. 2. 2.
    2. 2. 2. 2. 2. 2. 2.05399990e+00 2.39499998e+00 2.69300008e+00
    2.69300008e+00 2.70400000e+00 2.83400011e+00 2.95900011e+00
    2.99799991e+00 0. 0. 0. 0. 0. 0. 0. 0. 0. 0. 0. 0. 0. 0. 0. 0. 0. 0.
    0. 0. 0. 0. 2. 2. 2. 2. 2. 2. 2. 2. 2. 2. 2.06699991e+00
    2.48900008e+00 2.85899997e+00 2.85899997e+00 2.86500001e+00
    2.94300008e+00 0. 0. 0. 0. 0. 0. 0. 0. 0. 0. 0. 0. 0. 0. 0. 0. 0. 0.
    0. 0. 0. 0. 0. 0. 2. 2. 2. 2. 2. 2. 2. 2. 2.00300002e+00
    2.01699996e+00 2.10100007e+00 2.55599999e+00 2.95400000e+00
    2.95400000e+00 2.96000004e+00 0. 0. 0. 0. 0. 0. 0. 0. 0. 0. 0. 0. 0.
    0. 0. 0. 0. 0. 0. 0. 0. 0. 0. 1.17499995e+00 1.67200005e+00 2. 2. 2.
    2. 2. 2. 2. 2. 2.00699997e+00 2.04200006e+00 2.14599991e+00
    2.60899997e+00 0. 0. 0. 0. 0. 0. 0. 0. 0. 0. 0. 0. 0. 0. 0. 0. 0. 0.
    0. 0. 0. 0. 0. 0. 0. 0. 1.99500000e+00 1.98199999e+00 1.97399998e+00
    1.97399998e+00 1.97800004e+00 1.99100006e+00 2. 2. 2. 2.
    2.00799990e+00 2.05200005e+00 2.17199993e+00 2.69700003e+00 0. 0. 0.
    0. 0. 0. 0. 0. 0. 0. 0. 0. 0. 0. 0. 0. 0. 0. 0. 0. 0. 0. 0. 0.
    1.11600006e+00 1.65999997e+00 1.98699999e+00 1.95400000e+00
    1.93099999e+00 1.93099999e+00 1.94200003e+00 1.97500002e+00 2. 2. 2.
    2. 2.00799990e+00 2.05200005e+00 2.18700004e+00 2.80699992e+00 0. 0.
    0. 0. 0. 0. 0. 0. 0. 0. 0. 0. 0. 0. 0. 0. 0. 0. 0. 0. 0. 0. 0. 0. 2.
    2. 1.98399997e+00 1.94200003e+00 1.91400003e+00 1.91400003e+00
    1.92700005e+00 1.96899998e+00 2. 2. 2. 2. 2.00799990e+00
    2.05200005e+00 2.19000006e+00 2.82999992e+00 0. 0. 0. 0. 0. 0. 0. 0.
    0. 0. 0. 0. 0. 0. 0. 0. 0. 0. 0. 0. 0. 0. 0. 0. 2. 2. 1.98399997e+00
    1.94200003e+00 1.91400003e+00 1.91400003e+00 1.92700005e+00
    1.96899998e+00 2. 2. 2. 2. 2.00799990e+00 2.05200005e+00
    2.18499994e+00 2.79200006e+00 0. 0. 0. 0. 0. 0. 0. 0. 0. 0. 0. 0. 0.
    0. 0. 0. 0. 0. 0. 0. 0. 0. 0. 0. 2. 2. 1.98800004e+00 1.95799994e+00
    1.93700004e+00 1.93700004e+00 1.94700003e+00 1.97700000e+00 2. 2. 2.
    2. 2.03999996e+00 2.24300003e+00 2.48300004e+00 2.91499996e+00 0. 0.
    0. 0. 0. 0. 0. 0. 0. 0. 0. 0. 0. 0. 0. 0. 0. 0. 0. 0. 0. 0. 0. 0. 2.
    2. 1.99600005e+00 1.98599994e+00 1.98000002e+00 1.98000002e+00
    1.98300004e+00 1.99300003e+00 2. 2. 2. 2. 2.09699988e+00
    2.59100008e+00 0. 0. 0. 0. 0. 0. 0. 0. 0. 0. 0. 0. 0. 0. 0. 0. 0. 0.
