<?xml version="1.0"?>
<opencv_storage>
<Depth type_id="opencv-matrix">
  <rows>40</rows>
  <cols>40</cols>
  <dt>f</dt>
  <data>
    0. 0. 0. 0. 0. 0. 0. 0. 0. 0. 0. 0. 0. 0. 0. 0. 0. 0. 0. 0. 0. 0. 0.
    0. 0. 0. 0. 0. 0. 0. 0. 0. 0. 0. 0. 0. 0. 0. 0. 0. 0. 0. 0. 0. 0. 0.
    0. 0. 0. 0. 0. 0. 0. 0. 0. 0. 0. 0. 0. 0. 0. 0. 0. 0. 0. 0. 0. 0. 0.
    0. 0. 0. 0. 0. 0. 0. 0. 0. 0. 0. 0. 0. 0. 0. 0. 0. 0. 0. 0. 0. 0. 0.
    0. 0. 0. 0. 0. 0. 0. 0. 0. 0. 0. 0. 0. 0. 0. 0. 0. 0. 0. 0. 0. 0. 0.
    0. 0. 0. 0. 0. 0. 0. 0. 0. 0. 0. 0. 0. 0. 0. 0. 0. 0. 0. 0. 0. 0. 0.
    0. 0. 0. 0. 0. 0. 0. 0. 0. 0. 0. 0. 0. 0. 0. 0. 0. 0. 0. 0. 0. 0. 0.
    0. 0. 0. 0. 0. 0. 0. 0. 0. 0. 2.21300006e+00 2.21300006e+00
    2.21300006e+00 2.21300006e+00 2.21300006e+00 2.21300006e+00
    2.21300006e+00 2.21300006e+00 2.25200009e+00 2.30299997e+00
    2.35500002e+00 2.40700006e+00 2.44199991e+00 2.44199991e+00
    2.44899988e+00 2.50399995e+00 2.55900002e+00 2.56399989e+00 0. 0. 0.
    0. 0. 0. 0. 0. 0. 0. 0. 0. 0. 0. 0. 0. 0. 0. 0. 0. 0. 0.
    2.21300006e+00 2.21300006e+00 2.21300006e+00 2.21300006e+00
    2.21300006e+00 2.21300006e+00 2.21300006e+00 2.21300006e+00
    2.25200009e+00 2.30299997e+00 2.34999990e+00 2.39299989e+00
    2.42400002e+00 2.43400002e+00 2.44899988e+00 2.50399995e+00
    2.55900002e+00 2.56399989e+00 0. 0. 0. 0. 0. 0. 0. 0. 0. 0. 0. 0. 0.
    0. 0. 0. 0. 0. 0. 0. 0. 0. 2.21300006e+00 2.21300006e+00
    2.21300006e+00 2.21300006e+00 2.21300006e+00 2.21300006e+00
    2.21300006e+00 2.21300006e+00 2.25200009e+00 2.30299997e+00
    2.33699989e+00 2.35599995e+00 2.38000011e+00 2.41300011e+00
    2.44899988e+00 2.50399995e+00 2.55900002e+00 2.56399989e+00 0. 0. 0.
    0. 0. 0. 0. 0. 0. 0. 0. 0. 0. 0. 0. 0. 0. 0. 0. 0. 0. 0.
    2.21300006e+00 2.21300006e+00 2.21300006e+00 2.21300006e+00
    2.21300006e+00 2.21300006e+00 2.21300006e+00 2.21300006e+00
    2.25200009e+00 2.30299997e+00 2.32599998e+00 2.32599998e+00
    2.34200001e+00 2.39000010e+00 2.43899989e+00 2.49399996e+00
    2.54900002e+00 2.55399990e+00 0. 0. 0. 0. 0. 0. 0. 0. 0. 0. 0. 0. 0.
    0. 0. 0. 0. 0. 0. 0. 0. 0. 2.21300006e+00 2.21300006e+00
    2.21300006e+00 2.21300006e+00 2.21300006e+00 2.21300006e+00
    2.21300006e+00 2.21300006e+00 2.25200009e+00 2.30299997e+00
    2.32599998e+00 2.32599998e+00 2.33400011e+00 2.35899997e+00
    2.38700008e+00 2.44000006e+00 2.49399996e+00 2.49900007e+00 0. 0. 0.
    0. 0. 0. 0. 0. 0. 0. 0. 0. 0. 0. 0. 0. 0. 0. 0. 0. 0. 0.
    2.21300006e+00 2.21300006e+00 2.21300006e+00 2.21300006e+00
    2.21300006e+00 2.21300006e+00 2.21300006e+00 2.21300006e+00
    2.25200009e+00 2.30299997e+00 2.32599998e+00 2.32599998e+00
    2.32599998e+00 2.32699990e+00 2.33400011e+00 2.38599992e+00
    2.43899989e+00 2.44400001e+00 0. 0. 0. 0. 0. 0. 0. 0. 0. 0. 0. 0. 0.
    0. 0. 0. 0. 0. 0. 0. 0. 0. 2.21300006e+00 2.21300006e+00
    2.21300006e+00 2.21300006e+00 2.21300006e+00 2.21300006e+00
    2.21300006e+00 2.21300006e+00 2.25200009e+00 2.30299997e+00
    2.32599998e+00 2.32599998e+00 2.32599998e+00 2.32599998e+00
    2.32999992e+00 2.35899997e+00 2.38800001e+00 2.39100003e+00 0. 0. 0.
    0. 0. 0. 0. 0. 0. 0. 0. 0. 0. 0. 0. 0. 0. 0. 0. 0. 0. 0.
    2.21300006e+00 2.21300006e+00 2.21300006e+00 2.21300006e+00
    2.21300006e+00 2.21300006e+00 2.21300006e+00 2.21300006e+00
    2.25200009e+00 2.30299997e+00 2.32599998e+00 2.32599998e+00
    2.32599998e+00 2.32599998e+00 2.32699990e+00 2.33200002e+00
    2.33800006e+00 2.33899999e+00 0. 0. 0. 0. 0. 0. 0. 0. 0. 0. 0. 0. 0.
    0. 0. 0. 0. 0. 0. 0. 0. 0. 2.21300006e+00 2.21300006e+00
    2.21300006e+00 2.21300006e+00 2.21300006e+00 2.21300006e+00
    2.21300006e+00 2.21300006e+00 2.25200009e+00 2.30299997e+00
    2.32599998e+00 2.32599998e+00 2.32599998e+00 2.32599998e+00
    2.32599998e+00 2.32599998e+00 2.32599998e+00 2.32599998e+00 0. 0. 0.
    0. 0. 0. 0. 0. 0. 0. 0. 0. 0. 0. 0. 0. 0. 0. 0. 0. 0. 0.
    2.21300006e+00 2.21300006e+00 2.21300006e+00 2.21300006e+00
    2.21300006e+00 2.21300006e+00 2.21300006e+00 2.21300006e+00
    2.25200009e+00 2.30299997e+00 2.32599998e+00 2.32599998e+00
    2.32599998e+00 2.32599998e+00 2.32599998e+00 2.32599998e+00
    2.32599998e+00 2.32599998e+00 0. 0. 0. 0. 0. 0. 0. 0. 0. 0. 0. 0. 0.
    0. 0. 0. 0. 0. 0. 0. 0. 0. 2.21300006e+00 2.20799994e+00
    2.19600010e+00 2.18600011e+00 2.18600011e+00 2.18600011e+00
    2.18600011e+00 2.18600011e+00 2.22499990e+00 2.27500010e+00
    2.30500007e+00 2.31800008e+00 2.32599998e+00 2.32599998e+00
    2.32599998e+00 2.32599998e+00 2.32599998e+00 2.32599998e+00 0. 0. 0.
    0. 0. 0. 0. 0. 0. 0. 0. 0. 0. 0. 0. 0. 0. 0. 0. 0. 0. 0.
    2.21300006e+00 2.20000005e+00 2.16499996e+00 2.13800001e+00
    2.13800001e+00 2.13800001e+00 2.13800001e+00 2.13800001e+00
    2.17499995e+00 2.22499990e+00 2.26699996e+00 2.30200005e+00
    2.32599998e+00 2.32599998e+00 2.32599998e+00 2.32599998e+00
    2.32599998e+00 2.32599998e+00 0. 0. 0. 0. 0. 0. 0. 0. 0. 0. 0. 0. 0.
    0. 0. 0. 0. 0. 0. 0. 0. 0. 2.19700003e+00 2.18000007e+00
    2.13899994e+00 2.10500002e+00 2.10500002e+00 2.10500002e+00
    2.10500002e+00 2.10500002e+00 2.13599992e+00 2.17799997e+00
    2.22399998e+00 2.27500010e+00 2.30900002e+00 2.30900002e+00
    2.30999994e+00 2.31800008e+00 2.32500005e+00 2.32599998e+00 0. 0. 0.
    0. 0. 0. 0. 0. 0. 0. 0. 0. 0. 0. 0. 0. 0. 0. 0. 0. 0. 0.
    2.14800000e+00 2.14000010e+00 2.12100005e+00 2.10500002e+00
    2.10500002e+00 2.10500002e+00 2.10500002e+00 2.10500002e+00
    2.11999989e+00 2.13899994e+00 2.17499995e+00 2.22499990e+00
    2.25799990e+00 2.25799990e+00 2.26200008e+00 2.29200006e+00
    2.32299995e+00 2.32599998e+00 0. 0. 0. 0. 0. 0. 0. 0. 0. 0. 0. 0. 0.
    0. 0. 0. 0. 0. 0. 0. 0. 0. 2.10500002e+00 2.10400009e+00
    2.10100007e+00 2.09899998e+00 2.09899998e+00 2.09899998e+00
    2.09899998e+00 2.09899998e+00 2.09899998e+00 2.09899998e+00
    2.12599993e+00 2.17499995e+00 2.20799994e+00 2.21099997e+00
    2.21900010e+00 2.26699996e+00 2.31500006e+00 2.31999993e+00 0. 0. 0.
    0. 0. 0. 0. 0. 0. 0. 0. 0. 0. 0. 0. 0. 0. 0. 0. 0. 0. 0.
    2.10500002e+00 2.09599996e+00 2.07100010e+00 2.05200005e+00
    2.05200005e+00 2.05200005e+00 2.05200005e+00 2.05200005e+00
    2.05200005e+00 2.05200005e+00 2.07800007e+00 2.12599993e+00
    2.16700006e+00 2.19099998e+00 2.21600008e+00 2.24099994e+00
    2.26600003e+00 2.26900005e+00 0. 0. 0. 0. 0. 0. 0. 0. 0. 0. 0. 0. 0.
    0. 0. 0. 0. 0. 0. 0. 0. 0. 2.10500002e+00 2.08699989e+00
    2.04200006e+00 2.00399995e+00 2.00399995e+00 2.00399995e+00
    2.00399995e+00 2.00399995e+00 2.00399995e+00 2.00399995e+00
    2.02999997e+00 2.07800007e+00 2.12500000e+00 2.17199993e+00
    2.21300006e+00 2.21499991e+00 2.21700001e+00 2.21799994e+00 0. 0. 0.
    0. 0. 0. 0. 0. 0. 0. 0. 0. 0. 0. 0. 0. 0. 0. 0. 0. 0. 0.
    2.06200004e+00 2.05100012e+00 2.02300000e+00 2. 2. 2. 2. 2. 2. 2.
    2.02600002e+00 2.07299995e+00 2.12100005e+00 2.17000008e+00
    2.21099997e+00 2.19099998e+00 2.17000008e+00 2.16899991e+00 0. 0. 0.
    0. 0. 0. 0. 0. 0. 0. 0. 0. 0. 0. 0. 0. 0. 0. 0. 0. 0. 0.
    2.01399994e+00 2.01200008e+00 2.00500011e+00 2. 2. 2. 2. 2. 2. 2.
    2.02600002e+00 2.07299995e+00 2.12100005e+00 2.17000008e+00
    2.20799994e+00 2.16599989e+00 2.12400007e+00 2.11999989e+00 0. 0. 0.
    0. 0. 0. 0. 0. 0. 0. 0. 0. 0. 0. 0. 0. 0. 0. 0. 0. 0. 0.
    1.93700004e+00 1.93700004e+00 1.93700004e+00 1.94000006e+00
    1.95400000e+00 1.96800005e+00 1.96800005e+00 1.96800005e+00
    1.96800005e+00 1.96800005e+00 1.99399996e+00 2.04099989e+00
    2.08299994e+00 2.11700010e+00 2.14199996e+00 2.10800004e+00
    2.07500005e+00 2.07200003e+00 0. 0. 0. 0. 0. 0. 0. 0. 0. 0. 0. 0. 0.
    0. 0. 0. 0. 0. 0. 0. 0. 0. 1.84700000e+00 1.84700000e+00
    1.84700000e+00 1.85399997e+00 1.88800001e+00 1.92200005e+00
    1.92299998e+00 1.92299998e+00 1.92299998e+00 1.92299998e+00
    1.94799995e+00 1.99399996e+00 2.02800012e+00 2.03999996e+00
    2.04800010e+00 2.03699994e+00 2.02600002e+00 2.02399993e+00 0. 0. 0.
