<?xml version="1.0"?>
<opencv_storage>
<Depth type_id="opencv-matrix">
  <rows>40</rows>
  <cols>40</cols>
  <dt>f</dt>
  <data>
    0. 0. 0. 0. 0. 0. 0. 0. 0. 0. 0. 0. 0. 0. 0. 0. 0. 0. 0. 0. 0. 0. 0.
    0. 0. 0. 0. 0. 0. 0. 0. 0. 0. 0. 0. 0. 0. 0. 0. 0. 0. 0. 0. 0. 0. 0.
    0. 0. 0. 0. 0. 0. 0. 0. 0. 0. 0. 0. 0. 0. 0. 0. 0. 0. 0. 0. 0. 0. 0.
    0. 0. 0. 0. 0. 0. 0. 0. 0. 0. 0. 0. 0. 0. 0. 0. 0. 0. 0. 0. 0. 0. 0.
    0. 0. 0. 0. 0. 0. 0. 0. 0. 0. 0. 0. 0. 0. 0. 0. 0. 0. 0. 0. 0. 0. 0.
    0. 0. 0. 0. 0. 0. 0. 0. 0. 0. 0. 0. 0. 0. 0. 0. 0. 0. 0. 0. 0. 0. 0.
    0. 0. 0. 0. 0. 0. 0. 0. 0. 0. 0. 0. 0. 0. 0. 0. 0. 0. 0. 0. 0. 0. 0.
    0. 0. 0. 0. 0. 0. 0. 0. 0. 0. 0. 0. 0. 0. 0. 0. 0. 0. 0. 0. 0. 0. 0.
    0. 0. 0. 0. 0. 0. 0. 0. 0. 0. 0. 0. 0. 0. 0. 0. 0. 0. 0. 0. 0. 0. 0.
    0. 0. 0. 0. 0. 0. 0. 0. 0. 0. 0. 0. 0. 0. 0. 0. 0. 0. 0. 0. 0. 0. 0.
    0. 0. 0. 0. 0. 0. 0. 0. 0. 0. 0. 0. 0. 0. 0. 0. 0. 0. 0. 0. 0. 0. 0.
    0. 0. 0. 0. 0. 0. 0. 0. 0. 0. 0. 0. 0. 0. 0. 0. 0. 0. 0. 0. 0. 0. 0.
    0. 0. 0. 0. 0. 0. 0. 0. 0. 0. 0. 0. 0. 0. 0. 0. 0. 0. 0. 0. 0. 0. 0.
    0. 0. 0. 0. 0. 0. 0. 0. 0. 0. 0. 0. 0. 0. 0. 0. 0. 0. 0. 0. 0. 0. 0.
    0. 0. 0. 0. 0. 0. 0. 0. 0. 0. 0. 0. 0. 0. 0. 0. 0. 0. 0. 0. 0. 0. 0.
    0. 0. 0. 0. 0. 0. 0. 0. 0. 0. 0. 0. 0. 0. 0. 0. 0. 0. 0. 0. 0. 0. 0.
    0. 0. 0. 0. 0. 0. 0. 0. 0. 0. 0. 0. 0. 0. 0. 0. 0. 0. 0. 0. 0. 0. 0.
    0. 0. 0. 0. 0. 0. 0. 0. 0. 0. 0. 0. 0. 0. 0. 0. 0. 0. 0. 0. 0. 0. 0.
    0. 0. 0. 0. 0. 0. 0. 0. 0. 0. 0. 0. 0. 0. 0. 0. 0. 0. 0. 0. 0. 0. 0.
    0. 0. 0. 0. 0. 0. 0. 0. 0. 0. 0. 0. 0. 0. 0. 0. 0. 0. 0. 0. 0. 0. 0.
    0. 0. 0. 0. 0. 0. 0. 0. 0. 0. 0. 0. 0. 0. 0. 0. 0. 0. 0. 0. 0. 0. 0.
    0. 0. 0. 0. 0. 0. 0. 0. 0. 0. 0. 0. 0. 0. 0. 0. 0. 0. 0. 0. 0. 0. 0.
    0. 0. 0. 0. 0. 0. 0. 0. 0. 0. 0. 0. 0. 0. 0. 0. 0. 0. 0. 0. 0. 0. 0.
    0. 0. 0. 0. 0. 0. 0. 0. 0. 0. 0. 0. 0. 0. 0. 0. 0. 0. 0. 0. 0. 0. 0.
    0. 0. 0. 0. 0. 0. 0. 0. 0. 1.49399996e+00 1.52400005e+00
    1.60699999e+00 1.68900001e+00 1.73300004e+00 1.77699995e+00
    1.82200003e+00 1.86800003e+00 1.91499996e+00 1.96200001e+00 2. 2. 2.
    1.95799994e+00 1.91100001e+00 1.89199996e+00 1.89199996e+00
    1.90699995e+00 1.95400000e+00 2. 2. 2. 2.03600001e+00 2.08500004e+00
    2.07100010e+00 1.97399998e+00 1.89199996e+00 1.89199996e+00
    1.89199996e+00 1.89199996e+00 1.89199996e+00 0. 0. 0. 0. 0. 0. 0. 0.
    0. 1.53900003e+00 1.56400001e+00 1.63499999e+00 1.70400000e+00
    1.74899995e+00 1.79299998e+00 1.83299994e+00 1.87199998e+00
    1.91499996e+00 1.96200001e+00 1.99899995e+00 1.99100006e+00
    1.98399997e+00 1.94799995e+00 1.90799999e+00 1.89199996e+00
    1.89199996e+00 1.90699995e+00 1.95400000e+00 2. 2. 2. 2.02999997e+00
    2.07200003e+00 2.05699992e+00 1.96800005e+00 1.89199996e+00
    1.89199996e+00 1.89199996e+00 1.88600004e+00 1.87899995e+00 0. 0. 0.
    0. 0. 0. 0. 0. 0. 1.66700006e+00 1.67900002e+00 1.71399999e+00
    1.74899995e+00 1.79400003e+00 1.83899999e+00 1.86399996e+00
    1.88199997e+00 1.91499996e+00 1.96200001e+00 1.99500000e+00
    1.96700001e+00 1.93900001e+00 1.91900003e+00 1.89999998e+00
    1.89199996e+00 1.89199996e+00 1.90699995e+00 1.95400000e+00 2. 2. 2.
    2.01500010e+00 2.03500009e+00 2.01699996e+00 1.94900000e+00
    1.89199996e+00 1.89199996e+00 1.89199996e+00 1.86899996e+00
    1.84200001e+00 1.22200000e+00 0. 0. 0. 0. 0. 0. 0. 0. 1.78999996e+00
    1.78999996e+00 1.78999996e+00 1.79299998e+00 1.83700001e+00
    1.88199997e+00 1.89199996e+00 1.89199996e+00 1.91499996e+00
    1.96200001e+00 1.99100006e+00 1.94400001e+00 1.89699996e+00
    1.89199996e+00 1.89199996e+00 1.89199996e+00 1.89199996e+00
    1.90699995e+00 1.95400000e+00 2. 2. 2. 2. 2. 1.97899997e+00
    1.93200004e+00 1.89199996e+00 1.89199996e+00 1.89199996e+00
    1.85300004e+00 1.80700004e+00 1.78699994e+00 1.78699994e+00
    1.79900002e+00 1.84500003e+00 1.89100003e+00 1.89199996e+00 0. 0. 0.
    1.83599997e+00 1.83599997e+00 1.83599997e+00 1.83700001e+00
    1.86199999e+00 1.88600004e+00 1.89199996e+00 1.89199996e+00
    1.91499996e+00 1.96200001e+00 1.99100006e+00 1.94400001e+00
    1.89699996e+00 1.89199996e+00 1.89199996e+00 1.89199996e+00
    1.89199996e+00 1.90699995e+00 1.95400000e+00 2. 2. 2. 2. 2.
    1.97899997e+00 1.93200004e+00 1.89199996e+00 1.89199996e+00
    1.89199996e+00 1.85300004e+00 1.80700004e+00 1.78699994e+00
    1.78699994e+00 1.79900002e+00 1.84500003e+00 1.89100003e+00
    1.89199996e+00 0. 0. 0. 1.88199997e+00 1.88199997e+00 1.88199997e+00
    1.88199997e+00 1.88600004e+00 1.89100003e+00 1.89199996e+00
    1.89199996e+00 1.91499996e+00 1.96200001e+00 1.99100006e+00
    1.94400001e+00 1.89699996e+00 1.89199996e+00 1.89199996e+00
    1.89199996e+00 1.89199996e+00 1.90699995e+00 1.95400000e+00 2. 2. 2.
    2. 2. 1.97899997e+00 1.93200004e+00 1.89199996e+00 1.89199996e+00
    1.89199996e+00 1.85300004e+00 1.80700004e+00 1.78699994e+00
    1.78699994e+00 1.79900002e+00 1.84500003e+00 1.89100003e+00
    1.89199996e+00 0. 0. 0. 1.89199996e+00 1.89199996e+00 1.89199996e+00
    1.89199996e+00 1.89199996e+00 1.89199996e+00 1.89199996e+00
    1.89199996e+00 1.91499996e+00 1.96200001e+00 1.99100006e+00
    1.94400001e+00 1.89699996e+00 1.89199996e+00 1.89199996e+00
    1.89199996e+00 1.89199996e+00 1.90199995e+00 1.93299997e+00
    1.96399999e+00 1.96399999e+00 1.96399999e+00 1.97500002e+00
    1.99100006e+00 1.98599994e+00 1.95500004e+00 1.92799997e+00
    1.92799997e+00 1.92799997e+00 1.90199995e+00 1.87199998e+00
    1.85899997e+00 1.85899997e+00 1.86699998e+00 1.89699996e+00
    1.92799997e+00 1.92799997e+00 0. 0. 0. 1.89199996e+00 1.89199996e+00
    1.89199996e+00 1.89199996e+00 1.89199996e+00 1.89199996e+00
    1.89199996e+00 1.89199996e+00 1.91499996e+00 1.96200001e+00
    1.99100006e+00 1.94400001e+00 1.89699996e+00 1.89199996e+00
    1.89199996e+00 1.89199996e+00 1.89199996e+00 1.89499998e+00
    1.90600002e+00 1.91700006e+00 1.91700006e+00 1.91700006e+00
    1.94299996e+00 1.98000002e+00 1.99500000e+00 1.98500001e+00
    1.97500002e+00 1.97500002e+00 1.97500002e+00 1.96700001e+00
    1.95599997e+00 1.95200002e+00 1.95200002e+00 1.95400000e+00
    1.96500003e+00 1.97500002e+00 1.97500002e+00 0. 0. 0. 1.91499996e+00
    1.91499996e+00 1.91499996e+00 1.91400003e+00 1.90400004e+00
    1.89400005e+00 1.89199996e+00 1.89199996e+00 1.91499996e+00
    1.96200001e+00 1.99300003e+00 1.95599997e+00 1.91799998e+00
    1.91499996e+00 1.91499996e+00 1.90900004e+00 1.89900005e+00
    1.89199996e+00 1.89199996e+00 1.89199996e+00 1.89199996e+00
    1.89199996e+00 1.92600000e+00 1.97399998e+00 2. 2. 2.00200009e+00
    2.01200008e+00 2.02200007e+00 2.02399993e+00 2.02399993e+00
    2.02399993e+00 2.02399993e+00 2.02099991e+00 2.01099992e+00 2. 2. 0.
    0. 0. 1.96200001e+00 1.96200001e+00 1.96200001e+00 1.96000004e+00
    1.92900002e+00 1.89900005e+00 1.89199996e+00 1.89199996e+00
    1.91499996e+00 1.96200001e+00 1.99699998e+00 1.98000002e+00
    1.96300006e+00 1.96200001e+00 1.96200001e+00 1.94299996e+00
    1.91299999e+00 1.89199996e+00 1.89199996e+00 1.89199996e+00
    1.89199996e+00 1.89199996e+00 1.92600000e+00 1.97399998e+00 2. 2.
    2.00500011e+00 2.03699994e+00 2.06800008e+00 2.07299995e+00
    2.07299995e+00 2.07299995e+00 2.07299995e+00 2.06399989e+00
    2.03200006e+00 2.00099993e+00 2. 0. 0. 0. 2. 2. 2. 1.99699998e+00
    1.95000005e+00 1.90300000e+00 1.89199996e+00 1.89199996e+00
    1.91499996e+00 1.96200001e+00 2. 2. 2. 2. 2. 1.97099996e+00
    1.92400002e+00 1.89199996e+00 1.89199996e+00 1.89199996e+00
    1.89199996e+00 1.89199996e+00 1.92600000e+00 1.97399998e+00 2. 2.
    2.00699997e+00 2.05699992e+00 2.10599995e+00 2.11299992e+00
    2.11299992e+00 2.11299992e+00 2.11299992e+00 2.09999990e+00
    2.04999995e+00 2.00099993e+00 2. 0. 0. 0. 0. 0. 0. 0. 0. 0. 0. 0. 0.
    0. 0. 0. 0. 0. 0. 0. 0. 0. 0. 0. 0. 0. 0. 0. 0. 0. 0. 0. 0. 0. 0. 0.
    0. 0. 0. 0. 0. 0. 0. 0. 0. 0. 0. 0. 0. 0. 0. 0. 0. 0. 0. 0. 0. 0. 0.
    0. 0. 0. 0. 0. 0. 0. 0. 0. 0. 0. 0. 0. 0. 0. 0. 0. 0. 0. 0. 0. 0. 0.
