<?xml version="1.0"?>
<opencv_storage>
<Depth type_id="opencv-matrix">
  <rows>40</rows>
  <cols>40</cols>
  <dt>f</dt>
  <data>
    0. 0. 0. 0. 0. 0. 0. 0. 0. 0. 0. 0. 0. 2. 1.96500003e+00
    1.87500000e+00 1.80100000e+00 1.80100000e+00 1.80100000e+00
    1.84399998e+00 1.88800001e+00 1.91799998e+00 1.94400001e+00
    1.96700001e+00 1.98699999e+00 2. 0. 0. 0. 0. 0. 0. 0. 0. 0. 0. 0. 0.
    0. 0. 0. 0. 0. 0. 0. 0. 0. 0. 0. 0. 0. 0. 0. 2. 1.96500003e+00
    1.87500000e+00 1.80100000e+00 1.80100000e+00 1.80100000e+00
    1.84399998e+00 1.88800001e+00 1.90300000e+00 1.90799999e+00
    1.93200004e+00 1.97300005e+00 2. 0. 0. 0. 0. 0. 0. 0. 0. 0. 0. 0. 0.
    0. 0. 0. 0. 0. 0. 0. 0. 0. 0. 0. 0. 0. 0. 0. 2.03600001e+00 2.
    1.90900004e+00 1.83500004e+00 1.83500004e+00 1.83500004e+00
    1.86300004e+00 1.89199996e+00 1.89900005e+00 1.89900005e+00
    1.42299998e+00 0. 0. 0. 0. 0. 0. 0. 0. 0. 0. 0. 0. 0. 0. 0. 0. 0. 0.
    0. 0. 0. 0. 0. 0. 0. 0. 0. 0. 0. 2.08299994e+00 2.04699993e+00
    1.95500004e+00 1.87899995e+00 1.87899995e+00 1.87899995e+00
    1.88800001e+00 1.89699996e+00 1.89900005e+00 1.89900005e+00 0. 0. 0.
    0. 0. 0. 0. 0. 0. 0. 0. 0. 0. 0. 0. 0. 0. 0. 0. 0. 0. 0. 0. 0. 0. 0.
    0. 0. 0. 0. 2.10500002e+00 2.06800008e+00 1.97500002e+00
    1.89900005e+00 1.89900005e+00 1.89900005e+00 1.89900005e+00
    1.89900005e+00 1.89900005e+00 1.89900005e+00 0. 0. 0. 0. 0. 0. 0. 0.
    0. 0. 0. 0. 0. 0. 0. 0. 0. 0. 0. 0. 0. 0. 0. 0. 0. 0. 0. 0. 0. 0.
    2.10500002e+00 2.06800008e+00 1.97500002e+00 1.89900005e+00
    1.89900005e+00 1.89900005e+00 1.89900005e+00 1.89900005e+00
    1.89900005e+00 1.89900005e+00 0. 0. 0. 0. 0. 0. 0. 0. 0. 0. 0. 0. 0.
    0. 0. 0. 0. 0. 0. 0. 0. 0. 0. 0. 0. 0. 0. 0. 0. 0. 2.10500002e+00
    2.07100010e+00 1.98500001e+00 1.91299999e+00 1.90600002e+00
    1.89900005e+00 1.89900005e+00 1.89900005e+00 1.89900005e+00
    1.89900005e+00 0. 0. 0. 0. 0. 0. 0. 0. 0. 0. 0. 0. 0. 0. 0. 0. 0. 0.
    0. 0. 0. 0. 0. 0. 0. 0. 0. 0. 0. 0. 2.10500002e+00 2.07900000e+00
    2.01399994e+00 1.95500004e+00 1.92700005e+00 1.89999998e+00
    1.89900005e+00 1.89900005e+00 1.89900005e+00 1.89900005e+00 0. 0. 0.
    0. 0. 0. 0. 0. 0. 0. 0. 0. 0. 0. 0. 0. 0. 0. 0. 0. 0. 0. 0. 0. 0. 0.
    0. 0. 0. 0. 2.10500002e+00 2.08599997e+00 2.03900003e+00
    1.99199998e+00 1.94599998e+00 1.89999998e+00 1.89900005e+00
    1.89900005e+00 1.89900005e+00 1.89900005e+00 0. 0. 0. 0. 0. 0. 0. 0.
    0. 0. 0. 0. 0. 0. 0. 0. 0. 0. 0. 0. 0. 0. 0. 0. 0. 0. 0. 0. 0. 0.
    2.10500002e+00 2.08599997e+00 2.03900003e+00 1.99199998e+00
    1.94599998e+00 1.89999998e+00 1.89900005e+00 1.89900005e+00
    1.89900005e+00 1.89900005e+00 0. 0. 0. 0. 0. 0. 0. 0. 0. 0. 0. 0. 0.
    0. 0. 0. 0. 0. 0. 0. 0. 0. 0. 0. 0. 0. 0. 0. 0. 0. 2.10500002e+00
    2.08599997e+00 2.03900003e+00 1.99199998e+00 1.94599998e+00
    1.89999998e+00 1.89900005e+00 1.89900005e+00 1.89900005e+00
    1.89900005e+00 0. 0. 0. 0. 0. 0. 0. 0. 0. 0. 0. 0. 0. 0. 0. 0. 0. 0.
    0. 0. 0. 0. 0. 0. 0. 0. 0. 0. 0. 0. 2.10500002e+00 2.08599997e+00
    2.03900003e+00 1.99199998e+00 1.94599998e+00 1.89999998e+00
    1.89900005e+00 1.89900005e+00 1.89900005e+00 1.89900005e+00
    1.06200004e+00 0. 0. 0. 0. 0. 0. 0. 0. 0. 0. 0. 0. 0. 0. 0. 0. 0. 0.
    0. 0. 0. 0. 0. 0. 0. 0. 0. 0. 0. 2.10500002e+00 2.08599997e+00
    2.03900003e+00 1.99199998e+00 1.94599998e+00 1.89999998e+00
    1.89900005e+00 1.89900005e+00 1.89900005e+00 1.89900005e+00
    1.72300005e+00 1.40100002e+00 1.18599999e+00 0. 0. 0. 0. 0. 0. 0. 0.
    0. 0. 0. 0. 0. 0. 0. 0. 0. 0. 0. 0. 0. 0. 0. 0. 0. 0. 0.
    2.10500002e+00 2.08599997e+00 2.03900003e+00 1.99199998e+00
    1.94599998e+00 1.89999998e+00 1.89900005e+00 1.89900005e+00
    1.89900005e+00 1.89900005e+00 1.91600001e+00 1.94700003e+00
    1.96800005e+00 0. 0. 0. 0. 0. 0. 0. 0. 0. 0. 0. 0. 0. 0. 0. 0. 0. 0.
    0. 0. 0. 0. 0. 0. 0. 0. 0. 2.10500002e+00 2.08599997e+00
    2.03900003e+00 1.99199998e+00 1.94599998e+00 1.89999998e+00
    1.89900005e+00 1.89900005e+00 1.89900005e+00 1.89900005e+00
    1.90499997e+00 1.91499996e+00 1.92299998e+00 0. 0. 0. 0. 0. 0. 0. 0.
    0. 0. 0. 0. 0. 0. 0. 0. 0. 0. 0. 0. 0. 0. 0. 0. 0. 0. 0.
    2.10500002e+00 2.08599997e+00 2.03900003e+00 1.99199998e+00
    1.94599998e+00 1.89999998e+00 1.89900005e+00 1.89900005e+00
    1.89900005e+00 1.89900005e+00 1.89900005e+00 1.89900005e+00
    1.89900005e+00 0. 0. 0. 0. 0. 0. 0. 0. 0. 0. 0. 0. 0. 0. 0. 0. 0. 0.
    0. 0. 0. 0. 0. 0. 0. 0. 0. 2.10500002e+00 2.08599997e+00
    2.03900003e+00 1.99199998e+00 1.94599998e+00 1.89999998e+00
    1.89900005e+00 1.89900005e+00 1.89900005e+00 1.89900005e+00
    1.89900005e+00 1.89900005e+00 1.89900005e+00 0. 0. 0. 0. 0. 0. 0. 0.
    0. 0. 0. 0. 0. 0. 0. 0. 0. 0. 0. 0. 0. 0. 0. 0. 0. 0. 0.
    2.09200001e+00 2.07599998e+00 2.03399992e+00 1.99300003e+00
    1.95299995e+00 1.91299999e+00 1.90600002e+00 1.89999998e+00
    1.89900005e+00 1.89900005e+00 1.89900005e+00 1.89900005e+00
    1.89900005e+00 0. 0. 0. 0. 0. 0. 0. 0. 0. 0. 0. 0. 0. 0. 0. 0. 0. 0.
    0. 0. 0. 0. 0. 0. 0. 0. 0. 2.04500008e+00 2.03699994e+00
    2.01600003e+00 1.99600005e+00 1.97700000e+00 1.95799994e+00
    1.93200004e+00 1.90499997e+00 1.89900005e+00 1.89900005e+00
    1.89900005e+00 1.89900005e+00 1.89900005e+00 0. 0. 0. 0. 0. 0. 0. 0.
    0. 0. 0. 0. 0. 0. 0. 0. 0. 0. 0. 0. 0. 0. 0. 0. 0. 0. 0. 2. 2. 2. 2.
    2. 2. 1.95700002e+00 1.91299999e+00 1.90199995e+00 1.90199995e+00
    1.90100002e+00 1.89999998e+00 1.89900005e+00 0. 0. 0. 0. 0. 0. 0. 0.
    0. 0. 0. 0. 0. 0. 0. 0. 0. 0. 0. 0. 0. 0. 0. 0. 0. 0. 0. 2. 2. 2. 2.
    2. 2. 1.97700000e+00 1.95299995e+00 1.94700003e+00 1.94700003e+00
    1.93499994e+00 1.91400003e+00 1.89900005e+00 0. 0. 0. 0. 0. 0. 0. 0.
    0. 0. 0. 0. 0. 0. 0. 0. 0. 0. 0. 0. 0. 0. 0. 0. 0. 0. 0. 2. 2. 2. 2.
    2. 2. 1.99699998e+00 1.99399996e+00 1.99300003e+00 1.99300003e+00
    1.97000003e+00 1.92700005e+00 1.89900005e+00 0. 0. 0. 0. 0. 0. 0. 0.
    0. 0. 0. 0. 0. 0. 0. 0. 0. 0. 0. 0. 0. 0. 0. 0. 0. 0. 0.
    2.03999996e+00 2.03299999e+00 2.01500010e+00 2. 2. 2. 2. 2. 2. 2.
    1.97500002e+00 1.92900002e+00 1.89900005e+00 0. 0. 0. 0. 0. 0. 0. 0.
    0. 0. 0. 0. 0. 0. 0. 0. 0. 0. 0. 0. 0. 0. 0. 0. 0. 0. 0.
    2.08800006e+00 2.07200003e+00 2.03200006e+00 2. 2. 2. 2. 2. 2. 2.
    1.97500002e+00 1.92900002e+00 1.89900005e+00 0. 0. 0. 0. 0. 0. 0. 0.
    0. 0. 0. 0. 0. 0. 0. 0. 0. 0. 0. 0. 0. 0. 0. 0. 0. 0. 0.
    2.10500002e+00 2.08599997e+00 2.03900003e+00 2. 2. 2. 2. 2. 2. 2.
    1.98199999e+00 1.95000005e+00 1.92799997e+00 0. 0. 0. 0. 0. 0. 0. 0.
    0. 0. 0. 0. 0. 0. 0. 0. 0. 0. 0. 0. 0. 0. 0. 0. 0. 0. 0.
    2.10500002e+00 2.08599997e+00 2.03900003e+00 2. 2. 2. 2. 2. 2. 2.
    1.99399996e+00 1.98199999e+00 1.97399998e+00 0. 0. 0. 0. 0. 0. 0. 0.
    0. 0. 0. 0. 0. 0. 0. 0. 0. 0. 0. 0. 0. 0. 0. 0. 0. 0. 0.
    2.10500002e+00 2.08599997e+00 2.03900003e+00 2. 2. 2. 2. 2. 2. 2. 2.
    2. 2. 0. 0. 0. 0. 0. 0. 0. 0. 0. 0. 0. 0. 0. 0. 0. 0. 0. 0. 0. 0. 0.
    0. 0. 0. 0. 0. 0. 2.10500002e+00 2.08599997e+00 2.03900003e+00 2. 2.
    2. 2. 2. 2. 2. 2. 2. 2. 0. 0. 0. 0. 0. 0. 0. 0. 0. 0. 0. 0. 0. 0. 0.
    0. 0. 0. 0. 0. 0. 0. 0. 0. 0. 0. 0. 2.10500002e+00 2.08599997e+00
    2.03900003e+00 2. 2. 2. 2. 2. 2. 2. 2. 2. 2. 0. 0. 0. 0. 0. 0. 0. 0.
    0. 0. 0. 0. 0. 0. 0. 0. 0. 0. 0. 0. 0. 0. 0. 0. 0. 0. 0.
    2.10500002e+00 2.08599997e+00 2.03900003e+00 2. 2. 2. 2. 2. 2. 2. 2.
    2. 2. 0. 0. 0. 0. 0. 0. 0. 0. 0. 0. 0. 0. 0. 0. 0. 0. 0. 0. 0. 0. 0.
    0. 0. 0. 0. 0. 0. 2.10500002e+00 2.08599997e+00 2.03900003e+00 2. 2.
    2. 2. 2. 2. 2. 2. 2. 2. 0. 0. 0. 0. 0. 0. 0. 0. 0. 0. 0. 0. 0. 0. 0.
    0. 0. 0. 0. 0. 0. 0. 0. 0. 0. 0. 0. 2.10500002e+00 2.08599997e+00
    2.03900003e+00 2. 2. 2. 2. 2. 2. 2. 2. 2. 2. 0. 0. 0. 0. 0. 0. 0. 0.
    0. 0. 0. 0. 0. 0. 0. 0. 0. 0. 0. 0. 0. 0. 0. 0. 0. 0. 0.
    2.10500002e+00 2.08599997e+00 2.03900003e+00 2. 2. 2. 2. 2. 2. 2. 2.
    2. 2. 0. 0. 0. 0. 0. 0. 0. 0. 0. 0. 0. 0. 0. 0. 0. 0. 0. 0. 0. 0. 0.
    0. 0. 0. 0. 0. 0. 2.10500002e+00 2.09299994e+00 2.06200004e+00
