<?xml version="1.0"?>
<opencv_storage>
<Depth type_id="opencv-matrix">
  <rows>40</rows>
  <cols>40</cols>
  <dt>f</dt>
  <data>
    0. 0. 0. 0. 0. 0. 0. 0. 0. 0. 0. 0. 2.83200002e+00 2.18600011e+00
    2.18199992e+00 2.18400002e+00 2.17000008e+00 2.17300010e+00
    2.17199993e+00 2.16100001e+00 1.99000001e+00 1.98699999e+00
    1.36000001e+00 0. 0. 0. 0. 0. 0. 0. 0. 0. 0. 0. 0. 0. 0. 0. 0. 0. 0.
    0. 0. 0. 0. 0. 0. 0. 0. 0. 0. 0. 2.19700003e+00 2.04500008e+00
    2.04299998e+00 2.16799998e+00 2.03500009e+00 2.03999996e+00
    2.03999996e+00 1.98500001e+00 1.98599994e+00 1.98599994e+00
    1.98199999e+00 1.06700003e+00 0. 0. 0. 0. 0. 0. 0. 0. 0. 0. 0. 0. 0.
    0. 0. 0. 0. 0. 0. 0. 0. 0. 0. 0. 0. 0. 0. 0. 1.98000002e+00
    1.98099995e+00 1.98000002e+00 1.97599995e+00 1.97700000e+00
    1.98000002e+00 1.98099995e+00 1.98199999e+00 1.98199999e+00
    1.98199999e+00 1.98000002e+00 1.47000003e+00 2.09599996e+00 0. 0. 0.
    0. 0. 0. 0. 0. 0. 0. 0. 0. 0. 0. 0. 0. 0. 0. 0. 0. 0. 0. 0. 0. 0. 0.
    0. 1.97899997e+00 1.97700000e+00 1.97700000e+00 1.97800004e+00
    1.98000002e+00 1.98000002e+00 1.98199999e+00 1.98199999e+00
    1.98199999e+00 1.98199999e+00 1.98199999e+00 1.47099996e+00
    1.06700003e+00 0. 0. 0. 0. 0. 0. 0. 0. 0. 0. 0. 0. 0. 0. 0. 0. 0. 0.
    0. 0. 0. 0. 0. 0. 0. 0. 0. 1.97599995e+00 1.98000002e+00
    1.98000002e+00 1.98000002e+00 1.98000002e+00 1.98000002e+00
    1.98199999e+00 1.98500001e+00 1.98500001e+00 1.98300004e+00
    1.98199999e+00 1.47200000e+00 1.06700003e+00 0. 0. 0. 0. 0. 0. 0. 0.
    0. 0. 0. 0. 0. 0. 0. 0. 0. 0. 0. 0. 0. 0. 0. 0. 0. 0. 0.
    1.97500002e+00 1.98000002e+00 1.98199999e+00 1.98199999e+00
    1.98199999e+00 1.98000002e+00 1.98199999e+00 1.98500001e+00
    1.98500001e+00 1.98500001e+00 1.98199999e+00 1.47099996e+00
    1.06700003e+00 0. 0. 0. 0. 0. 0. 0. 0. 0. 0. 0. 0. 0. 0. 0. 0. 0. 0.
    0. 0. 0. 0. 0. 0. 0. 0. 0. 1.97700000e+00 1.98199999e+00
    1.98199999e+00 1.98199999e+00 1.98199999e+00 1.98099995e+00
    1.98300004e+00 1.98500001e+00 1.98500001e+00 1.98500001e+00
    1.98500001e+00 1.47200000e+00 1.06700003e+00 0. 0. 0. 0. 0. 0. 0. 0.
    0. 0. 0. 0. 0. 0. 0. 0. 0. 0. 0. 0. 0. 0. 0. 0. 0. 0. 0.
    1.98000002e+00 1.98199999e+00 1.98099995e+00 1.98199999e+00
    1.98199999e+00 1.98199999e+00 1.98500001e+00 1.98500001e+00
    1.98699999e+00 1.98699999e+00 1.98500001e+00 1.47300005e+00
    1.06700003e+00 0. 0. 0. 0. 0. 0. 0. 0. 0. 0. 0. 0. 0. 0. 0. 0. 0. 0.
    0. 0. 0. 0. 0. 0. 0. 0. 0. 1.98199999e+00 1.98199999e+00
    1.98199999e+00 1.98399997e+00 1.98300004e+00 1.98500001e+00
    1.98699999e+00 1.98699999e+00 1.98699999e+00 1.98699999e+00
    1.98699999e+00 1.89100003e+00 1.06700003e+00 0. 0. 0. 0. 0. 0. 0. 0.
    0. 0. 0. 0. 0. 0. 0. 0. 0. 0. 0. 0. 0. 0. 0. 0. 0. 0. 0.
    1.98199999e+00 1.98500001e+00 1.98399997e+00 1.98500001e+00
    1.98500001e+00 1.98399997e+00 1.99000001e+00 1.98699999e+00
    1.98699999e+00 1.98899996e+00 1.98699999e+00 1.99000001e+00
    1.06700003e+00 1.87699997e+00 0. 0. 0. 0. 0. 0. 0. 0. 0. 0. 0. 0. 0.
    0. 0. 0. 0. 0. 0. 0. 0. 0. 0. 0. 0. 0. 1.98199999e+00 1.98199999e+00
    1.98199999e+00 1.98500001e+00 1.98699999e+00 1.98399997e+00
    1.99000001e+00 1.98899996e+00 1.99100006e+00 1.99100006e+00
    1.99100006e+00 1.99199998e+00 1.06700003e+00 2.25200009e+00 0. 0. 0.
    0. 0. 0. 0. 0. 0. 0. 0. 0. 0. 0. 0. 0. 0. 0. 0. 0. 0. 0. 0. 0. 0. 0.
    1.98399997e+00 1.98599994e+00 1.98599994e+00 1.98800004e+00
    1.98899996e+00 1.98599994e+00 1.99100006e+00 1.99100006e+00
    1.99199998e+00 1.99199998e+00 1.99199998e+00 1.99000001e+00
    1.06700003e+00 1.06700003e+00 0. 0. 0. 0. 0. 0. 0. 0. 0. 0. 0. 0. 0.
    0. 0. 0. 0. 0. 0. 0. 0. 0. 0. 0. 0. 0. 1.98199999e+00 1.98899996e+00
    1.98800004e+00 1.99000001e+00 1.98899996e+00 1.98800004e+00
    1.99199998e+00 1.99199998e+00 1.99199998e+00 1.99199998e+00
    1.99199998e+00 1.99199998e+00 1.06700003e+00 1.06700003e+00 0. 0. 0.
    0. 0. 0. 0. 0. 0. 0. 0. 0. 0. 0. 0. 0. 0. 0. 0. 0. 0. 0. 0. 0. 0. 0.
    1.92799997e+00 1.99000001e+00 1.99100006e+00 1.99000001e+00
    1.99000001e+00 1.99000001e+00 1.99199998e+00 1.99300003e+00
    1.99199998e+00 1.99500000e+00 1.99300003e+00 1.99500000e+00
    1.06700003e+00 1.06700003e+00 0. 0. 0. 0. 0. 0. 0. 0. 0. 0. 0. 0. 0.
    0. 0. 0. 0. 0. 0. 0. 0. 0. 0. 0. 0. 0. 1.93200004e+00 1.99000001e+00
    1.99000001e+00 1.99100006e+00 1.99000001e+00 1.99100006e+00
    1.99500000e+00 1.99500000e+00 1.99500000e+00 1.99500000e+00
    1.99500000e+00 1.99500000e+00 1.06700003e+00 1.06700003e+00 0. 0. 0.
    0. 0. 0. 0. 0. 0. 0. 0. 0. 0. 0. 0. 0. 0. 0. 0. 0. 0. 0. 0. 0. 0. 0.
    1.99000001e+00 1.99000001e+00 1.99000001e+00 1.99000001e+00
    1.99199998e+00 1.99000001e+00 1.99500000e+00 1.99500000e+00
    1.99500000e+00 1.99699998e+00 1.99600005e+00 1.99500000e+00
    1.06700003e+00 1.06700003e+00 0. 0. 0. 0. 0. 0. 0. 0. 0. 0. 0. 0. 0.
    0. 0. 0. 0. 0. 0. 0. 0. 0. 0. 0. 0. 0. 1.06700003e+00 1.99199998e+00
    1.99199998e+00 1.99199998e+00 1.99199998e+00 1.99199998e+00
    1.99500000e+00 1.99500000e+00 1.99699998e+00 1.99699998e+00
    1.99699998e+00 1.99699998e+00 1.06700003e+00 1.06700003e+00 0. 0. 0.
    0. 0. 0. 0. 0. 0. 0. 0. 0. 0. 0. 0. 0. 0. 0. 0. 0. 0. 0. 0. 0. 0. 0.
    1.06700003e+00 1.99199998e+00 1.99199998e+00 1.99199998e+00
    1.99500000e+00 1.99199998e+00 1.99500000e+00 1.99500000e+00
    1.99699998e+00 1.99800003e+00 1.99800003e+00 1.99899995e+00
    1.06700003e+00 1.83800006e+00 0. 0. 0. 0. 0. 0. 0. 0. 0. 0. 0. 0. 0.
    0. 0. 0. 0. 0. 0. 0. 0. 0. 0. 0. 0. 0. 1.63900006e+00 1.99199998e+00
    1.99500000e+00 1.99500000e+00 1.99500000e+00 1.99399996e+00
    1.99699998e+00 1.99699998e+00 2.00099993e+00 2. 2.00099993e+00
    2.00200009e+00 1.06700003e+00 1.56700003e+00 0. 0. 0. 0. 0. 0. 0. 0.
    0. 0. 0. 0. 0. 0. 0. 0. 0. 0. 0. 0. 0. 0. 0. 0. 0. 0. 2.53200006e+00
    1.99600005e+00 1.99699998e+00 1.99699998e+00 1.99500000e+00
    1.99899995e+00 2. 2. 2.00099993e+00 2.00200009e+00 2.00099993e+00
    2.00200009e+00 1.06700003e+00 1.06700003e+00 0. 0. 0. 0. 0. 0. 0. 0.
    0. 0. 0. 0. 0. 0. 0. 0. 0. 0. 0. 0. 0. 0. 0. 0. 0. 0. 2.52500010e+00
    1.99300003e+00 1.99600005e+00 1.99699998e+00 1.99800003e+00 2.
    2.00200009e+00 2.00099993e+00 2. 2.00200009e+00 2.00200009e+00
    2.00200009e+00 1.22800004e+00 1.06700003e+00 0. 0. 0. 0. 0. 0. 0. 0.
    0. 0. 0. 0. 0. 0. 0. 0. 0. 0. 0. 0. 0. 0. 0. 0. 0. 0. 2.25999999e+00
    1.99800003e+00 1.99899995e+00 2. 2. 2. 2.00200009e+00 2.00200009e+00
    2.00300002e+00 2.00300002e+00 2.00500011e+00 2.00399995e+00
    1.59899998e+00 1.06700003e+00 0. 0. 0. 0. 0. 0. 0. 0. 0. 0. 0. 0. 0.
    0. 0. 0. 0. 0. 0. 0. 0. 0. 0. 0. 0. 0. 1.06700003e+00 1.82200003e+00
    2. 2. 2. 2. 2.00300002e+00 2.00200009e+00 2.00500011e+00
    2.00500011e+00 2.00500011e+00 2.00500011e+00 1.59899998e+00
    1.06700003e+00 0. 0. 0. 0. 0. 0. 0. 0. 0. 0. 0. 0. 0. 0. 0. 0. 0. 0.
    0. 0. 0. 0. 0. 0. 0. 0. 1.06700003e+00 1.99199998e+00 2. 2. 2.
    2.00200009e+00 2.00500011e+00 2.00500011e+00 2.00500011e+00
    2.00500011e+00 2.00600004e+00 2.00500011e+00 1.59899998e+00
    1.06700003e+00 0. 0. 0. 0. 0. 0. 0. 0. 0. 0. 0. 0. 0. 0. 0. 0. 0. 0.
    0. 0. 0. 0. 0. 0. 0. 0. 1.06700003e+00 1.85800004e+00 2.
    2.00099993e+00 2.00200009e+00 2.00200009e+00 2.00500011e+00
    2.00500011e+00 2.00699997e+00 2.00699997e+00 2.00699997e+00
    2.00699997e+00 2.00900006e+00 2.50200009e+00 2.48799992e+00 0. 0. 0.
    0. 0. 0. 0. 0. 0. 0. 0. 0. 0. 0. 0. 0. 0. 0. 0. 0. 0. 0. 0. 0. 0.
    1.06700003e+00 1.82599998e+00 2.00200009e+00 2.00200009e+00
    2.00200009e+00 2.00200009e+00 2.00500011e+00 2.00699997e+00
    2.00699997e+00 2.00699997e+00 2.00900006e+00 2.01099992e+00
    2.00500011e+00 2.49200010e+00 2.48200011e+00 0. 0. 0. 0. 0. 0. 0. 0.
    0. 0. 0. 0. 0. 0. 0. 0. 0. 0. 0. 0. 0. 0. 0. 0. 0. 1.06700003e+00
    1.82599998e+00 2.00200009e+00 2.00200009e+00 2.00200009e+00
    2.00500011e+00 2.00600004e+00 2.00999999e+00 2.00699997e+00
