<?xml version="1.0"?>
<opencv_storage>
<Depth type_id="opencv-matrix">
  <rows>40</rows>
  <cols>40</cols>
  <dt>f</dt>
  <data>
    0. 0. 0. 0. 0. 0. 0. 0. 0. 0. 0. 0. 0. 0. 0. 0. 0. 0. 0. 0. 0. 0. 0.
    0. 0. 0. 0. 0. 0. 0. 0. 0. 0. 0. 0. 0. 0. 0. 0. 0. 0. 0. 0. 0. 0. 0.
    0. 0. 0. 0. 0. 0. 0. 0. 0. 0. 0. 0. 0. 0. 0. 0. 0. 0. 0. 0. 0. 0. 0.
    0. 0. 0. 0. 0. 0. 0. 0. 0. 0. 0. 0. 0. 0. 0. 0. 0. 0. 0. 0. 0. 0. 0.
    0. 0. 0. 0. 0. 0. 0. 0. 0. 0. 0. 0. 0. 0. 0. 0. 0. 0. 0. 0. 0. 0. 0.
    0. 0. 0. 0. 0. 0. 0. 0. 0. 0. 0. 0. 0. 0. 0. 0. 0. 0. 0. 0. 0. 0. 0.
    0. 0. 0. 0. 0. 0. 0. 0. 0. 0. 0. 0. 0. 0. 0. 0. 0. 0. 0. 0. 0. 0. 0.
    0. 0. 0. 0. 0. 0. 0. 0. 0. 0. 0. 0. 0. 0. 0. 0. 0. 0. 0. 0. 0. 0. 0.
    0. 0. 0. 0. 0. 0. 0. 0. 0. 0. 0. 0. 0. 0. 0. 0. 0. 0. 0. 0. 0. 0. 0.
    0. 0. 0. 0. 0. 0. 0. 0. 0. 0. 0. 0. 0. 0. 0. 0. 0. 0. 0. 0. 0. 0. 0.
    0. 0. 0. 0. 0. 0. 0. 0. 0. 0. 0. 0. 0. 0. 0. 0. 0. 0. 0. 0. 0. 0. 0.
    0. 0. 0. 0. 0. 0. 0. 0. 0. 0. 0. 0. 0. 0. 0. 0. 0. 0. 0. 0. 0. 0. 0.
    0. 0. 0. 0. 0. 0. 0. 0. 0. 0. 0. 0. 0. 0. 0. 0. 0. 0. 0. 0. 0. 0. 0.
    0. 0. 0. 0. 0. 0. 0. 0. 0. 0. 0. 0. 0. 0. 0. 0. 0. 0. 0. 0. 0. 0. 0.
    0. 0. 0. 0. 0. 0. 0. 0. 0. 0. 0. 0. 0. 0. 0. 0. 0. 0. 0. 0. 0. 0. 0.
    0. 0. 0. 0. 0. 0. 0. 0. 0. 0. 0. 0. 0. 0. 0. 0. 0. 0. 0. 0. 0. 0. 0.
    0. 0. 0. 0. 0. 0. 0. 0. 0. 0. 0. 0. 0. 0. 0. 0. 0. 0. 0. 0. 0. 0. 0.
    0. 0. 0. 0. 0. 0. 0. 0. 0. 0. 0. 0. 0. 0. 0. 0. 0. 0. 0. 0. 0. 0. 0.
    0. 0. 0. 0. 0. 0. 0. 0. 0. 0. 0. 0. 0. 0. 0. 0. 0. 0. 0. 0. 0. 0. 0.
    0. 0. 0. 0. 0. 0. 1.75800002e+00 1.77699995e+00 1.81599998e+00
    1.83599997e+00 1.83599997e+00 1.85599995e+00 1.89600003e+00
    1.91700006e+00 1.91700006e+00 1.91700006e+00 1.91700006e+00
    1.91700006e+00 1.91700006e+00 1.93700004e+00 1.97800004e+00 2. 2.
    2.01999998e+00 2.06299996e+00 2.10599995e+00 2.15000010e+00
    2.17400002e+00 2.17400002e+00 1.47099996e+00 0. 0. 0. 0. 0. 0. 0. 0.
    0. 0. 0. 0. 0. 0. 0. 0. 1.75800002e+00 1.77699995e+00 1.81599998e+00
    1.84099996e+00 1.85099995e+00 1.87100005e+00 1.90100002e+00
    1.91700006e+00 1.91700006e+00 1.91700006e+00 1.91700006e+00
    1.91700006e+00 1.91700006e+00 1.93200004e+00 1.96300006e+00
    1.98399997e+00 1.99500000e+00 2.01500010e+00 2.04699993e+00
    2.08500004e+00 2.12899995e+00 2.15700006e+00 2.16799998e+00
    1.64600003e+00 0. 0. 0. 0. 0. 0. 0. 0. 0. 0. 0. 0. 0. 0. 0. 0.
    1.75800002e+00 1.77699995e+00 1.81599998e+00 1.85099995e+00
    1.88100004e+00 1.90199995e+00 1.91199994e+00 1.91700006e+00
    1.91700006e+00 1.91700006e+00 1.91700006e+00 1.91700006e+00
    1.91700006e+00 1.92200005e+00 1.93200004e+00 1.95299995e+00
    1.98399997e+00 2.00500011e+00 2.01600003e+00 2.04200006e+00
    2.08500004e+00 2.12299991e+00 2.15599990e+00 1.99699998e+00
    1.60899997e+00 0. 0. 0. 0. 0. 0. 0. 0. 0. 0. 0. 0. 0. 0. 0.
    1.75800002e+00 1.77699995e+00 1.81599998e+00 1.85099995e+00
    1.88199997e+00 1.90199995e+00 1.91199994e+00 1.91700006e+00
    1.91700006e+00 1.91700006e+00 1.91700006e+00 1.91700006e+00
    1.91700006e+00 1.91700006e+00 1.91700006e+00 1.93700004e+00
    1.97800004e+00 2. 2. 2.01999998e+00 2.06299996e+00 2.10599995e+00
    2.15000010e+00 2.17400002e+00 2.17400002e+00 1.64900005e+00 0. 0. 0.
    0. 0. 0. 0. 0. 0. 0. 0. 0. 0. 0. 1.75800002e+00 1.77699995e+00
    1.81599998e+00 1.84099996e+00 1.85099995e+00 1.87100005e+00
    1.90199995e+00 1.91700006e+00 1.91700006e+00 1.91700006e+00
    1.91700006e+00 1.91700006e+00 1.91700006e+00 1.91700006e+00
    1.91700006e+00 1.93700004e+00 1.97800004e+00 2. 2. 2.01999998e+00
    2.06299996e+00 2.10599995e+00 2.15000010e+00 2.17400002e+00
    2.17400002e+00 1.99699998e+00 1.60599995e+00 1.38900006e+00
    1.38399994e+00 1.38199997e+00 1.38199997e+00 0. 0. 0. 0. 0. 0. 0. 0.
    0. 1.73899996e+00 1.75899994e+00 1.79700005e+00 1.82200003e+00
    1.83099997e+00 1.85599995e+00 1.89600003e+00 1.91700006e+00
    1.91700006e+00 1.91700006e+00 1.91700006e+00 1.91700006e+00
    1.91700006e+00 1.91700006e+00 1.91700006e+00 1.93700004e+00
    1.97800004e+00 2. 2. 2.01500010e+00 2.04699993e+00 2.08500004e+00
    2.12899995e+00 2.15199995e+00 2.15199995e+00 2.15199995e+00
    2.15199995e+00 2.15199995e+00 2.15199995e+00 2.15700006e+00
    2.16799998e+00 1.65199995e+00 0. 0. 0. 0. 0. 0. 0. 0. 1.70099998e+00
    1.72000003e+00 1.75899994e+00 1.79200006e+00 1.82099998e+00
    1.85599995e+00 1.89600003e+00 1.91700006e+00 1.91700006e+00
    1.91700006e+00 1.91700006e+00 1.91700006e+00 1.91700006e+00
    1.91700006e+00 1.91700006e+00 1.93700004e+00 1.97800004e+00 2. 2.
    2.00500011e+00 2.01600003e+00 2.04200006e+00 2.08500004e+00
    2.10899997e+00 2.10899997e+00 2.10899997e+00 2.10899997e+00
    2.10899997e+00 2.10899997e+00 2.12299991e+00 2.15599990e+00
    1.99699998e+00 1.59700000e+00 1.37199998e+00 0. 0. 0. 0. 0. 0.
    1.68200004e+00 1.70099998e+00 1.73899996e+00 1.77699995e+00
    1.81599998e+00 1.85099995e+00 1.88199997e+00 1.89699996e+00
    1.89699996e+00 1.90199995e+00 1.91199994e+00 1.91700006e+00
    1.91700006e+00 1.91700006e+00 1.91700006e+00 1.93700004e+00
    1.97800004e+00 1.99500000e+00 1.98500001e+00 1.98000002e+00
    1.98000002e+00 1.99500000e+00 2.02699995e+00 2.04500008e+00
    2.04500008e+00 2.04900002e+00 2.05999994e+00 2.06999993e+00
    2.07999992e+00 2.10100007e+00 2.13400006e+00 2.15700006e+00
    2.16799998e+00 2.17400002e+00 0. 0. 0. 0. 0. 0. 1.68200004e+00
    1.70099998e+00 1.73899996e+00 1.77699995e+00 1.81599998e+00
    1.84099996e+00 1.85200000e+00 1.85699999e+00 1.85699999e+00
    1.87100005e+00 1.90100002e+00 1.91700006e+00 1.91700006e+00
    1.91700006e+00 1.91700006e+00 1.93700004e+00 1.97800004e+00
    1.98599994e+00 1.95500004e+00 1.93799996e+00 1.93799996e+00
    1.94400001e+00 1.95500004e+00 1.96099997e+00 1.96099997e+00
    1.97500002e+00 2.00500011e+00 2.03699994e+00 2.06800008e+00
    2.09100008e+00 2.10200000e+00 2.12299991e+00 2.15599990e+00
    2.17400002e+00 0. 0. 0. 0. 0. 0. 1.66400003e+00 1.68799996e+00
    1.73399997e+00 1.77699995e+00 1.81599998e+00 1.83599997e+00
    1.83599997e+00 1.83599997e+00 1.83599997e+00 1.85599995e+00
    1.89600003e+00 1.91700006e+00 1.91700006e+00 1.91700006e+00
    1.91700006e+00 1.93200004e+00 1.96300006e+00 1.96500003e+00
    1.93400002e+00 1.91700006e+00 1.91700006e+00 1.91700006e+00
    1.91700006e+00 1.91700006e+00 1.91700006e+00 1.93099999e+00
    1.96300006e+00 1.99899995e+00 2.04200006e+00 2.06500006e+00
    2.06500006e+00 2.08899999e+00 2.14400005e+00 2.17400002e+00 0. 0. 0.
    0. 0. 0. 1.62800002e+00 1.65999997e+00 1.72500002e+00 1.77699995e+00
    1.81599998e+00 1.83599997e+00 1.83599997e+00 1.83599997e+00
    1.83599997e+00 1.85599995e+00 1.89600003e+00 1.91700006e+00
    1.91700006e+00 1.91700006e+00 1.91700006e+00 1.92200005e+00
    1.93299997e+00 1.93400002e+00 1.92299998e+00 1.91700006e+00
    1.91700006e+00 1.91700006e+00 1.91700006e+00 1.91700006e+00
    1.91700006e+00 1.92200005e+00 1.93299997e+00 1.95700002e+00
    1.99899995e+00 2.02200007e+00 2.02200007e+00 2.05599999e+00
    2.13100004e+00 2.17400002e+00 0. 0. 0. 0. 0. 0. 1.60899997e+00
    1.64600003e+00 1.72000003e+00 1.77300000e+00 1.80200005e+00
    1.82200003e+00 1.83099997e+00 1.83599997e+00 1.83599997e+00
    1.85099995e+00 1.88199997e+00 1.89800000e+00 1.89800000e+00
    1.89800000e+00 1.89800000e+00 1.89800000e+00 1.89800000e+00
    1.89800000e+00 1.89800000e+00 1.89800000e+00 1.89800000e+00
    1.90199995e+00 1.91199994e+00 1.91700006e+00 1.91700006e+00
    1.91700006e+00 1.91700006e+00 1.93099999e+00 1.96300006e+00
    1.98500001e+00 1.99399996e+00 2.03399992e+00 2.10999990e+00
    2.15300012e+00 0. 0. 0. 0. 0. 0. 1.60899997e+00 1.64600003e+00
    1.72000003e+00 1.76300001e+00 1.77300000e+00 1.79299998e+00
    1.82099998e+00 1.83599997e+00 1.83599997e+00 1.84099996e+00
    1.85200000e+00 1.85699999e+00 1.85699999e+00 1.85699999e+00
    1.85699999e+00 1.85699999e+00 1.85699999e+00 1.85699999e+00
    1.85699999e+00 1.85699999e+00 1.85699999e+00 1.87100005e+00
