<?xml version="1.0"?>
<opencv_storage>
<Depth type_id="opencv-matrix">
  <rows>40</rows>
  <cols>40</cols>
  <dt>f</dt>
  <data>
    0. 0. 0. 0. 0. 0. 0. 0. 0. 0. 0. 0. 0. 0. 0. 0. 0. 0. 0. 0. 0. 0. 0.
    0. 0. 0. 0. 0. 0. 0. 0. 0. 0. 0. 0. 0. 0. 0. 0. 0. 0. 0. 0. 0. 0. 0.
    0. 0. 0. 0. 0. 0. 0. 0. 0. 0. 0. 0. 0. 0. 0. 0. 0. 0. 0. 0. 0. 0. 0.
    0. 0. 0. 0. 0. 0. 0. 0. 0. 0. 0. 0. 0. 0. 0. 0. 0. 0. 0. 0. 0. 0. 0.
    0. 0. 0. 0. 0. 0. 0. 0. 0. 0. 0. 0. 0. 0. 0. 0. 0. 0. 0. 0. 0. 0. 0.
    0. 0. 0. 0. 0. 0. 0. 0. 0. 0. 0. 0. 0. 0. 0. 0. 0. 0. 0. 0. 0. 0. 0.
    0. 0. 0. 0. 0. 0. 0. 0. 0. 0. 0. 0. 0. 0. 0. 0. 0. 0. 0. 0. 0. 0. 0.
    0. 0. 0. 0. 0. 0. 0. 0. 0. 0. 0. 0. 0. 0. 0. 0. 0. 0. 0. 0. 0. 0. 0.
    0. 0. 0. 0. 0. 0. 0. 0. 0. 0. 0. 0. 0. 0. 0. 0. 0. 0. 0. 0. 0. 0. 0.
    0. 0. 0. 0. 0. 0. 0. 0. 0. 0. 0. 0. 0. 0. 0. 0. 0. 0. 0. 0. 0. 0. 0.
    0. 0. 0. 0. 0. 0. 0. 0. 0. 0. 0. 0. 0. 0. 0. 0. 0. 0. 0. 0. 0. 0. 0.
    0. 0. 0. 0. 0. 0. 0. 0. 0. 0. 0. 0. 0. 0. 0. 0. 0. 0. 0. 0. 0. 0. 0.
    0. 0. 0. 0. 0. 0. 0. 0. 0. 0. 0. 0. 0. 0. 0. 0. 0. 0. 0. 0. 0. 0. 0.
    0. 0. 0. 0. 0. 0. 0. 0. 0. 0. 0. 0. 0. 0. 0. 0. 0. 0. 0. 0. 0. 0. 0.
    0. 0. 2.12500000e+00 2.12500000e+00 2.12500000e+00 2.12500000e+00
    2.12500000e+00 2.12500000e+00 2.12500000e+00 2.12500000e+00
    2.12500000e+00 2.12500000e+00 2.12500000e+00 2.12500000e+00
    2.12500000e+00 1.96800005e+00 1.07599998e+00 0. 0. 0. 0. 0. 0. 0. 0.
    0. 0. 0. 0. 0. 0. 0. 0. 0. 0. 0. 0. 0. 0. 0. 0. 0. 2.12500000e+00
    2.12500000e+00 2.12500000e+00 2.12500000e+00 2.12500000e+00
    2.12500000e+00 2.12500000e+00 2.12500000e+00 2.12500000e+00
    2.12500000e+00 2.12500000e+00 2.12500000e+00 2.12500000e+00
    1.98599994e+00 1.20099998e+00 0. 0. 0. 0. 0. 0. 0. 0. 0. 0. 0. 0. 0.
    0. 0. 0. 0. 0. 0. 0. 0. 0. 0. 0. 0. 2.12500000e+00 2.12500000e+00
    2.12500000e+00 2.12500000e+00 2.12500000e+00 2.12500000e+00
    2.12500000e+00 2.12500000e+00 2.12500000e+00 2.12500000e+00
    2.12500000e+00 2.12500000e+00 2.12500000e+00 2.05100012e+00
    1.63399994e+00 1.21700001e+00 0. 0. 0. 0. 0. 0. 0. 0. 0. 0. 0. 0. 0.
    0. 0. 0. 0. 0. 0. 0. 0. 0. 0. 0. 2.12500000e+00 2.12500000e+00
    2.12500000e+00 2.12500000e+00 2.12500000e+00 2.12500000e+00
    2.12500000e+00 2.12500000e+00 2.12500000e+00 2.12500000e+00
    2.12500000e+00 2.12500000e+00 2.12500000e+00 2.11599994e+00
    2.06699991e+00 2.01799989e+00 1.35399997e+00 0. 0. 0. 0. 0. 0. 0. 0.
    0. 0. 0. 0. 0. 0. 0. 0. 0. 0. 0. 0. 0. 0. 0. 2.12500000e+00
    2.12500000e+00 2.12500000e+00 2.12500000e+00 2.12500000e+00
    2.12500000e+00 2.12500000e+00 2.12500000e+00 2.12500000e+00
    2.10599995e+00 2.08800006e+00 2.07999992e+00 2.07999992e+00
    2.07999992e+00 2.07999992e+00 2.07999992e+00 1.63699996e+00
    1.04900002e+00 0. 0. 0. 0. 0. 0. 0. 0. 0. 0. 0. 0. 0. 0. 0. 0. 0. 0.
    0. 0. 0. 0. 2.12500000e+00 2.12500000e+00 2.12500000e+00
    2.12500000e+00 2.12500000e+00 2.12500000e+00 2.12500000e+00
    2.12500000e+00 2.12400007e+00 2.08400011e+00 2.04500008e+00
    2.02900004e+00 2.02900004e+00 2.02900004e+00 2.02900004e+00
    2.02900004e+00 1.87000000e+00 1.65999997e+00 1.28699994e+00 0. 0. 0.
    0. 0. 0. 0. 0. 0. 0. 0. 0. 0. 0. 0. 0. 0. 0. 0. 0. 0. 2.10200000e+00
    2.10200000e+00 2.10200000e+00 2.10200000e+00 2.10200000e+00
    2.10200000e+00 2.10599995e+00 2.11599994e+00 2.12400007e+00
    2.07200003e+00 2.02099991e+00 2. 2. 2. 2. 2. 2. 2. 1.75399995e+00
    1.01100004e+00 0. 0. 0. 0. 0. 0. 0. 0. 0. 0. 0. 0. 0. 0. 0. 0. 0. 0.
    0. 0. 2.04999995e+00 2.04999995e+00 2.04999995e+00 2.04999995e+00
    2.04999995e+00 2.04999995e+00 2.06399989e+00 2.09500003e+00
    2.12400007e+00 2.07200003e+00 2.02099991e+00 2. 2. 2. 2. 2. 2. 2.
    1.87800002e+00 1.51100004e+00 1.14400005e+00 0. 0. 0. 0. 0. 0. 0. 0.
    0. 0. 0. 0. 0. 0. 0. 0. 0. 0. 0. 1.99699998e+00 1.99699998e+00
    1.99699998e+00 1.99699998e+00 1.99800003e+00 1.99800003e+00
    2.02200007e+00 2.07399988e+00 2.12400007e+00 2.07299995e+00
    2.02200007e+00 2.00099993e+00 2.00099993e+00 2.00099993e+00
    2.00099993e+00 2. 2. 2. 2. 2. 2. 1.18099999e+00 0. 0. 0. 0. 0. 0. 0.
    0. 0. 0. 0. 0. 0. 0. 0. 0. 0. 0. 1.85200000e+00 1.85200000e+00
    1.85200000e+00 1.85200000e+00 1.88699996e+00 1.92600000e+00
    1.98099995e+00 2.05399990e+00 2.12400007e+00 2.09500003e+00
    2.06500006e+00 2.05299997e+00 2.05299997e+00 2.04900002e+00
    2.02699995e+00 2.00500011e+00 2. 2. 2. 2. 2. 1.54200006e+00
    1.03799999e+00 0. 0. 0. 0. 0. 0. 0. 0. 0. 0. 0. 0. 0. 0. 0. 0. 0.
    1.70700002e+00 1.70700002e+00 1.70700002e+00 1.70700002e+00
    1.77499998e+00 1.85399997e+00 1.94000006e+00 2.03299999e+00
    2.12500000e+00 2.11599994e+00 2.10800004e+00 2.10400009e+00
    2.10400009e+00 2.09699988e+00 2.05399990e+00 2.01099992e+00 2. 2. 2.
    2. 2. 1.90199995e+00 1.79499996e+00 1.74000001e+00 1.74000001e+00
    1.68799996e+00 0. 0. 0. 0. 0. 0. 0. 0. 0. 0. 0. 0. 0. 0.
    1.64900005e+00 1.64900005e+00 1.64900005e+00 1.64900005e+00
    1.72099996e+00 1.80299997e+00 1.89999998e+00 2.01399994e+00
    2.12500000e+00 2.12500000e+00 2.12500000e+00 2.11700010e+00
    2.10500002e+00 2.08699989e+00 2.04800010e+00 2.00999999e+00 2. 2. 2.
    2. 2. 2.03500009e+00 2.07399988e+00 2.09400010e+00 2.09400010e+00
    2.04800010e+00 1.32500005e+00 0. 0. 0. 0. 0. 0. 0. 0. 0. 0. 0. 0. 0.
    1.64900005e+00 1.64900005e+00 1.64900005e+00 1.64900005e+00
    1.70400000e+00 1.76600003e+00 1.86099994e+00 1.99399996e+00
    2.12500000e+00 2.12500000e+00 2.12500000e+00 2.10500002e+00
    2.07100010e+00 2.03900003e+00 2.02200007e+00 2.00399995e+00 2. 2. 2.
    2. 2. 2.01600003e+00 2.03299999e+00 2.04200006e+00 2.04200006e+00
    2.02099991e+00 1.69500005e+00 1.36800003e+00 1.25100005e+00
    1.25100005e+00 1.25100005e+00 0. 0. 0. 0. 0. 0. 0. 0. 0.
    1.64900005e+00 1.64900005e+00 1.64900005e+00 1.64900005e+00
    1.68599999e+00 1.73000002e+00 1.81700003e+00 1.95899999e+00
    2.09899998e+00 2.10599995e+00 2.11299992e+00 2.08699989e+00
    2.03900003e+00 2. 2. 2. 2.00300002e+00 2.00699997e+00 2.00799990e+00
    2.00399995e+00 2. 2. 2. 2. 2. 2. 2. 2. 2. 2. 2. 0. 0. 0. 0. 0. 0. 0.
    0. 0. 1.64900005e+00 1.64900005e+00 1.64900005e+00 1.64900005e+00
    1.66999996e+00 1.69400001e+00 1.75100005e+00 1.85099995e+00
    1.95000005e+00 1.99699998e+00 2.04500008e+00 2.04800010e+00
    2.02200007e+00 2. 2. 2. 2.01900005e+00 2.04399991e+00 2.05200005e+00
    2.02699995e+00 2.00200009e+00 2. 2. 2. 2. 2. 2. 2. 2. 2. 2. 0. 0. 0.
    0. 0. 0. 0. 0. 0. 1.64900005e+00 1.64900005e+00 1.64900005e+00
    1.64900005e+00 1.65300000e+00 1.65799999e+00 1.68599999e+00
    1.74300003e+00 1.80100000e+00 1.88900006e+00 1.97700000e+00
    2.00999999e+00 2.00399995e+00 2. 2. 2. 2.03500009e+00 2.08100009e+00
    2.09699988e+00 2.05100012e+00 2.00399995e+00 2. 2. 2. 2. 2. 2. 2. 2.
    2. 2. 0. 0. 0. 0. 0. 0. 0. 0. 0. 1.64900005e+00 1.64900005e+00
    1.64900005e+00 1.64900005e+00 1.64900005e+00 1.64900005e+00
    1.66999996e+00 1.71599996e+00 1.76400006e+00 1.84599996e+00
    1.92900002e+00 1.97099996e+00 1.98699999e+00 2.00300002e+00
    2.01900005e+00 2.03500009e+00 2.06599998e+00 2.10100007e+00
    2.11299992e+00 2.07800007e+00 2.04200006e+00 2.02399993e+00
    2.00799990e+00 2. 2. 2. 2. 2. 2. 2. 2. 0. 0. 0. 0. 0. 0. 0. 0. 0.
    1.64900005e+00 1.64900005e+00 1.64900005e+00 1.64900005e+00
    1.64900005e+00 1.64900005e+00 1.66999996e+00 1.71599996e+00
    1.76300001e+00 1.82500005e+00 1.88699996e+00 1.93400002e+00
    1.97000003e+00 2.00699997e+00 2.04399991e+00 2.08100009e+00
    2.10100007e+00 2.11500001e+00 2.11999989e+00 2.10599995e+00
    2.09200001e+00 2.05699992e+00 2.01900005e+00 2. 2. 2. 2. 2. 2. 2. 2.
    0. 0. 0. 0. 0. 0. 0. 0. 0. 1.64900005e+00 1.64900005e+00
    1.64900005e+00 1.64900005e+00 1.64900005e+00 1.64900005e+00
    1.66999996e+00 1.71599996e+00 1.76300001e+00 1.81099999e+00
    1.85899997e+00 1.90799999e+00 1.95899999e+00 2.00900006e+00
    2.06100011e+00 2.11199999e+00 2.12500000e+00 2.12500000e+00
