<?xml version="1.0"?>
<opencv_storage>
<Depth type_id="opencv-matrix">
  <rows>40</rows>
  <cols>40</cols>
  <dt>f</dt>
  <data>
    0. 0. 0. 0. 0. 0. 0. 0. 0. 0. 0. 1.75000000e+00 1.78999996e+00
    1.86699998e+00 1.90699995e+00 1.91499996e+00 1.91900003e+00
    1.91900003e+00 1.91400003e+00 1.90600002e+00 1.90300000e+00
    1.90300000e+00 1.90300000e+00 1.90300000e+00 1.90799999e+00
    1.91700006e+00 1.56900001e+00 1.07299995e+00 0. 0. 0. 0. 0. 0. 0. 0.
    0. 0. 0. 0. 0. 0. 0. 0. 0. 0. 0. 0. 0. 0. 0. 1.81099999e+00
    1.83899999e+00 1.89400005e+00 1.91900003e+00 1.91900003e+00
    1.91900003e+00 1.91900003e+00 1.91900003e+00 1.91900003e+00
    1.91900003e+00 1.91900003e+00 1.91900003e+00 1.91900003e+00
    1.91900003e+00 1.91900003e+00 1.56799996e+00 1.06900001e+00 0. 0. 0.
    0. 0. 0. 0. 0. 0. 0. 0. 0. 0. 0. 0. 0. 0. 0. 0. 0. 0. 0. 0.
    1.88999999e+00 1.89699996e+00 1.91199994e+00 1.91900003e+00
    1.91900003e+00 1.91900003e+00 1.91900003e+00 1.91900003e+00
    1.91900003e+00 1.91900003e+00 1.91900003e+00 1.91900003e+00
    1.91900003e+00 1.91900003e+00 1.91900003e+00 1.55799997e+00
    1.04600000e+00 0. 0. 0. 0. 0. 0. 0. 0. 0. 0. 0. 0. 0. 0. 0. 0. 0. 0.
    0. 0. 0. 0. 0. 1.91900003e+00 1.91900003e+00 1.91900003e+00
    1.92600000e+00 1.93900001e+00 1.93700004e+00 1.92400002e+00
    1.91900003e+00 1.91900003e+00 1.91900003e+00 1.91900003e+00
    1.91900003e+00 1.91900003e+00 1.91900003e+00 1.91900003e+00
    1.55499995e+00 1.03799999e+00 0. 0. 0. 0. 0. 0. 0. 0. 0. 0. 0. 0. 0.
    0. 0. 0. 0. 0. 0. 0. 0. 0. 0. 1.91900003e+00 1.91900003e+00
    1.91900003e+00 1.93700004e+00 1.97099996e+00 1.96599996e+00
    1.93299997e+00 1.91900003e+00 1.91900003e+00 1.91900003e+00
    1.91900003e+00 1.91900003e+00 1.91900003e+00 1.91900003e+00
    1.91900003e+00 1.55499995e+00 1.03799999e+00 0. 0. 0. 0. 0. 0. 0. 0.
    0. 0. 0. 0. 0. 0. 0. 0. 0. 0. 0. 0. 0. 0. 0. 1.94599998e+00
    1.94599998e+00 1.94599998e+00 1.96099997e+00 1.98800004e+00
    1.98399997e+00 1.95700002e+00 1.94599998e+00 1.94599998e+00
    1.93700004e+00 1.92400002e+00 1.91900003e+00 1.91900003e+00
    1.92799997e+00 1.94200003e+00 1.57200003e+00 1.04200006e+00 0. 0. 0.
    0. 0. 0. 0. 0. 0. 0. 0. 0. 0. 0. 0. 0. 0. 0. 0. 0. 0. 0. 0.
    1.98699999e+00 1.98699999e+00 1.98699999e+00 1.99000001e+00
    1.99699998e+00 1.99600005e+00 1.98899996e+00 1.98699999e+00
    1.98699999e+00 1.96500003e+00 1.93099999e+00 1.91900003e+00
    1.91900003e+00 1.94200003e+00 1.97700000e+00 1.59800005e+00
    1.04700005e+00 0. 0. 0. 0. 0. 0. 0. 0. 0. 0. 0. 0. 0. 0. 0. 0. 0. 0.
    0. 0. 0. 0. 0. 2. 2. 2. 2. 2. 2. 2. 2. 2. 1.98300004e+00
    1.95599997e+00 1.93799996e+00 1.92400002e+00 1.93700004e+00
    1.96399999e+00 1.58299994e+00 1.02999997e+00 0. 0. 0. 0. 0. 0. 0. 0.
    0. 0. 0. 0. 0. 0. 0. 0. 0. 0. 0. 0. 0. 0. 0. 2. 2. 2. 2. 2. 2. 2. 2.
    2. 1.99600005e+00 1.99000001e+00 1.96500003e+00 1.92999995e+00
    1.92299998e+00 1.92900002e+00 1.54700005e+00 1.00199997e+00 0. 0. 0.
    0. 0. 0. 0. 0. 0. 0. 0. 0. 0. 0. 0. 0. 0. 0. 0. 0. 0. 0. 0. 2. 2. 2.
    2. 2. 2. 2. 2. 2. 2. 2. 1.97300005e+00 1.93200004e+00 1.91900003e+00
    1.91900003e+00 1.53699994e+00 0. 0. 0. 0. 0. 0. 0. 0. 0. 0. 0. 0. 0.
    0. 0. 0. 0. 0. 0. 0. 0. 0. 0. 0. 2. 2. 2. 2. 2. 2. 2. 2. 2. 2. 2.
    1.97300005e+00 1.93200004e+00 1.91900003e+00 1.91900003e+00
    1.53699994e+00 0. 0. 0. 0. 0. 0. 0. 0. 0. 0. 0. 0. 0. 0. 0. 0. 0. 0.
    0. 0. 0. 0. 0. 0. 2. 2. 2. 1.99199998e+00 1.97700000e+00
    1.97000003e+00 1.97000003e+00 1.97899997e+00 1.99399996e+00 2. 2.
    1.97300005e+00 1.93200004e+00 1.91900003e+00 1.91900003e+00
    1.67799997e+00 1.33700001e+00 1.24500000e+00 0. 0. 0. 0. 0. 0. 0. 0.
    0. 0. 0. 0. 0. 0. 0. 0. 0. 0. 0. 0. 0. 0. 2. 2. 2. 1.98099995e+00
    1.94400001e+00 1.92900002e+00 1.92900002e+00 1.95000005e+00
    1.98599994e+00 2. 2. 1.97300005e+00 1.93200004e+00 1.91900003e+00
    1.91900003e+00 1.87199998e+00 1.80599999e+00 1.78799999e+00 0. 0. 0.
    0. 0. 0. 0. 0. 0. 0. 0. 0. 0. 0. 0. 0. 0. 0. 0. 0. 0. 0. 2. 2. 2.
    1.97800004e+00 1.93700004e+00 1.91900003e+00 1.91900003e+00
    1.94299996e+00 1.98500001e+00 2. 2. 1.97300005e+00 1.93200004e+00
    1.91900003e+00 1.91900003e+00 1.91900003e+00 1.91900003e+00
    1.91900003e+00 0. 0. 0. 0. 0. 0. 0. 0. 0. 0. 0. 0. 0. 0. 0. 0. 0. 0.
    0. 0. 0. 0. 2. 2. 2. 1.97800004e+00 1.93700004e+00 1.91900003e+00
    1.91900003e+00 1.94299996e+00 1.98500001e+00 2. 2. 1.97300005e+00
    1.93200004e+00 1.91900003e+00 1.91900003e+00 1.91900003e+00
    1.91900003e+00 1.91900003e+00 0. 0. 0. 0. 0. 0. 0. 0. 0. 0. 0. 0. 0.
    0. 0. 0. 0. 0. 0. 0. 0. 0. 2. 2. 2. 1.98699999e+00 1.96200001e+00
    1.95099998e+00 1.95099998e+00 1.96599996e+00 1.99100006e+00
    1.99000001e+00 1.97300005e+00 1.95200002e+00 1.92700005e+00
    1.91900003e+00 1.91900003e+00 1.91900003e+00 1.91900003e+00
    1.91900003e+00 0. 0. 0. 0. 0. 0. 0. 0. 0. 0. 0. 0. 0. 0. 0. 0. 0. 0.
    0. 0. 0. 0. 2. 2. 2. 1.99800003e+00 1.99399996e+00 1.99199998e+00
    1.99199998e+00 1.99500000e+00 1.99899995e+00 1.97700000e+00
    1.94000006e+00 1.92400002e+00 1.91999996e+00 1.91900003e+00
    1.91900003e+00 1.91900003e+00 1.91900003e+00 1.91900003e+00 0. 0. 0.
    0. 0. 0. 0. 0. 0. 0. 0. 0. 0. 0. 0. 0. 0. 0. 0. 0. 0. 0. 2. 2. 2. 2.
    2. 2. 2. 2. 2. 1.97399998e+00 1.93299997e+00 1.91900003e+00
    1.91900003e+00 1.91900003e+00 1.91900003e+00 1.91900003e+00
    1.91900003e+00 1.91900003e+00 0. 0. 0. 0. 0. 0. 0. 0. 0. 0. 0. 0. 0.
    0. 0. 0. 0. 0. 0. 0. 0. 0. 2. 2. 2. 2. 2. 2. 2. 2. 2. 1.97399998e+00
    1.93299997e+00 1.91900003e+00 1.91900003e+00 1.91900003e+00
    1.91900003e+00 1.91900003e+00 1.91900003e+00 1.91900003e+00 0. 0. 0.
    0. 0. 0. 0. 0. 0. 0. 0. 0. 0. 0. 0. 0. 0. 0. 0. 0. 0. 0.
    1.46800005e+00 1.60599995e+00 1.87600005e+00 2. 2. 2. 2. 2. 2.
    1.97399998e+00 1.93299997e+00 1.91900003e+00 1.91900003e+00
    1.91900003e+00 1.91900003e+00 1.91900003e+00 1.91900003e+00
    1.91900003e+00 0. 0. 0. 0. 0. 0. 0. 0. 0. 0. 0. 0. 0. 0. 0. 0. 0. 0.
    0. 0. 0. 0. 0. 1.13800001e+00 1.72899997e+00 2. 2. 2. 2. 2. 2.
    1.97399998e+00 1.93299997e+00 1.91900003e+00 1.91900003e+00
    1.91900003e+00 1.91900003e+00 1.91900003e+00 1.91900003e+00
    1.91900003e+00 0. 0. 0. 0. 0. 0. 0. 0. 0. 0. 0. 0. 0. 0. 0. 0. 0. 0.
    0. 0. 0. 0. 0. 1.07500005e+00 1.70899999e+00 2. 2. 2. 2. 2. 2.
    1.97399998e+00 1.93299997e+00 1.91900003e+00 1.91900003e+00
    1.91900003e+00 1.91900003e+00 1.91900003e+00 1.91900003e+00
    1.91900003e+00 0. 0. 0. 0. 0. 0. 0. 0. 0. 0. 0. 0. 0. 0. 0. 0. 0. 0.
    0. 0. 0. 0. 0. 1.07500005e+00 1.70899999e+00 2. 2. 2. 2. 2. 2.
    1.97399998e+00 1.93299997e+00 1.91900003e+00 1.91900003e+00
    1.91900003e+00 1.91900003e+00 1.91900003e+00 1.91900003e+00
    1.91900003e+00 0. 0. 0. 0. 0. 0. 0. 0. 0. 0. 0. 0. 0. 0. 0. 0. 0. 0.
    0. 0. 0. 0. 0. 1.07500005e+00 1.70899999e+00 2. 2. 2. 2. 2. 2.
    1.98599994e+00 1.96399999e+00 1.95599997e+00 1.95599997e+00
    1.95599997e+00 1.95599997e+00 1.94299996e+00 1.92400002e+00
    1.91900003e+00 0. 0. 0. 0. 0. 0. 0. 0. 0. 0. 0. 0. 0. 0. 0. 0. 0. 0.
    0. 0. 0. 0. 0. 1.07500005e+00 1.70899999e+00 2. 2. 2. 2. 2. 2.
    1.99899995e+00 1.99699998e+00 1.99699998e+00 1.99699998e+00
    1.99699998e+00 1.99699998e+00 1.96899998e+00 1.92999995e+00
    1.91900003e+00 0. 0. 0. 0. 0. 0. 0. 0. 0. 0. 0. 0. 0. 0. 0. 0. 0. 0.
    0. 0. 0. 0. 0. 1.07500005e+00 1.70899999e+00 2. 2. 2. 2. 2. 2. 2. 2.
    2. 2. 1.98699999e+00 1.96800005e+00 1.94700003e+00 1.92499995e+00
    1.91900003e+00 0. 0. 0. 0. 0. 0. 0. 0. 0. 0. 0. 0. 0. 0. 0. 0. 0. 0.
    0. 0. 0. 0. 0. 1.07500005e+00 1.70899999e+00 2. 2. 2. 2. 2. 2. 2. 2.
    2. 2. 1.97300005e+00 1.93299997e+00 1.91999996e+00 1.91900003e+00
    1.91900003e+00 0. 0. 0. 0. 0. 0. 0. 0. 0. 0. 0. 0. 0. 0. 0. 0. 0. 0.
    0. 0. 0. 0. 0. 1.08599997e+00 1.74000001e+00 2.02900004e+00
    2.00900006e+00 2. 2. 2. 2. 1.98800004e+00 1.96800005e+00
    1.96099997e+00 1.96099997e+00 1.94700003e+00 1.92499995e+00
