<?xml version="1.0"?>
<opencv_storage>
<Depth type_id="opencv-matrix">
  <rows>40</rows>
  <cols>40</cols>
  <dt>f</dt>
  <data>
    0. 0. 0. 0. 0. 0. 0. 0. 0. 0. 0. 0. 0. 0. 0. 0. 0. 0. 0. 0. 0. 0. 0.
    0. 0. 0. 0. 0. 0. 0. 0. 0. 0. 0. 0. 0. 0. 0. 0. 0. 0. 0. 0. 0. 0. 0.
    0. 0. 0. 0. 0. 0. 0. 0. 0. 0. 0. 0. 0. 0. 0. 0. 0. 0. 0. 0. 0. 0. 0.
    0. 0. 0. 0. 0. 0. 0. 0. 0. 0. 0. 0. 0. 0. 0. 0. 0. 0. 0. 0. 0. 0. 0.
    0. 0. 0. 0. 0. 0. 0. 0. 0. 0. 0. 0. 0. 0. 0. 0. 0. 0. 0. 0. 0. 0. 0.
    0. 0. 0. 0. 0. 0. 0. 0. 0. 0. 0. 0. 0. 0. 0. 0. 0. 0. 0. 0. 0. 0. 0.
    0. 0. 0. 0. 0. 0. 0. 0. 0. 0. 0. 0. 0. 0. 0. 0. 0. 0. 0. 0. 0. 0. 0.
    0. 0. 0. 0. 0. 0. 0. 0. 0. 0. 0. 0. 0. 0. 0. 0. 0. 0. 0. 0. 0. 0. 0.
    0. 0. 0. 0. 0. 0. 0. 0. 0. 0. 0. 0. 0. 0. 0. 0. 0. 0. 0. 0. 0. 0. 0.
    0. 0. 0. 0. 0. 0. 0. 0. 0. 0. 0. 0. 0. 0. 0. 0. 0. 0. 0. 0. 0. 0. 0.
    0. 0. 0. 0. 0. 0. 0. 0. 0. 0. 0. 0. 0. 0. 0. 0. 0. 0. 0. 0. 0. 0. 0.
    0. 0. 0. 0. 0. 0. 0. 0. 0. 0. 0. 0. 0. 0. 0. 0. 0. 0. 0. 0. 0. 0. 0.
    0. 0. 0. 0. 0. 0. 0. 0. 0. 0. 0. 0. 0. 0. 0. 0. 0. 0. 0. 0. 0. 0. 0.
    0. 0. 0. 0. 0. 0. 0. 0. 0. 0. 0. 0. 0. 0. 0. 0. 0. 0. 0. 0. 0. 0. 0.
    0. 0. 0. 1.22899997e+00 1.22899997e+00 1.22899997e+00 1.22899997e+00
    1.23300004e+00 1.24899995e+00 1.27999997e+00 1.32500005e+00
    1.33099997e+00 1.32200003e+00 1.45599997e+00 2.00099993e+00
    2.02600002e+00 2.03099990e+00 2.04699993e+00 2.06200004e+00
    2.06200004e+00 2.06200004e+00 2.11599994e+00 2.12700009e+00
    2.12700009e+00 1.97800004e+00 1.63800001e+00 1.59899998e+00
    1.59700000e+00 1.58299994e+00 1.56400001e+00 1.55100000e+00
    1.55100000e+00 0. 0. 0. 0. 0. 0. 0. 0. 0. 0. 0. 1.22899997e+00
    1.23899996e+00 1.23500001e+00 1.22899997e+00 1.23899996e+00
    1.27600002e+00 1.29499996e+00 1.33899999e+00 1.35200000e+00
    1.52499998e+00 1.86000001e+00 2.00099993e+00 2.02600002e+00
    2.03099990e+00 2.04699993e+00 2.06999993e+00 2.08699989e+00
    2.08699989e+00 2.11999989e+00 2.12700009e+00 2.12700009e+00
    1.97800004e+00 1.64100003e+00 1.61600006e+00 1.60099995e+00
    1.58299994e+00 1.57099998e+00 1.56799996e+00 1.56799996e+00 0. 0. 0.
    0. 0. 0. 0. 0. 0. 0. 0. 1.22899997e+00 1.24199998e+00 1.23699999e+00
    1.22899997e+00 1.24399996e+00 1.29499996e+00 1.30200005e+00
    1.59200001e+00 1.70799994e+00 1.80900002e+00 1.98300004e+00
    1.98500001e+00 2.03900003e+00 2.04900002e+00 2.06500006e+00
    2.09200001e+00 2.11299992e+00 2.11299992e+00 2.12500000e+00
    2.12700009e+00 2.11800003e+00 2.04500008e+00 1.86300004e+00
    1.63100004e+00 1.60200000e+00 1.58299994e+00 1.57400000e+00
    1.57400000e+00 1.57400000e+00 0. 0. 0. 0. 0. 0. 0. 0. 0. 0. 0.
    1.22899997e+00 1.24199998e+00 1.24100006e+00 1.23599994e+00
    1.31500006e+00 1.58099997e+00 1.58099997e+00 1.85800004e+00
    1.97000003e+00 1.97000003e+00 1.97000003e+00 1.97200000e+00
    2.04900002e+00 2.07100010e+00 2.08500004e+00 2.10200000e+00
    2.11400008e+00 2.11400008e+00 2.11400008e+00 2.11400008e+00
    2.10500002e+00 2.09500003e+00 2.03200006e+00 1.64699996e+00
    1.61899996e+00 1.59000003e+00 1.57400000e+00 1.57400000e+00
    1.57400000e+00 0. 0. 0. 0. 0. 0. 0. 0. 0. 0. 0. 1.22899997e+00
    1.36399996e+00 1.40699995e+00 1.40199995e+00 1.52999997e+00
    1.98000002e+00 1.98599994e+00 1.97500002e+00 1.97399998e+00
    1.97899997e+00 1.98399997e+00 1.98599994e+00 2.05699992e+00
    2.08699989e+00 2.09500003e+00 2.09200001e+00 2.08699989e+00
    2.08699989e+00 2.08699989e+00 2.08699989e+00 2.08400011e+00
    2.07999992e+00 2.03500009e+00 1.75899994e+00 1.66600001e+00
    1.59800005e+00 1.56900001e+00 1.56900001e+00 1.56900001e+00 0. 0. 0.
    0. 0. 0. 0. 0. 0. 0. 0. 1.27199996e+00 1.78900003e+00 1.95099998e+00
    1.92600000e+00 1.90799999e+00 1.90999997e+00 1.93499994e+00
    1.96099997e+00 1.98699999e+00 2.01300001e+00 2.03299999e+00
    2.03600001e+00 2.08599997e+00 2.09400010e+00 2.09299994e+00
    2.08200002e+00 2.05999994e+00 2.05999994e+00 2.05999994e+00
    2.05999994e+00 2.04600000e+00 2.03099990e+00 2.03900003e+00
    2.09100008e+00 1.73800004e+00 1.58700001e+00 1.55100000e+00
    1.55100000e+00 1.55100000e+00 0. 0. 0. 0. 0. 0. 0. 0. 0. 0. 0.
    1.90999997e+00 1.93499994e+00 1.92700005e+00 1.89300001e+00
    1.86099994e+00 1.86399996e+00 1.90799999e+00 1.95400000e+00
    2.00099993e+00 2.03900003e+00 2.06399989e+00 2.08800006e+00
    2.09400010e+00 2.07500005e+00 2.06599998e+00 2.05500007e+00
    2.03500009e+00 2.03500009e+00 2.03500009e+00 2.03500009e+00
    2.03299999e+00 2.03099990e+00 2.03600001e+00 2.06500006e+00
    1.73199999e+00 1.58700001e+00 1.55100000e+00 1.55100000e+00
    1.55100000e+00 0. 0. 0. 0. 0. 0. 0. 0. 0. 0. 0. 1.97899997e+00
    1.95000005e+00 1.92299998e+00 1.88800001e+00 1.85399997e+00
    1.85699999e+00 1.90400004e+00 1.95299995e+00 2.01500010e+00
    2.05599999e+00 2.06900001e+00 2.09500003e+00 2.09500003e+00
    2.07200003e+00 2.05100012e+00 2.03699994e+00 2.03099990e+00
    2.03099990e+00 2.03099990e+00 2.03099990e+00 2.03099990e+00
    2.03099990e+00 2.03500009e+00 2.06100011e+00 1.96700001e+00
    1.69900000e+00 1.55100000e+00 1.55100000e+00 1.55100000e+00 0. 0. 0.
    0. 0. 0. 0. 0. 0. 0. 0. 1.97000003e+00 1.93599999e+00 1.91700006e+00
    1.89400005e+00 1.86899996e+00 1.87199998e+00 1.91999996e+00
    1.99300003e+00 2.05200005e+00 2.07999992e+00 2.08299994e+00
    2.09500003e+00 2.09500003e+00 2.06100011e+00 2.03800011e+00
    2.03099990e+00 2.03099990e+00 2.03099990e+00 2.03099990e+00
    2.03099990e+00 2.03099990e+00 2.03600001e+00 2.04999995e+00
    2.06100011e+00 2.06200004e+00 1.74399996e+00 1.55100000e+00
    1.55100000e+00 1.55100000e+00 0. 0. 0. 0. 0. 0. 0. 0. 0. 0. 0.
    1.79900002e+00 1.88199997e+00 1.91100001e+00 1.90799999e+00
    1.90600002e+00 1.91799998e+00 1.97700000e+00 2.04800010e+00
    2.07900000e+00 2.08299994e+00 2.08299994e+00 2.08299994e+00
    2.07299995e+00 2.04399991e+00 2.03099990e+00 2.03099990e+00
    2.03099990e+00 2.03099990e+00 2.03099990e+00 2.03099990e+00
    2.03099990e+00 2.04099989e+00 2.06200004e+00 2.06200004e+00
    2.06200004e+00 1.86199999e+00 1.65499997e+00 1.55100000e+00
    1.55100000e+00 0. 0. 0. 0. 0. 0. 0. 0. 0. 0. 0. 1.50600004e+00
    1.75399995e+00 1.89400005e+00 1.94400001e+00 1.96500003e+00
    1.99199998e+00 2.05299997e+00 2.08100009e+00 2.07100010e+00
    2.05599999e+00 2.05500007e+00 2.04900002e+00 2.02900004e+00
    2.02500010e+00 2.02500010e+00 2.02699995e+00 2.03099990e+00
    2.03099990e+00 2.03099990e+00 2.03099990e+00 2.03099990e+00
    2.04099989e+00 2.06200004e+00 2.06200004e+00 2.06200004e+00
    2.06599998e+00 1.83399999e+00 1.54700005e+00 1.54700005e+00 0. 0. 0.
    0. 0. 0. 0. 0. 0. 0. 0. 1.50699997e+00 1.53900003e+00 1.82599998e+00
    2.03200006e+00 2.03800011e+00 2.06100011e+00 2.06100011e+00
    2.06100011e+00 2.04399991e+00 2.02999997e+00 2.02399993e+00 2. 2. 2.
    2. 2.00999999e+00 2.02999997e+00 2.03099990e+00 2.03099990e+00
    2.03099990e+00 2.03099990e+00 2.03999996e+00 2.06100011e+00
    2.06100011e+00 2.06200004e+00 2.08200002e+00 1.84000003e+00
    1.52900004e+00 1.52900004e+00 0. 0. 0. 0. 0. 0. 0. 0. 0. 0. 0.
    1.52600002e+00 1.53100002e+00 1.84800005e+00 2.07399988e+00
    2.05200005e+00 2.03600001e+00 2.03600001e+00 2.03600001e+00
    2.01900005e+00 2.00500011e+00 2.00399995e+00 2. 2. 2. 2.
    2.00200009e+00 2.00900006e+00 2.03099990e+00 2.03099990e+00
    2.03099990e+00 2.03099990e+00 2.03200006e+00 2.03600001e+00
    2.03600001e+00 2.05699992e+00 2.06500006e+00 1.82500005e+00
    1.52900004e+00 1.52900004e+00 0. 0. 0. 0. 0. 0. 0. 0. 0. 0. 0.
    1.52900004e+00 1.52900004e+00 1.82700002e+00 2.04699993e+00
    2.03900003e+00 2.03099990e+00 2.03099990e+00 2.01600003e+00
    2.00500011e+00 2. 2. 2. 2. 2. 2. 2. 2.00500011e+00 2.03099990e+00
    2.03099990e+00 2.03099990e+00 2.03099990e+00 2.03099990e+00
    2.03099990e+00 2.03099990e+00 2.05599999e+00 2.06200004e+00
    1.98599994e+00 1.79100001e+00 1.52900004e+00 0. 0. 0. 0. 0. 0. 0. 0.
