<?xml version="1.0"?>
<opencv_storage>
<Depth type_id="opencv-matrix">
  <rows>40</rows>
  <cols>40</cols>
  <dt>f</dt>
  <data>
    0. 0. 0. 0. 0. 0. 0. 0. 0. 0. 0. 0. 0. 0. 0. 0. 0. 0. 0. 0. 0. 0. 0.
    0. 0. 0. 0. 0. 0. 0. 0. 0. 0. 0. 0. 0. 0. 0. 0. 0. 0. 0. 0. 0. 0. 0.
    0. 0. 0. 0. 0. 0. 0. 0. 0. 0. 0. 0. 0. 0. 0. 0. 0. 0. 0. 0. 0. 0. 0.
    0. 0. 0. 0. 0. 0. 0. 0. 0. 0. 0. 0. 0. 0. 0. 0. 0. 0. 0. 0. 0. 0. 0.
    0. 0. 0. 0. 0. 0. 0. 0. 0. 0. 0. 0. 0. 0. 0. 0. 0. 0. 0. 0. 0. 0. 0.
    0. 0. 0. 0. 0. 0. 0. 0. 0. 0. 0. 0. 0. 0. 0. 0. 0. 0. 0. 0. 0. 0. 0.
    0. 0. 0. 0. 0. 0. 0. 0. 0. 0. 0. 0. 0. 0. 0. 0. 0. 0. 0. 0. 0. 0. 0.
    0. 0. 0. 0. 0. 0. 0. 0. 0. 0. 0. 0. 0. 0. 0. 0. 0. 0. 0. 0. 0. 0. 0.
    0. 0. 0. 0. 0. 0. 0. 0. 0. 0. 0. 0. 0. 0. 0. 0. 0. 0. 0. 0. 0. 0. 0.
    0. 0. 0. 0. 0. 0. 0. 0. 0. 0. 0. 0. 0. 0. 0. 0. 0. 0. 0. 0. 0. 0. 0.
    0. 0. 0. 0. 0. 0. 0. 0. 0. 0. 0. 0. 0. 0. 0. 0. 0. 0. 0. 0. 0. 0. 0.
    0. 0. 0. 0. 0. 0. 0. 0. 0. 0. 0. 0. 0. 0. 0. 0. 0. 0. 0. 0. 0. 0. 0.
    0. 0. 0. 0. 0. 0. 0. 0. 0. 0. 0. 0. 0. 0. 0. 0. 0. 0. 0. 0. 0. 0. 0.
    0. 0. 0. 0. 0. 0. 0. 0. 0. 0. 0. 0. 0. 0. 0. 0. 0. 0. 0. 0. 0. 0. 0.
    0. 0. 0. 0. 0. 0. 0. 0. 0. 0. 0. 0. 0. 0. 0. 0. 0. 0. 0. 0. 0. 0. 0.
    0. 0. 0. 0. 0. 0. 0. 0. 0. 0. 0. 0. 0. 0. 0. 0. 0. 0. 0. 0. 0. 0. 0.
    0. 0. 0. 0. 0. 0. 0. 0. 0. 0. 0. 0. 0. 0. 0. 0. 0. 0. 0. 0. 0. 0. 0.
    0. 0. 0. 0. 0. 0. 0. 0. 0. 0. 0. 0. 0. 0. 0. 0. 0. 0. 0. 0. 0. 0. 0.
    0. 0. 0. 0. 0. 0. 0. 0. 0. 0. 0. 0. 0. 0. 0. 0. 0. 0. 0. 0. 0. 0. 0.
    0. 0. 0. 0. 0. 0. 0. 0. 0. 0. 0. 0. 0. 0. 0. 0. 0. 0. 0. 0. 0. 0. 0.
    0. 0. 0. 0. 0. 0. 0. 0. 0. 0. 0. 0. 0. 0. 0. 0. 0. 0. 0. 0.
    1.98800004e+00 1.98500001e+00 1.98500001e+00 1.99100006e+00 2.
    1.99000001e+00 1.98500001e+00 2.01500010e+00 2. 2. 2. 2. 2.
    2.01500010e+00 2.01200008e+00 2.00099993e+00 1.99199998e+00
    1.98599994e+00 1.99899995e+00 1.17900002e+00 1.17999995e+00
    1.18299997e+00 1.18299997e+00 1.83899999e+00 2. 2. 1.99600005e+00
    1.98599994e+00 1.98500001e+00 1.98500001e+00 1.97099996e+00
    1.97000003e+00 1.97000003e+00 1.58299994e+00 1.24600005e+00
    1.24500000e+00 1.24399996e+00 1.24899995e+00 1.22099996e+00
    1.17200005e+00 1.99500000e+00 1.99300003e+00 1.99500000e+00
    2.00399995e+00 2.00200009e+00 1.99199998e+00 1.99199998e+00
    2.01500010e+00 2.00399995e+00 2.00500011e+00 2.00799990e+00
    2.00500011e+00 2.00399995e+00 2.01500010e+00 2.01500010e+00
    2.01500010e+00 2.00799990e+00 2.00099993e+00 2. 2. 2. 2. 2. 2.
    1.99600005e+00 1.99600005e+00 1.99600005e+00 1.99100006e+00
    1.98500001e+00 1.98500001e+00 1.98500001e+00 1.97000003e+00
    1.97000003e+00 1.97000003e+00 1.96200001e+00 1.95500004e+00
    1.94000006e+00 1.93700004e+00 1.70799994e+00 1.26600003e+00
    2.02200007e+00 2.02200007e+00 2.02099991e+00 2.01500010e+00
    2.01099992e+00 2.00600004e+00 2.01999998e+00 2.02200007e+00
    2.02200007e+00 2.02500010e+00 2.03099990e+00 2.02399993e+00
    2.01600003e+00 2.01500010e+00 2.01500010e+00 2.01500010e+00
    2.01500010e+00 2.00900006e+00 2. 2. 2. 2. 2. 2. 1.98500001e+00
    1.98500001e+00 1.98500001e+00 1.98500001e+00 1.98500001e+00
    1.98500001e+00 1.98500001e+00 1.97000003e+00 1.97000003e+00
    1.96700001e+00 1.96399999e+00 1.95599997e+00 1.94000006e+00
    1.93799996e+00 1.93200004e+00 1.50199997e+00 2.03099990e+00
    2.03099990e+00 2.02999997e+00 2.02500010e+00 2.02500010e+00
    2.02500010e+00 2.02999997e+00 2.03099990e+00 2.02099991e+00
    2.02500010e+00 2.03099990e+00 2.03099990e+00 2.01699996e+00
    2.01500010e+00 2.01300001e+00 2.00600004e+00 2.00600004e+00
    2.00600004e+00 2. 2. 2. 2. 2. 2. 1.98500001e+00 1.98500001e+00
    1.98500001e+00 1.98500001e+00 1.98500001e+00 1.98500001e+00
    1.98500001e+00 1.97700000e+00 1.97000003e+00 1.96200001e+00
    1.95500004e+00 1.95500004e+00 1.94000006e+00 1.94000006e+00
    1.94000006e+00 1.76900005e+00 2.03099990e+00 2.03099990e+00
    2.03099990e+00 2.03099990e+00 2.03099990e+00 2.03099990e+00
    2.03099990e+00 2.02999997e+00 2.01500010e+00 2.01600003e+00
    2.02500010e+00 2.03099990e+00 2.01699996e+00 2.01500010e+00
    2.01099992e+00 2. 2. 2. 2. 2. 2. 2. 2. 2. 1.99699998e+00
    1.98500001e+00 1.98500001e+00 1.98500001e+00 1.98500001e+00
    1.98500001e+00 1.98500001e+00 1.98199999e+00 1.97000003e+00
    1.96200001e+00 1.95500004e+00 1.95500004e+00 1.94000006e+00
    1.94000006e+00 1.94000006e+00 1.94000006e+00 2.03099990e+00
    2.03099990e+00 2.03099990e+00 2.03099990e+00 2.03099990e+00
    2.03099990e+00 2.03099990e+00 2.01500010e+00 2.00099993e+00
    2.00099993e+00 2.00900006e+00 2.01600003e+00 2.01500010e+00
    2.00099993e+00 2.00099993e+00 2. 2. 2. 2. 2. 1.99600005e+00
    1.98599994e+00 1.98599994e+00 1.98599994e+00 1.98599994e+00
    1.98500001e+00 1.98500001e+00 1.98500001e+00 1.98500001e+00
    1.98500001e+00 1.97099996e+00 1.97099996e+00 1.97000003e+00
    1.97000003e+00 1.95899999e+00 1.95500004e+00 1.94000006e+00
    1.94000006e+00 1.94000006e+00 1.94000006e+00 2.03099990e+00
    2.03099990e+00 2.03099990e+00 2.03099990e+00 2.03099990e+00
    2.03099990e+00 2.03099990e+00 2.01500010e+00 2. 2. 2.00799990e+00
    2.01500010e+00 2.01500010e+00 2. 2. 2. 2. 2. 2. 2. 1.99600005e+00
    1.98500001e+00 1.98500001e+00 1.98500001e+00 1.98500001e+00
    1.98500001e+00 1.98500001e+00 1.98399997e+00 1.97399998e+00
    1.96800005e+00 1.96800005e+00 1.96800005e+00 1.96300006e+00
    1.95500004e+00 1.94400001e+00 1.94000006e+00 1.94000006e+00
    1.94000006e+00 1.94000006e+00 1.94000006e+00 2.03099990e+00
    2.03099990e+00 2.02999997e+00 2.02600002e+00 2.02600002e+00
    2.02600002e+00 2.02600002e+00 2.01500010e+00 2.00399995e+00 2.
    2.00799990e+00 2.01500010e+00 2.01500010e+00 2.00399995e+00
    2.00300002e+00 2. 2. 2. 2. 2. 1.99600005e+00 1.98500001e+00
    1.98500001e+00 1.98500001e+00 1.98500001e+00 1.98500001e+00
    1.98500001e+00 1.97800004e+00 1.97000003e+00 1.95700002e+00
    1.95500004e+00 1.95500004e+00 1.95299995e+00 1.95099998e+00
    1.94299996e+00 1.93599999e+00 1.93599999e+00 1.93599999e+00
    1.93599999e+00 1.93799996e+00 2.03099990e+00 2.03099990e+00
    2.02200007e+00 2.01500010e+00 2.01500010e+00 2.01500010e+00
    2.01500010e+00 2.00799990e+00 2.00600004e+00 2. 2.00799990e+00
    2.01500010e+00 2.01500010e+00 2.01399994e+00 2.00600004e+00 2. 2. 2.
    2. 1.99899995e+00 1.99100006e+00 1.98500001e+00 1.98500001e+00
    1.98500001e+00 1.98500001e+00 1.97800004e+00 1.97800004e+00
    1.97399998e+00 1.97000003e+00 1.95700002e+00 1.95500004e+00
    1.95500004e+00 1.95000005e+00 1.94000006e+00 1.94000006e+00
    1.92799997e+00 1.92600000e+00 1.92600000e+00 1.92600000e+00
    1.93400002e+00 2.02099991e+00 2.02099991e+00 2.01500010e+00
    2.01500010e+00 2.00999999e+00 2.00500011e+00 2.00500011e+00 2. 2. 2.
    2.00799990e+00 2.01500010e+00 2.00600004e+00 2.00500011e+00 2. 2. 2.
    2. 2. 1.99800003e+00 1.98500001e+00 1.98500001e+00 1.98500001e+00
    1.98500001e+00 1.98500001e+00 1.97000003e+00 1.97000003e+00
    1.97000003e+00 1.97000003e+00 1.96599996e+00 1.95500004e+00
    1.95500004e+00 1.95299995e+00 1.95000005e+00 1.94299996e+00
    1.93599999e+00 1.93499994e+00 1.93499994e+00 1.93499994e+00
    1.93799996e+00 2.01500010e+00 2.01500010e+00 2.01500010e+00
    2.01500010e+00 2.00699997e+00 2. 2. 2. 2. 2.00500011e+00
    2.01399994e+00 2.01500010e+00 2.00200009e+00 2. 2. 2. 2. 2. 2. 2.
    1.99699998e+00 1.99699998e+00 1.99699998e+00 1.98699999e+00
    1.98500001e+00 1.98199999e+00 1.98199999e+00 1.98199999e+00
    1.98199999e+00 1.98199999e+00 1.96700001e+00 1.96700001e+00
    1.96700001e+00 1.96700001e+00 1.96500003e+00 1.96500003e+00
    1.97599995e+00 1.96500003e+00 1.96500003e+00 1.96500003e+00
    2.02800012e+00 2.03099990e+00 2.02800012e+00 2.01500010e+00
    2.01500010e+00 2.01500010e+00 2.01500010e+00 2.01500010e+00
    2.01500010e+00 2.02099991e+00 2.03099990e+00 2.03099990e+00
    2.01699996e+00 2.01500010e+00 2.01500010e+00 2.02200007e+00
