<?xml version="1.0"?>
<opencv_storage>
<Depth type_id="opencv-matrix">
  <rows>40</rows>
  <cols>40</cols>
  <dt>f</dt>
  <data>
    0. 0. 0. 0. 0. 0. 0. 0. 0. 0. 0. 0. 0. 0. 0. 0. 0. 0. 0. 0. 0. 0. 0.
    0. 0. 0. 0. 0. 0. 0. 0. 0. 0. 0. 0. 0. 0. 0. 0. 0. 0. 0. 0. 0. 0. 0.
    0. 0. 0. 0. 0. 0. 0. 0. 0. 0. 0. 0. 0. 0. 0. 0. 0. 0. 0. 0. 0. 0. 0.
    0. 0. 0. 0. 0. 0. 0. 0. 0. 0. 0. 0. 0. 0. 0. 0. 0. 0. 0. 0. 0. 0. 0.
    0. 0. 0. 0. 0. 0. 0. 0. 0. 0. 0. 0. 0. 0. 0. 0. 0. 0. 0. 0. 0. 0. 0.
    0. 0. 0. 0. 0. 0. 0. 0. 0. 0. 0. 0. 0. 0. 0. 0. 0. 0. 0. 0. 0. 0. 0.
    0. 0. 0. 0. 0. 0. 0. 0. 0. 0. 0. 0. 0. 0. 0. 0. 0. 0. 0. 0. 0. 0. 0.
    0. 0. 0. 0. 0. 0. 0. 0. 0. 0. 0. 0. 0. 0. 0. 0. 0. 0. 0. 0. 0. 0. 0.
    0. 0. 0. 0. 0. 0. 0. 0. 0. 0. 0. 0. 0. 0. 0. 0. 0. 0. 0. 0. 0. 0. 0.
    0. 0. 0. 0. 0. 0. 0. 0. 0. 0. 0. 0. 0. 0. 0. 0. 0. 0. 0. 0. 0. 0. 0.
    0. 0. 0. 0. 0. 0. 0. 0. 0. 0. 0. 0. 0. 0. 0. 0. 0. 0. 0. 0. 0. 0. 0.
    0. 0. 0. 0. 0. 0. 0. 0. 0. 0. 0. 0. 0. 0. 0. 0. 0. 0. 0. 0. 0. 0. 0.
    0. 0. 0. 0. 0. 0. 0. 0. 0. 0. 0. 0. 0. 0. 0. 0. 0. 0. 0. 0. 0. 0. 0.
    0. 0. 0. 0. 0. 0. 0. 0. 0. 0. 0. 0. 0. 0. 0. 0. 0. 0. 0. 0. 0. 0. 0.
    0. 0. 0. 0. 0. 0. 0. 0. 0. 0. 0. 0. 0. 0. 0. 0. 0. 0. 0. 0. 0. 0. 0.
    0. 0. 0. 0. 0. 0. 0. 0. 0. 0. 0. 0. 0. 0. 0. 0. 0. 0. 0. 0. 0. 0. 0.
    0. 0. 0. 0. 0. 0. 0. 0. 0. 0. 0. 0. 0. 0. 0. 0. 0. 0. 0. 0. 0. 0. 0.
    0. 0. 0. 0. 0. 0. 0. 0. 0. 0. 0. 0. 0. 0. 0. 0. 0. 0. 0. 0. 0. 0. 0.
    0. 0. 0. 0. 0. 0. 0. 0. 0. 0. 0. 0. 0. 0. 0. 0. 0. 0. 0. 0. 0. 0. 0.
    0. 0. 0. 0. 0. 0. 0. 0. 0. 0. 0. 0. 0. 0. 0. 0. 0. 0. 0. 0. 0. 0. 0.
    0. 0. 0. 0. 0. 0. 0. 0. 0. 0. 0. 0. 0. 0. 0. 0. 0. 0. 0. 0. 0. 0. 0.
    0. 0. 0. 0. 0. 0. 0. 0. 0. 0. 0. 0. 0. 0. 0. 0. 0. 0. 0. 0. 0. 0. 0.
    0. 0. 0. 0. 0. 0. 0. 0. 0. 0. 0. 0. 0. 0. 0. 0. 0. 0. 0. 0. 0. 0. 0.
    0. 0. 0. 0. 0. 0. 2. 2. 2. 2. 2. 2. 2. 2. 1.96399999e+00
    1.91100001e+00 1.86399996e+00 1.86399996e+00 1.86399996e+00
    1.86399996e+00 1.86399996e+00 1.86399996e+00 1.91600001e+00
    1.96899998e+00 2. 2. 2. 2.04600000e+00 2.10100007e+00 2.14100003e+00
    2.14100003e+00 0. 0. 0. 0. 0. 0. 0. 0. 0. 0. 0. 0. 0. 0. 0.
    1.99000001e+00 1.99500000e+00 1.99899995e+00 2. 2. 2. 2. 2.
    1.96399999e+00 1.91100001e+00 1.86399996e+00 1.86399996e+00
    1.86399996e+00 1.86399996e+00 1.86399996e+00 1.86399996e+00
    1.91600001e+00 1.96899998e+00 2. 2. 2. 2.04200006e+00 2.09299994e+00
    2.12899995e+00 2.12899995e+00 0. 0. 0. 0. 0. 0. 0. 0. 0. 0. 0. 0. 0.
    0. 1.07700002e+00 1.94500005e+00 1.97099996e+00 1.99600005e+00 2. 2.
    2. 2. 2. 1.96399999e+00 1.91100001e+00 1.86399996e+00 1.86399996e+00
    1.86399996e+00 1.86399996e+00 1.86399996e+00 1.86399996e+00
    1.91600001e+00 1.96899998e+00 2. 2. 2. 2.02399993e+00 2.05299997e+00
    2.07399988e+00 2.07399988e+00 0. 0. 0. 0. 0. 0. 0. 0. 0. 0. 0. 0. 0.
    1.28999996e+00 1.65900004e+00 1.90100002e+00 1.94599998e+00
    1.99199998e+00 2. 2. 2. 2. 2. 1.96399999e+00 1.91100001e+00
    1.86399996e+00 1.86399996e+00 1.86399996e+00 1.86399996e+00
    1.86399996e+00 1.86399996e+00 1.91600001e+00 1.96899998e+00 2. 2. 2.
    2.00600004e+00 2.01399994e+00 2.01900005e+00 2.01900005e+00 0. 0.
    1.86399996e+00 1.86399996e+00 1.86399996e+00 1.86399996e+00
    1.86399996e+00 1.86399996e+00 1.86399996e+00 1.86399996e+00
    1.86399996e+00 1.86399996e+00 1.86399996e+00 1.86399996e+00
    1.86399996e+00 1.88499999e+00 1.93799996e+00 1.99100006e+00 2. 2. 2.
    2. 2. 1.97300005e+00 1.93299997e+00 1.89800000e+00 1.89800000e+00
    1.89800000e+00 1.89800000e+00 1.89800000e+00 1.89800000e+00
    1.93700004e+00 1.97700000e+00 2. 2. 2. 2. 2. 2. 2. 0. 1.16900003e+00
    1.86399996e+00 1.86399996e+00 1.86399996e+00 1.86399996e+00
    1.86399996e+00 1.86399996e+00 1.86399996e+00 1.86399996e+00
    1.86399996e+00 1.86399996e+00 1.86399996e+00 1.86399996e+00
    1.86399996e+00 1.88499999e+00 1.93799996e+00 1.99100006e+00 2. 2. 2.
    2. 2. 1.98699999e+00 1.96800005e+00 1.95099998e+00 1.95099998e+00
    1.95099998e+00 1.95099998e+00 1.95099998e+00 1.95099998e+00
    1.97000003e+00 1.98899996e+00 2. 2. 2. 2. 2. 2. 2. 1.95899999e+00
    1.90699995e+00 1.86800003e+00 1.86600006e+00 1.86500001e+00
    1.86399996e+00 1.86399996e+00 1.86399996e+00 1.86399996e+00
    1.86399996e+00 1.86399996e+00 1.86399996e+00 1.86399996e+00
    1.86399996e+00 1.86399996e+00 1.88499999e+00 1.93799996e+00
    1.99100006e+00 2. 2. 2. 2. 2. 2. 2. 2. 2. 2. 2. 2. 2. 2. 2. 2. 2. 2.
    2. 2. 2. 2. 1.97500002e+00 1.94500005e+00 1.91600001e+00
    1.89400005e+00 1.87100005e+00 1.86399996e+00 1.86399996e+00
    1.86399996e+00 1.86399996e+00 1.86399996e+00 1.86399996e+00
    1.86399996e+00 1.86399996e+00 1.86399996e+00 1.86399996e+00
    1.88499999e+00 1.93799996e+00 1.99100006e+00 2. 2. 2. 2. 2. 2. 2. 2.
    2. 2. 2. 2. 2. 2. 2. 2. 2. 2. 2. 2. 2. 2. 1.99199998e+00
    1.98199999e+00 1.96399999e+00 1.92100000e+00 1.87800002e+00
    1.86399996e+00 1.86399996e+00 1.86399996e+00 1.86399996e+00
    1.86399996e+00 1.86399996e+00 1.86399996e+00 1.86399996e+00
    1.86399996e+00 1.86399996e+00 1.88499999e+00 1.93799996e+00
    1.99100006e+00 2. 2. 2. 2. 2. 2. 2. 2. 2. 2. 2. 2. 2. 2. 2. 2. 2. 2.
    2. 2. 2. 2. 2. 2. 1.98800004e+00 1.93499994e+00 1.88199997e+00
    1.86399996e+00 1.86399996e+00 1.86399996e+00 1.86399996e+00
    1.86399996e+00 1.86399996e+00 1.86399996e+00 1.86399996e+00
    1.86399996e+00 1.86399996e+00 1.88100004e+00 1.92299998e+00
    1.96599996e+00 1.97300005e+00 1.97300005e+00 1.97300005e+00
    1.97300005e+00 1.97300005e+00 1.97300005e+00 1.97300005e+00
    1.97399998e+00 1.98500001e+00 1.99500000e+00 2. 2. 2. 2. 2. 2. 2. 2.
    2. 2. 2. 2. 2. 2. 1.98800004e+00 1.93499994e+00 1.88199997e+00
    1.86399996e+00 1.86399996e+00 1.86399996e+00 1.86399996e+00
    1.86399996e+00 1.86399996e+00 1.86399996e+00 1.86399996e+00
    1.86399996e+00 1.86399996e+00 1.87300003e+00 1.89400005e+00
    1.91600001e+00 1.91999996e+00 1.91999996e+00 1.91999996e+00
    1.91999996e+00 1.91999996e+00 1.91999996e+00 1.91999996e+00
    1.92400002e+00 1.95500004e+00 1.98599994e+00 2. 2. 2. 2. 2. 2. 2. 2.
    2. 2. 2. 2. 2. 2. 1.98800004e+00 1.93499994e+00 1.88199997e+00
    1.86399996e+00 1.86399996e+00 1.86399996e+00 1.86399996e+00
    1.86399996e+00 1.86399996e+00 1.86399996e+00 1.86399996e+00
    1.86399996e+00 1.86399996e+00 1.86399996e+00 1.86600006e+00
    1.86699998e+00 1.86699998e+00 1.86699998e+00 1.86699998e+00
    1.86699998e+00 1.86699998e+00 1.86699998e+00 1.86699998e+00
    1.87300003e+00 1.92499995e+00 1.97700000e+00 2. 2. 2. 2. 2. 2. 2. 2.
    2. 2. 2. 2. 2. 2. 1.98800004e+00 1.93499994e+00 1.88199997e+00
    1.86399996e+00 1.86399996e+00 1.86399996e+00 1.86399996e+00
    1.86399996e+00 1.86399996e+00 1.86399996e+00 1.86399996e+00
    1.86399996e+00 1.86399996e+00 1.86399996e+00 1.86399996e+00
    1.86399996e+00 1.86399996e+00 1.86399996e+00 1.86399996e+00
    1.86399996e+00 1.86399996e+00 1.86399996e+00 1.86399996e+00
    1.87000000e+00 1.92299998e+00 1.97599995e+00 2. 2. 2. 2. 2. 2. 2. 2.
    2. 2. 2. 2. 0. 0. 0. 0. 0. 0. 0. 0. 0. 0. 0. 0. 0. 0. 0. 0. 0. 0. 0.
    0. 0. 0. 0. 0. 0. 0. 0. 0. 0. 0. 0. 0. 0. 0. 0. 0. 0. 0. 0. 0. 0. 0.
    0. 0. 0. 0. 0. 0. 0. 0. 0. 0. 0. 0. 0. 0. 0. 0. 0. 0. 0. 0. 0. 0. 0.
    0. 0. 0. 0. 0. 0. 0. 0. 0. 0. 0. 0. 0. 0. 0. 0. 0. 0. 0. 0. 0. 0. 0.
    0. 0. 0. 0. 0. 0. 0. 0. 0. 0. 0. 0. 0. 0. 0. 0. 0. 0. 0. 0. 0. 0. 0.
    0. 0. 0. 0. 0. 0. 0. 0. 0. 0. 0. 0. 0. 0. 0. 0. 0. 0. 0. 0. 0. 0. 0.
    0. 0. 0. 0. 0. 0. 0. 0. 0. 0. 0. 0. 0. 0. 0. 0. 0. 0. 0. 0. 0. 0. 0.
    0. 0. 0. 0. 0. 0. 0. 0. 0. 0. 0. 0. 0. 0. 0. 0. 0. 0. 0. 0. 0. 0. 0.
    0. 0. 0. 0. 0. 0. 0. 0. 0. 0. 0. 0. 0. 0. 0. 0. 0. 0. 0. 0. 0. 0. 0.
    0. 0. 0. 0. 0. 0. 0. 0. 0. 0. 0. 0. 0. 0. 0. 0. 0. 0. 0. 0. 0. 0. 0.
    0. 0. 0. 0. 0. 0. 0. 0. 0. 0. 0. 0. 0. 0. 0. 0. 0. 0. 0. 0. 0. 0. 0.
    0. 0. 0. 0. 0. 0. 0. 0. 0. 0. 0. 0. 0. 0. 0. 0. 0. 0. 0. 0. 0. 0. 0.
    0. 0. 0. 0. 0. 0. 0. 0. 0. 0. 0. 0. 0. 0. 0. 0. 0. 0. 0. 0. 0. 0. 0.
