<?xml version="1.0"?>
<opencv_storage>
<Depth type_id="opencv-matrix">
  <rows>40</rows>
  <cols>40</cols>
  <dt>f</dt>
  <data>
    0. 0. 0. 0. 0. 0. 0. 0. 0. 0. 0. 0. 0. 0. 0. 0. 0. 0. 0. 0. 0. 0. 0.
    0. 0. 0. 0. 0. 0. 0. 0. 0. 0. 0. 0. 0. 0. 0. 0. 0. 0. 0. 0. 0. 0. 0.
    0. 0. 0. 0. 0. 0. 0. 0. 0. 0. 0. 0. 0. 0. 0. 0. 0. 0. 0. 0. 0. 0. 0.
    0. 0. 0. 0. 0. 0. 0. 0. 0. 0. 0. 0. 0. 0. 0. 0. 0. 0. 0. 0. 0. 0. 0.
    0. 0. 0. 0. 0. 0. 0. 0. 0. 0. 0. 0. 0. 0. 0. 0. 0. 0. 0. 0. 0. 0. 0.
    0. 0. 0. 0. 0. 0. 0. 0. 0. 0. 0. 0. 0. 0. 0. 0. 0. 0. 0. 0. 0. 0. 0.
    0. 0. 0. 0. 0. 0. 0. 0. 0. 0. 0. 0. 0. 0. 0. 0. 0. 0. 0. 0. 0. 0. 0.
    0. 0. 0. 0. 0. 0. 0. 0. 0. 2.08599997e+00 2.62299991e+00 0. 0.
    2.06699991e+00 2.05999994e+00 2.06299996e+00 2.07399988e+00 0. 0. 0.
    0. 2.05699992e+00 2.04200006e+00 2.02900004e+00 2.02600002e+00
    2.02800012e+00 0. 0. 0. 0. 0. 0. 0. 0. 0. 0. 0. 0. 0. 0. 0. 0. 0. 0.
    0. 0. 0. 0. 0. 2.07800007e+00 2.07800007e+00 2.06900001e+00
    2.06100011e+00 2.05900002e+00 2.05200005e+00 2.05200005e+00
    2.05299997e+00 2.02600002e+00 2.22600007e+00 2.22600007e+00
    2.02200007e+00 2.02699995e+00 2.01300001e+00 2.00999999e+00
    2.01600003e+00 2.01799989e+00 2.01799989e+00 2.00999999e+00
    2.04200006e+00 0. 0. 0. 0. 0. 0. 0. 0. 0. 0. 0. 0. 0. 0. 0. 0.
    2.54999995e+00 2.01699996e+00 2.01699996e+00 2.01699996e+00
    2.02699995e+00 2.03399992e+00 2.02500010e+00 2.02900004e+00
    2.02900004e+00 2.02900004e+00 2.03200006e+00 2.02099991e+00
    2.01699996e+00 2.01699996e+00 2.01699996e+00 2.01399994e+00
    2.00399995e+00 2.00699997e+00 2.00900006e+00 2.00900006e+00
    2.01500010e+00 2.00900006e+00 2. 2. 2. 0. 0. 0. 0. 0. 0. 0. 0. 0. 0.
    0. 0. 0. 0. 0. 2.01099992e+00 2.01600003e+00 2.01699996e+00
    2.01699996e+00 2.01699996e+00 2.00900006e+00 2.00900006e+00
    2.01200008e+00 2.00900006e+00 2.00900006e+00 2.01699996e+00
    2.01600003e+00 2.00799990e+00 2.00900006e+00 2.01600003e+00
    2.00900006e+00 2. 2.00500011e+00 2.00900006e+00 2.00900006e+00
    2.00900006e+00 2.00900006e+00 2. 2. 2. 0. 0. 0. 0. 0. 0. 0. 0. 0. 0.
    0. 0. 0. 0. 0. 2.02399993e+00 2.01799989e+00 2.01699996e+00
    2.01699996e+00 2.01699996e+00 2.00900006e+00 2.00900006e+00
    2.00900006e+00 2.00999999e+00 2.01500010e+00 2.01699996e+00
    2.00900006e+00 2.00099993e+00 2.00200009e+00 2.00900006e+00
    2.01500010e+00 2.00699997e+00 2.00799990e+00 2.00900006e+00
    2.00900006e+00 2.00600004e+00 2.00200009e+00 2. 2. 2. 0. 0. 0. 0. 0.
    0. 0. 0. 0. 0. 0. 0. 0. 0. 0. 2.02099991e+00 2.01699996e+00
    2.01699996e+00 2.01699996e+00 2.01699996e+00 2.01200008e+00
    2.01200008e+00 2.00900006e+00 2.00900006e+00 2.01300001e+00
    2.01600003e+00 2.00900006e+00 2. 2.00200009e+00 2.00900006e+00
    2.01699996e+00 2.00900006e+00 2.00900006e+00 2.00900006e+00
    2.00200009e+00 2. 2. 2. 1.99199998e+00 1.99199998e+00 0. 0. 0. 0. 0.
    0. 0. 0. 0. 0. 0. 0. 0. 0. 0. 2.01699996e+00 2.01699996e+00
    2.01699996e+00 2.01699996e+00 2.01699996e+00 2.01699996e+00
    2.01699996e+00 2.01600003e+00 2.00900006e+00 2.00900006e+00
    2.01399994e+00 2.00900006e+00 2. 2.00200009e+00 2.00900006e+00
    2.00999999e+00 2.00900006e+00 2.00900006e+00 2.00900006e+00
    2.00900006e+00 2. 2. 2. 1.99899995e+00 1.99899995e+00 0. 0. 0. 0. 0.
    0. 0. 0. 0. 0. 0. 0. 0. 0. 0. 2.02099991e+00 2.01699996e+00
    2.01699996e+00 2.01699996e+00 2.01699996e+00 2.01099992e+00
    2.00900006e+00 2.00900006e+00 2.00900006e+00 2.00900006e+00
    2.01699996e+00 2.01699996e+00 2.00900006e+00 2.00900006e+00
    2.00900006e+00 2.00900006e+00 2.00900006e+00 2.00900006e+00
    2.00900006e+00 2.00500011e+00 2. 2. 2. 2. 2. 0. 0. 0. 0. 0. 0. 0. 0.
    0. 0. 0. 0. 0. 0. 0. 2.02500010e+00 2.01799989e+00 2.01699996e+00
    2.01699996e+00 2.01699996e+00 2.00900006e+00 2.00900006e+00
    2.00900006e+00 2.00900006e+00 2.00999999e+00 2.01699996e+00
    2.01699996e+00 2.00799990e+00 2.00799990e+00 2.00900006e+00
    2.00900006e+00 2.00900006e+00 2.01399994e+00 2.00900006e+00
    2.00200009e+00 2. 2. 2. 2. 2. 0. 0. 0. 0. 0. 0. 0. 0. 0. 0. 0. 0. 0.
    0. 0. 2.02500010e+00 2.01799989e+00 2.01699996e+00 2.01699996e+00
    2.01300001e+00 2.00900006e+00 2.00900006e+00 2.00900006e+00
    2.00900006e+00 2.01500010e+00 2.01699996e+00 2.01699996e+00
    2.00399995e+00 2.00200009e+00 2.00900006e+00 2.00900006e+00
    2.00900006e+00 2.00999999e+00 2.00900006e+00 2.00200009e+00 2. 2. 2.
    2. 2. 0. 0. 0. 0. 0. 0. 0. 0. 0. 0. 0. 0. 0. 0. 0. 2.02500010e+00
    2.01799989e+00 2.01699996e+00 2.01600003e+00 2.00900006e+00
    2.00399995e+00 2. 2. 2.00600004e+00 2.00900006e+00 2.00900006e+00
    2.01399994e+00 2.00900006e+00 2.00900006e+00 2.00900006e+00 2.
    2.00900006e+00 2.00900006e+00 2.00900006e+00 2.00399995e+00
    2.00300002e+00 2.00300002e+00 2. 2. 2. 2.91799998e+00 0. 0. 0. 0. 0.
    0. 0. 0. 0. 0. 0. 0. 0. 0. 2.02500010e+00 2.01799989e+00
    2.01699996e+00 2.00900006e+00 2.00300002e+00 2. 2.00799990e+00
    2.00399995e+00 2. 2. 2.00300002e+00 2.00900006e+00 2.00900006e+00
    2.00900006e+00 2.00900006e+00 2. 2.00900006e+00 2.00900006e+00 2.
    2.00699997e+00 2.00900006e+00 2.00900006e+00 2. 1.99800003e+00
    1.99199998e+00 2.03900003e+00 0. 0. 0. 0. 0. 0. 0. 0. 0. 0. 0. 0. 0.
    0. 2.02200007e+00 2.01699996e+00 2.01699996e+00 2.00900006e+00
    2.00200009e+00 2. 2. 2.00399995e+00 2. 2. 2.00300002e+00
    2.00900006e+00 2.00900006e+00 2.00900006e+00 2.00900006e+00
    2.00900006e+00 2.00900006e+00 2.00399995e+00 2. 2.00300002e+00 2. 2.
    2. 1.99800003e+00 1.99199998e+00 2. 0. 0. 0. 0. 0. 0. 0. 0. 0. 0. 0.
    0. 0. 0. 2.00900006e+00 2.00900006e+00 2.00900006e+00 2.00900006e+00
    2.00200009e+00 2. 2.00699997e+00 2.00900006e+00 2. 2. 2.00300002e+00
    2.00900006e+00 2. 2.00200009e+00 2.00900006e+00 2.00799990e+00 2. 2.
    2. 2. 2. 2. 2. 2. 2. 2. 0. 0. 0. 0. 0. 0. 0. 0. 0. 0. 0. 0. 0. 0.
    2.00900006e+00 2.00900006e+00 2.00900006e+00 2.00900006e+00
    2.00799990e+00 2. 2. 2.00200009e+00 2. 2. 2.00300002e+00
    2.00900006e+00 2.00300002e+00 2.00200009e+00 2.00399995e+00
    2.00099993e+00 2. 2. 2. 2. 2. 2. 2. 2. 2. 2.00699997e+00 0. 0. 0. 0.
    0. 0. 0. 0. 0. 0. 0. 0. 0. 0. 0. 2.00900006e+00 2.00900006e+00
    2.00900006e+00 2.00900006e+00 2.00200009e+00 2. 2. 2. 2.
    2.00200009e+00 2.00600004e+00 2.00200009e+00 2.00200009e+00
    2.00200009e+00 2. 2. 2. 2. 2. 2. 2. 2. 2. 1.99800003e+00
    1.99699998e+00 0. 0. 0. 0. 0. 0. 0. 0. 0. 0. 0. 0. 0. 0. 0.
    2.00999999e+00 2.00900006e+00 2.00900006e+00 2.00900006e+00
    2.00900006e+00 2.00099993e+00 2. 2.00900006e+00 2.00200009e+00 2. 2.
    2. 2. 2. 2. 2. 2. 2. 2. 2. 2. 2. 1.99199998e+00 1.99199998e+00
    1.99199998e+00 0. 0. 0. 0. 0. 0. 0. 0. 0. 0. 0. 0. 0. 0. 0.
    2.00099993e+00 2.00500011e+00 2.00900006e+00 2.00900006e+00
    2.00900006e+00 2.00900006e+00 2.01099992e+00 2.00900006e+00
    2.00900006e+00 2.00399995e+00 2.00900006e+00 2. 2. 2. 1.99500000e+00
    2. 2. 2. 2. 2. 2. 1.99500000e+00 1.99199998e+00 1.99199998e+00
    2.53399992e+00 0. 0. 0. 0. 0. 0. 0. 0. 0. 0. 0. 0. 0. 0.
    2.34699988e+00 2.01099992e+00 2.00999999e+00 2.00900006e+00
    2.00900006e+00 2.00900006e+00 2.00900006e+00 2.00900006e+00
    2.00799990e+00 2. 2. 2.00699997e+00 2.00699997e+00 2.00699997e+00 2.
    1.99399996e+00 2. 2. 2. 2. 2. 2. 1.99300003e+00 1.99199998e+00
    1.99100006e+00 2.73399997e+00 0. 0. 0. 0. 0. 0. 0. 0. 0. 0. 0. 0. 0.
    0. 0. 2.01699996e+00 2.00999999e+00 2.00900006e+00 2.00900006e+00
    2.00900006e+00 2.00900006e+00 2.00900006e+00 2.00799990e+00 2.
    1.99399996e+00 1.99399996e+00 1.99399996e+00 2.00200009e+00 2. 2.
    1.99399996e+00 1.99399996e+00 1.99399996e+00 1.99899995e+00 2. 2.
    1.99500000e+00 1.99199998e+00 1.98500001e+00 1.98399997e+00 0. 0. 0.
    0. 0. 0. 0. 0. 0. 0. 0. 0. 0. 0. 2.04099989e+00 2.01200008e+00 2.
    2.00900006e+00 2.00900006e+00 2.00900006e+00 2.00900006e+00 2. 2. 2.
    1.99199998e+00 1.99199998e+00 1.99199998e+00 1.99300003e+00 2. 2.
    1.99199998e+00 1.99199998e+00 1.99199998e+00 1.99199998e+00
