<?xml version="1.0"?>
<opencv_storage>
<Depth type_id="opencv-matrix">
  <rows>40</rows>
  <cols>40</cols>
  <dt>f</dt>
  <data>
    0. 0. 0. 0. 0. 0. 0. 0. 0. 0. 0. 0. 0. 0. 0. 0. 0. 0. 0. 0. 0. 0. 0.
    0. 0. 0. 0. 0. 0. 0. 0. 0. 0. 0. 0. 0. 0. 0. 0. 0. 0. 0. 0. 0. 0. 0.
    0. 0. 0. 0. 0. 0. 0. 0. 0. 0. 0. 0. 0. 0. 0. 0. 0. 0. 0. 0. 0. 0. 0.
    0. 0. 0. 0. 0. 0. 0. 0. 0. 0. 0. 0. 0. 0. 0. 0. 0. 0. 0. 0. 0. 0. 0.
    0. 0. 0. 0. 0. 0. 0. 0. 0. 0. 0. 0. 0. 0. 0. 0. 0. 0. 0. 0. 0. 0. 0.
    0. 0. 0. 0. 0. 0. 0. 0. 0. 0. 0. 0. 0. 0. 0. 0. 0. 0. 0. 0. 0. 0. 0.
    2.98200011e+00 2.98200011e+00 2.94700003e+00 2.88700008e+00
    2.85700011e+00 2.85700011e+00 2.85700011e+00 2.85700011e+00
    2.87400007e+00 2.93400002e+00 2.99300003e+00 0. 0. 0. 0. 0. 0. 0. 0.
    0. 0. 2.98200011e+00 0. 0. 0. 0. 0. 0. 0. 0. 0. 0. 0. 0. 0. 0. 0. 0.
    0. 0. 2.98200011e+00 2.98200011e+00 2.94700003e+00 2.88700008e+00
    2.85700011e+00 2.85700011e+00 2.85700011e+00 2.85700011e+00
    2.87400007e+00 2.93400002e+00 2.99099994e+00 0. 0. 0. 0. 0. 0. 0. 0.
    0. 2.99799991e+00 2.98200011e+00 0. 0. 0. 0. 0. 0. 0. 0. 0. 0. 0. 0.
    0. 0. 0. 0. 0. 0. 2.98200011e+00 2.98200011e+00 2.94700003e+00
    2.88700008e+00 2.85700011e+00 2.85700011e+00 2.85700011e+00
    2.85700011e+00 2.87400007e+00 2.93400002e+00 2.98600006e+00 0. 0. 0.
    0. 0. 0. 0. 0. 0. 2.98799992e+00 2.98200011e+00 0. 0. 0. 0. 0. 0. 0.
    0. 0. 0. 0. 0. 0. 0. 0. 0. 0. 0. 2.99600005e+00 2.98600006e+00
    2.95199990e+00 2.90300012e+00 2.87800002e+00 2.87800002e+00
    2.87800002e+00 2.87800002e+00 2.89199996e+00 2.94099998e+00
    2.98200011e+00 2.98200011e+00 2.98200011e+00 2.98200011e+00
    2.98200011e+00 2.98200011e+00 2.98200011e+00 2.98200011e+00
    2.98200011e+00 2.97399998e+00 2.96499991e+00 2.96099997e+00
    2.45499992e+00 2.44199991e+00 2.44199991e+00 2.42000008e+00
    2.36899996e+00 2.33500004e+00 2.33500004e+00 2.42700005e+00
    2.86199999e+00 0. 0. 0. 0. 0. 0. 0. 0. 0. 0. 2.99799991e+00
    2.96900010e+00 2.94799995e+00 2.93700004e+00 2.93700004e+00
    2.93700004e+00 2.93700004e+00 2.94300008e+00 2.96499991e+00
    2.98200011e+00 2.98200011e+00 2.98200011e+00 2.98200011e+00
    2.98200011e+00 2.98200011e+00 2.98200011e+00 2.98200011e+00
    2.98200011e+00 2.95300007e+00 2.91499996e+00 2.90199995e+00
    1.92900002e+00 1.90799999e+00 1.90799999e+00 1.88999999e+00
    1.84899998e+00 1.82000005e+00 1.82000005e+00 1.95099998e+00
    2.56200004e+00 0. 0. 0. 0. 0. 0. 0. 0. 0. 0. 0. 2.99300003e+00
    2.98600006e+00 2.98200011e+00 2.98200011e+00 2.98499990e+00
    2.99200010e+00 2.99699998e+00 2.99699998e+00 2.99600005e+00
    2.98900008e+00 2.98200011e+00 2.98200011e+00 2.98200011e+00
    2.98200011e+00 2.98200011e+00 2.97600007e+00 2.96900010e+00
    2.92700005e+00 2.87400007e+00 2.85700011e+00 1.92900002e+00
    1.90799999e+00 1.90799999e+00 1.88999999e+00 1.84899998e+00
    1.82000005e+00 1.82000005e+00 1.88999999e+00 2.21900010e+00
    2.51399994e+00 2.54099989e+00 2.57100010e+00 2.93499994e+00 0. 0. 0.
    0. 0. 0. 0. 0. 0. 2.98200011e+00 2.98200011e+00 2.99600005e+00 0. 0.
    0. 0. 0. 2.98200011e+00 2.98200011e+00 2.98200011e+00 2.98200011e+00
    2.98200011e+00 2.95099998e+00 2.91599989e+00 2.88899994e+00
    2.86500001e+00 2.85700011e+00 1.93400002e+00 1.91400003e+00
    1.91400003e+00 1.89800000e+00 1.85899997e+00 1.83200002e+00
    1.83200002e+00 1.84899998e+00 1.92900002e+00 2. 2. 2.00500011e+00
    2.62199998e+00 0. 0. 0. 0. 0. 0. 0. 0. 0. 2.99099994e+00
    2.99099994e+00 0. 0. 0. 0. 0. 0. 2.99000001e+00 2.98600006e+00
    2.98200011e+00 2.98200011e+00 2.98200011e+00 2.93000007e+00
    2.86999989e+00 2.85700011e+00 2.85700011e+00 2.85700011e+00
    1.96700001e+00 1.95799994e+00 1.95799994e+00 1.95000005e+00
    1.93099999e+00 1.91799998e+00 1.91799998e+00 1.92600000e+00
    1.96500003e+00 2. 2. 2.00200009e+00 2.30500007e+00 2.60800004e+00
    2.63700008e+00 2.63700008e+00 2.86999989e+00 0. 0. 0. 0. 0. 0. 0. 0.
    0. 0. 0. 0. 0. 0. 0. 2.98300004e+00 2.98200011e+00 2.98200011e+00
    2.93000007e+00 2.86999989e+00 2.85700011e+00 2.85700011e+00
    2.85700011e+00 2. 2. 2. 2. 2.00099993e+00 2.00200009e+00
    2.00200009e+00 2.00099993e+00 2.00099993e+00 2. 2. 2. 2. 2. 2. 2.
    2.46799994e+00 0. 0. 0. 0. 0. 0. 0. 0. 0. 0. 0. 0. 0. 0. 0.
    2.98099995e+00 2.98000002e+00 2.98000002e+00 2.93000007e+00
    2.87199998e+00 2.85800004e+00 2.85700011e+00 2.85700011e+00 2. 2. 2.
    2.00900006e+00 2.03099990e+00 2.04600000e+00 2.04600000e+00
    2.04200006e+00 2.01999998e+00 2. 2. 2. 2. 2. 2. 2. 2.24099994e+00
    2.54299998e+00 2.60999990e+00 2.57699990e+00 2.56399989e+00
    2.56399989e+00 2.57500005e+00 2.59699988e+00 2.72900009e+00 0. 0. 0.
    0. 0. 2.98399997e+00 2.95300007e+00 2.92100000e+00 2.92000008e+00
    2.92000008e+00 2.92000008e+00 2.91899991e+00 2.89599991e+00
    2.86700010e+00 2.85700011e+00 2. 2. 2. 2.01799989e+00 2.06100011e+00
    2.09100008e+00 2.09100008e+00 2.08200002e+00 2.03900003e+00 2. 2. 2.
    2. 2. 2. 2. 2.01500010e+00 2.03399992e+00 2.03800011e+00
    2.03600001e+00 2.03500009e+00 2.03500009e+00 2.05599999e+00
    2.09999990e+00 2.33400011e+00 2.86800003e+00 0. 0. 0. 2.97300005e+00
    2.86500001e+00 2.86299992e+00 2.86100006e+00 2.86100006e+00
    2.86100006e+00 2.91000009e+00 2.96499991e+00 2.93400002e+00
    2.87599993e+00 2.85700011e+00 2. 2. 2. 2.01900005e+00 2.06299996e+00
    2.09400010e+00 2.09400010e+00 2.08899999e+00 2.06399989e+00
    2.03999996e+00 2.01999998e+00 2. 2. 2. 2. 2. 2. 2. 2. 2. 2. 2.
    2.01200008e+00 2.03699994e+00 2.17100000e+00 2.47700000e+00
    2.69000006e+00 2.67400002e+00 2.64800000e+00 2.57999992e+00
    2.53099990e+00 2.69199991e+00 2.85400009e+00 2.85700011e+00
    2.85700011e+00 2.88599992e+00 2.91899991e+00 2.90100002e+00
    2.86800003e+00 2.87500000e+00 2. 2. 2. 2.01900005e+00 2.06299996e+00
    2.09400010e+00 2.09400010e+00 2.09299994e+00 2.08999991e+00
    2.08200002e+00 2.04099989e+00 2. 2. 2. 2. 2. 2. 2. 2. 2. 2. 2.
    2.00200009e+00 2.00500011e+00 2.02500010e+00 2.06900001e+00
    2.11100006e+00 2.14700007e+00 2.17400002e+00 2.16400003e+00
    2.18300009e+00 2.51600003e+00 2.84999990e+00 2.85700011e+00
    2.85700011e+00 2.86100006e+00 2.86599994e+00 2.86299992e+00
    2.85899997e+00 2.89400005e+00 2.02900004e+00 2.04699993e+00
    2.06500006e+00 2.07900000e+00 2.08800006e+00 2.08800006e+00
    2.07100010e+00 2.05699992e+00 2.05699992e+00 2.05399990e+00
    2.02699995e+00 2. 2. 2. 2. 2. 2. 2. 2. 2. 2. 2. 2. 2. 2. 2.
    2.00799990e+00 2.03500009e+00 2.05399990e+00 2.03600001e+00
    2.03800011e+00 2.25799990e+00 2.47700000e+00 2.48200011e+00
    2.48200011e+00 2.48200011e+00 2.48200011e+00 2.61999989e+00
    2.79800010e+00 2.89700007e+00 2.06299996e+00 2.10299993e+00
    2.14400005e+00 2.15300012e+00 2.11800003e+00 2.08200002e+00
    2.04299998e+00 2.01200008e+00 2.01200008e+00 2.01200008e+00
    2.00600004e+00 2. 2. 2. 2. 2. 2. 2. 2. 2. 2. 2. 2. 2. 2. 2.
    2.00200009e+00 2.00699997e+00 2.00500011e+00 1.96700001e+00
    1.93599999e+00 1.98300004e+00 2.02999997e+00 2.03099990e+00
    2.03099990e+00 2.03099990e+00 2.03099990e+00 2.33400011e+00
    2.72700000e+00 2.89700007e+00 0. 0. 1.61699998e+00 2.17199993e+00
    2.12599993e+00 2.07999992e+00 2.03500009e+00 2. 2. 2. 2. 2. 2. 2. 2.
    2. 2. 2. 2. 2. 2. 2. 2. 2. 2. 2. 2. 2. 1.99199998e+00 1.94799995e+00
    1.90799999e+00 1.90799999e+00 1.90799999e+00 1.90799999e+00
    1.90799999e+00 1.90799999e+00 1.90799999e+00 2.14800000e+00
    2.45799994e+00 2.58599997e+00 0. 0. 0. 2.17199993e+00 2.12599993e+00
    2.07999992e+00 2.03500009e+00 2. 2. 2. 2. 2. 2. 2. 2. 2. 2. 2. 2. 2.
    2. 2. 2. 2. 2. 2. 2. 2. 1.99199998e+00 1.94799995e+00 1.90799999e+00
    1.90799999e+00 1.90799999e+00 1.90799999e+00 1.90799999e+00
    1.90799999e+00 1.90799999e+00 1.99800003e+00 2.11400008e+00
    2.16000009e+00 0. 0. 0. 0. 1.56200004e+00 2.07999992e+00
    2.03500009e+00 1.99699998e+00 1.98399997e+00 1.97300005e+00
    1.97300005e+00 1.97300005e+00 1.98599994e+00 1.99899995e+00 2. 2. 2.
