<?xml version="1.0"?>
<opencv_storage>
<Depth type_id="opencv-matrix">
  <rows>40</rows>
  <cols>40</cols>
  <dt>f</dt>
  <data>
    0. 0. 0. 0. 0. 0. 0. 0. 0. 0. 0. 0. 0. 0. 0. 0. 0. 0. 0. 0. 0. 0. 0.
    0. 0. 0. 0. 0. 0. 0. 0. 0. 0. 0. 0. 0. 0. 0. 0. 0. 0. 0. 0. 0. 0. 0.
    0. 0. 0. 0. 0. 0. 0. 0. 0. 0. 0. 0. 0. 0. 0. 0. 0. 0. 0. 0. 0. 0. 0.
    0. 0. 0. 0. 0. 0. 0. 0. 0. 0. 0. 0. 0. 0. 0. 0. 0. 0. 0. 0. 0. 0. 0.
    0. 0. 0. 0. 0. 0. 0. 0. 0. 0. 0. 0. 0. 0. 0. 0. 0. 0. 0. 0. 0. 0. 0.
    0. 0. 0. 0. 0. 0. 0. 0. 0. 0. 0. 0. 0. 0. 0. 0. 0. 0. 0. 0. 0. 0. 0.
    0. 0. 0. 0. 0. 0. 0. 0. 0. 0. 0. 0. 0. 0. 0. 0. 0. 0. 0. 0. 0. 0. 0.
    0. 0. 0. 0. 0. 0. 0. 0. 0. 0. 0. 0. 0. 0. 0. 0. 0. 0. 0. 0. 0. 0. 0.
    0. 0. 0. 0. 0. 0. 0. 0. 0. 0. 0. 0. 0. 0. 0. 0. 0. 0. 0. 0. 0. 0. 0.
    0. 0. 0. 0. 0. 0. 0. 0. 0. 0. 0. 0. 0. 0. 0. 0. 0. 0. 0. 0. 0. 0. 0.
    0. 0. 0. 0. 0. 0. 0. 0. 0. 0. 0. 0. 0. 0. 0. 0. 0. 0. 0. 0. 0. 0. 0.
    0. 0. 0. 0. 0. 0. 0. 0. 0. 0. 0. 0. 0. 0. 0. 0. 0. 0. 0. 0. 0. 0. 0.
    0. 0. 0. 0. 0. 0. 0. 0. 0. 0. 0. 0. 0. 0. 0. 0. 0. 0. 0. 0. 0. 0. 0.
    0. 0. 0. 0. 0. 0. 0. 0. 0. 0. 0. 0. 0. 0. 0. 0. 0. 0. 0. 0. 0. 0. 0.
    0. 0. 0. 0. 0. 0. 0. 0. 0. 0. 0. 0. 0. 0. 0. 0. 0. 0. 0. 0. 0. 0. 0.
    0. 0. 0. 0. 0. 0. 0. 0. 0. 0. 0. 0. 0. 0. 0. 0. 0. 0. 0. 0. 0. 0. 0.
    0. 0. 0. 0. 0. 0. 0. 0. 0. 0. 0. 0. 0. 0. 0. 0. 0. 0. 0. 0. 0. 0. 0.
    0. 0. 0. 0. 0. 0. 0. 0. 0. 0. 0. 0. 0. 0. 0. 0. 0. 0. 0. 0. 0. 0. 0.
    0. 0. 0. 0. 0. 0. 0. 0. 0. 0. 0. 0. 0. 0. 0. 0. 0. 0. 0. 0. 0. 0. 0.
    0. 0. 0. 0. 0. 0. 0. 0. 0. 0. 0. 0. 0. 0. 0. 0. 0. 0. 0. 0. 0. 0. 0.
    0. 0. 0. 0. 0. 0. 0. 0. 0. 0. 0. 0. 0. 0. 0. 0. 0. 0. 0. 0.
    2.05200005e+00 2.03699994e+00 2.04399991e+00 2.03900003e+00
    2.01799989e+00 2.01699996e+00 2.01799989e+00 2.00399995e+00 2. 2. 2.
    2. 2. 2. 1.99899995e+00 1.99899995e+00 1.99899995e+00 1.99899995e+00
    2. 2. 2. 2. 2. 2. 2. 2. 2. 2. 1.99199998e+00 1.98199999e+00
    1.99199998e+00 2. 2. 2. 2. 2. 2.01799989e+00 2.01799989e+00
    2.01799989e+00 2.01799989e+00 2.05200005e+00 2.03600001e+00
    2.03299999e+00 2.02500010e+00 2.00799990e+00 2. 2.01099992e+00
    2.00399995e+00 2. 2. 2. 2. 2. 1.99600005e+00 1.98199999e+00
    1.97500002e+00 1.96500003e+00 1.98399997e+00 2. 1.99800003e+00
    1.99800003e+00 2. 2. 2.00200009e+00 2.00200009e+00 2.00200009e+00 2.
    2. 1.99300003e+00 1.98399997e+00 1.99300003e+00 2. 2. 2. 2.
    2.00200009e+00 2.01799989e+00 2.01799989e+00 2.01799989e+00
    2.01799989e+00 2.04500008e+00 2.02099991e+00 2. 2. 2. 2. 2. 2. 2. 2.
    2. 2. 2. 1.99600005e+00 1.98199999e+00 1.97700000e+00 1.96800005e+00
    1.98599994e+00 2. 1.98699999e+00 1.98199999e+00 1.99800003e+00 2.
    2.01799989e+00 2.01799989e+00 2.01500010e+00 2. 2. 2. 2.00200009e+00
    2.00399995e+00 2.00399995e+00 2.00399995e+00 2.00099993e+00 2.
    2.01799989e+00 2.01799989e+00 2.01799989e+00 2.01799989e+00
    2.01799989e+00 2.01399994e+00 2. 2. 2. 2. 2. 2.00300002e+00
    2.00099993e+00 2. 2. 2. 2. 2. 1.99600005e+00 1.98199999e+00
    1.98199999e+00 1.98199999e+00 1.98899996e+00 1.99500000e+00
    1.98599994e+00 1.98199999e+00 1.99800003e+00 2. 2.01799989e+00
    2.01799989e+00 2.01600003e+00 2.00500011e+00 2.00500011e+00
    2.00500011e+00 2.01099992e+00 2.01799989e+00 2.01799989e+00
    2.01799989e+00 2.00699997e+00 2.00500011e+00 2.01799989e+00
    2.01799989e+00 2.01799989e+00 2.01799989e+00 2.01799989e+00
    2.01399994e+00 2. 2. 2. 2. 2. 2.01200008e+00 2.00399995e+00 2. 2. 2.
    2. 2. 1.99699998e+00 1.98599994e+00 1.98199999e+00 1.98199999e+00
    1.98199999e+00 1.98199999e+00 1.98199999e+00 1.98199999e+00
    1.99800003e+00 2.00600004e+00 2.01799989e+00 2.01799989e+00
    2.01799989e+00 2.01799989e+00 2.01799989e+00 2.01799989e+00
    2.01799989e+00 2.01799989e+00 2.01799989e+00 2.01799989e+00
    2.01799989e+00 2.01799989e+00 2.01200008e+00 2.01200008e+00
    2.01799989e+00 2.01799989e+00 2.01799989e+00 2.01600003e+00
    2.00600004e+00 2. 2. 2. 2. 2.01200008e+00 2.00399995e+00 2. 2. 2. 2.
    2. 2. 1.99699998e+00 1.99000001e+00 1.99000001e+00 1.99000001e+00
    1.99000001e+00 1.99000001e+00 1.99000001e+00 2.00500011e+00
    2.01699996e+00 2.01799989e+00 2.01799989e+00 2.01799989e+00
    2.01799989e+00 2.01799989e+00 2.01799989e+00 2.01799989e+00
    2.01799989e+00 2.01799989e+00 2.01799989e+00 2.01799989e+00
    2.01799989e+00 2. 2.00099993e+00 2.01799989e+00 2.01799989e+00
    2.01799989e+00 2.01799989e+00 2.01300001e+00 2. 2. 2. 2.
    2.00600004e+00 2.00200009e+00 2. 2. 2. 2. 2. 2. 2. 2. 2. 2. 2. 2. 2.
    2.01600003e+00 2.01799989e+00 2.01799989e+00 2.01799989e+00
    2.01799989e+00 2.01799989e+00 2.01500010e+00 2.00900006e+00
    2.01300001e+00 2.01799989e+00 2.01799989e+00 2.01799989e+00
    2.01799989e+00 2.01799989e+00 2.00999999e+00 2.00999999e+00
    2.01799989e+00 2.01799989e+00 2.01799989e+00 2.01799989e+00
    2.01600003e+00 2.01099992e+00 2.01099992e+00 2.00500011e+00 2. 2. 2.
    2. 2. 2. 2. 2. 2. 2. 2. 2. 2. 2. 2. 2. 2.01600003e+00 2.01799989e+00
    2.01799989e+00 2.01799989e+00 2.01600003e+00 2.00699997e+00
    2.00500011e+00 2. 2.00900006e+00 2.01799989e+00 2.01799989e+00
    2.01799989e+00 2.01799989e+00 2.01799989e+00 2.01799989e+00
    2.01799989e+00 2.01799989e+00 2.01799989e+00 2.01500010e+00
    2.01799989e+00 2.01799989e+00 2.01799989e+00 2.01799989e+00
    2.00900006e+00 2. 2. 2. 2. 2. 2. 2. 2. 2. 2. 2. 2. 2.00699997e+00
    2.00500011e+00 2. 2. 2.00500011e+00 2.00600004e+00 2.01799989e+00
    2.01799989e+00 2.01500010e+00 2. 2.00399995e+00 2.01200008e+00
    2.01500010e+00 2.01799989e+00 2.01799989e+00 2.01799989e+00
    2.01799989e+00 2.01799989e+00 2.01799989e+00 2.01799989e+00
    2.01799989e+00 2.01799989e+00 2.01300001e+00 2.01799989e+00
    2.01799989e+00 2.01799989e+00 2.01799989e+00 2.00900006e+00 2. 2. 2.
    2. 2. 1.98699999e+00 1.98699999e+00 2. 2. 2. 2. 2. 2.00999999e+00
    2.00699997e+00 2. 2. 2. 2. 2.01799989e+00 2.00399995e+00
    2.00399995e+00 2. 2.00600004e+00 2.01799989e+00 2.01799989e+00
    2.01799989e+00 2.01799989e+00 2.01799989e+00 2.01799989e+00
    2.01799989e+00 2.01799989e+00 2.01799989e+00 2.01799989e+00
    2.01799989e+00 2.01699996e+00 2.03099990e+00 2.01799989e+00
    2.01799989e+00 2.01799989e+00 2.01600003e+00 2.00600004e+00 2. 2. 2.
    2. 1.98199999e+00 1.98300004e+00 2. 2. 2. 2. 2. 2.00999999e+00
    2.00699997e+00 2. 2.01200008e+00 2.00200009e+00 2. 2.01799989e+00 2.
    2.00300002e+00 2.01500010e+00 2.01600003e+00 2.01799989e+00
    2.01799989e+00 2.01799989e+00 2.01799989e+00 2.01799989e+00
    2.01799989e+00 2.01799989e+00 2.01799989e+00 2.03399992e+00
    2.03399992e+00 2.02999997e+00 2.01799989e+00 2.01900005e+00
    2.01799989e+00 2.01799989e+00 2.01799989e+00 2.01799989e+00
    2.01699996e+00 2.00500011e+00 2. 2. 2. 1.99800003e+00 1.99899995e+00
    2. 2. 2. 2. 2. 2.00999999e+00 2.00699997e+00 2. 2.01399994e+00
    2.01699996e+00 2.01600003e+00 2.01799989e+00 2.01600003e+00
    2.01699996e+00 2.01799989e+00 2.01799989e+00 2.01799989e+00
    2.01799989e+00 2.01799989e+00 2.01799989e+00 2.01799989e+00
    2.01799989e+00 2.01799989e+00 2.01799989e+00 2.03699994e+00
    2.03500009e+00 2.01900005e+00 2.01799989e+00 2.01799989e+00
    2.01799989e+00 2.01799989e+00 2.00999999e+00 2. 2. 2. 2. 2. 2. 2.
    1.93400002e+00 1.06700003e+00 1.06799996e+00 1.07299995e+00
    1.07599998e+00 1.50899994e+00 1.49399996e+00 1.07400000e+00
    1.07299995e+00 1.07400000e+00 1.07400000e+00 1.08000004e+00
    2.01799989e+00 2.01799989e+00 2.01799989e+00 2.02300000e+00
    2.02999997e+00 2.01799989e+00 2.01799989e+00 2.01799989e+00
    2.01799989e+00 1.37800002e+00 1.14699996e+00 1.92499995e+00
    2.03600001e+00 2.03699994e+00 2.03500009e+00 2.01799989e+00
    2.01799989e+00 2.01799989e+00 2.01799989e+00 2.01799989e+00
    2.00999999e+00 2. 1.99899995e+00 1.99899995e+00 1.95000005e+00
    1.93400002e+00 1.94900000e+00 1.04600000e+00 1.03799999e+00
    1.03799999e+00 1.04100001e+00 1.05100000e+00 1.05599999e+00
