<?xml version="1.0"?>
<opencv_storage>
<Depth type_id="opencv-matrix">
  <rows>40</rows>
  <cols>40</cols>
  <dt>f</dt>
  <data>
    0. 0. 0. 0. 0. 0. 0. 0. 0. 0. 0. 0. 0. 0. 0. 0. 0. 0. 0. 0. 0. 0. 0.
    0. 0. 0. 0. 0. 0. 0. 0. 0. 0. 0. 0. 0. 0. 0. 0. 0. 0. 0. 0. 0. 0. 0.
    0. 0. 0. 0. 0. 0. 0. 0. 0. 0. 0. 0. 0. 0. 0. 0. 0. 0. 0. 0. 0. 0. 0.
    0. 0. 0. 0. 0. 0. 0. 0. 0. 0. 0. 0. 0. 0. 0. 0. 0. 0. 0. 0. 0. 0. 0.
    0. 0. 0. 0. 0. 0. 0. 0. 0. 0. 0. 0. 0. 0. 0. 0. 0. 0. 0. 0. 0. 0. 0.
    0. 0. 0. 0. 0. 0. 0. 0. 0. 0. 0. 0. 0. 0. 0. 0. 0. 0. 0. 0. 0. 0. 0.
    0. 0. 2.18000007e+00 1.89900005e+00 1.90199995e+00 1.93400002e+00
    1.94900000e+00 1.94900000e+00 1.94900000e+00 0. 0. 0. 0. 0. 0. 0. 0.
    0. 0. 0. 0. 0. 0. 0. 0. 0. 0. 0. 0. 0. 0. 0. 0. 0. 0. 0. 0. 0. 0. 0.
    0. 0. 2.18000007e+00 1.89900005e+00 1.90199995e+00 1.93400002e+00
    1.94900000e+00 1.94900000e+00 1.94900000e+00 1.36300004e+00 0. 0. 0.
    0. 0. 0. 0. 0. 0. 0. 0. 0. 0. 0. 0. 0. 0. 0. 0. 0. 0. 0. 0. 0. 0. 0.
    0. 0. 0. 0. 0. 0. 2.18000007e+00 1.89900005e+00 1.90199995e+00
    1.93099999e+00 1.94599998e+00 1.94900000e+00 1.94900000e+00
    1.94799995e+00 1.94400001e+00 1.94099998e+00 1.25899994e+00 0. 0. 0.
    0. 0. 0. 0. 0. 0. 0. 0. 0. 0. 0. 0. 0. 0. 0. 0. 0. 0. 0. 0. 0. 0. 0.
    0. 0. 0. 2.18000007e+00 1.89900005e+00 1.89999998e+00 1.90799999e+00
    1.92499995e+00 1.94799995e+00 1.94900000e+00 1.93900001e+00
    1.91600001e+00 1.89300001e+00 1.67400002e+00 0. 0. 0. 0. 0. 0. 0. 0.
    0. 0. 0. 0. 0. 0. 0. 0. 0. 0. 0. 0. 0. 0. 0. 0. 0. 0. 0. 0. 0.
    2.19499993e+00 1.90999997e+00 1.89900005e+00 1.89900005e+00
    1.91600001e+00 1.94799995e+00 1.94900000e+00 1.93599999e+00
    1.90400004e+00 1.87300003e+00 1.84200001e+00 1.81200004e+00
    1.78299999e+00 1.75800002e+00 0. 0. 0. 0. 0. 0. 0. 0. 0. 0. 0. 0. 0.
    0. 0. 0. 0. 0. 0. 0. 0. 0. 0. 0. 0. 2.98900008e+00 2.21399999e+00
    1.92799997e+00 1.89999998e+00 1.89999998e+00 1.91700006e+00
    1.94799995e+00 1.94900000e+00 1.93599999e+00 1.90400004e+00
    1.87300003e+00 1.84200001e+00 1.81200004e+00 1.78299999e+00
    1.75800002e+00 0. 0. 0. 0. 0. 0. 0. 0. 0. 0. 0. 0. 0. 0. 0. 0. 0. 0.
    0. 0. 0. 2.82299995e+00 2.49399996e+00 2.47499990e+00 2.43600011e+00
    2.33800006e+00 2.04800010e+00 1.94200003e+00 1.93200004e+00
    1.93200004e+00 1.93799996e+00 1.94900000e+00 1.94900000e+00
    1.93599999e+00 1.90400004e+00 1.87300003e+00 1.84200001e+00
    1.81200004e+00 1.78299999e+00 1.75800002e+00 0. 0. 0. 0. 0. 0. 0. 0.
    0. 0. 0. 0. 0. 0. 0. 0. 0. 0. 0. 2.88800001e+00 2.88800001e+00
    2.42400002e+00 2.08899999e+00 2.08899999e+00 2.04399991e+00
    1.99300003e+00 1.96000004e+00 1.94900000e+00 1.94900000e+00
    1.94900000e+00 1.94900000e+00 1.94900000e+00 1.94900000e+00
    1.93599999e+00 1.90400004e+00 1.88100004e+00 1.85699999e+00
    1.82700002e+00 1.79700005e+00 1.77199996e+00 0. 0. 0. 0. 0. 0. 0. 0.
    0. 0. 0. 0. 0. 0. 0. 0. 0. 0. 2.48099995e+00 2.07500005e+00
    2.07500005e+00 2.06299996e+00 2.05399990e+00 2.05399990e+00
    2.02699995e+00 1.99300003e+00 1.96000004e+00 1.94900000e+00
    1.94900000e+00 1.94900000e+00 1.94900000e+00 1.94900000e+00
    1.94900000e+00 1.93599999e+00 1.90400004e+00 1.89699996e+00
    1.88699996e+00 1.85699999e+00 1.82700002e+00 1.80100000e+00 0. 0. 0.
    0. 0. 0. 0. 0. 0. 0. 0. 0. 0. 0. 0. 0. 0. 0. 2.43099999e+00 2. 2.
    2.02999997e+00 2.05100012e+00 2.05100012e+00 2.02500010e+00
    1.99300003e+00 1.96000004e+00 1.94900000e+00 1.94900000e+00
    1.94900000e+00 1.93900001e+00 1.91999996e+00 1.91999996e+00
    1.92200005e+00 1.92700005e+00 1.91199994e+00 1.89499998e+00
    1.88199997e+00 1.85699999e+00 1.83099997e+00 0. 0. 0. 0. 0. 0. 0. 0.
    0. 0. 0. 0. 0. 0. 0. 0. 0. 0. 2.62899995e+00 2.21300006e+00
    2.02800012e+00 2.03399992e+00 2.05100012e+00 2.05100012e+00
    2.02500010e+00 1.99300003e+00 1.96000004e+00 1.94900000e+00
    1.94900000e+00 1.94900000e+00 1.93200004e+00 1.89999998e+00
    1.89900005e+00 1.90900004e+00 1.93400002e+00 1.91700006e+00
    1.89900005e+00 1.89900005e+00 1.46399999e+00 0. 0. 0. 0. 0. 0. 0. 0.
    0. 0. 0. 0. 0. 0. 0. 0. 0. 0. 0. 0. 2.83100009e+00 2.11100006e+00
    2.04800010e+00 2.05100012e+00 2.05100012e+00 2.02500010e+00
    1.99300003e+00 1.96000004e+00 1.94900000e+00 1.94900000e+00
    1.94900000e+00 1.93200004e+00 1.89999998e+00 1.89900005e+00
    1.90100002e+00 1.90499997e+00 1.90199995e+00 1.89900005e+00
    1.89900005e+00 0. 0. 0. 0. 0. 0. 0. 0. 0. 0. 0. 0. 0. 0. 0. 0. 0. 0.
    0. 0. 2.93099999e+00 2.54500008e+00 2.09299994e+00 2.05100012e+00
    2.05100012e+00 2.05100012e+00 2.02500010e+00 1.99300003e+00
    1.96000004e+00 1.94900000e+00 1.94900000e+00 1.94900000e+00
    1.93200004e+00 1.89999998e+00 1.89900005e+00 1.89900005e+00
    1.89900005e+00 0. 0. 0. 0. 0. 0. 0. 0. 0. 0. 0. 0. 0. 0. 0. 0. 0. 0.
    0. 0. 0. 0. 0. 2.48300004e+00 2.12899995e+00 2.06500006e+00
    2.05399990e+00 2.05100012e+00 2.05100012e+00 2.02500010e+00
    1.99300003e+00 1.96000004e+00 1.94900000e+00 1.94900000e+00
    1.94900000e+00 1.93200004e+00 1.89999998e+00 1.89900005e+00
    1.89900005e+00 1.89900005e+00 0. 0. 0. 0. 0. 0. 0. 0. 0. 0. 0. 0. 0.
    0. 0. 0. 0. 0. 0. 0. 2.68300009e+00 2.42899990e+00 2.39700007e+00
    2.24099994e+00 2.13899994e+00 2.09699988e+00 2.06900001e+00
    2.05100012e+00 2.05100012e+00 2.02500010e+00 1.99300003e+00
    1.96000004e+00 1.94900000e+00 1.94900000e+00 1.94900000e+00
    1.93200004e+00 1.89999998e+00 1.89900005e+00 1.89900005e+00
    1.89900005e+00 0. 0. 0. 0. 0. 0. 0. 0. 0. 0. 0. 0. 0. 0. 0. 0. 0. 0.
    0. 0. 2.52200007e+00 2.19400001e+00 2.15899992e+00 2.15899992e+00
    2.14299989e+00 2.10800004e+00 2.08699989e+00 2.06900001e+00
    2.05399990e+00 2.02500010e+00 1.99300003e+00 1.96000004e+00
    1.94900000e+00 1.94900000e+00 1.94900000e+00 1.93200004e+00
    1.89999998e+00 1.89900005e+00 1.44700003e+00 0. 0. 0. 0. 0. 0. 0. 0.
    0. 0. 0. 0. 0. 0. 0. 0. 0. 0. 0. 0. 0. 2.51600003e+00 2.19400001e+00
    2.15899992e+00 2.15899992e+00 2.14299989e+00 2.10800004e+00
    2.10500002e+00 2.09400010e+00 2.06100011e+00 2.02900004e+00
    1.99600005e+00 1.96300006e+00 1.95099998e+00 1.94900000e+00
    1.94900000e+00 1.93299997e+00 1.90300000e+00 1.90199995e+00 0. 0. 0.
    0. 0. 0. 0. 0. 0. 0. 0. 0. 0. 0. 0. 0. 0. 0. 0. 0. 0. 2.54699993e+00
    2.31100011e+00 2.19400001e+00 2.15899992e+00 2.15899992e+00
    2.14299989e+00 2.10800004e+00 2.10500002e+00 2.10100007e+00
    2.09100008e+00 2.06200004e+00 2.02900004e+00 1.99600005e+00
    1.97000003e+00 1.94900000e+00 1.94900000e+00 1.94400001e+00
    1.93400002e+00 1.93400002e+00 1.61399996e+00 0. 0. 0. 0. 0. 0. 0. 0.
    0. 0. 0. 0. 0. 0. 0. 0. 0. 0. 0. 2.66499996e+00 2.21499991e+00
    2.21499991e+00 2.20099998e+00 2.17799997e+00 2.16499996e+00
    2.14299989e+00 2.10800004e+00 2.10500002e+00 2.10500002e+00
    2.10500002e+00 2.07800007e+00 2.04399991e+00 2.01099992e+00
    1.98599994e+00 1.96500003e+00 1.95400000e+00 1.94900000e+00
    1.94900000e+00 1.94900000e+00 1.94900000e+00 1.94900000e+00 0. 0. 0.
    0. 0. 0. 0. 0. 0. 0. 0. 0. 0. 0. 0. 0. 0. 2.29399991e+00
    2.25799990e+00 2.21499991e+00 2.21499991e+00 2.21499991e+00
    2.21300006e+00 2.17799997e+00 2.14299989e+00 2.10800004e+00
    2.10500002e+00 2.10500002e+00 2.10500002e+00 2.07800007e+00
    2.04399991e+00 2.01099992e+00 2. 1.99600005e+00 1.96399999e+00
    1.94900000e+00 1.94900000e+00 1.94900000e+00 1.94900000e+00
    1.94900000e+00 0. 0. 0. 0. 0. 0. 0. 0. 0. 0. 0. 0. 0. 0. 0. 0. 0.
    2.27300000e+00 2.24600005e+00 2.21499991e+00 2.21499991e+00
    2.21499991e+00 2.21399999e+00 2.17799997e+00 2.14299989e+00
    2.10800004e+00 2.10500002e+00 2.10500002e+00 2.10500002e+00
    2.09500003e+00 2.07699990e+00 2.04299998e+00 2.03200006e+00
    2.02699995e+00 1.97399998e+00 1.94900000e+00 1.94900000e+00 0. 0. 0.
    0. 0. 0. 0. 0. 0. 0. 0. 0. 0. 0. 0. 0. 0. 0. 0. 0. 2.27300000e+00
    2.24600005e+00 2.21499991e+00 2.21499991e+00 2.21499991e+00
    2.21399999e+00 2.17799997e+00 2.14299989e+00 2.10800004e+00
