<?xml version="1.0"?>
<opencv_storage>
<Depth type_id="opencv-matrix">
  <rows>40</rows>
  <cols>40</cols>
  <dt>f</dt>
  <data>
    0. 0. 0. 0. 0. 0. 0. 0. 0. 0. 0. 0. 0. 0. 0. 0. 0. 0. 0. 0. 0. 0. 0.
    0. 0. 0. 0. 0. 0. 0. 0. 0. 0. 0. 0. 0. 0. 0. 0. 0. 0. 0. 0. 0. 0. 0.
    0. 0. 0. 0. 0. 0. 0. 0. 0. 0. 0. 0. 0. 0. 0. 0. 0. 0. 0. 0. 0. 0. 0.
    0. 0. 0. 0. 0. 0. 0. 0. 0. 0. 0. 0. 0. 0. 0. 0. 0. 0. 0. 0. 0. 0. 0.
    0. 0. 0. 0. 0. 0. 0. 0. 0. 0. 0. 2.06900001e+00 2.06999993e+00
    2.06599998e+00 2.06900001e+00 2.06999993e+00 2.06299996e+00
    2.06100011e+00 2.05200005e+00 1.20899999e+00 1.20000005e+00 0. 0. 0.
    0. 0. 0. 0. 0. 0. 0. 0. 0. 0. 0. 0. 1.99500000e+00 2. 0. 0. 0. 0.
    2.07299995e+00 2.05900002e+00 0. 2.05800009e+00 2.05599999e+00
    2.04800010e+00 2.05100012e+00 2.05699992e+00 2.05599999e+00
    2.05699992e+00 2.05999994e+00 2.02699995e+00 2.00699997e+00
    2.02900004e+00 2.02699995e+00 1.99000001e+00 1.99500000e+00
    1.20400000e+00 1.20000005e+00 0. 0. 0. 0. 0. 0. 0. 0. 0. 0. 0. 0. 0.
    0. 1.99000001e+00 1.99199998e+00 1.99500000e+00 2.02099991e+00
    2.02999997e+00 1.98699999e+00 1.99199998e+00 1.99100006e+00
    1.99100006e+00 1.98699999e+00 1.99500000e+00 1.99399996e+00
    1.99000001e+00 1.98899996e+00 1.98699999e+00 1.98699999e+00
    1.98800004e+00 1.98699999e+00 1.98899996e+00 1.98500001e+00
    1.98500001e+00 1.98699999e+00 1.98899996e+00 1.48800004e+00
    1.20000005e+00 1.20000005e+00 1.83099997e+00 0. 0. 0. 0. 0. 0. 0. 0.
    0. 0. 0. 0. 1.98500001e+00 1.98500001e+00 1.98500001e+00
    1.98500001e+00 1.98500001e+00 1.98300004e+00 1.98300004e+00
    1.98399997e+00 1.98500001e+00 1.98300004e+00 1.98500001e+00
    1.98500001e+00 1.98500001e+00 1.98500001e+00 1.98500001e+00
    1.98300004e+00 1.98500001e+00 1.98500001e+00 1.98699999e+00
    1.98699999e+00 1.98500001e+00 1.98599994e+00 1.98899996e+00
    1.98800004e+00 1.87399995e+00 1.20000005e+00 1.20000005e+00 0. 0. 0.
    0. 0. 0. 0. 0. 0. 0. 0. 0. 0. 1.98500001e+00 1.98500001e+00
    1.98300004e+00 1.98500001e+00 1.98500001e+00 1.98500001e+00
    1.98500001e+00 1.98599994e+00 1.98599994e+00 1.98399997e+00
    1.98500001e+00 1.98699999e+00 1.98699999e+00 1.98699999e+00
    1.98699999e+00 1.98500001e+00 1.98699999e+00 1.98699999e+00
    1.98699999e+00 1.98699999e+00 1.98699999e+00 1.98800004e+00
    1.98899996e+00 1.98899996e+00 1.78100002e+00 1.20000005e+00
    1.20000005e+00 1.20000005e+00 0. 0. 0. 0. 0. 0. 0. 0. 0. 0. 0. 0.
    1.98500001e+00 1.98699999e+00 1.98500001e+00 1.98500001e+00
    1.98599994e+00 1.98699999e+00 1.98500001e+00 1.98599994e+00
    1.98699999e+00 1.98800004e+00 1.98699999e+00 1.98699999e+00
    1.98699999e+00 1.98699999e+00 1.98699999e+00 1.98699999e+00
    1.98699999e+00 1.98699999e+00 1.98699999e+00 1.98699999e+00
    1.98699999e+00 1.98699999e+00 1.99000001e+00 1.99000001e+00
    1.98800004e+00 1.20000005e+00 1.20000005e+00 1.20000005e+00 0. 0. 0.
    0. 0. 0. 0. 0. 0. 0. 0. 0. 1.98800004e+00 1.98899996e+00
    1.98800004e+00 1.98699999e+00 1.98699999e+00 1.98599994e+00
    1.98599994e+00 1.98800004e+00 1.98899996e+00 1.98699999e+00
    1.98699999e+00 1.98800004e+00 1.98699999e+00 1.98699999e+00
    1.98899996e+00 1.98800004e+00 1.98800004e+00 1.98899996e+00
    1.98899996e+00 1.98899996e+00 1.98899996e+00 1.98899996e+00
    1.99199998e+00 1.99000001e+00 1.99399996e+00 1.20000005e+00
    1.20000005e+00 1.20000005e+00 0. 0. 0. 0. 0. 0. 0. 0. 0. 0. 0. 0.
    1.98899996e+00 1.99000001e+00 1.98899996e+00 1.98899996e+00
    1.99000001e+00 1.98899996e+00 1.99000001e+00 1.99000001e+00
    1.98899996e+00 1.98899996e+00 1.98899996e+00 1.99000001e+00
    1.98899996e+00 1.99000001e+00 1.99000001e+00 1.99000001e+00
    1.99000001e+00 1.99000001e+00 1.99000001e+00 1.98899996e+00
    1.98899996e+00 1.99000001e+00 1.99399996e+00 1.99199998e+00
    1.99199998e+00 1.20000005e+00 1.20000005e+00 1.20000005e+00 0. 0. 0.
    0. 0. 0. 0. 0. 0. 0. 0. 0. 1.99199998e+00 1.99000001e+00
    1.98899996e+00 1.99000001e+00 1.99000001e+00 1.99000001e+00
    1.98899996e+00 1.99100006e+00 1.99000001e+00 1.99000001e+00
    1.99000001e+00 1.99199998e+00 1.99000001e+00 1.99199998e+00
    1.99000001e+00 1.99000001e+00 1.99000001e+00 1.99000001e+00
    1.99100006e+00 1.99000001e+00 1.99000001e+00 1.99199998e+00
    1.99399996e+00 1.99399996e+00 1.99500000e+00 1.20000005e+00
    1.20000005e+00 1.20000005e+00 0. 0. 0. 0. 0. 0. 0. 0. 0. 0. 0. 0.
    1.56599998e+00 1.99100006e+00 1.99000001e+00 1.99000001e+00
    1.99199998e+00 1.99199998e+00 1.99100006e+00 1.99199998e+00
    1.99300003e+00 1.99199998e+00 1.99199998e+00 1.99199998e+00
    1.99199998e+00 1.99199998e+00 1.99300003e+00 1.99300003e+00
    1.99199998e+00 1.99199998e+00 1.99199998e+00 1.99199998e+00
    1.99199998e+00 1.99199998e+00 1.99399996e+00 1.99399996e+00
    1.99500000e+00 1.20000005e+00 1.20000005e+00 1.20000005e+00 0. 0. 0.
    0. 0. 0. 0. 0. 0. 0. 0. 0. 1.53400004e+00 1.99199998e+00
    1.99199998e+00 1.99199998e+00 1.99199998e+00 1.99199998e+00
    1.99199998e+00 1.99300003e+00 1.99399996e+00 1.99300003e+00
    1.99199998e+00 1.99199998e+00 1.99300003e+00 1.99199998e+00
    1.99399996e+00 1.99399996e+00 1.99300003e+00 1.99300003e+00
    1.99399996e+00 1.99399996e+00 1.99399996e+00 1.99399996e+00
    1.99600005e+00 1.99500000e+00 1.99600005e+00 1.20899999e+00
    1.20000005e+00 1.20000005e+00 0. 0. 0. 0. 0. 0. 0. 0. 0. 0. 0. 0.
    1.20000005e+00 1.99399996e+00 1.99199998e+00 1.99199998e+00
    1.99399996e+00 1.99199998e+00 1.99199998e+00 1.99300003e+00
    1.99399996e+00 1.99399996e+00 1.99399996e+00 1.99399996e+00
    1.99399996e+00 1.99399996e+00 1.99399996e+00 1.99399996e+00
    1.99399996e+00 1.99399996e+00 1.99399996e+00 1.99399996e+00
    1.99399996e+00 1.99399996e+00 1.99600005e+00 1.99699998e+00
    1.99800003e+00 1.20899999e+00 1.20000005e+00 1.20000005e+00 0. 0. 0.
    0. 0. 0. 0. 0. 0. 0. 0. 0. 1.25699997e+00 1.99199998e+00
    1.99600005e+00 1.99300003e+00 1.99399996e+00 1.99399996e+00
    1.99399996e+00 1.99500000e+00 1.99600005e+00 1.99500000e+00
    1.99500000e+00 1.99399996e+00 1.99399996e+00 1.99699998e+00
    1.99399996e+00 1.99600005e+00 1.99399996e+00 1.99600005e+00
    1.99399996e+00 1.99399996e+00 1.99500000e+00 1.99500000e+00
    1.99800003e+00 1.99800003e+00 1.99800003e+00 1.20899999e+00
    1.20000005e+00 1.20000005e+00 0. 0. 0. 0. 0. 0. 0. 0. 0. 0. 0. 0.
    1.23399997e+00 1.99100006e+00 1.99600005e+00 1.99399996e+00
    1.99600005e+00 1.99600005e+00 1.99600005e+00 1.99699998e+00
    1.99600005e+00 1.99899995e+00 1.99600005e+00 1.99600005e+00
    1.99600005e+00 1.99600005e+00 1.99600005e+00 1.99600005e+00
    1.99600005e+00 1.99600005e+00 1.99600005e+00 1.99600005e+00
    1.99800003e+00 1.99600005e+00 1.99800003e+00 2. 2.00099993e+00
    1.20899999e+00 1.20000005e+00 1.20000005e+00 0. 0. 0. 0. 0. 0. 0. 0.
    0. 0. 0. 0. 1.20000005e+00 1.99000001e+00 1.99800003e+00
    1.99699998e+00 1.99800003e+00 1.99800003e+00 1.99600005e+00
    1.99699998e+00 1.99600005e+00 2. 1.99699998e+00 1.99800003e+00
    1.99800003e+00 1.99800003e+00 1.99800003e+00 1.99899995e+00
    1.99800003e+00 1.99600005e+00 1.99899995e+00 2. 1.99800003e+00
    1.99800003e+00 2. 2.00200009e+00 2.00200009e+00 1.20899999e+00
    1.20000005e+00 1.20000005e+00 0. 0. 0. 0. 0. 0. 0. 0. 0. 0. 0. 0.
    1.20000005e+00 1.99500000e+00 1.99800003e+00 1.99800003e+00
    1.99800003e+00 1.99800003e+00 1.99800003e+00 1.99899995e+00 2. 2.
    1.99699998e+00 1.99800003e+00 1.99899995e+00 1.99800003e+00
    1.99899995e+00 2. 1.99800003e+00 2. 2. 2. 2. 2. 2.00099993e+00
    2.00200009e+00 2.00200009e+00 1.20899999e+00 1.20000005e+00
    1.20000005e+00 0. 0. 0. 0. 0. 0. 0. 0. 0. 0. 0. 0. 1.20000005e+00
    1.62199998e+00 1.99800003e+00 1.99800003e+00 1.99899995e+00 2.
    1.99800003e+00 2.00099993e+00 2. 2. 2. 2. 2. 2. 2. 2.00099993e+00 2.
    2. 2. 2. 2. 2. 2.00200009e+00 2.00200009e+00 2.00200009e+00
    1.20899999e+00 1.20000005e+00 1.20000005e+00 0. 0. 0. 0. 0. 0. 0. 0.
