<?xml version="1.0"?>
<opencv_storage>
<Depth type_id="opencv-matrix">
  <rows>40</rows>
  <cols>40</cols>
  <dt>f</dt>
  <data>
    0. 0. 0. 0. 0. 0. 0. 0. 0. 0. 0. 0. 0. 0. 0. 0. 0. 0. 0. 0. 0. 0. 0.
    0. 0. 0. 0. 0. 0. 0. 0. 0. 0. 0. 0. 0. 0. 0. 0. 0. 0. 0. 0. 0. 0. 0.
    0. 0. 0. 0. 0. 0. 0. 0. 0. 0. 0. 0. 0. 0. 0. 0. 0. 0. 0. 0. 0. 0. 0.
    0. 0. 0. 0. 0. 0. 0. 0. 0. 0. 0. 0. 0. 0. 0. 0. 0. 0. 0.
    1.87100005e+00 1.87100005e+00 1.87100005e+00 1.89999998e+00
    1.93400002e+00 1.93400002e+00 1.93400002e+00 1.93400002e+00
    1.93400002e+00 1.93400002e+00 1.93400002e+00 1.93400002e+00
    1.96800005e+00 1.59800005e+00 0. 0. 0. 0. 0. 0. 0. 0. 0. 0. 0. 0. 0.
    0. 0. 0. 0. 0. 0. 0. 0. 0. 0. 0. 0. 0. 1.89300001e+00 1.89300001e+00
    1.89300001e+00 1.91199994e+00 1.93400002e+00 1.93400002e+00
    1.93400002e+00 1.93400002e+00 1.93400002e+00 1.93400002e+00
    1.93400002e+00 1.93400002e+00 1.95700002e+00 1.57700002e+00 0. 0. 0.
    0. 0. 0. 0. 0. 0. 0. 0. 0. 0. 0. 0. 0. 0. 0. 0. 0. 0. 0. 0. 0. 0. 0.
    1.92799997e+00 1.92799997e+00 1.92799997e+00 1.93099999e+00
    1.93400002e+00 1.93400002e+00 1.93400002e+00 1.93400002e+00
    1.93400002e+00 1.93400002e+00 1.93400002e+00 1.93400002e+00
    1.93700004e+00 1.54299998e+00 0. 0. 0. 0. 0. 0. 0. 0. 0. 0. 0. 0. 0.
    0. 0. 0. 0. 0. 0. 0. 0. 0. 0. 0. 0. 0. 1.93400002e+00 1.93400002e+00
    1.93400002e+00 1.93400002e+00 1.93400002e+00 1.93400002e+00
    1.93400002e+00 1.93400002e+00 1.93400002e+00 1.93400002e+00
    1.93400002e+00 1.93400002e+00 1.93400002e+00 1.53799999e+00 0. 0. 0.
    0. 0. 0. 0. 0. 0. 0. 0. 0. 0. 0. 0. 0. 0. 0. 0. 0. 0. 0. 0. 0. 0. 0.
    1.93400002e+00 1.93299997e+00 1.93200004e+00 1.93200004e+00
    1.93200004e+00 1.93299997e+00 1.93400002e+00 1.93400002e+00
    1.93400002e+00 1.93400002e+00 1.93400002e+00 1.93400002e+00
    1.93400002e+00 1.54900002e+00 0. 0. 0. 0. 0. 0. 0. 0. 0. 0. 0. 0. 0.
    0. 0. 0. 0. 0. 0. 0. 0. 0. 0. 0. 0. 0. 1.93400002e+00 1.92100000e+00
    1.89999998e+00 1.89699996e+00 1.89800000e+00 1.91900003e+00
    1.93400002e+00 1.93400002e+00 1.93400002e+00 1.93400002e+00
    1.93400002e+00 1.93400002e+00 1.93400002e+00 1.77499998e+00 0. 0. 0.
    0. 0. 0. 0. 0. 0. 0. 0. 0. 0. 0. 0. 0. 0. 0. 0. 0. 0. 0. 0. 0. 0. 0.
    1.93400002e+00 1.91199994e+00 1.87699997e+00 1.87100005e+00
    1.87300003e+00 1.90799999e+00 1.93400002e+00 1.93400002e+00
    1.93400002e+00 1.93400002e+00 1.93400002e+00 1.93400002e+00
    1.93900001e+00 1.94900000e+00 1.98000002e+00 1.00800002e+00 0. 0. 0.
    0. 0. 0. 0. 0. 0. 0. 0. 0. 0. 0. 0. 0. 0. 0. 0. 0. 0. 0. 0. 0.
    1.93400002e+00 1.91199994e+00 1.87699997e+00 1.87100005e+00
    1.87300003e+00 1.90799999e+00 1.93400002e+00 1.93400002e+00
    1.93400002e+00 1.93400002e+00 1.93400002e+00 1.93400002e+00
    1.95899999e+00 1.98300004e+00 1.99300003e+00 1.00800002e+00 0. 0. 0.
    0. 0. 0. 0. 0. 0. 0. 0. 0. 0. 0. 0. 0. 0. 0. 0. 0. 0. 0. 0. 0. 0.
    1.06099999e+00 1.75300002e+00 1.87100005e+00 1.87300003e+00
    1.90799999e+00 1.93400002e+00 1.93400002e+00 1.94400001e+00
    1.96500003e+00 1.96300006e+00 1.95299995e+00 1.97700000e+00 2. 2.
    1.28100002e+00 0. 0. 0. 0. 0. 0. 0. 0. 0. 0. 0. 0. 0. 0. 0. 0. 0. 0.
    0. 0. 0. 0. 0. 0. 0. 0. 1.50100005e+00 1.87100005e+00 1.87300003e+00
    1.90799999e+00 1.93400002e+00 1.93400002e+00 1.96500003e+00
    2.02800012e+00 2.02300000e+00 1.99100006e+00 1.99500000e+00 2. 2.
    1.83800006e+00 1.40100002e+00 0. 0. 0. 0. 0. 0. 0. 0. 0. 0. 0. 0. 0.
    0. 0. 0. 0. 0. 0. 0. 0. 0. 0. 0. 0. 1.45000005e+00 1.89600003e+00
    1.89800000e+00 1.93400002e+00 1.96000004e+00 1.96000004e+00
    1.99000001e+00 2.04999995e+00 2.05200005e+00 2.02900004e+00
    2.02699995e+00 2.02500010e+00 2.00999999e+00 1.99500000e+00
    1.98000002e+00 1.02300000e+00 0. 0. 0. 0. 0. 0. 0. 0. 0. 0. 0. 0. 0.
    0. 0. 0. 0. 0. 0. 0. 0. 0. 0. 0. 1.48199999e+00 1.93200004e+00
    1.93299997e+00 1.97000003e+00 1.99699998e+00 1.99699998e+00
    2.01699996e+00 2.05599999e+00 2.06699991e+00 2.06500006e+00
    2.06500006e+00 2.05999994e+00 2.02300000e+00 1.98699999e+00
    1.95099998e+00 1.87399995e+00 1.76900005e+00 0. 0. 0. 0. 0. 0. 0. 0.
    0. 0. 0. 0. 0. 0. 0. 0. 0. 0. 0. 0. 0. 0. 0. 0. 0. 2.03999996e+00
    2.03699994e+00 2.03600001e+00 2.03600001e+00 2.04399991e+00
    2.06299996e+00 2.06800008e+00 2.06800008e+00 2.06800008e+00
    2.06200004e+00 2.02399993e+00 1.98599994e+00 1.94900000e+00
    1.93400002e+00 1.93400002e+00 0. 0. 0. 0. 0. 0. 0. 0. 0. 0. 0. 0. 0.
    0. 0. 0. 0. 0. 0. 0. 0. 0. 0. 0. 0. 2.13499999e+00 2.09999990e+00
    2.07399988e+00 2.07399988e+00 2.07200003e+00 2.06900001e+00
    2.06800008e+00 2.06800008e+00 2.06800008e+00 2.06200004e+00
    2.02399993e+00 1.98699999e+00 1.95299995e+00 1.94099998e+00
    1.94500005e+00 0. 0. 0. 0. 0. 0. 0. 0. 0. 0. 0. 0. 0. 0. 0. 0. 0. 0.
    0. 0. 0. 0. 0. 0. 0. 2.13599992e+00 2.12299991e+00 2.11299992e+00
    2.11299992e+00 2.09999990e+00 2.07500005e+00 2.06800008e+00
    2.06800008e+00 2.06800008e+00 2.06200004e+00 2.02399993e+00
    1.99500000e+00 1.98199999e+00 1.99100006e+00 2.01600003e+00 0. 0. 0.
    0. 0. 0. 0. 0. 0. 0. 0. 0. 0. 0. 0. 0. 0. 0. 0. 0. 0. 0. 0. 0. 0.
    2.13700008e+00 2.13700008e+00 2.13700008e+00 2.13700008e+00
    2.11800003e+00 2.07900000e+00 2.06200004e+00 2.05399990e+00
    2.05399990e+00 2.04900002e+00 2.01900005e+00 2. 2. 2.02300000e+00
    2.06100011e+00 0. 0. 0. 0. 0. 0. 0. 0. 0. 0. 0. 0. 0. 0. 0. 0. 0. 0.
    0. 0. 0. 0. 0. 0. 0. 2.13700008e+00 2.13700008e+00 2.13700008e+00
    2.13700008e+00 2.11800003e+00 2.07900000e+00 2.04699993e+00
    2.01799989e+00 2.01600003e+00 2.01399994e+00 2.00600004e+00 2. 2.
    2.02300000e+00 2.06100011e+00 0. 0. 0. 0. 0. 0. 0. 0. 0. 0. 0. 0. 0.
    0. 0. 0. 0. 0. 0. 0. 0. 0. 0. 0. 0. 0. 1.48399997e+00 2.15700006e+00
    2.14400005e+00 2.11800003e+00 2.07900000e+00 2.04099989e+00
    2.00300002e+00 2. 2. 2. 2. 2. 2.02300000e+00 2.06100011e+00 0. 0. 0.
    0. 0. 0. 0. 0. 0. 0. 0. 0. 0. 0. 0. 0. 0. 0. 0. 0. 0. 0. 0. 0. 0. 0.
    0. 2.19199991e+00 2.15499997e+00 2.11800003e+00 2.07900000e+00
    2.04099989e+00 2.00300002e+00 2. 2. 2. 2. 2. 2.02300000e+00
    2.06100011e+00 0. 0. 0. 0. 0. 0. 0. 0. 0. 0. 0. 0. 0. 0. 0. 0. 0. 0.
    0. 0. 0. 0. 0. 0. 0. 0. 0. 2.19799995e+00 2.15799999e+00
    2.11800003e+00 2.07900000e+00 2.04099989e+00 2.00300002e+00 2.
    2.00300002e+00 2.01999998e+00 2.03099990e+00 2.03099990e+00
    2.05399990e+00 2.09200001e+00 0. 0. 0. 0. 0. 0. 0. 0. 0. 0. 0. 0. 0.
    0. 0. 0. 0. 0. 0. 0. 0. 0. 0. 0. 0. 0. 0. 2.12700009e+00
    2.13299990e+00 2.11700010e+00 2.07900000e+00 2.04099989e+00
    2.00300002e+00 2. 2.00600004e+00 2.04399991e+00 2.06800008e+00
    2.06800008e+00 2.09100008e+00 2.13000011e+00 0. 0. 0. 0. 0. 0. 0. 0.
    0. 0. 0. 0. 0. 0. 0. 0. 0. 0. 0. 0. 0. 0. 0. 0. 0. 0. 0. 0.
    1.30299997e+00 2.08899999e+00 2.07299995e+00 2.04099989e+00
    2.00300002e+00 2. 2.00600004e+00 2.04399991e+00 2.06800008e+00
    2.06800008e+00 2.09100008e+00 2.13000011e+00 0. 0. 0. 0. 0. 0. 0. 0.
    0. 0. 0. 0. 0. 0. 0. 0. 0. 0. 0. 0. 0. 0. 0. 0. 0. 0. 0. 0. 0.
    2.06800008e+00 2.06800008e+00 2.04500008e+00 2.01200008e+00
    2.00999999e+00 2.01500010e+00 2.05399990e+00 2.07800007e+00
    2.07800007e+00 2.09699988e+00 2.13100004e+00 0. 0. 0. 0. 0. 0. 0. 0.
    0. 0. 0. 0. 0. 0. 0. 0. 0. 0. 0. 0. 0. 0. 0. 0. 0. 0. 0. 0. 0.
    2.06800008e+00 2.06800008e+00 2.05999994e+00 2.04900002e+00
    2.04800010e+00 2.05399990e+00 2.09200001e+00 2.11599994e+00
    2.11599994e+00 2.12299991e+00 2.13499999e+00 1.47099996e+00 0. 0. 0.
    0. 0. 0. 0. 0. 0. 0. 0. 0. 0. 0. 0. 0. 0. 0. 0. 0. 0. 0. 0. 0. 0. 0.
    0. 0. 1.14699996e+00 1.87500000e+00 2.08599997e+00 2.08599997e+00
    2.08599997e+00 2.08999991e+00 2.11899996e+00 2.13700008e+00
    2.13700008e+00 2.13700008e+00 2.13700008e+00 2.13700008e+00
    2.07699990e+00 0. 0. 0. 0. 0. 0. 0. 0. 0. 0. 0. 0. 0. 0. 0. 0. 0. 0.
    0. 0. 0. 0. 0. 0. 0. 0. 0. 0. 1.46399999e+00 2.12500000e+00
    2.12500000e+00 2.12500000e+00 2.12599993e+00 2.13299990e+00
