<?xml version="1.0"?>
<opencv_storage>
<Depth type_id="opencv-matrix">
  <rows>40</rows>
  <cols>40</cols>
  <dt>f</dt>
  <data>
    0. 0. 0. 0. 0. 0. 0. 0. 0. 0. 0. 0. 0. 0. 0. 0. 0. 0. 0. 0. 0. 0. 0.
    0. 0. 0. 0. 0. 0. 0. 0. 0. 0. 0. 0. 0. 0. 0. 0. 0. 0. 0. 0. 0. 0. 0.
    0. 0. 0. 0. 0. 0. 0. 0. 0. 0. 0. 0. 0. 0. 0. 0. 0. 0. 0. 0. 0. 0. 0.
    0. 0. 0. 0. 0. 0. 0. 0. 0. 0. 0. 0. 0. 0. 0. 0. 0. 0. 0. 0. 0. 0. 0.
    0. 0. 0. 0. 0. 0. 0. 0. 0. 0. 0. 0. 0. 0. 0. 0. 0. 0. 0. 0. 0. 0. 0.
    0. 0. 0. 0. 0. 0. 0. 0. 0. 0. 0. 0. 0. 0. 0. 0. 0. 0. 0. 0. 0. 0. 0.
    0. 0. 0. 0. 0. 0. 0. 0. 0. 0. 0. 0. 0. 0. 0. 0. 0. 0. 0. 0. 0. 0. 0.
    0. 0. 0. 0. 0. 0. 0. 0. 0. 0. 0. 0. 0. 0. 0. 0. 0. 0. 0. 0. 0. 0. 0.
    0. 0. 0. 0. 0. 0. 0. 0. 0. 0. 0. 0. 0. 0. 0. 0. 0. 0. 0. 0. 0. 0. 0.
    0. 0. 0. 0. 0. 0. 0. 0. 0. 0. 0. 0. 0. 0. 0. 0. 0. 0. 0. 0. 0. 0. 0.
    0. 0. 0. 0. 0. 0. 0. 0. 0. 0. 0. 0. 0. 0. 0. 0. 0. 0. 0. 0. 0. 0. 0.
    0. 0. 0. 0. 0. 0. 0. 0. 0. 0. 0. 0. 0. 0. 0. 0. 0. 0. 0. 0. 0. 0. 0.
    0. 0. 0. 0. 0. 0. 0. 0. 0. 0. 0. 0. 0. 0. 0. 0. 0. 0. 0. 0. 0. 0. 0.
    0. 0. 0. 0. 0. 0. 0. 0. 0. 0. 0. 0. 0. 0. 0. 0. 0. 0. 0. 0. 0. 0. 0.
    0. 0. 0. 0. 0. 0. 0. 0. 0. 0. 0. 0. 0. 0. 0. 0. 0. 0. 0. 0. 0. 0. 0.
    0. 0. 0. 0. 0. 0. 0. 0. 0. 0. 0. 0. 0. 0. 0. 0. 0. 0. 0. 0. 0. 0.
    1.76499999e+00 1.76499999e+00 1.76499999e+00 1.76499999e+00
    1.76499999e+00 1.78699994e+00 1.82500005e+00 1.84099996e+00
    1.84099996e+00 1.84099996e+00 1.84099996e+00 1.84099996e+00
    1.84099996e+00 1.84099996e+00 1.84099996e+00 1.84099996e+00
    1.84099996e+00 1.25000000e+00 0. 0. 0. 0. 0. 0. 0. 0. 0. 0. 0. 0. 0.
    0. 0. 0. 0. 0. 0. 0. 0. 0. 1.76499999e+00 1.76499999e+00
    1.76499999e+00 1.76999998e+00 1.77999997e+00 1.80100000e+00
    1.82900000e+00 1.84099996e+00 1.84099996e+00 1.84099996e+00
    1.84099996e+00 1.84099996e+00 1.84099996e+00 1.84099996e+00
    1.84099996e+00 1.84099996e+00 1.84099996e+00 1.40400004e+00 0. 0. 0.
    0. 0. 0. 0. 0. 0. 0. 0. 0. 0. 0. 0. 0. 0. 0. 0. 0. 0. 0.
    1.76499999e+00 1.76499999e+00 1.76499999e+00 1.78100002e+00
    1.81099999e+00 1.82799995e+00 1.83700001e+00 1.84099996e+00
    1.84099996e+00 1.84099996e+00 1.84099996e+00 1.84099996e+00
    1.84099996e+00 1.84099996e+00 1.84099996e+00 1.84099996e+00
    1.84099996e+00 1.70400000e+00 1.51600003e+00 1.47000003e+00
    1.47000003e+00 0. 0. 0. 0. 0. 0. 0. 0. 0. 0. 0. 0. 0. 0. 0. 0. 0. 0.
    0. 1.76499999e+00 1.76999998e+00 1.78100002e+00 1.80100000e+00
    1.82900000e+00 1.84099996e+00 1.84099996e+00 1.84099996e+00
    1.84099996e+00 1.84099996e+00 1.84099996e+00 1.84099996e+00
    1.84099996e+00 1.84099996e+00 1.84099996e+00 1.84099996e+00
    1.84099996e+00 1.84899998e+00 1.86000001e+00 1.88000000e+00
    1.90199995e+00 1.26100004e+00 0. 0. 0. 0. 0. 0. 0. 0. 0. 0. 0. 0. 0.
    0. 0. 0. 0. 0. 1.76499999e+00 1.77999997e+00 1.81099999e+00
    1.82900000e+00 1.83700001e+00 1.84099996e+00 1.84099996e+00
    1.84099996e+00 1.84099996e+00 1.84099996e+00 1.84099996e+00
    1.84099996e+00 1.84099996e+00 1.84099996e+00 1.84099996e+00
    1.84099996e+00 1.84099996e+00 1.86399996e+00 1.89400005e+00
    1.95099998e+00 2.01600003e+00 1.33500004e+00 0. 0. 0. 0. 0. 0. 0. 0.
    0. 0. 0. 0. 0. 0. 0. 0. 0. 0. 1.76499999e+00 1.78499997e+00
    1.82299995e+00 1.84099996e+00 1.84099996e+00 1.84099996e+00
    1.84099996e+00 1.84099996e+00 1.84099996e+00 1.84099996e+00
    1.84099996e+00 1.84099996e+00 1.84099996e+00 1.84899998e+00
    1.86000001e+00 1.86300004e+00 1.86300004e+00 1.89300001e+00
    1.93299997e+00 1.99600005e+00 2.06800008e+00 1.57299995e+00 0. 0. 0.
    0. 0. 0. 0. 0. 0. 0. 0. 0. 0. 0. 0. 0. 0. 0. 1.76499999e+00
    1.78499997e+00 1.82299995e+00 1.84099996e+00 1.84099996e+00
    1.84099996e+00 1.84099996e+00 1.84099996e+00 1.84099996e+00
    1.84099996e+00 1.84099996e+00 1.84099996e+00 1.84099996e+00
    1.86199999e+00 1.89400005e+00 1.90300000e+00 1.90300000e+00
    1.93299997e+00 1.97399998e+00 2.02200007e+00 2.07200003e+00
    1.93599999e+00 1.74899995e+00 1.68700004e+00 1.65300000e+00
    1.64800000e+00 0. 0. 0. 0. 0. 0. 0. 0. 0. 0. 0. 0. 0. 0.
    1.78799999e+00 1.80200005e+00 1.82900000e+00 1.84099996e+00
    1.84099996e+00 1.84800005e+00 1.86000001e+00 1.86500001e+00
    1.86500001e+00 1.86500001e+00 1.86500001e+00 1.86500001e+00
    1.86500001e+00 1.89199996e+00 1.93200004e+00 1.95200002e+00
    1.96500003e+00 1.98899996e+00 2.01799989e+00 2.04699993e+00
    2.07699990e+00 2.08299994e+00 2.08299994e+00 2.04900002e+00
    2.00699997e+00 2. 0. 0. 0. 0. 0. 0. 0. 0. 0. 0. 0. 0. 0. 0.
    1.82599998e+00 1.83000004e+00 1.83800006e+00 1.84099996e+00
    1.84099996e+00 1.85899997e+00 1.89100003e+00 1.90400004e+00
    1.90400004e+00 1.90400004e+00 1.90400004e+00 1.90400004e+00
    1.90400004e+00 1.93200004e+00 1.97200000e+00 2.00799990e+00
    2.04200006e+00 2.05699992e+00 2.06500006e+00 2.07299995e+00
    2.08100009e+00 2.08299994e+00 2.08299994e+00 2.04900002e+00
    2.00699997e+00 2. 0. 0. 0. 0. 0. 0. 0. 0. 0. 0. 0. 0. 0. 0.
    1.84099996e+00 1.84099996e+00 1.84099996e+00 1.84800005e+00
    1.86000001e+00 1.88100004e+00 1.90799999e+00 1.91900003e+00
    1.91900003e+00 1.91900003e+00 1.91900003e+00 1.92700005e+00
    1.94000006e+00 1.97300005e+00 2.01399994e+00 2.04600000e+00
    2.07500005e+00 2.08299994e+00 2.08299994e+00 2.08299994e+00
    2.08299994e+00 2.07299995e+00 2.05900002e+00 2.01300001e+00
    1.95799994e+00 1.95000005e+00 0. 0. 0. 0. 0. 0. 0. 0. 0. 0. 0. 0. 0.
    0. 1.84099996e+00 1.84099996e+00 1.84099996e+00 1.85899997e+00
    1.89100003e+00 1.90900004e+00 1.91600001e+00 1.91900003e+00
    1.91900003e+00 1.91900003e+00 1.91900003e+00 1.94099998e+00
    1.97500002e+00 2.01399994e+00 2.05599999e+00 2.07399988e+00
    2.08100009e+00 2.08299994e+00 2.08299994e+00 2.08299994e+00
    2.08299994e+00 2.05599999e+00 2.02099991e+00 1.95500004e+00
    1.88100004e+00 1.86899996e+00 0. 0. 0. 0. 0. 0. 0. 0. 0. 0. 0. 0. 0.
    0. 1.84099996e+00 1.84800005e+00 1.86099994e+00 1.88100004e+00
    1.90799999e+00 1.91900003e+00 1.91900003e+00 1.91900003e+00
    1.91900003e+00 1.92700005e+00 1.94099998e+00 1.96399999e+00
    1.99100006e+00 2.03800011e+00 2.09500003e+00 2.11100006e+00
    2.11100006e+00 2.10100007e+00 2.08599997e+00 2.08299994e+00
    2.08299994e+00 2.04999995e+00 2.00799990e+00 1.93400002e+00
    1.85399997e+00 1.84099996e+00 0. 0. 0. 0. 0. 0. 0. 0. 0. 0. 0. 0. 0.
    0. 1.84099996e+00 1.85800004e+00 1.89100003e+00 1.90999997e+00
    1.91600001e+00 1.91900003e+00 1.91900003e+00 1.91900003e+00
    1.91900003e+00 1.94000006e+00 1.97500002e+00 1.99100006e+00
    1.99800003e+00 2.05299997e+00 2.13199997e+00 2.15499997e+00
    2.15499997e+00 2.12800002e+00 2.09200001e+00 2.08299994e+00
    2.08299994e+00 2.04999995e+00 2.00799990e+00 1.93400002e+00
    1.85399997e+00 1.84099996e+00 0. 0. 0. 0. 0. 0. 0. 0. 0. 0. 0. 0. 0.
    0. 1.86800003e+00 1.88100004e+00 1.90699995e+00 1.91900003e+00
    1.91900003e+00 1.92700005e+00 1.94099998e+00 1.94700003e+00
    1.94700003e+00 1.97300005e+00 2.01399994e+00 2.02800012e+00
    2.02800012e+00 2.07699990e+00 2.14800000e+00 2.16899991e+00
    2.16899991e+00 2.14800000e+00 2.11899996e+00 2.10100007e+00
    2.08599997e+00 2.06100011e+00 2.03399992e+00 1.95099998e+00
    1.85599995e+00 1.84099996e+00 0. 0. 0. 0. 0. 0. 0. 0. 0. 0. 0. 0. 0.
    0. 1.90699995e+00 1.90999997e+00 1.91600001e+00 1.91900003e+00
    1.91900003e+00 1.93900001e+00 1.97399998e+00 1.98800004e+00
    1.98800004e+00 2.01399994e+00 2.05599999e+00 2.07100010e+00
    2.07100010e+00 2.10400009e+00 2.15400004e+00 2.16899991e+00
    2.16899991e+00 2.16400003e+00 2.15799999e+00 2.12800002e+00
    2.09100008e+00 2.07800007e+00 2.07200003e+00 1.97599995e+00
    1.86000001e+00 1.84099996e+00 0. 0. 0. 0. 0. 0. 0. 0. 0. 0. 0. 0. 0.
    0. 0. 0. 0. 0. 1.66199994e+00 1.99300003e+00 2.01900005e+00
    2.02999997e+00 2.02999997e+00 2.04600000e+00 2.07399988e+00
    2.08299994e+00 2.08299994e+00 2.11299992e+00 2.15599990e+00
