<?xml version="1.0"?>
<opencv_storage>
<Depth type_id="opencv-matrix">
  <rows>40</rows>
  <cols>40</cols>
  <dt>f</dt>
  <data>
    0. 0. 0. 0. 0. 0. 0. 0. 0. 0. 0. 0. 0. 0. 0. 0. 0. 0. 0. 0. 0. 0. 0.
    0. 0. 0. 0. 0. 0. 0. 0. 0. 0. 0. 0. 0. 0. 0. 0. 0. 0. 0. 0. 0. 0. 0.
    0. 0. 0. 0. 0. 0. 0. 0. 0. 0. 0. 0. 0. 0. 0. 0. 0. 0. 0. 0. 0. 0. 0.
    0. 0. 0. 0. 0. 0. 0. 0. 0. 0. 0. 0. 0. 0. 0. 0. 0. 0. 0. 0. 0. 0. 0.
    0. 0. 0. 0. 0. 0. 0. 0. 0. 0. 0. 0. 0. 0. 0. 0. 0. 0. 0. 0. 0. 0. 0.
    0. 0. 0. 0. 0. 0. 0. 0. 0. 0. 0. 0. 0. 0. 0. 0. 0. 0. 0. 0. 0. 0. 0.
    0. 0. 0. 0. 0. 0. 0. 0. 0. 0. 0. 0. 0. 0. 0. 0. 0. 0. 0. 0. 0. 0. 0.
    0. 0. 0. 0. 0. 0. 0. 0. 0. 0. 0. 0. 0. 0. 0. 0. 0. 0. 0. 0. 0. 0. 0.
    0. 0. 0. 0. 0. 0. 0. 0. 0. 0. 0. 0. 0. 0. 0. 0. 0. 0. 0. 0. 0. 0. 0.
    0. 0. 1.88399994e+00 1.88399994e+00 1.88399994e+00 1.88399994e+00
    1.84000003e+00 1.79200006e+00 1.77100003e+00 1.77100003e+00
    1.77100003e+00 1.77100003e+00 1.77100003e+00 1.80900002e+00
    1.85699999e+00 1.88399994e+00 1.88399994e+00 1.88600004e+00
    1.93499994e+00 1.98399997e+00 0. 0. 0. 0. 0. 0. 0. 0. 0. 0. 0. 0. 0.
    0. 0. 0. 0. 0. 0. 0. 0. 0. 1.88399994e+00 1.88399994e+00
    1.88399994e+00 1.88399994e+00 1.85099995e+00 1.81599998e+00
    1.80100000e+00 1.80100000e+00 1.80100000e+00 1.80100000e+00
    1.80100000e+00 1.82900000e+00 1.86399996e+00 1.88399994e+00
    1.88399994e+00 1.88600004e+00 1.92200005e+00 1.95799994e+00 0. 0. 0.
    0. 0. 0. 0. 0. 0. 0. 0. 0. 0. 0. 0. 0. 0. 0. 0. 0. 0. 0.
    1.88399994e+00 1.88399994e+00 1.88399994e+00 1.88399994e+00
    1.88900006e+00 1.89499998e+00 1.89699996e+00 1.89699996e+00
    1.89699996e+00 1.89699996e+00 1.89699996e+00 1.89300001e+00
    1.88699996e+00 1.88399994e+00 1.88399994e+00 1.88399994e+00
    1.87899995e+00 1.87500000e+00 1.06500006e+00 0. 0. 0. 0. 0. 0. 0. 0.
    0. 0. 0. 0. 0. 0. 0. 0. 0. 0. 0. 0. 0. 1.88399994e+00 1.88399994e+00
    1.88399994e+00 1.88399994e+00 1.92700005e+00 1.97300005e+00
    1.99399996e+00 1.99399996e+00 1.99399996e+00 1.99399996e+00
    1.99399996e+00 1.95700002e+00 1.90999997e+00 1.88399994e+00
    1.88399994e+00 1.88199997e+00 1.83700001e+00 1.79200006e+00
    1.72800004e+00 1.65400004e+00 1.60200000e+00 0. 0. 0. 0. 0. 0. 0. 0.
    0. 0. 0. 0. 0. 0. 0. 0. 0. 0. 0. 1.97800004e+00 1.97800004e+00
    1.97800004e+00 1.97800004e+00 2.00500011e+00 2.03500009e+00
    2.04800010e+00 2.04800010e+00 2.04800010e+00 2.04800010e+00
    2.04800010e+00 2.00799990e+00 1.95799994e+00 1.92999995e+00
    1.92999995e+00 1.92600000e+00 1.86000001e+00 1.79299998e+00
    1.77100003e+00 1.77100003e+00 1.77100003e+00 0. 0. 0. 0. 0. 0. 0. 0.
    0. 0. 0. 0. 0. 0. 0. 0. 0. 0. 0. 2.07800007e+00 2.07800007e+00
    2.07800007e+00 2.07800007e+00 2.08599997e+00 2.09500003e+00
    2.09899998e+00 2.09899998e+00 2.09899998e+00 2.09899998e+00
    2.09899998e+00 2.05800009e+00 2.00799990e+00 1.97800004e+00
    1.97800004e+00 1.97399998e+00 1.88699996e+00 1.79999995e+00
    1.77100003e+00 1.77100003e+00 1.77100003e+00 0. 0. 0. 0. 0. 0. 0. 0.
    0. 0. 0. 0. 0. 0. 0. 0. 0. 0. 0. 2.12199998e+00 2.12199998e+00
    2.12199998e+00 2.12199998e+00 2.12199998e+00 2.12199998e+00
    2.12199998e+00 2.12199998e+00 2.12199998e+00 2.12199998e+00
    2.12199998e+00 2.08100009e+00 2.02900004e+00 2. 2. 1.99500000e+00
    1.89900005e+00 1.80299997e+00 1.77100003e+00 1.77100003e+00
    1.77100003e+00 0. 0. 0. 0. 0. 0. 0. 0. 0. 0. 0. 0. 0. 0. 0. 0. 0. 0.
    0. 2.12199998e+00 2.12199998e+00 2.12199998e+00 2.12199998e+00
    2.12199998e+00 2.12199998e+00 2.12199998e+00 2.12199998e+00
    2.12199998e+00 2.12199998e+00 2.12199998e+00 2.08100009e+00
    2.02900004e+00 2. 2. 1.99500000e+00 1.89900005e+00 1.80299997e+00
    1.77100003e+00 1.77100003e+00 1.77100003e+00 0. 0. 0. 0. 0. 0. 0. 0.
    0. 0. 0. 0. 0. 0. 0. 0. 0. 0. 0. 2.12199998e+00 2.12199998e+00
    2.12199998e+00 2.12199998e+00 2.12199998e+00 2.12199998e+00
    2.12199998e+00 2.12199998e+00 2.12199998e+00 2.12199998e+00
    2.12199998e+00 2.08100009e+00 2.02900004e+00 1.99800003e+00
    1.99500000e+00 1.98699999e+00 1.89400005e+00 1.80100000e+00
    1.77100003e+00 1.77100003e+00 1.77100003e+00 0. 0. 0. 0. 0. 0. 0. 0.
    0. 0. 0. 0. 0. 0. 0. 0. 0. 0. 0. 2.12199998e+00 2.12199998e+00
    2.12199998e+00 2.12199998e+00 2.12199998e+00 2.12199998e+00
    2.12199998e+00 2.12199998e+00 2.12199998e+00 2.12199998e+00
    2.12199998e+00 2.08100009e+00 2.02900004e+00 1.99000001e+00
    1.96500003e+00 1.93900001e+00 1.86699998e+00 1.79499996e+00
    1.77100003e+00 1.77100003e+00 1.77100003e+00 0. 0. 0. 0. 0. 0. 0. 0.
    0. 0. 0. 0. 0. 0. 0. 0. 0. 0. 0. 2.12199998e+00 2.12199998e+00
    2.12199998e+00 2.12199998e+00 2.12199998e+00 2.12199998e+00
    2.12199998e+00 2.12199998e+00 2.12199998e+00 2.12199998e+00
    2.12199998e+00 2.08100009e+00 2.02900004e+00 1.98099995e+00
    1.93599999e+00 1.89100003e+00 1.83899999e+00 1.78799999e+00
    1.77100003e+00 1.77100003e+00 1.77100003e+00 0. 0. 0. 0. 0. 0. 0. 0.
    0. 0. 0. 0. 0. 0. 0. 0. 0. 0. 0. 2.08100009e+00 2.08100009e+00
    2.08100009e+00 2.08100009e+00 2.09699988e+00 2.11400008e+00
    2.12199998e+00 2.12199998e+00 2.12199998e+00 2.12199998e+00
    2.12199998e+00 2.08100009e+00 2.02900004e+00 1.97899997e+00
    1.92999995e+00 1.88199997e+00 1.85099995e+00 1.82000005e+00
    1.80900002e+00 1.80900002e+00 1.80900002e+00 0. 0. 0. 0. 0. 0. 0. 0.
    0. 0. 0. 0. 0. 0. 0. 0. 0. 0. 0. 2.02900004e+00 2.02900004e+00
    2.02900004e+00 2.02900004e+00 2.06599998e+00 2.10500002e+00
    2.12199998e+00 2.12199998e+00 2.12199998e+00 2.12199998e+00
    2.12199998e+00 2.08100009e+00 2.02900004e+00 1.97899997e+00
    1.92999995e+00 1.88300002e+00 1.87199998e+00 1.86000001e+00
    1.85699999e+00 1.85699999e+00 1.85699999e+00 0. 0. 0. 0. 0. 0. 0. 0.
    0. 0. 0. 0. 0. 0. 0. 0. 0. 0. 0. 1.97899997e+00 1.97899997e+00
    1.97899997e+00 1.97899997e+00 2.02699995e+00 2.07800007e+00
    2.09999990e+00 2.09999990e+00 2.09999990e+00 2.09999990e+00
    2.09999990e+00 2.06599998e+00 2.02399993e+00 1.98300004e+00
    1.94299996e+00 1.90499997e+00 1.90499997e+00 1.90499997e+00
    1.90499997e+00 1.90499997e+00 1.90499997e+00 0. 0. 0. 0. 0. 0. 0. 0.
    0. 0. 0. 0. 0. 0. 0. 0. 0. 0. 0. 1.92999995e+00 1.92999995e+00
    1.92999995e+00 1.92999995e+00 1.97700000e+00 2.02699995e+00
    2.04900002e+00 2.04900002e+00 2.04900002e+00 2.04900002e+00
    2.04900002e+00 2.03200006e+00 2.01200008e+00 1.99199998e+00
    1.97200000e+00 1.95400000e+00 1.95400000e+00 1.95400000e+00
    1.95400000e+00 1.95400000e+00 1.95400000e+00 0. 0. 0. 0. 0. 0. 0. 0.
    0. 0. 0. 0. 0. 0. 0. 0. 0. 0. 0. 1.88399994e+00 1.88399994e+00
    1.88399994e+00 1.88399994e+00 1.92999995e+00 1.97800004e+00 2. 2. 2.
    2. 2. 2. 2. 2. 2. 2. 2. 2. 2. 2. 2. 0. 0. 0. 0. 0. 0. 0. 0. 0. 0. 0.
    0. 0. 0. 0. 0. 0. 0. 0. 1.88399994e+00 1.88399994e+00 1.88399994e+00
    1.88399994e+00 1.92999995e+00 1.97800004e+00 2. 2. 2. 2. 2. 2. 2. 2.
    2. 2. 2. 2. 2. 2. 2. 0. 0. 0. 0. 0. 0. 0. 0. 0. 0. 0. 0. 0. 0. 0. 0.
    0. 0. 0. 1.88399994e+00 1.88399994e+00 1.88399994e+00 1.88399994e+00
    1.92999995e+00 1.97800004e+00 2. 2. 2. 2. 2. 2. 2. 2. 2. 2. 2. 2. 2.
    2. 2. 0. 0. 0. 0. 0. 0. 0. 0. 0. 0. 0. 0. 0. 0. 0. 0. 0. 0. 0.
    1.85200000e+00 1.86099994e+00 1.88800001e+00 1.91499996e+00
    1.93700004e+00 1.95799994e+00 1.96700001e+00 1.96700001e+00
    1.96700001e+00 1.96700001e+00 1.96700001e+00 1.97800004e+00
    1.99199998e+00 2. 2. 2.00099993e+00 2.01500010e+00 2.02999997e+00
    1.51400006e+00 0. 0. 0. 0. 0. 0. 0. 0. 0. 0. 0. 0. 0. 0. 0. 0. 0. 0.
    0. 0. 0. 1.80400002e+00 1.82599998e+00 1.89300001e+00 1.96099997e+00
    1.94700003e+00 1.92700005e+00 1.91799998e+00 1.91799998e+00
    1.91799998e+00 1.91799998e+00 1.91799998e+00 1.94599998e+00
    1.98000002e+00 2. 2. 2.00200009e+00 2.03800011e+00 2.07399988e+00 0.
    0. 0. 0. 0. 0. 0. 0. 0. 0. 0. 0. 0. 0. 0. 0. 0. 0. 0. 0. 0. 0.
    1.77100003e+00 1.79700005e+00 1.88199997e+00 1.96599996e+00
    1.93200004e+00 1.88900006e+00 1.87000000e+00 1.87000000e+00
