<?xml version="1.0"?>
<opencv_storage>
<Depth type_id="opencv-matrix">
  <rows>40</rows>
  <cols>40</cols>
  <dt>f</dt>
  <data>
    0. 0. 0. 0. 0. 0. 0. 0. 0. 0. 0. 0. 0. 0. 0. 0. 0. 0. 0. 0. 0. 0. 0.
    0. 0. 0. 0. 0. 0. 0. 0. 0. 0. 0. 0. 0. 0. 0. 0. 0. 0. 0. 0. 0. 0. 0.
    0. 0. 0. 0. 0. 2.03800011e+00 2.02999997e+00 2.03099990e+00
    2.04600000e+00 2.04500008e+00 2.04500008e+00 2.04299998e+00
    2.02900004e+00 2.02099991e+00 2.01900005e+00 2.00999999e+00 0. 0. 0.
    0. 0. 0. 0. 0. 0. 0. 0. 0. 0. 0. 0. 0. 0. 0. 0. 0. 0. 0. 0. 0. 0. 0.
    0. 0. 0. 2.03800011e+00 2.03600001e+00 2.03699994e+00 2.03999996e+00
    2.02999997e+00 2.02999997e+00 2.03500009e+00 2.02900004e+00
    2.02800012e+00 2.01900005e+00 2.01399994e+00 2.01300001e+00 0. 0. 0.
    0. 0. 0. 0. 0. 0. 0. 0. 0. 0. 0. 0. 0. 0. 0. 0. 0. 0. 0. 0. 0. 0. 0.
    0. 2.36500001e+00 2.04399991e+00 2.03800011e+00 2.03800011e+00
    2.02900004e+00 2.01900005e+00 2.01900005e+00 2.01900005e+00
    2.02699995e+00 2.02300000e+00 2.01900005e+00 2.01500010e+00
    2.01200008e+00 2.85200000e+00 2.86100006e+00 2.86100006e+00
    2.88100004e+00 0. 0. 0. 0. 0. 0. 0. 0. 0. 0. 0. 0. 0. 0. 0. 0. 0. 0.
    0. 0. 0. 0. 2.12800002e+00 2.08999991e+00 2.05200005e+00
    2.03900003e+00 2.03800011e+00 2.02900004e+00 2.02600002e+00
    2.02600002e+00 2.01900005e+00 2.02099991e+00 2.01900005e+00
    2.01200008e+00 2.01099992e+00 2.01200008e+00 2.83599997e+00
    2.83200002e+00 2.83200002e+00 2.83599997e+00 2.84800005e+00
    2.89700007e+00 0. 0. 0. 0. 0. 0. 0. 0. 0. 0. 0. 0. 0. 0. 0. 0. 0. 0.
    0. 0. 2.13100004e+00 2.10200000e+00 2.06100011e+00 2.03999996e+00
    2.02800012e+00 2.02800012e+00 2.02800012e+00 2.01999998e+00
    2.01900005e+00 2.01900005e+00 2.01900005e+00 2.01300001e+00
    2.00999999e+00 2.00999999e+00 2.42199993e+00 2.79999995e+00
    2.78800011e+00 2.78900003e+00 2.81200004e+00 2.82800007e+00
    2.84500003e+00 0. 0. 0. 0. 0. 0. 0. 0. 0. 0. 0. 0. 0. 0. 0. 0. 0. 0.
    0. 2.14499998e+00 2.11400008e+00 2.06399989e+00 2.04099989e+00
    2.02800012e+00 2.02800012e+00 2.03299999e+00 2.01999998e+00
    2.01900005e+00 2.01900005e+00 2.01900005e+00 2.01900005e+00
    2.01399994e+00 2.00999999e+00 2.40400004e+00 2.75900006e+00
    2.75900006e+00 2.75900006e+00 2.76999998e+00 2.79699993e+00
    2.80999994e+00 0. 0. 0. 0. 0. 0. 0. 0. 0. 0. 0. 0. 0. 0. 0. 0. 0. 0.
    0. 2.18300009e+00 2.11999989e+00 2.07399988e+00 2.03800011e+00
    2.02500010e+00 2.02500010e+00 2.02300000e+00 2.01900005e+00
    2.01900005e+00 2.01900005e+00 2.01900005e+00 2.01900005e+00
    2.01900005e+00 2.01600003e+00 2.38400006e+00 2.72399998e+00
    2.72399998e+00 2.72399998e+00 2.73900008e+00 2.74900007e+00
    2.76099992e+00 0. 0. 0. 0. 0. 0. 0. 0. 0. 0. 0. 0. 0. 0. 0. 0. 0. 0.
    0. 2.18400002e+00 2.12700009e+00 2.07800007e+00 2.03299999e+00
    2.01900005e+00 2.01900005e+00 2.01900005e+00 2.01900005e+00
    2.01900005e+00 2.01900005e+00 2.01900005e+00 2.01900005e+00
    2.01500010e+00 2.00999999e+00 2.36199999e+00 2.68600011e+00
    2.68600011e+00 2.68700004e+00 2.71300006e+00 2.72300005e+00
    2.73799992e+00 0. 0. 0. 0. 0. 0. 0. 0. 0. 0. 0. 0. 0. 0. 0. 0. 0. 0.
    0. 2.18199992e+00 2.13899994e+00 2.09500003e+00 2.03600001e+00
    2.01900005e+00 2.01099992e+00 2.01300001e+00 2.01900005e+00
    2.01900005e+00 2.01900005e+00 2.01300001e+00 2.00999999e+00
    2.00999999e+00 2. 1.99100006e+00 2.66599989e+00 2.66599989e+00
    2.67700005e+00 2.69400001e+00 2.70099998e+00 2.70099998e+00 0. 0. 0.
    0. 0. 0. 0. 0. 0. 0. 0. 0. 0. 0. 0. 0. 0. 0. 0. 2.17799997e+00
    2.14499998e+00 2.10800004e+00 2.05299997e+00 2.02500010e+00
    2.01099992e+00 2.01300001e+00 2.01900005e+00 2.01900005e+00
    2.01900005e+00 2.00999999e+00 2.00999999e+00 2.00999999e+00
    2.00900006e+00 1.99899995e+00 2.66599989e+00 2.66599989e+00
    2.66599989e+00 2.67799997e+00 2.68499994e+00 2.68499994e+00 0. 0. 0.
    0. 0. 0. 0. 0. 0. 0. 0. 0. 0. 0. 0. 0. 0. 0. 0. 2.17000008e+00
    2.15300012e+00 2.12199998e+00 2.06100011e+00 2.03200006e+00
    2.01999998e+00 2.01900005e+00 2.01500010e+00 2.01300001e+00
    2.00999999e+00 2.00999999e+00 2.00999999e+00 2.00999999e+00
    2.00999999e+00 2.00999999e+00 2.03600001e+00 2.65300012e+00
    2.64899993e+00 2.65899992e+00 2.65799999e+00 2.65799999e+00 0. 0. 0.
    0. 0. 0. 0. 0. 0. 0. 0. 0. 0. 0. 0. 0. 0. 0. 0. 2.17000008e+00
    2.16199994e+00 2.12599993e+00 2.05599999e+00 2.02800012e+00
    2.01999998e+00 2.01600003e+00 2.00999999e+00 2.00999999e+00
    2.00999999e+00 2.00999999e+00 2.00999999e+00 2.00500011e+00 2. 2.
    2.02500010e+00 2.63299990e+00 2.63299990e+00 2.64299989e+00
    2.63299990e+00 2.63299990e+00 0. 0. 0. 0. 0. 0. 0. 0. 0. 0. 0. 0. 0.
    0. 0. 0. 0. 0. 0. 2.20799994e+00 2.16599989e+00 2.12599993e+00
    2.06800008e+00 2.03800011e+00 2.01999998e+00 2.00999999e+00
    2.00999999e+00 2.00999999e+00 2.00999999e+00 2.00799990e+00
    2.00500011e+00 1.99600005e+00 1.99100006e+00 2. 1.98699999e+00
    2.34200001e+00 2.61500001e+00 2.62500000e+00 2.63199997e+00
    2.63199997e+00 0. 0. 0. 0. 0. 0. 0. 0. 0. 0. 0. 0. 0. 0. 0. 0. 0. 0.
    0. 2.20400000e+00 2.17000008e+00 2.12599993e+00 2.08100009e+00
    2.05699992e+00 2.02200007e+00 2.00999999e+00 2.00999999e+00 2. 2. 2.
    2. 1.99600005e+00 1.99100006e+00 1.99100006e+00 1.98199999e+00
    2.33500004e+00 2.61500001e+00 2.61500001e+00 2.61700010e+00
    2.63199997e+00 0. 0. 0. 0. 0. 0. 0. 0. 0. 0. 0. 0. 0. 0. 0. 0. 0. 0.
    0. 2.20400000e+00 2.16100001e+00 2.12899995e+00 2.09500003e+00
    2.06699991e+00 2.02699995e+00 2.00999999e+00 2.00999999e+00 2. 2.
    1.99500000e+00 2. 1.99100006e+00 1.99100006e+00 1.98599994e+00
    1.98199999e+00 2.33500004e+00 2.61500001e+00 2.61500001e+00
    2.61599994e+00 2.61800003e+00 0. 0. 0. 0. 0. 0. 0. 0. 0. 0. 0. 0. 0.
    0. 0. 0. 0. 0. 0. 2.50500011e+00 2.48200011e+00 2.13499999e+00
    2.11100006e+00 2.06399989e+00 2.02200007e+00 2.00600004e+00 2. 2. 2.
    1.99100006e+00 2. 2. 1.99100006e+00 1.99100006e+00 1.99100006e+00
    1.99100006e+00 2.59899998e+00 2.60899997e+00 2.61500001e+00
    2.61500001e+00 0. 0. 0. 0. 0. 0. 0. 0. 0. 0. 0. 0. 0. 0. 0. 0. 0. 0.
    0. 2.50500011e+00 2.48799992e+00 2.15100002e+00 2.12599993e+00
    2.06399989e+00 2.02200007e+00 2.00600004e+00 2. 2. 2. 2. 2. 2.
    1.99100006e+00 1.99100006e+00 1.98599994e+00 1.98899996e+00
    2.28600001e+00 2.60899997e+00 2.61500001e+00 2.61500001e+00 0. 0. 0.
    0. 0. 0. 0. 0. 0. 0. 0. 0. 0. 0. 0. 0. 0. 0. 0. 2.50500011e+00
    2.49399996e+00 2.15300012e+00 2.12100005e+00 2.06800008e+00
    2.02300000e+00 2.00600004e+00 2. 2. 2. 2. 2. 1.99600005e+00
    1.99100006e+00 1.98199999e+00 1.98199999e+00 1.98199999e+00
    2.03800011e+00 2.61500001e+00 2.61500001e+00 2.60500002e+00 0. 0. 0.
    0. 0. 0. 0. 0. 0. 0. 0. 0. 0. 0. 0. 0. 0. 0. 0. 2.50500011e+00
    2.50500011e+00 2.15799999e+00 2.12599993e+00 2.08500004e+00
    2.03600001e+00 2.00300002e+00 2. 2. 2. 2. 2. 1.99300003e+00
    1.98599994e+00 1.98199999e+00 1.98199999e+00 1.98199999e+00
    2.03099990e+00 2.61500001e+00 2.61500001e+00 2.60500002e+00 0. 0. 0.
    0. 0. 0. 0. 0. 0. 0. 0. 0. 0. 0. 0. 0. 0. 0. 0. 2.50500011e+00
    2.51699996e+00 2.38199997e+00 2.13000011e+00 2.10100007e+00
    2.04600000e+00 1.99100006e+00 1.99100006e+00 1.99100006e+00
    1.99100006e+00 1.99100006e+00 1.99100006e+00 1.98599994e+00
    1.98199999e+00 1.98199999e+00 1.98199999e+00 1.98199999e+00
    2.00999999e+00 2.36999989e+00 2.61500001e+00 2.60500002e+00 0. 0. 0.
    0. 0. 0. 0. 0. 0. 0. 0. 0. 0. 0. 0. 0. 0. 0. 0. 2.50699997e+00
    2.51900005e+00 2.19000006e+00 2.13800001e+00 2.11500001e+00
    2.06500006e+00 1.99500000e+00 1.99100006e+00 1.99100006e+00
    1.99100006e+00 1.99100006e+00 1.99100006e+00 1.98199999e+00
    1.98199999e+00 1.98199999e+00 1.98199999e+00 1.98199999e+00
    2.00399995e+00 2.36800003e+00 2.61500001e+00 2.60500002e+00 0. 0. 0.
    0. 0. 0. 0. 0. 0. 0. 0. 0. 0. 0. 0. 0. 0. 0. 0. 2.51999998e+00
    2.51999998e+00 2.41599989e+00 2.16199994e+00 2.11800003e+00
