<?xml version="1.0"?>
<opencv_storage>
<Depth type_id="opencv-matrix">
  <rows>40</rows>
  <cols>40</cols>
  <dt>f</dt>
  <data>
    0. 0. 0. 0. 0. 0. 0. 0. 0. 0. 0. 0. 0. 0. 0. 0. 0. 0. 0. 0. 0. 0. 0.
    0. 0. 0. 0. 0. 0. 0. 0. 0. 0. 0. 0. 0. 0. 0. 0. 0. 0. 0. 0. 0. 0. 0.
    0. 0. 0. 0. 0. 0. 0. 0. 0. 0. 0. 0. 0. 0. 0. 0. 0. 0. 0. 0. 0. 0. 0.
    0. 0. 0. 0. 0. 0. 0. 0. 0. 0. 0. 0. 0. 0. 0. 0. 0. 0. 0. 0. 0. 0. 0.
    0. 0. 0. 0. 0. 0. 0. 0. 0. 0. 0. 0. 0. 0. 0. 0. 0. 0. 0. 0. 0. 0. 0.
    0. 0. 0. 0. 0. 0. 0. 0. 0. 0. 0. 0. 0. 0. 0. 0. 0. 0. 0. 0. 0. 0. 0.
    0. 0. 0. 0. 0. 0. 0. 0. 0. 0. 0. 0. 0. 0. 0. 0. 0. 0. 0. 0. 0. 0. 0.
    0. 0. 0. 0. 0. 0. 0. 0. 0. 0. 0. 0. 0. 0. 0. 0. 0. 0. 0. 0. 0. 0. 0.
    0. 0. 0. 0. 0. 0. 0. 0. 0. 0. 0. 0. 0. 0. 0. 0. 0. 0. 0. 0. 0. 0. 0.
    0. 0. 0. 0. 0. 0. 0. 0. 0. 0. 0. 0. 0. 0. 0. 0. 0. 0. 0. 0. 0. 0. 0.
    0. 0. 0. 0. 0. 0. 0. 0. 0. 0. 0. 0. 0. 0. 0. 0. 0. 0. 0. 0. 0. 0. 0.
    0. 0. 0. 0. 0. 0. 0. 0. 0. 0. 0. 0. 0. 0. 0. 0. 0. 0. 0. 0. 0. 0. 0.
    0. 0. 0. 0. 0. 0. 0. 0. 0. 0. 0. 0. 0. 0. 0. 0. 0. 0. 0. 0. 0. 0. 0.
    0. 0. 0. 0. 0. 0. 0. 0. 0. 0. 0. 0. 0. 0. 0. 0. 0. 0. 0. 0. 0. 0. 0.
    0. 0. 0. 0. 0. 0. 0. 0. 0. 0. 0. 0. 0. 0. 0. 0. 0. 0. 0. 0. 0. 0. 0.
    0. 0. 0. 0. 0. 0. 0. 0. 0. 0. 0. 0. 0. 0. 0. 0. 0. 0. 0. 0. 0. 0. 0.
    0. 0. 0. 0. 0. 0. 0. 0. 0. 0. 0. 0. 0. 0. 0. 0. 0. 0. 0. 0. 0. 0. 0.
    0. 0. 0. 0. 0. 0. 0. 0. 0. 0. 0. 0. 0. 0. 0. 0. 0. 0. 0. 0. 0. 0. 0.
    0. 0. 0. 0. 0. 0. 0. 0. 0. 0. 0. 0. 0. 0. 0. 0. 0. 0. 0. 0. 0. 0. 0.
    0. 0. 0. 0. 0. 0. 0. 0. 0. 0. 0. 0. 0. 0. 0. 0. 0. 0. 0. 0. 0. 0. 0.
    0. 0. 0. 0. 0. 0. 0. 0. 0. 0. 0. 0. 0. 0. 0. 0. 0. 0. 0. 0. 0. 0. 0.
    0. 0. 0. 0. 0. 0. 0. 0. 0. 0. 0. 0. 0. 0. 0. 0. 0. 0. 0. 0. 0. 0. 0.
    0. 0. 0. 0. 0. 0. 0. 0. 0. 0. 0. 0. 0. 0. 0. 0. 0. 0. 0. 0. 0. 0. 0.
    0. 0. 1.72000003e+00 1.72300005e+00 1.74300003e+00 1.76400006e+00
    1.76699996e+00 1.79700005e+00 1.81599998e+00 1.82500005e+00
    1.84599996e+00 1.86800003e+00 1.89100003e+00 1.93499994e+00
    1.94500005e+00 1.96000004e+00 1.98399997e+00 2.00799990e+00
    2.02800012e+00 2.02800012e+00 2.05399990e+00 2.05699992e+00
    1.49500000e+00 1.14199996e+00 1.13399994e+00 0. 0. 0. 0. 0. 0. 0. 0.
    0. 0. 0. 0. 1.10599995e+00 1.10599995e+00 1.09500003e+00
    1.08899999e+00 1.35099995e+00 1.73800004e+00 1.73899996e+00
    1.74300003e+00 1.76400006e+00 1.78100002e+00 1.80400002e+00
    1.82599998e+00 1.84500003e+00 1.86600006e+00 1.89100003e+00
    1.93200004e+00 1.94299996e+00 1.96000004e+00 1.97000003e+00
    1.99300003e+00 2.03099990e+00 2.05100012e+00 2.05100012e+00
    2.05599999e+00 2.07399988e+00 1.98300004e+00 1.53999996e+00
    1.13399994e+00 0. 0. 0. 0. 0. 0. 0. 0. 0. 0. 0. 0. 1.63800001e+00
    1.64900005e+00 1.63800001e+00 1.63100004e+00 1.67600000e+00
    1.74300003e+00 1.74500000e+00 1.75899994e+00 1.76600003e+00
    1.78499997e+00 1.80599999e+00 1.82799995e+00 1.85000002e+00
    1.87500000e+00 1.91199994e+00 1.94299996e+00 1.96000004e+00
    1.96899998e+00 1.98199999e+00 2.01399994e+00 2.04999995e+00
    2.05699992e+00 2.05699992e+00 2.07399988e+00 2.08400011e+00
    2.11700010e+00 1.98800004e+00 1.83099997e+00 0. 0. 0. 0. 0. 0. 0. 0.
    0. 0. 0. 0. 1.63100004e+00 1.64800000e+00 1.64499998e+00
    1.66799998e+00 1.71200001e+00 1.74600005e+00 1.75699997e+00
    1.76699996e+00 1.77800000e+00 1.79799998e+00 1.81099999e+00
    1.82799995e+00 1.85000002e+00 1.88000000e+00 1.93499994e+00
    1.95799994e+00 1.97000003e+00 1.98199999e+00 2.00200009e+00
    2.03200006e+00 2.05699992e+00 2.05900002e+00 2.07299995e+00
    2.08400011e+00 2.09800005e+00 2.12899995e+00 2.16899991e+00
    2.19400001e+00 0. 0. 0. 0. 0. 0. 0. 0. 0. 0. 0. 0. 1.63100004e+00
    1.64800000e+00 1.65199995e+00 1.70099998e+00 1.75100005e+00
    1.76600003e+00 1.77800000e+00 1.78699994e+00 1.79900002e+00
    1.81200004e+00 1.82200003e+00 1.83800006e+00 1.86000001e+00
    1.89100003e+00 1.94700003e+00 1.97099996e+00 1.98099995e+00
    2.00200009e+00 2.02699995e+00 2.05200005e+00 2.06900001e+00
    2.07100010e+00 2.08599997e+00 2.08599997e+00 2.11800003e+00
    2.14700007e+00 2.18300009e+00 2.20799994e+00 0. 0. 0. 0. 0. 0. 0. 0.
    0. 0. 0. 0. 1.63100004e+00 1.65300000e+00 1.67499995e+00
    1.71899998e+00 1.76900005e+00 1.79799998e+00 1.79999995e+00
    1.81599998e+00 1.81599998e+00 1.82099998e+00 1.83800006e+00
    1.86000001e+00 1.88199997e+00 1.90999997e+00 1.95400000e+00
    1.97800004e+00 2.00200009e+00 2.02699995e+00 2.05200005e+00
    2.07399988e+00 2.08599997e+00 2.08699989e+00 2.09400010e+00
    2.10100007e+00 2.14100003e+00 2.17400002e+00 2.20099998e+00
    2.21700001e+00 0. 0. 0. 0. 0. 0. 0. 0. 0. 0. 0. 0. 1.43299997e+00
    1.63699996e+00 1.74100006e+00 1.76699996e+00 1.78699994e+00
    1.81700003e+00 1.81900001e+00 1.81900001e+00 1.81900001e+00
    1.83800006e+00 1.86000001e+00 1.88199997e+00 1.90499997e+00
    1.93299997e+00 1.97800004e+00 2.00200009e+00 2.02699995e+00
    2.04900002e+00 2.07299995e+00 2.08599997e+00 2.08699989e+00
    2.09500003e+00 2.12100005e+00 2.14700007e+00 2.17700005e+00
    2.20199990e+00 2.22600007e+00 2.24099994e+00 0. 0. 0. 0. 0. 0. 0. 0.
    0. 0. 0. 0. 0. 1.44799995e+00 1.76400006e+00 1.76699996e+00
    1.78699994e+00 1.82299995e+00 1.84099996e+00 1.84099996e+00
    1.84099996e+00 1.86000001e+00 1.88199997e+00 1.90400004e+00
    1.92700005e+00 1.95700002e+00 2.00200009e+00 2.02699995e+00
    2.05200005e+00 2.05699992e+00 2.07299995e+00 2.08599997e+00
    2.09500003e+00 2.12100005e+00 2.14700007e+00 2.17400002e+00
    2.22499990e+00 2.24099994e+00 2.24099994e+00 2.24099994e+00 0. 0. 0.
    0. 0. 0. 0. 0. 0. 0. 0. 0. 0. 0. 1.33000004e+00 1.78799999e+00
    1.79900002e+00 1.82299995e+00 1.84099996e+00 1.84099996e+00
    1.86000001e+00 1.88199997e+00 1.90400004e+00 1.92700005e+00
    1.94299996e+00 1.95700002e+00 2.00399995e+00 2.04999995e+00
    2.05599999e+00 2.07399988e+00 2.08400011e+00 2.10800004e+00
    2.14700007e+00 2.17000008e+00 2.17400002e+00 2.22600007e+00
    2.23900008e+00 2.25799990e+00 2.26900005e+00 2.26900005e+00 0. 0. 0.
    0. 0. 0. 0. 0. 0. 0. 0. 0. 0. 0. 0. 1.25899994e+00 1.81200004e+00
    1.82299995e+00 1.84399998e+00 1.86000001e+00 1.88199997e+00
    1.90400004e+00 1.92700005e+00 1.94099998e+00 1.95200002e+00
    1.97700000e+00 2.02399993e+00 2.05500007e+00 2.07399988e+00
    2.09899998e+00 2.11999989e+00 2.14599991e+00 2.17100000e+00
    2.18000007e+00 2.20099998e+00 2.23600006e+00 2.24099994e+00
    2.26099992e+00 2.28500009e+00 2.29800010e+00 0. 0. 0. 0. 0. 0. 0. 0.
    0. 0. 0. 0. 0. 0. 0. 0. 1.24600005e+00 1.84899998e+00 1.85800004e+00
    1.86600006e+00 1.90199995e+00 1.92700005e+00 1.94099998e+00
    1.95299995e+00 1.97099996e+00 2.00099993e+00 2.04800010e+00
    2.07299995e+00 2.08400011e+00 2.10599995e+00 2.13199997e+00
    2.15899992e+00 2.17700005e+00 2.18199992e+00 2.20900011e+00
    2.23699999e+00 2.24099994e+00 2.26099992e+00 1.28499997e+00 0. 0. 0.
    0. 0. 0. 0. 0. 0. 0. 0. 0. 0. 0. 0. 0. 0. 0. 1.29400003e+00
    1.87800002e+00 1.87899995e+00 1.92400002e+00 1.95099998e+00
    1.95799994e+00 1.97099996e+00 1.99500000e+00 2.02200007e+00
    2.05900002e+00 2.08400011e+00 2.09800005e+00 2.12100005e+00
    2.14700007e+00 2.16700006e+00 2.18099999e+00 2.19400001e+00
    2.20900011e+00 2.23699999e+00 2.24099994e+00 1.27199996e+00 0. 0. 0.
    0. 0. 0. 0. 0. 0. 0. 0. 0. 0. 0. 0. 0. 0. 0. 0. 0. 1.39900005e+00
    1.93900001e+00 1.96899998e+00 1.98699999e+00 1.99100006e+00 2.
    2.01600003e+00 2.03600001e+00 2.06800008e+00 2.08500004e+00
    2.10999990e+00 2.14400005e+00 2.16799998e+00 2.18099999e+00
    2.19300008e+00 2.21000004e+00 2.22000003e+00 2.24799991e+00
    2.25200009e+00 0. 0. 0. 0. 0. 0. 0. 0. 0. 0. 0. 0. 0. 0. 0. 0. 0. 0.
    0. 0. 0. 0. 2.02800012e+00 2.02800012e+00 2.02800012e+00
    2.02800012e+00 2.02800012e+00 2.02800012e+00 2.03999996e+00
    2.08599997e+00 2.08599997e+00 2.10999990e+00 2.15700006e+00
    2.17700005e+00 2.19000006e+00 2.20799994e+00 2.21300006e+00
