<?xml version="1.0"?>
<opencv_storage>
<Depth type_id="opencv-matrix">
  <rows>40</rows>
  <cols>40</cols>
  <dt>f</dt>
  <data>
    0. 0. 0. 0. 0. 0. 0. 0. 0. 0. 0. 0. 0. 0. 0. 0. 0. 0. 0. 0. 0. 0. 0.
    0. 0. 0. 0. 0. 0. 0. 0. 0. 0. 0. 0. 0. 0. 0. 0. 0. 0. 0. 0. 0. 0. 0.
    0. 0. 0. 0. 0. 0. 0. 0. 0. 0. 0. 0. 0. 0. 0. 0. 0. 0. 0. 0. 0. 0. 0.
    0. 0. 0. 0. 0. 0. 0. 0. 0. 0. 0. 0. 0. 0. 0. 0. 0. 0. 0. 0. 0. 0. 0.
    0. 0. 0. 0. 0. 0. 0. 0. 0. 0. 0. 0. 0. 0. 0. 0. 0. 0. 0. 0. 0. 0. 0.
    0. 0. 0. 0. 0. 0. 0. 0. 0. 0. 0. 0. 0. 0. 0. 0. 0. 0. 0. 0. 0. 0. 0.
    0. 0. 0. 0. 0. 0. 0. 0. 0. 0. 0. 0. 0. 0. 0. 0. 0. 0. 0. 0. 0. 0. 0.
    0. 0. 0. 0. 0. 0. 0. 0. 0. 0. 0. 0. 0. 0. 0. 0. 0. 0. 0. 0. 0. 0. 0.
    0. 0. 0. 0. 0. 0. 0. 0. 0. 0. 0. 0. 0. 0. 0. 0. 0. 0. 0. 0. 0. 0. 0.
    0. 0. 0. 0. 0. 0. 0. 0. 0. 0. 0. 0. 0. 0. 0. 0. 0. 0. 0. 0. 0. 0. 0.
    0. 0. 0. 0. 0. 0. 0. 0. 0. 0. 0. 0. 0. 0. 0. 0. 0. 0. 0. 0. 0. 0. 0.
    0. 0. 0. 0. 0. 0. 0. 0. 0. 0. 0. 0. 0. 0. 0. 0. 0. 0. 0. 0. 0. 0. 0.
    0. 0. 0. 0. 0. 0. 0. 0. 0. 0. 0. 0. 0. 0. 0. 0. 0. 0. 0. 0. 0. 0. 0.
    0. 0. 0. 0. 0. 0. 0. 0. 0. 0. 0. 0. 0. 0. 0. 0. 0. 0. 0. 0. 0. 0. 0.
    0. 0. 0. 0. 0. 0. 0. 0. 0. 0. 0. 0. 0. 0. 0. 0. 0. 0. 0. 0. 0. 0. 0.
    0. 0. 0. 0. 0. 0. 0. 0. 0. 0. 0. 0. 0. 0. 0. 0. 0. 0. 0. 0. 0. 0. 0.
    0. 0. 0. 0. 0. 0. 0. 0. 0. 0. 0. 0. 0. 0. 0. 0. 0. 0. 0. 0. 0. 0. 0.
    0. 0. 0. 0. 0. 0. 0. 0. 0. 0. 0. 0. 2.15700006e+00 2.16300011e+00
    2.18099999e+00 2.18099999e+00 2.18600011e+00 2.18799996e+00
    2.18099999e+00 2.18099999e+00 2.18099999e+00 2.18400002e+00
    2.17300010e+00 2.18199992e+00 2.19199991e+00 2.19000006e+00
    2.18099999e+00 2.18700004e+00 2.18899989e+00 2.19099998e+00
    2.20300007e+00 0. 0. 0. 0. 0. 0. 0. 0. 0. 0. 0. 0. 0. 0. 0. 0. 0. 0.
    0. 0. 2.72499990e+00 2.13400006e+00 2.14499998e+00 2.15199995e+00
    2.14700007e+00 2.15199995e+00 2.15599990e+00 2.15599990e+00
    2.15799999e+00 2.16499996e+00 2.16199994e+00 2.15599990e+00
    2.16400003e+00 2.17499995e+00 2.17400002e+00 2.17300010e+00
    2.17400002e+00 2.17300010e+00 2.17400002e+00 2.18000007e+00
    2.18000007e+00 2.18199992e+00 2.72499990e+00 2.18700004e+00
    2.17700005e+00 2.51600003e+00 2.79200006e+00 2.79800010e+00
    2.80200005e+00 2.33599997e+00 2.18600011e+00 2.70499992e+00
    2.80800009e+00 0. 0. 0. 0. 0. 0. 0. 2.48300004e+00 2.06599998e+00
    2.06599998e+00 2.06599998e+00 2.08400011e+00 2.08800006e+00
    2.09699988e+00 2.10400009e+00 2.11199999e+00 2.10999990e+00
    2.11100006e+00 2.11100006e+00 2.11299992e+00 2.12700009e+00
    2.13499999e+00 2.14100003e+00 2.13700008e+00 2.13499999e+00
    2.13899994e+00 2.14299989e+00 2.14199996e+00 2.14499998e+00
    2.15100002e+00 2.15700006e+00 2.15499997e+00 2.15499997e+00
    2.15599990e+00 2.16300011e+00 2.16499996e+00 2.16499996e+00
    2.17300010e+00 2.16499996e+00 2.17199993e+00 2.17199993e+00 0. 0. 0.
    0. 0. 0. 2.02200007e+00 2.01900005e+00 2.02699995e+00 2.03200006e+00
    2.03600001e+00 2.03600001e+00 2.03800011e+00 2.04600000e+00
    2.04900002e+00 2.05599999e+00 2.06500006e+00 2.06500006e+00
    2.08299994e+00 2.08400011e+00 2.08500004e+00 2.08500004e+00
    2.08500004e+00 2.09400010e+00 2.09400010e+00 2.10400009e+00
    2.10400009e+00 2.11299992e+00 2.11400008e+00 2.12400007e+00
    2.12400007e+00 2.12400007e+00 2.12500000e+00 2.13400006e+00
    2.13400006e+00 2.13400006e+00 2.13400006e+00 2.11800003e+00
    2.13000011e+00 2.15199995e+00 0. 0. 0. 0. 0. 2. 2. 2. 2.
    2.00399995e+00 2.00900006e+00 2.01399994e+00 2.01799989e+00
    2.02200007e+00 2.02300000e+00 2.02300000e+00 2.02099991e+00
    2.01699996e+00 2.02800012e+00 2.02800012e+00 2.03399992e+00
    2.03600001e+00 2.04399991e+00 2.05100012e+00 2.05100012e+00
    2.06299996e+00 2.07299995e+00 2.07599998e+00 2.07299995e+00
    2.07800007e+00 2.07800007e+00 2.09100008e+00 2.09200001e+00
    2.08800006e+00 2.09800005e+00 2.09800005e+00 2.09599996e+00
    2.08800006e+00 2.08699989e+00 2.08699989e+00 0. 0. 0. 0. 0. 2. 2.
    1.99100006e+00 1.99100006e+00 2. 2. 2.00399995e+00 2.00799990e+00
    2.00799990e+00 2.00799990e+00 2.00799990e+00 2.00799990e+00
    2.00099993e+00 2. 2. 2.00399995e+00 2.00799990e+00 2.00799990e+00
    2.00799990e+00 2.00799990e+00 2.00999999e+00 2.01699996e+00
    2.01699996e+00 2.01699996e+00 2.04399991e+00 2.04399991e+00
    2.04900002e+00 2.05299997e+00 2.05399990e+00 2.05399990e+00
    2.05399990e+00 2.05599999e+00 2.06299996e+00 2.07200003e+00
    2.06299996e+00 2.06299996e+00 0. 0. 0. 0. 2. 2. 1.99600005e+00
    1.99600005e+00 2. 2. 2. 2. 2. 2. 2. 2. 2. 2. 2. 2. 2. 2. 2. 2. 2. 2.
    2.00300002e+00 2.00300002e+00 1.99500000e+00 1.99800003e+00
    2.00300002e+00 2.00500011e+00 2.01500010e+00 2.01999998e+00
    2.02399993e+00 2.02500010e+00 2.02500010e+00 2.02399993e+00
    2.02800012e+00 2.02999997e+00 0. 2.97099996e+00 0. 0. 2. 2. 2. 2. 2.
    2.00099993e+00 2.00500011e+00 2.00699997e+00 2.00099993e+00 2. 2. 2.
    2. 2. 2. 2. 2. 2. 2. 1.99399996e+00 1.99300003e+00 2. 1.99699998e+00
    1.99100006e+00 1.98199999e+00 1.98199999e+00 1.98699999e+00 2.
    1.99899995e+00 1.99899995e+00 2. 1.99899995e+00 1.99899995e+00 2. 2.
    2.00399995e+00 2. 1.08200002e+00 0. 0. 1.15900004e+00 2. 2. 2. 2.
    2.00799990e+00 2.00799990e+00 2.00799990e+00 2.00799990e+00
    2.00399995e+00 2. 2.00500011e+00 2.00099993e+00 2. 2. 2. 2. 2. 2.
    1.99800003e+00 1.99800003e+00 2. 1.99899995e+00 1.99699998e+00
    1.98800004e+00 1.98800004e+00 1.99000001e+00 2. 1.99399996e+00
    1.99199998e+00 1.99399996e+00 1.99100006e+00 1.99100006e+00 2. 2. 2.
    2. 1.99100006e+00 0. 0. 2.00999999e+00 2.00999999e+00 2.00900006e+00
    2.00200009e+00 2.00200009e+00 2.00799990e+00 2.00799990e+00
    2.00799990e+00 2.00799990e+00 2.00799990e+00 2.00799990e+00
    2.00799990e+00 2.00799990e+00 2.00799990e+00 2.00799990e+00
    2.00200009e+00 2. 2. 2. 2. 2. 2. 2. 2. 2. 2. 2. 2. 1.99500000e+00
    1.99300003e+00 1.99300003e+00 2. 2. 2. 2. 1.99500000e+00
    1.99100006e+00 1.99100006e+00 0. 0. 2.02399993e+00 2.02399993e+00
    2.01600003e+00 2.01500010e+00 2.00799990e+00 2.00799990e+00
    2.00799990e+00 2.00799990e+00 2.00799990e+00 2.00799990e+00
    2.00799990e+00 2.00799990e+00 2.00799990e+00 2.00799990e+00
    2.00799990e+00 2.00799990e+00 2.00600004e+00 2.00200009e+00
    2.00099993e+00 2.00200009e+00 2.00200009e+00 2.00200009e+00 2. 2.
    2.00300002e+00 2.00600004e+00 2.00600004e+00 2.00500011e+00 2. 2. 2.
    2. 2. 2. 2. 1.99500000e+00 1.99000001e+00 1.97800004e+00 0. 0.
    2.02800012e+00 2.02600002e+00 2.02399993e+00 2.01699996e+00
    2.00999999e+00 2.00799990e+00 2.01399994e+00 2.01699996e+00
    2.01699996e+00 2.00999999e+00 2.00799990e+00 2.01099992e+00
    2.01099992e+00 2.00799990e+00 2.00799990e+00 2.00799990e+00
    2.00799990e+00 2.00799990e+00 2.00799990e+00 2.00399995e+00
    2.00399995e+00 2.00399995e+00 2.00500011e+00 2.00300002e+00
    2.00500011e+00 2.00799990e+00 2.00799990e+00 2.00699997e+00
    2.00300002e+00 2.00300002e+00 2.00099993e+00 2. 2. 2. 2.
    1.98599994e+00 1.97899997e+00 1.97399998e+00 0. 0. 2.03299999e+00
    2.02600002e+00 2.01799989e+00 2.01699996e+00 2.01600003e+00
    2.01600003e+00 2.01699996e+00 2.01699996e+00 2.01699996e+00
    2.01699996e+00 2.01600003e+00 2.01699996e+00 2.01699996e+00
    2.01600003e+00 2.00799990e+00 2.00799990e+00 2.00799990e+00
    2.00799990e+00 2.00799990e+00 2.00799990e+00 2.00799990e+00
    2.00799990e+00 2.00799990e+00 2.00799990e+00 2.00799990e+00
    2.00799990e+00 2.00799990e+00 2.00799990e+00 2.00799990e+00
    2.00799990e+00 2.00699997e+00 2.00699997e+00 2.00099993e+00 2. 2.
    1.99000001e+00 1.97399998e+00 1.97399998e+00 0. 0. 2.02600002e+00
    2.02600002e+00 2.02099991e+00 2.02099991e+00 2.02399993e+00
    2.02099991e+00 2.02600002e+00 2.02600002e+00 2.02200007e+00
    2.02099991e+00 2.02099991e+00 2.01999998e+00 2.01699996e+00
    2.01699996e+00 2.01200008e+00 2.01200008e+00 2.01200008e+00
    2.00799990e+00 2.00799990e+00 2.00799990e+00 2.00799990e+00
