<?xml version="1.0"?>
<opencv_storage>
<Depth type_id="opencv-matrix">
  <rows>40</rows>
  <cols>40</cols>
  <dt>f</dt>
  <data>
    0. 0. 0. 0. 0. 0. 0. 0. 0. 0. 0. 0. 0. 0. 0. 0. 0. 0. 1.10099995e+00
    2. 2. 1.98399997e+00 1.93499994e+00 1.88699996e+00 1.88699996e+00
    1.88699996e+00 1.88699996e+00 1.88699996e+00 1.91900003e+00
    2.01699996e+00 2.11599994e+00 2.33500004e+00 2.55599999e+00
    2.63000011e+00 0. 0. 0. 0. 0. 0. 0. 0. 0. 0. 0. 0. 0. 0. 0. 0. 0. 0.
    0. 0. 0. 0. 0. 0. 1.10099995e+00 2. 2. 1.99100006e+00 1.96300006e+00
    1.93499994e+00 1.93499994e+00 1.93499994e+00 1.93499994e+00
    1.93499994e+00 1.95400000e+00 2.00999999e+00 2.06599998e+00
    2.30699992e+00 2.54800010e+00 2.63000011e+00 0. 0. 0. 0. 0. 0. 0. 0.
    0. 0. 0. 0. 0. 0. 0. 0. 0. 0. 0. 0. 0. 0. 0. 0. 1.10099995e+00 2. 2.
    1.99800003e+00 1.99100006e+00 1.98399997e+00 1.98399997e+00
    1.98399997e+00 1.98399997e+00 1.98399997e+00 1.98800004e+00
    2.00300002e+00 2.01699996e+00 2.27900004e+00 2.54099989e+00
    2.63000011e+00 0. 0. 0. 0. 0. 0. 0. 0. 0. 0. 0. 0. 0. 0. 0. 0. 0. 0.
    0. 0. 0. 0. 0. 0. 1.10099995e+00 2. 2. 2. 2. 2. 2. 2. 2. 2. 2. 2. 2.
    2.32200003e+00 2.64599991e+00 2.75600004e+00 0. 0. 0. 0. 0. 0. 0. 0.
    0. 0. 0. 0. 0. 0. 0. 0. 0. 0. 0. 0. 0. 0. 0. 0. 1.10099995e+00 2. 2.
    2. 2. 2. 2. 2. 2. 2. 2. 2. 2. 2.40300012e+00 2.80900002e+00
    2.94499993e+00 0. 0. 0. 0. 0. 0. 0. 0. 0. 0. 0. 0. 0. 0. 0. 0. 0. 0.
    0. 0. 0. 0. 0. 0. 1.21099997e+00 1.98899996e+00 1.99500000e+00 2. 2.
    2. 2. 2. 2. 2. 2. 2. 2. 2.46799994e+00 2.93700004e+00 0. 0. 0. 0. 0.
    0. 0. 0. 0. 0. 0. 0. 0. 0. 0. 0. 0. 0. 0. 0. 0. 0. 0. 0. 0.
    1.54799998e+00 1.95400000e+00 1.98199999e+00 2. 2. 2. 2. 2. 2. 2. 2.
    2. 2. 2.49699998e+00 2.99600005e+00 0. 0. 0. 0. 0. 0. 0. 0. 0. 0. 0.
    0. 0. 0. 0. 0. 0. 0. 0. 0. 0. 0. 0. 1.86600006e+00 1.87800002e+00
    1.88499999e+00 1.91900003e+00 1.96800005e+00 2. 2. 2. 2. 2. 2. 2. 2.
    2. 2. 2.52600002e+00 0. 0. 0. 0. 0. 0. 0. 0. 0. 0. 0. 0. 0. 0. 0. 0.
    0. 0. 0. 0. 0. 0. 0. 0. 1.88399994e+00 1.86699998e+00 1.84800005e+00
    1.85899997e+00 1.88699996e+00 1.91199994e+00 1.93200004e+00
    1.95200002e+00 1.95200002e+00 1.95200002e+00 1.95200002e+00
    1.95200002e+00 2.02300000e+00 2.24000001e+00 2.45600009e+00
    2.75900006e+00 0. 0. 0. 0. 0. 0. 0. 0. 0. 0. 0. 0. 0. 0. 0. 0. 0. 0.
    0. 0. 0. 0. 1.20200002e+00 1.54400003e+00 1.88600004e+00
    1.84800005e+00 1.80799997e+00 1.79900002e+00 1.80599999e+00
    1.82400000e+00 1.86399996e+00 1.90300000e+00 1.90300000e+00
    1.90300000e+00 1.90300000e+00 1.90300000e+00 2.04699993e+00
    2.48099995e+00 2.91499996e+00 2.99300003e+00 0. 0. 0. 0. 0. 0. 0. 0.
    0. 0. 0. 0. 0. 0. 0. 0. 0. 0. 0. 0. 0. 0. 1.98399997e+00
    1.93599999e+00 1.88699996e+00 1.84099996e+00 1.79499996e+00
    1.77900004e+00 1.77900004e+00 1.79400003e+00 1.84099996e+00
    1.88699996e+00 1.88699996e+00 1.88699996e+00 1.88699996e+00
    1.88699996e+00 2.04800010e+00 2.53800011e+00 0. 0. 0. 0. 0. 0. 0. 0.
    0. 0. 0. 0. 0. 0. 0. 0. 0. 0. 0. 0. 0. 0. 0. 0. 1.98399997e+00
    1.93599999e+00 1.88699996e+00 1.84099996e+00 1.79499996e+00
    1.77900004e+00 1.77900004e+00 1.79400003e+00 1.84099996e+00
    1.88699996e+00 1.88699996e+00 1.88699996e+00 1.88699996e+00
    1.88699996e+00 2.03900003e+00 2.50000000e+00 2.96199989e+00
    2.96300006e+00 2.96300006e+00 2.96300006e+00 0. 0. 0. 0. 0. 0. 0. 0.
    0. 0. 0. 0. 0. 0. 0. 0. 0. 0. 0. 0. 1.98399997e+00 1.93599999e+00
    1.88699996e+00 1.84700000e+00 1.80700004e+00 1.79400003e+00
    1.79400003e+00 1.80700004e+00 1.84700000e+00 1.88699996e+00
    1.88699996e+00 1.88699996e+00 1.88699996e+00 1.88699996e+00
    2.03299999e+00 2.47499990e+00 2.91700006e+00 2.91899991e+00
    2.91899991e+00 2.91899991e+00 0. 0. 0. 0. 0. 0. 0. 0. 0. 0. 0. 0. 0.
    0. 0. 0. 0. 0. 0. 0. 1.98399997e+00 1.93599999e+00 1.88699996e+00
    1.86699998e+00 1.84700000e+00 1.84000003e+00 1.84000003e+00
    1.84700000e+00 1.86699998e+00 1.88699996e+00 1.88699996e+00
    1.88699996e+00 1.88699996e+00 1.88699996e+00 2.03299999e+00
    2.47499990e+00 2.91700006e+00 2.91899991e+00 2.91899991e+00
    2.91899991e+00 0. 0. 0. 0. 0. 0. 0. 0. 0. 0. 0. 0. 0. 0. 0. 0. 0. 0.
    0. 0. 1.98399997e+00 1.93599999e+00 1.88699996e+00 1.88699996e+00
    1.88699996e+00 1.88699996e+00 1.88699996e+00 1.88699996e+00
    1.88699996e+00 1.88699996e+00 1.88699996e+00 1.88699996e+00
    1.88699996e+00 1.88699996e+00 2.03299999e+00 2.47499990e+00
    2.91700006e+00 2.91899991e+00 2.91899991e+00 2.91899991e+00 0. 0. 0.
    0. 0. 0. 0. 0. 0. 0. 0. 0. 0. 0. 0. 0. 0. 0. 0. 0. 1.98399997e+00
    1.93599999e+00 1.88699996e+00 1.88699996e+00 1.88699996e+00
    1.88699996e+00 1.88699996e+00 1.88699996e+00 1.88699996e+00
    1.88699996e+00 1.88699996e+00 1.88699996e+00 1.90100002e+00
    1.92100000e+00 2.07399988e+00 2.49600005e+00 2.91700006e+00
    2.91899991e+00 2.91899991e+00 2.91899991e+00 0. 0. 0. 0. 0. 0. 0. 0.
    0. 0. 0. 0. 0. 0. 0. 0. 0. 0. 0. 0. 1.98399997e+00 1.93599999e+00
    1.88699996e+00 1.88699996e+00 1.88699996e+00 1.88699996e+00
    1.88699996e+00 1.88699996e+00 1.88699996e+00 1.88699996e+00
    1.88699996e+00 1.88699996e+00 1.91400003e+00 1.95599997e+00
    2.11599994e+00 2.51699996e+00 2.91700006e+00 2.91899991e+00
    2.91899991e+00 2.91899991e+00 0. 0. 0. 0. 0. 0. 0. 0. 0. 0. 0. 0. 0.
    0. 0. 0. 0. 0. 0. 0. 1.98399997e+00 1.93599999e+00 1.88699996e+00
    1.88699996e+00 1.88699996e+00 1.88699996e+00 1.88699996e+00
    1.89199996e+00 1.90499997e+00 1.91900003e+00 1.91900003e+00
    1.91900003e+00 1.94200003e+00 1.97700000e+00 2.13000011e+00
    2.52399993e+00 2.91700006e+00 2.91899991e+00 2.91899991e+00
    2.91899991e+00 0. 0. 0. 0. 0. 0. 0. 0. 0. 0. 0. 0. 0. 0. 0. 0. 0. 0.
    0. 0. 1.98399997e+00 1.93599999e+00 1.88699996e+00 1.88699996e+00
    1.88699996e+00 1.88699996e+00 1.88699996e+00 1.89800000e+00
    1.93299997e+00 1.96700001e+00 1.96700001e+00 1.96700001e+00
    1.97700000e+00 1.99100006e+00 2.13000011e+00 2.52399993e+00
    2.91700006e+00 2.91899991e+00 2.91899991e+00 2.91899991e+00 0. 0. 0.
    0. 0. 0. 0. 0. 0. 0. 0. 0. 0. 0. 0. 0. 0. 0. 0. 0. 1.98399997e+00
    1.93599999e+00 1.88699996e+00 1.88699996e+00 1.88699996e+00
    1.89100003e+00 1.89800000e+00 1.91700006e+00 1.95799994e+00 2. 2. 2.
    2.00900006e+00 2.02399993e+00 2.15799999e+00 2.53800011e+00
    2.91799998e+00 2.92799997e+00 2.93700004e+00 2.94000006e+00 0. 0. 0.
    0. 0. 0. 0. 0. 0. 0. 0. 0. 0. 0. 0. 0. 0. 0. 0. 0. 1.98399997e+00
    1.93599999e+00 1.88699996e+00 1.88699996e+00 1.88699996e+00
    1.90499997e+00 1.93299997e+00 1.95799994e+00 1.97899997e+00 2. 2. 2.
    2.03800011e+00 2.09599996e+00 2.24600005e+00 2.58200002e+00
    2.91799998e+00 2.95600009e+00 2.99399996e+00 0. 0. 0. 0. 0. 0. 0. 0.
    0. 0. 0. 0. 0. 0. 0. 0. 0. 0. 0. 0. 0. 1.98399997e+00 1.93599999e+00
    1.88699996e+00 1.88699996e+00 1.88699996e+00 1.91900003e+00
    1.96700001e+00 2. 2. 2. 2. 2. 2.06699991e+00 2.16899991e+00
    2.33400011e+00 2.62599993e+00 2.91799998e+00 2.98399997e+00 0. 0. 0.
    0. 0. 0. 0. 0. 0. 0. 0. 0. 0. 0. 0. 0. 0. 0. 0. 0. 0. 0.
    1.99100006e+00 1.96300006e+00 1.93499994e+00 1.93499994e+00
    1.93499994e+00 1.95400000e+00 1.98099995e+00 2. 2. 2. 2. 2.
    2.16899991e+00 2.42300010e+00 2.64800000e+00 2.81599998e+00
    2.98399997e+00 0. 0. 0. 0. 0. 0. 0. 0. 0. 0. 0. 0. 0. 0. 0. 0. 0. 0.
    0. 0. 0. 0. 0. 1.99800003e+00 1.99100006e+00 1.98300004e+00
    1.98300004e+00 1.98300004e+00 1.98800004e+00 1.99500000e+00 2. 2. 2.
    2. 2. 2.26999998e+00 2.67799997e+00 2.96499991e+00 0. 0. 0. 0. 0. 0.
    0. 0. 0. 0. 0. 0. 0. 0. 0. 0. 0. 0. 0. 0. 0. 0. 0. 0. 0. 2. 2. 2. 2.
    2. 2. 2. 2. 2. 2. 2. 2. 2.30500007e+00 2.76500010e+00 0. 0. 0. 0. 0.
    0. 0. 0. 0. 0. 0. 0. 0. 0. 0. 0. 0. 0. 0. 0. 0. 0. 0. 0. 0. 0. 2. 2.
    2. 2. 2. 2. 2. 2. 2. 2. 2. 2. 2.30500007e+00 2.76500010e+00 0. 0. 0.
    0. 0. 0. 0. 0. 0. 0. 0. 0. 0. 0. 0. 0. 0. 0. 0. 0. 0. 0. 0. 0. 0. 0.
    2.00200009e+00 2.00900006e+00 2.01600003e+00 2.01600003e+00
