<?xml version="1.0"?>
<opencv_storage>
<Depth type_id="opencv-matrix">
  <rows>40</rows>
  <cols>40</cols>
  <dt>f</dt>
  <data>
    0. 0. 0. 0. 0. 0. 0. 0. 0. 0. 0. 0. 0. 0. 0. 0. 0. 0. 0. 0. 0. 0. 0.
    0. 0. 0. 0. 0. 0. 0. 0. 0. 0. 0. 0. 0. 0. 0. 0. 0. 0. 0. 0. 0. 0. 0.
    0. 0. 0. 0. 0. 0. 0. 0. 0. 0. 0. 0. 0. 0. 0. 0. 0. 0. 0. 0. 0. 0. 0.
    0. 0. 0. 0. 0. 0. 0. 0. 0. 0. 0. 0. 0. 0. 0. 0. 0. 0. 0. 0. 0. 0. 0.
    0. 0. 0. 0. 0. 0. 0. 0. 0. 0. 0. 0. 0. 0. 0. 0. 0. 0. 0. 0. 0. 0. 0.
    0. 0. 0. 0. 0. 0. 0. 0. 0. 0. 0. 0. 0. 0. 0. 0. 0. 0. 0. 0. 0. 0. 0.
    0. 0. 0. 0. 0. 0. 0. 0. 0. 0. 0. 0. 0. 0. 0. 0. 0. 0. 0. 0. 0. 0. 0.
    0. 0. 0. 0. 0. 0. 0. 0. 0. 0. 0. 0. 0. 0. 0. 0. 0. 0. 0. 0. 0. 0. 0.
    0. 0. 0. 0. 0. 0. 0. 0. 0. 0. 0. 0. 0. 0. 0. 0. 0. 0. 0. 0. 0. 0. 0.
    0. 0. 0. 0. 0. 0. 0. 0. 0. 0. 0. 0. 0. 0. 0. 0. 0. 0. 0. 0. 0. 0. 0.
    0. 0. 0. 0. 0. 0. 0. 0. 0. 0. 0. 0. 0. 0. 0. 0. 0. 0. 0. 0. 0. 0. 0.
    0. 0. 0. 0. 0. 0. 0. 0. 0. 0. 0. 0. 0. 0. 0. 0. 0. 0. 0. 0. 0. 0. 0.
    0. 0. 0. 0. 0. 0. 0. 0. 0. 0. 0. 0. 0. 0. 0. 0. 0. 0. 0. 0. 0. 0. 0.
    0. 0. 0. 0. 0. 0. 0. 0. 0. 0. 0. 0. 0. 0. 0. 0. 0. 0. 0. 0. 0. 0. 0.
    0. 0. 0. 0. 0. 0. 2.86899996e+00 2.83400011e+00 2.80999994e+00
    2.80999994e+00 2.80999994e+00 2.33299994e+00 1.92299998e+00
    1.92299998e+00 1.92299998e+00 1.92299998e+00 1.92299998e+00
    1.92299998e+00 1.92299998e+00 1.97099996e+00 2.16000009e+00
    2.76900005e+00 2.83299994e+00 2.80999994e+00 2.80999994e+00
    2.80999994e+00 2.80999994e+00 2.80999994e+00 2.80999994e+00 0. 0. 0.
    0. 0. 0. 0. 0. 0. 0. 0. 0. 0. 0. 0. 0. 0. 2.86899996e+00
    2.83400011e+00 2.63899994e+00 2.29999995e+00 2.29999995e+00
    2.09699988e+00 1.92299998e+00 1.92299998e+00 1.92299998e+00
    1.92299998e+00 1.92799997e+00 1.94500005e+00 1.96200001e+00
    1.99800003e+00 2.08699989e+00 2.32999992e+00 2.35500002e+00
    2.51999998e+00 2.84299994e+00 2.81699991e+00 2.80999994e+00
    2.80999994e+00 2.80999994e+00 0. 0. 0. 0. 0. 0. 0. 0. 0. 0. 0. 0. 0.
    0. 0. 0. 0. 2.82999992e+00 2.81800008e+00 2.52500010e+00
    1.96099997e+00 1.96099997e+00 1.94700003e+00 1.93900001e+00
    1.94900000e+00 1.94900000e+00 1.94900000e+00 1.95700002e+00
    1.98500001e+00 2.00500011e+00 2.02399993e+00 2.03900003e+00
    2.03900003e+00 2.03900003e+00 2.32800007e+00 2.86599994e+00
    2.83699989e+00 2.81900001e+00 2.80999994e+00 2.80999994e+00 0. 0. 0.
    0. 0. 0. 0. 0. 0. 0. 0. 0. 0. 0. 0. 0. 0. 2.75200009e+00
    2.78699994e+00 2.52500010e+00 1.96099997e+00 1.96099997e+00
    1.96099997e+00 1.97200000e+00 2. 2. 2. 2.00799990e+00 2.03699994e+00
    2.03900003e+00 2.03800011e+00 2.03600001e+00 2.03600001e+00
    2.03600001e+00 2.32599998e+00 2.86899996e+00 2.86899996e+00
    2.83599997e+00 2.80999994e+00 2.80999994e+00 0. 0. 0. 0. 0. 0. 0. 0.
    0. 0. 0. 0. 0. 0. 0. 0. 0. 2.75200009e+00 2.78699994e+00
    2.52500010e+00 1.96099997e+00 1.96099997e+00 1.96099997e+00
    1.97200000e+00 2. 2. 2. 2.00799990e+00 2.03699994e+00 2.03900003e+00
    2.02600002e+00 2.00799990e+00 2.00799990e+00 2.00799990e+00
    2.30800009e+00 2.86899996e+00 2.86899996e+00 2.83599997e+00
    2.80999994e+00 2.80999994e+00 0. 0. 0. 0. 0. 0. 0. 0. 0. 0. 0. 0. 0.
    0. 0. 0. 0. 2.75200009e+00 2.78699994e+00 2.52500010e+00
    1.96099997e+00 1.96099997e+00 1.96099997e+00 1.96599996e+00
    1.97899997e+00 1.99500000e+00 2.00999999e+00 2.02500010e+00
    2.03800011e+00 2.05399990e+00 2.03600001e+00 1.99699998e+00
    1.98199999e+00 1.97899997e+00 2.11899996e+00 2.42100000e+00
    2.77900004e+00 2.83599997e+00 2.80999994e+00 2.80999994e+00 0. 0. 0.
    0. 0. 0. 0. 0. 0. 0. 0. 0. 0. 0. 0. 0. 0. 2.73699999e+00
    2.64199996e+00 2.37199998e+00 1.96099997e+00 1.96099997e+00
    1.96099997e+00 1.96099997e+00 1.96099997e+00 1.99000001e+00
    2.01300001e+00 2.02800012e+00 2.02800012e+00 2.05500007e+00
    2.03999996e+00 1.99399996e+00 1.96599996e+00 1.96099997e+00
    1.96099997e+00 2.01600003e+00 2.50900006e+00 2.72199988e+00
    2.79399991e+00 2.79399991e+00 0. 0. 0. 0. 0. 0. 0. 0. 0. 0. 0. 0. 0.
    0. 0. 0. 0. 2.69099998e+00 2.25200009e+00 1.96099997e+00
    1.96099997e+00 1.96099997e+00 1.96099997e+00 1.96099997e+00
    1.96200001e+00 1.99000001e+00 2. 2. 2. 2.02600002e+00 2.02300000e+00
    1.99399996e+00 1.96599996e+00 1.96099997e+00 1.96099997e+00
    1.96399999e+00 1.99300003e+00 2.41199994e+00 2.74900007e+00
    2.75200009e+00 0. 0. 0. 0. 0. 0. 0. 0. 0. 0. 0. 0. 0. 0. 0. 0. 0.
    2.15199995e+00 2.03699994e+00 1.96099997e+00 1.96099997e+00
    1.96099997e+00 1.96099997e+00 1.96899998e+00 1.99000001e+00
    1.99699998e+00 2. 2. 2. 2.00699997e+00 2.00600004e+00 1.99899995e+00
    1.99100006e+00 1.99000001e+00 1.99000001e+00 1.99100006e+00
    1.99800003e+00 2.10700011e+00 2.35400009e+00 2.75200009e+00 0. 0. 0.
    0. 0. 0. 0. 0. 0. 0. 0. 0. 0. 0. 0. 0. 0. 1.96099997e+00
    1.96099997e+00 1.96099997e+00 1.96099997e+00 1.96099997e+00
    1.97099996e+00 1.98500001e+00 2. 2. 2. 2. 2. 2. 2. 2. 2. 2. 2.
    1.99800003e+00 1.98500001e+00 1.98099995e+00 2.20099998e+00
    2.75200009e+00 0. 0. 0. 0. 0. 0. 0. 0. 0. 0. 0. 0. 0. 0. 0. 0. 0.
    1.96099997e+00 1.96099997e+00 1.96099997e+00 1.96099997e+00
    1.96099997e+00 1.98199999e+00 2. 2. 2. 2. 2. 2. 2. 2. 2. 2. 2. 2.
    1.99699998e+00 1.96800005e+00 1.96099997e+00 2.13899994e+00
    2.58699989e+00 0. 0. 0. 0. 0. 0. 0. 0. 0. 0. 0. 0. 0. 0. 0. 0. 0.
    1.96099997e+00 1.96099997e+00 1.96099997e+00 1.96099997e+00
    1.96099997e+00 1.98199999e+00 2. 2. 2. 2. 2. 2. 2. 2. 2. 2. 2. 2.
    1.99699998e+00 1.96800005e+00 1.96099997e+00 1.97399998e+00
    2.00600004e+00 0. 0. 0. 0. 0. 0. 0. 0. 0. 0. 0. 0. 0. 0. 0. 0. 0.
    1.96099997e+00 1.96099997e+00 1.97000003e+00 1.98699999e+00
    1.98699999e+00 1.99399996e+00 2. 2. 2. 2. 1.99399996e+00
    1.97500002e+00 1.97399998e+00 1.97399998e+00 1.97399998e+00
    1.97399998e+00 1.97399998e+00 1.97399998e+00 1.97300005e+00
    1.96300006e+00 1.96099997e+00 1.96099997e+00 1.96099997e+00 0. 0. 0.
    0. 0. 0. 0. 0. 0. 0. 0. 0. 0. 0. 0. 0. 0. 1.96099997e+00
    1.97099996e+00 1.98500001e+00 2. 2. 2. 2. 2. 2. 2. 1.99199998e+00
    1.96300006e+00 1.96099997e+00 1.96099997e+00 1.96099997e+00
    1.96099997e+00 1.96099997e+00 1.96099997e+00 1.96000004e+00
    1.94799995e+00 1.94500005e+00 1.94500005e+00 1.94500005e+00 0. 0. 0.
    0. 0. 0. 0. 0. 0. 0. 0. 0. 0. 0. 0. 0. 0. 1.96700001e+00
    1.98699999e+00 2. 2. 2. 2. 2. 2. 1.99600005e+00 1.99199998e+00
    1.98199999e+00 1.95700002e+00 1.95500004e+00 1.95500004e+00
    1.95500004e+00 1.95500004e+00 1.95899999e+00 1.96099997e+00
    1.95799994e+00 1.92999995e+00 1.92299998e+00 1.92299998e+00
    1.92299998e+00 0. 0. 0. 0. 0. 0. 0. 0. 0. 0. 0. 0. 0. 0. 0. 0. 0.
    1.99500000e+00 1.99800003e+00 2. 2. 2. 2. 2. 2. 1.97500002e+00
    1.95000005e+00 1.93099999e+00 1.92799997e+00 1.92799997e+00
    1.92799997e+00 1.92799997e+00 1.92799997e+00 1.94799995e+00
    1.96099997e+00 1.95799994e+00 1.92999995e+00 1.92299998e+00
    1.92299998e+00 1.92299998e+00 0. 0. 0. 0. 0. 0. 0. 0. 0. 0. 0. 0. 0.
    0. 0. 0. 0. 2. 2. 2. 2. 2. 2. 2. 2. 1.97099996e+00 1.94299996e+00
    1.92299998e+00 1.92299998e+00 1.92299998e+00 1.92299998e+00
    1.92299998e+00 1.92299998e+00 1.93200004e+00 1.93799996e+00
    1.93599999e+00 1.92600000e+00 1.92299998e+00 1.92299998e+00
    1.92299998e+00 0. 0. 0. 0. 0. 0. 0. 0. 0. 0. 0. 0. 0. 0. 0. 0. 0.
    2.20499992e+00 2.08200002e+00 2. 2.00099993e+00 2.01099992e+00
    2.00600004e+00 2. 2. 1.97099996e+00 1.94299996e+00 1.92299998e+00
    1.92299998e+00 1.92299998e+00 1.92799997e+00 1.93599999e+00
    1.93599999e+00 1.92799997e+00 1.92299998e+00 1.92299998e+00
    1.92299998e+00 1.92299998e+00 1.92299998e+00 1.92299998e+00 0. 0. 0.
    0. 0. 0. 0. 0. 0. 0. 0. 0. 0. 0. 0. 0. 0. 2.59200001e+00
    2.23399997e+00 1.99699998e+00 2. 2.03099990e+00 2.01799989e+00 2. 2.
    1.97099996e+00 1.94400001e+00 1.92600000e+00 1.92600000e+00
    1.92600000e+00 1.94000006e+00 1.96099997e+00 1.96099997e+00
