<?xml version="1.0"?>
<opencv_storage>
<Depth type_id="opencv-matrix">
  <rows>40</rows>
  <cols>40</cols>
  <dt>f</dt>
  <data>
    0. 0. 0. 0. 0. 0. 0. 2.29999995e+00 2.28800011e+00 2.26799989e+00
    2.26600003e+00 2.26600003e+00 2.26600003e+00 2.26600003e+00
    2.26600003e+00 2.26600003e+00 2.26600003e+00 2.26600003e+00
    1.93599999e+00 0. 0. 0. 0. 0. 0. 0. 0. 0. 0. 0. 0. 0. 0. 0. 0. 0. 0.
    0. 0. 0. 0. 0. 0. 0. 0. 0. 0. 2.26600003e+00 2.26600003e+00
    2.26600003e+00 2.26600003e+00 2.26600003e+00 2.26600003e+00
    2.26399994e+00 2.25999999e+00 2.25900006e+00 2.25900006e+00
    2.25900006e+00 2.25999999e+00 2.26399994e+00 0. 0. 0. 0. 0. 0. 0. 0.
    0. 0. 0. 0. 0. 0. 0. 0. 0. 0. 0. 0. 0. 0. 0. 0. 0. 0. 0.
    2.26600003e+00 2.26600003e+00 2.26600003e+00 2.26600003e+00
    2.26600003e+00 2.26600003e+00 2.25399995e+00 2.22700000e+00
    2.21900010e+00 2.21900010e+00 2.21900010e+00 2.22600007e+00
    2.25300002e+00 0. 0. 0. 0. 0. 0. 0. 0. 0. 0. 0. 0. 0. 0. 0. 0. 0. 0.
    0. 0. 0. 0. 0. 0. 0. 0. 0. 2.26600003e+00 2.26600003e+00
    2.26600003e+00 2.26600003e+00 2.26399994e+00 2.25399995e+00
    2.23099995e+00 2.19099998e+00 2.18000007e+00 2.18000007e+00
    2.18899989e+00 2.20700002e+00 2.24699998e+00 0. 0. 0. 0. 0. 0. 0. 0.
    0. 0. 0. 0. 0. 0. 0. 0. 0. 0. 0. 0. 0. 0. 0. 0. 0. 0. 0.
    2.26600003e+00 2.26600003e+00 2.26600003e+00 2.26600003e+00
    2.25999999e+00 2.22700000e+00 2.19099998e+00 2.15199995e+00
    2.14100003e+00 2.14100003e+00 2.17199993e+00 2.20700002e+00
    2.24699998e+00 0. 0. 0. 0. 0. 0. 0. 0. 0. 0. 0. 0. 0. 0. 0. 0. 0. 0.
    0. 0. 0. 0. 0. 0. 0. 0. 0. 2.29500008e+00 2.29500008e+00
    2.29500008e+00 2.29500008e+00 2.28600001e+00 2.22900009e+00
    2.18000007e+00 2.14100003e+00 2.12899995e+00 2.12899995e+00
    2.15199995e+00 2.18300009e+00 2.23900008e+00 0. 0. 0. 0. 0. 0. 0. 0.
    0. 0. 0. 0. 0. 0. 0. 0. 0. 0. 0. 0. 0. 0. 0. 0. 0. 0. 0.
    2.33699989e+00 2.33699989e+00 2.33699989e+00 2.33699989e+00
    2.32299995e+00 2.24200010e+00 2.18000007e+00 2.14100003e+00
    2.12899995e+00 2.12899995e+00 2.13000011e+00 2.14899993e+00
    2.22799993e+00 0. 0. 0. 0. 0. 0. 0. 0. 0. 0. 0. 0. 0. 0. 0. 0. 0. 0.
    0. 0. 0. 0. 0. 0. 0. 0. 0. 2.33800006e+00 2.33800006e+00
    2.33800006e+00 2.33800006e+00 2.31999993e+00 2.21700001e+00
    2.14199996e+00 2.10299993e+00 2.09200001e+00 2.09200001e+00
    2.11299992e+00 2.13700008e+00 2.17199993e+00 0. 0. 0. 0. 0. 0. 0. 0.
    0. 0. 0. 0. 0. 0. 0. 0. 0. 0. 0. 0. 0. 0. 0. 0. 0. 0. 0.
    2.48600006e+00 2.42100000e+00 2.31900001e+00 2.30900002e+00
    2.28999996e+00 2.18099999e+00 2.10500002e+00 2.07299995e+00
    2.06299996e+00 2.06299996e+00 2.09500003e+00 2.12100005e+00
    2.12599993e+00 0. 0. 0. 0. 0. 0. 0. 0. 0. 0. 0. 0. 0. 0. 0. 0. 0. 0.
    0. 0. 0. 0. 0. 0. 0. 0. 0. 0. 2.76300001e+00 2.23900008e+00
    2.18799996e+00 2.17799997e+00 2.11599994e+00 2.07699990e+00
    2.06599998e+00 2.06299996e+00 2.06299996e+00 2.07299995e+00
    2.08800006e+00 2.11599994e+00 1.77499998e+00 1.08299994e+00 0. 0. 0.
    0. 0. 0. 0. 0. 0. 0. 0. 0. 0. 0. 0. 0. 0. 0. 0. 0. 0. 0. 0. 0. 0. 0.
    2.93000007e+00 2.20000005e+00 2.12899995e+00 2.12299991e+00
    2.08400011e+00 2.06299996e+00 2.06299996e+00 2.06299996e+00
    2.06299996e+00 2.06299996e+00 2.06999993e+00 2.09599996e+00
    2.15899992e+00 2.25500011e+00 0. 0. 0. 0. 0. 0. 0. 0. 0. 0. 0. 0. 0.
    0. 0. 0. 0. 0. 0. 0. 0. 0. 0. 0. 0. 0. 2.93000007e+00 2.20000005e+00
    2.12899995e+00 2.12299991e+00 2.08400011e+00 2.06299996e+00
    2.06299996e+00 2.06299996e+00 2.06299996e+00 2.06299996e+00
    2.06399989e+00 2.06900001e+00 2.09599996e+00 2.14499998e+00
    1.86899996e+00 1.40699995e+00 0. 0. 0. 0. 0. 0. 0. 0. 0. 0. 0. 0. 0.
    0. 0. 0. 0. 0. 0. 0. 0. 0. 0. 0. 0. 2.78200006e+00 2.40899992e+00
    2.09599996e+00 2.07500005e+00 2.06299996e+00 2.06299996e+00
    2.06299996e+00 2.06299996e+00 2.06299996e+00 2.06299996e+00
    2.06299996e+00 2.07399988e+00 2.09500003e+00 2.09899998e+00
    1.97099996e+00 0. 0. 0. 0. 0. 0. 0. 0. 0. 0. 0. 0. 0. 0. 0. 0. 0. 0.
    0. 0. 0. 0. 0. 0. 0. 0. 2.77200007e+00 2.09800005e+00 2.07599998e+00
    2.06299996e+00 2.06299996e+00 2.06299996e+00 2.06299996e+00
    2.06299996e+00 2.06299996e+00 2.06299996e+00 2.06200004e+00
    2.06200004e+00 2.06100011e+00 1.93799996e+00 0. 0. 0. 0. 0. 0. 0. 0.
    0. 0. 0. 0. 0. 0. 0. 0. 0. 0. 0. 0. 0. 0. 0. 0. 0. 0. 0.
    2.84699988e+00 2.34500003e+00 2.06299996e+00 2.06299996e+00
    2.06299996e+00 2.06299996e+00 2.06299996e+00 2.06299996e+00
    2.06299996e+00 2.05200005e+00 2.02999997e+00 2.02500010e+00
    1.97599995e+00 0. 0. 0. 0. 0. 0. 0. 0. 0. 0. 0. 0. 0. 0. 0. 0. 0. 0.
    0. 0. 0. 0. 0. 0. 0. 0. 2.91899991e+00 2.35200000e+00 2.16700006e+00
    2.06299996e+00 2.06299996e+00 2.06299996e+00 2.06299996e+00
    2.06299996e+00 2.06100011e+00 2.05500007e+00 2.03600001e+00
    2.00699997e+00 2. 2.00200009e+00 2.03800011e+00 1.20700002e+00 0. 0.
    0. 0. 0. 0. 0. 0. 0. 0. 0. 0. 0. 0. 0. 0. 0. 0. 0. 0. 0. 0. 0. 0.
    1.07099998e+00 0. 1.01600003e+00 2.06299996e+00 2.06299996e+00
    2.06299996e+00 2.06299996e+00 2.06299996e+00 2.05599999e+00
    2.02900004e+00 2.01099992e+00 2.00200009e+00 2. 2.00200009e+00
    2.03800011e+00 1.20700002e+00 0. 0. 0. 0. 0. 0. 0. 0. 0. 0. 0. 0. 0.
    0. 0. 0. 0. 0. 0. 0. 0. 0. 0. 0. 1.39699996e+00 0. 1.21899998e+00
    2.06299996e+00 2.06299996e+00 2.05399990e+00 2.04200006e+00
    2.04200006e+00 2.03600001e+00 2.01200008e+00 2. 2. 2. 2.00099993e+00
    2.02500010e+00 1.19000006e+00 0. 0. 0. 0. 0. 0. 0. 0. 0. 0. 0. 0. 0.
    0. 0. 0. 0. 0. 0. 0. 0. 0. 0. 0. 0. 2.97600007e+00 2.39100003e+00
    2.06299996e+00 2.06299996e+00 2.03999996e+00 2.00600004e+00
    2.00500011e+00 2.00500011e+00 2.00200009e+00 2. 2. 2. 2.
    2.00300002e+00 1.15999997e+00 0. 0. 0. 0. 0. 0. 0. 0. 0. 0. 0. 0. 0.
    0. 0. 0. 0. 0. 0. 0. 0. 0. 0. 0. 0. 0. 2.56599998e+00 2.06299996e+00
    2.06299996e+00 2.03699994e+00 2.00099993e+00 2. 2. 2. 2. 2.
    1.98599994e+00 1.96899998e+00 1.96899998e+00 1.13000000e+00 0. 0. 0.
    0. 0. 0. 0. 0. 0. 0. 0. 0. 0. 0. 0. 0. 0. 0. 0. 0. 0. 0. 0. 0. 0. 0.
    2.59599996e+00 2.11100006e+00 2.07399988e+00 2.03399992e+00
    1.99300003e+00 1.99199998e+00 1.99199998e+00 1.99199998e+00
    1.99199998e+00 1.99199998e+00 1.96500003e+00 1.93299997e+00
    1.93299997e+00 1.10099995e+00 0. 0. 0. 0. 0. 0. 0. 0. 0. 0. 0. 0. 0.
    0. 0. 0. 0. 0. 0. 0. 0. 0. 0. 0. 0. 0. 2.84299994e+00 2.51300001e+00
    2.16499996e+00 2.00500011e+00 1.92299998e+00 1.92100000e+00
    1.92100000e+00 1.92100000e+00 1.92100000e+00 1.92100000e+00
    1.90999997e+00 1.89800000e+00 1.89800000e+00 1.07200003e+00 0. 0. 0.
    0. 0. 0. 0. 0. 0. 0. 0. 0. 0. 0. 0. 0. 0. 0. 0. 0. 0. 0. 0. 0.
    2.97399998e+00 2.95499992e+00 2.95499992e+00 2.77200007e+00
    2.35400009e+00 2.06599998e+00 1.83200002e+00 1.82599998e+00
    1.83200002e+00 1.85300004e+00 1.86399996e+00 1.86399996e+00
    1.86399996e+00 1.86399996e+00 1.86399996e+00 1.22500002e+00 0. 0. 0.
    0. 0. 0. 0. 0. 0. 0. 0. 0. 0. 0. 0. 0. 0. 0. 0. 0. 0. 0. 0. 0.
    2.92000008e+00 2.85100007e+00 2.85100007e+00 2.80399990e+00
    2.69700003e+00 2.26999998e+00 1.70899999e+00 1.69500005e+00
    1.71399999e+00 1.79200006e+00 1.83000004e+00 1.83000004e+00
    1.83000004e+00 1.83000004e+00 1.83000004e+00 1.66600001e+00
    1.14600003e+00 0. 0. 0. 0. 0. 0. 0. 0. 0. 0. 0. 0. 0. 0. 0. 0. 0. 0.
    0. 0. 0. 0. 0. 2.92400002e+00 2.72000003e+00 2.72000003e+00
    2.72000003e+00 2.72000003e+00 2.28399992e+00 1.66600001e+00
    1.64999998e+00 1.67400002e+00 1.77100003e+00 1.81799996e+00
    1.81799996e+00 1.81799996e+00 1.81799996e+00 1.81799996e+00
    1.81799996e+00 1.81799996e+00 1.81799996e+00 1.81799996e+00 0. 0. 0.
    0. 0. 0. 0. 0. 0. 0. 0. 0. 0. 0. 0. 0. 0. 0. 0. 0. 0. 2.95900011e+00
    2.57599998e+00 2.57599998e+00 2.57599998e+00 2.57599998e+00
    2.19799995e+00 1.66400003e+00 1.64999998e+00 1.67400002e+00
    1.77100003e+00 1.81799996e+00 1.81799996e+00 1.81799996e+00
