<?xml version="1.0"?>
<opencv_storage>
<Depth type_id="opencv-matrix">
  <rows>40</rows>
  <cols>40</cols>
  <dt>f</dt>
  <data>
    0. 0. 0. 0. 0. 0. 0. 0. 0. 0. 0. 0. 0. 0. 0. 0. 0. 0. 0. 0. 0. 0. 0.
    0. 0. 0. 0. 0. 0. 0. 0. 0. 0. 0. 0. 0. 0. 0. 0. 0. 0. 0. 0. 0. 0. 0.
    0. 0. 0. 0. 0. 1.97899997e+00 1.98000002e+00 2. 2.00099993e+00
    2.01999998e+00 2.01999998e+00 2.01799989e+00 2. 2. 1.99600005e+00
    1.97899997e+00 1.97899997e+00 1.97899997e+00 2.50399995e+00 0. 0. 0.
    0. 0. 0. 0. 0. 0. 0. 0. 0. 0. 0. 0. 0. 0. 0. 0. 0. 0. 0. 0. 0. 0. 2.
    1.98000002e+00 1.98000002e+00 2. 2. 2.00200009e+00 2.01999998e+00
    2.01699996e+00 1.99699998e+00 1.97899997e+00 1.97899997e+00
    1.97899997e+00 1.97899997e+00 1.97899997e+00 2.50399995e+00 0. 0. 0.
    0. 0. 0. 0. 0. 0. 0. 0. 0. 0. 0. 0. 0. 0. 0. 0. 0. 0. 0. 0. 0. 0. 2.
    2. 2. 2. 2. 2. 2. 2. 1.99699998e+00 1.98000002e+00 1.97899997e+00
    1.97899997e+00 1.97899997e+00 1.97899997e+00 2.50399995e+00 0. 0. 0.
    0. 0. 0. 0. 0. 0. 0. 0. 0. 0. 0. 0. 0. 0. 0. 0. 0. 0. 0. 0. 0. 0. 2.
    2. 2. 2. 2. 2. 2. 2. 2. 1.99699998e+00 1.97899997e+00 1.97899997e+00
    1.97899997e+00 1.97899997e+00 2.50399995e+00 0. 0. 0. 0. 0. 0. 0. 0.
    0. 0. 0. 0. 0. 0. 0. 0. 0. 0. 0. 0. 0. 0. 0. 0. 0. 2. 2. 2. 2. 2. 2.
    2. 2. 2. 1.99699998e+00 1.98000002e+00 1.97899997e+00 1.97899997e+00
    1.97899997e+00 2.50600004e+00 0. 0. 0. 0. 0. 0. 0. 0. 0. 0. 0. 0. 0.
    0. 0. 0. 0. 0. 0. 0. 0. 0. 0. 0. 0. 2. 2. 2. 2. 2. 2. 2. 2. 2. 2.
    1.99699998e+00 1.98099995e+00 1.97899997e+00 1.97899997e+00
    2.51900005e+00 0. 0. 0. 0. 0. 0. 0. 0. 0. 0. 0. 0. 0. 0. 0. 0. 0. 0.
    0. 0. 0. 0. 0. 0. 0. 2. 2. 2. 2. 2. 2. 2. 2. 2. 2. 2. 1.99600005e+00
    1.97899997e+00 1.97899997e+00 2.50399995e+00 0. 0. 0. 0. 0. 0. 0. 0.
    0. 0. 0. 0. 0. 0. 0. 0. 0. 0. 0. 0. 0. 0. 0. 0. 0. 2. 2. 2. 2. 2. 2.
    2. 2. 2. 2. 2. 1.99600005e+00 1.97899997e+00 1.97899997e+00
    2.50600004e+00 0. 0. 0. 0. 0. 0. 0. 0. 0. 0. 0. 0. 0. 0. 0. 0. 0. 0.
    0. 0. 0. 0. 0. 0. 0. 2. 2. 2. 2. 2. 2. 2. 2. 2. 2. 2. 1.99399996e+00
    1.97899997e+00 1.97899997e+00 2.44600010e+00 0. 0. 0. 0. 0. 0. 0. 0.
    0. 0. 0. 0. 0. 0. 0. 0. 0. 0. 0. 0. 0. 0. 0. 0. 0. 2. 2. 2. 2. 2. 2.
    2. 2. 2.00300002e+00 2. 1.99600005e+00 1.97899997e+00 1.97899997e+00
    1.97899997e+00 1.97899997e+00 2.52399993e+00 0. 0. 0. 0. 0. 0. 0. 0.
    0. 0. 0. 0. 0. 0. 0. 0. 0. 0. 0. 0. 0. 0. 0. 0. 2. 2. 2. 2. 2. 2. 2.
    2.00200009e+00 2.01399994e+00 2. 1.99600005e+00 1.97899997e+00
    1.98000002e+00 1.98199999e+00 1.97899997e+00 2.52600002e+00 0. 0. 0.
    0. 0. 0. 0. 0. 0. 0. 0. 0. 0. 0. 0. 0. 0. 0. 0. 0. 0. 0. 0. 0.
    2.37299991e+00 2. 2. 2. 2. 2. 2. 2. 2. 2. 1.99699998e+00
    1.98300004e+00 1.98599994e+00 1.99199998e+00 1.97899997e+00
    2.54099989e+00 0. 0. 0. 0. 0. 0. 0. 0. 0. 0. 0. 0. 0. 0. 0. 0. 0. 0.
    0. 0. 0. 0. 0. 0. 0. 2. 2. 2. 2. 2. 2. 2. 2. 2. 2. 2. 1.99600005e+00
    1.97899997e+00 1.97800004e+00 2.42199993e+00 0. 0. 0. 0. 0. 0. 0. 0.
    0. 0. 0. 0. 0. 0. 0. 0. 0. 0. 0. 0. 0. 0. 0. 0. 0. 2. 2.
    2.00399995e+00 2. 2. 2. 2. 2. 2. 2. 2. 1.99699998e+00 1.98300004e+00
    1.97399998e+00 1.95899999e+00 2.54399991e+00 0. 0. 0. 0. 0. 0. 0. 0.
    0. 0. 0. 0. 0. 0. 0. 0. 0. 0. 0. 0. 0. 0. 0. 0. 2. 2.00099993e+00
    2.01900005e+00 2. 2. 2. 2. 2. 2. 2. 2. 2. 1.99500000e+00
    1.97500002e+00 1.96399999e+00 2.41100001e+00 0. 0. 0. 0. 0. 0. 0. 0.
    0. 0. 0. 0. 0. 0. 0. 0. 0. 0. 0. 0. 0. 0. 0. 0. 2.00999999e+00
    2.01099992e+00 2.01900005e+00 2. 2. 2. 2. 2. 2. 2. 2. 2.
    1.99500000e+00 1.97899997e+00 1.97800004e+00 1.97399998e+00
    2.57100010e+00 0. 0. 0. 0. 0. 0. 0. 0. 0. 0. 0. 0. 0. 0. 0. 0. 0. 0.
    0. 0. 0. 0. 0. 2.57299995e+00 2.03999996e+00 2.01900005e+00
    2.00500011e+00 2. 2. 2. 2. 2. 2. 2. 2. 1.99699998e+00 1.98300004e+00
    1.97399998e+00 1.95899999e+00 2.57100010e+00 0. 0. 0. 0. 0. 0. 0. 0.
    0. 0. 0. 0. 0. 0. 0. 0. 0. 0. 0. 0. 0. 0. 0. 0. 2.03399992e+00
    2.01999998e+00 2.01900005e+00 2. 2. 2. 2. 2. 2. 2. 2. 2.
    1.99500000e+00 1.97399998e+00 1.95899999e+00 2.59899998e+00 0. 0. 0.
    0. 0. 0. 0. 0. 0. 0. 0. 0. 0. 0. 0. 0. 0. 0. 0. 0. 0. 0. 0. 0.
    2.01999998e+00 2.01999998e+00 2.01900005e+00 2. 2. 2. 2. 2. 2. 2. 2.
    2. 1.99500000e+00 1.97399998e+00 1.95899999e+00 2.59299994e+00 0. 0.
    0. 0. 0. 0. 0. 0. 0. 0. 0. 0. 0. 0. 0. 0. 0. 0. 0. 0. 0. 0. 0. 0.
    2.64499998e+00 2.01999998e+00 2.01900005e+00 2. 2. 2. 2. 2. 2. 2. 2.
    2. 1.99500000e+00 1.97399998e+00 1.95899999e+00 2.57299995e+00 0. 0.
    0. 0. 0. 0. 0. 0. 0. 0. 0. 0. 0. 0. 0. 0. 0. 0. 0. 0. 0. 0. 0. 0. 0.
    2.01999998e+00 2.01900005e+00 2.00600004e+00 2. 2. 2. 2. 2. 2. 2. 2.
    1.99500000e+00 1.97599995e+00 1.96599996e+00 2.56500006e+00 0. 0. 0.
    0. 0. 0. 0. 0. 0. 0. 0. 0. 0. 0. 0. 0. 0. 0. 0. 0. 0. 0. 0. 0. 0.
    2.01999998e+00 2.01999998e+00 2.01799989e+00 1.99899995e+00
    1.99300003e+00 1.99399996e+00 2. 2. 2. 2. 2. 1.99699998e+00
    1.98399997e+00 1.97899997e+00 2.36800003e+00 0. 0. 0. 0. 0. 0. 0. 0.
    0. 0. 0. 0. 0. 0. 0. 0. 0. 0. 0. 0. 0. 0. 0. 0. 0. 2.01999998e+00
    2.01300001e+00 2.01200008e+00 1.99800003e+00 1.97899997e+00
    1.98199999e+00 2. 2. 2. 2. 2. 2. 1.99500000e+00 1.97899997e+00
    1.98500001e+00 2.63100004e+00 0. 0. 0. 0. 0. 0. 0. 0. 0. 0. 0. 0. 0.
    0. 0. 0. 0. 0. 0. 0. 0. 0. 0. 0. 2.75900006e+00 2. 2. 1.99899995e+00
    1.98699999e+00 1.98899996e+00 2. 2. 2. 2. 2. 2. 1.99699998e+00
    1.98699999e+00 1.99100006e+00 2.65100002e+00 0. 0. 0. 0. 0. 0. 0. 0.
    0. 0. 0. 0. 0. 0. 0. 0. 0. 0. 0. 0. 0. 0. 0. 0. 0. 2.76500010e+00 2.
    2. 2. 2. 2. 2. 2. 2. 2. 2. 2. 2. 2. 2.39899993e+00 0. 0. 0. 0. 0. 0.
    0. 0. 0. 0. 0. 0. 0. 0. 0. 0. 0. 0. 0. 0. 0. 0. 0. 0. 0. 0. 2. 2. 2.
    2. 2. 2. 2. 2. 2. 2. 2. 2. 1.99800003e+00 1.99100006e+00
    1.99100006e+00 0. 0. 0. 0. 0. 0. 0. 0. 0. 0. 0. 0. 0. 0. 0. 0. 0. 0.
    0. 0. 0. 0. 0. 0. 0. 2.00799990e+00 2. 2. 2. 2. 2. 2. 2. 2. 2.
    1.99800003e+00 1.99100006e+00 1.98800004e+00 1.97899997e+00
    1.97899997e+00 0. 0. 0. 0. 0. 0. 0. 0. 0. 0. 0. 0. 0. 0. 0. 0. 0. 0.
    0. 0. 0. 0. 0. 0. 0. 2.01799989e+00 2. 2. 2. 2. 2. 2. 2. 2. 2.
    1.99500000e+00 1.97899997e+00 1.97899997e+00 1.97599995e+00
    1.97000003e+00 0. 0. 0. 0. 0. 0. 0. 0. 0. 0. 0. 0. 0. 0. 0. 0. 0. 0.
    0. 0. 0. 0. 0. 0. 0. 2.01900005e+00 2.00799990e+00 2. 2. 2. 2. 2. 2.
    2. 2. 1.99500000e+00 1.97899997e+00 1.97899997e+00 1.97300005e+00
    1.95899999e+00 0. 0. 0. 0. 0. 0. 0. 0. 0. 0. 0. 0. 0. 0. 0. 0. 0. 0.
    0. 0. 0. 0. 0. 0. 0. 2.02900004e+00 2.01799989e+00 2. 2. 2. 2. 2. 2.
    2. 1.99800003e+00 1.98699999e+00 1.97899997e+00 1.97899997e+00
    1.97599995e+00 1.96899998e+00 0. 0. 0. 0. 0. 0. 0. 0. 0. 0. 0. 0. 0.
    0. 0. 0. 0. 0. 0. 0. 0. 0. 0. 0. 0. 2.03900003e+00 2.01799989e+00 2.
    2. 2. 2. 2. 2. 2. 1.99500000e+00 1.97899997e+00 1.97899997e+00
    1.97899997e+00 1.97899997e+00 1.97899997e+00 0. 0. 0. 0. 0. 0. 0. 0.
    0. 0. 0. 0. 0. 0. 0. 0. 0. 0. 0. 0. 0. 0. 0. 0. 0. 2.98699999e+00
    2.01799989e+00 2. 2. 2. 2. 2. 2. 2. 1.99800003e+00 1.99000001e+00
    1.98699999e+00 1.97899997e+00 1.97899997e+00 1.97899997e+00 0. 0. 0.
    0. 0. 0. 0. 0. 0. 0. 0. 0. 0. 0. 0. 0. 0. 0. 0. 0. 0. 0. 0. 0. 0. 0.
    2.01799989e+00 2. 2. 2. 2. 2. 2. 2. 2. 1.99699998e+00 1.98599994e+00
    1.97899997e+00 1.97599995e+00 1.96800005e+00 0. 0. 0. 0. 0. 0. 0. 0.
    0. 0. 0. 0. 0. 0. 0. 0. 0. 0. 0. 0. 0. 0. 0. 0. 0. 0. 2.01799989e+00
    2. 2. 2. 2. 2. 1.99800003e+00 1.98899996e+00 1.99100006e+00
    1.99500000e+00 1.97899997e+00 1.97899997e+00 1.97300005e+00
    1.95899999e+00 0. 0. 0. 0. 0. 0. 0. 0. 0. 0. 0. 0. 0. 0. 0. 0. 0. 0.
    0. 0. 0. 0. 0. 0. 0. 0. 2.01799989e+00 2. 2. 2. 2. 2. 1.99600005e+00
    1.97899997e+00 1.98399997e+00 1.99800003e+00 1.98800004e+00
    1.97899997e+00 1.97300005e+00 1.95899999e+00 0. 0. 0. 0. 0. 0. 0. 0.
    0. 0. 0. 0. 0. 0. 0. 0. 0. 0. 0. 0. 0. 0. 0. 0. 0. 0. 2.01799989e+00
    2. 2. 2. 2. 2. 1.99800003e+00 1.99100006e+00 1.99300003e+00
    2.00300002e+00 2.34899998e+00 2.89899993e+00 1.97599995e+00
