<?xml version="1.0"?>
<opencv_storage>
<Depth type_id="opencv-matrix">
  <rows>40</rows>
  <cols>40</cols>
  <dt>f</dt>
  <data>
    0. 0. 0. 0. 0. 0. 0. 0. 0. 0. 0. 0. 0. 0. 0. 0. 0. 0. 0. 0. 0. 0. 0.
    0. 0. 0. 0. 0. 0. 0. 0. 0. 0. 0. 0. 0. 0. 0. 0. 0. 0. 0. 0. 0. 0. 0.
    0. 0. 0. 0. 0. 0. 0. 0. 0. 0. 0. 0. 0. 0. 0. 0. 0. 0. 0. 0. 0. 0. 0.
    0. 0. 0. 0. 0. 0. 0. 0. 0. 0. 0. 0. 0. 0. 0. 0. 0. 0. 0. 0. 0. 0. 0.
    0. 0. 0. 0. 0. 0. 0. 0. 0. 0. 0. 0. 0. 0. 0. 0. 0. 0. 0. 0. 0. 0. 0.
    0. 0. 0. 0. 0. 0. 0. 0. 0. 0. 0. 0. 0. 0. 0. 0. 0. 0. 0. 0. 0. 0. 0.
    0. 0. 0. 0. 0. 0. 0. 0. 0. 0. 0. 0. 0. 0. 0. 0. 0. 0. 0. 0. 0. 0. 0.
    0. 0. 0. 0. 0. 0. 0. 0. 0. 0. 0. 0. 0. 0. 0. 0. 0. 0. 0. 0. 0. 0. 0.
    0. 0. 0. 0. 0. 0. 0. 0. 0. 0. 0. 0. 0. 0. 0. 0. 0. 0. 0. 0. 0. 0. 0.
    0. 0. 0. 0. 0. 0. 0. 0. 0. 0. 0. 0. 0. 0. 0. 0. 0. 0. 0. 0. 0. 0. 0.
    0. 0. 0. 0. 0. 0. 0. 0. 0. 0. 0. 0. 0. 0. 0. 0. 0. 0. 0. 0. 0. 0. 0.
    0. 0. 0. 0. 0. 0. 0. 0. 0. 0. 0. 0. 0. 0. 0. 0. 0. 0. 0. 0. 0. 0. 0.
    0. 0. 0. 0. 0. 0. 0. 0. 0. 0. 0. 0. 0. 0. 0. 0. 0. 0. 0. 0. 0. 0. 0.
    0. 0. 0. 0. 0. 0. 0. 0. 0. 0. 0. 0. 0. 0. 0. 0. 0. 0. 0. 0. 0. 0. 0.
    0. 0. 0. 0. 0. 0. 0. 0. 0. 0. 0. 0. 0. 0. 0. 0. 0. 0. 0. 0. 0. 0. 0.
    0. 0. 0. 0. 0. 0. 0. 0. 0. 0. 0. 0. 0. 0. 0. 0. 0. 0. 0. 0. 0. 0. 0.
    0. 0. 0. 0. 0. 0. 0. 0. 0. 0. 0. 0. 0. 0. 0. 0. 0. 0. 0. 0. 0. 0. 0.
    0. 0. 0. 0. 0. 0. 0. 0. 0. 0. 0. 0. 0. 0. 0. 0. 0. 0. 0. 0. 0. 0. 0.
    0. 0. 0. 0. 0. 0. 0. 0. 0. 0. 0. 0. 0. 0. 0. 0. 0. 0. 0. 0. 0. 0. 0.
    0. 0. 0. 0. 0. 0. 0. 0. 0. 0. 0. 0. 0. 0. 0. 0. 0. 0. 0. 0. 0. 0. 0.
    0. 0. 0. 0. 0. 0. 0. 0. 0. 0. 0. 0. 0. 0. 0. 0. 0. 0. 0. 0. 0. 0. 0.
    0. 0. 0. 0. 0. 2.75200009e+00 2.85899997e+00 2.31399989e+00
    2.05599999e+00 2.05599999e+00 2.05599999e+00 2.22199988e+00
    2.87299991e+00 2.10800004e+00 2.05599999e+00 2.62800002e+00
    2.88400006e+00 2.47000003e+00 1.94599998e+00 1.95599997e+00 2. 2.
    1.97800004e+00 1.97300005e+00 1.95799994e+00 1.93400002e+00
    1.91999996e+00 1.91999996e+00 1.91999996e+00 0. 0. 0. 0. 0. 0. 0. 0.
    0. 0. 0. 0. 0. 0. 0. 0. 1.57200003e+00 1.61399996e+00 1.53600001e+00
    1.78600001e+00 2.00999999e+00 2.00999999e+00 2.04600000e+00
    2.18799996e+00 2.06399989e+00 2.03699994e+00 2.12400007e+00
    2.15300012e+00 2.05599999e+00 1.94599998e+00 1.95599997e+00 2. 2.
    1.97800004e+00 1.97300005e+00 1.95799994e+00 1.93400002e+00
    1.89999998e+00 1.85800004e+00 1.85800004e+00 0. 0. 0. 0. 0. 0. 0. 0.
    0. 0. 0. 0. 0. 0. 0. 0. 1.28999996e+00 1.29799998e+00 1.31500006e+00
    1.70400000e+00 2. 2. 2.00200009e+00 2.01099992e+00 2.03500009e+00
    2.02999997e+00 2.00900006e+00 1.98500001e+00 1.96899998e+00
    1.96500003e+00 1.96800005e+00 1.98099995e+00 1.98099995e+00
    1.95899999e+00 1.95400000e+00 1.93900001e+00 1.90900004e+00
    1.87199998e+00 1.84099996e+00 1.82700002e+00 0. 0. 0. 0. 0. 0. 0. 0.
    0. 0. 0. 0. 0. 0. 0. 0. 1.28499997e+00 1.28499997e+00 1.29600000e+00
    1.47800004e+00 1.78400004e+00 2. 2. 2.00099993e+00 2.01099992e+00 2.
    1.98899996e+00 1.97800004e+00 1.97300005e+00 1.96800005e+00
    1.95799994e+00 1.95799994e+00 1.95799994e+00 1.94799995e+00
    1.94599998e+00 1.93099999e+00 1.89699996e+00 1.86099994e+00
    1.83899999e+00 1.81900001e+00 0. 0. 0. 0. 0. 0. 0. 0. 0. 0. 0. 0. 0.
    0. 0. 0. 1.29200006e+00 1.29200006e+00 1.30299997e+00 1.31299996e+00
    1.62199998e+00 2.01200008e+00 2.01200008e+00 2.01099992e+00
    2.00099993e+00 1.97800004e+00 1.97300005e+00 1.97300005e+00
    1.97300005e+00 1.96399999e+00 1.94599998e+00 1.94599998e+00
    1.94599998e+00 1.94599998e+00 1.94599998e+00 1.93099999e+00
    1.89699996e+00 1.86500001e+00 1.85000002e+00 1.83000004e+00 0. 0. 0.
    0. 0. 0. 0. 0. 0. 0. 0. 0. 0. 0. 0. 0. 1.30100000e+00 1.30100000e+00
    1.47200000e+00 1.54900002e+00 1.76300001e+00 2.03399992e+00
    2.02800012e+00 2.02600002e+00 2.00200009e+00 1.98500001e+00
    1.98099995e+00 1.98099995e+00 1.97800004e+00 1.96700001e+00
    1.95299995e+00 1.94599998e+00 1.94599998e+00 1.94599998e+00
    1.94599998e+00 1.93099999e+00 1.89699996e+00 1.86899996e+00
    1.86600006e+00 1.85200000e+00 0. 0. 0. 0. 0. 0. 0. 0. 0. 0. 0. 0. 0.
    0. 0. 0. 1.30999994e+00 1.41900003e+00 1.86500001e+00 2.05599999e+00
    2.05399990e+00 2.04399991e+00 2.02900004e+00 2.03099990e+00
    2.00200009e+00 2. 2. 2. 1.99000001e+00 1.97599995e+00 1.96899998e+00
    1.95099998e+00 1.95099998e+00 1.94700003e+00 1.94299996e+00
    1.92900002e+00 1.89900005e+00 1.87399995e+00 1.87399995e+00
    1.87399995e+00 0. 0. 0. 0. 0. 0. 0. 0. 0. 0. 0. 0. 0. 0. 0. 0.
    1.40100002e+00 1.93299997e+00 2.05599999e+00 2.05599999e+00
    2.04399991e+00 2.02800012e+00 2.03299999e+00 2.04900002e+00
    2.00300002e+00 2. 2. 2. 2. 1.99100006e+00 1.97300005e+00
    1.97300005e+00 1.97300005e+00 1.95099998e+00 1.92799997e+00
    1.91999996e+00 1.90900004e+00 1.89499998e+00 1.89400005e+00
    1.89400005e+00 0. 0. 0. 0. 0. 0. 0. 0. 0. 0. 0. 0. 0. 0. 0. 0.
    2.06800008e+00 2.05800009e+00 2.05599999e+00 2.05599999e+00
    2.04399991e+00 2.02800012e+00 2.02300000e+00 2.00300002e+00 2. 2. 2.
    2. 2. 1.99100006e+00 1.97300005e+00 1.97300005e+00 1.97300005e+00
    1.95099998e+00 1.92799997e+00 1.91999996e+00 1.91900003e+00
    1.91100001e+00 1.89400005e+00 1.89400005e+00 0. 0. 0. 0. 0. 0. 0. 0.
    0. 0. 0. 0. 0. 0. 0. 0. 2.08999991e+00 2.08200002e+00 2.06299996e+00
    2.05599999e+00 2.04399991e+00 2.02800012e+00 2.02300000e+00 2. 2. 2.
    2. 2.01300001e+00 2.01300001e+00 1.99100006e+00 1.97300005e+00
    1.97300005e+00 1.97300005e+00 1.95099998e+00 1.94299996e+00
    1.94099998e+00 1.94099998e+00 1.93299997e+00 1.90699995e+00
    1.87399995e+00 0. 0. 0. 0. 0. 0. 0. 0. 0. 0. 0. 0. 0. 0. 0. 0.
    2.08500004e+00 2.08500004e+00 2.07900000e+00 2.07599998e+00
    2.05500007e+00 2.02800012e+00 2.02300000e+00 2. 2. 2. 2.
    2.01600003e+00 2.02399993e+00 2.01099992e+00 1.99199998e+00
    1.99000001e+00 1.97399998e+00 1.96599996e+00 1.96500003e+00
    1.96500003e+00 1.95599997e+00 1.93799996e+00 1.90999997e+00
    1.86899996e+00 0. 0. 0. 0. 0. 0. 0. 0. 0. 0. 0. 0. 0. 0. 0. 0.
    2.06900001e+00 2.08200002e+00 2.08500004e+00 2.07599998e+00
    2.05800009e+00 2.04399991e+00 2.03900003e+00 2.01600003e+00
    2.01600003e+00 2.01600003e+00 2.01600003e+00 2.03200006e+00
    2.04399991e+00 2.03500009e+00 2.01600003e+00 2.01300001e+00
    1.97500002e+00 1.97300005e+00 1.97300005e+00 1.97300005e+00
    1.95400000e+00 1.91799998e+00 1.88699996e+00 1.86899996e+00 0. 0. 0.
    0. 0. 0. 0. 0. 0. 0. 0. 0. 0. 0. 0. 0. 2.05599999e+00 2.07999992e+00
    2.07599998e+00 2.06299996e+00 2.05100012e+00 2.03999996e+00
    2.02800012e+00 2.01600003e+00 2.02699995e+00 2.02800012e+00
    2.02800012e+00 2.04399991e+00 2.05100012e+00 2.03900003e+00
    2.02800012e+00 2.02399993e+00 1.97599995e+00 1.97300005e+00
    1.96500003e+00 1.96099997e+00 1.92799997e+00 1.87699997e+00
    1.85599995e+00 1.84700000e+00 0. 0. 0. 0. 0. 0. 0. 0. 0. 0. 0. 0. 0.
    0. 0. 0. 1.06700003e+00 1.89499998e+00 2.06500006e+00 2.05599999e+00
    2.04399991e+00 2.01699996e+00 1.99100006e+00 1.99300003e+00
    2.00900006e+00 2.01799989e+00 2.01900005e+00 2.03500009e+00
    2.03500009e+00 2.01900005e+00 2.01600003e+00 1.99800003e+00
    1.95099998e+00 1.93499994e+00 1.91900003e+00 1.91799998e+00
    1.88699996e+00 1.83899999e+00 1.82500005e+00 1.81099999e+00 0. 0. 0.
    0. 0. 0. 0. 0. 0. 0. 0. 0. 0. 0. 0. 0. 0. 1.49199998e+00
    2.06299996e+00 2.05299997e+00 2.04099989e+00 2.00900006e+00
    1.96800005e+00 1.96800005e+00 1.96800005e+00 1.99000001e+00
    1.99500000e+00 2.00799990e+00 2.00699997e+00 1.99500000e+00
    1.98500001e+00 1.94200003e+00 1.89199996e+00 1.85200000e+00
    1.84399998e+00 1.85800004e+00 1.61000001e+00 1.44799995e+00
    1.79499996e+00 1.79499996e+00 0. 0. 0. 0. 0. 0. 0. 0. 0. 0. 0. 0. 0.
    0. 0. 0. 0. 1.47300005e+00 2.05599999e+00 2.03999996e+00
    2.02800012e+00 2.00200009e+00 1.94599998e+00 1.94599998e+00
    1.94599998e+00 1.96800005e+00 1.97300005e+00 1.97300005e+00
