<?xml version="1.0"?>
<opencv_storage>
<Depth type_id="opencv-matrix">
  <rows>40</rows>
  <cols>40</cols>
  <dt>f</dt>
  <data>
    0. 0. 0. 0. 0. 0. 0. 0. 0. 0. 0. 0. 0. 0. 0. 0. 0. 0. 0. 0. 0. 0. 0.
    0. 0. 0. 0. 0. 0. 0. 0. 0. 0. 0. 0. 0. 0. 0. 0. 0. 0. 0. 0. 0. 0. 0.
    0. 0. 0. 0. 0. 0. 0. 0. 0. 0. 0. 0. 0. 0. 0. 0. 0. 0. 0. 0. 0. 0. 0.
    0. 0. 0. 0. 0. 0. 0. 0. 0. 0. 0. 0. 0. 0. 0. 0. 0. 0. 0. 0. 0. 0. 0.
    0. 0. 0. 0. 0. 0. 0. 0. 0. 0. 0. 0. 0. 0. 0. 0. 0. 0. 0. 0. 0. 0. 0.
    0. 0. 0. 0. 0. 0. 0. 0. 0. 0. 0. 0. 0. 1.86600006e+00 1.88800001e+00
    1.92400002e+00 1.93200004e+00 1.93200004e+00 1.96899998e+00
    1.99300003e+00 1.95599997e+00 1.93200004e+00 1.93200004e+00 0. 0. 0.
    0. 0. 0. 0. 0. 0. 0. 0. 0. 0. 0. 0. 0. 0. 0. 0. 0. 0. 0. 0. 0. 0. 0.
    0. 0. 0. 0. 1.86600006e+00 1.88800001e+00 1.92400002e+00
    1.93200004e+00 1.93200004e+00 1.95700002e+00 1.97300005e+00
    1.94799995e+00 1.93200004e+00 1.93200004e+00 0. 0. 0. 0. 0. 0. 0. 0.
    0. 0. 0. 0. 0. 0. 0. 0. 0. 0. 0. 0. 0. 0. 0. 0. 0. 0. 0. 0. 0. 0.
    1.86600006e+00 1.88800001e+00 1.92400002e+00 1.93200004e+00
    1.93200004e+00 1.93599999e+00 1.93900001e+00 1.93499994e+00
    1.93200004e+00 1.93200004e+00 1.79600000e+00 1.55900002e+00 0. 0. 0.
    0. 0. 0. 0. 0. 0. 0. 0. 0. 0. 0. 0. 0. 0. 0. 0. 0. 0. 0. 0. 0. 0. 0.
    0. 0. 1.89499998e+00 1.90699995e+00 1.92799997e+00 1.93200004e+00
    1.93200004e+00 1.93200004e+00 1.93499994e+00 1.95200002e+00
    1.96800005e+00 1.98500001e+00 2.01600003e+00 2.05900002e+00 0. 0. 0.
    0. 0. 0. 0. 0. 0. 0. 0. 0. 0. 0. 0. 0. 0. 0. 0. 0. 0. 0. 0. 0. 0. 0.
    0. 0. 1.93200004e+00 1.93200004e+00 1.93200004e+00 1.93200004e+00
    1.93200004e+00 1.93200004e+00 1.93900001e+00 1.97599995e+00
    2.01399994e+00 2.05200005e+00 2.06800008e+00 2.06900001e+00
    2.08400011e+00 2.10299993e+00 2.14199996e+00 1.74699998e+00 0. 0. 0.
    0. 0. 0. 0. 0. 0. 0. 0. 0. 0. 0. 0. 0. 0. 0. 0. 0. 0. 0. 0. 0.
    1.93200004e+00 1.93200004e+00 1.93200004e+00 1.93200004e+00
    1.93200004e+00 1.95200002e+00 1.97200000e+00 1.98899996e+00
    2.00699997e+00 2.02399993e+00 2.03099990e+00 2.03099990e+00
    2.04500008e+00 2.06299996e+00 2.14400005e+00 1.78199995e+00 0. 0. 0.
    0. 0. 0. 0. 0. 0. 0. 0. 0. 0. 0. 0. 0. 0. 0. 0. 0. 0. 0. 0. 0.
    1.93200004e+00 1.93200004e+00 1.93200004e+00 1.93200004e+00
    1.93200004e+00 1.96899998e+00 2. 2. 2. 2. 2. 2. 2. 2. 2.10200000e+00
    1.76199996e+00 0. 0. 0. 0. 0. 0. 0. 0. 0. 0. 0. 0. 0. 0. 0. 0. 0. 0.
    0. 0. 0. 0. 0. 0. 1.93200004e+00 1.93200004e+00 1.93200004e+00
    1.93200004e+00 1.93200004e+00 1.96899998e+00 2. 2. 2. 2. 2. 2. 2. 2.
    2.03900003e+00 1.65400004e+00 0. 0. 0. 0. 0. 0. 0. 0. 0. 0. 0. 0. 0.
    0. 0. 0. 0. 0. 0. 0. 0. 0. 0. 0. 1.93200004e+00 1.93200004e+00
    1.93200004e+00 1.93200004e+00 1.93200004e+00 1.96099997e+00
    1.98699999e+00 1.99500000e+00 2. 2. 2. 2. 2. 2. 2. 1.58599997e+00 0.
    0. 0. 0. 0. 0. 0. 0. 0. 0. 0. 0. 0. 0. 0. 0. 0. 0. 0. 0. 0. 0. 0. 0.
    1.93200004e+00 1.93200004e+00 1.93200004e+00 1.93200004e+00
    1.93200004e+00 1.94099998e+00 1.95299995e+00 1.98199999e+00 2. 2. 2.
    2. 2. 2. 2. 1.58599997e+00 0. 0. 0. 0. 0. 0. 0. 0. 0. 0. 0. 0. 0. 0.
    0. 0. 0. 0. 0. 0. 0. 0. 0. 0. 1.93200004e+00 1.93200004e+00
    1.93200004e+00 1.93200004e+00 1.93200004e+00 1.93200004e+00
    1.93900001e+00 1.97599995e+00 2. 2. 2. 2. 2. 2. 2. 1.58599997e+00 0.
    0. 0. 0. 0. 0. 0. 0. 0. 0. 0. 0. 0. 0. 0. 0. 0. 0. 0. 0. 0. 0. 0. 0.
    1.93200004e+00 1.93200004e+00 1.93200004e+00 1.93200004e+00
    1.93200004e+00 1.93200004e+00 1.93900001e+00 1.97599995e+00 2. 2. 2.
    2. 2. 2. 2. 1.58599997e+00 0. 0. 0. 0. 0. 0. 0. 0. 0. 0. 0. 0. 0. 0.
    0. 0. 0. 0. 0. 0. 0. 0. 0. 0. 1.93200004e+00 1.93200004e+00
    1.93200004e+00 1.93200004e+00 1.93200004e+00 1.93200004e+00
    1.93900001e+00 1.97599995e+00 2. 2. 2. 2. 2. 2. 2. 1.58599997e+00 0.
    0. 0. 0. 0. 0. 0. 0. 0. 0. 0. 0. 0. 0. 0. 0. 0. 0. 0. 0. 0. 0. 0. 0.
    1.93200004e+00 1.93200004e+00 1.93200004e+00 1.93200004e+00
    1.93200004e+00 1.93200004e+00 1.93900001e+00 1.97599995e+00 2. 2. 2.
    2. 2. 2. 2. 1.58599997e+00 0. 0. 0. 0. 0. 0. 0. 0. 0. 0. 0. 0. 0. 0.
    0. 0. 0. 0. 0. 0. 0. 0. 0. 0. 1.96800005e+00 1.96800005e+00
    1.96800005e+00 1.96800005e+00 1.96800005e+00 1.96800005e+00
    1.97099996e+00 1.98899996e+00 2. 2. 2. 2. 2. 2. 1.98099995e+00
    1.76999998e+00 0. 0. 0. 0. 0. 0. 0. 0. 0. 0. 0. 0. 0. 0. 0. 0. 0. 0.
    0. 0. 0. 0. 0. 0. 2. 2. 2. 2. 2. 2. 2. 2. 2. 2. 2. 2. 2. 2.
    1.96399999e+00 1.93200004e+00 1.93200004e+00 1.00899994e+00 0. 0. 0.
    0. 0. 0. 0. 0. 0. 0. 0. 0. 0. 0. 0. 0. 0. 0. 0. 0. 0. 0. 2. 2. 2. 2.
    2. 2. 2. 2. 2. 2. 2. 2. 2. 2. 1.96399999e+00 1.93200004e+00
    1.93200004e+00 1.00899994e+00 0. 0. 0. 0. 0. 0. 0. 0. 0. 0. 0. 0. 0.
    0. 0. 0. 0. 0. 0. 0. 0. 0. 2. 2. 2. 2. 2. 2. 2. 2. 2. 2. 2. 2. 2. 2.
    1.97099996e+00 1.94500005e+00 1.94500005e+00 1.20599997e+00 0. 0. 0.
    0. 0. 0. 0. 0. 0. 0. 0. 0. 0. 0. 0. 0. 0. 0. 0. 0. 0. 0. 2. 2. 2. 2.
    2. 2. 2. 2. 2. 2. 2. 2. 2. 2. 1.99100006e+00 1.98300004e+00
    1.98300004e+00 1.76999998e+00 1.15999997e+00 0. 0. 0. 0. 0. 0. 0. 0.
    0. 0. 0. 0. 0. 0. 0. 0. 0. 0. 0. 0. 0. 2. 2. 2. 2. 2. 2. 2. 2. 2. 2.
    2. 2. 2. 2. 2. 2.00200009e+00 2.01300001e+00 2.04399991e+00
    2.11100006e+00 0. 0. 0. 0. 0. 0. 0. 0. 0. 0. 0. 0. 0. 0. 0. 0. 0. 0.
    0. 0. 0. 2. 2. 2. 2. 2. 2. 2. 2. 2. 2. 2. 2. 2. 2. 2. 2.00500011e+00
    2.03800011e+00 2.07500005e+00 2.11999989e+00 0. 0. 0. 0. 0. 0. 0. 0.
    0. 0. 0. 0. 0. 0. 0. 0. 0. 0. 0. 0. 0. 2. 1.99100006e+00
    1.97500002e+00 1.97200000e+00 1.97200000e+00 1.97200000e+00
    1.97500002e+00 1.99000001e+00 2. 2. 2. 2. 2. 2. 2. 2.00600004e+00
    2.04399991e+00 2.07699990e+00 2.10100007e+00 1.22500002e+00 0. 0. 0.
    0. 0. 0. 0. 0. 0. 0. 0. 0. 0. 0. 0. 0. 0. 0. 0. 0. 2. 1.97800004e+00
    1.94200003e+00 1.93499994e+00 1.93499994e+00 1.93499994e+00
    1.94099998e+00 1.97700000e+00 2. 2. 2. 2. 2. 2. 2. 2.00600004e+00
    2.04399991e+00 2.06999993e+00 2.07100010e+00 2.01600003e+00
    1.91299999e+00 1.94400001e+00 2.02099991e+00 0. 0. 0. 0. 0. 0. 0. 0.
    0. 0. 0. 0. 0. 0. 0. 0. 0. 2. 1.97800004e+00 1.94000006e+00
    1.93200004e+00 1.93200004e+00 1.93200004e+00 1.93499994e+00
    1.95400000e+00 1.96500003e+00 1.96500003e+00 1.97599995e+00
    1.99500000e+00 2. 2. 2. 2.00300002e+00 2.02099991e+00 2.03299999e+00
    2.03299999e+00 2.04399991e+00 2.06399989e+00 2.09800005e+00
    2.13599992e+00 0. 0. 0. 0. 0. 0. 0. 0. 0. 0. 0. 0. 0. 0. 0. 0. 0.
    1.65799999e+00 1.75000000e+00 1.90499997e+00 1.93499994e+00
    1.93200004e+00 1.93200004e+00 1.93200004e+00 1.93200004e+00
    1.93200004e+00 1.93200004e+00 1.95299995e+00 1.99100006e+00 2. 2. 2.
    2. 2. 2. 2. 2.02099991e+00 2.05900002e+00 2.06900001e+00
    2.06900001e+00 0. 0. 0. 0. 0. 0. 0. 0. 0. 0. 0. 0. 0. 0. 0. 0. 0. 0.
    0. 1.62899995e+00 1.95599997e+00 1.93200004e+00 1.93200004e+00
    1.93200004e+00 1.93200004e+00 1.93200004e+00 1.93200004e+00
    1.95299995e+00 1.99100006e+00 2. 2. 2. 2. 2. 2. 2. 2.02099991e+00
    2.05900002e+00 2.06900001e+00 2.06900001e+00 0. 0. 0. 0. 0. 0. 0. 0.
    0. 0. 0. 0. 0. 0. 0. 0. 0. 0. 0. 0. 1.48500001e+00 1.92600000e+00
    1.93200004e+00 1.93200004e+00 1.93200004e+00 1.93200004e+00
    1.93200004e+00 1.95000005e+00 1.98099995e+00 1.98800004e+00
    1.98800004e+00 1.99399996e+00 2. 2. 2. 2. 2.01699996e+00
    2.04800010e+00 2.06200004e+00 2.06900001e+00 0. 0. 0. 0. 0. 0. 0. 0.
    0. 0. 0. 0. 0. 0. 0. 0. 0. 0. 0. 0. 0. 1.90600002e+00 1.93200004e+00
    1.93200004e+00 1.93200004e+00 1.93200004e+00 1.93200004e+00
    1.93799996e+00 1.94799995e+00 1.95000005e+00 1.95000005e+00
    1.97700000e+00 2. 2. 2. 2. 2.00600004e+00 2.01600003e+00
    2.03900003e+00 2.06699991e+00 0. 0. 0. 0. 0. 0. 0. 0. 0. 0. 0. 0. 0.
    0. 0. 0. 0. 0. 0. 0. 0. 0. 1.31200004e+00 1.93200004e+00
    1.93200004e+00 1.93200004e+00 1.93200004e+00 1.93200004e+00
    1.93200004e+00 1.93200004e+00 1.93200004e+00 1.95799994e+00
