<?xml version="1.0"?>
<opencv_storage>
<Depth type_id="opencv-matrix">
  <rows>40</rows>
  <cols>40</cols>
  <dt>f</dt>
  <data>
    0. 0. 0. 0. 0. 0. 0. 0. 0. 0. 0. 0. 0. 0. 0. 0. 0. 0. 0. 0. 0. 0. 0.
    0. 0. 0. 0. 0. 0. 0. 0. 0. 0. 0. 0. 0. 0. 0. 0. 0. 0. 0. 0. 0. 0. 0.
    0. 0. 0. 0. 0. 0. 0. 0. 0. 0. 0. 2.78200006e+00 2. 1.99300003e+00
    1.99000001e+00 1.98399997e+00 1.99100006e+00 1.99800003e+00
    2.00999999e+00 2.00999999e+00 2.01900005e+00 2.01900005e+00 0. 0. 0.
    0. 0. 0. 0. 0. 0. 0. 0. 0. 0. 0. 0. 0. 0. 0. 0. 0. 0. 2.93700004e+00
    2.94000006e+00 2.91599989e+00 2.85100007e+00 2.30200005e+00
    2.05800009e+00 2.04200006e+00 2.02999997e+00 2.00699997e+00
    1.99300003e+00 1.98699999e+00 1.98399997e+00 1.98899996e+00
    1.99100006e+00 1.99800003e+00 2.00999999e+00 2.00999999e+00
    2.01900005e+00 2.01900005e+00 0. 0. 0. 0. 0. 0. 0. 0. 0. 0. 0. 0. 0.
    0. 0. 0. 0. 0. 0. 2.78500009e+00 2.14599991e+00 2.13199997e+00
    2.11700010e+00 2.10100007e+00 2.08500004e+00 2.06999993e+00
    2.04699993e+00 2.03200006e+00 2.02500010e+00 2.00300002e+00
    1.99100006e+00 1.98500001e+00 1.98199999e+00 1.98800004e+00
    1.99100006e+00 1.99699998e+00 2.00699997e+00 2. 2.01699996e+00
    2.01799989e+00 0. 0. 0. 0. 0. 0. 0. 0. 0. 0. 0. 0. 0. 0. 0. 0.
    2.76300001e+00 2.17899990e+00 2.16199994e+00 2.14499998e+00
    2.13000011e+00 2.12199998e+00 2.10999990e+00 2.09500003e+00
    2.07900000e+00 2.06500006e+00 2.04699993e+00 2.03699994e+00
    2.02699995e+00 2.00999999e+00 1.99100006e+00 1.98500001e+00
    1.98300004e+00 1.99000001e+00 1.99199998e+00 1.99899995e+00 2. 2.
    2.00300002e+00 2.00399995e+00 2.37500000e+00 0. 0. 0. 0. 0. 0. 0. 0.
    0. 0. 0. 0. 0. 0. 0. 2.18700004e+00 2.17899990e+00 2.16199994e+00
    2.14499998e+00 2.12899995e+00 2.11299992e+00 2.10999990e+00
    2.09599996e+00 2.08100009e+00 2.06500006e+00 2.05500007e+00
    2.03900003e+00 2.02699995e+00 2.01300001e+00 1.99300003e+00
    1.99100006e+00 1.99100006e+00 1.99100006e+00 1.99199998e+00 2. 2. 2.
    1.99899995e+00 1.99100006e+00 2.36400008e+00 0. 0. 0. 0. 0. 0. 0. 0.
    0. 0. 0. 0. 0. 0. 0. 2.18700004e+00 2.17899990e+00 2.16199994e+00
    2.14499998e+00 2.12899995e+00 2.11299992e+00 2.10800004e+00
    2.09999990e+00 2.08699989e+00 2.06999993e+00 2.05500007e+00
    2.03900003e+00 2.02699995e+00 2.01300001e+00 1.99800003e+00
    1.99100006e+00 1.99100006e+00 1.99100006e+00 1.99199998e+00 2. 2.
    2.00500011e+00 2.00600004e+00 1.99800003e+00 2.37700009e+00 0. 0. 0.
    0. 0. 0. 0. 0. 0. 0. 0. 0. 0. 0. 0. 2.18899989e+00 2.17899990e+00
    2.16199994e+00 2.14499998e+00 2.13499999e+00 2.10299993e+00
    2.09999990e+00 2.09999990e+00 2.09599996e+00 2.07200003e+00
    2.05699992e+00 2.04200006e+00 2.02699995e+00 2.01300001e+00 2.
    1.99199998e+00 1.98899996e+00 1.99000001e+00 1.99199998e+00 2. 2.
    2.00500011e+00 2.00900006e+00 2. 2.37899995e+00 0. 0. 0. 0. 0. 0. 0.
    0. 0. 0. 0. 0. 0. 0. 0. 2.19000006e+00 2.17899990e+00 2.16199994e+00
    2.15100002e+00 2.13800001e+00 2.11199999e+00 2.09999990e+00
    2.09999990e+00 2.09599996e+00 2.07200003e+00 2.05699992e+00
    2.04200006e+00 2.02800012e+00 2.01900005e+00 1.99800003e+00
    1.98500001e+00 1.98199999e+00 1.98800004e+00 1.99100006e+00
    1.99399996e+00 1.99500000e+00 2. 2.00900006e+00 2. 2.37899995e+00 0.
    0. 0. 0. 0. 0. 0. 0. 0. 0. 0. 0. 0. 0. 0. 2.18700004e+00
    2.18099999e+00 2.17300010e+00 2.15599990e+00 2.14400005e+00
    2.12400007e+00 2.10200000e+00 2.09800005e+00 2.08699989e+00
    2.07200003e+00 2.05900002e+00 2.04299998e+00 2.03099990e+00
    2.02200007e+00 2. 1.99399996e+00 1.99100006e+00 1.99100006e+00
    1.99100006e+00 1.99100006e+00 1.99199998e+00 2. 2. 2. 2.30399990e+00
    0. 0. 0. 0. 0. 0. 0. 0. 0. 0. 0. 0. 0. 0. 0. 2.18700004e+00
    2.18700004e+00 2.17300010e+00 2.15599990e+00 2.15000010e+00
    2.13700008e+00 2.10800004e+00 2.09200001e+00 2.08699989e+00
    2.07200003e+00 2.06599998e+00 2.04800010e+00 2.03699994e+00
    2.02200007e+00 2. 1.99399996e+00 1.99000001e+00 1.98500001e+00
    1.99100006e+00 1.99100006e+00 1.99100006e+00 1.99800003e+00 2. 2.
    2.00699997e+00 2.56100011e+00 0. 0. 0. 0. 0. 0. 0. 0. 0. 0. 0. 0. 0.
    0. 2.19899988e+00 2.19000006e+00 2.17600012e+00 2.15700006e+00
    2.15000010e+00 2.13499999e+00 2.10800004e+00 2.09299994e+00
    2.08699989e+00 2.07299995e+00 2.06500006e+00 2.04900002e+00
    2.03699994e+00 2.02200007e+00 2.00799990e+00 1.99399996e+00
    1.99000001e+00 1.98399997e+00 1.99100006e+00 1.99100006e+00
    1.99100006e+00 1.99699998e+00 2. 1.99399996e+00 1.99100006e+00
    1.99100006e+00 0. 0. 0. 0. 0. 0. 0. 0. 0. 0. 0. 0. 0. 0. 0.
    2.19000006e+00 2.18300009e+00 2.16300011e+00 2.15000010e+00
    2.13499999e+00 2.11599994e+00 2.09999990e+00 2.09299994e+00
    2.07900000e+00 2.06500006e+00 2.04900002e+00 2.03699994e+00
    2.02699995e+00 2.00799990e+00 1.99399996e+00 1.99100006e+00
    1.99100006e+00 1.99100006e+00 1.99100006e+00 1.99100006e+00
    1.99699998e+00 2. 1.99399996e+00 1.98500001e+00 1.98500001e+00 0. 0.
    0. 0. 0. 0. 0. 0. 0. 0. 0. 0. 0. 0. 0. 2.19000006e+00 2.18199992e+00
    2.16599989e+00 2.15000010e+00 2.13599992e+00 2.12100005e+00
    2.10500002e+00 2.09599996e+00 2.07999992e+00 2.06500006e+00
    2.04999995e+00 2.03699994e+00 2.02999997e+00 2.01600003e+00
    1.99500000e+00 1.98899996e+00 1.98199999e+00 1.99100006e+00
    1.99100006e+00 1.99199998e+00 2. 2. 1.99500000e+00 1.98399997e+00
    1.98399997e+00 0. 0. 0. 0. 0. 0. 0. 0. 0. 0. 0. 0. 0. 0. 0.
    2.19000006e+00 2.18400002e+00 2.16799998e+00 2.15000010e+00
    2.14199996e+00 2.13000011e+00 2.11299992e+00 2.09800005e+00
    2.08200002e+00 2.06699991e+00 2.05200005e+00 2.03900003e+00
    2.03200006e+00 2.01600003e+00 2. 1.98899996e+00 1.98199999e+00
    1.98599994e+00 1.99100006e+00 1.99199998e+00 2. 2. 2. 1.99100006e+00
    1.99899995e+00 0. 0. 0. 0. 0. 0. 0. 0. 0. 0. 0. 0. 0. 0. 0.
    2.91799998e+00 2.19400001e+00 2.16799998e+00 2.15000010e+00
    2.14100003e+00 2.13000011e+00 2.11199999e+00 2.09800005e+00
    2.08200002e+00 2.07699990e+00 2.06200004e+00 2.03999996e+00
    2.03200006e+00 2.01699996e+00 2.00200009e+00 1.98000002e+00
    1.97200000e+00 1.98300004e+00 1.99100006e+00 1.99199998e+00
    1.99800003e+00 2. 2. 2. 2.00500011e+00 2.34800005e+00 0. 0. 0. 0. 0.
    0. 0. 0. 0. 0. 0. 0. 0. 0. 2.94499993e+00 2.19600010e+00
    2.17100000e+00 2.15000010e+00 2.13499999e+00 2.13000011e+00
    2.10599995e+00 2.09800005e+00 2.08200002e+00 2.07699990e+00
    2.06200004e+00 2.04699993e+00 2.03200006e+00 2.01600003e+00
    1.99399996e+00 1.98599994e+00 1.97899997e+00 1.98199999e+00
    1.98899996e+00 1.99100006e+00 1.99100006e+00 1.99500000e+00 2. 2. 2.
    2.34100008e+00 0. 0. 0. 0. 0. 0. 0. 0. 0. 0. 0. 0. 0. 0.
    2.94499993e+00 2.18400002e+00 2.16799998e+00 2.15100002e+00
    2.13599992e+00 2.12899995e+00 2.11299992e+00 2.09800005e+00
    2.08200002e+00 2.07699990e+00 2.05500007e+00 2.04699993e+00
    2.03900003e+00 2.01699996e+00 2.00300002e+00 1.98899996e+00
    1.98199999e+00 1.98199999e+00 1.98199999e+00 1.99100006e+00
    1.99100006e+00 1.99199998e+00 2. 2. 2. 2.34400010e+00 0. 0. 0. 0. 0.
    0. 0. 0. 0. 0. 0. 0. 0. 0. 2.94199991e+00 2.18600011e+00
    2.17000008e+00 2.15300012e+00 2.14499998e+00 2.12700009e+00
    2.10999990e+00 2.09800005e+00 2.08200002e+00 2.07200003e+00
    2.05500007e+00 2.04699993e+00 2.03399992e+00 2.02300000e+00
    2.00300002e+00 1.98800004e+00 1.97500002e+00 1.97500002e+00
    1.98000002e+00 1.98599994e+00 1.99100006e+00 1.99199998e+00 2. 2. 2.
    2.12100005e+00 0. 0. 0. 0. 0. 0. 0. 0. 0. 0. 0. 0. 0. 0.
    2.90199995e+00 2.18300009e+00 2.17000008e+00 2.15400004e+00
    2.14499998e+00 2.12700009e+00 2.10999990e+00 2.09800005e+00
    2.08200002e+00 2.06900001e+00 2.05500007e+00 2.04699993e+00
    2.03200006e+00 2.02600002e+00 2.00300002e+00 1.98800004e+00
    1.97200000e+00 1.97200000e+00 1.97899997e+00 1.98300004e+00
    1.99100006e+00 1.99199998e+00 1.99899995e+00 2. 2. 2. 0. 0. 0. 0. 0.
