<?xml version="1.0"?>
<opencv_storage>
<Depth type_id="opencv-matrix">
  <rows>40</rows>
  <cols>40</cols>
  <dt>f</dt>
  <data>
    0. 0. 0. 0. 0. 0. 0. 0. 0. 0. 0. 0. 0. 0. 0. 0. 0. 0. 0. 0. 0. 0. 0.
    0. 0. 0. 0. 0. 0. 0. 0. 0. 0. 0. 0. 0. 0. 0. 0. 0. 0. 0. 0. 0. 0. 0.
    0. 0. 0. 0. 0. 0. 0. 0. 0. 0. 0. 0. 0. 0. 0. 0. 0. 0. 0. 0. 0. 0. 0.
    0. 0. 0. 0. 0. 0. 0. 0. 0. 0. 0. 0. 0. 0. 0. 0. 0. 0. 0. 0. 0. 0. 0.
    0. 0. 2.05500007e+00 2.03900003e+00 2.02699995e+00 2. 2.
    2.79800010e+00 0. 0. 0. 0. 0. 0. 0. 0. 0. 0. 0. 0. 0. 0. 0. 0. 0. 0.
    0. 0. 0. 0. 0. 0. 0. 0. 0. 0. 0. 0. 0. 0. 2. 2.00300002e+00
    2.01900005e+00 2.01900005e+00 2.01399994e+00 2.00099993e+00
    1.99300003e+00 1.98099995e+00 2.85299993e+00 0. 0. 0. 0. 0. 0. 0. 0.
    0. 0. 0. 0. 0. 0. 0. 0. 0. 0. 0. 0. 0. 0. 0. 0. 0. 0. 0. 0. 0.
    2.01600003e+00 2. 2. 2.00300002e+00 2.01900005e+00 2.01900005e+00
    2.01900005e+00 2.01300001e+00 1.99300003e+00 1.98099995e+00
    2.82800007e+00 0. 0. 0. 0. 0. 0. 0. 0. 0. 0. 0. 0. 0. 0. 0. 0. 0. 0.
    0. 0. 0. 0. 0. 0. 0. 0. 0. 0. 2. 2. 2. 2. 2.00300002e+00
    2.01600003e+00 2.01600003e+00 2.01600003e+00 2.01099992e+00
    1.99399996e+00 1.98399997e+00 2.71300006e+00 0. 0. 0. 0. 0. 0. 0. 0.
    0. 0. 0. 0. 0. 0. 0. 0. 0. 0. 0. 0. 0. 0. 0. 0. 0. 0. 0. 0.
    2.00300002e+00 2. 2. 2. 2. 2. 2. 2. 2. 2. 2. 2. 2.92199993e+00 0. 0.
    0. 0. 0. 0. 0. 0. 0. 0. 0. 0. 0. 0. 0. 0. 0. 0. 0. 0. 0. 0. 0. 0. 0.
    0. 0. 2.01500010e+00 2. 2. 2. 2. 2. 2. 2. 2. 2. 2. 2. 2.75699997e+00
    0. 0. 0. 0. 0. 0. 0. 0. 0. 0. 0. 0. 0. 0. 0. 0. 0. 0. 0. 0. 0. 0. 0.
    0. 0. 0. 0. 2.00500011e+00 2.00500011e+00 2. 2. 2. 2. 2. 2. 2. 2. 2.
    2. 2. 0. 0. 0. 0. 0. 0. 0. 0. 0. 0. 0. 0. 0. 0. 0. 0. 0. 0. 0. 0. 0.
    0. 0. 0. 0. 0. 0. 2.01300001e+00 2.01300001e+00 2. 2. 2. 2. 2. 2. 2.
    2. 2. 2. 2. 2.73399997e+00 0. 0. 0. 0. 0. 0. 0. 0. 0. 0. 0. 0. 0. 0.
    0. 0. 0. 0. 0. 0. 0. 0. 0. 0. 0. 0. 1.14199996e+00 2. 2. 2. 2.
    2.00099993e+00 2.00500011e+00 2. 2. 2. 2. 2. 2. 2. 0. 0. 0. 0. 0. 0.
    0. 0. 0. 0. 0. 0. 0. 0. 0. 0. 0. 0. 0. 0. 0. 0. 0. 0. 0. 0. 0.
    2.00699997e+00 2.00699997e+00 2.00600004e+00 2. 2.00399995e+00
    2.01399994e+00 2. 2. 2. 2. 2. 2. 2. 0. 0. 0. 0. 0. 0. 0. 0. 0. 0. 0.
    0. 0. 0. 0. 0. 0. 0. 0. 0. 0. 0. 0. 0. 0. 0. 2.16300011e+00
    2.06900001e+00 2.02699995e+00 2.01600003e+00 2. 2.00200009e+00
    2.00799990e+00 2. 2. 2. 2. 2. 2. 2. 0. 0. 0. 0. 0. 0. 0. 0. 0. 0. 0.
    0. 0. 0. 0. 0. 0. 0. 0. 0. 0. 0. 0. 0. 0. 0. 2.16499996e+00
    2.13899994e+00 2.05500007e+00 2.02399993e+00 2. 2. 2. 2. 2. 2. 2. 2.
    2. 2. 2.57200003e+00 0. 0. 0. 0. 0. 0. 0. 0. 0. 0. 0. 0. 0. 0. 0. 0.
    0. 0. 0. 0. 0. 0. 0. 0. 0. 2.16499996e+00 2.14199996e+00
    2.10599995e+00 2.04299998e+00 2. 2. 2. 2. 2. 2. 2. 2. 2. 2. 2. 0. 0.
    0. 0. 0. 0. 0. 0. 0. 0. 0. 0. 0. 0. 0. 0. 0. 0. 0. 0. 0. 0. 0. 0. 0.
    2.16499996e+00 2.14400005e+00 2.13700008e+00 2.06100011e+00 2. 2. 2.
    2. 2. 2. 2. 2. 2. 2. 2. 2.57800007e+00 0. 0. 0. 0. 0. 0. 0. 0. 0. 0.
    0. 0. 0. 0. 0. 0. 0. 0. 0. 0. 0. 0. 0. 0. 2.16499996e+00
    2.15499997e+00 2.13899994e+00 2.08100009e+00 2.00900006e+00 2. 2. 2.
    2. 2. 2. 2. 2. 2. 2. 2.00500011e+00 0. 0. 0. 0. 0. 0. 0. 0. 0. 0. 0.
    0. 0. 0. 0. 0. 0. 0. 0. 0. 0. 0. 0. 0. 0. 0. 0. 2.07800007e+00
    2.01600003e+00 2. 2. 2. 2. 2. 2. 2. 2. 2. 2. 1.99300003e+00
    2.46099997e+00 0. 0. 0. 0. 0. 0. 0. 0. 0. 0. 0. 0. 0. 0. 0. 0. 0. 0.
    0. 0. 0. 0. 0. 0. 0. 0. 2.06200004e+00 2.02900004e+00 2.00999999e+00
    2. 2. 2. 2. 2. 2. 2. 2. 2. 1.98800004e+00 1.98099995e+00
    2.44300008e+00 0. 0. 0. 0. 0. 0. 0. 0. 0. 0. 0. 0. 0. 0. 0. 0. 0. 0.
    0. 0. 0. 0. 0. 0. 0. 2.05699992e+00 2.03800011e+00 2.02600002e+00 2.
    2. 2. 2. 2. 2. 2. 2. 2. 1.98800004e+00 1.98099995e+00 1.98500001e+00
    0. 0. 0. 0. 0. 0. 0. 0. 0. 0. 0. 0. 0. 0. 0. 0. 0. 0. 0. 0. 0. 0. 0.
    0. 0. 2.07200003e+00 2.05500007e+00 2.04299998e+00 2. 2. 2. 2. 2. 2.
    2. 2. 2. 1.98800004e+00 1.98099995e+00 1.98099995e+00 0. 0. 0. 0. 0.
    0. 0. 0. 0. 0. 0. 0. 0. 0. 0. 0. 0. 0. 0. 0. 0. 0. 0. 0. 0. 0.
    2.07299995e+00 2.04699993e+00 2. 2. 2. 2. 2. 2. 2. 2. 2.
    1.98800004e+00 1.98099995e+00 1.99100006e+00 0. 0. 0. 0. 0. 0. 0. 0.
    0. 0. 0. 0. 0. 0. 0. 0. 0. 0. 0. 0. 0. 0. 0. 0. 0. 2.50000000e+00
    2.09100008e+00 2.04999995e+00 2.01200008e+00 2. 2. 2. 2. 2. 2.
    1.99199998e+00 1.98399997e+00 1.98199999e+00 1.98099995e+00
    1.99399996e+00 2.26399994e+00 0. 0. 0. 0. 0. 0. 0. 0. 0. 0. 0. 0. 0.
    0. 0. 0. 0. 0. 0. 0. 0. 0. 0. 0. 2.22799993e+00 2.17000008e+00
    2.05100012e+00 2.01399994e+00 1.99500000e+00 1.98399997e+00
    1.99000001e+00 2. 2. 2. 1.99000001e+00 1.98099995e+00 1.98099995e+00
    1.98099995e+00 1.98300004e+00 1.99800003e+00 0. 0. 0. 0. 0. 0. 0. 0.
    0. 0. 0. 0. 0. 0. 0. 0. 0. 0. 0. 0. 0. 0. 0. 0. 0. 2.21700001e+00
    2.12500000e+00 2.01399994e+00 1.99399996e+00 1.98099995e+00
    1.98199999e+00 1.98300004e+00 1.98300004e+00 1.99100006e+00
    1.99899995e+00 1.98800004e+00 1.98099995e+00 1.98099995e+00
    1.98099995e+00 1.99500000e+00 2.14899993e+00 0. 0. 0. 0. 0. 0. 0. 0.
    0. 0. 0. 0. 0. 0. 0. 0. 0. 0. 0. 0. 0. 0. 0. 0. 0. 0. 2.04299998e+00
    2. 1.99899995e+00 1.99199998e+00 1.98099995e+00 1.98099995e+00
    1.99000001e+00 2. 1.99899995e+00 1.98800004e+00 1.98099995e+00
    1.98099995e+00 1.98199999e+00 1.99600005e+00 0. 0. 0. 0. 0. 0. 0. 0.
    0. 0. 0. 0. 0. 0. 0. 0. 0. 0. 0. 0. 0. 0. 0. 0. 0. 0. 2.05900002e+00
    2. 2. 2. 2. 2. 2. 2. 2. 2. 1.98699999e+00 1.98099995e+00
    1.98099995e+00 1.98099995e+00 0. 0. 0. 0. 0. 0. 0. 0. 0. 0. 0. 0. 0.
    0. 0. 0. 0. 0. 0. 0. 0. 0. 0. 0. 0. 0. 2.05900002e+00 2.00099993e+00
    2. 2. 2. 2. 2. 2. 2. 2. 1.98800004e+00 1.98099995e+00 1.98099995e+00
    1.98099995e+00 0. 0. 0. 0. 0. 0. 0. 0. 0. 0. 0. 0. 0. 0. 0. 0. 0. 0.
    0. 0. 0. 0. 0. 0. 0. 0. 2.06999993e+00 2.03399992e+00 2.01300001e+00
    2. 2. 2. 2. 2. 2. 2. 2. 1.98699999e+00 1.98099995e+00 1.98099995e+00
    0. 0. 0. 0. 0. 0. 0. 0. 0. 0. 0. 0. 0. 0. 0. 0. 0. 0. 0. 0. 0. 0. 0.
    0. 0. 0. 2.21499991e+00 2.04900002e+00 2.01300001e+00 2. 2. 2. 2. 2.
    2. 2. 2. 1.98800004e+00 1.98099995e+00 1.98099995e+00 1.98399997e+00
    0. 0. 0. 0. 0. 0. 0. 0. 0. 0. 0. 0. 0. 0. 0. 0. 0. 0. 0. 0. 0. 0. 0.
    0. 0. 0. 2.06200004e+00 2.01300001e+00 2.00200009e+00 2. 2. 2. 2.
    1.99800003e+00 1.99699998e+00 1.99899995e+00 2. 1.98800004e+00
    1.98399997e+00 2.01300001e+00 0. 0. 0. 0. 0. 0. 0. 0. 0. 0. 0. 0. 0.
    0. 0. 0. 0. 0. 0. 0. 0. 0. 0. 0. 0. 0. 2.30200005e+00 2.01900005e+00
    2.01200008e+00 1.99899995e+00 1.99699998e+00 1.99800003e+00
    1.99800003e+00 1.98800004e+00 1.98099995e+00 1.99399996e+00 2. 2. 2.
    2.01300001e+00 0. 0. 0. 0. 0. 0. 0. 0. 0. 0. 0. 0. 0. 0. 0. 0. 0. 0.
    0. 0. 0. 0. 0. 0. 0. 0. 0. 2.30500007e+00 2.01200008e+00
    1.99199998e+00 1.98099995e+00 1.98800004e+00 1.98800004e+00
    1.98099995e+00 1.98099995e+00 1.99399996e+00 2. 2. 2. 2. 0. 0. 0. 0.
    0. 0. 0. 0. 0. 0. 0. 0. 0. 0. 0. 0. 0. 0. 0. 0. 0. 0. 0. 0. 0. 0. 0.
    0. 2.01200008e+00 1.99399996e+00 1.98599994e+00 1.98300004e+00
    1.98099995e+00 1.98099995e+00 1.98099995e+00 1.99000001e+00
    1.99899995e+00 2. 2. 2. 0. 0. 0. 0. 0. 0. 0. 0. 0. 0. 0. 0. 0. 0. 0.
    0. 0. 0. 0. 0. 0. 0. 0. 0. 0. 0. 0. 0. 2.01399994e+00 2.00300002e+00
    2. 1.99100006e+00 1.98099995e+00 1.98099995e+00 1.98099995e+00
    1.98099995e+00 1.99399996e+00 2. 2. 2. 0. 0. 0. 0. 0. 0. 0. 0. 0. 0.
    0. 0. 0. 0. 0. 0. 0. 0. 0. 0. 0. 0. 0. 0. 0. 0. 0. 0. 2.46099997e+00
    2.01099992e+00 2. 1.99399996e+00 1.98699999e+00 1.98699999e+00
    1.98699999e+00 1.98699999e+00 1.99600005e+00 2. 2. 2. 0. 0. 0. 0. 0.
    0. 0. 0. 0. 0. 0. 0. 0. 0. 0. 0. 0. 0. 0. 0. 0. 0. 0. 0. 0. 0. 0. 0.
    0. 2.44600010e+00 2. 2. 2. 2. 2. 2.00500011e+00 2.00699997e+00
    2.54399991e+00 2.71700001e+00 2.71199989e+00 0. 0. 0. 0. 0. 0. 0. 0.
    0. 0. 0. 0. 0. 0. 0. 0. 0. 0. 0. 0. 0. 0. 0. 0. 0. 0. 0. 0. 0. 0. 2.
    2. 2. 2. 2. 2.01300001e+00 2.01900005e+00 0. 0. 0. 0. 0. 0. 0. 0. 0.
