<?xml version="1.0"?>
<opencv_storage>
<Depth type_id="opencv-matrix">
  <rows>40</rows>
  <cols>40</cols>
  <dt>f</dt>
  <data>
    0. 0. 0. 0. 0. 0. 0. 0. 0. 0. 0. 2.88800001e+00 2.56100011e+00
    2.21499991e+00 2.21199989e+00 2.20499992e+00 2.20400000e+00
    2.19700003e+00 2.18499994e+00 2.17199993e+00 2.17499995e+00 0. 0. 0.
    2.01200008e+00 2. 1.99600005e+00 2.16700006e+00 0. 0. 0. 0. 0. 0. 0.
    0. 0. 0. 0. 0. 0. 0. 0. 0. 0. 0. 0. 0. 0. 0. 0. 2.56399989e+00
    2.19099998e+00 2.16499996e+00 2.12599993e+00 2.08599997e+00
    2.01900005e+00 2.01300001e+00 2.00799990e+00 2.00799990e+00
    2.00399995e+00 2.00300002e+00 2. 2.00399995e+00 2.00799990e+00
    2.00399995e+00 2. 1.99600005e+00 1.99600005e+00 0. 0. 0. 0. 0. 0. 0.
    0. 0. 0. 0. 0. 0. 0. 0. 0. 0. 0. 0. 0. 0. 0. 2.32100010e+00
    2.19600010e+00 2.16199994e+00 2.11599994e+00 2.06500006e+00
    2.01799989e+00 2.00799990e+00 2.00799990e+00 2.00500011e+00
    2.00399995e+00 2.00200009e+00 2.00099993e+00 2.00500011e+00
    2.00300002e+00 1.99899995e+00 1.99600005e+00 1.99600005e+00
    1.99600005e+00 0. 0. 0. 0. 0. 0. 0. 0. 0. 0. 0. 0. 0. 0. 0. 0. 0. 0.
    0. 0. 0. 0. 2.57399988e+00 2.19199991e+00 2.16300011e+00
    2.11800003e+00 2.06399989e+00 2.02300000e+00 2.01200008e+00
    2.00799990e+00 2.00799990e+00 2.00399995e+00 2.00399995e+00
    2.00399995e+00 2.00200009e+00 1.99600005e+00 1.99600005e+00
    1.99600005e+00 1.99600005e+00 1.99600005e+00 1.38800001e+00 0. 0. 0.
    0. 0. 0. 0. 0. 0. 0. 0. 0. 0. 0. 0. 0. 0. 0. 0. 0. 0. 2.19799995e+00
    2.19199991e+00 2.16700006e+00 2.12599993e+00 2.07100010e+00
    2.03500009e+00 2.01300001e+00 2.00799990e+00 2.00799990e+00
    2.00399995e+00 2.00399995e+00 2. 2. 1.99899995e+00 1.99899995e+00
    1.99600005e+00 1.99600005e+00 1.99199998e+00 0. 0. 0. 0. 0. 0. 0. 0.
    0. 0. 0. 0. 0. 0. 0. 0. 0. 0. 0. 0. 0. 0. 0. 2.19099998e+00
    2.16700006e+00 2.12700009e+00 2.06299996e+00 2.03600001e+00
    2.01300001e+00 2.00799990e+00 2.00799990e+00 2.00799990e+00
    2.00399995e+00 1.99899995e+00 1.99600005e+00 1.99600005e+00 2.
    1.99199998e+00 1.99600005e+00 1.99100006e+00 0. 0. 0. 0. 0. 0. 0. 0.
    0. 0. 0. 0. 0. 0. 0. 0. 0. 0. 0. 0. 0. 0. 0. 2.19099998e+00
    2.16499996e+00 2.12400007e+00 2.06599998e+00 2.03600001e+00
    2.01399994e+00 2.01099992e+00 2.00799990e+00 2.00799990e+00
    2.00399995e+00 1.99899995e+00 1.99600005e+00 1.99600005e+00
    1.99600005e+00 1.99600005e+00 1.99600005e+00 1.99600005e+00
    1.99600005e+00 0. 0. 0. 0. 0. 0. 0. 0. 0. 0. 0. 0. 0. 0. 0. 0. 0. 0.
    0. 0. 0. 0. 2.19400001e+00 2.16700006e+00 2.12400007e+00
    2.06800008e+00 2.03699994e+00 2.01200008e+00 2.00699997e+00
    2.00699997e+00 2.00799990e+00 2.00399995e+00 2. 1.99699998e+00
    1.99699998e+00 1.99600005e+00 1.99600005e+00 1.99600005e+00
    1.99600005e+00 1.99600005e+00 0. 0. 0. 0. 0. 0. 0. 0. 0. 0. 0. 0. 0.
    0. 0. 0. 0. 0. 0. 0. 0. 0. 2.19700003e+00 2.17400002e+00
    2.12899995e+00 2.06800008e+00 2.04200006e+00 2.01200008e+00
    2.00699997e+00 2.00699997e+00 2.00500011e+00 2.00399995e+00
    1.99600005e+00 1.99600005e+00 2. 1.99600005e+00 1.99600005e+00
    1.99600005e+00 1.99600005e+00 1.99600005e+00 0. 0. 0. 0. 0. 0. 0. 0.
    0. 0. 0. 0. 0. 0. 0. 0. 0. 0. 0. 0. 0. 2.83899999e+00 2.19099998e+00
    2.16599989e+00 2.13199997e+00 2.06699991e+00 2.03600001e+00
    2.01300001e+00 2.01099992e+00 2.00799990e+00 2.00099993e+00
    2.00099993e+00 1.99800003e+00 1.99800003e+00 2. 1.99199998e+00
    1.99600005e+00 1.99100006e+00 1.99199998e+00 1.99199998e+00 0. 0. 0.
    0. 0. 0. 0. 0. 0. 0. 0. 0. 0. 0. 0. 0. 0. 0. 0. 0. 0. 2.56999993e+00
    2.19700003e+00 2.15799999e+00 2.12700009e+00 2.06800008e+00
    2.03900003e+00 2.01600003e+00 2.01099992e+00 2.00799990e+00 2.
    2.00399995e+00 1.99899995e+00 1.99600005e+00 1.99100006e+00
    1.99100006e+00 1.99500000e+00 1.99100006e+00 1.99100006e+00
    1.99100006e+00 0. 0. 0. 0. 0. 0. 0. 0. 0. 0. 0. 0. 0. 0. 0. 0. 0. 0.
    0. 0. 0. 2.20799994e+00 2.19799995e+00 2.18400002e+00 2.12299991e+00
    2.06500006e+00 2.03500009e+00 2.01399994e+00 2.00799990e+00
    2.00399995e+00 2.00200009e+00 2.00200009e+00 2. 1.99600005e+00
    1.99600005e+00 1.99500000e+00 1.99600005e+00 1.99399996e+00
    1.99100006e+00 1.99100006e+00 0. 0. 0. 0. 0. 0. 0. 0. 0. 0. 0. 0. 0.
    0. 0. 0. 0. 0. 0. 0. 0. 2.39199996e+00 2.19700003e+00 2.17199993e+00
    2.12700009e+00 2.05699992e+00 2.03099990e+00 2.01300001e+00
    2.00799990e+00 2.00600004e+00 2.00500011e+00 1.99800003e+00
    1.99899995e+00 1.99600005e+00 1.99600005e+00 1.99100006e+00
    1.99100006e+00 1.99100006e+00 1.99100006e+00 0. 0. 0. 0. 0. 0. 0. 0.
    0. 0. 0. 0. 0. 0. 0. 0. 0. 0. 0. 0. 0. 0. 2.20600009e+00
    2.19300008e+00 2.17199993e+00 2.12700009e+00 2.05900002e+00
    2.03500009e+00 2.01500010e+00 2.00799990e+00 2.00799990e+00
    2.00099993e+00 2. 1.99899995e+00 1.99600005e+00 1.99600005e+00
    1.99100006e+00 1.99100006e+00 1.99100006e+00 1.99100006e+00 0. 0. 0.
    0. 0. 0. 0. 0. 0. 0. 0. 0. 0. 0. 0. 0. 0. 0. 0. 0. 0. 0.
    2.56100011e+00 2.19700003e+00 2.17300010e+00 2.12700009e+00
    2.06100011e+00 2.03500009e+00 2.01600003e+00 2.00799990e+00
    2.00600004e+00 1.99699998e+00 1.99600005e+00 1.99600005e+00
    1.99600005e+00 1.99600005e+00 1.99600005e+00 1.99100006e+00
    1.99100006e+00 1.99100006e+00 1.96000004e+00 0. 0. 0. 0. 0. 0. 0. 0.
    0. 0. 0. 0. 0. 0. 0. 0. 0. 0. 0. 0. 0. 2.56699991e+00 2.19199991e+00
    2.17799997e+00 2.11999989e+00 2.06599998e+00 2.03600001e+00
    2.01600003e+00 2.00600004e+00 2.00399995e+00 2. 1.99600005e+00
    1.99600005e+00 1.99600005e+00 1.99600005e+00 1.99600005e+00
    1.99100006e+00 1.99100006e+00 1.99000001e+00 1.99100006e+00 0. 0. 0.
    0. 0. 0. 0. 0. 0. 0. 0. 0. 0. 0. 0. 0. 0. 0. 0. 0. 0. 2.56800008e+00
    2.18600011e+00 2.17400002e+00 2.11700010e+00 2.06500006e+00
    2.03600001e+00 2.01500010e+00 2.00799990e+00 2.00399995e+00
    1.99899995e+00 2. 1.99600005e+00 1.99600005e+00 1.99600005e+00
    1.99600005e+00 1.99100006e+00 1.99199998e+00 1.98899996e+00 0. 0. 0.
    0. 0. 0. 0. 0. 0. 0. 0. 0. 0. 0. 0. 0. 0. 0. 0. 0. 0. 0.
    2.56599998e+00 2.18899989e+00 2.17499995e+00 2.11999989e+00
    2.07100010e+00 2.04099989e+00 2.01300001e+00 2.00799990e+00 2.
    1.99600005e+00 1.99600005e+00 1.99600005e+00 1.99600005e+00
    1.99600005e+00 1.99600005e+00 1.99100006e+00 1.99100006e+00
    1.99100006e+00 1.99100006e+00 0. 0. 0. 0. 0. 0. 0. 0. 0. 0. 0. 0. 0.
    0. 0. 0. 0. 0. 0. 0. 0. 2.55699992e+00 2.19199991e+00 2.17300010e+00
    2.12899995e+00 2.06800008e+00 2.03900003e+00 2.01600003e+00
    2.00799990e+00 1.99800003e+00 1.99600005e+00 1.99600005e+00
    1.99600005e+00 1.99600005e+00 1.99600005e+00 1.99600005e+00
    1.99100006e+00 1.99100006e+00 1.98800004e+00 1.99100006e+00 0. 0. 0.
    0. 0. 0. 0. 0. 0. 0. 0. 0. 0. 0. 0. 0. 0. 0. 0. 0. 0. 0.
    2.19199991e+00 2.16899991e+00 2.12599993e+00 2.06900001e+00
    2.03900003e+00 2.01300001e+00 2.00600004e+00 2. 1.99699998e+00
    1.99600005e+00 1.99600005e+00 1.99600005e+00 1.99600005e+00
    1.99100006e+00 1.99100006e+00 1.99100006e+00 1.99100006e+00 0. 0. 0.
    0. 0. 0. 0. 0. 0. 0. 0. 0. 0. 0. 0. 0. 0. 0. 0. 0. 0. 0.
    2.20400000e+00 2.19700003e+00 2.17199993e+00 2.12800002e+00
    2.07100010e+00 2.04099989e+00 2.01200008e+00 2.00699997e+00
    2.00099993e+00 1.99899995e+00 1.99600005e+00 1.99600005e+00
    1.99600005e+00 1.99600005e+00 1.99100006e+00 1.99100006e+00
    1.99100006e+00 1.99100006e+00 0. 0. 0. 0. 0. 0. 0. 0. 0. 0. 0. 0. 0.
    0. 0. 0. 0. 0. 0. 0. 0. 0. 2.20400000e+00 2.19199991e+00
    2.17300010e+00 2.12299991e+00 2.06900001e+00 2.04500008e+00
    2.01500010e+00 2.00699997e+00 2.00099993e+00 1.99600005e+00
    1.99600005e+00 1.99600005e+00 1.99600005e+00 1.99600005e+00
    1.99600005e+00 1.99100006e+00 1.99100006e+00 1.99100006e+00
    1.51199996e+00 0. 0. 0. 0. 0. 0. 0. 0. 0. 0. 0. 0. 0. 0. 0. 0. 0. 0.
    0. 0. 2.73200011e+00 2.21399999e+00 2.19700003e+00 2.17199993e+00
    2.12700009e+00 2.06500006e+00 2.04399991e+00 2.01300001e+00
