<?xml version="1.0"?>
<opencv_storage>
<Depth type_id="opencv-matrix">
  <rows>40</rows>
  <cols>40</cols>
  <dt>f</dt>
  <data>
    0. 0. 0. 0. 0. 0. 0. 0. 0. 0. 0. 0. 0. 0. 0. 0. 0. 0. 0. 0. 0. 0. 0.
    0. 0. 0. 0. 0. 0. 0. 0. 0. 0. 0. 0. 0. 0. 0. 0. 0. 0. 0. 0. 0. 0. 0.
    0. 0. 0. 0. 0. 0. 0. 0. 0. 0. 0. 0. 0. 0. 0. 0. 0. 0. 0. 0. 0. 0. 0.
    0. 0. 0. 0. 0. 0. 0. 0. 0. 0. 0. 0. 0. 0. 0. 0. 0. 0. 0. 0. 0. 0. 0.
    0. 0. 0. 0. 0. 0. 0. 0. 0. 0. 0. 0. 0. 0. 0. 0. 0. 0. 0. 0. 0. 0. 0.
    0. 0. 0. 0. 0. 0. 0. 0. 0. 0. 0. 0. 0. 0. 0. 0. 0. 0. 0. 0. 0. 0. 0.
    0. 0. 0. 0. 0. 0. 0. 0. 0. 0. 0. 0. 0. 0. 0. 0. 0. 0. 0. 0. 0. 0. 0.
    0. 0. 0. 0. 0. 0. 0. 0. 0. 0. 0. 0. 0. 0. 0. 0. 0. 0. 0. 0. 0. 0. 0.
    0. 0. 0. 0. 0. 0. 0. 0. 0. 0. 0. 0. 0. 0. 0. 0. 0. 0. 0. 0. 0. 0. 0.
    0. 0. 0. 0. 0. 0. 0. 0. 0. 0. 0. 0. 0. 0. 0. 0. 0. 0. 0. 0. 0. 0. 0.
    0. 0. 0. 0. 0. 0. 0. 0. 0. 0. 0. 0. 0. 0. 0. 0. 0. 0. 0. 0. 0. 0. 0.
    0. 0. 0. 0. 0. 0. 0. 0. 0. 0. 0. 0. 0. 0. 0. 0. 0. 0. 0. 0. 0. 0. 0.
    0. 0. 0. 0. 0. 0. 0. 0. 0. 0. 0. 0. 0. 0. 0. 0. 0. 0. 0. 0. 0. 0. 0.
    0. 0. 0. 0. 0. 0. 0. 0. 0. 0. 0. 0. 0. 0. 0. 0. 0. 0. 0. 0. 0. 0. 0.
    0. 0. 0. 0. 0. 0. 0. 0. 0. 0. 0. 0. 0. 0. 0. 0. 0. 0. 0. 0. 0. 0. 0.
    0. 0. 0. 0. 0. 0. 0. 0. 0. 0. 0. 0. 0. 0. 0. 0. 0. 0. 0. 0. 0. 0. 0.
    0. 0. 0. 0. 0. 0. 0. 0. 0. 0. 0. 0. 0. 0. 0. 0. 0. 0. 0. 0. 0. 0. 0.
    0. 0. 0. 0. 0. 0. 0. 0. 0. 0. 0. 0. 0. 0. 0. 0. 0. 0. 0. 0. 0. 0. 0.
    0. 0. 0. 0. 0. 0. 0. 0. 0. 0. 0. 0. 0. 0. 0. 0. 0. 0. 0. 0. 0. 0. 0.
    0. 0. 0. 0. 0. 0. 0. 0. 0. 0. 0. 0. 0. 0. 0. 0. 0. 0. 0. 0. 0. 0. 0.
    0. 0. 0. 0. 0. 0. 0. 0. 0. 0. 0. 0. 0. 0. 0. 0. 0. 0. 0. 0.
    2.20600009e+00 2.20600009e+00 2.20600009e+00 2.20600009e+00
    2.20600009e+00 2.20300007e+00 2.15499997e+00 2.10599995e+00
    2.10100007e+00 2.10100007e+00 2.06800008e+00 2.02099991e+00
    1.97599995e+00 1.93099999e+00 1.90199995e+00 1.90199995e+00
    1.91100001e+00 1.95599997e+00 2.00099993e+00 2.04699993e+00
    2.09400010e+00 2.10100007e+00 2.10100007e+00 2.06999993e+00
    2.02399993e+00 2. 2. 2. 2. 2. 2. 2. 2. 2. 1.96399999e+00
    1.91900003e+00 1.90199995e+00 1.90199995e+00 1.90199995e+00
    1.90199995e+00 2.16700006e+00 2.16700006e+00 2.16700006e+00
    2.16700006e+00 2.16700006e+00 2.16499996e+00 2.13499999e+00
    2.10400009e+00 2.10100007e+00 2.10100007e+00 2.06800008e+00
    2.02099991e+00 1.97599995e+00 1.93099999e+00 1.90199995e+00
    1.90199995e+00 1.91100001e+00 1.95599997e+00 2.00099993e+00
    2.04699993e+00 2.09400010e+00 2.10100007e+00 2.10100007e+00
    2.06999993e+00 2.02399993e+00 2. 2. 2. 2. 1.99899995e+00
    1.99000001e+00 1.98199999e+00 1.98099995e+00 1.98099995e+00
    1.95200002e+00 1.91600001e+00 1.90199995e+00 1.90199995e+00
    1.89800000e+00 1.88999999e+00 2.07200003e+00 2.07200003e+00
    2.07200003e+00 2.07200003e+00 2.07200003e+00 2.07299995e+00
    2.08599997e+00 2.09999990e+00 2.10100007e+00 2.10100007e+00
    2.06800008e+00 2.02099991e+00 1.97599995e+00 1.93099999e+00
    1.90199995e+00 1.90199995e+00 1.91100001e+00 1.95599997e+00
    2.00099993e+00 2.04699993e+00 2.09400010e+00 2.10100007e+00
    2.10100007e+00 2.06999993e+00 2.02399993e+00 2. 2. 2. 2.
    1.99600005e+00 1.96599996e+00 1.93700004e+00 1.93599999e+00
    1.93599999e+00 1.92400002e+00 1.90799999e+00 1.90199995e+00
    1.90199995e+00 1.88900006e+00 1.86099994e+00 2.01099992e+00
    2.00900006e+00 2.00399995e+00 2. 2. 2.00300002e+00 2.04900002e+00
    2.09599996e+00 2.09599996e+00 2.09100008e+00 2.05999994e+00
    2.01900005e+00 1.97800004e+00 1.93799996e+00 1.91299999e+00
    1.91299999e+00 1.91999996e+00 1.96099997e+00 2.00099993e+00
    2.04200006e+00 2.08299994e+00 2.09400010e+00 2.09899998e+00
    2.07299995e+00 2.03200006e+00 2.00900006e+00 2.00300002e+00 2. 2.
    1.99300003e+00 1.94799995e+00 1.90300000e+00 1.90199995e+00
    1.90199995e+00 1.90199995e+00 1.90199995e+00 1.89900005e+00
    1.89400005e+00 1.87500000e+00 1.83599997e+00 2.05800009e+00
    2.04699993e+00 2.01999998e+00 2. 2. 2.00300002e+00 2.04900002e+00
    2.09599996e+00 2.07699990e+00 2.05100012e+00 2.02900004e+00
    2.00900006e+00 1.99000001e+00 1.97000003e+00 1.95799994e+00
    1.95799994e+00 1.96200001e+00 1.98099995e+00 2. 2.01999998e+00
    2.03999996e+00 2.06599998e+00 2.09200001e+00 2.08800006e+00
    2.06800008e+00 2.04399991e+00 2.01799989e+00 2. 2. 1.99300003e+00
    1.94799995e+00 1.90300000e+00 1.90199995e+00 1.90199995e+00
    1.90199995e+00 1.90199995e+00 1.88699996e+00 1.86199999e+00
    1.84000003e+00 1.82200003e+00 2.10100007e+00 2.08200002e+00
    2.03500009e+00 2. 2. 2.00300002e+00 2.04900002e+00 2.09599996e+00
    2.05999994e+00 2.01300001e+00 2. 2. 2. 2. 2. 2. 2. 2. 2. 2. 2.
    2.03800011e+00 2.08299994e+00 2.09800005e+00 2.09800005e+00
    2.07500005e+00 2.02900004e+00 1.99699998e+00 1.99500000e+00
    1.98800004e+00 1.94400001e+00 1.90100002e+00 1.89900005e+00
    1.89900005e+00 1.89900005e+00 1.89900005e+00 1.87300003e+00
    1.83099997e+00 1.80799997e+00 1.80799997e+00 2.10100007e+00
    2.08200002e+00 2.03500009e+00 2. 2. 2.00300002e+00 2.04900002e+00
    2.09599996e+00 2.05999994e+00 2.01300001e+00 2. 2. 2. 2. 2. 2. 2. 2.
    2. 2. 2. 2.01999998e+00 2.04399991e+00 2.05200005e+00 2.05200005e+00
    2.02900004e+00 1.98300004e+00 1.94500005e+00 1.92400002e+00
    1.90300000e+00 1.88000000e+00 1.85699999e+00 1.85599995e+00
    1.85599995e+00 1.85599995e+00 1.85599995e+00 1.84200001e+00
    1.82000005e+00 1.80799997e+00 1.80799997e+00 2.10100007e+00
    2.08200002e+00 2.03500009e+00 2. 2. 2.00300002e+00 2.04900002e+00
    2.09599996e+00 2.05999994e+00 2.01300001e+00 2. 2. 2. 2. 2. 2. 2. 2.
    2. 2. 2. 2.00200009e+00 2.00399995e+00 2.00500011e+00 2.00500011e+00
    1.98300004e+00 1.93799996e+00 1.89400005e+00 1.85300004e+00
    1.81700003e+00 1.81500006e+00 1.81299996e+00 1.81299996e+00
    1.81299996e+00 1.81299996e+00 1.81299996e+00 1.81099999e+00
    1.80900002e+00 1.80799997e+00 1.80799997e+00 2.10100007e+00
    2.08999991e+00 2.06200004e+00 2.04099989e+00 2.04099989e+00
    2.04200006e+00 2.04999995e+00 2.05900002e+00 2.01900005e+00
    1.97300005e+00 1.96000004e+00 1.96000004e+00 1.96000004e+00
    1.96000004e+00 1.96000004e+00 1.96000004e+00 1.96000004e+00
    1.96000004e+00 1.96000004e+00 1.97899997e+00 1.99699998e+00 2. 2. 2.
    2. 1.96899998e+00 1.90600002e+00 1.85500002e+00 1.83000004e+00
    1.80599999e+00 1.78799999e+00 1.77100003e+00 1.76999998e+00
    1.76999998e+00 1.78400004e+00 1.80100000e+00 1.81900001e+00
    1.83700001e+00 1.84599996e+00 1.84599996e+00 2.10100007e+00
    2.09800005e+00 2.09200001e+00 2.08800006e+00 2.08800006e+00
    2.08599997e+00 2.05100012e+00 2.01699996e+00 1.97300005e+00
    1.92799997e+00 1.91499996e+00 1.91499996e+00 1.91499996e+00
    1.91499996e+00 1.91499996e+00 1.91499996e+00 1.91499996e+00
    1.91499996e+00 1.91600001e+00 1.95500004e+00 1.99399996e+00 2. 2. 2.
    2. 1.95899999e+00 1.87699997e+00 1.81900001e+00 1.81299996e+00
    1.80299997e+00 1.76600003e+00 1.72899997e+00 1.72800004e+00
    1.72800004e+00 1.75699997e+00 1.79400003e+00 1.83099997e+00
    1.86899996e+00 1.88999999e+00 1.88999999e+00 0. 0. 1.41799998e+00
    2.10100007e+00 2.10100007e+00 2.09800005e+00 2.05200005e+00
    2.00500011e+00 1.96000004e+00 1.91499996e+00 1.89199996e+00
    1.87800002e+00 1.87100005e+00 1.87100005e+00 1.87100005e+00
    1.87100005e+00 1.87100005e+00 1.87100005e+00 1.87199998e+00
    1.90199995e+00 1.93200004e+00 1.93700004e+00 1.93700004e+00
    1.93700004e+00 1.93700004e+00 1.90799999e+00 1.84800005e+00
    1.80400002e+00 1.78999996e+00 1.77400005e+00 1.74500000e+00
    1.71700001e+00 1.71599996e+00 1.71599996e+00 1.73899996e+00
    1.76699996e+00 1.69400001e+00 1.55900002e+00 1.48399997e+00
    1.48399997e+00 0. 0. 0. 2.10100007e+00 2.10100007e+00 2.09800005e+00
    2.05200005e+00 2.00500011e+00 1.96000004e+00 1.91499996e+00
    1.87800002e+00 1.84399998e+00 1.82799995e+00 1.82799995e+00
    1.82799995e+00 1.82799995e+00 1.82799995e+00 1.82799995e+00
