<?xml version="1.0"?>
<opencv_storage>
<Depth type_id="opencv-matrix">
  <rows>40</rows>
  <cols>40</cols>
  <dt>f</dt>
  <data>
    0. 0. 0. 0. 0. 0. 0. 0. 0. 0. 0. 0. 0. 0. 0. 0. 0. 0. 0. 0. 0. 0. 0.
    0. 0. 0. 0. 0. 0. 0. 0. 0. 0. 0. 0. 0. 0. 0. 0. 0. 0. 0. 0. 0. 0. 0.
    0. 0. 0. 0. 0. 0. 0. 0. 0. 0. 0. 0. 0. 0. 0. 0. 0. 0. 0. 0. 0. 0. 0.
    0. 0. 0. 0. 0. 0. 0. 0. 0. 0. 0. 0. 0. 0. 0. 0. 0. 0. 0. 0. 0. 0. 0.
    0. 0. 0. 0. 0. 0. 0. 0. 0. 0. 0. 0. 0. 0. 0. 0. 0. 0. 0. 0. 0. 0. 0.
    0. 0. 0. 0. 0. 0. 0. 0. 0. 0. 0. 0. 0. 0. 0. 0. 0. 0. 0. 0. 0. 0. 0.
    0. 0. 0. 0. 0. 0. 0. 0. 0. 0. 0. 0. 0. 0. 0. 0. 0. 0. 0. 0. 0. 0. 0.
    0. 0. 0. 0. 0. 0. 0. 0. 0. 0. 0. 0. 0. 0. 0. 0. 0. 0. 0. 0. 0. 0. 0.
    0. 0. 0. 0. 0. 0. 0. 0. 0. 0. 0. 0. 0. 0. 0. 0. 0. 0. 0. 0. 0. 0. 0.
    0. 0. 0. 0. 0. 0. 0. 0. 0. 0. 0. 0. 0. 0. 0. 0. 0. 0. 0. 0. 0. 0. 0.
    0. 0. 0. 0. 0. 0. 0. 0. 0. 0. 0. 0. 0. 0. 0. 0. 0. 0. 0. 0. 0. 0. 0.
    0. 0. 0. 0. 0. 0. 0. 0. 0. 0. 0. 0. 0. 0. 0. 0. 0. 0. 0. 0. 0. 0. 0.
    0. 0. 0. 0. 0. 0. 0. 0. 0. 0. 0. 0. 0. 0. 0. 0. 0. 0. 0. 0. 0. 0. 0.
    0. 0. 0. 0. 0. 0. 0. 0. 0. 0. 0. 0. 0. 0. 0. 0. 0. 0. 0. 0. 0. 0. 0.
    0. 0. 0. 0. 0. 0. 0. 0. 0. 0. 0. 0. 0. 0. 0. 0. 0. 0. 0. 0. 0. 0. 0.
    0. 0. 0. 0. 0. 0. 0. 0. 0. 0. 0. 0. 0. 0. 0. 0. 0. 0. 0. 0. 0. 0. 0.
    0. 0. 0. 0. 0. 0. 0. 0. 0. 0. 0. 0. 0. 0. 0. 0. 0. 0. 0. 0. 0. 0. 0.
    0. 0. 0. 0. 0. 0. 0. 0. 0. 0. 0. 0. 0. 0. 0. 0. 0. 0. 0. 0. 0. 0. 0.
    0. 0. 0. 0. 0. 0. 0. 0. 0. 0. 0. 0. 0. 0. 0. 0. 0. 0. 0. 0. 0. 0. 0.
    0. 0. 0. 0. 0. 0. 0. 0. 0. 2.16799998e+00 2.16799998e+00
    2.16799998e+00 2.16799998e+00 2.16799998e+00 2.16799998e+00
    2.16799998e+00 2.16799998e+00 2.16799998e+00 2.16799998e+00
    2.16799998e+00 2.16799998e+00 2.16799998e+00 2.16799998e+00
    2.16799998e+00 2.16799998e+00 2.16799998e+00 2.16799998e+00
    2.18899989e+00 2.25200009e+00 2.31500006e+00 2.37899995e+00
    2.44499993e+00 2.51099992e+00 2.57900000e+00 2.64800000e+00
    2.71700001e+00 2.72000003e+00 0. 0. 0. 0. 0. 0. 0. 0. 0. 0. 0. 0.
    2.16799998e+00 2.16799998e+00 2.16799998e+00 2.16799998e+00
    2.16799998e+00 2.16799998e+00 2.16799998e+00 2.16799998e+00
    2.16799998e+00 2.16799998e+00 2.16799998e+00 2.16799998e+00
    2.16799998e+00 2.16799998e+00 2.16799998e+00 2.16799998e+00
    2.16799998e+00 2.16799998e+00 2.18899989e+00 2.25200009e+00
    2.31500006e+00 2.37800002e+00 2.44099998e+00 2.50500011e+00
    2.57200003e+00 2.64100003e+00 2.71000004e+00 2.71300006e+00 0. 0. 0.
    0. 0. 0. 0. 0. 0. 0. 0. 0. 2.16799998e+00 2.16799998e+00
    2.16799998e+00 2.16799998e+00 2.16799998e+00 2.16799998e+00
    2.16799998e+00 2.16799998e+00 2.16799998e+00 2.16799998e+00
    2.16799998e+00 2.16799998e+00 2.16799998e+00 2.16799998e+00
    2.16799998e+00 2.16799998e+00 2.16799998e+00 2.16799998e+00
    2.18899989e+00 2.25200009e+00 2.31500006e+00 2.36500001e+00
    2.40499997e+00 2.44499993e+00 2.50600004e+00 2.57299995e+00
    2.64100003e+00 2.64400005e+00 0. 0. 0. 0. 0. 0. 0. 0. 0. 0. 0. 0.
    2.16799998e+00 2.16799998e+00 2.16799998e+00 2.16799998e+00
    2.16799998e+00 2.16799998e+00 2.16799998e+00 2.16799998e+00
    2.16799998e+00 2.16799998e+00 2.16799998e+00 2.16799998e+00
    2.16799998e+00 2.16799998e+00 2.16799998e+00 2.16799998e+00
    2.16799998e+00 2.16799998e+00 2.18899989e+00 2.25200009e+00
    2.31500006e+00 2.35200000e+00 2.36800003e+00 2.38400006e+00
    2.43899989e+00 2.50600004e+00 2.57200003e+00 2.57500005e+00 0. 0. 0.
    0. 0. 0. 0. 0. 0. 0. 0. 0. 2.14899993e+00 2.14899993e+00
    2.14899993e+00 2.14899993e+00 2.14899993e+00 2.14899993e+00
    2.14899993e+00 2.15300012e+00 2.15899992e+00 2.16599989e+00
    2.16799998e+00 2.16799998e+00 2.16799998e+00 2.16799998e+00
    2.16799998e+00 2.16799998e+00 2.16799998e+00 2.16799998e+00
    2.18700004e+00 2.24300003e+00 2.29800010e+00 2.32399988e+00
    2.32399988e+00 2.32399988e+00 2.36800003e+00 2.42600012e+00
    2.48499990e+00 2.48699999e+00 0. 0. 0. 0. 0. 0. 0. 0. 0. 0. 0. 0.
    2.08899999e+00 2.08899999e+00 2.08899999e+00 2.08899999e+00
    2.08899999e+00 2.08899999e+00 2.08899999e+00 2.10400009e+00
    2.13199997e+00 2.16000009e+00 2.16799998e+00 2.16799998e+00
    2.16799998e+00 2.16799998e+00 2.16799998e+00 2.16799998e+00
    2.16799998e+00 2.16799998e+00 2.17899990e+00 2.21300006e+00
    2.24600005e+00 2.26099992e+00 2.26099992e+00 2.26099992e+00
    2.28699994e+00 2.32200003e+00 2.35700011e+00 2.35899997e+00 0. 0. 0.
    0. 0. 0. 0. 0. 0. 0. 0. 0. 2.02900004e+00 2.02900004e+00
    2.02900004e+00 2.02900004e+00 2.02900004e+00 2.02900004e+00
    2.02900004e+00 2.05500007e+00 2.10400009e+00 2.15400004e+00
    2.16799998e+00 2.16799998e+00 2.16799998e+00 2.16799998e+00
    2.16799998e+00 2.16799998e+00 2.16799998e+00 2.16799998e+00
    2.17199993e+00 2.18300009e+00 2.19300008e+00 2.19799995e+00
    2.19799995e+00 2.19799995e+00 2.20700002e+00 2.21799994e+00
    2.23000002e+00 2.23000002e+00 0. 0. 0. 0. 0. 0. 0. 0. 0. 0. 0. 0. 2.
    2. 2. 2. 2. 2. 2. 2.02500010e+00 2.07399988e+00 2.12299991e+00
    2.13700008e+00 2.13700008e+00 2.13700008e+00 2.13700008e+00
    2.13700008e+00 2.13800001e+00 2.15000010e+00 2.16100001e+00
    2.16799998e+00 2.16799998e+00 2.16799998e+00 2.16199994e+00
    2.15100002e+00 2.14000010e+00 2.13700008e+00 2.13700008e+00
    2.13700008e+00 2.13700008e+00 0. 0. 0. 0. 0. 0. 0. 0. 0. 0. 0. 0. 2.
    2. 2. 2. 2. 2. 2. 2.01399994e+00 2.04200006e+00 2.06900001e+00
    2.07699990e+00 2.07699990e+00 2.07699990e+00 2.07699990e+00
    2.07699990e+00 2.08100009e+00 2.11400008e+00 2.14700007e+00
    2.16799998e+00 2.16799998e+00 2.16799998e+00 2.15000010e+00
    2.11700010e+00 2.08500004e+00 2.07699990e+00 2.07699990e+00
    2.07699990e+00 2.07699990e+00 0. 0. 0. 0. 0. 0. 0. 0. 0. 0. 0. 0. 2.
    2. 2. 2. 2. 2. 2. 2.00300002e+00 2.00900006e+00 2.01500010e+00
    2.01699996e+00 2.01699996e+00 2.01699996e+00 2.01699996e+00
    2.01699996e+00 2.02399993e+00 2.07800007e+00 2.13199997e+00
    2.16799998e+00 2.16799998e+00 2.16799998e+00 2.13800001e+00
    2.08400011e+00 2.02999997e+00 2.01699996e+00 2.01699996e+00
    2.01699996e+00 2.01699996e+00 0. 0. 0. 0. 0. 0. 0. 0. 0. 0. 0. 0.
    2.04299998e+00 2.04299998e+00 2.04299998e+00 2.04299998e+00
    2.04299998e+00 2.04299998e+00 2.04299998e+00 2.03500009e+00
    2.01999998e+00 2.00399995e+00 2. 2. 2. 2. 2. 2.00600004e+00
    2.05100012e+00 2.09500003e+00 2.13000011e+00 2.14499998e+00
    2.16100001e+00 2.13499999e+00 2.07500005e+00 2.01500010e+00
    1.98899996e+00 1.97399998e+00 1.95899999e+00 1.95899999e+00 0. 0. 0.
    0. 0. 0. 0. 0. 0. 0. 0. 0. 2.10400009e+00 2.10400009e+00
    2.10400009e+00 2.10400009e+00 2.10400009e+00 2.10400009e+00
    2.10400009e+00 2.08400011e+00 2.04699993e+00 2.00999999e+00 2. 2. 2.
    2. 2. 2.00300002e+00 2.02600002e+00 2.04900002e+00 2.07699990e+00
    2.11400008e+00 2.15100002e+00 2.13499999e+00 2.07500005e+00
    2.01500010e+00 1.97300005e+00 1.93799996e+00 1.90300000e+00
    1.90100002e+00 0. 0. 0. 0. 0. 0. 0. 0. 0. 0. 0. 0. 2.16400003e+00
    2.16400003e+00 2.16400003e+00 2.16400003e+00 2.16400003e+00
    2.16400003e+00 2.16400003e+00 2.13299990e+00 2.07500005e+00
    2.01600003e+00 2. 2. 2. 2. 2. 2. 2.00200009e+00 2.00300002e+00
    2.02399993e+00 2.08299994e+00 2.14199996e+00 2.13499999e+00
    2.07500005e+00 2.01500010e+00 1.95799994e+00 1.90199995e+00
    1.84599996e+00 1.84399998e+00 0. 0. 0. 0. 0. 0. 0. 0. 0. 0. 0. 0.
    1.49600005e+00 1.52300000e+00 1.78400004e+00 2.04600000e+00
    2.22000003e+00 2.19899988e+00 2.17799997e+00 2.13700008e+00
    2.07699990e+00 2.01699996e+00 2. 2. 2. 2. 2. 2. 2. 2. 2.01399994e+00
    2.05399990e+00 2.09400010e+00 2.08999991e+00 2.04999995e+00
    2.00999999e+00 1.95700002e+00 1.89900005e+00 1.84200001e+00
    1.84000003e+00 0. 0. 0. 0. 0. 0. 0. 0. 0. 0. 0. 0. 0. 0.
    1.37199998e+00 1.91400003e+00 2.27500010e+00 2.23200011e+00
    2.18899989e+00 2.13700008e+00 2.07699990e+00 2.01699996e+00 2. 2. 2.
    2. 2. 2. 2. 2. 2.00600004e+00 2.02500010e+00 2.04399991e+00
