<?xml version="1.0"?>
<opencv_storage>
<Depth type_id="opencv-matrix">
  <rows>40</rows>
  <cols>40</cols>
  <dt>f</dt>
  <data>
    0. 0. 0. 0. 0. 0. 0. 0. 0. 0. 0. 0. 0. 0. 0. 0. 0. 0. 0. 0. 0. 0. 0.
    0. 0. 0. 0. 0. 0. 0. 0. 0. 0. 0. 0. 0. 0. 0. 0. 0. 0. 0. 0. 0. 0. 0.
    0. 0. 0. 0. 0. 0. 0. 0. 0. 0. 0. 0. 0. 0. 0. 0. 0. 0. 0. 0. 0. 0. 0.
    0. 0. 0. 0. 0. 0. 0. 0. 0. 0. 0. 0. 0. 0. 0. 0. 0. 0. 0. 0. 0. 0. 0.
    0. 0. 0. 0. 0. 0. 0. 0. 0. 0. 0. 0. 0. 0. 0. 0. 0. 0. 0. 0. 0. 0. 0.
    0. 0. 0. 0. 0. 0. 0. 0. 0. 0. 0. 0. 0. 0. 0. 0. 0. 0. 0. 0. 0. 0. 0.
    0. 0. 0. 0. 0. 0. 0. 0. 0. 0. 0. 0. 0. 0. 0. 0. 0. 0. 0. 0. 0. 0. 0.
    0. 0. 0. 0. 0. 0. 0. 0. 0. 0. 0. 0. 0. 0. 0. 0. 0. 0. 0. 0. 0. 0. 0.
    0. 0. 0. 0. 0. 0. 0. 0. 0. 0. 0. 0. 0. 0. 0. 0. 0. 0. 0. 0. 0. 0. 0.
    0. 0. 0. 0. 0. 0. 0. 0. 0. 0. 0. 0. 0. 0. 0. 0. 0. 0. 0. 0. 0. 0. 0.
    0. 0. 0. 0. 0. 0. 0. 0. 0. 0. 0. 0. 0. 0. 0. 0. 0. 0. 0. 0. 0. 0. 0.
    0. 0. 0. 0. 0. 0. 0. 0. 0. 0. 0. 0. 0. 0. 0. 0. 0. 0. 0. 0. 0. 0. 0.
    0. 0. 0. 0. 0. 0. 0. 0. 0. 0. 0. 0. 0. 0. 0. 0. 0. 0. 0. 0. 0. 0. 0.
    0. 0. 0. 0. 0. 0. 0. 0. 0. 0. 0. 0. 0. 0. 0. 0. 0. 0. 0. 0. 0. 0. 0.
    0. 0. 0. 0. 0. 0. 0. 0. 0. 0. 0. 0. 0. 0. 0. 0. 0. 0. 0. 0. 0. 0. 0.
    0. 0. 0. 0. 0. 0. 0. 0. 0. 0. 0. 0. 0. 0. 0. 0. 0. 0. 0. 0. 0. 0. 0.
    0. 0. 0. 0. 0. 0. 0. 0. 0. 0. 0. 0. 0. 0. 0. 0. 0. 0. 0. 0. 0. 0. 0.
    0. 0. 0. 0. 0. 0. 0. 0. 0. 0. 0. 0. 0. 0. 0. 0. 0. 0. 0. 0. 0. 0. 0.
    0. 0. 0. 0. 0. 0. 0. 0. 0. 0. 0. 0. 0. 0. 0. 0. 0. 0. 0. 0. 0. 0. 0.
    0. 0. 0. 0. 0. 0. 0. 0. 0. 0. 0. 0. 0. 0. 0. 0. 0. 0. 0. 0. 0. 0. 0.
    0. 0. 0. 0. 0. 0. 0. 0. 0. 0. 0. 0. 0. 0. 0. 0. 0. 0. 0. 0.
    1.79799998e+00 1.82000005e+00 1.83700001e+00 1.83700001e+00
    1.81099999e+00 1.79799998e+00 1.80299997e+00 1.85800004e+00
    1.87600005e+00 1.22300005e+00 0. 0. 1.91600001e+00 1.91600001e+00 0.
    0. 0. 0. 0. 0. 1.57299995e+00 1.91600001e+00 0. 0. 0. 0. 0. 0. 0. 0.
    0. 0. 0. 1.01900005e+00 1.01900005e+00 1.01900005e+00 1.01199996e+00
    0. 0. 0. 1.79799998e+00 1.82000005e+00 1.83700001e+00 1.83700001e+00
    1.81099999e+00 1.79799998e+00 1.80299997e+00 1.85800004e+00
    1.87600005e+00 1.58500004e+00 0. 1.21200001e+00 1.91600001e+00
    1.91600001e+00 0. 0. 0. 0. 0. 0. 1.76699996e+00 1.91600001e+00 0. 0.
    0. 0. 0. 0. 0. 0. 0. 0. 0. 1.61000001e+00 1.59300005e+00
    1.57599998e+00 1.47200000e+00 1.05799997e+00 0. 0. 1.80799997e+00
    1.82400000e+00 1.83700001e+00 1.83700001e+00 1.81799996e+00
    1.80799997e+00 1.81200004e+00 1.85300004e+00 1.87100005e+00
    1.87600005e+00 1.87600005e+00 1.89900005e+00 1.91600001e+00
    1.91600001e+00 1.91600001e+00 1.91600001e+00 1.64900005e+00 0. 0.
    1.98699999e+00 1.94299996e+00 1.93799996e+00 1.06799996e+00 0. 0. 0.
    0. 0. 0. 0. 0. 0. 0. 2.08599997e+00 2.06299996e+00 2.03500009e+00
    1.89400005e+00 1.35800004e+00 1.24800003e+00 1.25100005e+00
    1.83500004e+00 1.83599997e+00 1.83700001e+00 1.83700001e+00
    1.83599997e+00 1.83500004e+00 1.83599997e+00 1.83800006e+00
    1.85599995e+00 1.87600005e+00 1.87600005e+00 1.89900005e+00
    1.91600001e+00 1.91600001e+00 1.91600001e+00 1.91600001e+00
    1.90499997e+00 1.82900000e+00 1.90400004e+00 1.99899995e+00
    1.99699998e+00 1.99699998e+00 1.95000005e+00 1.84700000e+00
    1.84700000e+00 1.84700000e+00 1.85200000e+00 1.88100004e+00
    1.93400002e+00 1.98399997e+00 2.01500010e+00 1.99000001e+00
    2.01200008e+00 2.08699989e+00 2.08599997e+00 2.06500006e+00
    2.03500009e+00 2.00600004e+00 2. 2.01099992e+00 1.83700001e+00
    1.83700001e+00 1.83700001e+00 1.83700001e+00 1.83700001e+00
    1.83700001e+00 1.83700001e+00 1.83700001e+00 1.85500002e+00
    1.87600005e+00 1.87600005e+00 1.89900005e+00 1.91600001e+00
    1.91600001e+00 1.91600001e+00 1.91600001e+00 1.91700006e+00
    1.92700005e+00 1.96500003e+00 2. 2. 2. 2. 2. 2. 2. 2.00500011e+00
    2.03600001e+00 2.08999991e+00 2.13599992e+00 2.14700007e+00
    2.13800001e+00 2.11700010e+00 2.08699989e+00 2.08699989e+00
    2.07999992e+00 2.07200003e+00 2.07200003e+00 2.07200003e+00
    2.07599998e+00 1.83700001e+00 1.83700001e+00 1.83700001e+00
    1.83700001e+00 1.83700001e+00 1.83700001e+00 1.83700001e+00
    1.83700001e+00 1.85500002e+00 1.87899995e+00 1.88900006e+00
    1.90499997e+00 1.91199994e+00 1.90199995e+00 1.90100002e+00
    1.90699995e+00 1.91600001e+00 1.91600001e+00 1.95799994e+00 2. 2. 2.
    2. 2. 2. 2. 2.00699997e+00 2.04900002e+00 2.09800005e+00
    2.13199997e+00 2.13199997e+00 2.13199997e+00 2.11700010e+00
    2.08699989e+00 2.08699989e+00 2.08699989e+00 2.08699989e+00
    2.08699989e+00 2.08699989e+00 2.08699989e+00 1.82700002e+00
    1.82700002e+00 1.82900000e+00 1.83700001e+00 1.83700001e+00
    1.83700001e+00 1.83700001e+00 1.83899999e+00 1.85699999e+00
    1.88300002e+00 1.91100001e+00 1.91600001e+00 1.90499997e+00
    1.87600005e+00 1.87600005e+00 1.89199996e+00 1.91600001e+00
    1.91799998e+00 1.96000004e+00 2. 2. 2. 2. 2. 2.00200009e+00
    2.00300002e+00 2.01300001e+00 2.07299995e+00 2.10899997e+00
    2.13000011e+00 2.13199997e+00 2.13000011e+00 2.11500001e+00
    2.08699989e+00 2.08699989e+00 2.08699989e+00 2.08699989e+00
    2.08400011e+00 2.08400011e+00 2.08400011e+00 1.72099996e+00
    1.72099996e+00 1.75100005e+00 1.83200002e+00 1.83700001e+00
    1.83700001e+00 1.83899999e+00 1.86000001e+00 1.87100005e+00
    1.88300002e+00 1.91100001e+00 1.91600001e+00 1.90499997e+00
    1.87600005e+00 1.87600005e+00 1.89199996e+00 1.91900003e+00
    1.94200003e+00 1.97399998e+00 2. 2. 2. 2. 2.00099993e+00
    2.02399993e+00 2.03299999e+00 2.03999996e+00 2.07800007e+00
    2.09200001e+00 2.10500002e+00 2.13000011e+00 2.10999990e+00
    2.09400010e+00 2.08699989e+00 2.08699989e+00 2.08699989e+00
    2.08200002e+00 2.05800009e+00 2.05299997e+00 2.05299997e+00
    1.68700004e+00 1.68700004e+00 1.72599995e+00 1.83099997e+00
    1.83700001e+00 1.83700001e+00 1.84000003e+00 1.86699998e+00
    1.88499999e+00 1.89900005e+00 1.91299999e+00 1.91600001e+00
    1.90499997e+00 1.87600005e+00 1.87600005e+00 1.89199996e+00
    1.91999996e+00 1.95000005e+00 1.97899997e+00 2. 2. 2. 2.
    2.00099993e+00 2.03099990e+00 2.04299998e+00 2.04800010e+00
    2.07900000e+00 2.08699989e+00 2.09800005e+00 2.12899995e+00
    2.10299993e+00 2.08699989e+00 2.08899999e+00 2.11899996e+00
    2.11100006e+00 2.07999992e+00 2.04900002e+00 2.04299998e+00
    2.04299998e+00 1.06700003e+00 1.52900004e+00 1.88600004e+00
    1.84599996e+00 1.84399998e+00 1.84399998e+00 1.84599996e+00
    1.86899996e+00 1.89499998e+00 1.91600001e+00 1.91600001e+00
    1.91600001e+00 1.90499997e+00 1.87600005e+00 1.87600005e+00
    1.89199996e+00 1.91900003e+00 1.94400001e+00 1.97500002e+00 2. 2. 2.
    2.00200009e+00 2.00799990e+00 2.03900003e+00 2.05100012e+00
    2.05500007e+00 2.08100009e+00 2.08699989e+00 2.09800005e+00
    2.12899995e+00 2.10800004e+00 2.09500003e+00 2.09899998e+00
    2.15700006e+00 2.13700008e+00 2.08100009e+00 2.05599999e+00
    2.05100012e+00 2.05500007e+00 0. 0. 2.52200007e+00 1.90600002e+00
    1.87100005e+00 1.87100005e+00 1.87199998e+00 1.87500000e+00
    1.89499998e+00 1.91600001e+00 1.91600001e+00 1.91600001e+00
    1.90499997e+00 1.87600005e+00 1.87600005e+00 1.89199996e+00
    1.91600001e+00 1.91999996e+00 1.96099997e+00 2. 2. 2. 2.01200008e+00
    2.03900003e+00 2.06900001e+00 2.08200002e+00 2.08200002e+00
    2.08599997e+00 2.08699989e+00 2.09800005e+00 2.12899995e+00
    2.12899995e+00 2.12700009e+00 2.12899995e+00 2.16499996e+00
    2.13700008e+00 2.08599997e+00 2.08200002e+00 2.08200002e+00
    2.10299993e+00 0. 0. 2.78299999e+00 2.48499990e+00 2.07599998e+00
    1.87600005e+00 1.87600005e+00 1.87600005e+00 1.88399994e+00
    1.90100002e+00 1.93499994e+00 1.94000006e+00 1.93599999e+00
    1.92400002e+00 1.92400002e+00 1.92100000e+00 1.91600001e+00
    1.91600001e+00 1.95799994e+00 2. 2. 2. 2.01300001e+00 2.04399991e+00
    2.07500005e+00 2.08699989e+00 2.08699989e+00 2.08699989e+00
    2.08699989e+00 2.09100008e+00 2.10500002e+00 2.10599995e+00
