<?xml version="1.0"?>
<opencv_storage>
<Depth type_id="opencv-matrix">
  <rows>40</rows>
  <cols>40</cols>
  <dt>f</dt>
  <data>
    0. 0. 0. 0. 0. 0. 0. 0. 0. 0. 0. 0. 0. 0. 0. 0. 0. 0. 0. 0. 0. 0. 0.
    0. 0. 0. 0. 0. 0. 0. 0. 0. 0. 0. 0. 0. 0. 0. 0. 0. 0. 0. 0. 0. 0. 0.
    0. 0. 0. 0. 0. 0. 0. 0. 0. 0. 0. 0. 0. 0. 0. 0. 0. 0. 0. 0. 0. 0. 0.
    0. 0. 0. 0. 0. 0. 0. 0. 0. 0. 0. 0. 0. 0. 0. 0. 0. 0. 0. 0. 0. 0. 0.
    0. 0. 0. 0. 0. 0. 0. 0. 0. 0. 0. 0. 0. 0. 0. 0. 0. 0. 0. 0. 0. 0. 0.
    0. 0. 0. 0. 0. 0. 0. 0. 0. 0. 0. 0. 0. 0. 0. 0. 0. 0. 0. 0. 0. 0. 0.
    0. 0. 0. 0. 0. 0. 0. 0. 0. 0. 0. 0. 0. 0. 0. 0. 0. 0. 0. 0. 0. 0. 0.
    0. 0. 0. 0. 0. 0. 0. 0. 0. 0. 0. 0. 0. 0. 0. 0. 0. 0. 0. 0. 0. 0. 0.
    0. 0. 0. 0. 0. 0. 0. 0. 0. 0. 0. 0. 0. 0. 0. 0. 0. 0. 0. 0. 0. 0. 0.
    0. 0. 0. 0. 0. 0. 0. 0. 0. 0. 0. 0. 0. 0. 0. 0. 0. 0. 0. 0. 0. 0. 0.
    0. 0. 0. 0. 0. 0. 0. 0. 0. 0. 0. 0. 0. 0. 0. 0. 0. 0. 0. 0. 0. 0. 0.
    0. 0. 0. 0. 0. 0. 0. 0. 0. 0. 0. 0. 0. 0. 0. 0. 0. 0. 0. 0. 0. 0. 0.
    0. 0. 0. 0. 0. 0. 0. 0. 0. 0. 0. 0. 0. 0. 0. 0. 0. 0. 0. 0. 0. 0. 0.
    0. 0. 0. 0. 0. 0. 0. 0. 0. 0. 0. 0. 0. 0. 0. 0. 0. 0. 0. 0. 0. 0. 0.
    0. 0. 0. 0. 0. 0. 0. 0. 0. 0. 0. 0. 0. 0. 0. 0. 0. 0. 0. 0. 0. 0. 0.
    0. 0. 0. 0. 0. 0. 0. 0. 0. 0. 0. 0. 0. 0. 0. 0. 0. 0. 0. 0. 0. 0. 0.
    0. 0. 0. 0. 0. 0. 0. 0. 0. 0. 0. 0. 0. 0. 0. 0. 0. 0. 0. 0. 0. 0. 0.
    0. 0. 0. 0. 0. 0. 0. 0. 0. 0. 0. 0. 0. 0. 0. 0. 0. 0. 0. 0. 0. 0. 0.
    0. 0. 0. 0. 0. 0. 0. 0. 0. 0. 0. 0. 0. 0. 0. 0. 0. 0. 0. 0. 0. 0. 0.
    0. 0. 0. 0. 0. 0. 0. 0. 0. 0. 0. 0. 0. 0. 0. 0. 0. 0. 0. 0. 0. 0. 0.
    0. 0. 0. 0. 0. 0. 0. 0. 0. 0. 0. 0. 0. 0. 0. 0. 0. 0. 0. 0. 0. 0. 0.
    0. 0. 0. 0. 0. 0. 0. 0. 0. 0. 0. 0. 0. 0. 0. 0. 0. 0. 0. 0. 0. 0. 0.
    0. 0. 0. 0. 0. 0. 0. 0. 0. 0. 0. 0. 0. 0. 0. 0. 0. 0. 0. 0. 0. 0. 0.
    0. 0. 0. 0. 0. 0. 0. 0. 0. 0. 0. 0. 0. 0. 0. 0. 0. 0. 0. 0. 0. 0. 0.
    0. 0. 0. 0. 0. 0. 0. 0. 2.25999999e+00 2.23399997e+00 2.19400001e+00
    2.15599990e+00 2.12599993e+00 2.12599993e+00 2.12599993e+00
    2.12599993e+00 2.12599993e+00 2.12199998e+00 2.08500004e+00
    2.06299996e+00 2.06299996e+00 2.06299996e+00 2.06299996e+00
    2.09899998e+00 2.11599994e+00 2.07900000e+00 2.06299996e+00
    2.06299996e+00 2.03200006e+00 2. 2. 2. 2. 2. 2.00500011e+00
    2.23900008e+00 2.40100002e+00 2.40100002e+00 2.37599993e+00
    2.33299994e+00 2.32900000e+00 2.34500003e+00 2.43000007e+00
    2.51699996e+00 2.60700011e+00 2.62800002e+00 2.62800002e+00 0.
    2.23399997e+00 2.20900011e+00 2.17000008e+00 2.13100004e+00
    2.10200000e+00 2.10200000e+00 2.10200000e+00 2.10200000e+00
    2.11400008e+00 2.12199998e+00 2.08500004e+00 2.06299996e+00
    2.06299996e+00 2.06299996e+00 2.06299996e+00 2.09899998e+00
    2.11599994e+00 2.07900000e+00 2.06299996e+00 2.06299996e+00
    2.03200006e+00 2. 2. 2. 2. 2. 2.00300002e+00 2.14899993e+00
    2.25399995e+00 2.26799989e+00 2.25699997e+00 2.23099995e+00
    2.22799993e+00 2.23799992e+00 2.29099989e+00 2.34500003e+00
    2.40100002e+00 2.41400003e+00 2.41400003e+00 0. 2.19400001e+00
    2.17000008e+00 2.13100004e+00 2.09400010e+00 2.06500006e+00
    2.06500006e+00 2.06500006e+00 2.06500006e+00 2.09400010e+00
    2.12199998e+00 2.08500004e+00 2.06299996e+00 2.06299996e+00
    2.06299996e+00 2.06299996e+00 2.09899998e+00 2.11599994e+00
    2.07900000e+00 2.06299996e+00 2.06299996e+00 2.03200006e+00 2. 2. 2.
    2. 2. 2. 2.00900006e+00 2.02600002e+00 2.06100011e+00 2.07399988e+00
    2.07299995e+00 2.07299995e+00 2.07299995e+00 2.07599998e+00
    2.07999992e+00 2.08299994e+00 2.08400011e+00 2.08400011e+00 0.
    2.19199991e+00 2.16700006e+00 2.12800002e+00 2.09100008e+00
    2.06299996e+00 2.06299996e+00 2.06299996e+00 2.06299996e+00
    2.09299994e+00 2.12400007e+00 2.10800004e+00 2.09800005e+00
    2.09800005e+00 2.09800005e+00 2.09800005e+00 2.11400008e+00
    2.11599994e+00 2.07900000e+00 2.06299996e+00 2.06299996e+00
    2.03200006e+00 2. 2. 2. 2. 2. 2. 2. 2.00500011e+00 2.02200007e+00
    2.02800012e+00 2.02800012e+00 2.02800012e+00 2.02800012e+00
    2.02800012e+00 2.02800012e+00 2.02800012e+00 2.02800012e+00
    2.02800012e+00 0. 2.19199991e+00 2.16400003e+00 2.11999989e+00
    2.08299994e+00 2.05500007e+00 2.05500007e+00 2.05500007e+00
    2.05500007e+00 2.08500004e+00 2.11800003e+00 2.12299991e+00
    2.12599993e+00 2.12599993e+00 2.12599993e+00 2.12599993e+00
    2.12599993e+00 2.11599994e+00 2.07900000e+00 2.05999994e+00
    2.05500007e+00 2.02699995e+00 2. 2. 2. 2. 2. 2. 2. 2. 2. 2. 2.
    1.99600005e+00 1.99199998e+00 1.99199998e+00 1.99399996e+00
    1.99899995e+00 2. 2. 0. 2.19199991e+00 2.15000010e+00 2.08500004e+00
    2.04600000e+00 2.01799989e+00 2.01799989e+00 2.01799989e+00
    2.01799989e+00 2.04800010e+00 2.08299994e+00 2.10999990e+00
    2.12599993e+00 2.12599993e+00 2.12599993e+00 2.12599993e+00
    2.12599993e+00 2.11599994e+00 2.07900000e+00 2.04800010e+00
    2.02200007e+00 2.00900006e+00 2. 2. 2. 2. 2. 2. 2. 2. 2. 2. 2.
    1.97700000e+00 1.95700002e+00 1.95700002e+00 1.96899998e+00
    1.99399996e+00 2. 2. 0. 2.19199991e+00 2.13599992e+00 2.04900002e+00
    2.00999999e+00 1.98199999e+00 1.98199999e+00 1.98699999e+00
    1.99800003e+00 2.02999997e+00 2.06699991e+00 2.10400009e+00
    2.13100004e+00 2.14199996e+00 2.14599991e+00 2.14599991e+00
    2.13499999e+00 2.11599994e+00 2.07900000e+00 2.04200006e+00
    2.00500011e+00 2. 2. 2. 2. 2. 2.00799990e+00 2.01900005e+00
    2.00799990e+00 2. 2. 2. 2. 1.96899998e+00 1.94000006e+00
    1.94000006e+00 1.95200002e+00 1.97599995e+00 1.98199999e+00
    1.98199999e+00 0. 2.19199991e+00 2.12199998e+00 2.01399994e+00
    1.97399998e+00 1.94700003e+00 1.94700003e+00 1.96300006e+00
    1.99399996e+00 2.02999997e+00 2.06699991e+00 2.10400009e+00
    2.14000010e+00 2.17400002e+00 2.18499994e+00 2.18499994e+00
    2.15100002e+00 2.11599994e+00 2.07900000e+00 2.04200006e+00
    2.00500011e+00 2. 2. 2. 2. 2. 2.02399993e+00 2.05500007e+00
    2.02300000e+00 2. 2. 2. 2. 1.96899998e+00 1.94000006e+00
    1.94000006e+00 1.94200003e+00 1.94599998e+00 1.94700003e+00
    1.94700003e+00 0. 0. 0. 1.92400002e+00 1.96700001e+00 1.94000006e+00
    1.94000006e+00 1.95799994e+00 1.99300003e+00 2.02999997e+00
    2.06699991e+00 2.10400009e+00 2.14100003e+00 2.18000007e+00
    2.19199991e+00 2.19199991e+00 2.17199993e+00 2.14700007e+00
    2.10899997e+00 2.06200004e+00 2.00799990e+00 2. 2. 2. 2. 2.
    2.02699995e+00 2.06200004e+00 2.02500010e+00 2. 2. 2. 2.
    1.96899998e+00 1.93700004e+00 1.92100000e+00 1.91199994e+00
    1.91199994e+00 1.89999998e+00 1.88399994e+00 0. 0. 0. 1.56400001e+00
    1.69099998e+00 1.66600001e+00 1.66600001e+00 1.68299997e+00
    1.71599996e+00 1.75000000e+00 1.80299997e+00 2.00900006e+00
    2.14800000e+00 2.18499994e+00 2.19600010e+00 2.19600010e+00
    2.19600010e+00 2.18600011e+00 2.15000010e+00 1.99899995e+00
    1.75699997e+00 1.86099994e+00 2. 2. 2. 2. 2.02699995e+00
    2.06200004e+00 2.02800012e+00 2.00300002e+00 2.00099993e+00 2. 2.
    1.97099996e+00 1.93700004e+00 1.89999998e+00 1.88000000e+00
    1.87800002e+00 1.85099995e+00 1.82000005e+00 0. 0. 0. 0. 0. 0. 0. 0.
    0. 0. 0. 1.09700000e+00 2.21799994e+00 2.23200011e+00 2.23600006e+00
    2.23600006e+00 2.23600006e+00 2.23200011e+00 2.21900010e+00
    1.16999996e+00 0. 0. 2. 2. 2. 2. 2.02699995e+00 2.06299996e+00
    2.04999995e+00 2.03299999e+00 2.00900006e+00 2. 2. 1.98899996e+00
    1.96800005e+00 1.91100001e+00 1.87100005e+00 1.84899998e+00
    1.81799996e+00 1.78699994e+00 0. 0. 0. 0. 0. 0. 0. 0. 0. 0. 0. 0.
    2.25999999e+00 2.25999999e+00 2.25999999e+00 2.25999999e+00
    2.25999999e+00 2.25999999e+00 2.25999999e+00 0. 0. 0. 2. 2. 2. 2.
    2.02699995e+00 2.06299996e+00 2.06299996e+00 2.05200005e+00
    2.01500010e+00 2. 2. 2. 1.98699999e+00 1.91700006e+00 1.86500001e+00
    1.83099997e+00 1.79799998e+00 1.76699996e+00 0. 0. 0. 0. 0. 0. 0. 0.
    0. 0. 0. 0. 0. 0. 0. 0. 0. 0. 0. 0. 0. 0. 0. 0. 0. 0. 0. 0. 0. 0. 0.
    0. 0. 0. 0. 0. 0. 0. 0. 0. 0. 0. 0. 0. 0. 0. 0. 0. 0. 0. 0. 0. 0. 0.
