<?xml version="1.0"?>
<opencv_storage>
<Depth type_id="opencv-matrix">
  <rows>40</rows>
  <cols>40</cols>
  <dt>f</dt>
  <data>
    0. 0. 0. 0. 0. 0. 0. 0. 0. 0. 0. 0. 0. 0. 0. 0. 0. 0. 0. 0. 0. 0. 0.
    0. 0. 0. 0. 0. 0. 0. 0. 0. 0. 0. 0. 0. 0. 0. 0. 0. 0. 0. 0. 0. 0. 0.
    0. 0. 0. 0. 0. 0. 0. 0. 0. 0. 0. 0. 0. 0. 0. 0. 0. 0. 0. 0. 0. 0. 0.
    0. 0. 0. 0. 0. 0. 0. 0. 0. 0. 0. 0. 0. 0. 0. 0. 0. 0. 0. 0. 0. 0. 0.
    0. 0. 0. 0. 0. 0. 0. 0. 0. 0. 0. 0. 0. 0. 0. 0. 0. 0. 0. 0. 0. 0. 0.
    0. 0. 0. 0. 0. 0. 0. 0. 0. 0. 0. 0. 0. 0. 0. 0. 0. 0. 0. 0. 0. 0. 0.
    0. 0. 0. 0. 0. 0. 0. 0. 0. 0. 0. 0. 0. 0. 0. 0. 0. 0. 0. 0. 0. 0. 0.
    0. 0. 0. 0. 0. 0. 0. 0. 0. 0. 0. 0. 0. 0. 0. 0. 0. 0. 0. 0. 0. 0. 0.
    0. 0. 0. 0. 0. 0. 0. 0. 0. 0. 0. 0. 0. 0. 0. 0. 0. 0. 0. 0. 0. 0. 0.
    0. 0. 0. 0. 0. 0. 0. 0. 0. 0. 0. 0. 0. 0. 0. 0. 0. 0. 0. 0. 0. 0. 0.
    0. 0. 0. 0. 0. 0. 0. 0. 0. 0. 0. 0. 0. 0. 0. 0. 0. 0. 0. 0. 0. 0. 0.
    0. 0. 0. 0. 0. 0. 0. 0. 0. 0. 0. 0. 0. 0. 0. 0. 0. 0. 0. 0. 0. 0. 0.
    0. 0. 0. 0. 0. 0. 0. 0. 0. 0. 0. 0. 0. 0. 0. 0. 0. 0. 0. 0. 0. 0. 0.
    0. 0. 0. 0. 0. 0. 0. 0. 0. 0. 0. 0. 0. 0. 0. 0. 0. 0. 0. 0. 0. 0. 0.
    0. 0. 0. 0. 0. 0. 0. 0. 0. 0. 0. 0. 0. 0. 0. 0. 0. 0. 0. 0. 0. 0. 0.
    0. 0. 0. 0. 0. 0. 0. 0. 0. 0. 0. 0. 0. 0. 0. 0. 0. 0. 0. 0. 0. 0. 0.
    0. 0. 0. 0. 0. 0. 0. 0. 0. 0. 0. 0. 0. 0. 0. 0. 0. 0. 0. 0. 0. 0. 0.
    0. 0. 0. 0. 0. 0. 0. 0. 0. 0. 0. 0. 0. 0. 0. 0. 0. 0. 0. 0. 0. 0. 0.
    0. 0. 0. 0. 0. 0. 0. 0. 0. 0. 0. 0. 0. 0. 0. 0. 0. 0. 0. 0. 0. 0. 0.
    0. 0. 0. 0. 0. 0. 0. 0. 0. 0. 0. 0. 0. 0. 0. 0. 0. 0. 0. 0. 0. 0. 0.
    0. 0. 0. 0. 0. 0. 0. 0. 0. 0. 0. 0. 0. 0. 0. 0. 0. 0. 0. 0. 0. 0. 0.
    0. 0. 0. 0. 0. 0. 0. 0. 0. 0. 0. 0. 0. 0. 0. 0. 0. 0. 0. 0. 0. 0. 0.
    0. 0. 0. 0. 0. 0. 0. 0. 0. 0. 0. 0. 0. 0. 0. 0. 0. 0. 0. 0. 0. 0. 0.
    0. 0. 0. 0. 0. 0. 0. 0. 0. 0. 0. 0. 0. 0. 0. 0. 0. 0. 0. 0. 0. 0. 0.
    0. 0. 0. 0. 0. 0. 0. 0. 0. 2.08800006e+00 2.08800006e+00
    2.08800006e+00 0. 0. 0. 0. 0. 0. 0. 0. 0. 0. 0. 0. 0. 0. 0. 0.
    2.18000007e+00 2.18000007e+00 2.17400002e+00 2.12899995e+00
    2.08800006e+00 2.08800006e+00 2.08800006e+00 2.08800006e+00
    2.08699989e+00 2.04399991e+00 2.00099993e+00 2. 2. 2.04099989e+00
    2.08400011e+00 2.08800006e+00 2.08800006e+00 2.08800006e+00 0. 0. 0.
    2.10999990e+00 2.10999990e+00 2.10999990e+00 1.17700005e+00 0. 0. 0.
    0. 0. 0. 0. 0. 0. 0. 0. 0. 0. 0. 0. 2.15799999e+00 2.15799999e+00
    2.15400004e+00 2.11899996e+00 2.08800006e+00 2.08800006e+00
    2.08800006e+00 2.08800006e+00 2.08699989e+00 2.04399991e+00
    2.00099993e+00 2. 2. 2.04099989e+00 2.08400011e+00 2.08800006e+00
    2.08800006e+00 2.08800006e+00 0. 0. 0. 2.15499997e+00 2.15499997e+00
    2.15499997e+00 1.80900002e+00 1.03499997e+00 0. 0. 0. 0. 0. 0. 0. 0.
    0. 0. 0. 0. 0. 1.48000002e+00 2.11299992e+00 2.11299992e+00
    2.11100006e+00 2.09899998e+00 2.08800006e+00 2.08800006e+00
    2.08800006e+00 2.08800006e+00 2.08699989e+00 2.04399991e+00
    2.00099993e+00 2. 2. 2.04099989e+00 2.08400011e+00 2.08800006e+00
    2.08800006e+00 2.08800006e+00 0. 0. 0. 2.16000009e+00 2.16000009e+00
    2.16000009e+00 2.14400005e+00 2.10899997e+00 2.08800006e+00
    2.08800006e+00 2.08800006e+00 2.08800006e+00 2.08800006e+00
    2.08800006e+00 2.08800006e+00 2.08800006e+00 2.08800006e+00
    2.08800006e+00 2.08800006e+00 2.08800006e+00 2.08800006e+00
    2.08800006e+00 2.08800006e+00 2.08800006e+00 2.08699989e+00
    2.07699990e+00 2.06900001e+00 2.06900001e+00 2.06900001e+00
    2.06900001e+00 2.06800008e+00 2.04399991e+00 2.01999998e+00
    2.01900005e+00 2.01900005e+00 2.05100012e+00 2.08500004e+00
    2.07900000e+00 2.06999993e+00 2.06900001e+00 0. 0. 0. 2.11500001e+00
    2.11500001e+00 2.11500001e+00 2.10899997e+00 2.09599996e+00
    2.08800006e+00 2.08800006e+00 2.08800006e+00 2.08800006e+00
    2.08800006e+00 2.08800006e+00 2.08800006e+00 2.08800006e+00
    2.08800006e+00 2.08800006e+00 2.08800006e+00 2.08800006e+00
    2.08800006e+00 2.08800006e+00 2.08800006e+00 2.08800006e+00
    2.08400011e+00 2.05299997e+00 2.02500010e+00 2.02500010e+00
    2.02500010e+00 2.02500010e+00 2.02600002e+00 2.04399991e+00
    2.06200004e+00 2.06299996e+00 2.06299996e+00 2.07399988e+00
    2.08699989e+00 2.05999994e+00 2.02900004e+00 2.02500010e+00 0. 0. 0.
    2.08800006e+00 2.08800006e+00 2.08800006e+00 2.08800006e+00
    2.08800006e+00 2.08400011e+00 2.07599998e+00 2.06999993e+00
    2.06999993e+00 2.07299995e+00 2.08200002e+00 2.08800006e+00
    2.08800006e+00 2.08800006e+00 2.08800006e+00 2.08599997e+00
    2.07699990e+00 2.06999993e+00 2.06999993e+00 2.06999993e+00
    2.06999993e+00 2.06599998e+00 2.03099990e+00 2. 2. 2. 2.
    2.00099993e+00 2.03500009e+00 2.06999993e+00 2.06999993e+00
    2.06999993e+00 2.06999993e+00 2.06999993e+00 2.03900003e+00
    2.00399995e+00 2. 0. 0. 0. 2.08800006e+00 2.08800006e+00
    2.08800006e+00 2.08800006e+00 2.08800006e+00 2.07599998e+00
    2.04600000e+00 2.02699995e+00 2.02699995e+00 2.03699994e+00
    2.06699991e+00 2.08800006e+00 2.08800006e+00 2.08800006e+00
    2.08800006e+00 2.08100009e+00 2.05100012e+00 2.02699995e+00
    2.02699995e+00 2.02699995e+00 2.02699995e+00 2.02500010e+00
    2.01200008e+00 2. 2. 2. 2. 2. 2.01300001e+00 2.02699995e+00
    2.02699995e+00 2.02699995e+00 2.02699995e+00 2.02699995e+00
    2.01500010e+00 2.00200009e+00 2. 0. 0. 0. 2.08800006e+00
    2.08800006e+00 2.08800006e+00 2.08800006e+00 2.08800006e+00
    2.06999993e+00 2.02699995e+00 2. 2. 2.01500010e+00 2.05800009e+00
    2.08800006e+00 2.08800006e+00 2.08800006e+00 2.08800006e+00
    2.07599998e+00 2.02500010e+00 1.98300004e+00 1.97500002e+00
    1.96899998e+00 1.96899998e+00 1.97099996e+00 1.98599994e+00 2. 2. 2.
    2. 2. 2. 2. 2. 2. 2. 2. 2. 2. 2. 0. 0. 0. 2.08800006e+00
    2.08800006e+00 2.08800006e+00 2.08800006e+00 2.08800006e+00
    2.06999993e+00 2.02699995e+00 2. 2. 2.01500010e+00 2.05800009e+00
    2.08800006e+00 2.08800006e+00 2.08800006e+00 2.08800006e+00
    2.07100010e+00 2. 1.93700004e+00 1.90900004e+00 1.88600004e+00
    1.88600004e+00 1.89300001e+00 1.94900000e+00 2. 2. 2. 2. 2. 2. 2. 2.
    2. 2. 2. 2. 2. 2. 0. 0. 0. 2.08800006e+00 1.86899996e+00
    1.41600001e+00 1.36699998e+00 1.82099998e+00 2.07299995e+00
    2.03699994e+00 2.01500010e+00 2.01500010e+00 2.02699995e+00
    2.06299996e+00 2.08800006e+00 2.08800006e+00 2.08800006e+00
    2.08800006e+00 2.06800008e+00 1.98300004e+00 1.90600002e+00
    1.86500001e+00 1.83099997e+00 1.83099997e+00 1.84099996e+00
    1.92400002e+00 2. 2. 2. 2. 2. 2. 2. 2. 2. 2. 2. 2.00699997e+00
    2.01399994e+00 2.01500010e+00 0. 0. 0. 2.08800006e+00 1.22399998e+00
    0. 0. 1.03100002e+00 2.08200002e+00 2.06699991e+00 2.05800009e+00
    2.05800009e+00 2.06299996e+00 2.07800007e+00 2.08800006e+00
    2.08800006e+00 2.08800006e+00 2.08800006e+00 2.06800008e+00
    1.98300004e+00 1.90600002e+00 1.86500001e+00 1.83099997e+00
    1.83099997e+00 1.84099996e+00 1.92400002e+00 2. 2. 2. 2. 2. 2. 2. 2.
    2. 2. 2. 2.02600002e+00 2.05399990e+00 2.05800009e+00 0. 0. 0.
    2.08800006e+00 0. 0. 0. 0. 2.08800006e+00 2.08800006e+00
    2.08800006e+00 2.08800006e+00 2.08800006e+00 2.08800006e+00
    2.08800006e+00 2.08800006e+00 2.08800006e+00 2.08800006e+00
    2.06800008e+00 1.98300004e+00 1.90600002e+00 1.86500001e+00
    1.83099997e+00 1.83099997e+00 1.84099996e+00 1.92400002e+00 2. 2. 2.
    2. 2. 2. 2. 2. 2. 2. 2. 2.03900003e+00 2.08299994e+00 2.08800006e+00
    0. 0. 0. 0. 0. 0. 0. 0. 0. 0. 0. 0. 0. 0. 0. 0. 0. 0. 0. 0. 0. 0. 0.
    0. 0. 0. 0. 0. 0. 0. 0. 0. 0. 0. 0. 0. 0. 0. 0. 0. 0. 0. 0. 0. 0. 0.
    0. 0. 0. 0. 0. 0. 0. 0. 0. 0. 0. 0. 0. 0. 0. 0. 0. 0. 0. 0. 0. 0. 0.
    0. 0. 0. 0. 0. 0. 0. 0. 0. 0. 0. 0. 0. 0. 0. 0. 0. 0. 0. 0. 0. 0. 0.
    0. 0. 0. 0. 0. 0. 0. 0. 0. 0. 0. 0. 0. 0. 0. 0. 0. 0. 0. 0. 0. 0. 0.
    0. 0. 0. 0. 0. 0. 0. 0. 0. 0. 0. 0. 0. 0. 0. 0. 0. 0. 0. 0. 0. 0. 0.
    0. 0. 0. 0. 0. 0. 0. 0. 0. 0. 0. 0. 0. 0. 0. 0. 0. 0. 0. 0. 0. 0. 0.
    0. 0. 0. 0. 0. 0. 0. 0. 0. 0. 0. 0. 0. 0. 0. 0. 0. 0. 0. 0. 0. 0. 0.
