<?xml version="1.0"?>
<opencv_storage>
<Depth type_id="opencv-matrix">
  <rows>40</rows>
  <cols>40</cols>
  <dt>f</dt>
  <data>
    0. 0. 0. 0. 0. 0. 0. 0. 0. 0. 0. 0. 0. 0. 0. 0. 0. 0. 0. 0. 0. 0. 0.
    0. 0. 0. 0. 0. 0. 0. 0. 0. 0. 0. 0. 0. 0. 0. 0. 0. 0. 0. 0. 0. 0. 0.
    0. 0. 0. 0. 0. 0. 0. 0. 0. 0. 0. 0. 0. 0. 0. 0. 0. 0. 0. 0. 0. 0. 0.
    0. 0. 0. 0. 0. 0. 0. 0. 0. 0. 0. 0. 0. 0. 0. 0. 0. 0. 0. 0. 0. 0. 0.
    0. 0. 0. 0. 0. 0. 0. 0. 0. 0. 0. 0. 0. 0. 0. 0. 0. 0. 0. 0. 0. 0. 0.
    0. 0. 0. 0. 0. 0. 0. 0. 0. 0. 0. 0. 0. 0. 0. 0. 0. 0. 0. 0. 0. 0. 0.
    0. 0. 0. 0. 0. 0. 0. 0. 0. 0. 0. 0. 0. 0. 0. 0. 0. 0. 0. 0. 0. 0. 0.
    0. 0. 0. 0. 0. 0. 0. 0. 0. 0. 0. 0. 0. 0. 0. 0. 0. 0. 0. 0. 0. 0. 0.
    0. 0. 0. 0. 0. 0. 0. 0. 0. 0. 0. 0. 0. 0. 0. 0. 0. 0. 0. 0. 0. 0. 0.
    0. 0. 0. 0. 0. 0. 0. 0. 0. 0. 0. 0. 0. 0. 0. 0. 0. 0. 0. 0. 0. 0. 0.
    0. 0. 0. 0. 0. 0. 0. 0. 0. 0. 0. 0. 0. 0. 0. 0. 0. 0. 0. 0. 0. 0. 0.
    0. 0. 0. 0. 0. 0. 0. 0. 0. 0. 0. 0. 0. 0. 0. 0. 0. 0. 0. 0. 0. 0. 0.
    0. 0. 0. 0. 0. 0. 0. 0. 0. 0. 0. 0. 0. 0. 0. 0. 0. 0. 0. 0. 0. 0. 0.
    0. 0. 0. 0. 0. 0. 0. 0. 0. 0. 0. 0. 0. 0. 0. 0. 0. 0. 0. 0. 0. 0. 0.
    0. 0. 0. 0. 0. 0. 0. 0. 0. 0. 0. 0. 0. 0. 0. 0. 0. 0. 0. 0. 0. 0. 0.
    0. 0. 0. 0. 0. 0. 0. 0. 0. 0. 0. 0. 0. 0. 0. 0. 0. 0. 0. 0. 0. 0. 0.
    0. 0. 0. 0. 0. 0. 0. 0. 0. 0. 0. 0. 0. 0. 0. 0. 0. 0. 0. 0. 0. 0. 0.
    0. 0. 0. 0. 0. 0. 0. 0. 0. 0. 0. 0. 0. 0. 0. 0. 0. 0. 0. 0. 0. 0. 0.
    0. 0. 0. 0. 0. 0. 0. 0. 0. 0. 0. 0. 0. 0. 0. 0. 0. 0. 0. 0. 0. 0. 0.
    0. 0. 0. 0. 0. 0. 0. 0. 0. 0. 0. 0. 0. 0. 0. 0. 0. 0. 0. 0. 0. 0. 0.
    0. 0. 0. 0. 0. 0. 0. 0. 0. 0. 0. 0. 0. 0. 0. 0. 0. 0. 0. 0. 0. 0. 0.
    0. 0. 0. 0. 0. 0. 0. 0. 0. 0. 0. 0. 0. 0. 0. 0. 0. 0. 0. 0. 0. 0. 0.
    0. 0. 0. 0. 0. 0. 0. 0. 0. 0. 0. 0. 0. 0. 0. 0. 0. 0. 0. 0. 0. 0. 0.
    0. 0. 0. 0. 0. 0. 0. 0. 0. 0. 0. 0. 0. 0. 0. 0. 0. 0. 0. 0. 0. 0. 0.
    0. 0. 0. 0. 0. 0. 0. 0. 2.08800006e+00 2.08800006e+00 2.08800006e+00
    2.08100009e+00 2.03800011e+00 2. 2. 2. 2. 2. 2. 2. 2. 2.
    2.04200006e+00 2.08599997e+00 2.13100004e+00 2.17600012e+00
    2.18000007e+00 2.18000007e+00 2.18000007e+00 2.18000007e+00
    2.18000007e+00 2.18000007e+00 2.21700001e+00 2.26300001e+00
    2.27399993e+00 2.27399993e+00 2.27399993e+00 2.27399993e+00
    2.27399993e+00 2.27399993e+00 2.27399993e+00 2.27399993e+00
    2.27399993e+00 2.27399993e+00 2.24699998e+00 2.20099998e+00
    2.15499997e+00 2.10999990e+00 2.07999992e+00 2.08800006e+00
    2.08800006e+00 2.08100009e+00 2.03800011e+00 2. 2. 2. 2. 2. 2. 2. 2.
    2. 2.04200006e+00 2.08599997e+00 2.13100004e+00 2.17600012e+00
    2.17000008e+00 2.16000009e+00 2.15799999e+00 2.15799999e+00
    2.15799999e+00 2.15799999e+00 2.18600011e+00 2.22199988e+00
    2.23799992e+00 2.24900007e+00 2.25999999e+00 2.27099991e+00
    2.26600003e+00 2.25500011e+00 2.25200009e+00 2.25200009e+00
    2.25200009e+00 2.25200009e+00 2.23099995e+00 2.19600010e+00
    2.16100001e+00 2.12599993e+00 2.06299996e+00 2.08800006e+00
    2.08800006e+00 2.08100009e+00 2.03800011e+00 2. 2. 2. 2. 2. 2. 2. 2.
    2. 2.04200006e+00 2.08599997e+00 2.13100004e+00 2.17600012e+00
    2.15000010e+00 2.11700010e+00 2.11299992e+00 2.11299992e+00
    2.11299992e+00 2.11299992e+00 2.12299991e+00 2.13599992e+00
    2.16400003e+00 2.19700003e+00 2.23000002e+00 2.26399994e+00
    2.25099993e+00 2.21700001e+00 2.20600009e+00 2.20600009e+00
    2.20600009e+00 2.20600009e+00 2.19799995e+00 2.18600011e+00
    2.17300010e+00 2.16100001e+00 2.05299997e+00 2.08800006e+00
    2.08800006e+00 2.08100009e+00 2.03800011e+00 2. 2. 2. 2. 2. 2. 2.
    2.00999999e+00 2.01900005e+00 2.05200005e+00 2.08599997e+00
    2.12100005e+00 2.15700006e+00 2.12800002e+00 2.09200001e+00
    2.08800006e+00 2.08800006e+00 2.08800006e+00 2.08800006e+00
    2.08800006e+00 2.08800006e+00 2.11500001e+00 2.15000010e+00
    2.19300008e+00 2.23900008e+00 2.22799993e+00 2.19199991e+00
    2.18000007e+00 2.18000007e+00 2.18000007e+00 2.18000007e+00
    2.18000007e+00 2.18000007e+00 2.18000007e+00 2.18000007e+00
    2.05299997e+00 2.08800006e+00 2.08800006e+00 2.08100009e+00
    2.03800011e+00 2. 2. 2. 2. 2. 2. 2.00099993e+00 2.03099990e+00
    2.06200004e+00 2.07500005e+00 2.08699989e+00 2.09999990e+00
    2.11299992e+00 2.10299993e+00 2.08999991e+00 2.08800006e+00
    2.08800006e+00 2.08800006e+00 2.08800006e+00 2.08800006e+00
    2.08800006e+00 2.09800005e+00 2.11100006e+00 2.14800000e+00
    2.19300008e+00 2.19799995e+00 2.18499994e+00 2.18000007e+00
    2.18000007e+00 2.18000007e+00 2.18000007e+00 2.18000007e+00
    2.18000007e+00 2.18000007e+00 2.18000007e+00 2.05299997e+00
    2.08800006e+00 2.08800006e+00 2.08100009e+00 2.03800011e+00 2. 2. 2.
    2. 2. 2. 2.00099993e+00 2.04399991e+00 2.08699989e+00 2.08800006e+00
    2.08800006e+00 2.07999992e+00 2.07100010e+00 2.06999993e+00
    2.06999993e+00 2.06999993e+00 2.06999993e+00 2.06999993e+00
    2.06999993e+00 2.07699990e+00 2.08599997e+00 2.08800006e+00
    2.08800006e+00 2.11400008e+00 2.15000010e+00 2.16799998e+00
    2.17700005e+00 2.18000007e+00 2.18000007e+00 2.18000007e+00
    2.18000007e+00 2.18000007e+00 2.18000007e+00 2.18000007e+00
    2.18000007e+00 2.05299997e+00 2.08800006e+00 2.08800006e+00
    2.08100009e+00 2.03800011e+00 2. 2. 2. 2. 2. 2. 2.00099993e+00
    2.04399991e+00 2.08699989e+00 2.08800006e+00 2.08800006e+00
    2.05999994e+00 2.02999997e+00 2.02699995e+00 2.02699995e+00
    2.02699995e+00 2.02699995e+00 2.02699995e+00 2.02699995e+00
    2.05100012e+00 2.08100009e+00 2.08800006e+00 2.08800006e+00
    2.09800005e+00 2.11199999e+00 2.13800001e+00 2.16899991e+00
    2.18000007e+00 2.18000007e+00 2.18000007e+00 2.18000007e+00
    2.18000007e+00 2.18000007e+00 2.18000007e+00 2.18000007e+00
    2.05299997e+00 2.08800006e+00 2.08800006e+00 2.08200002e+00
    2.04699993e+00 2.01500010e+00 2.00699997e+00 2. 2. 2.00099993e+00
    2.02600002e+00 2.05100012e+00 2.08599997e+00 2.12199998e+00
    2.10599995e+00 2.08899999e+00 2.04699993e+00 2.00399995e+00 2. 2. 2.
    2. 2. 2. 2.02800012e+00 2.06399989e+00 2.07200003e+00 2.07200003e+00
    2.07200003e+00 2.07200003e+00 2.10299993e+00 2.14800000e+00
    2.16899991e+00 2.17700005e+00 2.18000007e+00 2.18000007e+00
    2.18499994e+00 2.19300008e+00 2.19700003e+00 2.19700003e+00
    2.05299997e+00 2.08800006e+00 2.08800006e+00 2.08599997e+00
    2.07200003e+00 2.05599999e+00 2.02699995e+00 2. 2. 2.00500011e+00
    2.09599996e+00 2.18499994e+00 2.19899988e+00 2.21300006e+00
    2.15300012e+00 2.09100008e+00 2.04699993e+00 2.00399995e+00 2. 2. 2.
    2. 2. 2. 2.01099992e+00 2.02500010e+00 2.02900004e+00 2.02900004e+00
    2.02900004e+00 2.02900004e+00 2.05900002e+00 2.10299993e+00
    2.13800001e+00 2.16799998e+00 2.18000007e+00 2.18000007e+00
    2.19799995e+00 2.22900009e+00 2.24300003e+00 2.24300003e+00
    1.13499999e+00 1.16400003e+00 1.16400003e+00 1.16400003e+00
    1.16400003e+00 1.15999997e+00 1.12399995e+00 1.09099996e+00
    1.09099996e+00 1.09700000e+00 1.20899999e+00 1.31900001e+00
    1.31900001e+00 1.31900001e+00 1.24500000e+00 1.16900003e+00
    1.13000000e+00 1.09399998e+00 1.49699998e+00 1.94400001e+00
    1.98800004e+00 1.97399998e+00 1.97200000e+00 1.97200000e+00
    1.97200000e+00 1.97200000e+00 1.97700000e+00 1.98399997e+00
    1.98599994e+00 1.98599994e+00 2.02099991e+00 2.07100010e+00
    2.11800003e+00 2.16300011e+00 2.18499994e+00 2.19199991e+00
    2.21799994e+00 2.25699997e+00 2.01500010e+00 1.54600000e+00 0. 0. 0.
    0. 0. 0. 0. 0. 0. 0. 0. 0. 0. 0. 0. 0. 0. 0. 0. 1.77699995e+00
    1.95200002e+00 1.89800000e+00 1.88900006e+00 1.88900006e+00
    1.88900006e+00 1.88900006e+00 1.90900004e+00 1.93599999e+00
    1.94299996e+00 1.94299996e+00 1.99300003e+00 2.06399989e+00
    2.11800003e+00 2.16300011e+00 2.19899988e+00 2.22900009e+00
    2.25099993e+00 2.26699996e+00 1.25199997e+00 0. 0. 0. 0. 0. 0. 0. 0.
    0. 0. 0. 0. 0. 0. 0. 0. 0. 0. 0. 0. 1.66100001e+00 1.92700005e+00
    1.84399998e+00 1.83099997e+00 1.83099997e+00 1.83099997e+00
