<?xml version="1.0"?>
<opencv_storage>
<Depth type_id="opencv-matrix">
  <rows>40</rows>
  <cols>40</cols>
  <dt>f</dt>
  <data>
    0. 0. 0. 0. 0. 0. 0. 0. 0. 0. 0. 0. 0. 0. 0. 0. 0. 0. 0. 0. 0. 0. 0.
    0. 0. 0. 0. 0. 0. 0. 0. 0. 0. 0. 0. 0. 0. 0. 0. 0. 0. 0. 0. 0. 0. 0.
    0. 0. 0. 0. 0. 0. 0. 0. 0. 0. 0. 0. 0. 0. 0. 0. 0. 0. 0. 0. 0. 0. 0.
    0. 0. 0. 0. 0. 0. 0. 0. 0. 0. 0. 0. 0. 0. 0. 0. 0. 0. 0. 0. 0. 0. 0.
    0. 0. 0. 0. 0. 0. 0. 0. 0. 0. 0. 0. 0. 0. 0. 0. 0. 0. 0. 0. 0. 0. 0.
    0. 0. 0. 0. 0. 0. 0. 0. 0. 0. 0. 0. 0. 0. 0. 0. 0. 0. 0. 0. 0. 0. 0.
    0. 0. 0. 0. 0. 0. 0. 0. 0. 0. 0. 0. 0. 0. 0. 0. 0. 0. 0. 0. 0. 0. 0.
    0. 0. 0. 0. 0. 0. 0. 0. 0. 0. 0. 0. 0. 0. 0. 0. 0. 0. 0. 0. 0. 0. 0.
    0. 0. 0. 0. 0. 0. 0. 0. 0. 0. 0. 0. 0. 0. 0. 0. 0. 0. 0. 0. 0. 0. 0.
    0. 0. 0. 0. 0. 0. 0. 0. 0. 0. 2.99900007e+00 2.87800002e+00
    2.67600012e+00 2.45700002e+00 2.36199999e+00 2.31200004e+00
    2.26300001e+00 2.21499991e+00 2.19199991e+00 2.19199991e+00
    2.19199991e+00 2.19199991e+00 2.19199991e+00 2.19199991e+00
    1.59899998e+00 0. 0. 0. 0. 0. 0. 0. 0. 0. 0. 0. 0. 0. 0. 0. 0. 0. 0.
    0. 0. 0. 0. 0. 0. 0. 2.89100003e+00 2.74099994e+00 2.57200003e+00
    2.40100002e+00 2.31800008e+00 2.26900005e+00 2.22700000e+00
    2.18899989e+00 2.17100000e+00 2.17100000e+00 2.17100000e+00
    2.17100000e+00 2.17100000e+00 2.17100000e+00 1.58099997e+00 0. 0. 0.
    0. 0. 0. 0. 0. 0. 0. 0. 0. 0. 0. 0. 0. 0. 0. 0. 0. 0. 0. 0.
    2.93899989e+00 2.85800004e+00 2.65100002e+00 2.43499994e+00
    2.34200001e+00 2.27500010e+00 2.22099996e+00 2.17400002e+00
    2.14700007e+00 2.13199997e+00 2.12400007e+00 2.12400007e+00
    2.12400007e+00 2.12400007e+00 2.12400007e+00 2.12400007e+00
    1.53900003e+00 0. 0. 0. 0. 0. 0. 0. 0. 0. 0. 0. 0. 0. 0. 0. 0. 0. 0.
    0. 0. 0. 0. 2.95700002e+00 2.82200003e+00 2.68799996e+00
    2.45600009e+00 2.21600008e+00 2.17600012e+00 2.17600012e+00
    2.14800000e+00 2.10899997e+00 2.09400010e+00 2.09400010e+00
    2.08999991e+00 2.08299994e+00 2.07900000e+00 2.07900000e+00
    2.07900000e+00 2.07900000e+00 1.59200001e+00 0. 0. 0. 0. 0. 0. 0. 0.
    0. 0. 0. 0. 0. 0. 0. 0. 0. 0. 0. 0. 0. 2.99900007e+00 2.89499998e+00
    2.71300006e+00 2.53099990e+00 2.34599996e+00 2.16100001e+00
    2.12899995e+00 2.12899995e+00 2.11700010e+00 2.09999990e+00
    2.09400010e+00 2.09400010e+00 2.07900000e+00 2.04999995e+00
    2.03399992e+00 2.03399992e+00 2.03399992e+00 2.03399992e+00
    1.82400000e+00 0. 0. 0. 0. 0. 0. 0. 0. 0. 0. 0. 0. 0. 0. 0. 0. 0. 0.
    0. 0. 0. 2.93199992e+00 2.79699993e+00 2.60400009e+00 2.41100001e+00
    2.26300001e+00 2.11800003e+00 2.09400010e+00 2.09400010e+00
    2.08999991e+00 2.08500004e+00 2.08299994e+00 2.08299994e+00
    2.06200004e+00 2.02300000e+00 2. 2. 1.99800003e+00 1.99300003e+00
    1.98899996e+00 1.98899996e+00 1.98899996e+00 0. 0. 0. 0. 0. 0. 0. 0.
    0. 0. 0. 0. 0. 0. 0. 0. 0. 0. 2.93700004e+00 2.75799990e+00
    2.58200002e+00 2.49300003e+00 2.40400004e+00 2.26300001e+00
    2.11800003e+00 2.09400010e+00 2.09400010e+00 2.07500005e+00
    2.04800010e+00 2.03800011e+00 2.03800011e+00 2.02900004e+00
    2.01099992e+00 2. 2. 1.99199998e+00 1.96599996e+00 1.94599998e+00
    1.94599998e+00 1.94599998e+00 0. 0. 0. 0. 0. 0. 0. 0. 0. 0. 0. 0. 0.
    0. 0. 0. 0. 2.92199993e+00 2.78399992e+00 2.58100009e+00
    2.38400006e+00 2.38400006e+00 2.38400006e+00 2.25500011e+00
    2.11700010e+00 2.09400010e+00 2.09400010e+00 2.06100011e+00
    2.01699996e+00 2. 2. 2. 2. 2. 2. 1.98599994e+00 1.94200003e+00
    1.90799999e+00 1.90799999e+00 1.90799999e+00 0. 0. 0. 0. 0. 0. 0. 0.
    0. 0. 0. 0. 0. 2.99499989e+00 2.95300007e+00 2.89199996e+00
    2.80500007e+00 2.63899994e+00 2.48300004e+00 2.38299990e+00
    2.28600001e+00 2.28600001e+00 2.28600001e+00 2.20099998e+00
    2.10899997e+00 2.09400010e+00 2.09400010e+00 2.06100011e+00
    2.01699996e+00 2. 2. 2. 2. 2. 2. 1.98599994e+00 1.94200003e+00
    1.90799999e+00 1.90799999e+00 1.90799999e+00 0. 0. 0. 0. 0. 0. 0. 0.
    0. 0. 0. 2.98000002e+00 2.95300007e+00 2.89199996e+00 2.81299996e+00
    2.69799995e+00 2.56299996e+00 2.36299992e+00 2.19000006e+00
    2.19000006e+00 2.19000006e+00 2.19000006e+00 2.19000006e+00
    2.14700007e+00 2.09999990e+00 2.09200001e+00 2.09200001e+00
    2.05999994e+00 2.01600003e+00 2. 2. 2. 2. 2. 2. 1.98599994e+00
    1.94200003e+00 1.90799999e+00 1.90799999e+00 1.90799999e+00 0. 0. 0.
    0. 0. 0. 0. 0. 0. 0. 0. 2.92000008e+00 2.88199997e+00 2.79600000e+00
    2.68499994e+00 2.52800012e+00 2.37800002e+00 2.25200009e+00
    2.14400005e+00 2.14400005e+00 2.14400005e+00 2.14400005e+00
    2.14400005e+00 2.10100007e+00 2.05500007e+00 2.04800010e+00
    2.04800010e+00 2.03099990e+00 2.00799990e+00 2. 2. 2. 2. 2. 2.
    1.98599994e+00 1.94200003e+00 1.90799999e+00 1.90799999e+00
    1.90799999e+00 0. 0. 0. 0. 0. 0. 0. 0. 0. 0. 0. 2.86100006e+00
    2.81100011e+00 2.69899988e+00 2.55699992e+00 2.35700011e+00
    2.19300008e+00 2.14100003e+00 2.09699988e+00 2.09699988e+00
    2.09699988e+00 2.09699988e+00 2.09699988e+00 2.05500007e+00
    2.01099992e+00 2.00300002e+00 2.00300002e+00 2.00200009e+00
    2.00099993e+00 2. 2. 2. 2. 2. 2. 1.98599994e+00 1.94200003e+00
    1.90799999e+00 1.90799999e+00 1.90799999e+00 0. 0. 0. 0. 0. 0. 0. 0.
    0. 0. 0. 2.85700011e+00 2.79600000e+00 2.65799999e+00 2.50699997e+00
    2.32800007e+00 2.18099999e+00 2.13400006e+00 2.09100008e+00
    2.07100010e+00 2.05200005e+00 2.05200005e+00 2.05200005e+00
    2.02900004e+00 2.00399995e+00 2. 2. 2. 2. 2. 2. 2. 2. 1.99199998e+00
    1.97200000e+00 1.95099998e+00 1.92700005e+00 1.90799999e+00
    1.90799999e+00 1.90799999e+00 0. 0. 0. 0. 0. 0. 0. 0. 0. 0. 0.
    2.85700011e+00 2.78399992e+00 2.62100005e+00 2.46199989e+00
    2.30800009e+00 2.18099999e+00 2.13400006e+00 2.08800006e+00
    2.04699993e+00 2.00799990e+00 2.00799990e+00 2.00799990e+00
    2.00399995e+00 2.00099993e+00 2. 2. 2. 2. 2. 2. 2. 2. 1.98300004e+00
    1.94299996e+00 1.91400003e+00 1.91100001e+00 1.90799999e+00
    1.90799999e+00 1.90799999e+00 0. 0. 0. 0. 0. 0. 0. 0. 0. 0. 0.
    2.85700011e+00 2.76399994e+00 2.55699992e+00 2.37800002e+00
    2.25000000e+00 2.14199996e+00 2.09599996e+00 2.05299997e+00
    2.02600002e+00 2. 2. 2. 2. 2. 2. 2. 2. 2. 2. 2. 2. 2. 1.98199999e+00
    1.93799996e+00 1.90799999e+00 1.90799999e+00 1.90799999e+00
    1.90799999e+00 1.90799999e+00 0. 0. 0. 0. 0. 0. 0. 0. 0. 0. 0.
    2.85700011e+00 2.74300003e+00 2.48699999e+00 2.28500009e+00
    2.18400002e+00 2.09599996e+00 2.05100012e+00 2.01099992e+00
    2.00600004e+00 2. 2. 2. 2. 2. 2. 2. 2. 2. 2. 2. 2. 2. 1.98199999e+00
    1.93799996e+00 1.90799999e+00 1.90799999e+00 1.90799999e+00
    1.90799999e+00 1.90799999e+00 0. 0. 0. 0. 0. 0. 0. 0. 0. 0. 0.
    2.99300003e+00 2.83599997e+00 2.48699999e+00 2.23099995e+00
    2.15300012e+00 2.08299994e+00 2.03800011e+00 2. 2. 2. 2. 2. 2. 2. 2.
    2. 2. 2. 2. 2. 2. 2. 1.98800004e+00 1.95899999e+00 2.01200008e+00
    2.24099994e+00 2.42100000e+00 2.42100000e+00 2.42100000e+00 0. 0. 0.
    0. 0. 0. 0. 0. 0. 0. 0. 0. 2.97199988e+00 2.51200008e+00
    2.19099998e+00 2.13599992e+00 2.08299994e+00 2.03800011e+00 2. 2. 2.
    2. 2. 2. 2. 2. 2. 2. 2. 2. 2. 2. 2. 1.99699998e+00 1.98899996e+00
    2.15599990e+00 2.69899988e+00 0. 0. 0. 0. 0. 0. 0. 0. 0. 0. 0. 0. 0.
    0. 2.84999990e+00 2.69799995e+00 2.35800004e+00 2.12400007e+00
    2.09100008e+00 2.05800009e+00 2.02699995e+00 2. 2. 2. 2. 2. 2. 2. 2.
    2. 2. 2. 2. 2. 2. 2. 1.66499996e+00 0. 0. 2.24300003e+00 0. 0. 0. 0.
    0. 0. 0. 0. 0. 0. 0. 0. 0. 0. 2.21300006e+00 2.17700005e+00
    2.09599996e+00 2.03999996e+00 2.02900004e+00 2.01900005e+00
    2.00900006e+00 2. 2. 2. 2. 2. 2. 2. 2. 2. 2. 2. 2. 2. 2. 2.
    1.13100004e+00 0. 0. 1.24000001e+00 0. 0. 0. 0. 0. 0. 0. 0. 0. 0. 0.
    0. 0. 0. 1.90799999e+00 1.92799997e+00 1.97099996e+00 2. 2. 2. 2. 2.
    2. 2. 2. 2. 2. 2. 2. 2. 2. 2. 2. 2. 2.07699990e+00 2.22499990e+00
    1.46500003e+00 0. 0. 1.42400002e+00 0. 0. 0. 0. 0. 0. 0. 0. 0. 0. 0.
