<?xml version="1.0"?>
<opencv_storage>
<Depth type_id="opencv-matrix">
  <rows>40</rows>
  <cols>40</cols>
  <dt>f</dt>
  <data>
    0. 0. 0. 0. 0. 0. 0. 0. 0. 0. 0. 0. 0. 0. 0. 0. 0. 0. 0. 0. 0. 0. 0.
    0. 0. 0. 0. 0. 0. 0. 0. 0. 0. 0. 0. 0. 0. 0. 0. 0. 0. 0. 0. 0. 0. 0.
    0. 0. 0. 0. 0. 0. 2.60299993e+00 2.08599997e+00 2.08599997e+00
    2.06500006e+00 2.02200007e+00 2. 2. 2. 2. 2. 2. 2. 2. 1.98099995e+00
    1.93900001e+00 1.91700006e+00 1.91700006e+00 1.93599999e+00
    1.97800004e+00 2. 0. 0. 0. 0. 0. 0. 0. 0. 0. 0. 0. 0. 0. 0. 0. 0. 0.
    0. 0. 0. 2.60299993e+00 2.08599997e+00 2.08599997e+00 2.06500006e+00
    2.02200007e+00 2. 2. 2. 2. 2. 2. 2. 2. 1.98500001e+00 1.95400000e+00
    1.93799996e+00 1.93799996e+00 1.95200002e+00 1.98300004e+00 2. 0. 0.
    0. 0. 0. 0. 0. 0. 0. 0. 0. 0. 0. 0. 0. 0. 0. 0. 0. 0. 2.60299993e+00
    2.08599997e+00 2.08599997e+00 2.06500006e+00 2.02200007e+00 2. 2. 2.
    2. 2. 2. 2. 2. 1.99500000e+00 1.98500001e+00 1.97899997e+00
    1.97899997e+00 1.98399997e+00 1.99399996e+00 2. 0. 0. 0. 0. 0. 0. 0.
    0. 0. 0. 0. 0. 0. 0. 0. 0. 0. 0. 0. 0. 2.45400000e+00 2.06500006e+00
    2.06500006e+00 2.04900002e+00 2.01699996e+00 1.99500000e+00
    1.98500001e+00 1.98000002e+00 1.98000002e+00 1.98000002e+00
    1.98000002e+00 1.98000002e+00 1.98000002e+00 1.98399997e+00
    1.99500000e+00 2. 2. 1.99500000e+00 1.98500001e+00 1.98000002e+00 0.
    0. 0. 0. 0. 0. 0. 0. 0. 0. 0. 0. 0. 0. 0. 0. 0. 0. 2.93700004e+00
    2.41100001e+00 2.15300012e+00 2.02200007e+00 2.02200007e+00
    2.01699996e+00 2.00600004e+00 1.98500001e+00 1.95400000e+00
    1.93799996e+00 1.93799996e+00 1.93799996e+00 1.93799996e+00
    1.93799996e+00 1.93799996e+00 1.95299995e+00 1.98300004e+00 2. 2.
    1.98599994e+00 1.95500004e+00 1.93799996e+00 0. 0. 0. 0. 0. 0. 0. 0.
    0. 0. 0. 0. 0. 0. 0. 0. 0. 0. 2.51900005e+00 1.98000002e+00
    1.98000002e+00 1.98500001e+00 1.99500000e+00 2. 2. 1.98000002e+00
    1.93900001e+00 1.91700006e+00 1.91700006e+00 1.91700006e+00
    1.91700006e+00 1.91700006e+00 1.91700006e+00 1.93200004e+00
    1.96300006e+00 1.98000002e+00 1.98000002e+00 1.96500003e+00
    1.93400002e+00 1.91700006e+00 0. 0. 0. 0. 0. 0. 0. 0. 0. 0. 0. 0. 0.
    0. 0. 0. 0. 0. 2.48799992e+00 1.93799996e+00 1.93799996e+00
    1.95299995e+00 1.98399997e+00 2. 2. 1.98000002e+00 1.93900001e+00
    1.91700006e+00 1.91700006e+00 1.91700006e+00 1.91700006e+00
    1.91700006e+00 1.91700006e+00 1.92200005e+00 1.93299997e+00
    1.93799996e+00 1.93799996e+00 1.93299997e+00 1.92299998e+00
    1.91700006e+00 0. 0. 0. 0. 0. 0. 0. 0. 0. 0. 0. 0. 0. 0. 0. 0. 0. 0.
    2.47199988e+00 1.91700006e+00 1.91700006e+00 1.93700004e+00
    1.97899997e+00 1.99500000e+00 1.98500001e+00 1.96500003e+00
    1.93299997e+00 1.91700006e+00 1.91700006e+00 1.91700006e+00
    1.91700006e+00 1.91700006e+00 1.91700006e+00 1.91700006e+00
    1.91700006e+00 1.91700006e+00 1.91700006e+00 1.91700006e+00
    1.91700006e+00 1.91700006e+00 0. 0. 0. 0. 0. 0. 0. 0. 0. 0. 0. 0. 0.
    0. 0. 0. 0. 0. 2.47199988e+00 1.91700006e+00 1.91700006e+00
    1.93700004e+00 1.97899997e+00 1.98500001e+00 1.95400000e+00
    1.93299997e+00 1.92299998e+00 1.91700006e+00 1.91700006e+00
    1.91700006e+00 1.91700006e+00 1.91700006e+00 1.91700006e+00
    1.91700006e+00 1.91700006e+00 1.91700006e+00 1.91700006e+00
    1.91700006e+00 1.91700006e+00 1.91700006e+00 0. 0. 0. 0. 0. 0. 0. 0.
    0. 0. 0. 0. 0. 0. 0. 0. 0. 0. 2.35800004e+00 1.94200003e+00
    1.95200002e+00 1.96800005e+00 1.98899996e+00 1.98000002e+00
    1.93799996e+00 1.91700006e+00 1.91700006e+00 1.91700006e+00
    1.91700006e+00 1.91700006e+00 1.91700006e+00 1.92200005e+00
    1.93200004e+00 1.93700004e+00 1.93700004e+00 1.93700004e+00
    1.93700004e+00 1.93700004e+00 1.93700004e+00 1.93700004e+00 0. 0. 0.
    0. 0. 0. 0. 0. 0. 0. 0. 0. 0. 0. 0. 0. 2.54999995e+00 2.40799999e+00
    2.12299991e+00 1.99399996e+00 2.02600002e+00 2.03200006e+00
    2.01099992e+00 1.98000002e+00 1.93799996e+00 1.91700006e+00
    1.91700006e+00 1.91700006e+00 1.91700006e+00 1.91700006e+00
    1.91700006e+00 1.93099999e+00 1.96200001e+00 1.97800004e+00
    1.97800004e+00 1.97800004e+00 1.97800004e+00 1.97800004e+00
    1.97800004e+00 1.97800004e+00 0. 0. 0. 0. 0. 0. 0. 0. 0. 0. 0. 0. 0.
    0. 0. 0. 2. 2. 2. 2.02099991e+00 2.06399989e+00 2.06999993e+00
    2.03699994e+00 2.00500011e+00 1.97399998e+00 1.95200002e+00
    1.94200003e+00 1.93200004e+00 1.92200005e+00 1.91700006e+00
    1.91700006e+00 1.93200004e+00 1.96300006e+00 1.98000002e+00
    1.98000002e+00 1.98000002e+00 1.98000002e+00 1.98500001e+00
    1.99500000e+00 2. 0. 0. 0. 0. 0. 0. 0. 0. 0. 0. 0. 0. 0. 0. 0. 0. 2.
    2. 2. 2.02099991e+00 2.06399989e+00 2.07999992e+00 2.06900001e+00
    2.05800009e+00 2.04699993e+00 2.02600002e+00 1.99500000e+00
    1.96399999e+00 1.93299997e+00 1.91700006e+00 1.91700006e+00
    1.92200005e+00 1.93299997e+00 1.93900001e+00 1.93900001e+00
    1.93900001e+00 1.93900001e+00 1.95299995e+00 1.98300004e+00 2. 0. 0.
    0. 0. 0. 0. 0. 0. 0. 0. 0. 0. 0. 0. 0. 0. 2.01999998e+00
    2.01999998e+00 2.01999998e+00 2.03699994e+00 2.06900001e+00
    2.08599997e+00 2.08599997e+00 2.08100009e+00 2.07100010e+00
    2.04999995e+00 2.01699996e+00 1.98000002e+00 1.93900001e+00
    1.91700006e+00 1.91700006e+00 1.91700006e+00 1.91700006e+00
    1.91700006e+00 1.91700006e+00 1.91700006e+00 1.91700006e+00
    1.93200004e+00 1.96300006e+00 1.98000002e+00 0. 0. 0. 0. 0. 0. 0. 0.
    0. 0. 0. 0. 0. 0. 0. 0. 2.06299996e+00 2.06299996e+00 2.06299996e+00
    2.06900001e+00 2.07999992e+00 2.08599997e+00 2.08599997e+00
    2.07100010e+00 2.03900003e+00 2.01699996e+00 2.00600004e+00
    1.98000002e+00 1.93900001e+00 1.91700006e+00 1.91700006e+00
    1.91700006e+00 1.91700006e+00 1.91700006e+00 1.91700006e+00
    1.91700006e+00 1.91700006e+00 1.92200005e+00 1.93299997e+00
    1.93900001e+00 0. 0. 0. 0. 0. 0. 0. 0. 0. 0. 0. 0. 0. 0. 0. 0.
    2.56500006e+00 2.45099998e+00 2.22199988e+00 2.10200000e+00
    2.09100008e+00 2.08599997e+00 2.08599997e+00 2.06500006e+00
    2.02200007e+00 2. 2. 1.98500001e+00 1.95299995e+00 1.93200004e+00
    1.92200005e+00 1.91700006e+00 1.91700006e+00 1.91700006e+00
    1.91700006e+00 1.91700006e+00 1.91700006e+00 1.91700006e+00
    1.91700006e+00 1.91700006e+00 0. 0. 0. 0. 0. 0. 0. 0. 0. 0. 0. 0. 0.
    0. 0. 0. 0. 0. 2.51099992e+00 2.13499999e+00 2.10200000e+00
    2.08599997e+00 2.08599997e+00 2.06500006e+00 2.02200007e+00 2. 2.
    1.99500000e+00 1.98399997e+00 1.96300006e+00 1.93299997e+00
    1.91700006e+00 1.91700006e+00 1.91700006e+00 1.91700006e+00
    1.91700006e+00 1.91700006e+00 1.91700006e+00 1.91700006e+00
    1.91700006e+00 0. 0. 0. 0. 0. 0. 0. 0. 0. 0. 0. 0. 0. 0. 0. 0. 0. 0.
    2.67400002e+00 2.15199995e+00 2.10800004e+00 2.08599997e+00
    2.08599997e+00 2.06999993e+00 2.03699994e+00 2.01999998e+00
    2.01999998e+00 2.01500010e+00 2.00500011e+00 1.98000002e+00
    1.93900001e+00 1.91700006e+00 1.91700006e+00 1.91299999e+00
    1.90300000e+00 1.89800000e+00 1.89800000e+00 1.89800000e+00
    1.89800000e+00 1.89800000e+00 0. 0. 0. 0. 0. 0. 0. 0. 0. 0. 0. 0. 0.
    0. 0. 0. 0. 0. 2.69600010e+00 2.15199995e+00 2.10800004e+00
    2.08599997e+00 2.08599997e+00 2.07999992e+00 2.06900001e+00
    2.06299996e+00 2.06299996e+00 2.04800010e+00 2.01600003e+00
    1.98000002e+00 1.93900001e+00 1.91700006e+00 1.91700006e+00
    1.90300000e+00 1.87399995e+00 1.85800004e+00 1.85800004e+00
    1.85800004e+00 1.85800004e+00 1.85800004e+00 0. 0. 0. 0. 0. 0. 0. 0.
    0. 0. 0. 0. 0. 0. 0. 0. 0. 0. 2.70700002e+00 2.15199995e+00
    2.10800004e+00 2.08599997e+00 2.08599997e+00 2.09100008e+00
    2.10100007e+00 2.10100007e+00 2.09100008e+00 2.06500006e+00
    2.02200007e+00 1.98000002e+00 1.93900001e+00 1.91700006e+00
    1.91700006e+00 1.89800000e+00 1.85800004e+00 1.83599997e+00
    1.83599997e+00 1.83599997e+00 1.83599997e+00 1.83599997e+00 0. 0. 0.
    0. 0. 0. 0. 0. 0. 0. 0. 0. 0. 0. 0. 0. 0. 0. 2.70700002e+00
    2.15199995e+00 2.10800004e+00 2.08599997e+00 2.08599997e+00
