<?xml version="1.0"?>
<opencv_storage>
<Depth type_id="opencv-matrix">
  <rows>40</rows>
  <cols>40</cols>
  <dt>f</dt>
  <data>
    0. 0. 0. 0. 0. 0. 0. 0. 0. 0. 0. 0. 0. 0. 0. 0. 0. 0. 0. 0. 0. 0. 0.
    0. 0. 0. 0. 0. 0. 0. 0. 0. 0. 0. 0. 0. 0. 0. 0. 0. 0. 0. 0. 0. 0. 0.
    0. 0. 0. 0. 0. 0. 0. 0. 0. 0. 0. 0. 0. 0. 0. 0. 0. 0. 0. 0. 0. 0. 0.
    0. 0. 0. 0. 0. 0. 0. 0. 0. 0. 0. 0. 0. 0. 0. 0. 0. 0. 0. 0. 0. 0. 0.
    0. 0. 0. 0. 0. 0. 0. 0. 0. 0. 0. 0. 0. 0. 0. 0. 0. 0. 0. 0. 0. 0. 0.
    0. 0. 0. 0. 0. 0. 0. 0. 0. 0. 0. 0. 0. 0. 0. 0. 0. 0. 0. 0. 0. 0. 0.
    0. 0. 0. 0. 0. 0. 0. 0. 0. 0. 0. 0. 0. 0. 0. 0. 0. 0. 0. 0. 0. 0. 0.
    0. 0. 0. 0. 0. 0. 0. 0. 0. 0. 0. 0. 0. 0. 0. 0. 0. 0. 0. 0. 0. 0. 0.
    0. 0. 0. 0. 0. 0. 0. 0. 0. 0. 0. 0. 0. 0. 0. 0. 0. 0. 0. 0. 0. 0. 0.
    0. 0. 0. 0. 0. 0. 0. 0. 0. 0. 0. 0. 0. 0. 0. 0. 0. 0. 0. 0. 0. 0. 0.
    0. 0. 0. 0. 0. 0. 0. 0. 0. 0. 0. 0. 0. 0. 0. 0. 0. 0. 0. 0. 0. 0. 0.
    0. 0. 0. 0. 0. 0. 0. 0. 0. 0. 0. 0. 0. 0. 0. 0. 0. 0. 0. 0. 0. 0. 0.
    0. 0. 0. 0. 0. 0. 0. 0. 0. 0. 0. 0. 0. 0. 0. 0. 0. 0. 0. 0. 0. 0. 0.
    0. 0. 0. 0. 0. 0. 0. 0. 0. 0. 0. 0. 0. 0. 0. 0. 0. 0. 0. 0. 0. 0. 0.
    0. 0. 0. 0. 0. 0. 0. 0. 0. 0. 0. 0. 0. 0. 0. 0. 0. 0. 0. 0. 0. 0. 0.
    0. 0. 0. 0. 0. 0. 0. 0. 0. 0. 0. 0. 0. 0. 0. 0. 0. 0. 0. 0. 0. 0. 0.
    0. 0. 0. 0. 0. 0. 0. 0. 0. 0. 0. 0. 0. 0. 0. 0. 0. 0. 0. 0. 0. 0. 0.
    0. 0. 0. 0. 0. 0. 0. 0. 0. 0. 0. 0. 0. 0. 0. 0. 0. 0. 0. 0. 0.
    1.64100003e+00 0. 0. 0. 0. 2.12500000e+00 2.12500000e+00
    2.12500000e+00 2.12500000e+00 2.12500000e+00 2.11599994e+00
    2.06399989e+00 2.01300001e+00 2. 2. 1.98300004e+00 1.93299997e+00
    1.88300002e+00 1.87800002e+00 0. 0. 0. 0. 0. 0. 0. 0. 0. 0. 0. 0. 0.
    0. 0. 0. 0. 0. 0. 0. 0. 1.68400002e+00 0. 0. 0. 0. 2.10999990e+00
    2.10999990e+00 2.10999990e+00 2.10999990e+00 2.10999990e+00
    2.10200000e+00 2.05699992e+00 2.01099992e+00 2. 2. 1.98300004e+00
    1.93299997e+00 1.88300002e+00 1.87800002e+00 0. 0. 0. 0. 0. 0. 0. 0.
    0. 0. 0. 0. 0. 0. 0. 0. 0. 0. 0. 0. 0. 1.83200002e+00 0. 0. 0. 0.
    2.05800009e+00 2.05800009e+00 2.05800009e+00 2.05800009e+00
    2.05800009e+00 2.05399990e+00 2.02999997e+00 2.00600004e+00 2. 2.
    1.98300004e+00 1.93299997e+00 1.88300002e+00 1.87800002e+00 0. 0. 0.
    0. 0. 0. 0. 0. 0. 0. 0. 0. 0. 0. 0. 0. 0. 0. 1.64100003e+00
    1.68400002e+00 1.83200002e+00 1.98000002e+00 1.87199998e+00
    1.72399998e+00 1.70799994e+00 1.85899997e+00 2.00699997e+00
    2.00699997e+00 2.00699997e+00 2.00699997e+00 2.00699997e+00
    2.00600004e+00 2.00399995e+00 2.00099993e+00 2. 2. 1.98300004e+00
    1.93299997e+00 1.88300002e+00 1.87800002e+00 0. 0. 0. 0. 0. 0. 0. 0.
    0. 0. 0. 0. 0. 0. 0. 0. 0. 0. 2. 2. 2. 2. 2. 2. 2. 2. 2. 2. 2. 2. 2.
    2. 2. 2. 2. 2. 1.98300004e+00 1.93299997e+00 1.88300002e+00
    1.87800002e+00 0. 0. 0. 0. 0. 0. 0. 0. 0. 0. 0. 0. 0. 0. 0. 0. 0. 0.
    2. 2. 2. 2. 2. 2. 2. 2. 2. 2. 2. 2. 2. 2. 2. 2. 2. 2. 1.98300004e+00
    1.93299997e+00 1.88300002e+00 1.87800002e+00 0. 0. 0. 0. 0. 0. 0. 0.
    0. 0. 0. 0. 0. 0. 0. 0. 0. 0. 2. 2. 2. 2. 2. 2. 2. 2. 2. 2. 2. 2. 2.
    2. 2. 2. 2. 2. 1.98300004e+00 1.93299997e+00 1.88300002e+00
    1.87800002e+00 0. 0. 0. 0. 0. 0. 0. 0. 0. 0. 0. 0. 0. 0. 0. 0. 0. 0.
    2. 2. 2. 2. 2. 2. 2. 2. 2. 2. 2. 2. 2. 2. 2. 2. 2. 2. 1.98300004e+00
    1.93299997e+00 1.88300002e+00 1.87800002e+00 0. 0. 0. 0. 0. 0. 0. 0.
    0. 0. 0. 0. 0. 0. 0. 0. 0. 0. 1.99800003e+00 1.99800003e+00
    1.99800003e+00 1.99800003e+00 1.99800003e+00 1.99899995e+00
    1.99899995e+00 2. 2. 2. 2. 2. 2.00099993e+00 2.00099993e+00
    2.00099993e+00 2.00099993e+00 2.00099993e+00 2. 1.98300004e+00
    1.93400002e+00 1.88399994e+00 1.87899995e+00 0. 0. 0. 0. 0. 0. 0. 0.
    0. 0. 0. 0. 0. 0. 0. 0. 0. 0. 1.89999998e+00 1.89999998e+00
    1.89999998e+00 1.89999998e+00 1.91700006e+00 1.93700004e+00
    1.95799994e+00 1.97899997e+00 2. 2. 2. 2.01300001e+00 2.03500009e+00
    2.05299997e+00 2.05299997e+00 2.05299997e+00 2.03600001e+00
    2.01500010e+00 1.99000001e+00 1.96099997e+00 1.93200004e+00
    1.92900002e+00 0. 0. 0. 0. 0. 0. 0. 0. 0. 0. 0. 0. 0. 0. 0. 0. 0. 0.
    1.80100000e+00 1.80100000e+00 1.80100000e+00 1.80100000e+00
    1.83599997e+00 1.87600005e+00 1.91700006e+00 1.95899999e+00 2. 2. 2.
    2.02600002e+00 2.06900001e+00 2.10400009e+00 2.10400009e+00
    2.10400009e+00 2.07200003e+00 2.02900004e+00 1.99699998e+00
    1.98899996e+00 1.98099995e+00 1.98000002e+00 0. 0. 0. 0. 0. 0. 0. 0.
    0. 0. 0. 0. 0. 0. 0. 0. 0. 0. 1.76199996e+00 1.76199996e+00
    1.76199996e+00 1.76199996e+00 1.80299997e+00 1.85099995e+00
    1.89499998e+00 1.93299997e+00 1.97000003e+00 1.97000003e+00
    1.97000003e+00 2.00799990e+00 2.07200003e+00 2.12500000e+00
    2.12500000e+00 2.12500000e+00 2.08599997e+00 2.03399992e+00
    1.99600005e+00 1.98300004e+00 1.97099996e+00 1.97000003e+00 0. 0. 0.
    0. 0. 0. 0. 0. 0. 0. 0. 0. 0. 0. 0. 0. 0. 0. 1.76199996e+00
    1.76199996e+00 1.76199996e+00 1.76199996e+00 1.80299997e+00
    1.85099995e+00 1.88600004e+00 1.90300000e+00 1.91900003e+00
    1.91900003e+00 1.91900003e+00 1.97000003e+00 2.05500007e+00
    2.12500000e+00 2.12500000e+00 2.12500000e+00 2.08599997e+00
    2.03399992e+00 1.98899996e+00 1.95599997e+00 1.92200005e+00
    1.91900003e+00 0. 0. 0. 0. 0. 0. 0. 0. 0. 0. 0. 0. 0. 0. 0. 0. 0. 0.
    1.76199996e+00 1.76300001e+00 1.76600003e+00 1.76999998e+00
    1.80299997e+00 1.84000003e+00 1.86099994e+00 1.86099994e+00
    1.86099994e+00 1.86800003e+00 1.87500000e+00 1.93700004e+00
    2.03500009e+00 2.11599994e+00 2.11599994e+00 2.11599994e+00
    2.07999992e+00 2.03200006e+00 1.98300004e+00 1.93299997e+00
    1.88300002e+00 1.87800002e+00 0. 0. 0. 0. 0. 0. 0. 0. 0. 0. 0. 0. 0.
    0. 0. 0. 0. 0. 1.76199996e+00 1.76900005e+00 1.79200006e+00
    1.81500006e+00 1.79999995e+00 1.77900004e+00 1.76699996e+00
    1.76699996e+00 1.76800001e+00 1.81400001e+00 1.86000001e+00
    1.92400002e+00 2.00099993e+00 2.06399989e+00 2.06399989e+00
    2.06399989e+00 2.04399991e+00 2.01799989e+00 1.98300004e+00
    1.93299997e+00 1.88300002e+00 1.87800002e+00 0. 0. 0. 0. 0. 0. 0. 0.
    0. 0. 0. 0. 0. 0. 0. 0. 0. 0. 1.76199996e+00 1.77400005e+00
    1.81700003e+00 1.86000001e+00 1.79700005e+00 1.71700001e+00
    1.67200005e+00 1.67200005e+00 1.67400002e+00 1.75899994e+00
    1.84399998e+00 1.91100001e+00 1.96700001e+00 2.01300001e+00
    2.01300001e+00 2.01300001e+00 2.00900006e+00 2.00399995e+00
    1.98300004e+00 1.93299997e+00 1.88300002e+00 1.87800002e+00 0. 0. 0.
    0. 0. 0. 0. 0. 0. 0. 0. 0. 0. 0. 0. 0. 0. 0. 1.83599997e+00
    1.84099996e+00 1.85800004e+00 1.87600005e+00 1.79600000e+00
    1.70200002e+00 1.64900005e+00 1.64900005e+00 1.65100002e+00
    1.74600005e+00 1.84000003e+00 1.90799999e+00 1.95899999e+00 2. 2. 2.
    2. 2. 1.98800004e+00 1.95400000e+00 1.91900003e+00 1.91600001e+00 0.
    0. 0. 0. 0. 0. 0. 0. 0. 0. 0. 0. 0. 0. 0. 0. 0. 0. 1.93400002e+00
    1.92799997e+00 1.90400004e+00 1.88100004e+00 1.79600000e+00
    1.70200002e+00 1.64900005e+00 1.64900005e+00 1.65100002e+00
    1.74600005e+00 1.84000003e+00 1.90799999e+00 1.95899999e+00 2. 2. 2.
    2. 2. 1.99500000e+00 1.98099995e+00 1.96800005e+00 1.96599996e+00 0.
    0. 0. 0. 0. 0. 0. 0. 0. 0. 0. 0. 0. 0. 0. 0. 0. 0. 2. 1.98500001e+00
    1.93499994e+00 1.88499999e+00 1.79600000e+00 1.70200002e+00
    1.64900005e+00 1.64900005e+00 1.65100002e+00 1.74600005e+00
    1.84000003e+00 1.90799999e+00 1.95899999e+00 2. 2. 2. 2. 2. 2. 2. 2.
    2. 0. 0. 0. 0. 0. 0. 0. 0. 0. 0. 0. 0. 0. 0. 0. 0. 0. 0. 0. 0. 0. 0.
    0. 0. 0. 0. 0. 0. 0. 0. 0. 0. 0. 0. 0. 0. 0. 0. 0. 0. 0. 0. 0. 0. 0.
    0. 0. 0. 0. 0. 0. 0. 0. 0. 0. 0. 0. 0. 0. 0. 0. 0. 0. 0. 0. 0. 0. 0.
    0. 0. 0. 0. 0. 0. 0. 0. 0. 0. 0. 0. 0. 0. 0. 0. 0. 0. 0. 0. 0. 0. 0.
    0. 0. 0. 0. 0. 0. 0. 0. 0. 0. 0. 0. 0. 0. 0. 0. 0. 0. 0. 0. 0. 0. 0.
    0. 0. 0. 0. 0. 0. 0. 0. 0. 0. 0. 0. 0. 0. 0. 0. 0. 0. 0. 0. 0. 0. 0.
    0. 0. 0. 0. 0. 0. 0. 0. 0. 0. 0. 0. 0. 0. 0. 0. 0. 0. 0. 0. 0. 0. 0.
