<?xml version="1.0"?>
<opencv_storage>
<Depth type_id="opencv-matrix">
  <rows>40</rows>
  <cols>40</cols>
  <dt>f</dt>
  <data>
    0. 0. 0. 0. 0. 0. 0. 0. 0. 0. 0. 0. 0. 0. 0. 0. 0. 0. 0. 0. 0. 0. 0.
    0. 0. 0. 0. 0. 0. 0. 0. 0. 0. 0. 0. 0. 0. 0. 0. 0. 0. 0. 0. 0. 0. 0.
    0. 0. 0. 0. 0. 0. 0. 0. 0. 0. 0. 0. 0. 0. 0. 0. 0. 0. 0. 0. 0. 0. 0.
    0. 0. 0. 0. 0. 0. 0. 0. 0. 0. 0. 0. 0. 0. 0. 0. 0. 0. 0. 0. 0. 0. 0.
    0. 0. 0. 0. 0. 0. 0. 0. 0. 0. 0. 0. 0. 0. 0. 0. 0. 0. 0. 0. 0. 0. 0.
    0. 0. 0. 0. 0. 0. 0. 0. 0. 0. 0. 0. 0. 0. 0. 0. 0. 0. 0. 0. 0. 0. 0.
    0. 0. 0. 0. 0. 0. 0. 0. 0. 0. 0. 0. 0. 0. 0. 0. 0. 0. 0. 0. 0. 0. 0.
    0. 0. 0. 0. 0. 0. 0. 0. 0. 0. 0. 0. 0. 0. 0. 0. 0. 0. 0. 0. 0. 0. 0.
    0. 0. 0. 0. 0. 0. 0. 0. 0. 0. 0. 0. 0. 0. 0. 0. 0. 0. 0. 0. 0. 0. 0.
    0. 0. 0. 0. 0. 0. 0. 0. 0. 0. 0. 0. 0. 0. 0. 0. 0. 0. 0. 0. 0. 0. 0.
    0. 0. 0. 0. 0. 0. 0. 0. 0. 0. 0. 0. 0. 0. 0. 0. 0. 0. 0. 0. 0. 0. 0.
    0. 0. 0. 0. 0. 0. 0. 0. 0. 0. 0. 0. 0. 0. 0. 0. 0. 0. 0. 0. 0. 0. 0.
    0. 0. 0. 0. 0. 0. 0. 0. 0. 0. 0. 0. 0. 0. 0. 0. 0. 0. 0. 0. 0. 0. 0.
    0. 0. 0. 0. 0. 0. 0. 0. 0. 0. 0. 0. 0. 0. 0. 0. 0. 0. 0. 0. 0. 0. 0.
    0. 0. 0. 0. 0. 0. 0. 0. 0. 0. 0. 0. 0. 0. 0. 0. 0. 0. 0. 0. 0. 0. 0.
    0. 0. 0. 0. 0. 0. 0. 0. 0. 0. 0. 0. 0. 0. 0. 0. 0. 0. 0. 0. 0. 0. 0.
    0. 0. 0. 0. 0. 0. 0. 0. 0. 0. 0. 0. 0. 0. 0. 0. 0. 0. 0. 0. 0. 0. 0.
    0. 0. 0. 0. 0. 0. 0. 0. 0. 0. 0. 0. 0. 0. 0. 0. 0. 0. 0. 0. 0. 0. 0.
    0. 0. 0. 0. 0. 0. 0. 0. 0. 0. 0. 0. 0. 0. 0. 0. 0. 0. 0. 0. 0. 0. 0.
    0. 0. 0. 0. 0. 0. 0. 0. 0. 0. 0. 0. 0. 0. 0. 0. 0. 0. 0. 0. 0. 0. 0.
    0. 0. 0. 0. 0. 0. 0. 0. 0. 0. 0. 0. 0. 0. 0. 0. 0. 0. 0. 0. 0. 0. 0.
    0. 0. 0. 0. 0. 0. 0. 0. 0. 0. 0. 0. 0. 0. 0. 0. 0. 0. 0. 0. 0. 0. 0.
    0. 0. 0. 0. 0. 0. 0. 0. 0. 0. 0. 0. 0. 0. 0. 0. 0. 0. 0. 0. 0.
    2.12800002e+00 2.00600004e+00 2.00600004e+00 2.00900006e+00
    2.00600004e+00 2.00600004e+00 2.00600004e+00 2.00399995e+00
    2.40100002e+00 2.39499998e+00 2.39899993e+00 2.40000010e+00
    2.39100003e+00 0. 0. 0. 0. 0. 0. 0. 0. 0. 0. 0. 0. 0. 0. 0. 0. 0. 0.
    0. 0. 0. 0. 0. 0. 2.23099995e+00 2.17199993e+00 2.01799989e+00
    2.01200008e+00 2.00699997e+00 2.00600004e+00 2.00900006e+00
    2.00900006e+00 2.00699997e+00 2.00600004e+00 2.00600004e+00
    2.00500011e+00 2.00300002e+00 2.00300002e+00 2.00399995e+00 2.
    1.99800003e+00 1.99800003e+00 1.99699998e+00 1.99800003e+00 2.
    1.99899995e+00 2. 1.99899995e+00 2.71499991e+00 2.68899989e+00 0.
    2.68099999e+00 0. 0. 0. 0. 0. 0. 0. 0. 0. 0. 0. 2.58400011e+00
    2.21499991e+00 2.17100000e+00 2.02200007e+00 2.01799989e+00
    2.01099992e+00 2.00600004e+00 2.00900006e+00 2.00900006e+00
    2.00600004e+00 2.00600004e+00 2.00600004e+00 2.00600004e+00
    2.00399995e+00 2.00300002e+00 2.00099993e+00 2. 1.99800003e+00 2.
    1.99899995e+00 2. 2. 2. 1.99899995e+00 1.99899995e+00 1.99800003e+00
    1.99800003e+00 2. 1.99399996e+00 1.99800003e+00 1.99800003e+00
    1.99500000e+00 1.98899996e+00 1.99199998e+00 0. 0. 0. 0. 0. 0.
    2.57500005e+00 2.20799994e+00 2.15100002e+00 2.07200003e+00
    2.03299999e+00 2.01200008e+00 2.00900006e+00 2.00900006e+00
    2.00900006e+00 2.00900006e+00 2.00600004e+00 2.00600004e+00
    2.00600004e+00 2.00600004e+00 2.00300002e+00 2. 2. 2. 2. 2.
    2.00300002e+00 2. 2. 1.99800003e+00 1.99800003e+00 1.99800003e+00
    1.99800003e+00 2. 1.99800003e+00 1.99800003e+00 1.99800003e+00
    1.99800003e+00 1.99600005e+00 1.99500000e+00 0. 0. 0. 0. 0. 0.
    2.22499990e+00 2.20799994e+00 2.15799999e+00 2.07299995e+00
    2.05200005e+00 2.00900006e+00 2.00600004e+00 2.00900006e+00
    2.00900006e+00 2.00900006e+00 2.00600004e+00 2.00600004e+00
    2.00600004e+00 2.00600004e+00 2.00500011e+00 2.00300002e+00 2. 2. 2.
    1.99800003e+00 2. 2. 2. 1.99800003e+00 1.99800003e+00 1.99800003e+00
    1.99800003e+00 1.99800003e+00 1.99800003e+00 1.99800003e+00
    1.99800003e+00 1.99800003e+00 1.99800003e+00 1.99500000e+00 0. 0. 0.
    0. 0. 0. 2.23200011e+00 2.20700002e+00 2.15000010e+00 2.07399988e+00
    2.04200006e+00 2.00699997e+00 2.00699997e+00 2.00900006e+00
    2.00900006e+00 2.00600004e+00 2.00600004e+00 2.00600004e+00
    2.00600004e+00 2.00600004e+00 2.00600004e+00 2.00300002e+00 2. 2. 2.
    1.99800003e+00 2. 2. 2. 2. 2. 1.99800003e+00 1.99800003e+00
    1.99800003e+00 1.99800003e+00 1.99800003e+00 1.99800003e+00
    1.99800003e+00 1.99699998e+00 1.99500000e+00 0. 0. 0. 0. 0. 0.
    2.22499990e+00 2.20600009e+00 2.15799999e+00 2.07399988e+00
    2.02399993e+00 2.00699997e+00 2.00900006e+00 2.00900006e+00
    2.00900006e+00 2.00600004e+00 2.00600004e+00 2.00600004e+00
    2.00600004e+00 2.00600004e+00 2.00600004e+00 2.00300002e+00 2. 2.
    1.99899995e+00 1.99800003e+00 2. 2. 2. 1.99800003e+00 1.99800003e+00
    1.99800003e+00 1.99800003e+00 1.99800003e+00 2. 1.99800003e+00
    1.99800003e+00 1.99800003e+00 1.99800003e+00 1.99800003e+00 0. 0. 0.
    0. 0. 0. 2.21799994e+00 2.21300006e+00 2.17400002e+00 2.05900002e+00
    2.00900006e+00 2.00600004e+00 2.00600004e+00 2.00900006e+00
    2.00900006e+00 2.00600004e+00 2.00600004e+00 2.00600004e+00
    2.00600004e+00 2.00600004e+00 2.00600004e+00 2. 2.00200009e+00 2.
    1.99899995e+00 1.99899995e+00 2. 2. 2. 1.99800003e+00 2. 2.
    1.99800003e+00 1.99800003e+00 1.99899995e+00 1.99899995e+00
    1.99800003e+00 1.99800003e+00 1.99800003e+00 1.99500000e+00 0. 0. 0.
    0. 0. 0. 2.22099996e+00 2.21300006e+00 2.13700008e+00 2.07399988e+00
    2.00900006e+00 2.00600004e+00 2.00399995e+00 2.00900006e+00
    2.00900006e+00 2.00600004e+00 2.00600004e+00 2.00699997e+00
    2.00600004e+00 2.00600004e+00 2.00399995e+00 2.00300002e+00
    2.00300002e+00 2. 2. 1.99899995e+00 2. 2. 1.99899995e+00
    1.99899995e+00 1.99899995e+00 1.99899995e+00 1.99800003e+00
    1.99800003e+00 1.99800003e+00 1.99800003e+00 1.99800003e+00
    1.99600005e+00 1.99600005e+00 1.99500000e+00 0. 0. 0. 0. 0. 0. 0.
    2.23099995e+00 2.41499996e+00 2.02900004e+00 2.00900006e+00
    2.00600004e+00 2.00600004e+00 2.01200008e+00 2.00900006e+00
    2.00900006e+00 2.00900006e+00 2.00900006e+00 2.00600004e+00
    2.00600004e+00 2.00399995e+00 2.00300002e+00 2.00200009e+00 2.
    1.99800003e+00 1.99800003e+00 2. 2. 2. 2. 1.99800003e+00 2.
    1.99899995e+00 1.99800003e+00 1.99800003e+00 1.99800003e+00
    1.99800003e+00 1.99600005e+00 1.99500000e+00 1.99800003e+00 0. 0. 0.
    0. 0. 0. 0. 0. 0. 0. 2.78999996e+00 2.00900006e+00 2.00900006e+00
    2.01200008e+00 2.00999999e+00 2.00999999e+00 2.00900006e+00
    2.00900006e+00 2.00600004e+00 2.00600004e+00 2.00399995e+00
    2.00300002e+00 2. 2. 1.99899995e+00 1.99899995e+00 2. 2.
    2.00099993e+00 2. 2. 2. 1.99899995e+00 1.99800003e+00 2.
    1.99899995e+00 1.99800003e+00 1.99800003e+00 1.99800003e+00
    1.99800003e+00 0. 0. 0. 0. 0. 0. 0. 0. 0. 0. 0. 0. 0. 0. 0. 0. 0.
    2.00900006e+00 0. 2.00600004e+00 2.00500011e+00 2.00500011e+00
    2.00200009e+00 2.00300002e+00 2.00300002e+00 2. 2.00300002e+00 2. 2.
    2. 1.99899995e+00 2. 2. 1.99899995e+00 1.99899995e+00 2.
    1.99899995e+00 1.99800003e+00 1.99800003e+00 1.99800003e+00 0. 0. 0.
    0. 0. 0. 0. 0. 0. 0. 0. 0. 0. 0. 0. 0. 0. 0. 0. 0. 0. 0. 0. 0. 0. 0.
    0. 0. 2.00099993e+00 2.00099993e+00 2. 2.00099993e+00 2.00099993e+00
    1.99800003e+00 1.99800003e+00 2. 1.99699998e+00 1.99899995e+00
    1.99899995e+00 1.99800003e+00 0. 0. 0. 0. 0. 0. 0. 0. 0. 0. 0. 0. 0.
    0. 0. 0. 0. 0. 0. 0. 0. 0. 0. 0. 0. 0. 0. 0. 0. 0. 0. 0. 0. 0. 0.
    2.16300011e+00 2.15599990e+00 2.01200008e+00 2.05599999e+00 2. 0. 0.
    0. 0. 0. 0. 0. 0. 0. 0. 0. 0. 0. 0. 0. 0. 0. 0. 0. 0. 0. 0. 0. 0. 0.
    0. 0. 0. 0. 0. 0. 0. 0. 0. 0. 0. 0. 0. 0. 0. 0. 0. 0. 0. 0. 0. 0. 0.
    0. 0. 0. 0. 0. 0. 0. 0. 0. 0. 0. 0. 0. 0. 0. 0. 0. 0. 0. 0. 0. 0. 0.
    0. 0. 0. 0. 0. 0. 0. 0. 0. 0. 0. 0. 0. 0. 0. 0. 0. 0. 0. 0. 0. 0. 0.
    0. 0. 0. 0. 0. 0. 0. 0. 0. 0. 0. 0. 0. 0. 0. 0. 0. 0. 0. 0. 0. 0. 0.
    0. 0. 0. 0. 0. 0. 0. 0. 0. 0. 0. 0. 0. 0. 0. 0. 0. 0. 0. 0. 0. 0. 0.
