<?xml version="1.0"?>
<opencv_storage>
<Depth type_id="opencv-matrix">
  <rows>40</rows>
  <cols>40</cols>
  <dt>f</dt>
  <data>
    0. 0. 0. 0. 0. 0. 0. 0. 0. 0. 0. 0. 0. 0. 0. 0. 0. 0. 0. 0. 0. 0. 0.
    0. 0. 0. 0. 0. 0. 0. 0. 0. 0. 0. 0. 0. 0. 0. 0. 0. 0. 0. 0. 0. 0. 0.
    0. 0. 0. 0. 0. 0. 0. 0. 0. 0. 0. 0. 0. 0. 0. 0. 0. 0. 0. 0. 0. 0. 0.
    0. 0. 0. 0. 0. 0. 0. 0. 0. 0. 0. 0. 0. 0. 0. 0. 0. 0. 0. 0. 0. 0. 0.
    0. 0. 0. 0. 0. 0. 0. 0. 0. 0. 0. 0. 0. 0. 0. 0. 0. 0. 0. 0. 0. 0. 0.
    0. 0. 0. 0. 0. 0. 0. 0. 0. 0. 0. 0. 0. 0. 0. 0. 0. 0. 0. 0. 0. 0. 0.
    0. 0. 0. 0. 0. 0. 0. 0. 0. 0. 0. 0. 0. 0. 0. 0. 0. 0. 0. 0. 0. 0.
    2.66700006e+00 2.66700006e+00 2.66700006e+00 2.64899993e+00
    2.56599998e+00 2.54099989e+00 2.72000003e+00 0. 0. 0. 0. 0. 0. 0. 0.
    0. 0. 0. 0. 0. 0. 0. 0. 0. 0. 0. 0. 0. 0. 0. 0. 0. 0. 0. 0. 0. 0. 0.
    0. 0. 2.65799999e+00 2.61599994e+00 2.60500002e+00 2.59599996e+00
    2.55299997e+00 2.54099989e+00 2.63100004e+00 0. 0. 0. 0. 0. 0. 0. 0.
    0. 0. 0. 0. 0. 0. 0. 0. 0. 0. 0. 0. 0. 0. 0. 0. 0. 0. 0. 0. 0. 0. 0.
    0. 0. 2.64800000e+00 2.56399989e+00 2.54099989e+00 2.54099989e+00
    2.54099989e+00 2.54099989e+00 2.54099989e+00 2.54099989e+00 0. 0. 0.
    0. 0. 0. 0. 0. 0. 0. 0. 0. 0. 0. 0. 0. 0. 0. 0. 0. 0. 0. 0. 0. 0. 0.
    0. 0. 0. 0. 0. 0. 2.64800000e+00 2.56399989e+00 2.54099989e+00
    2.54099989e+00 2.54099989e+00 2.54099989e+00 2.54099989e+00
    2.54099989e+00 2.65100002e+00 2.75099993e+00 2.59400010e+00 0. 0. 0.
    0. 0. 0. 0. 0. 0. 0. 0. 0. 0. 0. 0. 0. 0. 0. 0. 0. 0. 0. 0. 0. 0. 0.
    0. 0. 0. 2.65300012e+00 2.58899999e+00 2.55699992e+00 2.54099989e+00
    2.54099989e+00 2.54099989e+00 2.54099989e+00 2.54099989e+00
    2.54099989e+00 2.50600004e+00 2.31500006e+00 2.63299990e+00 0. 0. 0.
    0. 0. 0. 0. 0. 0. 0. 0. 0. 0. 0. 0. 0. 0. 0. 0. 0. 0. 0. 0. 0. 0. 0.
    0. 0. 2.65599990e+00 2.60800004e+00 2.56900001e+00 2.53999996e+00
    2.53399992e+00 2.53200006e+00 2.53200006e+00 2.53200006e+00
    2.51999998e+00 2.47499990e+00 2.30800009e+00 2.25399995e+00
    2.25399995e+00 2.25399995e+00 2.25399995e+00 2.40100002e+00 0. 0. 0.
    0. 0. 0. 0. 0. 0. 0. 0. 0. 0. 0. 0. 0. 0. 0. 0. 0. 0. 0. 0. 0.
    2.65000010e+00 2.57399988e+00 2.54699993e+00 2.53399992e+00
    2.50200009e+00 2.49200010e+00 2.49200010e+00 2.49200010e+00
    2.42700005e+00 2.33899999e+00 2.27500010e+00 2.25399995e+00
    2.25399995e+00 2.25399995e+00 2.25399995e+00 2.28600001e+00
    2.48799992e+00 0. 0. 0. 0. 0. 0. 0. 0. 0. 0. 0. 0. 0. 0. 0. 0. 0. 0.
    0. 0. 0. 0. 0. 2.62199998e+00 2.55900002e+00 2.52699995e+00
    2.50799990e+00 2.48699999e+00 2.46799994e+00 2.45300007e+00
    2.45300007e+00 2.38599992e+00 2.30100012e+00 2.26500010e+00
    2.25399995e+00 2.25399995e+00 2.25399995e+00 2.25399995e+00
    2.24399996e+00 2.17799997e+00 2.50300002e+00 2.95799994e+00
    2.95799994e+00 0. 0. 0. 0. 0. 0. 0. 0. 0. 0. 0. 0. 0. 0. 0. 0. 0. 0.
    0. 0. 2.59500003e+00 2.55299997e+00 2.51200008e+00 2.48099995e+00
    2.48099995e+00 2.45300007e+00 2.42100000e+00 2.41499996e+00
    2.36500001e+00 2.30200005e+00 2.27099991e+00 2.26200008e+00
    2.26099992e+00 2.25600004e+00 2.24699998e+00 2.21900010e+00
    2.09200001e+00 2.04800010e+00 2.04800010e+00 2.04800010e+00
    2.57900000e+00 0. 0. 0. 0. 0. 0. 0. 0. 0. 0. 0. 0. 0. 0. 0. 0. 0. 0.
    0. 2.59500003e+00 2.55299997e+00 2.51200008e+00 2.48099995e+00
    2.48099995e+00 2.45300007e+00 2.41599989e+00 2.38499999e+00
    2.34400010e+00 2.30699992e+00 2.29999995e+00 2.29699993e+00
    2.29200006e+00 2.26399994e+00 2.21700001e+00 2.15700006e+00
    2.07599998e+00 2.04800010e+00 2.04800010e+00 2.04800010e+00
    2.16899991e+00 2.31900001e+00 2.22000003e+00 2.17499995e+00
    2.16499996e+00 2.16499996e+00 2.71099997e+00 0. 0. 0. 0. 0. 0. 0. 0.
    0. 0. 0. 0. 0. 2.59500003e+00 2.55299997e+00 2.51200008e+00
    2.48099995e+00 2.48099995e+00 2.45300007e+00 2.41400003e+00
    2.37599993e+00 2.33800006e+00 2.30800009e+00 2.30800009e+00
    2.29699993e+00 2.27600002e+00 2.24099994e+00 2.19300008e+00
    2.13800001e+00 2.07100010e+00 2.04800010e+00 2.04600000e+00
    2.03099990e+00 2.02500010e+00 2.01099992e+00 1.90300000e+00
    1.86199999e+00 1.86199999e+00 1.86199999e+00 2.22600007e+00
    2.80999994e+00 0. 0. 0. 0. 0. 0. 0. 0. 0. 0. 0. 0. 1.98000002e+00
    1.94400001e+00 2.19499993e+00 2.48099995e+00 2.48099995e+00
    2.45000005e+00 2.40700006e+00 2.36800003e+00 2.33400011e+00
    2.30800009e+00 2.30800009e+00 2.28399992e+00 2.24799991e+00
    2.21199989e+00 2.17700005e+00 2.13899994e+00 2.07599998e+00
    2.05200005e+00 2.04299998e+00 2.01099992e+00 2. 1.98800004e+00
    1.89600003e+00 1.86199999e+00 1.86199999e+00 1.86600006e+00
    1.88399994e+00 2.00399995e+00 2.92600012e+00 0. 0. 0. 0. 0. 0. 0. 0.
    0. 0. 0. 0. 0. 0. 2.48099995e+00 2.48099995e+00 2.43199992e+00
    2.36800003e+00 2.33100009e+00 2.31399989e+00 2.30800009e+00
    2.30800009e+00 2.28399992e+00 2.24799991e+00 2.21199989e+00
    2.17700005e+00 2.14299989e+00 2.10200000e+00 2.07100010e+00
    2.04299998e+00 2.01099992e+00 2. 1.98800004e+00 1.89600003e+00
    1.86199999e+00 1.86500001e+00 1.88900006e+00 1.90199995e+00
    1.92999995e+00 2.14599991e+00 2.19099998e+00 2.12800002e+00
    2.12800002e+00 2.12800002e+00 2.18799996e+00 2.95600009e+00 0. 0. 0.
    0. 0. 0. 0. 0. 0. 2.07599998e+00 2.42600012e+00 2.35700011e+00
    2.31900001e+00 2.30800009e+00 2.30800009e+00 2.30800009e+00
    2.28399992e+00 2.24499989e+00 2.19400001e+00 2.15400004e+00
    2.12299991e+00 2.10400009e+00 2.08599997e+00 2.06599998e+00
    2.03399992e+00 2.01300001e+00 1.99000001e+00 1.91199994e+00
    1.88300002e+00 1.88499999e+00 1.90100002e+00 1.90699995e+00
    1.90699995e+00 1.90699995e+00 1.85500002e+00 1.77499998e+00
    1.77499998e+00 1.77499998e+00 1.81700003e+00 2.34500003e+00
    2.84400010e+00 0. 0. 0. 0. 0. 0. 0. 0. 1.14999998e+00 2.12599993e+00
    2.35100007e+00 2.31800008e+00 2.30500007e+00 2.30100012e+00
    2.30100012e+00 2.27699995e+00 2.23600006e+00 2.17100000e+00
    2.12599993e+00 2.09699988e+00 2.09299994e+00 2.09200001e+00
    2.08800006e+00 2.05800009e+00 2.02800012e+00 1.99199998e+00
    1.92999995e+00 1.90699995e+00 1.90699995e+00 1.90699995e+00
    1.90699995e+00 1.90600002e+00 1.89900005e+00 1.84800005e+00
    1.77499998e+00 1.77499998e+00 1.77499998e+00 1.77499998e+00
    1.77499998e+00 2.28800011e+00 0. 0. 0. 0. 0. 0. 0. 0. 0. 0.
    2.31800008e+00 2.30999994e+00 2.28800011e+00 2.26500010e+00
    2.26500010e+00 2.24099994e+00 2.20400000e+00 2.16300011e+00
    2.12599993e+00 2.09400010e+00 2.06800008e+00 2.05900002e+00
    2.05800009e+00 2.05100012e+00 2.02800012e+00 1.99199998e+00
    1.92999995e+00 1.90699995e+00 1.90699995e+00 1.90699995e+00
    1.90699995e+00 1.90199995e+00 1.85599995e+00 1.81200004e+00
    1.77499998e+00 1.77499998e+00 1.77499998e+00 1.77499998e+00
    1.77499998e+00 1.86399996e+00 2.00600004e+00 1.96500003e+00
    1.94099998e+00 1.97000003e+00 0. 0. 0. 0. 0. 0. 2.30800009e+00
    2.30800009e+00 2.28299999e+00 2.25399995e+00 2.25399995e+00
    2.21900010e+00 2.17100000e+00 2.13700008e+00 2.11400008e+00
    2.09299994e+00 2.05999994e+00 2.04800010e+00 2.04800010e+00
    2.04800010e+00 2.02800012e+00 1.99399996e+00 1.94599998e+00
    1.91900003e+00 1.90699995e+00 1.90699995e+00 1.89100003e+00
    1.86300004e+00 1.83099997e+00 1.80100000e+00 1.77499998e+00
    1.77499998e+00 1.77499998e+00 1.77499998e+00 1.77499998e+00
    1.72800004e+00 1.64800000e+00 1.59599996e+00 1.57299995e+00
    1.60200000e+00 0. 0. 0. 0. 0. 0. 1.80900002e+00 1.80900002e+00
    1.78699994e+00 1.82200003e+00 2.14899993e+00 2.20700002e+00
    2.14199996e+00 2.10500002e+00 2.09200001e+00 2.08800006e+00
    2.05800009e+00 2.04600000e+00 2.04200006e+00 2.04200006e+00
    2.02200007e+00 1.99100006e+00 1.96300006e+00 1.93400002e+00
    1.90699995e+00 1.90300000e+00 1.86800003e+00 1.81799996e+00
    1.81799996e+00 1.80299997e+00 1.77999997e+00 1.77999997e+00
    1.77800000e+00 1.77400005e+00 1.76499999e+00 1.71700001e+00
