<?xml version="1.0"?>
<opencv_storage>
<Depth type_id="opencv-matrix">
  <rows>40</rows>
  <cols>40</cols>
  <dt>f</dt>
  <data>
    0. 0. 0. 0. 0. 0. 0. 0. 0. 0. 0. 0. 0. 0. 0. 0. 0. 0. 0. 0. 0. 0. 0.
    0. 0. 0. 0. 0. 0. 0. 0. 0. 0. 0. 0. 0. 0. 0. 0. 0. 0. 0. 0. 0. 0. 0.
    0. 0. 0. 0. 0. 0. 0. 0. 0. 0. 0. 0. 0. 0. 0. 0. 0. 0. 0. 0. 0. 0. 0.
    0. 0. 0. 0. 0. 0. 0. 0. 0. 0. 0. 2.90300012e+00 2.90300012e+00
    2.90300012e+00 2.90300012e+00 2.90300012e+00 2.90300012e+00
    2.90300012e+00 2.90300012e+00 2.86999989e+00 2.81900001e+00
    2.81500006e+00 2.81500006e+00 2.81500006e+00 2.79200006e+00
    2.74300003e+00 2.72900009e+00 2.72900009e+00 2.68099999e+00
    2.64599991e+00 2.64599991e+00 2.67100000e+00 2.71900010e+00
    2.69099998e+00 2.64599991e+00 2.64599991e+00 2.64599991e+00
    2.64599991e+00 2.64599991e+00 2.64599991e+00 2.64599991e+00
    2.64599991e+00 2.64599991e+00 2.64599991e+00 2.64599991e+00
    2.64599991e+00 2.64599991e+00 2.64599991e+00 2.64599991e+00
    2.64599991e+00 2.64599991e+00 2.90300012e+00 2.90300012e+00
    2.90300012e+00 2.90300012e+00 2.90300012e+00 2.90300012e+00
    2.90300012e+00 2.90300012e+00 2.88199997e+00 2.84999990e+00
    2.82999992e+00 2.81500006e+00 2.81500006e+00 2.79200006e+00
    2.74300003e+00 2.72900009e+00 2.72900009e+00 2.69899988e+00
    2.67600012e+00 2.67600012e+00 2.70199990e+00 2.75099993e+00
    2.72199988e+00 2.67600012e+00 2.67600012e+00 2.67000008e+00
    2.65300012e+00 2.64599991e+00 2.64599991e+00 2.64599991e+00
    2.64599991e+00 2.64599991e+00 2.64599991e+00 2.64599991e+00
    2.64599991e+00 2.64599991e+00 2.64599991e+00 2.64599991e+00
    2.64599991e+00 2.63800001e+00 2.90300012e+00 2.90300012e+00
    2.90300012e+00 2.90300012e+00 2.90300012e+00 2.90300012e+00
    2.90300012e+00 2.90300012e+00 2.90100002e+00 2.89800000e+00
    2.85400009e+00 2.81500006e+00 2.81500006e+00 2.79200006e+00
    2.74300003e+00 2.72900009e+00 2.72900009e+00 2.72600007e+00
    2.72399998e+00 2.72399998e+00 2.75099993e+00 2.79999995e+00
    2.76999998e+00 2.72399998e+00 2.72399998e+00 2.70900011e+00
    2.66400003e+00 2.64599991e+00 2.64599991e+00 2.64599991e+00
    2.64599991e+00 2.64599991e+00 2.64599991e+00 2.64599991e+00
    2.64599991e+00 2.64599991e+00 2.64599991e+00 2.64599991e+00
    2.64599991e+00 2.62500000e+00 2.43300009e+00 2.43300009e+00
    2.43300009e+00 2.43300009e+00 2.46499991e+00 2.73699999e+00
    2.90300012e+00 2.90300012e+00 2.90300012e+00 2.90300012e+00
    2.85599995e+00 2.80999994e+00 2.78399992e+00 2.74799991e+00
    2.69899988e+00 2.68600011e+00 2.68600011e+00 2.71099997e+00
    2.72900009e+00 2.72900009e+00 2.75500011e+00 2.80500007e+00
    2.77500010e+00 2.72900009e+00 2.72900009e+00 2.71300006e+00
    2.66499996e+00 2.63100004e+00 2.60700011e+00 2.60400009e+00
    2.60400009e+00 2.60400009e+00 2.60400009e+00 2.60400009e+00
    2.61999989e+00 2.64499998e+00 2.64599991e+00 2.64599991e+00
    2.64599991e+00 2.62400007e+00 2. 2. 2. 2. 2.05599999e+00
    2.52999997e+00 2.81999993e+00 2.81999993e+00 2.85200000e+00
    2.89899993e+00 2.85599995e+00 2.80500007e+00 2.75000000e+00
    2.70099998e+00 2.65799999e+00 2.64599991e+00 2.64599991e+00
    2.69899988e+00 2.73699999e+00 2.73699999e+00 2.76099992e+00
    2.80599999e+00 2.77900004e+00 2.73699999e+00 2.73200011e+00
    2.71300006e+00 2.66499996e+00 2.61800003e+00 2.57100010e+00
    2.56500006e+00 2.56500006e+00 2.56500006e+00 2.56500006e+00
    2.56500006e+00 2.59699988e+00 2.64299989e+00 2.64599991e+00
    2.64599991e+00 2.64599991e+00 2.62400007e+00 2. 2. 2. 2.
    2.02300000e+00 2.21700001e+00 2.33500004e+00 2.33500004e+00
    2.54999995e+00 2.87800002e+00 2.85599995e+00 2.79900002e+00
    2.71700001e+00 2.66599989e+00 2.65000010e+00 2.64599991e+00
    2.64599991e+00 2.72700000e+00 2.78699994e+00 2.78699994e+00
    2.79600000e+00 2.81200004e+00 2.80200005e+00 2.78500009e+00
    2.75099993e+00 2.71300006e+00 2.66499996e+00 2.61800003e+00
    2.57100010e+00 2.56500006e+00 2.56500006e+00 2.56500006e+00
    2.56500006e+00 2.56500006e+00 2.59699988e+00 2.64299989e+00
    2.64599991e+00 2.64599991e+00 2.64599991e+00 2.62400007e+00 2. 2. 2.
    2. 2.00399995e+00 2.04099989e+00 2.06299996e+00 2.06299996e+00
    2.29999995e+00 2.66300011e+00 2.64700007e+00 2.59500003e+00
    2.52200007e+00 2.48699999e+00 2.49600005e+00 2.55999994e+00
    2.64599991e+00 2.74300003e+00 2.81500006e+00 2.81500006e+00
    2.81500006e+00 2.81500006e+00 2.81500006e+00 2.81200004e+00
    2.76200008e+00 2.71300006e+00 2.66499996e+00 2.61800003e+00
    2.57100010e+00 2.56500006e+00 2.56699991e+00 2.57800007e+00
    2.58500004e+00 2.58500004e+00 2.60899997e+00 2.64400005e+00
    2.64599991e+00 2.64599991e+00 2.64599991e+00 2.62400007e+00 2. 2. 2.
    2. 2.00399995e+00 2.04099989e+00 2.06299996e+00 2.06299996e+00
    2.11700010e+00 2.19899988e+00 2.17000008e+00 2.13499999e+00
    2.11800003e+00 2.12299991e+00 2.15400004e+00 2.36500001e+00
    2.64499998e+00 2.74300003e+00 2.81500006e+00 2.81500006e+00
    2.81500006e+00 2.81500006e+00 2.81500006e+00 2.81200004e+00
    2.76200008e+00 2.71300006e+00 2.66499996e+00 2.61800003e+00
    2.57100010e+00 2.56500006e+00 2.56999993e+00 2.60899997e+00
    2.63199997e+00 2.63199997e+00 2.63800001e+00 2.64599991e+00
    2.64599991e+00 2.64599991e+00 2.64599991e+00 2.62400007e+00 2. 2. 2.
    2. 2.00399995e+00 2.04099989e+00 2.05699992e+00 2.04200006e+00
    2.03699994e+00 2.03699994e+00 2.01699996e+00 2. 2. 2.00999999e+00
    2.03099990e+00 2.18199992e+00 2.38199997e+00 2.44000006e+00
    2.53299999e+00 2.72499990e+00 2.81500006e+00 2.81500006e+00
    2.81500006e+00 2.81200004e+00 2.76200008e+00 2.71300006e+00
    2.66499996e+00 2.62899995e+00 2.60200000e+00 2.59800005e+00
    2.60200000e+00 2.63000011e+00 2.64599991e+00 2.64599991e+00
    2.64599991e+00 2.64599991e+00 2.64599991e+00 2.64599991e+00
    2.64599991e+00 2.62400007e+00 2. 2. 2. 2. 2.00399995e+00
    2.04099989e+00 2.04900002e+00 2.01300001e+00 2.00099993e+00
    2.00099993e+00 2. 2. 2. 2. 2.00099993e+00 2.00500011e+00
    2.00999999e+00 2.01099992e+00 2.13400006e+00 2.59800005e+00
    2.81500006e+00 2.81500006e+00 2.81500006e+00 2.81200004e+00
    2.76200008e+00 2.71300006e+00 2.66499996e+00 2.64599991e+00
    2.64499998e+00 2.64499998e+00 2.64499998e+00 2.64599991e+00
    2.64599991e+00 2.64599991e+00 2.64599991e+00 2.64599991e+00
    2.64599991e+00 2.64599991e+00 2.64599991e+00 2.62400007e+00
    2.03500009e+00 2.03500009e+00 2.03500009e+00 2.03500009e+00
    2.03699994e+00 2.05299997e+00 2.04900002e+00 2.01300001e+00 2. 2. 2.
    2. 2. 2. 2. 2. 2. 1.98000002e+00 2.01900005e+00 2.22499990e+00
    2.32100010e+00 2.32100010e+00 2.54900002e+00 2.80999994e+00
    2.73300004e+00 2.67499995e+00 2.65400004e+00 2.64599991e+00
    2.64599991e+00 2.64599991e+00 2.64599991e+00 2.64599991e+00
    2.64599991e+00 2.64599991e+00 2.62800002e+00 2.60200000e+00
    2.59999990e+00 2.59999990e+00 2.59999990e+00 2.60299993e+00
    2.06299996e+00 2.05999994e+00 2.05500007e+00 2.05399990e+00
    2.05500007e+00 2.05999994e+00 2.04900002e+00 2.01300001e+00 2. 2.
    2.00500011e+00 2.00799990e+00 2.00300002e+00 2. 2. 2. 2.
    1.96399999e+00 1.93700004e+00 1.93700004e+00 1.93200004e+00
    1.92200005e+00 2.26900005e+00 2.67100000e+00 2.60700011e+00
    2.57599998e+00 2.60999990e+00 2.62400007e+00 2.62400007e+00
    2.62899995e+00 2.63499999e+00 2.63499999e+00 2.63499999e+00
    2.63499999e+00 2.60700011e+00 2.56699991e+00 2.56500006e+00
    2.56500006e+00 2.56500006e+00 2.58699989e+00 2.06299996e+00
    2.04800010e+00 2.02200007e+00 2.01799989e+00 2.02099991e+00
    2.04699993e+00 2.04900002e+00 2.01300001e+00 2. 2. 2.02399993e+00
    2.03999996e+00 2.01399994e+00 2. 2. 2. 2. 1.96399999e+00
    1.93700004e+00 1.93700004e+00 1.91100001e+00 1.86099994e+00
    1.96599996e+00 2.10500002e+00 2.17899990e+00 2.28699994e+00
    2.46199989e+00 2.53200006e+00 2.53200006e+00 2.55999994e+00
    2.58800006e+00 2.58800006e+00 2.58800006e+00 2.58800006e+00
