<?xml version="1.0"?>
<opencv_storage>
<Depth type_id="opencv-matrix">
  <rows>40</rows>
  <cols>40</cols>
  <dt>f</dt>
  <data>
    0. 0. 0. 0. 0. 0. 0. 0. 0. 0. 0. 0. 0. 0. 0. 0. 0. 0. 0. 0. 0. 0. 0.
    0. 0. 0. 0. 0. 0. 0. 0. 0. 0. 0. 0. 0. 0. 0. 0. 0. 0. 0. 0. 0. 0. 0.
    0. 0. 0. 0. 0. 0. 0. 0. 0. 0. 0. 0. 0. 0. 0. 0. 0. 0. 0. 0. 0. 0. 0.
    0. 0. 0. 0. 0. 0. 0. 0. 0. 0. 0. 0. 0. 0. 0. 0. 0. 0. 0. 0. 0. 0. 0.
    0. 0. 0. 0. 0. 0. 0. 0. 0. 0. 0. 0. 0. 0. 0. 0. 0. 0. 0. 0. 0. 0. 0.
    0. 0. 0. 0. 0. 0. 0. 0. 0. 0. 0. 0. 0. 0. 0. 0. 0. 0. 0. 0. 0. 0. 0.
    0. 0. 0. 0. 0. 0. 0. 0. 0. 0. 0. 0. 0. 0. 0. 0. 0. 0. 0. 0. 0. 0. 0.
    0. 0. 0. 0. 0. 0. 0. 0. 0. 0. 0. 0. 0. 0. 0. 0. 0. 0. 0. 0. 0. 0. 0.
    0. 0. 0. 0. 0. 0. 0. 0. 0. 0. 0. 0. 0. 0. 0. 0. 0. 0. 0. 0. 0. 0. 0.
    0. 0. 0. 0. 0. 0. 0. 0. 0. 0. 0. 0. 0. 0. 0. 0. 0. 0. 0. 0. 0. 0. 0.
    0. 0. 0. 0. 0. 0. 0. 0. 0. 0. 0. 0. 0. 0. 0. 0. 0. 0. 0. 0. 0. 0. 0.
    0. 0. 0. 0. 0. 0. 0. 0. 0. 0. 0. 0. 0. 0. 0. 0. 0. 0. 0. 0. 0. 0. 0.
    0. 0. 0. 0. 0. 0. 0. 0. 0. 0. 0. 0. 0. 0. 0. 0. 0. 0. 0. 0. 0. 0. 0.
    0. 0. 0. 0. 0. 0. 0. 0. 0. 0. 0. 0. 0. 0. 0. 0. 0. 0. 0. 0. 0.
    2.84899998e+00 2.84899998e+00 2.87199998e+00 2.85599995e+00
    2.84999990e+00 2.84999990e+00 2.84999990e+00 2.84899998e+00
    2.83999991e+00 2.81800008e+00 2.81800008e+00 2.81800008e+00
    2.81900001e+00 2.81900001e+00 2.81900001e+00 2.78999996e+00
    2.78800011e+00 2.78299999e+00 2.75799990e+00 2.75799990e+00
    2.75799990e+00 2.75799990e+00 2.77600002e+00 2.76200008e+00
    2.75099993e+00 2.75200009e+00 2.75300002e+00 2.05299997e+00
    2.05599999e+00 2.07699990e+00 2.09100008e+00 2.09899998e+00
    2.10899997e+00 2.10899997e+00 2.58699989e+00 2.75300002e+00
    2.75200009e+00 2.73499990e+00 2.05299997e+00 2.04900002e+00
    2.81500006e+00 2.75399995e+00 2.73399997e+00 2.82900000e+00
    2.84599996e+00 2.84599996e+00 2.83800006e+00 2.79200006e+00
    2.71000004e+00 2.70000005e+00 2.68400002e+00 2.69600010e+00
    2.70499992e+00 2.71099997e+00 2.71300006e+00 2.77999997e+00
    2.78299999e+00 2.75399995e+00 2.75399995e+00 2.75399995e+00
    2.75399995e+00 2.69899988e+00 2.66100001e+00 2.20900011e+00
    2.01500010e+00 2.03299999e+00 2.05299997e+00 2.05599999e+00
    2.05900002e+00 2.07599998e+00 2.08899999e+00 2.09100008e+00
    2.09100008e+00 2.08899999e+00 2.07399988e+00 2.05599999e+00
    2.03600001e+00 2.03500009e+00 2.04999995e+00 2.04699993e+00
    2.62299991e+00 2.29600000e+00 2.09100008e+00 2.55699992e+00
    2.64100003e+00 2.63800001e+00 2.60800004e+00 2.48900008e+00
    2.05299997e+00 2.05299997e+00 2.05299997e+00 2.03299999e+00
    2.01699996e+00 2.05500007e+00 2.06800008e+00 2.55999994e+00
    2.58999991e+00 2.56800008e+00 2.56800008e+00 2.56800008e+00
    2.56800008e+00 2.26099992e+00 1.96500003e+00 1.96500003e+00
    2.00600004e+00 2.03299999e+00 2.05299997e+00 2.06699991e+00
    2.06299996e+00 2.06299996e+00 2.07200003e+00 2.08699989e+00
    2.08699989e+00 2.07100010e+00 2.05299997e+00 2.04500008e+00
    2.03200006e+00 2.03500009e+00 2.03500009e+00 2.03500009e+00
    2.07800007e+00 2.07800007e+00 2.08299994e+00 2.07999992e+00
    2.05599999e+00 2.04699993e+00 2.03500009e+00 2.03800011e+00
    2.05299997e+00 2.05299997e+00 2.05299997e+00 2.03900003e+00
    2.02900004e+00 2.04699993e+00 2.05299997e+00 2.04699993e+00
    2.04699993e+00 2.04099989e+00 2.04099989e+00 2.04099989e+00
    2.03600001e+00 1.99899995e+00 1.97099996e+00 1.97099996e+00
    2.00699997e+00 2.03299999e+00 2.05299997e+00 2.04600000e+00
    2.02900004e+00 2.02900004e+00 2.03600001e+00 2.04800010e+00
    2.05100012e+00 2.03800011e+00 2.02900004e+00 2.01900005e+00
    2.01699996e+00 2.02900004e+00 2.02900004e+00 2.02800012e+00
    2.03399992e+00 2.02999997e+00 2.03800011e+00 2.03299999e+00
    2.04399991e+00 2.01999998e+00 2.02099991e+00 2.03500009e+00
    2.03800011e+00 2.03500009e+00 2.02999997e+00 2.03900003e+00
    2.04500008e+00 2.03999996e+00 2.03200006e+00 2.02099991e+00
    2.01999998e+00 2.01099992e+00 2.01500010e+00 2.00999999e+00
    1.99800003e+00 1.98199999e+00 1.98199999e+00 1.98199999e+00
    2.00999999e+00 2.02600002e+00 2.03699994e+00 2.02699995e+00
    2.01600003e+00 2.00999999e+00 2.00300002e+00 1.99199998e+00
    2.00200009e+00 2.01399994e+00 2.01699996e+00 2.01099992e+00
    2.00999999e+00 2.01699996e+00 2.01600003e+00 2.00799990e+00
    2.00399995e+00 2. 2. 2. 2.01500010e+00 1.99100006e+00 1.99199998e+00
    2.00600004e+00 1.99899995e+00 1.99600005e+00 1.99100006e+00 2.
    2.01399994e+00 2.00999999e+00 2.00099993e+00 2. 1.99100006e+00
    1.99199998e+00 1.99699998e+00 1.99100006e+00 1.98699999e+00
    1.98199999e+00 1.98199999e+00 1.98199999e+00 2.00300002e+00
    2.00799990e+00 2.00799990e+00 2.01600003e+00 2.00699997e+00 2.
    1.99300003e+00 1.98199999e+00 1.99199998e+00 2.00500011e+00
    2.00799990e+00 2.00099993e+00 2. 2.01699996e+00 2.01500010e+00 2. 2.
    1.99300003e+00 1.98899996e+00 1.98899996e+00 1.98899996e+00
    1.98199999e+00 1.98199999e+00 1.98199999e+00 1.98199999e+00
    1.98199999e+00 1.98199999e+00 1.98199999e+00 1.98699999e+00
    1.99699998e+00 2. 2. 1.98199999e+00 1.98199999e+00 1.98199999e+00
    1.98199999e+00 1.98199999e+00 1.98199999e+00 1.98199999e+00
    1.98199999e+00 1.99600005e+00 2. 2. 2.01600003e+00 2. 2.
    1.99699998e+00 1.99300003e+00 1.99699998e+00 2. 2. 2. 2.
    2.01699996e+00 2.01500010e+00 2. 2. 1.98899996e+00 1.98199999e+00
    1.98199999e+00 1.98199999e+00 1.98199999e+00 1.98199999e+00
    1.98199999e+00 1.98199999e+00 1.98199999e+00 1.98199999e+00
    1.98199999e+00 1.98199999e+00 1.99600005e+00 2. 2. 1.98199999e+00
    1.98199999e+00 1.98199999e+00 1.98199999e+00 1.98199999e+00
    1.98199999e+00 1.98199999e+00 1.98199999e+00 1.99600005e+00 2. 2.
    2.01600003e+00 2. 2. 2. 2. 2. 2.00799990e+00 2.01200008e+00
    2.01200008e+00 2.01200008e+00 2.01699996e+00 2.01500010e+00 2.
    1.99199998e+00 1.98300004e+00 1.98199999e+00 1.98199999e+00
    1.98199999e+00 1.98199999e+00 1.98300004e+00 1.99600005e+00
    1.99600005e+00 1.99600005e+00 1.99600005e+00 1.98800004e+00
    1.98199999e+00 1.99600005e+00 2. 2. 1.98199999e+00 1.98199999e+00
    1.98199999e+00 1.98199999e+00 1.98199999e+00 1.98199999e+00
    1.99100006e+00 1.99600005e+00 1.99899995e+00 2. 2. 2.01699996e+00
    2.01399994e+00 2.01399994e+00 2.01399994e+00 2.01399994e+00
    2.00600004e+00 2.00200009e+00 2.01300001e+00 2.01699996e+00
    2.01699996e+00 2.01699996e+00 2.01699996e+00 2.01099992e+00
    1.99100006e+00 1.98199999e+00 1.98199999e+00 1.98199999e+00
    1.98199999e+00 1.98199999e+00 1.99800003e+00 2. 2. 2. 2.
    1.99899995e+00 1.99800003e+00 1.98699999e+00 1.98399997e+00
    1.98399997e+00 1.98300004e+00 1.99800003e+00 1.99500000e+00
    1.98199999e+00 1.98899996e+00 1.99800003e+00 1.99899995e+00 2. 2. 2.
    2. 2.01699996e+00 2.01699996e+00 2.01699996e+00 2.01699996e+00
    2.01699996e+00 2.00799990e+00 2. 2.01300001e+00 2.01699996e+00
    2.00300002e+00 2.00200009e+00 2.01500010e+00 2.00099993e+00 2.
    1.98899996e+00 1.98199999e+00 1.99600005e+00 2. 2. 2. 2. 2. 2. 2. 2.
    2. 1.98599994e+00 1.98199999e+00 1.98199999e+00 1.98300004e+00 2.
    1.99600005e+00 1.98199999e+00 1.98899996e+00 2. 2. 2. 2. 2. 2.
    2.01699996e+00 2.01699996e+00 2.01699996e+00 2.01699996e+00
    2.01699996e+00 2.01699996e+00 2.01699996e+00 2.01699996e+00
    2.01699996e+00 2.00099993e+00 2. 2.01500010e+00 2. 2. 1.99000001e+00
    1.98399997e+00 1.99699998e+00 2. 2. 2. 2. 2. 2. 2. 2. 2.
    1.98800004e+00 1.98199999e+00 1.98199999e+00 2. 2. 2. 2. 2. 2. 2. 2.
    2. 2. 2. 2.01699996e+00 2.01699996e+00 2.01699996e+00 2.01699996e+00
    2.01699996e+00 2.01699996e+00 2.01699996e+00 2.01699996e+00
    2.01699996e+00 2.00300002e+00 2.00200009e+00 2.01500010e+00
    2.00200009e+00 2. 2. 2. 2. 2. 2. 2. 2. 2. 2. 2. 2. 2. 2.
    1.98800004e+00 1.98500001e+00 2. 2. 2. 2. 2. 2. 2. 2. 2. 2. 2.
    2.01699996e+00 2.01699996e+00 2.01699996e+00 2.01699996e+00
    2.01600003e+00 2.01399994e+00 2.01600003e+00 2.01699996e+00
