<?xml version="1.0"?>
<opencv_storage>
<Depth type_id="opencv-matrix">
  <rows>40</rows>
  <cols>40</cols>
  <dt>f</dt>
  <data>
    0. 0. 0. 0. 0. 0. 0. 0. 0. 0. 0. 0. 0. 0. 0. 0. 0. 0. 0. 0. 0. 0. 0.
    0. 0. 0. 0. 0. 0. 0. 0. 0. 0. 0. 0. 0. 0. 0. 0. 0. 0. 0. 0. 0. 0. 0.
    0. 0. 0. 0. 0. 0. 0. 0. 0. 0. 0. 0. 0. 0. 0. 0. 0. 0. 0. 0. 0. 0. 0.
    0. 0. 0. 0. 0. 0. 0. 0. 0. 0. 0. 0. 0. 0. 0. 0. 0. 0. 0. 0. 0. 0. 0.
    0. 0. 0. 0. 0. 0. 0. 0. 0. 0. 0. 0. 0. 0. 0. 0. 0. 0. 0. 0. 0. 0. 0.
    0. 0. 0. 0. 0. 0. 0. 0. 0. 0. 0. 0. 0. 0. 0. 0. 0. 0. 0. 0. 0. 0. 0.
    0. 0. 0. 0. 0. 0. 0. 0. 0. 0. 0. 0. 0. 0. 0. 0. 0. 0. 0. 0. 0. 0. 0.
    0. 0. 0. 0. 0. 0. 0. 0. 0. 0. 0. 0. 0. 0. 0. 0. 0. 0. 0. 0. 0. 0. 0.
    0. 0. 0. 0. 0. 0. 0. 0. 0. 0. 0. 0. 0. 0. 0. 0. 0. 0. 0. 0. 0. 0. 0.
    0. 0. 0. 0. 0. 0. 0. 0. 0. 0. 0. 0. 0. 0. 0. 0. 0. 0. 0. 0. 0. 0. 0.
    0. 0. 0. 0. 0. 0. 0. 0. 0. 0. 0. 0. 0. 0. 0. 0. 0. 0. 0. 0. 0. 0. 0.
    0. 0. 0. 0. 0. 0. 0. 0. 0. 0. 0. 0. 0. 0. 0. 0. 0. 0. 0. 0. 0. 0. 0.
    0. 0. 0. 0. 0. 0. 0. 0. 0. 0. 0. 0. 0. 0. 0. 0. 0. 0. 0. 0. 0. 0. 0.
    0. 0. 0. 0. 0. 0. 0. 0. 0. 0. 0. 0. 0. 0. 0. 0. 0. 0. 0. 0. 0. 0. 0.
    0. 0. 0. 0. 0. 0. 0. 0. 0. 0. 0. 0. 0. 0. 0. 0. 0. 0. 0. 0. 0. 0. 0.
    0. 0. 0. 0. 0. 0. 0. 0. 0. 0. 0. 0. 0. 0. 0. 0. 0. 0. 0. 0. 0. 0. 0.
    0. 0. 0. 0. 0. 0. 0. 0. 0. 0. 0. 0. 0. 0. 0. 0. 0. 0. 0. 0. 0. 0. 0.
    0. 0. 0. 0. 0. 0. 0. 0. 0. 0. 0. 0. 0. 0. 0. 0. 0. 0. 0. 0. 0. 0. 0.
    0. 0. 0. 0. 0. 0. 0. 0. 0. 0. 0. 0. 0. 0. 0. 0. 0. 0. 0. 0. 0. 0. 0.
    0. 0. 0. 2.00900006e+00 2. 2.01200008e+00 2.00799990e+00
    1.97399998e+00 1.97800004e+00 2. 2. 2.04399991e+00 2.03299999e+00
    2.00999999e+00 2. 2. 1.99100006e+00 1.97399998e+00 1.97399998e+00
    1.89600003e+00 0. 0. 0. 0. 0. 0. 1.89900005e+00 1.27400005e+00 0. 0.
    1.76499999e+00 2.02600002e+00 2.02600002e+00 2.02600002e+00 0. 0. 0.
    0. 0. 0. 0. 0. 0. 2.00900006e+00 2. 2.00200009e+00 2.00099993e+00
    1.99600005e+00 1.99699998e+00 2.00099993e+00 2.02099991e+00
    2.04800010e+00 2.03299999e+00 2.02300000e+00 2.02200007e+00
    2.01300001e+00 1.99899995e+00 1.99100006e+00 1.97399998e+00
    1.96200001e+00 1.55900002e+00 1.52499998e+00 1.54100001e+00 0. 0. 0.
    1.89900005e+00 1.80900002e+00 1.48500001e+00 1.51100004e+00
    1.96099997e+00 2.02200007e+00 2.02600002e+00 2.01300001e+00
    1.77199996e+00 0. 0. 0. 0. 0. 1.27699995e+00 1.52499998e+00
    1.52499998e+00 2.02900004e+00 2.01900005e+00 2.01099992e+00 2. 2. 2.
    2.00099993e+00 2.02399993e+00 2.04900002e+00 2.04800010e+00
    2.03299999e+00 2.02600002e+00 2.01500010e+00 2. 1.99399996e+00
    1.97399998e+00 1.97399998e+00 1.97399998e+00 1.97399998e+00
    1.99300003e+00 1.53100002e+00 1.23500001e+00 1.52400005e+00
    1.92999995e+00 1.91900003e+00 1.92700005e+00 1.95000005e+00
    1.99600005e+00 2.00500011e+00 2.00699997e+00 2.00300002e+00 2. 0. 0.
    0. 0. 1.24699998e+00 1.90199995e+00 1.95899999e+00 1.95500004e+00
    2.04699993e+00 2.04299998e+00 2.03200006e+00 2.01699996e+00
    2.01300001e+00 2. 2.00099993e+00 2.02399993e+00 2.04900002e+00
    2.05299997e+00 2.03600001e+00 2.02600002e+00 2.02200007e+00
    2.01699996e+00 2.01099992e+00 1.99100006e+00 1.99100006e+00
    1.99100006e+00 1.99100006e+00 2.00999999e+00 2.00600004e+00
    1.98599994e+00 1.96399999e+00 1.94599998e+00 1.94000006e+00
    1.94299996e+00 1.96599996e+00 1.99699998e+00 2. 2. 2. 2.
    1.57000005e+00 0. 0. 1.03600001e+00 1.98300004e+00 1.94599998e+00
    1.93499994e+00 1.94400001e+00 2.06800008e+00 2.05999994e+00
    2.04800010e+00 2.03600001e+00 2.02300000e+00 2.01399994e+00
    2.01500010e+00 2.02500010e+00 2.03600001e+00 2.03800011e+00
    2.03099990e+00 2.02600002e+00 2.02600002e+00 2.02600002e+00
    2.02300000e+00 2.01399994e+00 2.01399994e+00 2.00099993e+00 2.
    2.00900006e+00 2.00399995e+00 1.99399996e+00 1.97700000e+00
    1.96300006e+00 1.96300006e+00 1.96599996e+00 1.98800004e+00
    1.99899995e+00 2. 2. 2. 2. 2. 1.99199998e+00 1.97399998e+00
    1.97399998e+00 1.97399998e+00 1.92900002e+00 1.92400002e+00
    1.94099998e+00 2.07999992e+00 2.06500006e+00 2.04800010e+00
    2.03600001e+00 2.02600002e+00 2.02600002e+00 2.02600002e+00
    2.02600002e+00 2.02600002e+00 2.02600002e+00 2.02600002e+00
    2.02600002e+00 2.03099990e+00 2.03399992e+00 2.02600002e+00
    2.02600002e+00 2.02500010e+00 2.00200009e+00 2. 2. 2. 2.
    1.99399996e+00 1.98599994e+00 1.98599994e+00 1.98699999e+00 2. 2. 2.
    2. 2. 2. 2. 1.99600005e+00 1.98300004e+00 1.97399998e+00
    1.97399998e+00 1.93900001e+00 1.93499994e+00 1.94500005e+00
    2.07399988e+00 2.06100011e+00 2.04099989e+00 2.02600002e+00
    2.02600002e+00 2.02600002e+00 2.02600002e+00 2.02600002e+00
    2.02600002e+00 2.02600002e+00 2.02600002e+00 2.02600002e+00
    2.03399992e+00 2.03800011e+00 2.02600002e+00 2.02600002e+00
    2.02600002e+00 2.00999999e+00 2.00200009e+00 2. 2. 2. 2. 2. 2. 2. 2.
    2. 2. 2. 2. 2. 2. 2. 1.99600005e+00 1.98300004e+00 1.98300004e+00
    1.96000004e+00 1.95799994e+00 1.95200002e+00 2.06299996e+00
    2.05299997e+00 2.04099989e+00 2.02600002e+00 2.02600002e+00
    2.02600002e+00 2.02600002e+00 2.02600002e+00 2.02600002e+00
    2.02600002e+00 2.02600002e+00 2.02600002e+00 2.02600002e+00
    2.02600002e+00 2.02600002e+00 2.02600002e+00 2.02600002e+00
    2.02600002e+00 2.00500011e+00 2. 2. 2. 2. 2. 2. 2. 2. 1.99399996e+00
    1.99399996e+00 1.99399996e+00 1.99800003e+00 2. 2. 2. 2. 2. 2.
    1.97700000e+00 1.97399998e+00 1.95700002e+00 2.06299996e+00
    2.05299997e+00 2.04099989e+00 2.02600002e+00 2.02600002e+00
    2.02600002e+00 2.02600002e+00 2.02600002e+00 2.02600002e+00
    2.02600002e+00 2.02600002e+00 2.02600002e+00 2.02600002e+00
    2.02600002e+00 2.02600002e+00 2.02600002e+00 2.02600002e+00
    2.02600002e+00 2.00799990e+00 2.00099993e+00 2. 2. 2. 2. 2. 2. 2.
    1.97599995e+00 1.97399998e+00 1.97399998e+00 1.98800004e+00
    1.99600005e+00 1.99600005e+00 1.99600005e+00 1.99600005e+00
    1.99600005e+00 1.99600005e+00 1.97599995e+00 1.97399998e+00
    1.95700002e+00 2.06299996e+00 2.05299997e+00 2.04099989e+00
    2.02699995e+00 2.02699995e+00 2.02600002e+00 2.02600002e+00
    2.02699995e+00 2.02699995e+00 2.02600002e+00 2.02600002e+00
    2.02600002e+00 2.02600002e+00 2.02600002e+00 2.02600002e+00
    2.02600002e+00 2.02600002e+00 2.02600002e+00 2.02600002e+00
    2.00699997e+00 2. 2. 2. 2. 2. 2. 2. 1.97700000e+00 1.97500002e+00
    1.97399998e+00 1.97399998e+00 1.97399998e+00 1.97399998e+00
    1.97399998e+00 1.97399998e+00 1.97399998e+00 1.97399998e+00
    1.97399998e+00 1.97399998e+00 1.95700002e+00 2.07900000e+00
    2.06500006e+00 2.05200005e+00 2.05100012e+00 2.04500008e+00
    2.02600002e+00 2.02699995e+00 2.04999995e+00 2.05100012e+00
    2.03299999e+00 2.02600002e+00 2.02600002e+00 2.02600002e+00
    2.02600002e+00 2.02600002e+00 2.02600002e+00 2.02600002e+00
    2.02600002e+00 2.02600002e+00 2.00699997e+00 2. 2. 2. 2. 2. 2. 2.
    1.99899995e+00 1.99800003e+00 1.98099995e+00 1.97399998e+00
    1.97399998e+00 1.97399998e+00 1.97399998e+00 1.97399998e+00
    1.97399998e+00 1.97399998e+00 1.97399998e+00 1.97399998e+00
    1.95700002e+00 2.07999992e+00 2.07800007e+00 2.06599998e+00
    2.04500008e+00 2.02900004e+00 2.02600002e+00 2.02699995e+00
    2.05100012e+00 2.05299997e+00 2.04999995e+00 2.04900002e+00
    2.03699994e+00 2.02600002e+00 2.02600002e+00 2.02600002e+00
    2.02600002e+00 2.02600002e+00 2.02600002e+00 2.02600002e+00
    2.00699997e+00 2. 2. 2. 2. 2. 2. 2. 2. 2. 1.98199999e+00
    1.97399998e+00 1.98500001e+00 1.99600005e+00 1.99600005e+00
    1.99100006e+00 1.97399998e+00 1.97399998e+00 1.97399998e+00
    1.95700002e+00 1.95000005e+00 2.10100007e+00 2.08899999e+00
    2.06800008e+00 2.04399991e+00 2.02600002e+00 2.02600002e+00
    2.02699995e+00 2.05100012e+00 2.05299997e+00 2.05299997e+00
    2.05299997e+00 2.03900003e+00 2.02600002e+00 2.02600002e+00
    2.02600002e+00 2.02600002e+00 2.02600002e+00 2.02600002e+00
    2.02600002e+00 2.00699997e+00 2. 2. 2. 2. 2. 2. 2. 2. 2.
