<?xml version="1.0"?>
<opencv_storage>
<Depth type_id="opencv-matrix">
  <rows>40</rows>
  <cols>40</cols>
  <dt>f</dt>
  <data>
    0. 0. 0. 0. 0. 0. 0. 0. 0. 0. 0. 0. 1.99500000e+00 1.98899996e+00
    1.98899996e+00 1.98899996e+00 1.98899996e+00 1.98899996e+00
    1.98899996e+00 1.99000001e+00 1.98899996e+00 1.98899996e+00
    1.99500000e+00 1.99500000e+00 1.13199997e+00 0. 0. 0. 0. 0. 0. 0. 0.
    0. 0. 0. 0. 0. 0. 0. 0. 0. 0. 0. 0. 0. 0. 0. 0. 0. 0. 0.
    1.99500000e+00 1.99199998e+00 1.98899996e+00 1.98899996e+00
    1.98899996e+00 1.98899996e+00 1.98899996e+00 1.98899996e+00
    1.98899996e+00 1.98899996e+00 1.99500000e+00 1.99500000e+00
    1.13199997e+00 0. 0. 0. 0. 0. 0. 0. 0. 0. 0. 0. 0. 0. 0. 0. 0. 0. 0.
    0. 0. 0. 0. 0. 0. 0. 0. 0. 1.99500000e+00 1.99199998e+00
    1.98899996e+00 1.98899996e+00 1.98899996e+00 1.98899996e+00
    1.98899996e+00 1.98899996e+00 1.98899996e+00 1.98899996e+00
    1.99500000e+00 1.99500000e+00 1.99500000e+00 0. 0. 0. 0. 0. 0. 0. 0.
    0. 0. 0. 0. 0. 0. 0. 0. 0. 0. 0. 0. 0. 0. 0. 0. 0. 0. 0.
    1.99500000e+00 1.99500000e+00 1.99500000e+00 1.99100006e+00
    1.98899996e+00 1.98899996e+00 1.98899996e+00 1.99000001e+00
    1.98899996e+00 1.98899996e+00 1.99500000e+00 1.99500000e+00
    1.99500000e+00 2.63100004e+00 0. 0. 0. 0. 0. 0. 0. 0. 0. 0. 0. 0. 0.
    0. 0. 0. 0. 0. 0. 0. 0. 0. 0. 0. 0. 0. 1.60800004e+00 1.99500000e+00
    1.99500000e+00 1.99500000e+00 1.99300003e+00 1.99399996e+00
    1.98899996e+00 1.99399996e+00 1.99399996e+00 1.99500000e+00 2.
    1.99899995e+00 1.99899995e+00 1.11699998e+00 0. 0. 0. 0. 0. 0. 0. 0.
    0. 0. 0. 0. 0. 0. 0. 0. 0. 0. 0. 0. 0. 0. 0. 0. 0. 0. 1.33899999e+00
    1.99500000e+00 1.99500000e+00 1.99500000e+00 1.99500000e+00
    1.99500000e+00 1.99300003e+00 1.99500000e+00 1.99500000e+00
    1.99500000e+00 2. 2. 1.99500000e+00 0. 0. 0. 0. 0. 0. 0. 0. 0. 0. 0.
    0. 0. 0. 0. 0. 0. 0. 0. 0. 0. 0. 0. 0. 0. 0. 0. 1.34099996e+00
    1.99699998e+00 1.99500000e+00 1.99500000e+00 1.99500000e+00
    1.99500000e+00 1.99500000e+00 1.99500000e+00 1.99500000e+00
    1.99500000e+00 2. 2. 2. 0. 0. 0. 0. 0. 0. 0. 0. 0. 0. 0. 0. 0. 0. 0.
    0. 0. 0. 0. 0. 0. 0. 0. 0. 0. 0. 0. 0. 1.99600005e+00 1.99500000e+00
    1.99500000e+00 1.99500000e+00 1.99500000e+00 1.99500000e+00
    1.99500000e+00 1.99500000e+00 1.99500000e+00 2. 2. 2. 0. 0. 0. 0. 0.
    0. 0. 0. 0. 0. 0. 0. 0. 0. 0. 0. 0. 0. 0. 0. 0. 0. 0. 0. 0. 0. 0. 0.
    1.99800003e+00 1.99500000e+00 1.99500000e+00 1.99500000e+00
    1.99500000e+00 1.99500000e+00 1.99500000e+00 1.99500000e+00
    1.99500000e+00 2. 1.99800003e+00 1.99500000e+00 0. 0. 0. 0. 0. 0. 0.
    0. 0. 0. 0. 0. 0. 0. 0. 0. 0. 0. 0. 0. 0. 0. 0. 0. 0. 0. 0.
    1.10699999e+00 2.00200009e+00 1.99699998e+00 1.99500000e+00
    1.99500000e+00 1.99500000e+00 1.99500000e+00 1.99500000e+00
    1.99500000e+00 1.99500000e+00 2. 1.99899995e+00 1.99500000e+00 0. 0.
    0. 0. 0. 0. 0. 0. 0. 0. 0. 0. 0. 0. 0. 0. 0. 0. 0. 0. 0. 0. 0. 0. 0.
    0. 0. 0. 1.99699998e+00 1.99500000e+00 1.99500000e+00 1.99500000e+00
    1.99500000e+00 1.99500000e+00 1.99500000e+00 1.99500000e+00
    1.99699998e+00 2.00099993e+00 2. 1.99800003e+00 0. 0. 0. 0. 0. 0. 0.
    0. 0. 0. 0. 0. 0. 0. 0. 0. 0. 0. 0. 0. 0. 0. 0. 0. 0. 0. 0.
    2.19300008e+00 1.99699998e+00 1.99500000e+00 1.99800003e+00
    1.99699998e+00 1.99500000e+00 1.99500000e+00 1.99500000e+00
    1.99500000e+00 2. 2.00200009e+00 2. 2. 0. 0. 0. 0. 0. 0. 0. 0. 0. 0.
    0. 0. 0. 0. 0. 0. 0. 0. 0. 0. 0. 0. 0. 0. 0. 0. 0. 1.37800002e+00 2.
    1.99800003e+00 1.99899995e+00 1.99899995e+00 1.99800003e+00
    1.99800003e+00 1.99500000e+00 1.99500000e+00 1.99699998e+00
    2.00200009e+00 2.00200009e+00 2. 1.11699998e+00 0. 0. 0. 0. 0. 0. 0.
    0. 0. 0. 0. 0. 0. 0. 0. 0. 0. 0. 0. 0. 0. 0. 0. 0. 0. 0. 0.
    1.99699998e+00 1.99699998e+00 2. 2. 2. 1.99699998e+00 1.99500000e+00
    1.99500000e+00 1.99500000e+00 2. 2.00300002e+00 2.00500011e+00
    1.11899996e+00 0. 0. 0. 0. 0. 0. 0. 0. 0. 0. 0. 0. 0. 0. 0. 0. 0. 0.
    0. 0. 0. 0. 0. 0. 0. 0. 0. 1.54100001e+00 1.99500000e+00 2. 2. 2.
    1.99500000e+00 1.99600005e+00 1.99699998e+00 1.99899995e+00 2.
    2.00300002e+00 2.00500011e+00 1.74800003e+00 0. 0. 0. 0. 0. 0. 0. 0.
    0. 0. 0. 0. 0. 0. 0. 0. 0. 0. 0. 0. 0. 0. 0. 0. 0. 0. 0.
    1.35699999e+00 2. 2. 2. 2. 2. 1.99899995e+00 1.99899995e+00 2. 2.
    2.00300002e+00 2.00600004e+00 2.00500011e+00 0. 0. 0. 0. 0. 0. 0. 0.
    0. 0. 0. 0. 0. 0. 0. 0. 0. 0. 0. 0. 0. 0. 0. 0. 0. 0. 2.93099999e+00
    2. 2. 2. 2. 2. 2.00399995e+00 2.00200009e+00 2. 2. 2. 2.00500011e+00
    2.00699997e+00 2.00099993e+00 0. 0. 0. 0. 0. 0. 0. 0. 0. 0. 0. 0. 0.
    0. 0. 0. 0. 0. 0. 0. 0. 0. 0. 0. 0. 0. 1.24199998e+00 2. 2. 2.
    2.00200009e+00 2.00399995e+00 2.00300002e+00 2. 2. 2. 2.00399995e+00
    2.00500011e+00 2.00699997e+00 2. 1.33000004e+00 0. 0. 0. 0. 0. 0. 0.
    0. 0. 0. 0. 0. 0. 0. 0. 0. 0. 0. 0. 0. 0. 0. 0. 0. 0. 2.89800000e+00
    2.00999999e+00 2.00200009e+00 2. 2.00300002e+00 2.00500011e+00
    2.00200009e+00 2. 2. 2. 2.00600004e+00 2.00500011e+00 2.00900006e+00
    2.00399995e+00 1.10300004e+00 0. 0. 0. 0. 0. 0. 0. 0. 0. 0. 0. 0. 0.
    0. 0. 0. 0. 0. 0. 0. 0. 0. 0. 0. 0. 1.86000001e+00 2.00999999e+00
    2.00200009e+00 2. 2.00300002e+00 2. 2. 2. 2.00200009e+00
    2.00500011e+00 2.00500011e+00 2.00500011e+00 2.00999999e+00
    2.00900006e+00 0. 0. 0. 0. 0. 0. 0. 0. 0. 0. 0. 0. 0. 0. 0. 0. 0. 0.
    0. 0. 0. 0. 0. 0. 0. 0. 0. 2.01600003e+00 2.00699997e+00
    2.00500011e+00 2.00699997e+00 2.00500011e+00 2.00200009e+00 2.
    2.00300002e+00 2.00699997e+00 2.00500011e+00 2.00500011e+00
    2.00999999e+00 2.00999999e+00 0. 0. 0. 0. 0. 0. 0. 0. 0. 0. 0. 0. 0.
    0. 0. 0. 0. 0. 0. 0. 0. 0. 0. 0. 0. 0. 0. 2.94199991e+00
    2.00699997e+00 2.00500011e+00 2.00600004e+00 2.00500011e+00 2.
    2.00200009e+00 2.00500011e+00 2.00799990e+00 2.00600004e+00
    2.00799990e+00 2.01399994e+00 2.01099992e+00 1.10500002e+00 0. 0. 0.
    0. 0. 0. 0. 0. 0. 0. 0. 0. 0. 0. 0. 0. 0. 0. 0. 0. 0. 0. 0. 0. 0. 0.
    0. 2.00500011e+00 2.00500011e+00 2.00500011e+00 2.00500011e+00
    2.00399995e+00 2.00500011e+00 2.00999999e+00 2.00999999e+00
    2.00699997e+00 2.00799990e+00 2.00999999e+00 2.00999999e+00
    1.01999998e+00 0. 0. 0. 0. 0. 0. 0. 0. 0. 0. 0. 0. 0. 0. 0. 0. 0. 0.
    0. 0. 0. 0. 0. 0. 0. 0. 2.95300007e+00 2.00300002e+00 2.00500011e+00
    2.00500011e+00 2.00500011e+00 2.00500011e+00 2.00500011e+00
    2.00999999e+00 2.00999999e+00 2.00500011e+00 2.00999999e+00
    2.01399994e+00 2.00699997e+00 1.10300004e+00 1.10000002e+00 0. 0. 0.
    0. 0. 0. 0. 0. 0. 0. 0. 0. 0. 0. 0. 0. 0. 0. 0. 0. 0. 0. 0. 0. 0. 0.
    2.00999999e+00 2.00699997e+00 2.00699997e+00 2.00900006e+00
    2.00900006e+00 2.00900006e+00 2.00999999e+00 2.00999999e+00
    2.00999999e+00 2.01099992e+00 2.01600003e+00 2.01200008e+00
    1.10500002e+00 0. 0. 0. 0. 0. 0. 0. 0. 0. 0. 0. 0. 0. 0. 0. 0. 0. 0.
    0. 0. 0. 0. 0. 0. 0. 0. 0. 2.00999999e+00 2.00500011e+00
    2.00799990e+00 2.00999999e+00 2.00999999e+00 2.00999999e+00
    2.00999999e+00 2.01300001e+00 2.01200008e+00 2.00999999e+00
    2.01600003e+00 2.01500010e+00 1.10599995e+00 0. 0. 0. 0. 0. 0. 0. 0.
    0. 0. 0. 0. 0. 0. 0. 0. 0. 0. 0. 0. 0. 0. 0. 0. 0. 0. 0.
    2.00999999e+00 2.00900006e+00 2.00699997e+00 2.00799990e+00
    2.00999999e+00 2.00999999e+00 2.00999999e+00 2.01399994e+00
    2.01600003e+00 2.00999999e+00 2.01600003e+00 2.01600003e+00
    1.10699999e+00 0. 0. 0. 0. 0. 0. 0. 0. 0. 0. 0. 0. 0. 0. 0. 0. 0. 0.
    0. 0. 0. 0. 0. 0. 0. 0. 0. 2.01300001e+00 2.00999999e+00
    2.00999999e+00 2.00999999e+00 2.00999999e+00 2.00999999e+00
    2.00999999e+00 2.01399994e+00 2.01600003e+00 2.01600003e+00
    2.01600003e+00 2.01900005e+00 2.02399993e+00 0. 0. 0. 0. 0. 0. 0. 0.
    0. 0. 0. 0. 0. 0. 0. 0. 0. 0. 0. 0. 0. 0. 0. 0. 0. 0. 0.
    2.01300001e+00 2.00999999e+00 2.00999999e+00 2.00999999e+00
    2.00999999e+00 2.00999999e+00 2.00999999e+00 2.01600003e+00
    2.01600003e+00 2.01600003e+00 2.01600003e+00 2.01600003e+00
