<?xml version="1.0"?>
<opencv_storage>
<Depth type_id="opencv-matrix">
  <rows>40</rows>
  <cols>40</cols>
  <dt>f</dt>
  <data>
    0. 0. 0. 0. 0. 0. 0. 0. 0. 0. 0. 0. 0. 0. 0. 0. 0. 0. 0. 0. 0. 0. 0.
    0. 0. 0. 0. 0. 0. 0. 0. 0. 0. 0. 0. 0. 0. 0. 0. 0. 0. 0. 0. 0. 0. 0.
    0. 0. 0. 0. 0. 0. 0. 0. 0. 0. 0. 0. 0. 0. 0. 0. 0. 0. 0. 0. 0. 0. 0.
    0. 0. 0. 0. 0. 0. 0. 0. 0. 0. 0. 0. 0. 0. 0. 0. 0. 0. 0. 0. 0. 0. 0.
    0. 0. 0. 0. 0. 0. 0. 0. 0. 0. 0. 0. 0. 0. 0. 0. 0. 0. 0. 0. 0. 0. 0.
    0. 0. 0. 0. 0. 0. 0. 0. 0. 0. 0. 0. 0. 0. 0. 0. 0. 0. 0. 0. 0. 0. 0.
    0. 0. 0. 0. 0. 0. 0. 0. 0. 0. 0. 0. 0. 0. 0. 0. 0. 0. 0. 0. 0. 0. 0.
    0. 0. 0. 0. 0. 0. 0. 0. 0. 0. 0. 0. 0. 0. 0. 0. 0. 0. 0. 0. 0. 0. 0.
    0. 0. 0. 0. 0. 0. 0. 0. 0. 0. 0. 0. 0. 0. 0. 0. 0. 0. 0. 0. 0. 0. 0.
    0. 0. 0. 0. 0. 0. 0. 0. 0. 0. 0. 0. 0. 0. 0. 0. 0. 0. 0. 0. 0. 0. 0.
    0. 0. 0. 0. 0. 0. 0. 0. 0. 0. 0. 0. 0. 0. 0. 0. 0. 0. 0. 0. 0. 0. 0.
    0. 0. 0. 0. 0. 0. 0. 0. 0. 0. 0. 0. 0. 0. 0. 0. 0. 0. 0. 0. 0. 0. 0.
    0. 0. 0. 0. 0. 0. 0. 0. 0. 0. 0. 0. 0. 0. 0. 0. 0. 0. 0. 0. 0. 0. 0.
    0. 0. 0. 0. 0. 0. 0. 0. 0. 0. 0. 0. 0. 0. 0. 0. 0. 0. 0. 0. 0. 0. 0.
    0. 0. 0. 0. 0. 0. 0. 0. 0. 0. 0. 0. 0. 0. 0. 0. 0. 0. 0. 0. 0. 0. 0.
    0. 0. 0. 0. 0. 0. 0. 0. 0. 0. 0. 0. 0. 0. 0. 0. 0. 0. 0. 0. 0. 0. 0.
    0. 0. 0. 0. 0. 0. 0. 0. 0. 0. 0. 0. 0. 0. 0. 0. 0. 0. 0. 0. 0. 0. 0.
    0. 0. 0. 0. 0. 0. 0. 0. 0. 0. 0. 0. 0. 0. 0. 0. 0. 0. 0. 0. 0. 0. 0.
    0. 0. 0. 0. 0. 0. 0. 0. 0. 0. 0. 0. 0. 0. 0. 0. 0. 0. 0. 0. 0. 0. 0.
    0. 0. 0. 0. 0. 0. 0. 0. 0. 0. 0. 0. 0. 0. 0. 0. 0. 0. 0. 0. 0. 0. 0.
    0. 0. 0. 0. 0. 0. 0. 0. 0. 0. 0. 0. 0. 0. 0. 0. 0. 0. 0. 0. 0. 0. 0.
    0. 0. 0. 0. 0. 0. 0. 0. 0. 0. 0. 0. 0. 0. 0. 0. 0. 0. 0. 0. 0. 0. 0.
    0. 0. 0. 0. 0. 0. 0. 0. 0. 0. 0. 0. 0. 0. 2.09400010e+00
    2.09400010e+00 2.09400010e+00 2.09400010e+00 2.09400010e+00
    2.09400010e+00 2.09400010e+00 2.09400010e+00 2.09200001e+00
    2.04800010e+00 2.00300002e+00 2. 2. 2. 2. 2.03299999e+00
    2.07699990e+00 2.09400010e+00 2.09400010e+00 2.07100010e+00
    2.02600002e+00 2. 2. 1.98599994e+00 1.94200003e+00 1.88999999e+00
    1.80799997e+00 1.73000002e+00 1.69000006e+00 1.65100002e+00
    1.61199999e+00 1.57400000e+00 1.57000005e+00 1.57000005e+00
    1.60099995e+00 1.63900006e+00 1.65100002e+00 1.65100002e+00
    1.65100002e+00 1.65100002e+00 2.10999990e+00 2.10100007e+00
    2.09400010e+00 2.09400010e+00 2.09400010e+00 2.09400010e+00
    2.09299994e+00 2.08299994e+00 2.07299995e+00 2.03699994e+00
    2.00200009e+00 2. 2. 2. 2. 2.03299999e+00 2.07699990e+00
    2.09400010e+00 2.09400010e+00 2.07599998e+00 2.03999996e+00
    2.01600003e+00 2.00699997e+00 1.98599994e+00 1.94200003e+00
    1.89400005e+00 1.82900000e+00 1.76699996e+00 1.72700000e+00
    1.68700004e+00 1.65699995e+00 1.62600005e+00 1.62300003e+00
    1.62300003e+00 1.65499997e+00 1.69400001e+00 1.70599997e+00
    1.70599997e+00 1.70599997e+00 1.70599997e+00 2.14700007e+00
    2.11500001e+00 2.09400010e+00 2.09400010e+00 2.09400010e+00
    2.09400010e+00 2.08999991e+00 2.05900002e+00 2.02900004e+00
    2.01500010e+00 2.00099993e+00 2. 2. 2. 2. 2.03299999e+00
    2.07699990e+00 2.09400010e+00 2.09400010e+00 2.08699989e+00
    2.07299995e+00 2.05200005e+00 2.02099991e+00 1.98599994e+00
    1.94200003e+00 1.90199995e+00 1.87699997e+00 1.84899998e+00
    1.80799997e+00 1.76699996e+00 1.75500000e+00 1.74300003e+00
    1.74199998e+00 1.74199998e+00 1.77499998e+00 1.81599998e+00
    1.82799995e+00 1.82799995e+00 1.82799995e+00 1.82799995e+00
    2.17499995e+00 2.13599992e+00 2.10700011e+00 2.09999990e+00
    2.09200001e+00 2.08500004e+00 2.07299995e+00 2.03600001e+00 2. 2. 2.
    2. 2. 2.00600004e+00 2.01300001e+00 2.04299998e+00 2.07999992e+00
    2.09400010e+00 2.09400010e+00 2.08999991e+00 2.08299994e+00
    2.06299996e+00 2.02600002e+00 1.98800004e+00 1.95200002e+00
    1.92200005e+00 1.91400003e+00 1.90400004e+00 1.86899996e+00
    1.83399999e+00 1.83399999e+00 1.83399999e+00 1.83399999e+00
    1.83399999e+00 1.86800003e+00 1.90999997e+00 1.92299998e+00
    1.92299998e+00 1.92299998e+00 1.92299998e+00 2.18400002e+00
    2.16799998e+00 2.14599991e+00 2.11700010e+00 2.08699989e+00
    2.05800009e+00 2.03200006e+00 2.01600003e+00 2. 2. 2. 2. 2.
    2.02399993e+00 2.05200005e+00 2.07200003e+00 2.08800006e+00
    2.09400010e+00 2.09400010e+00 2.07900000e+00 2.04999995e+00
    2.02699995e+00 2.01099992e+00 1.99500000e+00 1.97899997e+00
    1.96099997e+00 1.93299997e+00 1.90600002e+00 1.89100003e+00
    1.87600005e+00 1.87600005e+00 1.87600005e+00 1.87600005e+00
    1.87600005e+00 1.91100001e+00 1.95400000e+00 1.96700001e+00
    1.96700001e+00 1.96700001e+00 1.96700001e+00 2.20400000e+00
    2.20400000e+00 2.18600011e+00 2.13299990e+00 2.08299994e+00
    2.03800011e+00 2. 2. 2. 2. 2. 2. 2. 2.03699994e+00 2.08200002e+00
    2.09400010e+00 2.09400010e+00 2.09400010e+00 2.09400010e+00
    2.07100010e+00 2.02600002e+00 2. 2. 2. 2. 1.99100006e+00
    1.94700003e+00 1.90799999e+00 1.90799999e+00 1.90799999e+00
    1.90799999e+00 1.90799999e+00 1.90799999e+00 1.90799999e+00
    1.94299996e+00 1.98699999e+00 2. 2. 2. 2. 2.25200009e+00
    2.25200009e+00 2.22600007e+00 2.15100002e+00 2.08299994e+00
    2.03800011e+00 2. 2. 2. 2. 2. 2. 2. 2.03699994e+00 2.08200002e+00
    2.09400010e+00 2.09400010e+00 2.09400010e+00 2.09400010e+00
    2.07100010e+00 2.02600002e+00 2. 2. 2. 2. 1.99100006e+00
    1.94700003e+00 1.90799999e+00 1.90799999e+00 1.90799999e+00
    1.90799999e+00 1.90799999e+00 1.90799999e+00 1.90799999e+00
    1.94299996e+00 1.98699999e+00 2. 2. 2. 2. 2.29299998e+00
    2.29299998e+00 2.25900006e+00 2.16199994e+00 2.07699990e+00
    2.03200006e+00 1.99399996e+00 1.99399996e+00 1.99399996e+00
    1.99399996e+00 1.99399996e+00 1.99699998e+00 2. 2.03699994e+00
    2.08200002e+00 2.09599996e+00 2.09899998e+00 2.10100007e+00
    2.10100007e+00 2.07599998e+00 2.02800012e+00 1.99899995e+00
    1.99600005e+00 1.99399996e+00 1.99399996e+00 1.98599994e+00
    1.94799995e+00 1.91400003e+00 1.91400003e+00 1.91400003e+00
    1.91400003e+00 1.91400003e+00 1.91400003e+00 1.91400003e+00
    1.94700003e+00 1.98800004e+00 2. 2. 2. 2. 2.29299998e+00
    2.29299998e+00 2.25200009e+00 2.13299990e+00 2.03200006e+00
    1.98800004e+00 1.95000005e+00 1.95000005e+00 1.95000005e+00
    1.95000005e+00 1.95000005e+00 1.97200000e+00 1.99600005e+00
    2.03699994e+00 2.08200002e+00 2.11199999e+00 2.13800001e+00
    2.14700007e+00 2.14700007e+00 2.11100006e+00 2.04099989e+00
    1.99000001e+00 1.96599996e+00 1.95000005e+00 1.95000005e+00
    1.95099998e+00 1.95500004e+00 1.95799994e+00 1.95799994e+00
    1.95799994e+00 1.95799994e+00 1.95799994e+00 1.95799994e+00
    1.95799994e+00 1.97399998e+00 1.99399996e+00 2. 2. 2. 2.
    2.29299998e+00 2.29299998e+00 2.24499989e+00 2.10599995e+00
    1.98899996e+00 1.94599998e+00 1.90799999e+00 1.90799999e+00
    1.90799999e+00 1.90799999e+00 1.90799999e+00 1.94900000e+00
    1.99300003e+00 2.03699994e+00 2.08200002e+00 2.12800002e+00
    2.17499995e+00 2.19199991e+00 2.19199991e+00 2.14400005e+00
    2.05299997e+00 1.98199999e+00 1.93799996e+00 1.90799999e+00
    1.90799999e+00 1.91700006e+00 1.96099997e+00 2. 2. 2. 2. 2. 2. 2. 2.
    2. 2. 2. 2. 2. 2.29299998e+00 2.29299998e+00 2.24499989e+00
    2.10599995e+00 1.98899996e+00 1.94599998e+00 1.90799999e+00
    1.90799999e+00 1.90799999e+00 1.90799999e+00 1.90799999e+00
    1.94900000e+00 1.99300003e+00 2.03699994e+00 2.08200002e+00
    2.12800002e+00 2.17499995e+00 2.19199991e+00 2.19199991e+00
    2.14400005e+00 2.05299997e+00 1.98199999e+00 1.93799996e+00
    1.90799999e+00 1.90799999e+00 1.91700006e+00 1.96099997e+00 2. 2. 2.
    2. 2. 2. 2. 2. 2. 2. 2. 2. 2. 2.29299998e+00 2.29299998e+00
    2.24499989e+00 2.10599995e+00 1.98899996e+00 1.94599998e+00
    1.90799999e+00 1.90799999e+00 1.90799999e+00 1.90799999e+00
    1.90799999e+00 1.94900000e+00 1.99300003e+00 2.03699994e+00
    2.08200002e+00 2.12800002e+00 2.17499995e+00 2.19199991e+00
