<?xml version="1.0"?>
<opencv_storage>
<Depth type_id="opencv-matrix">
  <rows>40</rows>
  <cols>40</cols>
  <dt>f</dt>
  <data>
    0. 0. 0. 0. 0. 0. 0. 0. 2.03900003e+00 2.03900003e+00 2.03900003e+00
    2.03900003e+00 2.03900003e+00 2.03900003e+00 2.03900003e+00
    2.03099990e+00 2.03099990e+00 2.02699995e+00 2.01399994e+00
    2.00799990e+00 2.05699992e+00 2.11800003e+00 2.05299997e+00
    2.02300000e+00 2.02300000e+00 2.03500009e+00 2.04699993e+00
    2.04699993e+00 2.09500003e+00 2.10599995e+00 2.08800006e+00 0. 0. 0.
    0. 0. 0. 0. 0. 0. 0. 0. 0. 0. 0. 0. 0. 2.14000010e+00 2.03299999e+00
    2.03200006e+00 2.03099990e+00 2.03099990e+00 2.03099990e+00
    2.03099990e+00 2.03099990e+00 2.03099990e+00 2.03099990e+00
    2.02300000e+00 2.01500010e+00 2.01500010e+00 2.01600003e+00
    2.02300000e+00 2.02600002e+00 2.02300000e+00 2.02300000e+00
    2.03099990e+00 2.03399992e+00 2.03099990e+00 2.02600002e+00
    2.01999998e+00 2.01200008e+00 2.01500010e+00 2.02999997e+00 0. 0. 0.
    0. 0. 0. 0. 0. 0. 0. 0. 0. 0. 1.47800004e+00 1.99300003e+00
    2.03099990e+00 2.03099990e+00 2.03099990e+00 2.02999997e+00
    2.02300000e+00 2.02300000e+00 2.03099990e+00 2.03099990e+00
    2.02900004e+00 2.02300000e+00 2.01699996e+00 2.01500010e+00
    2.01500010e+00 2.02300000e+00 2.02300000e+00 2.02300000e+00
    2.03099990e+00 2.03099990e+00 2.02900004e+00 2.02900004e+00
    2.02600002e+00 2.02099991e+00 2.01500010e+00 2.02200007e+00
    2.02900004e+00 0. 0. 0. 0. 0. 0. 0. 0. 0. 0. 0. 0. 0. 0.
    2.00099993e+00 2.03099990e+00 2.03099990e+00 2.03099990e+00
    2.02600002e+00 2.02300000e+00 2.02300000e+00 2.03099990e+00
    2.02300000e+00 2.02300000e+00 2.02300000e+00 2.02200007e+00
    2.01500010e+00 2.01500010e+00 2.01600003e+00 2.01600003e+00
    2.02300000e+00 2.03099990e+00 2.03099990e+00 2.02300000e+00
    2.02300000e+00 2.02600002e+00 2.02099991e+00 2.01500010e+00
    2.01500010e+00 2.01600003e+00 0. 0. 0. 0. 0. 0. 0. 0. 0. 0. 0. 0. 0.
    1.74899995e+00 2.09299994e+00 2.03099990e+00 2.03099990e+00
    2.03099990e+00 2.03099990e+00 2.02600002e+00 2.02300000e+00
    2.03099990e+00 2.02099991e+00 2.01500010e+00 2.01900005e+00
    2.01799989e+00 2.01200008e+00 2.01099992e+00 2.01099992e+00
    2.01099992e+00 2.01500010e+00 2.02300000e+00 2.02300000e+00
    2.02300000e+00 2.02600002e+00 2.02399993e+00 2.02099991e+00
    2.01500010e+00 2.01500010e+00 2.01500010e+00 0. 0. 0. 0. 0. 0. 0. 0.
    0. 0. 0. 0. 0. 0. 1.99300003e+00 2.03099990e+00 2.03099990e+00
    2.03099990e+00 2.02999997e+00 2.02300000e+00 2.02300000e+00
    2.02300000e+00 2.01500010e+00 2.01500010e+00 2.01799989e+00
    2.01500010e+00 2.01099992e+00 2.00799990e+00 2.00999999e+00
    2.00999999e+00 2.01500010e+00 2.01500010e+00 2.01500010e+00
    2.01500010e+00 2.01500010e+00 2.01699996e+00 2.01500010e+00
    2.01500010e+00 2.01500010e+00 2.01500010e+00 0. 0. 0. 0. 0. 0. 0. 0.
    0. 0. 0. 0. 0. 0. 1.99300003e+00 2.03099990e+00 2.03099990e+00
    2.03099990e+00 2.02300000e+00 2.02099991e+00 2.01600003e+00
    2.02300000e+00 2.02200007e+00 2.01600003e+00 2.01500010e+00
    2.01500010e+00 2.01500010e+00 2.00799990e+00 2.01500010e+00
    2.01500010e+00 2.01500010e+00 2.01500010e+00 2.01500010e+00
    2.01500010e+00 2.01500010e+00 2.01500010e+00 2.01500010e+00
    2.01500010e+00 2.01500010e+00 2.01500010e+00 0. 0. 0. 0. 0. 0. 0. 0.
    0. 0. 0. 0. 0. 0. 2.06599998e+00 2.03099990e+00 2.02600002e+00
    2.02300000e+00 2.01999998e+00 2.01500010e+00 2.01500010e+00
    2.01699996e+00 2.01900005e+00 2.01600003e+00 2.01500010e+00
    2.01500010e+00 2.01500010e+00 2.01500010e+00 2.01500010e+00
    2.01500010e+00 2.00799990e+00 2.01500010e+00 2.01500010e+00
    2.01500010e+00 2.01500010e+00 2.01500010e+00 2.01500010e+00
    2.01500010e+00 2.01500010e+00 2.01500010e+00 0. 0. 0. 0. 0. 0. 0. 0.
    0. 0. 0. 0. 0. 0. 2.12800002e+00 2.02200007e+00 2.01999998e+00
    2.01500010e+00 2.01500010e+00 2.01399994e+00 2.01500010e+00
    2.01500010e+00 2.01399994e+00 2.01500010e+00 2.01500010e+00
    2.01500010e+00 2.01500010e+00 2.01399994e+00 2.00799990e+00
    2.00799990e+00 2.00799990e+00 2.01500010e+00 2.01500010e+00
    2.01500010e+00 2.01500010e+00 2.01500010e+00 2.01500010e+00
    2.01500010e+00 2.01500010e+00 2.01500010e+00 0. 0. 0. 0. 0. 0. 0. 0.
    0. 0. 0. 0. 0. 0. 2.12800002e+00 2.01799989e+00 2.01500010e+00
    2.01500010e+00 2.01500010e+00 2.00799990e+00 2.01399994e+00
    2.01500010e+00 2.00799990e+00 2.01399994e+00 2.01500010e+00
    2.01399994e+00 2.00900006e+00 2.00799990e+00 2.00799990e+00
    2.00799990e+00 2.00799990e+00 2.01500010e+00 2.01500010e+00
    2.01500010e+00 2.01500010e+00 2.01500010e+00 2.01500010e+00
    2.01500010e+00 2.01500010e+00 2.01500010e+00 0. 0. 0. 0. 0. 0. 0. 0.
    0. 0. 0. 0. 0. 0. 2.07299995e+00 2.01900005e+00 2.02200007e+00
    2.01900005e+00 2.01500010e+00 2.01099992e+00 2.01099992e+00
    2.01500010e+00 2.00799990e+00 2.01399994e+00 2.00799990e+00
    2.00799990e+00 2.00799990e+00 2.00799990e+00 2.00799990e+00
    2.00799990e+00 2.00799990e+00 2.01500010e+00 2.01500010e+00
    2.01500010e+00 2.01500010e+00 2.01300001e+00 2.01300001e+00
    2.01500010e+00 2.01500010e+00 2.01500010e+00 0. 0. 0. 0. 0. 0. 0. 0.
    0. 0. 0. 0. 0. 0. 2.02099991e+00 2.01399994e+00 2.01500010e+00
    2.01500010e+00 2.01399994e+00 2.01300001e+00 2.00799990e+00
    2.01399994e+00 2.00799990e+00 2.00799990e+00 2.00799990e+00
    2.00799990e+00 2.00799990e+00 2.00799990e+00 2.00799990e+00
    2.00799990e+00 2.00799990e+00 2.01500010e+00 2.01500010e+00
    2.01500010e+00 2.00799990e+00 2.00799990e+00 2.00999999e+00
    2.01500010e+00 2.01500010e+00 2.01500010e+00 0. 0. 0. 0. 0. 0. 0. 0.
    0. 0. 0. 0. 0. 0. 2.00799990e+00 2.00799990e+00 2.00900006e+00
    2.00900006e+00 2.00799990e+00 2.00799990e+00 2.00799990e+00
    2.00799990e+00 2.00799990e+00 2.00799990e+00 2.00799990e+00
    2.00799990e+00 2.00799990e+00 2.00799990e+00 2.00799990e+00
    2.00799990e+00 2.00799990e+00 2.01500010e+00 2.01500010e+00
    2.01300001e+00 2.00799990e+00 2.00799990e+00 2.00999999e+00
    2.00999999e+00 2.00900006e+00 2.01500010e+00 0. 0. 0. 0. 0. 0. 0. 0.
    0. 0. 0. 0. 0. 0. 1.99800003e+00 2.01099992e+00 2.01099992e+00
    2.01099992e+00 2.00799990e+00 2.00799990e+00 2.00799990e+00
    2.00799990e+00 2.00799990e+00 2.00799990e+00 2.00799990e+00
    2.00799990e+00 2.00799990e+00 2.00799990e+00 2.00799990e+00
    2.00799990e+00 2.00799990e+00 2.01500010e+00 2.00799990e+00
    2.01300001e+00 2.00799990e+00 2.00799990e+00 2.00999999e+00
    2.01099992e+00 2.01099992e+00 2.01500010e+00 0. 0. 0. 0. 0. 0. 0. 0.
    0. 0. 0. 0. 0. 0. 2.01900005e+00 2.01799989e+00 2.01500010e+00
    2.01500010e+00 2.01099992e+00 2.00799990e+00 2.00799990e+00
    2.00799990e+00 2.00699997e+00 2.00799990e+00 2.00799990e+00
    2.00799990e+00 2.00799990e+00 2.00799990e+00 2.00799990e+00
    2.00799990e+00 2.00799990e+00 2.01399994e+00 2.01399994e+00
    2.01500010e+00 2.01500010e+00 2.00799990e+00 2.00999999e+00
    2.01500010e+00 2.01500010e+00 2.01500010e+00 0. 0. 0. 0. 0. 0. 0. 0.
    0. 0. 0. 0. 0. 0. 1.97800004e+00 2.01500010e+00 2.01500010e+00
    2.01500010e+00 2.00900006e+00 2.00799990e+00 2.00799990e+00
    2.00799990e+00 2. 2.00699997e+00 2.00200009e+00 2.00200009e+00
    2.00699997e+00 2.00799990e+00 2.00799990e+00 2.00799990e+00
    2.00799990e+00 2.00799990e+00 2.00799990e+00 2.00999999e+00
    2.00999999e+00 2.00900006e+00 2.00900006e+00 2.01500010e+00
    2.01500010e+00 2.01500010e+00 0. 0. 0. 0. 0. 0. 0. 0. 0. 0. 0. 0. 0.
    0. 1.98899996e+00 2.02099991e+00 2.01799989e+00 2.01200008e+00
    2.00799990e+00 2.00799990e+00 2.00799990e+00 2.00799990e+00
    2.00300002e+00 2.00699997e+00 2. 2. 2. 2.00399995e+00 2.00799990e+00
    2.00200009e+00 2.00300002e+00 2.00799990e+00 2.01500010e+00
    2.00799990e+00 2.00799990e+00 2.00799990e+00 2.00799990e+00
    2.00799990e+00 2.01200008e+00 2.01200008e+00 0. 0. 0. 0. 0. 0. 0. 0.
    0. 0. 0. 0. 0. 0. 1.98500001e+00 2.01500010e+00 2.01300001e+00
