<?xml version="1.0"?>
<opencv_storage>
<Depth type_id="opencv-matrix">
  <rows>40</rows>
  <cols>40</cols>
  <dt>f</dt>
  <data>
    0. 0. 0. 0. 0. 0. 0. 0. 0. 0. 0. 0. 0. 0. 0. 0. 0. 0. 0. 0. 0. 0. 0.
    0. 0. 0. 0. 0. 0. 0. 0. 0. 0. 0. 0. 0. 0. 0. 0. 0. 0. 0. 0. 0. 0. 0.
    0. 0. 0. 0. 0. 0. 0. 0. 0. 0. 0. 0. 0. 0. 0. 0. 1.99100006e+00
    1.99500000e+00 2. 1.99800003e+00 1.99600005e+00 1.99100006e+00
    1.99600005e+00 1.99600005e+00 0. 0. 0. 0. 0. 0. 0. 0. 0. 0. 0. 0. 0.
    0. 0. 0. 0. 0. 2.03500009e+00 2.02999997e+00 2.02300000e+00
    2.01999998e+00 0. 0. 2.01999998e+00 2.01399994e+00 2.00999999e+00
    2.00500011e+00 2.00300002e+00 2. 2. 2. 1.99600005e+00 1.99600005e+00
    1.99600005e+00 1.99600005e+00 1.99600005e+00 1.99399996e+00
    1.99300003e+00 1.99300003e+00 2.70799994e+00 0. 0. 0. 0. 0. 0. 0. 0.
    0. 0. 0. 0. 0. 0. 0. 0. 2.02800012e+00 2.02500010e+00 2.02200007e+00
    2.01999998e+00 2.01999998e+00 2.01999998e+00 2.01799989e+00
    2.01600003e+00 2.01399994e+00 2.00999999e+00 2.00799990e+00
    2.00500011e+00 2.00500011e+00 2.00300002e+00 2. 1.99600005e+00
    1.99600005e+00 1.99600005e+00 1.99600005e+00 1.99600005e+00
    1.99199998e+00 1.99100006e+00 1.99100006e+00 2.31399989e+00 0. 0. 0.
    0. 0. 0. 0. 0. 0. 0. 0. 0. 0. 0. 0. 2.02699995e+00 2.02500010e+00
    2.01999998e+00 2.01999998e+00 2.01999998e+00 2.01999998e+00
    2.01999998e+00 2.01999998e+00 2.01500010e+00 2.01399994e+00
    2.00999999e+00 2.00999999e+00 2.00999999e+00 2.00500011e+00 2. 2.
    1.99899995e+00 1.99699998e+00 1.99600005e+00 1.99600005e+00
    1.99600005e+00 1.99500000e+00 1.99199998e+00 1.99100006e+00
    1.53100002e+00 0. 0. 0. 0. 0. 0. 0. 0. 0. 0. 0. 0. 0. 0. 0.
    2.02200007e+00 2.01999998e+00 2.02300000e+00 2.01999998e+00
    2.01999998e+00 2.01999998e+00 2.01999998e+00 2.01999998e+00
    2.01500010e+00 2.01399994e+00 2.00999999e+00 2.00999999e+00
    2.00600004e+00 2.00500011e+00 2.00200009e+00 2. 2. 2. 1.99600005e+00
    1.99600005e+00 1.99600005e+00 1.99600005e+00 1.99100006e+00
    1.99100006e+00 1.91799998e+00 0. 0. 0. 0. 0. 0. 0. 0. 0. 0. 0. 0. 0.
    0. 0. 2.02200007e+00 2.02300000e+00 2.02500010e+00 2.02500010e+00
    2.01999998e+00 2.01999998e+00 2.01999998e+00 2.01999998e+00
    2.01500010e+00 2.00999999e+00 2.00999999e+00 2.00999999e+00
    2.00500011e+00 2.00500011e+00 2.00500011e+00 2.00099993e+00 2.
    1.99699998e+00 1.99600005e+00 1.99600005e+00 1.99600005e+00
    1.99600005e+00 1.99500000e+00 1.99100006e+00 1.99100006e+00 0. 0. 0.
    0. 0. 0. 0. 0. 0. 0. 0. 0. 0. 0. 0. 1.41400003e+00 2.02300000e+00
    2.02500010e+00 2.02500010e+00 2.01999998e+00 2.01999998e+00
    2.01999998e+00 2.01999998e+00 2.01500010e+00 2.00999999e+00
    2.00999999e+00 2.00999999e+00 2.00999999e+00 2.00500011e+00
    2.00500011e+00 2.00200009e+00 1.99600005e+00 1.99600005e+00
    1.99600005e+00 1.99600005e+00 1.99600005e+00 1.99600005e+00
    1.99600005e+00 1.99000001e+00 1.98599994e+00 2.52699995e+00 0. 0. 0.
    0. 0. 0. 0. 0. 0. 0. 0. 0. 0. 0. 1.41400003e+00 2.02300000e+00
    2.02500010e+00 2.02099991e+00 2.01999998e+00 2.01999998e+00
    2.01999998e+00 2.01999998e+00 2.01900005e+00 2.00999999e+00
    2.00999999e+00 2.00500011e+00 2.00500011e+00 2.00200009e+00 2. 2.
    1.99600005e+00 1.99600005e+00 1.99600005e+00 1.99600005e+00
    1.99600005e+00 1.99100006e+00 1.99100006e+00 1.98599994e+00
    1.98599994e+00 0. 0. 0. 0. 0. 0. 0. 0. 0. 0. 0. 0. 0. 0. 0.
    1.41700006e+00 2.02500010e+00 2.02800012e+00 2.02500010e+00
    2.01999998e+00 2.01999998e+00 2.01999998e+00 2.01999998e+00
    2.01900005e+00 2.00999999e+00 2.00999999e+00 2.00999999e+00
    2.00500011e+00 2.00200009e+00 2. 2. 1.99600005e+00 1.99600005e+00
    1.99600005e+00 1.99600005e+00 1.99600005e+00 1.99100006e+00
    1.99100006e+00 1.99100006e+00 1.53100002e+00 0. 0. 0. 0. 0. 0. 0. 0.
    0. 0. 0. 0. 0. 0. 0. 1.42200005e+00 2.03200006e+00 2.02900004e+00
    2.02399993e+00 2.01999998e+00 2.01999998e+00 2.01999998e+00
    2.01999998e+00 2.01500010e+00 2.00999999e+00 2.00999999e+00
    2.00999999e+00 2.00500011e+00 2.00200009e+00 2. 2. 1.99600005e+00
    1.99600005e+00 1.99600005e+00 1.99600005e+00 1.99600005e+00
    1.99100006e+00 1.99100006e+00 1.98599994e+00 1.34700000e+00 0. 0. 0.
    0. 0. 0. 0. 0. 0. 0. 0. 0. 0. 0. 0. 1.41799998e+00 2.02900004e+00
    2.02800012e+00 2.02099991e+00 2.01999998e+00 2.01999998e+00
    2.01999998e+00 2.01999998e+00 2.01500010e+00 2.00999999e+00
    2.00999999e+00 2.00900006e+00 2.00600004e+00 2.00300002e+00 2. 2.
    1.99699998e+00 1.99600005e+00 1.99600005e+00 1.99600005e+00
    1.99600005e+00 1.99100006e+00 1.99100006e+00 1.98599994e+00 0.
    2.50500011e+00 0. 0. 0. 0. 0. 0. 0. 0. 0. 0. 0. 0. 0. 0.
    1.41600001e+00 2.02600002e+00 2.02500010e+00 2.02099991e+00
    2.01999998e+00 2.01999998e+00 2.01999998e+00 2.01999998e+00
    2.01500010e+00 2.00999999e+00 2.00999999e+00 2.00999999e+00
    2.00799990e+00 2.00500011e+00 2. 2. 2. 1.99699998e+00 1.99600005e+00
    1.99600005e+00 1.99100006e+00 1.99199998e+00 1.99199998e+00
    1.98599994e+00 0. 2.52699995e+00 0. 0. 0. 0. 0. 0. 0. 0. 0. 0. 0. 0.
    0. 0. 1.41799998e+00 2.02900004e+00 2.02500010e+00 2.01999998e+00
    2.01999998e+00 2.01999998e+00 2.01999998e+00 2.01999998e+00
    2.01500010e+00 2.00999999e+00 2.00999999e+00 2.00999999e+00
    2.00799990e+00 2.00500011e+00 2. 2. 1.99899995e+00 1.99600005e+00
    1.99600005e+00 1.99600005e+00 1.99100006e+00 1.99100006e+00
    1.99300003e+00 1.98399997e+00 0. 1.71200001e+00 2.84500003e+00 0. 0.
    0. 0. 0. 0. 0. 0. 0. 0. 0. 0. 0. 0. 2.02999997e+00 2.02500010e+00
    2.01999998e+00 2.01999998e+00 2.01999998e+00 2.01999998e+00
    2.01999998e+00 2.01500010e+00 2.00999999e+00 2.00900006e+00
    2.00500011e+00 2.00799990e+00 2.00200009e+00 2. 2. 1.99699998e+00
    1.99600005e+00 1.99600005e+00 1.99300003e+00 1.99399996e+00
    1.99100006e+00 1.99100006e+00 1.98399997e+00 0. 0. 2.83200002e+00 0.
    0. 0. 0. 0. 0. 0. 0. 0. 0. 0. 0. 0. 1.42499995e+00 2.02999997e+00
    2.02500010e+00 2.01999998e+00 2.01999998e+00 2.01999998e+00
    2.01999998e+00 2.01999998e+00 2.01500010e+00 2.00999999e+00
    2.00500011e+00 2.00500011e+00 2.00500011e+00 2.00399995e+00 2.
    1.99800003e+00 1.99600005e+00 1.99600005e+00 1.99600005e+00
    1.99100006e+00 1.99600005e+00 1.99100006e+00 1.99000001e+00
    1.98899996e+00 0. 0. 2.83500004e+00 0. 0. 0. 0. 0. 0. 0. 0. 0. 0. 0.
    0. 0. 1.42700005e+00 2.02999997e+00 2.02500010e+00 2.02300000e+00
    2.01999998e+00 2.01999998e+00 2.01999998e+00 2.01500010e+00
    2.01500010e+00 2.00999999e+00 2.00999999e+00 2.00799990e+00
    2.00500011e+00 2. 2. 1.99699998e+00 1.99600005e+00 1.99600005e+00
    1.99600005e+00 1.99600005e+00 1.99100006e+00 1.99100006e+00
    1.99000001e+00 1.98599994e+00 0. 0. 2.82800007e+00 0. 0. 0. 0. 0. 0.
    0. 0. 0. 0. 0. 0. 0. 0. 2.02999997e+00 2.02900004e+00 2.02600002e+00
    2.02099991e+00 2.01999998e+00 2.01999998e+00 2.01500010e+00
    2.01500010e+00 2.00999999e+00 2.00999999e+00 2.00799990e+00
    2.00300002e+00 1.99800003e+00 1.99699998e+00 1.99600005e+00
    1.99600005e+00 1.99600005e+00 1.99600005e+00 1.99600005e+00
    1.99600005e+00 1.99500000e+00 1.99100006e+00 1.99000001e+00 0. 0.
    1.23300004e+00 0. 0. 0. 0. 0. 0. 0. 0. 0. 0. 0. 0. 0. 0.
    2.02999997e+00 2.02600002e+00 2.02200007e+00 2.02099991e+00
    2.01999998e+00 2.01500010e+00 2.01500010e+00 2.01500010e+00
    2.00999999e+00 2.00999999e+00 2.00999999e+00 2.00500011e+00
    1.99600005e+00 1.99600005e+00 1.99800003e+00 1.99699998e+00
    1.99600005e+00 1.99600005e+00 1.99600005e+00 1.99600005e+00
    1.99500000e+00 1.99100006e+00 1.99100006e+00 0. 0. 0. 0. 0. 0. 0. 0.
    0. 0. 0. 0. 0. 0. 0. 0. 0. 2.02699995e+00 2.02500010e+00
    2.01999998e+00 2.01999998e+00 2.01999998e+00 2.01999998e+00
    2.01500010e+00 2.01500010e+00 2.00999999e+00 2.00999999e+00
    2.00999999e+00 2.00799990e+00 2. 2. 2. 2. 1.99600005e+00
    1.99600005e+00 1.99600005e+00 1.99100006e+00 1.99100006e+00
