<?xml version="1.0"?>
<opencv_storage>
<Depth type_id="opencv-matrix">
  <rows>40</rows>
  <cols>40</cols>
  <dt>f</dt>
  <data>
    0. 0. 0. 0. 0. 0. 0. 0. 0. 0. 0. 0. 0. 0. 0. 0. 0. 0. 0. 0. 0. 0. 0.
    0. 0. 0. 0. 0. 0. 0. 0. 0. 0. 0. 0. 0. 0. 0. 0. 0. 0. 0. 0. 0. 0. 0.
    0. 0. 0. 0. 0. 0. 0. 0. 0. 0. 0. 0. 0. 0. 0. 0. 0. 0. 0. 0. 0. 0. 0.
    0. 0. 0. 0. 0. 0. 0. 0. 0. 0. 0. 0. 0. 0. 0. 0. 0. 0. 0. 0. 0. 0. 0.
    0. 0. 0. 0. 0. 0. 0. 0. 0. 0. 0. 0. 0. 0. 0. 0. 0. 0. 0. 0. 0. 0. 0.
    0. 0. 0. 0. 0. 0. 0. 0. 0. 0. 0. 0. 0. 0. 0. 0. 0. 0. 0. 0. 0. 0. 0.
    0. 0. 0. 0. 0. 0. 0. 0. 0. 0. 0. 0. 0. 0. 0. 0. 0. 0. 0. 0. 0. 0. 0.
    0. 0. 0. 0. 0. 0. 0. 0. 0. 0. 0. 0. 0. 0. 0. 0. 0. 0. 0. 0. 0. 0. 0.
    0. 0. 0. 0. 0. 0. 0. 0. 0. 0. 0. 0. 0. 0. 0. 0. 0. 0. 0. 0. 0. 0. 0.
    0. 0. 0. 0. 0. 0. 0. 0. 0. 0. 0. 0. 0. 0. 0. 0. 0. 0. 0. 0. 0. 0. 0.
    0. 0. 0. 0. 0. 0. 0. 0. 0. 0. 0. 0. 0. 0. 0. 0. 0. 0. 0. 0. 0. 0. 0.
    0. 0. 0. 0. 0. 0. 0. 0. 0. 0. 0. 0. 0. 0. 0. 0. 0. 0. 0. 0. 0. 0. 0.
    0. 0. 0. 0. 0. 0. 0. 0. 0. 0. 0. 0. 0. 2. 2. 2. 2. 2.04200006e+00
    2.09500003e+00 2.13100004e+00 2.13100004e+00 2.13100004e+00
    2.13100004e+00 2.13100004e+00 2.13100004e+00 2.13100004e+00
    2.13100004e+00 2.13100004e+00 2.13100004e+00 2.13100004e+00
    2.13100004e+00 2.13100004e+00 2.07900000e+00 2.02600002e+00 2. 0. 0.
    0. 0. 0. 0. 0. 0. 0. 0. 0. 0. 0. 0. 0. 0. 0. 0. 2. 2. 2. 2.
    2.04200006e+00 2.09500003e+00 2.12899995e+00 2.12299991e+00
    2.11800003e+00 2.11700010e+00 2.11700010e+00 2.11700010e+00
    2.11700010e+00 2.11700010e+00 2.11700010e+00 2.11700010e+00
    2.11899996e+00 2.12500000e+00 2.13100004e+00 2.08400011e+00
    2.03699994e+00 2.01399994e+00 0. 0. 0. 0. 0. 0. 0. 0. 0. 0. 0. 0. 0.
    0. 0. 0. 0. 0. 2. 2. 2. 2. 2.04200006e+00 2.09500003e+00
    2.12199998e+00 2.09500003e+00 2.06800008e+00 2.06399989e+00
    2.06399989e+00 2.06399989e+00 2.06399989e+00 2.06399989e+00
    2.06399989e+00 2.06399989e+00 2.07599998e+00 2.10299993e+00
    2.13100004e+00 2.10599995e+00 2.07999992e+00 2.06699991e+00 0. 0. 0.
    0. 0. 0. 0. 0. 0. 0. 0. 0. 0. 0. 0. 0. 0. 0. 2. 2. 2. 2.
    2.04200006e+00 2.09500003e+00 2.11500001e+00 2.06599998e+00
    2.01799989e+00 2.01099992e+00 2.01099992e+00 2.01099992e+00
    2.01099992e+00 2.01099992e+00 2.01099992e+00 2.01099992e+00
    2.03299999e+00 2.08100009e+00 2.13000011e+00 2.12700009e+00
    2.12199998e+00 2.11999989e+00 0. 0. 0. 0. 0. 0. 0. 0. 0. 0. 0. 0. 0.
    0. 0. 0. 0. 0. 2.04200006e+00 2.03800011e+00 2.02099991e+00
    2.00300002e+00 2.02900004e+00 2.06500006e+00 2.07699990e+00
    2.04099989e+00 2.00500011e+00 2. 2. 2. 2. 2. 2. 2. 2.02399993e+00
    2.07699990e+00 2.13000011e+00 2.13100004e+00 2.13100004e+00
    2.13100004e+00 0. 0. 0. 0. 0. 0. 0. 0. 0. 0. 0. 0. 0. 0. 0. 0. 0. 0.
    2.09500003e+00 2.08500004e+00 2.04600000e+00 2.00799990e+00
    2.01200008e+00 2.02600002e+00 2.03099990e+00 2.01699996e+00
    2.00200009e+00 2. 2. 2. 2. 2. 2. 2. 2.02399993e+00 2.07699990e+00
    2.13000011e+00 2.13100004e+00 2.13100004e+00 2.13100004e+00 0. 0. 0.
    0. 0. 0. 0. 0. 0. 0. 0. 0. 0. 0. 0. 0. 0. 0. 2.13100004e+00
    2.11700010e+00 2.06399989e+00 2.01099992e+00 2. 2. 2. 2. 2. 2. 2. 2.
    2. 2. 2. 2. 2.02399993e+00 2.07699990e+00 2.13000011e+00
    2.13100004e+00 2.13100004e+00 2.13100004e+00 0. 0. 0. 0. 0. 0. 0. 0.
    0. 0. 0. 0. 0. 0. 0. 0. 0. 0. 2.13100004e+00 2.11700010e+00
    2.06399989e+00 2.01099992e+00 2. 2. 2. 2. 2. 2. 2. 2. 2. 2. 2. 2.
    2.02399993e+00 2.07699990e+00 2.13000011e+00 2.13100004e+00
    2.13100004e+00 2.13100004e+00 0. 0. 0. 0. 0. 0. 0. 0. 0. 0. 0. 0. 0.
    0. 0. 0. 0. 0. 2.13100004e+00 2.11700010e+00 2.06399989e+00
    2.01099992e+00 2. 2. 2. 2. 2. 2. 2. 2. 2. 2. 2. 2. 2.02399993e+00
    2.07699990e+00 2.13000011e+00 2.13100004e+00 2.13100004e+00
    2.13100004e+00 0. 0. 0. 0. 0. 0. 0. 0. 0. 0. 0. 0. 0. 0. 0. 0. 0. 0.
    2.08500004e+00 2.07200003e+00 2.01900005e+00 1.96700001e+00
    1.95700002e+00 1.95700002e+00 1.95700002e+00 1.95700002e+00
    1.95700002e+00 1.97200000e+00 1.98899996e+00 2. 2. 2. 2.01699996e+00
    2.03500009e+00 2.06100011e+00 2.09599996e+00 2.13000011e+00
    2.15000010e+00 2.16899991e+00 2.17799997e+00 0. 0. 0. 0. 0. 0. 0. 0.
    0. 0. 0. 0. 0. 0. 0. 0. 0. 0. 2.03200006e+00 2.01900005e+00
    1.96800005e+00 1.91600001e+00 1.90600002e+00 1.90600002e+00
    1.90600002e+00 1.90600002e+00 1.90600002e+00 1.93900001e+00
    1.97700000e+00 2. 2. 2. 2.03699994e+00 2.07699990e+00 2.10500002e+00
    2.11800003e+00 2.13100004e+00 2.17199993e+00 2.21300006e+00
    2.23300004e+00 0. 0. 0. 0. 0. 0. 0. 0. 0. 0. 0. 0. 0. 0. 0. 0. 0. 0.
    2. 1.98699999e+00 1.93599999e+00 1.88499999e+00 1.87500000e+00
    1.87500000e+00 1.87500000e+00 1.87500000e+00 1.87500000e+00
    1.91799998e+00 1.96899998e+00 2.00300002e+00 2.01200008e+00
    2.01999998e+00 2.06200004e+00 2.10599995e+00 2.13499999e+00
    2.14400005e+00 2.15199995e+00 2.20700002e+00 2.26200008e+00
    2.28900003e+00 0. 0. 0. 0. 0. 0. 0. 0. 0. 0. 0. 0. 0. 0. 0. 0. 0. 0.
    2. 1.98699999e+00 1.93599999e+00 1.88499999e+00 1.87500000e+00
    1.87500000e+00 1.87500000e+00 1.87500000e+00 1.87500000e+00
    1.91799998e+00 1.96899998e+00 2.01200008e+00 2.04099989e+00
    2.07100010e+00 2.09500003e+00 2.11800003e+00 2.14499998e+00
    2.17600012e+00 2.20700002e+00 2.26300001e+00 2.31900001e+00
    2.34599996e+00 0. 0. 0. 0. 0. 0. 0. 0. 0. 0. 0. 0. 0. 0. 0. 0. 0. 0.
    2. 1.98699999e+00 1.93599999e+00 1.88499999e+00 1.87500000e+00
    1.87500000e+00 1.87500000e+00 1.87500000e+00 1.87500000e+00
    1.91799998e+00 1.96899998e+00 2.01999998e+00 2.07100010e+00
    2.12299991e+00 2.12800002e+00 2.13000011e+00 2.15499997e+00
    2.20799994e+00 2.26200008e+00 2.31900001e+00 2.37599993e+00
    2.40300012e+00 0. 0. 0. 0. 0. 0. 0. 0. 0. 0. 0. 0. 0. 0. 0. 0. 0. 0.
    2. 1.98699999e+00 1.93599999e+00 1.88499999e+00 1.87500000e+00
    1.87500000e+00 1.87500000e+00 1.87500000e+00 1.87500000e+00
    1.90199995e+00 1.93400002e+00 1.98099995e+00 2.05299997e+00
    2.12500000e+00 2.13100004e+00 2.13100004e+00 2.16499996e+00
    2.24200010e+00 2.31800008e+00 2.37700009e+00 2.43499994e+00
    2.46300006e+00 0. 0. 0. 0. 0. 0. 0. 0. 0. 0. 0. 0. 0. 0. 0. 0. 0. 0.
    2. 1.98699999e+00 1.93599999e+00 1.88499999e+00 1.87500000e+00
    1.87500000e+00 1.87500000e+00 1.87500000e+00 1.87500000e+00
    1.88499999e+00 1.89600003e+00 1.93900001e+00 2.03099990e+00
    2.12400007e+00 2.13100004e+00 2.13100004e+00 2.17600012e+00
    2.27500010e+00 2.37500000e+00 2.43499994e+00 2.49399996e+00
    2.52300000e+00 0. 0. 0. 0. 0. 0. 0. 0. 0. 0. 0. 0. 0. 0. 0. 0. 0. 0.
    1.97700000e+00 1.96399999e+00 1.91299999e+00 1.86300004e+00
    1.85300004e+00 1.85300004e+00 1.85300004e+00 1.85300004e+00
    1.85300004e+00 1.85300004e+00 1.85300004e+00 1.89699996e+00
    2.00900006e+00 2.12199998e+00 2.13100004e+00 2.13100004e+00
    2.17700005e+00 2.27900004e+00 2.38000011e+00 2.43000007e+00
    2.47900009e+00 2.50300002e+00 0. 0. 0. 0. 0. 0. 0. 0. 0. 0. 0. 0. 0.
    0. 0. 0. 0. 0. 1.92700005e+00 1.91299999e+00 1.86300004e+00
    1.81299996e+00 1.80299997e+00 1.80299997e+00 1.80299997e+00
    1.80299997e+00 1.80299997e+00 1.80299997e+00 1.80299997e+00
    1.85500002e+00 1.98800004e+00 2.11999989e+00 2.13100004e+00
    2.13100004e+00 2.16599989e+00 2.24499989e+00 2.32399988e+00
    2.34899998e+00 2.37400007e+00 2.38599992e+00 0. 0. 0. 0. 0. 0. 0. 0.
    0. 0. 0. 0. 0. 0. 0. 0. 0. 0. 1.87600005e+00 1.86300004e+00
    1.81299996e+00 1.76400006e+00 1.75399995e+00 1.75399995e+00
    1.75399995e+00 1.75399995e+00 1.75399995e+00 1.75399995e+00
    1.75399995e+00 1.81299996e+00 1.96599996e+00 2.11899996e+00
    2.13100004e+00 2.13100004e+00 2.15599990e+00 2.21199989e+00
    2.26699996e+00 2.26799989e+00 2.26900005e+00 2.26900005e+00 0. 0. 0.
    0. 0. 0. 0. 0. 0. 0. 0. 0. 0. 0. 0. 0. 0. 0. 1.87500000e+00
    1.86199999e+00 1.81200004e+00 1.76300001e+00 1.75300002e+00
    1.75300002e+00 1.74699998e+00 1.72800004e+00 1.71000004e+00
