<?xml version="1.0"?>
<opencv_storage>
<Depth type_id="opencv-matrix">
  <rows>40</rows>
  <cols>40</cols>
  <dt>f</dt>
  <data>
    0. 0. 0. 0. 0. 0. 0. 0. 0. 0. 0. 0. 0. 0. 0. 0. 0. 0. 0. 0. 0. 0. 0.
    0. 0. 0. 0. 0. 0. 0. 0. 0. 0. 0. 0. 0. 0. 0. 0. 0. 0. 0. 0. 0. 0. 0.
    0. 0. 0. 0. 0. 0. 0. 0. 0. 0. 0. 0. 0. 0. 0. 0. 0. 0. 0. 0. 0. 0. 0.
    0. 0. 0. 0. 0. 0. 0. 0. 0. 0. 0. 0. 0. 0. 0. 0. 0. 0. 0. 0. 0. 0. 0.
    0. 0. 0. 0. 0. 0. 0. 0. 0. 0. 0. 0. 0. 0. 0. 0. 0. 0. 0. 0. 0. 0. 0.
    0. 0. 0. 0. 0. 0. 0. 0. 0. 0. 0. 0. 0. 0. 0. 0. 0. 0. 0. 0. 0. 0. 0.
    0. 0. 0. 0. 0. 0. 0. 0. 0. 0. 0. 0. 0. 0. 0. 0. 0. 0. 0. 0. 0. 0. 0.
    0. 0. 0. 0. 0. 0. 0. 0. 0. 0. 0. 0. 0. 0. 0. 0. 0. 0. 0. 0. 0. 0. 0.
    0. 0. 0. 0. 0. 0. 0. 0. 0. 0. 0. 0. 0. 0. 0. 0. 0. 0. 0. 0. 0. 0. 0.
    0. 0. 0. 0. 0. 0. 0. 0. 0. 0. 0. 0. 0. 0. 0. 0. 0. 0. 0. 0. 0. 0. 0.
    0. 0. 0. 0. 0. 0. 0. 0. 0. 0. 0. 0. 0. 0. 0. 0. 0. 0. 0. 0. 0. 0. 0.
    0. 0. 0. 0. 0. 0. 0. 0. 0. 0. 0. 0. 0. 0. 0. 0. 0. 0. 0. 0. 0. 0. 0.
    0. 0. 0. 0. 0. 0. 0. 0. 0. 0. 0. 0. 0. 0. 0. 0. 0. 0. 0. 0. 0. 0. 0.
    0. 0. 0. 0. 0. 0. 0. 0. 0. 0. 0. 0. 0. 0. 0. 0. 0. 0. 0. 0. 0. 0. 0.
    0. 0. 0. 0. 0. 0. 0. 0. 0. 0. 0. 0. 0. 0. 0. 0. 0. 0. 0. 0. 0. 0. 0.
    0. 0. 0. 0. 0. 0. 0. 0. 0. 0. 0. 0. 0. 0. 0. 0. 0. 0. 0. 0. 0. 0. 0.
    0. 0. 0. 0. 0. 0. 0. 0. 0. 0. 0. 0. 0. 0. 0. 0. 0. 0. 0. 0. 0. 0. 0.
    0. 0. 0. 0. 0. 0. 0. 0. 0. 0. 0. 0. 0. 0. 0. 0. 0. 0. 0. 0. 0. 0. 0.
    0. 0. 0. 0. 0. 0. 0. 0. 0. 0. 0. 0. 0. 0. 0. 0. 0. 0. 0. 0. 0. 0. 0.
    0. 0. 0. 0. 0. 0. 0. 0. 0. 0. 0. 0. 0. 0. 0. 0. 0. 0. 0. 0. 0. 0. 0.
    0. 0. 0. 0. 0. 0. 0. 0. 0. 0. 0. 0. 0. 0. 0. 0. 0. 0. 0. 0. 0. 0. 0.
    0. 0. 0. 0. 0. 0. 0. 0. 0. 0. 0. 0. 0. 0. 0. 0. 0. 0. 0. 0. 0. 0. 0.
    0. 0. 0. 0. 0. 0. 0. 0. 0. 0. 0. 0. 0. 0. 0. 2.22099996e+00
    2.22099996e+00 2.22099996e+00 2.22099996e+00 2.22099996e+00
    2.22099996e+00 2.22099996e+00 2.22099996e+00 2.22099996e+00
    2.22099996e+00 2.22099996e+00 2.22099996e+00 2.22099996e+00
    2.22099996e+00 2.22099996e+00 2.17799997e+00 2.12700009e+00
    2.10800004e+00 2.10800004e+00 2.10800004e+00 2.10800004e+00
    2.13199997e+00 2.34299994e+00 2.55500007e+00 2.58400011e+00
    2.58400011e+00 2.45499992e+00 2.24399996e+00 2.10800004e+00
    2.10800004e+00 2.10800004e+00 2.10800004e+00 2.10800004e+00
    2.10800004e+00 2.10800004e+00 0. 0. 0. 0. 0. 2.22099996e+00
    2.22099996e+00 2.22099996e+00 2.22099996e+00 2.22099996e+00
    2.22099996e+00 2.22099996e+00 2.22099996e+00 2.22099996e+00
    2.22099996e+00 2.21799994e+00 2.21000004e+00 2.20199990e+00
    2.20199990e+00 2.20199990e+00 2.16599989e+00 2.12400007e+00
    2.10800004e+00 2.10800004e+00 2.10800004e+00 2.10800004e+00
    2.12800002e+00 2.30399990e+00 2.48000002e+00 2.50500011e+00
    2.50500011e+00 2.39700007e+00 2.22099996e+00 2.10800004e+00
    2.10800004e+00 2.10800004e+00 2.10800004e+00 2.10800004e+00
    2.10800004e+00 2.10800004e+00 0. 0. 0. 0. 0. 2.22099996e+00
    2.22099996e+00 2.22099996e+00 2.22099996e+00 2.22099996e+00
    2.22099996e+00 2.22099996e+00 2.22099996e+00 2.22099996e+00
    2.22099996e+00 2.21000004e+00 2.17899990e+00 2.15199995e+00
    2.15199995e+00 2.15199995e+00 2.13499999e+00 2.11599994e+00
    2.10800004e+00 2.10800004e+00 2.10800004e+00 2.10800004e+00
    2.11700010e+00 2.20000005e+00 2.28200006e+00 2.29299998e+00
    2.29299998e+00 2.24300003e+00 2.16100001e+00 2.10800004e+00
    2.10800004e+00 2.10800004e+00 2.10800004e+00 2.10800004e+00
    2.10800004e+00 2.10800004e+00 1.46500003e+00 0. 0. 0. 0.
    2.22099996e+00 2.22099996e+00 2.22099996e+00 2.22099996e+00
    2.21799994e+00 2.21499991e+00 2.21499991e+00 2.21499991e+00
    2.21499991e+00 2.21499991e+00 2.19700003e+00 2.15000010e+00
    2.10800004e+00 2.10800004e+00 2.10800004e+00 2.10599995e+00
    2.10299993e+00 2.10200000e+00 2.10200000e+00 2.10200000e+00
    2.10200000e+00 2.10200000e+00 2.10500002e+00 2.10800004e+00
    2.10800004e+00 2.10800004e+00 2.10800004e+00 2.10800004e+00
    2.10800004e+00 2.10800004e+00 2.10800004e+00 2.10800004e+00
    2.10800004e+00 2.10599995e+00 2.10299993e+00 2.10200000e+00
    2.10200000e+00 2.10200000e+00 0. 0. 2.22099996e+00 2.22099996e+00
    2.22099996e+00 2.21799994e+00 2.19300008e+00 2.16799998e+00
    2.16499996e+00 2.16499996e+00 2.16499996e+00 2.16499996e+00
    2.15499997e+00 2.13000011e+00 2.10800004e+00 2.10800004e+00
    2.10800004e+00 2.08699989e+00 2.06299996e+00 2.05399990e+00
    2.05399990e+00 2.05399990e+00 2.05399990e+00 2.05699992e+00
    2.08100009e+00 2.10500002e+00 2.10800004e+00 2.10800004e+00
    2.10800004e+00 2.10800004e+00 2.10800004e+00 2.10800004e+00
    2.10800004e+00 2.10800004e+00 2.10800004e+00 2.08800006e+00
    2.06399989e+00 2.05399990e+00 2.05399990e+00 2.05399990e+00 0. 0.
    2.22099996e+00 2.22099996e+00 2.22099996e+00 2.21499991e+00
    2.16799998e+00 2.12100005e+00 2.11400008e+00 2.11400008e+00
    2.11400008e+00 2.11400008e+00 2.11299992e+00 2.11100006e+00
    2.10800004e+00 2.10800004e+00 2.10800004e+00 2.06900001e+00
    2.02399993e+00 2.00600004e+00 2.00600004e+00 2.00600004e+00
    2.00600004e+00 2.01099992e+00 2.05599999e+00 2.10200000e+00
    2.10800004e+00 2.10800004e+00 2.10800004e+00 2.10800004e+00
    2.10800004e+00 2.10800004e+00 2.10800004e+00 2.10800004e+00
    2.10800004e+00 2.06900001e+00 2.02399993e+00 2.00600004e+00
    2.00600004e+00 2.00600004e+00 0. 0. 2.22099996e+00 2.22099996e+00
    2.22099996e+00 2.21499991e+00 2.16499996e+00 2.11400008e+00
    2.10800004e+00 2.10800004e+00 2.10800004e+00 2.10800004e+00
    2.10800004e+00 2.10800004e+00 2.10800004e+00 2.10800004e+00
    2.10800004e+00 2.06599998e+00 2.01799989e+00 2. 2. 2. 2.
    2.00300002e+00 2.03299999e+00 2.06200004e+00 2.08200002e+00
    2.10100007e+00 2.10800004e+00 2.10800004e+00 2.10800004e+00
    2.10800004e+00 2.10800004e+00 2.10800004e+00 2.10800004e+00
    2.06699991e+00 2.01900005e+00 2. 2. 2. 0. 0. 2.22099996e+00
    2.22099996e+00 2.22099996e+00 2.21499991e+00 2.16499996e+00
    2.11400008e+00 2.10800004e+00 2.10800004e+00 2.10800004e+00
    2.10800004e+00 2.10800004e+00 2.10800004e+00 2.10800004e+00
    2.10800004e+00 2.10800004e+00 2.06599998e+00 2.01799989e+00 2. 2. 2.
    2. 2.00099993e+00 2.00900006e+00 2.01699996e+00 2.05299997e+00
    2.09200001e+00 2.10800004e+00 2.10800004e+00 2.10800004e+00
    2.10800004e+00 2.10800004e+00 2.10800004e+00 2.10800004e+00
    2.06699991e+00 2.01900005e+00 2. 2. 2. 0. 0. 2.25300002e+00
    2.24799991e+00 2.23300004e+00 2.21700001e+00 2.18000007e+00
    2.14400005e+00 2.13899994e+00 2.13899994e+00 2.13100004e+00
    2.11700010e+00 2.10800004e+00 2.10800004e+00 2.10800004e+00
    2.10800004e+00 2.10800004e+00 2.07800007e+00 2.04299998e+00
    2.02200007e+00 2.00799990e+00 2. 2. 2. 2. 2. 2.04099989e+00
    2.08899999e+00 2.10800004e+00 2.10800004e+00 2.11299992e+00
    2.12700009e+00 2.13800001e+00 2.12400007e+00 2.10999990e+00
    2.07800007e+00 2.04299998e+00 2.02200007e+00 2.00900006e+00 2. 0. 0.
    2.30399990e+00 2.29099989e+00 2.25399995e+00 2.21900010e+00
    2.20499992e+00 2.19099998e+00 2.18899989e+00 2.18899989e+00
    2.16700006e+00 2.13100004e+00 2.10800004e+00 2.10800004e+00
    2.10800004e+00 2.10800004e+00 2.10800004e+00 2.09599996e+00
    2.08299994e+00 2.05599999e+00 2.02200007e+00 2. 2. 2. 2. 2.
    2.04099989e+00 2.08899999e+00 2.10800004e+00 2.10800004e+00
    2.12100005e+00 2.15700006e+00 2.18499994e+00 2.14899993e+00
    2.11299992e+00 2.09599996e+00 2.08299994e+00 2.05699992e+00
    2.02200007e+00 2. 0. 0. 2.35700011e+00 2.33800006e+00 2.28600001e+00
    2.24000001e+00 2.24000001e+00 2.24000001e+00 2.23300004e+00
    2.22399998e+00 2.19499993e+00 2.15300012e+00 2.12700009e+00
    2.12700009e+00 2.12700009e+00 2.12700009e+00 2.12700009e+00
    2.12700009e+00 2.12700009e+00 2.09699988e+00 2.04800010e+00
    2.01799989e+00 2.01799989e+00 2.01799989e+00 2.01799989e+00
    2.01799989e+00 2.05900002e+00 2.10800004e+00 2.13199997e+00
    2.14000010e+00 2.16100001e+00 2.20300007e+00 2.23499990e+00
