<?xml version="1.0"?>
<opencv_storage>
<Depth type_id="opencv-matrix">
  <rows>40</rows>
  <cols>40</cols>
  <dt>f</dt>
  <data>
    0. 0. 0. 0. 0. 0. 0. 0. 0. 0. 0. 0. 0. 0. 0. 0. 0. 1.97399998e+00 0.
    0. 0. 0. 1.99199998e+00 0. 2.71000004e+00 0. 0. 0. 0. 0. 0. 0. 0. 0.
    0. 0. 0. 0. 0. 0. 0. 0. 0. 0. 0. 0. 0. 0. 0. 0. 0. 0. 0. 0. 0.
    1.99300003e+00 1.99100006e+00 1.98399997e+00 1.98899996e+00
    1.98599994e+00 1.98399997e+00 1.98599994e+00 1.98399997e+00
    1.98599994e+00 1.98399997e+00 1.21300006e+00 0. 0. 0. 0. 0. 0. 0. 0.
    0. 0. 0. 0. 0. 0. 0. 0. 0. 0. 0. 0. 0. 0. 0. 0. 0. 0. 0.
    1.67400002e+00 1.99300003e+00 1.99100006e+00 1.99000001e+00
    1.99000001e+00 1.99000001e+00 1.98699999e+00 1.98599994e+00
    1.98599994e+00 1.98399997e+00 1.98399997e+00 1.98399997e+00
    1.29700005e+00 0. 0. 0. 0. 0. 0. 0. 0. 0. 0. 0. 0. 0. 0. 0. 0. 0. 0.
    0. 0. 0. 0. 0. 0. 0. 0. 0. 1.98399997e+00 1.99500000e+00
    1.99000001e+00 1.99000001e+00 1.99000001e+00 1.99000001e+00
    1.98899996e+00 1.98599994e+00 1.98599994e+00 1.98399997e+00
    1.98599994e+00 1.98500001e+00 1.29700005e+00 0. 0. 0. 0. 0. 0. 0. 0.
    0. 0. 0. 0. 0. 0. 0. 0. 0. 0. 0. 0. 0. 0. 0. 0. 0. 0. 0.
    1.16900003e+00 1.99399996e+00 1.99199998e+00 1.99199998e+00
    1.99000001e+00 1.99000001e+00 1.99000001e+00 1.98800004e+00
    1.98599994e+00 1.98399997e+00 1.98599994e+00 1.98599994e+00
    1.29700005e+00 0. 0. 0. 0. 0. 0. 0. 0. 0. 0. 0. 0. 0. 0. 0. 0. 0. 0.
    0. 0. 0. 0. 0. 0. 0. 0. 0. 1.16900003e+00 1.99699998e+00
    1.99300003e+00 1.99199998e+00 1.99199998e+00 1.99199998e+00
    1.99000001e+00 1.99000001e+00 1.98899996e+00 1.98800004e+00
    1.98699999e+00 1.98599994e+00 1.29700005e+00 0. 0. 0. 0. 0. 0. 0. 0.
    0. 0. 0. 0. 0. 0. 0. 0. 0. 0. 0. 0. 0. 0. 0. 0. 0. 0. 0.
    1.16900003e+00 1.99699998e+00 1.99399996e+00 1.99199998e+00
    1.99199998e+00 1.99199998e+00 1.99199998e+00 1.99000001e+00
    1.99000001e+00 1.99000001e+00 1.98899996e+00 1.98599994e+00
    1.23599994e+00 0. 0. 0. 0. 0. 0. 0. 0. 0. 0. 0. 0. 0. 0. 0. 0. 0. 0.
    0. 0. 0. 0. 0. 0. 0. 0. 0. 1.16900003e+00 1.99500000e+00
    1.99399996e+00 1.99300003e+00 1.99300003e+00 1.99199998e+00
    1.99199998e+00 1.99100006e+00 1.99000001e+00 1.98899996e+00
    1.99000001e+00 1.98599994e+00 1.29700005e+00 0. 0. 0. 0. 0. 0. 0. 0.
    0. 0. 0. 0. 0. 0. 0. 0. 0. 0. 0. 0. 0. 0. 0. 0. 0. 0. 0.
    1.16900003e+00 1.99600005e+00 1.99500000e+00 1.99399996e+00
    1.99399996e+00 1.99300003e+00 1.99199998e+00 1.99100006e+00
    1.99000001e+00 1.98800004e+00 1.98800004e+00 1.98699999e+00
    1.29700005e+00 0. 0. 0. 0. 0. 0. 0. 0. 0. 0. 0. 0. 0. 0. 0. 0. 0. 0.
    0. 0. 0. 0. 0. 0. 0. 0. 0. 1.16900003e+00 1.99800003e+00
    1.99800003e+00 1.99800003e+00 1.99600005e+00 1.99399996e+00
    1.99199998e+00 1.99199998e+00 1.99199998e+00 1.99000001e+00
    1.99000001e+00 1.98899996e+00 1.29700005e+00 0. 0. 0. 0. 0. 0. 0. 0.
    0. 0. 0. 0. 0. 0. 0. 0. 0. 0. 0. 0. 0. 0. 0. 0. 0. 0. 0.
    1.16900003e+00 1.99600005e+00 1.99800003e+00 1.99699998e+00
    1.99699998e+00 1.99399996e+00 1.99300003e+00 1.99199998e+00
    1.99000001e+00 1.99000001e+00 1.99199998e+00 1.99000001e+00
    1.29700005e+00 0. 0. 0. 0. 0. 0. 0. 0. 0. 0. 0. 0. 0. 0. 0. 0. 0. 0.
    0. 0. 0. 0. 0. 0. 0. 0. 0. 1.16900003e+00 1.99899995e+00
    1.99800003e+00 1.99600005e+00 1.99600005e+00 1.99399996e+00
    1.99300003e+00 1.99199998e+00 1.99199998e+00 1.99199998e+00
    1.99199998e+00 1.98899996e+00 1.56099999e+00 0. 0. 0. 0. 0. 0. 0. 0.
    0. 0. 0. 0. 0. 0. 0. 0. 0. 0. 0. 0. 0. 0. 0. 0. 0. 0. 0.
    1.16900003e+00 2. 1.99800003e+00 1.99800003e+00 1.99600005e+00
    1.99699998e+00 1.99600005e+00 1.99399996e+00 1.99199998e+00
    1.99199998e+00 1.99199998e+00 1.99199998e+00 1.88399994e+00 0. 0. 0.
    0. 0. 0. 0. 0. 0. 0. 0. 0. 0. 0. 0. 0. 0. 0. 0. 0. 0. 0. 0. 0. 0. 0.
    0. 1.16900003e+00 2.00099993e+00 2. 1.99800003e+00 1.99800003e+00
    1.99800003e+00 1.99600005e+00 1.99399996e+00 1.99399996e+00
    1.99199998e+00 1.99199998e+00 1.99100006e+00 1.29799998e+00 0. 0. 0.
    0. 0. 0. 0. 0. 0. 0. 0. 0. 0. 0. 0. 0. 0. 0. 0. 0. 0. 0. 0. 0. 0. 0.
    0. 1.16900003e+00 2. 2.00099993e+00 2. 1.99800003e+00 1.99800003e+00
    1.99699998e+00 1.99699998e+00 1.99399996e+00 1.99199998e+00
    1.99199998e+00 1.98899996e+00 1.29700005e+00 0. 0. 0. 0. 0. 0. 0. 0.
    0. 0. 0. 0. 0. 0. 0. 0. 0. 0. 0. 0. 0. 0. 0. 0. 0. 0. 0.
    1.16900003e+00 1.71200001e+00 2. 2. 2. 1.99800003e+00 1.99699998e+00
    1.99600005e+00 1.99399996e+00 1.99300003e+00 1.99199998e+00
    1.99199998e+00 1.98800004e+00 0. 0. 0. 0. 0. 0. 0. 0. 0. 0. 0. 0. 0.
    0. 0. 0. 0. 0. 0. 0. 0. 0. 0. 0. 0. 0. 0. 1.16900003e+00
    1.45400000e+00 2.00099993e+00 2. 1.99800003e+00 1.99800003e+00
    1.99800003e+00 1.99500000e+00 1.99399996e+00 1.99399996e+00
    1.99399996e+00 1.99399996e+00 1.99100006e+00 0. 0. 0. 0. 0. 0. 0. 0.
    0. 0. 0. 0. 0. 0. 0. 0. 0. 0. 0. 0. 0. 0. 0. 0. 0. 0. 0.
    1.16900003e+00 1.46599996e+00 2.00099993e+00 2.00200009e+00
    1.99800003e+00 1.99800003e+00 1.99800003e+00 1.99800003e+00
    1.99800003e+00 1.99600005e+00 1.99399996e+00 1.99399996e+00
    1.31200004e+00 0. 0. 0. 0. 0. 0. 0. 0. 0. 0. 0. 0. 0. 0. 0. 0. 0. 0.
    0. 0. 0. 0. 0. 0. 0. 0. 0. 1.16900003e+00 1.45500004e+00
    2.00200009e+00 2.00200009e+00 2. 2. 1.99899995e+00 1.99800003e+00
    1.99800003e+00 1.99600005e+00 1.99399996e+00 1.99399996e+00
    1.99399996e+00 0. 0. 0. 0. 0. 0. 0. 0. 0. 0. 0. 0. 0. 0. 0. 0. 0. 0.
    0. 0. 0. 0. 0. 0. 0. 0. 0. 1.16900003e+00 1.45500004e+00
    2.00399995e+00 2. 2. 2. 2. 1.99800003e+00 1.99800003e+00
    1.99600005e+00 1.99600005e+00 1.99399996e+00 1.99399996e+00 0. 0. 0.
    0. 0. 0. 0. 0. 0. 0. 0. 0. 0. 0. 0. 0. 0. 0. 0. 0. 0. 0. 0. 0. 0. 0.
    0. 1.16900003e+00 1.45500004e+00 2.00399995e+00 2.00099993e+00
    2.00099993e+00 2. 2. 1.99800003e+00 1.99800003e+00 1.99600005e+00
    1.99399996e+00 1.99500000e+00 1.99199998e+00 0. 0. 0. 0. 0. 0. 0. 0.
    0. 0. 0. 0. 0. 0. 0. 0. 0. 0. 0. 0. 0. 0. 0. 0. 0. 0. 0.
    1.16900003e+00 1.20099998e+00 2.00399995e+00 2.00399995e+00
    2.00399995e+00 2.00099993e+00 2. 2. 1.99800003e+00 1.99600005e+00
    1.99600005e+00 1.99699998e+00 1.99600005e+00 0. 0. 0. 0. 0. 0. 0. 0.
    0. 0. 0. 0. 0. 0. 0. 0. 0. 0. 0. 0. 0. 0. 0. 0. 0. 0. 0.
    1.16900003e+00 1.45599997e+00 2.00500011e+00 2.00399995e+00
    2.00200009e+00 2.00200009e+00 2. 1.99899995e+00 1.99800003e+00
    1.99699998e+00 1.99600005e+00 1.99600005e+00 1.99100006e+00 0. 0. 0.
    0. 0. 0. 0. 0. 0. 0. 0. 0. 0. 0. 0. 0. 0. 0. 0. 0. 0. 0. 0. 0. 0. 0.
    0. 1.16900003e+00 1.35699999e+00 2.00699997e+00 2.00500011e+00
    2.00300002e+00 2. 2. 2. 1.99899995e+00 1.99800003e+00 1.99800003e+00
    1.99800003e+00 1.99600005e+00 0. 0. 0. 0. 0. 0. 0. 0. 0. 0. 0. 0. 0.
    0. 0. 0. 0. 0. 0. 0. 0. 0. 0. 0. 0. 0. 0. 1.16900003e+00
    1.76999998e+00 2.00799990e+00 2.00500011e+00 2.00300002e+00
    2.00300002e+00 2. 2. 1.99800003e+00 1.99800003e+00 1.99800003e+00
    1.99800003e+00 1.99600005e+00 0. 0. 0. 0. 0. 0. 0. 0. 0. 0. 0. 0. 0.
    0. 0. 0. 0. 0. 0. 0. 0. 0. 0. 0. 0. 0. 0. 1.16900003e+00
    1.56500006e+00 2.00799990e+00 2.00399995e+00 2.00399995e+00
    2.00399995e+00 2.00200009e+00 2. 2. 1.99800003e+00 1.99800003e+00
    1.99800003e+00 1.99600005e+00 0. 0. 0. 0. 0. 0. 0. 0. 0. 0. 0. 0. 0.
    0. 0. 0. 0. 0. 0. 0. 0. 0. 0. 0. 0. 0. 0. 1.16900003e+00
    1.16900003e+00 2.00799990e+00 2.00600004e+00 2.00600004e+00
    2.00600004e+00 2.00399995e+00 2.00300002e+00 2. 1.99800003e+00
    1.99800003e+00 1.99800003e+00 1.99600005e+00 0. 0. 0. 0. 0. 0. 0. 0.
    0. 0. 0. 0. 0. 0. 0. 0. 0. 0. 0. 0. 0. 0. 0. 0. 0. 0. 0.
    1.16900003e+00 1.16900003e+00 2.01200008e+00 2.00600004e+00
    2.00600004e+00 2.00600004e+00 2.00500011e+00 2.00200009e+00 2. 2. 2.
    2. 1.99699998e+00 0. 0. 0. 0. 0. 0. 0. 0. 0. 0. 0. 0. 0. 0. 0. 0. 0.
    0. 0. 0. 0. 0. 0. 0. 0. 0. 0. 1.16900003e+00 1.16900003e+00
    2.00999999e+00 2.00799990e+00 2.00600004e+00 2.00600004e+00
