<?xml version="1.0"?>
<opencv_storage>
<Depth type_id="opencv-matrix">
  <rows>40</rows>
  <cols>40</cols>
  <dt>f</dt>
  <data>
    0. 0. 0. 0. 0. 0. 0. 0. 0. 0. 0. 0. 0. 0. 0. 0. 0. 1.07099998e+00
    1.05799997e+00 1.59000003e+00 2.34200001e+00 2.33899999e+00
    1.48500001e+00 0. 0. 0. 0. 0. 0. 0. 0. 0. 0. 0. 0. 0. 0. 0. 0. 0. 0.
    0. 0. 0. 0. 0. 0. 0. 0. 0. 0. 0. 0. 0. 0. 0. 0. 2.35800004e+00
    2.33400011e+00 2.32500005e+00 2.32500005e+00 2.32500005e+00
    1.48800004e+00 0. 0. 0. 0. 0. 0. 0. 0. 0. 0. 0. 0. 0. 0. 0. 0. 0. 0.
    0. 0. 0. 0. 0. 0. 0. 0. 0. 0. 0. 0. 0. 0. 0. 1.16199994e+00
    2.33100009e+00 2.31900001e+00 2.31699991e+00 2.31500006e+00
    2.29500008e+00 2.28900003e+00 1.69400001e+00 1.68799996e+00 0. 0. 0.
    0. 0. 0. 0. 0. 0. 0. 0. 0. 0. 0. 0. 0. 0. 0. 0. 0. 0. 0. 0. 0. 0. 0.
    0. 0. 0. 0. 0. 2.31399989e+00 2.31399989e+00 2.31399989e+00
    2.31399989e+00 2.29200006e+00 2.26200008e+00 2.26600003e+00
    2.27200007e+00 2.26300001e+00 1.06700003e+00 1.06599998e+00 0. 0. 0.
    0. 0. 0. 0. 0. 0. 0. 0. 0. 0. 0. 0. 0. 0. 0. 0. 0. 0. 0. 0. 0. 0. 0.
    0. 0. 1.76600003e+00 2.31399989e+00 2.30900002e+00 2.21099997e+00
    2.27200007e+00 2.26200008e+00 2.26200008e+00 2.26200008e+00
    2.25999999e+00 2.24399996e+00 2.23099995e+00 2.23399997e+00 0.
    2.18899989e+00 2.18499994e+00 0. 0. 0. 0. 0. 0. 0. 0. 0. 0. 0. 0. 0.
    0. 0. 0. 0. 0. 0. 0. 0. 0. 0. 0. 0. 1.76600003e+00 2.31399989e+00
    2.27500010e+00 1.71000004e+00 2.25799990e+00 2.24799991e+00
    2.24600005e+00 2.25200009e+00 2.23699999e+00 2.22700000e+00
    2.20799994e+00 2.19600010e+00 2.18799996e+00 2.18199992e+00
    2.17400002e+00 0. 0. 0. 0. 0. 0. 0. 0. 0. 0. 0. 0. 0. 0. 0. 0. 0. 0.
    0. 0. 0. 0. 0. 1.07500005e+00 2.24399996e+00 2.25300002e+00
    2.25399995e+00 2.22199988e+00 2.23399997e+00 2.24399996e+00
    2.23399997e+00 2.23099995e+00 2.23699999e+00 2.21199989e+00
    2.21199989e+00 2.18899989e+00 2.17499995e+00 2.17199993e+00
    2.17100000e+00 2.16400003e+00 0. 0. 0. 0. 0. 0. 0. 0. 0. 0. 0. 0. 0.
    0. 0. 0. 0. 0. 0. 0. 0. 2.22199988e+00 2.22900009e+00 2.22199988e+00
    2.22199988e+00 2.22199988e+00 2.23200011e+00 2.23099995e+00
    2.21300006e+00 2.20700002e+00 2.20199990e+00 2.20900011e+00
    2.20499992e+00 2.17400002e+00 2.17400002e+00 2.17799997e+00
    2.17600012e+00 2.16700006e+00 2.16000009e+00 2.15499997e+00 0. 0. 0.
    0. 0. 0. 0. 0. 0. 0. 0. 0. 0. 0. 0. 0. 0. 0. 0. 0. 0. 2.22199988e+00
    2.22399998e+00 2.22199988e+00 2.22199988e+00 2.22199988e+00
    2.21600008e+00 2.19300008e+00 2.18600011e+00 2.18400002e+00
    2.16700006e+00 2.15799999e+00 2.15700006e+00 2.14899993e+00
    2.15599990e+00 2.15799999e+00 2.19300008e+00 2.17000008e+00
    2.14800000e+00 2.12500000e+00 0. 0. 0. 0. 0. 0. 0. 0. 0. 0. 0. 0. 0.
    0. 0. 0. 0. 0. 0. 0. 1.03499997e+00 2.20799994e+00 2.21199989e+00
    2.22199988e+00 2.20799994e+00 2.20600009e+00 2.17400002e+00
    2.16100001e+00 2.16100001e+00 2.15599990e+00 2.15599990e+00
    2.15599990e+00 2.15199995e+00 2.14499998e+00 2.13100004e+00
    2.14100003e+00 2.12100005e+00 2.12800002e+00 2.12400007e+00
    2.10700011e+00 0. 0. 0. 0. 0. 0. 0. 0. 0. 0. 0. 0. 0. 0. 0. 0. 0. 0.
    0. 0. 1.00100005e+00 2.18300009e+00 2.18899989e+00 2.18400002e+00
    2.18300009e+00 2.17700005e+00 2.16199994e+00 2.15499997e+00
    2.14599991e+00 2.14599991e+00 2.14599991e+00 2.14499998e+00
    2.13599992e+00 2.11999989e+00 2.11999989e+00 2.11999989e+00
    2.11899996e+00 2.10500002e+00 2.09400010e+00 2.08699989e+00 0. 0. 0.
    0. 0. 0. 0. 0. 0. 0. 0. 0. 0. 0. 0. 0. 0. 0. 0. 0. 0. 2.17499995e+00
    2.18099999e+00 2.17100000e+00 2.16000009e+00 2.15199995e+00
    2.15499997e+00 2.14899993e+00 2.13400006e+00 2.13199997e+00
    2.13199997e+00 2.11400008e+00 2.10700011e+00 2.10599995e+00
    2.09999990e+00 2.09899998e+00 2.09899998e+00 2.08999991e+00
    2.08699989e+00 2.08699989e+00 0. 0. 0. 0. 0. 0. 0. 0. 0. 0. 0. 0. 0.
    0. 0. 0. 0. 0. 0. 0. 0. 1.40400004e+00 2.16700006e+00 2.14700007e+00
    2.13499999e+00 2.13100004e+00 2.13800001e+00 2.12899995e+00
    2.12100005e+00 2.11899996e+00 2.10999990e+00 2.09999990e+00
    2.09699988e+00 2.08699989e+00 2.07999992e+00 2.07500005e+00
    2.07900000e+00 2.07500005e+00 2.06900001e+00 2.06500006e+00 0. 0. 0.
    0. 0. 0. 0. 0. 0. 0. 0. 0. 0. 0. 0. 0. 0. 0. 0. 0. 2.11199999e+00
    2.08999991e+00 2.08699989e+00 2.10100007e+00 2.11199999e+00
    2.11199999e+00 2.11999989e+00 2.11800003e+00 2.10999990e+00
    2.10299993e+00 2.08599997e+00 2.08100009e+00 2.08200002e+00
    2.07800007e+00 2.06299996e+00 2.06100011e+00 2.06100011e+00
    2.06100011e+00 2.05399990e+00 2.04500008e+00 0. 0. 0. 0. 0. 0. 0. 0.
    0. 0. 0. 0. 0. 0. 0. 0. 0. 0. 0. 0. 2.10599995e+00 2.10599995e+00
    2.09299994e+00 2.09599996e+00 2.10599995e+00 2.10599995e+00
    2.10599995e+00 2.08999991e+00 2.08899999e+00 2.08400011e+00
    2.07800007e+00 2.06699991e+00 2.06800008e+00 2.06999993e+00
    2.05399990e+00 2.05399990e+00 2.05500007e+00 2.05500007e+00
    2.04399991e+00 2.03099990e+00 0. 0. 0. 0. 0. 0. 0. 0. 0. 0. 0. 0. 0.
    0. 0. 0. 0. 0. 0. 0. 2.10800004e+00 2.10400009e+00 2.09200001e+00
    2.09100008e+00 2.09100008e+00 2.09100008e+00 2.08200002e+00
    2.07900000e+00 2.07500005e+00 2.07500005e+00 2.06599998e+00
    2.05200005e+00 2.04500008e+00 2.03900003e+00 2.04200006e+00
    2.04600000e+00 2.04600000e+00 2.03299999e+00 2.02300000e+00
    2.01900005e+00 0. 0. 0. 0. 0. 0. 0. 0. 0. 0. 0. 0. 0. 0. 0. 0. 0. 0.
    0. 0. 1.64699996e+00 2.08500004e+00 2.07999992e+00 2.07800007e+00
    2.07599998e+00 2.06100011e+00 2.05800009e+00 2.05299997e+00
    2.05200005e+00 2.05200005e+00 2.04500008e+00 2.03900003e+00
    2.02699995e+00 2.02200007e+00 2.02200007e+00 2.02200007e+00
    2.01999998e+00 2.00699997e+00 2.00300002e+00 2. 0. 0. 0. 0. 0. 0. 0.
    0. 0. 0. 0. 0. 0. 0. 0. 0. 0. 0. 0. 0. 2.06200004e+00 2.06299996e+00
    2.05900002e+00 2.05500007e+00 2.04900002e+00 2.04699993e+00
    2.04699993e+00 2.04600000e+00 2.03800011e+00 2.02999997e+00
    2.02600002e+00 2.01999998e+00 2.01600003e+00 2.00900006e+00
    2.00300002e+00 2.00300002e+00 2.00200009e+00 1.99399996e+00
    1.99399996e+00 1.99300003e+00 0. 0. 0. 0. 0. 0. 0. 0. 0. 0. 0. 0. 0.
    0. 0. 0. 0. 0. 0. 0. 2.05299997e+00 2.05399990e+00 2.04999995e+00
    2.04299998e+00 2.03500009e+00 2.03500009e+00 2.03800011e+00
    2.01900005e+00 2.01699996e+00 2.01900005e+00 2.01900005e+00
    2.01300001e+00 2.00799990e+00 1.99699998e+00 1.99399996e+00
    1.99100006e+00 1.98800004e+00 1.98199999e+00 1.97800004e+00
    1.97399998e+00 0. 0. 0. 0. 0. 0. 0. 0. 0. 0. 0. 0. 0. 0. 0. 0. 0. 0.
    0. 0. 2.03699994e+00 2.03699994e+00 2.03600001e+00 2.02500010e+00
    2.02099991e+00 2.02099991e+00 2.01099992e+00 1.99899995e+00
    1.99500000e+00 1.99500000e+00 1.99899995e+00 2.00300002e+00
    2.00099993e+00 1.99199998e+00 1.98500001e+00 1.98099995e+00
    1.97300005e+00 1.96200001e+00 1.95899999e+00 1.91400003e+00 0. 0. 0.
    0. 0. 0. 0. 0. 0. 0. 0. 0. 0. 0. 0. 0. 0. 0. 0. 0. 2.02399993e+00
    2.02399993e+00 2.01500010e+00 2. 1.99600005e+00 2.00099993e+00
    1.99800003e+00 1.99300003e+00 1.99300003e+00 1.99300003e+00
    1.98599994e+00 1.97599995e+00 1.97300005e+00 1.97200000e+00
    1.96500003e+00 1.96200001e+00 1.95599997e+00 1.95599997e+00
    1.95000005e+00 1.90300000e+00 0. 0. 0. 0. 0. 0. 0. 0. 0. 0. 0. 0. 0.
    0. 0. 0. 0. 0. 0. 0. 2.01500010e+00 2. 1.99800003e+00 1.99500000e+00
    1.98899996e+00 1.98899996e+00 1.98599994e+00 1.97399998e+00
    1.97700000e+00 1.97800004e+00 1.97200000e+00 1.95899999e+00
    1.96099997e+00 1.95899999e+00 1.94400001e+00 1.93700004e+00
    1.93099999e+00 1.93700004e+00 1.93299997e+00 1.92100000e+00 0. 0. 0.
    0. 0. 0. 0. 0. 0. 0. 0. 0. 0. 0. 0. 0. 0. 0. 0. 0. 1.40999997e+00
    1.99100006e+00 1.98699999e+00 1.98300004e+00 1.97599995e+00
    1.96899998e+00 1.96800005e+00 1.96200001e+00 1.96200001e+00
    1.96099997e+00 1.94799995e+00 1.94799995e+00 1.94799995e+00
    1.94500005e+00 1.92900002e+00 1.92700005e+00 1.92100000e+00
