<?xml version="1.0"?>
<opencv_storage>
<Depth type_id="opencv-matrix">
  <rows>40</rows>
  <cols>40</cols>
  <dt>f</dt>
  <data>
    0. 0. 0. 0. 0. 0. 0. 0. 0. 0. 0. 0. 0. 0. 0. 0. 0. 0. 0. 0. 0. 0. 0.
    0. 0. 0. 0. 0. 0. 0. 0. 0. 0. 0. 0. 0. 0. 0. 0. 0. 0. 0. 0. 0. 0. 0.
    0. 0. 0. 0. 0. 0. 0. 0. 0. 0. 0. 0. 0. 0. 0. 0. 0. 0. 0. 0. 0. 0. 0.
    0. 0. 0. 0. 0. 0. 0. 0. 0. 0. 0. 0. 0. 0. 0. 0. 0. 0. 0. 0. 0. 0. 0.
    1.94900000e+00 1.94900000e+00 1.94900000e+00 1.94900000e+00
    1.94900000e+00 1.94900000e+00 1.94900000e+00 1.96399999e+00
    1.99699998e+00 2. 2. 2. 2. 2.38100004e+00 0. 0. 0. 0. 0. 0. 0. 0. 0.
    0. 0. 0. 0. 0. 0. 0. 0. 0. 0. 0. 0. 0. 0. 0. 0. 0. 1.94900000e+00
    1.94900000e+00 1.94900000e+00 1.94900000e+00 1.94900000e+00
    1.94900000e+00 1.94900000e+00 1.95700002e+00 1.97500002e+00
    1.97700000e+00 1.97700000e+00 1.97700000e+00 1.97700000e+00
    2.36100006e+00 0. 0. 0. 0. 0. 0. 0. 0. 0. 0. 0. 0. 0. 0. 0. 0. 0. 0.
    0. 0. 0. 0. 0. 0. 0. 0. 1.95400000e+00 1.95400000e+00 1.95400000e+00
    1.95000005e+00 1.94900000e+00 1.94900000e+00 1.94900000e+00
    1.94900000e+00 1.94900000e+00 1.94900000e+00 1.94900000e+00
    1.94900000e+00 1.94900000e+00 2.34400010e+00 0. 0. 0. 0. 0. 0. 0. 0.
    0. 0. 0. 0. 0. 0. 0. 0. 0. 0. 0. 0. 0. 0. 0. 0. 0. 0. 1.98699999e+00
    1.98699999e+00 1.98300004e+00 1.95899999e+00 1.94900000e+00
    1.94900000e+00 1.94900000e+00 1.94900000e+00 1.94900000e+00
    1.94900000e+00 1.94900000e+00 1.94900000e+00 1.94900000e+00
    2.38400006e+00 0. 0. 0. 0. 0. 0. 0. 0. 0. 0. 0. 0. 0. 0. 0. 0. 0. 0.
    0. 0. 0. 0. 0. 0. 0. 0. 2. 2. 1.99699998e+00 1.97700000e+00
    1.96800005e+00 1.96800005e+00 1.96800005e+00 1.96800005e+00
    1.96800005e+00 1.95700002e+00 1.94900000e+00 1.94900000e+00
    1.94900000e+00 2.39199996e+00 0. 0. 0. 0. 0. 0. 0. 0. 0. 0. 0. 0. 0.
    0. 0. 0. 0. 0. 0. 0. 0. 0. 0. 0. 0. 0. 2. 2. 2. 2. 2. 2. 2. 2. 2.
    1.97000003e+00 1.94900000e+00 1.94900000e+00 1.94900000e+00
    2.37800002e+00 0. 0. 0. 0. 0. 0. 0. 0. 0. 0. 0. 0. 0. 0. 0. 0. 0. 0.
    0. 0. 0. 0. 0. 0. 0. 0. 2. 2. 2. 2. 2. 2. 2. 2. 2. 1.97000003e+00
    1.94900000e+00 1.94900000e+00 1.94900000e+00 2.37800002e+00 0. 0. 0.
    0. 0. 0. 0. 0. 0. 0. 0. 0. 0. 0. 0. 0. 0. 0. 0. 0. 0. 0. 0. 0. 0. 0.
    2.01500010e+00 2.00799990e+00 2. 2. 2. 2. 2. 2. 2. 1.97899997e+00
    1.96099997e+00 1.95099998e+00 1.94900000e+00 2.25399995e+00 0. 0. 0.
    0. 0. 0. 0. 0. 0. 0. 0. 0. 0. 0. 0. 0. 0. 0. 0. 0. 0. 0. 0. 0. 0. 0.
    2.04800010e+00 2.02600002e+00 2. 2. 2. 2. 2. 2. 2. 1.99800003e+00
    1.98599994e+00 1.95599997e+00 1.94900000e+00 1.98800004e+00
    2.16499996e+00 2.22499990e+00 0. 0. 0. 0. 0. 0. 0. 0. 0. 0. 0. 0. 0.
    0. 0. 0. 0. 0. 0. 0. 0. 0. 0. 0. 2.05100012e+00 2.04099989e+00
    2.02699995e+00 2.00799990e+00 2. 2. 2. 2. 2. 2. 1.99500000e+00
    1.98199999e+00 1.97899997e+00 1.98899996e+00 2.03500009e+00
    2.05100012e+00 0. 0. 0. 0. 0. 0. 0. 0. 0. 0. 0. 0. 0. 0. 0. 0. 0. 0.
    0. 0. 0. 0. 0. 0. 2.05100012e+00 2.05100012e+00 2.04600000e+00
    2.01300001e+00 2. 2. 2. 2. 2. 2. 2. 2. 2. 2.00600004e+00
    2.03099990e+00 2.03999996e+00 0. 0. 0. 0. 0. 0. 0. 0. 0. 0. 0. 0. 0.
    0. 0. 0. 0. 0. 0. 0. 0. 0. 0. 0. 2.05100012e+00 2.05100012e+00
    2.04600000e+00 2.01300001e+00 2. 2. 2. 2. 2. 2. 2. 2. 2.
    2.00099993e+00 2.00600004e+00 2.00699997e+00 0. 0. 0. 0. 0. 0. 0. 0.
    0. 0. 0. 0. 0. 0. 0. 0. 0. 0. 0. 0. 0. 0. 0. 0. 2.05100012e+00
    2.05100012e+00 2.04600000e+00 2.01300001e+00 2. 2. 2. 2. 2. 2. 2. 2.
    1.98699999e+00 1.97399998e+00 1.97399998e+00 1.97399998e+00 0. 0. 0.
    0. 0. 0. 0. 0. 0. 0. 0. 0. 0. 0. 0. 0. 0. 0. 0. 0. 0. 0. 0. 0.
    2.05100012e+00 2.04800010e+00 2.03900003e+00 2.01099992e+00 2. 2. 2.
    2. 2. 1.99600005e+00 1.99300003e+00 1.99300003e+00 1.97099996e+00
    1.94900000e+00 1.94900000e+00 1.94900000e+00 0. 0. 0. 0. 0. 0. 0. 0.
    0. 0. 0. 0. 0. 0. 0. 0. 0. 0. 0. 0. 0. 0. 0. 0. 2.05100012e+00
    2.03299999e+00 2.00999999e+00 2.00300002e+00 2. 2. 2. 2. 2.
    1.97700000e+00 1.96000004e+00 1.96000004e+00 1.95500004e+00
    1.94900000e+00 1.94900000e+00 1.94900000e+00 0. 0. 0. 0. 0. 0. 0. 0.
    0. 0. 0. 0. 0. 0. 0. 0. 0. 0. 0. 0. 0. 0. 0. 0. 2.05100012e+00
    2.02800012e+00 2. 2. 2. 2. 2. 2. 2. 1.97000003e+00 1.94900000e+00
    1.94900000e+00 1.94900000e+00 2.12100005e+00 2.90100002e+00 0. 0. 0.
    0. 0. 0. 0. 0. 0. 0. 0. 0. 0. 0. 0. 0. 0. 0. 0. 0. 0. 0. 0. 0. 0.
    2.05100012e+00 2.02800012e+00 2. 2. 2. 2. 2. 2. 2. 1.97000003e+00
    1.94900000e+00 1.94900000e+00 1.94900000e+00 2.33200002e+00 0. 0. 0.
    0. 0. 0. 0. 0. 0. 0. 0. 0. 0. 0. 0. 0. 0. 0. 0. 0. 0. 0. 0. 0. 0. 0.
    2.05100012e+00 2.02800012e+00 2. 2. 2. 2. 2. 2. 2. 1.97000003e+00
    1.94900000e+00 1.94900000e+00 1.94900000e+00 2.07100010e+00
    2.62299991e+00 2.81100011e+00 0. 0. 0. 0. 0. 0. 0. 0. 0. 0. 0. 0. 0.
    0. 0. 0. 0. 0. 0. 0. 0. 0. 0. 0. 2.03399992e+00 2.01799989e+00 2. 2.
    2. 2. 2. 2. 2. 1.97000003e+00 1.94900000e+00 1.94900000e+00
    1.94900000e+00 1.94900000e+00 1.94900000e+00 1.94900000e+00 0. 0. 0.
    0. 0. 0. 0. 0. 0. 0. 0. 0. 0. 0. 0. 0. 0. 0. 0. 0. 0. 0. 0. 0.
    2.00099993e+00 2. 2. 2. 2. 2. 2. 2. 2. 1.97000003e+00 1.94900000e+00
    1.94900000e+00 1.94900000e+00 1.94900000e+00 1.94900000e+00
    1.94900000e+00 0. 0. 0. 0. 0. 0. 0. 0. 0. 0. 0. 0. 0. 0. 0. 0. 0. 0.
    0. 0. 0. 0. 0. 0. 2. 2. 2. 2. 2. 2. 2. 2. 2. 1.98899996e+00
    1.97399998e+00 1.95299995e+00 1.94900000e+00 2.20300007e+00 0. 0. 0.
    0. 0. 0. 0. 0. 0. 0. 0. 0. 0. 0. 0. 0. 0. 0. 0. 0. 0. 0. 0. 0. 0. 0.
    2. 2. 2. 2. 2. 2. 2. 2. 2. 1.99199998e+00 1.97800004e+00
    1.95400000e+00 1.94900000e+00 2.35700011e+00 0. 0. 0. 0. 0. 0. 0. 0.
    0. 0. 0. 0. 0. 0. 0. 0. 0. 0. 0. 0. 0. 0. 0. 0. 0. 0. 2. 2. 2. 2. 2.
    2. 2. 2. 2. 1.97300005e+00 1.95299995e+00 1.95000005e+00
    1.94900000e+00 2.35700011e+00 0. 0. 0. 0. 0. 0. 0. 0. 0. 0. 0. 0. 0.
    0. 0. 0. 0. 0. 0. 0. 0. 0. 0. 0. 0. 0. 2. 2. 2. 2. 2. 2. 2. 2. 2.
    1.97000003e+00 1.94900000e+00 1.94900000e+00 1.94900000e+00
    2.34699988e+00 0. 0. 0. 0. 0. 0. 0. 0. 0. 0. 0. 0. 0. 0. 0. 0. 0. 0.
    0. 0. 0. 0. 0. 0. 0. 0. 2.00900006e+00 2.00900006e+00 2.00799990e+00
    2.00200009e+00 2. 2. 2. 2. 2. 1.97599995e+00 1.95599997e+00
    1.95000005e+00 1.94900000e+00 2.33800006e+00 0. 0. 0. 0. 0. 0. 0. 0.
    0. 0. 0. 0. 0. 0. 0. 0. 0. 0. 0. 0. 0. 0. 0. 0. 0. 0. 2.04200006e+00
    2.04200006e+00 2.03800011e+00 2.01099992e+00 2. 2. 2. 2. 2.
    1.99500000e+00 1.98199999e+00 1.95500004e+00 1.94900000e+00
    2.33800006e+00 0. 0. 0. 0. 0. 0. 0. 0. 0. 0. 0. 0. 0. 0. 0. 0. 0. 0.
    0. 0. 0. 0. 0. 0. 0. 0. 2.05100012e+00 2.05100012e+00 2.04600000e+00
    2.01300001e+00 2. 2. 2. 2. 2. 2. 1.98899996e+00 1.95599997e+00
    1.94900000e+00 2.33800006e+00 0. 0. 0. 0. 0. 0. 0. 0. 0. 0. 0. 0. 0.
    0. 0. 0. 0. 0. 0. 0. 0. 0. 0. 0. 0. 0. 2.04600000e+00 2.04800010e+00
    2.04600000e+00 2.01300001e+00 2. 2. 2. 2. 2. 2. 1.99000001e+00
    1.96099997e+00 1.95700002e+00 2.30800009e+00 0. 0. 0. 0. 0. 0. 0. 0.
    0. 0. 0. 0. 0. 0. 0. 0. 0. 0. 0. 0. 0. 0. 0. 0. 0. 0. 2.01300001e+00
    2.03099990e+00 2.04600000e+00 2.01300001e+00 2. 2. 2. 2. 2. 2.
    1.99699998e+00 1.98899996e+00 2.00600004e+00 2.12500000e+00
    2.57800007e+00 2.73200011e+00 0. 0. 0. 0. 0. 0. 0. 0. 0. 0. 0. 0. 0.
    0. 0. 0. 0. 0. 0. 0. 0. 0. 0. 0. 2. 2.02300000e+00 2.04600000e+00
    2.01300001e+00 2. 2. 2. 2. 2. 2. 2. 2. 2.02600002e+00 2.05100012e+00
    2.05100012e+00 2.05100012e+00 0. 0. 0. 0. 0. 0. 0. 0. 0. 0. 0. 0. 0.
    0. 0. 0. 0. 0. 0. 0. 0. 0. 0. 0. 2. 2.02300000e+00 2.04500008e+00
    2.01300001e+00 2. 2. 2. 2. 2. 2.00099993e+00 2.00099993e+00
    2.00099993e+00 2.02600002e+00 2.05999994e+00 2.10100007e+00
    2.11500001e+00 0. 0. 0. 0. 0. 0. 0. 0. 0. 0. 0. 0. 0. 0. 0. 0. 0. 0.
    0. 0. 0. 0. 0. 0. 2. 2.00799990e+00 2.01500010e+00 2.00399995e+00 2.
    2. 2. 2. 2. 2.01999998e+00 2.03399992e+00 2.03399992e+00
    2.04200006e+00 2.31200004e+00 0. 0. 0. 0. 0. 0. 0. 0. 0. 0. 0. 0. 0.
