<?xml version="1.0"?>
<opencv_storage>
<Depth type_id="opencv-matrix">
  <rows>40</rows>
  <cols>40</cols>
  <dt>f</dt>
  <data>
    0. 0. 0. 0. 0. 0. 0. 0. 0. 0. 0. 0. 2.66799998e+00 2.88499999e+00
    2.42199993e+00 1.99000001e+00 1.97300005e+00 1.96599996e+00
    1.95400000e+00 1.94900000e+00 1.94099998e+00 1.94000006e+00
    1.92600000e+00 1.92600000e+00 1.92600000e+00 1.92600000e+00
    1.92600000e+00 1.92600000e+00 0. 0. 0. 0. 0. 0. 0. 0. 0. 0. 0. 0. 0.
    0. 0. 0. 0. 0. 0. 0. 0. 0. 0. 0. 2.92000008e+00 2.88499999e+00
    2.41599989e+00 1.98599994e+00 1.98500001e+00 1.97200000e+00
    1.96700001e+00 1.95000005e+00 1.94400001e+00 1.94400001e+00
    1.92999995e+00 1.92999995e+00 1.92999995e+00 1.92999995e+00
    1.92999995e+00 1.92999995e+00 0. 0. 0. 0. 0. 0. 0. 0. 0. 0. 0. 0. 0.
    0. 0. 0. 0. 0. 0. 0. 0. 0. 0. 0. 2.92000008e+00 2.85400009e+00
    2.36100006e+00 1.98599994e+00 1.98599994e+00 1.97399998e+00
    1.97200000e+00 1.96399999e+00 1.94900000e+00 1.94400001e+00
    1.94400001e+00 1.94400001e+00 1.93599999e+00 1.92999995e+00
    1.92999995e+00 1.92999995e+00 0. 0. 0. 0. 0. 0. 0. 0. 0. 0. 0. 0. 0.
    0. 0. 0. 0. 0. 0. 0. 0. 0. 0. 0. 2.93199992e+00 2.63400006e+00
    1.98099995e+00 1.98500001e+00 1.98599994e+00 1.98399997e+00
    1.97200000e+00 1.96399999e+00 1.95799994e+00 1.94500005e+00
    1.94400001e+00 1.94400001e+00 1.93599999e+00 1.92999995e+00
    1.92999995e+00 2.28900003e+00 0. 0. 0. 0. 0. 0. 0. 0. 0. 0. 0. 0. 0.
    0. 0. 0. 0. 0. 0. 0. 0. 0. 0. 0. 2.95099998e+00 2.64199996e+00
    1.97200000e+00 1.98199999e+00 1.98599994e+00 1.98399997e+00
    1.97200000e+00 1.96899998e+00 1.96000004e+00 1.94500005e+00
    1.94400001e+00 1.94400001e+00 1.94000006e+00 1.93200004e+00
    1.92999995e+00 0. 0. 0. 0. 0. 0. 0. 0. 0. 0. 0. 0. 0. 0. 0. 0. 0. 0.
    0. 0. 0. 0. 0. 0. 0. 2.95199990e+00 2.65100002e+00 1.97200000e+00
    1.97500002e+00 1.98500001e+00 1.98399997e+00 1.97200000e+00
    1.97200000e+00 1.96200001e+00 1.95500004e+00 1.94400001e+00
    1.94400001e+00 1.94400001e+00 1.94099998e+00 1.94000006e+00 0. 0. 0.
    0. 0. 0. 0. 0. 0. 0. 0. 0. 0. 0. 0. 0. 0. 0. 0. 0. 0. 0. 0. 0. 0.
    2.95199990e+00 2.65100002e+00 1.97200000e+00 1.97200000e+00
    1.98500001e+00 1.98399997e+00 1.97200000e+00 1.97200000e+00
    1.97099996e+00 1.95899999e+00 1.94400001e+00 1.94400001e+00
    1.94400001e+00 1.94400001e+00 1.94400001e+00 0. 0. 0. 0. 0. 0. 0. 0.
    0. 0. 0. 0. 0. 0. 0. 0. 0. 0. 0. 0. 0. 0. 0. 0. 0. 2.95199990e+00
    2.65899992e+00 1.98199999e+00 1.97599995e+00 1.98500001e+00
    1.98399997e+00 1.97399998e+00 1.97399998e+00 1.97099996e+00
    1.95899999e+00 1.95599997e+00 1.94599998e+00 1.95299995e+00
    1.95799994e+00 2.85200000e+00 0. 0. 0. 0. 0. 0. 0. 0. 0. 0. 0. 0. 0.
    0. 0. 0. 0. 0. 0. 0. 0. 0. 0. 0. 0. 2.95499992e+00 2.68199992e+00
    2.00500011e+00 2.00500011e+00 1.99199998e+00 1.98599994e+00
    1.98599994e+00 1.98599994e+00 1.96500003e+00 1.95799994e+00
    1.95799994e+00 1.95799994e+00 1.95799994e+00 1.95799994e+00
    1.95799994e+00 0. 0. 0. 0. 0. 0. 0. 0. 0. 0. 0. 0. 0. 0. 0. 0. 0. 0.
    0. 0. 0. 0. 0. 0. 0. 2.95499992e+00 2.68499994e+00 2.01500010e+00
    2.01500010e+00 2.00099993e+00 1.99300003e+00 1.98599994e+00
    1.98599994e+00 1.97099996e+00 1.95799994e+00 1.95899999e+00
    1.96599996e+00 1.96099997e+00 1.95799994e+00 2.54800010e+00 0. 0. 0.
    0. 0. 0. 0. 0. 0. 0. 0. 0. 0. 0. 0. 0. 0. 0. 0. 0. 0. 0. 0. 0. 0.
    2.95499992e+00 2.68799996e+00 2.02099991e+00 2.00699997e+00 2.
    1.99800003e+00 1.98599994e+00 1.98599994e+00 1.97599995e+00
    1.96899998e+00 1.96899998e+00 1.97200000e+00 1.97000003e+00
    1.96899998e+00 0. 0. 0. 0. 0. 0. 0. 0. 0. 0. 0. 0. 0. 0. 0. 0. 0. 0.
    0. 0. 0. 0. 0. 0. 0. 0. 2.95499992e+00 2.96399999e+00 2.45900011e+00
    2.00399995e+00 2. 2. 1.99500000e+00 1.98599994e+00 1.97599995e+00
    1.97200000e+00 1.97200000e+00 1.97200000e+00 1.97200000e+00
    2.76799989e+00 0. 0. 0. 0. 0. 0. 0. 0. 0. 0. 0. 0. 0. 0. 0. 0. 0. 0.
    0. 0. 0. 0. 0. 0. 0. 0. 2.98200011e+00 2.97300005e+00 2.48000002e+00
    2.01900005e+00 2.01500010e+00 2. 1.99500000e+00 1.98599994e+00
    1.97599995e+00 1.97200000e+00 1.97200000e+00 1.97399998e+00
    1.97200000e+00 2.79200006e+00 0. 0. 0. 0. 0. 0. 0. 0. 0. 0. 0. 0. 0.
    0. 0. 0. 0. 0. 0. 0. 0. 0. 0. 0. 0. 0. 2.98200011e+00 2.86500001e+00
    2.30900002e+00 2.02300000e+00 2.01500010e+00 2. 1.99500000e+00
    1.98599994e+00 1.97599995e+00 1.97200000e+00 1.97399998e+00
    1.98099995e+00 1.97200000e+00 2.48000002e+00 0. 0. 0. 0. 0. 0. 0. 0.
    0. 0. 0. 0. 0. 0. 0. 0. 0. 0. 0. 0. 0. 0. 0. 0. 0. 0. 2.98200011e+00
    2.68899989e+00 2.02999997e+00 2.02999997e+00 2.01600003e+00 2.
    1.99500000e+00 1.98599994e+00 1.98199999e+00 1.98000002e+00
    1.98099995e+00 1.98099995e+00 1.97200000e+00 2.46499991e+00 0. 0. 0.
    0. 0. 0. 0. 0. 0. 0. 0. 0. 0. 0. 0. 0. 0. 0. 0. 0. 0. 0. 0. 0. 0. 0.
    2.98200011e+00 2.68899989e+00 2.02999997e+00 2.02999997e+00
    2.01600003e+00 2. 1.99500000e+00 1.98599994e+00 1.98599994e+00
    1.98599994e+00 1.97500002e+00 1.97800004e+00 1.98300004e+00
    2.81800008e+00 0. 0. 0. 0. 0. 0. 0. 0. 0. 0. 0. 0. 0. 0. 0. 0. 0. 0.
    0. 0. 0. 0. 0. 0. 0. 0. 2.98499990e+00 2.71000004e+00 2.02999997e+00
    2.02999997e+00 2.02999997e+00 2. 1.99500000e+00 1.98599994e+00
    1.98599994e+00 1.98599994e+00 1.97200000e+00 1.97700000e+00
    1.98599994e+00 2.81900001e+00 0. 0. 0. 0. 0. 0. 0. 0. 0. 0. 0. 0. 0.
    0. 0. 0. 0. 0. 0. 0. 0. 0. 0. 0. 0. 0. 2.91100001e+00 2.02999997e+00
    2.02999997e+00 2.02999997e+00 2.02699995e+00 2.01300001e+00
    2.00200009e+00 1.99199998e+00 1.98599994e+00 1.98599994e+00
    1.98599994e+00 1.98599994e+00 1.98599994e+00 1.98599994e+00
    2.85999990e+00 2.88599992e+00 0. 0. 0. 0. 0. 0. 0. 0. 0. 0. 0. 0. 0.
    0. 0. 0. 0. 0. 0. 0. 0. 0. 0. 0. 2.91100001e+00 2.02999997e+00
    2.02999997e+00 2.02999997e+00 2.01600003e+00 2.01500010e+00
    2.01200008e+00 1.99800003e+00 1.99199998e+00 1.98599994e+00
    1.98599994e+00 1.98599994e+00 1.98599994e+00 1.98599994e+00 2. 2. 0.
    0. 0. 0. 0. 0. 0. 0. 0. 0. 0. 0. 0. 0. 0. 0. 0. 0. 0. 0. 0. 0. 0. 0.
    2.91100001e+00 2.02999997e+00 2.02999997e+00 2.02999997e+00
    2.02500010e+00 2.02300000e+00 2.01500010e+00 2.00699997e+00 2.
    1.99500000e+00 1.98599994e+00 1.98599994e+00 1.98599994e+00
    1.98599994e+00 0. 1.99100006e+00 0. 0. 0. 0. 0. 0. 0. 0. 0. 0. 0. 0.
    0. 0. 0. 0. 0. 0. 0. 0. 0. 0. 0. 0. 2.91100001e+00 2.02999997e+00
    2.02999997e+00 2.02999997e+00 2.02999997e+00 2.02800012e+00
    2.01500010e+00 2.00699997e+00 2. 2. 1.98599994e+00 1.98599994e+00
    1.98599994e+00 1.98599994e+00 0. 0. 0. 0. 0. 0. 0. 0. 0. 0. 0. 0. 0.
    0. 0. 0. 0. 0. 0. 0. 0. 0. 0. 0. 0. 0. 0. 2.71000004e+00
    2.02999997e+00 2.02999997e+00 2.02999997e+00 2.02800012e+00
    2.00999999e+00 2. 2. 2. 1.99800003e+00 1.98599994e+00 1.98599994e+00
    1.95400000e+00 0. 0. 0. 0. 0. 0. 0. 0. 0. 0. 0. 0. 0. 0. 0. 0. 0. 0.
    0. 0. 0. 0. 0. 0. 0. 0. 0. 2.72000003e+00 2.04500008e+00
    2.04500008e+00 2.03099990e+00 2.02800012e+00 2.00999999e+00 2.
    2.01099992e+00 2.01500010e+00 2.00099993e+00 1.98899996e+00
    1.99500000e+00 0. 0. 0. 0. 0. 0. 0. 0. 0. 0. 0. 0. 0. 0. 0. 0. 0. 0.
    0. 0. 0. 0. 0. 0. 0. 0. 0. 0. 2.73799992e+00 2.04800010e+00
    2.04500008e+00 2.03099990e+00 2.02900004e+00 2.01900005e+00
    2.01300001e+00 2.01399994e+00 2.00900006e+00 2.00699997e+00 2.
    2.00399995e+00 1.27100003e+00 0. 0. 0. 0. 0. 0. 0. 0. 0. 0. 0. 0. 0.
    0. 0. 0. 0. 0. 0. 0. 0. 0. 0. 0. 0. 0. 0. 2.74099994e+00
    2.05200005e+00 2.04500008e+00 2.03099990e+00 2.02999997e+00
    2.02999997e+00 2.02999997e+00 2.01900005e+00 2.00099993e+00 2. 2.
    1.21300006e+00 1.04600000e+00 0. 0. 0. 0. 0. 0. 0. 0. 0. 0. 0. 0. 0.
    0. 0. 0. 0. 0. 0. 0. 0. 0. 0. 0. 0. 0. 0. 2.74099994e+00
    2.05200005e+00 2.04500008e+00 2.03099990e+00 2.02999997e+00
    2.02999997e+00 2.02999997e+00 2.01900005e+00 2.00099993e+00 2. 2. 0.
    0. 0. 0. 0. 0. 0. 0. 0. 0. 0. 0. 0. 0. 0. 0. 0. 0. 0. 0. 0. 0. 0. 0.
