<?xml version="1.0"?>
<opencv_storage>
<Depth type_id="opencv-matrix">
  <rows>40</rows>
  <cols>40</cols>
  <dt>f</dt>
  <data>
    0. 0. 0. 0. 0. 0. 0. 0. 0. 0. 0. 0. 0. 0. 0. 0. 0. 0. 0. 0. 0. 0. 0.
    0. 0. 0. 0. 0. 0. 0. 0. 0. 0. 0. 0. 0. 0. 0. 0. 0. 0. 0. 0. 0. 0. 0.
    0. 0. 0. 0. 0. 0. 0. 0. 0. 0. 0. 0. 0. 0. 0. 0. 0. 0. 0. 0. 0. 0. 0.
    0. 0. 0. 0. 0. 0. 0. 0. 0. 0. 0. 0. 0. 0. 0. 0. 0. 0. 0. 0. 0. 0. 0.
    0. 0. 0. 0. 0. 0. 0. 0. 0. 0. 0. 0. 0. 0. 0. 0. 0. 0. 0. 0. 0. 0. 0.
    0. 0. 0. 0. 0. 0. 0. 0. 0. 0. 0. 0. 0. 0. 0. 0. 0. 0. 0. 0. 0. 0. 0.
    0. 0. 0. 0. 0. 0. 0. 0. 0. 0. 0. 0. 0. 0. 0. 0. 0. 0. 0. 0. 0. 0. 0.
    0. 0. 0. 0. 0. 0. 0. 0. 0. 0. 0. 0. 0. 0. 0. 0. 0. 0. 0. 0. 0. 0. 0.
    0. 0. 0. 0. 0. 0. 0. 0. 0. 0. 0. 0. 0. 0. 0. 0. 0. 0. 0. 0. 0. 0. 0.
    0. 0. 0. 0. 0. 0. 0. 0. 0. 0. 0. 0. 0. 0. 0. 0. 0. 0. 0. 0. 0. 0. 0.
    0. 0. 0. 0. 0. 0. 0. 0. 0. 0. 0. 0. 0. 2.00099993e+00 2.00099993e+00
    2. 2. 2. 2. 2. 2.00300002e+00 2.01699996e+00 2.01699996e+00
    2.01699996e+00 2.01699996e+00 2.00500011e+00 2. 0. 0. 0. 0. 0. 0. 0.
    0. 0. 0. 0. 0. 0. 0. 0. 0. 0. 0. 0. 0. 0. 0. 0. 0. 0. 0.
    2.01699996e+00 2.01699996e+00 2.00799990e+00 2.00300002e+00
    2.00300002e+00 2.00300002e+00 2.00300002e+00 2.00500011e+00
    2.01699996e+00 2.01699996e+00 2.01699996e+00 2.01500010e+00
    2.00399995e+00 2. 2. 2.07299995e+00 0. 0. 0. 2. 2. 2. 2. 0. 0. 0. 0.
    0. 0. 0. 0. 0. 0. 0. 0. 0. 0. 0. 0. 2.02099991e+00 2.01699996e+00
    2.01699996e+00 2.01699996e+00 2.01699996e+00 2.01699996e+00
    2.01699996e+00 2.01699996e+00 2.01699996e+00 2.01699996e+00
    2.01500010e+00 2.01200008e+00 2.00500011e+00 2. 2. 2. 2. 2. 2. 2. 2.
    2. 2. 2. 2. 2. 2.00200009e+00 2.00900006e+00 2. 2. 2. 2.
    1.98599994e+00 1.98300004e+00 1.98300004e+00 2.19000006e+00 0. 0. 0.
    0. 2.03200006e+00 2.02099991e+00 2.01699996e+00 2.01699996e+00
    2.01699996e+00 2.01699996e+00 2.01699996e+00 2.01699996e+00
    2.01699996e+00 2.01699996e+00 2.01099992e+00 2. 2. 2. 2.
    2.00600004e+00 2.00600004e+00 2. 2. 2. 2. 2.00399995e+00
    2.00200009e+00 2. 2. 2. 2. 2. 2. 2. 2. 2. 1.99199998e+00
    1.99000001e+00 1.99000001e+00 1.99300003e+00 2.00999999e+00 0. 0. 0.
    2.03500009e+00 2.02800012e+00 2.01699996e+00 2.01699996e+00
    2.01699996e+00 2.01699996e+00 2.01699996e+00 2.01699996e+00
    2.01699996e+00 2.01699996e+00 2.01099992e+00 2. 2. 2. 2.
    2.00799990e+00 2.00799990e+00 2. 2. 2. 2. 2.00999999e+00
    2.00500011e+00 2. 2. 2. 2. 2. 2. 2. 2. 2. 2. 2. 2. 2. 2. 0. 0.
    2.69300008e+00 2.03500009e+00 2.02800012e+00 2.01699996e+00
    2.01699996e+00 2.01699996e+00 2.01699996e+00 2.01699996e+00
    2.01699996e+00 2.01699996e+00 2.01699996e+00 2.01099992e+00 2. 2. 2.
    2. 2. 2. 2. 2. 2. 2. 2.00399995e+00 2.00200009e+00 2. 2. 2. 2. 2. 2.
    2. 2. 2. 2. 2. 2. 2. 2. 0. 0. 2.03500009e+00 2.03099990e+00
    2.01999998e+00 2.01699996e+00 2.00999999e+00 2.00500011e+00
    2.01500010e+00 2.01699996e+00 2.01699996e+00 2.01699996e+00
    2.01699996e+00 2.01500010e+00 2.01200008e+00 2.00500011e+00 2. 2. 2.
    2. 2. 2. 2. 2. 2. 2. 2. 2. 2. 2. 2. 2. 2. 2. 2. 2. 2. 2. 2. 2. 0. 0.
    0. 2.01900005e+00 2.01699996e+00 2.01699996e+00 2.00699997e+00 2.
    2.01399994e+00 2.00399995e+00 2.00300002e+00 2.00300002e+00
    2.00300002e+00 2.00300002e+00 2.00300002e+00 2.00099993e+00 2. 2. 2.
    2. 2. 2. 2. 2. 2.00799990e+00 2.01399994e+00 2.00300002e+00 2. 2. 2.
    2. 2. 2. 2. 2. 1.98899996e+00 1.98599994e+00 1.98599994e+00
    1.98800004e+00 2. 0. 0. 2.12500000e+00 2.01699996e+00 2.01699996e+00
    2.00900006e+00 2. 2. 2.00099993e+00 2. 2. 2. 2. 2. 2. 2. 2. 2. 2. 2.
    2. 2. 2. 2. 2.00999999e+00 2.01699996e+00 2.00300002e+00 2. 2. 2. 2.
    2. 2. 2. 2. 1.98599994e+00 1.98300004e+00 1.98300004e+00
    1.98300004e+00 1.98399997e+00 0. 0. 2.01699996e+00 2.01699996e+00
    2.00999999e+00 2. 2. 2. 2. 2. 2. 2. 2. 2. 2. 2. 2. 2. 2. 2. 2. 2. 2.
    2. 2. 2. 2. 2. 2. 2. 2. 2. 2. 1.99899995e+00 1.98800004e+00
    1.98300004e+00 1.98300004e+00 1.98300004e+00 1.99800003e+00
    2.08699989e+00 0. 0. 2.01699996e+00 2.01699996e+00 2.01099992e+00
    2.00300002e+00 2.00300002e+00 2.00300002e+00 2.00300002e+00 2. 2. 2.
    2.00099993e+00 2.00200009e+00 2. 2. 2. 2. 2. 2. 2. 2. 2. 2. 2. 2. 2.
    2. 2. 2. 2. 2. 1.99899995e+00 1.98899996e+00 1.98300004e+00
    1.98300004e+00 1.98300004e+00 1.98599994e+00 2.28699994e+00 0. 0. 0.
    2.01699996e+00 2.01699996e+00 2.01699996e+00 2.01699996e+00
    2.01699996e+00 2.01699996e+00 2.01699996e+00 2.00099993e+00 2.
    2.00099993e+00 2.00799990e+00 2.01200008e+00 2.00200009e+00 2. 2. 2.
    2. 2. 2. 2. 2. 2. 2. 2. 2. 2. 2. 2. 2. 2. 1.99199998e+00
    1.98300004e+00 1.98300004e+00 1.98300004e+00 1.98300004e+00
    1.99600005e+00 2.21799994e+00 0. 0. 0. 2.01699996e+00 2.01699996e+00
    2.01699996e+00 2.01699996e+00 2.01699996e+00 2.01699996e+00
    2.01699996e+00 2.00099993e+00 2. 2.00300002e+00 2.01699996e+00
    2.01699996e+00 2.00900006e+00 2. 2. 2. 2. 2. 2. 2. 2. 2. 2. 2. 2. 2.
    2. 2. 2. 2. 1.99199998e+00 1.98300004e+00 1.98300004e+00
    1.98300004e+00 1.98300004e+00 1.98399997e+00 2. 2. 0. 0.
    2.01699996e+00 2.01699996e+00 2.01399994e+00 2.00900006e+00
    2.00900006e+00 2.00900006e+00 2.00900006e+00 2.00799990e+00
    2.00799990e+00 2.00999999e+00 2.01699996e+00 2.01699996e+00
    2.00900006e+00 2. 2. 2. 2. 2. 2. 2. 2. 2. 2. 2. 2. 2. 2.
    1.99899995e+00 1.99199998e+00 1.99199998e+00 1.98699999e+00
    1.98800004e+00 1.99100006e+00 1.99100006e+00 1.99100006e+00
    1.99199998e+00 2.00099993e+00 2.00799990e+00 0. 2.01699996e+00
    2.01699996e+00 2.01399994e+00 2.00399995e+00 2. 2. 2. 2.
    2.01600003e+00 2.01699996e+00 2.01500010e+00 2.00699997e+00
    2.01099992e+00 2.01399994e+00 2.00399995e+00 2. 2. 2. 2. 2. 2. 2. 2.
    2. 2. 2. 2. 2. 1.99699998e+00 1.98300004e+00 1.98300004e+00
    1.98300004e+00 1.99300003e+00 2. 2. 2. 2. 2.01300001e+00
    2.02800012e+00 0. 2.01699996e+00 2.01699996e+00 2.01200008e+00 2. 2.
    2. 2. 2. 2.01600003e+00 2.01699996e+00 2.01399994e+00 2.
    2.00600004e+00 2.01699996e+00 2.01399994e+00 2.00300002e+00 2. 2. 2.
    2. 2. 2. 2. 2. 2. 2. 2. 2. 1.99899995e+00 1.99500000e+00
    1.99100006e+00 1.98300004e+00 1.98599994e+00 1.98800004e+00
    1.99800003e+00 2. 2. 2.21900010e+00 0. 0. 2.01699996e+00
    2.01699996e+00 2.01600003e+00 2.00900006e+00 2. 2. 2. 2.
    2.00300002e+00 2.00300002e+00 2.00300002e+00 2.00399995e+00
    2.01500010e+00 2.01699996e+00 2.00900006e+00 2.00099993e+00 2. 2. 2.
    2.00200009e+00 2.00999999e+00 2. 2. 2. 2. 2. 2. 2. 2. 2.
    1.99399996e+00 1.98300004e+00 1.98300004e+00 1.98300004e+00
    1.99699998e+00 2. 2. 2.29900002e+00 0. 0. 2.01699996e+00
    2.01699996e+00 2.01699996e+00 2.00999999e+00 2. 2. 2. 2. 2. 2. 2.
    2.00500011e+00 2.01099992e+00 2.00099993e+00 2. 2. 2. 2.
    2.01600003e+00 2.01600003e+00 2.01200008e+00 2. 2. 2. 2. 2. 2. 2. 2.
    2. 2. 1.99899995e+00 1.99899995e+00 1.99899995e+00 2. 2.
    2.01600003e+00 2.31299996e+00 0. 0. 2.01699996e+00 2.01699996e+00
    2.01699996e+00 2.00999999e+00 2. 2. 2.01200008e+00 2.01600003e+00
    2.01600003e+00 2. 2. 2.00099993e+00 2. 2. 2. 2. 2. 2. 2.01699996e+00
    2.01699996e+00 2.01200008e+00 2. 2. 2. 2. 2. 2. 2. 2. 2. 2. 2. 2. 2.
    2. 2. 2. 2.00200009e+00 2.01699996e+00 0. 2.01399994e+00
    2.01399994e+00 2.00999999e+00 2. 2. 2. 2. 2. 2. 2. 2.00300002e+00
    2.01200008e+00 2. 2. 2. 2. 2. 2. 2.01699996e+00 2.01399994e+00
    2.01099992e+00 2. 2. 2. 2. 2. 2. 2. 2. 2. 2. 2. 2. 2. 1.99800003e+00
    1.99699998e+00 2. 2.00200009e+00 2.01699996e+00 0. 2. 2. 2.
    2.00200009e+00 2.00500011e+00 2.00500011e+00 2.00500011e+00
    2.00099993e+00 2. 2. 2.00300002e+00 2.01399994e+00 2.00300002e+00 2.
    2. 2. 2.00399995e+00 2.00500011e+00 2.01200008e+00 2. 2. 2. 2. 2. 2.
    2. 2. 2. 2. 2. 2. 2. 2. 2. 1.98599994e+00 1.98300004e+00 2.
    2.08400011e+00 2.57399988e+00 0. 2.00600004e+00 2. 2. 2.00699997e+00
    2.01699996e+00 2.01699996e+00 2.01699996e+00 2.00300002e+00 2. 2.
