<?xml version="1.0"?>
<opencv_storage>
<Depth type_id="opencv-matrix">
  <rows>40</rows>
  <cols>40</cols>
  <dt>f</dt>
  <data>
    0. 0. 0. 0. 0. 0. 2.04500008e+00 2.03999996e+00 2.04200006e+00
    2.03800011e+00 2.02800012e+00 2.02500010e+00 2.01799989e+00
    2.01600003e+00 2.00799990e+00 2.00600004e+00 2.00300002e+00
    1.99800003e+00 1.99300003e+00 1.99199998e+00 1.98899996e+00
    1.98300004e+00 1.97800004e+00 1.97399998e+00 1.97200000e+00
    1.97099996e+00 1.96899998e+00 1.98199999e+00 2. 2.02600002e+00
    2.01999998e+00 0. 0. 0. 0. 0. 0. 0. 0. 0. 0. 0. 0. 0. 0. 0.
    2.04200006e+00 2.03800011e+00 2.03800011e+00 2.03800011e+00
    2.02600002e+00 2.02600002e+00 2.01799989e+00 2.01500010e+00
    2.01099992e+00 2.00699997e+00 2.00399995e+00 2. 1.99199998e+00
    1.99199998e+00 1.98500001e+00 1.98199999e+00 1.97800004e+00
    1.97800004e+00 1.97500002e+00 1.97099996e+00 1.96800005e+00
    1.97399998e+00 1.99000001e+00 2.02500010e+00 2.02300000e+00 0. 0. 0.
    0. 0. 0. 0. 0. 0. 0. 0. 0. 0. 0. 0. 2.04200006e+00 2.03800011e+00
    2.03800011e+00 2.03800011e+00 2.02999997e+00 2.02600002e+00
    2.02200007e+00 2.01500010e+00 2.01099992e+00 2.00699997e+00
    2.00500011e+00 2. 1.99600005e+00 1.99300003e+00 1.98599994e+00
    1.98300004e+00 1.97899997e+00 1.97500002e+00 1.97500002e+00
    1.97099996e+00 1.96700001e+00 1.97099996e+00 1.99899995e+00
    2.02600002e+00 2.02300000e+00 0. 0. 0. 0. 0. 0. 0. 0. 0. 0. 0. 0. 0.
    0. 0. 2.04500008e+00 2.03800011e+00 2.03800011e+00 2.03600001e+00
    2.02999997e+00 2.02600002e+00 2.02200007e+00 2.01600003e+00
    2.01200008e+00 2.00699997e+00 2.00600004e+00 2.00200009e+00
    1.99600005e+00 1.99300003e+00 1.98899996e+00 1.98599994e+00
    1.98199999e+00 1.97800004e+00 1.97800004e+00 1.97399998e+00
    1.96399999e+00 1.97000003e+00 1.99000001e+00 2.02399993e+00
    2.02900004e+00 0. 0. 0. 0. 0. 0. 0. 0. 0. 0. 0. 0. 0. 0. 0.
    2.04900002e+00 2.03800011e+00 2.03800011e+00 2.03500009e+00
    2.02600002e+00 2.02600002e+00 2.02200007e+00 2.01500010e+00
    2.01500010e+00 2.00699997e+00 2.00699997e+00 2.00300002e+00
    1.99899995e+00 1.99600005e+00 1.98899996e+00 1.98500001e+00
    1.97800004e+00 1.97800004e+00 1.97800004e+00 1.97099996e+00
    1.96700001e+00 1.97000003e+00 1.99199998e+00 2.01999998e+00
    2.02399993e+00 0. 0. 0. 0. 0. 0. 0. 0. 0. 0. 0. 0. 0. 0. 0.
    2.05100012e+00 2.04200006e+00 2.03900003e+00 2.03800011e+00
    2.02800012e+00 2.02600002e+00 2.02200007e+00 2.01799989e+00
    2.01600003e+00 2.00900006e+00 2.00699997e+00 2. 1.99899995e+00
    1.99600005e+00 1.99199998e+00 1.98599994e+00 1.98199999e+00
    1.97800004e+00 1.97800004e+00 1.97099996e+00 1.96899998e+00
    1.97099996e+00 1.98899996e+00 2.01699996e+00 2.03399992e+00
    1.57299995e+00 0. 0. 0. 0. 0. 0. 0. 0. 0. 0. 0. 0. 0. 0.
    2.05100012e+00 2.04200006e+00 2.03999996e+00 2.03800011e+00
    2.02999997e+00 2.02699995e+00 2.02600002e+00 2.02200007e+00
    2.01600003e+00 2.01099992e+00 2.00799990e+00 2.00300002e+00
    1.99600005e+00 1.99699998e+00 1.99199998e+00 1.98699999e+00
    1.98199999e+00 1.97800004e+00 1.98000002e+00 1.97099996e+00
    1.97099996e+00 1.97099996e+00 1.98800004e+00 2.00799990e+00
    2.04099989e+00 0. 0. 0. 0. 0. 0. 0. 0. 0. 0. 0. 0. 0. 0. 0.
    1.68799996e+00 2.04200006e+00 2.03999996e+00 2.03800011e+00
    2.03500009e+00 2.02800012e+00 2.02600002e+00 2.01999998e+00
    2.01600003e+00 2.01099992e+00 2.00699997e+00 2.00699997e+00 2.
    1.99600005e+00 1.99199998e+00 1.98899996e+00 1.98199999e+00
    1.98099995e+00 1.98099995e+00 1.97099996e+00 1.96899998e+00
    1.96700001e+00 1.98099995e+00 2.00699997e+00 2.02600002e+00 0. 0. 0.
    0. 0. 0. 0. 0. 0. 0. 0. 0. 0. 0. 0. 1.68799996e+00 2.04399991e+00
    2.04200006e+00 2.03800011e+00 2.03800011e+00 2.02999997e+00
    2.02600002e+00 2.02099991e+00 2.01799989e+00 2.01099992e+00
    2.00799990e+00 2.00699997e+00 2.00200009e+00 1.99600005e+00
    1.99199998e+00 1.99000001e+00 1.98199999e+00 1.98199999e+00
    1.98199999e+00 1.97399998e+00 1.97000003e+00 1.96899998e+00
    1.98099995e+00 2.00699997e+00 2.03200006e+00 1.84200001e+00 0. 0. 0.
    0. 0. 0. 0. 0. 0. 0. 0. 0. 0. 0. 0. 2.04600000e+00 2.04200006e+00
    2.03900003e+00 2.03699994e+00 2.02999997e+00 2.02600002e+00
    2.02200007e+00 2.01900005e+00 2.01099992e+00 2.01099992e+00
    2.00699997e+00 2.00300002e+00 1.99699998e+00 1.99199998e+00
    1.99000001e+00 1.98500001e+00 1.98199999e+00 1.98199999e+00
    1.97800004e+00 1.97099996e+00 1.97099996e+00 1.98000002e+00
    2.00099993e+00 2.02999997e+00 1.59200001e+00 1.02400005e+00 0. 0. 0.
    0. 0. 0. 0. 0. 0. 0. 0. 0. 0. 1.16400003e+00 2.04600000e+00
    2.04099989e+00 2.03800011e+00 2.03699994e+00 2.03099990e+00
    2.02699995e+00 2.02200007e+00 2.01900005e+00 2.01099992e+00
    2.01099992e+00 2.00699997e+00 2.00300002e+00 1.99800003e+00
    1.99500000e+00 1.99000001e+00 1.98500001e+00 1.98199999e+00
    1.98199999e+00 1.97800004e+00 1.97099996e+00 1.97099996e+00
    1.97599995e+00 1.99800003e+00 2.02800012e+00 2.04200006e+00 0. 0. 0.
    0. 0. 0. 0. 0. 0. 0. 0. 0. 0. 0. 1.69099998e+00 2.04600000e+00
    2.04200006e+00 2.03900003e+00 2.03800011e+00 2.03399992e+00
    2.02999997e+00 2.02399993e+00 2.02200007e+00 2.01399994e+00
    2.01099992e+00 2.00999999e+00 2.00300002e+00 1.99699998e+00
    1.99300003e+00 1.99000001e+00 1.98500001e+00 1.98199999e+00
    1.98199999e+00 1.97800004e+00 1.97099996e+00 1.97099996e+00
    1.97200000e+00 1.99199998e+00 2.02699995e+00 2.03900003e+00 0. 0. 0.
    0. 0. 0. 0. 0. 0. 0. 0. 0. 0. 0. 1.69400001e+00 2.04999995e+00
    2.04200006e+00 2.03900003e+00 2.03800011e+00 2.03500009e+00
    2.02999997e+00 2.02600002e+00 2.02200007e+00 2.01799989e+00
    2.01300001e+00 2.01099992e+00 2.00600004e+00 1.99699998e+00
    1.99500000e+00 1.99199998e+00 1.98599994e+00 1.98199999e+00
    1.98199999e+00 1.97800004e+00 1.97300005e+00 1.96800005e+00
    1.97099996e+00 1.98800004e+00 2.02200007e+00 1.97800004e+00 0. 0. 0.
    0. 0. 0. 0. 0. 0. 0. 0. 0. 0. 0. 1.69099998e+00 2.04999995e+00
    2.04200006e+00 2.03999996e+00 2.03800011e+00 2.03299999e+00
    2.02800012e+00 2.02399993e+00 2.02200007e+00 2.02200007e+00
    2.01600003e+00 2.01099992e+00 2.00600004e+00 1.99899995e+00
    1.99600005e+00 1.99199998e+00 1.98899996e+00 1.98399997e+00
    1.98199999e+00 1.98199999e+00 1.97300005e+00 1.97099996e+00
    1.97099996e+00 1.97899997e+00 2.01900005e+00 2.03800011e+00 0. 0. 0.
    0. 0. 0. 0. 0. 0. 0. 0. 0. 0. 0. 0. 2.04999995e+00 2.04999995e+00
    2.04200006e+00 2.03800011e+00 2.03399992e+00 2.02600002e+00
    2.02399993e+00 2.02200007e+00 2.01799989e+00 2.01099992e+00
    2.01099992e+00 2.00600004e+00 2. 1.99600005e+00 1.99399996e+00
    1.98899996e+00 1.98399997e+00 1.98199999e+00 1.98199999e+00
    1.97500002e+00 1.97099996e+00 1.97099996e+00 1.98500001e+00
    2.00699997e+00 2.03699994e+00 0. 2.20099998e+00 0. 0. 0. 0. 0. 0. 0.
    0. 0. 0. 0. 0. 0. 2.05399990e+00 2.04900002e+00 2.04200006e+00
    2.03800011e+00 2.03500009e+00 2.02999997e+00 2.02600002e+00
    2.02300000e+00 2.01699996e+00 2.01099992e+00 2.01099992e+00
    2.00200009e+00 1.99600005e+00 1.99800003e+00 1.99399996e+00
    1.99000001e+00 1.98399997e+00 1.98399997e+00 1.98199999e+00
    1.97599995e+00 1.97099996e+00 1.97099996e+00 1.98300004e+00
    2.00300002e+00 2.03299999e+00 1.39400005e+00 1.78400004e+00 0. 0. 0.
    0. 0. 0. 0. 0. 0. 0. 0. 0. 0. 2.04699993e+00 2.04699993e+00
    2.04200006e+00 2.03800011e+00 2.03800011e+00 2.03299999e+00
    2.02600002e+00 2.02300000e+00 2.01799989e+00 2.01600003e+00
    2.01099992e+00 2.00699997e+00 2.00200009e+00 1.99800003e+00
    1.99500000e+00 1.99199998e+00 1.98699999e+00 1.98300004e+00
    1.98199999e+00 1.97899997e+00 1.97200000e+00 1.97099996e+00
    1.98000002e+00 2. 2.02999997e+00 1.75899994e+00 2.21199989e+00 0. 0.
    0. 0. 0. 0. 0. 0. 0. 0. 0. 0. 0. 2.04200006e+00 2.04399991e+00
    2.04299998e+00 2.03800011e+00 2.03800011e+00 2.03800011e+00
    2.02600002e+00 2.02600002e+00 2.02200007e+00 2.01799989e+00
