<?xml version="1.0"?>
<opencv_storage>
<Depth type_id="opencv-matrix">
  <rows>40</rows>
  <cols>40</cols>
  <dt>f</dt>
  <data>
    0. 0. 0. 0. 0. 0. 0. 0. 0. 0. 0. 2.21700001e+00 2.07399988e+00
    2.06800008e+00 2.15799999e+00 0. 0. 0. 0. 0. 0. 0. 0. 0. 0. 0. 0. 0.
    0. 0. 0. 0. 0. 0. 0. 0. 0. 0. 0. 0. 0. 0. 0. 0. 0. 0. 0. 0. 0.
    2.32999992e+00 2.06800008e+00 2.06500006e+00 2.06500006e+00
    2.05900002e+00 2.05699992e+00 2.05200005e+00 2.04500008e+00
    2.04299998e+00 0. 0. 0. 0. 0. 0. 0. 0. 0. 0. 0. 0. 0. 0. 0. 0. 0. 0.
    0. 0. 0. 0. 0. 0. 0. 0. 0. 0. 0. 0. 2.51399994e+00 2.06800008e+00
    2.06500006e+00 2.06299996e+00 2.05699992e+00 2.05699992e+00
    2.05399990e+00 2.04900002e+00 2.03699994e+00 2.03200006e+00
    2.02800012e+00 2.02600002e+00 2.02399993e+00 2.01699996e+00
    2.01300001e+00 2.00900006e+00 2.64899993e+00 2.99099994e+00 0. 0. 0.
    0. 0. 2.94700003e+00 2.03099990e+00 0. 0. 0. 0. 0. 0. 0. 0. 0. 0. 0.
    0. 0. 0. 0. 2.88199997e+00 2.04099989e+00 2.06699991e+00
    2.06299996e+00 2.05699992e+00 2.05200005e+00 2.04699993e+00
    2.04299998e+00 2.03500009e+00 2.02999997e+00 2.02600002e+00
    2.02399993e+00 2.01799989e+00 2.01300001e+00 2.00799990e+00
    2.00099993e+00 1.99500000e+00 1.99000001e+00 1.98699999e+00
    1.98699999e+00 1.98500001e+00 1.97099996e+00 2.78500009e+00
    2.03500009e+00 2.00500011e+00 1.80400002e+00 0. 0. 0. 0. 0. 0. 0. 0.
    0. 0. 0. 0. 0. 0. 2.62299991e+00 2.06399989e+00 2.06299996e+00
    2.06299996e+00 2.05699992e+00 2.05599999e+00 2.04699993e+00
    2.04099989e+00 2.03200006e+00 2.02999997e+00 2.02600002e+00
    2.01999998e+00 2.01300001e+00 2.00999999e+00 2.00200009e+00
    1.99699998e+00 1.99199998e+00 1.99000001e+00 1.98699999e+00
    1.98599994e+00 1.98300004e+00 1.97200000e+00 1.96599996e+00
    1.96599996e+00 1.97899997e+00 2.02800012e+00 2.04699993e+00 0. 0. 0.
    0. 0. 0. 0. 0. 0. 0. 0. 0. 0. 2.87400007e+00 2.06699991e+00
    2.06800008e+00 2.06299996e+00 2.05699992e+00 2.05299997e+00
    2.04699993e+00 2.03999996e+00 2.02999997e+00 2.02699995e+00
    2.02600002e+00 2.01999998e+00 2.01300001e+00 2.00999999e+00
    2.00500011e+00 1.99699998e+00 1.99500000e+00 1.99000001e+00
    1.98599994e+00 1.98199999e+00 1.97700000e+00 1.97099996e+00
    1.96599996e+00 1.97000003e+00 1.97800004e+00 2.01699996e+00
    2.03200006e+00 0. 0. 0. 0. 0. 0. 0. 0. 0. 0. 0. 0. 0. 2.87199998e+00
    2.06800008e+00 2.06800008e+00 2.06299996e+00 2.05699992e+00
    2.05200005e+00 2.04699993e+00 2.03999996e+00 2.03099990e+00
    2.02600002e+00 2.02600002e+00 2.01999998e+00 2.01300001e+00
    2.00799990e+00 2.00500011e+00 1.99699998e+00 1.99199998e+00
    1.99000001e+00 1.98599994e+00 1.98099995e+00 1.97099996e+00
    1.97099996e+00 1.96599996e+00 1.96700001e+00 1.98599994e+00
    2.01699996e+00 2.03600001e+00 0. 0. 0. 0. 0. 0. 0. 0. 0. 0. 0. 0.
    2.28399992e+00 2.06299996e+00 2.06299996e+00 2.06299996e+00
    2.06299996e+00 2.05699992e+00 2.05200005e+00 2.04699993e+00
    2.03600001e+00 2.03099990e+00 2.02999997e+00 2.02600002e+00
    2.01999998e+00 2.01300001e+00 2.00799990e+00 2.00500011e+00
    1.99899995e+00 1.99199998e+00 1.99000001e+00 1.98599994e+00
    1.98199999e+00 1.97099996e+00 1.96599996e+00 1.96200001e+00
    1.97200000e+00 1.99600005e+00 2.01600003e+00 1.68499994e+00 0. 0. 0.
    0. 0. 0. 0. 0. 0. 0. 0. 0. 2.14800000e+00 2.05900002e+00
    2.06299996e+00 2.06399989e+00 2.06299996e+00 2.06299996e+00
    2.05200005e+00 2.04699993e+00 2.03999996e+00 2.03099990e+00
    2.02999997e+00 2.02399993e+00 2.01799989e+00 2.01300001e+00
    2.00799990e+00 2.00500011e+00 1.99699998e+00 1.99000001e+00
    1.99000001e+00 1.98599994e+00 1.98099995e+00 1.97099996e+00
    1.96599996e+00 1.96599996e+00 1.97200000e+00 1.99600005e+00
    2.02099991e+00 1.66199994e+00 0. 0. 0. 0. 0. 0. 0. 0. 0. 0. 0. 0.
    2.01500010e+00 2.06500006e+00 2.06299996e+00 2.06299996e+00
    2.06299996e+00 2.05699992e+00 2.05200005e+00 2.04699993e+00
    2.03999996e+00 2.03500009e+00 2.02999997e+00 2.02399993e+00
    2.01799989e+00 2.00999999e+00 2.00500011e+00 2.00500011e+00
    1.99699998e+00 1.99000001e+00 1.98699999e+00 1.98599994e+00
    1.98099995e+00 1.97099996e+00 1.96599996e+00 1.96599996e+00
    1.97700000e+00 1.99699998e+00 2.02200007e+00 0. 0. 0. 0. 0. 0. 0. 0.
    0. 0. 0. 0. 0. 1.57099998e+00 2.05999994e+00 2.06299996e+00
    2.06299996e+00 2.06299996e+00 2.05200005e+00 2.05100012e+00
    2.04099989e+00 2.03600001e+00 2.03500009e+00 2.02999997e+00
    2.02399993e+00 2.01500010e+00 2.00999999e+00 2.00500011e+00 2.
    1.99699998e+00 1.99000001e+00 1.98599994e+00 1.98199999e+00
    1.97700000e+00 1.97099996e+00 1.96599996e+00 1.96599996e+00
    1.97300005e+00 2.00200009e+00 2.02699995e+00 1.67499995e+00 0. 0. 0.
    0. 0. 0. 0. 0. 0. 0. 0. 0. 1.46200001e+00 2.04600000e+00
    2.06299996e+00 2.06299996e+00 2.05699992e+00 2.05200005e+00
    2.04699993e+00 2.04099989e+00 2.03500009e+00 2.02999997e+00
    2.02600002e+00 2.02399993e+00 2.01500010e+00 2.00999999e+00
    2.00300002e+00 2. 1.99399996e+00 1.99000001e+00 1.98699999e+00
    1.98199999e+00 1.97599995e+00 1.96599996e+00 1.96599996e+00
    1.96599996e+00 1.97300005e+00 2.00799990e+00 2.02600002e+00
    1.88000000e+00 0. 0. 0. 0. 0. 0. 0. 0. 0. 0. 0. 0. 2.09699988e+00
    2.06900001e+00 2.06399989e+00 2.05800009e+00 2.05699992e+00
    2.05200005e+00 2.04699993e+00 2.04099989e+00 2.03099990e+00
    2.02999997e+00 2.02600002e+00 2.01999998e+00 2.01699996e+00
    2.00999999e+00 2.00500011e+00 2.00099993e+00 1.99199998e+00
    1.99000001e+00 1.98599994e+00 1.98199999e+00 1.97700000e+00
    1.97099996e+00 1.96599996e+00 1.96599996e+00 1.98300004e+00
    2.01099992e+00 2.02600002e+00 2.53500009e+00 0. 0. 0. 0. 0. 0. 0. 0.
    0. 0. 0. 0. 2.57800007e+00 2.07200003e+00 2.06399989e+00
    2.05699992e+00 2.05200005e+00 2.05100012e+00 2.04699993e+00
    2.04099989e+00 2.03099990e+00 2.02999997e+00 2.02600002e+00
    2.01999998e+00 2.01399994e+00 2.00900006e+00 2.00500011e+00
    2.00300002e+00 1.99199998e+00 1.99000001e+00 1.98599994e+00
    1.98199999e+00 1.97500002e+00 1.97000003e+00 1.96599996e+00
    1.96599996e+00 1.98699999e+00 2.01999998e+00 2.03099990e+00
    1.80400002e+00 0. 0. 0. 0. 0. 0. 0. 0. 0. 0. 0. 0. 1.58500004e+00
    2.06299996e+00 2.06299996e+00 2.05500007e+00 2.04699993e+00
    2.04900002e+00 2.04699993e+00 2.04099989e+00 2.03099990e+00
    2.02999997e+00 2.02600002e+00 2.01799989e+00 2.01300001e+00
    2.00799990e+00 2.00300002e+00 2.00099993e+00 1.99199998e+00
    1.98699999e+00 1.98599994e+00 1.98199999e+00 1.97099996e+00
    1.96599996e+00 1.96599996e+00 1.96599996e+00 1.98699999e+00
    2.01699996e+00 2.02900004e+00 0. 0. 0. 0. 0. 0. 0. 0. 0. 0. 0. 0.
    2.39599991e+00 2.06800008e+00 2.06399989e+00 2.06100011e+00
    2.05200005e+00 2.04699993e+00 2.04699993e+00 2.04699993e+00
    2.04099989e+00 2.03099990e+00 2.02999997e+00 2.02500010e+00
    2.01799989e+00 2.01300001e+00 2.00300002e+00 2. 1.99699998e+00
    1.99000001e+00 1.98699999e+00 1.98399997e+00 1.98099995e+00
    1.97099996e+00 1.97099996e+00 1.96599996e+00 1.96800005e+00
    1.99100006e+00 2.01600003e+00 1.74600005e+00 0. 0. 0. 0. 0. 0. 0. 0.
    0. 0. 0. 0. 2.39599991e+00 1.82799995e+00 2.05999994e+00
    2.05800009e+00 2.05200005e+00 2.04699993e+00 2.04699993e+00
    2.04399991e+00 2.03800011e+00 2.03099990e+00 2.02800012e+00
    2.02500010e+00 2.01999998e+00 2.01300001e+00 2.00300002e+00 2.
    1.99699998e+00 1.99000001e+00 1.98599994e+00 1.98199999e+00
    1.98099995e+00 1.97099996e+00 1.96899998e+00 1.96599996e+00
    1.97099996e+00 1.99600005e+00 2.01799989e+00 1.74800003e+00 0. 0. 0.
    0. 0. 0. 0. 0. 0. 0. 0. 0. 1.46500003e+00 1.58299994e+00
    2.05999994e+00 2.05800009e+00 2.04800010e+00 2.04699993e+00
    2.04399991e+00 2.04099989e+00 2.03600001e+00 2.02999997e+00
    2.02600002e+00 2.02200007e+00 2.01500010e+00 2.00999999e+00
    2.00500011e+00 2.00500011e+00 1.99699998e+00 1.99000001e+00
    1.98599994e+00 1.98199999e+00 1.97700000e+00 1.97099996e+00
