<?xml version="1.0"?>
<opencv_storage>
<Depth type_id="opencv-matrix">
  <rows>40</rows>
  <cols>40</cols>
  <dt>f</dt>
  <data>
    0. 0. 0. 0. 0. 0. 0. 0. 0. 0. 0. 1.99399996e+00 1.99199998e+00
    1.99199998e+00 1.99399996e+00 1.99500000e+00 1.99500000e+00
    1.99600005e+00 1.99600005e+00 1.99800003e+00 2. 1.99899995e+00
    1.42799997e+00 1.33299994e+00 0. 0. 0. 0. 0. 0. 0. 0. 0. 0. 0. 0. 0.
    0. 0. 0. 0. 0. 0. 0. 0. 0. 0. 0. 0. 0. 0. 1.99399996e+00
    1.99199998e+00 1.99199998e+00 1.99399996e+00 1.99399996e+00
    1.99500000e+00 1.99600005e+00 1.99699998e+00 1.99699998e+00
    1.99699998e+00 1.99899995e+00 1.99600005e+00 1.33299994e+00
    1.33299994e+00 0. 0. 0. 0. 0. 0. 0. 0. 0. 0. 0. 0. 0. 0. 0. 0. 0. 0.
    0. 0. 0. 0. 0. 0. 0. 0. 1.99399996e+00 1.99199998e+00 1.99399996e+00
    1.99399996e+00 1.99399996e+00 1.99500000e+00 1.99500000e+00
    1.99600005e+00 1.99699998e+00 1.99800003e+00 2. 2. 1.33299994e+00
    1.33299994e+00 0. 0. 0. 0. 0. 0. 0. 0. 0. 0. 0. 0. 0. 0. 0. 0. 0. 0.
    0. 0. 0. 0. 0. 0. 0. 0. 1.99500000e+00 1.99399996e+00 1.99199998e+00
    1.99399996e+00 1.99399996e+00 1.99500000e+00 1.99600005e+00
    1.99600005e+00 1.99800003e+00 2. 2. 1.99600005e+00 1.33299994e+00
    1.33299994e+00 0. 0. 0. 0. 0. 0. 0. 0. 0. 0. 0. 0. 0. 0. 0. 0. 0. 0.
    0. 0. 0. 0. 0. 0. 0. 0. 1.67100000e+00 1.99399996e+00 1.99199998e+00
    1.99399996e+00 1.99399996e+00 1.99500000e+00 1.99500000e+00
    1.99600005e+00 1.99800003e+00 1.99699998e+00 1.99699998e+00
    1.99699998e+00 1.33299994e+00 1.33299994e+00 0. 0. 0. 0. 0. 0. 0. 0.
    0. 0. 0. 0. 0. 0. 0. 0. 0. 0. 0. 0. 0. 0. 0. 0. 0. 0. 1.33299994e+00
    1.99399996e+00 1.99199998e+00 1.99300003e+00 1.99399996e+00
    1.99399996e+00 1.99500000e+00 1.99600005e+00 1.99800003e+00
    1.99699998e+00 2. 2. 1.33299994e+00 1.33299994e+00 0. 0. 0. 0. 0. 0.
    0. 0. 0. 0. 0. 0. 0. 0. 0. 0. 0. 0. 0. 0. 0. 0. 0. 0. 0. 0.
    1.33299994e+00 1.99399996e+00 1.99199998e+00 1.99199998e+00
    1.99500000e+00 1.99500000e+00 1.99600005e+00 1.99699998e+00
    1.99800003e+00 1.99899995e+00 1.99699998e+00 2. 1.33299994e+00
    1.33299994e+00 0. 0. 0. 0. 0. 0. 0. 0. 0. 0. 0. 0. 0. 0. 0. 0. 0. 0.
    0. 0. 0. 0. 0. 0. 0. 0. 1.33299994e+00 1.68400002e+00 1.99399996e+00
    1.99399996e+00 1.99399996e+00 1.99399996e+00 1.99600005e+00
    1.99699998e+00 1.99699998e+00 1.99600005e+00 1.99699998e+00
    1.99899995e+00 1.49100006e+00 1.33299994e+00 1.33299994e+00 0. 0. 0.
    0. 0. 0. 0. 0. 0. 0. 0. 0. 0. 0. 0. 0. 0. 0. 0. 0. 0. 0. 0. 0. 0.
    1.33299994e+00 1.99399996e+00 1.99300003e+00 1.99399996e+00
    1.99399996e+00 1.99500000e+00 1.99600005e+00 1.99600005e+00
    1.99699998e+00 1.99699998e+00 1.99800003e+00 1.99800003e+00
    1.99500000e+00 1.33299994e+00 1.33299994e+00 0. 0. 0. 0. 0. 0. 0. 0.
    0. 0. 0. 0. 0. 0. 0. 0. 0. 0. 0. 0. 0. 0. 0. 0. 0. 1.33299994e+00
    1.68499994e+00 1.99199998e+00 1.99399996e+00 1.99500000e+00
    1.99500000e+00 1.99500000e+00 1.99699998e+00 1.99699998e+00
    1.99899995e+00 1.99899995e+00 2. 1.99899995e+00 1.33299994e+00
    1.33299994e+00 0. 0. 0. 0. 0. 0. 0. 0. 0. 0. 0. 0. 0. 0. 0. 0. 0. 0.
    0. 0. 0. 0. 0. 0. 0. 1.33299994e+00 1.33299994e+00 1.99399996e+00
    1.99399996e+00 1.99399996e+00 1.99500000e+00 1.99600005e+00
    1.99699998e+00 1.99899995e+00 1.99899995e+00 1.99800003e+00
    1.99899995e+00 2. 1.33299994e+00 1.33299994e+00 0. 0. 0. 0. 0. 0. 0.
    0. 0. 0. 0. 0. 0. 0. 0. 0. 0. 0. 0. 0. 0. 0. 0. 0. 0. 1.33299994e+00
    1.33299994e+00 1.99399996e+00 1.99399996e+00 1.99399996e+00
    1.99500000e+00 1.99600005e+00 1.99600005e+00 1.99699998e+00
    1.99800003e+00 1.99899995e+00 1.99800003e+00 2. 1.33299994e+00
    1.33299994e+00 0. 0. 0. 0. 0. 0. 0. 0. 0. 0. 0. 0. 0. 0. 0. 0. 0. 0.
    0. 0. 0. 0. 0. 0. 0. 1.33299994e+00 1.33299994e+00 1.99500000e+00
    1.99399996e+00 1.99399996e+00 1.99399996e+00 1.99600005e+00
    1.99699998e+00 1.99699998e+00 1.99899995e+00 2. 2. 2. 1.47700000e+00
    1.33299994e+00 1.33299994e+00 0. 0. 0. 0. 0. 0. 0. 0. 0. 0. 0. 0. 0.
    0. 0. 0. 0. 0. 0. 0. 0. 0. 0. 0. 1.33299994e+00 1.33299994e+00
    1.99399996e+00 1.99399996e+00 1.99500000e+00 1.99500000e+00
    1.99600005e+00 1.99699998e+00 1.99899995e+00 1.99899995e+00 2. 2.
    2.00099993e+00 1.47800004e+00 1.33299994e+00 1.33299994e+00 0. 0. 0.
    0. 0. 0. 0. 0. 0. 0. 0. 0. 0. 0. 0. 0. 0. 0. 0. 0. 0. 0. 0. 0.
    1.33299994e+00 1.33299994e+00 1.99399996e+00 1.99399996e+00
    1.99500000e+00 1.99500000e+00 1.99600005e+00 1.99699998e+00
    1.99699998e+00 2. 2. 2.00099993e+00 2.00099993e+00 2. 1.33299994e+00
    1.33299994e+00 0. 0. 0. 0. 0. 0. 0. 0. 0. 0. 0. 0. 0. 0. 0. 0. 0. 0.
    0. 0. 0. 0. 0. 0. 1.33299994e+00 1.33299994e+00 1.69900000e+00
    1.99399996e+00 1.99600005e+00 1.99500000e+00 1.99600005e+00
    1.99699998e+00 1.99899995e+00 2.00099993e+00 2.00099993e+00
    2.00099993e+00 2.00099993e+00 2.00099993e+00 1.33299994e+00
    1.33299994e+00 0. 0. 0. 0. 0. 0. 0. 0. 0. 0. 0. 0. 0. 0. 0. 0. 0. 0.
    0. 0. 0. 0. 0. 0. 1.33299994e+00 1.72700000e+00 2.07200003e+00
    1.99500000e+00 1.99500000e+00 1.99500000e+00 1.99600005e+00
    1.99699998e+00 1.99899995e+00 2. 2. 2.00099993e+00 2.00099993e+00
    2.00099993e+00 1.33299994e+00 1.33299994e+00 0. 0. 0. 0. 0. 0. 0. 0.
    0. 0. 0. 0. 0. 0. 0. 0. 0. 0. 0. 0. 0. 0. 0. 0. 1.33299994e+00
    1.33299994e+00 2.07100010e+00 1.99500000e+00 1.99500000e+00
    1.99600005e+00 1.99699998e+00 1.99800003e+00 2. 2. 2.00099993e+00
    2.00099993e+00 2.00200009e+00 2.00399995e+00 1.33299994e+00
    1.33299994e+00 0. 0. 0. 0. 0. 0. 0. 0. 0. 0. 0. 0. 0. 0. 0. 0. 0. 0.
    0. 0. 0. 0. 0. 0. 1.33299994e+00 1.33299994e+00 2.07100010e+00
    1.99800003e+00 1.99500000e+00 1.99600005e+00 1.99800003e+00 2. 2. 2.
    2.00099993e+00 2.00300002e+00 2.00099993e+00 2.00300002e+00
    1.96700001e+00 1.33299994e+00 0. 0. 0. 0. 0. 0. 0. 0. 0. 0. 0. 0. 0.
    0. 0. 0. 0. 0. 0. 0. 0. 0. 0. 0. 1.33299994e+00 1.33299994e+00
    2.06900001e+00 1.99699998e+00 1.99399996e+00 1.99600005e+00
    1.99800003e+00 1.99699998e+00 2. 2. 2.00099993e+00 2.00099993e+00
    2.00300002e+00 2.00500011e+00 1.97899997e+00 1.33299994e+00
    1.33299994e+00 0. 0. 0. 0. 0. 0. 0. 0. 0. 0. 0. 0. 0. 0. 0. 0. 0. 0.
    0. 0. 0. 0. 0. 1.33299994e+00 1.33299994e+00 1.74800003e+00
    2.02399993e+00 1.99600005e+00 1.99699998e+00 1.99699998e+00 2. 2. 2.
    2.00099993e+00 2.00099993e+00 2.00300002e+00 2.00500011e+00
    2.00300002e+00 1.33299994e+00 1.33299994e+00 0. 0. 0. 0. 0. 0. 0. 0.
    0. 0. 0. 0. 0. 0. 0. 0. 0. 0. 0. 0. 0. 0. 0. 1.33299994e+00
    1.33299994e+00 1.33299994e+00 2.06399989e+00 1.99600005e+00
    1.99699998e+00 1.99800003e+00 2. 2. 2.00099993e+00 2.00099993e+00
    2.00200009e+00 2.00300002e+00 2.00500011e+00 2.00500011e+00
    1.33299994e+00 1.33299994e+00 0. 0. 0. 0. 0. 0. 0. 0. 0. 0. 0. 0. 0.
    0. 0. 0. 0. 0. 0. 0. 0. 0. 0. 1.33299994e+00 1.33299994e+00
    1.33299994e+00 1.33299994e+00 1.99800003e+00 1.99600005e+00 2. 2. 2.
    2.00099993e+00 2.00099993e+00 2.00399995e+00 2.00399995e+00
    2.00500011e+00 2.00500011e+00 1.33299994e+00 1.33299994e+00 0. 0. 0.
    0. 0. 0. 0. 0. 0. 0. 0. 0. 0. 0. 0. 0. 0. 0. 0. 0. 0. 0. 0.
    1.33299994e+00 1.33299994e+00 1.33299994e+00 1.33299994e+00
    1.99899995e+00 1.99699998e+00 1.99800003e+00 2. 2.00099993e+00
    2.00099993e+00 2.00200009e+00 2.00399995e+00 2.00399995e+00
    2.00500011e+00 2.00399995e+00 1.45000005e+00 1.33299994e+00 0. 0. 0.
    0. 0. 0. 0. 0. 0. 0. 0. 0. 0. 0. 0. 0. 0. 0. 0. 0. 0. 0. 0.
    1.33299994e+00 1.33299994e+00 1.33299994e+00 1.75300002e+00
    1.99899995e+00 1.99800003e+00 2. 2. 2.00099993e+00 2.00099993e+00
    2.00300002e+00 2.00300002e+00 2.00300002e+00 2.00500011e+00
    2.00500011e+00 2.00399995e+00 1.33299994e+00 0. 0. 0. 0. 0. 0. 0. 0.
    0. 0. 0. 0. 0. 0. 0. 0. 0. 0. 0. 0. 0. 0. 0. 1.33299994e+00
    1.33299994e+00 1.33299994e+00 1.75399995e+00 2.00200009e+00
    1.99899995e+00 2. 2. 2.00099993e+00 2.00099993e+00 2.00200009e+00
    2.00500011e+00 2.00399995e+00 2.00500011e+00 2.00699997e+00
