<?xml version="1.0"?>
<opencv_storage>
<Depth type_id="opencv-matrix">
  <rows>40</rows>
  <cols>40</cols>
  <dt>f</dt>
  <data>
    0. 0. 0. 0. 0. 2.01799989e+00 2.01399994e+00 2.01399994e+00
    2.01399994e+00 2.01500010e+00 2.01600003e+00 2.00900006e+00
    2.00900006e+00 2.00500011e+00 2.00500011e+00 2.00500011e+00
    2.00500011e+00 2.00300002e+00 2. 2. 2. 2. 1.99899995e+00
    1.99899995e+00 1.99600005e+00 1.99500000e+00 1.99199998e+00
    1.99399996e+00 1.98599994e+00 1.98300004e+00 1.51900005e+00 0. 0. 0.
    0. 0. 0. 0. 0. 0. 0. 0. 0. 0. 0. 2.01799989e+00 2.01500010e+00
    2.01399994e+00 2.01399994e+00 2.01399994e+00 2.01200008e+00
    2.00900006e+00 2.00900006e+00 2.00600004e+00 2.00500011e+00
    2.00500011e+00 2.00500011e+00 2.00500011e+00 2.00500011e+00 2. 2. 2.
    1.99600005e+00 1.99500000e+00 1.99500000e+00 1.99500000e+00
    1.99199998e+00 1.99100006e+00 1.98599994e+00 1.99500000e+00
    2.50200009e+00 0. 0. 0. 0. 0. 0. 0. 0. 0. 0. 0. 0. 0. 0.
    2.01799989e+00 2.01500010e+00 2.01399994e+00 2.01399994e+00
    2.01399994e+00 2.01200008e+00 2.00900006e+00 2.00900006e+00
    2.00500011e+00 2.00500011e+00 2.00500011e+00 2.00500011e+00
    2.00500011e+00 2.00500011e+00 2. 2. 2. 2. 1.99500000e+00
    1.99500000e+00 1.99500000e+00 1.99500000e+00 1.99100006e+00
    1.98599994e+00 1.98599994e+00 1.86899996e+00 0. 0. 0. 0. 0. 0. 0. 0.
    0. 0. 0. 0. 0. 0. 2.01600003e+00 2.01399994e+00 2.01399994e+00
    2.01399994e+00 2.01399994e+00 2.01300001e+00 2.01200008e+00
    2.00900006e+00 2.00699997e+00 2.00500011e+00 2.00500011e+00
    2.00500011e+00 2.00500011e+00 2.00399995e+00 2. 2. 2. 2.
    1.99699998e+00 1.99600005e+00 1.99100006e+00 1.99100006e+00
    1.98800004e+00 1.98699999e+00 1.98599994e+00 1.72300005e+00 0. 0. 0.
    0. 0. 0. 0. 0. 0. 0. 0. 0. 0. 0. 1.61600006e+00 2.01399994e+00
    2.01399994e+00 2.01399994e+00 2.01399994e+00 2.01399994e+00
    2.01399994e+00 2.01399994e+00 2.00999999e+00 2.00500011e+00
    2.00500011e+00 2.00500011e+00 2.00500011e+00 2.00300002e+00 2. 2. 2.
    2. 2. 1.99899995e+00 1.99399996e+00 1.99100006e+00 1.99000001e+00
    1.99000001e+00 1.98599994e+00 1.72300005e+00 0. 0. 0. 0. 0. 0. 0. 0.
    0. 0. 0. 0. 0. 0. 1.53900003e+00 2.01500010e+00 2.01399994e+00
    2.01399994e+00 2.01399994e+00 2.01200008e+00 2.00900006e+00
    2.00999999e+00 2.00900006e+00 2.00500011e+00 2.00500011e+00
    2.00500011e+00 2.00500011e+00 2. 2. 2. 2. 2. 2. 2. 2. 1.99199998e+00
    1.99100006e+00 1.99100006e+00 1.99000001e+00 1.98599994e+00 0. 0. 0.
    0. 0. 0. 0. 0. 0. 0. 0. 0. 0. 0. 1.47599995e+00 2.01799989e+00
    2.01500010e+00 2.01399994e+00 2.01399994e+00 2.01399994e+00
    2.00900006e+00 2.00900006e+00 2.00900006e+00 2.00500011e+00
    2.00500011e+00 2.00500011e+00 2.00500011e+00 2. 2. 2. 2. 2. 2.
    1.99800003e+00 1.99500000e+00 1.99500000e+00 1.99199998e+00
    1.99100006e+00 1.98599994e+00 1.98599994e+00 2.05900002e+00 0. 0. 0.
    0. 0. 0. 0. 0. 0. 0. 0. 0. 0. 1.47599995e+00 2.01799989e+00
    2.01399994e+00 2.01399994e+00 2.01399994e+00 2.01500010e+00
    2.01399994e+00 2.00900006e+00 2.00900006e+00 2.00600004e+00
    2.00500011e+00 2.00500011e+00 2.00500011e+00 2.00300002e+00 2. 2. 2.
    2. 1.99899995e+00 1.99500000e+00 1.99500000e+00 1.99500000e+00
    1.99199998e+00 1.99100006e+00 1.98599994e+00 1.98500001e+00
    2.19700003e+00 0. 0. 0. 0. 0. 0. 0. 0. 0. 0. 0. 0. 0. 1.48599994e+00
    2.01399994e+00 2.01399994e+00 2.01399994e+00 2.01399994e+00
    2.01399994e+00 2.01300001e+00 2.00900006e+00 2.00900006e+00
    2.00500011e+00 2.00500011e+00 2.00500011e+00 2.00500011e+00
    2.00300002e+00 2.00099993e+00 2. 2. 2. 1.99500000e+00 1.99500000e+00
    1.99500000e+00 1.99100006e+00 1.99100006e+00 1.99100006e+00
    1.98699999e+00 1.97700000e+00 2.42799997e+00 0. 0. 0. 0. 0. 0. 0. 0.
    0. 0. 0. 0. 0. 1.88000000e+00 2.01799989e+00 2.01500010e+00
    2.01399994e+00 2.01200008e+00 2.01500010e+00 2.01200008e+00
    2.00900006e+00 2.00900006e+00 2.00699997e+00 2.00500011e+00
    2.00500011e+00 2.00500011e+00 2.00500011e+00 2.00099993e+00 2. 2. 2.
    1.99500000e+00 1.99500000e+00 1.99500000e+00 1.99100006e+00
    1.99100006e+00 1.99100006e+00 1.98599994e+00 1.97899997e+00
    1.53900003e+00 0. 0. 0. 0. 0. 0. 0. 0. 0. 0. 0. 0. 0. 2.31100011e+00
    2.01399994e+00 2.01399994e+00 2.01399994e+00 2.00999999e+00
    2.01399994e+00 2.01399994e+00 2.01099992e+00 2.00900006e+00
    2.00900006e+00 2.00900006e+00 2.00500011e+00 2.00500011e+00
    2.00300002e+00 2. 2. 2. 2. 2. 1.99800003e+00 1.99500000e+00
    1.99500000e+00 1.99300003e+00 1.99100006e+00 1.98599994e+00
    1.98399997e+00 1.97700000e+00 0. 0. 0. 0. 0. 0. 0. 0. 0. 0. 0. 0. 0.
    2.31100011e+00 2.01699996e+00 2.01399994e+00 2.01399994e+00
    2.01399994e+00 2.01399994e+00 2.01200008e+00 2.00900006e+00
    2.00900006e+00 2.00600004e+00 2.00500011e+00 2.00500011e+00
    2.00399995e+00 2. 2. 2. 2. 2. 1.99899995e+00 1.99500000e+00
    1.99500000e+00 1.99500000e+00 1.98899996e+00 1.98699999e+00
    1.99100006e+00 1.98599994e+00 1.98500001e+00 2.59100008e+00 0. 0. 0.
    0. 0. 0. 0. 0. 0. 0. 0. 0. 0. 2.01799989e+00 2.01399994e+00
    2.01399994e+00 2.01399994e+00 2.00900006e+00 2.01200008e+00
    2.00900006e+00 2.00500011e+00 2.00500011e+00 2.00500011e+00
    2.00500011e+00 2.00500011e+00 2. 2. 2. 2. 2. 2. 1.99500000e+00
    1.99500000e+00 1.99300003e+00 1.99100006e+00 1.99100006e+00
    1.98599994e+00 1.98599994e+00 1.98599994e+00 2.55399990e+00 0. 0. 0.
    0. 0. 0. 0. 0. 0. 0. 0. 0. 0. 0. 2.01500010e+00 2.00900006e+00
    2.00999999e+00 2.01200008e+00 2.00900006e+00 2.00900006e+00
    2.00600004e+00 2.00500011e+00 2.00500011e+00 2.00500011e+00
    2.00500011e+00 2. 2.00500011e+00 2. 2. 2. 2. 1.99500000e+00
    1.99500000e+00 1.99100006e+00 1.99100006e+00 1.98699999e+00
    1.98599994e+00 1.98599994e+00 1.54299998e+00 0. 0. 0. 0. 0. 0. 0. 0.
    0. 0. 0. 0. 0. 0. 2.71700001e+00 2.01500010e+00 2.01399994e+00
    2.01399994e+00 2.01200008e+00 2.00900006e+00 2.00900006e+00
    2.00900006e+00 2.00900006e+00 2.00500011e+00 2.00399995e+00
    2.00500011e+00 2.00500011e+00 2. 2. 2. 2. 2. 1.99800003e+00
    1.99300003e+00 1.99100006e+00 1.99100006e+00 1.99199998e+00
    1.99100006e+00 1.98500001e+00 1.98199999e+00 0. 0. 0. 0. 0. 0. 0. 0.
    0. 0. 0. 0. 0. 0. 1.70700002e+00 2.01399994e+00 2.01399994e+00
    2.01600003e+00 2.01399994e+00 2.01300001e+00 2.01099992e+00
    2.01099992e+00 2.00900006e+00 2.00500011e+00 2. 2.00500011e+00
    2.00500011e+00 2. 2. 2. 2. 2. 2. 1.99600005e+00 1.99500000e+00
    1.99500000e+00 1.99399996e+00 1.99100006e+00 1.99000001e+00
    1.98599994e+00 0. 0. 0. 0. 0. 0. 0. 0. 0. 0. 0. 0. 0. 0.
    1.80100000e+00 1.48500001e+00 2.00900006e+00 2.00900006e+00
    2.01200008e+00 2.01300001e+00 2.00900006e+00 2.00900006e+00
    2.00900006e+00 2.00500011e+00 2. 2.00300002e+00 2.00099993e+00
    2.00500011e+00 2.00099993e+00 2. 2. 2. 2. 1.99500000e+00
    1.99399996e+00 1.99300003e+00 1.99100006e+00 1.98599994e+00
    1.98599994e+00 1.98599994e+00 1.06599998e+00 0. 0. 0. 0. 0. 0. 0. 0.
    0. 0. 0. 0. 0. 0. 0. 2.01399994e+00 2.00900006e+00 2.00900006e+00
    2.00900006e+00 2.00900006e+00 2.00600004e+00 2.00500011e+00
    2.00500011e+00 2. 2.00500011e+00 2. 2.00099993e+00 2. 2. 2. 2.
    1.99800003e+00 1.99399996e+00 1.99100006e+00 1.99100006e+00
    1.99300003e+00 1.99100006e+00 1.99100006e+00 1.99100006e+00 0. 0. 0.
    0. 0. 0. 0. 0. 0. 0. 0. 0. 0. 2.31100011e+00 0. 0. 2.01399994e+00
    2.01300001e+00 2.00600004e+00 2.00900006e+00 2.00900006e+00
    2.00600004e+00 2.00500011e+00 2.00500011e+00 2.00099993e+00
    2.00500011e+00 2. 2.00200009e+00 2. 2. 2. 2. 1.99800003e+00
    1.99500000e+00 1.99100006e+00 1.99100006e+00 1.99500000e+00
    1.99399996e+00 1.98699999e+00 1.98699999e+00 1.36300004e+00 0. 0. 0.
    0. 0. 0. 0. 0. 0. 0. 0. 0. 2.31100011e+00 0. 0. 2.00900006e+00
    2.01300001e+00 2.00900006e+00 2.00900006e+00 2.00900006e+00
    2.00500011e+00 2.00500011e+00 2.00500011e+00 2.00500011e+00
