<?xml version="1.0"?>
<opencv_storage>
<Depth type_id="opencv-matrix">
  <rows>40</rows>
  <cols>40</cols>
  <dt>f</dt>
  <data>
    0. 0. 0. 0. 0. 0. 0. 0. 0. 0. 0. 0. 0. 0. 0. 0. 0. 0. 0. 0. 0. 0. 0.
    0. 0. 0. 0. 0. 0. 0. 0. 0. 0. 0. 0. 0. 0. 0. 0. 0. 0. 0. 0. 0. 0. 0.
    0. 0. 0. 0. 0. 0. 0. 0. 0. 0. 0. 0. 0. 0. 0. 0. 0. 0. 0. 0. 0. 0. 0.
    0. 0. 0. 0. 0. 0. 0. 0. 0. 0. 0. 0. 0. 0. 0. 0. 0. 0. 0. 0. 0. 0. 0.
    0. 0. 0. 0. 0. 0. 0. 0. 0. 0. 0. 0. 0. 0. 0. 0. 0. 0. 0. 0. 0. 0. 0.
    0. 0. 0. 0. 0. 0. 0. 0. 0. 0. 0. 0. 0. 0. 0. 0. 0. 0. 0. 0. 0. 0. 0.
    0. 0. 0. 0. 0. 0. 0. 0. 0. 0. 0. 0. 0. 0. 0. 0. 0. 0. 0. 0. 0. 0. 0.
    0. 0. 0. 0. 0. 0. 0. 0. 0. 0. 2.75099993e+00 1.82099998e+00
    1.69700003e+00 1.70400000e+00 1.77100003e+00 1.80200005e+00
    1.76800001e+00 1.75500000e+00 1.75500000e+00 1.72700000e+00
    1.69700003e+00 1.69700003e+00 1.69700003e+00 1.69700003e+00
    1.69700003e+00 1.69700003e+00 1.69700003e+00 1.69700003e+00 0. 0. 0.
    0. 0. 0. 0. 0. 0. 0. 0. 0. 0. 0. 0. 0. 0. 0. 0. 0. 0. 0.
    2.75099993e+00 1.82099998e+00 1.69700003e+00 1.70299995e+00
    1.75800002e+00 1.78499997e+00 1.76400006e+00 1.76199996e+00
    1.77400005e+00 1.74800003e+00 1.71800005e+00 1.71800005e+00
    1.71399999e+00 1.70200002e+00 1.69700003e+00 1.69700003e+00
    1.69700003e+00 1.69700003e+00 0. 0. 0. 0. 0. 0. 0. 0. 0. 0. 0. 0. 0.
    0. 0. 0. 0. 0. 0. 0. 0. 0. 2.75099993e+00 1.82099998e+00
    1.69700003e+00 1.70099998e+00 1.73699999e+00 1.75899994e+00
    1.75600004e+00 1.77400005e+00 1.80499995e+00 1.78100002e+00
    1.75100005e+00 1.75100005e+00 1.74000001e+00 1.71000004e+00
    1.69700003e+00 1.69700003e+00 1.69700003e+00 1.69700003e+00 0. 0. 0.
    0. 0. 0. 0. 0. 0. 0. 0. 0. 0. 0. 0. 0. 0. 0. 0. 0. 0. 0.
    2.76099992e+00 1.84700000e+00 1.72599995e+00 1.72800004e+00
    1.74399996e+00 1.75500000e+00 1.75500000e+00 1.76499999e+00
    1.78199995e+00 1.76999998e+00 1.75500000e+00 1.75500000e+00
    1.74899995e+00 1.73300004e+00 1.72599995e+00 1.72599995e+00
    1.73899996e+00 1.75500000e+00 0. 0. 0. 0. 0. 0. 0. 0. 0. 0. 0. 0. 0.
    0. 0. 0. 0. 0. 0. 0. 0. 0. 2.77300000e+00 1.87800002e+00
    1.75899994e+00 1.75899994e+00 1.75899994e+00 1.75800002e+00
    1.75600004e+00 1.75500000e+00 1.75500000e+00 1.75500000e+00
    1.75500000e+00 1.75500000e+00 1.75500000e+00 1.75500000e+00
    1.75600004e+00 1.75800002e+00 1.78499997e+00 1.81400001e+00 0. 0. 0.
    0. 0. 0. 0. 0. 0. 0. 0. 0. 0. 0. 0. 0. 0. 0. 0. 0. 0. 0.
    2.78500009e+00 1.90900004e+00 1.79200006e+00 1.79200006e+00
    1.79200006e+00 1.78499997e+00 1.76300001e+00 1.75500000e+00
    1.75500000e+00 1.75500000e+00 1.75500000e+00 1.75500000e+00
    1.75500000e+00 1.75500000e+00 1.76699996e+00 1.78900003e+00
    1.80299997e+00 1.81400001e+00 0. 0. 0. 0. 0. 0. 0. 0. 0. 0. 0. 0. 0.
    0. 0. 0. 0. 0. 0. 0. 0. 0. 2.60599995e+00 1.91799998e+00
    1.82599998e+00 1.82500005e+00 1.81799996e+00 1.80200005e+00
    1.76800001e+00 1.75500000e+00 1.75500000e+00 1.76100004e+00
    1.76699996e+00 1.76699996e+00 1.76699996e+00 1.76699996e+00
    1.78199995e+00 1.80900002e+00 1.81400001e+00 1.81400001e+00 0. 0. 0.
    0. 0. 0. 0. 0. 0. 0. 0. 0. 0. 0. 0. 0. 0. 0. 0. 0. 0. 2.20499992e+00
    2.08299994e+00 1.88699996e+00 1.86000001e+00 1.85699999e+00
    1.83099997e+00 1.80200005e+00 1.76800001e+00 1.75500000e+00
    1.75500000e+00 1.77699995e+00 1.80100000e+00 1.80100000e+00
    1.80100000e+00 1.80100000e+00 1.80499995e+00 1.81299996e+00
    1.81400001e+00 1.81400001e+00 0. 0. 0. 0. 0. 0. 0. 0. 0. 0. 0. 0. 0.
    0. 0. 0. 0. 0. 0. 0. 0. 1.87399995e+00 1.87399995e+00 1.87399995e+00
    1.87399995e+00 1.87000000e+00 1.83599997e+00 1.80599999e+00
    1.78400004e+00 1.77499998e+00 1.77499998e+00 1.79400003e+00
    1.81400001e+00 1.81400001e+00 1.81400001e+00 1.81400001e+00
    1.81400001e+00 1.81400001e+00 1.82400000e+00 1.83500004e+00 0. 0. 0.
    0. 0. 0. 0. 0. 0. 0. 0. 0. 0. 0. 0. 0. 0. 0. 0. 0. 0. 1.87399995e+00
    1.87399995e+00 1.87399995e+00 1.87399995e+00 1.87000000e+00
    1.83599997e+00 1.81299996e+00 1.80999994e+00 1.80900002e+00
    1.80900002e+00 1.81099999e+00 1.81400001e+00 1.81400001e+00
    1.81400001e+00 1.81400001e+00 1.81400001e+00 1.81400001e+00
    1.84000003e+00 1.86899996e+00 0. 0. 0. 0. 0. 0. 0. 0. 0. 0. 0. 0. 0.
    0. 0. 0. 0. 0. 0. 0. 0. 1.87399995e+00 1.87399995e+00 1.87399995e+00
    1.88900006e+00 1.89999998e+00 1.86500001e+00 1.84300005e+00
    1.84300005e+00 1.84300005e+00 1.84300005e+00 1.84300005e+00
    1.84300005e+00 1.84300005e+00 1.84300005e+00 1.84300005e+00
    1.84300005e+00 1.84300005e+00 0. 0. 0. 0. 0. 0. 0. 0. 0. 0. 0. 0. 0.
    0. 0. 0. 0. 0. 0. 0. 0. 0. 0. 1.96000004e+00 1.93400002e+00
    1.89300001e+00 1.91700006e+00 1.94299996e+00 1.90300000e+00
    1.87699997e+00 1.87699997e+00 1.87699997e+00 1.87699997e+00
    1.87699997e+00 1.87699997e+00 1.87699997e+00 1.87699997e+00
    1.87500000e+00 1.87399995e+00 1.87399995e+00 0. 0. 0. 0. 0. 0. 0. 0.
    0. 0. 0. 0. 0. 0. 0. 0. 0. 0. 0. 0. 0. 0. 0. 2.91499996e+00
    2.60299993e+00 2.10200000e+00 2.04699993e+00 2.04999995e+00
    1.96700001e+00 1.91299999e+00 1.91299999e+00 1.91299999e+00
    1.91299999e+00 1.91299999e+00 1.91299999e+00 1.91299999e+00
    1.90600002e+00 1.88300002e+00 1.87399995e+00 1.87399995e+00 0. 0. 0.
    0. 0. 0. 0. 0. 0. 0. 0. 0. 0. 0. 0. 0. 0. 0. 0. 0. 0. 0. 0. 0. 0.
    2.24300003e+00 2.13400006e+00 2.12199998e+00 2.01699996e+00
    1.94900000e+00 1.94900000e+00 1.94500005e+00 1.93799996e+00
    1.93700004e+00 1.93700004e+00 1.93700004e+00 1.92499995e+00
    1.88900006e+00 1.87399995e+00 1.87399995e+00 0. 0. 0. 0. 0. 0. 0. 0.
    0. 0. 0. 0. 0. 0. 0. 0. 0. 0. 0. 0. 0. 0. 0. 0. 0. 2.24799991e+00
    2.13400006e+00 2.12500000e+00 2.03999996e+00 1.98500001e+00
    1.98500001e+00 1.96899998e+00 1.94099998e+00 1.93700004e+00
    1.93700004e+00 1.93700004e+00 1.92499995e+00 1.88900006e+00
    1.87399995e+00 1.87399995e+00 0. 0. 0. 0. 0. 0. 0. 0. 0. 0. 0. 0. 0.
    0. 0. 0. 0. 0. 0. 0. 0. 0. 0. 0. 0. 2.25000000e+00 2.13400006e+00
    2.12700009e+00 2.06299996e+00 2.02200007e+00 2.02200007e+00 2.
    1.96300006e+00 1.94799995e+00 1.93700004e+00 1.93700004e+00
    1.92499995e+00 1.88900006e+00 1.87399995e+00 1.87399995e+00 0. 0. 0.
    0. 0. 0. 0. 0. 0. 0. 0. 0. 0. 0. 0. 0. 0. 0. 0. 0. 0. 0. 0. 0. 0.
    2.25000000e+00 2.13400006e+00 2.12899995e+00 2.08699989e+00
    2.05900002e+00 2.05900002e+00 2.03699994e+00 1.99899995e+00
    1.96599996e+00 1.93700004e+00 1.93700004e+00 1.92499995e+00
    1.88900006e+00 1.87399995e+00 1.87399995e+00 0. 0. 0. 0. 0. 0. 0. 0.
    0. 0. 0. 0. 0. 0. 0. 0. 0. 0. 0. 0. 0. 0. 0. 0. 0. 2.25000000e+00
    2.13400006e+00 2.13000011e+00 2.09100008e+00 2.06599998e+00
    2.06599998e+00 2.04299998e+00 2.00600004e+00 1.98399997e+00
    1.96700001e+00 1.96700001e+00 1.96000004e+00 1.94099998e+00
    1.93299997e+00 1.93299997e+00 0. 0. 0. 0. 0. 0. 0. 0. 0. 0. 0. 0. 0.
    0. 0. 0. 0. 0. 0. 0. 0. 0. 0. 0. 0. 2.24799991e+00 2.13499999e+00
    2.13000011e+00 2.09299994e+00 2.06800008e+00 2.06699991e+00
    2.04399991e+00 2.00799990e+00 2.00099993e+00 2. 2. 2. 2.00200009e+00
    2.00300002e+00 2.00300002e+00 0. 0. 0. 0. 0. 0. 0. 0. 0. 0. 0. 0. 0.
    0. 0. 0. 0. 0. 0. 0. 0. 0. 0. 2.77600002e+00 2.56299996e+00
    2.22099996e+00 2.15499997e+00 2.13199997e+00 2.11700010e+00
    2.09899998e+00 2.07500005e+00 2.05699992e+00 2.04200006e+00
    2.02099991e+00 2. 2. 2.00799990e+00 2.03099990e+00 2.03999996e+00
    2.03999996e+00 0. 0. 0. 0. 0. 0. 0. 0. 0. 0. 0. 0. 0. 0. 0. 0. 0. 0.
    0. 0. 0. 0. 0. 2.20300007e+00 2.20300007e+00 2.20300007e+00
    2.16899991e+00 2.13400006e+00 2.13400006e+00 2.12299991e+00
    2.09100008e+00 2.07800007e+00 2.07800007e+00 2.05200005e+00
    2.02300000e+00 2.01600003e+00 2.02200007e+00 2.05299997e+00
    1.78499997e+00 1.30100000e+00 0. 0. 0. 0. 0. 0. 0. 0. 0. 0. 0. 0. 0.
    0. 0. 0. 0. 0. 0. 0. 0. 0. 0. 2.20300007e+00 2.20300007e+00
    2.20300007e+00 2.16899991e+00 2.13400006e+00 2.13400006e+00
