<?xml version="1.0"?>
<opencv_storage>
<Depth type_id="opencv-matrix">
  <rows>40</rows>
  <cols>40</cols>
  <dt>f</dt>
  <data>
    0. 0. 0. 0. 0. 0. 0. 0. 0. 0. 0. 0. 0. 0. 0. 0. 1.26100004e+00
    2.08200002e+00 2.03699994e+00 2. 2. 2. 2. 2. 2. 2. 2. 2.19499993e+00
    2.51099992e+00 2.79600000e+00 2.79600000e+00 0. 0. 0. 0. 0. 0. 0. 0.
    0. 0. 0. 0. 0. 0. 0. 0. 0. 0. 0. 0. 0. 0. 0. 0. 0. 1.28100002e+00
    2.09899998e+00 2.04500008e+00 2. 2. 2. 2. 2. 2. 2. 2. 2.16300011e+00
    2.42799997e+00 2.66700006e+00 2.66700006e+00 0. 0. 0. 0. 0. 0. 0. 0.
    0. 0. 0. 0. 0. 0. 0. 0. 0. 0. 0. 0. 0. 0. 0. 0. 0. 1.28100002e+00
    2.09899998e+00 2.04500008e+00 2. 2. 2. 2. 2. 2. 2. 2. 2.13299990e+00
    2.34800005e+00 2.54200006e+00 2.54200006e+00 0. 0. 0. 0. 0. 0. 0. 0.
    0. 0. 0. 0. 0. 0. 0. 0. 0. 0. 0. 0. 0. 0. 0. 0. 0. 1.28100002e+00
    2.09899998e+00 2.04500008e+00 2. 2. 2. 2. 2. 2. 2. 2. 2.10400009e+00
    2.27300000e+00 2.42499995e+00 2.42499995e+00 0. 0. 0. 0. 0. 0. 0. 0.
    0. 0. 0. 0. 0. 0. 0. 0. 0. 0. 0. 0. 0. 0. 0. 0. 0. 1.28100002e+00
    2.09899998e+00 2.04500008e+00 2. 2. 2. 2. 2. 2. 2. 2. 2.10400009e+00
    2.27300000e+00 2.42499995e+00 2.42499995e+00 0. 0. 0. 0. 0. 0. 0. 0.
    0. 0. 0. 0. 0. 0. 0. 0. 0. 0. 0. 0. 0. 0. 0. 0. 0. 1.28100002e+00
    2.09899998e+00 2.04500008e+00 2. 2. 2. 2. 2. 2. 2. 2. 2.10400009e+00
    2.27300000e+00 2.42499995e+00 2.42499995e+00 0. 0. 0. 0. 0. 0. 0. 0.
    0. 0. 0. 0. 0. 0. 0. 0. 0. 0. 0. 0. 0. 0. 0. 0. 0. 1.44000006e+00
    2.07800007e+00 2.03500009e+00 2. 2. 2. 2. 2. 2.00200009e+00
    2.01300001e+00 2.02500010e+00 2.13400006e+00 2.30500007e+00
    2.45799994e+00 2.45799994e+00 0. 0. 0. 0. 0. 0. 0. 0. 0. 0. 0. 0. 0.
    0. 0. 0. 0. 0. 0. 0. 0. 0. 0. 0. 0. 1.73199999e+00 2.03800011e+00
    2.01699996e+00 2. 2. 2. 2. 2. 2.00399995e+00 2.03800011e+00
    2.07100010e+00 2.19000006e+00 2.36299992e+00 2.51900005e+00
    2.51900005e+00 0. 0. 0. 0. 0. 0. 0. 0. 0. 0. 0. 0. 0. 0. 0. 0. 0. 0.
    0. 0. 0. 0. 0. 2.12400007e+00 2.06999993e+00 2.01699996e+00 2. 2. 2.
    2. 2. 2. 2. 2.00699997e+00 2.06100011e+00 2.11500001e+00
    2.24399996e+00 2.42000008e+00 2.57900000e+00 2.57900000e+00 0. 0. 0.
    0. 0. 0. 0. 0. 0. 0. 0. 0. 0. 0. 0. 0. 0. 0. 0. 0. 0. 0. 0.
    2.07399988e+00 2.04200006e+00 2.00999999e+00 2. 2. 2. 2. 2. 2. 2.
    2.00699997e+00 2.06100011e+00 2.11500001e+00 2.24399996e+00
    2.42000008e+00 2.57900000e+00 2.57900000e+00 0. 0. 0. 0. 0. 0. 0. 0.
    0. 0. 0. 0. 0. 0. 0. 0. 0. 0. 0. 0. 0. 0. 0. 2.02399993e+00
    2.01399994e+00 2.00300002e+00 2. 2. 2. 2. 2. 2. 2. 2.00699997e+00
    2.06100011e+00 2.11500001e+00 2.24399996e+00 2.42000008e+00
    2.57900000e+00 2.57900000e+00 0. 0. 0. 0. 0. 0. 0. 0. 0. 0. 0. 0. 0.
    0. 0. 0. 0. 0. 0. 0. 0. 0. 0. 2. 2. 2. 2. 2. 2. 2. 2. 2. 2.
    2.00699997e+00 2.06100011e+00 2.11500001e+00 2.26900005e+00
    2.48499990e+00 2.68099999e+00 2.68099999e+00 0. 0. 0. 0. 0. 0. 0. 0.
    0. 0. 0. 0. 0. 0. 0. 0. 0. 0. 0. 0. 0. 0. 1.25500000e+00 2. 2. 2. 2.
    2. 2. 2. 2. 2. 2. 2.00699997e+00 2.06100011e+00 2.11500001e+00
    2.31800008e+00 2.61400008e+00 2.88000011e+00 2.88000011e+00 0. 0. 0.
    0. 0. 0. 0. 0. 0. 0. 0. 0. 0. 0. 0. 0. 0. 0. 0. 0. 1.74800003e+00
    2.39299989e+00 2.17400002e+00 2. 2. 2. 2. 2. 2. 2. 2. 2. 2.
    2.00699997e+00 2.06100011e+00 2.11500001e+00 2.36700010e+00
    2.74200010e+00 0. 0. 0. 0. 0. 0. 0. 0. 0. 0. 0. 0. 0. 0. 0. 0. 0. 0.
    0. 0. 0. 0. 1.77300000e+00 2.42799997e+00 2.21900010e+00
    2.04900002e+00 2.02800012e+00 2.00699997e+00 2. 2. 2. 2. 2. 2. 2.
    2.02699995e+00 2.22900009e+00 2.43099999e+00 2.64800000e+00
    2.87599993e+00 0. 0. 0. 0. 0. 0. 0. 0. 0. 0. 0. 0. 0. 0. 0. 0. 0. 0.
    0. 0. 0. 0. 1.77300000e+00 2.44400001e+00 2.25600004e+00
    2.09899998e+00 2.05599999e+00 2.01300001e+00 2. 2. 2. 2. 2. 2. 2.
    2.04699993e+00 2.39800000e+00 2.74900007e+00 2.93199992e+00 0. 0. 0.
    0. 0. 0. 0. 0. 0. 0. 0. 0. 0. 0. 0. 0. 0. 0. 0. 0. 0. 0. 0. 0.
    1.47099996e+00 1.84099996e+00 2.12500000e+00 2.07100010e+00
    2.01699996e+00 2. 2. 2. 2. 2. 2. 2. 2.05699992e+00 2.48699999e+00
    2.91700006e+00 0. 0. 0. 0. 0. 0. 0. 0. 0. 0. 0. 0. 0. 0. 0. 0. 0. 0.
    0. 0. 0. 0. 0. 0. 0. 0. 0. 2.12500000e+00 2.07100010e+00
    2.01699996e+00 2. 2. 2. 2. 2. 2. 2. 2.05699992e+00 2.48699999e+00
    2.91700006e+00 0. 0. 0. 0. 0. 0. 0. 0. 0. 0. 0. 0. 0. 0. 0. 0. 0. 0.
    0. 0. 0. 0. 0. 0. 0. 0. 0. 2.12500000e+00 2.07100010e+00
    2.01699996e+00 2. 2. 2. 2. 2. 2. 2. 2.05699992e+00 2.48699999e+00
    2.91700006e+00 0. 0. 0. 0. 0. 0. 0. 0. 0. 0. 0. 0. 0. 0. 0. 0. 0. 0.
    0. 0. 0. 0. 0. 0. 0. 0. 0. 2.12500000e+00 2.07100010e+00
    2.01699996e+00 2. 2. 2.00300002e+00 2.02399993e+00 2.04399991e+00
    2.06500006e+00 2.08699989e+00 2.15700006e+00 2.54500008e+00
    2.93300009e+00 0. 0. 0. 0. 0. 0. 0. 0. 0. 0. 0. 0. 0. 0. 0. 0. 0. 0.
    0. 0. 0. 0. 0. 0. 0. 0. 0. 2.12500000e+00 2.07100010e+00
    2.01699996e+00 2. 2. 2.00699997e+00 2.04900002e+00 2.09100008e+00
    2.13400006e+00 2.17700005e+00 2.26099992e+00 2.60500002e+00
    2.95000005e+00 0. 0. 0. 0. 0. 0. 0. 0. 0. 0. 0. 0. 0. 0. 0. 0. 0. 0.
    0. 0. 0. 0. 0. 0. 0. 0. 0. 2.12500000e+00 2.07100010e+00
    2.01699996e+00 2. 2. 2.00900006e+00 2.06299996e+00 2.11700010e+00
    2.20900011e+00 2.31999993e+00 2.45199990e+00 2.71600008e+00
    2.98000002e+00 0. 0. 0. 0. 0. 0. 0. 0. 0. 0. 0. 0. 0. 0. 0. 0. 0. 0.
    0. 0. 0. 0. 0. 0. 0. 0. 0. 2.12500000e+00 2.07100010e+00
    2.01699996e+00 2. 2. 2.00900006e+00 2.06299996e+00 2.11700010e+00
    2.29099989e+00 2.52999997e+00 2.75500011e+00 2.89199996e+00 0. 0. 0.
    0. 0. 0. 0. 0. 0. 0. 0. 0. 0. 0. 0. 0. 0. 0. 0. 0. 0. 0. 0. 0. 0. 0.
    0. 0. 2.12500000e+00 2.07100010e+00 2.01699996e+00 2. 2.
    2.00900006e+00 2.06299996e+00 2.11700010e+00 2.37400007e+00
    2.74000001e+00 0. 0. 0. 0. 0. 0. 0. 0. 0. 0. 0. 0. 0. 0. 0. 0. 0. 0.
    0. 0. 0. 0. 0. 0. 0. 0. 0. 0. 0. 0. 2.07900000e+00 2.04500008e+00
    2.01099992e+00 2. 2. 2.00900006e+00 2.06299996e+00 2.11700010e+00
    2.38100004e+00 2.75699997e+00 0. 0. 0. 0. 0. 0. 0. 0. 0. 0. 0. 0. 0.
    0. 0. 0. 0. 0. 0. 0. 0. 0. 0. 0. 0. 0. 0. 0. 0. 0. 2.02999997e+00
    2.01699996e+00 2.00399995e+00 2. 2. 2.00900006e+00 2.06299996e+00
    2.11700010e+00 2.38100004e+00 2.75699997e+00 0. 0. 0. 0. 0. 0. 0. 0.
    0. 0. 0. 0. 0. 0. 0. 0. 0. 0. 0. 0. 0. 0. 0. 0. 0. 0. 0. 0. 0. 0. 2.
    2. 2. 2. 2. 2.00900006e+00 2.06299996e+00 2.11700010e+00
    2.38100004e+00 2.75699997e+00 0. 0. 0. 0. 0. 0. 0. 0. 0. 0. 0. 0. 0.
    0. 0. 0. 0. 0. 0. 0. 0. 0. 0. 0. 0. 0. 0. 0. 0. 1.05499995e+00 2. 2.
    2. 2. 2. 2.00900006e+00 2.06299996e+00 2.11700010e+00 2.38100004e+00
    2.75699997e+00 0. 0. 0. 0. 0. 0. 0. 0. 0. 0. 0. 0. 0. 0. 0. 0. 0. 0.
    0. 0. 0. 0. 0. 0. 0. 0. 0. 0. 1.77699995e+00 1.90100002e+00 2. 2. 2.
    2. 2. 2.00900006e+00 2.06299996e+00 2.11700010e+00 2.38100004e+00
    2.75699997e+00 0. 0. 0. 0. 0. 0. 0. 0. 0. 0. 0. 0. 0. 0. 0. 0. 0. 0.
    0. 0. 0. 0. 0. 0. 0. 0. 0. 1.25699997e+00 2. 2. 2. 2. 2. 2. 2.
    2.00900006e+00 2.06299996e+00 2.11700010e+00 2.38100004e+00
    2.75699997e+00 0. 0. 0. 0. 0. 0. 0. 0. 0. 0. 0. 0. 0. 0. 0. 0. 0. 0.
    0. 0. 0. 0. 0. 0. 0. 0. 0. 1.25699997e+00 2. 2. 2. 2. 2. 2. 2.
    2.00900006e+00 2.06299996e+00 2.11700010e+00 2.38100004e+00
    2.75699997e+00 0. 0. 0. 0. 0. 0. 0. 0. 0. 0. 0. 0. 0. 0. 0. 0. 0. 0.
    0. 0. 0. 0. 0. 0. 0. 0. 0. 1.36500001e+00 2.00600004e+00
    2.01300001e+00 2.01999998e+00 2.01999998e+00 2.01999998e+00
    2.01999998e+00 2.01999998e+00 2.02900004e+00 2.08299994e+00
    2.13800001e+00 2.39599991e+00 2.76399994e+00 0. 0. 0. 0. 0. 0. 0. 0.
    0. 0. 0. 0. 0. 0. 0. 0. 0. 0. 0. 0. 0. 0. 0. 0. 0. 0. 0.
    1.65999997e+00 2.02099991e+00 2.04999995e+00 2.07399988e+00
    2.07399988e+00 2.07399988e+00 2.07399988e+00 2.07399988e+00
    2.08299994e+00 2.13800001e+00 2.19300008e+00 2.43700004e+00
    2.78299999e+00 0. 0. 0. 0. 0. 0. 0. 0. 0. 0. 0. 0. 0. 0. 0. 0. 0. 0.
    0. 0. 0. 0. 0. 0. 1.59000003e+00 1.63000000e+00 1.79200006e+00
