<?xml version="1.0"?>
<opencv_storage>
<Depth type_id="opencv-matrix">
  <rows>40</rows>
  <cols>40</cols>
  <dt>f</dt>
  <data>
    0. 0. 0. 0. 0. 1.09000003e+00 1.09300005e+00 1.14100003e+00
    1.18799996e+00 1.22599995e+00 1.22599995e+00 1.22599995e+00
    1.22599995e+00 1.22700000e+00 1.22800004e+00 1.18200004e+00
    1.09000003e+00 0. 0. 0. 0. 0. 0. 0. 1.24899995e+00 1.55299997e+00
    1.83200002e+00 1.83200002e+00 1.83200002e+00 1.83200002e+00
    1.83200002e+00 1.83200002e+00 1.83200002e+00 1.83200002e+00 0. 0. 0.
    0. 0. 0. 0. 0. 0. 0. 0. 1.04400003e+00 1.04700005e+00 1.09399998e+00
    1.14100003e+00 1.17799997e+00 1.17799997e+00 1.17799997e+00
    1.18400002e+00 1.20200002e+00 1.22000003e+00 1.19099998e+00
    1.11399996e+00 1.03799999e+00 1.01100004e+00 1.01100004e+00
    1.01100004e+00 1.01100004e+00 1.01100004e+00 1.01100004e+00
    1.27999997e+00 1.56700003e+00 1.83200002e+00 1.83200002e+00
    1.83200002e+00 1.83200002e+00 1.83200002e+00 1.83200002e+00
    1.83200002e+00 1.83200002e+00 0. 0. 0. 0. 0. 0. 0. 0. 0. 0. 0. 0.
    1.00100005e+00 1.04799998e+00 1.09399998e+00 1.13000000e+00
    1.13000000e+00 1.13000000e+00 1.14300001e+00 1.17700005e+00
    1.21200001e+00 1.19900000e+00 1.13800001e+00 1.07799995e+00
    1.05700004e+00 1.05700004e+00 1.05700004e+00 1.05700004e+00
    1.05700004e+00 1.05700004e+00 1.31099999e+00 1.58200002e+00
    1.83200002e+00 1.83200002e+00 1.83200002e+00 1.83200002e+00
    1.83200002e+00 1.83200002e+00 1.83200002e+00 1.83200002e+00 0. 0. 0.
    0. 0. 0. 0. 0. 0. 0. 0. 0. 0. 1.01100004e+00 1.05700004e+00
    1.09300005e+00 1.09300005e+00 1.09300005e+00 1.11000001e+00
    1.15799999e+00 1.20500004e+00 1.20700002e+00 1.16299999e+00
    1.11899996e+00 1.10599995e+00 1.10899997e+00 1.11300004e+00
    1.13100004e+00 1.15199995e+00 1.17299998e+00 1.39400005e+00
    1.62899995e+00 1.84500003e+00 1.84500003e+00 1.84500003e+00
    1.84500003e+00 1.84500003e+00 1.84500003e+00 1.84500003e+00
    1.84500003e+00 0. 0. 0. 0. 0. 0. 0. 0. 0. 0. 0. 0. 0. 1.01100004e+00
    1.05700004e+00 1.09300005e+00 1.09300005e+00 1.09300005e+00
    1.11000001e+00 1.15799999e+00 1.20500004e+00 1.21500003e+00
    1.18799996e+00 1.16100001e+00 1.16499996e+00 1.18599999e+00
    1.20700002e+00 1.30599999e+00 1.42600000e+00 1.54600000e+00
    1.66799998e+00 1.79100001e+00 1.90400004e+00 1.90400004e+00
    1.90400004e+00 1.90400004e+00 1.90400004e+00 1.90400004e+00
    1.90400004e+00 1.90400004e+00 0. 0. 0. 0. 0. 0. 0. 0. 0. 0. 0. 0. 0.
    1.01100004e+00 1.05700004e+00 1.09300005e+00 1.09300005e+00
    1.09300005e+00 1.11000001e+00 1.15799999e+00 1.20500004e+00
    1.22399998e+00 1.21300006e+00 1.20200002e+00 1.22300005e+00
    1.26199996e+00 1.29999995e+00 1.48099995e+00 1.70000005e+00
    1.91799998e+00 1.94200003e+00 1.95299995e+00 1.96200001e+00
    1.96200001e+00 1.96200001e+00 1.96200001e+00 1.96200001e+00
    1.96200001e+00 1.96200001e+00 1.96200001e+00 0. 0. 0. 0. 0. 0. 0. 0.
    0. 0. 0. 0. 0. 1.02100003e+00 1.06200004e+00 1.09399998e+00
    1.10000002e+00 1.10599995e+00 1.13000000e+00 1.18400002e+00
    1.23800004e+00 1.26499999e+00 1.26499999e+00 1.26499999e+00
    1.30200005e+00 1.35899997e+00 1.41600001e+00 1.62899995e+00
    1.88300002e+00 2.13700008e+00 2.10299993e+00 2.04900002e+00 2. 2. 2.
    2. 2. 2. 2. 2. 0. 0. 0. 0. 0. 0. 0. 0. 0. 0. 0. 1.02400005e+00
    1.02600002e+00 1.04999995e+00 1.07400000e+00 1.09800005e+00
    1.12100005e+00 1.14300001e+00 1.18400002e+00 1.25699997e+00
    1.33000004e+00 1.36699998e+00 1.36699998e+00 1.36699998e+00
    1.41700006e+00 1.49500000e+00 1.57400000e+00 1.72899997e+00
    1.90499997e+00 2.07999992e+00 2.06200004e+00 2.02999997e+00 2. 2. 2.
    2. 2. 2. 2. 2. 0. 0. 0. 0. 0. 0. 0. 0. 0. 0. 0. 1.07000005e+00
    1.07099998e+00 1.07900000e+00 1.08700001e+00 1.10099995e+00
    1.14100003e+00 1.17999995e+00 1.23800004e+00 1.33000004e+00
    1.42200005e+00 1.46800005e+00 1.46800005e+00 1.46800005e+00
    1.53199995e+00 1.63199997e+00 1.73099995e+00 1.82900000e+00
    1.92700005e+00 2.02399993e+00 2.01999998e+00 2.00999999e+00 2. 2. 2.
    2. 2. 2. 2. 2. 0. 0. 0. 0. 0. 0. 0. 0. 0. 0. 0. 1.09300005e+00
    1.09300005e+00 1.09300005e+00 1.09300005e+00 1.10500002e+00
    1.16100001e+00 1.21800005e+00 1.28699994e+00 1.38000000e+00
    1.47200000e+00 1.52800000e+00 1.54700005e+00 1.56700003e+00
    1.63199997e+00 1.72300005e+00 1.81299996e+00 1.87899995e+00
    1.93700004e+00 1.99600005e+00 2. 2. 2. 2. 2. 2.00500011e+00
    2.02699995e+00 2.04900002e+00 2.06299996e+00 2.06299996e+00 0. 0. 0.
    0. 0. 0. 0. 0. 0. 0. 0. 1.09300005e+00 1.09300005e+00 1.09300005e+00
    1.09300005e+00 1.10899997e+00 1.18299997e+00 1.25600004e+00
    1.33000004e+00 1.40499997e+00 1.48099995e+00 1.54700005e+00
    1.60500002e+00 1.66299999e+00 1.71700001e+00 1.76900005e+00
    1.82099998e+00 1.87899995e+00 1.93700004e+00 1.99600005e+00 2. 2. 2.
    2. 2. 2.01500010e+00 2.08100009e+00 2.14700007e+00 2.18899989e+00
    2.18899989e+00 0. 0. 0. 0. 0. 0. 0. 0. 0. 0. 0. 1.09300005e+00
    1.09300005e+00 1.09300005e+00 1.09300005e+00 1.11300004e+00
    1.20400000e+00 1.29400003e+00 1.37300003e+00 1.43099999e+00
    1.48899996e+00 1.56700003e+00 1.66299999e+00 1.75899994e+00
    1.80200005e+00 1.81599998e+00 1.82900000e+00 1.87899995e+00
    1.93700004e+00 1.99600005e+00 2. 2. 2. 2. 2. 2.02500010e+00
    2.13499999e+00 2.24499989e+00 2.31500006e+00 2.31500006e+00 0. 0. 0.
    0. 0. 0. 0. 0. 0. 0. 0. 1.09300005e+00 1.09399998e+00 1.10500002e+00
    1.11500001e+00 1.14499998e+00 1.24300003e+00 1.34099996e+00
    1.43200004e+00 1.50999999e+00 1.58800006e+00 1.66999996e+00
    1.75500000e+00 1.84000003e+00 1.87000000e+00 1.87000000e+00
    1.87000000e+00 1.90600002e+00 1.95200002e+00 1.99699998e+00 2. 2. 2.
    2. 2. 2.02800012e+00 2.15400004e+00 2.27900004e+00 2.35899997e+00
    2.35899997e+00 0. 0. 0. 0. 0. 0. 0. 0. 0. 0. 0. 1.09300005e+00
    1.09500003e+00 1.12199998e+00 1.14999998e+00 1.19299996e+00
    1.29200006e+00 1.39199996e+00 1.49800003e+00 1.61800003e+00
    1.73699999e+00 1.81900001e+00 1.86600006e+00 1.91299999e+00
    1.92900002e+00 1.92900002e+00 1.92900002e+00 1.94900000e+00
    1.97399998e+00 1.99800003e+00 2. 2. 2. 2. 2. 2.02800012e+00
    2.15400004e+00 2.27900004e+00 2.35899997e+00 2.35899997e+00 0. 0. 0.
    0. 0. 0. 0. 0. 0. 0. 0. 1.09300005e+00 1.09599996e+00 1.13999999e+00
    1.18400002e+00 1.24100006e+00 1.34200001e+00 1.44299996e+00
    1.56500006e+00 1.72500002e+00 1.88499999e+00 1.96899998e+00
    1.97700000e+00 1.98500001e+00 1.98800004e+00 1.98800004e+00
    1.98800004e+00 1.99100006e+00 1.99500000e+00 2. 2. 2. 2. 2. 2.
    2.02800012e+00 2.15400004e+00 2.27900004e+00 2.35899997e+00
    2.35899997e+00 0. 0. 0. 0. 0. 0. 0. 0. 0. 0. 0. 1.13100004e+00
    1.13399994e+00 1.18200004e+00 1.23000002e+00 1.29400003e+00
    1.41199994e+00 1.52900004e+00 1.66100001e+00 1.81599998e+00
    1.97099996e+00 2.03999996e+00 2.02300000e+00 2.00600004e+00 2. 2. 2.
    2. 2. 2. 2. 2. 2. 2. 2. 2.02800012e+00 2.15400004e+00 2.27900004e+00
    2.35899997e+00 2.35899997e+00 0. 0. 0. 0. 0. 0. 0. 0. 0. 0. 0.
    1.17799997e+00 1.18200004e+00 1.23099995e+00 1.27900004e+00
    1.34700000e+00 1.48699999e+00 1.62600005e+00 1.76499999e+00
    1.90300000e+00 2.04099989e+00 2.08999991e+00 2.05200005e+00
    2.01399994e+00 2. 2. 2. 2. 2. 2. 2. 2. 2. 2. 2. 2.02800012e+00
    2.15400004e+00 2.27900004e+00 2.35899997e+00 2.35899997e+00 0. 0. 0.
    0. 0. 0. 0. 0. 0. 0. 0. 1.22599995e+00 1.22899997e+00 1.27900004e+00
    1.32799995e+00 1.40100002e+00 1.56200004e+00 1.72200000e+00
    1.86899996e+00 1.99000001e+00 2.11100006e+00 2.14100003e+00
    2.08100009e+00 2.02099991e+00 2. 2. 2. 2. 2. 2. 2. 2. 2. 2. 2.
    2.02800012e+00 2.15400004e+00 2.27900004e+00 2.35899997e+00
    2.35899997e+00 0. 0. 0. 0. 0. 0. 0. 0. 0. 0. 0. 1.22899997e+00
    1.23300004e+00 1.28199995e+00 1.33099997e+00 1.40900004e+00
    1.59000003e+00 1.77100003e+00 1.92299998e+00 2.02399993e+00
    2.12500000e+00 2.15400004e+00 2.11299992e+00 2.07200003e+00
