<?xml version="1.0"?>
<opencv_storage>
<Depth type_id="opencv-matrix">
  <rows>40</rows>
  <cols>40</cols>
  <dt>f</dt>
  <data>
    0. 0. 0. 0. 0. 0. 0. 0. 0. 0. 0. 0. 0. 0. 0. 0. 0. 0. 0. 0. 0. 0. 0.
    0. 0. 0. 0. 0. 0. 0. 0. 0. 0. 0. 0. 0. 0. 0. 0. 0. 0. 0. 0. 0. 0. 0.
    0. 0. 0. 0. 0. 0. 0. 0. 0. 0. 0. 0. 0. 0. 0. 0. 0. 0. 0. 0. 0. 0. 0.
    0. 0. 0. 0. 0. 0. 0. 0. 0. 0. 0. 0. 0. 0. 0. 0. 0. 0. 0. 0. 0. 0. 0.
    0. 0. 0. 0. 0. 0. 0. 0. 0. 0. 0. 0. 0. 0. 0. 0. 0. 0. 0. 0. 0. 0. 0.
    0. 0. 0. 0. 0. 0. 0. 0. 0. 0. 0. 0. 0. 0. 0. 0. 0. 0. 0. 0. 0. 0. 0.
    0. 0. 0. 0. 0. 0. 0. 0. 0. 0. 0. 0. 0. 0. 0. 0. 0. 0. 0. 0. 0. 0. 0.
    0. 0. 0. 0. 0. 0. 0. 0. 0. 0. 0. 0. 0. 0. 0. 0. 0. 0. 0. 0. 0. 0. 0.
    0. 0. 0. 0. 0. 0. 0. 0. 0. 0. 0. 0. 0. 0. 0. 0. 0. 0. 0. 0. 0. 0. 0.
    0. 0. 0. 0. 0. 0. 0. 0. 0. 0. 0. 0. 0. 0. 0. 0. 0. 0. 0. 0. 0. 0. 0.
    0. 0. 0. 0. 0. 0. 0. 0. 0. 0. 0. 0. 0. 0. 0. 0. 0. 0. 0. 0. 0. 0. 0.
    0. 0. 0. 0. 0. 0. 0. 0. 0. 0. 0. 0. 0. 0. 0. 0. 0. 0. 0. 0. 0. 0. 0.
    0. 0. 0. 0. 0. 0. 0. 0. 0. 0. 0. 0. 0. 0. 0. 0. 0. 0. 0. 0. 0. 0. 0.
    0. 0. 0. 0. 0. 0. 0. 0. 0. 0. 0. 0. 0. 0. 0. 0. 0. 0. 0. 0. 0. 0. 0.
    0. 0. 0. 0. 0. 0. 0. 0. 0. 0. 0. 0. 0. 0. 0. 0. 2.17300010e+00
    2.14400005e+00 2.14000010e+00 2.14000010e+00 2.14899993e+00
    2.17899990e+00 2.20900011e+00 2.19099998e+00 2.14700007e+00
    2.08999991e+00 2.03500009e+00 2.03399992e+00 2.03399992e+00
    2.04600000e+00 2.06900001e+00 2.06900001e+00 0. 0. 0. 0. 0. 0. 0. 0.
    0. 0. 0. 0. 0. 0. 0. 0. 0. 0. 0. 2.50999999e+00 2.50999999e+00
    2.54399991e+00 2.55599999e+00 2.43899989e+00 2.17300010e+00
    2.14400005e+00 2.14000010e+00 2.14000010e+00 2.14899993e+00
    2.17799997e+00 2.18700004e+00 2.16599989e+00 2.13199997e+00
    2.08999991e+00 2.03500009e+00 2.03399992e+00 2.04800010e+00
    2.06200004e+00 2.06900001e+00 2.06900001e+00 1.27600002e+00 0. 0. 0.
    1.01699996e+00 0. 0. 0. 0. 0. 0. 0. 0. 0. 0. 0. 2.88899994e+00
    2.77399993e+00 2.54399991e+00 2.14000010e+00 2.14000010e+00
    2.16700006e+00 2.17700005e+00 2.17700005e+00 2.17499995e+00
    2.16000009e+00 2.15700006e+00 2.17400002e+00 2.19899988e+00
    2.21199989e+00 2.18300009e+00 2.15400004e+00 2.12500000e+00
    2.09299994e+00 2.05100012e+00 2.05100012e+00 2.06100011e+00
    2.07500005e+00 2.08599997e+00 2.08599997e+00 2.07399988e+00
    2.06900001e+00 2.07999992e+00 2.10700011e+00 2.13599992e+00 0.
    2.12599993e+00 2.98000002e+00 0. 0. 0. 0. 0. 0. 0. 0. 2.34899998e+00
    2.16700006e+00 2.15700006e+00 2.14000010e+00 2.14000010e+00
    2.16000009e+00 2.17199993e+00 2.17700005e+00 2.17700005e+00
    2.17700005e+00 2.15199995e+00 2.16599989e+00 2.20600009e+00
    2.23099995e+00 2.18700004e+00 2.15400004e+00 2.12500000e+00
    2.09899998e+00 2.07800007e+00 2.07800007e+00 2.07800007e+00
    2.08699989e+00 2.10400009e+00 2.10400009e+00 2.07900000e+00
    2.06900001e+00 2.07999992e+00 2.10700011e+00 2.13599992e+00 0. 0.
    1.82299995e+00 0. 0. 2.21099997e+00 2.21099997e+00 2.86400008e+00 0.
    0. 2.17600012e+00 2.14400005e+00 2.13599992e+00 2.13800001e+00
    2.14000010e+00 2.14000010e+00 2.14000010e+00 2.15899992e+00
    2.17799997e+00 2.17899990e+00 2.17899990e+00 2.08100009e+00
    2.03399992e+00 2.06800008e+00 2.17000008e+00 2.17300010e+00
    2.15300012e+00 2.12500000e+00 2.10400009e+00 2.10400009e+00
    2.10400009e+00 2.10500002e+00 2.10599995e+00 2.10599995e+00
    2.10599995e+00 2.08200002e+00 2.07299995e+00 2.08299994e+00
    2.10899997e+00 2.13800001e+00 0. 0. 1.17700005e+00 2.36899996e+00
    2.31200004e+00 2.15199995e+00 2.15199995e+00 2.26200008e+00
    2.33999991e+00 2.30200005e+00 2.08699989e+00 2.08200002e+00
    2.07999992e+00 2.10200000e+00 2.14000010e+00 2.14000010e+00
    2.14000010e+00 2.15899992e+00 2.18700004e+00 2.20900011e+00
    2.20900011e+00 2.09100008e+00 2.03399992e+00 2.03999996e+00
    2.05900002e+00 2.10599995e+00 2.13100004e+00 2.12500000e+00
    2.10400009e+00 2.10400009e+00 2.10400009e+00 2.12100005e+00
    2.13400006e+00 2.13400006e+00 2.13400006e+00 2.13000011e+00
    2.12899995e+00 2.13000011e+00 2.13800001e+00 2.16700006e+00 0. 0.
    1.65999997e+00 2.11899996e+00 2.14400005e+00 2.11700010e+00
    2.11700010e+00 2.13199997e+00 2.15499997e+00 2.15499997e+00
    2.06900001e+00 2.06900001e+00 2.05599999e+00 2.05699992e+00
    2.07699990e+00 2.09400010e+00 2.09500003e+00 2.09100008e+00
    2.09100008e+00 2.10100007e+00 2.10100007e+00 2.05599999e+00
    2.03399992e+00 2.03399992e+00 2.03699994e+00 2.09200001e+00
    2.12599993e+00 2.13499999e+00 2.12700009e+00 2.12700009e+00
    2.12700009e+00 2.13400006e+00 2.14000010e+00 2.14000010e+00
    2.14000010e+00 2.14000010e+00 2.14000010e+00 2.14700007e+00
    2.16400003e+00 2.17499995e+00 0. 2. 2.02300000e+00 2.07699990e+00
    2.11199999e+00 2.07399988e+00 2.06299996e+00 2.07399988e+00
    2.08999991e+00 2.08999991e+00 2.03999996e+00 2.03999996e+00
    2.02800012e+00 2.01999998e+00 2.02500010e+00 2.05200005e+00
    2.05399990e+00 2.04399991e+00 2.03399992e+00 2.03399992e+00
    2.03399992e+00 2.03399992e+00 2.03399992e+00 2.03800011e+00
    2.04999995e+00 2.08299994e+00 2.11100006e+00 2.13100004e+00
    2.14000010e+00 2.14000010e+00 2.14000010e+00 2.14000010e+00
    2.14000010e+00 2.14000010e+00 2.14000010e+00 2.14000010e+00
    2.14000010e+00 2.15100002e+00 2.17700005e+00 2.17700005e+00 0.
    1.29700005e+00 1.81599998e+00 2.07900000e+00 2.08599997e+00
    2.03200006e+00 2.00500011e+00 2. 2. 2. 2. 2. 2. 2. 2.00500011e+00
    2.03200006e+00 2.03399992e+00 2.03399992e+00 2.03399992e+00
    2.03399992e+00 2.03399992e+00 2.03399992e+00 2.03399992e+00
    2.04299998e+00 2.06900001e+00 2.06299996e+00 2.07900000e+00
    2.10100007e+00 2.12100005e+00 2.13199997e+00 2.13800001e+00
    2.14000010e+00 2.14000010e+00 2.14000010e+00 2.14000010e+00
    2.14000010e+00 2.14000010e+00 2.14899993e+00 2.17000008e+00
    2.17600012e+00 0. 0. 1.02400005e+00 2.12299991e+00 2.08599997e+00
    2.03200006e+00 2.00500011e+00 2. 2. 2. 2. 2. 2. 2. 2.00500011e+00
    2.03200006e+00 2.03399992e+00 2.03399992e+00 2.03399992e+00
    2.03399992e+00 2.03399992e+00 2.03399992e+00 2.03399992e+00
    2.04299998e+00 2.06800008e+00 2.03999996e+00 2.03399992e+00
    2.03399992e+00 2.04800010e+00 2.10299993e+00 2.13199997e+00
    2.14000010e+00 2.14000010e+00 2.14000010e+00 2.14000010e+00
    2.14000010e+00 2.14000010e+00 2.14000010e+00 2.14299989e+00
    2.17300010e+00 0. 0. 1.01999998e+00 2.10999990e+00 2.06500006e+00
    2.03200006e+00 2.00500011e+00 2. 2. 2. 2. 2. 2.01500010e+00
    2.02699995e+00 2.02800012e+00 2.03399992e+00 2.03399992e+00
    2.03399992e+00 2.02600002e+00 2.00699997e+00 2.00699997e+00
    2.00699997e+00 2.01999998e+00 2.03600001e+00 2.04099989e+00
    2.03500009e+00 2.03399992e+00 2.03399992e+00 2.03699994e+00
    2.04900002e+00 2.11999989e+00 2.14000010e+00 2.14000010e+00
    2.14000010e+00 2.14000010e+00 2.14000010e+00 2.14000010e+00
    2.14000010e+00 2.14100003e+00 2.14700007e+00 0. 0. 0. 2.07500005e+00
    2.04500008e+00 2.03200006e+00 2.00500011e+00 2. 2. 2. 2. 2.
    2.01999998e+00 2.03399992e+00 2.03399992e+00 2.03399992e+00
    2.03399992e+00 2.03399992e+00 2.02399993e+00 2. 2. 2. 2.00699997e+00
    2.01900005e+00 2.03399992e+00 2.03399992e+00 2.03399992e+00
    2.03399992e+00 2.03399992e+00 2.03399992e+00 2.11599994e+00
    2.14000010e+00 2.14000010e+00 2.14299989e+00 2.16000009e+00 0. 0. 0.
    2.14000010e+00 2.14000010e+00 0. 0. 1.35800004e+00 2.03999996e+00
    2.02200007e+00 2.02099991e+00 2.00300002e+00 2. 2. 2. 2. 2.
    2.01999998e+00 2.03399992e+00 2.03399992e+00 2.03399992e+00
    2.03399992e+00 2.03399992e+00 2.02699995e+00 2.01200008e+00
    2.01200008e+00 2.00399995e+00 2. 2.00500011e+00 2.02200007e+00
    2.02200007e+00 2.02200007e+00 2.02200007e+00 2.02200007e+00
    2.02200007e+00 1.11500001e+00 0. 0. 0. 0. 0. 0. 0. 0. 0. 0.
    2.02900004e+00 2.02900004e+00 2.01500010e+00 2. 2. 2. 2. 2. 2. 2.
    2.00399995e+00 2.02200007e+00 2.03399992e+00 2.03399992e+00
