<?xml version="1.0"?>
<opencv_storage>
<Depth type_id="opencv-matrix">
  <rows>40</rows>
  <cols>40</cols>
  <dt>f</dt>
  <data>
    0. 0. 0. 0. 0. 0. 0. 0. 0. 0. 0. 0. 0. 0. 0. 0. 0. 0. 0. 0. 0. 0. 0.
    0. 0. 0. 0. 0. 0. 0. 0. 0. 0. 0. 0. 0. 0. 0. 0. 0. 0. 0. 0. 0. 0. 0.
    0. 0. 0. 0. 0. 0. 0. 0. 0. 0. 0. 0. 0. 0. 0. 0. 0. 0. 0. 0. 0. 0. 0.
    0. 0. 0. 0. 0. 0. 0. 0. 0. 0. 0. 0. 0. 0. 0. 0. 0. 0. 0. 0. 0. 0. 0.
    0. 0. 0. 0. 0. 0. 0. 0. 0. 0. 0. 0. 0. 0. 0. 0. 0. 0. 0. 0. 0. 0. 0.
    0. 0. 0. 0. 0. 0. 0. 0. 0. 0. 0. 0. 0. 0. 0. 0. 0. 0. 0. 0. 0. 0. 0.
    0. 0. 0. 0. 0. 0. 0. 0. 0. 0. 0. 0. 0. 0. 0. 0. 0. 0. 0. 0. 0. 0. 0.
    0. 0. 0. 0. 0. 0. 0. 0. 0. 0. 0. 0. 0. 0. 0. 0. 0. 0. 0. 0. 0. 0. 0.
    0. 0. 0. 0. 0. 0. 0. 0. 0. 0. 0. 0. 0. 0. 0. 0. 0. 0. 0. 0. 0. 0. 0.
    0. 0. 0. 0. 0. 0. 0. 0. 0. 0. 0. 0. 0. 0. 0. 0. 0. 0. 0. 0. 0. 0. 0.
    0. 0. 0. 0. 0. 0. 0. 0. 0. 0. 0. 0. 0. 0. 0. 0. 0. 0. 0. 0. 0. 0. 0.
    0. 0. 0. 0. 0. 0. 0. 0. 0. 0. 0. 0. 0. 0. 0. 0. 0. 0. 0. 0. 0. 0. 0.
    0. 0. 0. 0. 0. 0. 0. 0. 0. 0. 0. 0. 0. 0. 0. 0. 0. 0. 0. 0. 0. 0. 0.
    0. 0. 0. 0. 0. 0. 0. 0. 0. 0. 0. 0. 0. 0. 0. 0. 0. 0. 0. 0. 0. 0. 0.
    0. 0. 0. 0. 0. 0. 0. 0. 0. 0. 0. 0. 0. 0. 0. 0. 0. 0. 0. 0. 0. 0. 0.
    0. 0. 0. 0. 0. 0. 0. 0. 0. 0. 0. 0. 0. 0. 0. 0. 0. 0. 0. 0. 0. 0. 0.
    0. 0. 0. 0. 0. 0. 0. 0. 0. 0. 0. 0. 0. 0. 0. 0. 0. 0. 0. 0. 0. 0. 0.
    0. 0. 0. 0. 0. 0. 0. 0. 0. 0. 0. 0. 0. 0. 0. 0. 0. 0. 0. 0. 0. 0. 0.
    0. 0. 0. 0. 0. 0. 0. 0. 0. 0. 0. 0. 0. 0. 0. 0. 0. 0. 0. 0. 0. 0. 0.
    0. 0. 0. 0. 0. 0. 0. 0. 0. 0. 0. 0. 0. 0. 0. 0. 0. 0. 0. 0. 0. 0. 0.
    0. 0. 0. 0. 0. 0. 0. 0. 0. 0. 0. 0. 0. 0. 0. 0. 0. 0. 0. 0. 0. 0. 0.
    0. 0. 0. 0. 0. 0. 0. 0. 0. 0. 0. 0. 0. 0. 0. 0. 0. 0. 0. 0. 0. 0. 0.
    0. 0. 0. 0. 0. 0. 0. 0. 0. 0. 0. 0. 0. 0. 0. 0. 0. 0. 0. 0. 0. 0. 0.
    0. 0. 0. 0. 0. 0. 0. 0. 0. 0. 0. 0. 0. 0. 0. 0. 0. 0. 0. 0. 0. 0. 0.
    0. 0. 0. 0. 0. 0. 0. 0. 0. 0. 0. 0. 0. 0. 0. 0. 0. 0. 2.96199989e+00
    2.85599995e+00 2.83999991e+00 2.83999991e+00 2.83999991e+00
    2.99799991e+00 0. 0. 0. 0. 0. 0. 0. 2.57200003e+00 2.18099999e+00
    2.14199996e+00 2.13400006e+00 2.13599992e+00 2.17499995e+00
    2.20300007e+00 2.20300007e+00 2.20300007e+00 2.20300007e+00
    2.20300007e+00 2.20400000e+00 2.24499989e+00 2.27500010e+00 0. 0. 0.
    0. 0. 0. 2.94499993e+00 2.65599990e+00 2.61800003e+00 2.61400008e+00
    2.57800007e+00 2.55500007e+00 2.55500007e+00 2.53500009e+00
    2.50300002e+00 2.49799991e+00 2.49799991e+00 2.49799991e+00
    2.61199999e+00 2.95499992e+00 0. 0. 0. 0. 0. 2.98000002e+00
    2.44099998e+00 2.18099999e+00 2.14199996e+00 2.13400006e+00
    2.13599992e+00 2.17499995e+00 2.20300007e+00 2.20300007e+00
    2.20300007e+00 2.20300007e+00 2.20300007e+00 2.20400000e+00
    2.24499989e+00 2.27500010e+00 0. 0. 0. 0. 0. 0. 2.65599990e+00
    1.90499997e+00 1.80499995e+00 1.80499995e+00 1.80100000e+00
    1.79799998e+00 1.79799998e+00 1.84899998e+00 1.93400002e+00
    1.94700003e+00 1.94700003e+00 1.94700003e+00 1.99300003e+00
    2.13000011e+00 2.18700004e+00 2.18700004e+00 2.24699998e+00
    2.31399989e+00 2.31399989e+00 2.29399991e+00 2.23099995e+00
    2.18099999e+00 2.14199996e+00 2.13400006e+00 2.13599992e+00
    2.17499995e+00 2.20300007e+00 2.20300007e+00 2.20300007e+00
    2.20300007e+00 2.20300007e+00 2.20400000e+00 2.24499989e+00
    2.27500010e+00 0. 0. 0. 0. 0. 2.44799995e+00 2.18199992e+00
    1.75399995e+00 1.69700003e+00 1.69700003e+00 1.69700003e+00
    1.71500003e+00 1.76499999e+00 1.81500006e+00 1.86600006e+00
    1.87399995e+00 1.87399995e+00 1.87399995e+00 1.89300001e+00
    1.94799995e+00 2.00200009e+00 2.05599999e+00 2.09899998e+00
    2.13499999e+00 2.13499999e+00 2.14100003e+00 2.16000009e+00
    2.15799999e+00 2.13800001e+00 2.13400006e+00 2.13499999e+00
    2.15499997e+00 2.16899991e+00 2.16899991e+00 2.16899991e+00
    2.16899991e+00 2.18400002e+00 2.20400000e+00 2.24499989e+00
    2.27500010e+00 0. 0. 0. 0. 0. 1.75500000e+00 1.73599994e+00
    1.70500004e+00 1.70099998e+00 1.70099998e+00 1.70099998e+00
    1.73599994e+00 1.83500004e+00 1.87399995e+00 1.87399995e+00
    1.87399995e+00 1.87399995e+00 1.87399995e+00 1.87399995e+00
    1.87399995e+00 1.93599999e+00 2.04299998e+00 2.06200004e+00
    2.06200004e+00 2.06200004e+00 2.07399988e+00 2.11299992e+00
    2.13100004e+00 2.13400006e+00 2.13400006e+00 2.13400006e+00
    2.13400006e+00 2.13400006e+00 2.13400006e+00 2.13400006e+00
    2.13400006e+00 2.16499996e+00 2.20400000e+00 2.24499989e+00
    2.27500010e+00 0. 0. 0. 0. 0. 1.75500000e+00 1.74699998e+00
    1.73500001e+00 1.73399997e+00 1.73399997e+00 1.73399997e+00
    1.76199996e+00 1.84200001e+00 1.87399995e+00 1.87399995e+00
    1.87399995e+00 1.87399995e+00 1.87399995e+00 1.87399995e+00
    1.87399995e+00 1.92400002e+00 2.00900006e+00 2.02399993e+00
    2.02399993e+00 2.02399993e+00 2.03600001e+00 2.07399988e+00
    2.10500002e+00 2.12899995e+00 2.13400006e+00 2.13400006e+00
    2.13400006e+00 2.13400006e+00 2.13400006e+00 2.13400006e+00
    2.13400006e+00 2.16499996e+00 2.20400000e+00 2.24499989e+00
    2.27500010e+00 0. 0. 0. 0. 0. 1.75500000e+00 1.75500000e+00
    1.75500000e+00 1.75500000e+00 1.75500000e+00 1.75500000e+00
    1.77400005e+00 1.82799995e+00 1.85800004e+00 1.87199998e+00
    1.87399995e+00 1.87399995e+00 1.87399995e+00 1.87600005e+00
    1.88399994e+00 1.92400002e+00 1.98899996e+00 2. 2. 2. 2.01200008e+00
    2.04900002e+00 2.08800006e+00 2.12599993e+00 2.13400006e+00
    2.13400006e+00 2.13400006e+00 2.13400006e+00 2.13400006e+00
    2.13400006e+00 2.13400006e+00 2.16499996e+00 2.20400000e+00
    2.24499989e+00 2.27500010e+00 0. 0. 0. 0. 0. 1.75500000e+00
    1.75500000e+00 1.75500000e+00 1.75500000e+00 1.75500000e+00
    1.75500000e+00 1.75999999e+00 1.77600002e+00 1.81400001e+00
    1.86600006e+00 1.87399995e+00 1.87399995e+00 1.87399995e+00
    1.88300002e+00 1.91100001e+00 1.94799995e+00 1.99199998e+00 2. 2. 2.
    2.01200008e+00 2.04900002e+00 2.08800006e+00 2.12599993e+00
    2.13400006e+00 2.13400006e+00 2.13400006e+00 2.13400006e+00
    2.13400006e+00 2.13400006e+00 2.13400006e+00 2.16499996e+00
    2.20400000e+00 2.24499989e+00 2.27500010e+00 0. 0. 0. 0. 0.
    1.75500000e+00 1.75500000e+00 1.75500000e+00 1.75500000e+00
    1.75500000e+00 1.75500000e+00 1.75500000e+00 1.75500000e+00
    1.78900003e+00 1.84500003e+00 1.85300004e+00 1.85500002e+00
    1.86600006e+00 1.88199997e+00 1.90600002e+00 1.93599999e+00
    1.97200000e+00 1.97800004e+00 1.97899997e+00 1.99199998e+00
    2.01200008e+00 2.04900002e+00 2.07999992e+00 2.10599995e+00
    2.11100006e+00 2.11100006e+00 2.11100006e+00 2.11100006e+00
    2.11100006e+00 2.11800003e+00 2.13100004e+00 2.16499996e+00
    2.20400000e+00 2.24499989e+00 2.27500010e+00 0. 0. 0. 0. 0.
    1.75500000e+00 1.75500000e+00 1.75500000e+00 1.75500000e+00
    1.75500000e+00 1.75500000e+00 1.75500000e+00 1.75500000e+00
    1.77699995e+00 1.81400001e+00 1.81900001e+00 1.82200003e+00
    1.85300004e+00 1.87500000e+00 1.87800002e+00 1.89999998e+00
    1.93599999e+00 1.94299996e+00 1.94500005e+00 1.97800004e+00
    2.01200008e+00 2.04900002e+00 2.06800008e+00 2.07100010e+00
    2.07200003e+00 2.07200003e+00 2.07200003e+00 2.07200003e+00
    2.07200003e+00 2.09100008e+00 2.12599993e+00 2.16499996e+00
    2.20400000e+00 2.24499989e+00 2.27500010e+00 0. 0. 0. 0. 0.
    1.72700000e+00 1.72700000e+00 1.72700000e+00 1.72700000e+00
    1.72899997e+00 1.74500000e+00 1.75500000e+00 1.75500000e+00
    1.77499998e+00 1.80900002e+00 1.81400001e+00 1.81700003e+00
    1.85099995e+00 1.87399995e+00 1.87399995e+00 1.89499998e+00
    1.93099999e+00 1.93700004e+00 1.93900001e+00 1.97500002e+00
    2.00600004e+00 2.02600002e+00 2.03399992e+00 2.03399992e+00
    2.04900002e+00 2.06599998e+00 2.06599998e+00 2.06599998e+00
    2.06599998e+00 1.37500000e+00 0. 0. 0. 0. 0. 0. 0. 0. 0. 0.
    1.69700003e+00 1.69700003e+00 1.69700003e+00 1.69700003e+00
    1.70099998e+00 1.73399997e+00 1.75500000e+00 1.75500000e+00
