<?xml version="1.0"?>
<opencv_storage>
<Depth type_id="opencv-matrix">
  <rows>40</rows>
  <cols>40</cols>
  <dt>f</dt>
  <data>
    0. 0. 0. 0. 0. 0. 0. 0. 0. 0. 0. 0. 0. 0. 0. 0. 0. 0. 0. 0. 0. 0. 0.
    0. 0. 0. 0. 0. 0. 0. 0. 0. 0. 0. 0. 0. 0. 0. 0. 0. 0. 0. 0. 0. 0. 0.
    0. 0. 0. 0. 0. 0. 0. 0. 0. 0. 0. 0. 0. 0. 0. 0. 0. 0. 0. 0. 0. 0. 0.
    0. 0. 0. 0. 0. 0. 0. 0. 0. 0. 0. 0. 0. 0. 0. 0. 0. 0. 0. 0. 0. 0. 0.
    0. 0. 0. 0. 0. 0. 0. 0. 0. 0. 0. 0. 0. 0. 0. 0. 0. 0. 0. 0. 0. 0. 0.
    0. 0. 0. 0. 0. 0. 0. 0. 0. 0. 0. 0. 0. 0. 0. 0. 0. 0. 0. 0. 0. 0. 0.
    0. 0. 0. 0. 0. 0. 0. 0. 0. 0. 0. 0. 0. 0. 0. 0. 0. 0. 0. 0. 0. 0. 0.
    0. 0. 0. 0. 0. 0. 0. 0. 0. 0. 0. 0. 0. 0. 0. 0. 0. 0. 0. 0. 0. 0. 0.
    0. 0. 0. 0. 0. 0. 0. 0. 0. 0. 0. 0. 0. 0. 0. 0. 0. 0. 0. 0. 0. 0. 0.
    0. 0. 0. 0. 0. 0. 0. 0. 0. 0. 0. 0. 0. 0. 0. 0. 0. 0. 0. 0. 0. 0. 0.
    0. 0. 0. 0. 0. 0. 0. 0. 0. 0. 0. 0. 0. 0. 0. 0. 0. 0. 0. 0. 0. 0. 0.
    0. 0. 0. 0. 0. 0. 0. 0. 0. 0. 0. 0. 0. 0. 0. 0. 0. 0. 0. 0. 0. 0. 0.
    0. 0. 0. 0. 0. 0. 0. 0. 0. 0. 0. 0. 0. 0. 0. 0. 0. 0. 0. 0. 0. 0. 0.
    0. 0. 0. 0. 0. 0. 0. 0. 0. 0. 0. 0. 0. 0. 0. 0. 0. 0. 0. 0. 0. 0. 0.
    0. 0. 0. 0. 0. 0. 0. 0. 0. 0. 0. 0. 0. 0. 0. 0. 0. 0. 0. 0. 0. 0. 0.
    0. 0. 0. 0. 0. 0. 0. 0. 0. 0. 0. 0. 0. 0. 0. 0. 0. 0. 0. 0. 0. 0. 0.
    0. 2.31399989e+00 2.30399990e+00 2.24499989e+00 2.18499994e+00
    2.12599993e+00 2.06900001e+00 2.01099992e+00 2. 2. 2.00799990e+00
    2.06500006e+00 2.12299991e+00 2.18099999e+00 2.24099994e+00
    2.30100012e+00 2.22199988e+00 2.10500002e+00 1.99399996e+00
    1.93900001e+00 1.88399994e+00 1.85200000e+00 0. 0. 0. 0. 0. 0. 0. 0.
    0. 0. 0. 0. 0. 0. 0. 0. 0. 0. 0. 2.31399989e+00 2.30399990e+00
    2.24499989e+00 2.18499994e+00 2.12599993e+00 2.06900001e+00
    2.01099992e+00 2. 2. 2.00799990e+00 2.06500006e+00 2.12299991e+00
    2.18000007e+00 2.23600006e+00 2.29200006e+00 2.21799994e+00
    2.10800004e+00 2.00399995e+00 1.95200002e+00 1.89999998e+00
    1.87000000e+00 0. 0. 0. 0. 0. 0. 0. 0. 0. 0. 0. 0. 0. 0. 0. 0. 0. 0.
    0. 2.31399989e+00 2.30399990e+00 2.24499989e+00 2.18499994e+00
    2.12599993e+00 2.06900001e+00 2.01099992e+00 2. 2. 2.00799990e+00
    2.06500006e+00 2.12299991e+00 2.16899991e+00 2.20300007e+00
    2.23699999e+00 2.19300008e+00 2.12599993e+00 2.06399989e+00
    2.03200006e+00 2.00099993e+00 1.98300004e+00 0. 0. 0. 0. 0. 0. 0. 0.
    0. 0. 0. 0. 0. 0. 0. 0. 0. 0. 0. 2.31399989e+00 2.30399990e+00
    2.24499989e+00 2.18499994e+00 2.12599993e+00 2.06900001e+00
    2.01099992e+00 2. 2. 2.00799990e+00 2.06500006e+00 2.12299991e+00
    2.15899992e+00 2.17100000e+00 2.18199992e+00 2.16700006e+00
    2.14499998e+00 2.12299991e+00 2.11299992e+00 2.10200000e+00
    2.09599996e+00 0. 0. 0. 0. 0. 0. 0. 0. 0. 0. 0. 0. 0. 0. 0. 0. 0. 0.
    0. 2.23000002e+00 2.22199988e+00 2.17300010e+00 2.12400007e+00
    2.08100009e+00 2.04399991e+00 2.00699997e+00 2. 2. 2.00600004e+00
    2.05299997e+00 2.09999990e+00 2.13100004e+00 2.14100003e+00
    2.15199995e+00 2.15400004e+00 2.15400004e+00 2.15400004e+00
    2.15400004e+00 2.15400004e+00 2.15400004e+00 0. 0. 0. 0. 0. 0. 0. 0.
    0. 0. 0. 0. 0. 0. 0. 0. 0. 0. 0. 2.05800009e+00 2.05299997e+00
    2.02699995e+00 2. 1.98899996e+00 1.99399996e+00 1.99899995e+00 2. 2.
    2.00300002e+00 2.02900004e+00 2.05500007e+00 2.08299994e+00
    2.11500001e+00 2.14700007e+00 2.15400004e+00 2.15400004e+00
    2.15400004e+00 2.15400004e+00 2.15400004e+00 2.15400004e+00 0. 0. 0.
    0. 0. 0. 0. 0. 0. 0. 0. 0. 0. 0. 0. 0. 0. 0. 0. 1.88499999e+00
    1.88399994e+00 1.88000000e+00 1.87600005e+00 1.89600003e+00
    1.94400001e+00 1.99100006e+00 2. 2. 2.00099993e+00 2.00500011e+00
    2.00900006e+00 2.03500009e+00 2.08899999e+00 2.14199996e+00
    2.15400004e+00 2.15400004e+00 2.15400004e+00 2.15400004e+00
    2.15400004e+00 2.15400004e+00 0. 0. 0. 0. 0. 0. 0. 0. 0. 0. 0. 0. 0.
    0. 0. 0. 0. 0. 0. 1.85200000e+00 1.85200000e+00 1.85200000e+00
    1.85200000e+00 1.87899995e+00 1.93400002e+00 1.98899996e+00 2. 2. 2.
    2. 2. 2.02600002e+00 2.08400011e+00 2.14100003e+00 2.15400004e+00
    2.15400004e+00 2.15199995e+00 2.13499999e+00 2.11700010e+00
    2.10700011e+00 0. 0. 0. 0. 0. 0. 0. 0. 0. 0. 0. 0. 0. 0. 0. 0. 0. 0.
    0. 1.85200000e+00 1.85200000e+00 1.85200000e+00 1.85200000e+00
    1.87899995e+00 1.93400002e+00 1.98899996e+00 2. 2. 2. 2. 2.
    2.02600002e+00 2.08400011e+00 2.14100003e+00 2.15400004e+00
    2.15400004e+00 2.15000010e+00 2.11100006e+00 2.07200003e+00
    2.04999995e+00 0. 0. 0. 0. 0. 0. 0. 0. 0. 0. 0. 0. 0. 0. 0. 0. 0. 0.
    0. 1.85200000e+00 1.85200000e+00 1.85200000e+00 1.85200000e+00
    1.87800002e+00 1.92999995e+00 1.98300004e+00 1.99500000e+00
    1.99800003e+00 2. 2. 2. 2.02600002e+00 2.08400011e+00 2.14100003e+00
    2.15400004e+00 2.15400004e+00 2.14800000e+00 2.08999991e+00
    2.03299999e+00 2. 0. 0. 0. 0. 0. 0. 0. 0. 0. 0. 0. 0. 0. 0. 0. 0. 0.
    0. 0. 1.85200000e+00 1.85200000e+00 1.85200000e+00 1.85200000e+00
    1.86699998e+00 1.89900005e+00 1.93099999e+00 1.95599997e+00
    1.98000002e+00 2. 2. 2. 2.02600002e+00 2.08400011e+00 2.14100003e+00
    2.15400004e+00 2.15400004e+00 2.14800000e+00 2.08999991e+00
    2.03299999e+00 2. 0. 0. 0. 0. 0. 0. 0. 0. 0. 0. 0. 0. 0. 0. 0. 0. 0.
    0. 0. 1.85200000e+00 1.85200000e+00 1.85200000e+00 1.85200000e+00
    1.85699999e+00 1.86899996e+00 1.88000000e+00 1.91799998e+00
    1.96200001e+00 2. 2. 2. 2.02600002e+00 2.08400011e+00 2.14100003e+00
    2.15400004e+00 2.15400004e+00 2.14800000e+00 2.08999991e+00
    2.03299999e+00 2. 0. 0. 0. 0. 0. 0. 0. 0. 0. 0. 0. 0. 0. 0. 0. 0. 0.
    0. 0. 1.82799995e+00 1.82799995e+00 1.82799995e+00 1.82799995e+00
    1.83200002e+00 1.84099996e+00 1.85000002e+00 1.88900006e+00
    1.93499994e+00 1.97500002e+00 1.97500002e+00 1.97500002e+00
    2.01500010e+00 2.10299993e+00 2.19099998e+00 2.19400001e+00
    2.17300010e+00 2.14899993e+00 2.10100007e+00 2.05399990e+00
    2.02600002e+00 0. 0. 0. 0. 0. 0. 0. 0. 0. 0. 0. 0. 0. 0. 0. 0. 0. 0.
    0. 1.77499998e+00 1.77499998e+00 1.77499998e+00 1.77499998e+00
    1.78900003e+00 1.81799996e+00 1.84700000e+00 1.87199998e+00
    1.89800000e+00 1.91900003e+00 1.91900003e+00 1.91900003e+00
    1.99000001e+00 2.14400005e+00 2.29900002e+00 2.27999997e+00
    2.21399999e+00 2.15100002e+00 2.12500000e+00 2.09899998e+00
    2.08400011e+00 0. 0. 0. 0. 0. 0. 0. 0. 0. 0. 0. 0. 0. 0. 0. 0. 0. 0.
    0. 1.72300005e+00 1.72300005e+00 1.72300005e+00 1.72300005e+00
    1.74600005e+00 1.79400003e+00 1.84300005e+00 1.85599995e+00
    1.86000001e+00 1.86399996e+00 1.86399996e+00 1.86399996e+00
    1.96500003e+00 2.18600011e+00 2.40599990e+00 2.36700010e+00
    2.25500011e+00 2.15400004e+00 2.14899993e+00 2.14400005e+00
    2.14100003e+00 0. 0. 0. 0. 0. 0. 0. 0. 0. 0. 0. 0. 0. 0. 0. 0. 0. 0.
    0. 1.71099997e+00 1.71099997e+00 1.71099997e+00 1.71099997e+00
    1.73699999e+00 1.78900003e+00 1.84200001e+00 1.85200000e+00
    1.85200000e+00 1.85200000e+00 1.85200000e+00 1.85200000e+00
    1.95899999e+00 2.19499993e+00 2.43000007e+00 2.41400003e+00
    2.32699990e+00 2.24600005e+00 2.21000004e+00 2.17400002e+00
    2.15400004e+00 0. 0. 0. 0. 0. 0. 0. 0. 0. 0. 0. 0. 0. 0. 0. 0. 0. 0.
    0. 1.71099997e+00 1.71099997e+00 1.71099997e+00 1.71099997e+00
    1.73699999e+00 1.78900003e+00 1.84200001e+00 1.85200000e+00
    1.85200000e+00 1.85200000e+00 1.85200000e+00 1.85200000e+00
    1.95899999e+00 2.19499993e+00 2.43000007e+00 2.45000005e+00
    2.40899992e+00 2.36400008e+00 2.28200006e+00 2.20099998e+00
    2.15400004e+00 0. 0. 0. 0. 0. 0. 0. 0. 0. 0. 0. 0. 0. 0. 0. 0. 0. 0.
    0. 1.71599996e+00 1.71599996e+00 1.71599996e+00 1.71599996e+00
    1.74100006e+00 1.79200006e+00 1.84200001e+00 1.85200000e+00
    1.85200000e+00 1.85200000e+00 1.85399997e+00 1.85699999e+00
    1.96200001e+00 2.19099998e+00 2.41899991e+00 2.46900010e+00
    2.46900010e+00 2.45700002e+00 2.33899999e+00 2.22099996e+00
    2.15400004e+00 0. 0. 0. 0. 0. 0. 0. 0. 0. 0. 0. 0. 0. 0. 0. 0. 0. 0.
