<?xml version="1.0"?>
<opencv_storage>
<Depth type_id="opencv-matrix">
  <rows>40</rows>
  <cols>40</cols>
  <dt>f</dt>
  <data>
    0. 0. 0. 0. 0. 0. 0. 0. 0. 0. 0. 0. 0. 0. 0. 0. 0. 0. 0. 0. 0. 0. 0.
    0. 0. 0. 0. 0. 0. 0. 0. 0. 0. 0. 0. 0. 0. 0. 0. 0. 0. 0. 0. 0. 0. 0.
    0. 0. 0. 0. 0. 0. 0. 0. 0. 0. 0. 0. 0. 0. 0. 0. 0. 0. 0. 0. 0. 0. 0.
    0. 0. 0. 0. 0. 0. 0. 0. 0. 0. 0. 0. 0. 0. 0. 0. 0. 0. 0. 0. 0. 0. 0.
    0. 0. 0. 0. 0. 0. 0. 0. 0. 0. 0. 0. 0. 0. 0. 0. 0. 0. 0. 0. 0. 0. 0.
    0. 0. 0. 0. 0. 0. 0. 0. 0. 0. 0. 0. 0. 0. 0. 0. 0. 0. 0. 0. 0. 0. 0.
    0. 0. 0. 0. 0. 0. 0. 0. 0. 0. 0. 0. 0. 0. 0. 0. 0. 0. 0. 0. 0. 0. 0.
    0. 0. 0. 0. 0. 0. 0. 0. 0. 0. 0. 0. 0. 0. 0. 0. 0. 0. 0. 0. 0. 0. 0.
    0. 0. 0. 0. 0. 0. 0. 0. 0. 0. 0. 0. 0. 0. 0. 0. 0. 0. 0. 0. 0. 0. 0.
    0. 0. 0. 0. 0. 0. 0. 0. 0. 0. 0. 0. 0. 0. 0. 0. 0. 0. 0. 0. 0. 0. 0.
    0. 0. 0. 0. 0. 0. 0. 0. 0. 0. 0. 0. 0. 0. 0. 0. 0. 0. 0. 0. 0. 0. 0.
    0. 0. 0. 0. 0. 0. 0. 0. 0. 0. 0. 0. 0. 0. 0. 0. 0. 0. 0. 0. 0. 0. 0.
    0. 0. 0. 0. 0. 0. 0. 0. 0. 0. 0. 0. 0. 0. 0. 0. 0. 0. 0. 0. 0. 0. 0.
    0. 0. 0. 0. 0. 0. 0. 0. 0. 0. 0. 0. 0. 0. 0. 0. 0. 0. 0. 0. 0. 0. 0.
    0. 0. 0. 0. 0. 0. 0. 0. 0. 0. 0. 0. 0. 0. 0. 0. 0. 0. 0. 0. 0. 0. 0.
    0. 0. 0. 0. 0. 0. 0. 0. 0. 0. 0. 0. 0. 0. 0. 0. 0. 0. 0. 0. 0. 0. 0.
    0. 0. 0. 0. 0. 0. 0. 0. 0. 0. 0. 0. 0. 0. 0. 0. 0. 0. 0. 0. 0. 0. 0.
    0. 0. 0. 0. 0. 0. 0. 0. 0. 0. 0. 0. 0. 0. 0. 0. 0. 0. 0. 0. 0. 0. 0.
    0. 0. 0. 0. 0. 0. 0. 0. 0. 0. 0. 0. 0. 0. 0. 0. 0. 0. 0. 0. 0. 0. 0.
    0. 0. 0. 0. 0. 0. 0. 0. 0. 0. 0. 0. 0. 0. 0. 0. 0. 0. 0. 0. 0. 0. 0.
    0. 0. 0. 0. 0. 0. 0. 0. 0. 0. 0. 0. 0. 0. 0. 0. 0. 0. 0. 0. 0. 0. 0.
    0. 0. 0. 0. 0. 0. 0. 0. 0. 0. 0. 0. 0. 0. 0. 0. 0. 0. 0. 0. 0. 0. 0.
    0. 0. 0. 0. 0. 0. 0. 0. 0. 0. 0. 0. 0. 0. 0. 0. 0. 0. 0. 0. 0. 0. 0.
    0. 0. 0. 0. 0. 0. 0. 0. 0. 0. 0. 0. 0. 0. 0. 0. 0. 0. 0. 0. 0. 0. 0.
    0. 0. 0. 0. 0. 0. 0. 0. 2.35999990e+00 2.35999990e+00 2.35999990e+00
    2.35999990e+00 2.35999990e+00 2.35999990e+00 2.35999990e+00
    2.35999990e+00 2.35999990e+00 2.35999990e+00 2.35999990e+00
    2.33800006e+00 2.29099989e+00 2.26600003e+00 2.26600003e+00
    2.24499989e+00 2.19899988e+00 2.17400002e+00 2.17400002e+00
    2.19499993e+00 2.24099994e+00 2.26600003e+00 2.26600003e+00
    2.24600005e+00 2.20000005e+00 2.17400002e+00 2.17400002e+00
    2.15499997e+00 2.11100006e+00 2.08599997e+00 2.08599997e+00
    2.10500002e+00 2.14899993e+00 2.15499997e+00 2.11100006e+00
    2.08599997e+00 2.08599997e+00 2.06800008e+00 2.02500010e+00 2.
    2.35999990e+00 2.35999990e+00 2.35999990e+00 2.35999990e+00
    2.35999990e+00 2.35999990e+00 2.35999990e+00 2.35400009e+00
    2.34299994e+00 2.33699989e+00 2.33699989e+00 2.31999993e+00
    2.28500009e+00 2.26099992e+00 2.24900007e+00 2.22700000e+00
    2.19300008e+00 2.17400002e+00 2.17400002e+00 2.19000006e+00
    2.22399998e+00 2.24799991e+00 2.25999999e+00 2.24600005e+00
    2.20000005e+00 2.17400002e+00 2.17400002e+00 2.15499997e+00
    2.11100006e+00 2.08599997e+00 2.08599997e+00 2.10500002e+00
    2.14899993e+00 2.15499997e+00 2.11100006e+00 2.08599997e+00
    2.08599997e+00 2.06800008e+00 2.02500010e+00 2. 2.35999990e+00
    2.35999990e+00 2.35999990e+00 2.35999990e+00 2.35999990e+00
    2.35999990e+00 2.35999990e+00 2.34299994e+00 2.30800009e+00
    2.28999996e+00 2.28999996e+00 2.28399992e+00 2.27200007e+00
    2.25000000e+00 2.21600008e+00 2.19199991e+00 2.18000007e+00
    2.17400002e+00 2.17400002e+00 2.17899990e+00 2.19099998e+00
    2.21300006e+00 2.24699998e+00 2.24600005e+00 2.20000005e+00
    2.17400002e+00 2.17400002e+00 2.15499997e+00 2.11100006e+00
    2.08599997e+00 2.08599997e+00 2.10500002e+00 2.14899993e+00
    2.15499997e+00 2.11100006e+00 2.08599997e+00 2.08599997e+00
    2.06800008e+00 2.02500010e+00 2. 2.35999990e+00 2.35999990e+00
    2.35999990e+00 2.35999990e+00 2.35999990e+00 2.35400009e+00
    2.34299994e+00 2.31999993e+00 2.28500009e+00 2.26600003e+00
    2.26600003e+00 2.26099992e+00 2.24900007e+00 2.22700000e+00
    2.19300008e+00 2.17400002e+00 2.17400002e+00 2.16899991e+00
    2.15799999e+00 2.15199995e+00 2.15199995e+00 2.17300010e+00
    2.21799994e+00 2.22799993e+00 2.19300008e+00 2.17400002e+00
    2.17400002e+00 2.15899992e+00 2.12599993e+00 2.10800004e+00
    2.10800004e+00 2.12199998e+00 2.15499997e+00 2.15100002e+00
    2.09599996e+00 2.06500006e+00 2.06500006e+00 2.05100012e+00
    2.01900005e+00 2. 2.35999990e+00 2.35999990e+00 2.35999990e+00
    2.35999990e+00 2.35999990e+00 2.34299994e+00 2.30800009e+00
    2.28399992e+00 2.27200007e+00 2.26600003e+00 2.26600003e+00
    2.25000000e+00 2.21600008e+00 2.19199991e+00 2.18000007e+00
    2.17400002e+00 2.17400002e+00 2.15899992e+00 2.12599993e+00
    2.10800004e+00 2.10800004e+00 2.12800002e+00 2.17300010e+00
    2.19199991e+00 2.18099999e+00 2.17400002e+00 2.17400002e+00
    2.16899991e+00 2.15799999e+00 2.15199995e+00 2.15199995e+00
    2.15599990e+00 2.16799998e+00 2.14199996e+00 2.06599998e+00
    2.02200007e+00 2.02200007e+00 2.01699996e+00 2.00600004e+00 2.
    2.35999990e+00 2.35999990e+00 2.35999990e+00 2.35400009e+00
    2.34299994e+00 2.31999993e+00 2.28500009e+00 2.26600003e+00
    2.26600003e+00 2.26099992e+00 2.24900007e+00 2.22700000e+00
    2.19300008e+00 2.17400002e+00 2.17400002e+00 2.16400003e+00
    2.14299989e+00 2.11599994e+00 2.08299994e+00 2.06500006e+00
    2.06500006e+00 2.08500004e+00 2.12800002e+00 2.15199995e+00
    2.15199995e+00 2.15700006e+00 2.16799998e+00 2.16899991e+00
    2.15899992e+00 2.15199995e+00 2.15199995e+00 2.15700006e+00
    2.16799998e+00 2.13700008e+00 2.04999995e+00 2. 2. 2. 2. 2.
    2.35999990e+00 2.35999990e+00 2.35999990e+00 2.34299994e+00
    2.30800009e+00 2.28399992e+00 2.27200007e+00 2.26600003e+00
    2.26600003e+00 2.25000000e+00 2.21600008e+00 2.19199991e+00
    2.18000007e+00 2.17400002e+00 2.17400002e+00 2.14400005e+00
    2.07999992e+00 2.03900003e+00 2.02800012e+00 2.02200007e+00
    2.02200007e+00 2.04099989e+00 2.08500004e+00 2.10899997e+00
    2.10899997e+00 2.12299991e+00 2.15599990e+00 2.16000009e+00
    2.12700009e+00 2.10899997e+00 2.10899997e+00 2.12299991e+00
    2.15499997e+00 2.13700008e+00 2.04999995e+00 2. 2. 2. 2. 2.
    2.33699989e+00 2.33699989e+00 2.33699989e+00 2.31999993e+00
    2.28399992e+00 2.26600003e+00 2.26600003e+00 2.26600003e+00
    2.26600003e+00 2.24399996e+00 2.19799995e+00 2.17400002e+00
    2.17400002e+00 2.17400002e+00 2.17400002e+00 2.13400006e+00
    2.04699993e+00 1.99500000e+00 1.98500001e+00 1.98000002e+00
    1.98000002e+00 1.99399996e+00 2.02699995e+00 2.04900002e+00
    2.05900002e+00 2.08400011e+00 2.12800002e+00 2.13800001e+00
    2.10500002e+00 2.08599997e+00 2.08599997e+00 1.81500006e+00
    1.18599999e+00 1.07599998e+00 1.66199994e+00 2. 2. 1.99600005e+00
    1.98599994e+00 1.98000002e+00 2.28999996e+00 2.28999996e+00
    2.28999996e+00 2.28399992e+00 2.27200007e+00 2.26600003e+00
    2.26600003e+00 2.26600003e+00 2.26600003e+00 2.24399996e+00
    2.19799995e+00 2.17400002e+00 2.17400002e+00 2.17400002e+00
    2.17400002e+00 2.13400006e+00 2.04699993e+00 1.98599994e+00
    1.95500004e+00 1.93799996e+00 1.93799996e+00 1.94299996e+00
    1.95400000e+00 1.97399998e+00 2.00500011e+00 2.04099989e+00
    2.08400011e+00 2.10400009e+00 2.09200001e+00 2.08599997e+00
    2.08599997e+00 1.21899998e+00 0. 0. 0. 2. 2. 1.98699999e+00
    1.95599997e+00 1.93799996e+00 2.26600003e+00 2.26600003e+00
    2.26600003e+00 2.26600003e+00 2.26600003e+00 2.26600003e+00
    2.26600003e+00 2.26600003e+00 2.26600003e+00 2.25000000e+00
    2.21499991e+00 2.19600010e+00 2.19600010e+00 2.19600010e+00
    2.19600010e+00 2.14599991e+00 2.03900003e+00 1.96599996e+00
    1.93400002e+00 1.91700006e+00 1.91700006e+00 1.91700006e+00
    1.91700006e+00 1.93499994e+00 1.97700000e+00 2.01900005e+00
    2.06200004e+00 2.08599997e+00 2.08599997e+00 2.08599997e+00
    2.08599997e+00 0. 0. 0. 0. 0. 0. 0. 1.56400001e+00 1.91700006e+00
    2.26600003e+00 2.26600003e+00 2.26600003e+00 2.26600003e+00
