<?xml version="1.0"?>
<opencv_storage>
<Depth type_id="opencv-matrix">
  <rows>40</rows>
  <cols>40</cols>
  <dt>f</dt>
  <data>
    0. 0. 0. 0. 0. 0. 0. 0. 0. 0. 0. 0. 0. 0. 0. 0. 0. 0. 0. 0. 0. 0. 0.
    0. 0. 0. 0. 0. 0. 0. 0. 0. 0. 0. 0. 0. 0. 0. 0. 0. 0. 0. 0. 0. 0. 0.
    0. 0. 0. 0. 0. 0. 0. 0. 0. 0. 0. 0. 0. 0. 0. 0. 0. 0. 0. 0. 0. 0. 0.
    0. 0. 0. 0. 0. 0. 0. 0. 0. 0. 0. 0. 0. 0. 0. 0. 0. 0. 0. 0. 0. 0. 0.
    0. 0. 0. 0. 0. 0. 0. 0. 0. 0. 0. 0. 0. 0. 0. 0. 0. 0. 0. 0. 0. 0. 0.
    0. 0. 0. 0. 0. 0. 0. 0. 0. 0. 0. 0. 0. 0. 0. 0. 0. 0. 0. 0. 0. 0. 0.
    0. 0. 0. 0. 0. 0. 0. 0. 0. 0. 0. 0. 0. 0. 0. 0. 0. 0. 0. 0. 0. 0. 0.
    0. 0. 0. 0. 0. 0. 0. 0. 0. 0. 0. 0. 0. 0. 0. 0. 0. 0. 0. 0. 0. 0. 0.
    0. 0. 0. 0. 0. 0. 0. 0. 0. 0. 0. 0. 0. 0. 0. 0. 0. 0. 0. 0. 0. 0. 0.
    0. 0. 0. 0. 0. 0. 0. 0. 0. 0. 0. 0. 0. 0. 0. 0. 0. 0. 0. 0. 0. 0. 0.
    0. 0. 0. 0. 0. 0. 0. 0. 0. 0. 0. 0. 0. 0. 0. 0. 0. 0. 0. 0. 0. 0. 0.
    0. 0. 0. 0. 0. 0. 0. 0. 0. 0. 0. 0. 0. 0. 0. 0. 0. 0. 0. 0. 0. 0. 0.
    0. 0. 0. 0. 0. 0. 0. 0. 0. 0. 0. 0. 0. 0. 0. 0. 0. 0. 0. 0. 0. 0. 0.
    0. 0. 0. 0. 0. 0. 0. 0. 0. 0. 0. 0. 0. 0. 0. 0. 0. 0. 0. 0. 0. 0. 0.
    0. 0. 0. 0. 0. 0. 0. 0. 0. 0. 0. 0. 0. 0. 0. 0. 0. 0. 0. 0. 0. 0. 0.
    0. 0. 0. 0. 0. 0. 0. 0. 0. 0. 0. 0. 0. 0. 0. 0. 0. 0. 0. 0. 0. 0. 0.
    0. 0. 0. 0. 0. 0. 0. 0. 0. 0. 0. 0. 0. 0. 0. 0. 0. 0. 0. 0. 0. 0. 0.
    0. 0. 0. 0. 0. 0. 0. 0. 0. 0. 0. 0. 0. 0. 0. 0. 0. 0. 0. 0. 0. 0. 0.
    0. 0. 0. 0. 0. 0. 0. 0. 0. 0. 0. 0. 0. 0. 0. 0. 0. 0. 0. 0. 0. 0. 0.
    0. 0. 0. 0. 0. 0. 0. 0. 0. 0. 0. 0. 0. 0. 0. 0. 0. 0. 0. 0. 0. 0. 0.
    0. 0. 0. 0. 0. 0. 0. 0. 0. 0. 0. 0. 0. 0. 0. 0. 0. 0. 0. 0. 0.
    1.22200000e+00 1.97399998e+00 1.93700004e+00 1.93400002e+00
    1.94000006e+00 1.97700000e+00 2. 2. 2.02300000e+00 2.06100011e+00
    2.03699994e+00 2. 2. 2. 2. 2. 2. 2. 2. 2. 2. 2. 2. 2. 2. 2. 2. 2. 2.
    2. 2. 2. 2. 1.95099998e+00 1.87899995e+00 1.87100005e+00
    1.87100005e+00 1.87100005e+00 1.85899997e+00 0. 1.22200000e+00
    1.98300004e+00 1.95799994e+00 1.95700002e+00 1.96200001e+00 2.
    2.02300000e+00 2.02300000e+00 2.03800011e+00 2.06299996e+00
    2.03699994e+00 2. 2. 2. 2. 2. 2. 2. 2. 2. 2. 2. 1.99600005e+00
    1.98300004e+00 1.97700000e+00 1.97700000e+00 1.97700000e+00
    1.97800004e+00 1.99000001e+00 1.99699998e+00 1.98399997e+00
    1.97700000e+00 1.97700000e+00 1.93700004e+00 1.87800002e+00
    1.87100005e+00 1.87100005e+00 1.87100005e+00 1.85899997e+00 0.
    1.22200000e+00 1.99699998e+00 1.99399996e+00 1.99399996e+00
    1.99899995e+00 2.03800011e+00 2.06200004e+00 2.06200004e+00
    2.06399989e+00 2.06699991e+00 2.03699994e+00 2. 2. 2. 2. 2. 2. 2. 2.
    2. 2. 2. 1.98800004e+00 1.95500004e+00 1.94000006e+00 1.94000006e+00
    1.94000006e+00 1.94099998e+00 1.97399998e+00 1.99199998e+00
    1.95899999e+00 1.94000006e+00 1.94000006e+00 1.91400003e+00
    1.87500000e+00 1.87100005e+00 1.87100005e+00 1.87100005e+00
    1.85899997e+00 0. 1.61600006e+00 2.03200006e+00 2.03200006e+00
    2.03200006e+00 2.03500009e+00 2.05500007e+00 2.06800008e+00
    2.06800008e+00 2.06800008e+00 2.06800008e+00 2.03699994e+00 2. 2. 2.
    2. 2. 2. 2. 2. 2. 2. 2. 1.98699999e+00 1.95000005e+00 1.93400002e+00
    1.93400002e+00 1.93400002e+00 1.93400002e+00 1.95400000e+00
    1.96500003e+00 1.94500005e+00 1.93400002e+00 1.93400002e+00
    1.90999997e+00 1.87500000e+00 1.87100005e+00 1.87100005e+00
    1.87100005e+00 1.86500001e+00 2.06800008e+00 2.06800008e+00
    2.06800008e+00 2.06800008e+00 2.06800008e+00 2.06800008e+00
    2.06800008e+00 2.06800008e+00 2.06800008e+00 2.06800008e+00
    2.06800008e+00 2.03699994e+00 2. 2. 2. 2. 2. 2. 2. 2. 2. 2. 2.
    1.98699999e+00 1.95099998e+00 1.93499994e+00 1.93400002e+00
    1.93400002e+00 1.93400002e+00 1.93400002e+00 1.93400002e+00
    1.93400002e+00 1.93400002e+00 1.93400002e+00 1.91100001e+00
    1.87699997e+00 1.87300003e+00 1.87300003e+00 1.87199998e+00
    1.87100005e+00 2.06800008e+00 2.06800008e+00 2.06800008e+00
    2.06800008e+00 2.06800008e+00 2.06800008e+00 2.06800008e+00
    2.06800008e+00 2.06800008e+00 2.06800008e+00 2.06800008e+00
    2.03699994e+00 2. 2. 2. 2. 2. 2. 2. 2. 2. 2. 2. 1.99500000e+00
    1.97899997e+00 1.96000004e+00 1.93900001e+00 1.93400002e+00
    1.93400002e+00 1.93400002e+00 1.93400002e+00 1.93400002e+00
    1.93400002e+00 1.93400002e+00 1.92400002e+00 1.90999997e+00
    1.90799999e+00 1.90600002e+00 1.88499999e+00 1.87100005e+00
    2.06500006e+00 2.05900002e+00 2.05800009e+00 2.05800009e+00
    2.06299996e+00 2.06800008e+00 2.06800008e+00 2.06800008e+00
    2.06800008e+00 2.06800008e+00 2.06800008e+00 2.04200006e+00
    2.00999999e+00 2.00399995e+00 2. 2. 2. 2. 2. 2. 2. 2. 2. 2. 2.
    1.97899997e+00 1.94200003e+00 1.93400002e+00 1.93400002e+00
    1.93400002e+00 1.93400002e+00 1.93400002e+00 1.93400002e+00
    1.93400002e+00 1.93400002e+00 1.93400002e+00 1.93400002e+00
    1.92999995e+00 1.89499998e+00 1.87100005e+00 2.05500007e+00
    2.02699995e+00 2.01900005e+00 2.01900005e+00 2.04500008e+00
    2.06800008e+00 2.06800008e+00 2.06800008e+00 2.06800008e+00
    2.06800008e+00 2.06800008e+00 2.05900002e+00 2.04800010e+00
    2.01999998e+00 2. 2. 2. 2. 2. 2. 2. 2. 2. 2. 2. 1.97899997e+00
    1.94200003e+00 1.93400002e+00 1.93400002e+00 1.93400002e+00
    1.93400002e+00 1.93400002e+00 1.93400002e+00 1.93400002e+00
    1.93400002e+00 1.93400002e+00 1.93400002e+00 1.92999995e+00
    1.89499998e+00 1.87100005e+00 2.03600001e+00 2.00799990e+00 2. 2.
    2.03600001e+00 2.06800008e+00 2.06800008e+00 2.06800008e+00
    2.06800008e+00 2.06800008e+00 2.06800008e+00 2.06800008e+00
    2.06699991e+00 2.02900004e+00 2. 2. 2. 2. 2. 2. 2. 2. 2. 2. 2.
    1.98500001e+00 1.95799994e+00 1.95200002e+00 1.95200002e+00
    1.95200002e+00 1.95200002e+00 1.95200002e+00 1.94799995e+00
    1.93700004e+00 1.93400002e+00 1.93400002e+00 1.93400002e+00
    1.92999995e+00 1.89499998e+00 1.87100005e+00 2.00799990e+00
    2.00200009e+00 2. 2. 2.03600001e+00 2.06800008e+00 2.06800008e+00
    2.06800008e+00 2.06800008e+00 2.06800008e+00 2.06800008e+00
    2.06800008e+00 2.06699991e+00 2.02900004e+00 2. 2. 2. 2. 2. 2. 2. 2.
    2. 2. 2. 1.99699998e+00 1.99100006e+00 1.98899996e+00 1.98899996e+00
    1.98899996e+00 1.98899996e+00 1.98899996e+00 1.97500002e+00
    1.94400001e+00 1.93400002e+00 1.93400002e+00 1.93400002e+00
    1.92999995e+00 1.89499998e+00 1.87100005e+00 2. 2. 2. 2.
    2.03600001e+00 2.06800008e+00 2.06800008e+00 2.06800008e+00
    2.06800008e+00 2.06800008e+00 2.06800008e+00 2.06800008e+00
    2.06699991e+00 2.04399991e+00 2.02300000e+00 2.00799990e+00 2. 2. 2.
    2. 2. 2. 2. 2. 2. 2. 2. 2. 2. 2. 2. 2. 1.99000001e+00 1.96800005e+00
    1.96000004e+00 1.96000004e+00 1.94700003e+00 1.92999995e+00
    1.89499998e+00 1.87100005e+00 2. 2. 2. 2. 2.03600001e+00
    2.06800008e+00 2.06800008e+00 2.06800008e+00 2.06800008e+00
    2.06800008e+00 2.06800008e+00 2.06800008e+00 2.06800008e+00
    2.06599998e+00 2.05599999e+00 2.01900005e+00 2. 2. 2. 2. 2. 2. 2. 2.
    2. 2. 2. 2. 2. 2. 2. 2. 1.99899995e+00 1.99800003e+00 1.99699998e+00
    1.99699998e+00 1.96599996e+00 1.92999995e+00 1.89499998e+00
    1.87100005e+00 2.02600002e+00 2.00600004e+00 2. 2. 2.03600001e+00
    2.06800008e+00 2.06800008e+00 2.06800008e+00 2.06800008e+00
    2.06800008e+00 2.06800008e+00 2.06800008e+00 2.06800008e+00
    2.06800008e+00 2.06299996e+00 2.04500008e+00 2.02600002e+00
    2.00600004e+00 2. 2. 2. 2. 2. 2.00699997e+00 2.02699995e+00
    2.02399993e+00 2.00399995e+00 2. 2. 2.01999998e+00 2.03600001e+00
    2.03600001e+00 2.03600001e+00 2.03600001e+00 2.03600001e+00
    2.03600001e+00 2.01999998e+00 1.99600005e+00 1.92100000e+00
    1.87100005e+00 2.05100012e+00 2.01600003e+00 2.00600004e+00
    2.00600004e+00 2.03800011e+00 2.06800008e+00 2.06800008e+00
    2.06800008e+00 2.06800008e+00 2.06999993e+00 2.07299995e+00
    2.07699990e+00 2.07999992e+00 2.07999992e+00 2.08899999e+00
    2.12400007e+00 2.12700009e+00 2.09200001e+00 2.08100009e+00
