<?xml version="1.0"?>
<opencv_storage>
<Depth type_id="opencv-matrix">
  <rows>40</rows>
  <cols>40</cols>
  <dt>f</dt>
  <data>
    0. 0. 0. 0. 0. 0. 0. 0. 0. 0. 0. 2.27500010e+00 2.27500010e+00
    2.27500010e+00 2.27500010e+00 2.27500010e+00 2.27500010e+00
    2.27500010e+00 2.27500010e+00 2.27500010e+00 2.27500010e+00
    2.34200001e+00 2.16899991e+00 0. 0. 0. 0. 0. 0. 0. 0. 0. 0. 0. 0. 0.
    0. 0. 0. 0. 0. 0. 0. 0. 0. 0. 0. 0. 0. 0. 0. 2.27500010e+00
    2.27500010e+00 2.27500010e+00 2.27500010e+00 2.27500010e+00
    2.27500010e+00 2.27500010e+00 2.27500010e+00 2.27500010e+00
    2.27500010e+00 2.30100012e+00 2.23300004e+00 1.16100001e+00 0. 0. 0.
    0. 0. 0. 0. 0. 0. 0. 0. 0. 0. 0. 0. 0. 0. 0. 0. 0. 0. 0. 0. 0. 0. 0.
    0. 2.27500010e+00 2.27500010e+00 2.27500010e+00 2.27500010e+00
    2.27399993e+00 2.26600003e+00 2.25999999e+00 2.25999999e+00
    2.25999999e+00 2.25999999e+00 2.26699996e+00 2.27500010e+00
    2.27500010e+00 1.32599998e+00 0. 0. 0. 0. 0. 0. 0. 0. 0. 0. 0. 0. 0.
    0. 0. 0. 0. 0. 0. 0. 0. 0. 0. 0. 0. 0. 2.27500010e+00 2.27500010e+00
    2.27500010e+00 2.27500010e+00 2.27099991e+00 2.24000001e+00
    2.21900010e+00 2.21900010e+00 2.21900010e+00 2.21900010e+00
    2.24600005e+00 2.27500010e+00 2.27500010e+00 1.32599998e+00 0. 0. 0.
    0. 0. 0. 0. 0. 0. 0. 0. 0. 0. 0. 0. 0. 0. 0. 0. 0. 0. 0. 0. 0. 0. 0.
    2.25000000e+00 2.25900006e+00 2.27300000e+00 2.27500010e+00
    2.26999998e+00 2.22900009e+00 2.20300007e+00 2.20300007e+00
    2.20300007e+00 2.20300007e+00 2.22600007e+00 2.25000000e+00
    2.25000000e+00 1.62600005e+00 0. 0. 0. 0. 0. 0. 0. 0. 0. 0. 0. 0. 0.
    0. 0. 0. 0. 0. 0. 0. 0. 0. 0. 0. 0. 0. 2.20900011e+00 2.23300004e+00
    2.26999998e+00 2.27500010e+00 2.26999998e+00 2.22900009e+00
    2.20300007e+00 2.20300007e+00 2.20300007e+00 2.20300007e+00
    2.20600009e+00 2.20900011e+00 2.20900011e+00 2.12599993e+00
    1.87500000e+00 0. 0. 0. 0. 0. 0. 0. 0. 0. 0. 0. 0. 0. 0. 0. 0. 0. 0.
    0. 0. 0. 0. 0. 0. 0. 2.20300007e+00 2.21600008e+00 2.23799992e+00
    2.24000001e+00 2.23799992e+00 2.21700001e+00 2.20300007e+00
    2.20300007e+00 2.20300007e+00 2.20300007e+00 2.20300007e+00
    2.20300007e+00 2.20300007e+00 2.20300007e+00 2.20300007e+00
    1.13399994e+00 0. 0. 0. 0. 0. 0. 0. 0. 0. 0. 0. 0. 0. 0. 0. 0. 0. 0.
    0. 0. 0. 0. 0. 0. 2.20300007e+00 2.20300007e+00 2.20300007e+00
    2.20300007e+00 2.20300007e+00 2.20300007e+00 2.20199990e+00
    2.20000005e+00 2.19899988e+00 2.19899988e+00 2.19899988e+00
    2.19899988e+00 2.19899988e+00 2.15199995e+00 2.01099992e+00 0. 0. 0.
    0. 0. 0. 0. 0. 0. 0. 0. 0. 0. 0. 0. 0. 0. 0. 0. 0. 0. 0. 0. 0. 0.
    2.20300007e+00 2.20300007e+00 2.20300007e+00 2.20300007e+00
    2.20300007e+00 2.20300007e+00 2.19400001e+00 2.17000008e+00
    2.16000009e+00 2.16000009e+00 2.16000009e+00 2.16000009e+00
    2.16000009e+00 1.58700001e+00 0. 0. 0. 0. 0. 0. 0. 0. 0. 0. 0. 0. 0.
    0. 0. 0. 0. 0. 0. 0. 0. 0. 0. 0. 0. 0. 2.20300007e+00 2.20300007e+00
    2.20300007e+00 2.20300007e+00 2.20199990e+00 2.19499993e+00
    2.17899990e+00 2.14700007e+00 2.13400006e+00 2.13400006e+00
    2.12800002e+00 2.12100005e+00 2.12100005e+00 1.20099998e+00 0. 0. 0.
    0. 0. 0. 0. 0. 0. 0. 0. 0. 0. 0. 0. 0. 0. 0. 0. 0. 0. 0. 0. 0. 0. 0.
    2.20300007e+00 2.20300007e+00 2.20300007e+00 2.20300007e+00
    2.20000005e+00 2.17000008e+00 2.14700007e+00 2.13800001e+00
    2.13400006e+00 2.13400006e+00 2.10899997e+00 2.08200002e+00
    2.08200002e+00 1.16999996e+00 0. 0. 0. 0. 0. 0. 0. 0. 0. 0. 0. 0. 0.
    0. 0. 0. 0. 0. 0. 0. 0. 0. 0. 0. 0. 0. 2.18000007e+00 2.18000007e+00
    2.18000007e+00 2.18000007e+00 2.17700005e+00 2.15100002e+00
    2.13400006e+00 2.13400006e+00 2.13400006e+00 2.13400006e+00
    2.10100007e+00 2.06599998e+00 2.06599998e+00 1.15600002e+00 0. 0. 0.
    0. 0. 0. 0. 0. 0. 0. 0. 0. 0. 0. 0. 0. 0. 0. 0. 0. 0. 0. 0. 0. 0. 0.
    2.14100003e+00 2.14100003e+00 2.14100003e+00 2.14100003e+00
    2.14000010e+00 2.13700008e+00 2.13400006e+00 2.13400006e+00
    2.13400006e+00 2.13400006e+00 2.10100007e+00 2.06599998e+00
    2.06599998e+00 1.15600002e+00 0. 0. 0. 0. 0. 0. 0. 0. 0. 0. 0. 0. 0.
    0. 0. 0. 0. 0. 0. 0. 0. 0. 0. 0. 0. 0. 2.13400006e+00 2.13400006e+00
    2.13400006e+00 2.13400006e+00 2.13400006e+00 2.13400006e+00
    2.13400006e+00 2.13400006e+00 2.13400006e+00 2.13400006e+00
    2.11700010e+00 2.09999990e+00 2.11800003e+00 1.20799994e+00 0. 0. 0.
    0. 0. 0. 0. 0. 0. 0. 0. 0. 0. 0. 0. 0. 0. 0. 0. 0. 0. 0. 0. 0. 0. 0.
    2.12899995e+00 2.12899995e+00 2.12899995e+00 2.13000011e+00
    2.13100004e+00 2.13100004e+00 2.13100004e+00 2.13100004e+00
    2.13100004e+00 2.13100004e+00 2.13100004e+00 2.13499999e+00
    2.17300010e+00 1.26300001e+00 0. 0. 0. 0. 0. 0. 0. 0. 0. 0. 0. 0. 0.
    0. 0. 0. 0. 0. 0. 0. 0. 0. 0. 0. 0. 0. 2.05200005e+00 2.05200005e+00
    2.05200005e+00 2.07200003e+00 2.09299994e+00 2.09299994e+00
    2.09299994e+00 2.09299994e+00 2.09299994e+00 2.09299994e+00
    2.09299994e+00 2.09400010e+00 2.10899997e+00 1.20000005e+00 0. 0. 0.
    0. 0. 0. 0. 0. 0. 0. 0. 0. 0. 0. 0. 0. 0. 0. 0. 0. 0. 0. 0. 0. 0. 0.
    2. 2. 2. 2.02699995e+00 2.05500007e+00 2.06200004e+00 2.06599998e+00
    2.06599998e+00 2.06599998e+00 2.06599998e+00 2.06599998e+00
    2.06500006e+00 2.05900002e+00 1.30700004e+00 0. 0. 0. 0. 0. 0. 0. 0.
    0. 0. 0. 0. 0. 0. 0. 0. 0. 0. 0. 0. 0. 0. 0. 0. 0. 0. 2. 2. 2.
    2.00799990e+00 2.01999998e+00 2.04800010e+00 2.06599998e+00
    2.06599998e+00 2.06599998e+00 2.06599998e+00 2.06599998e+00
    2.06299996e+00 2.03500009e+00 1.78699994e+00 1.10200000e+00 0. 0. 0.
    0. 0. 0. 0. 0. 0. 0. 0. 0. 0. 0. 0. 0. 0. 0. 0. 0. 0. 0. 0. 0. 0.
    2.42199993e+00 2.27300000e+00 2.03200006e+00 2. 2.00300002e+00
    2.02900004e+00 2.04500008e+00 2.04500008e+00 2.04500008e+00
    2.04500008e+00 2.04500008e+00 2.04299998e+00 2.01699996e+00 2. 2. 0.
    0. 0. 0. 0. 0. 0. 0. 0. 0. 0. 0. 0. 0. 0. 0. 0. 0. 0. 0. 0. 0. 0. 0.
    0. 0. 2.76200008e+00 2.08899999e+00 2. 2. 2.00500011e+00
    2.00699997e+00 2.00699997e+00 2.00699997e+00 2.00699997e+00
    2.00699997e+00 2.00699997e+00 2.00300002e+00 2. 2. 0. 0. 0. 0. 0. 0.
    0. 0. 0. 0. 0. 0. 0. 0. 0. 0. 0. 0. 0. 0. 0. 0. 0. 0. 0. 0.
    2.85899997e+00 2.10100007e+00 2. 2. 2. 2. 2. 2. 2. 2. 2. 2.
    1.99500000e+00 1.97800004e+00 1.12800002e+00 0. 0. 0. 0. 0. 0. 0. 0.
    0. 0. 0. 0. 0. 0. 0. 0. 0. 0. 0. 0. 0. 0. 0. 0. 0. 2.85700011e+00
    2.10100007e+00 2. 2. 2. 2. 2. 2. 2. 2. 2. 2. 1.98800004e+00
    1.95200002e+00 1.93700004e+00 1.93700004e+00 1.93700004e+00 0. 0. 0.
    0. 0. 0. 0. 0. 0. 0. 0. 0. 0. 0. 0. 0. 0. 0. 0. 0. 0. 0. 0.
    2.81800008e+00 2.09599996e+00 2. 2. 2. 2. 2. 2. 2. 2. 2. 2.
    1.98800004e+00 1.95200002e+00 1.93700004e+00 1.93700004e+00
    1.93700004e+00 0. 0. 0. 0. 0. 0. 0. 0. 0. 0. 0. 0. 0. 0. 0. 0. 0. 0.
    0. 0. 0. 0. 0. 2.79099989e+00 2.09299994e+00 2. 2. 2. 2. 2. 2. 2. 2.
    2. 2. 1.98800004e+00 1.95200002e+00 1.93700004e+00 1.93700004e+00
    1.93700004e+00 0. 0. 0. 0. 0. 0. 0. 0. 0. 0. 0. 0. 0. 0. 0. 0. 0. 0.
    0. 0. 0. 0. 0. 2.79099989e+00 2.09299994e+00 2. 2. 2. 2. 2. 2. 2. 2.
    2. 2. 1.98800004e+00 1.95200002e+00 1.93700004e+00 1.93700004e+00
    1.93700004e+00 0. 0. 0. 0. 0. 0. 0. 0. 0. 0. 0. 0. 0. 0. 0. 0. 0. 0.
    0. 0. 0. 0. 0. 2.78399992e+00 2.07500005e+00 1.98099995e+00
    1.98099995e+00 1.98099995e+00 1.98500001e+00 1.99600005e+00 2. 2. 2.
    2. 2. 1.99199998e+00 1.96700001e+00 1.48199999e+00 0. 0. 0. 0. 0. 0.
    0. 0. 0. 0. 0. 0. 0. 0. 0. 0. 0. 0. 0. 0. 0. 0. 0. 0. 0.
    2.77099991e+00 2.04200006e+00 1.94500005e+00 1.94500005e+00
    1.94500005e+00 1.95599997e+00 1.98699999e+00 2. 2. 2. 2. 2.
    1.99800003e+00 1.99399996e+00 0. 0. 0. 0. 0. 0. 0. 0. 0. 0. 0. 0. 0.
    0. 0. 0. 0. 0. 0. 0. 0. 0. 0. 0. 0. 0. 2.76799989e+00 2.03500009e+00
    1.93700004e+00 1.93700004e+00 1.93700004e+00 1.94400001e+00
    1.96399999e+00 1.97200000e+00 1.97200000e+00 1.97200000e+00
    1.97300005e+00 1.98899996e+00 2. 2. 1.13699996e+00 0. 0. 0. 0. 0. 0.
