<?xml version="1.0"?>
<opencv_storage>
<Depth type_id="opencv-matrix">
  <rows>40</rows>
  <cols>40</cols>
  <dt>f</dt>
  <data>
    0. 0. 0. 0. 0. 0. 0. 0. 0. 0. 0. 0. 0. 0. 0. 0. 0. 0. 0. 0. 0. 0. 0.
    0. 0. 0. 0. 0. 0. 0. 0. 0. 0. 0. 0. 0. 0. 0. 0. 0. 0. 0. 0. 0. 0. 0.
    0. 0. 0. 0. 0. 0. 0. 0. 0. 0. 0. 0. 0. 0. 0. 0. 0. 0. 0. 0. 0. 0. 0.
    0. 0. 0. 0. 0. 0. 0. 0. 0. 0. 0. 0. 0. 0. 0. 0. 0. 0. 0. 0. 0. 0. 0.
    0. 0. 0. 0. 0. 0. 0. 0. 0. 0. 0. 0. 0. 0. 0. 0. 0. 0. 0. 0. 0. 0. 0.
    0. 0. 0. 0. 0. 0. 0. 0. 0. 0. 0. 0. 0. 0. 0. 0. 0. 0. 0. 0. 0. 0. 0.
    0. 0. 0. 0. 0. 0. 0. 0. 0. 0. 0. 0. 0. 0. 0. 0. 0. 0. 0. 0. 0. 0. 0.
    0. 0. 0. 0. 0. 0. 0. 0. 0. 0. 0. 0. 0. 0. 0. 0. 0. 0. 0. 0. 0. 0. 0.
    0. 0. 0. 0. 0. 0. 0. 0. 0. 0. 0. 0. 0. 0. 0. 0. 0. 0. 0. 0. 0. 0. 0.
    0. 0. 0. 0. 0. 0. 0. 0. 0. 0. 0. 0. 0. 0. 0. 0. 0. 0. 0. 0. 0. 0. 0.
    0. 0. 0. 0. 0. 0. 0. 0. 0. 0. 0. 0. 0. 0. 0. 0. 0. 0. 0. 0. 0. 0. 0.
    0. 0. 0. 0. 0. 0. 0. 0. 0. 0. 0. 0. 0. 0. 0. 0. 0. 0. 0. 0. 0. 0. 0.
    0. 0. 0. 0. 0. 0. 0. 0. 0. 0. 0. 0. 0. 0. 0. 0. 0. 0. 0. 0. 0. 0. 0.
    0. 0. 0. 0. 0. 0. 0. 0. 0. 0. 0. 0. 0. 0. 0. 0. 0. 0. 0. 0. 0. 0. 0.
    0. 0. 0. 0. 0. 0. 0. 0. 0. 0. 0. 0. 0. 0. 0. 0. 0. 0. 0. 0. 0. 0. 0.
    0. 0. 0. 0. 0. 0. 0. 0. 0. 0. 0. 0. 0. 0. 0. 0. 1.86399996e+00
    1.85800004e+00 1.84899998e+00 1.84000003e+00 1.83500004e+00
    1.83500004e+00 1.83500004e+00 1.83399999e+00 1.83000004e+00
    1.82200003e+00 1.80499995e+00 1.78299999e+00 1.76800001e+00
    1.76800001e+00 1.78400004e+00 1.80499995e+00 1.77800000e+00
    1.73800004e+00 1.71899998e+00 1.71599996e+00 1.70400000e+00
    1.70400000e+00 1.70500004e+00 1.72899997e+00 1.83000004e+00
    1.84399998e+00 1.82200003e+00 1.79499996e+00 1.79499996e+00
    1.80400002e+00 1.82799995e+00 1.85200000e+00 1.87300003e+00
    1.86399996e+00 1.84899998e+00 1.83299994e+00 1.82099998e+00
    1.79600000e+00 0. 0. 1.87199998e+00 1.85899997e+00 1.85099995e+00
    1.84200001e+00 1.83599997e+00 1.83500004e+00 1.83399999e+00
    1.82099998e+00 1.82599998e+00 1.82799995e+00 1.81200004e+00
    1.78600001e+00 1.76800001e+00 1.76699996e+00 1.77100003e+00
    1.76999998e+00 1.73099995e+00 1.72599995e+00 1.71800005e+00
    1.71599996e+00 1.70700002e+00 1.70799994e+00 1.72300005e+00
    1.74100006e+00 1.81900001e+00 1.83200002e+00 1.82099998e+00
    1.80999994e+00 1.81200004e+00 1.82599998e+00 1.83599997e+00
    1.85300004e+00 1.86300004e+00 1.86300004e+00 1.84899998e+00
    1.83299994e+00 1.82299995e+00 1.79799998e+00 0. 2.39299989e+00
    2.01600003e+00 1.85300004e+00 1.84899998e+00 1.84399998e+00
    1.84099996e+00 1.83500004e+00 1.83399999e+00 1.82599998e+00
    1.82900000e+00 1.82799995e+00 1.81500006e+00 1.78699994e+00
    1.76800001e+00 1.76699996e+00 1.76600003e+00 1.74699998e+00
    1.71599996e+00 1.71599996e+00 1.71599996e+00 1.71599996e+00
    1.71599996e+00 1.71599996e+00 1.71599996e+00 1.76900005e+00
    1.86300004e+00 1.88399994e+00 1.86399996e+00 1.85699999e+00
    1.85300004e+00 1.83899999e+00 1.84899998e+00 1.85899997e+00
    1.86300004e+00 1.86300004e+00 1.84899998e+00 1.84000003e+00
    1.83599997e+00 1.80499995e+00 0. 2.41799998e+00 2.35599995e+00
    2.02200007e+00 1.83500004e+00 1.83500004e+00 1.84599996e+00
    1.84300005e+00 1.84200001e+00 1.83500004e+00 1.83299994e+00
    1.82500005e+00 1.81700003e+00 1.79299998e+00 1.77499998e+00
    1.76699996e+00 1.76400006e+00 1.74300003e+00 1.72200000e+00
    1.72200000e+00 1.72200000e+00 1.71700001e+00 1.71599996e+00
    1.71599996e+00 1.71599996e+00 1.86199999e+00 2.00900006e+00
    1.99399996e+00 1.94299996e+00 1.92200005e+00 1.91400003e+00
    1.87699997e+00 1.87399995e+00 1.87000000e+00 1.87000000e+00
    1.86399996e+00 1.85599995e+00 1.85500002e+00 1.84500003e+00
    1.81299996e+00 0. 2.41799998e+00 2.41799998e+00 2.21499991e+00
    1.83899999e+00 1.83500004e+00 1.84599996e+00 1.84899998e+00
    1.84800005e+00 1.83500004e+00 1.82700002e+00 1.81200004e+00
    1.80400002e+00 1.79499996e+00 1.77400005e+00 1.76699996e+00
    1.76400006e+00 1.74800003e+00 1.73699999e+00 1.73199999e+00
    1.72899997e+00 1.71700001e+00 1.71599996e+00 1.70799994e+00
    1.71099997e+00 1.85800004e+00 1.99399996e+00 1.96700001e+00
    1.93099999e+00 1.92200005e+00 1.91799998e+00 1.90199995e+00
    1.89499998e+00 1.88699996e+00 1.87899995e+00 1.86500001e+00
    1.86300004e+00 1.86199999e+00 1.85599995e+00 1.83399999e+00 0.
    2.41799998e+00 2.41799998e+00 2.21600008e+00 1.83700001e+00
    1.82400000e+00 1.83500004e+00 1.85800004e+00 1.84800005e+00
    1.83299994e+00 1.81799996e+00 1.80700004e+00 1.78600001e+00
    1.77300000e+00 1.76800001e+00 1.76699996e+00 1.76400006e+00
    1.75000000e+00 1.74100006e+00 1.73899996e+00 1.73099995e+00
    1.71700001e+00 1.71500003e+00 1.70400000e+00 1.78100002e+00
    1.96300006e+00 1.96899998e+00 1.95299995e+00 1.92499995e+00
    1.92200005e+00 1.92100000e+00 1.91900003e+00 1.91199994e+00
    1.89699996e+00 1.88100004e+00 1.86500001e+00 1.86300004e+00
    1.86300004e+00 1.86300004e+00 1.84399998e+00 0. 2.41799998e+00
    2.41799998e+00 2.40199995e+00 2.09899998e+00 1.82099998e+00
    1.83200002e+00 1.86099994e+00 1.83599997e+00 1.83200002e+00
    1.81599998e+00 1.80700004e+00 1.78199995e+00 1.76699996e+00
    1.77800000e+00 1.77800000e+00 1.76400006e+00 1.75000000e+00
    1.74100006e+00 1.74100006e+00 1.74000001e+00 1.73899996e+00
    1.96300006e+00 1.96200001e+00 1.97000003e+00 1.97800004e+00
    1.95000005e+00 1.93799996e+00 1.92400002e+00 1.92200005e+00
    1.92200005e+00 1.92200005e+00 1.92100000e+00 1.91199994e+00
    1.90499997e+00 1.87899995e+00 1.87600005e+00 1.87600005e+00
    1.87199998e+00 1.85599995e+00 0. 2.41799998e+00 2.41799998e+00
    2.42600012e+00 2.44199991e+00 2.09999990e+00 1.87199998e+00
    1.86300004e+00 1.83599997e+00 1.83299994e+00 1.82099998e+00
    1.81500006e+00 1.80799997e+00 1.82000005e+00 1.84700000e+00
    1.84899998e+00 1.84899998e+00 1.87100005e+00 1.96800005e+00
    1.96800005e+00 1.95599997e+00 1.95200002e+00 1.96899998e+00
    1.98399997e+00 1.98399997e+00 1.97599995e+00 1.95000005e+00
    1.93799996e+00 1.92499995e+00 1.92499995e+00 1.93599999e+00
    1.92200005e+00 1.92200005e+00 1.91299999e+00 1.89600003e+00
    1.87899995e+00 1.87699997e+00 1.87699997e+00 1.87199998e+00
    1.84899998e+00 0. 2.42300010e+00 2.42300010e+00 2.42899990e+00
    2.47499990e+00 2.42000008e+00 1.96800005e+00 1.86199999e+00
    1.84899998e+00 1.84399998e+00 1.82400000e+00 1.82500005e+00
    1.83700001e+00 1.85200000e+00 1.85500002e+00 1.87500000e+00
    1.59399998e+00 0. 1.96800005e+00 1.96800005e+00 1.95599997e+00
    1.95200002e+00 1.96899998e+00 1.98399997e+00 1.98500001e+00
    1.98000002e+00 1.96300006e+00 1.95899999e+00 1.95899999e+00
    1.97099996e+00 1.96200001e+00 1.92200005e+00 1.92100000e+00
    1.91199994e+00 1.89600003e+00 1.88100004e+00 1.87699997e+00
    1.87600005e+00 1.86199999e+00 1.82900000e+00 0. 2.44000006e+00
    2.44199991e+00 2.44799995e+00 2.36700010e+00 1.98899996e+00
    1.82099998e+00 1.86000001e+00 1.85399997e+00 1.85300004e+00
    1.85099995e+00 1.85899997e+00 1.88199997e+00 1.89300001e+00
    1.89300001e+00 1.95299995e+00 1.97800004e+00 2.00500011e+00
    1.98199999e+00 1.97599995e+00 1.95700002e+00 1.95200002e+00
    1.96899998e+00 1.98500001e+00 1.99300003e+00 1.99500000e+00
    1.99000001e+00 1.99000001e+00 1.99000001e+00 1.99000001e+00
    1.98000002e+00 1.93099999e+00 1.90999997e+00 1.90199995e+00
    1.89100003e+00 1.88699996e+00 1.87699997e+00 1.87000000e+00
    1.84899998e+00 1.82200003e+00 0. 2.45099998e+00 2.45400000e+00
    2.36700010e+00 2.02800012e+00 1.84500003e+00 1.83500004e+00
    1.86099994e+00 1.87399995e+00 1.93900001e+00 1.94200003e+00
    1.93299997e+00 1.93400002e+00 1.93700004e+00 1.94400001e+00
    1.96899998e+00 2.00300002e+00 2.01600003e+00 2.01600003e+00
    2.01099992e+00 1.98300004e+00 1.97500002e+00 1.98399997e+00
    2.00099993e+00 2.00799990e+00 2.00799990e+00 2.00799990e+00
    2.00799990e+00 2.00799990e+00 2. 1.99300003e+00 1.94299996e+00
