<?xml version="1.0"?>
<opencv_storage>
<Depth type_id="opencv-matrix">
  <rows>40</rows>
  <cols>40</cols>
  <dt>f</dt>
  <data>
    0. 0. 0. 0. 0. 0. 0. 0. 0. 0. 0. 0. 0. 0. 0. 0. 0. 0. 0. 0. 0. 0. 0.
    0. 0. 0. 0. 0. 0. 0. 0. 0. 0. 0. 0. 0. 0. 0. 0. 0. 0. 0. 0. 0. 0. 0.
    0. 0. 0. 0. 0. 0. 0. 0. 0. 0. 0. 0. 0. 0. 0. 0. 0. 0. 0. 0. 0. 0. 0.
    0. 0. 0. 0. 0. 0. 0. 0. 0. 0. 0. 0. 0. 0. 0. 0. 0. 0. 0. 0. 0. 0. 0.
    0. 0. 0. 0. 0. 0. 0. 0. 0. 0. 0. 0. 0. 0. 0. 0. 0. 0. 0. 0. 0. 0. 0.
    0. 0. 0. 0. 0. 0. 0. 0. 0. 0. 0. 0. 0. 0. 0. 0. 0. 0. 0. 0. 0. 0. 0.
    0. 0. 0. 2.10400009e+00 2.10400009e+00 2.10400009e+00 2.08200002e+00
    2.06900001e+00 2.06900001e+00 2.06900001e+00 2.06900001e+00 0. 0. 0.
    0. 0. 0. 2.48200011e+00 0. 0. 0. 0. 0. 0. 0. 0. 0. 0. 0. 0. 0. 0. 0.
    0. 0. 0. 0. 0. 2.80500007e+00 2.80200005e+00 2.78299999e+00
    2.77999997e+00 2.46600008e+00 2.10400009e+00 2.10400009e+00
    2.10400009e+00 2.08200002e+00 2.06900001e+00 2.06900001e+00
    2.06900001e+00 2.06900001e+00 2.42799997e+00 2.69300008e+00
    2.87500000e+00 0. 0. 0. 2.52600002e+00 0. 0. 0. 0. 0. 0. 0. 0. 0. 0.
    0. 0. 0. 0. 0. 0. 0. 0. 0. 2.68099999e+00 2.13499999e+00
    2.12100005e+00 2.10599995e+00 2.10400009e+00 2.10400009e+00
    2.10400009e+00 2.10400009e+00 2.10400009e+00 2.08200002e+00
    2.06900001e+00 2.06900001e+00 2.06900001e+00 2.06900001e+00
    2.04900002e+00 2.03399992e+00 2.32699990e+00 0. 0. 2.83299994e+00
    1.46899998e+00 0. 0. 0. 0. 0. 0. 0. 0. 0. 0. 0. 0. 0. 0. 0. 0. 0. 0.
    2.75900006e+00 2.15799999e+00 2.12899995e+00 2.10400009e+00
    2.10400009e+00 2.10400009e+00 2.10400009e+00 2.10400009e+00
    2.10400009e+00 2.10400009e+00 2.08200002e+00 2.06900001e+00
    2.06900001e+00 2.06900001e+00 2.06200004e+00 2.04500008e+00
    2.03399992e+00 2.11999989e+00 2.59200001e+00 2.67899990e+00 0. 0.
    2.32999992e+00 0. 0. 0. 0. 0. 0. 0. 0. 0. 0. 0. 0. 0. 0. 0. 0. 0.
    2.73099995e+00 2.15799999e+00 2.12899995e+00 2.10400009e+00
    2.10400009e+00 2.10400009e+00 2.10400009e+00 2.10400009e+00
    2.10200000e+00 2.10200000e+00 2.08200002e+00 2.06900001e+00
    2.06900001e+00 2.06900001e+00 2.04200006e+00 2.03299999e+00
    2.03200006e+00 1.55999994e+00 0. 0. 0. 0. 0. 0. 0. 0. 0. 0. 0. 0. 0.
    0. 0. 0. 0. 0. 0. 0. 0. 2.75200009e+00 2.30599999e+00 2.15799999e+00
    2.12899995e+00 2.10400009e+00 2.10400009e+00 2.10400009e+00
    2.10400009e+00 2.09699988e+00 2.07500005e+00 2.07500005e+00
    2.07100010e+00 2.06900001e+00 2.06900001e+00 2.06900001e+00
    2.04200006e+00 2.01799989e+00 1.99500000e+00 1.89800000e+00
    1.46399999e+00 1.42700005e+00 0. 0. 0. 0. 0. 0. 0. 0. 0. 0. 0. 0. 0.
    0. 0. 0. 0. 0. 2.86500001e+00 2.27900004e+00 2.19300008e+00
    2.15799999e+00 2.12899995e+00 2.10400009e+00 2.10400009e+00
    2.10400009e+00 2.10400009e+00 2.09500003e+00 2.06900001e+00
    2.06900001e+00 2.06900001e+00 2.06900001e+00 2.06900001e+00
    2.06900001e+00 2.04200006e+00 2.00300002e+00 1.97399998e+00
    1.96599996e+00 1.96599996e+00 0. 0. 0. 0. 1.48000002e+00 0. 0. 0. 0.
    0. 0. 0. 0. 0. 0. 0. 0. 0. 2.96099997e+00 2.16199994e+00
    2.16199994e+00 2.15100002e+00 2.13499999e+00 2.11800003e+00
    2.10400009e+00 2.10400009e+00 2.09400010e+00 2.08899999e+00
    2.08400011e+00 2.06800008e+00 2.05699992e+00 2.05399990e+00
    2.05399990e+00 2.05399990e+00 2.05399990e+00 2.02699995e+00
    1.98899996e+00 1.96599996e+00 1.96599996e+00 1.96599996e+00 0. 0. 0.
    0. 0. 1.78600001e+00 0. 0. 0. 0. 0. 2.56599998e+00 2.22199988e+00
    2.19099998e+00 2.16300011e+00 2.14000010e+00 2.14000010e+00
    2.14000010e+00 2.14000010e+00 2.13899994e+00 2.13299990e+00
    2.10599995e+00 2.09699988e+00 2.09699988e+00 2.09699988e+00
    2.09699988e+00 2.07800007e+00 2.06900001e+00 2.06900001e+00
    2.06800008e+00 2.03999996e+00 2.03399992e+00 2.03099990e+00
    2.02699995e+00 2.02699995e+00 2.00600004e+00 1.98099995e+00
    1.96599996e+00 1.96599996e+00 1.96599996e+00 1.98500001e+00 0. 0.
    2.06599998e+00 2.64400005e+00 0. 0. 0. 0. 0. 0. 2.53999996e+00
    2.19099998e+00 2.16199994e+00 2.14000010e+00 2.14000010e+00
    2.14000010e+00 2.14000010e+00 2.14000010e+00 2.13499999e+00
    2.10599995e+00 2.07900000e+00 2.06900001e+00 2.06900001e+00
    2.06900001e+00 2.06900001e+00 2.06900001e+00 2.06900001e+00
    2.06900001e+00 2.06800008e+00 2.03999996e+00 2.03399992e+00
    2.01999998e+00 2. 2. 2. 1.98099995e+00 1.96599996e+00 1.96599996e+00
    1.96599996e+00 1.96599996e+00 1.97700000e+00 1.99100006e+00
    1.69700003e+00 0. 2.08699989e+00 0. 0. 0. 0. 0. 2.49000001e+00
    2.15100002e+00 2.14499998e+00 2.14000010e+00 2.14000010e+00
    2.14000010e+00 2.14000010e+00 2.14000010e+00 2.13499999e+00
    2.10599995e+00 2.07800007e+00 2.06900001e+00 2.06900001e+00
    2.06900001e+00 2.06900001e+00 2.06900001e+00 2.06900001e+00
    2.06900001e+00 2.06800008e+00 2.03999996e+00 2.03399992e+00
    2.01999998e+00 2. 2. 1.97899997e+00 1.96899998e+00 1.96599996e+00
    1.96599996e+00 1.96599996e+00 1.96599996e+00 1.97000003e+00
    1.97300005e+00 2.03800011e+00 2.60400009e+00 0. 0. 0. 0. 0.
    2.96900010e+00 2.26300001e+00 2.11899996e+00 2.12800002e+00
    2.14000010e+00 2.14000010e+00 2.14000010e+00 2.14000010e+00
    2.14000010e+00 2.13499999e+00 2.10599995e+00 2.09299994e+00
    2.07900000e+00 2.06900001e+00 2.06900001e+00 2.06900001e+00
    2.06900001e+00 2.06900001e+00 2.06900001e+00 2.06800008e+00
    2.03999996e+00 2.03399992e+00 2.02800012e+00 2.01600003e+00 2.
    1.97399998e+00 1.96599996e+00 1.96599996e+00 1.96599996e+00
    1.96599996e+00 1.96599996e+00 1.96599996e+00 1.96000004e+00
    2.01799989e+00 2.63800001e+00 2.75900006e+00 0. 0. 0. 0.
    2.10400009e+00 2.10400009e+00 2.10400009e+00 2.11899996e+00
    2.14000010e+00 2.14000010e+00 2.13000011e+00 2.12700009e+00
    2.12700009e+00 2.12299991e+00 2.10500002e+00 2.10400009e+00
    2.08599997e+00 2.06900001e+00 2.06900001e+00 2.06900001e+00
    2.06900001e+00 2.06299996e+00 2.05599999e+00 2.05500007e+00
    2.03800011e+00 2.03399992e+00 2.03399992e+00 2.02699995e+00 2.
    1.97399998e+00 1.96599996e+00 1.96599996e+00 1.96599996e+00
    1.96599996e+00 1.96599996e+00 1.96599996e+00 1.95599997e+00
    1.93400002e+00 1.93400002e+00 1.97000003e+00 2.53099990e+00
    2.22000003e+00 2.19400001e+00 2.15799999e+00 2.10400009e+00
    2.10400009e+00 2.10700011e+00 2.11999989e+00 2.13499999e+00
    2.13499999e+00 2.11100006e+00 2.10400009e+00 2.10400009e+00
    2.10400009e+00 2.10400009e+00 2.09999990e+00 2.08299994e+00
    2.06900001e+00 2.06800008e+00 2.06399989e+00 2.06399989e+00
    2.04999995e+00 2.03399992e+00 2.03399992e+00 2.03399992e+00
    2.03099990e+00 2.02900004e+00 2.02200007e+00 1.99500000e+00
    1.97200000e+00 1.96599996e+00 1.96599996e+00 1.96500003e+00
    1.96099997e+00 1.96099997e+00 1.96099997e+00 1.95299995e+00
    1.93400002e+00 1.93400002e+00 1.95200002e+00 2.00099993e+00
    2.18000007e+00 2.17799997e+00 2.15799999e+00 2.10400009e+00
    2.10400009e+00 2.12500000e+00 2.12500000e+00 2.10599995e+00
    2.10599995e+00 2.10400009e+00 2.10400009e+00 2.10400009e+00
    2.10400009e+00 2.10400009e+00 2.07999992e+00 2.06999993e+00
    2.06900001e+00 2.06599998e+00 2.03999996e+00 2.03600001e+00
    2.03500009e+00 2.03399992e+00 2.03399992e+00 2.03399992e+00
    2.01399994e+00 2.00200009e+00 1.99500000e+00 1.96800005e+00
    1.96599996e+00 1.96599996e+00 1.96599996e+00 1.96200001e+00
    1.93799996e+00 1.93599999e+00 1.93599999e+00 1.93499994e+00
    1.93400002e+00 1.93400002e+00 1.93499994e+00 1.93900001e+00
    2.17700005e+00 2.16400003e+00 2.13800001e+00 2.10400009e+00
    2.10400009e+00 2.10999990e+00 2.10999990e+00 2.10400009e+00
    2.10400009e+00 2.10400009e+00 2.10400009e+00 2.09500003e+00
    2.07800007e+00 2.07800007e+00 2.07200003e+00 2.06900001e+00
    2.06900001e+00 2.06599998e+00 2.03800011e+00 2.03399992e+00
    2.03399992e+00 2.03399992e+00 2.03299999e+00 2.01300001e+00
    2.00300002e+00 2. 1.99300003e+00 1.96599996e+00 1.96599996e+00
