<?xml version="1.0"?>
<opencv_storage>
<Depth type_id="opencv-matrix">
  <rows>40</rows>
  <cols>40</cols>
  <dt>f</dt>
  <data>
    0. 0. 0. 0. 0. 0. 0. 0. 0. 0. 0. 0. 0. 0. 0. 0. 0. 0. 0. 0. 0. 0. 0.
    0. 0. 0. 0. 0. 0. 0. 0. 0. 0. 0. 0. 0. 0. 0. 0. 0. 0. 0. 0. 0. 0. 0.
    0. 0. 0. 0. 0. 0. 0. 0. 0. 0. 0. 0. 0. 0. 0. 0. 0. 0. 0. 0. 0. 0. 0.
    0. 0. 0. 0. 0. 0. 0. 0. 0. 0. 0. 0. 0. 0. 0. 0. 0. 0. 0. 0. 0. 0. 0.
    0. 0. 0. 0. 0. 0. 0. 0. 0. 0. 0. 0. 0. 0. 0. 0. 0. 0. 0. 0. 0. 0. 0.
    0. 0. 0. 0. 0. 0. 0. 0. 0. 0. 0. 0. 0. 0. 0. 0. 0. 0. 0. 0. 0. 0. 0.
    0. 0. 0. 0. 0. 0. 0. 0. 0. 0. 0. 0. 0. 0. 0. 0. 0. 0. 0. 0. 0. 0. 0.
    0. 0. 0. 0. 0. 0. 0. 0. 0. 0. 0. 0. 0. 0. 0. 0. 0. 0. 0. 0. 0. 0. 0.
    0. 0. 0. 0. 0. 0. 0. 0. 0. 0. 0. 0. 0. 0. 0. 0. 0. 0. 0. 0. 0. 0. 0.
    0. 0. 0. 0. 0. 0. 0. 0. 0. 0. 0. 0. 0. 0. 0. 0. 0. 0. 0. 0. 0. 0. 0.
    0. 0. 0. 0. 0. 0. 0. 0. 0. 0. 0. 0. 0. 0. 0. 0. 0. 0. 0. 0. 0. 0. 0.
    0. 0. 0. 0. 0. 0. 0. 0. 0. 0. 0. 0. 0. 0. 0. 0. 0. 0. 0. 0. 0. 0. 0.
    0. 0. 0. 0. 0. 0. 0. 0. 0. 0. 0. 0. 0. 0. 0. 0. 0. 0. 0. 0. 0. 0. 0.
    0. 0. 0. 0. 0. 0. 0. 0. 0. 0. 0. 0. 0. 0. 0. 0. 0. 0. 0. 0. 0. 0. 0.
    0. 0. 0. 0. 0. 0. 0. 0. 0. 0. 0. 0. 0. 0. 0. 0. 0. 0. 0. 0. 0. 0. 0.
    0. 0. 0. 0. 0. 0. 0. 0. 0. 0. 0. 0. 0. 0. 0. 0. 0. 0. 0. 0. 0. 0. 0.
    0. 0. 0. 0. 0. 0. 0. 0. 0. 0. 0. 0. 0. 0. 0. 0. 0. 0. 0. 0. 0. 0. 0.
    0. 0. 0. 0. 0. 0. 0. 0. 0. 0. 0. 0. 0. 0. 0. 0. 0. 0. 0. 0. 0. 0. 0.
    0. 0. 0. 0. 0. 0. 0. 0. 0. 0. 0. 0. 0. 0. 0. 0. 0. 0. 0. 0. 0. 0. 0.
    0. 0. 0. 2.52999997e+00 2.47300005e+00 2.41799998e+00 2.36299992e+00
    2.35100007e+00 2.35100007e+00 2.32500005e+00 2.27200007e+00
    2.22900009e+00 2.22900009e+00 2.22900009e+00 2.18400002e+00
    2.13299990e+00 2.11299992e+00 2.11299992e+00 2.11299992e+00
    2.11299992e+00 2.11299992e+00 2.11299992e+00 2.11299992e+00
    2.11299992e+00 2.11299992e+00 2.11299992e+00 2.11299992e+00
    2.10599995e+00 2.05599999e+00 2.00699997e+00 2. 2. 2.02800012e+00
    2.07699990e+00 2.11299992e+00 2.11299992e+00 2.11299992e+00
    2.16300011e+00 2.21300006e+00 2.26600003e+00 2.31900001e+00
    2.35100007e+00 2.35100007e+00 2.49099994e+00 2.43499994e+00
    2.38899994e+00 2.34299994e+00 2.33200002e+00 2.33200002e+00
    2.30699992e+00 2.25399995e+00 2.21099997e+00 2.21099997e+00
    2.21099997e+00 2.17300010e+00 2.13000011e+00 2.10800004e+00
    2.10100007e+00 2.09599996e+00 2.09599996e+00 2.09599996e+00
    2.09599996e+00 2.09599996e+00 2.09599996e+00 2.09599996e+00
    2.09599996e+00 2.09599996e+00 2.08899999e+00 2.04800010e+00
    2.00600004e+00 2. 2. 2.02399993e+00 2.06500006e+00 2.09599996e+00
    2.09599996e+00 2.09599996e+00 2.14499998e+00 2.19499993e+00
    2.24699998e+00 2.29999995e+00 2.33200002e+00 2.33200002e+00
    2.38100004e+00 2.32900000e+00 2.30599999e+00 2.28399992e+00
    2.27900004e+00 2.27900004e+00 2.25399995e+00 2.20199990e+00
    2.16000009e+00 2.16000009e+00 2.16000009e+00 2.14199996e+00
    2.12100005e+00 2.09500003e+00 2.06599998e+00 2.04600000e+00
    2.04600000e+00 2.04600000e+00 2.04600000e+00 2.04600000e+00
    2.04600000e+00 2.04600000e+00 2.04600000e+00 2.04600000e+00
    2.04299998e+00 2.02300000e+00 2.00300002e+00 2. 2. 2.01099992e+00
    2.03200006e+00 2.04600000e+00 2.04600000e+00 2.04600000e+00
    2.09500003e+00 2.14499998e+00 2.19600010e+00 2.24799991e+00
    2.27900004e+00 2.27900004e+00 2.27600002e+00 2.22600007e+00
    2.22600007e+00 2.22600007e+00 2.22600007e+00 2.22600007e+00
    2.20199990e+00 2.15300012e+00 2.11299992e+00 2.11299992e+00
    2.11299992e+00 2.11199999e+00 2.10999990e+00 2.08100009e+00
    2.03299999e+00 2. 2. 2. 2. 2. 2. 2. 2. 2. 2. 1.99899995e+00
    1.99699998e+00 1.99699998e+00 1.99699998e+00 1.99699998e+00
    1.99699998e+00 1.99699998e+00 1.99699998e+00 1.99699998e+00
    2.04500008e+00 2.09500003e+00 2.14400005e+00 2.19300008e+00
    2.22300005e+00 2.22300005e+00 2.22399998e+00 2.17499995e+00
    2.17499995e+00 2.17499995e+00 2.17499995e+00 2.17499995e+00
    2.16199994e+00 2.13499999e+00 2.11299992e+00 2.11299992e+00
    2.11299992e+00 2.09299994e+00 2.06999993e+00 2.04500008e+00
    2.01799989e+00 2. 2. 2. 2. 2. 2. 2. 2. 2. 1.99699998e+00
    1.97500002e+00 1.95299995e+00 1.95000005e+00 1.95000005e+00
    1.95000005e+00 1.95000005e+00 1.95000005e+00 1.95000005e+00
    1.95000005e+00 1.99699998e+00 2.04600000e+00 2.07900000e+00
    2.10599995e+00 2.12299991e+00 2.12299991e+00 2.17199993e+00
    2.12500000e+00 2.12500000e+00 2.12500000e+00 2.12500000e+00
    2.12500000e+00 2.12199998e+00 2.11700010e+00 2.11299992e+00
    2.11299992e+00 2.11299992e+00 2.07299995e+00 2.02900004e+00
    2.00799990e+00 2.00300002e+00 2. 2. 2. 2. 2. 2. 2. 2. 2.
    1.99399996e+00 1.95099998e+00 1.90900004e+00 1.90300000e+00
    1.90300000e+00 1.90300000e+00 1.90300000e+00 1.90300000e+00
    1.90300000e+00 1.90300000e+00 1.94900000e+00 1.99699998e+00
    2.01500010e+00 2.01999998e+00 2.02300000e+00 2.02300000e+00
    2.16000009e+00 2.11299992e+00 2.11299992e+00 2.11299992e+00
    2.09999990e+00 2.08400011e+00 2.07500005e+00 2.07500005e+00
    2.07500005e+00 2.07500005e+00 2.07500005e+00 2.04600000e+00
    2.01300001e+00 2. 2. 2. 2. 2. 2. 2. 2. 2. 2. 2. 1.99300003e+00
    1.94599998e+00 1.89900005e+00 1.89199996e+00 1.89199996e+00
    1.89199996e+00 1.89199996e+00 1.89199996e+00 1.89199996e+00
    1.89199996e+00 1.93799996e+00 1.98500001e+00 1.98899996e+00
    1.97300005e+00 1.96399999e+00 1.96399999e+00 2.16000009e+00
    2.11299992e+00 2.11299992e+00 2.11299992e+00 2.08400011e+00
    2.04600000e+00 2.02600002e+00 2.02600002e+00 2.02600002e+00
    2.02600002e+00 2.02600002e+00 2.01600003e+00 2.00399995e+00 2. 2. 2.
    2. 2. 2. 2. 2. 2. 2. 2. 1.99300003e+00 1.94599998e+00 1.89900005e+00
    1.89199996e+00 1.89199996e+00 1.89199996e+00 1.89199996e+00
    1.89199996e+00 1.89199996e+00 1.89199996e+00 1.93799996e+00
    1.98500001e+00 1.97500002e+00 1.93799996e+00 1.91700006e+00
    1.91700006e+00 2.15100002e+00 2.11299992e+00 2.11299992e+00
    2.11299992e+00 2.07500005e+00 2.02600002e+00 2. 2. 2. 2. 2. 2. 2. 2.
    2. 2. 2. 2. 2. 2. 2. 2. 1.99600005e+00 1.98599994e+00 1.97200000e+00
    1.93499994e+00 1.89699996e+00 1.89199996e+00 1.89199996e+00
    1.89199996e+00 1.89199996e+00 1.89199996e+00 1.89199996e+00
    1.89199996e+00 1.93799996e+00 1.98500001e+00 1.96800005e+00
    1.91999996e+00 1.89199996e+00 1.89199996e+00 2.13000011e+00
    2.11299992e+00 2.11299992e+00 2.11299992e+00 2.07500005e+00
    2.02600002e+00 2. 2. 2. 2. 2. 2. 2. 2. 2. 2. 2. 2. 2. 2. 2. 2.
    1.98699999e+00 1.95599997e+00 1.92799997e+00 1.91100001e+00
    1.89400005e+00 1.89199996e+00 1.89199996e+00 1.89199996e+00
    1.89199996e+00 1.89199996e+00 1.89199996e+00 1.89199996e+00
    1.93799996e+00 1.98500001e+00 1.96800005e+00 1.91999996e+00
    1.89199996e+00 1.89199996e+00 2.10800004e+00 2.10400009e+00
    2.10400009e+00 2.10400009e+00 2.06900001e+00 2.02399993e+00 2. 2. 2.
    2. 2. 2. 2. 2. 2. 2. 2. 2. 2. 2. 2. 2. 1.97899997e+00 1.93200004e+00
    1.89199996e+00 1.89199996e+00 1.89199996e+00 1.89199996e+00
    1.89199996e+00 1.89199996e+00 1.89199996e+00 1.89199996e+00
    1.89199996e+00 1.89199996e+00 1.93400002e+00 1.97800004e+00
    1.95599997e+00 1.90600002e+00 1.87500000e+00 1.87500000e+00
    2.07800007e+00 2.05399990e+00 2.05399990e+00 2.05399990e+00
    2.03600001e+00 2.01200008e+00 2. 2. 2. 2. 2. 2. 2. 2. 2. 2. 2. 2. 2.
    2. 2. 2. 1.97899997e+00 1.93200004e+00 1.89199996e+00 1.89199996e+00
    1.89199996e+00 1.89199996e+00 1.89199996e+00 1.89199996e+00
    1.89199996e+00 1.89199996e+00 1.89199996e+00 1.89199996e+00
    1.91400003e+00 1.93700004e+00 1.89600003e+00 1.82700002e+00
    1.78499997e+00 1.78499997e+00 2.04900002e+00 2.00500011e+00
    2.00500011e+00 2.00500011e+00 2.00300002e+00 2.00099993e+00 2. 2. 2.
    2. 2. 2. 2. 2. 2. 2. 2. 2. 2. 2. 2. 2. 1.97899997e+00 1.93200004e+00
    1.89199996e+00 1.89199996e+00 1.89199996e+00 1.89199996e+00
    1.89199996e+00 1.89199996e+00 1.89199996e+00 1.89199996e+00
