<?xml version="1.0"?>
<opencv_storage>
<Depth type_id="opencv-matrix">
  <rows>40</rows>
  <cols>40</cols>
  <dt>f</dt>
  <data>
    0. 0. 0. 0. 0. 0. 0. 0. 0. 0. 0. 0. 0. 0. 0. 0. 0. 0. 0. 0. 0. 0. 0.
    0. 0. 0. 0. 0. 0. 0. 0. 0. 0. 0. 0. 0. 0. 0. 0. 0. 0. 0. 0. 0. 0. 0.
    0. 0. 0. 0. 0. 0. 0. 0. 0. 0. 0. 0. 0. 0. 0. 0. 0. 0. 0. 0. 0. 0. 0.
    0. 0. 0. 0. 0. 0. 0. 0. 0. 0. 0. 0. 0. 0. 0. 0. 0. 0. 0. 0. 0. 0. 0.
    0. 0. 0. 0. 0. 0. 0. 0. 0. 0. 0. 0. 0. 0. 0. 0. 0. 0. 0. 0. 0. 0. 0.
    0. 0. 0. 0. 0. 0. 0. 0. 0. 0. 0. 0. 0. 0. 0. 0. 0. 0. 0. 0. 0. 0. 0.
    0. 0. 0. 0. 0. 0. 0. 0. 0. 0. 0. 0. 0. 0. 0. 0. 0. 0. 0. 0. 0. 0. 0.
    0. 0. 0. 0. 0. 0. 0. 0. 0. 0. 0. 0. 2.14499998e+00 2.14499998e+00
    2.06900001e+00 2.05900002e+00 2.01500010e+00 2.04099989e+00
    2.06800008e+00 2.07900000e+00 0. 1.71500003e+00 0. 0. 0. 0. 0. 0. 0.
    0. 0. 0. 0. 0. 0. 0. 0. 0. 0. 0. 0. 0. 0. 0. 0. 0. 0. 0. 0.
    2.10999990e+00 2.12800002e+00 2.13499999e+00 2.12899995e+00
    2.06800008e+00 2.04500008e+00 2.02699995e+00 2.01500010e+00
    2.01500010e+00 2.01699996e+00 2.02300000e+00 0. 0. 0. 0. 0. 0. 0. 0.
    0. 0. 0. 0. 0. 0. 0. 0. 0. 0. 0. 0. 0. 0. 0. 0. 0. 0. 0. 0. 0.
    2.10800004e+00 2.05900002e+00 2.05200005e+00 2.04600000e+00
    2.01999998e+00 2.01699996e+00 2.01399994e+00 2.00999999e+00
    2.00799990e+00 2.01500010e+00 2.01500010e+00 0. 0. 0. 0. 0. 0. 0. 0.
    0. 0. 0. 0. 0. 0. 0. 0. 0. 0. 0. 0. 0. 0. 0. 0. 0. 0. 0. 0. 0.
    2.03200006e+00 2.03200006e+00 2.01799989e+00 2.01500010e+00
    2.00900006e+00 2.00799990e+00 2.00799990e+00 2.00799990e+00
    2.00799990e+00 2.00900006e+00 2.01500010e+00 1.67799997e+00
    2.89899993e+00 0. 0. 0. 0. 0. 0. 0. 0. 0. 0. 0. 0. 0. 0. 0. 0. 0. 0.
    0. 0. 0. 0. 0. 0. 0. 0. 2.00900006e+00 2.01500010e+00 2.01500010e+00
    2.01500010e+00 2.01399994e+00 2.00799990e+00 2.00799990e+00
    2.00799990e+00 2.00799990e+00 2.00799990e+00 2.00799990e+00
    2.01500010e+00 2.04399991e+00 0. 0. 0. 0. 0. 0. 0. 0. 0. 0. 0. 0. 0.
    0. 0. 0. 0. 0. 0. 0. 0. 0. 0. 0. 0. 0. 0. 2.01900005e+00
    2.01500010e+00 2.00900006e+00 2.01500010e+00 2.01399994e+00
    2.00799990e+00 2.00799990e+00 2.00799990e+00 2.00799990e+00
    2.00799990e+00 2.00799990e+00 2.00900006e+00 2.04600000e+00
    2.09299994e+00 0. 0. 0. 0. 0. 0. 0. 0. 0. 0. 0. 0. 0. 0. 0. 0. 0. 0.
    0. 0. 0. 0. 0. 0. 0. 0. 2.01500010e+00 2.01500010e+00 2.00799990e+00
    2.01500010e+00 2.00799990e+00 2.00799990e+00 2.00799990e+00
    2.00799990e+00 2.00799990e+00 2.00799990e+00 2.00399995e+00
    2.00399995e+00 2.04699993e+00 2.09400010e+00 2.17100000e+00
    2.18000007e+00 0. 0. 0. 0. 0. 0. 0. 0. 0. 0. 0. 0. 0. 0. 0. 0. 0. 0.
    0. 0. 0. 0. 0. 0. 2.01500010e+00 2.01500010e+00 2.00900006e+00
    2.00799990e+00 2.00799990e+00 2.00799990e+00 2.00799990e+00
    2.00799990e+00 2.00799990e+00 2.00799990e+00 2.00099993e+00 2.
    2.01799989e+00 2.07699990e+00 2.08699989e+00 2.18000007e+00 0. 0. 0.
    0. 0. 0. 0. 0. 0. 0. 0. 0. 0. 0. 0. 0. 0. 0. 0. 0. 0. 0. 0. 0.
    2.01500010e+00 2.01500010e+00 2.01500010e+00 2.01399994e+00
    2.00799990e+00 2.00799990e+00 2.00799990e+00 2.00799990e+00
    2.00799990e+00 2.00799990e+00 2.00600004e+00 2. 2.01300001e+00
    2.06299996e+00 2.08599997e+00 2.13400006e+00 0. 0. 0. 0. 0. 0. 0. 0.
    0. 0. 0. 0. 0. 0. 0. 0. 0. 0. 0. 0. 0. 0. 0. 0. 0. 2.01500010e+00
    2.01500010e+00 2.00799990e+00 2.00799990e+00 2.00799990e+00
    2.00799990e+00 2.00799990e+00 2.00799990e+00 2.00799990e+00
    2.00600004e+00 2. 2.01200008e+00 2.05200005e+00 2.08599997e+00
    2.12199998e+00 0. 0. 0. 0. 0. 0. 0. 0. 0. 0. 0. 0. 0. 0. 0. 0. 0. 0.
    0. 0. 0. 0. 0. 0. 0. 2.01500010e+00 2.01500010e+00 2.00799990e+00
    2.00799990e+00 2.00600004e+00 2.00699997e+00 2.00799990e+00
    2.00799990e+00 2.00799990e+00 2.00600004e+00 2. 2.00500011e+00
    2.03299999e+00 2.06999993e+00 2.16000009e+00 2.17199993e+00 0. 0. 0.
    0. 0. 0. 0. 0. 0. 0. 0. 0. 0. 0. 0. 0. 0. 0. 0. 0. 0. 0. 0. 0.
    2.01500010e+00 2.01500010e+00 2.00799990e+00 2.00799990e+00
    2.00200009e+00 2.00399995e+00 2.00799990e+00 2.00799990e+00
    2.00799990e+00 2.00600004e+00 2. 2.00799990e+00 2.00900006e+00
    2.01200008e+00 2.16199994e+00 2.17499995e+00 2.56900001e+00 0. 0. 0.
    0. 0. 0. 0. 0. 0. 0. 0. 0. 0. 0. 0. 0. 0. 0. 0. 0. 0. 0. 0.
    2.01099992e+00 2.00900006e+00 2.00799990e+00 2.00799990e+00
    2.00600004e+00 2.00699997e+00 2.00799990e+00 2.00799990e+00
    2.00799990e+00 2. 2. 2.00799990e+00 2.00799990e+00 2.01500010e+00
    2.14000010e+00 2.17400002e+00 2.32999992e+00 0. 0. 0. 0. 0. 0. 0. 0.
    0. 0. 0. 0. 0. 0. 0. 0. 0. 0. 0. 0. 0. 0. 0. 0. 2.00799990e+00
    2.00799990e+00 2.00799990e+00 2.00799990e+00 2.00799990e+00
    2.00799990e+00 2.00799990e+00 2.00699997e+00 2. 2. 2.00500011e+00
    2.00600004e+00 2.01500010e+00 2.07299995e+00 2.17199993e+00
    2.19099998e+00 0. 0. 0. 0. 0. 0. 0. 0. 0. 0. 0. 0. 0. 0. 0. 0. 0. 0.
    0. 0. 0. 0. 0. 0. 2.03699994e+00 2.00799990e+00 2.00799990e+00
    2.00799990e+00 2.00799990e+00 2.00799990e+00 2.00799990e+00
    2.00399995e+00 2. 2. 2. 2. 2.00799990e+00 2.05900002e+00
    2.15300012e+00 2.18199992e+00 2.27200007e+00 0. 0. 0. 0. 0. 0. 0. 0.
    0. 0. 0. 0. 0. 0. 0. 0. 0. 0. 0. 0. 0. 0. 0. 0. 2.00799990e+00
    2.00799990e+00 2.00799990e+00 2.00799990e+00 2. 2.00200009e+00
    2.00799990e+00 2. 2. 2. 1.99500000e+00 1.99500000e+00 2.01600003e+00
    2.14499998e+00 2.15300012e+00 0. 0. 0. 0. 0. 0. 0. 0. 0. 0. 0. 0. 0.
    0. 0. 0. 0. 0. 0. 0. 0. 0. 0. 0. 0. 2.01099992e+00 2.00799990e+00
    2.00799990e+00 2.00799990e+00 2. 2. 2.00300002e+00 2. 2.
    1.99800003e+00 1.99300003e+00 1.99300003e+00 2.00200009e+00
    2.11400008e+00 2.14599991e+00 2.16199994e+00 0. 0. 0. 0. 0. 0. 0. 0.
    0. 0. 0. 0. 0. 0. 0. 0. 0. 0. 0. 0. 0. 0. 0. 0. 2.01500010e+00
    2.01399994e+00 2.00799990e+00 2.00799990e+00 2.00799990e+00
    2.00099993e+00 2. 1.99800003e+00 1.99300003e+00 1.99300003e+00
    1.99300003e+00 1.99300003e+00 2.00399995e+00 2.06299996e+00
    2.14199996e+00 2.17300010e+00 0. 0. 0. 0. 0. 0. 0. 0. 0. 0. 0. 0. 0.
    0. 0. 0. 0. 0. 0. 0. 0. 0. 0. 0. 0. 2.01399994e+00 2.00799990e+00
    2.00799990e+00 2.00799990e+00 2.00099993e+00 1.99600005e+00
    1.99399996e+00 1.99800003e+00 1.99500000e+00 1.99300003e+00
    1.99300003e+00 1.99500000e+00 2.01500010e+00 2.09100008e+00
    2.13299990e+00 0. 0. 0. 0. 0. 0. 0. 0. 0. 0. 0. 0. 0. 0. 0. 0. 0. 0.
    0. 0. 0. 0. 0. 0. 1.08399999e+00 2.01399994e+00 2.00500011e+00
    2.00399995e+00 2.00399995e+00 2.00099993e+00 2. 1.99699998e+00 2. 2.
    1.99300003e+00 1.99300003e+00 1.99300003e+00 1.99800003e+00
    2.01699996e+00 2.13000011e+00 0. 0. 0. 0. 0. 0. 0. 0. 0. 0. 0. 0. 0.
    0. 0. 0. 0. 0. 0. 0. 0. 0. 0. 0. 0. 2.00799990e+00 2.00200009e+00 2.
    2. 2. 1.99300003e+00 1.99300003e+00 1.99300003e+00 1.99300003e+00
    1.99300003e+00 1.99300003e+00 1.99300003e+00 1.99300003e+00
    2.00600004e+00 2.15199995e+00 2.18499994e+00 2.19000006e+00 0. 0. 0.
    0. 0. 0. 0. 0. 0. 0. 0. 0. 0. 0. 0. 0. 0. 0. 0. 0. 0. 0. 0.
    1.85200000e+00 1.72899997e+00 2. 2. 1.99500000e+00 1.99000001e+00
    1.98699999e+00 1.98699999e+00 1.99300003e+00 1.99300003e+00
    1.99300003e+00 1.99300003e+00 1.99300003e+00 1.99399996e+00
    2.10200000e+00 2.16899991e+00 2.18099999e+00 0. 0. 0. 0. 0. 0. 0. 0.
    0. 0. 0. 0. 0. 0. 0. 0. 0. 0. 0. 0. 0. 0. 0. 0. 1.99300003e+00
    1.99300003e+00 1.99699998e+00 1.99399996e+00 1.99100006e+00
    1.98899996e+00 1.98599994e+00 1.99300003e+00 1.99300003e+00
    1.99300003e+00 1.99300003e+00 1.99300003e+00 1.99399996e+00
    2.06200004e+00 2.14299989e+00 2.16599989e+00 0. 0. 0. 0. 0. 0. 0. 0.
    0. 0. 0. 0. 0. 0. 0. 0. 0. 0. 0. 0. 0. 0. 0. 1.75199997e+00
    1.99300003e+00 1.99300003e+00 1.99300003e+00 1.99300003e+00
    1.98800004e+00 1.98599994e+00 1.98599994e+00 1.99300003e+00
    1.99300003e+00 1.99500000e+00 1.99300003e+00 1.99300003e+00
    1.99399996e+00 2.01900005e+00 2.11700010e+00 2.14899993e+00 0. 0. 0.
    0. 0. 0. 0. 0. 0. 0. 0. 0. 0. 0. 0. 0. 0. 0. 0. 0. 0. 0. 0. 0.
