<?xml version="1.0"?>
<opencv_storage>
<Depth type_id="opencv-matrix">
  <rows>40</rows>
  <cols>40</cols>
  <dt>f</dt>
  <data>
    0. 0. 0. 0. 0. 0. 0. 0. 0. 0. 0. 0. 0. 0. 0. 0. 0. 0. 0. 0. 0. 0. 0.
    0. 0. 0. 0. 0. 0. 0. 0. 0. 0. 0. 0. 0. 0. 0. 0. 0. 0. 0. 0. 0. 0. 0.
    0. 0. 0. 0. 0. 0. 0. 0. 0. 0. 0. 0. 0. 0. 0. 0. 0. 0. 0. 0. 0. 0. 0.
    0. 0. 0. 0. 0. 0. 0. 0. 0. 0. 0. 0. 0. 0. 0. 0. 0. 0. 0. 0. 0. 0. 0.
    0. 0. 0. 0. 0. 0. 0. 0. 0. 0. 0. 0. 0. 0. 0. 0. 0. 0. 0. 0. 0. 0. 0.
    0. 0. 0. 0. 0. 0. 0. 0. 0. 0. 0. 0. 0. 0. 0. 0. 0. 0. 0. 0. 0. 0. 0.
    0. 0. 0. 0. 0. 0. 0. 0. 0. 0. 0. 0. 0. 0. 0. 0. 0. 0. 0. 0. 0. 0. 0.
    0. 0. 0. 0. 0. 0. 0. 0. 0. 0. 0. 0. 0. 0. 0. 0. 0. 0. 0. 0. 0. 0. 0.
    0. 0. 0. 0. 0. 0. 0. 0. 0. 0. 0. 0. 0. 0. 0. 0. 0. 0. 0. 0. 0. 0. 0.
    0. 0. 0. 0. 0. 0. 0. 0. 0. 0. 0. 0. 0. 0. 0. 0. 0. 0. 0. 0. 0. 0. 0.
    0. 0. 0. 0. 0. 0. 0. 0. 0. 0. 0. 0. 0. 0. 0. 0. 0. 0. 0. 0. 0. 0. 0.
    0. 0. 0. 0. 0. 0. 0. 0. 0. 0. 0. 0. 0. 0. 0. 0. 0. 0. 0. 0. 0. 0. 0.
    0. 0. 0. 0. 0. 0. 0. 0. 0. 0. 0. 0. 0. 0. 0. 0. 0. 0. 0. 0. 0. 0. 0.
    0. 0. 0. 0. 0. 0. 0. 0. 0. 0. 0. 0. 0. 0. 0. 0. 0. 0. 0. 0. 0. 0. 0.
    0. 0. 0. 0. 0. 0. 0. 0. 0. 0. 0. 0. 0. 0. 0. 0. 0. 0. 0. 0. 0. 0. 0.
    0. 0. 0. 0. 0. 0. 0. 0. 0. 0. 0. 0. 0. 0. 0. 0. 0. 0. 0. 0. 0. 0. 0.
    0. 0. 0. 0. 0. 0. 0. 0. 0. 0. 0. 0. 0. 0. 0. 0. 0. 0. 0. 0. 0. 0. 0.
    0. 0. 0. 0. 0. 0. 0. 0. 0. 0. 0. 0. 0. 0. 0. 0. 0. 0. 0. 0. 0. 0. 0.
    0. 0. 0. 0. 0. 0. 0. 0. 0. 0. 0. 0. 0. 0. 0. 0. 0. 0. 0. 0. 0. 0. 0.
    0. 0. 0. 0. 0. 0. 0. 0. 0. 0. 0. 0. 0. 0. 0. 0. 0. 0. 0. 0. 0. 0. 0.
    0. 0. 0. 0. 0. 0. 0. 0. 0. 0. 0. 0. 0. 0. 0. 0. 0. 0. 0. 0.
    2.21499991e+00 2.16499996e+00 2.11500001e+00 2.10800004e+00
    2.10800004e+00 2.07800007e+00 2.03099990e+00 2. 2. 2. 2. 2.
    2.04099989e+00 2.08899999e+00 2.02300000e+00 1.88300002e+00
    1.79400003e+00 1.79400003e+00 1.80900002e+00 1.94799995e+00
    2.08800006e+00 2.10800004e+00 2.10800004e+00 2.13800001e+00
    2.18899989e+00 2.22099996e+00 2.22099996e+00 2.22099996e+00
    2.22099996e+00 2.22099996e+00 2.22099996e+00 2.22099996e+00
    2.25200009e+00 2.30299997e+00 2.31900001e+00 2.26799989e+00
    2.22099996e+00 2.22099996e+00 2.22099996e+00 2.26500010e+00
    2.19700003e+00 2.15499997e+00 2.11400008e+00 2.10800004e+00
    2.10800004e+00 2.07800007e+00 2.03099990e+00 2. 2. 2. 2. 2.
    2.04099989e+00 2.08899999e+00 2.02300000e+00 1.88300002e+00
    1.79400003e+00 1.79400003e+00 1.80900002e+00 1.94799995e+00
    2.08800006e+00 2.10800004e+00 2.10800004e+00 2.13800001e+00
    2.18899989e+00 2.22099996e+00 2.22099996e+00 2.22099996e+00
    2.22099996e+00 2.22099996e+00 2.22099996e+00 2.22099996e+00
    2.24699998e+00 2.28999996e+00 2.30299997e+00 2.25999999e+00
    2.22099996e+00 2.22099996e+00 2.22099996e+00 2.26500010e+00
    2.15000010e+00 2.13000011e+00 2.11100006e+00 2.10800004e+00
    2.10800004e+00 2.07800007e+00 2.03099990e+00 2. 2. 2. 2. 2.
    2.04099989e+00 2.08899999e+00 2.02300000e+00 1.88300002e+00
    1.79400003e+00 1.79400003e+00 1.80900002e+00 1.94799995e+00
    2.08800006e+00 2.10800004e+00 2.10800004e+00 2.13800001e+00
    2.18899989e+00 2.22099996e+00 2.22099996e+00 2.22099996e+00
    2.22099996e+00 2.22099996e+00 2.22099996e+00 2.22099996e+00
    2.23300004e+00 2.25300002e+00 2.25900006e+00 2.23900008e+00
    2.22099996e+00 2.22099996e+00 2.22099996e+00 2.26500010e+00
    2.10200000e+00 2.10500002e+00 2.10800004e+00 2.10800004e+00
    2.10800004e+00 2.07999992e+00 2.03500009e+00 2.00600004e+00
    2.00600004e+00 2.00600004e+00 2.00600004e+00 2.00600004e+00
    2.04500008e+00 2.08999991e+00 2.02800012e+00 1.89600003e+00
    1.81099999e+00 1.81099999e+00 1.82500005e+00 1.95700002e+00
    2.08899999e+00 2.10800004e+00 2.10800004e+00 2.13800001e+00
    2.18899989e+00 2.22099996e+00 2.22099996e+00 2.22099996e+00
    2.22099996e+00 2.22099996e+00 2.22099996e+00 2.22099996e+00
    2.22099996e+00 2.22099996e+00 2.22199988e+00 2.22499990e+00
    2.22700000e+00 2.22700000e+00 2.22700000e+00 2.26900005e+00
    2.05699992e+00 2.08100009e+00 2.10500002e+00 2.10800004e+00
    2.10800004e+00 2.09299994e+00 2.06900001e+00 2.05399990e+00
    2.05399990e+00 2.05399990e+00 2.05399990e+00 2.05399990e+00
    2.07500005e+00 2.09899998e+00 2.06500006e+00 1.99500000e+00
    1.95099998e+00 1.95099998e+00 1.95799994e+00 2.02800012e+00
    2.09800005e+00 2.10800004e+00 2.10800004e+00 2.13800001e+00
    2.18899989e+00 2.22099996e+00 2.22099996e+00 2.22099996e+00
    2.22099996e+00 2.22099996e+00 2.22099996e+00 2.22099996e+00
    2.22099996e+00 2.22099996e+00 2.23000002e+00 2.25600004e+00
    2.27900004e+00 2.27900004e+00 2.27900004e+00 2.30100012e+00
    2.01099992e+00 2.05699992e+00 2.10200000e+00 2.10800004e+00
    2.10800004e+00 2.10599995e+00 2.10400009e+00 2.10200000e+00
    2.10200000e+00 2.10200000e+00 2.10200000e+00 2.10200000e+00
    2.10400009e+00 2.10700011e+00 2.10299993e+00 2.09500003e+00
    2.08999991e+00 2.08999991e+00 2.09100008e+00 2.09899998e+00
    2.10700011e+00 2.10800004e+00 2.10800004e+00 2.13800001e+00
    2.18899989e+00 2.22099996e+00 2.22099996e+00 2.22099996e+00
    2.22099996e+00 2.22099996e+00 2.22099996e+00 2.22099996e+00
    2.22099996e+00 2.22099996e+00 2.23799992e+00 2.28699994e+00
    2.32999992e+00 2.32999992e+00 2.32999992e+00 2.33299994e+00
    2.00600004e+00 2.05399990e+00 2.10200000e+00 2.10800004e+00
    2.10800004e+00 2.10800004e+00 2.10800004e+00 2.10800004e+00
    2.10800004e+00 2.10800004e+00 2.10800004e+00 2.10800004e+00
    2.10800004e+00 2.10800004e+00 2.10800004e+00 2.10800004e+00
    2.10800004e+00 2.10800004e+00 2.10599995e+00 2.08699989e+00
    2.06900001e+00 2.06599998e+00 2.06599998e+00 2.09599996e+00
    2.14499998e+00 2.17700005e+00 2.17700005e+00 2.17899990e+00
    2.19899988e+00 2.21799994e+00 2.22099996e+00 2.22099996e+00
    2.23300004e+00 2.25300002e+00 2.27699995e+00 2.30800009e+00
    2.33699989e+00 2.33699989e+00 2.33699989e+00 2.33699989e+00
    2.00600004e+00 2.05399990e+00 2.10200000e+00 2.10800004e+00
    2.10800004e+00 2.10800004e+00 2.10800004e+00 2.10800004e+00
    2.10800004e+00 2.10800004e+00 2.10800004e+00 2.10800004e+00
    2.10800004e+00 2.10800004e+00 2.10800004e+00 2.10800004e+00
    2.10800004e+00 2.10800004e+00 2.10400009e+00 2.06399989e+00
    2.02399993e+00 2.01799989e+00 2.01799989e+00 2.04699993e+00
    2.09599996e+00 2.12700009e+00 2.12700009e+00 2.13100004e+00
    2.17300010e+00 2.21499991e+00 2.22099996e+00 2.22099996e+00
    2.24699998e+00 2.28999996e+00 2.31999993e+00 2.32900000e+00
    2.33699989e+00 2.33699989e+00 2.33699989e+00 2.33699989e+00
    2.00600004e+00 2.05399990e+00 2.10200000e+00 2.10800004e+00
    2.10800004e+00 2.10800004e+00 2.10800004e+00 2.10800004e+00
    2.10800004e+00 2.10800004e+00 2.10800004e+00 2.10800004e+00
    2.09699988e+00 2.08299994e+00 2.07800007e+00 2.07800007e+00
    2.07800007e+00 2.07800007e+00 2.07500005e+00 2.03999996e+00
    2.00500011e+00 2. 2. 2.02900004e+00 2.07699990e+00 2.10800004e+00
    2.10800004e+00 2.11500001e+00 2.17899990e+00 2.24300003e+00
    2.25300002e+00 2.25300002e+00 2.27500010e+00 2.31299996e+00
    2.33200002e+00 2.31800008e+00 2.30500007e+00 2.30500007e+00
    2.30500007e+00 2.31699991e+00 2.00600004e+00 2.05399990e+00
    2.10200000e+00 2.10800004e+00 2.10800004e+00 2.10800004e+00
    2.10800004e+00 2.10800004e+00 2.10800004e+00 2.10800004e+00
    2.10800004e+00 2.10800004e+00 2.07800007e+00 2.04399991e+00
    2.02999997e+00 2.02999997e+00 2.02999997e+00 2.02999997e+00
    2.02900004e+00 2.01500010e+00 2.00200009e+00 2. 2. 2.02900004e+00
    2.07699990e+00 2.10800004e+00 2.10800004e+00 2.11700010e+00
    2.20400000e+00 2.29099989e+00 2.30399990e+00 2.30399990e+00
    2.31299996e+00 2.32800007e+00 2.32399988e+00 2.28699994e+00
    2.25399995e+00 2.25399995e+00 2.25399995e+00 2.28500009e+00
    2.00600004e+00 2.05399990e+00 2.10200000e+00 2.10100007e+00
    2.09299994e+00 2.08599997e+00 2.07800007e+00 2.07299995e+00
