<?xml version="1.0"?>
<opencv_storage>
<Depth type_id="opencv-matrix">
  <rows>40</rows>
  <cols>40</cols>
  <dt>f</dt>
  <data>
    0. 0. 0. 0. 0. 0. 0. 0. 0. 0. 0. 0. 0. 0. 0. 0. 0. 0. 0. 0. 0. 0. 0.
    0. 0. 0. 0. 0. 0. 0. 0. 0. 0. 0. 0. 0. 0. 0. 0. 0. 0. 0. 0. 0. 0. 0.
    0. 0. 0. 0. 0. 0. 0. 0. 0. 0. 0. 0. 0. 0. 0. 0. 0. 0. 0. 0. 0. 0. 0.
    0. 0. 0. 0. 0. 0. 0. 0. 0. 0. 0. 0. 0. 0. 0. 0. 0. 0. 0. 0. 0. 0. 0.
    1.97800004e+00 1.97800004e+00 1.98000002e+00 1.98599994e+00
    1.99000001e+00 1.98800004e+00 2.02300000e+00 2.61500001e+00 0. 0.
    2.17100000e+00 2.18700004e+00 0. 0. 0. 0. 0. 0. 0. 0. 0. 0. 0. 0. 0.
    0. 0. 0. 0. 0. 0. 0. 0. 0. 0. 2.02200007e+00 2.01500010e+00
    2.01600003e+00 2.00900006e+00 1.97899997e+00 1.97800004e+00
    1.98500001e+00 1.98500001e+00 1.98500001e+00 1.98500001e+00
    1.99199998e+00 2.02900004e+00 2.04900002e+00 2.07800007e+00
    2.10400009e+00 2.14700007e+00 2.18600011e+00 2.21700001e+00 0. 0. 0.
    0. 0. 0. 0. 0. 0. 0. 0. 0. 0. 0. 0. 0. 0. 0. 0. 0. 0. 0.
    1.99300003e+00 1.98500001e+00 1.98500001e+00 1.98300004e+00
    1.98300004e+00 1.98399997e+00 1.98500001e+00 1.98500001e+00
    1.99000001e+00 1.99000001e+00 1.99300003e+00 2.01099992e+00
    2.02999997e+00 2.05699992e+00 2.09200001e+00 2.13700008e+00
    2.16700006e+00 2.19499993e+00 0. 0. 0. 0. 0. 0. 0. 0. 0. 0. 0. 0. 0.
    0. 0. 0. 0. 0. 0. 0. 0. 0. 2.00099993e+00 1.98800004e+00
    1.98699999e+00 1.98899996e+00 1.98800004e+00 1.98699999e+00
    1.98699999e+00 1.98500001e+00 1.98500001e+00 1.98500001e+00
    1.98500001e+00 1.99899995e+00 2.02500010e+00 2.04399991e+00
    2.07999992e+00 2.13299990e+00 2.16599989e+00 2.16000009e+00
    2.85899997e+00 0. 0. 0. 0. 0. 0. 0. 0. 0. 0. 0. 0. 0. 0. 0. 0. 0. 0.
    0. 0. 0. 2.01099992e+00 2. 2. 1.99300003e+00 1.99300003e+00
    1.99300003e+00 1.99100006e+00 1.98500001e+00 1.98500001e+00
    1.98500001e+00 1.98500001e+00 1.99000001e+00 2.01200008e+00
    2.03800011e+00 2.06200004e+00 2.11700010e+00 2.16400003e+00
    2.17700005e+00 2.19899988e+00 0. 0. 0. 0. 0. 0. 0. 0. 0. 0. 0. 0. 0.
    0. 0. 0. 0. 0. 0. 0. 0. 2.00200009e+00 1.99600005e+00 1.99600005e+00
    1.99500000e+00 1.99300003e+00 1.99300003e+00 1.99199998e+00
    1.98500001e+00 1.98500001e+00 1.98500001e+00 1.98500001e+00
    1.99000001e+00 2.00900006e+00 2.03200006e+00 2.05599999e+00
    2.09599996e+00 2.14100003e+00 2.17499995e+00 2.18400002e+00 0. 0. 0.
    0. 0. 0. 0. 0. 0. 0. 0. 0. 0. 0. 0. 0. 0. 0. 0. 0. 0. 1.99600005e+00
    1.98500001e+00 1.99000001e+00 1.99300003e+00 1.99300003e+00
    1.99300003e+00 1.99300003e+00 1.98800004e+00 1.98599994e+00
    1.98500001e+00 1.98699999e+00 1.99199998e+00 2.00799990e+00
    2.02900004e+00 2.04999995e+00 2.08599997e+00 2.12899995e+00
    2.15499997e+00 2.17799997e+00 2.17799997e+00 0. 0. 0. 0. 0. 0. 0. 0.
    0. 0. 0. 0. 0. 0. 0. 0. 0. 0. 0. 0. 2.00699997e+00 1.99300003e+00
    1.99699998e+00 1.99300003e+00 1.99300003e+00 1.99300003e+00
    1.99300003e+00 1.99300003e+00 1.99300003e+00 1.99300003e+00
    1.99300003e+00 1.99699998e+00 2.00799990e+00 2.02200007e+00
    2.04399991e+00 2.07999992e+00 2.12100005e+00 2.15100002e+00
    2.17799997e+00 2.17799997e+00 0. 0. 0. 0. 0. 0. 0. 0. 0. 0. 0. 0. 0.
    0. 0. 0. 0. 0. 0. 0. 0. 2.01300001e+00 2.00200009e+00 2. 2.
    1.99300003e+00 1.99399996e+00 1.99699998e+00 1.99500000e+00
    1.99300003e+00 1.99300003e+00 1.98800004e+00 1.99800003e+00
    2.01500010e+00 2.03099990e+00 2.05500007e+00 2.11299992e+00
    2.14499998e+00 2.18000007e+00 2.19300008e+00 0. 0. 0. 0. 0. 0. 0. 0.
    0. 0. 0. 0. 0. 0. 0. 0. 0. 0. 0. 0. 0. 2.02500010e+00 2.00399995e+00
    2. 2.00799990e+00 1.99600005e+00 2. 2. 1.99600005e+00 1.99300003e+00
    1.99300003e+00 1.98500001e+00 1.99500000e+00 2.00699997e+00
    2.02600002e+00 2.04399991e+00 2.08899999e+00 2.13400006e+00
    2.17799997e+00 2.19499993e+00 0. 0. 0. 0. 0. 0. 0. 0. 0. 0. 0. 0. 0.
    0. 0. 0. 0. 0. 0. 0. 0. 0. 2.00799990e+00 2.00699997e+00
    2.00799990e+00 2.00300002e+00 2. 2. 1.99600005e+00 1.99300003e+00
    1.99300003e+00 1.99199998e+00 1.99500000e+00 2.00699997e+00
    2.01999998e+00 2.04099989e+00 2.07599998e+00 2.13000011e+00
    2.16400003e+00 2.18700004e+00 0. 0. 0. 0. 0. 0. 0. 0. 0. 0. 0. 0. 0.
    0. 0. 0. 0. 0. 0. 0. 0. 0. 1.65600002e+00 1.98500001e+00
    1.99300003e+00 1.99699998e+00 2. 2. 2. 1.99300003e+00 1.99300003e+00
    1.99300003e+00 2. 2.00300002e+00 2.01300001e+00 2.02900004e+00
    2.05200005e+00 2.11199999e+00 2.16400003e+00 2.18700004e+00
    2.19400001e+00 0. 0. 0. 0. 0. 0. 0. 0. 0. 0. 0. 0. 0. 0. 0. 0. 0. 0.
    0. 0. 0. 1.43299997e+00 2. 2. 2. 2. 2. 2. 2. 2. 2. 2. 2.
    2.01300001e+00 2.02800012e+00 2.04699993e+00 2.09299994e+00
    2.15300012e+00 2.18199992e+00 2.19499993e+00 2.83400011e+00 0. 0. 0.
    0. 0. 0. 0. 0. 0. 0. 0. 0. 0. 0. 0. 0. 0. 0. 0. 0. 1.44200003e+00
    2.01200008e+00 2. 2. 2. 2. 2. 2. 2. 2. 2. 2. 2.00799990e+00
    2.02300000e+00 2.04699993e+00 2.07800007e+00 2.14100003e+00
    2.15799999e+00 2.19799995e+00 2.83999991e+00 0. 0. 0. 0. 0. 0. 0. 0.
    0. 0. 0. 0. 0. 0. 0. 0. 0. 0. 0. 0. 0. 2.00799990e+00 2. 2. 2.
    2.00799990e+00 2. 2. 2. 2. 2. 2. 2.00500011e+00 2.02300000e+00
    2.04699993e+00 2.06800008e+00 2.12899995e+00 2.14000010e+00
    2.18799996e+00 2.83200002e+00 0. 0. 0. 0. 0. 0. 0. 0. 0. 0. 0. 0. 0.
    0. 0. 0. 0. 0. 0. 0. 0. 2.00799990e+00 2.00200009e+00 2.00200009e+00
    2.00200009e+00 2.00799990e+00 2. 2. 2. 2.00799990e+00 2.00799990e+00
    2.00200009e+00 2.00500011e+00 2.01999998e+00 2.03900003e+00
    2.06599998e+00 2.11700010e+00 2.14000010e+00 2.18300009e+00
    2.21499991e+00 0. 0. 0. 0. 0. 0. 0. 0. 0. 0. 0. 0. 0. 0. 0. 0. 0. 0.
    0. 0. 0. 0. 2.00799990e+00 2.00799990e+00 2.00799990e+00
    2.00799990e+00 2. 2. 2. 2.00799990e+00 2.00099993e+00 2.00099993e+00
    2.00500011e+00 2.01799989e+00 2.04299998e+00 2.06599998e+00
    2.11100006e+00 2.14000010e+00 2.17899990e+00 2.20700002e+00 0. 0. 0.
    0. 0. 0. 0. 0. 0. 0. 0. 0. 0. 0. 0. 0. 0. 0. 0. 0. 0. 0.
    2.01600003e+00 2.01099992e+00 2.00799990e+00 2.00799990e+00 2. 2.
    2.00699997e+00 2.00799990e+00 2. 2. 2.00500011e+00 2.01300001e+00
    2.03200006e+00 2.05699992e+00 2.10599995e+00 2.14299989e+00
    2.17199993e+00 2.21000004e+00 2.22600007e+00 0. 0. 0. 0. 0. 0. 0. 0.
    0. 0. 0. 0. 0. 0. 0. 0. 0. 0. 0. 0. 0. 2.03900003e+00 2.01200008e+00
    2.00799990e+00 2.00799990e+00 2.00200009e+00 2.00799990e+00
    2.00799990e+00 2.00799990e+00 2. 2. 2. 2.00799990e+00 2.01999998e+00
    2.05200005e+00 2.09200001e+00 2.12800002e+00 2.15799999e+00
    2.19300008e+00 2.21499991e+00 0. 0. 0. 0. 0. 0. 0. 0. 0. 0. 0. 0. 0.
    0. 0. 0. 0. 0. 0. 0. 0. 2.09299994e+00 2.00900006e+00 2.00600004e+00
    2.00099993e+00 2.00799990e+00 2.00799990e+00 2.00799990e+00
    2.00799990e+00 2. 2. 2. 2.00799990e+00 2.01500010e+00 2.04800010e+00
    2.08400011e+00 2.11999989e+00 2.15100002e+00 2.18300009e+00
    2.20600009e+00 0. 0. 0. 0. 0. 0. 0. 0. 0. 0. 0. 0. 0. 0. 0. 0. 0. 0.
    0. 0. 0. 2.08500004e+00 2. 2.00699997e+00 2.00399995e+00
    2.00799990e+00 2.00799990e+00 2.00799990e+00 2.00799990e+00
    2.00399995e+00 2.00399995e+00 2.00600004e+00 2.00799990e+00
    2.01500010e+00 2.03800011e+00 2.06800008e+00 2.10299993e+00
    2.14100003e+00 2.18000007e+00 2.20000005e+00 0. 0. 0. 0. 0. 0. 0. 0.
    0. 0. 0. 0. 0. 0. 0. 0. 0. 0. 0. 0. 0. 0. 2.00799990e+00
    2.01099992e+00 2.00999999e+00 2.00799990e+00 2.00799990e+00
    2.00799990e+00 2.00799990e+00 2.00799990e+00 2.00799990e+00
    2.00799990e+00 2.00799990e+00 2.00799990e+00 2.02999997e+00
    2.05699992e+00 2.08500004e+00 2.13499999e+00 2.16899991e+00
    2.18600011e+00 0. 0. 0. 0. 0. 0. 0. 0. 0. 0. 0. 0. 0. 0. 0. 0. 0. 0.
    0. 0. 0. 0. 2.84899998e+00 2.01600003e+00 2.01600003e+00
    2.00799990e+00 2.00799990e+00 2.00799990e+00 2.00799990e+00
    2.00799990e+00 2.00799990e+00 2.00799990e+00 2.00799990e+00
    2.00799990e+00 2.02399993e+00 2.04900002e+00 2.07699990e+00
    2.11999989e+00 2.15499997e+00 2.17799997e+00 2.18799996e+00 0. 0. 0.
