<?xml version="1.0"?>
<opencv_storage>
<Depth type_id="opencv-matrix">
  <rows>40</rows>
  <cols>40</cols>
  <dt>f</dt>
  <data>
    0. 0. 0. 0. 0. 0. 0. 0. 0. 0. 0. 0. 0. 0. 0. 0. 0. 0. 0. 0. 0. 0. 0.
    0. 0. 0. 0. 0. 0. 0. 0. 0. 0. 0. 0. 0. 0. 0. 0. 0. 0. 0. 0. 0. 0. 0.
    0. 0. 0. 0. 0. 0. 0. 0. 0. 0. 0. 0. 0. 0. 0. 0. 0. 0. 0. 0. 0. 0. 0.
    0. 0. 0. 0. 0. 0. 0. 0. 0. 0. 0. 0. 0. 0. 0. 0. 0. 0. 0. 2. 2. 2. 2.
    2.00699997e+00 2.06999993e+00 2.13299990e+00 2.17199993e+00
    2.10899997e+00 2.04600000e+00 2. 2. 2. 2. 2. 2. 1.92499995e+00
    1.75300002e+00 1.58099997e+00 1.49699998e+00 1.49699998e+00
    1.49699998e+00 1.49699998e+00 0. 0. 0. 0. 0. 0. 0. 0. 0. 0. 0. 0. 0.
    0. 0. 0. 0. 2. 2. 2. 2. 2.00699997e+00 2.06999993e+00 2.13299990e+00
    2.17199993e+00 2.10899997e+00 2.04600000e+00 2. 2. 2. 2. 2. 2.
    1.92600000e+00 1.75399995e+00 1.58299994e+00 1.49899995e+00
    1.49899995e+00 1.49899995e+00 1.49899995e+00 0. 0. 0. 0. 0. 0. 0. 0.
    0. 0. 0. 0. 0. 0. 0. 0. 0. 2. 2. 2. 2. 2.00699997e+00 2.06999993e+00
    2.13299990e+00 2.17199993e+00 2.10899997e+00 2.04600000e+00 2. 2. 2.
    2. 2. 2. 1.93400002e+00 1.78100002e+00 1.62899995e+00 1.55400002e+00
    1.55400002e+00 1.55400002e+00 1.55400002e+00 0. 0. 0. 0. 0. 0. 0. 0.
    0. 0. 0. 0. 0. 0. 0. 0. 0. 2. 2. 2. 2. 2.00699997e+00 2.06999993e+00
    2.13299990e+00 2.17199993e+00 2.10899997e+00 2.04600000e+00 2. 2. 2.
    2. 2. 2. 1.94200003e+00 1.80799997e+00 1.67400002e+00 1.60899997e+00
    1.60899997e+00 1.60899997e+00 1.60899997e+00 0. 0. 0. 0. 0. 0. 0. 0.
    0. 0. 0. 0. 0. 0. 0. 0. 0. 2. 2. 2. 2. 2.00699997e+00 2.06999993e+00
    2.13299990e+00 2.17199993e+00 2.11199999e+00 2.05100012e+00
    2.00699997e+00 2.00399995e+00 2.00200009e+00 2. 2. 2. 1.95000005e+00
    1.83500004e+00 1.72000003e+00 1.66400003e+00 1.66400003e+00
    1.66400003e+00 1.66400003e+00 0. 0. 0. 0. 0. 0. 0. 0. 0. 0. 0. 0. 0.
    0. 0. 0. 0. 2. 2. 2. 2. 2.00699997e+00 2.06999993e+00 2.13299990e+00
    2.17600012e+00 2.13700008e+00 2.09899998e+00 2.06399989e+00
    2.03999996e+00 2.01600003e+00 2. 2. 2. 1.95899999e+00 1.86300004e+00
    1.76800001e+00 1.72099996e+00 1.72099996e+00 1.72099996e+00
    1.72099996e+00 0. 0. 0. 0. 0. 0. 0. 0. 0. 0. 0. 0. 0. 0. 0. 0. 0. 2.
    2. 2. 2. 2.00699997e+00 2.06999993e+00 2.13299990e+00 2.18099999e+00
    2.16300011e+00 2.14599991e+00 2.12100005e+00 2.07500005e+00
    2.02900004e+00 2. 2. 2. 1.96700001e+00 1.89199996e+00 1.81599998e+00
    1.77900004e+00 1.77900004e+00 1.77900004e+00 1.77900004e+00 0. 0. 0.
    0. 0. 0. 0. 0. 0. 0. 0. 0. 0. 0. 0. 0. 0. 2. 2. 2. 2. 2.00699997e+00
    2.06999993e+00 2.13299990e+00 2.18400002e+00 2.18400002e+00
    2.18400002e+00 2.16799998e+00 2.10899997e+00 2.04999995e+00
    2.01200008e+00 2.01200008e+00 2.01200008e+00 1.98599994e+00
    1.92600000e+00 1.86600006e+00 1.83700001e+00 1.83700001e+00
    1.83700001e+00 1.83700001e+00 0. 0. 0. 0. 0. 0. 0. 0. 0. 0. 0. 0. 0.
    0. 0. 0. 0. 2. 2. 2. 2. 2.00699997e+00 2.06999993e+00 2.13299990e+00
    2.18400002e+00 2.18400002e+00 2.18400002e+00 2.17400002e+00
    2.13700008e+00 2.09899998e+00 2.07500005e+00 2.07500005e+00
    2.07500005e+00 2.04900002e+00 1.98800004e+00 1.92700005e+00
    1.89699996e+00 1.89699996e+00 1.89699996e+00 1.89699996e+00 0. 0. 0.
    0. 0. 0. 0. 0. 0. 0. 0. 0. 0. 0. 0. 0. 0. 2. 2. 2. 2. 2.00699997e+00
    2.06999993e+00 2.13299990e+00 2.18400002e+00 2.18400002e+00
    2.18400002e+00 2.18000007e+00 2.16400003e+00 2.14800000e+00
    2.13800001e+00 2.13800001e+00 2.13800001e+00 2.11100006e+00
    2.04900002e+00 1.98699999e+00 1.95700002e+00 1.95700002e+00
    1.95700002e+00 1.95700002e+00 0. 0. 0. 0. 0. 0. 0. 0. 0. 0. 0. 0. 0.
    0. 0. 0. 0. 2. 2. 2. 2. 2.00699997e+00 2.06999993e+00 2.13299990e+00
    2.18400002e+00 2.18400002e+00 2.18400002e+00 2.18400002e+00
    2.18400002e+00 2.18400002e+00 2.18400002e+00 2.18400002e+00
    2.18400002e+00 2.15899992e+00 2.10200000e+00 2.04500008e+00
    2.01699996e+00 2.01699996e+00 2.01699996e+00 2.01699996e+00 0. 0. 0.
    0. 0. 0. 0. 0. 0. 0. 0. 0. 0. 0. 0. 0. 0. 2. 2. 2. 2. 2.00699997e+00
    2.06999993e+00 2.13299990e+00 2.18400002e+00 2.18400002e+00
    2.18400002e+00 2.18400002e+00 2.18400002e+00 2.18400002e+00
    2.18400002e+00 2.18400002e+00 2.18400002e+00 2.16899991e+00
    2.13299990e+00 2.09800005e+00 2.07999992e+00 2.07999992e+00
    2.07999992e+00 2.07999992e+00 0. 0. 0. 0. 0. 0. 0. 0. 0. 0. 0. 0. 0.
    0. 0. 0. 0. 2. 2. 2. 2. 2.00699997e+00 2.06999993e+00 2.13299990e+00
    2.18400002e+00 2.18400002e+00 2.18400002e+00 2.18400002e+00
    2.18400002e+00 2.18400002e+00 2.18400002e+00 2.18400002e+00
    2.18400002e+00 2.17799997e+00 2.16400003e+00 2.15000010e+00
    2.14299989e+00 2.14299989e+00 2.14299989e+00 2.14299989e+00 0. 0. 0.
    0. 0. 0. 0. 0. 0. 0. 0. 0. 0. 0. 0. 0. 0. 2. 2. 2. 2. 2.00699997e+00
    2.06200004e+00 2.11700010e+00 2.16199994e+00 2.16199994e+00
    2.16199994e+00 2.16199994e+00 2.16199994e+00 2.16199994e+00
    2.16400003e+00 2.17199993e+00 2.18000007e+00 2.18400002e+00
    2.18400002e+00 2.18400002e+00 2.18400002e+00 2.18400002e+00
    2.18400002e+00 2.18400002e+00 0. 0. 0. 0. 0. 0. 0. 0. 0. 0. 0. 0. 0.
    0. 0. 0. 0. 2. 2. 2. 2. 2.00399995e+00 2.03800011e+00 2.07200003e+00
    2.09899998e+00 2.09899998e+00 2.09899998e+00 2.09899998e+00
    2.09899998e+00 2.09899998e+00 2.10899997e+00 2.13800001e+00
    2.16700006e+00 2.18400002e+00 2.18400002e+00 2.18400002e+00
    2.18400002e+00 2.18400002e+00 2.18400002e+00 2.18400002e+00 0. 0. 0.
    0. 0. 0. 0. 0. 0. 0. 0. 0. 0. 0. 0. 0. 0. 2. 2. 2. 2. 2.00099993e+00
    2.01399994e+00 2.02600002e+00 2.03600001e+00 2.03600001e+00
    2.03600001e+00 2.03600001e+00 2.03600001e+00 2.03600001e+00
    2.05399990e+00 2.10400009e+00 2.15499997e+00 2.18400002e+00
    2.18400002e+00 2.18400002e+00 2.18400002e+00 2.18400002e+00
    2.18400002e+00 2.18400002e+00 0. 0. 0. 0. 0. 0. 0. 0. 0. 0. 0. 0. 0.
    0. 0. 0. 0. 2. 2. 2. 2. 2. 2. 2. 2. 2. 2. 2. 2. 2. 2.01900005e+00
    2.07299995e+00 2.12599993e+00 2.15700006e+00 2.15700006e+00
    2.15700006e+00 2.15700006e+00 2.15700006e+00 2.15700006e+00
    2.15700006e+00 0. 0. 0. 0. 0. 0. 0. 0. 0. 0. 0. 0. 0. 0. 0. 0. 0. 2.
    2. 2. 2. 2. 2. 2. 2. 2. 2. 2. 2. 2. 2.01099992e+00 2.04299998e+00
    2.07599998e+00 2.09400010e+00 2.09400010e+00 2.09400010e+00
    2.09400010e+00 2.09400010e+00 2.09400010e+00 2.09400010e+00 0. 0. 0.
    0. 0. 0. 0. 0. 0. 0. 0. 0. 0. 0. 0. 0. 0. 2. 2. 2. 2. 2. 2. 2. 2. 2.
    2. 2. 2. 2. 2.00399995e+00 2.01399994e+00 2.02500010e+00
    2.03099990e+00 2.03099990e+00 2.03099990e+00 2.03099990e+00
    2.03099990e+00 2.03099990e+00 2.03099990e+00 0. 0. 0. 0. 0. 0. 0. 0.
    0. 0. 0. 0. 0. 0. 0. 0. 0. 2. 2. 2. 2. 2. 2. 2. 2. 2. 2. 2. 2. 2. 2.
    2. 2. 2. 2. 2. 2. 2. 2. 2. 0. 0. 0. 0. 0. 0. 0. 0. 0. 0. 0. 0. 0. 0.
    0. 0. 0. 2. 2. 2. 2. 2. 2. 2. 2. 2. 2. 2. 2. 2. 2. 2. 2. 2. 2. 2. 2.
    2. 2. 2. 0. 0. 0. 0. 0. 0. 0. 0. 0. 0. 0. 0. 0. 0. 0. 0. 0. 2. 2. 2.
    2. 2. 2. 2. 2. 2. 2. 2. 2. 2. 2. 2. 2. 2. 2. 2. 2. 2. 2. 2. 0. 0. 0.
    0. 0. 0. 0. 0. 0. 0. 0. 0. 0. 0. 0. 0. 0. 0. 0. 0. 1.52199996e+00 2.
    2. 2. 2. 2. 2. 2. 2. 2. 2. 2. 2. 2. 2. 2. 2.00699997e+00
    2.01900005e+00 2.03200006e+00 2.03699994e+00 0. 0. 0. 0. 0. 0. 0. 0.
    0. 0. 0. 0. 0. 0. 0. 0. 0. 0. 0. 0. 0. 2. 2. 2. 2. 2. 2. 2. 2. 2. 2.
    2. 2. 2. 2. 2. 2.01799989e+00 2.05200005e+00 2.08599997e+00
    2.09999990e+00 0. 0. 0. 0. 0. 0. 0. 0. 0. 0. 0. 0. 0. 0. 0. 0. 0. 0.
    0. 0. 0. 2. 2. 2. 2. 2. 2. 2. 2. 2. 2. 2. 2. 2. 2. 2. 2.02900004e+00
    2.08400011e+00 2.14000010e+00 2.16300011e+00 0. 0. 0. 0. 0. 0. 0. 0.
    0. 0. 0. 0. 0. 0. 0. 0. 0. 0. 0. 0. 0. 2. 2. 2. 2. 2. 2.
    2.00399995e+00 2.01799989e+00 2.03299999e+00 2.03699994e+00
    2.02300000e+00 2.00799990e+00 2. 2. 2. 2.02500010e+00 2.07299995e+00
    2.12199998e+00 2.14199996e+00 0. 0. 0. 0. 0. 0. 0. 0. 0. 0. 0. 0. 0.
    0. 0. 0. 0. 0. 0. 0. 0. 2. 2. 2. 2. 2. 2. 2.00999999e+00
    2.04600000e+00 2.08200002e+00 2.09200001e+00 2.05599999e+00
