<?xml version="1.0"?>
<opencv_storage>
<Depth type_id="opencv-matrix">
  <rows>40</rows>
  <cols>40</cols>
  <dt>f</dt>
  <data>
    0. 0. 0. 0. 0. 0. 0. 0. 0. 0. 0. 0. 0. 0. 0. 0. 0. 0. 0. 0. 0. 0. 0.
    0. 0. 0. 0. 0. 0. 0. 0. 0. 0. 0. 0. 0. 0. 0. 0. 0. 0. 0. 0. 0. 0. 0.
    0. 0. 0. 0. 0. 0. 0. 0. 0. 0. 0. 0. 0. 0. 0. 0. 0. 0. 0. 0. 0. 0. 0.
    0. 0. 0. 0. 0. 0. 0. 0. 0. 0. 0. 0. 0. 0. 0. 0. 0. 0. 0. 0. 0. 0. 0.
    0. 0. 0. 0. 0. 0. 0. 0. 0. 0. 0. 0. 0. 0. 0. 0. 0. 0. 0. 0. 0. 0. 0.
    0. 0. 0. 0. 0. 0. 0. 0. 0. 0. 0. 0. 0. 0. 0. 0. 0. 0. 0. 0. 0. 0. 0.
    0. 0. 0. 0. 0. 0. 0. 0. 0. 0. 0. 0. 0. 0. 0. 0. 0. 0. 0. 0. 0. 0. 0.
    0. 0. 0. 0. 0. 0. 0. 0. 0. 0. 0. 0. 0. 0. 0. 0. 0. 0. 0. 0. 0. 0. 0.
    0. 0. 0. 0. 0. 0. 0. 0. 0. 0. 0. 0. 0. 0. 0. 0. 0. 0. 0. 0. 0. 0. 0.
    0. 0. 0. 0. 0. 0. 0. 0. 0. 0. 0. 0. 0. 0. 0. 0. 0. 0. 0. 0. 0. 0. 0.
    0. 0. 0. 0. 0. 0. 0. 0. 0. 0. 0. 0. 0. 0. 0. 0. 0. 0. 0. 0. 0. 0. 0.
    0. 0. 0. 0. 0. 0. 0. 0. 0. 0. 0. 0. 0. 0. 0. 0. 0. 0. 0. 0. 0. 0. 0.
    0. 0. 0. 0. 0. 0. 0. 0. 0. 0. 0. 0. 0. 0. 0. 0. 0. 0. 0. 0. 0. 0.
    2.94600010e+00 1.96700001e+00 1.78499997e+00 1.76400006e+00
    1.76400006e+00 1.76400006e+00 1.77600002e+00 1.83500004e+00
    1.85500002e+00 1.85099995e+00 1.82200003e+00 1.79200006e+00
    1.76400006e+00 1.76400006e+00 1.76400006e+00 1.76400006e+00 0. 0. 0.
    0. 0. 0. 0. 0. 0. 0. 0. 0. 0. 0. 0. 0. 0. 0. 0. 0. 0. 0. 0. 0.
    2.94600010e+00 1.96700001e+00 1.78499997e+00 1.76400006e+00
    1.76400006e+00 1.77400005e+00 1.79499996e+00 1.84000003e+00
    1.85500002e+00 1.85099995e+00 1.82200003e+00 1.79200006e+00
    1.76400006e+00 1.76400006e+00 1.76400006e+00 1.76400006e+00 0. 0. 0.
    0. 0. 0. 0. 0. 0. 0. 0. 0. 0. 0. 0. 0. 0. 0. 0. 0. 0. 0. 0. 0.
    2.81800008e+00 1.94900000e+00 1.78699994e+00 1.76900005e+00
    1.76900005e+00 1.79100001e+00 1.82099998e+00 1.85099995e+00
    1.86099994e+00 1.85699999e+00 1.82700002e+00 1.79799998e+00
    1.76900005e+00 1.76600003e+00 1.76400006e+00 1.76400006e+00 0. 0. 0.
    0. 0. 0. 0. 0. 0. 0. 0. 0. 0. 0. 0. 0. 0. 0. 0. 0. 0. 0. 0.
    2.63299990e+00 2.12700009e+00 1.85300004e+00 1.80299997e+00
    1.79900002e+00 1.79900002e+00 1.82099998e+00 1.85099995e+00
    1.88100004e+00 1.89100003e+00 1.88699996e+00 1.85699999e+00
    1.82700002e+00 1.79799998e+00 1.77499998e+00 1.76400006e+00
    1.76400006e+00 0. 0. 0. 0. 0. 0. 0. 0. 0. 0. 0. 0. 0. 0. 0. 0. 0. 0.
    0. 0. 0. 0. 2.72799993e+00 2.22199988e+00 1.88900006e+00
    1.85300004e+00 1.83700001e+00 1.82799995e+00 1.82799995e+00
    1.84099996e+00 1.86099994e+00 1.89199996e+00 1.90199995e+00
    1.89999998e+00 1.88199997e+00 1.85699999e+00 1.82700002e+00
    1.79799998e+00 1.77699995e+00 1.76499999e+00 0. 0. 0. 0. 0. 0. 0. 0.
    0. 0. 0. 0. 0. 0. 0. 0. 0. 0. 0. 0. 0. 2.92100000e+00 2.01699996e+00
    1.92299998e+00 1.90499997e+00 1.90499997e+00 1.88100004e+00
    1.86000001e+00 1.85800004e+00 1.85800004e+00 1.86399996e+00
    1.89199996e+00 1.90199995e+00 1.90199995e+00 1.90199995e+00
    1.88399994e+00 1.85399997e+00 1.82599998e+00 1.71700001e+00
    1.52400005e+00 0. 0. 0. 0. 0. 0. 0. 0. 0. 0. 0. 0. 0. 0. 0. 0. 0. 0.
    0. 0. 0. 0. 2.02900004e+00 1.94200003e+00 1.93599999e+00
    1.93599999e+00 1.92900002e+00 1.91600001e+00 1.89400005e+00
    1.88800001e+00 1.88999999e+00 1.89900005e+00 1.90199995e+00
    1.90199995e+00 1.90199995e+00 1.88399994e+00 1.85500002e+00
    1.84599996e+00 0. 0. 0. 0. 0. 0. 0. 0. 0. 0. 0. 0. 0. 0. 0. 0. 0. 0.
    0. 0. 0. 0. 0. 2.73900008e+00 2.00500011e+00 1.95000005e+00
    1.95000005e+00 1.95000005e+00 1.95000005e+00 1.94400001e+00
    1.92400002e+00 1.91900003e+00 1.91700006e+00 1.90600002e+00
    1.90199995e+00 1.90300000e+00 1.91499996e+00 1.90100002e+00
    1.87199998e+00 1.87199998e+00 0. 0. 0. 0. 0. 0. 0. 0. 0. 0. 0. 0. 0.
    0. 0. 0. 0. 0. 0. 0. 2.90199995e+00 2. 2. 1.98500001e+00
    1.95299995e+00 1.95000005e+00 1.95000005e+00 1.95000005e+00
    1.95000005e+00 1.95000005e+00 1.95000005e+00 1.95000005e+00
    1.94299996e+00 1.91199994e+00 1.90199995e+00 1.90600002e+00
    1.93700004e+00 1.93200004e+00 1.90199995e+00 1.90199995e+00 0. 0. 0.
    0. 0. 0. 0. 0. 0. 0. 0. 0. 0. 0. 0. 0. 0. 0. 0. 0. 2.90199995e+00 2.
    2. 1.99500000e+00 1.98399997e+00 1.98300004e+00 1.98300004e+00
    1.98300004e+00 1.96500003e+00 1.95000005e+00 1.95000005e+00
    1.95000005e+00 1.94299996e+00 1.91199994e+00 1.90199995e+00
    1.90600002e+00 1.93700004e+00 1.93200004e+00 1.90199995e+00
    1.90199995e+00 0. 0. 0. 0. 0. 0. 0. 0. 0. 0. 0. 0. 0. 0. 0. 0. 0. 0.
    0. 0. 2.65799999e+00 2. 2. 2. 2. 2. 2. 2. 1.97300005e+00
    1.95000005e+00 1.95000005e+00 1.95000005e+00 1.94500005e+00
    1.92400002e+00 1.38000000e+00 0. 0. 0. 0. 0. 0. 0. 0. 0. 0. 0. 0. 0.
    0. 0. 0. 0. 0. 0. 0. 0. 0. 0. 0. 2.53500009e+00 2.13899994e+00 2. 2.
    2. 2. 2. 2. 2. 1.97300005e+00 1.95000005e+00 1.95000005e+00
    1.95000005e+00 1.95000005e+00 1.94799995e+00 0. 0. 0. 0. 0. 0. 0. 0.
    0. 0. 0. 0. 0. 0. 0. 0. 0. 0. 0. 0. 0. 0. 0. 2.98699999e+00
    2.55999994e+00 2.25799990e+00 2.08999991e+00 2.03099990e+00
    2.03099990e+00 2.03099990e+00 2.03099990e+00 2.01200008e+00 2. 2.
    1.97300005e+00 1.95000005e+00 1.95000005e+00 1.95000005e+00
    1.95000005e+00 1.95000005e+00 0. 0. 0. 0. 0. 0. 0. 0. 0. 0. 0. 0. 0.
    0. 0. 0. 0. 0. 0. 0. 0. 0. 0. 2.76399994e+00 2.10200000e+00
    2.10200000e+00 2.08800006e+00 2.06399989e+00 2.05500007e+00
    2.05100012e+00 2.05100012e+00 2.02800012e+00 2.01300001e+00
    2.01300001e+00 1.98500001e+00 1.96200001e+00 1.96200001e+00
    1.96200001e+00 1.82299995e+00 1.15900004e+00 0. 0. 0. 0. 0. 0. 0. 0.
    0. 0. 0. 0. 0. 0. 0. 0. 0. 0. 0. 0. 0. 0. 0. 2.76399994e+00
    2.10200000e+00 2.10200000e+00 2.09999990e+00 2.09599996e+00
    2.06699991e+00 2.05100012e+00 2.05100012e+00 2.04800010e+00
    2.04600000e+00 2.04600000e+00 2.01799989e+00 1.99500000e+00
    1.99500000e+00 1.99500000e+00 1.49199998e+00 0. 0. 0. 0. 0. 0. 0. 0.
    0. 0. 0. 0. 0. 0. 0. 0. 0. 0. 0. 0. 0. 0. 0. 2.80699992e+00
    2.46300006e+00 2.15700006e+00 2.11899996e+00 2.10200000e+00
    2.10200000e+00 2.06900001e+00 2.05100012e+00 2.05100012e+00
    2.05100012e+00 2.05100012e+00 2.05100012e+00 2.03800011e+00
    2.02200007e+00 2.00399995e+00 2. 1.75100005e+00 0. 0. 0. 0. 0. 0. 0.
    0. 0. 0. 0. 0. 0. 0. 0. 0. 0. 0. 0. 0. 0. 0. 2.95000005e+00
    2.41300011e+00 2.21600008e+00 2.20400000e+00 2.14000010e+00
    2.11199999e+00 2.11199999e+00 2.07900000e+00 2.06100011e+00
    2.06100011e+00 2.06100011e+00 2.05800009e+00 2.05200005e+00
    2.05100012e+00 2.04500008e+00 2.02500010e+00 2.01999998e+00
    2.03099990e+00 2.08400011e+00 0. 0. 0. 0. 0. 0. 0. 0. 0. 0. 0. 0. 0.
    0. 0. 0. 0. 0. 0. 0. 2.85100007e+00 2.40199995e+00 2.29500008e+00
    2.23699999e+00 2.20600009e+00 2.16499996e+00 2.14700007e+00
    2.14700007e+00 2.11199999e+00 2.09400010e+00 2.09400010e+00
    2.09400010e+00 2.08299994e+00 2.05500007e+00 2.05100012e+00
    2.05800009e+00 2.07999992e+00 2.08599997e+00 2.08800006e+00
    2.09800005e+00 0. 0. 0. 0. 0. 0. 0. 0. 0. 0. 0. 0. 0. 0. 0. 0. 0. 0.
    0. 2.81900001e+00 2.55800009e+00 2.26600003e+00 2.26600003e+00
    2.24300003e+00 2.20700002e+00 2.17199993e+00 2.15599990e+00
    2.15599990e+00 2.12100005e+00 2.10200000e+00 2.10200000e+00
    2.10200000e+00 2.09599996e+00 2.07900000e+00 2.07599998e+00
    2.08100009e+00 2.09800005e+00 2.10200000e+00 1.82099998e+00 0. 0. 0.
    0. 0. 0. 0. 0. 0. 0. 0. 0. 0. 0. 0. 0. 0. 0. 0. 0. 2.36700010e+00
    2.31900001e+00 2.26500010e+00 2.25999999e+00 2.23799992e+00
    2.20700002e+00 2.17199993e+00 2.15599990e+00 2.15599990e+00
    2.12100005e+00 2.10200000e+00 2.10200000e+00 2.10200000e+00
    2.10200000e+00 2.10200000e+00 2.10200000e+00 2.10299993e+00
    2.10800004e+00 1.82500005e+00 1.02900004e+00 0. 0. 0. 0. 0. 0. 0. 0.
    0. 0. 0. 0. 0. 0. 0. 0. 0. 0. 0. 0. 2.29099989e+00 2.27900004e+00
    2.26099992e+00 2.23200011e+00 2.21700001e+00 2.20700002e+00
    2.17199993e+00 2.15599990e+00 2.15599990e+00 2.12100005e+00
