<?xml version="1.0"?>
<opencv_storage>
<Depth type_id="opencv-matrix">
  <rows>40</rows>
  <cols>40</cols>
  <dt>f</dt>
  <data>
    0. 0. 0. 0. 0. 0. 0. 0. 0. 0. 0. 0. 0. 0. 0. 0. 0. 0. 0. 0. 0. 0. 0.
    0. 0. 0. 0. 0. 0. 0. 0. 0. 0. 0. 0. 0. 0. 0. 0. 0. 0. 0. 0. 0. 0. 0.
    0. 0. 0. 0. 0. 0. 0. 0. 0. 0. 0. 0. 0. 0. 0. 0. 0. 0. 0. 0. 0. 0. 0.
    0. 0. 0. 0. 0. 0. 0. 0. 0. 0. 0. 0. 0. 0. 0. 0. 0. 0. 0. 0. 0. 0. 0.
    0. 0. 0. 0. 0. 0. 0. 0. 0. 0. 0. 0. 0. 0. 0. 0. 0. 0. 0. 0. 0. 0. 0.
    0. 0. 0. 0. 0. 0. 0. 0. 0. 0. 0. 0. 0. 0. 0. 0. 0. 0. 0. 0. 0. 0. 0.
    0. 0. 0. 0. 0. 0. 0. 0. 0. 0. 0. 0. 0. 0. 0. 0. 0. 0. 0. 0. 0. 0. 0.
    0. 0. 0. 0. 0. 0. 0. 0. 0. 0. 0. 0. 0. 0. 0. 0. 0. 0. 0. 0. 0. 0. 0.
    0. 0. 0. 0. 0. 0. 0. 0. 0. 0. 0. 0. 0. 0. 0. 0. 0. 0. 0. 0. 0. 0. 0.
    0. 0. 0. 0. 0. 0. 0. 0. 0. 0. 0. 0. 0. 0. 0. 0. 0. 0. 0. 0. 0. 0. 0.
    0. 0. 0. 0. 0. 0. 0. 0. 0. 0. 0. 0. 0. 0. 0. 0. 0. 0. 0. 0. 0. 0. 0.
    0. 0. 0. 0. 0. 0. 0. 0. 0. 0. 0. 0. 0. 0. 0. 0. 0. 0. 0. 0. 0. 0. 0.
    0. 0. 0. 0. 0. 0. 0. 0. 0. 0. 0. 0. 0. 0. 0. 0. 0. 0. 0. 0. 0. 0. 0.
    0. 0. 0. 0. 0. 0. 0. 0. 0. 0. 0. 0. 0. 0. 0. 0. 0. 0. 0. 0. 0. 0. 0.
    0. 0. 0. 0. 0. 0. 0. 0. 0. 0. 0. 0. 0. 0. 0. 0. 0. 0. 0. 0. 0. 0. 0.
    0. 0. 0. 0. 0. 0. 0. 0. 0. 0. 0. 0. 0. 0. 0. 0. 0. 0. 0. 0. 0. 0. 0.
    0. 0. 0. 0. 0. 0. 0. 0. 0. 0. 0. 0. 0. 0. 0. 0. 0. 0. 0. 0. 0. 0. 0.
    0. 0. 0. 0. 0. 0. 0. 0. 0. 0. 0. 0. 0. 0. 0. 0. 0. 0. 0. 0. 0. 0. 0.
    0. 0. 0. 0. 0. 0. 0. 0. 0. 0. 0. 0. 0. 0. 0. 0. 0. 0. 0. 0. 0. 0. 0.
    0. 0. 0. 0. 0. 0. 0. 0. 1.88499999e+00 1.90600002e+00 1.90799999e+00
    1.96099997e+00 1.97599995e+00 1.99199998e+00 2. 2. 2.01099992e+00 0.
    0. 0. 1.95299995e+00 1.49100006e+00 0. 0. 0. 0. 0. 0. 0. 0. 0. 0. 0.
    0. 0. 1.12199998e+00 1.12199998e+00 0. 0. 0. 0. 0. 0. 0. 0. 0. 0. 0.
    1.88499999e+00 1.90600002e+00 1.90799999e+00 1.94500005e+00
    1.98599994e+00 2.01399994e+00 2.02200007e+00 2.02200007e+00
    2.02300000e+00 1.92299998e+00 1.77900004e+00 1.82900000e+00
    1.95299995e+00 1.91700006e+00 1.73500001e+00 1.73599994e+00
    1.77800000e+00 1.77900004e+00 1.77900004e+00 1.79700005e+00 0. 0. 0.
    0. 0. 0. 1.00399995e+00 1.12500000e+00 1.13300002e+00 0. 0. 0. 0. 0.
    0. 0. 0. 0. 0. 0. 1.88499999e+00 1.90600002e+00 1.92400002e+00
    1.94700003e+00 1.98699999e+00 2.01600003e+00 2.02399993e+00
    2.02399993e+00 2.03399992e+00 2.04699993e+00 2.04900002e+00
    2.03299999e+00 1.98800004e+00 1.97399998e+00 1.98000002e+00
    1.98199999e+00 2.02699995e+00 2.04699993e+00 2.04900002e+00
    2.06900001e+00 0. 0. 0. 0. 0. 0. 1.12199998e+00 1.12600005e+00
    1.13399994e+00 0. 0. 0. 0. 0. 0. 0. 0. 0. 0. 0. 1.88499999e+00
    1.90600002e+00 1.92700005e+00 1.94799995e+00 1.97300005e+00
    1.98500001e+00 1.98599994e+00 1.99600005e+00 2.01699996e+00
    2.02900004e+00 2.02300000e+00 2.00200009e+00 1.98000002e+00
    1.97599995e+00 1.97599995e+00 1.97800004e+00 2.02300000e+00
    2.04699993e+00 2.04900002e+00 2.06900001e+00 1.63900006e+00
    1.45200002e+00 1.43799996e+00 1.42799997e+00 1.41900003e+00
    1.29400003e+00 1.12199998e+00 1.12600005e+00 1.13399994e+00 0. 0. 0.
    0. 0. 0. 0. 0. 0. 0. 0. 1.88499999e+00 1.90600002e+00 1.92700005e+00
    1.93499994e+00 1.95299995e+00 1.94799995e+00 1.94299996e+00
    1.97300005e+00 2.01099992e+00 2.02399993e+00 2.01600003e+00
    1.99300003e+00 1.97599995e+00 1.97599995e+00 1.97599995e+00
    1.97800004e+00 2.02300000e+00 2.04699993e+00 2.04900002e+00
    2.06900001e+00 2.07100010e+00 2.06100011e+00 2.05599999e+00
    2.05200005e+00 2.04900002e+00 1.67299998e+00 1.15600002e+00
    1.15199995e+00 1.14300001e+00 0. 0. 0. 0. 0. 0. 0. 0. 0. 0. 0.
    1.88499999e+00 1.90600002e+00 1.92700005e+00 1.92999995e+00
    1.93599999e+00 1.93299997e+00 1.92999995e+00 1.95899999e+00
    1.98800004e+00 1.99199998e+00 1.98899996e+00 1.98199999e+00
    1.97599995e+00 1.97599995e+00 1.97599995e+00 1.97800004e+00
    2.02300000e+00 2.04699993e+00 2.04900002e+00 2.05599999e+00
    2.05100012e+00 2.04900002e+00 2.04900002e+00 2.04900002e+00
    2.04900002e+00 1.92299998e+00 1.54100001e+00 1.16400003e+00
    1.15300000e+00 0. 0. 0. 0. 0. 0. 0. 0. 0. 0. 0. 1.88499999e+00
    1.90600002e+00 1.92700005e+00 1.92999995e+00 1.92999995e+00
    1.92999995e+00 1.92999995e+00 1.94700003e+00 1.96899998e+00
    1.97599995e+00 1.97599995e+00 1.97599995e+00 1.97599995e+00
    1.97800004e+00 1.99000001e+00 1.99199998e+00 2.02300000e+00
    2.03299999e+00 2.03399992e+00 2.04600000e+00 2.04900002e+00
    2.04900002e+00 2.04900002e+00 2.04900002e+00 2.04900002e+00
    2.04900002e+00 1.73500001e+00 1.17499995e+00 1.17100000e+00 0. 0. 0.
    0. 0. 0. 0. 0. 0. 0. 0. 1.89699996e+00 1.90699995e+00 1.91700006e+00
    1.92700005e+00 1.92999995e+00 1.92999995e+00 1.92999995e+00
    1.94200003e+00 1.96399999e+00 1.98099995e+00 1.98899996e+00
    1.98899996e+00 1.98899996e+00 1.99100006e+00 2. 2.00099993e+00
    2.02300000e+00 2.02399993e+00 2.02399993e+00 2.03299999e+00
    2.03600001e+00 2.04500008e+00 2.05699992e+00 2.06200004e+00
    2.06200004e+00 2.06800008e+00 1.94099998e+00 1.70099998e+00
    1.70099998e+00 0. 0. 0. 0. 0. 0. 0. 0. 0. 0. 0. 1.90799999e+00
    1.90799999e+00 1.90799999e+00 1.91700006e+00 1.92700005e+00
    1.92999995e+00 1.92999995e+00 1.93599999e+00 1.95799994e+00
    1.98099995e+00 1.99300003e+00 1.99699998e+00 1.98899996e+00
    1.99000001e+00 2. 2.00099993e+00 2.02300000e+00 2.02399993e+00
    2.02399993e+00 2.02399993e+00 2.02399993e+00 2.04099989e+00
    2.06399989e+00 2.07999992e+00 2.09200001e+00 2.10400009e+00
    2.12100005e+00 2.13899994e+00 2.13899994e+00 0. 0. 0. 0. 0. 0. 0. 0.
    0. 0. 0. 1.90799999e+00 1.90799999e+00 1.90799999e+00 1.90799999e+00
    1.92400002e+00 1.92400002e+00 1.92100000e+00 1.92100000e+00
    1.93400002e+00 1.95200002e+00 1.96899998e+00 1.98599994e+00
    1.97599995e+00 1.98000002e+00 2. 2.00099993e+00 2.02300000e+00
    2.02399993e+00 2.02399993e+00 2.02399993e+00 2.02399993e+00
    2.04099989e+00 2.06399989e+00 2.08800006e+00 2.10599995e+00
    2.11400008e+00 2.11800003e+00 2.12500000e+00 2.12500000e+00 0. 0. 0.
    0. 0. 0. 0. 0. 0. 0. 0. 1.91600001e+00 1.91600001e+00 1.91600001e+00
    1.91600001e+00 1.93200004e+00 1.91799998e+00 1.90799999e+00
    1.90799999e+00 1.90799999e+00 1.91700006e+00 1.94599998e+00
    1.97599995e+00 1.97800004e+00 1.98800004e+00 2.00799990e+00
    2.00900006e+00 2.03200006e+00 2.02500010e+00 2.02399993e+00
    2.03099990e+00 2.03299999e+00 2.04399991e+00 2.06399989e+00
    2.08800006e+00 2.09899998e+00 2.09899998e+00 2.10500002e+00
    2.11299992e+00 2.10700011e+00 0. 0. 0. 0. 0. 0. 0. 0. 0. 0. 0.
    1.93700004e+00 1.93700004e+00 1.94200003e+00 1.93799996e+00
    1.94799995e+00 1.92799997e+00 1.91400003e+00 1.91799998e+00
    1.92100000e+00 1.92999995e+00 1.95500004e+00 1.97599995e+00
    1.98000002e+00 1.99699998e+00 2.01799989e+00 2.02500010e+00
    2.04800010e+00 2.03299999e+00 2.03099990e+00 2.04500008e+00
    2.04900002e+00 2.05399990e+00 2.06699991e+00 2.08800006e+00
    2.09899998e+00 2.09899998e+00 2.09899998e+00 2.09200001e+00
    2.07399988e+00 0. 0. 0. 0. 0. 0. 0. 0. 0. 0. 0. 1.96399999e+00
    1.96399999e+00 1.97399998e+00 1.95799994e+00 1.95299995e+00
    1.94099998e+00 1.94200003e+00 1.96099997e+00 1.97700000e+00
    1.98099995e+00 1.98000002e+00 1.97599995e+00 1.97599995e+00
    1.98000002e+00 2.00200009e+00 2.02500010e+00 2.04800010e+00
    2.04900002e+00 2.04399991e+00 2.04299998e+00 2.04699993e+00
    2.06599998e+00 2.07399988e+00 2.08800006e+00 2.09899998e+00
    2.09899998e+00 2.09899998e+00 2.09200001e+00 2.07399988e+00 0. 0. 0.
    0. 0. 0. 0. 0. 0. 0. 0. 1.99600005e+00 1.99600005e+00 1.98199999e+00
    1.96500003e+00 1.96099997e+00 1.96099997e+00 1.98399997e+00
    2.02600002e+00 2.05900002e+00 2.04099989e+00 1.99199998e+00
    1.97599995e+00 1.97700000e+00 1.98300004e+00 2.00200009e+00
    2.02500010e+00 2.04399991e+00 2.04900002e+00 2.02800012e+00
    2.02099991e+00 2.03500009e+00 2.06299996e+00 2.07399988e+00
