<?xml version="1.0"?>
<opencv_storage>
<Depth type_id="opencv-matrix">
  <rows>40</rows>
  <cols>40</cols>
  <dt>f</dt>
  <data>
    0. 0. 0. 0. 0. 0. 0. 0. 0. 0. 0. 0. 0. 0. 0. 0. 0. 0. 0. 0. 0. 0. 0.
    0. 0. 0. 0. 0. 0. 0. 0. 0. 0. 0. 0. 0. 0. 0. 0. 0. 0. 0. 0. 0. 0. 0.
    0. 0. 0. 0. 0. 0. 0. 0. 0. 0. 0. 0. 0. 0. 0. 0. 0. 0. 0. 0. 0. 0. 0.
    0. 0. 0. 0. 0. 0. 0. 0. 0. 0. 0. 0. 0. 0. 0. 0. 0. 0. 0. 0. 0. 0. 0.
    0. 0. 0. 0. 0. 0. 0. 0. 0. 0. 0. 0. 0. 0. 0. 0. 0. 0. 0. 0. 0. 0. 0.
    0. 0. 0. 0. 0. 0. 0. 0. 0. 0. 0. 0. 0. 0. 0. 0. 0. 0. 0. 0. 0. 0. 0.
    0. 0. 0. 0. 0. 0. 0. 0. 0. 0. 0. 0. 0. 0. 0. 0. 0. 0. 0. 0. 0. 0. 0.
    0. 0. 0. 0. 0. 0. 0. 0. 0. 0. 0. 0. 0. 0. 0. 0. 0. 0. 0. 0. 0. 0. 0.
    0. 0. 0. 0. 0. 0. 0. 0. 0. 0. 0. 0. 0. 0. 0. 0. 0. 0. 0. 0. 0. 0. 0.
    0. 0. 0. 0. 0. 0. 0. 0. 0. 0. 0. 0. 0. 0. 0. 0. 0. 0. 0. 0. 0. 0. 0.
    0. 0. 0. 0. 0. 0. 0. 0. 0. 0. 0. 0. 0. 0. 0. 0. 0. 0. 0. 0. 0. 0. 0.
    0. 0. 0. 0. 0. 0. 0. 0. 0. 0. 0. 0. 0. 0. 0. 0. 0. 0. 0. 0. 0. 0. 0.
    0. 0. 0. 0. 0. 0. 0. 0. 0. 0. 0. 0. 0. 0. 0. 0. 0. 0. 0. 0. 0. 0. 0.
    0. 0. 0. 0. 0. 0. 0. 0. 0. 0. 0. 0. 0. 0. 0. 0. 0. 0. 0. 0. 0. 0. 0.
    0. 0. 0. 0. 0. 0. 0. 0. 0. 0. 0. 0. 0. 0. 0. 0. 0. 0. 0. 0. 0. 0. 0.
    0. 0. 0. 0. 0. 0. 0. 0. 0. 0. 0. 0. 0. 0. 0. 0. 0. 0. 0. 0. 0. 0. 0.
    0. 0. 0. 0. 0. 0. 0. 0. 0. 0. 0. 0. 0. 0. 0. 0. 0. 0. 0. 0. 0. 0. 0.
    0. 0. 0. 0. 0. 0. 0. 0. 0. 0. 0. 0. 0. 0. 0. 0. 0. 0. 0. 0. 0. 0. 0.
    0. 0. 0. 0. 0. 0. 0. 0. 0. 0. 0. 0. 0. 0. 0. 0. 0. 0. 0. 0. 0. 0. 0.
    0. 0. 0. 0. 0. 0. 0. 0. 0. 0. 0. 0. 0. 0. 0. 0. 0. 0. 0. 0. 0. 0. 0.
    0. 0. 0. 0. 0. 0. 0. 0. 0. 0. 0. 0. 0. 0. 0. 0. 0. 0. 0. 0. 0. 0.
    2.76300001e+00 2.26399994e+00 2. 2. 2.01999998e+00 2.06299996e+00
    2.12800002e+00 2.21799994e+00 2.28800011e+00 2.33500004e+00
    2.35999990e+00 2.35999990e+00 2.47900009e+00 2.74099994e+00
    2.88499999e+00 2.88499999e+00 2.72700000e+00 2.37199998e+00
    2.15499997e+00 2.11100006e+00 2.08599997e+00 2.08599997e+00
    2.08599997e+00 2.08599997e+00 2.08599997e+00 2.08599997e+00
    2.08599997e+00 2.08599997e+00 2.08599997e+00 2.08599997e+00
    2.08599997e+00 2.08599997e+00 2.06800008e+00 2.02500010e+00
    1.98300004e+00 1.94099998e+00 1.89999998e+00 1.86000001e+00
    2.75200009e+00 2.75200009e+00 2.56900001e+00 2.18300009e+00
    1.97899997e+00 1.97899997e+00 1.99899995e+00 2.04200006e+00
    2.09599996e+00 2.16300011e+00 2.22099996e+00 2.26699996e+00
    2.29200006e+00 2.29200006e+00 2.38100004e+00 2.57800007e+00
    2.68199992e+00 2.67100000e+00 2.54600000e+00 2.27900004e+00
    2.11599994e+00 2.08299994e+00 2.06500006e+00 2.06500006e+00
    2.06500006e+00 2.06500006e+00 2.06500006e+00 2.06500006e+00
    2.06500006e+00 2.06500006e+00 2.06500006e+00 2.06500006e+00
    2.05999994e+00 2.04999995e+00 2.03099990e+00 1.99800003e+00
    1.96700001e+00 1.93499994e+00 1.89999998e+00 1.86000001e+00
    2.25300002e+00 2.25300002e+00 2.17799997e+00 2.02099991e+00
    1.93799996e+00 1.93799996e+00 1.95799994e+00 1.99899995e+00
    2.03200006e+00 2.05500007e+00 2.08699989e+00 2.13100004e+00
    2.15499997e+00 2.15499997e+00 2.18499994e+00 2.25099993e+00
    2.27300000e+00 2.24099994e+00 2.18300009e+00 2.09400010e+00
    2.03900003e+00 2.02800012e+00 2.02200007e+00 2.02200007e+00
    2.02200007e+00 2.02200007e+00 2.02200007e+00 2.02200007e+00
    2.02200007e+00 2.02200007e+00 2.02200007e+00 2.02200007e+00
    2.00900006e+00 1.97800004e+00 1.95500004e+00 1.94400001e+00
    1.93400002e+00 1.92299998e+00 1.89999998e+00 1.86000001e+00
    1.99500000e+00 1.98500001e+00 1.96500003e+00 1.93299997e+00
    1.91700006e+00 1.91700006e+00 1.93599999e+00 1.97800004e+00 2. 2.
    2.01500010e+00 2.04699993e+00 2.06500006e+00 2.06500006e+00
    2.06999993e+00 2.07999992e+00 2.06699991e+00 2.02399993e+00 2. 2. 2.
    2. 2. 2. 1.99600005e+00 1.98500001e+00 1.98000002e+00 1.98000002e+00
    1.98000002e+00 1.98000002e+00 1.98000002e+00 1.98000002e+00
    1.96599996e+00 1.93499994e+00 1.91700006e+00 1.91700006e+00
    1.91299999e+00 1.90300000e+00 1.88499999e+00 1.85399997e+00
    1.98500001e+00 1.95400000e+00 1.93299997e+00 1.92299998e+00
    1.91700006e+00 1.91700006e+00 1.93599999e+00 1.97800004e+00 2. 2.
    2.00500011e+00 2.01600003e+00 2.02200007e+00 2.02200007e+00
    2.03600001e+00 2.06800008e+00 2.06699991e+00 2.02399993e+00 2. 2. 2.
    2. 2. 2. 1.98699999e+00 1.95599997e+00 1.93799996e+00 1.93799996e+00
    1.93799996e+00 1.93799996e+00 1.93799996e+00 1.93799996e+00
    1.93400002e+00 1.92299998e+00 1.91700006e+00 1.91700006e+00
    1.90499997e+00 1.87399995e+00 1.85200000e+00 1.84200001e+00
    1.98000002e+00 1.93900001e+00 1.91700006e+00 1.91700006e+00
    1.91700006e+00 1.91700006e+00 1.93200004e+00 1.96300006e+00
    1.98000002e+00 1.98000002e+00 1.98000002e+00 1.98000002e+00
    1.98000002e+00 1.98000002e+00 2.00399995e+00 2.05699992e+00
    2.06699991e+00 2.02399993e+00 2. 2. 2. 2. 2. 2. 1.98199999e+00
    1.94099998e+00 1.91700006e+00 1.91700006e+00 1.91700006e+00
    1.91700006e+00 1.91700006e+00 1.91700006e+00 1.91700006e+00
    1.91700006e+00 1.91700006e+00 1.91700006e+00 1.89999998e+00
    1.86000001e+00 1.83599997e+00 1.83599997e+00 1.98000002e+00
    1.93900001e+00 1.91700006e+00 1.91700006e+00 1.91700006e+00
    1.91700006e+00 1.92200005e+00 1.93299997e+00 1.93799996e+00
    1.93799996e+00 1.93799996e+00 1.93799996e+00 1.93799996e+00
    1.93799996e+00 1.97200000e+00 2.04500008e+00 2.06699991e+00
    2.02399993e+00 2. 2. 2. 2. 2. 2. 1.98199999e+00 1.94099998e+00
    1.91700006e+00 1.91700006e+00 1.91700006e+00 1.91700006e+00
    1.91700006e+00 1.91700006e+00 1.91700006e+00 1.91700006e+00
    1.91700006e+00 1.91700006e+00 1.89999998e+00 1.86000001e+00
    1.83599997e+00 1.83599997e+00 1.98000002e+00 1.93900001e+00
    1.91700006e+00 1.91700006e+00 1.91700006e+00 1.91700006e+00
    1.91700006e+00 1.91700006e+00 1.91700006e+00 1.91700006e+00
    1.91700006e+00 1.91700006e+00 1.91700006e+00 1.91700006e+00
    1.95099998e+00 2.02399993e+00 2.04999995e+00 2.01799989e+00 2. 2.
    1.99600005e+00 1.98500001e+00 1.98000002e+00 1.98000002e+00
    1.96200001e+00 1.92100000e+00 1.89699996e+00 1.89699996e+00
    1.89699996e+00 1.89699996e+00 1.89699996e+00 1.89699996e+00
    1.89699996e+00 1.89699996e+00 1.90100002e+00 1.91100001e+00
    1.90400004e+00 1.87399995e+00 1.85200000e+00 1.84200001e+00
    1.98000002e+00 1.93900001e+00 1.91700006e+00 1.91700006e+00
    1.91700006e+00 1.91700006e+00 1.91700006e+00 1.91700006e+00
    1.91700006e+00 1.91700006e+00 1.91700006e+00 1.91700006e+00
    1.91700006e+00 1.91700006e+00 1.94099998e+00 1.99300003e+00
    2.01699996e+00 2.00600004e+00 2. 2. 1.98599994e+00 1.95599997e+00
    1.93799996e+00 1.93799996e+00 1.92100000e+00 1.88000000e+00
    1.85699999e+00 1.85699999e+00 1.85699999e+00 1.85699999e+00
    1.85699999e+00 1.85699999e+00 1.85699999e+00 1.85699999e+00
    1.86899996e+00 1.89900005e+00 1.91299999e+00 1.90199995e+00
    1.88399994e+00 1.85399997e+00 1.96500003e+00 1.93299997e+00
    1.91700006e+00 1.91700006e+00 1.91700006e+00 1.91700006e+00
    1.91700006e+00 1.91700006e+00 1.91700006e+00 1.91700006e+00
    1.91700006e+00 1.91700006e+00 1.91700006e+00 1.91700006e+00
    1.93599999e+00 1.97700000e+00 2. 2. 2. 2. 1.98199999e+00
    1.94000006e+00 1.91299999e+00 1.90300000e+00 1.88000000e+00
    1.84000003e+00 1.81700003e+00 1.81700003e+00 1.82099998e+00
    1.83099997e+00 1.83599997e+00 1.83599997e+00 1.83599997e+00
    1.83599997e+00 1.85300004e+00 1.89300001e+00 1.91700006e+00
    1.91700006e+00 1.89999998e+00 1.86000001e+00 1.93299997e+00
    1.92299998e+00 1.91700006e+00 1.91700006e+00 1.91700006e+00
    1.91700006e+00 1.91700006e+00 1.91700006e+00 1.91700006e+00
    1.91700006e+00 1.91700006e+00 1.91700006e+00 1.91700006e+00
    1.91700006e+00 1.93599999e+00 1.97700000e+00 2. 2. 2. 2.
    1.98199999e+00 1.94000006e+00 1.90400004e+00 1.87399995e+00
    1.84000003e+00 1.80100000e+00 1.77800000e+00 1.77800000e+00
    1.79100001e+00 1.81900001e+00 1.83599997e+00 1.83599997e+00
