<?xml version="1.0"?>
<opencv_storage>
<Depth type_id="opencv-matrix">
  <rows>40</rows>
  <cols>40</cols>
  <dt>f</dt>
  <data>
    0. 0. 0. 0. 0. 0. 0. 0. 0. 0. 0. 0. 0. 0. 0. 0. 0. 0. 0. 0. 0. 0. 0.
    0. 0. 0. 0. 0. 0. 0. 0. 0. 0. 0. 0. 0. 0. 0. 0. 0. 0. 0. 0. 0. 0. 0.
    0. 0. 0. 0. 0. 0. 0. 0. 0. 0. 0. 0. 0. 0. 0. 0. 0. 0. 0. 0. 0. 0. 0.
    0. 0. 0. 0. 0. 0. 0. 0. 0. 0. 0. 0. 0. 0. 0. 0. 0. 0. 0. 0. 0. 0. 0.
    0. 0. 0. 0. 0. 0. 0. 0. 0. 0. 0. 0. 0. 0. 0. 0. 0. 0. 0. 0. 0. 0. 0.
    0. 0. 0. 0. 0. 0. 0. 0. 0. 0. 0. 0. 0. 0. 0. 0. 0. 0. 0. 0. 0. 0. 0.
    0. 0. 0. 0. 0. 0. 0. 0. 0. 0. 0. 0. 0. 0. 0. 0. 0. 0. 0. 0. 0. 0. 0.
    0. 0. 0. 0. 0. 0. 0. 0. 0. 0. 0. 0. 0. 0. 0. 0. 0. 0. 0. 0. 0. 0. 0.
    0. 0. 0. 0. 0. 0. 0. 0. 0. 0. 0. 0. 0. 0. 0. 0. 0. 0. 0. 0. 0. 0. 0.
    0. 0. 0. 0. 0. 0. 0. 0. 0. 0. 0. 0. 0. 0. 0. 0. 0. 0. 0. 0. 0. 0. 0.
    0. 0. 0. 0. 0. 0. 0. 0. 0. 0. 0. 0. 0. 0. 0. 0. 0. 0. 0. 0. 0. 0. 0.
    0. 0. 0. 0. 0. 0. 0. 0. 0. 0. 0. 0. 0. 0. 0. 0. 0. 0. 0. 0. 0. 0. 0.
    0. 0. 0. 0. 0. 0. 0. 0. 0. 0. 0. 0. 0. 0. 0. 0. 0. 0. 0. 0. 0. 0. 0.
    0. 0. 0. 0. 0. 0. 0. 0. 0. 0. 0. 0. 0. 0. 0. 0. 0. 0. 0. 0. 0. 0. 0.
    0. 0. 0. 0. 0. 0. 0. 0. 0. 0. 0. 0. 0. 0. 0. 0. 0. 0. 0. 0. 0. 0. 0.
    0. 0. 0. 0. 0. 0. 0. 0. 0. 0. 0. 0. 0. 0. 0. 0. 0. 0. 0. 0. 0. 0. 0.
    0. 0. 0. 0. 0. 0. 0. 0. 0. 0. 0. 0. 0. 0. 0. 0. 0. 0. 0. 0. 0. 0. 0.
    0. 0. 0. 0. 0. 0. 0. 0. 0. 0. 0. 0. 0. 0. 0. 0. 0. 0. 0. 0. 0. 0. 0.
    0. 0. 0. 0. 0. 0. 0. 0. 0. 0. 0. 0. 0. 0. 0. 0. 0. 0. 0. 0. 0. 0. 0.
    0. 0. 0. 0. 0. 0. 0. 2.99799991e+00 2.05900002e+00 2.05900002e+00
    2.03500009e+00 2. 1.96500003e+00 1.94200003e+00 1.94200003e+00
    1.94200003e+00 1.94200003e+00 1.94200003e+00 1.95400000e+00
    1.98899996e+00 2. 2. 2. 2.01300001e+00 2.04800010e+00 2.88899994e+00
    0. 0. 0. 0. 0. 0. 0. 0. 0. 0. 0. 0. 0. 0. 0. 0. 0. 0. 0. 0. 0.
    2.62100005e+00 2.05399990e+00 2.03999996e+00 2.02099991e+00 2.
    1.97899997e+00 1.96500003e+00 1.96500003e+00 1.96500003e+00
    1.96500003e+00 1.96500003e+00 1.97300005e+00 1.99399996e+00 2. 2. 2.
    2.00799990e+00 2.02900004e+00 2.53200006e+00 0. 0. 0. 0. 0. 0. 0. 0.
    0. 0. 0. 0. 0. 0. 0. 0. 0. 0. 0. 0. 2.05900002e+00 2.05900002e+00
    2.04699993e+00 2.01099992e+00 2. 2. 2. 2. 2. 2. 2. 2. 2. 2. 2. 2. 2.
    2. 2. 2. 1.99899995e+00 1.96399999e+00 1.94200003e+00 1.94200003e+00
    1.94200003e+00 1.94200003e+00 1.94200003e+00 2.47600007e+00 0. 0.
    2.24399996e+00 2.24399996e+00 2.65899992e+00 0. 0. 0. 0. 0. 0. 0.
    2.05900002e+00 2.05900002e+00 2.04699993e+00 2.01099992e+00 2. 2. 2.
    2. 2. 2. 2. 2. 2. 2. 2. 2. 2. 2. 2. 2. 1.99899995e+00 1.96399999e+00
    1.94200003e+00 1.94200003e+00 1.94200003e+00 1.94200003e+00
    1.94200003e+00 2.16199994e+00 2.74300003e+00 2.55999994e+00
    2.09699988e+00 2.09699988e+00 2.26200008e+00 2.68899989e+00 0. 0. 0.
    0. 0. 0. 2.05900002e+00 2.05900002e+00 2.04699993e+00 2.01099992e+00
    2. 2. 2. 2. 2. 2. 2. 2. 2. 2. 2. 2. 2. 2. 2. 2. 1.99899995e+00
    1.96399999e+00 1.94200003e+00 1.94200003e+00 1.94200003e+00
    1.94200003e+00 1.94200003e+00 1.95299995e+00 1.98000002e+00
    1.98800004e+00 1.98800004e+00 1.98800004e+00 1.98800004e+00
    1.98800004e+00 2.77999997e+00 0. 0. 0. 2.51600003e+00 2.33299994e+00
    2.05900002e+00 2.05900002e+00 2.04699993e+00 2.01099992e+00 2. 2. 2.
    2. 2. 2. 2. 2. 2. 2. 2. 2. 2. 2. 2. 2. 1.99899995e+00 1.96399999e+00
    1.94200003e+00 1.94200003e+00 1.94200003e+00 1.94200003e+00
    1.94200003e+00 1.94500005e+00 1.95099998e+00 1.95299995e+00
    1.95299995e+00 1.95299995e+00 1.95299995e+00 1.95299995e+00
    2.14700007e+00 2.39899993e+00 0. 0. 2.09500003e+00 2.07999992e+00
    2.05900002e+00 2.05900002e+00 2.05200005e+00 2.03099990e+00
    2.01399994e+00 2. 2. 2. 2. 2. 2. 2. 2. 2. 2. 2. 2. 2. 2.
    1.99000001e+00 1.97599995e+00 1.95500004e+00 1.94200003e+00
    1.94200003e+00 1.93200004e+00 1.91900003e+00 1.91900003e+00
    1.92400002e+00 1.93799996e+00 1.94200003e+00 1.94200003e+00
    1.94200003e+00 1.94200003e+00 1.94200003e+00 1.94200003e+00
    1.94200003e+00 0. 0. 2.05900002e+00 2.05900002e+00 2.05900002e+00
    2.05900002e+00 2.05900002e+00 2.05900002e+00 2.03500009e+00 2. 2. 2.
    2. 2. 2. 2. 2. 2. 2. 2. 2. 2. 2. 1.97599995e+00 1.94200003e+00
    1.94200003e+00 1.94200003e+00 1.94200003e+00 1.91799998e+00
    1.88600004e+00 1.88600004e+00 1.89900005e+00 1.93200004e+00
    1.94200003e+00 1.94200003e+00 1.94200003e+00 1.94200003e+00
    1.94200003e+00 1.94200003e+00 1.94200003e+00 0. 0. 2.05900002e+00
    2.05900002e+00 2.05900002e+00 2.03699994e+00 2.02300000e+00
    2.02300000e+00 2.02800012e+00 2.03600001e+00 2.01399994e+00 2. 2. 2.
    2. 2. 2. 2. 2. 2. 2. 2. 2. 1.97599995e+00 1.94099998e+00
    1.92100000e+00 1.90799999e+00 1.90799999e+00 1.89900005e+00
    1.88600004e+00 1.88600004e+00 1.89900005e+00 1.93200004e+00
    1.94200003e+00 1.94200003e+00 1.94200003e+00 1.94200003e+00
    1.94200003e+00 1.94200003e+00 1.94200003e+00 0. 0. 2.07200003e+00
    2.07200003e+00 2.07100010e+00 2.02800012e+00 2. 2. 2.01900005e+00
    2.04600000e+00 2.01799989e+00 2. 2. 2. 2. 2. 2. 2. 2. 2. 2. 2. 2.
    1.97599995e+00 1.94099998e+00 1.90699995e+00 1.88600004e+00
    1.88600004e+00 1.89100003e+00 1.89800000e+00 1.89800000e+00
    1.90799999e+00 1.93400002e+00 1.94200003e+00 1.94200003e+00
    1.94200003e+00 1.94200003e+00 1.94200003e+00 1.94700003e+00
    1.95400000e+00 0. 0. 2.10800004e+00 2.10800004e+00 2.10700011e+00
    2.04299998e+00 2. 2. 2.00500011e+00 2.01099992e+00 2.00399995e+00 2.
    2. 2. 2. 2. 2. 2. 2. 2. 2. 2. 2. 1.97599995e+00 1.94099998e+00
    1.90699995e+00 1.88600004e+00 1.88600004e+00 1.90499997e+00
    1.93099999e+00 1.93099999e+00 1.93400002e+00 1.94000006e+00
    1.94200003e+00 1.94200003e+00 1.94200003e+00 1.94200003e+00
    1.94200003e+00 1.96200001e+00 1.98899996e+00 0. 0. 2.14499998e+00
    2.13400006e+00 2.11899996e+00 2.04699993e+00 2. 2. 2. 2. 2. 2. 2. 2.
    2. 1.98500001e+00 1.97599995e+00 1.97599995e+00 1.97599995e+00
    1.97599995e+00 1.97599995e+00 1.97599995e+00 1.97599995e+00
    1.96200001e+00 1.94099998e+00 1.92100000e+00 1.90900004e+00
    1.90900004e+00 1.92299998e+00 1.94200003e+00 1.94200003e+00
    1.94200003e+00 1.94200003e+00 1.94200003e+00 1.94200003e+00
    1.94200003e+00 1.94200003e+00 1.94200003e+00 1.96700001e+00 2. 0. 0.
    2.20700002e+00 2.18199992e+00 2.14400005e+00 2.07399988e+00
    2.02699995e+00 2.02699995e+00 2.02699995e+00 2.02699995e+00
    2.02500010e+00 2.02399993e+00 2.02399993e+00 2.01399994e+00
    1.99899995e+00 1.96399999e+00 1.94200003e+00 1.94200003e+00
    1.94200003e+00 1.94200003e+00 1.94200003e+00 1.94200003e+00
    1.94200003e+00 1.94200003e+00 1.94200003e+00 1.94200003e+00
    1.94200003e+00 1.94200003e+00 1.94200003e+00 1.94200003e+00
    1.94200003e+00 1.94200003e+00 1.94200003e+00 1.94200003e+00
    1.94200003e+00 1.94200003e+00 1.94099998e+00 1.94099998e+00
    1.96700001e+00 2. 0. 0. 0. 0. 0. 0. 0. 0. 0. 0. 0. 0. 0.
    2.73399997e+00 1.99899995e+00 1.96399999e+00 1.94200003e+00
    1.94200003e+00 1.94200003e+00 1.94200003e+00 1.94200003e+00
    1.94200003e+00 1.94200003e+00 1.94200003e+00 1.94200003e+00
    1.94200003e+00 1.94200003e+00 1.94200003e+00 1.94200003e+00
    1.94200003e+00 1.94200003e+00 1.94200003e+00 1.94200003e+00
    1.94200003e+00 1.94099998e+00 1.91999996e+00 1.90799999e+00
    1.90799999e+00 1.94799995e+00 2. 0. 0. 0. 0. 0. 0. 0. 0. 0. 0. 0. 0.
    0. 0. 2.46099997e+00 2.43300009e+00 2.41599989e+00 2.41599989e+00
    2.41599989e+00 2.41599989e+00 2.41599989e+00 2.41599989e+00
    2.41599989e+00 2.22199988e+00 1.95400000e+00 1.94700003e+00
    1.94200003e+00 1.94200003e+00 1.94200003e+00 1.94200003e+00
    1.94200003e+00 1.94200003e+00 1.94200003e+00 1.94200003e+00
    1.94000006e+00 1.90699995e+00 1.88600004e+00 1.88600004e+00
    2.13599992e+00 2.46099997e+00 0. 0. 0. 0. 0. 0. 0. 0. 0. 0. 0. 0. 0.
    0. 0. 0. 0. 0. 0. 0. 0. 0. 0. 0. 1.98800004e+00 1.96000004e+00
    1.94200003e+00 1.94200003e+00 1.94200003e+00 1.94200003e+00
