<?xml version="1.0"?>
<opencv_storage>
<Depth type_id="opencv-matrix">
  <rows>40</rows>
  <cols>40</cols>
  <dt>f</dt>
  <data>
    0. 0. 0. 0. 0. 0. 0. 0. 0. 0. 0. 0. 0. 0. 0. 0. 0. 0. 0. 0. 0. 0. 0.
    0. 0. 0. 0. 0. 0. 0. 0. 0. 0. 0. 0. 0. 0. 0. 0. 0. 0. 0. 0. 0. 0. 0.
    0. 0. 0. 0. 0. 0. 0. 0. 0. 0. 0. 0. 0. 0. 0. 0. 0. 0. 0. 0. 0. 0. 0.
    0. 0. 0. 0. 0. 0. 0. 0. 0. 0. 0. 0. 0. 0. 0. 0. 0. 0. 0. 0. 0. 0. 0.
    0. 0. 0. 0. 0. 0. 0. 0. 0. 0. 0. 0. 0. 0. 0. 0. 0. 0. 0. 0. 0. 0. 0.
    0. 0. 0. 0. 0. 0. 0. 0. 0. 0. 0. 0. 0. 0. 0. 0. 0. 0. 0. 0. 0. 0. 0.
    0. 0. 0. 0. 0. 0. 0. 0. 0. 0. 0. 0. 0. 0. 0. 0. 0. 0. 0. 0. 0. 0. 0.
    0. 0. 0. 0. 0. 0. 0. 0. 0. 0. 0. 0. 0. 0. 0. 0. 0. 0. 0. 0. 0. 0. 0.
    0. 0. 0. 0. 0. 0. 0. 0. 0. 0. 0. 0. 0. 0. 0. 0. 0. 0. 0. 0. 0. 0. 0.
    0. 0. 0. 0. 0. 0. 0. 0. 0. 0. 0. 0. 0. 0. 0. 0. 0. 0. 0. 0. 0. 0. 0.
    0. 0. 0. 0. 0. 0. 0. 0. 0. 0. 0. 0. 0. 0. 0. 0. 0. 0. 0. 0. 0. 0. 0.
    0. 0. 0. 0. 0. 0. 0. 0. 0. 0. 0. 0. 0. 0. 0. 0. 0. 0. 0. 0. 0. 0. 0.
    0. 0. 0. 0. 0. 0. 0. 0. 0. 0. 0. 0. 0. 0. 0. 0. 0. 0. 0. 0. 0. 0. 0.
    0. 0. 0. 0. 0. 0. 0. 0. 0. 0. 0. 0. 0. 0. 0. 0. 0. 0. 0. 0. 0.
    1.73500001e+00 1.71899998e+00 1.71899998e+00 1.71899998e+00
    1.20299995e+00 0. 0. 0. 0. 0. 0. 0. 0. 0. 0. 0. 0. 0. 0. 0. 0. 0. 0.
    0. 0. 0. 0. 0. 0. 0. 0. 0. 0. 0. 0. 0. 0. 0. 0. 0. 1.71899998e+00
    1.71899998e+00 1.72099996e+00 1.72000003e+00 1.71899998e+00
    1.71899998e+00 1.74199998e+00 0. 0. 0. 0. 0. 0. 0. 0. 0. 0. 0. 0. 0.
    0. 0. 0. 0. 0. 0. 0. 0. 0. 0. 0. 0. 0. 0. 0. 0. 0. 0. 0. 0.
    1.71899998e+00 1.71899998e+00 1.73800004e+00 1.73199999e+00
    1.71899998e+00 1.71899998e+00 1.74199998e+00 1.48199999e+00
    1.15999997e+00 1.15999997e+00 0. 0. 0. 0. 0. 0. 0. 0. 0. 0. 0. 0. 0.
    0. 0. 0. 0. 0. 0. 0. 0. 0. 0. 0. 0. 0. 0. 0. 0. 0. 1.73699999e+00
    1.73699999e+00 1.74699998e+00 1.74399996e+00 1.73699999e+00
    1.73699999e+00 1.75999999e+00 1.79200006e+00 1.81900001e+00
    1.81900001e+00 0. 0. 0. 0. 0. 0. 0. 0. 0. 0. 0. 0. 0. 0. 0. 0. 0. 0.
    0. 0. 0. 0. 0. 0. 0. 0. 0. 0. 0. 0. 1.75100005e+00 1.75100005e+00
    1.75100005e+00 1.75100005e+00 1.75600004e+00 1.76999998e+00
    1.78799999e+00 1.80599999e+00 1.82099998e+00 1.82900000e+00
    1.84599996e+00 0. 0. 0. 0. 0. 2.01699996e+00 2.01699996e+00 0. 0. 0.
    0. 0. 0. 0. 0. 0. 0. 0. 0. 0. 0. 0. 0. 0. 0. 0. 0. 0. 0.
    1.75100005e+00 1.75100005e+00 1.75100005e+00 1.75199997e+00
    1.76699996e+00 1.81700003e+00 1.81900001e+00 1.82000005e+00
    1.82700002e+00 1.85200000e+00 1.85399997e+00 1.86899996e+00
    1.88900006e+00 1.88900006e+00 1.91199994e+00 1.94000006e+00
    1.96200001e+00 1.96200001e+00 2.00900006e+00 0. 0. 0. 0. 0. 0. 0. 0.
    0. 0. 0. 0. 0. 0. 0. 0. 0. 0. 0. 0. 0. 1.75100005e+00 1.75100005e+00
    1.75100005e+00 1.76400006e+00 1.78699994e+00 1.81799996e+00
    1.81900001e+00 1.83099997e+00 1.84800005e+00 1.85399997e+00
    1.85399997e+00 1.86899996e+00 1.88900006e+00 1.88900006e+00
    1.91199994e+00 1.94000006e+00 1.96200001e+00 1.96200001e+00
    1.99100006e+00 1.71399999e+00 1.19500005e+00 1.21800005e+00
    1.24000001e+00 1.25300002e+00 1.04799998e+00 0. 0. 0. 0. 0. 0. 0. 0.
    0. 0. 0. 0. 0. 0. 0. 1.75600004e+00 1.76900005e+00 1.76900005e+00
    1.77699995e+00 1.79299998e+00 1.81799996e+00 1.81900001e+00
    1.83500004e+00 1.85399997e+00 1.85399997e+00 1.86600006e+00
    1.87899995e+00 1.88900006e+00 1.88900006e+00 1.91199994e+00
    1.94000006e+00 1.96200001e+00 1.96200001e+00 1.98599994e+00 2.
    2.00399995e+00 2.03299999e+00 2.06200004e+00 2.06500006e+00
    1.91100001e+00 0. 0. 0. 0. 0. 0. 0. 0. 0. 0. 0. 0. 0. 0. 0.
    1.76600003e+00 1.78499997e+00 1.78499997e+00 1.78499997e+00
    1.79299998e+00 1.81799996e+00 1.81900001e+00 1.83500004e+00
    1.85399997e+00 1.85399997e+00 1.87800002e+00 1.88900006e+00
    1.88900006e+00 1.88900006e+00 1.90600002e+00 1.93400002e+00
    1.96300006e+00 1.97099996e+00 1.98899996e+00 2. 2.00399995e+00
    2.03299999e+00 2.05599999e+00 2.04500008e+00 2. 2. 2. 2.
    2.00200009e+00 2.02999997e+00 0. 0. 0. 0. 0. 0. 0. 0. 0. 0.
    1.78499997e+00 1.78499997e+00 1.78499997e+00 1.78499997e+00
    1.79299998e+00 1.81799996e+00 1.81900001e+00 1.83500004e+00
    1.85399997e+00 1.85399997e+00 1.87800002e+00 1.88900006e+00
    1.88900006e+00 1.88900006e+00 1.88900006e+00 1.91799998e+00
    1.96700001e+00 1.99500000e+00 2. 2. 2.00399995e+00 2.03299999e+00
    2.03900003e+00 2.02600002e+00 2. 2. 2. 2. 2.00200009e+00
    2.03099990e+00 2.03900003e+00 1.06700003e+00 0. 0. 0. 0. 0. 0. 0. 0.
    1.83599997e+00 1.83599997e+00 1.83599997e+00 1.83599997e+00
    1.83800006e+00 1.84500003e+00 1.84500003e+00 1.84899998e+00
    1.85399997e+00 1.85399997e+00 1.87800002e+00 1.88900006e+00
    1.88900006e+00 1.88900006e+00 1.88900006e+00 1.91799998e+00
    1.96700001e+00 1.99500000e+00 2. 2. 2.00099993e+00 2.00799990e+00
    2.00999999e+00 2.01600003e+00 2.02900004e+00 2.02900004e+00
    2.02900004e+00 2.02900004e+00 2.02900004e+00 2.03699994e+00
    2.03900003e+00 1.06700003e+00 0. 0. 0. 0. 0. 0. 0. 1.10699999e+00
    2.19099998e+00 1.85399997e+00 1.85399997e+00 1.85399997e+00
    1.85399997e+00 1.85399997e+00 1.85399997e+00 1.85399997e+00
    1.85399997e+00 1.85399997e+00 1.87800002e+00 1.88900006e+00
    1.88900006e+00 1.88900006e+00 1.91199994e+00 1.94700003e+00
    1.98300004e+00 1.99800003e+00 2. 2. 2. 2. 2. 2.01300001e+00
    2.03900003e+00 2.03900003e+00 2.03900003e+00 2.03900003e+00
    2.03900003e+00 2.03900003e+00 2.04900002e+00 1.57000005e+00 0. 0. 0.
    0. 0. 0. 1.03900003e+00 2.03900003e+00 2.33999991e+00 1.06200004e+00
    1.85200000e+00 1.98800004e+00 1.84599996e+00 1.84599996e+00
    1.84599996e+00 1.84599996e+00 1.84899998e+00 1.86099994e+00
    1.88000000e+00 1.89199996e+00 1.89699996e+00 1.89699996e+00
    1.93900001e+00 1.97700000e+00 2. 2. 2. 2. 2. 2. 2.00500011e+00
    2.01900005e+00 2.03900003e+00 2.03900003e+00 2.03900003e+00
    2.03900003e+00 2.03900003e+00 2.03900003e+00 2.05900002e+00
    2.09999990e+00 2.16000009e+00 2.16000009e+00 0. 0. 2.01200008e+00
    2.07800007e+00 2.06399989e+00 2.04800010e+00 1.66900003e+00 0.
    1.84599996e+00 2.42400002e+00 1.82000005e+00 1.82000005e+00
    1.82000005e+00 1.82000005e+00 1.83299994e+00 1.88399994e+00
    1.88900006e+00 1.90400004e+00 1.92400002e+00 1.92400002e+00
    1.94900000e+00 1.97700000e+00 2. 2. 2. 2. 2. 2. 2.02200007e+00
    2.03800011e+00 2.03900003e+00 2.03900003e+00 2.03900003e+00
    2.03900003e+00 2.03900003e+00 2.03900003e+00 2.05900002e+00
    2.09999990e+00 2.16000009e+00 2.16000009e+00 2.10700011e+00
    2.05800009e+00 2.07699990e+00 2.07800007e+00 2.07699990e+00
    2.07699990e+00 2.50600004e+00 1.70299995e+00 2.69099998e+00
    2.86199999e+00 2.48499990e+00 1.84399998e+00 1.81900001e+00
    1.81900001e+00 1.83299994e+00 1.88499999e+00 1.88900006e+00
    1.90400004e+00 1.92900002e+00 1.94900000e+00 1.95799994e+00
    1.96599996e+00 1.97300005e+00 1.97300005e+00 1.99000001e+00 2. 2. 2.
    2.02300000e+00 2.03900003e+00 2.03900003e+00 2.03900003e+00
    2.03900003e+00 2.04699993e+00 2.06699991e+00 2.06699991e+00
    2.10299993e+00 2.14299989e+00 2.16000009e+00 2.16000009e+00
    2.16000009e+00 2.15400004e+00 2.13700008e+00 2.13599992e+00
    2.15000010e+00 2.16599989e+00 2.85400009e+00 0. 0. 0. 2.87299991e+00
    2.36199999e+00 2.34200001e+00 2.12599993e+00 1.87500000e+00
    1.90300000e+00 1.90499997e+00 1.92100000e+00 1.94500005e+00
    1.96000004e+00 1.97300005e+00 1.97300005e+00 1.96200001e+00
    1.96200001e+00 1.98599994e+00 2.00600004e+00 2.01799989e+00
    2.01799989e+00 2.02999997e+00 2.03900003e+00 2.03900003e+00
    2.03900003e+00 2.03900003e+00 2.05100012e+00 2.07900000e+00
    2.09200001e+00 2.13000011e+00 2.16000009e+00 2.16000009e+00
    2.16000009e+00 2.16000009e+00 2.16000009e+00 2.16000009e+00
    2.16000009e+00 2.17899990e+00 2.20199990e+00 2.84999990e+00 0. 0. 0.
    0. 2.96900010e+00 2.96799994e+00 2.59200001e+00 2.14599991e+00
    2.15499997e+00 2.15599990e+00 2.16300011e+00 2.17499995e+00
