<?xml version="1.0"?>
<opencv_storage>
<Depth type_id="opencv-matrix">
  <rows>40</rows>
  <cols>40</cols>
  <dt>f</dt>
  <data>
    0. 0. 0. 0. 0. 0. 0. 0. 0. 0. 0. 0. 0. 0. 0. 0. 0. 0. 0. 0. 0. 0. 0.
    0. 0. 0. 0. 0. 0. 0. 0. 0. 0. 0. 0. 0. 0. 0. 0. 0. 0. 0. 0. 0. 0. 0.
    0. 0. 0. 0. 0. 0. 0. 2. 1.99000001e+00 1.93599999e+00 1.88199997e+00
    1.85899997e+00 1.85899997e+00 1.85899997e+00 1.85899997e+00
    1.85899997e+00 1.00300002e+00 0. 0. 0. 0. 0. 0. 0. 0. 0. 0. 0. 0. 0.
    0. 0. 0. 0. 0. 0. 0. 0. 0. 0. 0. 0. 0. 0. 0. 0. 0. 2. 1.99100006e+00
    1.94099998e+00 1.89100003e+00 1.86899996e+00 1.86899996e+00
    1.86899996e+00 1.86899996e+00 1.86899996e+00 1.07099998e+00 0. 0. 0.
    0. 0. 0. 0. 0. 0. 0. 0. 0. 0. 0. 0. 0. 0. 0. 0. 0. 0. 0. 0. 0. 0. 0.
    0. 0. 0. 0. 2. 1.99399996e+00 1.96500003e+00 1.93599999e+00
    1.92299998e+00 1.92299998e+00 1.92299998e+00 1.92299998e+00
    1.92299998e+00 1.43200004e+00 0. 0. 0. 0. 0. 0. 0. 0. 0. 0. 0. 0. 0.
    0. 0. 0. 0. 0. 0. 0. 0. 0. 0. 0. 0. 0. 0. 0. 0. 0. 2. 1.99800003e+00
    1.98899996e+00 1.98099995e+00 1.97700000e+00 1.97700000e+00
    1.97700000e+00 1.97700000e+00 1.97700000e+00 1.79299998e+00
    1.23000002e+00 0. 0. 0. 0. 0. 0. 0. 0. 0. 0. 0. 0. 0. 0. 0. 0. 0. 0.
    0. 0. 0. 0. 0. 0. 0. 0. 0. 0. 0. 2. 2. 2. 2. 1.99300003e+00
    1.98199999e+00 1.97000003e+00 1.96899998e+00 1.96899998e+00
    1.92600000e+00 1.79299998e+00 1.65999997e+00 1.62000000e+00 0. 0. 0.
    0. 0. 0. 0. 0. 0. 0. 0. 0. 0. 0. 0. 0. 0. 0. 0. 0. 0. 0. 0. 0. 0. 0.
    0. 2. 2. 2. 2. 1.98199999e+00 1.95000005e+00 1.91700006e+00
    1.91600001e+00 1.91600001e+00 1.88499999e+00 1.79200006e+00
    1.69799995e+00 1.66999996e+00 0. 0. 0. 0. 0. 0. 0. 0. 0. 0. 0. 0. 0.
    0. 0. 0. 0. 0. 0. 0. 0. 0. 0. 0. 0. 0. 0. 2. 2. 2. 2. 1.97000003e+00
    1.91700006e+00 1.86500001e+00 1.86199999e+00 1.86199999e+00
    1.84399998e+00 1.78999996e+00 1.73599994e+00 1.72000003e+00 0. 0. 0.
    0. 0. 0. 0. 0. 0. 0. 0. 0. 0. 0. 0. 0. 0. 0. 0. 0. 0. 0. 0. 0. 0. 0.
    0. 1.94900000e+00 1.94900000e+00 1.94900000e+00 1.94900000e+00
    1.92999995e+00 1.89499998e+00 1.86099994e+00 1.85899997e+00
    1.85899997e+00 1.84200001e+00 1.78999996e+00 1.73800004e+00
    1.72300005e+00 0. 0. 0. 0. 0. 0. 0. 0. 0. 0. 0. 0. 0. 0. 0. 0. 0. 0.
    0. 0. 0. 0. 0. 0. 0. 0. 0. 1.89499998e+00 1.89499998e+00
    1.89499998e+00 1.89499998e+00 1.88699996e+00 1.87399995e+00
    1.86000001e+00 1.85899997e+00 1.85899997e+00 1.84200001e+00
    1.78999996e+00 1.73800004e+00 1.72300005e+00 0. 0. 0. 0. 0. 0. 0. 0.
    0. 0. 0. 0. 0. 0. 0. 0. 0. 0. 0. 0. 0. 0. 0. 0. 0. 0. 0.
    1.85899997e+00 1.85800004e+00 1.85099995e+00 1.84500003e+00
    1.84200001e+00 1.84200001e+00 1.84200001e+00 1.84200001e+00
    1.84200001e+00 1.82700002e+00 1.78199995e+00 1.73599994e+00
    1.72300005e+00 0. 0. 0. 0. 0. 0. 0. 0. 0. 0. 0. 0. 0. 0. 0. 0. 0. 0.
    0. 0. 0. 0. 0. 0. 0. 0. 0. 1.85899997e+00 1.85399997e+00
    1.82799995e+00 1.80200005e+00 1.78999996e+00 1.78999996e+00
    1.78999996e+00 1.78999996e+00 1.78999996e+00 1.78199995e+00
    1.75600004e+00 1.73099995e+00 1.72300005e+00 0. 0. 0. 0. 0. 0. 0. 0.
    0. 0. 0. 0. 0. 0. 0. 0. 0. 0. 0. 0. 0. 0. 0. 0. 0. 0. 0.
    1.85899997e+00 1.85000002e+00 1.80400002e+00 1.75800002e+00
    1.73800004e+00 1.73800004e+00 1.73800004e+00 1.73800004e+00
    1.73800004e+00 1.73599994e+00 1.73099995e+00 1.72500002e+00
    1.72300005e+00 0. 0. 0. 0. 0. 0. 0. 0. 0. 0. 0. 0. 0. 0. 0. 0. 0. 0.
    0. 0. 0. 0. 0. 0. 0. 0. 0. 1.85899997e+00 1.84899998e+00
    1.79700005e+00 1.74500000e+00 1.72300005e+00 1.72300005e+00
    1.72300005e+00 1.72300005e+00 1.72300005e+00 1.72800004e+00
    1.74100006e+00 1.75500000e+00 1.75999999e+00 0. 0. 0. 0. 0. 0. 0. 0.
    0. 0. 0. 0. 0. 0. 0. 0. 0. 0. 0. 0. 0. 0. 0. 0. 0. 0. 0.
    1.85899997e+00 1.84899998e+00 1.79700005e+00 1.74500000e+00
    1.72300005e+00 1.72300005e+00 1.72300005e+00 1.72300005e+00
    1.72300005e+00 1.73399997e+00 1.76800001e+00 1.80100000e+00
    1.81099999e+00 0. 0. 0. 0. 0. 0. 0. 0. 0. 0. 0. 0. 0. 0. 0. 0. 0. 0.
    0. 0. 0. 0. 0. 0. 0. 0. 0. 1.86300004e+00 1.85399997e+00
    1.80200005e+00 1.75000000e+00 1.72700000e+00 1.72700000e+00
    1.72700000e+00 1.72899997e+00 1.73099995e+00 1.74800003e+00
    1.79799998e+00 1.84899998e+00 1.86300004e+00 0. 0. 0. 0. 0. 0. 0. 0.
    0. 0. 0. 0. 0. 0. 0. 0. 0. 0. 0. 0. 0. 0. 0. 0. 0. 0. 0.
    1.91700006e+00 1.90699995e+00 1.85500002e+00 1.80200005e+00
    1.77900004e+00 1.77900004e+00 1.77900004e+00 1.79999995e+00
    1.82299995e+00 1.84700000e+00 1.87800002e+00 1.90799999e+00
    1.91700006e+00 0. 0. 0. 0. 0. 0. 0. 0. 0. 0. 0. 0. 0. 0. 0. 0. 0. 0.
    0. 0. 0. 0. 0. 0. 0. 0. 0. 1.97099996e+00 1.96099997e+00
    1.90799999e+00 1.85399997e+00 1.83099997e+00 1.83099997e+00
    1.83099997e+00 1.87199998e+00 1.91400003e+00 1.94700003e+00
    1.95700002e+00 1.96800005e+00 1.97099996e+00 0. 0. 0. 0. 0. 0. 0. 0.
    0. 0. 0. 0. 0. 0. 0. 0. 0. 0. 0. 0. 0. 0. 0. 0. 0. 0. 0.
    1.97500002e+00 1.96700001e+00 1.92200005e+00 1.87800002e+00
    1.86399996e+00 1.87399995e+00 1.88300002e+00 1.91700006e+00
    1.95200002e+00 1.97200000e+00 1.96300006e+00 1.95400000e+00
    1.95099998e+00 0. 0. 0. 0. 0. 0. 0. 0. 0. 0. 0. 0. 0. 0. 0. 0. 0. 0.
    0. 0. 0. 0. 0. 0. 0. 0. 0. 1.92100000e+00 1.91700006e+00
    1.89300001e+00 1.86899996e+00 1.87600005e+00 1.90600002e+00
    1.93599999e+00 1.93200004e+00 1.92600000e+00 1.91199994e+00
    1.88300002e+00 1.85399997e+00 1.84500003e+00 0. 0. 0. 0. 0. 0. 0. 0.
    0. 0. 0. 0. 0. 0. 0. 0. 0. 0. 0. 0. 0. 0. 0. 0. 0. 0. 0.
    1.86800003e+00 1.86699998e+00 1.86399996e+00 1.86000001e+00
    1.88800001e+00 1.93799996e+00 1.98899996e+00 1.94700003e+00
    1.89900005e+00 1.85200000e+00 1.80299997e+00 1.75399995e+00
    1.74000001e+00 0. 0. 0. 0. 0. 0. 0. 0. 0. 0. 0. 0. 0. 0. 0. 0. 0. 0.
    0. 0. 0. 0. 0. 0. 0. 0. 0. 1.85899997e+00 1.85899997e+00
    1.85899997e+00 1.85899997e+00 1.87000000e+00 1.88999999e+00
    1.90999997e+00 1.87699997e+00 1.84000003e+00 1.80400002e+00
    1.76900005e+00 1.73300004e+00 1.72300005e+00 0. 0. 0. 0. 0. 0. 0. 0.
    0. 0. 0. 0. 0. 0. 0. 0. 0. 0. 0. 0. 0. 0. 0. 0. 0. 0. 0.
    1.85899997e+00 1.85899997e+00 1.85899997e+00 1.85899997e+00
    1.84700000e+00 1.82700002e+00 1.80700004e+00 1.78999996e+00
    1.77400005e+00 1.75800002e+00 1.74300003e+00 1.72800004e+00
    1.72300005e+00 0. 0. 0. 0. 0. 0. 0. 0. 0. 0. 0. 0. 0. 0. 0. 0. 0. 0.
    0. 0. 0. 0. 0. 0. 0. 0. 0. 1.85899997e+00 1.85899997e+00
    1.85899997e+00 1.85899997e+00 1.83000004e+00 1.77800000e+00
    1.72599995e+00 1.72300005e+00 1.72300005e+00 1.72399998e+00
    1.72899997e+00 1.73300004e+00 1.73399997e+00 0. 0. 0. 0. 0. 0. 0. 0.
    0. 0. 0. 0. 0. 0. 0. 0. 0. 0. 0. 0. 0. 0. 0. 0. 0. 0. 0.
    1.85899997e+00 1.85899997e+00 1.85899997e+00 1.85899997e+00
    1.83000004e+00 1.77800000e+00 1.72599995e+00 1.72300005e+00
    1.72300005e+00 1.73099995e+00 1.75500000e+00 1.77900004e+00
    1.78600001e+00 0. 0. 0. 0. 0. 0. 0. 0. 0. 0. 0. 0. 0. 0. 0. 0. 0. 0.
    0. 0. 0. 0. 0. 0. 0. 0. 0. 1.85899997e+00 1.85899997e+00
    1.85899997e+00 1.85899997e+00 1.83000004e+00 1.77800000e+00
    1.72599995e+00 1.72300005e+00 1.72300005e+00 1.73699999e+00
    1.78100002e+00 1.82500005e+00 1.83800006e+00 0. 0. 0. 0. 0. 0. 0. 0.
    0. 0. 0. 0. 0. 0. 0. 0. 0. 0. 0. 0. 0. 0. 0. 0. 0. 0. 0.
    1.82799995e+00 1.82799995e+00 1.82799995e+00 1.82799995e+00
    1.80499995e+00 1.76499999e+00 1.72500002e+00 1.74600005e+00
    1.76999998e+00 1.79900002e+00 1.83899999e+00 1.87899995e+00
    1.89100003e+00 0. 0. 0. 0. 0. 0. 0. 0. 0. 0. 0. 0. 0. 0. 0. 0. 0. 0.
    0. 0. 0. 0. 0. 0. 0. 0. 0. 1.77600002e+00 1.77600002e+00
    1.77600002e+00 1.77600002e+00 1.76499999e+00 1.74399996e+00
    1.72399998e+00 1.78400004e+00 1.84899998e+00 1.89900005e+00
    1.91900003e+00 1.93900001e+00 1.94500005e+00 0. 0. 0. 0. 0. 0. 0. 0.
    0. 0. 0. 0. 0. 0. 0. 0. 0. 0. 0. 0. 0. 0. 0. 0. 0. 0. 0.
    1.72399998e+00 1.72399998e+00 1.72399998e+00 1.72399998e+00
