<?xml version="1.0"?>
<opencv_storage>
<Depth type_id="opencv-matrix">
  <rows>40</rows>
  <cols>40</cols>
  <dt>f</dt>
  <data>
    0. 0. 0. 0. 0. 0. 0. 0. 0. 0. 0. 0. 0. 0. 0. 0. 0. 0. 0. 0. 0. 0. 0.
    0. 0. 0. 0. 0. 0. 0. 0. 0. 0. 0. 0. 0. 0. 0. 0. 0. 0. 0. 0. 0. 0. 0.
    0. 0. 0. 0. 0. 0. 0. 0. 0. 0. 0. 0. 0. 0. 0. 0. 0. 0. 0. 0. 0. 0. 0.
    0. 0. 0. 0. 0. 0. 0. 0. 0. 0. 0. 0. 0. 0. 0. 0. 0. 0. 0. 0. 0. 0. 0.
    0. 0. 0. 0. 0. 0. 0. 0. 0. 0. 0. 0. 0. 0. 0. 0. 0. 0. 0. 0. 0. 0. 0.
    0. 0. 0. 0. 0. 0. 0. 0. 0. 0. 0. 0. 0. 0. 0. 0. 0. 0. 0. 0. 0. 0. 0.
    0. 0. 0. 0. 0. 0. 0. 0. 0. 0. 0. 0. 0. 0. 0. 0. 0. 0. 0. 0. 0. 0. 0.
    0. 0. 0. 0. 0. 0. 0. 0. 0. 0. 0. 0. 0. 0. 0. 0. 0. 0. 0. 0. 0. 0. 0.
    0. 0. 0. 0. 0. 0. 0. 0. 0. 0. 0. 0. 0. 0. 0. 0. 0. 0. 0. 0. 0. 0. 0.
    0. 0. 0. 0. 0. 0. 0. 0. 0. 0. 0. 0. 0. 0. 0. 0. 0. 0. 0. 0. 0. 0. 0.
    0. 0. 0. 0. 0. 0. 0. 0. 0. 0. 0. 0. 0. 0. 0. 0. 0. 0. 0. 0. 0. 0. 0.
    0. 0. 0. 0. 0. 0. 0. 0. 0. 0. 0. 0. 0. 0. 0. 0. 0. 0. 0. 0. 0. 0. 0.
    0. 0. 0. 0. 0. 0. 0. 0. 0. 0. 0. 0. 0. 0. 0. 0. 0. 0. 0. 0. 0. 0. 0.
    0. 0. 0. 0. 0. 0. 0. 0. 0. 0. 0. 0. 0. 0. 0. 0. 0. 0. 0. 0. 0. 0. 0.
    0. 0. 0. 0. 0. 0. 0. 0. 0. 0. 0. 0. 0. 0. 0. 0. 0. 0. 0. 0. 0. 0. 0.
    0. 0. 0. 0. 0. 0. 0. 0. 0. 0. 0. 0. 0. 0. 0. 0. 0. 0. 0. 0. 0. 0. 0.
    0. 0. 0. 0. 0. 0. 0. 0. 0. 0. 0. 0. 0. 0. 0. 0. 0. 0. 0. 0. 0. 0. 0.
    0. 0. 0. 0. 0. 0. 0. 0. 0. 0. 0. 0. 0. 0. 0. 0. 0. 0. 0. 0. 0. 0. 0.
    0. 0. 0. 0. 0. 0. 0. 0. 0. 0. 0. 0. 0. 0. 0. 0. 0. 0. 0. 0. 0. 0. 0.
    0. 0. 0. 0. 0. 0. 0. 0. 0. 0. 0. 0. 0. 0. 0. 0. 0. 0. 0. 0. 0. 0. 0.
    0. 0. 0. 0. 0. 0. 0. 0. 0. 0. 0. 0. 0. 0. 0. 0. 0. 0. 0. 0. 0. 0. 0.
    0. 0. 0. 0. 0. 0. 0. 0. 0. 0. 0. 0. 0. 0. 0. 0. 0. 0. 0. 0. 0. 0. 0.
    0. 0. 0. 0. 0. 0. 0. 0. 0. 0. 0. 0. 0. 0. 0. 0. 0. 0. 0. 0. 0. 0. 0.
    0. 0. 0. 0. 0. 0. 0. 0. 0. 0. 0. 0. 0. 0. 0. 0. 0. 0. 0. 0. 0. 0. 0.
    0. 0. 0. 0. 0. 0. 0. 0. 2.34299994e+00 2.36100006e+00 2.34800005e+00
    2.29399991e+00 1.77800000e+00 1.77800000e+00 1.77800000e+00
    1.77699995e+00 1.77600002e+00 1.79299998e+00 1.79299998e+00
    1.87100005e+00 1.90900004e+00 1.89300001e+00 1.87699997e+00
    1.86899996e+00 1.87699997e+00 1.88100004e+00 1.88199997e+00
    1.88199997e+00 1.88300002e+00 1.89400005e+00 1.90600002e+00
    1.90799999e+00 1.91600001e+00 1.90999997e+00 1.88100004e+00
    1.85599995e+00 1.84700000e+00 1.84700000e+00 1.84700000e+00
    1.87199998e+00 1.87600005e+00 1.81599998e+00 1.78600001e+00
    1.77400005e+00 1.75600004e+00 1.74100006e+00 1.73099995e+00 0.
    2.37899995e+00 2.40100002e+00 2.36899996e+00 2.17899990e+00
    1.79700005e+00 1.79700005e+00 1.79900002e+00 1.79900002e+00
    1.82099998e+00 1.92799997e+00 1.92799997e+00 1.92200005e+00
    1.91499996e+00 1.89300001e+00 1.87899995e+00 1.87100005e+00
    1.86899996e+00 1.88100004e+00 1.91100001e+00 1.91400003e+00
    1.91799998e+00 1.91900003e+00 1.92499995e+00 1.93700004e+00
    1.94599998e+00 1.93499994e+00 1.91100001e+00 1.88600004e+00
    1.87500000e+00 1.87300003e+00 1.87699997e+00 1.88600004e+00
    1.86899996e+00 1.80599999e+00 1.78299999e+00 1.76999998e+00
    1.75000000e+00 1.73099995e+00 1.71500003e+00 0. 2.41400003e+00
    2.41400003e+00 2.21900010e+00 1.89900005e+00 1.82400000e+00
    1.82599998e+00 1.83299994e+00 1.85000002e+00 1.89199996e+00
    1.91900003e+00 1.91900003e+00 1.90600002e+00 1.89300001e+00
    1.88600004e+00 1.88300002e+00 1.88900006e+00 1.88999999e+00
    1.90999997e+00 1.94500005e+00 1.95500004e+00 1.96200001e+00
    1.96000004e+00 1.96599996e+00 1.97099996e+00 1.98500001e+00
    1.98300004e+00 1.95899999e+00 1.92100000e+00 1.89499998e+00
    1.88800001e+00 1.89400005e+00 1.89600003e+00 1.85399997e+00
    1.77999997e+00 1.77600002e+00 1.76100004e+00 1.74100006e+00
    1.73099995e+00 1.71899998e+00 0. 1.94099998e+00 1.94400001e+00
    1.89600003e+00 1.85599995e+00 1.86399996e+00 1.87399995e+00
    1.88100004e+00 1.89699996e+00 1.90300000e+00 1.91700006e+00
    1.90900004e+00 1.87899995e+00 1.86099994e+00 1.88100004e+00
    1.88800001e+00 1.92700005e+00 1.95599997e+00 1.96399999e+00
    1.96700001e+00 1.97399998e+00 1.98300004e+00 1.98300004e+00
    1.98300004e+00 1.98800004e+00 2.00500011e+00 2.01099992e+00
    1.99399996e+00 1.97300005e+00 1.92600000e+00 1.89400005e+00
    1.95299995e+00 1.93700004e+00 1.79100001e+00 1.77499998e+00
    1.76699996e+00 1.75300002e+00 1.73800004e+00 1.73099995e+00
    1.72200000e+00 0. 1.82099998e+00 1.82500005e+00 1.84599996e+00
    1.86699998e+00 1.89499998e+00 1.90600002e+00 1.90600002e+00
    1.90600002e+00 1.90600002e+00 1.91700006e+00 1.90699995e+00
    1.87800002e+00 1.86000001e+00 1.89699996e+00 1.93299997e+00
    2.00699997e+00 1.99000001e+00 1.98599994e+00 1.98599994e+00
    1.99199998e+00 2. 1.98800004e+00 1.98599994e+00 1.99600005e+00
    2.01399994e+00 2.01399994e+00 2. 2. 2. 2.00099993e+00 2.
    1.95700002e+00 1.76300001e+00 1.77100003e+00 1.76499999e+00
    1.75300002e+00 1.74899995e+00 1.74300003e+00 1.75000000e+00 0.
    1.82799995e+00 1.84899998e+00 1.87500000e+00 1.88499999e+00
    1.90600002e+00 1.90900004e+00 1.90900004e+00 1.90900004e+00
    1.90900004e+00 1.92299998e+00 1.95700002e+00 2. 2.02399993e+00
    2.03099990e+00 2.02500010e+00 2.01799989e+00 2.00999999e+00 2. 2. 2.
    2. 1.99699998e+00 1.99699998e+00 2.00699997e+00 2.01399994e+00
    2.00300002e+00 1.99600005e+00 2.00099993e+00 2.01600003e+00
    2.02800012e+00 2.01799989e+00 1.97200000e+00 1.76600003e+00
    1.77199996e+00 1.77699995e+00 1.78100002e+00 1.78299999e+00
    1.78100002e+00 1.77100003e+00 0. 0. 1.88300002e+00 1.89999998e+00
    1.90999997e+00 1.91199994e+00 1.91900003e+00 1.91900003e+00
    1.91900003e+00 1.92499995e+00 1.98099995e+00 2.00099993e+00
    2.01399994e+00 2.02600002e+00 2.04099989e+00 2.03500009e+00
    2.03099990e+00 2.02800012e+00 2. 2. 2. 2. 1.98699999e+00
    1.98899996e+00 2.00699997e+00 2.00699997e+00 2.00099993e+00
    1.98599994e+00 1.99199998e+00 2.01099992e+00 2.02999997e+00
    2.03500009e+00 1.98800004e+00 1.77999997e+00 1.77999997e+00
    1.79499996e+00 1.80999994e+00 1.81500006e+00 1.79999995e+00
    1.78799999e+00 0. 0. 1.90600002e+00 1.91100001e+00 1.91799998e+00
    1.91900003e+00 1.91900003e+00 1.91900003e+00 1.91900003e+00
    1.97700000e+00 2.02999997e+00 2.03800011e+00 2.03200006e+00
    2.02800012e+00 2.04200006e+00 2.04200006e+00 2.03999996e+00
    2.03800011e+00 2.02999997e+00 2. 2. 2. 1.99600005e+00 1.99600005e+00
    2. 2. 2. 1.98599994e+00 1.99000001e+00 2. 2.01300001e+00
    2.04099989e+00 2.04999995e+00 1.90900004e+00 1.79400003e+00
    1.81400001e+00 1.82900000e+00 1.82700002e+00 1.81599998e+00
    1.80499995e+00 0. 0. 0. 1.93099999e+00 1.92100000e+00 1.91900003e+00
    1.91900003e+00 1.92499995e+00 1.93099999e+00 2.01999998e+00
    2.04099989e+00 2.04200006e+00 2.04099989e+00 2.04099989e+00
    2.02900004e+00 2.02900004e+00 2.02900004e+00 2.03900003e+00
    2.04200006e+00 2.02300000e+00 2.01300001e+00 2.01300001e+00
    2.01300001e+00 2.01099992e+00 2. 2. 2. 1.99899995e+00 1.99899995e+00
    2. 2.00999999e+00 2.04099989e+00 2.08599997e+00 2.07900000e+00
    1.90999997e+00 1.82099998e+00 1.83200002e+00 1.83500004e+00
    1.83599997e+00 1.82299995e+00 0. 0. 0. 2.11800003e+00 2.10500002e+00
    2.09299994e+00 2.08999991e+00 2.08599997e+00 2.01300001e+00
    2.02500010e+00 2.03800011e+00 2.02800012e+00 2.02800012e+00
    2.01600003e+00 2.01500010e+00 2.02800012e+00 2.02900004e+00
    2.04099989e+00 2.05399990e+00 2.02999997e+00 2.02900004e+00
    2.02800012e+00 2.01699996e+00 2.01600003e+00 2.01099992e+00
    2.00200009e+00 2.01200008e+00 2.01399994e+00 2.01500010e+00
    2.01600003e+00 2.01600003e+00 2.03900003e+00 2.03999996e+00
    2.03500009e+00 2.02800012e+00 2.02399993e+00 0. 0. 0. 0. 0.
    1.29900002e+00 2.99000001e+00 2.98300004e+00 2.96900010e+00
    2.96499991e+00 2.95099998e+00 2.89400005e+00 2.51300001e+00
    2.04900002e+00 2.02800012e+00 2.02800012e+00 2.02800012e+00
    2.02099991e+00 2.01999998e+00 2.02999997e+00 2.03800011e+00
