<?xml version="1.0"?>
<opencv_storage>
<Depth type_id="opencv-matrix">
  <rows>40</rows>
  <cols>40</cols>
  <dt>f</dt>
  <data>
    0. 0. 0. 0. 0. 0. 0. 0. 0. 0. 0. 0. 0. 0. 0. 0. 0. 0. 0. 0. 0. 0. 0.
    0. 0. 0. 0. 0. 0. 0. 0. 0. 0. 0. 0. 0. 0. 0. 0. 0. 0. 0. 0. 0. 0. 0.
    0. 0. 0. 0. 0. 0. 0. 0. 0. 0. 0. 0. 0. 0. 0. 0. 0. 0. 0. 0. 0. 0. 0.
    0. 0. 0. 0. 0. 0. 0. 0. 0. 0. 0. 0. 0. 0. 0. 0. 0. 0. 0. 0. 0. 0. 0.
    0. 0. 0. 0. 0. 0. 0. 0. 0. 0. 0. 0. 0. 0. 0. 0. 0. 0. 0. 0. 0. 0. 0.
    0. 0. 0. 0. 0. 0. 0. 0. 0. 0. 0. 0. 0. 0. 0. 0. 0. 0. 0. 0. 0. 0. 0.
    0. 0. 0. 0. 0. 0. 0. 0. 0. 0. 0. 0. 0. 0. 0. 0. 0. 0. 0. 0. 0. 0. 0.
    0. 0. 0. 0. 0. 0. 0. 0. 0. 0. 0. 0. 0. 0. 0. 0. 0. 0. 0. 0. 0. 0. 0.
    0. 0. 0. 0. 0. 0. 0. 0. 0. 0. 0. 0. 0. 0. 0. 0. 0. 0. 0. 0. 0. 0. 0.
    0. 0. 0. 0. 0. 0. 0. 0. 0. 0. 0. 0. 0. 0. 0. 0. 0. 0. 0. 0. 0. 0. 0.
    0. 0. 0. 0. 0. 0. 0. 0. 0. 0. 0. 0. 0. 0. 0. 0. 0. 0. 0. 0. 0. 0. 0.
    0. 0. 0. 0. 0. 0. 0. 0. 0. 0. 0. 0. 0. 0. 0. 0. 0. 0. 0. 0. 0. 0. 0.
    0. 0. 0. 0. 0. 0. 0. 0. 0. 0. 0. 0. 0. 0. 0. 0. 0. 0. 0. 0. 0. 0. 0.
    0. 0. 0. 0. 0. 0. 0. 0. 0. 0. 0. 0. 0. 0. 0. 0. 0. 0. 0. 0. 0. 0. 0.
    0. 0. 0. 0. 0. 0. 0. 0. 0. 0. 0. 0. 0. 0. 0. 0. 0. 0. 0. 0. 0. 0. 0.
    0. 0. 0. 0. 0. 0. 0. 0. 0. 0. 0. 0. 0. 0. 0. 0. 0. 0. 0. 0. 0. 0. 0.
    0. 0. 0. 0. 0. 0. 0. 0. 0. 0. 0. 0. 0. 0. 0. 0. 0. 0. 0. 0. 0. 0. 0.
    0. 0. 0. 0. 0. 0. 0. 0. 0. 0. 0. 0. 0. 0. 0. 0. 0. 0. 0. 0. 0. 0. 0.
    0. 0. 0. 0. 0. 0. 0. 0. 0. 0. 0. 0. 0. 0. 0. 0. 0. 0. 0. 0. 0. 0. 0.
    0. 0. 0. 0. 0. 0. 0. 0. 0. 0. 0. 0. 0. 0. 0. 0. 0. 0. 0. 0. 0. 0. 0.
    0. 0. 0. 0. 0. 0. 0. 0. 0. 0. 0. 0. 0. 0. 0. 0. 0. 0. 0. 0. 0. 0. 0.
    0. 0. 2.83599997e+00 2.12700009e+00 2.08699989e+00 2.45499992e+00 0.
    0. 0. 2.85200000e+00 2.16100001e+00 2.04299998e+00 2.05599999e+00
    2.08599997e+00 2.05699992e+00 2.04299998e+00 2.04299998e+00
    2.04299998e+00 2.02099991e+00 2. 2. 2.02600002e+00 2.04299998e+00
    2.04200006e+00 2.01200008e+00 1.98199999e+00 1.95799994e+00
    1.95799994e+00 1.89400005e+00 1.82799995e+00 1.79999995e+00
    1.79799998e+00 1.81099999e+00 1.83700001e+00 0. 0. 0. 0. 0. 0.
    2.48799992e+00 2.48799992e+00 2.37899995e+00 2.07999992e+00
    2.07900000e+00 2.25099993e+00 2.53399992e+00 2.51300001e+00
    2.49399996e+00 2.40400004e+00 2.09599996e+00 2.04299998e+00
    2.04900002e+00 2.06200004e+00 2.06599998e+00 2.06699991e+00
    2.06500006e+00 2.04800010e+00 2.02099991e+00 2. 2. 2.01200008e+00
    2.02699995e+00 2.04200006e+00 2.01200008e+00 1.98199999e+00
    1.95799994e+00 1.95799994e+00 1.89400005e+00 1.82799995e+00
    1.79999995e+00 1.79799998e+00 1.81099999e+00 1.83700001e+00 0. 0. 0.
    0. 0. 0. 2. 2. 2.01099992e+00 2.04099989e+00 2.07999992e+00
    2.09400010e+00 2.08699989e+00 2.08699989e+00 2.06599998e+00
    2.04099989e+00 2.03299999e+00 2.03200006e+00 2.03500009e+00
    2.04299998e+00 2.06599998e+00 2.07599998e+00 2.07299995e+00
    2.04999995e+00 2.02099991e+00 2. 2. 2. 2.00999999e+00 2.03099990e+00
    2.00900006e+00 1.98199999e+00 1.95400000e+00 1.93200004e+00
    1.87899995e+00 1.82799995e+00 1.79999995e+00 1.79799998e+00
    1.81099999e+00 1.83700001e+00 0. 0. 0. 0. 0. 0. 2. 2. 2.01099992e+00
    2.04099989e+00 2.10100007e+00 2.11400008e+00 2.08699989e+00
    2.08699989e+00 2.06599998e+00 2.03600001e+00 2.00699997e+00
    2.00200009e+00 2.01399994e+00 2.04299998e+00 2.04399991e+00
    2.04500008e+00 2.04500008e+00 2.04299998e+00 2.02099991e+00 2. 2. 2.
    2.00099993e+00 2.00200009e+00 2. 1.98199999e+00 1.94299996e+00
    1.86199999e+00 1.83899999e+00 1.82799995e+00 1.79999995e+00
    1.79799998e+00 1.81099999e+00 1.83700001e+00 0. 0. 0. 0. 0. 0.
    2.02800012e+00 2.02800012e+00 2.03999996e+00 2.06999993e+00
    2.11199999e+00 2.11599994e+00 2.08699989e+00 2.08699989e+00
    2.05299997e+00 2.01200008e+00 2.00200009e+00 2. 2.00399995e+00
    2.01399994e+00 2.03399992e+00 2.04299998e+00 2.04299998e+00
    2.04299998e+00 2.02099991e+00 2. 2. 2. 2. 2. 2. 1.99399996e+00
    1.96700001e+00 1.86300004e+00 1.82299995e+00 1.80799997e+00
    1.79900002e+00 1.79799998e+00 1.81099999e+00 1.83700001e+00 0. 0. 0.
    0. 0. 0. 2.05900002e+00 2.05900002e+00 2.06599998e+00 2.08599997e+00
    2.11700010e+00 2.12199998e+00 2.10200000e+00 2.09100008e+00
    2.04600000e+00 2. 2. 2. 2. 2. 2.02999997e+00 2.04299998e+00
    2.04299998e+00 2.04299998e+00 2.02099991e+00 2. 2. 2. 2. 2.
    1.98899996e+00 1.98500001e+00 1.96599996e+00 1.86199999e+00
    1.81599998e+00 1.79799998e+00 1.79799998e+00 1.80700004e+00
    1.81599998e+00 1.82299995e+00 0. 0. 0. 0. 0. 0. 2.08699989e+00
    2.08699989e+00 2.08699989e+00 2.08699989e+00 2.11700010e+00
    2.13199997e+00 2.12899995e+00 2.09699988e+00 2.04699993e+00
    2.00200009e+00 2. 2. 2. 2. 2.02800012e+00 2.03999996e+00
    2.03999996e+00 2.03999996e+00 2.01999998e+00 2. 2. 2. 1.99899995e+00
    1.99600005e+00 1.96899998e+00 1.95799994e+00 1.94299996e+00
    1.85800004e+00 1.81799996e+00 1.80100000e+00 1.80100000e+00
    1.82400000e+00 1.82400000e+00 1.79799998e+00 0. 0. 0. 0. 0. 0.
    2.08699989e+00 2.08699989e+00 2.08699989e+00 2.08699989e+00
    2.11700010e+00 2.13199997e+00 2.12899995e+00 2.09699988e+00
    2.06100011e+00 2.02699995e+00 2.00399995e+00 2. 2. 2. 2.00699997e+00
    2.00999999e+00 2.00999999e+00 2.00999999e+00 2.00500011e+00 2. 2. 2.
    1.99000001e+00 1.96700001e+00 1.96099997e+00 1.95799994e+00
    1.94299996e+00 1.85800004e+00 1.83200002e+00 1.82799995e+00
    1.82799995e+00 1.83399999e+00 1.82400000e+00 1.79799998e+00 0. 0. 0.
    0. 0. 0. 2.08699989e+00 2.08699989e+00 2.08699989e+00 2.08699989e+00
    2.11700010e+00 2.12400007e+00 2.10899997e+00 2.09200001e+00
    2.06599998e+00 2.03900003e+00 2.02300000e+00 2.01999998e+00
    2.01999998e+00 2.01999998e+00 2.00600004e+00 2. 2. 2. 2. 2. 2.
    1.98800004e+00 1.97300005e+00 1.95799994e+00 1.95799994e+00
    1.95799994e+00 1.95000005e+00 1.90499997e+00 1.86399996e+00
    1.83700001e+00 1.83700001e+00 1.84899998e+00 1.84200001e+00
    1.81599998e+00 0. 0. 0. 0. 0. 0. 2.08699989e+00 2.08699989e+00
    2.08699989e+00 2.08699989e+00 2.11700010e+00 2.11599994e+00
    2.08699989e+00 2.08699989e+00 2.06599998e+00 2.04200006e+00
    2.03600001e+00 2.03500009e+00 2.03800011e+00 2.04299998e+00
    2.01300001e+00 2. 2. 2. 2. 2. 2. 1.97399998e+00 1.95799994e+00
    1.95799994e+00 1.95299995e+00 1.95099998e+00 1.95099998e+00
    1.95700002e+00 1.90100002e+00 1.84899998e+00 1.84399998e+00
    1.86399996e+00 1.86300004e+00 1.83700001e+00 0. 0. 0. 0. 0. 0.
    2.08699989e+00 2.08699989e+00 2.08699989e+00 2.08699989e+00
    2.11700010e+00 2.11599994e+00 2.08699989e+00 2.08699989e+00
    2.06599998e+00 2.03600001e+00 2.00999999e+00 2.00500011e+00
    2.01600003e+00 2.04299998e+00 2.01300001e+00 2. 2. 2. 2. 2. 2.
    1.97399998e+00 1.95799994e+00 1.95700002e+00 1.93099999e+00
    1.92100000e+00 1.92600000e+00 1.95200002e+00 1.93099999e+00
    1.89800000e+00 1.87399995e+00 1.87399995e+00 1.86300004e+00
    1.83700001e+00 0. 0. 0. 0. 0. 0. 2.11299992e+00 2.09899998e+00
    2.08699989e+00 2.08699989e+00 2.11700010e+00 2.12500000e+00
    2.11100006e+00 2.09299994e+00 2.06599998e+00 2.03500009e+00
    2.00500011e+00 2. 2.01200008e+00 2.04200006e+00 2.01300001e+00 2. 2.
    2. 2. 2.00500011e+00 2.02300000e+00 1.98399997e+00 1.95799994e+00
    1.95700002e+00 1.92799997e+00 1.91600001e+00 1.91499996e+00
    1.91100001e+00 1.90100002e+00 1.89400005e+00 1.89900005e+00
    1.91499996e+00 1.90999997e+00 1.88300002e+00 0. 0. 0. 0. 0. 0.
    2.13199997e+00 2.11400008e+00 2.09999990e+00 2.09999990e+00
    2.10400009e+00 2.10700011e+00 2.02900004e+00 1.23199999e+00 0. 0. 0.
    0. 0. 0. 0. 1.34000003e+00 2. 2. 2. 2.00900006e+00 2.03900003e+00
    2.00600004e+00 1.97500002e+00 1.95799994e+00 1.93599999e+00
    1.91299999e+00 1.88999999e+00 1.87000000e+00 1.87100005e+00
    1.88300002e+00 1.90300000e+00 1.94599998e+00 1.96000004e+00
    1.94000006e+00 0. 0. 0. 0. 0. 0. 2.13199997e+00 2.13199997e+00
