<?xml version="1.0"?>
<opencv_storage>
<Depth type_id="opencv-matrix">
  <rows>40</rows>
  <cols>40</cols>
  <dt>f</dt>
  <data>
    0. 0. 0. 0. 0. 0. 0. 0. 0. 0. 0. 0. 0. 0. 0. 0. 0. 0. 0. 0. 0. 0. 0.
    0. 0. 0. 0. 0. 0. 0. 0. 0. 0. 0. 0. 0. 0. 0. 0. 0. 0. 0. 0. 0. 0. 0.
    0. 0. 0. 0. 0. 0. 0. 0. 0. 0. 0. 0. 0. 0. 0. 0. 0. 0. 0. 0. 0. 0. 0.
    0. 0. 0. 0. 0. 0. 0. 0. 0. 0. 0. 0. 0. 0. 0. 0. 0. 0. 0. 0. 0. 0. 0.
    0. 0. 0. 0. 0. 0. 0. 0. 0. 0. 0. 0. 0. 0. 0. 0. 0. 0. 0. 0. 0. 0. 0.
    0. 0. 0. 0. 0. 0. 0. 0. 0. 0. 0. 0. 0. 0. 0. 0. 0. 0. 0. 0. 0. 0. 0.
    0. 0. 0. 0. 0. 0. 0. 0. 0. 0. 0. 0. 0. 0. 0. 0. 0. 0. 0. 0. 0. 0. 0.
    0. 0. 0. 0. 0. 0. 0. 0. 0. 0. 0. 0. 0. 0. 0. 0. 0. 0. 0. 0. 0. 0. 0.
    0. 0. 0. 0. 0. 0. 0. 0. 0. 0. 0. 0. 0. 0. 0. 0. 0. 0. 0. 0. 0. 0. 0.
    0. 0. 0. 0. 0. 0. 0. 0. 0. 0. 0. 0. 0. 0. 0. 0. 0. 0. 0. 0. 0. 0. 0.
    0. 0. 0. 0. 0. 0. 0. 0. 0. 0. 0. 0. 0. 0. 2.17100000e+00
    2.06299996e+00 2.06299996e+00 2.06299996e+00 2.06299996e+00
    2.06299996e+00 2.06299996e+00 2.06299996e+00 2.06299996e+00
    2.06299996e+00 2.06299996e+00 2.06299996e+00 2.06299996e+00
    2.03500009e+00 2. 2. 2.01099992e+00 2.04800010e+00 2.06299996e+00
    2.06299996e+00 2.06299996e+00 2.06299996e+00 2.06299996e+00
    2.06299996e+00 2.06299996e+00 2.74000001e+00 0. 0. 0. 0. 0. 0. 0. 0.
    0. 0. 0. 0. 0. 2.82399988e+00 2.10999990e+00 2.03999996e+00
    2.03999996e+00 2.03999996e+00 2.03999996e+00 2.03999996e+00
    2.03999996e+00 2.03999996e+00 2.05299997e+00 2.05999994e+00
    2.04600000e+00 2.03999996e+00 2.03999996e+00 2.02200007e+00 2. 2.
    2.00699997e+00 2.02999997e+00 2.03999996e+00 2.03999996e+00
    2.03999996e+00 2.04200006e+00 2.05500007e+00 2.05800009e+00
    2.04500008e+00 2.46900010e+00 0. 0. 0. 0. 0. 0. 0. 0. 0. 0. 0. 0.
    2.17100000e+00 2.10999990e+00 2.01300001e+00 2.00399995e+00
    2.00399995e+00 2.00399995e+00 2.00399995e+00 2.00399995e+00
    2.00399995e+00 2.00399995e+00 2.03699994e+00 2.05500007e+00
    2.01999998e+00 2.00399995e+00 2.00399995e+00 2.00200009e+00 2. 2.
    2.00099993e+00 2.00300002e+00 2.00399995e+00 2.00399995e+00
    2.00399995e+00 2.00799990e+00 2.04200006e+00 2.04999995e+00
    2.01500010e+00 2.04200006e+00 2.09999990e+00 2.10500002e+00
    2.10500002e+00 2.10500002e+00 2.56800008e+00 0. 0. 0. 0. 0. 0. 0.
    2.06299996e+00 2.03999996e+00 2.00399995e+00 2. 2. 2. 2. 2. 2. 2.
    2.01699996e+00 2.02600002e+00 2.00900006e+00 2. 2. 2. 2. 2. 2. 2. 2.
    2. 2. 2.00200009e+00 2.01999998e+00 2.01600003e+00 1.98000002e+00
    1.96700001e+00 1.96700001e+00 1.96700001e+00 1.96399999e+00
    1.94599998e+00 2.17100000e+00 2.68400002e+00 2.82299995e+00 0. 0. 0.
    0. 0. 2.05699992e+00 2.03600001e+00 2.00300002e+00 2. 2. 2. 2. 2. 2.
    2. 2. 2. 2. 2. 2. 2. 2. 2. 2. 2. 2. 2. 2. 2. 2. 1.98599994e+00
    1.95000005e+00 1.93700004e+00 1.93700004e+00 1.93700004e+00
    1.92999995e+00 1.89600003e+00 1.87699997e+00 1.87699997e+00
    1.87699997e+00 0. 0. 0. 0. 0. 2.01999998e+00 2.01300001e+00
    2.00099993e+00 2. 2. 2. 2. 2. 2. 2. 2. 2. 2. 2. 2. 2. 2. 2. 2. 2. 2.
    2. 2. 2. 2. 1.98599994e+00 1.95000005e+00 1.93700004e+00
    1.93700004e+00 1.93700004e+00 1.92999995e+00 1.89600003e+00
    1.87699997e+00 1.87699997e+00 1.87699997e+00 0. 0. 0. 0. 0. 2. 2. 2.
    2. 2. 2. 2. 2. 2. 2. 2. 2. 2. 1.99500000e+00 1.98599994e+00
    1.98399997e+00 1.98399997e+00 1.98399997e+00 1.98699999e+00
    1.99600005e+00 2. 2. 2. 2. 2. 1.98599994e+00 1.95000005e+00
    1.93700004e+00 1.93700004e+00 1.92900002e+00 1.91700006e+00
    1.89100003e+00 1.87300003e+00 1.86399996e+00 1.86199999e+00 0. 0. 0.
    0. 0. 2. 2. 2. 2. 2. 2. 2. 2. 2. 2. 2. 2. 2. 1.98500001e+00
    1.95400000e+00 1.94799995e+00 1.94799995e+00 1.94799995e+00
    1.95700002e+00 1.98699999e+00 2. 2. 2. 2. 2. 1.98599994e+00
    1.95000005e+00 1.93700004e+00 1.93700004e+00 1.90999997e+00
    1.88600004e+00 1.88000000e+00 1.86399996e+00 1.83599997e+00
    1.82799995e+00 0. 0. 0. 0. 0. 2. 2. 2. 2. 2. 2. 2. 2. 2. 2.
    2.01399994e+00 2.02200007e+00 2.00699997e+00 1.98099995e+00
    1.94500005e+00 1.93700004e+00 1.93700004e+00 1.93700004e+00
    1.94799995e+00 1.98500001e+00 2. 2. 1.98699999e+00 1.97399998e+00
    1.97399998e+00 1.96599996e+00 1.94400001e+00 1.93700004e+00
    1.93700004e+00 1.90499997e+00 1.87699997e+00 1.87699997e+00
    1.86099994e+00 1.82700002e+00 1.81799996e+00 0. 0. 0. 0. 0. 2. 2. 2.
    2. 2. 2. 2. 2. 2. 2. 2.03500009e+00 2.05299997e+00 2.01799989e+00
    1.98099995e+00 1.94500005e+00 1.93700004e+00 1.93700004e+00
    1.93700004e+00 1.94799995e+00 1.98500001e+00 2. 2. 1.96899998e+00
    1.93799996e+00 1.93799996e+00 1.93799996e+00 1.93700004e+00
    1.93700004e+00 1.93700004e+00 1.90499997e+00 1.87699997e+00
    1.87699997e+00 1.86099994e+00 1.82700002e+00 1.81799996e+00 0. 0. 0.
    0. 0. 2. 2. 2. 2. 2. 2. 2. 2. 2. 2. 2.01600003e+00 2.02399993e+00
    2.00799990e+00 1.99199998e+00 1.97599995e+00 1.95700002e+00
    1.93700004e+00 1.93700004e+00 1.94799995e+00 1.98500001e+00 2. 2.
    1.96899998e+00 1.93700004e+00 1.93700004e+00 1.94500005e+00
    1.96500003e+00 1.97200000e+00 1.97200000e+00 1.92200005e+00
    1.87699997e+00 1.87699997e+00 1.86099994e+00 1.82700002e+00
    1.81799996e+00 0. 0. 0. 0. 0. 2. 2. 2. 2. 2. 2. 2. 2. 2. 2. 2. 2. 2.
    2. 2. 1.97599995e+00 1.94599998e+00 1.94599998e+00 1.95599997e+00
    1.98699999e+00 2. 2. 1.97300005e+00 1.94599998e+00 1.94599998e+00
    1.95799994e+00 1.98899996e+00 2. 2. 1.94400001e+00 1.89400005e+00
    1.89400005e+00 1.87600005e+00 1.83700001e+00 1.82599998e+00 0. 0. 0.
    0. 0. 2. 2. 2. 2. 2. 2. 2. 2. 2. 2. 2. 2. 2. 2. 2. 1.99199998e+00
    1.98199999e+00 1.98199999e+00 1.98500001e+00 1.99600005e+00 2. 2.
    1.99100006e+00 1.98199999e+00 1.98199999e+00 1.98599994e+00
    1.99600005e+00 2. 2. 1.98099995e+00 1.96500003e+00 1.96500003e+00
    1.93700004e+00 1.87699997e+00 1.86000001e+00 0. 0. 0. 0. 0. 2. 2. 2.
    2. 2. 2. 2. 2. 2. 2. 2. 2. 2. 2. 2. 2. 2. 2. 2. 2. 2. 2. 2. 2. 2. 2.
    2. 2. 2. 2. 2. 2. 1.97200000e+00 1.91100001e+00 1.89499998e+00 0. 0.
    0. 0. 0. 2. 2. 2. 2. 2. 2. 2. 2. 2. 2. 2. 2. 2. 2. 2. 2. 2. 2. 2. 2.
    2. 2. 2. 2. 2. 2. 2. 2. 2. 2. 2. 2. 1.98099995e+00 1.94000006e+00
    1.92900002e+00 0. 0. 0. 0. 0. 2. 2. 2. 2. 2.00300002e+00
    2.01900005e+00 2.02800012e+00 2.02800012e+00 2.01699996e+00 2. 2. 2.
    2. 2. 2. 2. 2. 2. 2. 2. 2. 2. 2. 2. 2. 2. 2. 2. 2. 2. 2. 2.
    1.98300004e+00 1.94700003e+00 1.93700004e+00 0. 0. 0. 0. 0. 2. 2. 2.
    2. 2.00600004e+00 2.04299998e+00 2.06299996e+00 2.06299996e+00
    2.03800011e+00 2.00300002e+00 2.00200009e+00 2.00200009e+00
    2.00200009e+00 2.00099993e+00 2. 2. 2. 2. 2. 2. 2. 2. 2. 2. 2. 2. 2.
    2. 2. 2. 2. 1.99899995e+00 1.98199999e+00 1.94700003e+00
    1.93700004e+00 0. 0. 0. 0. 0. 2. 2. 2. 2. 2.00600004e+00
    2.04299998e+00 2.06299996e+00 2.06299996e+00 2.05299997e+00
    2.03800011e+00 2.03800011e+00 2.03800011e+00 2.03800011e+00
    2.02699995e+00 2.00500011e+00 2. 2. 2. 2. 2. 2. 2. 2. 2. 2. 2. 2. 2.
    2. 2. 1.99600005e+00 1.97399998e+00 1.95500004e+00 1.94099998e+00
    1.93700004e+00 0. 0. 0. 0. 0. 2. 2.00399995e+00 2.01099992e+00
    2.01099992e+00 2.01699996e+00 2.04600000e+00 2.06299996e+00
    2.06299996e+00 2.06299996e+00 2.06299996e+00 2.06299996e+00
    2.06299996e+00 2.06299996e+00 2.04800010e+00 2.01799989e+00
    2.00600004e+00 2. 2. 2. 2. 2. 2. 2. 2. 2. 2. 2. 2. 2. 2.
    1.99300003e+00 1.95700002e+00 1.93700004e+00 1.93700004e+00
    1.93700004e+00 0. 0. 0. 0. 0. 2. 2.01799989e+00 2.04500008e+00
    2.04800010e+00 2.04900002e+00 2.05800009e+00 2.06299996e+00
    2.06299996e+00 2.06299996e+00 2.06299996e+00 2.06299996e+00
    2.06299996e+00 2.06299996e+00 2.05900002e+00 2.04999995e+00
    2.02600002e+00 2. 2. 2. 2. 2. 2. 2. 2. 2. 2. 2. 2. 2. 2.
    1.99300003e+00 1.95700002e+00 1.93700004e+00 1.93700004e+00
    1.93700004e+00 0. 0. 0. 0. 0. 2.02099991e+00 2.03699994e+00
    2.06100011e+00 2.06299996e+00 2.06299996e+00 2.06299996e+00
    2.06299996e+00 2.06299996e+00 2.06299996e+00 2.06299996e+00
