<?xml version="1.0"?>
<opencv_storage>
<Depth type_id="opencv-matrix">
  <rows>40</rows>
  <cols>40</cols>
  <dt>f</dt>
  <data>
    0. 0. 0. 0. 0. 0. 2.21799994e+00 2.00799990e+00 2. 2. 2. 2. 2.
    1.99699998e+00 1.99600005e+00 2. 1.99500000e+00 1.43299997e+00 0. 0.
    0. 0. 0. 0. 0. 0. 0. 0. 0. 0. 0. 0. 0. 0. 0. 0. 0. 0. 0. 0. 0. 0. 0.
    0. 0. 0. 1.71099997e+00 2. 2. 2. 2. 2. 2. 1.99800003e+00
    1.99600005e+00 2. 1.99899995e+00 1.99899995e+00 1.02699995e+00 0. 0.
    0. 0. 0. 0. 0. 0. 0. 0. 0. 0. 0. 0. 0. 0. 0. 0. 0. 0. 0. 0. 0. 0. 0.
    0. 0. 2.00500011e+00 2. 2. 2. 2. 2. 2. 1.99800003e+00 1.99600005e+00
    2. 2. 1.99800003e+00 1.53199995e+00 0. 0. 0. 0. 0. 0. 0. 0. 0. 0. 0.
    0. 0. 0. 0. 0. 0. 0. 0. 0. 0. 0. 0. 0. 0. 0. 0. 2.00799990e+00
    2.00099993e+00 2. 2. 2. 2. 2. 1.99600005e+00 1.99600005e+00 2. 2. 2.
    1.99800003e+00 0. 1.91499996e+00 0. 0. 0. 0. 0. 0. 0. 0. 0. 0. 0. 0.
    0. 0. 0. 0. 0. 0. 0. 0. 0. 0. 0. 0. 0. 2.00500011e+00 2.00099993e+00
    2. 2. 2. 2. 2. 2. 2. 2.00500011e+00 2.00399995e+00 2. 2.
    1.94900000e+00 0. 0. 0. 0. 0. 0. 0. 0. 0. 0. 0. 0. 0. 0. 0. 0. 0. 0.
    0. 0. 0. 0. 0. 0. 0. 0. 1.40499997e+00 1.69700003e+00 2. 2. 2. 2. 2.
    2. 2. 2.00399995e+00 2. 2. 2. 2. 0. 1.47000003e+00 0. 0. 0. 0. 0. 0.
    0. 0. 0. 0. 0. 0. 0. 0. 0. 0. 0. 0. 0. 0. 0. 0. 0. 0. 0. 0. 2. 2. 2.
    2. 2. 2. 2. 2.00099993e+00 2. 2.00099993e+00 2. 2. 2. 1.53100002e+00
    0. 0. 0. 0. 0. 0. 0. 0. 0. 0. 0. 0. 0. 0. 0. 0. 0. 0. 0. 0. 0. 0. 0.
    0. 0. 0. 1.91499996e+00 2. 2. 2.00300002e+00 2. 2. 2. 2.00500011e+00
    2.00500011e+00 2.00500011e+00 2.00500011e+00 2.00500011e+00 2.
    1.83899999e+00 0. 0. 0. 0. 0. 0. 0. 0. 0. 0. 0. 0. 0. 0. 0. 0. 0. 0.
    0. 0. 0. 0. 0. 0. 2.75600004e+00 0. 1.19900000e+00 2.00699997e+00
    2.00300002e+00 2. 2. 2. 2. 2.00200009e+00 2.00500011e+00
    2.00300002e+00 2. 2.00399995e+00 2.00200009e+00 1.94500005e+00
    1.73500001e+00 0. 0. 0. 0. 0. 0. 0. 0. 0. 0. 0. 0. 0. 0. 0. 0. 0. 0.
    0. 0. 0. 0. 0. 0. 0. 0. 2.00900006e+00 2.00500011e+00 2. 2. 2. 2.
    2.00399995e+00 2.00500011e+00 2.00099993e+00 2. 2.00099993e+00 2.
    2.00099993e+00 2.34500003e+00 0. 0. 0. 0. 0. 0. 0. 0. 0. 0. 0. 0. 0.
    0. 0. 0. 0. 0. 0. 0. 0. 0. 0. 0. 0. 0. 2. 2.00500011e+00
    2.00500011e+00 2. 2. 2. 2.00500011e+00 2.00500011e+00 2.00500011e+00
    2.00200009e+00 2. 2. 2. 0. 0. 0. 0. 0. 0. 0. 0. 0. 0. 0. 0. 0. 0. 0.
    0. 0. 0. 0. 0. 0. 0. 0. 0. 0. 0. 0. 0. 2.00500011e+00 2.00500011e+00
    2. 2. 2. 2.00500011e+00 2.00500011e+00 2.00500011e+00 2.00399995e+00
    2.00099993e+00 2. 2. 1.99699998e+00 0. 0. 0. 0. 0. 0. 0. 0. 0. 0. 0.
    0. 0. 0. 0. 0. 0. 0. 0. 0. 0. 0. 0. 0. 0. 0. 0. 2.00900006e+00
    2.00500011e+00 2.00099993e+00 2. 2. 2.00500011e+00 2.00500011e+00
    2.00300002e+00 2. 2. 2. 2. 2. 1.82299995e+00 0. 0. 0. 0. 0. 0. 0. 0.
    0. 0. 0. 0. 0. 0. 0. 0. 0. 0. 0. 0. 0. 0. 0. 0. 0. 0. 0.
    2.00500011e+00 2.00200009e+00 2. 2. 2.00500011e+00 2.00500011e+00
    2.00500011e+00 2.00099993e+00 2. 2. 2. 2. 2.00699997e+00 0. 0. 0. 0.
    0. 0. 0. 0. 0. 0. 0. 0. 0. 0. 0. 0. 0. 0. 0. 0. 0. 0. 0. 0. 0. 0. 0.
    1.30100000e+00 2. 2. 2.00500011e+00 2.00500011e+00 2.00500011e+00
    2.00500011e+00 2.00500011e+00 2.00500011e+00 2. 2. 2. 2.00200009e+00
    1.33200002e+00 0. 0. 0. 0. 0. 0. 0. 0. 0. 0. 0. 0. 0. 0. 0. 0. 0. 0.
    0. 0. 0. 0. 0. 0. 0. 0. 1.30100000e+00 2. 2. 2. 2.00500011e+00
    2.00500011e+00 2.00500011e+00 2.00500011e+00 2.00500011e+00
    2.00500011e+00 2. 2. 1.99699998e+00 1.84399998e+00 0. 0. 0. 0. 0. 0.
    0. 0. 0. 0. 0. 0. 0. 0. 0. 0. 0. 0. 0. 0. 0. 0. 0. 0. 0. 0. 0.
    1.52199996e+00 2.00099993e+00 2. 2.00799990e+00 2.00500011e+00 2.
    2.00500011e+00 2.00500011e+00 2. 2. 2. 2. 2.00300002e+00
    1.81500006e+00 0. 0. 0. 0. 0. 0. 0. 0. 0. 0. 0. 0. 0. 0. 0. 0. 0. 0.
    0. 0. 0. 0. 0. 0. 1.31599998e+00 0. 0. 2.00099993e+00 2.
    2.00900006e+00 2.00500011e+00 2.00500011e+00 2.00500011e+00
    2.00500011e+00 2. 2. 2. 2. 1.99699998e+00 2.00300002e+00 0. 0. 0. 0.
    0. 0. 0. 0. 0. 0. 0. 0. 0. 0. 0. 0. 0. 0. 0. 0. 0. 0. 0. 0. 0.
    1.63600004e+00 0. 2.00500011e+00 2.00200009e+00 2.00900006e+00
    2.00500011e+00 2.00500011e+00 2.00500011e+00 2.00500011e+00
    2.00500011e+00 2.00099993e+00 2. 1.99800003e+00 1.99899995e+00 2.
    1.99300003e+00 0. 0. 0. 0. 0. 0. 0. 0. 0. 0. 0. 0. 0. 0. 0. 0. 0. 0.
    0. 0. 0. 0. 0. 0. 0. 0. 2.00500011e+00 2.00300002e+00 2.00500011e+00
    2.00500011e+00 2.00500011e+00 2.00500011e+00 2.00500011e+00
    2.00500011e+00 2.00500011e+00 2. 1.99800003e+00 1.99699998e+00 2.
    1.99399996e+00 0. 0. 0. 0. 0. 0. 2.49099994e+00 0. 0. 0. 0. 0. 0. 0.
    0. 0. 0. 0. 0. 0. 0. 0. 0. 0. 0. 1.93400002e+00 1.08800006e+00 2.
    2.00500011e+00 2.00500011e+00 2.00500011e+00 2.00500011e+00 2. 2.
    2.00500011e+00 2.00300002e+00 1.99899995e+00 1.99899995e+00 2. 2. 0.
    0. 0. 0. 0. 0. 0. 0. 0. 0. 0. 0. 0. 0. 0. 0. 0. 0. 0. 0. 0. 0. 0. 0.
    0. 2.50699997e+00 0. 0. 2.00500011e+00 2.00500011e+00 2.00500011e+00
    2.00500011e+00 2. 2. 2.00399995e+00 2.00099993e+00 2.00200009e+00 2.
    2. 1.99699998e+00 1.26400006e+00 0. 0. 0. 0. 0. 0. 0. 0. 0. 0. 0. 0.
    0. 0. 0. 0. 0. 0. 0. 0. 0. 0. 0. 0. 2.52999997e+00 0. 0.
    2.00500011e+00 2.00500011e+00 2.00500011e+00 2.00500011e+00
    2.00099993e+00 2. 2. 2. 2. 2. 1.99600005e+00 1.99600005e+00
    2.30699992e+00 0. 0. 0. 0. 0. 0. 0. 0. 0. 0. 0. 0. 0. 0. 0. 0. 0. 0.
    0. 0. 0. 0. 0. 0. 0. 0. 0. 2.00500011e+00 2.00500011e+00
    2.00900006e+00 2.00500011e+00 2.00500011e+00 2.00099993e+00
    2.00099993e+00 2. 2. 2. 1.99600005e+00 2. 1.99199998e+00
    2.51300001e+00 0. 1.82599998e+00 0. 0. 0. 0. 0. 0. 0. 0. 0. 0. 0. 0.
    0. 0. 0. 0. 0. 0. 0. 0. 0. 0. 2.90599990e+00 0. 0. 2.00900006e+00
    2.00900006e+00 2.00699997e+00 2.00500011e+00 2.00500011e+00
    2.00399995e+00 2.00099993e+00 2.00099993e+00 2. 2. 1.99600005e+00
    1.99800003e+00 1.59800005e+00 0. 0. 0. 0. 0. 0. 0. 0. 0. 0. 0. 0. 0.
    0. 0. 0. 0. 0. 0. 0. 0. 0. 0. 0. 0. 0. 0. 1.55599999e+00
    2.00799990e+00 2.00600004e+00 2.00500011e+00 2.00500011e+00
    2.00399995e+00 2.00099993e+00 2.00399995e+00 2.00300002e+00 2.
    1.99600005e+00 1.99600005e+00 1.98699999e+00 1.08200002e+00 0. 0. 0.
    0. 0. 0. 0. 0. 0. 0. 0. 0. 0. 0. 0. 0. 0. 0. 0. 0. 0. 0. 0. 0. 0. 0.
    0. 2.00600004e+00 2.00500011e+00 2.00500011e+00 2.00500011e+00
    2.00500011e+00 2.00399995e+00 2.00200009e+00 2.00099993e+00 2.
    1.99600005e+00 1.99600005e+00 1.99300003e+00 1.38399994e+00 0. 0. 0.
    0. 0. 0. 0. 0. 0. 0. 0. 0. 0. 0. 0. 0. 2.69000006e+00 2.68099999e+00
    0. 0. 0. 0. 0. 0. 0. 0. 0. 2.00500011e+00 2.00500011e+00
    2.00500011e+00 2.00500011e+00 2.00500011e+00 2.00500011e+00 2. 2. 2.
    1.99899995e+00 1.99899995e+00 1.99399996e+00 1.90100002e+00 0. 0. 0.
    0. 0. 0. 0. 0. 0. 0. 0. 0. 0. 0. 0. 0. 2.70400000e+00 2.65799999e+00
    2.65799999e+00 0. 0. 0. 0. 0. 0. 0. 0. 1.31500006e+00 2.00500011e+00
    2.00799990e+00 2.00500011e+00 2.00500011e+00 2.00500011e+00 2. 2. 2.
    2. 2. 1.99600005e+00 1.99100006e+00 0. 0. 0. 0. 0. 0. 0. 0. 0. 0. 0.
    0. 0. 0. 0. 0. 0. 0. 2.68899989e+00 2.64700007e+00 2.64199996e+00 0.
    0. 0. 0. 0. 0. 0. 1.91499996e+00 2.00500011e+00 2.00500011e+00
    2.00500011e+00 2.00500011e+00 2. 2. 2. 2. 2. 1.99399996e+00
    1.99100006e+00 1.33200002e+00 0. 0. 0. 0. 0. 0. 0. 0. 0. 0. 0. 0. 0.
    0. 0. 0. 0. 0. 2.64700007e+00 2.63400006e+00 2.62500000e+00 0. 0. 0.
    2.94600010e+00 0. 0. 0. 2.00500011e+00 2.00500011e+00 2.00500011e+00
    2.00500011e+00 2. 2.00099993e+00 2. 2. 2. 1.99500000e+00
    1.98699999e+00 1.98300004e+00 0. 0. 0. 0. 0. 0. 0. 0. 0. 0. 0. 0. 0.
    0. 0. 0. 0. 0. 0. 0. 2.61700010e+00 2.60400009e+00 2.60200000e+00
    1.67700005e+00 0. 0. 0. 0. 1.86899996e+00 2.00500011e+00
    2.00500011e+00 2.00500011e+00 2.00500011e+00 2.00200009e+00 2. 2.
    1.99800003e+00 2.01799989e+00 2.12700009e+00 2.11999989e+00
    2.11800003e+00 0. 0. 0. 0. 0. 0. 0. 0. 0. 0. 0. 0. 0. 0. 0. 0. 0. 0.
    0. 0. 2.88199997e+00 2.59200001e+00 2.58699989e+00 2.04399991e+00 0.
