<?xml version="1.0"?>
<opencv_storage>
<Depth type_id="opencv-matrix">
  <rows>40</rows>
  <cols>40</cols>
  <dt>f</dt>
  <data>
    0. 0. 0. 0. 0. 0. 0. 0. 0. 0. 0. 0. 0. 0. 0. 0. 0. 0. 0. 0. 0. 0. 0.
    0. 0. 0. 0. 0. 0. 0. 0. 0. 0. 0. 0. 0. 0. 0. 0. 0. 0. 0. 0. 0. 0. 0.
    0. 0. 0. 0. 0. 0. 0. 0. 0. 0. 0. 0. 0. 0. 0. 0. 0. 0. 0. 0. 0. 0. 0.
    0. 0. 0. 0. 0. 0. 0. 0. 0. 0. 0. 0. 0. 0. 0. 0. 0. 0. 0. 0. 0. 0. 0.
    0. 0. 0. 0. 0. 0. 0. 0. 0. 0. 0. 0. 0. 0. 0. 0. 0. 0. 0. 0. 0. 0. 0.
    0. 0. 0. 0. 0. 0. 0. 0. 0. 0. 0. 0. 0. 0. 0. 0. 0. 0. 0. 0. 0. 0. 0.
    0. 0. 0. 0. 0. 0. 0. 0. 0. 0. 0. 0. 0. 0. 0. 0. 0. 0. 0. 0. 0. 0. 0.
    0. 0. 0. 0. 0. 0. 0. 0. 0. 0. 0. 0. 0. 0. 0. 0. 0. 0. 0. 0. 0. 0. 0.
    0. 0. 0. 0. 0. 0. 0. 0. 0. 0. 0. 0. 0. 0. 0. 0. 0. 0. 0. 0. 0. 0. 0.
    0. 0. 0. 0. 0. 0. 0. 0. 0. 0. 0. 0. 0. 0. 0. 0. 0. 0. 0. 0. 0. 0. 0.
    0. 0. 0. 0. 0. 0. 0. 0. 0. 0. 0. 0. 0. 0. 0. 0. 0. 0. 0. 0. 0. 0. 0.
    0. 0. 0. 0. 0. 0. 0. 0. 0. 0. 0. 0. 0. 0. 0. 0. 0. 0. 0. 0. 0. 0. 0.
    0. 0. 0. 0. 0. 0. 0. 0. 0. 0. 0. 0. 0. 0. 0. 0. 0. 0. 0. 0. 0. 0. 0.
    0. 0. 0. 0. 0. 0. 0. 0. 0. 0. 0. 0. 0. 0. 0. 0. 0. 0. 0. 0. 0. 0. 0.
    0. 0. 0. 0. 0. 0. 0. 0. 0. 0. 0. 0. 0. 0. 0. 0. 0. 0. 0. 0. 0. 0. 0.
    0. 0. 0. 0. 0. 0. 0. 0. 0. 0. 0. 0. 0. 0. 0. 0. 0. 0. 0. 0. 0. 0. 0.
    0. 0. 0. 0. 0. 0. 0. 0. 0. 0. 0. 0. 0. 0. 0. 0. 0. 0. 0. 0. 0. 0. 0.
    0. 0. 0. 0. 0. 0. 0. 0. 0. 0. 0. 0. 0. 0. 0. 0. 0. 0. 0. 0. 0. 0. 0.
    0. 0. 0. 0. 0. 0. 0. 0. 0. 0. 0. 0. 0. 0. 0. 0. 0. 0. 0. 0. 0. 0. 0.
    0. 0. 0. 0. 0. 0. 0. 0. 0. 0. 0. 0. 0. 0. 0. 0. 0. 0. 0. 0. 0. 0. 0.
    0. 0. 0. 0. 0. 0. 0. 0. 0. 0. 0. 0. 0. 0. 0. 0. 0. 0. 0. 0.
    2.08599997e+00 2.08599997e+00 2.08599997e+00 2.11199999e+00
    2.11599994e+00 2.09800005e+00 2.08599997e+00 2.08599997e+00
    2.07399988e+00 2.02800012e+00 2.02800012e+00 2.05200005e+00 0. 0. 0.
    2.01999998e+00 2. 1.94900000e+00 0. 0. 0. 0. 0. 0. 0. 0. 0. 0. 0. 0.
    1.69700003e+00 1.69700003e+00 1.69700003e+00 1.69700003e+00
    1.73199999e+00 2.47300005e+00 2.90199995e+00 2.80699992e+00
    2.64000010e+00 2.55299997e+00 2.08599997e+00 2.08599997e+00
    2.08599997e+00 2.11199999e+00 2.11599994e+00 2.09800005e+00
    2.08599997e+00 2.08599997e+00 2.07399988e+00 2.02800012e+00
    2.02800012e+00 2.05200005e+00 1.66400003e+00 1.47800004e+00
    1.70599997e+00 2.01999998e+00 1.99699998e+00 1.96700001e+00
    1.41499996e+00 1.34099996e+00 1.36800003e+00 1.38499999e+00
    1.37699997e+00 1.35800004e+00 1.33899999e+00 1.32000005e+00
    1.31900001e+00 1.33399999e+00 1.34099996e+00 1.49199998e+00
    1.69700003e+00 1.70000005e+00 1.71500003e+00 1.71500003e+00
    1.73599994e+00 1.88800001e+00 2.04299998e+00 2.09500003e+00
    2.03399992e+00 1.92299998e+00 2.10100007e+00 2.08599997e+00
    2.08599997e+00 2.11199999e+00 2.11599994e+00 2.09800005e+00
    2.08599997e+00 2.07900000e+00 2.05900002e+00 2.02800012e+00
    2.02800012e+00 2.05200005e+00 2.08299994e+00 2.09599996e+00
    2.06800008e+00 2.01999998e+00 1.99600005e+00 1.97200000e+00
    1.94799995e+00 1.94500005e+00 1.97899997e+00 2. 1.99000001e+00
    1.96599996e+00 1.94299996e+00 1.91900003e+00 1.91799998e+00
    1.92400002e+00 1.92700005e+00 1.88499999e+00 1.81700003e+00
    1.79400003e+00 1.80200005e+00 1.84700000e+00 1.85800004e+00
    1.86000001e+00 1.88900006e+00 1.91799998e+00 1.90199995e+00
    1.85099995e+00 2.11199999e+00 2.10200000e+00 2.10200000e+00
    2.12800002e+00 2.11999989e+00 2.09800005e+00 2.08599997e+00
    2.07599998e+00 2.05100012e+00 2.02800012e+00 2.02800012e+00
    2.05200005e+00 2.07699990e+00 2.07800007e+00 2.05299997e+00
    2.01999998e+00 1.99600005e+00 1.97200000e+00 1.96099997e+00
    1.97099996e+00 1.99000001e+00 2. 1.99500000e+00 1.98099995e+00
    1.95599997e+00 1.91999996e+00 1.91799998e+00 1.91799998e+00
    1.91799998e+00 1.91299999e+00 1.89900005e+00 1.88199997e+00
    1.88300002e+00 1.91400003e+00 1.91799998e+00 1.91799998e+00
    1.91100001e+00 1.90400004e+00 1.90100002e+00 1.89199996e+00
    2.12800002e+00 2.12800002e+00 2.12800002e+00 2.14400005e+00
    2.12400007e+00 2.10500002e+00 2.09200001e+00 2.07599998e+00
    2.05100012e+00 2.02800012e+00 2.02800012e+00 2.05200005e+00
    2.06900001e+00 2.05800009e+00 2.03800011e+00 2.01999998e+00
    1.99800003e+00 1.98300004e+00 1.98300004e+00 1.99600005e+00
    2.00699997e+00 2.00600004e+00 2. 1.99399996e+00 1.96700001e+00
    1.91999996e+00 1.91799998e+00 1.91799998e+00 1.91799998e+00
    1.91799998e+00 1.91799998e+00 1.91799998e+00 1.91799998e+00
    1.92799997e+00 1.92100000e+00 1.91799998e+00 1.90499997e+00
    1.89199996e+00 1.89199996e+00 1.89199996e+00 2.14599991e+00
    2.14599991e+00 2.14599991e+00 2.14599991e+00 2.12400007e+00
    2.11599994e+00 2.10200000e+00 2.07900000e+00 2.05900002e+00
    2.03600001e+00 2.03600001e+00 2.05299997e+00 2.05200005e+00
    2.03800011e+00 2.02800012e+00 2.02200007e+00 2.00799990e+00
    2.00699997e+00 2.00099993e+00 2. 2.01699996e+00 2.01399994e+00 2.
    1.99199998e+00 1.96099997e+00 1.91999996e+00 1.91799998e+00
    1.91799998e+00 1.91799998e+00 1.91799998e+00 1.91799998e+00
    1.91799998e+00 1.91900003e+00 1.93599999e+00 1.92299998e+00
    1.91799998e+00 1.90499997e+00 1.89199996e+00 1.89199996e+00
    1.89199996e+00 2.14599991e+00 2.14599991e+00 2.14599991e+00
    2.14199996e+00 2.12299991e+00 2.11599994e+00 2.10200000e+00
    2.08599997e+00 2.07999992e+00 2.05699992e+00 2.05699992e+00
    2.05399990e+00 2.03600001e+00 2.02800012e+00 2.02800012e+00
    2.02800012e+00 2.02800012e+00 2.02800012e+00 2.00300002e+00 2.
    2.01500010e+00 2.01200008e+00 1.99899995e+00 1.98500001e+00
    1.94299996e+00 1.91900003e+00 1.91799998e+00 1.91799998e+00
    1.91799998e+00 1.91799998e+00 1.91799998e+00 1.91799998e+00
    1.91799998e+00 1.91799998e+00 1.91799998e+00 1.91600001e+00
    1.90300000e+00 1.89199996e+00 1.89199996e+00 1.89199996e+00
    2.14599991e+00 2.14599991e+00 2.14599991e+00 2.11999989e+00
    2.11599994e+00 2.11599994e+00 2.10200000e+00 2.08599997e+00
    2.07999992e+00 2.05699992e+00 2.05699992e+00 2.03299999e+00
    2.02800012e+00 2.02800012e+00 2.02800012e+00 2.02800012e+00
    2.02800012e+00 2.02800012e+00 2.00300002e+00 2. 2. 2. 1.99000001e+00
    1.96599996e+00 1.94299996e+00 1.91900003e+00 1.91799998e+00
    1.91799998e+00 1.91799998e+00 1.91799998e+00 1.91799998e+00
    1.91799998e+00 1.91799998e+00 1.91799998e+00 1.91799998e+00
    1.90199995e+00 1.89199996e+00 1.89199996e+00 1.89199996e+00
    1.89199996e+00 2.11999989e+00 2.11999989e+00 2.11999989e+00
    2.11599994e+00 2.11599994e+00 2.11599994e+00 2.11400008e+00
    2.10299993e+00 2.07999992e+00 2.05500007e+00 2.03299999e+00
    2.02900004e+00 2.02800012e+00 2.02800012e+00 2.02800012e+00
    2.02800012e+00 2.02800012e+00 2.02800012e+00 2.02500010e+00
    2.02399993e+00 2.00900006e+00 1.98800004e+00 1.97399998e+00
    1.96599996e+00 1.94500005e+00 1.94200003e+00 1.94200003e+00
    1.94200003e+00 1.94200003e+00 1.93200004e+00 1.91799998e+00
    1.91799998e+00 1.91700006e+00 1.89800000e+00 1.89499998e+00
    1.89300001e+00 1.89199996e+00 1.88399994e+00 1.86899996e+00
    1.86899996e+00 2.11599994e+00 2.11599994e+00 2.11599994e+00
    2.11599994e+00 2.11599994e+00 2.11599994e+00 2.10500002e+00
    2.09100008e+00 2.07999992e+00 2.05500007e+00 2.02999997e+00
    2.02800012e+00 2.02800012e+00 2.02800012e+00 2.02800012e+00
    2.02800012e+00 2.02800012e+00 2.02800012e+00 2.00999999e+00
    2.00699997e+00 2.00300002e+00 1.98599994e+00 1.97200000e+00
    1.96599996e+00 1.94500005e+00 1.94500005e+00 1.94500005e+00
    1.94500005e+00 1.94500005e+00 1.93400002e+00 1.91799998e+00
    1.91799998e+00 1.91700006e+00 1.89499998e+00 1.89199996e+00
    1.89199996e+00 1.89199996e+00 1.88300002e+00 1.86600006e+00
    1.86600006e+00 2.11599994e+00 2.11599994e+00 2.11599994e+00
    2.11599994e+00 2.11599994e+00 2.11599994e+00 2.10200000e+00
    2.08599997e+00 2.07999992e+00 2.05500007e+00 2.02999997e+00
    2.02800012e+00 2.02800012e+00 2.02800012e+00 2.02800012e+00
