<?xml version="1.0"?>
<opencv_storage>
<Depth type_id="opencv-matrix">
  <rows>40</rows>
  <cols>40</cols>
  <dt>f</dt>
  <data>
    0. 0. 0. 0. 0. 0. 0. 0. 0. 0. 0. 0. 0. 0. 0. 0. 0. 0. 0. 0. 0. 0. 0.
    0. 0. 0. 0. 0. 0. 0. 0. 0. 0. 0. 0. 0. 0. 0. 0. 0. 0. 0. 0. 0. 0. 0.
    0. 0. 0. 0. 0. 0. 0. 0. 0. 0. 0. 0. 0. 0. 0. 0. 0. 0. 0. 0. 0. 0. 0.
    0. 0. 0. 0. 0. 0. 0. 0. 0. 0. 0. 0. 0. 0. 0. 0. 0. 0. 0. 0. 0. 0. 0.
    0. 0. 0. 0. 0. 0. 0. 0. 0. 0. 0. 0. 0. 0. 0. 0. 0. 0. 0. 0. 0. 0. 0.
    0. 0. 0. 0. 0. 0. 0. 0. 0. 0. 0. 0. 0. 0. 0. 0. 0. 0. 0. 0. 0. 0. 0.
    0. 0. 0. 0. 0. 0. 0. 0. 0. 0. 0. 0. 0. 0. 0. 0. 0. 0. 0. 0. 0. 0. 0.
    0. 0. 0. 0. 0. 0. 0. 0. 0. 0. 0. 0. 0. 0. 0. 0. 0. 0. 0. 0. 0. 0. 0.
    0. 0. 0. 0. 0. 0. 0. 0. 0. 0. 0. 0. 0. 0. 0. 0. 0. 0. 0. 0. 0. 0. 0.
    0. 0. 0. 0. 0. 0. 0. 0. 0. 0. 0. 0. 0. 0. 0. 0. 0. 0. 0. 0. 0. 0. 0.
    0. 0. 0. 0. 0. 0. 0. 0. 0. 0. 0. 0. 0. 0. 0. 0. 0. 0. 0. 0. 0. 0. 0.
    0. 0. 0. 0. 0. 0. 0. 0. 0. 0. 0. 0. 0. 0. 0. 0. 0. 0. 0. 0. 0. 0. 0.
    0. 0. 0. 0. 0. 0. 0. 0. 0. 0. 0. 0. 0. 0. 0. 0. 0. 0. 0. 0. 0. 0. 0.
    0. 0. 0. 0. 0. 0. 0. 0. 0. 0. 0. 0. 0. 0. 0. 0. 0. 0. 0. 0. 0. 0. 0.
    0. 0. 0. 0. 0. 0. 0. 0. 0. 0. 0. 0. 0. 0. 0. 1.95500004e+00
    2.33800006e+00 2.33800006e+00 2.33800006e+00 2.33800006e+00
    2.33800006e+00 2.33800006e+00 2.33800006e+00 2.33800006e+00
    2.33800006e+00 2.33800006e+00 2.33800006e+00 0. 0. 0. 0. 0. 0. 0. 0.
    0. 0. 0. 0. 0. 0. 0. 0. 0. 0. 0. 0. 0. 0. 0. 0. 0. 0. 0.
    1.21599996e+00 2.04299998e+00 2.29699993e+00 2.31100011e+00
    2.32599998e+00 2.33800006e+00 2.33800006e+00 2.33800006e+00
    2.33800006e+00 2.32599998e+00 2.31200004e+00 2.31200004e+00
    2.31200004e+00 0. 0. 0. 0. 0. 0. 0. 0. 0. 0. 0. 0. 0. 0. 0. 0. 0. 0.
    0. 0. 0. 0. 0. 0. 0. 0. 1.42900002e+00 2.10999990e+00 2.18300009e+00
    2.23200011e+00 2.26900005e+00 2.30800009e+00 2.33800006e+00
    2.33800006e+00 2.33800006e+00 2.33800006e+00 2.30699992e+00
    2.26999998e+00 2.26999998e+00 2.26999998e+00 0. 0. 0. 0. 0. 0. 0. 0.
    0. 0. 0. 0. 0. 0. 0. 0. 0. 0. 0. 0. 0. 0. 0. 0. 0. 0. 1.48899996e+00
    2.16199994e+00 2.16199994e+00 2.19000006e+00 2.22900009e+00
    2.26999998e+00 2.29999995e+00 2.29999995e+00 2.29999995e+00
    2.29999995e+00 2.25300002e+00 2.19499993e+00 2.19499993e+00
    2.19499993e+00 0. 0. 0. 0. 0. 0. 0. 0. 0. 0. 0. 0. 0. 0. 0. 0. 0. 0.
    0. 0. 0. 0. 0. 0. 0. 0. 1.52900004e+00 2.12299991e+00 2.12299991e+00
    2.15000010e+00 2.18899989e+00 2.22900009e+00 2.25900006e+00
    2.25900006e+00 2.25900006e+00 2.25900006e+00 2.20099998e+00
    2.12899995e+00 2.12899995e+00 2.12899995e+00 0. 0. 0. 0. 0. 0. 0. 0.
    0. 0. 0. 0. 0. 0. 0. 0. 0. 0. 0. 0. 0. 0. 0. 1.35000002e+00
    1.42600000e+00 1.49100006e+00 1.87100005e+00 2.08400011e+00
    2.08400011e+00 2.11199999e+00 2.15000010e+00 2.18899989e+00
    2.21900010e+00 2.21900010e+00 2.21900010e+00 2.21900010e+00
    2.17899990e+00 2.12899995e+00 2.12899995e+00 2.12899995e+00 0. 0. 0.
    0. 0. 0. 0. 0. 0. 0. 0. 0. 0. 0. 0. 0. 0. 0. 0. 0. 0. 0. 0.
    1.95099998e+00 2.05500007e+00 2.04699993e+00 2.04699993e+00
    2.04699993e+00 2.04699993e+00 2.06699991e+00 2.09599996e+00
    2.13400006e+00 2.16300011e+00 2.16300011e+00 2.16799998e+00
    2.17799997e+00 2.15700006e+00 2.12899995e+00 2.12899995e+00
    2.12899995e+00 0. 0. 0. 0. 0. 0. 0. 0. 0. 0. 0. 0. 0. 0. 0. 0. 0. 0.
    0. 0. 0. 0. 0. 1.95099998e+00 2.03600001e+00 2.01099992e+00
    2.01099992e+00 2.01099992e+00 2.01099992e+00 2.01500010e+00
    2.02200007e+00 2.05800009e+00 2.08599997e+00 2.08599997e+00
    2.10200000e+00 2.13400006e+00 2.13499999e+00 2.12899995e+00
    2.12899995e+00 2.12899995e+00 0. 0. 0. 0. 0. 0. 0. 0. 0. 0. 0. 0. 0.
    0. 0. 0. 0. 0. 0. 0. 0. 0. 1.26699996e+00 1.94500005e+00
    1.99199998e+00 1.97399998e+00 1.97399998e+00 1.97399998e+00
    1.97399998e+00 1.98500001e+00 2. 2.02099991e+00 2.04099989e+00
    2.05599999e+00 2.07500005e+00 2.09699988e+00 2.10200000e+00
    2.10200000e+00 2.10200000e+00 2.10200000e+00 0. 0. 0. 0. 0. 0. 0. 0.
    0. 0. 0. 0. 0. 0. 0. 0. 0. 0. 0. 0. 0. 1.90999997e+00 1.91999996e+00
    1.93700004e+00 1.93799996e+00 1.93799996e+00 1.93799996e+00
    1.93799996e+00 1.93799996e+00 1.96300006e+00 1.99899995e+00
    2.00099993e+00 2.00999999e+00 2.04500008e+00 2.06299996e+00
    2.06399989e+00 2.06399989e+00 2.06399989e+00 2.06399989e+00
    2.06399989e+00 0. 0. 0. 0. 0. 0. 0. 0. 0. 0. 0. 0. 0. 0. 0. 0. 0. 0.
    0. 0. 0. 1.87000000e+00 1.89499998e+00 1.93299997e+00 1.93700004e+00
    1.93700004e+00 1.93700004e+00 1.93700004e+00 1.93700004e+00
    1.96300006e+00 1.99899995e+00 2. 2.00399995e+00 2.01999998e+00
    2.03800011e+00 2.05800009e+00 2.06299996e+00 2.06299996e+00
    2.06299996e+00 2.06299996e+00 0. 0. 0. 0. 0. 0. 0. 0. 0. 0. 0. 0. 0.
    0. 0. 0. 0. 0. 0. 0. 0. 1.81799996e+00 1.85800004e+00 1.92200005e+00
    1.92900002e+00 1.92900002e+00 1.92900002e+00 1.92900002e+00
    1.92900002e+00 1.95400000e+00 1.99000001e+00 1.99100006e+00
    1.99199998e+00 1.99800003e+00 2.01600003e+00 2.04699993e+00
    2.05399990e+00 2.05399990e+00 2.05399990e+00 2.05399990e+00 0. 0. 0.
    0. 0. 0. 0. 0. 0. 0. 0. 0. 0. 0. 0. 0. 0. 0. 0. 0. 0. 1.81799996e+00
    1.84599996e+00 1.88999999e+00 1.89400005e+00 1.89400005e+00
    1.89400005e+00 1.89400005e+00 1.89400005e+00 1.91900003e+00
    1.95400000e+00 1.95500004e+00 1.96099997e+00 1.98699999e+00
    2.00500011e+00 2.01600003e+00 2.01799989e+00 2.01799989e+00
    2.01799989e+00 2.01799989e+00 0. 0. 0. 0. 0. 0. 0. 0. 0. 0. 0. 0. 0.
    0. 0. 0. 0. 0. 0. 0. 0. 1.80100000e+00 1.82200003e+00 1.85599995e+00
    1.86000001e+00 1.86000001e+00 1.86000001e+00 1.86399996e+00
    1.87399995e+00 1.90100002e+00 1.93599999e+00 1.93700004e+00
    1.94599998e+00 1.98199999e+00 2. 2. 2. 1.99399996e+00 1.86000001e+00
    1.76800001e+00 0. 0. 0. 0. 0. 0. 0. 0. 0. 0. 0. 0. 0. 0. 0. 0. 0. 0.
    0. 0. 0. 1.76699996e+00 1.78900003e+00 1.82200003e+00 1.82599998e+00
    1.82599998e+00 1.82599998e+00 1.83899999e+00 1.86800003e+00
    1.90100002e+00 1.93599999e+00 1.93700004e+00 1.94599998e+00
    1.98199999e+00 2. 2. 2. 1.98099995e+00 1.58599997e+00 1.31400001e+00
    0. 0. 0. 0. 0. 0. 0. 0. 0. 0. 0. 0. 0. 0. 0. 0. 0. 0. 0. 0. 0.
    1.75999999e+00 1.78100002e+00 1.81500006e+00 1.81799996e+00
    1.81799996e+00 1.81799996e+00 1.82599998e+00 1.84500003e+00
    1.87500000e+00 1.90900004e+00 1.92499995e+00 1.94200003e+00
    1.96200001e+00 1.97200000e+00 1.97200000e+00 1.97200000e+00
    1.95099998e+00 1.50199997e+00 1.19500005e+00 0. 0. 0. 0. 0. 0. 0. 0.
    0. 0. 0. 0. 0. 0. 0. 0. 0. 0. 0. 0. 0. 1.76199996e+00 1.78199995e+00
    1.81500006e+00 1.81799996e+00 1.81799996e+00 1.81799996e+00
    1.81799996e+00 1.81799996e+00 1.84200001e+00 1.87600005e+00
    1.91100001e+00 1.93700004e+00 1.93700004e+00 1.93700004e+00
    1.93700004e+00 1.92799997e+00 1.89699996e+00 1.46599996e+00
    1.17100000e+00 0. 0. 0. 0. 0. 0. 0. 0. 0. 0. 0. 0. 0. 0. 0. 0. 0. 0.
    0. 0. 0. 1.79499996e+00 1.80299997e+00 1.81700003e+00 1.81799996e+00
    1.81799996e+00 1.81799996e+00 1.81799996e+00 1.81799996e+00
    1.84200001e+00 1.87600005e+00 1.91100001e+00 1.93700004e+00
    1.93700004e+00 1.93700004e+00 1.93700004e+00 1.74100006e+00
    1.49100006e+00 1.30100000e+00 1.17100000e+00 0. 0. 0. 0. 0. 0. 0. 0.
    0. 0. 0. 0. 0. 0. 0. 0. 0. 0. 0. 0. 0. 1.80700004e+00 1.80700004e+00
    1.80700004e+00 1.80700004e+00 1.80700004e+00 1.80700004e+00
    1.80999994e+00 1.81599998e+00 1.83800006e+00 1.86600006e+00
    1.89999998e+00 1.92600000e+00 1.92600000e+00 1.92600000e+00
    1.92600000e+00 1.60599995e+00 1.21300006e+00 1.18799996e+00
    1.17100000e+00 0. 0. 0. 0. 0. 0. 0. 0. 0. 0. 0. 0. 0. 0. 0. 0. 0. 0.
    0. 0. 0. 1.77400005e+00 1.77400005e+00 1.77400005e+00 1.77400005e+00
    1.77400005e+00 1.77400005e+00 1.78499997e+00 1.81099999e+00
    1.82400000e+00 1.83200002e+00 1.86600006e+00 1.89100003e+00
    1.89100003e+00 1.89100003e+00 1.89100003e+00 1.58700001e+00
    1.21300006e+00 1.18799996e+00 1.17100000e+00 0. 0. 0. 0. 0. 0. 0. 0.
