<?xml version="1.0"?>
<opencv_storage>
<Depth type_id="opencv-matrix">
  <rows>40</rows>
  <cols>40</cols>
  <dt>f</dt>
  <data>
    0. 0. 0. 0. 0. 0. 0. 0. 0. 0. 0. 0. 0. 0. 0. 0. 0. 0. 0. 0. 0. 0. 0.
    0. 0. 0. 0. 0. 0. 0. 0. 0. 0. 0. 0. 0. 0. 0. 0. 0. 0. 0. 0. 0. 0. 0.
    0. 0. 0. 0. 0. 0. 0. 0. 0. 0. 0. 0. 0. 0. 0. 0. 0. 0. 0. 0. 0. 0. 0.
    0. 0. 0. 0. 0. 0. 0. 0. 0. 0. 0. 0. 0. 0. 0. 0. 0. 0. 0. 0. 0. 0. 0.
    0. 0. 0. 0. 0. 0. 0. 0. 0. 0. 0. 0. 0. 0. 0. 0. 0. 0. 0. 0. 0. 0. 0.
    0. 0. 0. 0. 0. 0. 0. 0. 0. 0. 0. 0. 0. 0. 0. 0. 0. 0. 0. 0. 0. 0. 0.
    0. 0. 0. 0. 0. 0. 0. 0. 0. 0. 0. 0. 0. 0. 0. 0. 0. 0. 0. 0. 0. 0. 0.
    0. 0. 0. 0. 0. 0. 0. 0. 0. 0. 0. 0. 0. 0. 0. 0. 0. 0. 0. 0. 0. 0. 0.
    0. 0. 0. 0. 0. 0. 0. 0. 0. 0. 0. 0. 0. 0. 0. 0. 0. 0. 0. 0. 0. 0. 0.
    0. 0. 0. 0. 0. 0. 0. 0. 0. 0. 0. 0. 0. 0. 0. 0. 0. 0. 0. 0. 0. 0. 0.
    0. 0. 0. 0. 0. 0. 0. 0. 0. 0. 0. 0. 0. 0. 0. 0. 0. 0. 0. 0. 0. 0. 0.
    0. 0. 0. 0. 0. 0. 0. 0. 0. 0. 0. 0. 0. 0. 0. 0. 0. 0. 0. 0. 0. 0. 0.
    0. 0. 0. 0. 0. 0. 0. 0. 0. 0. 0. 0. 0. 0. 0. 0. 0. 0. 0. 0. 0. 0. 0.
    0. 0. 0. 0. 0. 0. 0. 0. 0. 0. 0. 0. 0. 0. 0. 0. 0. 0. 0. 0. 0. 0. 0.
    0. 0. 0. 0. 0. 0. 0. 0. 0. 0. 0. 0. 0. 0. 0. 0. 0. 0. 0. 0. 0. 0. 0.
    0. 0. 0. 0. 0. 0. 0. 0. 0. 0. 0. 0. 0. 0. 0. 0. 0. 0. 0. 0. 0. 0. 0.
    0. 0. 0. 0. 0. 0. 0. 0. 0. 0. 0. 0. 0. 0. 0. 0. 0. 0. 0. 0. 0. 0. 0.
    0. 0. 0. 0. 0. 0. 0. 0. 0. 0. 0. 0. 0. 0. 0. 0. 0. 0. 0. 0. 0. 0.
    1.73399997e+00 2.01200008e+00 2.00300002e+00 1.95200002e+00
    1.94200003e+00 1.94200003e+00 1.90799999e+00 1.89300001e+00
    1.85200000e+00 1.83500004e+00 1.82500005e+00 0. 1.09599996e+00
    1.12500000e+00 1.12500000e+00 1.12899995e+00 1.12500000e+00
    1.12500000e+00 1.12500000e+00 1.12899995e+00 0. 0. 0. 0. 0. 0. 0. 0.
    0. 0. 0. 0. 0. 0. 2.22600007e+00 2.21300006e+00 0. 0. 0. 0.
    1.07700002e+00 2.01600003e+00 2.00300002e+00 1.95200002e+00
    1.94200003e+00 1.94200003e+00 1.92400002e+00 1.90400004e+00
    1.86199999e+00 1.83500004e+00 1.82500005e+00 1.82500005e+00
    1.47599995e+00 1.36600006e+00 1.12699997e+00 1.12899995e+00
    1.12500000e+00 1.12500000e+00 1.12500000e+00 1.12899995e+00 0. 0. 0.
    0. 0. 0. 0. 0. 0. 0. 0. 0. 0. 0. 2.22600007e+00 2.20700002e+00
    1.85099995e+00 1.76100004e+00 1.71599996e+00 1.71000004e+00
    2.04999995e+00 2.03999996e+00 2.02999997e+00 2.01600003e+00
    1.95099998e+00 1.94500005e+00 1.94099998e+00 1.91499996e+00
    1.89600003e+00 1.86000001e+00 1.83000004e+00 1.82500005e+00
    1.82500005e+00 1.78600001e+00 1.66100001e+00 1.16299999e+00
    1.12800002e+00 1.12800002e+00 1.12800002e+00 1.13499999e+00 0. 0. 0.
    0. 0. 0. 0. 0. 0. 0. 0. 0. 0. 0. 2.22499990e+00 2.19799995e+00
    2.17300010e+00 2.16700006e+00 2.13700008e+00 2.12800002e+00
    2.06399989e+00 2.05100012e+00 2.04200006e+00 2.03699994e+00
    2.00900006e+00 1.95500004e+00 1.94200003e+00 1.92700005e+00
    1.91199994e+00 1.88800001e+00 1.85800004e+00 1.84800005e+00
    1.82599998e+00 1.81500006e+00 1.79200006e+00 1.77699995e+00
    1.77699995e+00 1.41100001e+00 1.14400005e+00 1.14400005e+00 0. 0. 0.
    0. 0. 0. 0. 0. 0. 0. 0. 0. 0. 0. 2.22900009e+00 2.19099998e+00
    2.17300010e+00 2.16899991e+00 2.15300012e+00 2.13100004e+00
    2.08599997e+00 2.05699992e+00 2.04999995e+00 2.03699994e+00
    2.03699994e+00 1.97000003e+00 1.94200003e+00 1.93400002e+00
    1.92499995e+00 1.89800000e+00 1.89800000e+00 1.87000000e+00
    1.83000004e+00 1.81799996e+00 1.79900002e+00 1.78499997e+00
    1.78499997e+00 1.42700005e+00 1.16700006e+00 1.16299999e+00 0. 0. 0.
    0. 0. 0. 0. 0. 0. 0. 0. 0. 0. 0. 2.23600006e+00 2.19600010e+00
    2.19199991e+00 2.19000006e+00 2.16300011e+00 2.13100004e+00
    2.09699988e+00 2.07299995e+00 2.05200005e+00 2.02800012e+00
    2.02399993e+00 2.00200009e+00 1.95000005e+00 1.94200003e+00
    1.94200003e+00 1.89800000e+00 1.89800000e+00 1.87000000e+00
    1.84300005e+00 1.82799995e+00 1.80299997e+00 1.78600001e+00
    1.78499997e+00 1.42900002e+00 1.16900003e+00 1.16799998e+00 0. 0. 0.
    0. 0. 0. 0. 0. 0. 0. 0. 0. 0. 0. 2.06500006e+00 2.20199990e+00
    2.20000005e+00 2.19799995e+00 2.17400002e+00 2.14599991e+00
    2.11400008e+00 2.07800007e+00 2.05299997e+00 2.02500010e+00
    2.00699997e+00 2. 1.96700001e+00 1.95400000e+00 1.95299995e+00
    1.90799999e+00 1.90499997e+00 1.88399994e+00 1.85699999e+00
    1.84000003e+00 1.82000005e+00 1.80799997e+00 1.80700004e+00
    1.47700000e+00 1.17999995e+00 1.17400002e+00 0. 0. 0. 0. 0. 0. 0. 0.
    0. 0. 0. 0. 0. 0. 0. 2.24900007e+00 2.21900010e+00 2.21099997e+00
    2.19799995e+00 2.15899992e+00 2.13199997e+00 2.09699988e+00
    2.06399989e+00 2.03600001e+00 2.01300001e+00 2.00099993e+00
    1.99300003e+00 1.97500002e+00 1.95599997e+00 1.91299999e+00
    1.90600002e+00 1.89100003e+00 1.87100005e+00 1.85399997e+00
    1.83099997e+00 1.82500005e+00 1.82400000e+00 1.82099998e+00
    1.48000002e+00 1.17600000e+00 0. 0. 0. 0. 0. 0. 0. 0. 0. 0. 0. 0. 0.
    0. 0. 2.26399994e+00 2.22099996e+00 2.21099997e+00 2.19799995e+00
    2.17400002e+00 2.15000010e+00 2.10999990e+00 2.07699990e+00
    2.04600000e+00 2.02500010e+00 2.00999999e+00 2.00900006e+00
    1.99300003e+00 1.96300006e+00 1.92799997e+00 1.91400003e+00
    1.90199995e+00 1.87699997e+00 1.86000001e+00 1.83299994e+00
    1.82500005e+00 1.81500006e+00 1.80799997e+00 1.80799997e+00
    1.18099999e+00 0. 0. 0. 0. 0. 0. 0. 0. 0. 0. 0. 0. 0. 0. 0. 0.
    1.68599999e+00 2.23600006e+00 2.19899988e+00 2.17700005e+00
    2.16899991e+00 2.13899994e+00 2.09599996e+00 2.07399988e+00
    2.04500008e+00 2.01099992e+00 2. 1.99600005e+00 1.96399999e+00
    1.94299996e+00 1.91700006e+00 1.90199995e+00 1.87699997e+00
    1.86000001e+00 1.83299994e+00 1.81599998e+00 1.81200004e+00
    1.80499995e+00 1.25500000e+00 1.18200004e+00 0. 0. 0. 0. 0. 0. 0. 0.
    0. 0. 0. 0. 0. 0. 0. 0. 0. 2.21300006e+00 2.20900011e+00
    2.18799996e+00 2.16899991e+00 2.14299989e+00 2.10700011e+00
    2.08599997e+00 2.05599999e+00 2.03099990e+00 2. 1.99600005e+00
    1.96399999e+00 1.95299995e+00 1.93200004e+00 1.90799999e+00
    1.87699997e+00 1.86300004e+00 1.84099996e+00 1.82000005e+00
    1.81200004e+00 1.80499995e+00 1.47099996e+00 1.18599999e+00 0. 0. 0.
    0. 0. 0. 0. 0. 0. 0. 0. 0. 0. 0. 0. 0. 1.31400001e+00 2.28500009e+00
    2.23600006e+00 2.19799995e+00 2.17799997e+00 2.15000010e+00
    2.11199999e+00 2.08699989e+00 2.07100010e+00 2.07100010e+00
    2.00799990e+00 1.99600005e+00 1.96399999e+00 1.95299995e+00
    1.92999995e+00 1.91999996e+00 1.88499999e+00 1.87000000e+00
    1.86099994e+00 1.82700002e+00 1.81400001e+00 1.80799997e+00
    1.80799997e+00 1.19200003e+00 0. 0. 0. 0. 0. 0. 0. 0. 0. 0. 0. 0. 0.
    0. 0. 2.32900000e+00 2.32100010e+00 2.30100012e+00 2.25300002e+00
    2.21700001e+00 2.21300006e+00 2.18799996e+00 2.14599991e+00
    2.09999990e+00 2.08800006e+00 2.07900000e+00 2.03699994e+00
    2.00799990e+00 1.97700000e+00 1.95299995e+00 1.94200003e+00
    1.93499994e+00 1.90900004e+00 1.88100004e+00 1.86600006e+00
    1.85599995e+00 1.81500006e+00 1.80900002e+00 1.80499995e+00
    1.81500006e+00 0. 0. 0. 0. 0. 0. 0. 0. 0. 0. 0. 0. 0. 0. 0.
    1.49600005e+00 2.16000009e+00 2.30100012e+00 2.25300002e+00
    2.22799993e+00 2.22399998e+00 2.17100000e+00 2.14499998e+00
    2.10500002e+00 2.08800006e+00 2.06999993e+00 2.04900002e+00
    2.02500010e+00 2. 1.97300005e+00 1.95899999e+00 1.93900001e+00
    1.92400002e+00 1.89600003e+00 1.87699997e+00 1.87300003e+00
    1.82200003e+00 1.81500006e+00 1.81500006e+00 1.81500006e+00 0. 0. 0.
    0. 0. 0. 0. 0. 0. 0. 0. 0. 0. 0. 0. 0. 1.87500000e+00 2.32100010e+00
    2.27200007e+00 2.24300003e+00 2.21499991e+00 2.17799997e+00
    2.14899993e+00 2.11299992e+00 2.08500004e+00 2.06699991e+00
    2.05800009e+00 2.04399991e+00 2.01900005e+00 1.98800004e+00
    1.96099997e+00 1.94599998e+00 1.93099999e+00 1.90499997e+00
    1.89600003e+00 1.88699996e+00 1.85000002e+00 1.82200003e+00
    1.81599998e+00 1.81500006e+00 0. 0. 0. 0. 0. 0. 0. 0. 0. 0. 0. 0. 0.
