<?xml version="1.0"?>
<opencv_storage>
<Depth type_id="opencv-matrix">
  <rows>40</rows>
  <cols>40</cols>
  <dt>f</dt>
  <data>
    0. 0. 0. 0. 0. 0. 0. 0. 0. 0. 0. 0. 0. 0. 0. 0. 0. 0. 0. 0. 0. 0. 0.
    0. 0. 0. 0. 0. 0. 0. 0. 0. 0. 0. 0. 0. 0. 0. 0. 0. 0. 0. 0. 0. 0. 0.
    0. 0. 0. 0. 0. 0. 0. 0. 0. 0. 0. 0. 0. 0. 0. 0. 0. 0. 0. 0. 0. 0. 0.
    0. 0. 0. 0. 0. 0. 0. 0. 0. 0. 0. 0. 0. 0. 0. 0. 0. 0. 0. 0. 0.
    2.79699993e+00 2.08899999e+00 2.05500007e+00 2.05399990e+00
    2.05399990e+00 2.05399990e+00 2.05399990e+00 2.05399990e+00
    2.05399990e+00 2.05399990e+00 2.05200005e+00 2.01799989e+00 2. 2. 2.
    1.99000001e+00 1.95799994e+00 1.94900000e+00 2.17199993e+00 0. 0. 0.
    0. 0. 0. 0. 0. 0. 0. 0. 0. 0. 0. 0. 0. 0. 0. 0. 0. 0. 2.50300002e+00
    2.08899999e+00 2.05500007e+00 2.05399990e+00 2.05399990e+00
    2.05399990e+00 2.05399990e+00 2.05399990e+00 2.05399990e+00
    2.05399990e+00 2.05200005e+00 2.01799989e+00 2. 2. 2. 1.99000001e+00
    1.95799994e+00 1.94900000e+00 2.07200003e+00 2.87599993e+00 0. 0. 0.
    0. 0. 0. 0. 0. 0. 0. 0. 0. 0. 0. 0. 0. 0. 0. 0. 2.21300006e+00
    2.14400005e+00 2.09400010e+00 2.05999994e+00 2.05800009e+00
    2.05800009e+00 2.05800009e+00 2.05800009e+00 2.05800009e+00
    2.05500007e+00 2.05200005e+00 2.04800010e+00 2.01600003e+00 2. 2. 2.
    1.99000001e+00 1.95799994e+00 1.94900000e+00 1.94900000e+00
    1.94900000e+00 2.78600001e+00 0. 0. 0. 0. 0. 0. 0. 0. 0. 0. 0. 0. 0.
    0. 0. 0. 2.87800002e+00 2.58400011e+00 2.21600008e+00 2.16899991e+00
    2.12899995e+00 2.09400010e+00 2.09299994e+00 2.09299994e+00
    2.09299994e+00 2.09299994e+00 2.08699989e+00 2.06299996e+00
    2.03800011e+00 2.01500010e+00 2.00500011e+00 2. 2. 2. 1.99000001e+00
    1.95799994e+00 1.94900000e+00 1.94900000e+00 1.94900000e+00
    2.81500006e+00 0. 0. 0. 0. 0. 0. 0. 0. 0. 0. 0. 0. 0. 0. 0. 0.
    2.22199988e+00 2.21300006e+00 2.19899988e+00 2.17499995e+00
    2.15100002e+00 2.12800002e+00 2.11599994e+00 2.10800004e+00
    2.10800004e+00 2.10800004e+00 2.09999990e+00 2.06599998e+00
    2.03200006e+00 2. 2. 2. 2. 2. 1.99000001e+00 1.95799994e+00
    1.94900000e+00 1.94900000e+00 1.94900000e+00 2.82800007e+00 0. 0. 0.
    0. 0. 0. 0. 0. 0. 0. 0. 0. 0. 0. 0. 0. 2.22199988e+00 2.19700003e+00
    2.16499996e+00 2.16400003e+00 2.16400003e+00 2.16300011e+00
    2.12899995e+00 2.10800004e+00 2.10800004e+00 2.10800004e+00
    2.09999990e+00 2.06599998e+00 2.03200006e+00 2. 2. 2. 2. 2.
    1.99000001e+00 1.95799994e+00 1.94900000e+00 1.94900000e+00
    1.94900000e+00 2.82800007e+00 0. 0. 0. 0. 0. 0. 0. 0. 0. 0. 0. 0. 0.
    0. 0. 0. 2.22199988e+00 2.19600010e+00 2.16400003e+00 2.16400003e+00
    2.16400003e+00 2.16400003e+00 2.15100002e+00 2.14199996e+00
    2.14199996e+00 2.10800004e+00 2.07200003e+00 2.05900002e+00
    2.03200006e+00 2. 2. 2. 2. 2. 1.99600005e+00 1.98300004e+00
    1.98000002e+00 1.98000002e+00 1.98000002e+00 2.84800005e+00 0. 0. 0.
    0. 0. 0. 0. 0. 0. 0. 0. 0. 0. 0. 0. 0. 2.20799994e+00 2.18799996e+00
    2.16400003e+00 2.16400003e+00 2.16400003e+00 2.16400003e+00
    2.16400003e+00 2.16100001e+00 2.15199995e+00 2.10100007e+00
    2.05200005e+00 2.04399991e+00 2.02399993e+00 2. 2. 2. 2. 2. 2. 2. 2.
    2. 2. 2.85999990e+00 0. 0. 0. 0. 0. 0. 0. 0. 0. 0. 0. 0. 0. 0. 0. 0.
    2.17100000e+00 2.16799998e+00 2.16400003e+00 2.16400003e+00
    2.16400003e+00 2.16400003e+00 2.16400003e+00 2.15199995e+00
    2.12100005e+00 2.08400011e+00 2.04699993e+00 2.01699996e+00
    2.00399995e+00 2. 2. 2. 2. 2. 2. 2. 2. 2. 2. 2.85999990e+00 0. 0. 0.
    0. 0. 0. 0. 0. 0. 0. 0. 0. 0. 0. 0. 0. 2.16400003e+00 2.16400003e+00
    2.16400003e+00 2.16400003e+00 2.16400003e+00 2.16400003e+00
    2.14700007e+00 2.12899995e+00 2.11100006e+00 2.06699991e+00
    2.02300000e+00 2.00600004e+00 2. 2. 2. 2. 2. 2. 2. 2. 2. 2. 2.
    2.85999990e+00 0. 0. 0. 0. 0. 0. 0. 0. 0. 0. 0. 0. 0. 0. 0. 0.
    2.16400003e+00 2.16400003e+00 2.16400003e+00 2.16400003e+00
    2.16400003e+00 2.16400003e+00 2.13000011e+00 2.10800004e+00
    2.10800004e+00 2.05299997e+00 2. 2. 2. 2. 2. 2. 2. 2. 2. 2. 2. 2. 2.
    2.74300003e+00 0. 0. 0. 0. 0. 0. 0. 0. 0. 0. 0. 0. 0. 0. 0. 0.
    2.16400003e+00 2.16400003e+00 2.16400003e+00 2.16400003e+00
    2.16400003e+00 2.16400003e+00 2.13000011e+00 2.10800004e+00
    2.10800004e+00 2.05299997e+00 2. 2. 2. 2. 2. 2. 2. 2. 2. 2. 2. 2. 2.
    2.21099997e+00 2.57999992e+00 0. 0. 0. 0. 0. 0. 0. 0. 0. 0. 0. 0. 0.
    0. 0. 2.16400003e+00 2.16400003e+00 2.16400003e+00 2.16400003e+00
    2.16400003e+00 2.16400003e+00 2.13000011e+00 2.10800004e+00
    2.10800004e+00 2.05299997e+00 2. 2. 2. 2. 2. 2. 2. 2. 2. 2. 2. 2. 2.
    2.01999998e+00 2.05399990e+00 0. 0. 0. 0. 0. 0. 0. 0. 0. 0. 0. 0. 0.
    0. 0. 2.16400003e+00 2.16400003e+00 2.16400003e+00 2.16400003e+00
    2.16400003e+00 2.16400003e+00 2.13100004e+00 2.10999990e+00
    2.10800004e+00 2.05399990e+00 2.00200009e+00 2. 2. 2. 2. 2. 2. 2. 2.
    2. 2. 2. 2. 2.01999998e+00 2.05399990e+00 0. 0. 0. 0. 0. 0. 0. 0. 0.
    0. 0. 0. 0. 0. 0. 2.16400003e+00 2.16400003e+00 2.16400003e+00
    2.16400003e+00 2.16400003e+00 2.16400003e+00 2.15300012e+00
    2.13599992e+00 2.11299992e+00 2.07200003e+00 2.03099990e+00
    2.00799990e+00 2. 2. 2. 2. 2. 2. 2. 2. 2. 2. 2. 2.01999998e+00
    2.05399990e+00 0. 0. 0. 0. 0. 0. 0. 0. 0. 0. 0. 0. 0. 0. 0.
    2.18199992e+00 2.18199992e+00 2.18199992e+00 2.18199992e+00
    2.17499995e+00 2.16400003e+00 2.16400003e+00 2.15000010e+00
    2.11500001e+00 2.08100009e+00 2.04900002e+00 2.02500010e+00
    2.00999999e+00 2. 2. 2. 2. 2. 1.99699998e+00 1.98699999e+00
    1.98500001e+00 1.98599994e+00 1.99600005e+00 2.01999998e+00
    2.05399990e+00 0. 0. 0. 0. 0. 0. 0. 0. 0. 0. 0. 0. 0. 0. 0.
    2.21799994e+00 2.21799994e+00 2.21799994e+00 2.21799994e+00
    2.19899988e+00 2.16499996e+00 2.16400003e+00 2.15000010e+00
    2.11500001e+00 2.08100009e+00 2.05399990e+00 2.05100012e+00
    2.02999997e+00 2. 2. 2. 2. 2. 1.99000001e+00 1.96000004e+00
    1.95200002e+00 1.95700002e+00 1.98699999e+00 2.01999998e+00
    2.05399990e+00 0. 0. 0. 0. 0. 0. 0. 0. 0. 0. 0. 0. 0. 0. 0.
    2.22199988e+00 2.22199988e+00 2.22199988e+00 2.22199988e+00
    2.20199990e+00 2.16499996e+00 2.16400003e+00 2.15000010e+00
    2.11500001e+00 2.08100009e+00 2.05399990e+00 2.05399990e+00
    2.03200006e+00 2. 2. 2. 2. 2. 1.99000001e+00 1.95799994e+00
    1.94900000e+00 1.95400000e+00 1.98599994e+00 2.01999998e+00
    2.05399990e+00 0. 0. 0. 0. 0. 0. 0. 0. 0. 0. 0. 0. 0. 0. 0.
    2.22199988e+00 2.22199988e+00 2.22199988e+00 2.22199988e+00
    2.20199990e+00 2.16499996e+00 2.16400003e+00 2.15000010e+00
    2.11500001e+00 2.08100009e+00 2.05399990e+00 2.05399990e+00
    2.03200006e+00 2. 2. 2. 2. 2. 1.99199998e+00 1.96599996e+00
    1.95899999e+00 1.96300006e+00 1.98899996e+00 2.01999998e+00
    2.05399990e+00 0. 0. 0. 0. 0. 0. 0. 0. 0. 0. 0. 0. 0. 0. 0.
    2.22199988e+00 2.22199988e+00 2.22199988e+00 2.22199988e+00
    2.20199990e+00 2.16499996e+00 2.16400003e+00 2.15000010e+00
    2.11500001e+00 2.08100009e+00 2.05399990e+00 2.05399990e+00
    2.03200006e+00 2. 2. 2. 2. 2. 1.99800003e+00 1.99300003e+00
    1.99100006e+00 1.99199998e+00 1.99800003e+00 2.01999998e+00
    2.05399990e+00 0. 0. 0. 0. 0. 0. 0. 0. 0. 0. 0. 0. 0. 0. 0.
    2.22199988e+00 2.22199988e+00 2.22199988e+00 2.22199988e+00
    2.20199990e+00 2.16499996e+00 2.16400003e+00 2.15000010e+00
    2.11500001e+00 2.08100009e+00 2.05399990e+00 2.05399990e+00
    2.03200006e+00 2. 2. 2. 2. 2. 2. 2. 2. 2. 2. 2.01999998e+00
    2.05399990e+00 0. 0. 0. 0. 0. 0. 0. 0. 0. 0. 0. 0. 0. 0. 0.
    2.22799993e+00 2.22499990e+00 2.22199988e+00 2.22199988e+00
    2.20199990e+00 2.16499996e+00 2.16400003e+00 2.15000010e+00
    2.11500001e+00 2.08100009e+00 2.05399990e+00 2.05399990e+00
    2.03200006e+00 2. 2. 2. 2. 2. 2. 2. 2. 2. 2. 2.01999998e+00
    2.05399990e+00 0. 0. 0. 0. 0. 0. 0. 0. 0. 0. 0. 0. 0. 0. 0.
    2.26500010e+00 2.24600005e+00 2.22199988e+00 2.22199988e+00
    2.20199990e+00 2.16499996e+00 2.16400003e+00 2.15000010e+00
