<?xml version="1.0"?>
<opencv_storage>
<Depth type_id="opencv-matrix">
  <rows>40</rows>
  <cols>40</cols>
  <dt>f</dt>
  <data>
    0. 0. 0. 0. 0. 0. 0. 0. 0. 0. 0. 0. 0. 0. 0. 0. 0. 0. 0. 0. 0. 0. 0.
    0. 0. 0. 0. 0. 0. 0. 0. 0. 0. 0. 0. 0. 0. 0. 0. 0. 0. 0. 0. 0. 0. 0.
    0. 0. 0. 0. 0. 0. 0. 0. 0. 0. 0. 0. 0. 0. 0. 0. 0. 0. 0. 0. 0. 0. 0.
    0. 0. 0. 0. 0. 0. 0. 0. 0. 0. 0. 0. 0. 0. 0. 0. 0. 0. 0. 0. 0. 0. 0.
    0. 0. 0. 0. 0. 0. 0. 0. 0. 0. 0. 0. 0. 0. 0. 0. 0. 0. 0. 0. 0. 0. 0.
    0. 0. 0. 0. 0. 0. 0. 0. 0. 0. 0. 0. 0. 0. 0. 0. 0. 0. 0. 0. 0. 0. 0.
    0. 0. 0. 0. 0. 0. 0. 0. 0. 0. 0. 0. 0. 0. 0. 0. 0. 0. 0. 0. 0. 0. 0.
    0. 0. 0. 0. 0. 0. 0. 0. 0. 0. 0. 0. 0. 0. 0. 0. 0. 0. 0. 0. 0. 0. 0.
    0. 0. 0. 0. 0. 0. 0. 0. 0. 0. 0. 0. 0. 0. 0. 0. 0. 0. 0. 0. 0. 0. 0.
    0. 0. 0. 0. 0. 0. 0. 0. 0. 0. 0. 0. 0. 0. 0. 0. 0. 0. 0. 0. 0. 0. 0.
    0. 0. 0. 0. 0. 0. 0. 0. 0. 0. 0. 0. 0. 0. 0. 0. 0. 0. 0.
    1.81599998e+00 1.81599998e+00 1.81599998e+00 1.81599998e+00
    1.81700003e+00 1.87800002e+00 1.94000006e+00 2. 2. 2. 2.00200009e+00
    2.06699991e+00 2.13100004e+00 2.19600010e+00 2.26300001e+00
    2.32999992e+00 2.39800000e+00 2.46900010e+00 2.53999996e+00
    2.60700011e+00 2.60700011e+00 0. 0. 0. 0. 0. 0. 0. 0. 0. 0. 0. 0. 0.
    0. 0. 0. 0. 0. 0. 1.81599998e+00 1.81599998e+00 1.81599998e+00
    1.81599998e+00 1.81700003e+00 1.87800002e+00 1.94000006e+00 2. 2. 2.
    2.00200009e+00 2.06699991e+00 2.13100004e+00 2.19600010e+00
    2.26300001e+00 2.32999992e+00 2.39800000e+00 2.46900010e+00
    2.53999996e+00 2.60700011e+00 2.60700011e+00 0. 0. 0. 0. 0. 0. 0. 0.
    0. 0. 0. 0. 0. 0. 0. 0. 0. 0. 0. 1.81599998e+00 1.81599998e+00
    1.81599998e+00 1.81599998e+00 1.81700003e+00 1.87800002e+00
    1.94000006e+00 2. 2. 2. 2.00200009e+00 2.04399991e+00 2.08699989e+00
    2.13100004e+00 2.19700003e+00 2.26399994e+00 2.32999992e+00
    2.40000010e+00 2.47000003e+00 2.53500009e+00 2.53500009e+00 0. 0. 0.
    0. 0. 0. 0. 0. 0. 0. 0. 0. 0. 0. 0. 0. 0. 0. 0. 1.81599998e+00
    1.81599998e+00 1.81599998e+00 1.81599998e+00 1.81700003e+00
    1.87800002e+00 1.94000006e+00 2. 2. 2. 2.00099993e+00 2.02200007e+00
    2.04299998e+00 2.06699991e+00 2.13199997e+00 2.19700003e+00
    2.26300001e+00 2.33200002e+00 2.40000010e+00 2.46399999e+00
    2.46399999e+00 0. 0. 0. 0. 0. 0. 0. 0. 0. 0. 0. 0. 0. 0. 0. 0. 0. 0.
    0. 1.81599998e+00 1.81599998e+00 1.81599998e+00 1.81599998e+00
    1.81700003e+00 1.87800002e+00 1.94000006e+00 2. 2. 2. 2. 2. 2.
    2.00300002e+00 2.06699991e+00 2.13199997e+00 2.19700003e+00
    2.26399994e+00 2.32999992e+00 2.39299989e+00 2.39299989e+00 0. 0. 0.
    0. 0. 0. 0. 0. 0. 0. 0. 0. 0. 0. 0. 0. 0. 0. 0. 1.81599998e+00
    1.81599998e+00 1.81599998e+00 1.81599998e+00 1.81700003e+00
    1.87800002e+00 1.94000006e+00 2. 2. 2. 2. 2. 2. 2.00300002e+00
    2.06699991e+00 2.13199997e+00 2.19499993e+00 2.24000001e+00
    2.28399992e+00 2.32599998e+00 2.32599998e+00 0. 0. 0. 0. 0. 0. 0. 0.
    0. 0. 0. 0. 0. 0. 0. 0. 0. 0. 0. 1.81599998e+00 1.81599998e+00
    1.81599998e+00 1.81599998e+00 1.81700003e+00 1.87800002e+00
    1.94000006e+00 2. 2. 2. 2. 2. 2. 2.00300002e+00 2.06699991e+00
    2.13199997e+00 2.19400001e+00 2.21600008e+00 2.23799992e+00
    2.25900006e+00 2.25900006e+00 0. 0. 0. 0. 0. 0. 0. 0. 0. 0. 0. 0. 0.
    0. 0. 0. 0. 0. 0. 1.81799996e+00 1.81799996e+00 1.81799996e+00
    1.81799996e+00 1.81799996e+00 1.87899995e+00 1.94099998e+00 2. 2. 2.
    2. 2. 2. 2.00300002e+00 2.06699991e+00 2.13199997e+00 2.19300008e+00
    2.19300008e+00 2.19300008e+00 2.19300008e+00 2.19300008e+00 0. 0. 0.
    0. 0. 0. 0. 0. 0. 0. 0. 0. 0. 0. 0. 0. 0. 0. 0. 1.87899995e+00
    1.87899995e+00 1.87899995e+00 1.87899995e+00 1.88000000e+00
    1.91999996e+00 1.96099997e+00 2. 2. 2. 2. 2. 2. 2.00300002e+00
    2.06699991e+00 2.13199997e+00 2.19300008e+00 2.19300008e+00
    2.19300008e+00 2.19300008e+00 2.19300008e+00 0. 0. 0. 0. 0. 0. 0. 0.
    0. 0. 0. 0. 0. 0. 0. 0. 0. 0. 0. 1.94099998e+00 1.94099998e+00
    1.94099998e+00 1.94099998e+00 1.94099998e+00 1.96099997e+00
    1.98099995e+00 2. 2. 2. 2. 2. 2. 2.00300002e+00 2.06699991e+00
    2.13199997e+00 2.19300008e+00 2.19300008e+00 2.19300008e+00
    2.19300008e+00 2.19300008e+00 0. 0. 0. 0. 0. 0. 0. 0. 0. 0. 0. 0. 0.
    0. 0. 0. 0. 0. 0. 2. 2. 2. 2. 2. 2. 2. 2. 2. 2. 2. 2. 2.
    2.00300002e+00 2.06699991e+00 2.13199997e+00 2.19300008e+00
    2.19300008e+00 2.19300008e+00 2.19300008e+00 2.19300008e+00 0. 0. 0.
    0. 0. 0. 0. 0. 0. 0. 0. 0. 0. 0. 0. 0. 0. 0. 0. 2. 2. 2. 2. 2. 2. 2.
    2. 2. 2. 2. 2. 2. 2.00300002e+00 2.06699991e+00 2.13199997e+00
    2.19300008e+00 2.19300008e+00 2.19300008e+00 2.19300008e+00
    2.19300008e+00 0. 0. 0. 0. 0. 0. 0. 0. 0. 0. 0. 0. 0. 0. 0. 0. 0. 0.
    0. 2. 2. 2. 2. 2. 2. 2. 2. 2. 2. 2. 2. 2. 2.00300002e+00
    2.06699991e+00 2.13199997e+00 2.19300008e+00 2.19300008e+00
    2.19300008e+00 2.19300008e+00 2.19300008e+00 0. 0. 0. 0. 0. 0. 0. 0.
    0. 0. 0. 0. 0. 0. 0. 0. 0. 0. 0. 2. 2. 2. 2. 2. 2.00099993e+00
    2.00200009e+00 2.00300002e+00 2.00300002e+00 2.00300002e+00
    2.00300002e+00 2.00300002e+00 2.00300002e+00 2.00600004e+00
    2.06900001e+00 2.13299990e+00 2.19300008e+00 2.19300008e+00
    2.19300008e+00 2.19300008e+00 2.19300008e+00 0. 0. 0. 0. 0. 0. 0. 0.
    0. 0. 0. 0. 0. 0. 0. 0. 0. 0. 0. 2. 2. 2. 2. 2. 2.02300000e+00
    2.04500008e+00 2.06699991e+00 2.06699991e+00 2.06699991e+00
    2.06699991e+00 2.06699991e+00 2.06699991e+00 2.06900001e+00
    2.11100006e+00 2.15300012e+00 2.19300008e+00 2.19300008e+00
    2.19300008e+00 2.19300008e+00 2.19300008e+00 0. 0. 0. 0. 0. 0. 0. 0.
    0. 0. 0. 0. 0. 0. 0. 0. 0. 0. 0. 2. 2. 2. 2. 2.00099993e+00
    2.04500008e+00 2.08899999e+00 2.13199997e+00 2.13199997e+00
    2.13199997e+00 2.13199997e+00 2.13199997e+00 2.13199997e+00
    2.13299990e+00 2.15300012e+00 2.17400002e+00 2.19300008e+00
    2.19300008e+00 2.19300008e+00 2.19300008e+00 2.19300008e+00 0. 0. 0.
    0. 0. 0. 0. 0. 0. 0. 0. 0. 0. 0. 0. 0. 0. 0. 0. 2.00399995e+00
    2.00399995e+00 2.00399995e+00 2.00399995e+00 2.00500011e+00
    2.06800008e+00 2.13100004e+00 2.19300008e+00 2.19300008e+00
    2.19300008e+00 2.19300008e+00 2.19300008e+00 2.19300008e+00
    2.19300008e+00 2.19300008e+00 2.19300008e+00 2.19300008e+00
    2.19300008e+00 2.19300008e+00 2.19300008e+00 2.19300008e+00 0. 0. 0.
    0. 0. 0. 0. 0. 0. 0. 0. 0. 0. 0. 0. 0. 0. 0. 0. 2.06800008e+00
    2.06800008e+00 2.06800008e+00 2.06800008e+00 2.06900001e+00
    2.11100006e+00 2.15199995e+00 2.19300008e+00 2.19300008e+00
    2.19300008e+00 2.19300008e+00 2.19300008e+00 2.19300008e+00
    2.19300008e+00 2.19300008e+00 2.19300008e+00 2.19300008e+00
    2.19300008e+00 2.19300008e+00 2.19300008e+00 2.19300008e+00 0. 0. 0.
    0. 0. 0. 0. 0. 0. 0. 0. 0. 0. 0. 0. 0. 0. 0. 0. 2.13299990e+00
    2.13299990e+00 2.13299990e+00 2.13299990e+00 2.13299990e+00
    2.15300012e+00 2.17300010e+00 2.19300008e+00 2.19300008e+00
    2.19300008e+00 2.19300008e+00 2.19300008e+00 2.19300008e+00
    2.19300008e+00 2.19300008e+00 2.19300008e+00 2.19300008e+00
    2.19300008e+00 2.19300008e+00 2.19300008e+00 2.19300008e+00 0. 0. 0.
    0. 0. 0. 0. 0. 0. 0. 0. 0. 0. 0. 0. 0. 0. 0. 0. 2.18899989e+00
    2.18899989e+00 2.18899989e+00 2.18899989e+00 2.18899989e+00
    2.18899989e+00 2.18899989e+00 2.18899989e+00 2.18899989e+00
    2.18899989e+00 2.18899989e+00 2.19000006e+00 2.19199991e+00
    2.19300008e+00 2.19300008e+00 2.19300008e+00 2.19300008e+00
    2.19499993e+00 2.19600010e+00 2.19700003e+00 2.19700003e+00 0. 0. 0.
    0. 0. 0. 0. 0. 0. 0. 0. 0. 0. 0. 0. 0. 0. 0. 0. 2.12400007e+00
    2.12400007e+00 2.12400007e+00 2.12400007e+00 2.12400007e+00
    2.12400007e+00 2.12400007e+00 2.12400007e+00 2.12400007e+00
    2.12400007e+00 2.12500000e+00 2.14800000e+00 2.17100000e+00
    2.19300008e+00 2.19300008e+00 2.19300008e+00 2.19400001e+00
    2.21799994e+00 2.24200010e+00 2.26500010e+00 2.26500010e+00 0. 0. 0.
    0. 0. 0. 0. 0. 0. 0. 0. 0. 0. 0. 0. 0. 0. 0. 0. 2.05999994e+00
