<?xml version="1.0"?>
<opencv_storage>
<Depth type_id="opencv-matrix">
  <rows>40</rows>
  <cols>40</cols>
  <dt>f</dt>
  <data>
    0. 0. 0. 0. 0. 0. 0. 0. 0. 0. 0. 0. 0. 0. 0. 0. 0. 0. 0. 0. 0. 0. 0.
    0. 0. 0. 0. 0. 0. 0. 0. 0. 0. 0. 0. 0. 0. 0. 0. 0. 0. 0. 0. 0. 0. 0.
    0. 0. 0. 0. 0. 0. 0. 0. 0. 0. 0. 0. 0. 0. 0. 0. 0. 0. 0. 0. 0. 0. 0.
    0. 0. 0. 0. 0. 0. 0. 0. 0. 0. 0. 0. 0. 0. 0. 0. 0. 0. 0. 0. 0. 0. 0.
    0. 0. 0. 0. 0. 0. 0. 0. 0. 0. 0. 0. 0. 0. 0. 0. 0. 0. 0. 0. 0. 0. 0.
    0. 0. 0. 0. 0. 0. 0. 0. 0. 0. 0. 0. 0. 0. 0. 0. 0. 0. 0. 0. 0. 0. 0.
    0. 0. 0. 0. 0. 0. 0. 0. 0. 0. 0. 0. 0. 0. 0. 0. 0. 0. 0. 0. 0. 0. 0.
    0. 0. 0. 0. 0. 0. 0. 0. 0. 0. 0. 0. 0. 0. 0. 0. 0. 0. 0. 0. 0. 0. 0.
    0. 0. 0. 0. 0. 0. 0. 0. 0. 0. 0. 0. 0. 0. 0. 0. 0. 0. 0. 0. 0. 0. 0.
    0. 0. 0. 0. 0. 0. 0. 0. 0. 0. 0. 0. 0. 0. 0. 0. 0. 0. 0. 0. 0. 0. 0.
    0. 0. 0. 0. 0. 0. 0. 0. 0. 0. 0. 0. 0. 0. 0. 0. 0. 0. 0. 0. 0. 0. 0.
    0. 0. 0. 0. 0. 0. 0. 0. 0. 0. 0. 0. 0. 0. 0. 0. 0. 0. 0. 0. 0. 0. 0.
    0. 0. 0. 0. 0. 0. 0. 0. 0. 0. 0. 0. 0. 0. 0. 0. 0. 0. 0. 0. 0. 0. 0.
    0. 0. 0. 0. 0. 0. 0. 0. 0. 0. 0. 0. 0. 0. 0. 0. 0. 0. 0. 0. 0. 0. 0.
    0. 0. 0. 0. 0. 0. 0. 0. 0. 0. 0. 0. 0. 0. 0. 0. 0. 0. 0. 0. 0. 0. 0.
    0. 0. 0. 0. 0. 0. 0. 0. 0. 0. 0. 0. 0. 0. 0. 0. 0. 0. 0. 0. 0. 0. 0.
    0. 0. 0. 0. 0. 0. 0. 0. 0. 0. 0. 0. 0. 0. 0. 0. 0. 0. 0. 0. 0. 0. 0.
    0. 0. 0. 0. 0. 0. 0. 0. 0. 0. 0. 0. 0. 0. 0. 0. 0. 0. 0. 0. 0. 0. 0.
    0. 0. 0. 0. 0. 0. 0. 0. 0. 0. 0. 0. 0. 0. 0. 0. 0. 0. 0. 0. 0. 0. 0.
    0. 0. 0. 0. 0. 0. 0. 0. 0. 0. 0. 0. 0. 0. 0. 0. 0. 0. 0. 0. 0. 0. 0.
    0. 0. 0. 0. 0. 0. 0. 0. 0. 0. 0. 0. 0. 0. 0. 0. 0. 0. 0. 0. 0. 0. 0.
    0. 0. 0. 0. 0. 0. 0. 0. 0. 0. 0. 0. 0. 0. 0. 0. 0. 0. 0. 0. 0. 0. 0.
    0. 0. 0. 0. 0. 0. 0. 0. 0. 0. 0. 0. 0. 0. 0. 0. 0. 0. 0. 0. 0. 0. 0.
    0. 0. 0. 0. 0. 0. 0. 0. 0. 0. 0. 0. 0. 0. 0. 0. 0. 0. 0. 0. 0. 0. 0.
    0. 0. 0. 0. 0. 0. 0. 0. 1.94900000e+00 1.94900000e+00 1.94900000e+00
    1.94900000e+00 1.94900000e+00 1.94900000e+00 1.97899997e+00
    2.01099992e+00 2.04399991e+00 2.05100012e+00 2.04399991e+00
    2.01099992e+00 2. 2. 2. 2. 2. 2. 2. 2. 1.97200000e+00 1.94900000e+00
    1.94900000e+00 1.97300005e+00 2.00500011e+00 2.03800011e+00
    2.03099990e+00 2. 2. 2. 2. 2.02999997e+00 2.05100012e+00
    2.05100012e+00 2.02500010e+00 1.99300003e+00 1.96000004e+00
    1.94900000e+00 1.95200002e+00 1.98500001e+00 1.94900000e+00
    1.94900000e+00 1.94900000e+00 1.94900000e+00 1.94900000e+00
    1.94900000e+00 1.96500003e+00 1.98800004e+00 2.01999998e+00
    2.02800012e+00 2.02399993e+00 2.00600004e+00 2. 2. 2. 2. 2. 2. 2. 2.
    1.98500001e+00 1.97200000e+00 1.97200000e+00 1.98500001e+00
    2.00300002e+00 2.01999998e+00 2.01699996e+00 2. 2. 2. 2.
    2.02999997e+00 2.05100012e+00 2.05100012e+00 2.03699994e+00
    2.01300001e+00 1.96500003e+00 1.94900000e+00 1.95200002e+00
    1.98500001e+00 1.94900000e+00 1.94900000e+00 1.94900000e+00
    1.94900000e+00 1.94900000e+00 1.94900000e+00 1.94900000e+00
    1.95899999e+00 1.98899996e+00 1.99500000e+00 1.99600005e+00
    1.99899995e+00 2. 2. 2. 2. 2. 2. 2. 2. 2. 2. 2. 2. 2. 2. 2. 2. 2. 2.
    2. 2.02699995e+00 2.04600000e+00 2.04600000e+00 2.04600000e+00
    2.03200006e+00 1.97000003e+00 1.94900000e+00 1.95200002e+00
    1.98500001e+00 1.94900000e+00 1.94900000e+00 1.94900000e+00
    1.94900000e+00 1.94900000e+00 1.94900000e+00 1.94900000e+00
    1.95200002e+00 1.96000004e+00 1.96200001e+00 1.96800005e+00
    1.99199998e+00 2. 2. 2. 2. 2. 2. 2. 2. 2. 2. 2. 2. 2. 2. 2. 2. 2. 2.
    2. 2.00799990e+00 2.01300001e+00 2.01300001e+00 2.01300001e+00
    2.00399995e+00 1.96300006e+00 1.94900000e+00 1.95200002e+00
    1.98500001e+00 1.94900000e+00 1.94900000e+00 1.94900000e+00
    1.93599999e+00 1.92999995e+00 1.92999995e+00 1.92999995e+00
    1.93400002e+00 1.94599998e+00 1.94900000e+00 1.95599997e+00
    1.98899996e+00 2. 2. 2. 2. 2. 2. 2. 2. 2. 2. 2. 2. 2. 2. 2. 2. 2. 2.
    2. 2. 2. 2. 2. 1.99300003e+00 1.96000004e+00 1.94900000e+00
    1.95500004e+00 2.01300001e+00 1.94900000e+00 1.94900000e+00
    1.94799995e+00 1.91600001e+00 1.89900005e+00 1.89900005e+00
    1.89900005e+00 1.90999997e+00 1.94200003e+00 1.94900000e+00
    1.95599997e+00 1.98899996e+00 2. 2. 2. 2. 2. 2. 2. 2. 2. 2. 2. 2. 2.
    2. 2. 2. 2. 2. 2. 2. 2. 2. 2. 1.99300003e+00 1.96099997e+00
    1.95000005e+00 1.95400000e+00 1.99699998e+00 1.94900000e+00
    1.94900000e+00 1.94799995e+00 1.91600001e+00 1.89900005e+00
    1.89900005e+00 1.89900005e+00 1.90999997e+00 1.94200003e+00
    1.94900000e+00 1.95599997e+00 1.98899996e+00 2. 2. 2. 2. 2. 2. 2. 2.
    2. 2. 2. 2. 2. 2. 2. 2. 2. 2. 2. 2. 2. 2. 2. 1.99800003e+00
    1.98599994e+00 1.98300004e+00 1.80900002e+00 0. 1.90499997e+00
    1.92200005e+00 1.94799995e+00 1.91600001e+00 1.89900005e+00
    1.89900005e+00 1.89900005e+00 1.90999997e+00 1.94200003e+00
    1.94900000e+00 1.95599997e+00 1.98899996e+00 2. 2. 2. 2. 2. 2. 2. 2.
    2. 1.99699998e+00 1.98699999e+00 1.98500001e+00 1.98500001e+00
    1.98500001e+00 1.98500001e+00 1.98500001e+00 1.98500001e+00
    1.98899996e+00 1.99899995e+00 2. 2. 2. 2. 2. 2. 2. 1.73199999e+00 0.
    1.81299996e+00 1.86399996e+00 1.94799995e+00 1.91600001e+00
    1.89900005e+00 1.89900005e+00 1.89900005e+00 1.90999997e+00
    1.94200003e+00 1.94900000e+00 1.95599997e+00 1.98899996e+00 2. 2. 2.
    2. 2. 2. 2. 2. 2. 1.99100006e+00 1.96099997e+00 1.95200002e+00
    1.95200002e+00 1.95200002e+00 1.95200002e+00 1.95200002e+00
    1.95200002e+00 1.96700001e+00 1.99699998e+00 2. 2. 2. 2. 2. 2. 2.
    1.73199999e+00 0. 1.80400002e+00 1.85899997e+00 1.94799995e+00
    1.91600001e+00 1.89900005e+00 1.89900005e+00 1.89900005e+00
    1.90999997e+00 1.94200003e+00 1.94900000e+00 1.95599997e+00
    1.98899996e+00 2. 2. 2. 2. 2. 2.01799989e+00 2.02200007e+00
    2.00300002e+00 1.96800005e+00 1.93200004e+00 1.90100002e+00
    1.89199996e+00 1.89499998e+00 1.91299999e+00 1.93099999e+00
    1.94900000e+00 1.94900000e+00 1.96399999e+00 1.99699998e+00 2. 2. 2.
    2. 1.64999998e+00 0. 0. 0. 0. 0. 1.31200004e+00 1.94799995e+00
    1.92299998e+00 1.90999997e+00 1.90999997e+00 1.90999997e+00
    1.91900003e+00 1.94400001e+00 1.94900000e+00 1.82500005e+00
    1.26499999e+00 1.46399999e+00 2. 2. 2.00799990e+00 2.02300000e+00
    2.03299999e+00 2.02300000e+00 1.98399997e+00 1.92900002e+00
    1.88199997e+00 1.85800004e+00 1.85099995e+00 1.85599995e+00
    1.88699996e+00 1.91799998e+00 1.94900000e+00 1.94900000e+00
    1.96399999e+00 1.99699998e+00 2. 2. 2. 2.00600004e+00 1.40799999e+00
    0. 0. 0. 0. 0. 0. 1.94900000e+00 1.94400001e+00 1.94200003e+00
    1.94200003e+00 1.94200003e+00 1.94400001e+00 1.94799995e+00
    1.94900000e+00 1.44599998e+00 0. 0. 2. 2. 2.03099990e+00
    2.08899999e+00 2.03900003e+00 1.98199999e+00 1.92200005e+00
    1.88300002e+00 1.85599995e+00 1.85200000e+00 1.85099995e+00
    1.85599995e+00 1.88699996e+00 1.91799998e+00 1.94900000e+00
    1.94900000e+00 1.96399999e+00 1.99699998e+00 2. 2. 2. 2.02200007e+00
    1.43599999e+00 0. 0. 0. 0. 0. 0. 0. 0. 0. 0. 0. 0. 0. 0. 0. 0. 0. 0.
    0. 0. 0. 0. 0. 0. 0. 0. 0. 0. 0. 0. 0. 0. 0. 0. 0. 0. 0. 0. 0. 0. 0.
    0. 0. 0. 0. 0. 0. 0. 0. 0. 0. 0. 0. 0. 0. 0. 0. 0. 0. 0. 0. 0. 0. 0.
    0. 0. 0. 0. 0. 0. 0. 0. 0. 0. 0. 0. 0. 0. 0. 0. 0. 0. 0. 0. 0. 0. 0.
    0. 0. 0. 0. 0. 0. 0. 0. 0. 0. 0. 0. 0. 0. 0. 0. 0. 0. 0. 0. 0. 0. 0.
    0. 0. 0. 0. 0. 0. 0. 0. 0. 0. 0. 0. 0. 0. 0. 0. 0. 0. 0. 0. 0. 0. 0.
    0. 0. 0. 0. 0. 0. 0. 0. 0. 0. 0. 0. 0. 0. 0. 0. 0. 0. 0. 0. 0. 0. 0.
    0. 0. 0. 0. 0. 0. 0. 0. 0. 0. 0. 0. 0. 0. 0. 0. 0. 0. 0. 0. 0. 0. 0.
    0. 0. 0. 0. 0. 0. 0. 0. 0. 0. 0. 0. 0. 0. 0. 0. 0. 0. 0. 0. 0. 0. 0.
    0. 0. 0. 0. 0. 0. 0. 0. 0. 0. 0. 0. 0. 0. 0. 0. 0. 0. 0. 0. 0. 0. 0.
    0. 0. 0. 0. 0. 0. 0. 0. 0. 0. 0. 0. 0. 0. 0. 0. 0. 0. 0. 0. 0. 0. 0.
    0. 0. 0. 0. 0. 0. 0. 0. 0. 0. 0. 0. 0. 0. 0. 0. 0. 0. 0. 0. 0. 0. 0.
    0. 0. 0. 0. 0. 0. 0. 0. 0. 0. 0. 0. 0. 0. 0. 0. 0. 0. 0. 0. 0. 0. 0.
    0. 0. 0. 0. 0. 0. 0. 0. 0. 0. 0. 0. 0. 0. 0. 0. 0. 0. 0. 0. 0. 0. 0.
