<?xml version="1.0"?>
<opencv_storage>
<Depth type_id="opencv-matrix">
  <rows>40</rows>
  <cols>40</cols>
  <dt>f</dt>
  <data>
    0. 0. 0. 0. 0. 0. 0. 0. 0. 0. 0. 0. 0. 0. 0. 0. 0. 0. 0. 0. 0. 0. 0.
    0. 0. 0. 0. 0. 0. 0. 0. 0. 0. 0. 0. 0. 0. 0. 0. 0. 0. 0. 0. 0. 0. 0.
    0. 0. 0. 0. 0. 0. 0. 0. 0. 0. 0. 0. 0. 0. 0. 0. 0. 0. 0. 0. 0. 0. 0.
    0. 0. 0. 0. 0. 0. 0. 0. 0. 0. 0. 0. 0. 0. 0. 0. 0. 0. 0. 0. 0. 0. 0.
    0. 1.85200000e+00 1.85200000e+00 1.85200000e+00 1.85200000e+00
    1.85200000e+00 1.85200000e+00 1.85200000e+00 1.85200000e+00
    1.85200000e+00 1.85899997e+00 1.91499996e+00 1.97000003e+00 2. 0. 0.
    0. 0. 0. 0. 0. 0. 0. 0. 0. 0. 0. 0. 0. 0. 0. 0. 0. 0. 0. 0. 0. 0. 0.
    0. 0. 1.85200000e+00 1.85200000e+00 1.85200000e+00 1.85200000e+00
    1.85200000e+00 1.85200000e+00 1.85200000e+00 1.85500002e+00
    1.85800004e+00 1.86800003e+00 1.92400002e+00 1.97899997e+00
    2.00900006e+00 0. 0. 0. 0. 0. 0. 0. 0. 0. 0. 0. 0. 0. 0. 0. 0. 0. 0.
    0. 0. 0. 0. 0. 0. 0. 0. 0. 1.85200000e+00 1.85200000e+00
    1.85200000e+00 1.85200000e+00 1.85200000e+00 1.85200000e+00
    1.85200000e+00 1.87100005e+00 1.89499998e+00 1.92400002e+00
    1.98000002e+00 2.03600001e+00 2.06699991e+00 0. 0. 0. 0. 0. 0. 0. 0.
    0. 0. 0. 0. 0. 0. 0. 0. 0. 0. 0. 0. 0. 0. 0. 0. 0. 0. 0.
    1.85200000e+00 1.85200000e+00 1.85200000e+00 1.85200000e+00
    1.85200000e+00 1.85200000e+00 1.85200000e+00 1.88800001e+00
    1.93299997e+00 1.97899997e+00 2.03600001e+00 2.09299994e+00
    2.12400007e+00 0. 0. 0. 0. 0. 0. 0. 0. 0. 0. 0. 0. 0. 0. 0. 0. 0. 0.
    0. 0. 0. 0. 0. 0. 0. 0. 0. 1.85200000e+00 1.85200000e+00
    1.85200000e+00 1.85200000e+00 1.85200000e+00 1.85200000e+00
    1.85200000e+00 1.88900006e+00 1.93400002e+00 1.97899997e+00
    2.02699995e+00 2.07399988e+00 2.09899998e+00 0. 0. 0. 0. 0. 0. 0. 0.
    0. 0. 0. 0. 0. 0. 0. 0. 0. 0. 0. 0. 0. 0. 0. 0. 0. 0. 0.
    1.85200000e+00 1.85200000e+00 1.85200000e+00 1.85200000e+00
    1.85200000e+00 1.85200000e+00 1.85200000e+00 1.87199998e+00
    1.89699996e+00 1.92100000e+00 1.94700003e+00 1.97200000e+00
    1.98599994e+00 0. 0. 0. 0. 0. 0. 0. 0. 0. 0. 0. 0. 0. 0. 0. 0. 0. 0.
    0. 0. 0. 0. 0. 0. 0. 0. 0. 1.85200000e+00 1.85200000e+00
    1.85200000e+00 1.85200000e+00 1.85200000e+00 1.85200000e+00
    1.85200000e+00 1.85500002e+00 1.85899997e+00 1.86300004e+00
    1.86699998e+00 1.87100005e+00 1.87399995e+00 0. 0. 0. 0. 0. 0. 0. 0.
    0. 0. 0. 0. 0. 0. 0. 0. 0. 0. 0. 0. 0. 0. 0. 0. 0. 0. 0.
    1.85200000e+00 1.85200000e+00 1.85200000e+00 1.85200000e+00
    1.85200000e+00 1.85200000e+00 1.85200000e+00 1.85200000e+00
    1.85200000e+00 1.85200000e+00 1.85200000e+00 1.85200000e+00
    1.85200000e+00 0. 0. 0. 0. 0. 0. 0. 0. 0. 0. 0. 0. 0. 0. 0. 0. 0. 0.
    0. 0. 0. 0. 0. 0. 0. 0. 0. 1.85200000e+00 1.85200000e+00
    1.85200000e+00 1.85200000e+00 1.85200000e+00 1.85200000e+00
    1.85200000e+00 1.85200000e+00 1.85200000e+00 1.85200000e+00
    1.85200000e+00 1.85200000e+00 1.85200000e+00 0. 0. 0. 0. 0. 0. 0. 0.
    0. 0. 0. 0. 0. 0. 0. 0. 0. 0. 0. 0. 0. 0. 0. 0. 0. 0. 0.
    1.85899997e+00 1.85899997e+00 1.85899997e+00 1.85899997e+00
    1.85899997e+00 1.85899997e+00 1.85899997e+00 1.85899997e+00
    1.85899997e+00 1.86000001e+00 1.86300004e+00 1.86500001e+00
    1.86699998e+00 0. 0. 0. 0. 0. 0. 0. 0. 0. 0. 0. 0. 0. 0. 0. 0. 0. 0.
    0. 0. 0. 0. 0. 0. 0. 0. 0. 1.91499996e+00 1.91499996e+00
    1.91499996e+00 1.91499996e+00 1.91499996e+00 1.91499996e+00
    1.91499996e+00 1.91499996e+00 1.91499996e+00 1.91799998e+00
    1.94200003e+00 1.96700001e+00 1.98000002e+00 0. 0. 0. 0. 0. 0. 0. 0.
    0. 0. 0. 0. 0. 0. 0. 0. 0. 0. 0. 0. 0. 0. 0. 0. 0. 0. 0.
    1.97000003e+00 1.97000003e+00 1.97000003e+00 1.97000003e+00
    1.97000003e+00 1.97000003e+00 1.97000003e+00 1.97000003e+00
    1.97000003e+00 1.97599995e+00 2.02200007e+00 2.06800008e+00
    2.09299994e+00 0. 0. 0. 0. 0. 0. 0. 0. 0. 0. 0. 0. 0. 0. 0. 0. 0. 0.
    0. 0. 0. 0. 0. 0. 0. 0. 0. 2.02600002e+00 2.02600002e+00
    2.02600002e+00 2.02600002e+00 2.02099991e+00 2.01200008e+00
    2.00200009e+00 2. 2. 2.00799990e+00 2.06500006e+00 2.12299991e+00
    2.15400004e+00 0. 0. 0. 0. 0. 0. 0. 0. 0. 0. 0. 0. 0. 0. 0. 0. 0. 0.
    0. 0. 0. 0. 0. 0. 0. 0. 0. 2.08400011e+00 2.08400011e+00
    2.08400011e+00 2.08400011e+00 2.06900001e+00 2.03699994e+00
    2.00600004e+00 2. 2. 2.00799990e+00 2.06500006e+00 2.12299991e+00
    2.15400004e+00 0. 0. 0. 0. 0. 0. 0. 0. 0. 0. 0. 0. 0. 0. 0. 0. 0. 0.
    0. 0. 0. 0. 0. 0. 0. 0. 0. 2.14100003e+00 2.14100003e+00
    2.14100003e+00 2.14100003e+00 2.11599994e+00 2.06299996e+00
    2.00999999e+00 2. 2. 2.00799990e+00 2.06500006e+00 2.12299991e+00
    2.15400004e+00 0. 0. 0. 0. 0. 0. 0. 0. 0. 0. 0. 0. 0. 0. 0. 0. 0. 0.
    0. 0. 0. 0. 0. 0. 0. 0. 0. 2.10899997e+00 2.10899997e+00
    2.10899997e+00 2.10899997e+00 2.08899999e+00 2.04900002e+00
    2.00799990e+00 2.01399994e+00 2.02999997e+00 2.04999995e+00
    2.09100008e+00 2.13199997e+00 2.15400004e+00 0. 0. 0. 0. 0. 0. 0. 0.
    0. 0. 0. 0. 0. 0. 0. 0. 0. 0. 0. 0. 0. 0. 0. 0. 0. 0. 0.
    2.05200005e+00 2.05200005e+00 2.05200005e+00 2.05200005e+00
    2.04200006e+00 2.02300000e+00 2.00399995e+00 2.03099990e+00
    2.06900001e+00 2.10500002e+00 2.12400007e+00 2.14400005e+00
    2.15400004e+00 0. 0. 0. 0. 0. 0. 0. 0. 0. 0. 0. 0. 0. 0. 0. 0. 0. 0.
    0. 0. 0. 0. 0. 0. 0. 0. 0. 2. 2. 2. 2. 2. 2. 2. 2.04699993e+00
    2.10400009e+00 2.15400004e+00 2.15400004e+00 2.15400004e+00
    2.15400004e+00 0. 0. 0. 0. 0. 0. 0. 0. 0. 0. 0. 0. 0. 0. 0. 0. 0. 0.
    0. 0. 0. 0. 0. 0. 0. 0. 0. 2. 2. 2. 2. 2. 2. 2. 2.04699993e+00
    2.10400009e+00 2.15400004e+00 2.15400004e+00 2.15400004e+00
    2.15400004e+00 0. 0. 0. 0. 0. 0. 0. 0. 0. 0. 0. 0. 0. 0. 0. 0. 0. 0.
    0. 0. 0. 0. 0. 0. 0. 0. 0. 2. 2. 2. 2. 2. 2. 2. 2.04699993e+00
    2.10400009e+00 2.15400004e+00 2.15400004e+00 2.15400004e+00
    2.15400004e+00 0. 0. 0. 0. 0. 0. 0. 0. 0. 0. 0. 0. 0. 0. 0. 0. 0. 0.
    0. 0. 0. 0. 0. 0. 0. 0. 0. 1.97599995e+00 1.97800004e+00
    1.98699999e+00 1.99500000e+00 2. 2. 2. 2.04699993e+00 2.10400009e+00
    2.15499997e+00 2.16499996e+00 2.17400002e+00 2.18000007e+00 0. 0. 0.
    0. 0. 0. 0. 0. 0. 0. 0. 0. 0. 0. 0. 0. 0. 0. 0. 0. 0. 0. 0. 0. 0. 0.
    0. 1.92100000e+00 1.92600000e+00 1.95500004e+00 1.98500001e+00 2. 2.
    2. 2.04699993e+00 2.10400009e+00 2.15799999e+00 2.19000006e+00
    2.22199988e+00 2.23900008e+00 0. 0. 0. 0. 0. 0. 0. 0. 0. 0. 0. 0. 0.
    0. 0. 0. 0. 0. 0. 0. 0. 0. 0. 0. 0. 0. 0. 1.86600006e+00
    1.87399995e+00 1.92400002e+00 1.97399998e+00 2. 2. 2. 2.04699993e+00
    2.10400009e+00 2.16100001e+00 2.21499991e+00 2.26999998e+00
    2.29900002e+00 0. 0. 0. 0. 0. 0. 0. 0. 0. 0. 0. 0. 0. 0. 0. 0. 0. 0.
    0. 0. 0. 0. 0. 0. 0. 0. 0. 1.85200000e+00 1.86099994e+00
    1.91600001e+00 1.97200000e+00 2.00799990e+00 2.02399993e+00
    2.03999996e+00 2.07699990e+00 2.11800003e+00 2.16199994e+00
    2.22199988e+00 2.28200006e+00 2.31399989e+00 0. 0. 0. 0. 0. 0. 0. 0.
    0. 0. 0. 0. 0. 0. 0. 0. 0. 0. 0. 0. 0. 0. 0. 0. 0. 0. 0.
    1.85200000e+00 1.86099994e+00 1.91600001e+00 1.97200000e+00
    2.01799989e+00 2.05599999e+00 2.09400010e+00 2.11700010e+00
    2.13700008e+00 2.16199994e+00 2.22199988e+00 2.28200006e+00
    2.31399989e+00 0. 0. 0. 0. 0. 0. 0. 0. 0. 0. 0. 0. 0. 0. 0. 0. 0. 0.
    0. 0. 0. 0. 0. 0. 0. 0. 0. 1.85200000e+00 1.86099994e+00
    1.91600001e+00 1.97200000e+00 2.02699995e+00 2.08299994e+00
    2.13899994e+00 2.15100002e+00 2.15300012e+00 2.16199994e+00
    2.22000003e+00 2.27800012e+00 2.30999994e+00 0. 0. 0. 0. 0. 0. 0. 0.
    0. 0. 0. 0. 0. 0. 0. 0. 0. 0. 0. 0. 0. 0. 0. 0. 0. 0. 0.
    1.85200000e+00 1.86099994e+00 1.91600001e+00 1.97200000e+00
    2.01699996e+00 2.05100012e+00 2.08599997e+00 2.11100006e+00
    2.13400006e+00 2.15899992e+00 2.19499993e+00 2.23000002e+00
    2.25000000e+00 0. 0. 0. 0. 0. 0. 0. 0. 0. 0. 0. 0. 0. 0. 0. 0. 0. 0.
    0. 0. 0. 0. 0. 0. 0. 0. 0. 1.85200000e+00 1.86099994e+00
    1.91600001e+00 1.97200000e+00 2.00600004e+00 2.01900005e+00
