<?xml version="1.0"?>
<opencv_storage>
<Depth type_id="opencv-matrix">
  <rows>40</rows>
  <cols>40</cols>
  <dt>f</dt>
  <data>
    0. 0. 0. 0. 0. 0. 0. 0. 0. 0. 0. 0. 0. 0. 0. 0. 0. 0. 0. 0. 0. 0. 0.
    0. 0. 0. 0. 0. 0. 0. 0. 0. 0. 0. 0. 0. 0. 0. 0. 0. 0. 0. 0. 0. 0. 0.
    0. 0. 0. 0. 0. 0. 0. 0. 0. 0. 0. 0. 0. 0. 0. 0. 0. 0. 0. 0. 0. 0. 0.
    0. 0. 0. 0. 0. 0. 0. 0. 0. 0. 0. 0. 0. 0. 0. 0. 0. 0. 0. 0. 0. 0. 0.
    0. 0. 0. 0. 0. 0. 0. 0. 0. 0. 0. 0. 0. 0. 0. 0. 0. 0. 0. 0. 0. 0. 0.
    0. 0. 0. 0. 0. 0. 0. 0. 0. 0. 0. 0. 0. 0. 0. 0. 0. 0. 0. 0. 0. 0. 0.
    0. 0. 0. 0. 0. 0. 0. 0. 0. 0. 0. 0. 0. 0. 0. 0. 0. 0. 0. 0. 0. 0. 0.
    0. 0. 0. 0. 0. 0. 0. 0. 0. 0. 0. 0. 0. 0. 0. 0. 0. 0. 0. 0. 0. 0. 0.
    0. 0. 0. 0. 0. 0. 0. 0. 0. 0. 0. 0. 0. 0. 0. 0. 0. 0. 0. 0. 0. 0.
    1.76499999e+00 1.76499999e+00 1.76499999e+00 1.76499999e+00
    1.76499999e+00 1.76499999e+00 1.76499999e+00 1.76499999e+00
    1.76699996e+00 1.83700001e+00 1.90600002e+00 1.97500002e+00 2. 2. 2.
    2. 2. 2. 2. 2. 2. 2. 2. 2. 2. 2. 2. 0. 0. 0. 0. 0. 0. 0. 0. 0. 0. 0.
    0. 0. 1.76499999e+00 1.76499999e+00 1.76499999e+00 1.76499999e+00
    1.76499999e+00 1.76499999e+00 1.76499999e+00 1.76499999e+00
    1.76699996e+00 1.83700001e+00 1.90600002e+00 1.97500002e+00 2. 2. 2.
    2. 2. 2. 2. 2. 2. 2. 2. 2. 2. 2. 2. 0. 0. 0. 0. 0. 0. 0. 0. 0. 0. 0.
    0. 0. 1.76499999e+00 1.76499999e+00 1.76499999e+00 1.76499999e+00
    1.76499999e+00 1.77199996e+00 1.78799999e+00 1.80499995e+00
    1.82299995e+00 1.87600005e+00 1.92799997e+00 1.98099995e+00 2. 2. 2.
    2. 2. 2. 2. 2. 2. 2. 2. 2. 2. 2. 2. 0. 0. 0. 0. 0. 0. 0. 0. 0. 0. 0.
    0. 0. 1.76499999e+00 1.76499999e+00 1.76499999e+00 1.76499999e+00
    1.76499999e+00 1.78100002e+00 1.81799996e+00 1.85500002e+00
    1.89100003e+00 1.92400002e+00 1.95599997e+00 1.98899996e+00 2. 2. 2.
    2. 2. 2. 2. 2. 2. 2. 2. 2. 2. 2. 2. 0. 0. 0. 0. 0. 0. 0. 0. 0. 0. 0.
    0. 0. 1.76499999e+00 1.76499999e+00 1.76499999e+00 1.76499999e+00
    1.76499999e+00 1.78900003e+00 1.84700000e+00 1.90400004e+00
    1.96000004e+00 1.97200000e+00 1.98399997e+00 1.99600005e+00 2. 2. 2.
    2. 2. 2. 2. 2. 2. 2. 2. 2. 2. 2. 2. 0. 0. 0. 0. 0. 0. 0. 0. 0. 0. 0.
    0. 0. 1.76499999e+00 1.76499999e+00 1.77199996e+00 1.78100002e+00
    1.78900003e+00 1.82000005e+00 1.88000000e+00 1.94099998e+00 2. 2. 2.
    2. 2.00600004e+00 2.01500010e+00 2.02399993e+00 2.02800012e+00
    2.01900005e+00 2.00999999e+00 2.00099993e+00 2. 2. 2. 2. 2. 2. 2. 2.
    0. 0. 0. 0. 0. 0. 0. 0. 0. 0. 0. 0. 0. 1.76499999e+00 1.76499999e+00
    1.78799999e+00 1.81799996e+00 1.84700000e+00 1.88000000e+00
    1.92100000e+00 1.96099997e+00 2. 2. 2. 2. 2.01999998e+00
    2.04999995e+00 2.08100009e+00 2.09599996e+00 2.06500006e+00
    2.03399992e+00 2.00399995e+00 2. 2. 2. 2. 2. 2. 2. 2. 0. 0. 0. 0. 0.
    0. 0. 0. 0. 0. 0. 0. 0. 1.76499999e+00 1.76499999e+00 1.80499995e+00
    1.85500002e+00 1.90400004e+00 1.94099998e+00 1.96099997e+00
    1.98099995e+00 2. 2. 2. 2. 2.03399992e+00 2.08599997e+00
    2.13800001e+00 2.16300011e+00 2.11100006e+00 2.05900002e+00
    2.00699997e+00 2. 2. 2. 2. 2. 2. 2. 2. 0. 0. 0. 0. 0. 0. 0. 0. 0. 0.
    0. 0. 0. 1.76699996e+00 1.76699996e+00 1.82299995e+00 1.89100003e+00
    1.96000004e+00 2. 2. 2. 2. 2. 2. 2. 2.04699993e+00 2.11999989e+00
    2.19300008e+00 2.22799993e+00 2.15499997e+00 2.08200002e+00
    2.00900006e+00 2. 2. 2. 2. 2. 2. 2. 2. 0. 0. 0. 0. 0. 0. 0. 0. 0. 0.
    0. 0. 0. 1.83700001e+00 1.83700001e+00 1.87600005e+00 1.92400002e+00
    1.97200000e+00 2. 2. 2. 2. 2. 2. 2. 2.04699993e+00 2.11999989e+00
    2.19300008e+00 2.22799993e+00 2.15499997e+00 2.08200002e+00
    2.00900006e+00 2. 2. 2. 2. 2. 2. 2. 2. 0. 0. 0. 0. 0. 0. 0. 0. 0. 0.
    0. 0. 0. 1.90600002e+00 1.90600002e+00 1.92799997e+00 1.95599997e+00
    1.98399997e+00 2. 2. 2. 2. 2. 2. 2. 2.04699993e+00 2.11999989e+00
    2.19300008e+00 2.22799993e+00 2.15499997e+00 2.08200002e+00
    2.00900006e+00 2. 2. 2. 2. 2. 2. 2. 2. 0. 0. 0. 0. 0. 0. 0. 0. 0. 0.
    0. 0. 0. 1.97500002e+00 1.97500002e+00 1.98099995e+00 1.98899996e+00
    1.99600005e+00 2. 2. 2. 2. 2. 2. 2. 2.04699993e+00 2.11999989e+00
    2.19300008e+00 2.22799993e+00 2.15499997e+00 2.08200002e+00
    2.00900006e+00 2. 2. 2. 2. 2. 2. 2. 2. 0. 0. 0. 0. 0. 0. 0. 0. 0. 0.
    0. 0. 0. 2. 2. 2. 2. 2. 2. 2. 2. 2. 2. 2. 2. 2.03800011e+00
    2.09699988e+00 2.15599990e+00 2.18499994e+00 2.12599993e+00
    2.06699991e+00 2.00799990e+00 2. 2. 2. 2. 2. 2. 2. 2. 0. 0. 0. 0. 0.
    0. 0. 0. 0. 0. 0. 0. 0. 2. 2. 2. 2. 2. 2. 2. 2. 2. 2. 2. 2.
    2.02399993e+00 2.06200004e+00 2.09899998e+00 2.11700010e+00
    2.07999992e+00 2.04200006e+00 2.00500011e+00 2. 2. 2. 2. 2. 2. 2. 2.
    0. 0. 0. 0. 0. 0. 0. 0. 0. 0. 0. 0. 0. 2. 2. 2. 2. 2. 2. 2. 2. 2. 2.
    2. 2. 2.00999999e+00 2.02600002e+00 2.04200006e+00 2.04999995e+00
    2.03399992e+00 2.01799989e+00 2.00200009e+00 2. 2. 2. 2. 2. 2. 2. 2.
    0. 0. 0. 0. 0. 0. 0. 0. 0. 0. 0. 0. 0. 2. 2. 2. 2. 2. 2. 2. 2. 2. 2.
    2. 2. 2. 2. 2. 2. 2. 2. 2. 2. 2. 2. 1.92799997e+00 1.77900004e+00
    1.63100004e+00 1.49699998e+00 1.49699998e+00 0. 0. 0. 0. 0. 0. 0. 0.
    0. 0. 0. 0. 0. 2. 2. 2. 2. 2. 2. 2. 2. 2. 2. 2. 2. 2. 2. 2. 2. 2. 2.
    2. 2. 2. 2. 1.64900005e+00 0. 0. 0. 0. 0. 0. 0. 0. 0. 0. 0. 0. 0. 0.
    0. 0. 0. 2. 2. 2. 2. 2. 2. 2. 2. 2. 2. 2. 2. 2. 2. 2. 2. 2. 2. 2. 2.
    2. 2. 1.37100005e+00 0. 0. 0. 0. 0. 0. 0. 0. 0. 0. 0. 0. 0. 0. 0. 0.
    0. 2. 2. 2. 2. 2. 2. 2. 2. 2. 2. 2. 2. 2. 2. 2. 2. 2. 2. 2. 2. 2. 2.
    1.09200001e+00 0. 0. 0. 0. 0. 0. 0. 0. 0. 0. 0. 0. 0. 0. 0. 0. 0. 2.
    2. 2.01500010e+00 2.03399992e+00 2.05299997e+00 2.05599999e+00
    2.03699994e+00 2.01799989e+00 2. 2. 2. 2. 2. 2. 2. 2. 2. 2. 2. 2. 2.
    2. 1.05599999e+00 0. 0. 0. 0. 0. 0. 0. 0. 0. 0. 0. 0. 0. 0. 0. 0. 0.
    2. 2. 2.03200006e+00 2.07299995e+00 2.11299992e+00 2.11999989e+00
    2.07900000e+00 2.03900003e+00 2. 2. 2. 2. 2. 2. 2. 2. 2. 2. 2. 2. 2.
    2. 1.05599999e+00 0. 0. 0. 0. 0. 0. 0. 0. 0. 0. 0. 0. 0. 0. 0. 0. 0.
    2. 2. 2.04999995e+00 2.11199999e+00 2.17400002e+00 2.18300009e+00
    2.12199998e+00 2.05999994e+00 2. 2. 2. 2. 2. 2. 2. 2. 2. 2. 2. 2. 2.
    2. 1.05599999e+00 0. 0. 0. 0. 0. 0. 0. 0. 0. 0. 0. 0. 0. 0. 0. 0. 0.
    2. 2. 2.05900002e+00 2.13199997e+00 2.20499992e+00 2.21600008e+00
    2.14299989e+00 2.07100010e+00 2. 2. 2. 2. 1.99399996e+00
    1.98399997e+00 1.97399998e+00 1.96599996e+00 1.96599996e+00
    1.96599996e+00 1.96599996e+00 1.73199999e+00 1.46399999e+00
    1.19500005e+00 0. 0. 0. 0. 0. 0. 0. 0. 0. 0. 0. 0. 0. 0. 0. 0. 0. 0.
    2. 2. 2.05900002e+00 2.13199997e+00 2.20499992e+00 2.21600008e+00
    2.14299989e+00 2.07100010e+00 2. 2. 2. 2. 1.98000002e+00
    1.95000005e+00 1.91999996e+00 1.89699996e+00 1.89699996e+00
    1.89699996e+00 1.89699996e+00 1.17999995e+00 0. 0. 0. 0. 0. 0. 0. 0.
    0. 0. 0. 0. 0. 0. 0. 0. 0. 0. 0. 0. 2. 2. 2.05900002e+00
    2.13199997e+00 2.20499992e+00 2.21600008e+00 2.14299989e+00
    2.07100010e+00 2. 2. 2. 2. 1.96700001e+00 1.91600001e+00
    1.86500001e+00 1.82799995e+00 1.82799995e+00 1.82799995e+00
    1.82799995e+00 0. 0. 0. 0. 0. 0. 0. 0. 0. 0. 0. 0. 0. 0. 0. 0. 0. 0.
    0. 0. 0. 2. 2. 2.05900002e+00 2.13199997e+00 2.20499992e+00
    2.21600008e+00 2.14299989e+00 2.07100010e+00 2. 2. 2. 2.
    1.91999996e+00 1.79700005e+00 1.67400002e+00 1.58200002e+00
    1.58200002e+00 1.58200002e+00 1.58200002e+00 0. 0. 0. 0. 0. 0. 0. 0.
    0. 0. 0. 0. 0. 0. 0. 0. 0. 0. 0. 0. 0. 2. 2. 2.05900002e+00
    2.13199997e+00 2.20499992e+00 2.21600008e+00 2.14299989e+00
    2.07100010e+00 2. 2. 2. 2. 1.56200004e+00 0. 0. 0. 0. 0. 0. 0. 0. 0.
    0. 0. 0. 0. 0. 0. 0. 0. 0. 0. 0. 0. 0. 0. 0. 0. 0. 0. 2. 2.
    2.05900002e+00 2.13199997e+00 2.20499992e+00 2.21600008e+00
    2.14299989e+00 2.07100010e+00 2. 2. 2. 2. 1.20400000e+00 0. 0. 0. 0.
    0. 0. 0. 0. 0. 0. 0. 0. 0. 0. 0. 0. 0. 0. 0. 0. 0. 0. 0. 0. 0. 0. 0.
    2. 2. 2.05900002e+00 2.13199997e+00 2.20499992e+00 2.21600008e+00
    2.14299989e+00 2.07100010e+00 2. 2. 2. 2. 0. 0. 0. 0. 0. 0. 0. 0. 0.
