<?xml version="1.0"?>
<opencv_storage>
<Depth type_id="opencv-matrix">
  <rows>40</rows>
  <cols>40</cols>
  <dt>f</dt>
  <data>
    0. 0. 0. 0. 0. 0. 0. 0. 0. 0. 0. 0. 0. 0. 0. 0. 0. 0. 0. 0. 0. 0. 0.
    0. 0. 0. 0. 0. 0. 0. 0. 0. 0. 0. 0. 0. 0. 0. 0. 0. 0. 0. 0. 0. 0. 0.
    0. 0. 0. 0. 0. 0. 0. 0. 0. 0. 0. 0. 0. 0. 0. 0. 0. 0. 0. 0. 0. 0. 0.
    0. 0. 0. 0. 0. 0. 0. 0. 0. 0. 0. 0. 0. 0. 0. 0. 0. 0. 0. 0. 0. 0. 0.
    0. 0. 0. 0. 0. 0. 0. 0. 0. 0. 0. 0. 0. 0. 0. 0. 0. 0. 0. 0. 0. 0. 0.
    0. 0. 0. 0. 0. 0. 0. 0. 0. 0. 0. 0. 0. 0. 0. 0. 0. 0. 0. 0. 0. 0. 0.
    0. 0. 0. 0. 0. 0. 0. 0. 0. 0. 0. 0. 0. 0. 0. 0. 0. 0. 0. 0. 0. 0. 0.
    0. 0. 0. 0. 0. 0. 0. 2.11299992e+00 2.09800005e+00 2.09800005e+00
    2.09800005e+00 2.08800006e+00 2.06900001e+00 2.04999995e+00
    2.04900002e+00 2.63000011e+00 0. 0. 0. 0. 0. 0. 0. 0. 0.
    2.81900001e+00 2.53999996e+00 2.54500008e+00 2.56500006e+00
    2.52999997e+00 2.48000002e+00 2.36700010e+00 2.32399988e+00
    2.32100010e+00 2.29699993e+00 2.28099990e+00 0. 0. 0. 0. 0. 0. 0. 0.
    0. 0. 2.33699989e+00 2.09800005e+00 2.09800005e+00 2.09800005e+00
    2.09800005e+00 2.09500003e+00 2.08299994e+00 2.06500006e+00
    2.06399989e+00 2.51200008e+00 0. 0. 0. 0. 0. 0. 0. 0. 0. 0.
    2.51799989e+00 2.52500010e+00 2.55399990e+00 2.52200007e+00
    2.48900008e+00 2.39000010e+00 2.36199999e+00 2.33999991e+00
    2.31500006e+00 2.28600001e+00 0. 0. 0. 0. 0. 0. 0. 0. 0.
    2.49300003e+00 2.09800005e+00 2.09800005e+00 2.09800005e+00
    2.09800005e+00 2.09100008e+00 2.07800007e+00 2.07399988e+00
    2.06399989e+00 2.06200004e+00 2.04800010e+00 2.59400010e+00 0. 0. 0.
    0. 0. 0. 0. 0. 0. 2.52699995e+00 2.52999997e+00 2.54200006e+00
    2.52999997e+00 2.51799989e+00 2.47799993e+00 2.43700004e+00
    2.37400007e+00 2.35999990e+00 2.34200001e+00 0. 0. 0. 0. 0. 0. 0. 0.
    2.11500001e+00 2.10299993e+00 2.09800005e+00 2.09800005e+00
    2.09599996e+00 2.08899999e+00 2.07599998e+00 2.06399989e+00
    2.05699992e+00 2.05500007e+00 2.06200004e+00 2.04800010e+00
    2.04800010e+00 2.58100009e+00 0. 0. 0. 0. 0. 0. 0. 0. 0.
    2.54200006e+00 2.54200006e+00 2.52999997e+00 2.51799989e+00
    2.49900007e+00 2.46300006e+00 2.43899989e+00 2.43400002e+00
    2.44199991e+00 0. 0. 0. 0. 0. 0. 0. 2.52800012e+00 2.11500001e+00
    2.10299993e+00 2.09800005e+00 2.08599997e+00 2.08500004e+00
    2.07699990e+00 2.06100011e+00 2.05299997e+00 2.04900002e+00
    2.04800010e+00 2.06200004e+00 2.04800010e+00 2.04800010e+00
    2.04800010e+00 2.47300005e+00 0. 0. 0. 0. 0. 0. 0. 0. 2.57399988e+00
    2.55299997e+00 2.52999997e+00 2.51799989e+00 2.49900007e+00
    2.48900008e+00 2.46600008e+00 2.46700001e+00 2.47199988e+00 0. 0. 0.
    0. 0. 0. 0. 2.11500001e+00 2.11500001e+00 2.10299993e+00
    2.09800005e+00 2.08100009e+00 2.07800007e+00 2.06599998e+00
    2.05599999e+00 2.04800010e+00 2.04800010e+00 2.04800010e+00
    2.04999995e+00 2.04800010e+00 2.04800010e+00 2.03999996e+00
    2.03399992e+00 0. 0. 0. 0. 0. 0. 0. 0. 0. 2.56500006e+00
    2.55100012e+00 2.52500010e+00 2.51600003e+00 2.51500010e+00
    2.49200010e+00 2.49200010e+00 2.49200010e+00 0. 0. 0. 0. 0.
    2.24099994e+00 2.22399998e+00 2.18799996e+00 2.12299991e+00
    2.10299993e+00 2.08299994e+00 2.08100009e+00 2.06399989e+00
    2.06399989e+00 2.06399989e+00 2.05399990e+00 2.04800010e+00
    2.04800010e+00 2.04800010e+00 2.04800010e+00 2.04800010e+00
    2.03900003e+00 2.03200006e+00 2.03200006e+00 0. 0. 0. 0. 0. 0. 0. 0.
    2.56599998e+00 2.55399990e+00 2.54200006e+00 2.52300000e+00
    2.51799989e+00 2.51500010e+00 2.49499989e+00 2.49499989e+00 0. 0. 0.
    0. 0. 2.22399998e+00 2.22000003e+00 2.19199991e+00 2.14400005e+00
    2.11700010e+00 2.08800006e+00 2.08100009e+00 2.06699991e+00
    2.06399989e+00 2.06399989e+00 2.05399990e+00 2.04600000e+00
    2.04500008e+00 2.04500008e+00 2.04500008e+00 2.04600000e+00
    2.04800010e+00 2.03600001e+00 2.03200006e+00 0. 0. 0. 0. 0. 0. 0. 0.
    2.56200004e+00 2.55200005e+00 2.53900003e+00 2.53800011e+00
    2.51900005e+00 2.51799989e+00 2.51200008e+00 2.49499989e+00 0. 0. 0.
    0. 0. 2.23000002e+00 2.22399998e+00 2.19799995e+00 2.17000008e+00
    2.13100004e+00 2.10599995e+00 2.08699989e+00 2.07800007e+00
    2.06399989e+00 2.06100011e+00 2.05200005e+00 2.03500009e+00
    2.03200006e+00 2.03200006e+00 2.03200006e+00 2.03900003e+00
    2.04800010e+00 2.03600001e+00 2.03200006e+00 2.13400006e+00 0. 0. 0.
    0. 0. 0. 0. 2.54200006e+00 2.53800011e+00 2.52399993e+00
    2.51799989e+00 2.51799989e+00 2.51799989e+00 2.51200008e+00
    2.49499989e+00 0. 0. 0. 0. 0. 2.24300003e+00 2.23399997e+00
    2.19799995e+00 2.18099999e+00 2.15199995e+00 2.11899996e+00
    2.09800005e+00 2.08599997e+00 2.06699991e+00 2.05200005e+00
    2.04299998e+00 2.03399992e+00 2.03200006e+00 2.03200006e+00
    2.03200006e+00 2.03600001e+00 2.03999996e+00 2.03399992e+00
    2.03200006e+00 2.02399993e+00 2.24900007e+00 0. 0. 0. 0. 0. 0.
    2.98699999e+00 2.53600001e+00 2.51799989e+00 2.51799989e+00
    2.52900004e+00 2.52800012e+00 2.51500010e+00 2.50600004e+00 0. 0. 0.
    0. 0. 2.24300003e+00 2.23699999e+00 2.21000004e+00 2.19199991e+00
    2.17700005e+00 2.14299989e+00 2.10899997e+00 2.10599995e+00
    2.07699990e+00 2.04800010e+00 2.03800011e+00 2.03200006e+00
    2.03200006e+00 2.03200006e+00 2.03200006e+00 2.03200006e+00
    2.03200006e+00 2.03200006e+00 2.03200006e+00 2.01600003e+00
    2.01600003e+00 2.27500010e+00 0. 0. 0. 0. 0. 0. 2.55900002e+00
    2.52399993e+00 2.51799989e+00 2.52600002e+00 2.52500010e+00
    2.51799989e+00 2.51799989e+00 0. 0. 0. 0. 0. 0. 2.25000000e+00
    2.22300005e+00 2.20099998e+00 2.18600011e+00 2.16700006e+00
    2.14299989e+00 2.12400007e+00 2.08100009e+00 2.04800010e+00
    2.03800011e+00 2.03200006e+00 2.03200006e+00 2.01900005e+00
    2.02300000e+00 2.03200006e+00 2.03200006e+00 2.03200006e+00
    2.01999998e+00 2.01500010e+00 2.00300002e+00 2.00900006e+00
    2.20799994e+00 0. 0. 0. 0. 0. 2.57699990e+00 2.53900003e+00
    2.53699994e+00 2.51900005e+00 2.51799989e+00 2.51799989e+00
    2.51799989e+00 0. 0. 0. 0. 0. 0. 0. 2.22399998e+00 2.21300006e+00
    2.20400000e+00 2.17300010e+00 2.16700006e+00 2.12700009e+00
    2.08599997e+00 2.05599999e+00 2.03800011e+00 2.03200006e+00
    2.03200006e+00 2.01600003e+00 2.02099991e+00 2.03200006e+00
    2.03200006e+00 2.01999998e+00 2.01600003e+00 2.01500010e+00 2.
    2.00600004e+00 2.01600003e+00 0. 0. 0. 0. 0. 2.59100008e+00
    2.56500006e+00 2.54699993e+00 2.51900005e+00 2.51799989e+00
    2.51799989e+00 2.51799989e+00 0. 0. 0. 0. 0. 0. 0. 0. 2.33299994e+00
    2.20499992e+00 2.18899989e+00 2.16799998e+00 2.16100001e+00
    2.10899997e+00 2.05800009e+00 2.03999996e+00 2.03399992e+00
    2.03399992e+00 2.03200006e+00 2.03200006e+00 2.02500010e+00
    2.01600003e+00 2.01399994e+00 2.00099993e+00 2. 2. 2. 2. 2. 0. 0. 0.
    0. 0. 2.61500001e+00 2.53900003e+00 2.51900005e+00 2.51799989e+00
    2.51799989e+00 2.51799989e+00 0. 0. 0. 0. 0. 0. 0. 0. 0.
    2.38400006e+00 2.19400001e+00 2.16799998e+00 2.15799999e+00
    2.10500002e+00 2.07500005e+00 2.05399990e+00 2.04800010e+00
    2.04800010e+00 2.03200006e+00 2.03200006e+00 2.02500010e+00
    2.01600003e+00 2.00399995e+00 2. 2. 2. 2.00200009e+00 2.00200009e+00
    2. 1.99199998e+00 0. 0. 0. 0. 2.99600005e+00 2.51799989e+00
    2.51799989e+00 2.51799989e+00 2.51799989e+00 2.51799989e+00 0. 0. 0.
    0. 0. 0. 0. 0. 0. 2.83599997e+00 2.20799994e+00 2.17600012e+00
    2.16599989e+00 2.11400008e+00 2.08500004e+00 2.05599999e+00
    2.04800010e+00 2.04800010e+00 2.03200006e+00 2.02999997e+00
    2.02099991e+00 2.01600003e+00 2.00399995e+00 2. 2.00099993e+00
    2.00699997e+00 2.01099992e+00 2.00699997e+00 1.99500000e+00
    1.97200000e+00 2.00200009e+00 0. 0. 0. 0. 2.63000011e+00
    2.51799989e+00 2.52900004e+00 2.52600002e+00 2.51799989e+00 0. 0. 0.
    0. 0. 0. 0. 0. 0. 2.84500003e+00 2.20900011e+00 2.18600011e+00
    2.17600012e+00 2.12500000e+00 2.09999990e+00 2.06900001e+00
    2.04999995e+00 2.04800010e+00 2.03099990e+00 2.02099991e+00
