<?xml version="1.0"?>
<opencv_storage>
<Depth type_id="opencv-matrix">
  <rows>40</rows>
  <cols>40</cols>
  <dt>f</dt>
  <data>
    0. 0. 0. 0. 0. 0. 0. 0. 0. 0. 0. 0. 0. 0. 0. 0. 0. 0. 0. 0. 0. 0. 0.
    0. 0. 0. 0. 0. 0. 0. 0. 0. 0. 0. 0. 0. 0. 0. 0. 0. 0. 0. 0. 0. 0. 0.
    0. 0. 0. 2.22600007e+00 2.00999999e+00 2.00699997e+00 2.24000001e+00
    2.00200009e+00 2. 2.41799998e+00 2.40899992e+00 2.40400004e+00
    2.40000010e+00 2.39899993e+00 2.00300002e+00 2.00300002e+00
    2.00099993e+00 2. 2. 2. 2. 1.99699998e+00 1.99699998e+00 2. 2. 2. 0.
    0. 0. 0. 0. 0. 0. 0. 0. 0. 0. 0. 0. 0. 0. 0. 2.00300002e+00
    2.00300002e+00 2.00300002e+00 2.00099993e+00 2.00300002e+00
    2.00300002e+00 2.00300002e+00 2.00300002e+00 2.00500011e+00
    2.00300002e+00 2.00300002e+00 2.00300002e+00 2.00300002e+00
    2.00300002e+00 2.00399995e+00 2.00200009e+00 2.00300002e+00 2. 2.
    1.99800003e+00 1.99699998e+00 1.99699998e+00 1.99899995e+00
    1.75800002e+00 0. 0. 0. 0. 0. 0. 0. 0. 0. 0. 0. 0. 0. 0. 0. 0. 2.
    2.00300002e+00 2.00099993e+00 2. 2.00300002e+00 2.00300002e+00
    2.00300002e+00 2.00300002e+00 2.00300002e+00 2.00500011e+00
    2.00300002e+00 2.00300002e+00 2.00300002e+00 2.00399995e+00
    2.00300002e+00 2.00300002e+00 2.00300002e+00 1.99800003e+00 2. 2.
    1.99699998e+00 1.99699998e+00 1.99800003e+00 1.90199995e+00 0. 0. 0.
    0. 0. 0. 0. 0. 0. 0. 0. 0. 0. 0. 0. 0. 2. 2.00200009e+00
    2.00300002e+00 2.00300002e+00 2.00300002e+00 2.00300002e+00
    2.00300002e+00 2.00300002e+00 2.00300002e+00 2.00300002e+00
    2.00300002e+00 2.00300002e+00 2.00300002e+00 2.00300002e+00
    2.00300002e+00 2.00300002e+00 2.00300002e+00 1.99899995e+00
    1.99699998e+00 1.99899995e+00 1.99699998e+00 1.99699998e+00
    1.99899995e+00 1.99699998e+00 0. 0. 0. 0. 0. 0. 0. 0. 0. 0. 0. 0. 0.
    0. 0. 0. 2.00300002e+00 2.00200009e+00 2.00300002e+00 2.00300002e+00
    2.00300002e+00 2.00300002e+00 2.00300002e+00 2.00300002e+00
    2.00300002e+00 2.00300002e+00 2.00300002e+00 2.00300002e+00
    2.00300002e+00 2.00300002e+00 2.00300002e+00 2.00300002e+00
    2.00300002e+00 1.99899995e+00 1.99699998e+00 1.99899995e+00
    1.99800003e+00 1.99699998e+00 1.99699998e+00 1.98800004e+00 0. 0. 0.
    0. 0. 0. 0. 0. 0. 0. 0. 0. 0. 0. 0. 0. 2.00300002e+00 2.00300002e+00
    2.00300002e+00 2.00300002e+00 2.00300002e+00 2.00300002e+00
    2.00300002e+00 2.00300002e+00 2.00300002e+00 2.00300002e+00
    2.00300002e+00 2.00300002e+00 2.00300002e+00 2.00300002e+00
    2.00300002e+00 2.00300002e+00 2.00300002e+00 2. 1.99699998e+00
    1.99699998e+00 1.99699998e+00 1.99699998e+00 1.99699998e+00
    1.88800001e+00 0. 0. 0. 0. 0. 0. 0. 0. 0. 0. 0. 0. 0. 0. 0. 0.
    2.00300002e+00 2.00300002e+00 2.00300002e+00 2.00300002e+00
    2.00300002e+00 2.00399995e+00 2.00300002e+00 2.00099993e+00 2.
    2.00300002e+00 2.00300002e+00 2.00300002e+00 2.00300002e+00
    2.00300002e+00 2.00300002e+00 2.00300002e+00 2.00300002e+00 2. 2.
    1.99800003e+00 1.99699998e+00 1.99699998e+00 1.99699998e+00
    1.99699998e+00 0. 0. 0. 0. 0. 0. 0. 0. 0. 0. 0. 0. 0. 0. 0. 0.
    2.00300002e+00 2.00300002e+00 2.00300002e+00 2.00300002e+00
    2.00300002e+00 2.00300002e+00 2.00300002e+00 2.00300002e+00
    2.00200009e+00 2.00300002e+00 2.00300002e+00 2.00300002e+00
    2.00300002e+00 2.00300002e+00 2.00300002e+00 2.00300002e+00
    2.00300002e+00 2. 2. 1.99699998e+00 1.99699998e+00 1.99800003e+00
    1.99699998e+00 1.99500000e+00 0. 0. 0. 0. 0. 0. 0. 0. 0. 0. 0. 0. 0.
    0. 0. 0. 2.00300002e+00 2.00300002e+00 2.00300002e+00 2.00300002e+00
    2.00300002e+00 2.00300002e+00 2.00300002e+00 2.00300002e+00
    2.00300002e+00 2.00300002e+00 2.00300002e+00 2.00300002e+00
    2.00300002e+00 2.00200009e+00 2.00300002e+00 2.00200009e+00
    2.00200009e+00 1.99800003e+00 1.99699998e+00 1.99699998e+00
    1.99699998e+00 1.99699998e+00 1.99699998e+00 1.99300003e+00 0. 0. 0.
    0. 0. 0. 0. 0. 0. 0. 0. 0. 0. 0. 0. 0. 2.00300002e+00 2.00300002e+00
    2.00300002e+00 2.00300002e+00 2.00300002e+00 2.00300002e+00
    2.00300002e+00 2.00300002e+00 2.00300002e+00 2.00300002e+00
    2.00300002e+00 2.00300002e+00 2.00300002e+00 2. 2. 2. 2.00200009e+00
    1.99699998e+00 1.99699998e+00 1.99699998e+00 1.99699998e+00
    1.99699998e+00 1.99699998e+00 1.99399996e+00 0. 0. 0. 0. 0. 0. 0. 0.
    0. 0. 0. 0. 0. 0. 0. 0. 2.00300002e+00 2. 2.00099993e+00
    2.00300002e+00 2.00300002e+00 2.00399995e+00 2.00300002e+00
    2.00300002e+00 2.00300002e+00 2.00300002e+00 2.00300002e+00
    2.00300002e+00 2.00300002e+00 2.00300002e+00 2.00200009e+00 2. 2.
    1.99699998e+00 1.99699998e+00 1.99699998e+00 1.99699998e+00
    1.99699998e+00 1.99699998e+00 1.70299995e+00 0. 0. 0. 0. 0. 0. 0. 0.
    0. 0. 0. 0. 0. 0. 0. 0. 2.00300002e+00 2.00200009e+00 2.00300002e+00
    2.00300002e+00 2.00300002e+00 2.00300002e+00 2.00300002e+00
    2.00300002e+00 2.00300002e+00 2.00300002e+00 2.00300002e+00
    2.00200009e+00 2. 2. 2. 2.00099993e+00 2. 1.99699998e+00
    1.99699998e+00 1.99699998e+00 1.99699998e+00 1.99600005e+00
    1.99399996e+00 1.67799997e+00 0. 0. 0. 0. 0. 0. 0. 0. 0. 0. 0. 0. 0.
    0. 0. 0. 2.00300002e+00 2.00300002e+00 2.00099993e+00 2.
    2.00300002e+00 2.00300002e+00 2.00300002e+00 2.00300002e+00
    2.00099993e+00 2.00300002e+00 2.00300002e+00 2.00200009e+00 2. 2.
    2.00099993e+00 2. 2. 1.99699998e+00 1.99699998e+00 1.99699998e+00
    1.99600005e+00 1.99399996e+00 1.99699998e+00 1.99699998e+00 0. 0. 0.
    0. 0. 0. 0. 0. 0. 0. 0. 0. 0. 0. 0. 0. 2.00300002e+00 2.00099993e+00
    2. 2.00300002e+00 2.00300002e+00 2.00300002e+00 2.00300002e+00
    2.00300002e+00 2. 2.00300002e+00 2.00300002e+00 2.00300002e+00 2. 2.
    2.00200009e+00 2. 2. 1.99699998e+00 1.99699998e+00 1.99699998e+00
    1.99600005e+00 1.99399996e+00 1.99699998e+00 1.99399996e+00 0. 0. 0.
    0. 0. 0. 0. 0. 0. 0. 0. 0. 0. 0. 0. 0. 2.00099993e+00 2.00200009e+00
    2.00300002e+00 2.00300002e+00 2.00300002e+00 2.00300002e+00
    2.00300002e+00 2.00300002e+00 2.00300002e+00 2.00300002e+00
    2.00200009e+00 2. 2. 2. 2.00200009e+00 2. 2. 1.99699998e+00
    1.99399996e+00 1.99399996e+00 1.99500000e+00 1.99500000e+00
    1.99399996e+00 1.53199995e+00 0. 0. 0. 0. 0. 0. 0. 0. 0. 0. 0. 0. 0.
    0. 0. 0. 2.00300002e+00 2.00300002e+00 2.00300002e+00 2.00300002e+00
    2.00300002e+00 2.00300002e+00 2.00300002e+00 2.00300002e+00
    2.00300002e+00 2.00300002e+00 2.00099993e+00 2. 2. 2. 2. 2. 2.
    1.99699998e+00 1.99399996e+00 1.99399996e+00 1.99399996e+00
    1.99399996e+00 1.99199998e+00 1.99399996e+00 0. 0. 0. 0. 0. 0. 0. 0.
    0. 0. 0. 0. 0. 0. 0. 0. 2.00300002e+00 2.00300002e+00 2.00300002e+00
    2.00200009e+00 2.00300002e+00 2.00300002e+00 2. 2.00099993e+00 2. 2.
    2.00099993e+00 2. 2. 2. 2. 2. 2. 1.99699998e+00 1.99500000e+00
    1.99199998e+00 1.99300003e+00 1.99399996e+00 1.98899996e+00
    1.99399996e+00 0. 0. 0. 0. 0. 0. 0. 0. 0. 0. 0. 0. 0. 0. 0. 0.
    2.00300002e+00 2.00300002e+00 2.00200009e+00 2.00200009e+00 2.
    2.00099993e+00 2. 2.00099993e+00 2. 2. 2.00099993e+00 2. 2. 2. 2. 2.
    2. 1.99399996e+00 1.99399996e+00 1.99300003e+00 1.99100006e+00
    1.99399996e+00 1.99000001e+00 1.53100002e+00 0. 0. 0. 0. 0. 0. 0. 0.
    0. 0. 0. 0. 0. 0. 0. 0. 2.00300002e+00 2.00300002e+00 2. 2. 2.
    2.00300002e+00 2. 2.00300002e+00 2.00300002e+00 2. 2.00099993e+00 2.
    2. 2. 2. 2. 1.99800003e+00 1.99399996e+00 1.99699998e+00
    1.99399996e+00 1.99100006e+00 1.99100006e+00 1.98800004e+00 0. 0. 0.
    0. 0. 0. 0. 0. 0. 0. 0. 0. 0. 0. 0. 0. 0. 2. 2. 2.00099993e+00 2. 2.
    2. 2. 2. 2.00099993e+00 2.00300002e+00 2.00099993e+00 2. 2. 2.
    1.99899995e+00 2. 1.99399996e+00 1.99100006e+00 1.99399996e+00
    1.99399996e+00 1.99100006e+00 1.98800004e+00 1.99000001e+00 0. 0. 0.
    0. 0. 0. 0. 0. 0. 0. 0. 0. 0. 0. 0. 0. 0. 2.00099993e+00
    2.00099993e+00 2. 2. 2. 2. 2. 2. 2. 2.00200009e+00 2. 2. 2.
    1.99800003e+00 1.99699998e+00 2. 1.99500000e+00 1.99300003e+00
    1.99100006e+00 1.99100006e+00 1.98899996e+00 1.99100006e+00
