<?xml version="1.0"?>
<opencv_storage>
<Depth type_id="opencv-matrix">
  <rows>40</rows>
  <cols>40</cols>
  <dt>f</dt>
  <data>
    0. 0. 0. 0. 0. 0. 0. 0. 0. 0. 0. 0. 0. 0. 0. 0. 0. 0. 0. 0. 0. 0. 0.
    0. 0. 0. 0. 0. 0. 0. 0. 0. 0. 0. 0. 0. 0. 0. 0. 0. 0. 0. 0. 0. 0. 0.
    0. 0. 0. 0. 0. 0. 0. 0. 0. 0. 0. 0. 0. 0. 0. 0. 0. 0. 0. 0. 0. 0. 0.
    0. 0. 0. 0. 0. 0. 0. 0. 0. 0. 0. 0. 0. 0. 0. 0. 0. 0. 0. 0. 0. 0. 0.
    0. 0. 0. 0. 0. 0. 0. 0. 0. 0. 0. 0. 0. 0. 0. 0. 0. 0. 0. 0. 0. 0. 0.
    0. 0. 0. 0. 0. 0. 0. 0. 0. 0. 0. 0. 0. 0. 0. 0. 0. 0. 0. 0. 0. 0. 0.
    0. 0. 0. 0. 0. 0. 0. 0. 0. 0. 0. 0. 0. 0. 0. 0. 0. 0. 0. 0. 0. 0. 0.
    0. 0. 0. 0. 0. 0. 0. 0. 0. 0. 0. 0. 0. 0. 0. 0. 0. 0. 0. 0. 0. 0. 0.
    0. 0. 0. 0. 0. 0. 0. 0. 0. 0. 0. 0. 0. 0. 0. 0. 0. 0. 0. 0. 0. 0. 0.
    0. 0. 0. 0. 0. 0. 0. 0. 0. 0. 0. 0. 0. 0. 0. 0. 0. 0. 0. 0. 0. 0. 0.
    0. 0. 0. 0. 0. 0. 0. 0. 0. 0. 0. 0. 0. 0. 0. 0. 0. 0. 0. 0. 0. 0. 0.
    0. 0. 0. 0. 0. 0. 0. 0. 0. 0. 0. 0. 0. 0. 0. 0. 0. 0. 0. 0. 0. 0. 0.
    0. 0. 0. 0. 0. 0. 0. 0. 0. 0. 0. 0. 0. 0. 0. 0. 0. 0. 0. 0. 0. 0. 0.
    0. 0. 0. 0. 0. 0. 0. 0. 0. 0. 0. 0. 0. 0. 0. 0. 0. 0. 0. 0. 0. 0. 0.
    0. 0. 0. 0. 0. 0. 0. 0. 0. 0. 0. 0. 0. 0. 0. 0. 0. 0. 0. 0. 0. 0. 0.
    0. 0. 0. 0. 0. 0. 0. 0. 0. 0. 0. 0. 0. 0. 0. 0. 0. 0. 0. 0. 0. 0. 0.
    0. 0. 0. 0. 0. 0. 0. 0. 0. 0. 0. 0. 0. 0. 0. 0. 0. 0. 0. 0. 0. 0. 0.
    0. 0. 0. 0. 0. 0. 0. 0. 0. 0. 0. 0. 0. 0. 0. 0. 0. 0. 0. 0. 0. 0. 0.
    0. 0. 0. 0. 0. 0. 0. 0. 0. 0. 0. 0. 0. 0. 0. 0. 0. 0. 0. 0. 0. 0. 0.
    0. 0. 0. 0. 0. 0. 0. 0. 0. 0. 0. 0. 0. 0. 0. 0. 0. 0. 0. 0. 0. 0. 0.
    0. 0. 0. 0. 0. 0. 0. 0. 0. 0. 0. 0. 0. 0. 0. 0. 0. 0. 0. 0. 0. 0. 0.
    0. 0. 0. 0. 0. 0. 0. 0. 0. 0. 0. 2.97600007e+00 2.96000004e+00
    2.97499990e+00 0. 0. 0. 0. 0. 0. 0. 0. 0. 0. 2.32200003e+00
    1.96500003e+00 1.97200000e+00 1.99899995e+00 2. 2.01799989e+00
    2.03600001e+00 2.03299999e+00 1.97899997e+00 1.96500003e+00
    1.91999996e+00 1.83000004e+00 1.83000004e+00 0. 0. 0. 0. 0. 0. 0.
    2.83899999e+00 2.42700005e+00 2.42700005e+00 2.41100001e+00
    2.39400005e+00 2.36800003e+00 2.31599998e+00 2.29800010e+00
    2.29200006e+00 2.29699993e+00 2.31399989e+00 2.36500001e+00
    2.37899995e+00 2.38700008e+00 2.40300012e+00 2.40300012e+00
    2.38800001e+00 2.37100005e+00 2.35700011e+00 2.35700011e+00
    2.08999991e+00 1.96500003e+00 1.97200000e+00 1.99899995e+00 2.
    2.00600004e+00 2.01300001e+00 2.01099992e+00 1.97399998e+00
    1.96500003e+00 1.93400002e+00 1.87300003e+00 1.87300003e+00
    2.70600009e+00 2.69499993e+00 2.69199991e+00 2.69199991e+00
    2.69199991e+00 2.69199991e+00 2.64700007e+00 2.41199994e+00
    2.05800009e+00 2.05800009e+00 2.04299998e+00 2.02999997e+00
    2.00300002e+00 1.93400002e+00 1.92999995e+00 1.92999995e+00
    1.92999995e+00 1.93200004e+00 1.98500001e+00 2.00799990e+00
    2.02200007e+00 2.03600001e+00 2.03600001e+00 2.01399994e+00
    1.98699999e+00 1.96500003e+00 1.96500003e+00 1.96500003e+00
    1.96500003e+00 1.96899998e+00 1.98500001e+00 1.99600005e+00 2. 2.
    1.99899995e+00 1.97200000e+00 1.96500003e+00 1.95099998e+00
    1.92499995e+00 1.92499995e+00 2. 1.97800004e+00 1.96800005e+00
    1.96300006e+00 1.95899999e+00 1.95899999e+00 1.96200001e+00
    1.98899996e+00 2.02999997e+00 2.02999997e+00 2.02999997e+00
    2.01399994e+00 1.98199999e+00 1.93900001e+00 1.93599999e+00
    1.93599999e+00 1.93599999e+00 1.93799996e+00 1.98699999e+00
    2.01600003e+00 2.02999997e+00 2.02999997e+00 2.02999997e+00
    2.01099992e+00 1.98699999e+00 1.96500003e+00 1.96500003e+00
    1.96500003e+00 1.96500003e+00 1.96500003e+00 1.96500003e+00
    1.99100006e+00 2. 2. 1.99899995e+00 1.97200000e+00 1.96500003e+00
    1.96500003e+00 1.96500003e+00 1.96500003e+00 2. 1.99899995e+00
    1.98000002e+00 1.95500004e+00 1.93200004e+00 1.93200004e+00
    1.95200002e+00 1.97899997e+00 2.00200009e+00 2.00200009e+00
    2.00200009e+00 1.98699999e+00 1.96599996e+00 1.96300006e+00
    1.96300006e+00 1.96300006e+00 1.96300006e+00 1.96399999e+00
    1.99199998e+00 2.00099993e+00 2.00200009e+00 2.00200009e+00
    2.00200009e+00 2.00099993e+00 1.98699999e+00 1.96500003e+00
    1.96500003e+00 1.96500003e+00 1.96500003e+00 1.96500003e+00
    1.96500003e+00 1.99100006e+00 2. 2. 1.99899995e+00 1.97200000e+00
    1.96500003e+00 1.96500003e+00 1.96500003e+00 1.96500003e+00 2. 2.
    1.98099995e+00 1.95400000e+00 1.92999995e+00 1.92999995e+00
    1.95099998e+00 1.96899998e+00 1.97500002e+00 1.97500002e+00
    1.97500002e+00 1.97099996e+00 1.96500003e+00 1.96500003e+00
    1.96500003e+00 1.96500003e+00 1.96500003e+00 1.96599996e+00
    1.99300003e+00 2. 2. 2. 2. 2. 1.99600005e+00 1.99000001e+00
    1.99000001e+00 1.97300005e+00 1.96500003e+00 1.96500003e+00
    1.96500003e+00 1.99100006e+00 2. 2. 1.99899995e+00 1.97200000e+00
    1.96500003e+00 1.96500003e+00 1.96500003e+00 1.96500003e+00 2. 2.
    1.99000001e+00 1.97099996e+00 1.94700003e+00 1.94700003e+00
    1.95799994e+00 1.96500003e+00 1.96500003e+00 1.96500003e+00
    1.96500003e+00 1.96500003e+00 1.96500003e+00 1.96500003e+00
    1.96500003e+00 1.96500003e+00 1.96500003e+00 1.96599996e+00
    1.99300003e+00 2. 2. 2. 2. 2. 2. 2. 2. 1.98800004e+00 1.98199999e+00
    1.98199999e+00 1.98199999e+00 1.99500000e+00 2. 2. 1.99899995e+00
    1.97200000e+00 1.96500003e+00 1.96500003e+00 1.96500003e+00
    1.96500003e+00 2. 2. 2. 1.99199998e+00 1.97300005e+00 1.97300005e+00
    1.96800005e+00 1.96500003e+00 1.96500003e+00 1.96500003e+00
    1.96500003e+00 1.96500003e+00 1.96300006e+00 1.95700002e+00
    1.95700002e+00 1.95700002e+00 1.95899999e+00 1.96599996e+00
    1.99300003e+00 2. 2. 2. 2. 2. 2. 2. 2. 2. 2. 2. 2. 2.00600004e+00
    2.00900006e+00 2.00600004e+00 1.99899995e+00 1.97899997e+00
    1.96899998e+00 1.96500003e+00 1.96500003e+00 1.96500003e+00 2. 2. 2.
    2. 2. 2. 1.97899997e+00 1.96500003e+00 1.96500003e+00 1.96500003e+00
    1.96500003e+00 1.96500003e+00 1.95799994e+00 1.93099999e+00
    1.92999995e+00 1.92999995e+00 1.93900001e+00 1.96599996e+00
    1.99199998e+00 2. 2. 2. 2. 2. 2. 2. 2. 2. 2. 2. 2. 2.02699995e+00
    2.03600001e+00 2.02600002e+00 2. 2. 1.98000002e+00 1.96500003e+00
    1.96500003e+00 1.96500003e+00 2. 2. 2. 2. 2. 2. 1.99500000e+00
    1.98199999e+00 1.96500003e+00 1.96500003e+00 1.96500003e+00
    1.96500003e+00 1.95799994e+00 1.93099999e+00 1.92999995e+00
    1.92999995e+00 1.93200004e+00 1.93900001e+00 1.96599996e+00
    1.98800004e+00 2. 2.00200009e+00 2.02399993e+00 2.01099992e+00 2. 2.
    2. 2. 2. 2.00600004e+00 2.02699995e+00 2.03399992e+00 2.03600001e+00
    2.01900005e+00 1.97300005e+00 1.97300005e+00 1.95299995e+00
    1.93799996e+00 1.93799996e+00 1.93799996e+00 1.96200001e+00
    1.96200001e+00 1.97200000e+00 1.98699999e+00 2. 2. 2. 1.99399996e+00
    1.98099995e+00 1.96700001e+00 1.96500003e+00 1.96500003e+00
    1.95799994e+00 1.93099999e+00 1.92999995e+00 1.92999995e+00
    1.92999995e+00 1.93099999e+00 1.95799994e+00 1.98399997e+00 2.
    2.00099993e+00 2.01399994e+00 2.00600004e+00 2. 2. 2. 2.
    2.00900006e+00 2.02300000e+00 2.03600001e+00 2.03600001e+00
    2.03600001e+00 2.01699996e+00 1.96500003e+00 1.96500003e+00
    1.94500005e+00 1.92999995e+00 1.92999995e+00 1.92999995e+00
    1.92999995e+00 1.92999995e+00 1.94299996e+00 1.96200001e+00
    1.98000002e+00 1.99699998e+00 2. 2. 1.99500000e+00 1.96899998e+00
    1.95799994e+00 1.95400000e+00 1.95000005e+00 1.93099999e+00
    1.92999995e+00 1.92999995e+00 1.92999995e+00 1.93099999e+00
    1.95799994e+00 1.98399997e+00 2. 2. 2. 2. 2. 2.00300002e+00
    2.01999998e+00 2.01500010e+00 2.02200007e+00 2.03600001e+00
    2.03600001e+00 2.03600001e+00 2.04200006e+00 2.03399992e+00
    1.99800003e+00 1.99800003e+00 1.97099996e+00 1.95099998e+00
    1.94900000e+00 1.93299997e+00 1.92999995e+00 1.92999995e+00
    1.92999995e+00 1.92999995e+00 1.93499994e+00 1.98599994e+00
    1.99899995e+00 2. 1.99500000e+00 1.96899998e+00 1.94200003e+00
    1.92999995e+00 1.92999995e+00 1.92799997e+00 1.92799997e+00
