<?xml version="1.0"?>
<opencv_storage>
<Depth type_id="opencv-matrix">
  <rows>40</rows>
  <cols>40</cols>
  <dt>f</dt>
  <data>
    0. 0. 0. 0. 0. 0. 0. 0. 0. 0. 0. 0. 0. 0. 0. 0. 0. 0. 0. 0. 0. 0. 0.
    0. 0. 0. 0. 0. 0. 0. 0. 0. 0. 0. 0. 0. 0. 0. 0. 0. 0. 0. 0. 0. 0. 0.
    0. 0. 0. 0. 0. 0. 0. 0. 0. 0. 0. 0. 0. 0. 0. 0. 0. 0. 0. 0. 0. 0. 0.
    0. 0. 0. 0. 0. 0. 0. 0. 0. 0. 0. 0. 0. 0. 0. 0. 0. 0. 0. 0. 0. 0. 0.
    0. 0. 0. 0. 0. 0. 0. 0. 0. 0. 0. 0. 0. 0. 0. 0. 0. 0. 0. 0. 0. 0. 0.
    0. 0. 0. 0. 0. 0. 0. 0. 0. 0. 0. 0. 0. 0. 0. 0. 0. 0. 0. 0. 0. 0. 0.
    0. 0. 0. 0. 0. 0. 0. 0. 0. 0. 0. 0. 0. 0. 0. 0. 0. 0. 0. 0. 0. 0. 0.
    0. 0. 0. 0. 0. 0. 0. 0. 0. 0. 0. 0. 0. 0. 0. 0. 0. 0. 0. 0. 0. 0. 0.
    0. 0. 0. 0. 0. 0. 0. 0. 0. 0. 0. 0. 0. 0. 0. 0. 0. 0. 0. 0. 0. 0. 0.
    0. 0. 0. 0. 0. 0. 0. 0. 0. 0. 0. 0. 0. 0. 0. 0. 0. 0. 0. 0. 0. 0. 0.
    0. 0. 0. 0. 0. 0. 0. 0. 0. 0. 0. 0. 0. 0. 0. 0. 0. 0. 0. 0. 0. 0. 0.
    0. 0. 0. 0. 0. 0. 0. 0. 0. 0. 0. 0. 0. 0. 0. 0. 0. 0. 0. 0. 0. 0. 0.
    0. 0. 0. 0. 0. 0. 0. 0. 0. 0. 0. 0. 0. 0. 0. 0. 0. 0. 0. 0. 0. 0. 0.
    0. 0. 0. 0. 0. 0. 0. 0. 0. 0. 0. 0. 0. 0. 0. 0. 0. 0. 0. 0. 0. 0. 0.
    0. 0. 0. 0. 0. 0. 0. 0. 0. 0. 0. 0. 0. 0. 0. 0. 0. 0. 0. 0. 0. 0. 0.
    0. 0. 0. 0. 0. 0. 0. 0. 0. 0. 0. 0. 0. 0. 0. 0. 0. 0. 0. 0. 0. 0. 0.
    0. 0. 0. 0. 0. 0. 0. 0. 0. 0. 0. 0. 0. 0. 0. 0. 0. 0. 0. 0. 0. 0. 0.
    0. 0. 0. 0. 0. 0. 0. 0. 0. 0. 0. 0. 0. 0. 0. 0. 0. 0. 0. 0. 0. 0. 0.
    0. 0. 0. 0. 0. 0. 0. 0. 0. 0. 0. 0. 0. 0. 0. 0. 0. 0. 0. 0. 0. 0. 0.
    0. 0. 0. 0. 0. 0. 0. 0. 0. 0. 0. 0. 0. 0. 0. 0. 0. 0. 0. 0. 0. 0. 0.
    0. 0. 0. 0. 0. 0. 0. 0. 0. 0. 0. 0. 0. 0. 0. 0. 0. 0. 0. 0. 0. 0. 0.
    0. 0. 0. 0. 0. 0. 0. 0. 0. 0. 0. 0. 0. 0. 0. 0. 0. 0. 0. 0. 0. 0. 0.
    0. 0. 0. 0. 0. 0. 0. 0. 0. 0. 0. 0. 0. 0. 0. 0. 0. 2. 2. 2.
    2.00300002e+00 2.05200005e+00 2.10200000e+00 2.11299992e+00
    2.11299992e+00 2.08899999e+00 2.03999996e+00 2. 2. 2. 2. 2. 2. 2.
    2.01500010e+00 2.06500006e+00 2.11299992e+00 2.11299992e+00
    2.11299992e+00 2.04299998e+00 1.94599998e+00 1.89199996e+00
    1.89199996e+00 1.89199996e+00 1.89199996e+00 1.89199996e+00
    1.89199996e+00 1.89199996e+00 1.89199996e+00 1.89199996e+00
    1.89199996e+00 0. 0. 0. 0. 0. 0. 2. 2. 2. 2.00300002e+00
    2.05200005e+00 2.10200000e+00 2.11299992e+00 2.11299992e+00
    2.09299994e+00 2.05100012e+00 2.01600003e+00 2.00799990e+00
    2.00099993e+00 2. 2. 2.00500011e+00 2.01200008e+00 2.03099990e+00
    2.07200003e+00 2.11299992e+00 2.11299992e+00 2.11299992e+00
    2.04299998e+00 1.94599998e+00 1.89199996e+00 1.89199996e+00
    1.89199996e+00 1.89199996e+00 1.89199996e+00 1.89199996e+00
    1.89199996e+00 1.89199996e+00 1.89199996e+00 1.89199996e+00 0. 0. 0.
    0. 0. 0. 2. 2. 2. 2.00300002e+00 2.05200005e+00 2.10200000e+00
    2.11299992e+00 2.11299992e+00 2.10299993e+00 2.08299994e+00
    2.06100011e+00 2.03200006e+00 2.00300002e+00 2. 2. 2.01799989e+00
    2.04699993e+00 2.07299995e+00 2.09299994e+00 2.11299992e+00
    2.11299992e+00 2.11299992e+00 2.04299998e+00 1.94599998e+00
    1.89199996e+00 1.89199996e+00 1.89199996e+00 1.89199996e+00
    1.89199996e+00 1.89199996e+00 1.89199996e+00 1.89199996e+00
    1.89199996e+00 1.89199996e+00 0. 0. 0. 0. 0. 0. 2.00300002e+00
    2.00300002e+00 2.00300002e+00 2.00600004e+00 2.05399990e+00
    2.10200000e+00 2.11299992e+00 2.11299992e+00 2.11299992e+00
    2.11299992e+00 2.10400009e+00 2.05399990e+00 2.00500011e+00 2. 2.
    2.02999997e+00 2.07900000e+00 2.11299992e+00 2.11100006e+00
    2.10999990e+00 2.10999990e+00 2.10999990e+00 2.04099989e+00
    1.94799995e+00 1.89499998e+00 1.89499998e+00 1.89499998e+00
    1.89499998e+00 1.89499998e+00 1.89400005e+00 1.89300001e+00
    1.89199996e+00 1.89199996e+00 1.89199996e+00 0. 0. 0. 0. 0. 0.
    2.05200005e+00 2.05200005e+00 2.05200005e+00 2.05399990e+00
    2.08100009e+00 2.10700011e+00 2.11299992e+00 2.11299992e+00
    2.11299992e+00 2.11299992e+00 2.10400009e+00 2.05399990e+00
    2.00500011e+00 2. 2. 2.02999997e+00 2.07900000e+00 2.10599995e+00
    2.08299994e+00 2.06100011e+00 2.06100011e+00 2.06100011e+00
    2.02300000e+00 1.97099996e+00 1.94200003e+00 1.94200003e+00
    1.94200003e+00 1.94200003e+00 1.94200003e+00 1.92299998e+00
    1.90199995e+00 1.89199996e+00 1.89199996e+00 1.89199996e+00 0. 0. 0.
    0. 0. 0. 2.10200000e+00 2.10200000e+00 2.10200000e+00 2.10200000e+00
    2.10700011e+00 2.11199999e+00 2.11299992e+00 2.11299992e+00
    2.11299992e+00 2.11299992e+00 2.10400009e+00 2.05399990e+00
    2.00500011e+00 2. 2. 2.02999997e+00 2.07900000e+00 2.09899998e+00
    2.05500007e+00 2.01099992e+00 2.01099992e+00 2.01099992e+00
    2.00399995e+00 1.99500000e+00 1.98899996e+00 1.98899996e+00
    1.98899996e+00 1.98899996e+00 1.98899996e+00 1.95299995e+00
    1.91100001e+00 1.89199996e+00 1.89199996e+00 1.89199996e+00 0. 0. 0.
    0. 0. 0. 2.07500005e+00 2.07500005e+00 2.07500005e+00 2.07500005e+00
    2.07500005e+00 2.07500005e+00 2.07500005e+00 2.07500005e+00
    2.08299994e+00 2.09999990e+00 2.10400009e+00 2.05399990e+00
    2.00500011e+00 2. 2. 2.01999998e+00 2.05299997e+00 2.06500006e+00
    2.03200006e+00 2. 2. 2. 2. 2. 2. 2. 2. 2. 2. 1.97300005e+00
    1.94200003e+00 1.91900003e+00 1.90400004e+00 1.89199996e+00 0. 0. 0.
    0. 0. 0. 2.02600002e+00 2.02600002e+00 2.02600002e+00 2.02600002e+00
    2.02600002e+00 2.02600002e+00 2.02600002e+00 2.02600002e+00
    2.04399991e+00 2.08200002e+00 2.10400009e+00 2.05399990e+00
    2.00500011e+00 2. 2. 2.00699997e+00 2.01799989e+00 2.02200007e+00
    2.01099992e+00 2. 2. 2. 2. 2. 2. 2. 2. 2. 2. 1.99100006e+00
    1.98000002e+00 1.95500004e+00 1.91900003e+00 1.89199996e+00 0. 0. 0.
    0. 0. 0. 1.97700000e+00 1.97700000e+00 1.97700000e+00 1.97700000e+00
    1.97700000e+00 1.97700000e+00 1.98500001e+00 1.99500000e+00
    2.02399993e+00 2.07299995e+00 2.10400009e+00 2.05399990e+00
    2.00500011e+00 2. 2. 2. 2. 2. 2. 2. 2. 2. 2.00799990e+00
    2.01799989e+00 2.02399993e+00 2.02399993e+00 2.02399993e+00
    2.02399993e+00 2.02399993e+00 2.02399993e+00 2.02399993e+00
    1.99100006e+00 1.93400002e+00 1.89199996e+00 0. 0. 0. 0. 0. 0.
    1.92999995e+00 1.92999995e+00 1.92999995e+00 1.92999995e+00
    1.92999995e+00 1.92999995e+00 1.95400000e+00 1.98399997e+00
    2.02399993e+00 2.07299995e+00 2.10400009e+00 2.05399990e+00
    2.00500011e+00 2. 2. 2. 2. 2. 2. 2. 2. 2. 2.02300000e+00
    2.05500007e+00 2.07299995e+00 2.07299995e+00 2.07299995e+00
    2.07299995e+00 2.07299995e+00 2.07299995e+00 2.07299995e+00
    2.02800012e+00 1.94900000e+00 1.89199996e+00 0. 0. 0. 0. 0. 0.
    1.86699998e+00 1.87000000e+00 1.87699997e+00 1.88399994e+00
    1.88699996e+00 1.89100003e+00 1.92499995e+00 1.96899998e+00
    2.01300001e+00 2.05800009e+00 2.08699989e+00 2.04600000e+00
    2.00399995e+00 2. 2. 2. 2. 2. 2. 2. 2. 2. 2.03600001e+00
    2.08500004e+00 2.11299992e+00 2.11299992e+00 2.11299992e+00
    2.11299992e+00 2.11299992e+00 2.11700010e+00 2.12100005e+00
    2.06999993e+00 1.97800004e+00 1.90999997e+00 0. 0. 0. 0. 0. 0.
    1.73399997e+00 1.75000000e+00 1.79499996e+00 1.83899999e+00
    1.86300004e+00 1.88699996e+00 1.90999997e+00 1.93200004e+00
    1.95500004e+00 1.97899997e+00 1.99899995e+00 1.99899995e+00 2. 2. 2.
    2. 2. 2. 2. 2. 2. 2. 2.03600001e+00 2.08500004e+00 2.11299992e+00
    2.11299992e+00 2.11299992e+00 2.11299992e+00 2.11299992e+00
    2.13499999e+00 2.16199994e+00 2.13199997e+00 2.05900002e+00
    2.00699997e+00 0. 0. 0. 0. 0. 0. 1.60200000e+00 1.63100004e+00
    1.71399999e+00 1.79400003e+00 1.83800006e+00 1.88199997e+00
    1.89400005e+00 1.89600003e+00 1.89800000e+00 1.89999998e+00
    1.90999997e+00 1.95299995e+00 1.99600005e+00 2. 2. 2. 2. 2. 2. 2. 2.
    2. 2.03600001e+00 2.08500004e+00 2.11299992e+00 2.11299992e+00
    2.11299992e+00 2.11299992e+00 2.11299992e+00 2.15400004e+00
    2.20300007e+00 2.19400001e+00 2.14100003e+00 2.10299993e+00 0. 0. 0.
    0. 0. 0. 1.58800006e+00 1.61899996e+00 1.70599997e+00 1.78999996e+00
    1.83599997e+00 1.88199997e+00 1.89199996e+00 1.89199996e+00
