<?xml version="1.0"?>
<opencv_storage>
<Depth type_id="opencv-matrix">
  <rows>40</rows>
  <cols>40</cols>
  <dt>f</dt>
  <data>
    0. 0. 0. 0. 0. 0. 0. 0. 0. 0. 0. 0. 0. 0. 0. 0. 0. 0. 0. 0. 0. 0. 0.
    0. 0. 0. 0. 0. 0. 0. 0. 0. 0. 0. 0. 0. 0. 0. 0. 0. 0. 0. 0. 0. 0. 0.
    0. 0. 0. 0. 0. 0. 0. 0. 0. 0. 0. 0. 0. 0. 0. 0. 0. 0. 0. 0. 0. 0. 0.
    0. 0. 0. 0. 0. 0. 0. 0. 0. 0. 0. 0. 0. 0. 0. 0. 0. 0. 0. 0. 0. 0. 0.
    0. 0. 0. 0. 0. 0. 0. 0. 0. 0. 0. 0. 0. 0. 0. 0. 0. 0. 0. 0. 0. 0. 0.
    0. 0. 0. 0. 0. 0. 0. 0. 0. 0. 0. 0. 0. 0. 0. 0. 0. 0. 0. 0. 0. 0. 0.
    0. 0. 0. 0. 0. 0. 0. 0. 0. 0. 0. 0. 0. 0. 0. 0. 0. 0. 0. 0. 0. 0. 0.
    0. 0. 0. 0. 0. 0. 0. 0. 0. 0. 0. 0. 0. 0. 0. 0. 0. 0. 0. 0. 0. 0. 0.
    0. 0. 0. 0. 0. 0. 0. 0. 0. 0. 0. 0. 0. 0. 0. 0. 0. 0. 0. 0. 0. 0. 0.
    0. 0. 0. 0. 0. 0. 0. 0. 0. 0. 0. 0. 0. 0. 0. 0. 0. 0. 0. 0. 0. 0. 0.
    0. 0. 0. 0. 0. 0. 0. 0. 0. 0. 0. 0. 0. 0. 0. 0. 0. 0. 2.93400002e+00
    2.01300001e+00 2.00500011e+00 2.00200009e+00 2.01500010e+00
    2.03200006e+00 2.04699993e+00 2.06100011e+00 2.35599995e+00 0. 0. 0.
    0. 0. 0. 0. 0. 0. 0. 0. 0. 0. 0. 0. 0. 0. 0. 0. 0. 0. 0. 0. 0. 0. 0.
    0. 0. 0. 0. 0. 1.12800002e+00 2.02399993e+00 2.00900006e+00 2.
    2.00500011e+00 2.00699997e+00 2.01500010e+00 2.02399993e+00
    2.02699995e+00 2.02900004e+00 2.02800012e+00 2.03299999e+00
    2.04099989e+00 2.04699993e+00 2.05500007e+00 2.07999992e+00
    2.08200002e+00 2.10599995e+00 2.09100008e+00 2.19000006e+00
    2.70099998e+00 2.09500003e+00 2.84699988e+00 0. 0. 0. 0. 0. 0. 0. 0.
    0. 0. 0. 0. 0. 0. 0. 0. 0. 1.35000002e+00 2.03099990e+00
    2.00699997e+00 2. 2. 2. 2.00500011e+00 2.00799990e+00 2.01200008e+00
    2.01200008e+00 2.00900006e+00 2.00699997e+00 2.01300001e+00
    2.01999998e+00 2.01799989e+00 2.01799989e+00 2.02800012e+00
    2.03999996e+00 2.04500008e+00 2.07200003e+00 2.07800007e+00
    2.08800006e+00 2.08699989e+00 2.91899991e+00 0. 0. 0. 0. 0. 0. 0. 0.
    0. 0. 0. 0. 0. 0. 0. 0. 1.63499999e+00 2.04399991e+00 2.00600004e+00
    2.00500011e+00 2. 2.00399995e+00 2.00399995e+00 2.00200009e+00
    2.00500011e+00 2.00500011e+00 2.00500011e+00 2.00500011e+00
    2.00799990e+00 2.01099992e+00 2.01099992e+00 2.01099992e+00
    2.01099992e+00 2.01099992e+00 2.01099992e+00 2.01600003e+00
    2.01399994e+00 2.02300000e+00 2.03399992e+00 2.23000002e+00 0. 0. 0.
    0. 0. 0. 0. 0. 0. 0. 0. 0. 0. 0. 0. 0. 2.07100010e+00 2.02900004e+00
    2.00699997e+00 2.00500011e+00 2. 2.00500011e+00 2. 2.00099993e+00
    2.00500011e+00 2.00500011e+00 2.00500011e+00 2.00500011e+00
    2.00799990e+00 2.00999999e+00 2.00999999e+00 2.00600004e+00
    2.00999999e+00 2.00999999e+00 2.00999999e+00 2.00999999e+00
    2.00999999e+00 2.00999999e+00 2.01099992e+00 2.00500011e+00
    2.00500011e+00 0. 0. 0. 0. 0. 0. 0. 0. 0. 0. 0. 0. 0. 0.
    2.07399988e+00 2.07399988e+00 2.02099991e+00 2.00999999e+00
    2.00500011e+00 2.00500011e+00 2.00500011e+00 2. 2.00500011e+00
    2.00500011e+00 2.00500011e+00 2.00500011e+00 2.00500011e+00
    2.00999999e+00 2.00999999e+00 2.00500011e+00 2.00500011e+00
    2.00999999e+00 2.00999999e+00 2.01399994e+00 2.00999999e+00
    2.00999999e+00 2.00999999e+00 2.00799990e+00 2.00500011e+00 2. 0. 0.
    0. 0. 0. 0. 0. 0. 0. 0. 0. 0. 0. 0. 2.06100011e+00 1.60599995e+00
    2.00699997e+00 2.00500011e+00 2.00500011e+00 2. 2.00500011e+00
    2.00500011e+00 2.00500011e+00 2.00799990e+00 2.00500011e+00
    2.00500011e+00 2.00500011e+00 2.00799990e+00 2.01200008e+00
    2.00600004e+00 2.00500011e+00 2.00999999e+00 2.00999999e+00
    2.00999999e+00 2.00900006e+00 2.00500011e+00 2.00900006e+00
    2.00500011e+00 2. 2. 0. 0. 0. 0. 0. 0. 0. 0. 0. 0. 0. 0. 0.
    2.32800007e+00 0. 0. 2.00099993e+00 2. 2. 2. 2.00500011e+00
    2.00500011e+00 2.00600004e+00 2.00900006e+00 2.00500011e+00
    2.00500011e+00 2.00500011e+00 2.00799990e+00 2.00999999e+00
    2.01099992e+00 2.00999999e+00 2.00999999e+00 2.01500010e+00
    2.00999999e+00 2.00500011e+00 2.00500011e+00 2.00500011e+00
    2.00500011e+00 2.00500011e+00 2.00500011e+00 0. 0. 0. 0. 0. 0. 0. 0.
    0. 0. 0. 0. 0. 2.34299994e+00 0. 1.60899997e+00 2.00200009e+00 2. 2.
    2.00399995e+00 2.00500011e+00 2.00500011e+00 2.00500011e+00
    2.00300002e+00 2. 2. 2.00500011e+00 2.00799990e+00 2.00500011e+00
    2.00600004e+00 2.00900006e+00 2.00999999e+00 2.01399994e+00
    2.00999999e+00 2.00500011e+00 2.00999999e+00 2.00900006e+00
    2.00500011e+00 2.00500011e+00 2.00500011e+00 0. 0. 0. 0. 0. 0. 0. 0.
    0. 0. 0. 0. 0. 0. 0. 1.61300004e+00 2.00699997e+00 2.00099993e+00 2.
    2. 2.00399995e+00 2.00500011e+00 2.00500011e+00 2. 2. 2.
    2.00399995e+00 2.00799990e+00 2.00600004e+00 2.00600004e+00
    2.00900006e+00 2.00999999e+00 2.00999999e+00 2.00999999e+00
    2.00999999e+00 2.00999999e+00 2.00799990e+00 2.00500011e+00
    2.00500011e+00 2.00500011e+00 0. 0. 0. 0. 0. 0. 0. 0. 0. 0. 0. 0. 0.
    0. 1.53900003e+00 2.03299999e+00 2.01099992e+00 2.00500011e+00
    2.00099993e+00 2. 2. 2.00399995e+00 2.00500011e+00 2.00399995e+00
    2.00099993e+00 2.00300002e+00 2. 2.00600004e+00 2.00999999e+00
    2.00600004e+00 2.00900006e+00 2.00999999e+00 2.00999999e+00
    2.00999999e+00 2.00600004e+00 2.00999999e+00 2.00500011e+00
    2.00500011e+00 2.00500011e+00 2.00500011e+00 0. 0. 0. 0. 0. 0. 0. 0.
    0. 0. 0. 0. 0. 0. 1.21700001e+00 2.02500010e+00 2.00600004e+00
    2.00500011e+00 2.00500011e+00 2.00200009e+00 2. 2.00099993e+00
    2.00500011e+00 2.00500011e+00 2.00500011e+00 2.00500011e+00
    2.00500011e+00 2.00799990e+00 2.00999999e+00 2.00500011e+00
    2.00900006e+00 2.00999999e+00 2.00999999e+00 2.00999999e+00
    2.00999999e+00 2.00999999e+00 2.00699997e+00 2.00500011e+00
    2.00500011e+00 2.00500011e+00 0. 0. 0. 0. 0. 0. 0. 0. 0. 0. 0. 0. 0.
    0. 1.51600003e+00 2.01699996e+00 2.00099993e+00 2.00399995e+00
    2.00500011e+00 2.00500011e+00 2.00500011e+00 2. 2.00099993e+00
    2.00500011e+00 2.00500011e+00 2.00900006e+00 2.00500011e+00
    2.00799990e+00 2.00999999e+00 2.00500011e+00 2.00999999e+00
    2.00999999e+00 2.00799990e+00 2.00799990e+00 2.00799990e+00
    2.00999999e+00 2.00900006e+00 2.00500011e+00 2.00500011e+00
    2.00699997e+00 0. 0. 0. 0. 0. 0. 0. 0. 0. 0. 0. 0. 0. 0.
    1.51600003e+00 2.01500010e+00 2.00600004e+00 2.00500011e+00
    2.00500011e+00 2.00500011e+00 2.00500011e+00 2. 2.00099993e+00
    2.00300002e+00 2.00500011e+00 2.00200009e+00 2. 2.00300002e+00
    2.00999999e+00 2.00999999e+00 2.00999999e+00 2.00600004e+00
    2.00500011e+00 2.00500011e+00 2.00500011e+00 2.00500011e+00
    2.00500011e+00 2.00500011e+00 2.00500011e+00 2.00999999e+00 0. 0. 0.
    0. 0. 0. 0. 0. 0. 0. 0. 0. 0. 0. 1.51499999e+00 2.01300001e+00
    2.00500011e+00 2.00500011e+00 2.00200009e+00 2.00200009e+00
    2.00200009e+00 2.00500011e+00 2.00300002e+00 2.00399995e+00
    2.00500011e+00 2.00300002e+00 2. 2.00500011e+00 2.00999999e+00
    2.00799990e+00 2.00900006e+00 2.00999999e+00 2.00500011e+00
    2.00500011e+00 2.00500011e+00 2.00500011e+00 2.00500011e+00
    2.00500011e+00 2.00500011e+00 2.60100007e+00 0. 0. 0. 0. 0. 0. 0. 0.
    0. 0. 0. 0. 0. 1.43400002e+00 1.86500001e+00 2.01200008e+00
    2.00500011e+00 2.00500011e+00 2.00300002e+00 2.00300002e+00 2.
    2.00500011e+00 2.00200009e+00 2.00099993e+00 2.00099993e+00
    2.00200009e+00 2.00200009e+00 2.00600004e+00 2.01200008e+00
    2.00500011e+00 2.00999999e+00 2.00999999e+00 2.00500011e+00
    2.00500011e+00 2.00500011e+00 2.00500011e+00 2.00500011e+00
    2.00500011e+00 2.00500011e+00 2.00500011e+00 0. 0. 0. 0. 0. 0. 0. 0.
    0. 0. 0. 0. 0. 1.43400002e+00 2.03699994e+00 2.01200008e+00
    2.00500011e+00 2.00500011e+00 2.00500011e+00 2.00500011e+00
    2.00399995e+00 2.00500011e+00 2. 2. 2. 2. 2.00300002e+00
    2.00799990e+00 2.00999999e+00 2.00500011e+00 2.00999999e+00
    2.00999999e+00 2.00900006e+00 2.00900006e+00 2.00500011e+00
    2.00500011e+00 2.00500011e+00 2.00500011e+00 2.00500011e+00
    2.00500011e+00 0. 0. 0. 0. 0. 0. 0. 0. 0. 0. 0. 0. 0. 1.52199996e+00
