<?xml version="1.0"?>
<opencv_storage>
<Depth type_id="opencv-matrix">
  <rows>40</rows>
  <cols>40</cols>
  <dt>f</dt>
  <data>
    0. 0. 0. 0. 0. 0. 0. 0. 0. 0. 0. 0. 0. 0. 0. 0. 0. 0. 0. 0. 0. 0. 0.
    0. 0. 0. 0. 0. 0. 0. 0. 0. 0. 0. 0. 0. 0. 0. 0. 0. 0. 0. 0. 0. 0. 0.
    0. 0. 0. 0. 0. 0. 0. 0. 0. 0. 0. 0. 0. 0. 0. 0. 0. 0. 0. 0. 0. 0. 0.
    0. 0. 0. 0. 0. 0. 0. 0. 0. 0. 0. 0. 0. 0. 0. 0. 0. 0. 0. 0. 0. 0. 0.
    0. 0. 0. 0. 0. 0. 0. 0. 0. 0. 0. 0. 0. 0. 0. 0. 0. 0. 0. 0. 0. 0. 0.
    0. 0. 0. 0. 0. 0. 0. 0. 0. 0. 0. 0. 0. 0. 0. 0. 0. 0. 0. 0. 0. 0. 0.
    0. 0. 0. 0. 0. 0. 0. 0. 0. 0. 0. 0. 0. 0. 0. 0. 0. 0. 0. 0. 0. 0. 0.
    0. 0. 0. 0. 0. 0. 0. 0. 0. 0. 0. 0. 0. 0. 0. 0. 0. 0. 0. 0. 0. 0. 0.
    0. 0. 0. 0. 0. 0. 0. 0. 0. 0. 0. 0. 0. 0. 0. 0. 0. 0. 0. 0. 0. 0. 0.
    0. 0. 0. 0. 0. 0. 0. 0. 0. 0. 0. 0. 0. 0. 0. 0. 0. 0. 0. 0. 0. 0. 0.
    0. 0. 0. 0. 0. 0. 0. 0. 0. 0. 0. 0. 0. 0. 0. 0. 0. 0. 0. 0. 0. 0. 0.
    0. 0. 0. 0. 0. 0. 0. 0. 0. 0. 0. 0. 0. 0. 0. 0. 0. 0. 0. 0. 0. 0. 0.
    0. 0. 0. 0. 0. 0. 0. 0. 0. 0. 0. 0. 0. 0. 0. 0. 0. 0. 0. 0. 0. 0. 0.
    0. 0. 0. 0. 0. 0. 0. 0. 0. 0. 0. 0. 0. 0. 0. 0. 0. 0. 0. 0. 0. 0. 0.
    0. 0. 0. 0. 0. 0. 0. 0. 0. 0. 0. 0. 0. 0. 0. 0. 0. 0. 0. 0. 0. 0. 0.
    0. 0. 0. 0. 0. 0. 0. 0. 0. 0. 0. 0. 0. 0. 0. 0. 0. 0. 0. 0. 0. 0. 0.
    0. 0. 0. 0. 0. 0. 0. 0. 0. 0. 0. 0. 0. 0. 0. 0. 0. 0. 0. 0. 0. 0. 0.
    0. 0. 0. 0. 0. 0. 0. 0. 0. 0. 0. 0. 0. 0. 0. 0. 0. 0. 0. 0. 0. 0. 0.
    0. 0. 0. 0. 0. 0. 0. 0. 0. 0. 0. 0. 0. 0. 0. 0. 0. 0. 0. 0. 0. 0. 0.
    0. 0. 0. 0. 0. 0. 0. 0. 0. 0. 0. 0. 0. 0. 0. 0. 0. 0. 0. 0. 0. 0. 0.
    0. 0. 0. 0. 0. 0. 0. 0. 0. 0. 0. 0. 0. 0. 0. 0. 0. 0. 0. 0.
    2.84100008e+00 0. 0. 0. 0. 0. 0. 0. 0. 2.71600008e+00 2.26500010e+00
    2. 2. 2. 2. 2. 2. 2. 2. 2. 2. 2. 2. 2. 2. 2. 2. 2. 2. 2. 2. 2. 2. 2.
    2. 2. 2. 2. 2. 2. 2.84100008e+00 0. 0. 0. 0. 0. 0. 0. 0.
    2.71600008e+00 2.26500010e+00 2. 2. 2. 2. 2. 2. 2. 2. 2. 2. 2. 2. 2.
    2. 2. 2. 2. 2. 2. 2. 2. 2. 2. 2. 2. 2. 2. 2. 2. 2.57500005e+00
    2.83800006e+00 2.94400001e+00 2.94400001e+00 2.94400001e+00
    2.94400001e+00 2.94400001e+00 2.94400001e+00 2.79800010e+00
    2.49000001e+00 2.18099999e+00 2. 2. 2. 2. 2. 2. 2. 2. 2. 2. 2. 2. 2.
    2. 2. 2. 2. 2. 2. 2. 2. 2. 1.98000002e+00 1.96099997e+00
    1.94099998e+00 1.93900001e+00 1.93900001e+00 1.93900001e+00
    1.95599997e+00 2.29999995e+00 2.43799996e+00 2.49300003e+00
    2.49300003e+00 2.49300003e+00 2.49300003e+00 2.49300003e+00
    2.49300003e+00 2.41700006e+00 2.25600004e+00 2.09500003e+00 2. 2. 2.
    2. 2. 2. 2. 2. 2. 2. 2. 2. 2. 2. 2. 2. 2. 2. 2. 2. 2. 2.
    1.96000004e+00 1.91999996e+00 1.87899995e+00 1.87600005e+00
    1.87600005e+00 1.87600005e+00 1.91100001e+00 2.02500010e+00
    2.03699994e+00 2.04200006e+00 2.04200006e+00 2.04200006e+00
    2.04200006e+00 2.04200006e+00 2.04200006e+00 2.03500009e+00
    2.02200007e+00 2.00799990e+00 2. 2. 2. 2. 2. 2. 2. 2. 2. 2. 2. 2. 2.
    2. 2. 2. 2. 2. 2. 2. 2. 2. 1.94000006e+00 1.87899995e+00
    1.81799996e+00 1.81299996e+00 1.81299996e+00 1.81299996e+00
    1.86500001e+00 1.94299996e+00 1.94299996e+00 1.94299996e+00
    1.94299996e+00 1.94299996e+00 1.95299995e+00 1.97200000e+00
    1.99000001e+00 2. 2. 2. 2. 2. 2. 2. 2. 2. 2. 2. 2. 2. 2. 2. 2. 2. 2.
    2. 2. 2. 2. 2. 2. 2. 1.93799996e+00 1.87500000e+00 1.81200004e+00
    1.80700004e+00 1.80700004e+00 1.80700004e+00 1.86099994e+00
    1.88000000e+00 1.88000000e+00 1.88000000e+00 1.88000000e+00
    1.88000000e+00 1.90100002e+00 1.94000006e+00 1.97899997e+00 2. 2. 2.
    2. 2. 2. 2. 2. 2. 2. 2. 2. 2. 2. 2. 2. 2. 2. 2. 2. 2. 2. 2. 2. 2.
    1.93799996e+00 1.87500000e+00 1.81200004e+00 1.80700004e+00
    1.80700004e+00 1.80700004e+00 1.86099994e+00 1.81700003e+00
    1.81700003e+00 1.81700003e+00 1.81700003e+00 1.81700003e+00
    1.84899998e+00 1.90900004e+00 1.96899998e+00 2. 2. 2. 2. 2. 2. 2. 2.
    2. 2. 2. 2. 2. 2. 2. 2. 2. 2. 2. 2. 2. 2. 2. 2. 2. 1.93799996e+00
    1.87500000e+00 1.81200004e+00 1.80700004e+00 1.80700004e+00
    1.80700004e+00 1.86099994e+00 1.80700004e+00 1.80700004e+00
    1.80700004e+00 1.80700004e+00 1.80700004e+00 1.84099996e+00
    1.90400004e+00 1.96700001e+00 2. 2. 2. 2. 2. 2. 2. 2. 2. 2. 2. 2. 2.
    2. 2. 2. 2. 2. 2. 2. 2. 2. 2. 2. 2. 1.93799996e+00 1.87500000e+00
    1.81200004e+00 1.80700004e+00 1.80700004e+00 1.80700004e+00
    1.86099994e+00 1.80700004e+00 1.80700004e+00 1.80700004e+00
    1.80700004e+00 1.80700004e+00 1.84099996e+00 1.90400004e+00
    1.96700001e+00 2. 2. 2. 2. 2. 2. 2. 2. 2. 2. 2. 2. 2. 2. 2. 2. 2. 2.
    2. 2. 2. 2. 2. 2. 2. 1.93799996e+00 1.87500000e+00 1.81200004e+00
    1.80700004e+00 1.80700004e+00 1.80700004e+00 1.86099994e+00
    1.80700004e+00 1.80700004e+00 1.80700004e+00 1.80700004e+00
    1.80700004e+00 1.84099996e+00 1.90400004e+00 1.96700001e+00 2. 2. 2.
    2. 2. 2. 2. 2. 2. 2. 2. 2. 2. 2. 2. 2. 2. 2. 2. 2. 2. 2. 2. 2. 2.
    1.93799996e+00 1.87500000e+00 1.81200004e+00 1.80700004e+00
    1.80700004e+00 1.80700004e+00 1.86099994e+00 1.78499997e+00
    1.80100000e+00 1.80700004e+00 1.80700004e+00 1.80700004e+00
    1.84099996e+00 1.90400004e+00 1.96700001e+00 2. 2. 2. 2. 2. 2. 2. 2.
    2. 2. 2. 2. 2. 2. 2. 2. 2. 2. 2. 2. 2. 2. 2. 2. 2. 1.93799996e+00
    1.87500000e+00 1.81200004e+00 1.80700004e+00 1.80700004e+00
    1.80700004e+00 1.86099994e+00 1.75800002e+00 1.79299998e+00
    1.80700004e+00 1.80700004e+00 1.80700004e+00 1.84099996e+00
    1.90400004e+00 1.96700001e+00 2. 2. 2. 2. 2. 2. 2. 2. 2. 2. 2. 2. 2.
    2. 2. 2. 2. 2. 2. 2. 2. 2. 2. 2. 2. 1.93799996e+00 1.87500000e+00
    1.81200004e+00 1.80700004e+00 1.80700004e+00 1.80700004e+00
    1.86099994e+00 1.73000002e+00 1.78499997e+00 1.80700004e+00
    1.80700004e+00 1.80700004e+00 1.84099996e+00 1.90400004e+00
    1.96700001e+00 2. 2. 2. 2. 2. 2. 2. 2. 2. 2. 2. 2. 2. 2. 2. 2. 2. 2.
    2. 2. 2. 2. 2. 2. 2. 1.93799996e+00 1.87500000e+00 1.81200004e+00
    1.80700004e+00 1.80700004e+00 1.80700004e+00 1.86099994e+00
    1.72300005e+00 1.78299999e+00 1.80700004e+00 1.80700004e+00
    1.80700004e+00 1.84099996e+00 1.90400004e+00 1.96700001e+00 2. 2. 2.
    2. 2. 2. 2. 2. 2. 2. 2. 2. 2. 2. 2. 2. 2. 2. 2. 2. 2. 2. 2. 2. 2.
    1.93799996e+00 1.87500000e+00 1.81200004e+00 1.80700004e+00
    1.80700004e+00 1.80700004e+00 1.86099994e+00 0. 0. 0. 0. 0. 0. 0. 0.
    0. 0. 0. 0. 0. 0. 0. 0. 0. 0. 0. 0. 0. 0. 0. 0. 0. 0. 0. 0. 0. 0. 0.
    0. 0. 0. 0. 0. 0. 0. 0. 0. 0. 0. 0. 0. 0. 0. 0. 0. 0. 0. 0. 0. 0. 0.
    0. 0. 0. 0. 0. 0. 0. 0. 0. 0. 0. 0. 0. 0. 0. 0. 0. 0. 0. 0. 0. 0. 0.
    0. 0. 0. 0. 0. 0. 0. 0. 0. 0. 0. 0. 0. 0. 0. 0. 0. 0. 0. 0. 0. 0. 0.
    0. 0. 0. 0. 0. 0. 0. 0. 0. 0. 0. 0. 0. 0. 0. 0. 0. 0. 0. 0. 0. 0. 0.
    0. 0. 0. 0. 0. 0. 0. 0. 0. 0. 0. 0. 0. 0. 0. 0. 0. 0. 0. 0. 0. 0. 0.
    0. 0. 0. 0. 0. 0. 0. 0. 0. 0. 0. 0. 0. 0. 0. 0. 0. 0. 0. 0. 0. 0. 0.
    0. 0. 0. 0. 0. 0. 0. 0. 0. 0. 0. 0. 0. 0. 0. 0. 0. 0. 0. 0. 0. 0. 0.
    0. 0. 0. 0. 0. 0. 0. 0. 0. 0. 0. 0. 0. 0. 0. 0. 0. 0. 0. 0. 0. 0. 0.
    0. 0. 0. 0. 0. 0. 0. 0. 0. 0. 0. 0. 0. 0. 0. 0. 0. 0. 0. 0. 0. 0. 0.
    0. 0. 0. 0. 0. 0. 0. 0. 0. 0. 0. 0. 0. 0. 0. 0. 0. 0. 0. 0. 0. 0. 0.
    0. 0. 0. 0. 0. 0. 0. 0. 0. 0. 0. 0. 0. 0. 0. 0. 0. 0. 0. 0. 0. 0. 0.
    0. 0. 0. 0. 0. 0. 0. 0. 0. 0. 0. 0. 0. 0. 0. 0. 0. 0. 0. 0. 0. 0. 0.
    0. 0. 0. 0. 0. 0. 0. 0. 0. 0. 0. 0. 0. 0. 0. 0. 0. 0. 0. 0. 0. 0. 0.
    0. 0. 0. 0. 0. 0. 0. 0. 0. 0. 0. 0. 0. 0. 0. 0. 0. 0. 0. 0. 0. 0. 0.
    0. 0. 0. 0. 0. 0. 0. 0. 0. 0. 0. 0. 0. 0. 0. 0. 0. 0. 0. 0. 0. 0. 0.
    0. 0. 0. 0. 0. 0. 0. 0. 0. 0. 0. 0. 0. 0. 0. 0. 0. 0. 0. 0. 0. 0. 0.
    0. 0. 0. 0. 0. 0. 0. 0. 0. 0. 0. 0. 0. 0. 0. 0. 0. 0. 0. 0. 0. 0. 0.
    0. 0. 0. 0. 0. 0. 0. 0. 0. 0. 0. 0. 0. 0. 0. 0. 0. 0. 0. 0. 0. 0. 0.
    0. 0. 0. 0. 0. 0. 0. 0. 0. 0. 0. 0. 0. 0. 0. 0. 0. 0. 0. 0. 0. 0. 0.
    0. 0. 0. 0. 0. 0. 0. 0. 0. 0. 0. 0. 0. 0. 0. 0. 0. 0. 0. 0. 0. 0. 0.
    0. 0. 0. 0. 0. 0. 0. 0. 0. 0. 0. 0. 0. 0. 0. 0. 0. 0. 0. 0. 0. 0. 0.
    0. 0. 0. 0. 0. 0.</data></Depth>
</opencv_storage>
