<?xml version="1.0"?>
<opencv_storage>
<Depth type_id="opencv-matrix">
  <rows>40</rows>
  <cols>40</cols>
  <dt>f</dt>
  <data>
    0. 0. 0. 0. 0. 0. 0. 0. 0. 0. 0. 0. 0. 0. 0. 0. 0. 0. 0. 0. 0. 0. 0.
    0. 0. 0. 0. 0. 0. 0. 0. 0. 0. 0. 0. 0. 0. 0. 0. 0. 0. 0. 0. 0. 0. 0.
    0. 0. 0. 0. 0. 0. 0. 0. 0. 0. 0. 0. 0. 0. 0. 0. 0. 0. 0. 0. 0. 0. 0.
    0. 0. 0. 0. 0. 0. 0. 0. 0. 0. 0. 0. 0. 0. 0. 0. 0. 0. 0. 0. 0. 0. 0.
    0. 0. 0. 0. 0. 0. 0. 0. 0. 0. 0. 0. 0. 0. 0. 0. 0. 0. 0. 0. 0. 0. 0.
    0. 0. 0. 0. 0. 0. 0. 0. 0. 0. 0. 0. 0. 0. 0. 0. 0. 0. 0. 0. 0. 0. 0.
    0. 0. 0. 0. 0. 0. 0. 0. 0. 0. 0. 0. 0. 0. 0. 0. 0. 0. 0. 0. 0. 0. 0.
    0. 0. 0. 0. 0. 0. 0. 0. 0. 0. 0. 0. 0. 0. 0. 0. 0. 0. 0. 0. 0. 0. 0.
    0. 0. 0. 0. 0. 0. 0. 0. 0. 0. 0. 0. 0. 0. 0. 0. 0. 0. 0. 0. 0. 0. 0.
    0. 0. 0. 0. 0. 0. 0. 0. 0. 0. 0. 0. 0. 0. 0. 0. 0. 0. 0. 0. 0. 0. 0.
    0. 0. 0. 0. 0. 0. 0. 0. 0. 0. 0. 0. 0. 0. 0. 0. 0. 0. 0. 0. 0. 0. 0.
    0. 0. 0. 0. 0. 0. 0. 0. 0. 0. 0. 0. 0. 0. 0. 0. 0. 0. 0. 0. 0. 0. 0.
    0. 0. 0. 0. 0. 0. 0. 0. 0. 0. 0. 0. 0. 0. 0. 0. 0. 0. 0. 0. 0. 0. 0.
    0. 0. 0. 0. 0. 0. 0. 0. 0. 0. 0. 0. 0. 0. 0. 0. 0. 0. 0. 0. 0. 0. 0.
    0. 0. 0. 0. 0. 0. 0. 0. 0. 0. 0. 0. 0. 0. 0. 0. 0. 0. 0. 0. 0. 0. 0.
    0. 0. 0. 0. 0. 0. 0. 0. 0. 0. 0. 0. 0. 0. 0. 0. 0. 0. 0. 0. 0. 0. 0.
    0. 0. 0. 0. 0. 0. 0. 0. 0. 0. 0. 0. 0. 0. 0. 0. 0. 0. 0. 0. 0. 0. 0.
    0. 0. 0. 0. 0. 0. 0. 0. 0. 0. 0. 0. 0. 0. 0. 0. 0. 0. 0. 0. 0. 0. 0.
    0. 0. 0. 0. 0. 0. 0. 0. 0. 0. 0. 0. 0. 0. 0. 0. 0. 0. 0. 0. 0. 0. 0.
    0. 0. 0. 0. 0. 0. 0. 0. 0. 0. 0. 0. 0. 0. 0. 0. 0. 0. 0. 0. 0. 0. 0.
    0. 0. 0. 0. 0. 0. 0. 0. 0. 0. 0. 0. 0. 0. 0. 0. 0. 0. 0. 0. 0. 0. 0.
    0. 0. 0. 0. 0. 0. 0. 0. 0. 0. 0. 0. 0. 0. 0. 0. 0. 0. 0. 0. 0. 0. 0.
    0. 0. 0. 0. 0. 0. 0. 0. 0. 0. 0. 0. 0. 0. 0. 0. 0. 0. 0. 0.
    2.10200000e+00 2.10200000e+00 2.09599996e+00 2.06299996e+00
    1.98899996e+00 1.90199995e+00 1.90199995e+00 1.95599997e+00
    2.05100012e+00 2.05100012e+00 2.05100012e+00 2.05100012e+00 0. 0. 0.
    0. 0. 0. 0. 0. 0. 0. 2.21000004e+00 2.21000004e+00 1.45299995e+00 0.
    0. 0. 0. 0. 0. 0. 0. 0. 0. 0. 0. 0. 0. 0. 2.07800007e+00
    2.07800007e+00 2.07500005e+00 2.05699992e+00 1.98899996e+00
    1.90199995e+00 1.90199995e+00 1.95599997e+00 2.05100012e+00
    2.05100012e+00 2.05100012e+00 2.05100012e+00 0. 0. 0. 0. 0. 0. 0. 0.
    0. 0. 2.21000004e+00 2.21000004e+00 1.80100000e+00 1.09800005e+00 0.
    0. 0. 0. 0. 0. 0. 0. 0. 0. 0. 0. 0. 0. 2.05100012e+00 2.04500008e+00
    2.03800011e+00 2.02999997e+00 1.97300005e+00 1.89699996e+00
    1.89999998e+00 1.95599997e+00 2.05100012e+00 2.05100012e+00
    2.05299997e+00 2.05699992e+00 2.08400011e+00 1.17700005e+00 0. 0. 0.
    0. 0. 2.05100012e+00 2.05100012e+00 2.11100006e+00 2.19099998e+00
    2.19499993e+00 2.18199992e+00 2.11500001e+00 0. 0. 0. 0. 0. 0. 0. 0.
    0. 0. 0. 0. 0. 0. 2.05100012e+00 2.01399994e+00 1.96500003e+00
    1.91700006e+00 1.88600004e+00 1.86800003e+00 1.89199996e+00
    1.95599997e+00 2.05100012e+00 2.05100012e+00 2.06299996e+00
    2.08800006e+00 2.09699988e+00 1.85800004e+00 1.22000003e+00
    1.09700000e+00 1.07900000e+00 1.07900000e+00 1.55299997e+00
    2.05100012e+00 2.05100012e+00 2.06699991e+00 2.09100008e+00
    2.11599994e+00 2.13800001e+00 2.14499998e+00 1.85000002e+00
    1.70099998e+00 0. 0. 0. 0. 0. 0. 0. 0. 0. 0. 0. 0. 2.05100012e+00
    2.00300002e+00 1.93900001e+00 1.87699997e+00 1.85500002e+00
    1.85800004e+00 1.88800001e+00 1.94099998e+00 2.00900006e+00
    2.03699994e+00 2.06599998e+00 2.09999990e+00 2.10200000e+00
    2.10200000e+00 2.10200000e+00 2.07399988e+00 2.05100012e+00
    2.05100012e+00 2.05100012e+00 2.05100012e+00 2.05100012e+00
    2.05100012e+00 2.05500007e+00 2.08800006e+00 2.12199998e+00
    2.15599990e+00 2.15599990e+00 2.15599990e+00 0. 0. 0. 0. 0. 0. 0. 0.
    0. 0. 0. 0. 2.04500008e+00 2. 1.93900001e+00 1.87899995e+00
    1.85800004e+00 1.86099994e+00 1.89199996e+00 1.92100000e+00
    1.95099998e+00 2.01600003e+00 2.06599998e+00 2.09599996e+00
    2.09699988e+00 2.09500003e+00 2.09500003e+00 2.07100010e+00
    2.05100012e+00 2.05100012e+00 2.05100012e+00 2.05100012e+00
    2.05100012e+00 2.05100012e+00 2.05500007e+00 2.08800006e+00
    2.12100005e+00 2.15300012e+00 2.15300012e+00 2.15300012e+00 0. 0. 0.
    0. 0. 0. 0. 0. 0. 0. 0. 0. 1.97899997e+00 1.96500003e+00
    1.94299996e+00 1.90300000e+00 1.88800001e+00 1.89199996e+00
    1.92200005e+00 1.94099998e+00 1.95099998e+00 2.01600003e+00
    2.05500007e+00 2.06500006e+00 2.04399991e+00 2.02900004e+00
    2.02900004e+00 2.04099989e+00 2.05100012e+00 2.05100012e+00
    2.05100012e+00 2.05100012e+00 2.05100012e+00 2.05100012e+00
    2.05500007e+00 2.08800006e+00 2.10800004e+00 2.11800003e+00
    2.11800003e+00 2.11800003e+00 0. 0. 0. 0. 0. 0. 0. 0. 0. 0. 0. 0.
    1.93299997e+00 1.93299997e+00 1.92900002e+00 1.90900004e+00
    1.90199995e+00 1.90499997e+00 1.93599999e+00 1.95000005e+00
    1.95099998e+00 2.00399995e+00 2.03299999e+00 2.03299999e+00
    2.00200009e+00 1.98199999e+00 1.98199999e+00 2.00999999e+00
    2.03600001e+00 2.04800010e+00 2.05999994e+00 2.06900001e+00
    2.06900001e+00 2.06900001e+00 2.07200003e+00 2.09299994e+00
    2.10200000e+00 2.10200000e+00 2.10200000e+00 2.10200000e+00 0. 0. 0.
    0. 0. 0. 0. 0. 0. 0. 0. 0. 1.90199995e+00 1.90199995e+00
    1.90199995e+00 1.90199995e+00 1.90199995e+00 1.90499997e+00
    1.93599999e+00 1.95000005e+00 1.95000005e+00 1.98300004e+00 2. 2.
    1.97000003e+00 1.95000005e+00 1.95000005e+00 1.97700000e+00
    2.00999999e+00 2.04299998e+00 2.07599998e+00 2.10200000e+00
    2.10200000e+00 2.10200000e+00 2.10200000e+00 2.10200000e+00
    2.10200000e+00 2.10200000e+00 2.10200000e+00 2.10200000e+00 0. 0. 0.
    0. 0. 0. 0. 0. 0. 0. 0. 0. 1.90199995e+00 1.90199995e+00
    1.90199995e+00 1.90199995e+00 1.90199995e+00 1.90499997e+00
    1.93599999e+00 1.95000005e+00 1.95000005e+00 1.98300004e+00 2. 2.
    1.97000003e+00 1.95000005e+00 1.95000005e+00 1.97700000e+00
    2.00999999e+00 2.04299998e+00 2.07599998e+00 2.10200000e+00
    2.10200000e+00 2.10200000e+00 2.10200000e+00 2.10200000e+00
    2.10200000e+00 2.10200000e+00 2.10200000e+00 2.10200000e+00 0. 0. 0.
    0. 0. 0. 0. 0. 0. 0. 0. 0. 1.88800001e+00 1.88800001e+00
    1.88900006e+00 1.89900005e+00 1.90799999e+00 1.91900003e+00
    1.94000006e+00 1.95000005e+00 1.95000005e+00 1.98300004e+00 2. 2.
    1.97899997e+00 1.96500003e+00 1.96500003e+00 1.98399997e+00
    2.00999999e+00 2.04299998e+00 2.07599998e+00 2.10200000e+00
    2.10200000e+00 2.10200000e+00 2.10500002e+00 2.12599993e+00
    2.13499999e+00 2.13499999e+00 2.13499999e+00 2.13499999e+00 0. 0. 0.
    0. 0. 0. 0. 0. 0. 0. 0. 0. 1.85699999e+00 1.85699999e+00
    1.86300004e+00 1.89199996e+00 1.92100000e+00 1.94799995e+00
    1.94900000e+00 1.95000005e+00 1.95000005e+00 1.98300004e+00 2. 2.
    1.99899995e+00 1.99800003e+00 1.99800003e+00 1.99899995e+00
    2.00999999e+00 2.04299998e+00 2.07599998e+00 2.10200000e+00
    2.10200000e+00 2.10200000e+00 2.10999990e+00 2.17700005e+00
    2.20499992e+00 2.20499992e+00 2.20499992e+00 2.20499992e+00 0. 0. 0.
    0. 0. 0. 0. 0. 0. 0. 0. 0. 1.85500002e+00 1.85500002e+00
    1.86099994e+00 1.89100003e+00 1.92200005e+00 1.95000005e+00
    1.95000005e+00 1.95000005e+00 1.95000005e+00 1.98300004e+00 2. 2. 2.
    2. 2. 2.01699996e+00 2.03999996e+00 2.07299995e+00 2.10700011e+00
    2.13400006e+00 2.13400006e+00 2.10700011e+00 2.07500005e+00
    2.10299993e+00 2.15000010e+00 2.20900011e+00 2.18799996e+00
    2.17799997e+00 0. 0. 0. 0. 0. 0. 0. 0. 0. 0. 0. 0. 1.85500002e+00
    1.85500002e+00 1.86099994e+00 1.89100003e+00 1.92200005e+00
    1.95000005e+00 1.95000005e+00 1.95000005e+00 1.95000005e+00
    1.98300004e+00 2. 2. 2. 2. 2. 2.02800012e+00 2.06100011e+00
    2.09400010e+00 2.12800002e+00 2.15599990e+00 2.15599990e+00
    2.11100006e+00 2.05100012e+00 2.05100012e+00 2.11100006e+00
    2.20900011e+00 2.17400002e+00 2.15599990e+00 0. 0. 0. 0. 0. 0. 0. 0.
