<?xml version="1.0"?>
<opencv_storage>
<Depth type_id="opencv-matrix">
  <rows>40</rows>
  <cols>40</cols>
  <dt>f</dt>
  <data>
    0. 0. 0. 0. 0. 0. 0. 0. 0. 0. 0. 0. 0. 0. 0. 0. 0. 0. 0. 0. 0. 0. 0.
    0. 0. 0. 0. 0. 0. 0. 0. 0. 0. 0. 0. 0. 0. 0. 0. 0. 0. 0. 0. 0. 0. 0.
    0. 0. 0. 0. 0. 0. 0. 0. 0. 0. 0. 0. 0. 0. 0. 0. 0. 0. 0. 0. 0. 0. 0.
    0. 0. 0. 0. 0. 0. 0. 0. 0. 0. 0. 0. 0. 0. 0. 0. 0. 0. 0. 0. 0. 0. 0.
    0. 0. 0. 0. 0. 0. 0. 0. 0. 0. 0. 0. 0. 0. 0. 0. 0. 0. 0. 0. 0. 0. 0.
    0. 0. 0. 0. 0. 0. 0. 0. 0. 0. 0. 0. 0. 0. 0. 0. 0. 0. 0. 0. 0. 0. 0.
    1.83200002e+00 1.83200002e+00 1.83200002e+00 1.83200002e+00
    1.83200002e+00 1.83200002e+00 1.83200002e+00 1.83200002e+00
    1.83200002e+00 1.83200002e+00 0. 0. 0. 0. 0. 0. 0. 0. 0. 0. 0. 0. 0.
    0. 0. 0. 0. 0. 0. 0. 0. 0. 0. 0. 0. 0. 0. 0. 0. 0. 1.83599997e+00
    1.83399999e+00 1.83299994e+00 1.83200002e+00 1.83200002e+00
    1.83200002e+00 1.83099997e+00 1.83000004e+00 1.82799995e+00
    1.82799995e+00 0. 0. 0. 0. 0. 0. 0. 0. 0. 0. 0. 0. 0. 0. 0. 0. 0. 0.
    0. 0. 0. 0. 0. 0. 0. 0. 0. 0. 0. 0. 1.88699996e+00 1.86500001e+00
    1.84300005e+00 1.83200002e+00 1.83200002e+00 1.83200002e+00
    1.81799996e+00 1.79700005e+00 1.77600002e+00 1.77199996e+00 0. 0. 0.
    0. 0. 0. 0. 0. 0. 0. 0. 0. 0. 0. 0. 0. 0. 0. 0. 0. 0. 0. 0. 0. 0. 0.
    0. 0. 0. 1.46599996e+00 1.93900001e+00 1.89600003e+00 1.85300004e+00
    1.83200002e+00 1.83200002e+00 1.83200002e+00 1.80599999e+00
    1.76499999e+00 1.72399998e+00 1.71599996e+00 0. 0. 0. 0. 0. 0. 0. 0.
    0. 0. 0. 0. 0. 0. 0. 0. 0. 0. 0. 0. 0. 0. 0. 1.51800001e+00
    1.52600002e+00 1.63600004e+00 1.74600005e+00 1.84500003e+00
    1.90400004e+00 1.96200001e+00 1.97899997e+00 1.91999996e+00
    1.86099994e+00 1.83200002e+00 1.83200002e+00 1.83200002e+00
    1.79600000e+00 1.74000001e+00 1.68400002e+00 1.67200005e+00 0. 0. 0.
    0. 0. 0. 0. 0. 0. 0. 0. 0. 0. 0. 0. 0. 0. 0. 0. 0. 0. 0. 0.
    1.51800001e+00 1.52600002e+00 1.63600004e+00 1.74600005e+00
    1.84500003e+00 1.90400004e+00 1.96200001e+00 1.97899997e+00
    1.91999996e+00 1.86099994e+00 1.83200002e+00 1.83200002e+00
    1.83200002e+00 1.79600000e+00 1.74000001e+00 1.68400002e+00
    1.67200005e+00 0. 0. 0. 0. 0. 0. 0. 0. 0. 0. 0. 0. 0. 0. 0. 0. 0. 0.
    0. 0. 0. 0. 0. 1.51800001e+00 1.52600002e+00 1.63600004e+00
    1.74600005e+00 1.84500003e+00 1.90400004e+00 1.96200001e+00
    1.97899997e+00 1.91999996e+00 1.86099994e+00 1.83200002e+00
    1.83200002e+00 1.83200002e+00 1.79600000e+00 1.74000001e+00
    1.68400002e+00 1.67200005e+00 0. 0. 0. 0. 0. 0. 0. 0. 0. 0. 0. 0. 0.
    0. 0. 0. 0. 0. 0. 0. 0. 0. 0. 1.51800001e+00 1.52600002e+00
    1.63600004e+00 1.74600005e+00 1.84500003e+00 1.90400004e+00
    1.96200001e+00 1.98199999e+00 1.92999995e+00 1.87899995e+00
    1.84899998e+00 1.84200001e+00 1.83500004e+00 1.79999995e+00
    1.75100005e+00 1.70200002e+00 1.69200003e+00 0. 0. 0. 0. 0. 0. 0. 0.
    0. 0. 0. 0. 0. 0. 0. 0. 0. 0. 0. 0. 0. 0. 0. 1.51800001e+00
    1.52600002e+00 1.63600004e+00 1.74600005e+00 1.84500003e+00
    1.90400004e+00 1.96200001e+00 1.98899996e+00 1.95799994e+00
    1.92700005e+00 1.89800000e+00 1.87000000e+00 1.84200001e+00
    1.81299996e+00 1.78400004e+00 1.75399995e+00 1.74800003e+00 0. 0. 0.
    0. 0. 0. 0. 0. 0. 0. 0. 0. 0. 0. 0. 0. 0. 0. 0. 0. 0. 0. 0.
    1.51800001e+00 1.52600002e+00 1.63600004e+00 1.74600005e+00
    1.84500003e+00 1.90400004e+00 1.96200001e+00 1.99600005e+00
    1.98599994e+00 1.97599995e+00 1.94599998e+00 1.89800000e+00
    1.84899998e+00 1.82599998e+00 1.81599998e+00 1.80599999e+00
    1.80400002e+00 0. 0. 0. 0. 0. 0. 0. 0. 0. 0. 0. 0. 0. 0. 0. 0. 0. 0.
    0. 0. 0. 0. 0. 1.51800001e+00 1.52600002e+00 1.63600004e+00
    1.74600005e+00 1.84500003e+00 1.90400004e+00 1.96200001e+00 2. 2. 2.
    1.97000003e+00 1.91199994e+00 1.85300004e+00 1.83200002e+00
    1.83200002e+00 1.83200002e+00 1.83200002e+00 0. 0. 0. 0. 0. 0. 0. 0.
    0. 0. 0. 0. 0. 0. 0. 0. 0. 0. 0. 0. 0. 0. 0. 1.51800001e+00
    1.52600002e+00 1.63600004e+00 1.74600005e+00 1.84500003e+00
    1.90400004e+00 1.96200001e+00 2. 2. 2. 1.97000003e+00 1.91199994e+00
    1.85300004e+00 1.83200002e+00 1.83200002e+00 1.83200002e+00
    1.83200002e+00 0. 0. 0. 0. 0. 0. 0. 0. 0. 0. 0. 0. 0. 0. 0. 0. 0. 0.
    0. 0. 0. 0. 0. 1.51800001e+00 1.52600002e+00 1.63600004e+00
    1.74600005e+00 1.84500003e+00 1.90400004e+00 1.96200001e+00 2. 2. 2.
    1.97000003e+00 1.91199994e+00 1.85300004e+00 1.83200002e+00
    1.83200002e+00 1.83200002e+00 1.83200002e+00 0. 0. 0. 0. 0. 0. 0. 0.
    0. 0. 0. 0. 0. 0. 0. 0. 0. 0. 0. 0. 0. 0. 0. 1.62699997e+00
    1.63300002e+00 1.71800005e+00 1.80299997e+00 1.88000000e+00
    1.92499995e+00 1.97099996e+00 2. 2. 2. 1.97700000e+00 1.93200004e+00
    1.88600004e+00 1.87000000e+00 1.87000000e+00 1.87000000e+00
    1.87000000e+00 0. 0. 0. 0. 0. 0. 0. 0. 0. 0. 0. 0. 0. 0. 0. 0. 0. 0.
    0. 0. 0. 0. 0. 1.79600000e+00 1.79900002e+00 1.84599996e+00
    1.89199996e+00 1.93400002e+00 1.95899999e+00 1.98399997e+00 2. 2. 2.
    1.98699999e+00 1.96300006e+00 1.93799996e+00 1.92900002e+00
    1.92900002e+00 1.92900002e+00 1.92900002e+00 0. 0. 0. 0. 0. 0. 0. 0.
    0. 0. 0. 0. 0. 0. 0. 0. 0. 0. 0. 0. 0. 0. 0. 1.96500003e+00
    1.96500003e+00 1.97300005e+00 1.98099995e+00 1.98899996e+00
    1.99300003e+00 1.99699998e+00 2. 2. 2. 1.99800003e+00 1.99399996e+00
    1.98899996e+00 1.98800004e+00 1.98800004e+00 1.98800004e+00
    1.98800004e+00 0. 0. 0. 0. 0. 0. 0. 0. 0. 0. 0. 0. 0. 0. 0. 0. 0. 0.
    0. 0. 0. 0. 0. 0. 0. 0. 1.41700006e+00 2. 2. 2. 2. 2. 2. 2. 2. 2. 2.
    2. 2. 2. 0. 0. 0. 0. 0. 0. 0. 0. 0. 0. 0. 0. 0. 0. 0. 0. 0. 0. 0. 0.
    0. 0. 0. 0. 0. 0. 0. 2. 2. 2. 2. 2. 2. 2. 2. 2. 2. 2. 2. 2. 0. 0. 0.
    0. 0. 0. 0. 0. 0. 0. 0. 0. 0. 0. 0. 0. 0. 0. 0. 0. 0. 0. 0. 0. 0. 0.
    0. 2. 2. 2. 2. 2. 2. 2. 2. 2. 2. 2. 2. 2. 0. 0. 0. 0. 0. 0. 0. 0. 0.
    0. 0. 0. 0. 0. 0. 0. 0. 0. 0. 0. 0. 0. 0. 0. 0. 0. 0. 2. 2. 2. 2. 2.
    2. 2. 2. 2. 2. 2. 2. 2. 0. 0. 0. 0. 0. 0. 0. 0. 0. 0. 0. 0. 0. 0. 0.
    0. 0. 0. 0. 0. 0. 0. 0. 0. 0. 0. 1.32200003e+00 2. 2. 2. 2. 2. 2. 2.
    2. 2. 2. 2. 2. 2. 0. 0. 0. 0. 0. 0. 0. 0. 0. 0. 0. 0. 0. 0. 0. 0. 0.
    0. 0. 0. 0. 0. 0. 2. 2. 1.99800003e+00 1.99699998e+00 1.99500000e+00
    1.99500000e+00 1.99500000e+00 1.99600005e+00 1.99800003e+00
    1.99899995e+00 2. 2. 2. 2. 2. 2. 2. 0. 0. 0. 0. 0. 0. 0. 0. 0. 0. 0.
    0. 0. 0. 0. 0. 0. 0. 0. 0. 0. 0. 0. 2. 1.99800003e+00 1.97599995e+00
    1.95400000e+00 1.93700004e+00 1.93700004e+00 1.93700004e+00
    1.94500005e+00 1.96700001e+00 1.98899996e+00 2. 2. 2. 2. 2. 2. 2. 0.
    0. 0. 0. 0. 0. 0. 0. 0. 0. 0. 0. 0. 0. 0. 0. 0. 0. 0. 0. 0. 0. 0. 2.
    1.99699998e+00 1.95400000e+00 1.91100001e+00 1.87800002e+00
    1.87800002e+00 1.87800002e+00 1.89300001e+00 1.93599999e+00
    1.97899997e+00 2. 2. 2. 2. 2. 2. 2. 0. 0. 0. 0. 0. 0. 0. 0. 0. 0. 0.
    0. 0. 0. 0. 0. 0. 0. 0. 0. 0. 0. 0. 2. 1.99600005e+00 1.93700004e+00
    1.87800002e+00 1.83200002e+00 1.83200002e+00 1.83200002e+00
    1.85300004e+00 1.91199994e+00 1.97099996e+00 2.00200009e+00
    2.00699997e+00 2.01200008e+00 2.01099992e+00 2.00600004e+00
    2.00099993e+00 2. 0. 0. 0. 0. 0. 0. 0. 0. 0. 0. 0. 0. 0. 0. 0. 0. 0.
    0. 0. 0. 0. 0. 0. 2. 1.99600005e+00 1.93700004e+00 1.87800002e+00
    1.83200002e+00 1.83200002e+00 1.83200002e+00 1.85300004e+00
    1.91199994e+00 1.97099996e+00 2.01300001e+00 2.03900003e+00
    2.06599998e+00 2.05800009e+00 2.03200006e+00 2.00500011e+00 2. 0. 0.
    0. 0. 0. 0. 0. 0. 0. 0. 0. 0. 0. 0. 0. 0. 0. 0. 0. 0. 0. 0. 0. 2.
    1.99600005e+00 1.93700004e+00 1.87800002e+00 1.83200002e+00
    1.83200002e+00 1.83200002e+00 1.85300004e+00 1.91199994e+00
    1.97099996e+00 2.02399993e+00 2.07200003e+00 2.11899996e+00
    2.10500002e+00 2.05800009e+00 2.00999999e+00 2. 0. 0. 0. 0. 0. 0. 0.
    0. 0. 0. 0. 0. 0. 0. 0. 0. 0. 0. 0. 0. 0. 0. 0. 2. 1.99600005e+00
    1.94500005e+00 1.89400005e+00 1.85399997e+00 1.85399997e+00
    1.85399997e+00 1.87199998e+00 1.92299998e+00 1.97500002e+00
