<?xml version="1.0"?>
<opencv_storage>
<Depth type_id="opencv-matrix">
  <rows>40</rows>
  <cols>40</cols>
  <dt>f</dt>
  <data>
    0. 0. 0. 0. 0. 0. 0. 0. 0. 0. 0. 0. 0. 0. 0. 0. 0. 0. 0. 0. 0. 0. 0.
    0. 0. 0. 0. 0. 0. 0. 0. 0. 0. 0. 0. 0. 0. 0. 0. 0. 0. 0. 0. 0. 0. 0.
    0. 0. 0. 0. 0. 0. 0. 0. 0. 0. 0. 0. 0. 0. 0. 0. 0. 0. 0. 0. 0. 0. 0.
    0. 0. 0. 0. 0. 0. 0. 0. 0. 0. 0. 0. 0. 0. 0. 0. 0. 0. 0. 0. 0. 0. 0.
    0. 0. 0. 0. 0. 0. 0. 0. 0. 0. 0. 0. 0. 0. 0. 0. 0. 0. 0. 0. 0. 0. 0.
    0. 0. 0. 0. 0. 0. 0. 0. 0. 0. 0. 0. 0. 0. 0. 0. 0. 0. 0. 0. 0. 0. 0.
    0. 0. 0. 0. 0. 0. 0. 0. 0. 0. 0. 0. 0. 0. 0. 0. 0. 0. 0. 0. 0. 0. 0.
    0. 0. 0. 0. 0. 0. 0. 0. 0. 0. 0. 0. 0. 0. 0. 0. 0. 0. 0. 0. 0. 0. 0.
    0. 0. 0. 0. 0. 0. 0. 0. 0. 0. 0. 0. 0. 0. 0. 0. 0. 0. 0. 0. 0. 0. 0.
    0. 0. 0. 0. 0. 0. 0. 0. 0. 0. 0. 0. 0. 0. 0. 0. 0. 0. 0. 0. 0. 0. 0.
    0. 0. 0. 0. 0. 0. 0. 0. 0. 0. 0. 0. 0. 0. 0. 0. 0. 0. 0. 0. 0. 0. 0.
    0. 0. 0. 0. 0. 0. 0. 0. 0. 0. 0. 0. 0. 0. 0. 0. 0. 0. 0. 0. 0. 0. 0.
    0. 0. 0. 0. 0. 0. 0. 0. 0. 0. 0. 0. 0. 0. 0. 0. 0. 0. 0. 0. 0. 0. 0.
    0. 0. 0. 0. 0. 0. 0. 0. 0. 0. 0. 0. 0. 0. 0. 0. 0. 0. 0. 0. 0. 0. 0.
    0. 0. 0. 0. 0. 0. 0. 0. 0. 0. 0. 0. 0. 0. 0. 0. 0. 0. 0. 0. 0. 0. 0.
    0. 0. 0. 0. 0. 0. 0. 0. 0. 0. 0. 0. 0. 0. 0. 0. 0. 0. 0. 0. 0. 0. 0.
    0. 0. 0. 0. 0. 0. 0. 0. 0. 0. 0. 0. 0. 0. 0. 0. 0. 0. 0. 0. 0. 0. 0.
    0. 0. 0. 0. 0. 0. 0. 0. 0. 0. 0. 0. 0. 0. 0. 0. 0. 0. 0. 0. 0. 0. 0.
    0. 0. 0. 0. 0. 0. 0. 0. 0. 0. 0. 0. 0. 0. 0. 0. 0. 0. 0. 0. 0. 0. 0.
    0. 0. 0. 0. 0. 0. 0. 0. 0. 0. 0. 0. 0. 0. 0. 0. 0. 0. 0. 0. 0. 0. 0.
    0. 0. 0. 0. 0. 0. 0. 0. 0. 0. 0. 0. 0. 0. 0. 0. 0. 0. 0. 0. 0. 0. 0.
    0. 0. 0. 0. 0. 0. 0. 0. 0. 0. 0. 0. 0. 0. 0. 0. 0. 0. 0. 0. 0. 0. 0.
    0. 0. 0. 0. 0. 0. 0. 0. 0. 0. 0. 0. 0. 0. 0. 0. 0. 0. 0. 0. 0. 0. 0.
    0. 0. 0. 0. 0. 0. 0. 0. 0. 0. 0. 0. 0. 0. 0. 0. 0. 0. 0. 0. 0. 0. 0.
    0. 0. 0. 0. 0. 0. 0. 0. 0. 0. 0. 0. 0. 0. 0. 0. 0. 0. 0. 0. 0. 0.
    1.27400005e+00 2. 2. 1.97700000e+00 1.96300006e+00 1.96300006e+00
    1.96300006e+00 1.96300006e+00 1.96300006e+00 1.96800005e+00
    1.99500000e+00 2. 2.01399994e+00 2.03299999e+00 2.00500011e+00 2.
    2.01399994e+00 2.03800011e+00 2.03800011e+00 2.03800011e+00
    2.03800011e+00 2.03800011e+00 2.03800011e+00 2.01399994e+00 2.
    1.84899998e+00 1.56099999e+00 1.56099999e+00 1.31400001e+00 0. 0. 0.
    0. 0. 0. 0. 1.11699998e+00 1.50300002e+00 1.49800003e+00
    1.53900003e+00 1.72800004e+00 1.99699998e+00 1.98000002e+00
    1.96800005e+00 1.96300006e+00 1.96300006e+00 1.96300006e+00
    1.96300006e+00 1.97200000e+00 1.98800004e+00 1.99800003e+00 2.
    2.01399994e+00 2.03299999e+00 2.00500011e+00 2. 2.01399994e+00
    2.03800011e+00 2.03800011e+00 2.03800011e+00 2.03800011e+00
    2.03800011e+00 2.03800011e+00 2.02900004e+00 2.01500010e+00
    1.94299996e+00 1.96300006e+00 1.96300006e+00 1.71599996e+00
    1.30299997e+00 1.29400003e+00 1.29299998e+00 1.28799999e+00
    1.27999997e+00 1.27999997e+00 1.27999997e+00 1.51900005e+00
    1.91900003e+00 1.91900003e+00 1.96099997e+00 1.98599994e+00
    1.98300004e+00 1.96599996e+00 1.96300006e+00 1.96300006e+00
    1.96300006e+00 1.96300006e+00 1.96300006e+00 1.97700000e+00 2. 2.
    2.00900006e+00 2.02300000e+00 2.03299999e+00 2.00500011e+00 2.
    2.01399994e+00 2.03800011e+00 2.03800011e+00 2.03800011e+00
    2.03800011e+00 2.03800011e+00 2.03800011e+00 2.03800011e+00
    2.02900004e+00 2.01399994e+00 1.96300006e+00 1.96300006e+00
    1.96300006e+00 1.96300006e+00 1.96300006e+00 1.96300006e+00
    1.95099998e+00 1.93200004e+00 1.93200004e+00 1.93200004e+00
    1.94299996e+00 1.96300006e+00 1.96300006e+00 1.96300006e+00
    1.96300006e+00 1.96300006e+00 1.96300006e+00 1.96300006e+00
    1.96300006e+00 1.96399999e+00 1.96700001e+00 1.96800005e+00
    1.98000002e+00 2. 2. 2.02099991e+00 2.03299999e+00 2.02900004e+00
    2.00399995e+00 2. 2.01200008e+00 2.03399992e+00 2.03699994e+00
    2.03800011e+00 2.03800011e+00 2.03800011e+00 2.03800011e+00
    2.03800011e+00 2.03800011e+00 2.03800011e+00 1.96300006e+00
    1.96300006e+00 1.96300006e+00 1.96300006e+00 1.96300006e+00
    1.96300006e+00 1.96099997e+00 1.95799994e+00 1.95799994e+00
    1.95799994e+00 1.96000004e+00 1.96300006e+00 1.96300006e+00
    1.96300006e+00 1.96300006e+00 1.96300006e+00 1.96300006e+00
    1.96300006e+00 1.96300006e+00 1.96700001e+00 1.99100006e+00
    1.99500000e+00 1.99699998e+00 2. 2. 2.00300002e+00 2.00500011e+00
    2.00399995e+00 2.00099993e+00 2. 2.00200009e+00 2.00900006e+00
    2.03399992e+00 2.03800011e+00 2.03800011e+00 2.03800011e+00
    2.03800011e+00 2.03800011e+00 2.03800011e+00 2.03800011e+00
    1.96300006e+00 1.96300006e+00 1.96300006e+00 1.96300006e+00
    1.96300006e+00 1.96300006e+00 1.96300006e+00 1.96300006e+00
    1.96300006e+00 1.96300006e+00 1.96300006e+00 1.96300006e+00
    1.96300006e+00 1.96300006e+00 1.96300006e+00 1.96300006e+00
    1.96300006e+00 1.96300006e+00 1.96300006e+00 1.96800005e+00
    1.99500000e+00 2. 2. 2. 2. 2. 2. 2. 2. 2. 2. 2.00200009e+00
    2.01200008e+00 2.01399994e+00 2.01399994e+00 2.01399994e+00
    2.01399994e+00 2.02900004e+00 2.03800011e+00 2.03800011e+00
    1.96300006e+00 1.96300006e+00 1.96300006e+00 1.96300006e+00
    1.96300006e+00 1.96300006e+00 1.96300006e+00 1.96300006e+00
    1.96300006e+00 1.96300006e+00 1.96300006e+00 1.96300006e+00
    1.96300006e+00 1.96300006e+00 1.96300006e+00 1.96300006e+00
    1.96300006e+00 1.96300006e+00 1.96800005e+00 1.98000002e+00
    1.99699998e+00 2. 2. 2. 2. 2. 1.99500000e+00 1.98599994e+00
    1.98599994e+00 1.98599994e+00 1.99100006e+00 2. 2. 2. 2. 2. 2.
    2.02399993e+00 2.03800011e+00 2.03600001e+00 1.96300006e+00
    1.96300006e+00 1.96300006e+00 1.96300006e+00 1.96300006e+00
    1.96300006e+00 1.96300006e+00 1.96300006e+00 1.96300006e+00
    1.96300006e+00 1.96300006e+00 1.96300006e+00 1.96300006e+00
    1.96300006e+00 1.96300006e+00 1.96300006e+00 1.96300006e+00
    1.96300006e+00 1.97500002e+00 1.99500000e+00 1.99500000e+00
    1.99500000e+00 1.99500000e+00 1.99500000e+00 1.99500000e+00
    1.99500000e+00 1.98300004e+00 1.96300006e+00 1.96300006e+00
    1.96300006e+00 1.97700000e+00 1.99899995e+00 1.99600005e+00
    1.99500000e+00 1.99500000e+00 1.99600005e+00 1.99899995e+00
    2.02099991e+00 2.03299999e+00 2.02900004e+00 1.96300006e+00
    1.96300006e+00 1.96300006e+00 1.96300006e+00 1.96300006e+00
    1.96300006e+00 1.96300006e+00 1.96300006e+00 1.96300006e+00
    1.96300006e+00 1.96300006e+00 1.96300006e+00 1.96300006e+00
    1.96300006e+00 1.96300006e+00 1.96300006e+00 1.96300006e+00
    1.96300006e+00 1.96500003e+00 1.96800005e+00 1.96800005e+00
    1.96800005e+00 1.96800005e+00 1.96800005e+00 1.96800005e+00
    1.96800005e+00 1.96599996e+00 1.96300006e+00 1.96300006e+00
    1.96300006e+00 1.97700000e+00 1.99600005e+00 1.97200000e+00
    1.96800005e+00 1.96800005e+00 1.97200000e+00 1.99600005e+00
    2.00300002e+00 2.00500011e+00 2.00399995e+00 1.96300006e+00
    1.96300006e+00 1.96300006e+00 1.96300006e+00 1.96300006e+00
    1.96300006e+00 1.96300006e+00 1.96300006e+00 1.96300006e+00
    1.96300006e+00 1.96300006e+00 1.96300006e+00 1.96300006e+00
    1.96300006e+00 1.96300006e+00 1.96300006e+00 1.96300006e+00
    1.96300006e+00 1.96300006e+00 1.96300006e+00 1.96300006e+00
    1.96300006e+00 1.96300006e+00 1.96300006e+00 1.96300006e+00
    1.96300006e+00 1.96300006e+00 1.96599996e+00 1.98300004e+00
    1.98599994e+00 1.99100006e+00 1.99500000e+00 1.96800005e+00
    1.96300006e+00 1.96300006e+00 1.96800005e+00 1.99500000e+00 2. 2. 2.
    1.96300006e+00 1.96300006e+00 1.96300006e+00 1.96300006e+00
    1.96300006e+00 1.96300006e+00 1.96300006e+00 1.96300006e+00
    1.96300006e+00 1.96300006e+00 1.96300006e+00 1.96300006e+00
    1.96300006e+00 1.96300006e+00 1.96300006e+00 1.96300006e+00
    1.96300006e+00 1.96300006e+00 1.96300006e+00 1.96300006e+00
    1.96300006e+00 1.96300006e+00 1.96300006e+00 1.96300006e+00
    1.96300006e+00 1.97200000e+00 1.97700000e+00 1.98000002e+00
