<?xml version="1.0"?>
<opencv_storage>
<Depth type_id="opencv-matrix">
  <rows>40</rows>
  <cols>40</cols>
  <dt>f</dt>
  <data>
    0. 0. 0. 0. 0. 0. 0. 0. 0. 0. 0. 0. 0. 0. 0. 0. 0. 0. 0. 0. 0. 0. 0.
    0. 0. 0. 0. 0. 0. 0. 0. 0. 0. 0. 0. 0. 0. 0. 0. 0. 0. 0. 0. 0. 0. 0.
    0. 0. 0. 0. 0. 0. 0. 0. 0. 0. 0. 0. 0. 0. 0. 0. 0. 0. 0. 0. 0. 0. 0.
    0. 0. 0. 0. 0. 0. 0. 0. 0. 0. 0. 0. 0. 0. 0. 0. 0. 0. 0. 0. 0. 0. 0.
    0. 0. 0. 0. 0. 0. 0. 0. 0. 0. 0. 0. 0. 0. 0. 0. 0. 0. 0. 0. 0. 0. 0.
    0. 0. 0. 0. 0. 0. 0. 0. 0. 0. 0. 0. 0. 0. 0. 0. 0. 0. 0. 0. 0. 0. 0.
    0. 0. 0. 0. 0. 0. 0. 0. 0. 0. 0. 0. 0. 0. 0. 0. 0. 0. 0. 0. 0. 0. 0.
    0. 0. 0. 0. 0. 0. 0. 0. 0. 0. 0. 0. 0. 0. 0. 0. 0. 0. 0. 0. 0. 0. 0.
    0. 0. 0. 0. 0. 0. 0. 0. 0. 0. 0. 0. 0. 0. 0. 0. 0. 0. 0. 0. 0. 0. 0.
    0. 0. 0. 0. 0. 0. 0. 0. 0. 0. 0. 0. 0. 0. 0. 0. 0. 0. 0. 0. 0. 0. 0.
    0. 0. 0. 0. 0. 0. 0. 0. 0. 0. 0. 0. 0. 0. 0. 0. 0. 0. 0. 0. 0. 0. 0.
    0. 0. 0. 0. 0. 0. 0. 0. 0. 0. 0. 0. 0. 0. 0. 0. 0. 0. 0. 0. 0. 0. 0.
    0. 0. 0. 0. 0. 0. 0. 0. 0. 0. 0. 0. 0. 0. 0. 0. 0. 0. 0. 0. 0. 0. 0.
    0. 0. 0. 0. 0. 0. 0. 0. 0. 0. 0. 0. 0. 0. 0. 0. 0. 0. 0. 0. 0. 0. 0.
    0. 0. 0. 0. 0. 0. 0. 0. 0. 0. 0. 0. 0. 0. 0. 0. 0. 0. 0. 0. 0. 0. 0.
    0. 0. 0. 0. 0. 0. 0. 0. 0. 0. 0. 0. 0. 0. 0. 0. 0. 0. 0. 0. 0. 0. 0.
    0. 0. 0. 0. 0. 0. 0. 0. 0. 0. 0. 0. 0. 0. 0. 0. 0. 0. 0. 0. 0. 0. 0.
    0. 0. 0. 0. 0. 0. 0. 0. 0. 0. 0. 0. 2.16000009e+00 2.16000009e+00
    2.16000009e+00 2.16000009e+00 2.16000009e+00 2.16000009e+00
    2.16000009e+00 2.16000009e+00 2.16000009e+00 2.16000009e+00
    2.16000009e+00 2.16000009e+00 2.14800000e+00 2.08999991e+00
    2.03099990e+00 1.97399998e+00 1.91799998e+00 1.86099994e+00
    1.84599996e+00 1.84599996e+00 1.84599996e+00 1.84599996e+00
    1.84599996e+00 1.84599996e+00 1.84599996e+00 1.84599996e+00
    1.93900001e+00 2.11599994e+00 2.29200006e+00 2.32800007e+00
    2.32800007e+00 2.32800007e+00 2.32800007e+00 0. 0. 0. 0. 0. 0. 0.
    2.16000009e+00 2.16000009e+00 2.16000009e+00 2.16000009e+00
    2.16000009e+00 2.16000009e+00 2.16000009e+00 2.16000009e+00
    2.16000009e+00 2.16000009e+00 2.16000009e+00 2.16000009e+00
    2.14800000e+00 2.08999991e+00 2.03099990e+00 1.97500002e+00
    1.92200005e+00 1.86800003e+00 1.85099995e+00 1.84899998e+00
    1.84599996e+00 1.84599996e+00 1.84599996e+00 1.84700000e+00
    1.85300004e+00 1.85899997e+00 1.95200002e+00 2.12199998e+00
    2.29299998e+00 2.32800007e+00 2.32800007e+00 2.32800007e+00
    2.32800007e+00 0. 0. 0. 0. 0. 0. 0. 2.16000009e+00 2.16000009e+00
    2.16000009e+00 2.16000009e+00 2.16000009e+00 2.16000009e+00
    2.16000009e+00 2.16000009e+00 2.16000009e+00 2.16000009e+00
    2.16000009e+00 2.16000009e+00 2.14800000e+00 2.08999991e+00
    2.03099990e+00 1.98500001e+00 1.95200002e+00 1.91900003e+00
    1.89300001e+00 1.86899996e+00 1.84599996e+00 1.84599996e+00
    1.84599996e+00 1.85899997e+00 1.90600002e+00 1.95400000e+00
    2.04399991e+00 2.17300010e+00 2.30200005e+00 2.32800007e+00
    2.32800007e+00 2.32800007e+00 2.32800007e+00 0. 0. 0. 0. 0. 0. 0.
    2.16000009e+00 2.16000009e+00 2.16000009e+00 2.16000009e+00
    2.16000009e+00 2.16000009e+00 2.16000009e+00 2.16000009e+00
    2.16000009e+00 2.16000009e+00 2.16000009e+00 2.16000009e+00
    2.14800000e+00 2.08999991e+00 2.03099990e+00 1.99399996e+00
    1.98199999e+00 1.96899998e+00 1.93400002e+00 1.88999999e+00
    1.84599996e+00 1.84599996e+00 1.84599996e+00 1.87000000e+00
    1.95899999e+00 2.04900002e+00 2.13700008e+00 2.22399998e+00
    2.30999994e+00 2.32800007e+00 2.32800007e+00 2.32800007e+00
    2.32800007e+00 0. 0. 0. 0. 0. 0. 0. 2.16000009e+00 2.16000009e+00
    2.16000009e+00 2.16000009e+00 2.15700006e+00 2.14800000e+00
    2.13899994e+00 2.13700008e+00 2.13700008e+00 2.13700008e+00
    2.13700008e+00 2.13700008e+00 2.12700009e+00 2.07699990e+00
    2.02699995e+00 2. 2. 2. 1.96500003e+00 1.91700006e+00 1.86899996e+00
    1.86800003e+00 1.86800003e+00 1.89699996e+00 2.00300002e+00
    2.10999990e+00 2.19700003e+00 2.26799989e+00 2.33899999e+00
    2.33899999e+00 2.32100010e+00 2.30299997e+00 2.30299997e+00 0. 0. 0.
    0. 0. 0. 0. 2.16000009e+00 2.16000009e+00 2.16000009e+00
    2.16000009e+00 2.14800000e+00 2.11800003e+00 2.08800006e+00
    2.07800007e+00 2.07800007e+00 2.07800007e+00 2.07800007e+00
    2.07800007e+00 2.07200003e+00 2.04399991e+00 2.01500010e+00 2. 2. 2.
    1.98000002e+00 1.95200002e+00 1.92499995e+00 1.92499995e+00
    1.92499995e+00 1.94700003e+00 2.03299999e+00 2.11899996e+00
    2.21000004e+00 2.30399990e+00 2.39800000e+00 2.36599994e+00
    2.30200005e+00 2.24200010e+00 2.24200010e+00 0. 0. 0. 0. 0. 0. 0.
    2.16000009e+00 2.16000009e+00 2.16000009e+00 2.16000009e+00
    2.13899994e+00 2.08800006e+00 2.03699994e+00 2.01999998e+00
    2.01999998e+00 2.01999998e+00 2.01999998e+00 2.01999998e+00
    2.01799989e+00 2.01099992e+00 2.00399995e+00 2. 2. 2. 1.99500000e+00
    1.98800004e+00 1.98099995e+00 1.98099995e+00 1.98099995e+00
    1.99800003e+00 2.06399989e+00 2.12899995e+00 2.22199988e+00
    2.33999991e+00 2.45799994e+00 2.39400005e+00 2.28399992e+00
    2.18099999e+00 2.18099999e+00 0. 0. 0. 0. 0. 0. 0. 2.16000009e+00
    2.16000009e+00 2.16000009e+00 2.16000009e+00 2.13700008e+00
    2.07800007e+00 2.01999998e+00 2. 2. 2. 2. 2. 2. 2. 2. 2. 2. 2. 2. 2.
    2. 2. 2. 2.01500010e+00 2.07399988e+00 2.13199997e+00 2.21799994e+00
    2.32800007e+00 2.43799996e+00 2.37299991e+00 2.26300001e+00
    2.16000009e+00 2.16000009e+00 0. 0. 0. 0. 0. 0. 0. 2.16000009e+00
    2.16000009e+00 2.16000009e+00 2.16000009e+00 2.13700008e+00
    2.07800007e+00 2.01999998e+00 2. 2. 2. 2. 2. 2. 2. 2. 2. 2. 2. 2. 2.
    2. 2. 2. 2.01500010e+00 2.07399988e+00 2.13199997e+00 2.20600009e+00
    2.29200006e+00 2.37899995e+00 2.32800007e+00 2.24099994e+00
    2.16000009e+00 2.16000009e+00 0. 0. 0. 0. 0. 0. 0. 2.16000009e+00
    2.16000009e+00 2.16000009e+00 2.16000009e+00 2.13700008e+00
    2.07800007e+00 2.01999998e+00 2. 2. 2. 2. 2. 2. 2. 2. 2. 2. 2. 2. 2.
    2. 2. 2. 2.01500010e+00 2.07399988e+00 2.13199997e+00 2.19300008e+00
    2.25600004e+00 2.31900001e+00 2.28200006e+00 2.21900010e+00
    2.16000009e+00 2.16000009e+00 0. 0. 0. 0. 0. 0. 0. 2.16000009e+00
    2.16000009e+00 2.16000009e+00 2.16000009e+00 2.14499998e+00
    2.10599995e+00 2.06699991e+00 2.05500007e+00 2.05500007e+00
    2.05500007e+00 2.05500007e+00 2.05500007e+00 2.05500007e+00
    2.05500007e+00 2.05500007e+00 2.04500008e+00 2.02500010e+00
    2.00500011e+00 2. 2. 2. 2. 2. 2.01500010e+00 2.07399988e+00
    2.13199997e+00 2.18099999e+00 2.22199988e+00 2.26200008e+00
    2.23900008e+00 2.19799995e+00 2.16000009e+00 2.16000009e+00 0. 0. 0.
    0. 0. 0. 0. 2.16000009e+00 2.16000009e+00 2.16000009e+00
    2.16000009e+00 2.15300012e+00 2.13599992e+00 2.11899996e+00
    2.11299992e+00 2.11299992e+00 2.11299992e+00 2.11299992e+00
    2.11299992e+00 2.11299992e+00 2.11299992e+00 2.11299992e+00
    2.09400010e+00 2.05299997e+00 2.01099992e+00 2. 2. 2. 2. 2.
    2.01500010e+00 2.07399988e+00 2.13199997e+00 2.17000008e+00
    2.18799996e+00 2.20600009e+00 2.19499993e+00 2.17700005e+00
    2.16000009e+00 2.16000009e+00 0. 0. 0. 0. 0. 0. 0. 2.16000009e+00
    2.16100001e+00 2.16499996e+00 2.16899991e+00 2.17000008e+00
    2.16599989e+00 2.16100001e+00 2.16000009e+00 2.16000009e+00
    2.16000009e+00 2.16000009e+00 2.16000009e+00 2.16000009e+00
    2.16000009e+00 2.16000009e+00 2.13299990e+00 2.07399988e+00
    2.01600003e+00 2. 2. 2. 2. 2. 2.01500010e+00 2.07399988e+00
    2.13199997e+00 2.16000009e+00 2.16000009e+00 2.16000009e+00
    2.16000009e+00 2.16000009e+00 2.16000009e+00 2.16000009e+00 0. 0. 0.
    0. 0. 0. 0. 2.16000009e+00 2.16400003e+00 2.19099998e+00
    2.21700001e+00 2.22300005e+00 2.19600010e+00 2.16899991e+00
    2.16000009e+00 2.16000009e+00 2.16000009e+00 2.16000009e+00
    2.16000009e+00 2.16000009e+00 2.16000009e+00 2.16000009e+00
    2.13299990e+00 2.07399988e+00 2.01600003e+00 2. 2. 2. 2. 2.
    2.01500010e+00 2.07399988e+00 2.13199997e+00 2.16000009e+00
