<?xml version="1.0"?>
<opencv_storage>
<Depth type_id="opencv-matrix">
  <rows>40</rows>
  <cols>40</cols>
  <dt>f</dt>
  <data>
    0. 0. 0. 0. 0. 0. 0. 0. 0. 0. 0. 0. 0. 0. 0. 0. 0. 0. 0. 0. 0. 0. 0.
    0. 0. 0. 0. 0. 0. 0. 0. 0. 0. 0. 0. 0. 0. 0. 0. 0. 0. 0. 0. 0. 0. 0.
    0. 0. 0. 0. 0. 0. 0. 0. 0. 0. 0. 0. 0. 0. 0. 0. 0. 0. 0. 0. 0. 0. 0.
    0. 0. 0. 0. 0. 0. 0. 0. 0. 0. 0. 0. 0. 0. 0. 0. 0. 0. 0. 0. 0. 0. 0.
    0. 0. 0. 0. 0. 0. 0. 0. 0. 0. 0. 0. 0. 0. 0. 0. 0. 0. 0. 0. 0. 0. 0.
    0. 0. 0. 0. 0. 0. 0. 0. 0. 0. 0. 0. 0. 0. 0. 0. 0. 0. 0. 0. 0. 0. 0.
    0. 0. 0. 0. 0. 0. 0. 0. 0. 0. 0. 0. 0. 0. 0. 0. 0. 0. 0. 0. 0. 0. 0.
    0. 0. 0. 0. 0. 0. 0. 0. 0. 0. 0. 0. 0. 0. 0. 0. 0. 0. 0. 0. 0. 0. 0.
    0. 0. 0. 0. 0. 0. 0. 0. 0. 0. 0. 0. 0. 0. 0. 0. 0. 0. 0. 0. 0. 0. 0.
    0. 0. 0. 0. 0. 0. 0. 0. 0. 0. 0. 0. 0. 0. 0. 0. 0. 0. 0. 0. 0. 0. 0.
    0. 0. 0. 0. 0. 0. 0. 0. 0. 0. 0. 0. 0. 0. 0. 0. 0. 0. 0. 0. 0. 0. 0.
    0. 0. 0. 0. 0. 0. 0. 0. 0. 0. 0. 0. 0. 0. 0. 0. 0. 0. 0. 0. 0. 0. 0.
    0. 0. 0. 0. 0. 0. 0. 0. 0. 0. 0. 0. 0. 0. 0. 0. 0. 0. 0. 0. 0. 0. 0.
    0. 0. 0. 0. 0. 0. 0. 0. 0. 0. 0. 0. 0. 0. 0. 0. 0. 0. 0. 0. 0. 0. 0.
    0. 0. 0. 0. 0. 0. 0. 0. 0. 0. 0. 0. 0. 0. 0. 0. 0. 0. 0. 0. 0. 0. 0.
    0. 0. 0. 0. 0. 0. 0. 0. 0. 0. 0. 0. 0. 0. 0. 0. 0. 0. 0. 0. 0. 0. 0.
    0. 0. 0. 0. 0. 0. 0. 0. 0. 0. 0. 0. 0. 0. 0. 0. 0. 0. 0. 0. 0. 0. 0.
    0. 0. 0. 0. 0. 0. 0. 0. 0. 0. 0. 0. 0. 0. 0. 0. 0. 0. 0. 0. 0. 0. 0.
    0. 0. 0. 0. 0. 0. 0. 0. 0. 0. 0. 0. 0. 0. 0. 0. 0. 0. 0. 0. 0. 0. 0.
    0. 0. 0. 1.84700000e+00 1.87899995e+00 1.89199996e+00 1.89199996e+00
    1.89199996e+00 1.89199996e+00 1.89199996e+00 1.89199996e+00
    1.89199996e+00 1.89199996e+00 1.89199996e+00 1.89199996e+00
    1.89199996e+00 1.90699995e+00 1.97399998e+00 2. 2. 2.03399992e+00
    2.05599999e+00 2.05599999e+00 2.05599999e+00 1.72200000e+00 0. 0. 0.
    0. 0. 0. 0. 0. 0. 0. 0. 0. 0. 0. 0. 0. 0. 0. 1.84500003e+00
    1.86300004e+00 1.87800002e+00 1.89100003e+00 1.89199996e+00
    1.89199996e+00 1.89199996e+00 1.88199997e+00 1.87000000e+00
    1.87000000e+00 1.87699997e+00 1.88999999e+00 1.89199996e+00
    1.90400004e+00 1.95700002e+00 1.98599994e+00 2. 2.03399992e+00
    2.05599999e+00 2.05599999e+00 2.04500008e+00 1.84000003e+00 0. 0. 0.
    0. 0. 0. 0. 0. 0. 0. 0. 0. 0. 0. 0. 0. 0. 0. 1.84099996e+00
    1.84099996e+00 1.85899997e+00 1.88900006e+00 1.88999999e+00
    1.88999999e+00 1.88999999e+00 1.86800003e+00 1.84099996e+00
    1.84099996e+00 1.85500002e+00 1.88499999e+00 1.89100003e+00
    1.89900005e+00 1.93099999e+00 1.96399999e+00 1.99699998e+00
    2.03200006e+00 2.05399990e+00 2.05399990e+00 2.02900004e+00 2. 2.
    2.01699996e+00 2.05200005e+00 2.05599999e+00 2.05599999e+00
    2.05599999e+00 0. 0. 0. 0. 0. 0. 0. 0. 0. 0. 0. 0. 1.84099996e+00
    1.84099996e+00 1.84700000e+00 1.85800004e+00 1.85800004e+00
    1.85800004e+00 1.85800004e+00 1.85099995e+00 1.84099996e+00
    1.84099996e+00 1.84599996e+00 1.85699999e+00 1.87600005e+00
    1.89499998e+00 1.90600002e+00 1.93099999e+00 1.96399999e+00
    1.99800003e+00 2.01900005e+00 2.01900005e+00 2.00999999e+00 2. 2.
    2.01699996e+00 2.05200005e+00 2.05599999e+00 2.05599999e+00
    2.05599999e+00 1.48000002e+00 0. 0. 0. 0. 0. 0. 0. 0. 0. 0. 0.
    1.84099996e+00 1.84099996e+00 1.84099996e+00 1.84099996e+00
    1.84099996e+00 1.84099996e+00 1.84099996e+00 1.84099996e+00
    1.84099996e+00 1.84099996e+00 1.84099996e+00 1.84099996e+00
    1.86000001e+00 1.88000000e+00 1.88900006e+00 1.91199994e+00
    1.94599998e+00 1.97000003e+00 1.98800004e+00 1.99800003e+00 2. 2. 2.
    2.01699996e+00 2.05200005e+00 2.05599999e+00 2.05599999e+00
    2.05599999e+00 2.07900000e+00 2.11400008e+00 2.11400008e+00
    2.14299989e+00 2.21600008e+00 0. 0. 0. 0. 0. 0. 0. 1.84099996e+00
    1.84099996e+00 1.84099996e+00 1.84099996e+00 1.84099996e+00
    1.84099996e+00 1.84099996e+00 1.84099996e+00 1.84099996e+00
    1.84099996e+00 1.84099996e+00 1.84099996e+00 1.84399998e+00
    1.85300004e+00 1.88100004e+00 1.91199994e+00 1.94599998e+00
    1.95000005e+00 1.96300006e+00 1.99199998e+00 2. 2. 2. 2.01699996e+00
    2.05200005e+00 2.05599999e+00 2.05599999e+00 2.05599999e+00
    2.07900000e+00 2.11400008e+00 2.11400008e+00 2.14299989e+00
    2.21600008e+00 2.02399993e+00 1.79299998e+00 1.79299998e+00
    1.79299998e+00 1.79299998e+00 1.79299998e+00 1.06299996e+00
    1.84099996e+00 1.84099996e+00 1.84099996e+00 1.84099996e+00
    1.84099996e+00 1.84099996e+00 1.84099996e+00 1.84099996e+00
    1.84099996e+00 1.84099996e+00 1.84099996e+00 1.84099996e+00
    1.84099996e+00 1.84800005e+00 1.88000000e+00 1.91199994e+00
    1.94599998e+00 1.94599998e+00 1.95799994e+00 1.99100006e+00 2. 2. 2.
    2.00900006e+00 2.02500010e+00 2.04299998e+00 2.05599999e+00
    2.05599999e+00 2.07900000e+00 2.11400008e+00 2.13299990e+00
    2.16599989e+00 2.22000003e+00 2.26300001e+00 2.29600000e+00
    2.29600000e+00 2.29600000e+00 2.29600000e+00 2.29600000e+00
    1.89900005e+00 1.41100001e+00 1.87699997e+00 2.07200003e+00
    2.07200003e+00 2.07200003e+00 2.07200003e+00 2.07200003e+00
    1.97000003e+00 1.84099996e+00 1.84099996e+00 1.84099996e+00
    1.84099996e+00 1.84099996e+00 1.84800005e+00 1.88000000e+00
    1.91199994e+00 1.94599998e+00 1.94599998e+00 1.95799994e+00
    1.99100006e+00 2. 2. 2. 2. 2. 2.02999997e+00 2.05599999e+00
    2.05599999e+00 2.08200002e+00 2.12199998e+00 2.15400004e+00
    2.18799996e+00 2.22499990e+00 2.26300001e+00 2.29600000e+00
    2.29600000e+00 2.29600000e+00 2.29600000e+00 2.29600000e+00
    2.30699992e+00 0. 2.05599999e+00 0. 0. 0. 0. 0. 2.60599995e+00
    1.84099996e+00 1.84099996e+00 1.84099996e+00 1.84099996e+00
    1.84099996e+00 1.84800005e+00 1.88000000e+00 1.91199994e+00
    1.94599998e+00 1.94599998e+00 1.95799994e+00 1.99100006e+00 2. 2. 2.
    2. 2. 2.02999997e+00 2.05599999e+00 2.05599999e+00 2.09599996e+00
    2.15799999e+00 2.16700006e+00 2.18799996e+00 2.22499990e+00
    2.26300001e+00 2.29600000e+00 2.29600000e+00 2.29600000e+00
    2.29600000e+00 2.29600000e+00 2.30699992e+00 0. 2.67000008e+00 0. 0.
    2.40700006e+00 1.52400005e+00 1.52400005e+00 0. 0. 1.80100000e+00
    2.45199990e+00 2.34400010e+00 2.40100002e+00 2.39000010e+00
    2.05999994e+00 1.94400001e+00 1.96500003e+00 1.96500003e+00
    1.97300005e+00 1.99500000e+00 1.99100006e+00 1.98099995e+00
    1.98099995e+00 1.99300003e+00 2.01699996e+00 2.03999996e+00
    2.05900002e+00 2.07200003e+00 2.11500001e+00 2.17300010e+00
    2.17300010e+00 2.18799996e+00 2.22499990e+00 2.26300001e+00
    2.29600000e+00 2.29600000e+00 2.29600000e+00 2.29600000e+00
    2.30900002e+00 2.32599998e+00 0. 0. 0. 0. 0. 0. 0. 0. 0.
    1.73199999e+00 0. 0. 0. 0. 2.36899996e+00 1.99800003e+00
    1.99899995e+00 1.99899995e+00 1.99899995e+00 2. 1.97599995e+00
    1.94700003e+00 1.94700003e+00 1.98099995e+00 2.04699993e+00
    2.05500007e+00 2.06500006e+00 2.09999990e+00 2.13599992e+00
    2.17300010e+00 2.17300010e+00 2.18799996e+00 2.22499990e+00
    2.26300001e+00 2.29600000e+00 2.29600000e+00 2.29600000e+00
    2.29600000e+00 2.32999992e+00 2.35800004e+00 0. 0. 0. 0.
    2.23099995e+00 1.22500002e+00 1.22500002e+00 1.22500002e+00
    1.35300004e+00 2.69300008e+00 2.38100004e+00 0. 0. 0. 0. 0. 0. 0.
    1.96800005e+00 1.96800005e+00 1.95799994e+00 1.94599998e+00
    1.94599998e+00 1.96000004e+00 1.98800004e+00 2.04500008e+00
    2.09400010e+00 2.10899997e+00 2.13700008e+00 2.17300010e+00
    2.17300010e+00 2.19700003e+00 2.25699997e+00 2.28299999e+00
    2.29600000e+00 2.29600000e+00 2.29600000e+00 2.29600000e+00
    2.33100009e+00 2.35899997e+00 0. 0. 0. 0. 0. 0. 0. 0. 0. 0.
    1.94000006e+00 0. 0. 0. 0. 0. 0. 0. 2.30999994e+00 2.30999994e+00
    2.30999994e+00 2.30999994e+00 2.30999994e+00 2.30999994e+00
    2.30999994e+00 2.38199997e+00 2.39599991e+00 2.21700001e+00
    2.17000008e+00 2.19899988e+00 2.19899988e+00 2.22199988e+00
    2.28200006e+00 2.29600000e+00 2.29600000e+00 2.29600000e+00
    2.29600000e+00 2.29600000e+00 2.33899999e+00 2.37299991e+00 0. 0. 0.
