<?xml version="1.0"?>
<opencv_storage>
<Depth type_id="opencv-matrix">
  <rows>40</rows>
  <cols>40</cols>
  <dt>f</dt>
  <data>
    0. 0. 0. 0. 0. 0. 0. 0. 0. 0. 0. 0. 0. 0. 0. 0. 0. 0. 0. 0. 0. 0. 0.
    0. 0. 0. 0. 0. 0. 0. 0. 0. 0. 0. 0. 0. 0. 0. 0. 0. 0. 0. 0. 0. 0. 0.
    0. 0. 0. 0. 0. 0. 0. 0. 0. 0. 0. 0. 0. 0. 0. 0. 0. 0. 0. 0. 0. 0. 0.
    0. 0. 0. 0. 0. 0. 0. 0. 0. 0. 0. 0. 0. 0. 0. 0. 0. 0. 0. 0. 0. 0. 0.
    0. 0. 0. 0. 0. 0. 0. 0. 0. 0. 0. 0. 0. 0. 0. 0. 0. 0. 0. 0. 0. 0. 0.
    0. 0. 0. 0. 0. 0. 0. 0. 0. 0. 0. 0. 0. 0. 0. 0. 0. 0. 0. 0. 0. 0. 0.
    0. 0. 0. 0. 0. 0. 0. 0. 0. 0. 0. 0. 0. 0. 0. 0. 0. 0. 0. 0. 0. 0. 0.
    0. 0. 0. 0. 0. 0. 0. 0. 0. 0. 0. 0. 0. 0. 0. 0. 0. 0. 0. 0. 0. 0. 0.
    0. 0. 0. 0. 0. 0. 0. 0. 0. 0. 0. 0. 0. 0. 0. 0. 0. 0. 0. 0. 0. 0. 0.
    0. 0. 0. 0. 0. 0. 0. 0. 0. 0. 0. 0. 0. 0. 0. 0. 0. 0. 0. 0. 0. 0. 0.
    0. 0. 0. 0. 0. 0. 0. 0. 0. 0. 0. 0. 0. 0. 0. 0. 0. 0. 0. 0. 0. 0. 0.
    0. 0. 0. 0. 0. 0. 0. 0. 0. 0. 0. 0. 0. 0. 0. 0. 0. 0. 0. 0. 0. 0. 0.
    0. 0. 0. 0. 0. 0. 0. 0. 0. 0. 0. 0. 0. 0. 0. 0. 0. 0. 0. 0. 0. 0. 0.
    0. 0. 0. 0. 0. 0. 0. 0. 0. 0. 0. 0. 0. 0. 0. 0. 0. 0. 0. 0. 0. 0. 0.
    0. 0. 0. 0. 0. 0. 0. 0. 0. 0. 0. 0. 0. 0. 0. 0. 0. 0. 0. 0. 0. 0. 0.
    0. 0. 0. 0. 0. 0. 0. 0. 0. 0. 0. 0. 0. 0. 0. 0. 0. 0. 0. 0. 0. 0. 0.
    0. 0. 0. 0. 0. 0. 0. 0. 0. 0. 0. 0. 0. 0. 0. 0. 0. 0. 0. 0. 0. 0. 0.
    0. 0. 0. 0. 0. 0. 0. 0. 0. 0. 0. 0. 0. 0. 0. 0. 0. 0. 0. 0. 0. 0. 0.
    0. 0. 0. 0. 0. 0. 0. 0. 0. 0. 0. 0. 0. 0. 0. 0. 0. 0. 0. 0. 0. 0. 0.
    0. 0. 0. 0. 0. 0. 0. 0. 0. 0. 0. 0. 0. 0. 0. 0. 0. 0. 0. 0. 0. 0. 0.
    0. 0. 0. 0. 0. 0. 0. 0. 0. 0. 0. 0. 0. 0. 0. 0. 0. 0. 0. 0.
    2.09200001e+00 2.06599998e+00 2.06599998e+00 2.06599998e+00
    2.06599998e+00 2.06599998e+00 2.06599998e+00 2.06599998e+00
    2.05399990e+00 2.01699996e+00 2. 2. 2.02999997e+00 2.06599998e+00
    2.06599998e+00 2.06599998e+00 2.06599998e+00 2.04600000e+00
    2.00799990e+00 2. 2. 2. 2. 2. 2.01900005e+00 2.05699992e+00
    2.36299992e+00 2.75200009e+00 2.75200009e+00 2.75200009e+00
    2.75200009e+00 2.75200009e+00 2.75200009e+00 2.75200009e+00
    2.75200009e+00 2.70400000e+00 2.66599989e+00 2.66599989e+00
    2.68899989e+00 2.73799992e+00 2.09200001e+00 2.06599998e+00
    2.06599998e+00 2.06599998e+00 2.06599998e+00 2.06599998e+00
    2.06599998e+00 2.06599998e+00 2.05399990e+00 2.01699996e+00 2. 2.
    2.01900005e+00 2.04299998e+00 2.04299998e+00 2.04299998e+00
    2.04299998e+00 2.02999997e+00 2.00500011e+00 2. 2. 2. 2. 2.
    2.01200008e+00 2.03699994e+00 2.23399997e+00 2.48499990e+00
    2.48499990e+00 2.48499990e+00 2.48499990e+00 2.48499990e+00
    2.48499990e+00 2.60999990e+00 2.77999997e+00 2.71799994e+00
    2.66599989e+00 2.66599989e+00 2.68899989e+00 2.73799992e+00
    2.09200001e+00 2.06599998e+00 2.06599998e+00 2.06599998e+00
    2.06599998e+00 2.06599998e+00 2.06599998e+00 2.06599998e+00
    2.05399990e+00 2.01699996e+00 2. 2. 2.00200009e+00 2.00500011e+00
    2.00500011e+00 2.00500011e+00 2.00500011e+00 2.00300002e+00
    2.00099993e+00 2. 2. 2. 2. 2. 2.00099993e+00 2.00399995e+00
    2.02699995e+00 2.05699992e+00 2.05699992e+00 2.05699992e+00
    2.05699992e+00 2.05699992e+00 2.05699992e+00 2.38299990e+00
    2.82500005e+00 2.74000001e+00 2.66599989e+00 2.66599989e+00
    2.68899989e+00 2.73799992e+00 2.09200001e+00 2.06599998e+00
    2.06599998e+00 2.06599998e+00 2.06599998e+00 2.06599998e+00
    2.06599998e+00 2.06599998e+00 2.05399990e+00 2.01699996e+00 2. 2. 2.
    2. 2. 2. 2. 2. 2. 2. 2. 2. 2. 2. 2. 2. 1.98699999e+00 1.96899998e+00
    1.96899998e+00 1.96899998e+00 1.96899998e+00 1.96899998e+00
    1.96899998e+00 2.13400006e+00 2.35899997e+00 2.31399989e+00
    2.27500010e+00 2.27500010e+00 2.29500008e+00 2.33699989e+00
    2.08999991e+00 2.06599998e+00 2.06599998e+00 2.06599998e+00
    2.06599998e+00 2.06599998e+00 2.06599998e+00 2.06599998e+00
    2.05399990e+00 2.01699996e+00 2. 2. 2. 2. 2. 2. 2. 2. 2. 2. 2. 2. 2.
    2. 2. 2. 1.97300005e+00 1.93700004e+00 1.93700004e+00 1.93700004e+00
    1.93700004e+00 1.93700004e+00 1.93700004e+00 1.91100001e+00
    1.87500000e+00 1.87399995e+00 1.87399995e+00 1.87399995e+00
    1.89100003e+00 1.92700005e+00 2.07500005e+00 2.06599998e+00
    2.06599998e+00 2.06599998e+00 2.06599998e+00 2.06599998e+00
    2.06599998e+00 2.06599998e+00 2.05399990e+00 2.01699996e+00 2. 2. 2.
    2. 2. 2. 2. 2. 2. 2. 2. 2. 2. 2. 2. 2. 1.97300005e+00 1.93700004e+00
    1.93700004e+00 1.93700004e+00 1.93700004e+00 1.93700004e+00
    1.93700004e+00 1.91100001e+00 1.87500000e+00 1.87399995e+00
    1.87399995e+00 1.87399995e+00 1.89100003e+00 1.92700005e+00
    2.05299997e+00 2.05500007e+00 2.06299996e+00 2.06599998e+00
    2.06599998e+00 2.05999994e+00 2.05299997e+00 2.05299997e+00
    2.04299998e+00 2.01300001e+00 2. 2. 2. 2. 2. 2. 2. 2. 2. 2. 2. 2. 2.
    2. 2. 2. 1.97800004e+00 1.95000005e+00 1.94200003e+00 1.93700004e+00
    1.93700004e+00 1.94099998e+00 1.94799995e+00 1.92299998e+00
    1.88699996e+00 1.88699996e+00 1.88699996e+00 1.88699996e+00
    1.89999998e+00 1.92900002e+00 2.01500010e+00 2.02500010e+00
    2.05399990e+00 2.06599998e+00 2.06599998e+00 2.04200006e+00
    2.01500010e+00 2.01500010e+00 2.01200008e+00 2.00399995e+00 2. 2. 2.
    2. 2. 2. 2. 2. 2. 2. 2. 2. 2. 2. 2. 2. 1.99399996e+00 1.98599994e+00
    1.95799994e+00 1.93700004e+00 1.93700004e+00 1.95099998e+00
    1.97800004e+00 1.95899999e+00 1.92299998e+00 1.92299998e+00
    1.92299998e+00 1.92299998e+00 1.92700005e+00 1.93499994e+00 2.
    2.01300001e+00 2.04999995e+00 2.06599998e+00 2.06599998e+00
    2.03500009e+00 2. 2. 2. 2. 2. 2. 2. 1.99899995e+00 1.98699999e+00
    1.97500002e+00 1.96300006e+00 1.95700002e+00 1.95700002e+00
    1.96599996e+00 1.97800004e+00 1.97800004e+00 1.98199999e+00
    1.99399996e+00 2. 2. 2. 2. 1.96399999e+00 1.93700004e+00
    1.93700004e+00 1.95500004e+00 1.99100006e+00 1.98300004e+00
    1.95899999e+00 1.95899999e+00 1.95899999e+00 1.95899999e+00
    1.95899999e+00 1.95899999e+00 2. 2.01300001e+00 2.04999995e+00
    2.06599998e+00 2.06599998e+00 2.03500009e+00 2. 2. 2. 2. 2. 2. 2.
    1.99800003e+00 1.96599996e+00 1.93299997e+00 1.89999998e+00
    1.88499999e+00 1.88499999e+00 1.91100001e+00 1.94299996e+00
    1.94299996e+00 1.95099998e+00 1.98399997e+00 2. 2. 2. 2.
    1.96399999e+00 1.93700004e+00 1.93700004e+00 1.95500004e+00
    1.99100006e+00 1.99800003e+00 1.99500000e+00 1.99399996e+00
    1.99399996e+00 1.99399996e+00 1.99399996e+00 1.99399996e+00 0. 0. 0.
    0. 0. 0. 0. 1.15199995e+00 2.05299997e+00 2.01600003e+00
    1.98099995e+00 1.94599998e+00 1.92600000e+00 1.90999997e+00
    1.89100003e+00 1.87199998e+00 1.85399997e+00 1.84500003e+00
    1.84500003e+00 1.88600004e+00 1.93700004e+00 1.93700004e+00
    1.94200003e+00 1.96099997e+00 1.97000003e+00 1.97000003e+00
    1.98300004e+00 2. 1.96399999e+00 1.93700004e+00 1.93700004e+00
    1.95500004e+00 1.99100006e+00 2. 2. 2. 2. 2. 2. 2. 0. 0. 0. 0. 0. 0.
    0. 0. 1.90600002e+00 1.97099996e+00 1.96000004e+00 1.88800001e+00
    1.84700000e+00 1.81400001e+00 1.81400001e+00 1.81400001e+00
    1.81400001e+00 1.81400001e+00 1.81400001e+00 1.76300001e+00
    1.70299995e+00 1.83800006e+00 1.93700004e+00 1.93700004e+00
    1.93700004e+00 1.93700004e+00 1.96300006e+00 1.99699998e+00
    1.96300006e+00 1.93700004e+00 1.93700004e+00 1.95500004e+00
    1.99100006e+00 2. 2. 2. 2. 2. 2. 2. 0. 0. 0. 0. 0. 0. 0. 0. 0.
    1.27600002e+00 1.96000004e+00 1.88800001e+00 1.84700000e+00
    1.81400001e+00 1.81400001e+00 1.81400001e+00 1.81400001e+00
    1.81400001e+00 1.81400001e+00 0. 0. 0. 1.93700004e+00 1.93700004e+00
    1.93700004e+00 1.93700004e+00 1.94700003e+00 1.96099997e+00
    1.94700003e+00 1.93700004e+00 1.93700004e+00 1.95500004e+00
    1.99100006e+00 2. 2. 2. 2. 2. 2. 2. 0. 0. 0. 0. 0. 0. 0. 0. 0. 0.
    1.35200000e+00 1.79799998e+00 1.86399996e+00 1.81400001e+00
    1.30999994e+00 0. 0. 0. 0. 0. 0. 0. 1.19000006e+00 1.70099998e+00
    1.94500005e+00 1.93900001e+00 1.93700004e+00 1.93700004e+00
