<?xml version="1.0"?>
<opencv_storage>
<Depth type_id="opencv-matrix">
  <rows>40</rows>
  <cols>40</cols>
  <dt>f</dt>
  <data>
    0. 0. 0. 0. 0. 0. 0. 0. 0. 0. 0. 0. 0. 0. 0. 0. 0. 0. 0. 0. 0. 0. 0.
    0. 0. 0. 0. 0. 0. 0. 0. 0. 0. 0. 0. 0. 0. 0. 0. 0. 0. 0. 0. 0. 0. 0.
    0. 0. 0. 0. 0. 0. 0. 0. 0. 0. 0. 0. 0. 0. 0. 0. 0. 0. 0. 0. 0. 0. 0.
    0. 0. 0. 0. 0. 0. 0. 0. 0. 0. 0. 0. 0. 0. 0. 0. 0. 0. 0. 0. 0. 0. 0.
    0. 0. 0. 0. 0. 0. 0. 0. 0. 0. 0. 0. 0. 0. 0. 0. 0. 0. 0. 0. 0. 0. 0.
    0. 0. 0. 0. 0. 0. 0. 0. 0. 0. 0. 0. 0. 0. 0. 0. 0. 0. 0. 0. 0. 0. 0.
    0. 0. 0. 0. 0. 0. 0. 0. 0. 0. 0. 0. 0. 0. 0. 0. 0. 0. 0. 0. 0. 0. 0.
    0. 0. 0. 0. 0. 0. 0. 0. 0. 0. 0. 0. 0. 0. 0. 0. 0. 0. 0. 0. 0. 0. 0.
    0. 0. 0. 0. 0. 0. 0. 0. 0. 0. 0. 0. 0. 0. 0. 0. 0. 0. 0. 0. 0. 0. 0.
    0. 0. 0. 0. 0. 0. 0. 0. 0. 0. 0. 0. 0. 0. 0. 0. 0. 0. 0. 0. 0. 0. 0.
    0. 0. 0. 0. 0. 0. 0. 0. 0. 0. 0. 0. 0. 0. 0. 0. 0. 0. 0. 0. 0. 0. 0.
    0. 0. 0. 0. 0. 0. 0. 0. 0. 0. 0. 0. 0. 0. 0. 0. 0. 0. 0. 0. 0. 0. 0.
    0. 0. 0. 0. 0. 0. 0. 0. 0. 0. 0. 0. 0. 0. 0. 0. 0. 0. 0. 0. 0. 0. 0.
    0. 0. 0. 0. 0. 0. 0. 0. 0. 0. 0. 0. 0. 0. 0. 0. 0. 0. 0. 0. 0. 0. 0.
    0. 0. 0. 0. 0. 0. 0. 0. 0. 0. 0. 0. 0. 0. 0. 0. 0. 0. 0. 0. 0. 0. 0.
    0. 0. 0. 0. 0. 0. 0. 0. 0. 0. 0. 0. 0. 0. 0. 0. 0. 0. 0. 0. 0. 0. 0.
    0. 0. 0. 0. 0. 0. 0. 0. 0. 0. 0. 0. 0. 0. 0. 0. 0. 0. 0. 0. 0. 0. 0.
    0. 0. 0. 0. 0. 0. 0. 0. 0. 0. 0. 0. 0. 0. 0. 0. 0. 0. 0. 0. 0. 0. 0.
    0. 0. 0. 2.09200001e+00 2.09200001e+00 2.08999991e+00 2.04500008e+00
    2.00099993e+00 2. 2. 2. 2. 1.96399999e+00 1.92100000e+00
    1.91199994e+00 1.91199994e+00 1.91199994e+00 1.91199994e+00
    1.91199994e+00 0. 0. 0. 0. 0. 0. 0. 0. 0. 0. 0. 0. 0. 0. 0. 0. 0. 0.
    0. 0. 0. 0. 0. 0. 2.07100010e+00 2.07100010e+00 2.06900001e+00
    2.03500009e+00 2.00099993e+00 2. 2. 2. 2. 1.96399999e+00
    1.92100000e+00 1.91199994e+00 1.91199994e+00 1.91199994e+00
    1.91199994e+00 1.91199994e+00 0. 0. 0. 0. 0. 0. 0. 0. 0. 0. 0. 0. 0.
    0. 0. 0. 0. 0. 0. 0. 0. 0. 0. 1.35699999e+00 2.02699995e+00
    2.02699995e+00 2.02600002e+00 2.01300001e+00 2. 2. 2. 2. 2.
    1.96399999e+00 1.92100000e+00 1.91199994e+00 1.91199994e+00
    1.91199994e+00 1.91199994e+00 1.91199994e+00 0. 0. 0. 0. 0. 0. 0. 0.
    0. 0. 0. 0. 0. 0. 0. 0. 2.34999990e+00 2.30999994e+00 2.26799989e+00
    2.22099996e+00 2.17400002e+00 2.12899995e+00 2.08299994e+00
    2.03900003e+00 2. 2. 2. 2. 2. 2. 2. 2. 2. 1.96399999e+00
    1.92100000e+00 1.91199994e+00 1.91199994e+00 1.91199994e+00
    1.91199994e+00 1.91199994e+00 0. 0. 0. 0. 0. 0. 0. 0. 0. 0. 0. 0. 0.
    0. 0. 1.77499998e+00 2.30999994e+00 2.29500008e+00 2.26799989e+00
    2.22099996e+00 2.17400002e+00 2.12899995e+00 2.08299994e+00
    2.03900003e+00 2. 2. 2. 2. 2. 2. 2. 2. 2. 1.96399999e+00
    1.92100000e+00 1.91199994e+00 1.91199994e+00 1.91199994e+00
    1.91199994e+00 1.91199994e+00 0. 0. 0. 0. 0. 0. 0. 0. 0. 0. 0. 0. 0.
    2.38499999e+00 2.36199999e+00 2.31299996e+00 2.28399992e+00
    2.28399992e+00 2.26799989e+00 2.22099996e+00 2.17400002e+00
    2.12899995e+00 2.08299994e+00 2.03900003e+00 2. 2. 2. 2. 2. 2. 2. 2.
    2. 1.96399999e+00 1.92100000e+00 1.91199994e+00 1.91199994e+00
    1.91199994e+00 1.91199994e+00 1.91199994e+00 0. 0. 0. 0. 0. 0. 0. 0.
    0. 0. 0. 0. 0. 2.38499999e+00 2.36199999e+00 2.31299996e+00
    2.28399992e+00 2.28399992e+00 2.26799989e+00 2.22099996e+00
    2.17400002e+00 2.12899995e+00 2.08299994e+00 2.03900003e+00 2. 2. 2.
    2. 2. 2. 2. 2. 2. 1.96399999e+00 1.92100000e+00 1.91199994e+00
    1.91199994e+00 1.91199994e+00 1.91199994e+00 1.91199994e+00 0. 0. 0.
    0. 0. 0. 0. 0. 0. 0. 0. 0. 0. 2.39800000e+00 2.37199998e+00
    2.31699991e+00 2.28399992e+00 2.28399992e+00 2.26799989e+00
    2.22099996e+00 2.17400002e+00 2.12899995e+00 2.08299994e+00
    2.03900003e+00 2. 2. 2. 2. 2. 2. 2. 2. 2. 1.96800005e+00
    1.93099999e+00 1.92299998e+00 1.92299998e+00 1.91900003e+00
    1.91400003e+00 1.91199994e+00 0. 0. 0. 0. 0. 0. 0. 0. 0. 0. 0. 0. 0.
    2.44899988e+00 2.41199994e+00 2.33200002e+00 2.28399992e+00
    2.28399992e+00 2.26799989e+00 2.22099996e+00 2.17400002e+00
    2.12899995e+00 2.08299994e+00 2.03900003e+00 2. 2. 2. 2. 2. 2. 2. 2.
    2. 1.98599994e+00 1.96899998e+00 1.96599996e+00 1.96599996e+00
    1.94700003e+00 1.92100000e+00 1.91199994e+00 0. 0. 0. 0. 0. 0. 0. 0.
    0. 0. 0. 0. 0. 2.48000002e+00 2.43799996e+00 2.34800005e+00
    2.29200006e+00 2.28699994e+00 2.26999998e+00 2.22700000e+00
    2.18300009e+00 2.13800001e+00 2.09200001e+00 2.04800010e+00
    2.00799990e+00 2.00399995e+00 2. 2. 2. 2. 2. 2. 2. 2. 2. 2. 2.
    1.92799997e+00 1.82599998e+00 1.78999996e+00 0. 0. 0. 0. 0. 0. 0. 0.
    0. 0. 0. 0. 0. 2.43000007e+00 2.41000009e+00 2.36800003e+00
    2.33100009e+00 2.30299997e+00 2.27699995e+00 2.25699997e+00
    2.23000002e+00 2.18400002e+00 2.13800001e+00 2.09200001e+00
    2.04999995e+00 2.02399993e+00 2. 2. 2. 2. 2. 2. 2. 2. 2. 2. 2.
    1.70799994e+00 1.29799998e+00 1.15100002e+00 0. 0. 0. 0. 0. 0. 0. 0.
    0. 0. 0. 0. 0. 2.38499999e+00 2.38499999e+00 2.38499999e+00
    2.36599994e+00 2.31699991e+00 2.28399992e+00 2.28399992e+00
    2.27200007e+00 2.22399998e+00 2.17700005e+00 2.13199997e+00
    2.08699989e+00 2.04200006e+00 2. 2. 2. 2. 2. 1.96300006e+00
    1.92299998e+00 1.91600001e+00 1.91600001e+00 1.91600001e+00
    1.91600001e+00 1.46099997e+00 0. 0. 0. 0. 0. 0. 0. 0. 0. 0. 0. 0. 0.
    0. 0. 2.38499999e+00 2.38499999e+00 2.38499999e+00 2.36599994e+00
    2.31699991e+00 2.28399992e+00 2.28399992e+00 2.27200007e+00
    2.22399998e+00 2.17700005e+00 2.13199997e+00 2.08699989e+00
    2.04200006e+00 2. 2. 2. 2. 2. 1.66100001e+00 1.29100001e+00
    1.23500001e+00 1.23500001e+00 1.23500001e+00 1.23500001e+00
    1.01400006e+00 0. 0. 0. 0. 0. 0. 0. 0. 0. 0. 0. 0. 0. 0. 0.
    2.38499999e+00 2.38499999e+00 2.38499999e+00 2.36599994e+00
    2.31900001e+00 2.28600001e+00 2.28500009e+00 2.27200007e+00
    2.22399998e+00 2.17700005e+00 2.13199997e+00 2.08699989e+00
    2.04200006e+00 2. 2. 2. 2. 2. 1.37500000e+00 0. 0. 0. 0. 0. 0. 0. 0.
    0. 0. 0. 0. 0. 0. 0. 0. 0. 0. 0. 0. 0. 2.38499999e+00 2.38499999e+00
    2.38499999e+00 2.37500000e+00 2.35200000e+00 2.32699990e+00
    2.30200005e+00 2.27200007e+00 2.22399998e+00 2.17700005e+00
    2.13199997e+00 2.08699989e+00 2.04200006e+00 2. 2. 2. 2. 2.
    1.37500000e+00 0. 0. 0. 0. 0. 0. 0. 0. 0. 0. 0. 0. 0. 0. 0. 0. 0. 0.
    0. 0. 0. 2.38499999e+00 2.38499999e+00 2.38499999e+00 2.38499999e+00
    2.38499999e+00 2.36800003e+00 2.31999993e+00 2.27200007e+00
    2.22399998e+00 2.17700005e+00 2.13199997e+00 2.08699989e+00
    2.04200006e+00 2. 2. 2. 2. 2. 1.37500000e+00 0. 0. 0. 0. 0. 0. 0. 0.
    0. 0. 0. 0. 0. 0. 0. 0. 0. 0. 0. 0. 0. 1.63000000e+00 1.79999995e+00
    2.16499996e+00 2.38499999e+00 2.38499999e+00 2.36899996e+00
    2.31999993e+00 2.27200007e+00 2.22399998e+00 2.17700005e+00
    2.13199997e+00 2.08699989e+00 2.04200006e+00 2. 2. 2. 2. 2.
    1.37500000e+00 0. 0. 0. 0. 0. 0. 0. 0. 0. 0. 0. 0. 0. 0. 0. 0. 0. 0.
    0. 0. 0. 0. 1.20700002e+00 1.94200003e+00 2.38499999e+00
    2.38499999e+00 2.36899996e+00 2.31999993e+00 2.27200007e+00
    2.22399998e+00 2.17700005e+00 2.13199997e+00 2.08699989e+00
    2.04200006e+00 2. 2. 2. 2. 2. 1.37500000e+00 0. 0. 0. 0. 0. 0. 0. 0.
    0. 0. 0. 0. 0. 0. 0. 0. 0. 0. 0. 0. 0. 0. 1.15799999e+00
    1.92299998e+00 2.38499999e+00 2.38499999e+00 2.36899996e+00
    2.31999993e+00 2.27200007e+00 2.22399998e+00 2.17700005e+00
    2.13199997e+00 2.08699989e+00 2.04200006e+00 2. 2. 2. 2. 2.
    1.37500000e+00 0. 0. 0. 0. 0. 0. 0. 0. 0. 0. 0. 0. 0. 0. 0. 0. 0. 0.
    0. 0. 0. 0. 0. 0. 0. 0. 0. 0. 0. 0. 0. 0. 0. 0. 0. 0. 0. 0. 0. 0. 0.
    0. 0. 0. 0. 0. 0. 0. 0. 0. 0. 0. 0. 0. 0. 0. 0. 0. 0. 0. 0. 0. 0. 0.
    0. 0. 0. 0. 0. 0. 0. 0. 0. 0. 0. 0. 0. 0. 0. 0. 0. 0. 0. 0. 0. 0. 0.
    0. 0. 0. 0. 0. 0. 0. 0. 0. 0. 0. 0. 0. 0. 0. 0. 0. 0. 0. 0. 0. 0. 0.
    0. 0. 0. 0. 0. 0. 0. 0. 0. 0. 0. 0. 0. 0. 0. 0. 0. 0. 0. 0. 0. 0. 0.
