<?xml version="1.0"?>
<opencv_storage>
<Depth type_id="opencv-matrix">
  <rows>40</rows>
  <cols>40</cols>
  <dt>f</dt>
  <data>
    0. 0. 0. 0. 0. 0. 0. 0. 0. 0. 0. 0. 0. 0. 0. 0. 0. 0. 0. 0. 0. 0. 0.
    0. 0. 0. 0. 0. 0. 0. 0. 0. 0. 0. 0. 0. 0. 0. 0. 0. 0. 0. 0. 0. 0. 0.
    0. 0. 0. 0. 0. 0. 0. 0. 0. 0. 0. 0. 0. 0. 0. 0. 0. 0. 0. 0. 0. 0. 0.
    0. 0. 0. 0. 0. 0. 0. 0. 0. 0. 0. 0. 0. 0. 0. 1.98899996e+00
    1.20400000e+00 1.20400000e+00 2.02800012e+00 1.89999998e+00
    1.91600001e+00 1.20400000e+00 1.20400000e+00 1.20400000e+00 0. 0. 0.
    0. 2.02399993e+00 0. 0. 0. 0. 0. 0. 0. 0. 0. 0. 0. 0. 0. 0. 0. 0. 0.
    0. 0. 0. 0. 0. 0. 0. 0. 0. 1.20400000e+00 1.20400000e+00
    1.20400000e+00 2.01799989e+00 1.20400000e+00 1.20400000e+00
    1.20400000e+00 1.20400000e+00 1.20400000e+00 0. 2.88899994e+00
    2.00099993e+00 2.00200009e+00 2.01699996e+00 0. 2.06999993e+00 0. 0.
    0. 0. 0. 0. 0. 0. 0. 0. 0. 0. 0. 0. 0. 0. 0. 0. 0. 0. 0. 0. 0. 0.
    1.20400000e+00 1.20400000e+00 1.20400000e+00 1.20400000e+00
    1.20400000e+00 1.20400000e+00 1.20400000e+00 1.20400000e+00
    1.94099998e+00 1.97200000e+00 2. 1.99800003e+00 2. 2.00699997e+00
    2.02699995e+00 2.04900002e+00 2.07100010e+00 2.08599997e+00 0. 0. 0.
    0. 0. 0. 0. 0. 0. 0. 0. 0. 0. 0. 0. 0. 0. 0. 0. 0. 0. 0.
    1.20400000e+00 1.20400000e+00 1.20400000e+00 1.20400000e+00
    1.20400000e+00 1.20400000e+00 1.20400000e+00 1.38399994e+00
    1.99800003e+00 2.00200009e+00 2.00099993e+00 2. 1.99899995e+00 2.
    2.01500010e+00 2.03500009e+00 2.05999994e+00 2.07599998e+00
    1.20400000e+00 0. 0. 0. 0. 0. 0. 0. 0. 0. 0. 0. 0. 0. 0. 0. 0. 0. 0.
    0. 0. 0. 1.20400000e+00 1.20400000e+00 1.20400000e+00 1.20400000e+00
    1.20400000e+00 1.20400000e+00 2. 2. 2. 2.00200009e+00 2. 2.
    1.99800003e+00 2. 2.00399995e+00 2.02900004e+00 2.04900002e+00
    2.06500006e+00 2.08699989e+00 1.20400000e+00 0. 0. 0. 0. 0. 0. 0. 0.
    0. 0. 0. 0. 0. 0. 0. 0. 0. 0. 0. 0. 1.20400000e+00 1.20400000e+00
    1.20400000e+00 1.20400000e+00 2.00200009e+00 2.00200009e+00 2. 2. 2.
    2.00200009e+00 2.00200009e+00 2.00200009e+00 2. 2. 1.99899995e+00
    2.00900006e+00 2.03500009e+00 2.05599999e+00 2.07500005e+00
    1.20400000e+00 1.20400000e+00 0. 0. 0. 0. 0. 0. 0. 0. 0. 0. 0. 0. 0.
    0. 0. 0. 0. 0. 0. 1.20400000e+00 1.20400000e+00 1.20400000e+00
    2.00099993e+00 2.00200009e+00 2.00200009e+00 2.00200009e+00
    2.00200009e+00 2.00200009e+00 2.00200009e+00 2.00099993e+00 2. 2.
    1.99800003e+00 2. 2.00200009e+00 2.02099991e+00 2.04299998e+00
    2.06599998e+00 2.09200001e+00 1.35899997e+00 0. 0. 0. 0. 0. 0. 0. 0.
    0. 0. 0. 0. 0. 0. 0. 0. 0. 0. 0. 1.20400000e+00 1.20400000e+00
    1.94299996e+00 2.00600004e+00 2.00300002e+00 2.00200009e+00
    2.00200009e+00 2.00200009e+00 2.00200009e+00 2.00300002e+00
    2.00200009e+00 2.00200009e+00 2.00099993e+00 2. 2. 2. 2.00300002e+00
    2.02600002e+00 2.04800010e+00 2.06999993e+00 1.58500004e+00
    1.20400000e+00 1.49199998e+00 0. 0. 0. 0. 0. 0. 0. 0. 0. 0. 0. 0. 0.
    0. 0. 0. 0. 1.87899995e+00 2. 2. 2.00200009e+00 2.00200009e+00
    2.00200009e+00 2.00300002e+00 2.00200009e+00 2.00200009e+00
    2.00399995e+00 2.00200009e+00 2.00200009e+00 2.00200009e+00
    2.00200009e+00 1.99800003e+00 1.99800003e+00 2. 2.00999999e+00
    2.03099990e+00 2.05500007e+00 2.07599998e+00 1.20400000e+00
    2.47099996e+00 0. 0. 0. 0. 0. 0. 0. 0. 0. 0. 0. 0. 0. 0. 0. 0. 0.
    2.00600004e+00 2.00099993e+00 2.00300002e+00 2.00200009e+00
    2.00200009e+00 2.00200009e+00 2.00200009e+00 2.00200009e+00
    2.00200009e+00 2.00399995e+00 2.00200009e+00 2.00200009e+00
    2.00200009e+00 2.00200009e+00 2. 2. 2.00200009e+00 2.00300002e+00
    2.01900005e+00 2.03999996e+00 2.05900002e+00 2.08200002e+00
    1.20400000e+00 0. 0. 0. 0. 0. 0. 0. 0. 0. 0. 0. 0. 0. 0. 0. 0. 0.
    2.00500011e+00 2.00399995e+00 2.00200009e+00 2.00300002e+00
    2.00300002e+00 2.00399995e+00 2.00200009e+00 2.00200009e+00
    2.00200009e+00 2.00399995e+00 2.00200009e+00 2.00200009e+00
    2.00200009e+00 2.00200009e+00 1.99899995e+00 1.99899995e+00
    1.99800003e+00 1.99800003e+00 2.00600004e+00 2.03299999e+00
    2.04800010e+00 2.06100011e+00 1.20400000e+00 1.54299998e+00 0. 0. 0.
    0. 0. 0. 0. 0. 0. 0. 0. 0. 0. 0. 0. 0. 2.00200009e+00 2.00300002e+00
    2.00200009e+00 2.00399995e+00 2.00399995e+00 2.00200009e+00
    2.00399995e+00 2.00200009e+00 2.00200009e+00 2.00399995e+00
    2.00399995e+00 2.00200009e+00 2.00200009e+00 2.00200009e+00
    2.00099993e+00 2. 1.99800003e+00 1.99800003e+00 1.99800003e+00
    2.01900005e+00 2.03800011e+00 2.05999994e+00 1.35300004e+00
    1.20400000e+00 0. 0. 0. 0. 0. 0. 0. 0. 0. 0. 0. 0. 0. 0. 0. 0.
    2.00399995e+00 2.00399995e+00 2.00399995e+00 2.00399995e+00
    2.00399995e+00 2.00200009e+00 2.00200009e+00 2.00200009e+00
    2.00200009e+00 2.00399995e+00 2.00399995e+00 2.00200009e+00
    2.00200009e+00 2. 1.99800003e+00 2. 1.99899995e+00 1.99800003e+00
    1.99800003e+00 2.00200009e+00 2.02200007e+00 2.04900002e+00
    2.07399988e+00 1.37800002e+00 1.20400000e+00 0. 0. 0. 0. 0. 0. 0. 0.
    0. 0. 0. 0. 0. 0. 0. 2.00399995e+00 2.00200009e+00 2.00399995e+00
    2.00200009e+00 2.00200009e+00 2.00200009e+00 2.00200009e+00
    2.00200009e+00 2.00200009e+00 2.00399995e+00 2.00200009e+00
    2.00200009e+00 2.00200009e+00 2.00200009e+00 2. 2. 1.99800003e+00
    1.99800003e+00 1.99600005e+00 1.99800003e+00 2.00399995e+00
    2.03500009e+00 2.04800010e+00 2.07299995e+00 1.20400000e+00
    2.94799995e+00 0. 0. 0. 0. 0. 0. 0. 0. 0. 0. 0. 0. 0. 0.
    2.00399995e+00 2.00200009e+00 2.00200009e+00 2.00200009e+00
    2.00200009e+00 2.00200009e+00 2.00200009e+00 2.00200009e+00 2.
    2.00200009e+00 2.00200009e+00 2.00200009e+00 2.00200009e+00
    2.00200009e+00 2.00099993e+00 1.99899995e+00 1.99800003e+00
    1.99800003e+00 1.99600005e+00 1.99800003e+00 1.99899995e+00
    2.01399994e+00 2.03299999e+00 2.05800009e+00 2.07900000e+00
    1.20400000e+00 0. 0. 0. 0. 0. 0. 0. 0. 0. 0. 0. 0. 0. 0.
    2.00399995e+00 2.00399995e+00 2.00300002e+00 2.00200009e+00
    2.00200009e+00 2.00399995e+00 2.00300002e+00 2.00200009e+00 2.
    2.00200009e+00 2.00200009e+00 2.00200009e+00 2.00200009e+00
    2.00200009e+00 2. 1.99899995e+00 2. 2. 1.99699998e+00 1.99600005e+00
    1.99800003e+00 2. 2.02600002e+00 2.04200006e+00 2.06800008e+00
    1.20400000e+00 1.20400000e+00 0. 0. 0. 0. 0. 0. 0. 0. 0. 0. 0. 0. 0.
    2.00200009e+00 2.00200009e+00 2.00200009e+00 2.00200009e+00
    2.00200009e+00 2.00200009e+00 2.00200009e+00 2.00200009e+00
    2.00200009e+00 2.00200009e+00 2.00200009e+00 2.00200009e+00
    2.00200009e+00 2.00200009e+00 2. 2. 1.99800003e+00 1.99800003e+00
    1.99800003e+00 1.99600005e+00 1.99600005e+00 2. 2.00999999e+00
    2.03500009e+00 2.04800010e+00 2.07599998e+00 1.20400000e+00 0. 0. 0.
    0. 0. 0. 0. 0. 0. 0. 0. 0. 0. 2.00200009e+00 2.00099993e+00
    2.00200009e+00 2. 2.00099993e+00 2.00200009e+00 2.00300002e+00
    2.00200009e+00 2.00099993e+00 2.00200009e+00 2.00200009e+00
    2.00200009e+00 2.00200009e+00 2.00200009e+00 1.99800003e+00
    1.99800003e+00 1.99800003e+00 1.99800003e+00 1.99699998e+00
    1.99600005e+00 1.99600005e+00 1.99800003e+00 2. 2.02200007e+00
    2.03699994e+00 2.06299996e+00 2.08800006e+00 1.20400000e+00 0. 0. 0.
    0. 0. 0. 0. 0. 0. 0. 0. 0. 2.00200009e+00 2.00200009e+00
    2.00200009e+00 2.00200009e+00 2.00099993e+00 2.00200009e+00
    2.00200009e+00 2. 2. 2.00200009e+00 2.00200009e+00 2.00200009e+00 2.
    2.00399995e+00 2.00099993e+00 1.99800003e+00 1.99800003e+00
    1.99800003e+00 1.99600005e+00 1.99800003e+00 1.99699998e+00
    1.99800003e+00 1.99800003e+00 2.00600004e+00 2.02399993e+00
    2.05500007e+00 2.07299995e+00 1.20400000e+00 0. 0. 0. 0. 0. 0. 0. 0.
    0. 0. 0. 0. 2.00200009e+00 2.00300002e+00 2.00200009e+00
    2.00200009e+00 2. 2. 2. 2. 2. 2.00300002e+00 2.00399995e+00
    2.00200009e+00 2.00200009e+00 2.00200009e+00 2.00200009e+00 2. 2.
    1.99600005e+00 1.99800003e+00 1.99800003e+00 1.99800003e+00
