<?xml version="1.0"?>
<opencv_storage>
<Depth type_id="opencv-matrix">
  <rows>40</rows>
  <cols>40</cols>
  <dt>f</dt>
  <data>
    0. 0. 0. 0. 0. 0. 0. 0. 0. 0. 0. 0. 0. 0. 0. 0. 0. 0. 0. 0. 0. 0. 0.
    0. 0. 0. 0. 0. 0. 0. 0. 0. 0. 0. 0. 0. 0. 0. 0. 0. 0. 0. 0. 0. 0. 0.
    0. 0. 0. 0. 0. 0. 0. 0. 0. 0. 0. 0. 0. 0. 0. 0. 0. 0. 0. 0. 0. 0. 0.
    0. 0. 0. 0. 0. 0. 0. 0. 0. 0. 0. 0. 0. 0. 0. 0. 0. 0. 0. 0. 0. 0. 0.
    0. 0. 0. 0. 0. 0. 0. 0. 0. 0. 0. 0. 0. 0. 0. 0. 0. 0. 0. 0. 0. 0. 0.
    0. 0. 0. 0. 0. 0. 0. 0. 0. 0. 0. 0. 0. 0. 0. 0. 0. 0. 0. 0. 0. 0. 0.
    0. 0. 0. 0. 0. 0. 0. 0. 0. 0. 0. 0. 0. 0. 0. 0. 0. 0. 0. 0. 0. 0. 0.
    0. 0. 0. 0. 0. 0. 0. 0. 0. 0. 0. 0. 0. 0. 0. 0. 0. 0. 0. 0. 0. 0. 0.
    0. 0. 0. 0. 0. 0. 0. 0. 0. 0. 0. 0. 0. 0. 0. 0. 0. 0. 0. 0. 0. 0. 0.
    0. 0. 0. 0. 0. 0. 0. 0. 0. 0. 0. 0. 0. 0. 0. 0. 0. 0. 0. 0. 0. 0. 0.
    0. 0. 0. 0. 0. 0. 0. 0. 0. 0. 0. 0. 0. 0. 0. 0. 0. 0. 0. 0. 0. 0. 0.
    0. 0. 0. 0. 0. 0. 0. 0. 0. 0. 0. 0. 0. 0. 0. 0. 0. 0. 0. 0. 0. 0. 0.
    0. 0. 0. 0. 0. 0. 0. 0. 0. 0. 0. 0. 0. 0. 0. 0. 0. 0. 0. 0. 0. 0. 0.
    0. 0. 0. 0. 0. 0. 0. 0. 0. 0. 0. 0. 0. 0. 0. 0. 0. 0. 0. 0. 0. 0. 0.
    0. 0. 0. 0. 0. 0. 0. 0. 2.68099999e+00 2.59999990e+00 2.31900001e+00
    2.03800011e+00 2. 2. 2.02300000e+00 2.07500005e+00 2.12500000e+00
    2.12500000e+00 2.12500000e+00 2.15700006e+00 2.21099997e+00
    1.76400006e+00 0. 0. 0. 0. 0. 0. 0. 0. 0. 0. 0. 0. 0. 0. 0. 0. 0. 0.
    0. 0. 0. 0. 0. 0. 0. 0. 2.64700007e+00 2.57100010e+00 2.31100011e+00
    2.04999995e+00 2.01500010e+00 2.01500010e+00 2.03500009e+00
    2.08100009e+00 2.12500000e+00 2.12500000e+00 2.12500000e+00
    2.15400004e+00 2.20099998e+00 1.80700004e+00 0. 0. 0. 0. 0. 0. 0. 0.
    0. 0. 0. 0. 0. 0. 0. 0. 0. 0. 0. 0. 0. 0. 0. 0. 0. 0. 2.52699995e+00
    2.47199988e+00 2.28200006e+00 2.09200001e+00 2.06699991e+00
    2.06699991e+00 2.07699990e+00 2.10100007e+00 2.12500000e+00
    2.12500000e+00 2.12500000e+00 2.14000010e+00 2.16499996e+00
    1.95599997e+00 0. 0. 0. 0. 0. 0. 0. 0. 0. 0. 0. 0. 0. 0. 0. 0. 0. 0.
    0. 0. 0. 0. 0. 0. 0. 0. 2.40799999e+00 2.37299991e+00 2.25399995e+00
    2.13400006e+00 2.11800003e+00 2.11800003e+00 2.11899996e+00
    2.12199998e+00 2.12500000e+00 2.12500000e+00 2.12500000e+00
    2.12700009e+00 2.13000011e+00 2.10500002e+00 1.95099998e+00
    1.79700005e+00 1.75999999e+00 1.75999999e+00 1.75999999e+00 0. 0. 0.
    0. 0. 0. 0. 0. 0. 0. 0. 0. 0. 0. 0. 0. 0. 0. 0. 0. 0. 2.39199996e+00
    2.36599994e+00 2.27500010e+00 2.18400002e+00 2.17199993e+00
    2.17199993e+00 2.17199993e+00 2.17199993e+00 2.17100000e+00
    2.15199995e+00 2.13299990e+00 2.12500000e+00 2.12500000e+00
    2.12500000e+00 2.12500000e+00 2.12500000e+00 2.12500000e+00
    2.12500000e+00 2.12500000e+00 0. 0. 0. 0. 0. 0. 0. 0. 0. 0. 0. 0. 0.
    0. 0. 0. 0. 0. 0. 0. 0. 2.39199996e+00 2.37199998e+00 2.30399990e+00
    2.23499990e+00 2.22600007e+00 2.22600007e+00 2.22600007e+00
    2.22600007e+00 2.22499990e+00 2.18300009e+00 2.14199996e+00
    2.12500000e+00 2.12500000e+00 2.12500000e+00 2.12500000e+00
    2.12500000e+00 2.12500000e+00 2.12500000e+00 2.12500000e+00 0. 0. 0.
    0. 0. 0. 0. 0. 0. 0. 0. 0. 0. 0. 0. 0. 0. 0. 0. 0. 0. 2.36700010e+00
    2.35400009e+00 2.30800009e+00 2.26200008e+00 2.25600004e+00
    2.25600004e+00 2.25200009e+00 2.24200010e+00 2.23099995e+00
    2.17700005e+00 2.12400007e+00 2.10200000e+00 2.10200000e+00
    2.10400009e+00 2.11299992e+00 2.12299991e+00 2.12500000e+00
    2.12500000e+00 2.12500000e+00 0. 0. 0. 0. 0. 0. 0. 0. 0. 0. 0. 0. 0.
    0. 0. 0. 0. 0. 0. 0. 0. 2.31100011e+00 2.30399990e+00 2.28200006e+00
    2.25900006e+00 2.25600004e+00 2.25600004e+00 2.24200010e+00
    2.20900011e+00 2.17700005e+00 2.12400007e+00 2.07200003e+00
    2.04999995e+00 2.04999995e+00 2.05599999e+00 2.08699989e+00
    2.11700010e+00 2.12500000e+00 2.12500000e+00 2.12500000e+00 0. 0. 0.
    0. 0. 0. 0. 0. 0. 0. 0. 0. 0. 0. 0. 0. 0. 0. 0. 0. 0. 2.25600004e+00
    2.25600004e+00 2.25600004e+00 2.25600004e+00 2.25600004e+00
    2.25600004e+00 2.23200011e+00 2.17799997e+00 2.12400007e+00
    2.07200003e+00 2.02099991e+00 2. 2. 2.00900006e+00 2.06100011e+00
    2.11199999e+00 2.12500000e+00 2.12500000e+00 2.12500000e+00 0. 0. 0.
    0. 0. 0. 0. 0. 0. 0. 0. 0. 0. 0. 0. 0. 0. 0. 0. 0. 0. 2.25600004e+00
    2.25600004e+00 2.25600004e+00 2.25600004e+00 2.25600004e+00
    2.25600004e+00 2.23200011e+00 2.17799997e+00 2.12400007e+00
    2.07200003e+00 2.02099991e+00 2. 2. 2.00900006e+00 2.06100011e+00
    2.11199999e+00 2.12500000e+00 2.12500000e+00 2.12500000e+00 0. 0. 0.
    0. 0. 0. 0. 0. 0. 0. 0. 0. 0. 0. 0. 0. 0. 0. 0. 0. 0. 2.25600004e+00
    2.25600004e+00 2.25600004e+00 2.25600004e+00 2.25600004e+00
    2.25600004e+00 2.23200011e+00 2.17799997e+00 2.12400007e+00
    2.07200003e+00 2.02099991e+00 2. 2. 2.00900006e+00 2.06100011e+00
    2.11199999e+00 2.12500000e+00 2.12500000e+00 2.12500000e+00 0. 0. 0.
    0. 0. 0. 0. 0. 0. 0. 0. 0. 0. 0. 0. 0. 0. 0. 0. 0. 0. 2.25600004e+00
    2.25200009e+00 2.23900008e+00 2.22499990e+00 2.22399998e+00
    2.22399998e+00 2.20000005e+00 2.14599991e+00 2.09299994e+00
    2.05399990e+00 2.01600003e+00 2.00799990e+00 2.01999998e+00
    2.03800011e+00 2.07699990e+00 2.11500001e+00 2.12500000e+00
    2.12500000e+00 2.12500000e+00 0. 0. 0. 0. 0. 0. 0. 0. 0. 0. 0. 0. 0.
    0. 0. 0. 0. 0. 0. 0. 0. 2.25600004e+00 2.24600005e+00 2.21000004e+00
    2.17400002e+00 2.17000008e+00 2.17000008e+00 2.14599991e+00
    2.09400010e+00 2.04200006e+00 2.02500010e+00 2.00699997e+00
    2.01999998e+00 2.05399990e+00 2.08599997e+00 2.10299993e+00
    2.12100005e+00 2.12500000e+00 2.12500000e+00 2.12500000e+00 0. 0. 0.
    0. 0. 0. 0. 0. 0. 0. 0. 0. 0. 0. 0. 0. 0. 0. 0. 0. 0. 2.25600004e+00
    2.24000001e+00 2.18600011e+00 2.13199997e+00 2.12199998e+00
    2.11800003e+00 2.09500003e+00 2.04699993e+00 2. 2. 2. 2.03099990e+00
    2.08299994e+00 2.12500000e+00 2.12500000e+00 2.12500000e+00
    2.12500000e+00 2.12500000e+00 2.12500000e+00 0. 0. 0. 0. 0. 0. 0. 0.
    0. 0. 0. 0. 0. 0. 0. 0. 0. 0. 0. 0. 0. 2.25600004e+00 2.24000001e+00
    2.18600011e+00 2.13199997e+00 2.10299993e+00 2.07800007e+00
    2.05299997e+00 2.02600002e+00 2. 2. 2. 2.03099990e+00 2.08299994e+00
    2.12500000e+00 2.12500000e+00 2.12500000e+00 2.12500000e+00
    2.12500000e+00 2.12500000e+00 0. 0. 0. 0. 0. 0. 0. 0. 0. 0. 0. 0. 0.
    0. 0. 0. 0. 0. 0. 0. 0. 2.25600004e+00 2.24000001e+00 2.18600011e+00
    2.13199997e+00 2.08500004e+00 2.03800011e+00 2.00999999e+00
    2.00500011e+00 2. 2. 2. 2.03099990e+00 2.08299994e+00 2.12500000e+00
    2.12500000e+00 2.12500000e+00 2.12500000e+00 2.12500000e+00
    2.12500000e+00 0. 0. 0. 0. 0. 0. 0. 0. 0. 0. 0. 0. 0. 0. 0. 0. 0. 0.
    0. 0. 0. 2.25600004e+00 2.24000001e+00 2.18600011e+00 2.13199997e+00
    2.07999992e+00 2.02900004e+00 2. 2. 2. 2. 2. 2.03099990e+00
    2.08299994e+00 2.12500000e+00 2.12500000e+00 2.12500000e+00
    2.12500000e+00 2.12500000e+00 2.12500000e+00 0. 0. 0. 0. 0. 0. 0. 0.
    0. 0. 0. 0. 0. 0. 0. 0. 0. 0. 0. 0. 0. 2.25600004e+00 2.24000001e+00
    2.18600011e+00 2.13199997e+00 2.07999992e+00 2.02900004e+00 2. 2. 2.
    2. 2. 2.03099990e+00 2.08299994e+00 2.12500000e+00 2.12500000e+00
    2.12500000e+00 2.12500000e+00 2.12500000e+00 2.12500000e+00 0. 0. 0.
    0. 0. 0. 0. 0. 0. 0. 0. 0. 0. 0. 0. 0. 0. 0. 0. 0. 0. 2.35700011e+00
    2.32900000e+00 2.23399997e+00 2.13800001e+00 2.08599997e+00
    2.04200006e+00 2.01699996e+00 2.01699996e+00 2.01699996e+00
    2.01699996e+00 2.01699996e+00 2.04399991e+00 2.08800006e+00
    2.12500000e+00 2.12500000e+00 2.12500000e+00 2.12500000e+00
    2.12500000e+00 2.12500000e+00 0. 0. 0. 0. 0. 0. 0. 0. 0. 0. 0. 0. 0.
    0. 0. 0. 0. 0. 0. 0. 0. 2.66199994e+00 2.59800005e+00 2.37599993e+00
    2.15499997e+00 2.10500002e+00 2.08200002e+00 2.06900001e+00
    2.06900001e+00 2.06900001e+00 2.06900001e+00 2.06900001e+00
    2.08299994e+00 2.10599995e+00 2.12500000e+00 2.12500000e+00
    2.12500000e+00 2.12500000e+00 2.12500000e+00 2.12500000e+00 0. 0. 0.
