<?xml version="1.0"?>
<opencv_storage>
<Depth type_id="opencv-matrix">
  <rows>40</rows>
  <cols>40</cols>
  <dt>f</dt>
  <data>
    0. 0. 0. 0. 0. 0. 0. 0. 0. 0. 2.43300009e+00 2.06299996e+00
    2.06299996e+00 2.06299996e+00 2.06299996e+00 2.06299996e+00
    2.06299996e+00 2.06299996e+00 2.06299996e+00 2.06299996e+00
    2.06299996e+00 2.06299996e+00 2.06299996e+00 2.08500004e+00
    2.12299991e+00 0. 0. 0. 0. 0. 0. 0. 0. 0. 0. 0. 0. 0. 0. 0. 0. 0. 0.
    0. 0. 0. 0. 0. 0. 0. 2.29299998e+00 2.06299996e+00 2.06299996e+00
    2.06299996e+00 2.05999994e+00 2.04600000e+00 2.03999996e+00
    2.03999996e+00 2.04999995e+00 2.06200004e+00 2.04900002e+00
    2.03999996e+00 2.03999996e+00 2.05399990e+00 2.07800007e+00 0. 0. 0.
    0. 0. 0. 0. 0. 0. 0. 0. 0. 0. 0. 0. 0. 0. 0. 0. 0. 0. 0.
    2.12700009e+00 2.12700009e+00 2.11100006e+00 2.07399988e+00
    2.06299996e+00 2.06299996e+00 2.06299996e+00 2.05500007e+00
    2.01999998e+00 2.00399995e+00 2.00399995e+00 2.02999997e+00
    2.06100011e+00 2.02699995e+00 2.00399995e+00 2.00399995e+00
    2.00500011e+00 2.00699997e+00 0. 0. 0. 0. 0. 0. 0. 0. 0. 0. 0. 0. 0.
    0. 0. 0. 0. 0. 2.97700000e+00 2.97700000e+00 2.97700000e+00
    2.46799994e+00 2. 2. 2.00799990e+00 2.02500010e+00 2.02999997e+00
    2.02999997e+00 2.02999997e+00 2.02600002e+00 2.00900006e+00 2. 2.
    2.02800012e+00 2.06100011e+00 2.02500010e+00 2. 2. 2. 2.
    2.52800012e+00 0. 0. 0. 0. 0. 0. 0. 0. 0. 0. 0. 0. 0. 0. 0. 0. 0.
    1.93700004e+00 1.93700004e+00 1.93700004e+00 1.97000003e+00 2. 2. 2.
    2. 2. 2. 2. 2. 2. 2. 2. 2.02600002e+00 2.05500007e+00 2.02200007e+00
    2. 2. 2. 2. 2. 2.13899994e+00 0. 0. 0. 0. 0. 0. 0. 0. 0. 0. 0. 0. 0.
    0. 0. 0. 1.93700004e+00 1.93700004e+00 1.93700004e+00 1.97000003e+00
    2. 2. 2. 2. 2. 2. 2. 2. 2. 2. 2. 2.00900006e+00 2.01999998e+00
    2.00799990e+00 2. 2. 2. 2. 2. 2.04999995e+00 2.47000003e+00 0. 0. 0.
    0. 0. 0. 0. 0. 0. 0. 0. 0. 0. 0. 0. 1.95299995e+00 1.95299995e+00
    1.95299995e+00 1.97700000e+00 2. 2. 2. 2. 2. 2. 2. 2. 2. 2. 2. 2. 2.
    2. 2. 2. 2. 2. 2. 2. 2. 2.50200009e+00 0. 0. 0. 0. 0. 0. 0. 0. 0. 0.
    0. 0. 0. 0. 1.98899996e+00 1.98899996e+00 1.98899996e+00
    1.99500000e+00 2. 2. 2. 2. 2. 2. 2. 2. 2. 2. 2. 2. 2. 2. 2. 2. 2. 2.
    2. 2. 2. 2.50200009e+00 0. 0. 0. 0. 0. 0. 0. 0. 0. 0. 0. 0. 0. 0. 2.
    2. 2. 2. 2. 2. 2. 2. 2. 2. 2. 2. 2. 2. 2. 2. 2. 2. 2. 2. 2. 2. 2. 2.
    2. 2.29699993e+00 0. 0. 0. 0. 0. 0. 0. 0. 0. 0. 0. 0. 0. 0. 2. 2. 2.
    2. 2. 2. 2. 2. 2. 2. 2. 2. 2. 2. 2. 2. 2. 2. 2. 2. 2. 2. 2. 2. 2.
    2.00699997e+00 2.02699995e+00 2.81800008e+00 0. 0. 0. 0. 0. 0. 0. 0.
    0. 0. 0. 0. 2.03500009e+00 2.03500009e+00 2.03500009e+00
    2.01699996e+00 2. 2. 2. 2. 2. 2. 2. 2. 2. 2. 2. 2. 2. 2. 2. 2. 2. 2.
    2. 2. 2. 2. 2. 2.79800010e+00 0. 0. 0. 0. 0. 0. 0. 0. 0. 0. 0. 0.
    2.05399990e+00 2.05399990e+00 2.05399990e+00 2.02600002e+00 2. 2. 2.
    2. 2. 2. 2. 2. 2. 2. 2. 2. 2. 2. 2. 2. 2. 2. 2. 2. 2. 2. 2.
    2.80500007e+00 0. 0. 0. 0. 0. 0. 0. 0. 0. 0. 0. 0. 2.01799989e+00
    2.01799989e+00 2.01799989e+00 2.00900006e+00 2. 2. 2. 2. 2. 2. 2. 2.
    2. 2. 2. 2. 2. 2. 2. 2. 2. 2. 2. 2. 2. 2. 2. 2.83500004e+00 0. 0. 0.
    0. 0. 0. 0. 0. 0. 0. 0. 0. 1.98099995e+00 1.98800004e+00
    1.99899995e+00 2. 2. 2. 2. 2. 2. 2. 2. 2. 2. 2. 2. 2. 2. 2. 2. 2. 2.
    2. 2. 2. 2. 2. 2. 2.59899998e+00 0. 0. 0. 0. 0. 0. 0. 0. 0. 0. 0. 0.
    1.94500005e+00 1.96500003e+00 1.99699998e+00 2. 2. 2. 2. 2. 2. 2. 2.
    2. 2. 2. 2. 2. 2. 2. 2. 2. 2. 2. 2. 2. 2. 2. 2. 2.10800004e+00
    2.27399993e+00 0. 0. 0. 0. 0. 0. 0. 0. 0. 0. 0. 1.93700004e+00
    1.95000005e+00 1.97000003e+00 1.98599994e+00 2. 2. 2. 2. 2. 2. 2. 2.
    2. 2. 2. 2. 2. 2. 2. 2. 2. 2. 2. 1.99800003e+00 1.98199999e+00
    1.97200000e+00 1.97200000e+00 1.98199999e+00 1.99899995e+00 0. 0. 0.
    0. 0. 0. 0. 0. 0. 0. 0. 1.93700004e+00 1.93700004e+00 1.93700004e+00
    1.97000003e+00 2. 2. 2. 2. 2. 2. 2. 2. 2. 2. 2. 2. 2. 2. 2. 2. 2. 2.
    2. 1.99600005e+00 1.95899999e+00 1.93700004e+00 1.93700004e+00
    1.96099997e+00 1.99699998e+00 0. 0. 0. 0. 0. 0. 0. 0. 0. 0. 0.
    1.93700004e+00 1.93700004e+00 1.93700004e+00 1.97000003e+00 2. 2. 2.
    2. 2. 2. 2. 2. 2. 2. 2. 2. 2. 2. 2. 2. 2. 2. 2. 1.99600005e+00
    1.95899999e+00 1.93700004e+00 1.93700004e+00 1.96099997e+00
    1.99699998e+00 0. 0. 0. 0. 0. 0. 0. 0. 0. 0. 0. 1.93700004e+00
    1.93700004e+00 1.93700004e+00 1.97000003e+00 2. 2. 2. 2. 2. 2. 2. 2.
    2. 2. 2. 2. 2. 2. 2. 2. 2. 2. 2. 1.99600005e+00 1.95899999e+00
    1.93700004e+00 1.93700004e+00 1.96099997e+00 1.99699998e+00 0. 0. 0.
    0. 0. 0. 0. 0. 0. 0. 0. 1.93700004e+00 1.93700004e+00 1.93700004e+00
    1.97000003e+00 2. 2. 2. 2. 2. 2. 2. 2. 2. 2. 2. 2. 2. 2. 2. 2. 2. 2.
    2. 1.99600005e+00 1.95899999e+00 1.93700004e+00 1.93700004e+00
    1.96099997e+00 1.99699998e+00 0. 0. 0. 0. 0. 0. 0. 0. 0. 0. 0.
    2.71399999e+00 2.43700004e+00 2.00099993e+00 1.98000002e+00 2. 2. 2.
    2. 2. 2. 2. 2. 2. 2. 2. 2. 2. 2. 2. 2. 2. 2. 2. 1.99699998e+00
    1.97300005e+00 1.95299995e+00 1.94099998e+00 1.95299995e+00
    1.97700000e+00 2.72399998e+00 0. 0. 0. 0. 0. 0. 0. 0. 0. 0. 0. 0.
    2.10999990e+00 1.99699998e+00 2. 2. 2. 2. 2. 2. 2. 2. 2. 2. 2. 2. 2.
    2. 2. 2. 2. 2. 2. 2. 1.99600005e+00 1.98199999e+00 1.94799995e+00
    1.93900001e+00 1.94200003e+00 2.03900003e+00 2.34299994e+00 0. 0. 0.
    0. 0. 0. 0. 0. 0. 0. 0. 0. 2.56100011e+00 2.05999994e+00
    2.04099989e+00 2.02300000e+00 2.00500011e+00 2. 2. 2. 2. 2. 2. 2. 2.
    2. 2. 2. 2. 2. 2. 2. 2. 2. 1.98599994e+00 1.95000005e+00
    1.93700004e+00 1.93700004e+00 1.93700004e+00 2.06200004e+00
    2.71799994e+00 0. 0. 0. 0. 0. 0. 0. 0. 0. 0. 0. 0. 2.12700009e+00
    2.08599997e+00 2.04699993e+00 2.01099992e+00 2. 2. 2. 2. 2. 2. 2. 2.
    2. 2. 2. 2. 2. 2. 2. 2. 2. 1.98699999e+00 1.95299995e+00
    1.94099998e+00 1.94099998e+00 1.94099998e+00 1.94799995e+00
    1.98199999e+00 2. 0. 0. 0. 0. 0. 0. 0. 0. 0. 0. 0. 2.16199994e+00
    2.09899998e+00 2.04699993e+00 2.01099992e+00 2. 2. 2. 2. 2. 2. 2. 2.
    2. 2. 2. 2. 2. 2. 2. 2. 2. 1.99500000e+00 1.98199999e+00
    1.97800004e+00 1.97800004e+00 1.97800004e+00 1.98000002e+00
    1.99300003e+00 2. 0. 0. 0. 0. 0. 0. 0. 0. 0. 0. 0. 2.56800008e+00
    2.23600006e+00 2.03699994e+00 2.00799990e+00 2. 2. 2. 2. 2. 2. 2. 2.
    2. 2. 2. 2. 2. 2. 2. 2. 2. 2. 2. 2. 2. 2. 2. 2. 2. 0. 0. 0. 0. 0. 0.
    0. 0. 0. 0. 0. 0. 2.56900001e+00 2.00900006e+00 2.00200009e+00 2. 2.
    2. 2. 2. 2. 2. 2. 2. 2. 2. 2. 2. 2. 2. 2. 2. 2. 2. 2. 2. 2. 2. 2. 2.
    0. 0. 0. 0. 0. 0. 0. 0. 0. 0. 0. 0. 2.70000005e+00 2. 2. 2. 2. 2. 2.
    2. 1.99300003e+00 1.97899997e+00 1.97599995e+00 1.97700000e+00
    1.99100006e+00 2. 2. 2. 2. 2. 2. 2. 2. 2. 2. 2. 2. 2. 2. 2. 0. 0. 0.
    0. 0. 0. 0. 0. 0. 0. 0. 0. 2.72600007e+00 2. 2. 2. 2. 2. 2. 2.
    1.98199999e+00 1.94700003e+00 1.94000006e+00 1.94099998e+00
    1.97599995e+00 2. 2. 2. 2. 2. 2. 2. 2. 2. 2. 2. 2. 2. 2. 2. 0. 0. 0.
    0. 0. 0. 0. 0. 0. 0. 0. 0. 0. 2.89400005e+00 2.20300007e+00 2. 2. 2.
    2. 2. 1.98099995e+00 1.94500005e+00 1.93700004e+00 1.93900001e+00
    1.97500002e+00 2. 2. 2. 2. 2. 2. 2. 2. 2. 2. 2. 2. 2. 2. 2. 0. 0. 0.
    0. 0. 0. 0. 0. 0. 0. 0. 0. 0. 0. 2.38000011e+00 2. 2. 2. 2. 2.
    1.98300004e+00 1.95099998e+00 1.94400001e+00 1.94500005e+00
    1.97800004e+00 2. 2. 2. 2. 2. 2. 2. 2. 2. 2. 2. 2. 2. 2. 2. 0. 0. 0.
    0. 0. 0. 0. 0. 0. 0. 0. 0. 0. 0. 2.38000011e+00 2. 2. 2. 2. 2.
    1.99399996e+00 1.98300004e+00 1.98000002e+00 1.98099995e+00
    1.99199998e+00 2. 2. 2. 2. 2. 2. 2. 2. 2. 2. 2. 2. 2. 2. 2. 0. 0. 0.
    0. 0. 0. 0. 0. 0. 0. 0. 0. 0. 0. 2.86899996e+00 2.35899997e+00
    2.02500010e+00 2.01699996e+00 2.01399994e+00 2.00500011e+00 2. 2.
    1.99199998e+00 1.98300004e+00 1.98300004e+00 1.98599994e+00
    1.99600005e+00 2. 2. 2. 2. 2. 2. 2. 2. 2. 2. 2.06999993e+00
    2.43499994e+00 2.63299990e+00 0. 0. 0. 0. 0. 0. 0. 0. 0. 0. 0. 0. 0.
    0. 0. 0. 2.07999992e+00 2.05299997e+00 2.04600000e+00 2.01500010e+00
    2. 2. 1.97599995e+00 1.94700003e+00 1.94700003e+00 1.95700002e+00
