<?xml version="1.0"?>
<opencv_storage>
<Depth type_id="opencv-matrix">
  <rows>40</rows>
  <cols>40</cols>
  <dt>f</dt>
  <data>
    0. 0. 0. 0. 0. 0. 0. 0. 0. 0. 0. 0. 0. 0. 0. 0. 0. 0. 0. 0. 0. 0. 0.
    0. 0. 0. 0. 0. 0. 0. 0. 0. 0. 0. 0. 0. 0. 0. 0. 0. 0. 0. 0. 0. 0. 0.
    0. 0. 0. 0. 0. 0. 0. 0. 0. 0. 0. 0. 0. 0. 0. 0. 0. 0. 0. 0. 0. 0. 0.
    0. 0. 0. 0. 0. 0. 0. 0. 0. 0. 0. 0. 0. 0. 0. 0. 0. 0. 0. 0. 0. 0. 0.
    0. 0. 0. 0. 0. 0. 0. 0. 0. 0. 0. 0. 0. 0. 0. 0. 0. 0. 0. 0. 0. 0. 0.
    0. 0. 0. 0. 0. 0. 0. 0. 0. 0. 0. 0. 0. 0. 0. 0. 0. 0. 0. 0. 0. 0. 0.
    0. 0. 0. 0. 0. 0. 0. 0. 0. 0. 0. 0. 0. 0. 0. 0. 0. 0. 0. 0. 0. 0. 0.
    0. 0. 0. 0. 0. 0. 0. 0. 0. 0. 0. 0. 0. 0. 0. 0. 0. 0. 0. 0. 0. 0. 0.
    0. 0. 0. 0. 0. 0. 0. 0. 0. 0. 0. 0. 0. 0. 0. 0. 0. 0. 0. 0. 0. 0. 0.
    0. 0. 0. 0. 0. 0. 0. 0. 0. 0. 0. 0. 0. 0. 0. 0. 0. 0. 0. 0. 0. 0. 0.
    0. 0. 0. 0. 0. 0. 0. 0. 0. 0. 0. 0. 0. 0. 0. 0. 0. 0. 0. 0. 0. 0. 0.
    0. 0. 0. 0. 0. 0. 0. 0. 0. 0. 0. 0. 0. 0. 0. 0. 0. 0. 0. 0. 0. 0. 0.
    0. 0. 0. 0. 0. 0. 0. 0. 0. 0. 0. 0. 0. 0. 0. 0. 0. 0. 0. 0. 0. 0. 0.
    0. 0. 0. 0. 0. 0. 0. 0. 0. 0. 0. 0. 0. 0. 0. 0. 0. 0. 0. 0. 0. 0. 0.
    0. 0. 0. 0. 0. 0. 0. 0. 0. 0. 0. 0. 0. 0. 0. 0. 0. 0. 0. 0. 0. 0. 0.
    0. 0. 0. 0. 0. 0. 0. 0. 0. 0. 0. 0. 0. 0. 0. 0. 0. 0. 0. 0. 0. 0. 0.
    0. 0. 0. 0. 0. 0. 0. 0. 0. 0. 0. 0. 0. 0. 0. 0. 0. 0. 0. 0. 0. 0. 0.
    0. 0. 0. 0. 0. 0. 0. 0. 0. 0. 0. 0. 0. 0. 0. 0. 0. 2.31399989e+00
    2.29399991e+00 2.24399996e+00 2.20600009e+00 2.20600009e+00
    2.20600009e+00 2.20600009e+00 2.20600009e+00 2.20600009e+00
    2.20600009e+00 2.17100000e+00 2.12299991e+00 2.10100007e+00
    2.10100007e+00 2.11899996e+00 2.16700006e+00 2.20600009e+00
    2.20600009e+00 2.20400000e+00 2.10999990e+00 2.01500010e+00 2. 2. 2.
    0. 0. 0. 0. 0. 0. 0. 0. 0. 0. 0. 0. 0. 0. 0. 0. 2.29399991e+00
    2.27699995e+00 2.23699999e+00 2.20600009e+00 2.20600009e+00
    2.20600009e+00 2.20600009e+00 2.20600009e+00 2.20600009e+00
    2.20600009e+00 2.17799997e+00 2.13899994e+00 2.12100005e+00
    2.12100005e+00 2.13499999e+00 2.17400002e+00 2.20600009e+00
    2.20600009e+00 2.20499992e+00 2.12800002e+00 2.05100012e+00
    2.04699993e+00 2.05599999e+00 2.05999994e+00 0. 0. 0. 0. 0. 0. 0. 0.
    0. 0. 0. 0. 0. 0. 0. 0. 2.24399996e+00 2.23699999e+00 2.21900010e+00
    2.20600009e+00 2.20600009e+00 2.20600009e+00 2.20600009e+00
    2.20600009e+00 2.20600009e+00 2.20600009e+00 2.19400001e+00
    2.17700005e+00 2.16899991e+00 2.16899991e+00 2.17499995e+00
    2.19199991e+00 2.20600009e+00 2.20600009e+00 2.20499992e+00
    2.17199993e+00 2.13899994e+00 2.16100001e+00 2.19300008e+00
    2.20400000e+00 0. 0. 0. 0. 0. 0. 0. 0. 0. 0. 0. 0. 0. 0. 0. 0.
    2.19400001e+00 2.19400001e+00 2.19400001e+00 2.19400001e+00
    2.19400001e+00 2.19400001e+00 2.19400001e+00 2.19400001e+00
    2.19400001e+00 2.19400001e+00 2.19799995e+00 2.20400000e+00
    2.20600009e+00 2.20600009e+00 2.20600009e+00 2.20600009e+00
    2.20600009e+00 2.20600009e+00 2.20600009e+00 2.20600009e+00
    2.20600009e+00 2.24799991e+00 2.29800010e+00 2.31399989e+00 0. 0. 0.
    0. 0. 0. 0. 0. 0. 0. 0. 0. 0. 0. 0. 0. 2.14599991e+00 2.14599991e+00
    2.14599991e+00 2.14599991e+00 2.14599991e+00 2.14599991e+00
    2.14599991e+00 2.14599991e+00 2.14599991e+00 2.14599991e+00
    2.16599989e+00 2.19300008e+00 2.20600009e+00 2.20600009e+00
    2.20600009e+00 2.20600009e+00 2.20600009e+00 2.20600009e+00
    2.20600009e+00 2.20600009e+00 2.20600009e+00 2.24799991e+00
    2.29800010e+00 2.31399989e+00 0. 0. 0. 0. 0. 0. 0. 0. 0. 0. 0. 0. 0.
    0. 0. 0. 2.10100007e+00 2.10100007e+00 2.10100007e+00 2.10100007e+00
    2.09899998e+00 2.09800005e+00 2.09800005e+00 2.09800005e+00
    2.09899998e+00 2.10100007e+00 2.13499999e+00 2.18099999e+00
    2.20300007e+00 2.20300007e+00 2.20300007e+00 2.20300007e+00
    2.20300007e+00 2.20300007e+00 2.20300007e+00 2.20300007e+00
    2.20300007e+00 2.24499989e+00 2.29399991e+00 2.31100011e+00 0. 0. 0.
    0. 0. 0. 0. 0. 0. 0. 0. 0. 0. 0. 0. 0. 2.10100007e+00 2.10100007e+00
    2.10100007e+00 2.09599996e+00 2.07299995e+00 2.05200005e+00
    2.05200005e+00 2.05200005e+00 2.07200003e+00 2.09500003e+00
    2.11899996e+00 2.14299989e+00 2.15499997e+00 2.15499997e+00
    2.15499997e+00 2.15499997e+00 2.15499997e+00 2.15499997e+00
    2.15499997e+00 2.15499997e+00 2.15499997e+00 2.19600010e+00
    2.24499989e+00 2.26099992e+00 0. 0. 0. 0. 0. 0. 0. 0. 0. 0. 0. 0. 0.
    0. 0. 0. 2.10100007e+00 2.10100007e+00 2.10100007e+00 2.08999991e+00
    2.04600000e+00 2.00500011e+00 2.00500011e+00 2.00500011e+00
    2.04399991e+00 2.08800006e+00 2.10299993e+00 2.10500002e+00
    2.10599995e+00 2.10599995e+00 2.10599995e+00 2.10599995e+00
    2.10599995e+00 2.10599995e+00 2.10599995e+00 2.10599995e+00
    2.10599995e+00 2.14700007e+00 2.19499993e+00 2.21199989e+00 0. 0. 0.
    0. 0. 0. 0. 0. 0. 0. 0. 0. 0. 0. 0. 0. 2.05999994e+00 2.05200005e+00
    2.03399992e+00 2.01300001e+00 1.98599994e+00 1.96000004e+00
    1.96000004e+00 1.96000004e+00 1.98399997e+00 2.01200008e+00
    2.03299999e+00 2.05100012e+00 2.05999994e+00 2.05999994e+00
    2.06699991e+00 2.08599997e+00 2.10100007e+00 2.10100007e+00
    2.10100007e+00 2.10100007e+00 2.10100007e+00 2.12500000e+00
    2.15400004e+00 2.16300011e+00 0. 0. 0. 0. 0. 0. 0. 0. 0. 0. 0. 0. 0.
    0. 0. 0. 2.01300001e+00 1.99699998e+00 1.95799994e+00 1.92700005e+00
    1.92100000e+00 1.91499996e+00 1.91499996e+00 1.91499996e+00
    1.91999996e+00 1.92600000e+00 1.95599997e+00 1.99500000e+00
    2.01300001e+00 2.01300001e+00 2.02800012e+00 2.06800008e+00
    2.10100007e+00 2.10100007e+00 2.10100007e+00 2.10100007e+00
    2.10100007e+00 2.10599995e+00 2.11299992e+00 2.11500001e+00 0. 0. 0.
    0. 0. 0. 0. 0. 0. 0. 0. 0. 0. 0. 0. 0. 1.96800005e+00 1.95500004e+00
    1.92499995e+00 1.89900005e+00 1.88399994e+00 1.87100005e+00
    1.87100005e+00 1.87100005e+00 1.88399994e+00 1.89800000e+00
    1.93400002e+00 1.97899997e+00 2. 2. 2.01099992e+00 2.04299998e+00
    2.06800008e+00 2.06800008e+00 2.06800008e+00 2.06800008e+00
    2.06800008e+00 2.06800008e+00 2.06800008e+00 2.06800008e+00 0. 0. 0.
    0. 0. 0. 0. 0. 0. 0. 0. 0. 0. 0. 0. 0. 1.92299998e+00 1.91900003e+00
    1.90900004e+00 1.89400005e+00 1.86000001e+00 1.82799995e+00
    1.82799995e+00 1.82799995e+00 1.85800004e+00 1.89199996e+00
    1.93400002e+00 1.97899997e+00 2. 2. 2.00399995e+00 2.01300001e+00
    2.02099991e+00 2.02099991e+00 2.02099991e+00 2.02099991e+00
    2.02099991e+00 2.02099991e+00 2.02099991e+00 2.02099991e+00 0. 0. 0.
    0. 0. 0. 0. 0. 0. 0. 0. 0. 0. 0. 0. 0. 1.90199995e+00 1.90199995e+00
    1.90199995e+00 1.89199996e+00 1.84800005e+00 1.80799997e+00
    1.80799997e+00 1.80799997e+00 1.84599996e+00 1.88999999e+00
    1.93400002e+00 1.97899997e+00 2. 2. 2. 2. 2. 2. 2. 2. 2. 2. 2. 2. 0.
    0. 0. 0. 0. 0. 0. 0. 0. 0. 0. 0. 0. 0. 0. 0. 1.90199995e+00
    1.90199995e+00 1.90199995e+00 1.89199996e+00 1.84800005e+00
    1.80799997e+00 1.80799997e+00 1.80799997e+00 1.84599996e+00
    1.88999999e+00 1.93400002e+00 1.97899997e+00 2. 2. 2. 2. 2. 2. 2. 2.
    2. 2. 2. 2. 0. 0. 0. 0. 0. 0. 0. 0. 0. 0. 0. 0. 0. 0. 0. 0. 0.
    1.12100005e+00 1.56400001e+00 1.89199996e+00 1.84800005e+00
    1.80799997e+00 1.80799997e+00 1.80799997e+00 1.84599996e+00
    1.88999999e+00 1.93400002e+00 1.97899997e+00 2. 2. 2. 2. 2. 2. 2.
    1.99199998e+00 1.98500001e+00 1.98399997e+00 1.98399997e+00
    1.98399997e+00 0. 0. 0. 0. 0. 0. 0. 0. 0. 0. 0. 0. 0. 0. 0. 0. 0. 0.
    0. 1.89199996e+00 1.84800005e+00 1.80799997e+00 1.80799997e+00
    1.80799997e+00 1.84599996e+00 1.88999999e+00 1.93400002e+00
    1.97899997e+00 2. 2. 2. 2. 2. 2. 2. 1.97099996e+00 1.94299996e+00
    1.93799996e+00 1.93799996e+00 1.93799996e+00 0. 0. 0. 0. 0. 0. 0. 0.
    0. 0. 0. 0. 0. 0. 0. 0. 0. 0. 0. 1.38800001e+00 1.34899998e+00
    1.31200004e+00 1.31200004e+00 1.31200004e+00 1.34700000e+00
    1.38600004e+00 1.42700005e+00 1.46800005e+00 1.61399996e+00
    1.85000002e+00 1.99899995e+00 1.99500000e+00 1.99100006e+00
