<?xml version="1.0"?>
<opencv_storage>
<Depth type_id="opencv-matrix">
  <rows>40</rows>
  <cols>40</cols>
  <dt>f</dt>
  <data>
    0. 0. 0. 0. 0. 0. 0. 0. 0. 0. 0. 0. 0. 0. 0. 0. 0. 0. 0. 0. 0. 0. 0.
    0. 0. 0. 0. 0. 0. 0. 0. 0. 0. 0. 0. 0. 0. 0. 0. 0. 0. 0. 0. 0. 0. 0.
    0. 0. 0. 0. 0. 0. 0. 0. 0. 0. 0. 0. 0. 0. 0. 0. 0. 0. 0. 0. 0. 0. 0.
    0. 0. 0. 0. 0. 0. 0. 0. 0. 0. 0. 0. 0. 0. 0. 0. 0. 0. 0. 0. 0. 0. 0.
    0. 0. 0. 0. 0. 0. 0. 0. 0. 0. 0. 0. 0. 0. 0. 0. 0. 0. 0. 0. 0. 0. 0.
    0. 0. 0. 0. 0. 0. 0. 0. 0. 0. 0. 0. 0. 0. 0. 0. 0. 0. 0. 0. 0. 0. 0.
    0. 0. 0. 0. 0. 0. 0. 0. 0. 0. 0. 0. 0. 0. 0. 0. 0. 0. 0. 0. 0. 0. 0.
    0. 0. 0. 0. 0. 0. 0. 0. 0. 0. 0. 0. 0. 0. 0. 0. 0. 0. 0. 0. 0. 0. 0.
    0. 0. 0. 0. 0. 0. 0. 0. 0. 0. 0. 0. 0. 0. 0. 0. 0. 0. 0. 0. 0. 0. 0.
    0. 0. 0. 0. 0. 0. 0. 0. 0. 0. 0. 0. 0. 0. 0. 0. 0. 0. 0. 0. 0. 0. 0.
    0. 0. 0. 0. 0. 0. 0. 0. 0. 0. 0. 0. 0. 0. 0. 0. 0. 0. 0. 0. 0. 0. 0.
    0. 0. 0. 0. 0. 0. 0. 0. 0. 0. 0. 0. 0. 0. 0. 0. 0. 0. 0. 0. 0. 0. 0.
    0. 0. 0. 0. 0. 0. 0. 0. 0. 0. 0. 0. 0. 0. 0. 0. 0. 0. 0. 0. 0. 0. 0.
    0. 0. 0. 0. 0. 0. 0. 0. 0. 0. 0. 0. 0. 0. 0. 0. 0. 0. 0. 0. 0. 0. 0.
    0. 0. 0. 0. 0. 0. 0. 0. 0. 0. 0. 0. 0. 0. 0. 0. 0. 0. 0. 0. 0. 0. 0.
    0. 0. 0. 0. 0. 0. 0. 0. 0. 0. 0. 0. 0. 0. 0. 0. 0. 0. 0. 0. 0. 0. 0.
    0. 0. 0. 0. 0. 0. 0. 0. 0. 0. 0. 0. 0. 0. 0. 0. 0. 0. 0. 0. 0. 0. 0.
    0. 0. 0. 0. 0. 0. 0. 0. 0. 0. 0. 0. 0. 0. 0. 0. 0. 0. 0. 0. 0. 0. 0.
    0. 0. 0. 0. 0. 0. 0. 0. 0. 0. 0. 0. 0. 0. 0. 0. 0. 0. 0. 0. 0. 0. 0.
    0. 0. 0. 2. 2. 0. 0. 0. 0. 0. 0. 0. 0. 0. 0. 0. 0. 0. 0.
    2.08800006e+00 2.08800006e+00 2.08800006e+00 2.08800006e+00
    2.09400010e+00 2.13899994e+00 2.18000007e+00 2.18000007e+00
    2.18000007e+00 2.18000007e+00 2.18000007e+00 2.18000007e+00
    2.18000007e+00 2.18000007e+00 2.18000007e+00 2.18000007e+00
    2.18000007e+00 2.22199988e+00 2.26799989e+00 2.23399997e+00
    2.18700004e+00 2.18000007e+00 2.18000007e+00 2.21700001e+00
    1.98000002e+00 1.98000002e+00 1.06599998e+00 0. 0. 0. 0. 0. 0. 0. 0.
    0. 0. 0. 0. 0. 2.08599997e+00 2.07599998e+00 2.06699991e+00
    2.06699991e+00 2.07100010e+00 2.10599995e+00 2.13700008e+00
    2.13700008e+00 2.13800001e+00 2.14800000e+00 2.15799999e+00
    2.15799999e+00 2.15799999e+00 2.15799999e+00 2.15799999e+00
    2.15799999e+00 2.15799999e+00 2.19000006e+00 2.22499990e+00
    2.20900011e+00 2.18400002e+00 2.18000007e+00 2.18000007e+00
    2.20799994e+00 1.93700004e+00 1.93700004e+00 1.61199999e+00 0. 0. 0.
    0. 0. 0. 0. 0. 0. 0. 0. 0. 1.49199998e+00 2.08200002e+00
    2.04999995e+00 2.02399993e+00 2.02399993e+00 2.02500010e+00
    2.03800011e+00 2.04900002e+00 2.04900002e+00 2.05100012e+00
    2.08200002e+00 2.11299992e+00 2.11299992e+00 2.11299992e+00
    2.11299992e+00 2.11299992e+00 2.11299992e+00 2.11299992e+00
    2.12400007e+00 2.13700008e+00 2.15599990e+00 2.17700005e+00
    2.18000007e+00 2.18000007e+00 2.19000006e+00 1.87800002e+00
    1.87800002e+00 1.88199997e+00 1.89100003e+00 1.91299999e+00
    1.95500004e+00 1.98099995e+00 1.98099995e+00 1.99899995e+00
    2.05100012e+00 2.11299992e+00 2.19400001e+00 2.23200011e+00
    2.15000010e+00 2.08599997e+00 2.07599998e+00 2.06200004e+00
    2.02800012e+00 2. 2. 2. 2. 2. 2. 2.00200009e+00 2.03600001e+00
    2.06900001e+00 2.06900001e+00 2.06900001e+00 2.06900001e+00
    2.06900001e+00 2.06900001e+00 2.06900001e+00 2.06900001e+00
    2.06900001e+00 2.10800004e+00 2.15300012e+00 2.16000009e+00
    2.16000009e+00 2.16000009e+00 1.79700005e+00 1.79700005e+00
    1.80999994e+00 1.83800006e+00 1.87199998e+00 1.91299999e+00
    1.93900001e+00 1.93900001e+00 1.96399999e+00 2.03699994e+00
    2.10599995e+00 2.16400003e+00 2.19199991e+00 2.13299990e+00
    2.08100009e+00 2.04999995e+00 2.02300000e+00 2.01099992e+00 2. 2. 2.
    2. 2. 2. 2.00099993e+00 2.01300001e+00 2.02500010e+00 2.02500010e+00
    2.02500010e+00 2.02500010e+00 2.02500010e+00 2.02500010e+00
    2.02500010e+00 2.02500010e+00 2.02500010e+00 2.06399989e+00
    2.10800004e+00 2.11500001e+00 2.11500001e+00 2.11500001e+00
    1.73399997e+00 1.73399997e+00 1.74800003e+00 1.77999997e+00
    1.81500006e+00 1.85599995e+00 1.88100004e+00 1.88100004e+00
    1.90999997e+00 1.99399996e+00 2.06900001e+00 2.12199998e+00
    2.14899993e+00 2.10500002e+00 2.06200004e+00 2.02800012e+00 2. 2. 2.
    2. 2. 2. 2. 2. 2. 2. 2. 2. 2. 2. 2. 2. 2. 2. 2. 2.02999997e+00
    2.06500006e+00 2.06999993e+00 2.06999993e+00 2.06999993e+00
    1.69599998e+00 1.69599998e+00 1.70099998e+00 1.71399999e+00
    1.73699999e+00 1.77600002e+00 1.79999995e+00 1.79999995e+00
    1.82799995e+00 1.90999997e+00 1.99000001e+00 2.06299996e+00
    2.10500002e+00 2.06100011e+00 2.02399993e+00 2.01099992e+00 2. 2. 2.
    2. 2. 2. 2. 2. 2. 2. 2. 2. 2. 2. 2. 2. 2. 2. 2. 2.01200008e+00
    2.02500010e+00 2.02699995e+00 2.02699995e+00 2.02699995e+00
    1.65799999e+00 1.65799999e+00 1.66100001e+00 1.66799998e+00
    1.68499994e+00 1.71599996e+00 1.73599994e+00 1.73599994e+00
    1.75999999e+00 1.83299994e+00 1.90499997e+00 1.97500002e+00
    2.02200007e+00 2.00999999e+00 2. 2. 2. 2. 2. 2. 2. 2. 2. 2. 2. 2. 2.
    2. 2. 2. 2. 2. 2. 2. 2. 2. 2. 1.99300003e+00 1.98599994e+00
    1.98399997e+00 1.62100005e+00 1.62100005e+00 1.63199997e+00
    1.65699995e+00 1.67700005e+00 1.69000006e+00 1.69700003e+00
    1.69700003e+00 1.71500003e+00 1.76699996e+00 1.81200004e+00
    1.83899999e+00 1.87800002e+00 1.94700003e+00 2. 2. 2. 2. 2. 2. 2. 2.
    2. 2. 2. 2. 2. 2. 2. 2. 2. 2. 2. 2. 2. 2. 2. 1.97599995e+00
    1.94799995e+00 1.94200003e+00 1.59599996e+00 1.59599996e+00
    1.61000001e+00 1.64100003e+00 1.65900004e+00 1.65900004e+00
    1.65900004e+00 1.65900004e+00 1.67200005e+00 1.71000004e+00
    1.73699999e+00 1.73699999e+00 1.76800001e+00 1.88300002e+00
    1.97300005e+00 1.98000002e+00 1.98599994e+00 1.98599994e+00
    1.98599994e+00 1.98599994e+00 1.98599994e+00 1.98599994e+00
    1.98599994e+00 1.99300003e+00 2. 2. 2. 2. 2. 2. 2. 2. 2. 2. 2.
    1.99399996e+00 1.98699999e+00 1.95599997e+00 1.92100000e+00
    1.91400003e+00 1.59599996e+00 1.59599996e+00 1.60200000e+00
    1.61399996e+00 1.62199998e+00 1.62199998e+00 1.62199998e+00
    1.62199998e+00 1.63499999e+00 1.67200005e+00 1.69900000e+00
    1.69900000e+00 1.72399998e+00 1.81700003e+00 1.89499998e+00
    1.92200005e+00 1.94299996e+00 1.94299996e+00 1.94299996e+00
    1.94299996e+00 1.94299996e+00 1.94299996e+00 1.94599998e+00
    1.97399998e+00 2. 2. 2. 2. 2. 2. 2. 2. 2. 2. 2. 1.97599995e+00
    1.94799995e+00 1.93099999e+00 1.91700006e+00 1.91400003e+00
    1.59599996e+00 1.59599996e+00 1.59599996e+00 1.59599996e+00
    1.59599996e+00 1.59599996e+00 1.59599996e+00 1.59599996e+00
    1.60899997e+00 1.64600003e+00 1.67200005e+00 1.67200005e+00
    1.69299996e+00 1.77100003e+00 1.84000003e+00 1.88100004e+00
    1.91400003e+00 1.91400003e+00 1.91400003e+00 1.91400003e+00
    1.91400003e+00 1.91400003e+00 1.91700006e+00 1.95299995e+00
    1.98699999e+00 1.98699999e+00 1.98699999e+00 1.99399996e+00 2. 2. 2.
    2. 2. 2. 2. 1.96300006e+00 1.92100000e+00 1.91400003e+00
    1.91400003e+00 1.90900004e+00 1.59599996e+00 1.59599996e+00
    1.59599996e+00 1.59599996e+00 1.59599996e+00 1.59599996e+00
    1.59599996e+00 1.59599996e+00 1.60899997e+00 1.64600003e+00
    1.67200005e+00 1.67200005e+00 1.69299996e+00 1.77100003e+00
    1.84000003e+00 1.88100004e+00 1.91400003e+00 1.91400003e+00
    1.91400003e+00 1.91400003e+00 1.91400003e+00 1.91400003e+00
    1.91499996e+00 1.93099999e+00 1.94500005e+00 1.94500005e+00
    1.94500005e+00 1.97200000e+00 1.99899995e+00 2. 2. 2. 2. 2. 2.
    1.96300006e+00 1.92100000e+00 1.91400003e+00 1.91400003e+00
    1.89300001e+00 1.59599996e+00 1.59599996e+00 1.59599996e+00
    1.59599996e+00 1.59599996e+00 1.59599996e+00 1.59599996e+00
    1.59599996e+00 1.60899997e+00 1.64600003e+00 1.67200005e+00
    1.67200005e+00 1.69299996e+00 1.77100003e+00 1.83899999e+00
    1.87500000e+00 1.90400004e+00 1.90999997e+00 1.91400003e+00
