<?xml version="1.0"?>
<opencv_storage>
<Depth type_id="opencv-matrix">
  <rows>40</rows>
  <cols>40</cols>
  <dt>f</dt>
  <data>
    0. 0. 0. 0. 0. 0. 0. 0. 0. 0. 0. 0. 0. 0. 0. 0. 0. 0. 0. 0. 0. 0. 0.
    0. 0. 0. 0. 0. 0. 0. 0. 0. 0. 0. 0. 0. 0. 0. 0. 0. 0. 0. 0. 0. 0. 0.
    0. 0. 0. 0. 2.70600009e+00 2.02800012e+00 2.02800012e+00
    2.02800012e+00 2.03800011e+00 2.04299998e+00 2.04299998e+00
    2.03699994e+00 2.02800012e+00 0. 0. 0. 0. 2.04099989e+00
    2.04299998e+00 2.04299998e+00 2.04299998e+00 2.04099989e+00
    2.02999997e+00 2.01500010e+00 2.42300010e+00 0. 0. 0. 0. 0. 0. 0. 0.
    0. 0. 0. 0. 0. 0. 0. 0. 2.04299998e+00 2.04299998e+00 2.04299998e+00
    2.03500009e+00 2.03299999e+00 2.03299999e+00 2.03299999e+00
    2.03900003e+00 2.04299998e+00 2.04200006e+00 2.02800012e+00
    2.02800012e+00 2.02800012e+00 2.02800012e+00 2.02500010e+00
    2.01399994e+00 2.02300000e+00 2.03699994e+00 2.03800011e+00
    2.03399992e+00 2.01900005e+00 2.01399994e+00 2.01399994e+00
    2.01600003e+00 2.02300000e+00 0. 0. 0. 0. 0. 0. 0. 0. 0. 0. 0. 0. 0.
    0. 0. 2.04299998e+00 2.04299998e+00 2.04299998e+00 2.04299998e+00
    2.04299998e+00 2.04299998e+00 2.04299998e+00 2.04299998e+00
    2.04299998e+00 2.04200006e+00 2.02800012e+00 2.02800012e+00
    2.03399992e+00 2.02800012e+00 2.02699995e+00 2.02200007e+00
    2.02600002e+00 2.02800012e+00 2.01999998e+00 2.01799989e+00
    2.00999999e+00 2.00600004e+00 2.01399994e+00 2.01399994e+00
    2.01399994e+00 0. 0. 0. 0. 0. 0. 0. 0. 0. 0. 0. 0. 0. 0. 0.
    2.05299997e+00 2.04299998e+00 2.04299998e+00 2.04299998e+00
    2.04299998e+00 2.04299998e+00 2.04299998e+00 2.04299998e+00
    2.04299998e+00 2.04299998e+00 2.03600001e+00 2.02800012e+00
    2.03099990e+00 2.02800012e+00 2.03999996e+00 2.03500009e+00
    2.02099991e+00 2.01699996e+00 2.01399994e+00 2.01399994e+00
    2.00699997e+00 2. 2.01300001e+00 2.01399994e+00 2.01399994e+00 0. 0.
    0. 0. 0. 0. 0. 0. 0. 0. 0. 0. 0. 0. 0. 2.04299998e+00 2.04299998e+00
    2.04299998e+00 2.04299998e+00 2.04299998e+00 2.04299998e+00
    2.04299998e+00 2.04299998e+00 2.04299998e+00 2.04200006e+00
    2.02800012e+00 2.02800012e+00 2.02800012e+00 2.02800012e+00
    2.03999996e+00 2.02800012e+00 2.01900005e+00 2.01399994e+00
    2.01399994e+00 2.01399994e+00 2.01399994e+00 2.01399994e+00
    2.01399994e+00 2.01399994e+00 2.01399994e+00 0. 0. 0. 0. 0. 0. 0. 0.
    0. 0. 0. 0. 0. 0. 0. 2.04600000e+00 2.04299998e+00 2.04299998e+00
    2.04299998e+00 2.04299998e+00 2.04299998e+00 2.04299998e+00
    2.04299998e+00 2.03999996e+00 2.02800012e+00 2.02800012e+00
    2.02800012e+00 2.02800012e+00 2.02800012e+00 2.02699995e+00
    2.01999998e+00 2.00500011e+00 2. 2. 2.00399995e+00 2.01399994e+00
    2.01399994e+00 2.01399994e+00 2.01399994e+00 2.01399994e+00 0. 0. 0.
    0. 0. 0. 0. 0. 0. 0. 0. 0. 0. 0. 0. 2.05599999e+00 2.04299998e+00
    2.04299998e+00 2.04299998e+00 2.04299998e+00 2.04299998e+00
    2.04299998e+00 2.04299998e+00 2.02999997e+00 2.02800012e+00
    2.02800012e+00 2.02800012e+00 2.02300000e+00 2.02200007e+00
    2.01999998e+00 2.01399994e+00 2.00500011e+00 2. 2. 2.00399995e+00
    2.01099992e+00 2.00799990e+00 2.01399994e+00 2.01399994e+00
    2.01399994e+00 0. 0. 0. 0. 0. 0. 0. 0. 0. 0. 0. 0. 0. 0. 0.
    2.05599999e+00 2.04299998e+00 2.04299998e+00 2.04299998e+00
    2.04299998e+00 2.04299998e+00 2.04299998e+00 2.03699994e+00
    2.02900004e+00 2.02800012e+00 2.02800012e+00 2.02800012e+00
    2.01699996e+00 2.01399994e+00 2.01399994e+00 2.01399994e+00
    2.01099992e+00 2.00900006e+00 2. 2.00099993e+00 2.00200009e+00 2.
    2.01300001e+00 2.01399994e+00 2.01799989e+00 0. 0. 0. 0. 0. 0. 0. 0.
    0. 0. 0. 0. 0. 0. 0. 2.06900001e+00 2.05200005e+00 2.04299998e+00
    2.04299998e+00 2.04299998e+00 2.04299998e+00 2.04299998e+00
    2.03299999e+00 2.02800012e+00 2.02800012e+00 2.02800012e+00
    2.02800012e+00 2.02699995e+00 2.01399994e+00 2.01399994e+00
    2.01399994e+00 2.01399994e+00 2.01399994e+00 2. 2. 2. 2.
    2.01300001e+00 2.01399994e+00 2.01999998e+00 0. 0. 0. 0. 0. 0. 0. 0.
    0. 0. 0. 0. 0. 0. 0. 2.06999993e+00 2.05299997e+00 2.04299998e+00
    2.04299998e+00 2.04299998e+00 2.04299998e+00 2.04299998e+00
    2.03399992e+00 2.02800012e+00 2.02800012e+00 2.02800012e+00
    2.02800012e+00 2.02800012e+00 2.01399994e+00 2.01399994e+00
    2.01999998e+00 2.02800012e+00 2.01600003e+00 2. 2. 2. 2.
    2.01300001e+00 2.01399994e+00 2.00799990e+00 2. 0. 0. 0. 0. 0. 0. 0.
    0. 0. 0. 0. 0. 0. 0. 2.05800009e+00 2.05299997e+00 2.04299998e+00
    2.04299998e+00 2.04299998e+00 2.04299998e+00 2.04299998e+00
    2.04299998e+00 2.03399992e+00 2.02800012e+00 2.02800012e+00
    2.02800012e+00 2.02800012e+00 2.01900005e+00 2.01799989e+00
    2.02200007e+00 2.02500010e+00 2.01500010e+00 2. 2. 2. 2.
    2.01300001e+00 2.01399994e+00 2.00999999e+00 2.50900006e+00 0. 0. 0.
    0. 0. 0. 0. 0. 0. 0. 0. 0. 0. 0. 2.05800009e+00 2.05299997e+00
    2.04299998e+00 2.04299998e+00 2.04299998e+00 2.04299998e+00
    2.04299998e+00 2.04299998e+00 2.04299998e+00 2.03500009e+00
    2.02800012e+00 2.02800012e+00 2.02800012e+00 2.02800012e+00
    2.02699995e+00 2.02099991e+00 2.01600003e+00 2.01399994e+00 2. 2. 2.
    2. 2.01300001e+00 2.01399994e+00 2.01399994e+00 0. 0. 0. 0. 0. 0. 0.
    0. 0. 0. 0. 0. 0. 0. 0. 2.05800009e+00 2.05299997e+00 2.04299998e+00
    2.04299998e+00 2.04299998e+00 2.04299998e+00 2.04299998e+00
    2.04299998e+00 2.04299998e+00 2.04200006e+00 2.02800012e+00
    2.02800012e+00 2.02800012e+00 2.02800012e+00 2.02500010e+00
    2.01399994e+00 2.01399994e+00 2.01399994e+00 2.01099992e+00
    2.01099992e+00 2.00500011e+00 2. 2.01300001e+00 2.01399994e+00
    2.01399994e+00 0. 0. 0. 0. 0. 0. 0. 0. 0. 0. 0. 0. 0. 0. 0.
    2.05800009e+00 2.05299997e+00 2.04299998e+00 2.04299998e+00
    2.02900004e+00 2.02800012e+00 2.03500009e+00 2.04299998e+00
    2.04299998e+00 2.04200006e+00 2.02800012e+00 2.02800012e+00
    2.02800012e+00 2.02800012e+00 2.01399994e+00 2.01399994e+00
    2.01399994e+00 2.01399994e+00 2.01399994e+00 2.01399994e+00
    2.00699997e+00 2. 2.01300001e+00 2.01399994e+00 2.00300002e+00
    2.03099990e+00 0. 0. 0. 0. 0. 0. 0. 0. 0. 0. 0. 0. 0. 0.
    2.05599999e+00 2.04299998e+00 2.04299998e+00 2.04299998e+00
    2.03099990e+00 2.02999997e+00 2.02800012e+00 2.02800012e+00
    2.02800012e+00 2.02800012e+00 2.02800012e+00 2.02800012e+00
    2.02800012e+00 2.01399994e+00 2.01399994e+00 2.01399994e+00
    2.01399994e+00 2.01399994e+00 2.01300001e+00 2. 2. 2. 2.01300001e+00
    2.01399994e+00 2.00399995e+00 1.98899996e+00 0. 0. 0. 0. 0. 0. 0. 0.
    0. 0. 0. 0. 0. 0. 2.05200005e+00 2.04699993e+00 2.04299998e+00
    2.04299998e+00 2.04299998e+00 2.04099989e+00 2.03200006e+00
    2.02800012e+00 2.02800012e+00 2.02800012e+00 2.02800012e+00
    2.02800012e+00 2.02800012e+00 2.01399994e+00 2.01399994e+00
    2.01399994e+00 2.01399994e+00 2.01399994e+00 2.01300001e+00 2. 2. 2.
    2.01300001e+00 2.01399994e+00 2.00799990e+00 2. 0. 0. 0. 0. 0. 0. 0.
    0. 0. 0. 0. 0. 0. 0. 2.04500008e+00 2.05299997e+00 2.04299998e+00
    2.04299998e+00 2.04299998e+00 2.04299998e+00 2.03699994e+00
    2.02800012e+00 2.02800012e+00 2.02800012e+00 2.02800012e+00
    2.02300000e+00 2.01900005e+00 2.01399994e+00 2.01399994e+00
    2.01399994e+00 2.01399994e+00 2.01399994e+00 2.00500011e+00 2. 2. 2.
    2.01300001e+00 2.01399994e+00 2.00799990e+00 2. 0. 0. 0. 0. 0. 0. 0.
    0. 0. 0. 0. 0. 0. 0. 2.05599999e+00 2.05299997e+00 2.04299998e+00
    2.04299998e+00 2.04299998e+00 2.04299998e+00 2.04200006e+00
    2.04099989e+00 2.02999997e+00 2.02800012e+00 2.02800012e+00
    2.02099991e+00 2.01399994e+00 2.01399994e+00 2.01399994e+00
    2.01399994e+00 2.01399994e+00 2.00399995e+00 2. 2. 2. 2.
    2.00200009e+00 2.00200009e+00 2.00099993e+00 2. 0. 0. 0. 0. 0. 0. 0.
    0. 0. 0. 0. 0. 0. 0. 2.05800009e+00 2.05800009e+00 2.04999995e+00
    2.04299998e+00 2.04299998e+00 2.04200006e+00 2.04200006e+00
    2.03299999e+00 2.02800012e+00 2.02800012e+00 2.02800012e+00
