<?xml version="1.0"?>
<opencv_storage>
<Depth type_id="opencv-matrix">
  <rows>40</rows>
  <cols>40</cols>
  <dt>f</dt>
  <data>
    0. 0. 0. 0. 0. 0. 0. 0. 0. 0. 0. 0. 0. 0. 0. 0. 0. 0. 0. 0. 0. 0. 0.
    0. 0. 0. 0. 0. 0. 0. 0. 0. 0. 0. 0. 0. 0. 0. 0. 0. 0. 0. 0. 0. 0. 0.
    0. 0. 0. 0. 0. 0. 0. 0. 0. 0. 0. 0. 0. 0. 0. 0. 0. 0. 0. 0. 0. 0. 0.
    0. 0. 0. 0. 0. 0. 0. 0. 0. 0. 0. 0. 0. 0. 0. 0. 0. 0. 0. 0. 0. 0. 0.
    0. 0. 0. 0. 0. 0. 0. 0. 0. 0. 0. 0. 0. 0. 0. 0. 0. 0. 0. 0. 0. 0. 0.
    0. 0. 0. 0. 0. 0. 0. 0. 0. 0. 0. 0. 0. 0. 0. 0. 0. 0. 0. 0. 0. 0. 0.
    0. 0. 0. 0. 0. 0. 0. 0. 0. 0. 0. 0. 0. 0. 0. 0. 0. 0. 0. 0. 0. 0. 0.
    0. 0. 0. 0. 0. 0. 0. 0. 0. 0. 0. 0. 0. 0. 0. 0. 0. 0. 0. 0. 0. 0. 0.
    0. 0. 0. 0. 0. 0. 0. 0. 0. 0. 0. 0. 0. 0. 0. 0. 0. 0. 0. 0. 0. 0. 0.
    0. 0. 0. 0. 0. 0. 0. 0. 0. 0. 0. 0. 0. 0. 0. 0. 0. 0. 0. 0. 0. 0. 0.
    0. 0. 0. 0. 0. 0. 0. 0. 0. 0. 0. 0. 0. 0. 0. 0. 0. 0. 0. 0. 0. 0. 0.
    0. 0. 0. 0. 0. 0. 0. 0. 0. 0. 0. 0. 0. 0. 0. 0. 0. 0. 0. 0. 0. 0. 0.
    0. 0. 0. 0. 0. 0. 0. 0. 0. 0. 0. 0. 0. 0. 0. 0. 0. 0. 0. 0. 0. 0. 0.
    0. 0. 0. 0. 0. 0. 0. 0. 0. 0. 0. 0. 0. 0. 0. 0. 0. 0. 0. 0. 0. 0. 0.
    0. 0. 0. 0. 0. 0. 0. 0. 0. 0. 0. 0. 0. 0. 0. 0. 0. 0. 0. 0. 0. 0. 0.
    0. 0. 0. 0. 0. 0. 0. 0. 0. 0. 0. 0. 0. 0. 0. 0. 0. 0. 0. 0. 0. 0. 0.
    0. 0. 0. 0. 0. 0. 0. 0. 0. 0. 0. 0. 0. 0. 0. 0. 0. 0. 0. 0. 0. 0. 0.
    0. 0. 0. 0. 0. 0. 0. 0. 0. 0. 0. 0. 0. 0. 0. 0. 0. 0. 0. 0. 0. 0. 0.
    0. 0. 0. 0. 0. 0. 0. 0. 0. 0. 0. 0. 0. 0. 0. 0. 0. 0. 0. 0. 0. 0. 0.
    0. 0. 0. 0. 0. 0. 0. 0. 0. 0. 0. 0. 0. 0. 0. 0. 0. 0. 0. 0. 0. 0. 0.
    0. 0. 0. 0. 0. 0. 0. 0. 0. 0. 0. 0. 0. 0. 0. 0. 0. 0. 0. 0. 0. 0. 0.
    0. 0. 0. 2.80399990e+00 2.58599997e+00 2.39800000e+00 2.39800000e+00
    2.39800000e+00 2.39800000e+00 2.39800000e+00 2.39800000e+00
    2.39800000e+00 2.35700011e+00 2.30699992e+00 2.25799990e+00
    2.21000004e+00 2.16300011e+00 2.11599994e+00 2.09400010e+00
    2.09400010e+00 2.07500005e+00 2.03099990e+00 2. 2. 2.00999999e+00
    2.05399990e+00 2.09899998e+00 2.14599991e+00 2.19199991e+00
    2.19199991e+00 2.19199991e+00 2.19199991e+00 2.19199991e+00
    2.19199991e+00 2.19199991e+00 2.19199991e+00 0. 0. 2.96000004e+00 0.
    0. 0. 2.88800001e+00 2.69799995e+00 2.53699994e+00 2.39499998e+00
    2.37400007e+00 2.35400009e+00 2.35400009e+00 2.35400009e+00
    2.36400008e+00 2.37400007e+00 2.33400011e+00 2.28500009e+00
    2.24399996e+00 2.20600009e+00 2.15700006e+00 2.10100007e+00
    2.07399988e+00 2.07399988e+00 2.05900002e+00 2.02399993e+00 2. 2.
    2.00999999e+00 2.05399990e+00 2.09899998e+00 2.14599991e+00
    2.19199991e+00 2.19199991e+00 2.19199991e+00 2.19199991e+00
    2.19199991e+00 2.19199991e+00 2.19199991e+00 2.19199991e+00 0. 0.
    2.61999989e+00 2.62299991e+00 2.63000011e+00 2.60700011e+00
    2.52800012e+00 2.46000004e+00 2.42700005e+00 2.38899994e+00
    2.32100010e+00 2.25600004e+00 2.25600004e+00 2.25600004e+00
    2.28699994e+00 2.31999993e+00 2.28500009e+00 2.23699999e+00
    2.21300006e+00 2.19799995e+00 2.14400005e+00 2.06599998e+00
    2.02900004e+00 2.02900004e+00 2.02300000e+00 2.00999999e+00 2. 2.
    2.00999999e+00 2.05399990e+00 2.09899998e+00 2.14599991e+00
    2.19199991e+00 2.19199991e+00 2.19199991e+00 2.19199991e+00
    2.19199991e+00 2.19199991e+00 2.19199991e+00 2.19199991e+00 0. 0.
    2.36400008e+00 2.34500003e+00 2.30399990e+00 2.27600002e+00
    2.27600002e+00 2.28800011e+00 2.33800006e+00 2.36800003e+00
    2.27800012e+00 2.19199991e+00 2.19199991e+00 2.19199991e+00
    2.22900009e+00 2.26999998e+00 2.24300003e+00 2.20300007e+00
    2.19199991e+00 2.19199991e+00 2.13499999e+00 2.04399991e+00 2. 2. 2.
    2. 2. 2. 2.00999999e+00 2.05399990e+00 2.09800005e+00 2.13700008e+00
    2.17600012e+00 2.17600012e+00 2.17600012e+00 2.17600012e+00
    2.17600012e+00 2.17600012e+00 2.17600012e+00 2.17600012e+00 0. 0.
    2.26600003e+00 2.25799990e+00 2.24000001e+00 2.22799993e+00
    2.22799993e+00 2.24000001e+00 2.28900003e+00 2.32200003e+00
    2.25600004e+00 2.19199991e+00 2.19199991e+00 2.19199991e+00
    2.20799994e+00 2.22499990e+00 2.21399999e+00 2.19700003e+00
    2.19199991e+00 2.19199991e+00 2.13499999e+00 2.04399991e+00 2. 2. 2.
    2. 2. 2. 2.00999999e+00 2.05399990e+00 2.09599996e+00 2.11299992e+00
    2.12899995e+00 2.12899995e+00 2.12899995e+00 2.12899995e+00
    2.12899995e+00 2.12899995e+00 2.12899995e+00 2.12899995e+00 0. 0.
    2.19199991e+00 2.19199991e+00 2.19199991e+00 2.19199991e+00
    2.19199991e+00 2.20199990e+00 2.24499989e+00 2.27500010e+00
    2.23300004e+00 2.19199991e+00 2.19199991e+00 2.19199991e+00
    2.19199991e+00 2.19199991e+00 2.18799996e+00 2.18199992e+00
    2.18099999e+00 2.18099999e+00 2.12700009e+00 2.04099989e+00 2. 2. 2.
    2. 2. 2. 2.00999999e+00 2.05399990e+00 2.09299994e+00 2.08800006e+00
    2.08299994e+00 2.08299994e+00 2.08299994e+00 2.08299994e+00
    2.08299994e+00 2.08299994e+00 2.08299994e+00 2.08299994e+00 0. 0.
    2.19199991e+00 2.19199991e+00 2.19199991e+00 2.19199991e+00
    2.19199991e+00 2.19700003e+00 2.21600008e+00 2.23099995e+00
    2.21099997e+00 2.19199991e+00 2.19199991e+00 2.19199991e+00
    2.19199991e+00 2.19199991e+00 2.16899991e+00 2.14199996e+00
    2.13400006e+00 2.13400006e+00 2.09400010e+00 2.02999997e+00 2. 2. 2.
    2. 2. 2. 2.00999999e+00 2.05399990e+00 2.09100008e+00 2.06500006e+00
    2.03800011e+00 2.03800011e+00 2.03800011e+00 2.03800011e+00
    2.03800011e+00 2.03800011e+00 2.03800011e+00 2.03800011e+00 0. 0.
    2.19199991e+00 2.19099998e+00 2.18799996e+00 2.18499994e+00
    2.18499994e+00 2.18600011e+00 2.18899989e+00 2.19199991e+00
    2.19199991e+00 2.19199991e+00 2.19199991e+00 2.19199991e+00
    2.18899989e+00 2.18600011e+00 2.14700007e+00 2.09999990e+00
    2.08800006e+00 2.08800006e+00 2.06399989e+00 2.02500010e+00
    2.00600004e+00 2.00600004e+00 2.00600004e+00 2.00600004e+00
    2.00600004e+00 2.00600004e+00 2.01500010e+00 2.05299997e+00
    2.08299994e+00 2.03800011e+00 1.99399996e+00 1.99399996e+00
    1.99399996e+00 1.99699998e+00 1.99899995e+00 2. 2. 2. 0. 0.
    2.19199991e+00 2.18099999e+00 2.15499997e+00 2.13899994e+00
    2.13899994e+00 2.14499998e+00 2.17000008e+00 2.19199991e+00
    2.19199991e+00 2.19199991e+00 2.19199991e+00 2.19199991e+00
    2.16799998e+00 2.14299989e+00 2.10100007e+00 2.05500007e+00
    2.04299998e+00 2.04299998e+00 2.04500008e+00 2.04900002e+00
    2.05100012e+00 2.05100012e+00 2.05100012e+00 2.05100012e+00
    2.05100012e+00 2.05100012e+00 2.04999995e+00 2.04600000e+00
    2.03800011e+00 1.99399996e+00 1.95000005e+00 1.95000005e+00
    1.95000005e+00 1.97200000e+00 1.99500000e+00 2. 2. 2. 0. 0.
    2.19199991e+00 2.17100000e+00 2.12400007e+00 2.09400010e+00
    2.09400010e+00 2.10500002e+00 2.15199995e+00 2.19199991e+00
    2.19199991e+00 2.19199991e+00 2.19199991e+00 2.19199991e+00
    2.14800000e+00 2.09999990e+00 2.05599999e+00 2.01200008e+00 2. 2.
    2.02699995e+00 2.07100010e+00 2.09299994e+00 2.09400010e+00
    2.09400010e+00 2.09500003e+00 2.09599996e+00 2.09599996e+00
    2.08599997e+00 2.03999996e+00 1.99500000e+00 1.95099998e+00
    1.90799999e+00 1.90799999e+00 1.90799999e+00 1.94700003e+00
    1.99000001e+00 1.99899995e+00 2. 2. 0. 0. 2.19199991e+00
    2.17100000e+00 2.12400007e+00 2.09400010e+00 2.09400010e+00
    2.10500002e+00 2.15199995e+00 2.19199991e+00 2.19199991e+00
    2.19199991e+00 2.19199991e+00 2.19199991e+00 2.12800002e+00
    2.05900002e+00 2.02900004e+00 2.00600004e+00 2. 2. 2.01399994e+00
    2.03699994e+00 2.05900002e+00 2.08100009e+00 2.10400009e+00
    2.12700009e+00 2.14199996e+00 2.14199996e+00 2.12800002e+00
    2.05999994e+00 1.99500000e+00 1.95099998e+00 1.90799999e+00
    1.90799999e+00 1.90799999e+00 1.92799997e+00 1.95000005e+00
    1.97200000e+00 1.99399996e+00 2. 0. 0. 2.19199991e+00 2.17100000e+00
    2.12400007e+00 2.09400010e+00 2.09400010e+00 2.10500002e+00
    2.15199995e+00 2.19199991e+00 2.19199991e+00 2.19199991e+00
    2.19199991e+00 2.19199991e+00 2.10800004e+00 2.01799989e+00
