<?xml version="1.0"?>
<opencv_storage>
<Depth type_id="opencv-matrix">
  <rows>40</rows>
  <cols>40</cols>
  <dt>f</dt>
  <data>
    0. 0. 0. 0. 0. 0. 0. 0. 0. 0. 0. 0. 0. 0. 0. 0. 0. 0. 0. 0. 0. 0. 0.
    0. 0. 0. 0. 0. 0. 0. 0. 0. 0. 0. 0. 0. 0. 0. 0. 0. 0. 0. 0. 0. 0. 0.
    0. 0. 0. 0. 0. 0. 0. 0. 0. 0. 0. 0. 0. 0. 0. 0. 0. 0. 0. 0. 0. 0. 0.
    0. 0. 0. 0. 0. 0. 0. 0. 0. 0. 0. 0. 0. 0. 0. 0. 0. 0. 0. 0. 0. 0. 0.
    0. 0. 0. 0. 0. 0. 0. 0. 0. 0. 0. 0. 0. 0. 0. 0. 0. 0. 0. 0. 0. 0. 0.
    0. 0. 0. 0. 0. 0. 0. 0. 0. 0. 0. 0. 0. 0. 0. 0. 0. 0. 0. 0. 0. 0. 0.
    0. 0. 0. 0. 0. 0. 0. 0. 0. 0. 0. 0. 0. 0. 0. 0. 0. 0. 0. 0. 0. 0. 0.
    0. 0. 0. 0. 0. 0. 0. 0. 0. 0. 0. 0. 0. 0. 0. 0. 0. 0. 0. 0. 0. 0. 0.
    0. 0. 0. 0. 0. 0. 0. 0. 0. 0. 0. 0. 0. 0. 0. 0. 0. 0. 0. 0. 0. 0. 0.
    0. 0. 0. 0. 0. 0. 0. 0. 0. 0. 0. 0. 0. 0. 0. 0. 0. 0. 0. 0. 0. 0. 0.
    0. 0. 0. 0. 0. 0. 0. 0. 0. 0. 0. 0. 0. 0. 0. 0. 0. 0. 0. 0. 0. 0. 0.
    0. 0. 0. 0. 0. 0. 0. 0. 0. 0. 0. 0. 0. 0. 0. 0. 0. 0. 0. 0. 0. 0. 0.
    0. 0. 0. 0. 0. 0. 0. 0. 0. 0. 0. 0. 0. 0. 0. 0. 0. 0. 0. 0. 0. 0. 0.
    0. 0. 0. 0. 0. 0. 0. 0. 0. 0. 0. 0. 0. 0. 0. 0. 0. 0. 0. 0. 0. 0. 0.
    0. 0. 0. 0. 0. 0. 0. 0. 0. 0. 0. 0. 0. 0. 0. 0. 0. 0. 0. 0. 0. 0. 0.
    0. 0. 0. 0. 0. 0. 0. 0. 0. 0. 0. 0. 0. 0. 0. 0. 0. 0. 0. 0. 0. 0. 0.
    0. 0. 0. 0. 0. 0. 0. 0. 0. 0. 0. 0. 0. 0. 0. 0. 0. 0. 0. 0. 0. 0. 0.
    0. 0. 0. 0. 0. 0. 0. 0. 0. 1.88300002e+00 2.20900011e+00
    2.15499997e+00 2.10200000e+00 2.04999995e+00 2. 2. 2. 2.03099990e+00
    2.08299994e+00 2.12500000e+00 2.12500000e+00 2.12500000e+00
    2.12500000e+00 2.12500000e+00 2.12500000e+00 2.12500000e+00
    2.12500000e+00 2.12500000e+00 2.12500000e+00 2.12500000e+00
    2.12500000e+00 2.12500000e+00 2.12500000e+00 2.12500000e+00
    2.12500000e+00 2.12500000e+00 2.13700008e+00 2.19099998e+00
    2.24499989e+00 2.25600004e+00 2.25600004e+00 2.29900002e+00
    2.41300011e+00 2.52800012e+00 2.65199995e+00 2.77600002e+00
    2.94499993e+00 0. 0. 1.86899996e+00 2.19899988e+00 2.15100002e+00
    2.10500002e+00 2.05900002e+00 2.01500010e+00 2.01500010e+00
    2.01500010e+00 2.04200006e+00 2.08800006e+00 2.12500000e+00
    2.12500000e+00 2.12500000e+00 2.12500000e+00 2.12500000e+00
    2.12500000e+00 2.12500000e+00 2.12500000e+00 2.13100004e+00
    2.13700008e+00 2.13700008e+00 2.13100004e+00 2.12500000e+00
    2.12500000e+00 2.12500000e+00 2.12500000e+00 2.12500000e+00
    2.13700008e+00 2.19099998e+00 2.24499989e+00 2.25600004e+00
    2.25600004e+00 2.29900002e+00 2.41300011e+00 2.52800012e+00
    2.63800001e+00 2.74699998e+00 2.90400004e+00 0. 0. 1.81799996e+00
    2.16400003e+00 2.13899994e+00 2.11400008e+00 2.08999991e+00
    2.06699991e+00 2.06699991e+00 2.06699991e+00 2.08100009e+00
    2.10500002e+00 2.12500000e+00 2.12500000e+00 2.12500000e+00
    2.12500000e+00 2.12500000e+00 2.12500000e+00 2.12500000e+00
    2.12500000e+00 2.15100002e+00 2.18000007e+00 2.18099999e+00
    2.15199995e+00 2.12500000e+00 2.12500000e+00 2.12500000e+00
    2.12500000e+00 2.12500000e+00 2.13700008e+00 2.19099998e+00
    2.24499989e+00 2.25600004e+00 2.25600004e+00 2.29900002e+00
    2.41300011e+00 2.52800012e+00 2.58899999e+00 2.64700007e+00
    2.76099992e+00 2.92400002e+00 0. 1.76600003e+00 2.13000011e+00
    2.12700009e+00 2.12400007e+00 2.12100005e+00 2.11800003e+00
    2.11800003e+00 2.11800003e+00 2.11999989e+00 2.12299991e+00
    2.12500000e+00 2.12500000e+00 2.12500000e+00 2.12500000e+00
    2.12500000e+00 2.12500000e+00 2.12500000e+00 2.12500000e+00
    2.17100000e+00 2.22300005e+00 2.22399998e+00 2.17300010e+00
    2.12500000e+00 2.12500000e+00 2.12500000e+00 2.12500000e+00
    2.12500000e+00 2.13700008e+00 2.19099998e+00 2.24499989e+00
    2.25600004e+00 2.25600004e+00 2.29900002e+00 2.41300011e+00
    2.52800012e+00 2.53999996e+00 2.54600000e+00 2.61800003e+00
    2.74699998e+00 2.87800002e+00 1.75999999e+00 2.12500000e+00
    2.12500000e+00 2.12500000e+00 2.12500000e+00 2.12500000e+00
    2.12500000e+00 2.12500000e+00 2.12500000e+00 2.12500000e+00
    2.12500000e+00 2.12500000e+00 2.12500000e+00 2.12500000e+00
    2.12500000e+00 2.12500000e+00 2.12500000e+00 2.12500000e+00
    2.17400002e+00 2.22799993e+00 2.23000002e+00 2.17600012e+00
    2.12500000e+00 2.12500000e+00 2.12500000e+00 2.13700008e+00
    2.15700006e+00 2.17899990e+00 2.21399999e+00 2.24900007e+00
    2.25600004e+00 2.25600004e+00 2.29900002e+00 2.41300011e+00
    2.52800012e+00 2.53299999e+00 2.53299999e+00 2.58699989e+00
    2.68899989e+00 2.78900003e+00 1.75999999e+00 2.12500000e+00
    2.12500000e+00 2.12500000e+00 2.12500000e+00 2.12500000e+00
    2.12500000e+00 2.12500000e+00 2.12500000e+00 2.12500000e+00
    2.12500000e+00 2.12500000e+00 2.12500000e+00 2.12500000e+00
    2.12500000e+00 2.12500000e+00 2.12500000e+00 2.12500000e+00
    2.17400002e+00 2.22799993e+00 2.23000002e+00 2.17600012e+00
    2.12500000e+00 2.12500000e+00 2.12500000e+00 2.15199995e+00
    2.19300008e+00 2.22900009e+00 2.24099994e+00 2.25300002e+00
    2.25600004e+00 2.25600004e+00 2.29900002e+00 2.41300011e+00
    2.52800012e+00 2.53299999e+00 2.53299999e+00 2.57299995e+00
    2.64899993e+00 2.72000003e+00 1.80400002e+00 2.10999990e+00
    2.11999989e+00 2.12500000e+00 2.12500000e+00 2.12500000e+00
    2.12500000e+00 2.12500000e+00 2.12500000e+00 2.12500000e+00
    2.12500000e+00 2.12500000e+00 2.12500000e+00 2.12500000e+00
    2.12500000e+00 2.12500000e+00 2.12500000e+00 2.12500000e+00
    2.17400002e+00 2.22799993e+00 2.23499990e+00 2.19000006e+00
    2.14899993e+00 2.14899993e+00 2.14899993e+00 2.17700005e+00
    2.22199988e+00 2.25600004e+00 2.25600004e+00 2.25600004e+00
    2.25600004e+00 2.25600004e+00 2.29900002e+00 2.41300011e+00
    2.52800012e+00 2.53299999e+00 2.53299999e+00 2.55900002e+00
    2.60899997e+00 2.65400004e+00 1.90300000e+00 2.07699990e+00
    2.10800004e+00 2.12500000e+00 2.12500000e+00 2.12500000e+00
    2.12500000e+00 2.12500000e+00 2.12500000e+00 2.12500000e+00
    2.12500000e+00 2.12500000e+00 2.12500000e+00 2.12500000e+00
    2.12500000e+00 2.12500000e+00 2.12500000e+00 2.12500000e+00
    2.17400002e+00 2.22799993e+00 2.24499989e+00 2.22399998e+00
    2.20300007e+00 2.20300007e+00 2.20300007e+00 2.21700001e+00
    2.23900008e+00 2.25600004e+00 2.25600004e+00 2.25600004e+00
    2.25600004e+00 2.25600004e+00 2.29900002e+00 2.41300011e+00
    2.52800012e+00 2.53299999e+00 2.53299999e+00 2.54600000e+00
    2.57100010e+00 2.59299994e+00 2. 2.04399991e+00 2.09500003e+00
    2.12400007e+00 2.12400007e+00 2.12400007e+00 2.12400007e+00
    2.12500000e+00 2.12500000e+00 2.12500000e+00 2.12500000e+00
    2.12500000e+00 2.12500000e+00 2.12500000e+00 2.12500000e+00
    2.12500000e+00 2.12400007e+00 2.12400007e+00 2.17300010e+00
    2.22600007e+00 2.25399995e+00 2.25399995e+00 2.25500011e+00
    2.25500011e+00 2.25600004e+00 2.25600004e+00 2.25699997e+00
    2.25699997e+00 2.25699997e+00 2.25699997e+00 2.25699997e+00
    2.25699997e+00 2.29999995e+00 2.41300011e+00 2.52600002e+00
    2.53200006e+00 2.53200006e+00 2.53200006e+00 2.53200006e+00
    2.53200006e+00 2. 2.02600002e+00 2.05599999e+00 2.07200003e+00
    2.07200003e+00 2.07299995e+00 2.09500003e+00 2.11599994e+00
    2.12500000e+00 2.12500000e+00 2.12500000e+00 2.12500000e+00
    2.12500000e+00 2.12500000e+00 2.12500000e+00 2.11800003e+00
    2.09599996e+00 2.07399988e+00 2.10100007e+00 2.13199997e+00
    2.15899992e+00 2.18000007e+00 2.20199990e+00 2.22499990e+00
    2.24799991e+00 2.27099991e+00 2.29500008e+00 2.31299996e+00
    2.31299996e+00 2.31299996e+00 2.31299996e+00 2.31299996e+00
    2.33800006e+00 2.40400004e+00 2.47000003e+00 2.47399998e+00
    2.47399998e+00 2.47399998e+00 2.47399998e+00 2.47399998e+00 2.
    2.00699997e+00 2.01600003e+00 2.02099991e+00 2.02099991e+00
    2.02200007e+00 2.06500006e+00 2.10800004e+00 2.12500000e+00
    2.12500000e+00 2.12500000e+00 2.12500000e+00 2.12500000e+00
    2.12500000e+00 2.12500000e+00 2.11100006e+00 2.06800008e+00
    2.02500010e+00 2.02900004e+00 2.03800011e+00 2.06299996e+00
