<?xml version="1.0"?>
<opencv_storage>
<Depth type_id="opencv-matrix">
  <rows>40</rows>
  <cols>40</cols>
  <dt>f</dt>
  <data>
    0. 0. 0. 0. 0. 0. 0. 0. 0. 0. 0. 0. 0. 0. 0. 0. 0. 0. 0. 0. 0. 0. 0.
    0. 0. 0. 0. 0. 0. 0. 0. 0. 0. 0. 0. 0. 0. 0. 0. 0. 0. 0. 0. 0. 0. 0.
    0. 0. 0. 0. 0. 0. 2.29800010e+00 1.84099996e+00 1.80499995e+00
    1.79700005e+00 1.79700005e+00 2.91100001e+00 0. 0. 0. 0. 0. 0. 0. 0.
    0. 0. 0. 0. 0. 0. 0. 0. 0. 0. 0. 0. 0. 0. 0. 0. 0. 0. 0. 0. 0. 0. 0.
    0. 0. 2.91100001e+00 2.16400003e+00 1.84800005e+00 1.82400000e+00
    1.81799996e+00 1.81799996e+00 2.94499993e+00 0. 0. 0. 0. 0. 0. 0. 0.
    0. 0. 0. 0. 0. 0. 0. 0. 0. 0. 0. 0. 0. 0. 0. 0. 0. 0. 0. 0. 0. 0.
    2.98399997e+00 2.29299998e+00 2.22600007e+00 2.11199999e+00
    1.93400002e+00 1.86000001e+00 1.85500002e+00 1.85399997e+00
    1.85399997e+00 0. 0. 0. 0. 0. 0. 0. 0. 0. 0. 0. 0. 0. 0. 0. 0. 0. 0.
    0. 0. 0. 0. 0. 0. 0. 0. 0. 0. 0. 0. 0. 2.49600005e+00 2.02699995e+00
    1.96599996e+00 1.92200005e+00 1.89999998e+00 1.88199997e+00
    1.86699998e+00 1.86300004e+00 1.86300004e+00 2.55599999e+00 0. 0. 0.
    0. 0. 0. 0. 0. 0. 0. 0. 0. 0. 0. 0. 0. 0. 0. 0. 0. 0. 0. 0. 0. 0. 0.
    0. 2.16400003e+00 2.08400011e+00 2.07999992e+00 2.03600001e+00
    1.99300003e+00 1.95299995e+00 1.92999995e+00 1.92900002e+00
    1.90699995e+00 1.87100005e+00 1.86300004e+00 1.86300004e+00
    1.94500005e+00 2.02399993e+00 2.01999998e+00 2.31100011e+00 0. 0. 0.
    0. 0. 0. 0. 0. 0. 0. 0. 0. 0. 0. 0. 0. 0. 0. 0. 0. 0. 0. 0.
    2.50900006e+00 1.97300005e+00 1.96599996e+00 2. 2. 1.99000001e+00
    1.95299995e+00 1.93099999e+00 1.93099999e+00 1.90900004e+00
    1.87199998e+00 1.86300004e+00 1.86300004e+00 1.88000000e+00
    1.89699996e+00 1.89699996e+00 2.04800010e+00 2.60299993e+00
    2.92100000e+00 2.94000006e+00 0. 0. 0. 0. 0. 0. 0. 0. 0. 0. 0. 0. 0.
    0. 0. 0. 0. 0. 0. 2.14700007e+00 1.86300004e+00 1.86300004e+00
    1.93200004e+00 2. 2. 1.99000001e+00 1.95299995e+00 1.93099999e+00
    1.93099999e+00 1.90900004e+00 1.87199998e+00 1.86300004e+00
    1.86300004e+00 1.86300004e+00 1.86300004e+00 1.86300004e+00
    1.86300004e+00 1.86300004e+00 1.87899995e+00 1.91700006e+00
    2.61400008e+00 0. 0. 0. 0. 0. 0. 0. 0. 0. 0. 0. 0. 0. 0. 0. 0. 0. 0.
    2.13700008e+00 1.86300004e+00 1.86300004e+00 1.93200004e+00 2. 2.
    1.99000001e+00 1.95299995e+00 1.93099999e+00 1.93099999e+00
    1.90900004e+00 1.87199998e+00 1.86300004e+00 1.86300004e+00
    1.86300004e+00 1.86300004e+00 1.86300004e+00 1.86300004e+00
    1.86300004e+00 1.87899995e+00 1.91700006e+00 2.61400008e+00 0. 0. 0.
    0. 0. 0. 0. 0. 0. 0. 0. 0. 0. 0. 0. 0. 0. 0. 2.13800001e+00
    1.87300003e+00 1.87300003e+00 1.93700004e+00 2. 2. 1.99199998e+00
    1.95899999e+00 1.93900001e+00 1.93299997e+00 1.91199994e+00
    1.88000000e+00 1.87300003e+00 1.87300003e+00 1.87300003e+00
    1.87300003e+00 1.87300003e+00 1.87300003e+00 1.87300003e+00
    1.88699996e+00 1.91900003e+00 2.51699996e+00 0. 0. 0. 0. 0. 0. 0. 0.
    0. 0. 0. 0. 0. 0. 0. 0. 0. 0. 2.17000008e+00 1.90999997e+00
    1.90999997e+00 1.95500004e+00 2. 2. 1.99699998e+00 1.98500001e+00
    1.96700001e+00 1.94099998e+00 1.92400002e+00 1.91199994e+00
    1.90999997e+00 1.90999997e+00 1.90999997e+00 1.90999997e+00
    1.90999997e+00 1.90999997e+00 1.90999997e+00 1.91499996e+00
    1.92600000e+00 2.14400005e+00 2.49300003e+00 0. 0. 0. 0. 0. 0. 0. 0.
    0. 0. 0. 0. 0. 0. 0. 0. 2.92700005e+00 2.12800002e+00 1.93099999e+00
    1.93099999e+00 1.96599996e+00 2. 2. 2. 2. 1.98800004e+00
    1.95899999e+00 1.94200003e+00 1.93299997e+00 1.93099999e+00
    1.93099999e+00 1.93099999e+00 1.93099999e+00 1.93099999e+00
    1.93099999e+00 1.93099999e+00 1.93099999e+00 1.93099999e+00
    1.92600000e+00 1.91700006e+00 2.58299994e+00 0. 0. 0. 0. 0. 0. 0. 0.
    0. 0. 0. 0. 0. 0. 2.35100007e+00 2.21700001e+00 1.98800004e+00
    1.93099999e+00 1.93099999e+00 1.96599996e+00 2. 2. 2. 2.
    1.99600005e+00 1.98800004e+00 1.96700001e+00 1.93799996e+00
    1.93099999e+00 1.93099999e+00 1.93099999e+00 1.93099999e+00
    1.93099999e+00 1.93099999e+00 1.93099999e+00 1.93099999e+00
    1.93099999e+00 1.91299999e+00 1.88399994e+00 2.06900001e+00
    2.31500006e+00 2.32699990e+00 2.33200002e+00 2.37500000e+00
    2.40499997e+00 2.40499997e+00 2.76200008e+00 0. 0. 0. 0. 0. 0. 0.
    1.93099999e+00 1.93099999e+00 1.93099999e+00 1.93099999e+00
    1.93099999e+00 1.96599996e+00 2. 2. 2. 2. 2. 2. 1.97700000e+00
    1.94000006e+00 1.93099999e+00 1.93099999e+00 1.94299996e+00
    1.95200002e+00 1.94000006e+00 1.93099999e+00 1.93099999e+00
    1.93099999e+00 1.93099999e+00 1.90799999e+00 1.87100005e+00
    1.86300004e+00 1.86300004e+00 1.86300004e+00 1.87000000e+00
    1.93299997e+00 1.97700000e+00 1.97700000e+00 2.28600001e+00
    2.96399999e+00 0. 0. 0. 0. 0. 0. 1.93099999e+00 1.93099999e+00
    1.93099999e+00 1.93099999e+00 1.93099999e+00 1.96599996e+00 2. 2. 2.
    2. 2. 2. 1.97700000e+00 1.94000006e+00 1.93099999e+00 1.93099999e+00
    1.96200001e+00 1.98800004e+00 1.95500004e+00 1.93099999e+00
    1.93099999e+00 1.93099999e+00 1.93099999e+00 1.90799999e+00
    1.87100005e+00 1.86300004e+00 1.86300004e+00 1.86300004e+00
    1.86800003e+00 1.90999997e+00 1.94000006e+00 1.94000006e+00
    1.99800003e+00 2.12599993e+00 2.78399992e+00 0. 0. 0. 0. 0.
    1.96000004e+00 1.96000004e+00 1.96000004e+00 1.96000004e+00
    1.96000004e+00 1.98000002e+00 2. 2. 2. 2. 2. 2. 1.98699999e+00
    1.96500003e+00 1.96000004e+00 1.96000004e+00 1.98000002e+00
    1.99800003e+00 1.97599995e+00 1.95599997e+00 1.94000006e+00
    1.93099999e+00 1.93099999e+00 1.90799999e+00 1.87100005e+00
    1.86300004e+00 1.86300004e+00 1.86300004e+00 1.86600006e+00
    1.88699996e+00 1.90699995e+00 1.92299998e+00 1.92400002e+00
    1.90799999e+00 2.30800009e+00 2.95799994e+00 0. 0. 0. 0.
    1.99800003e+00 1.99800003e+00 1.99800003e+00 1.99800003e+00
    1.99800003e+00 1.99899995e+00 2. 2. 2. 2. 2. 2. 1.99899995e+00
    1.99800003e+00 1.99800003e+00 1.99800003e+00 1.99899995e+00 2.
    1.99899995e+00 1.98800004e+00 1.95099998e+00 1.93099999e+00
    1.93099999e+00 1.90799999e+00 1.87100005e+00 1.86300004e+00
    1.86300004e+00 1.86300004e+00 1.86300004e+00 1.86399996e+00
    1.87600005e+00 1.91199994e+00 1.91499996e+00 1.87899995e+00
    1.88999999e+00 1.92900002e+00 1.93700004e+00 0. 0. 0. 2. 2. 2. 2. 2.
    2. 2. 2. 2. 2. 2. 2. 2. 2. 2. 2. 2. 2. 2. 1.99500000e+00
    1.97700000e+00 1.95799994e+00 1.93799996e+00 1.90799999e+00
    1.87100005e+00 1.86300004e+00 1.86300004e+00 1.86300004e+00
    1.86300004e+00 1.86300004e+00 1.86800003e+00 1.88600004e+00
    1.88800001e+00 1.87000000e+00 1.85099995e+00 1.83299994e+00
    1.82900000e+00 0. 0. 0. 2. 2. 2. 2. 2. 2. 2. 2. 2. 2. 2. 2. 2. 2. 2.
    2. 2. 2. 2. 2. 2. 1.98300004e+00 1.94599998e+00 1.90999997e+00
    1.87500000e+00 1.86699998e+00 1.86699998e+00 1.86500001e+00
    1.86300004e+00 1.86300004e+00 1.86300004e+00 1.86300004e+00
    1.86300004e+00 1.86300004e+00 1.84000003e+00 1.80400002e+00
    1.79700005e+00 0. 0. 0. 2. 2. 2. 2. 2. 2. 2. 2. 2. 2. 2. 2. 2. 2. 2.
    2. 2. 2. 2. 2. 2. 1.98300004e+00 1.94599998e+00 1.92200005e+00
    1.90699995e+00 1.90400004e+00 1.90400004e+00 1.88300002e+00
    1.86300004e+00 1.86300004e+00 1.86300004e+00 1.86300004e+00
    1.86300004e+00 1.86300004e+00 1.84000003e+00 1.80400002e+00
    1.79700005e+00 0. 0. 0. 2. 2. 2. 2. 2. 2. 2. 2. 2. 2. 2. 2. 2. 2. 2.
    2. 2. 2. 2. 2. 2. 1.98300004e+00 1.94599998e+00 1.93099999e+00
    1.93099999e+00 1.93099999e+00 1.93099999e+00 1.89600003e+00
    1.86300004e+00 1.86300004e+00 1.86500001e+00 1.87000000e+00
    1.87100005e+00 1.86500001e+00 1.84000003e+00 1.80400002e+00
    1.79700005e+00 0. 0. 0. 2. 2. 2. 2. 2. 2. 2. 2. 2. 2. 2. 2. 2. 2. 2.
    2. 2. 2. 2. 2. 2. 1.98300004e+00 1.94599998e+00 1.93099999e+00
    1.93099999e+00 1.93099999e+00 1.93099999e+00 1.89600003e+00
    1.86300004e+00 1.86300004e+00 1.87000000e+00 1.89600003e+00
    1.89900005e+00 1.87300003e+00 1.84000003e+00 1.80400002e+00
