<?xml version="1.0"?>
<opencv_storage>
<Depth type_id="opencv-matrix">
  <rows>40</rows>
  <cols>40</cols>
  <dt>f</dt>
  <data>
    0. 0. 0. 0. 0. 0. 0. 0. 0. 0. 0. 0. 0. 0. 0. 0. 0. 0. 0. 0. 0. 0. 0.
    0. 0. 0. 0. 0. 0. 0. 0. 0. 0. 0. 0. 0. 0. 0. 0. 0. 0. 0. 0. 0. 0. 0.
    0. 0. 0. 0. 0. 0. 0. 0. 0. 0. 0. 0. 0. 0. 0. 0. 0. 0. 0. 0. 0. 0. 0.
    0. 0. 0. 0. 0. 0. 0. 0. 0. 0. 0. 0. 0. 0. 0. 0. 0. 0. 0. 0. 0. 0. 0.
    0. 0. 0. 0. 0. 0. 0. 0. 0. 0. 0. 0. 0. 0. 0. 0. 0. 0. 0. 0. 0. 0. 0.
    0. 0. 0. 0. 0. 0. 0. 0. 0. 0. 0. 0. 0. 0. 0. 0. 0. 0. 0. 0. 0. 0. 0.
    0. 0. 0. 0. 0. 0. 0. 0. 0. 0. 0. 0. 0. 0. 0. 0. 0. 0. 0. 0. 0. 0. 0.
    0. 0. 0. 0. 0. 0. 0. 0. 0. 0. 0. 0. 0. 0. 0. 0. 0. 0. 0. 0. 0. 0. 0.
    0. 0. 0. 0. 0. 0. 0. 0. 0. 0. 0. 0. 0. 0. 0. 0. 0. 0. 0. 0. 0. 0. 0.
    0. 0. 0. 0. 0. 0. 0. 0. 0. 0. 0. 0. 0. 0. 0. 0. 0. 0. 0. 0. 0. 0. 0.
    0. 0. 0. 0. 0. 0. 0. 0. 0. 0. 0. 0. 0. 0. 0. 0. 0. 0. 0. 0. 0. 0. 0.
    0. 0. 0. 0. 0. 0. 0. 0. 0. 0. 0. 0. 0. 0. 0. 0. 0. 0. 0. 0. 0. 0. 0.
    0. 0. 0. 0. 0. 0. 0. 0. 0. 0. 0. 0. 0. 0. 0. 0. 0. 0. 0. 0. 0. 0. 0.
    0. 0. 0. 0. 0. 0. 0. 0. 0. 0. 0. 0. 0. 0. 0. 0. 0. 0. 0. 0. 0. 0. 0.
    0. 0. 0. 0. 0. 0. 0. 0. 0. 0. 0. 0. 0. 0. 0. 0. 0. 0. 0. 0. 0. 0. 0.
    0. 0. 0. 0. 0. 0. 0. 0. 0. 0. 0. 0. 0. 0. 0. 0. 0. 0. 0. 0. 0. 0. 0.
    0. 0. 0. 0. 0. 0. 0. 0. 0. 0. 0. 0. 0. 0. 0. 0. 0. 0. 0. 0. 0. 0. 0.
    0. 0. 0. 0. 0. 0. 0. 0. 0. 0. 0. 0. 0. 0. 0. 0. 0. 0. 0. 0. 0. 0.
    2.64100003e+00 2.24900007e+00 2.16300011e+00 2.11500001e+00
    2.10100007e+00 2.10100007e+00 2.10100007e+00 2.10100007e+00
    2.10100007e+00 2.10100007e+00 2.10100007e+00 2.10100007e+00
    2.09899998e+00 2.00799990e+00 1.91600001e+00 2.34899998e+00
    2.88100004e+00 0. 0. 0. 0. 0. 0. 0. 0. 0. 0. 0. 0. 0. 0. 0. 0. 0. 0.
    0. 0. 2.99699998e+00 2.94499993e+00 2.87500000e+00 2.54800010e+00
    2.22199988e+00 2.15100002e+00 2.11199999e+00 2.10100007e+00
    2.10100007e+00 2.09599996e+00 2.08699989e+00 2.08200002e+00
    2.08200002e+00 2.07999992e+00 2.07200003e+00 2.06200004e+00
    1.98800004e+00 1.91400003e+00 2.26399994e+00 2.69499993e+00
    2.83200002e+00 2.82399988e+00 2.81999993e+00 0. 0. 0. 0. 0. 0. 0. 0.
    0. 0. 0. 0. 0. 0. 2.62400007e+00 2.60999990e+00 2.57800007e+00
    2.54800010e+00 2.52500010e+00 2.49300003e+00 2.32500005e+00
    2.15599990e+00 2.12299991e+00 2.10599995e+00 2.10100007e+00
    2.10100007e+00 2.08500004e+00 2.05500007e+00 2.03500009e+00
    2.03500009e+00 2.02999997e+00 2. 1.97099996e+00 1.93900001e+00
    1.90699995e+00 2.05900002e+00 2.24499989e+00 2.28800011e+00
    2.25999999e+00 2.24600005e+00 0. 0. 0. 0. 0. 0. 0. 0. 0. 0. 0. 0. 0.
    0. 2.29099989e+00 2.27200007e+00 2.22799993e+00 2.19400001e+00
    2.19400001e+00 2.19199991e+00 2.14899993e+00 2.10599995e+00
    2.10100007e+00 2.10100007e+00 2.10100007e+00 2.10100007e+00
    2.07599998e+00 2.02900004e+00 2. 2. 1.99100006e+00 1.94599998e+00
    1.90199995e+00 1.90199995e+00 1.90199995e+00 1.90199995e+00
    1.90199995e+00 1.87300003e+00 1.83000004e+00 1.80799997e+00 0. 0. 0.
    0. 0. 0. 0. 0. 0. 0. 0. 0. 0. 0. 2.19300008e+00 2.18400002e+00
    2.16199994e+00 2.14599991e+00 2.14599991e+00 2.14499998e+00
    2.12400007e+00 2.10299993e+00 2.10100007e+00 2.10100007e+00
    2.10100007e+00 2.10100007e+00 2.07599998e+00 2.02900004e+00 2. 2.
    1.99100006e+00 1.94599998e+00 1.90199995e+00 1.90199995e+00
    1.90199995e+00 1.90199995e+00 1.90199995e+00 1.87300003e+00
    1.83000004e+00 1.80799997e+00 0. 0. 0. 0. 0. 0. 0. 0. 0. 0. 0. 0. 0.
    0. 2.10100007e+00 2.10100007e+00 2.10100007e+00 2.10100007e+00
    2.10100007e+00 2.10100007e+00 2.09999990e+00 2.09800005e+00
    2.09800005e+00 2.09800005e+00 2.09800005e+00 2.09800005e+00
    2.07399988e+00 2.02900004e+00 2. 2. 1.99199998e+00 1.94799995e+00
    1.90499997e+00 1.90400004e+00 1.90199995e+00 1.90199995e+00
    1.90199995e+00 1.87399995e+00 1.83200002e+00 1.81099999e+00 0. 0. 0.
    0. 0. 0. 0. 0. 0. 0. 0. 0. 0. 0. 2.10100007e+00 2.10100007e+00
    2.10100007e+00 2.10100007e+00 2.10100007e+00 2.09999990e+00
    2.07699990e+00 2.05399990e+00 2.05200005e+00 2.05200005e+00
    2.05200005e+00 2.05200005e+00 2.03900003e+00 2.01500010e+00 2. 2.
    1.99600005e+00 1.97300005e+00 1.95000005e+00 1.92799997e+00
    1.90499997e+00 1.90199995e+00 1.90199995e+00 1.88699996e+00
    1.86500001e+00 1.85399997e+00 0. 0. 0. 0. 0. 0. 0. 0. 0. 0. 0. 0. 0.
    0. 2.10100007e+00 2.10100007e+00 2.10100007e+00 2.10100007e+00
    2.10100007e+00 2.09800005e+00 2.05399990e+00 2.00999999e+00
    2.00500011e+00 2.00500011e+00 2.00500011e+00 2.00500011e+00
    2.00399995e+00 2.00200009e+00 2. 2. 2. 1.99699998e+00 1.99399996e+00
    1.95200002e+00 1.90900004e+00 1.90199995e+00 1.90199995e+00
    1.90100002e+00 1.89800000e+00 1.89699996e+00 0. 0. 0. 0. 0. 0. 0. 0.
    0. 0. 0. 0. 0. 0. 2.05999994e+00 2.05999994e+00 2.05999994e+00
    2.05999994e+00 2.05999994e+00 2.05800009e+00 2.02999997e+00
    2.00300002e+00 2. 2. 2. 2. 2. 2. 2. 2. 2. 2. 1.99899995e+00
    1.95400000e+00 1.90900004e+00 1.90199995e+00 1.90199995e+00
    1.90199995e+00 1.90199995e+00 1.90199995e+00 0. 0. 0. 0. 0. 0. 0. 0.
    0. 0. 0. 0. 0. 0. 2.01300001e+00 2.01300001e+00 2.01300001e+00
    2.01300001e+00 2.01300001e+00 2.01300001e+00 2.00699997e+00
    2.00099993e+00 2. 2. 2. 2. 2. 2. 2. 2. 2. 2. 1.99899995e+00
    1.95400000e+00 1.90900004e+00 1.90199995e+00 1.90199995e+00
    1.90199995e+00 1.90199995e+00 1.90199995e+00 0. 0. 0. 0. 0. 0. 0. 0.
    0. 0. 0. 0. 0. 0. 2. 2. 2. 1.99600005e+00 1.98199999e+00
    1.96800005e+00 1.96800005e+00 1.96800005e+00 1.96800005e+00
    1.96800005e+00 1.96800005e+00 1.96800005e+00 1.97599995e+00
    1.99100006e+00 2. 2. 2. 2. 1.99899995e+00 1.95400000e+00
    1.90900004e+00 1.90199995e+00 1.90199995e+00 1.91199994e+00
    1.92700005e+00 1.93400002e+00 0. 0. 0. 0. 0. 0. 0. 0. 0. 0. 0. 0. 0.
    0. 2. 2. 2. 1.99199998e+00 1.95599997e+00 1.92299998e+00
    1.92299998e+00 1.92299998e+00 1.92299998e+00 1.92299998e+00
    1.92299998e+00 1.92299998e+00 1.94200003e+00 1.97700000e+00 2. 2. 2.
    2. 1.99899995e+00 1.95400000e+00 1.90900004e+00 1.90199995e+00
    1.90199995e+00 1.92600000e+00 1.96099997e+00 1.97899997e+00 0. 0. 0.
    0. 0. 0. 0. 0. 0. 0. 0. 0. 0. 0. 0. 0. 0. 0. 1.32000005e+00
    1.90100002e+00 1.89100003e+00 1.88000000e+00 1.87899995e+00
    1.87899995e+00 1.87899995e+00 1.87899995e+00 1.90900004e+00
    1.96500003e+00 2. 2. 2. 2. 1.99899995e+00 1.95400000e+00
    1.90900004e+00 1.90199995e+00 1.90199995e+00 1.94000006e+00
    1.99600005e+00 2.02500010e+00 0. 0. 0. 0. 0. 0. 0. 0. 0. 0. 0. 0. 0.
    0. 0. 0. 0. 0. 0. 1.89999998e+00 1.86899996e+00 1.83899999e+00
    1.83500004e+00 1.83500004e+00 1.83500004e+00 1.83500004e+00
    1.87600005e+00 1.95200002e+00 2. 2. 2. 2. 1.99899995e+00
    1.95400000e+00 1.90900004e+00 1.90199995e+00 1.90199995e+00
    1.95400000e+00 2.03200006e+00 2.07200003e+00 0. 0. 0. 0. 0. 0. 0. 0.
    0. 0. 0. 0. 0. 0. 0. 0. 0. 0. 0. 0. 1.36300004e+00 1.76400006e+00
    1.80799997e+00 1.80799997e+00 1.80799997e+00 1.80799997e+00
    1.85599995e+00 1.94400001e+00 2. 2. 2. 2. 1.99899995e+00
    1.96200001e+00 1.92400002e+00 1.91799998e+00 1.91799998e+00
    1.96899998e+00 2.04500008e+00 2.08400011e+00 0. 0. 0. 0. 0. 0. 0. 0.
    0. 0. 0. 0. 0. 0. 0. 0. 0. 0. 0. 0. 0. 1.62899995e+00 1.80799997e+00
    1.80799997e+00 1.80799997e+00 1.80799997e+00 1.85599995e+00
    1.94400001e+00 2. 2. 2. 2. 2. 1.98300004e+00 1.96599996e+00
    1.96399999e+00 1.96399999e+00 1.98599994e+00 2.01999998e+00
    2.03800011e+00 0. 0. 0. 0. 0. 0. 0. 0. 0. 0. 0. 0. 0. 0. 0. 0. 0. 0.
    0. 0. 0. 1.04999995e+00 1.31200004e+00 1.31200004e+00 1.31200004e+00
    1.31200004e+00 1.35500002e+00 1.43599999e+00 1.48699999e+00
    1.48699999e+00 1.48699999e+00 1.48699999e+00 1.48699999e+00
    1.48699999e+00 1.48699999e+00 1.71300006e+00 1.98000002e+00
    1.89100003e+00 1.62300003e+00 1.48699999e+00 0. 0. 0. 0. 0. 0. 0. 0.
    0. 0. 0. 0. 0. 0. 0. 0. 0. 0. 0. 0. 0. 0. 0. 0. 0. 0. 0. 0. 0. 0. 0.
