<?xml version="1.0"?>
<opencv_storage>
<Depth type_id="opencv-matrix">
  <rows>40</rows>
  <cols>40</cols>
  <dt>f</dt>
  <data>
    0. 0. 0. 0. 0. 0. 0. 0. 0. 0. 0. 0. 0. 0. 0. 0. 0. 0. 0. 0. 0. 0. 0.
    0. 0. 0. 0. 0. 0. 0. 0. 0. 0. 0. 0. 0. 0. 0. 0. 0. 0. 0. 0. 0. 0. 0.
    0. 0. 0. 0. 0. 0. 0. 0. 0. 0. 0. 0. 0. 0. 0. 0. 0. 0. 0. 0. 0. 0. 0.
    0. 0. 0. 0. 0. 0. 0. 0. 0. 0. 0. 0. 0. 0. 0. 0. 0. 0. 0. 0. 0. 0. 0.
    0. 0. 0. 0. 0. 0. 0. 0. 0. 0. 0. 0. 0. 0. 0. 0. 0. 0. 0. 0. 0. 0. 0.
    0. 0. 0. 0. 0. 0. 0. 0. 0. 0. 0. 0. 0. 0. 0. 0. 0. 0. 0. 0. 0. 0. 0.
    0. 0. 0. 0. 0. 0. 0. 0. 0. 0. 0. 0. 0. 0. 0. 0. 0. 0. 0. 0. 0. 0. 0.
    0. 0. 0. 0. 0. 0. 0. 0. 0. 0. 0. 0. 0. 0. 0. 0. 0. 0. 0. 0. 0. 0. 0.
    0. 0. 0. 0. 0. 0. 0. 0. 0. 0. 0. 0. 0. 0. 0. 0. 0. 0. 0. 0. 0. 0. 0.
    0. 0. 0. 0. 0. 0. 0. 0. 0. 0. 0. 0. 0. 0. 0. 0. 0. 0. 0. 0. 0. 0. 0.
    0. 0. 0. 0. 0. 0. 0. 0. 0. 0. 0. 0. 0. 0. 0. 0. 0. 0. 0. 0. 0. 0. 0.
    0. 0. 0. 0. 0. 0. 0. 0. 0. 0. 0. 0. 0. 0. 0. 0. 0. 0. 0. 0. 0. 0. 0.
    0. 0. 0. 0. 0. 0. 0. 0. 0. 0. 0. 0. 0. 0. 0. 0. 0. 0. 0. 0. 0. 0. 0.
    0. 0. 0. 0. 0. 0. 0. 0. 0. 0. 0. 0. 0. 0. 0. 0. 0. 0. 0. 0. 0. 0. 0.
    0. 0. 0. 0. 0. 0. 0. 0. 0. 0. 0. 0. 0. 0. 0. 0. 0. 0. 0. 0. 0. 0. 0.
    0. 0. 0. 2.06399989e+00 2.04500008e+00 1.74500000e+00 0. 0. 0.
    2.09100008e+00 2.09100008e+00 2.09100008e+00 2.04699993e+00
    2.04500008e+00 2.04500008e+00 0. 0. 0. 0. 0. 0. 0. 0. 0. 0. 0. 0. 0.
    0. 0. 0. 0. 0. 0. 0. 0. 0. 0. 0. 0. 0. 0. 1.98899996e+00
    2.06399989e+00 2.04500008e+00 2.03699994e+00 1.97700000e+00
    2.01799989e+00 2.02099991e+00 2.09100008e+00 2.09100008e+00
    2.09100008e+00 2.08999991e+00 2.11100006e+00 2.15499997e+00 0. 0. 0.
    0. 0. 0. 0. 0. 0. 0. 0. 0. 0. 0. 0. 0. 0. 0. 0. 0. 0. 0. 0.
    1.82500005e+00 1.82500005e+00 1.82500005e+00 1.87300003e+00
    2.06399989e+00 2.04600000e+00 2.04500008e+00 2.04500008e+00
    2.04800010e+00 2.07200003e+00 2.09200001e+00 2.09100008e+00
    2.09100008e+00 2.09100008e+00 2.11199999e+00 2.13599992e+00
    2.14000010e+00 0. 0. 0. 0. 0. 0. 0. 1.66700006e+00 0. 0. 0. 0. 0. 0.
    0. 1.74300003e+00 1.74300003e+00 1.74300003e+00 0. 0. 1.84599996e+00
    1.83899999e+00 1.86899996e+00 1.97899997e+00 1.97899997e+00
    1.97899997e+00 1.99199998e+00 2.04600000e+00 2.04500008e+00
    2.04500008e+00 2.04500008e+00 2.04699993e+00 2.06900001e+00
    2.09100008e+00 2.09100008e+00 2.09100008e+00 2.09100008e+00
    2.11400008e+00 2.13700008e+00 2.13899994e+00 0. 0. 0. 0.
    1.57299995e+00 1.58399999e+00 1.77400005e+00 1.87399995e+00
    1.71300006e+00 0. 0. 0. 0. 0. 0. 1.95700002e+00 1.95700002e+00
    1.95700002e+00 1.87500000e+00 1.85000002e+00 2.04699993e+00
    2.04699993e+00 2.04299998e+00 2.03299999e+00 2.01900005e+00
    2.01900005e+00 2.02399993e+00 2.04500008e+00 2.04500008e+00
    2.04500008e+00 2.04500008e+00 2.04699993e+00 2.06900001e+00
    2.09200001e+00 2.11199999e+00 2.09100008e+00 2.09100008e+00
    2.11400008e+00 2.13700008e+00 2.13899994e+00 1.48099995e+00
    1.48099995e+00 1.49399996e+00 1.74000001e+00 1.83500004e+00
    1.84800005e+00 1.86699998e+00 1.87399995e+00 1.87399995e+00
    1.69500005e+00 0. 0. 0. 0. 1.77900004e+00 1.95700002e+00
    1.95700002e+00 1.95700002e+00 1.96700001e+00 1.99899995e+00
    2.03200006e+00 2.04500008e+00 2.04500008e+00 2.03900003e+00
    2.02300000e+00 2.02300000e+00 2.03099990e+00 2.06500006e+00
    2.06200004e+00 2.04500008e+00 2.04500008e+00 2.04699993e+00
    2.06900001e+00 2.09200001e+00 2.11500001e+00 2.11199999e+00
    2.11199999e+00 2.13499999e+00 2.13899994e+00 2.13899994e+00
    1.79700005e+00 1.79700005e+00 1.81099999e+00 1.83000004e+00
    1.83500004e+00 1.84800005e+00 1.86699998e+00 1.87399995e+00
    1.88499999e+00 1.89400005e+00 1.67799997e+00 1.50699997e+00
    1.51600003e+00 1.72800004e+00 1.93900001e+00 1.94700003e+00
    1.95700002e+00 1.95700002e+00 1.96500003e+00 1.99500000e+00
    2.02399993e+00 2.02600002e+00 2.03200006e+00 2.04399991e+00
    2.04200006e+00 2.04200006e+00 2.04699993e+00 2.06800008e+00
    2.06399989e+00 2.04500008e+00 2.04500008e+00 2.04699993e+00
    2.06900001e+00 2.09100008e+00 2.09500003e+00 2.11500001e+00
    2.11500001e+00 2.13800001e+00 2.13899994e+00 2.13899994e+00
    1.81299996e+00 1.81299996e+00 1.82700002e+00 1.83399999e+00
    1.83500004e+00 1.84800005e+00 1.86699998e+00 1.88499999e+00
    1.90400004e+00 1.91199994e+00 1.90199995e+00 1.89499998e+00
    1.90499997e+00 1.92499995e+00 1.93599999e+00 1.94500005e+00
    1.95700002e+00 1.95700002e+00 1.95799994e+00 1.97000003e+00
    1.99899995e+00 2.02300000e+00 2.02900004e+00 2.04500008e+00
    2.04500008e+00 2.04500008e+00 2.04600000e+00 2.04900002e+00
    2.04800010e+00 2.04699993e+00 2.06399989e+00 2.06399989e+00
    2.06900001e+00 2.09100008e+00 2.09100008e+00 2.09500003e+00
    2.09500003e+00 2.11800003e+00 2.11899996e+00 2.11899996e+00
    1.81599998e+00 1.81599998e+00 1.84099996e+00 1.86199999e+00
    1.86699998e+00 1.88000000e+00 1.88999999e+00 1.90400004e+00
    1.92400002e+00 1.93200004e+00 1.91999996e+00 1.91100001e+00
    1.92200005e+00 1.93400002e+00 1.94400001e+00 1.95500004e+00
    1.95700002e+00 1.95700002e+00 1.95700002e+00 1.96500003e+00
    1.98699999e+00 2.00399995e+00 2.01099992e+00 2.02699995e+00
    2.02699995e+00 2.03099990e+00 2.04500008e+00 2.04500008e+00
    2.04500008e+00 2.04600000e+00 2.04900002e+00 2.05100012e+00
    2.06800008e+00 2.07299995e+00 2.09100008e+00 2.09100008e+00
    2.09100008e+00 2.09500003e+00 2.09599996e+00 2.11299992e+00
    1.81900001e+00 1.81599998e+00 1.84399998e+00 1.86800003e+00
    1.88499999e+00 1.89400005e+00 1.90499997e+00 1.91299999e+00
    1.92799997e+00 1.93599999e+00 1.93299997e+00 1.93099999e+00
    1.93400002e+00 1.94400001e+00 1.95500004e+00 1.95700002e+00
    1.95700002e+00 1.95700002e+00 1.95700002e+00 1.96500003e+00
    1.98599994e+00 2. 2.00699997e+00 2.01799989e+00 2.00500011e+00
    2.00999999e+00 2.03099990e+00 2.04500008e+00 2.04500008e+00
    2.04500008e+00 2.04500008e+00 2.04699993e+00 2.06800008e+00
    2.06800008e+00 2.07299995e+00 2.07299995e+00 2.07299995e+00
    2.08999991e+00 2.09100008e+00 2.09599996e+00 1.84300005e+00
    1.84500003e+00 1.85200000e+00 1.86800003e+00 1.88900006e+00
    1.89499998e+00 1.89800000e+00 1.89999998e+00 1.91199994e+00
    1.91999996e+00 1.92900002e+00 1.93599999e+00 1.94400001e+00
    1.95400000e+00 1.95700002e+00 1.95700002e+00 1.95700002e+00
    1.96399999e+00 1.97399998e+00 1.97599995e+00 1.98599994e+00 2.
    2.00200009e+00 2.00399995e+00 2. 2.00500011e+00 2.02699995e+00
    2.04500008e+00 2.04500008e+00 2.04699993e+00 2.06299996e+00
    2.06299996e+00 2.06800008e+00 2.06800008e+00 2.06800008e+00
    2.06800008e+00 2.06800008e+00 2.08999991e+00 2.09100008e+00
    2.09100008e+00 1.85000002e+00 1.85399997e+00 1.85399997e+00
    1.85800004e+00 1.87300003e+00 1.88999999e+00 1.89499998e+00
    1.89499998e+00 1.89800000e+00 1.89999998e+00 1.90300000e+00
    1.92200005e+00 1.94700003e+00 1.95700002e+00 1.95700002e+00
    1.95700002e+00 1.95700002e+00 1.96599996e+00 1.97899997e+00
    1.97899997e+00 1.98599994e+00 2. 2. 2. 2. 2.00500011e+00
    2.02699995e+00 2.04500008e+00 2.04500008e+00 2.04600000e+00
    2.05299997e+00 2.06800008e+00 2.06800008e+00 2.06800008e+00
    2.06800008e+00 2.06800008e+00 2.06800008e+00 2.08999991e+00
    2.09100008e+00 2.10700011e+00 1.83899999e+00 1.85099995e+00
    1.85399997e+00 1.85399997e+00 1.86800003e+00 1.87800002e+00
    1.88999999e+00 1.89499998e+00 1.89499998e+00 1.89499998e+00
    1.89499998e+00 1.90900004e+00 1.93200004e+00 1.94200003e+00
    1.94900000e+00 1.95700002e+00 1.95700002e+00 1.96599996e+00
    1.97899997e+00 1.97899997e+00 1.98599994e+00 2. 2. 2. 2.
    2.00500011e+00 2.02399993e+00 2.03200006e+00 2.04500008e+00
    2.04500008e+00 2.04699993e+00 2.06800008e+00 2.06800008e+00
    2.06800008e+00 2.06800008e+00 2.06800008e+00 2.08400011e+00
    2.10700011e+00 2.10800004e+00 2.11400008e+00 1.83500004e+00
    1.84899998e+00 1.85399997e+00 1.85399997e+00 1.86800003e+00
