<?xml version="1.0"?>
<opencv_storage>
<Depth type_id="opencv-matrix">
  <rows>40</rows>
  <cols>40</cols>
  <dt>f</dt>
  <data>
    0. 0. 0. 0. 0. 0. 0. 0. 0. 0. 0. 0. 0. 0. 0. 0. 0. 0. 0. 0. 0. 0. 0.
    0. 0. 0. 0. 0. 0. 0. 0. 0. 0. 0. 0. 0. 0. 0. 0. 0. 0. 0. 0. 0. 0. 0.
    0. 0. 0. 0. 0. 0. 0. 0. 0. 0. 0. 0. 0. 0. 0. 0. 0. 0. 0. 0. 0. 0. 0.
    0. 0. 0. 0. 0. 0. 0. 0. 0. 0. 0. 0. 0. 0. 0. 0. 0. 0. 0. 0. 0. 0. 0.
    0. 0. 0. 0. 0. 0. 0. 0. 0. 0. 0. 0. 0. 0. 0. 0. 0. 0. 0. 0. 0. 0. 0.
    0. 0. 0. 0. 0. 0. 0. 0. 0. 0. 0. 0. 0. 0. 0. 0. 0. 0. 0. 0. 0. 0. 0.
    0. 0. 0. 0. 0. 0. 0. 0. 0. 0. 0. 0. 0. 0. 0. 0. 0. 0. 0. 0. 0. 0. 0.
    0. 0. 0. 0. 0. 0. 0. 0. 0. 0. 0. 0. 0. 0. 0. 0. 0. 0. 0. 0. 0. 0. 0.
    0. 0. 0. 0. 0. 0. 0. 0. 0. 0. 0. 0. 0. 0. 0. 0. 0. 0. 0. 0. 0. 0. 0.
    0. 0. 0. 0. 0. 0. 0. 0. 0. 0. 0. 0. 0. 0. 0. 0. 0. 0. 0. 0. 0. 0. 0.
    0. 0. 0. 0. 0. 0. 0. 0. 0. 0. 0. 0. 0. 0. 0. 0. 0. 0. 0. 0. 0. 0. 0.
    0. 0. 0. 0. 0. 0. 0. 0. 0. 0. 0. 0. 0. 0. 0. 0. 0. 0. 0. 0. 0. 0. 0.
    0. 0. 0. 0. 0. 0. 0. 0. 0. 0. 0. 0. 0. 0. 0. 0. 0. 0. 0. 0. 0. 0. 0.
    0. 0. 0. 0. 0. 0. 0. 0. 0. 0. 0. 0. 0. 0. 0. 0. 0. 0. 0. 0. 0. 0. 0.
    0. 0. 0. 0. 0. 0. 0. 0. 0. 0. 0. 0. 0. 0. 0. 0. 0. 0. 0. 0. 0. 0. 0.
    0. 0. 0. 0. 0. 0. 0. 0. 0. 0. 0. 0. 0. 0. 0. 0. 0. 0. 0. 0. 0. 0. 0.
    0. 0. 0. 0. 0. 0. 0. 0. 0. 0. 0. 0. 0. 0. 0. 0. 0. 0. 0. 0. 0. 0. 0.
    0. 0. 0. 0. 0. 0. 0. 0. 0. 0. 0. 0. 0. 0. 0. 0. 0. 0. 0. 0. 0. 0. 0.
    0. 0. 0. 0. 0. 0. 0. 0. 0. 0. 0. 0. 0. 0. 0. 0. 0. 0. 0. 0. 0. 0. 0.
    0. 0. 0. 2.09200001e+00 2.09200001e+00 2.13000011e+00 2.14299989e+00
    2.11599994e+00 2.08899999e+00 2.06299996e+00 2.06100011e+00
    2.04200006e+00 2.02999997e+00 2.02200007e+00 1.99699998e+00
    1.97099996e+00 1.97000003e+00 1.98899996e+00 2.01399994e+00
    2.02999997e+00 2.02600002e+00 2.00099993e+00 2. 2. 2. 2.
    1.99100006e+00 1.94200003e+00 1.94099998e+00 1.90400004e+00
    1.88399994e+00 2.21000004e+00 2.85800004e+00 2.74000001e+00
    2.74000001e+00 2.74000001e+00 2.71700001e+00 2.68000007e+00
    2.64299989e+00 2.60700011e+00 2.57200003e+00 2.56599998e+00 0.
    2.09200001e+00 2.09200001e+00 2.11599994e+00 2.14000010e+00
    2.13400006e+00 2.08899999e+00 2.06299996e+00 2.06100011e+00
    2.04200006e+00 2.01999998e+00 2.00500011e+00 1.99699998e+00
    1.97099996e+00 1.97000003e+00 1.98899996e+00 2.01399994e+00
    2.02999997e+00 2.02600002e+00 2.00099993e+00 2. 2. 2. 1.98599994e+00
    1.95299995e+00 1.94099998e+00 1.94099998e+00 1.90400004e+00
    1.88399994e+00 1.97800004e+00 2.16700006e+00 2.13800001e+00
    2.11899996e+00 2.11599994e+00 2.06800008e+00 2.01099992e+00
    1.98899996e+00 1.98000002e+00 1.97200000e+00 1.97000003e+00 0.
    2.09200001e+00 2.09200001e+00 2.11100006e+00 2.13899994e+00
    2.14000010e+00 2.09100008e+00 2.07999992e+00 2.06500006e+00
    2.04200006e+00 2.01699996e+00 2. 1.99899995e+00 1.98800004e+00
    1.98800004e+00 1.99500000e+00 2.01399994e+00 2.02999997e+00
    2.02600002e+00 2.00099993e+00 1.98599994e+00 1.98199999e+00
    1.98199999e+00 1.96399999e+00 1.92400002e+00 1.92400002e+00
    1.92400002e+00 1.90900004e+00 1.90100002e+00 1.90799999e+00
    1.92400002e+00 1.92400002e+00 1.91400003e+00 1.91199994e+00
    1.85599995e+00 1.79799998e+00 1.78900003e+00 1.77600002e+00
    1.77600002e+00 1.77600002e+00 0. 2.09200001e+00 2.09200001e+00
    2.11100006e+00 2.13299990e+00 2.13000011e+00 2.09200001e+00
    2.09200001e+00 2.06800008e+00 2.04200006e+00 2.02200007e+00
    2.01300001e+00 2.01099992e+00 2.00099993e+00 2. 2.00799990e+00
    2.02099991e+00 2.02600002e+00 2.01500010e+00 2.00099993e+00
    1.97599995e+00 1.96200001e+00 1.95200002e+00 1.93099999e+00
    1.89800000e+00 1.88800001e+00 1.88800001e+00 1.88800001e+00
    1.89400005e+00 1.90400004e+00 1.91199994e+00 1.91199994e+00
    1.91199994e+00 1.91199994e+00 1.85099995e+00 1.79100001e+00
    1.78799999e+00 1.77600002e+00 1.77600002e+00 1.77600002e+00 0.
    2.09200001e+00 2.09200001e+00 2.11100006e+00 2.12500000e+00
    2.11599994e+00 2.09200001e+00 2.09200001e+00 2.06800008e+00
    2.04699993e+00 2.03800011e+00 2.03600001e+00 2.02699995e+00
    2.00900006e+00 2.00799990e+00 2.01699996e+00 2.02200007e+00
    2.01600003e+00 2. 2. 1.98199999e+00 1.95400000e+00 1.92700005e+00
    1.90300000e+00 1.88000000e+00 1.85599995e+00 1.85599995e+00
    1.85599995e+00 1.87000000e+00 1.89300001e+00 1.91199994e+00
    1.91199994e+00 1.90600002e+00 1.89999998e+00 1.83899999e+00
    1.77999997e+00 1.77600002e+00 1.77600002e+00 1.77600002e+00
    1.77600002e+00 0. 2.09200001e+00 2.09200001e+00 2.11100006e+00
    2.12500000e+00 2.11599994e+00 2.09200001e+00 2.09200001e+00
    2.06800008e+00 2.06100011e+00 2.06100011e+00 2.05200005e+00
    2.02999997e+00 2.02999997e+00 2.02999997e+00 2.01099992e+00 2.
    1.99899995e+00 1.99699998e+00 1.99699998e+00 1.99899995e+00
    1.96200001e+00 1.92700005e+00 1.90300000e+00 1.88000000e+00
    1.85899997e+00 1.85899997e+00 1.85899997e+00 1.87100005e+00
    1.89300001e+00 1.91199994e+00 1.90900004e+00 1.88600004e+00
    1.86399996e+00 1.82900000e+00 1.79299998e+00 1.77600002e+00
    1.77600002e+00 1.77600002e+00 1.77600002e+00 0. 2.09200001e+00
    2.09200001e+00 2.11100006e+00 2.12500000e+00 2.11599994e+00
    2.09200001e+00 2.09200001e+00 2.06800008e+00 2.06100011e+00
    2.06100011e+00 2.05200005e+00 2.02999997e+00 2.02999997e+00
    2.02999997e+00 2.01099992e+00 2. 1.99199998e+00 1.97200000e+00
    1.97200000e+00 1.99399996e+00 1.96200001e+00 1.92700005e+00
    1.90300000e+00 1.88399994e+00 1.88199997e+00 1.88199997e+00
    1.88199997e+00 1.88300002e+00 1.89300001e+00 1.90799999e+00
    1.88600004e+00 1.86199999e+00 1.85699999e+00 1.82900000e+00
    1.79299998e+00 1.77600002e+00 1.77600002e+00 1.77600002e+00
    1.77600002e+00 0. 2.09200001e+00 2.09200001e+00 2.11100006e+00
    2.12500000e+00 2.11599994e+00 2.09200001e+00 2.09200001e+00
    2.06800008e+00 2.06100011e+00 2.06100011e+00 2.05200005e+00
    2.02999997e+00 2.02999997e+00 2.01200008e+00 2.00300002e+00 2.
    1.99100006e+00 1.97000003e+00 1.97000003e+00 1.99399996e+00
    1.96200001e+00 1.92700005e+00 1.90300000e+00 1.88399994e+00
    1.88399994e+00 1.88399994e+00 1.88399994e+00 1.88399994e+00
    1.89300001e+00 1.90699995e+00 1.88399994e+00 1.86099994e+00
    1.85599995e+00 1.82900000e+00 1.79299998e+00 1.77600002e+00
    1.77600002e+00 1.77600002e+00 1.77600002e+00 0. 2.09200001e+00
    2.09200001e+00 2.11100006e+00 2.12500000e+00 2.11599994e+00
    2.09200001e+00 2.09200001e+00 2.06800008e+00 2.04999995e+00
    2.04200006e+00 2.03900003e+00 2.02999997e+00 2.02999997e+00
    2.00600004e+00 2. 2. 1.99100006e+00 1.97000003e+00 1.97000003e+00
    1.99399996e+00 1.96200001e+00 1.92700005e+00 1.90300000e+00
    1.88399994e+00 1.88399994e+00 1.88399994e+00 1.88399994e+00
    1.88399994e+00 1.89300001e+00 1.90699995e+00 1.88399994e+00
    1.87500000e+00 1.86199999e+00 1.82900000e+00 1.79799998e+00
    1.79200006e+00 1.79200006e+00 1.77800000e+00 1.77600002e+00 0.
    1.28799999e+00 1.28799999e+00 1.29900002e+00 1.66100001e+00
    2.13100004e+00 2.10400009e+00 2.07999992e+00 2.05399990e+00
    2.03699994e+00 2.02999997e+00 2.02999997e+00 2.02999997e+00
    2.02999997e+00 2.01699996e+00 2.01300001e+00 2.00699997e+00
    1.99100006e+00 1.97000003e+00 1.97000003e+00 1.99399996e+00
    1.96200001e+00 1.93299997e+00 1.91600001e+00 1.89600003e+00
    1.89600003e+00 1.88600004e+00 1.88399994e+00 1.88999999e+00
    1.90100002e+00 1.90699995e+00 1.88399994e+00 1.88399994e+00
    1.86500001e+00 1.83500004e+00 1.80999994e+00 1.79999995e+00
    1.78999996e+00 1.77800000e+00 1.77600002e+00 0. 0. 0. 0. 0.
    1.75600004e+00 2.10299993e+00 2.06399989e+00 2.03099990e+00
    2.02200007e+00 2.02500010e+00 2.02999997e+00 2.02999997e+00
    2.02999997e+00 2.02300000e+00 2.02200007e+00 2.01200008e+00
    1.99399996e+00 1.97800004e+00 1.97800004e+00 1.99600005e+00
    1.96700001e+00 1.94500005e+00 1.93200004e+00 1.91199994e+00
    1.91199994e+00 1.88900006e+00 1.88399994e+00 1.89800000e+00
