<?xml version="1.0"?>
<opencv_storage>
<Depth type_id="opencv-matrix">
  <rows>40</rows>
  <cols>40</cols>
  <dt>f</dt>
  <data>
    0. 0. 0. 0. 0. 0. 0. 0. 0. 0. 0. 0. 0. 0. 0. 0. 0. 0. 0.
    2.06900001e+00 2.06900001e+00 2.06900001e+00 2.06900001e+00
    2.05599999e+00 2.01300001e+00 1.98099995e+00 1.98099995e+00
    1.98099995e+00 0. 0. 0. 0. 0. 0. 0. 0. 0. 0. 0. 0. 0. 0. 0. 0. 0. 0.
    0. 0. 0. 0. 0. 0. 0. 0. 0. 0. 0. 0. 1.53199995e+00 2.02500010e+00
    2.02500010e+00 2.02500010e+00 2.02500010e+00 2.01300001e+00
    1.97000003e+00 1.93900001e+00 1.93900001e+00 1.93900001e+00 0. 0. 0.
    0. 0. 0. 0. 0. 0. 0. 0. 0. 0. 0. 0. 0. 0. 0. 0. 0. 0. 0. 0. 0. 0. 0.
    0. 0. 0. 2. 2. 2. 2. 2. 2. 1.98699999e+00 1.94500005e+00
    1.91400003e+00 1.91400003e+00 1.91400003e+00 0. 0. 0. 0. 0. 0. 0. 0.
    0. 0. 0. 0. 0. 0. 0. 0. 0. 0. 0. 0. 0. 0. 0. 0. 0. 0. 0. 0. 0. 2. 2.
    2. 2. 2. 2. 1.98699999e+00 1.94500005e+00 1.91400003e+00
    1.91400003e+00 1.91400003e+00 0. 0. 0. 0. 0. 0. 0. 0. 0. 0. 0. 0. 0.
    0. 0. 0. 0. 0. 0. 0. 0. 0. 0. 0. 0. 0. 0. 0. 0. 2. 2. 2. 2. 2. 2.
    1.99000001e+00 1.95500004e+00 1.92999995e+00 1.92999995e+00
    1.92999995e+00 0. 0. 0. 0. 0. 0. 0. 0. 0. 0. 0. 0. 0. 0. 0. 0. 0. 0.
    0. 0. 0. 0. 0. 0. 0. 0. 0. 0. 0. 2. 2. 2. 2. 2. 2. 1.99600005e+00
    1.98199999e+00 1.97200000e+00 1.97200000e+00 1.97200000e+00 0. 0. 0.
    0. 0. 0. 0. 0. 0. 0. 0. 0. 0. 0. 0. 0. 0. 0. 0. 0. 0. 0. 0. 0. 0. 0.
    0. 0. 0. 2. 2. 2. 2. 2. 2. 2. 2. 2. 2. 2. 0. 0. 0. 0. 0. 0. 0. 0. 0.
    0. 0. 0. 0. 0. 0. 0. 0. 0. 0. 0. 0. 0. 0. 0. 0. 0. 0. 0.
    1.45899999e+00 2. 2. 2. 2. 2. 2. 2. 2. 2. 2. 2. 0. 0. 0. 0. 0. 0. 0.
    0. 0. 0. 0. 0. 0. 0. 0. 0. 0. 0. 0. 0. 0. 0. 0. 0. 2. 2. 2. 2. 2. 2.
    2. 2. 2. 2. 2. 2. 2. 2. 2. 2. 0. 0. 0. 0. 0. 0. 0. 0. 0. 0. 0. 0. 0.
    0. 0. 0. 0. 0. 0. 0. 0. 0. 0. 0. 2. 2. 2. 2. 2. 2. 2. 2. 2. 2. 2. 2.
    2. 2. 2. 2. 0. 0. 0. 0. 0. 0. 0. 0. 0. 0. 0. 0. 0. 0. 0. 0. 0. 0. 0.
    0. 0. 0. 0. 0. 2. 2. 2. 2. 2. 2. 2. 2. 2. 2. 2. 2. 2. 2.01799989e+00
    2.08500004e+00 2.13599992e+00 0. 0. 0. 0. 0. 0. 0. 0. 0. 0. 0. 0. 0.
    0. 0. 0. 0. 0. 0. 0. 0. 0. 0. 0. 2. 2. 2. 2. 2. 2. 2. 2. 2. 2. 2. 2.
    2. 2.08500004e+00 2.40199995e+00 2.64599991e+00 0. 0. 0. 0. 0. 0. 0.
    0. 0. 0. 0. 0. 0. 0. 0. 0. 0. 0. 0. 0. 0. 0. 0. 0. 2.01999998e+00
    2.01799989e+00 2.01300001e+00 2.00799990e+00 2.00300002e+00 2. 2. 2.
    2. 2. 2. 2. 2. 2.12899995e+00 2.61299992e+00 2.98499990e+00 0. 0. 0.
    0. 0. 0. 0. 0. 0. 0. 0. 0. 0. 0. 0. 0. 0. 0. 0. 0. 0. 0. 0. 0.
    2.10899997e+00 2.09599996e+00 2.06800008e+00 2.04200006e+00
    2.01500010e+00 2. 2. 2. 2. 2. 2. 2. 2. 2.09999990e+00 2.47300005e+00
    2.75900006e+00 0. 0. 0. 0. 0. 0. 0. 0. 0. 0. 0. 0. 0. 0. 0. 0. 0. 0.
    0. 0. 0. 0. 0. 0. 2.18000007e+00 2.15599990e+00 2.10700011e+00
    2.06200004e+00 2.02300000e+00 2. 2. 2. 2. 2. 2. 2. 2. 2.07599998e+00
    2.35999990e+00 2.57800007e+00 0. 0. 0. 0. 0. 0. 0. 0. 0. 0. 0. 0. 0.
    0. 0. 0. 0. 0. 0. 0. 0. 0. 0. 0. 2.18000007e+00 2.14599991e+00
    2.07500005e+00 2.02800012e+00 2.01099992e+00 2. 2. 2. 2. 2. 2. 2. 2.
    2.07599998e+00 2.35999990e+00 2.57800007e+00 0. 0. 0. 0. 0. 0. 0. 0.
    0. 0. 0. 0. 0. 0. 0. 0. 0. 0. 0. 0. 0. 0. 0. 0. 2.16599989e+00
    2.12700009e+00 2.04500008e+00 2. 2. 2. 2. 2. 2. 2. 2. 2. 2.
    2.07900000e+00 2.37599993e+00 2.60400009e+00 0. 0. 0. 0. 0. 0. 0. 0.
    0. 0. 0. 0. 0. 0. 0. 0. 0. 0. 0. 0. 0. 0. 0. 0. 2.07699990e+00
    2.05900002e+00 2.02099991e+00 2. 2. 2. 2. 2. 2. 2. 2. 2. 2.
    2.10100007e+00 2.47900009e+00 2.76999998e+00 0. 0. 0. 0. 0. 0. 0. 0.
    0. 0. 0. 0. 0. 0. 0. 0. 0. 0. 0. 0. 0. 0. 0. 0. 2. 1.99899995e+00
    1.99600005e+00 1.99500000e+00 1.99500000e+00 1.99600005e+00
    1.99800003e+00 2. 2. 2. 2. 2.00099993e+00 2.00300002e+00
    2.12500000e+00 2.57200003e+00 2.91499996e+00 0. 0. 0. 0. 0. 0. 0. 0.
    0. 0. 0. 0. 0. 0. 0. 0. 0. 0. 0. 0. 0. 0. 0. 0. 2. 1.98899996e+00
    1.96500003e+00 1.95299995e+00 1.95299995e+00 1.96200001e+00
    1.98500001e+00 2. 2. 2. 2. 2.00699997e+00 2.03099990e+00
    2.16199994e+00 2.58800006e+00 2.91499996e+00 0. 0. 0. 0. 0. 0. 0. 0.
    0. 0. 0. 0. 0. 0. 0. 0. 0. 0. 0. 0. 0. 0. 0. 0. 2. 1.98000002e+00
    1.93700004e+00 1.91400003e+00 1.91400003e+00 1.93099999e+00
    1.97099996e+00 1.99600005e+00 1.99600005e+00 1.99699998e+00
    1.99899995e+00 2.01600003e+00 2.06999993e+00 2.21600008e+00
    2.61800003e+00 2.92600012e+00 0. 0. 0. 0. 0. 0. 0. 0. 0. 0. 0. 0. 0.
    0. 0. 0. 0. 0. 0. 0. 0. 0. 0. 0. 2. 1.98000002e+00 1.93700004e+00
    1.91400003e+00 1.91400003e+00 1.92200005e+00 1.94200003e+00
    1.95400000e+00 1.95400000e+00 1.96200001e+00 1.98399997e+00
    2.05200005e+00 2.22399998e+00 2.44199991e+00 2.78399992e+00 0. 0. 0.
    0. 0. 0. 0. 0. 0. 0. 0. 0. 0. 0. 0. 0. 0. 0. 0. 0. 0. 0. 0. 0. 0. 2.
    1.98000002e+00 1.93900001e+00 1.91600001e+00 1.91499996e+00
    1.91400003e+00 1.91400003e+00 1.91400003e+00 1.91400003e+00
    1.92799997e+00 1.97099996e+00 2.08800006e+00 2.37800002e+00
    2.66499996e+00 2.94600010e+00 0. 0. 0. 0. 0. 0. 0. 0. 0. 0. 0. 0. 0.
    0. 0. 0. 0. 0. 0. 0. 0. 0. 0. 0. 0. 2. 1.99000001e+00 1.97000003e+00
    1.94900000e+00 1.92700005e+00 1.91400003e+00 1.91400003e+00
    1.91400003e+00 1.91400003e+00 1.92799997e+00 1.97099996e+00
    2.12100005e+00 2.52200007e+00 2.86100006e+00 0. 0. 0. 0. 0. 0. 0. 0.
    0. 0. 0. 0. 0. 0. 0. 0. 0. 0. 0. 0. 0. 0. 0. 0. 0. 0. 2.00099993e+00
    2.00099993e+00 2. 1.98099995e+00 1.93900001e+00 1.91499996e+00
    1.91499996e+00 1.91499996e+00 1.91499996e+00 1.92900002e+00
    1.97099996e+00 2.15499997e+00 2.66400003e+00 0. 0. 0. 0. 0. 0. 0. 0.
    0. 0. 0. 0. 0. 0. 0. 0. 0. 0. 0. 0. 0. 0. 0. 0. 0. 0. 0.
    2.04399991e+00 2.03399992e+00 2.01200008e+00 1.99100006e+00
    1.96899998e+00 1.95700002e+00 1.95700002e+00 1.95700002e+00
    1.95700002e+00 1.96399999e+00 1.98500001e+00 2.16400003e+00
    2.70400000e+00 0. 0. 0. 0. 0. 0. 0. 0. 0. 0. 0. 0. 0. 0. 0. 0. 0. 0.
    0. 0. 0. 0. 0. 0. 0. 0. 0. 2.08699989e+00 2.06699991e+00
    2.02399993e+00 2. 1.99899995e+00 1.99899995e+00 1.99899995e+00
    1.99899995e+00 1.99899995e+00 1.99899995e+00 2. 2.17300010e+00
    2.74300003e+00 0. 0. 0. 0. 0. 0. 0. 0. 0. 0. 0. 0. 0. 0. 0. 0. 0. 0.
    0. 0. 0. 0. 0. 0. 0. 0. 0. 2.08800006e+00 2.06699991e+00
    2.02399993e+00 2. 2. 2. 2. 2. 2. 2.08299994e+00 2.32900000e+00
    2.58899999e+00 2.88499999e+00 0. 0. 0. 0. 0. 0. 0. 0. 0. 0. 0. 0. 0.
    0. 0. 0. 0. 0. 0. 0. 0. 0. 0. 0. 0. 0. 0. 2.08800006e+00
    2.06699991e+00 2.02399993e+00 2. 2. 2. 2. 2. 2. 2.16799998e+00
    2.66400003e+00 0. 0. 0. 0. 0. 0. 0. 0. 0. 0. 0. 0. 0. 0. 0. 0. 0. 0.
    0. 0. 0. 0. 0. 0. 0. 0. 0. 0. 0. 2.08800006e+00 2.06699991e+00
    2.02399993e+00 2. 2. 2. 2. 2. 2. 2.16300011e+00 2.64499998e+00
    2.98000002e+00 2.98000002e+00 2.98000002e+00 2.98000002e+00
    2.98000002e+00 0. 0. 0. 0. 0. 0. 0. 0. 0. 0. 0. 0. 0. 0. 0. 0. 0. 0.
    0. 0. 0. 0. 0. 0. 2.08800006e+00 2.06699991e+00 2.02399993e+00 2. 2.
    2. 2. 2. 2. 2.15300012e+00 2.60500002e+00 2.92000008e+00
    2.92000008e+00 2.92000008e+00 2.92000008e+00 2.92000008e+00 0. 0. 0.
    0. 0. 0. 0. 0. 0. 0. 0. 0. 0. 0. 0. 0. 0. 0. 0. 0. 0. 0. 0. 0.
    2.04900002e+00 2.03699994e+00 2.01300001e+00 2. 2. 2. 2.
    2.04800010e+00 2.17400002e+00 2.36800003e+00 2.69000006e+00
    2.91499996e+00 2.91499996e+00 2.91499996e+00 2.91499996e+00
    2.91499996e+00 0. 0. 0. 0. 0. 0. 0. 0. 0. 0. 0. 0. 0. 0. 0. 0. 0. 0.
    0. 0. 0. 0. 0. 0. 2.00500011e+00 2.00399995e+00 2.00099993e+00 2. 2.
    2. 2. 2.09999990e+00 2.36599994e+00 2.60400009e+00 2.78699994e+00
    2.91499996e+00 2.91499996e+00 2.91499996e+00 2.91499996e+00
    2.91499996e+00 0. 0. 0. 0. 0. 0. 0. 0. 0. 0. 0. 0. 0. 0. 0. 0. 0. 0.
    0. 0. 0. 0. 0. 0. 2. 2. 2. 2. 2. 2.00799990e+00 2.02600002e+00
    2.13700008e+00 2.40300012e+00 2.63400006e+00 2.79999995e+00
    2.91499996e+00 2.91499996e+00 2.91499996e+00 2.91499996e+00
    2.91499996e+00 0. 0. 0. 0. 0. 0. 0. 0. 0. 0. 0. 0. 0. 0. 0. 0. 0. 0.
