<?xml version="1.0"?>
<opencv_storage>
<Depth type_id="opencv-matrix">
  <rows>40</rows>
  <cols>40</cols>
  <dt>f</dt>
  <data>
    0. 0. 0. 0. 0. 0. 0. 0. 0. 0. 0. 0. 0. 0. 0. 0. 0. 0. 0. 0. 0. 0. 0.
    0. 0. 0. 0. 0. 0. 0. 0. 0. 0. 0. 0. 0. 0. 0. 0. 0. 0. 0. 0. 0. 0. 0.
    0. 0. 0. 0. 0. 0. 0. 0. 0. 0. 0. 0. 0. 0. 0. 0. 0. 0. 0. 0. 0. 0. 0.
    0. 0. 0. 0. 0. 0. 0. 0. 0. 0. 0. 0. 0. 0. 0. 0. 0. 0. 0. 0. 0. 0. 0.
    0. 0. 0. 0. 0. 0. 0. 0. 0. 0. 0. 0. 0. 0. 0. 0. 0. 0. 0. 0. 0. 0. 0.
    0. 0. 0. 0. 0. 0. 0. 0. 0. 0. 0. 0. 0. 0. 0. 0. 0. 0. 0. 0. 0. 0. 0.
    0. 0. 0. 0. 0. 0. 0. 0. 0. 0. 0. 0. 0. 0. 0. 0. 0. 0. 0. 0. 0. 0. 0.
    0. 0. 0. 0. 0. 0. 0. 0. 0. 0. 0. 0. 0. 0. 0. 0. 0. 0. 0. 0. 0. 0. 0.
    0. 0. 0. 0. 0. 0. 0. 0. 0. 0. 0. 0. 0. 0. 0. 0. 0. 0. 0. 0. 0. 0. 0.
    0. 0. 0. 0. 0. 0. 0. 0. 0. 0. 0. 0. 0. 0. 0. 0. 0. 0. 0. 0. 0. 0. 0.
    0. 0. 0. 0. 0. 0. 0. 0. 0. 0. 0. 0. 0. 0. 0. 0. 0. 0. 0. 0. 0. 0. 0.
    0. 0. 0. 0. 0. 0. 0. 0. 0. 0. 0. 0. 0. 0. 0. 0. 0. 0. 0. 0. 0. 0. 0.
    0. 0. 0. 0. 0. 0. 0. 0. 0. 0. 0. 0. 0. 0. 0. 0. 0. 0. 0. 0. 0. 0. 0.
    0. 0. 0. 0. 0. 0. 0. 0. 0. 0. 0. 0. 0. 0. 0. 0. 0. 0. 0. 0. 0. 0. 0.
    0. 0. 0. 0. 0. 0. 0. 0. 0. 0. 0. 0. 0. 0. 0. 0. 0. 0. 0. 0. 0. 0. 0.
    0. 0. 0. 0. 0. 0. 0. 0. 0. 0. 0. 0. 0. 0. 0. 0. 0. 0. 0. 0. 0. 0. 0.
    0. 0. 0. 0. 0. 0. 0. 0. 0. 0. 0. 0. 0. 0. 0. 0. 0. 0. 0. 0. 0. 0. 0.
    0. 0. 0. 0. 0. 0. 0. 0. 0. 0. 0. 0. 0. 0. 0. 0. 0. 0. 0. 0. 0. 0. 0.
    0. 0. 0. 0. 0. 0. 0. 0. 0. 0. 0. 0. 0. 0. 0. 0. 0. 0. 0. 0. 0. 0. 0.
    0. 0. 0. 0. 0. 0. 0. 0. 0. 0. 0. 0. 0. 0. 0. 0. 0. 0. 0. 0. 0. 0. 0.
    0. 0. 0. 0. 0. 0. 0. 0. 0. 0. 0. 0. 0. 0. 0. 0. 0. 0. 0. 0. 0. 0. 0.
    0. 0. 0. 1.77900004e+00 1.77900004e+00 1.77900004e+00 1.77900004e+00
    1.77900004e+00 1.80599999e+00 1.84399998e+00 1.88199997e+00
    1.91999996e+00 1.92400002e+00 1.92400002e+00 1.92400002e+00
    1.92400002e+00 1.92400002e+00 1.92400002e+00 1.92400002e+00
    1.92400002e+00 1.92400002e+00 1.92400002e+00 1.92400002e+00
    1.92400002e+00 1.92400002e+00 1.92400002e+00 1.92400002e+00
    1.90199995e+00 1.86399996e+00 1.85099995e+00 0. 0. 0. 0. 0. 0. 0. 0.
    0. 0. 0. 0. 0. 1.77900004e+00 1.78499997e+00 1.79499996e+00
    1.79900002e+00 1.79900002e+00 1.81900001e+00 1.84599996e+00
    1.88199997e+00 1.91999996e+00 1.92400002e+00 1.92400002e+00
    1.92400002e+00 1.92400002e+00 1.92400002e+00 1.92600000e+00
    1.93700004e+00 1.94599998e+00 1.94599998e+00 1.94599998e+00
    1.94599998e+00 1.94599998e+00 1.94599998e+00 1.94000006e+00
    1.92900002e+00 1.90199995e+00 1.86399996e+00 1.85099995e+00 0. 0. 0.
    0. 0. 0. 0. 0. 0. 0. 0. 0. 0. 1.77900004e+00 1.79499996e+00
    1.82599998e+00 1.83700001e+00 1.83700001e+00 1.84200001e+00
    1.85000002e+00 1.88199997e+00 1.91999996e+00 1.92400002e+00
    1.92400002e+00 1.92400002e+00 1.92400002e+00 1.92400002e+00
    1.92900002e+00 1.96099997e+00 1.98500001e+00 1.98500001e+00
    1.98500001e+00 1.98500001e+00 1.98500001e+00 1.98500001e+00
    1.96899998e+00 1.93700004e+00 1.90199995e+00 1.86399996e+00
    1.85099995e+00 0. 0. 0. 0. 0. 0. 0. 0. 0. 0. 0. 0. 0. 1.80299997e+00
    1.82299995e+00 1.86099994e+00 1.87500000e+00 1.87500000e+00
    1.87500000e+00 1.87500000e+00 1.90600002e+00 1.94500005e+00
    1.93700004e+00 1.92400002e+00 1.92400002e+00 1.92499995e+00
    1.93799996e+00 1.95299995e+00 1.98000002e+00 2. 2. 2. 2. 2. 2.
    1.98699999e+00 1.96000004e+00 1.93400002e+00 1.90900004e+00
    1.89999998e+00 0. 0. 0. 0. 0. 0. 0. 0. 0. 0. 0. 0. 0. 1.84000003e+00
    1.86099994e+00 1.89900005e+00 1.91299999e+00 1.91299999e+00
    1.91299999e+00 1.91299999e+00 1.94500005e+00 1.98399997e+00
    1.95899999e+00 1.92499995e+00 1.92400002e+00 1.92600000e+00
    1.96000004e+00 1.99000001e+00 1.99500000e+00 2. 2. 2. 2. 2. 2.
    1.99699998e+00 1.99100006e+00 1.98500001e+00 1.98000002e+00
    1.97800004e+00 0. 0. 0. 0. 0. 0. 0. 0. 0. 0. 0. 0. 0. 1.87800002e+00
    1.89100003e+00 1.91499996e+00 1.92400002e+00 1.92400002e+00
    1.92400002e+00 1.92400002e+00 1.95599997e+00 1.99600005e+00
    1.97800004e+00 1.95299995e+00 1.95200002e+00 1.95400000e+00
    1.97899997e+00 2. 2. 2. 2. 2. 2. 2. 2. 2. 2. 2. 2. 2. 0. 0. 0. 0. 0.
    0. 0. 0. 0. 0. 0. 0. 0. 1.91600001e+00 1.91900003e+00 1.92299998e+00
    1.92400002e+00 1.92400002e+00 1.92400002e+00 1.92400002e+00
    1.95599997e+00 1.99600005e+00 1.99600005e+00 1.99199998e+00
    1.99199998e+00 1.99199998e+00 1.99699998e+00 2. 2. 2. 2. 2. 2. 2. 2.
    2. 2. 2. 2. 2. 0. 0. 0. 0. 0. 0. 0. 0. 0. 0. 0. 0. 0. 1.92400002e+00
    1.92400002e+00 1.92400002e+00 1.92400002e+00 1.92400002e+00
    1.92400002e+00 1.92400002e+00 1.95599997e+00 1.99600005e+00 2. 2. 2.
    2. 2. 2. 2. 2. 2. 2. 2. 2. 2. 2. 2. 2.00999999e+00 2.02699995e+00
    2.03299999e+00 0. 0. 0. 0. 0. 0. 0. 0. 0. 0. 0. 0. 0. 1.92400002e+00
    1.92400002e+00 1.92400002e+00 1.92400002e+00 1.92400002e+00
    1.92400002e+00 1.92400002e+00 1.95599997e+00 1.99600005e+00 2. 2. 2.
    2. 2. 2. 2. 2. 2. 2. 2. 2. 2. 2. 2. 2.02200007e+00 2.06100011e+00
    2.07299995e+00 0. 0. 0. 0. 0. 0. 0. 0. 0. 0. 0. 0. 0. 1.92400002e+00
    1.93400002e+00 1.95200002e+00 1.95899999e+00 1.95899999e+00
    1.95899999e+00 1.95899999e+00 1.97599995e+00 1.99800003e+00 2. 2. 2.
    2. 2. 2. 2. 2. 2. 2. 2. 2. 2. 2.00900006e+00 2.02800012e+00
    2.04900002e+00 2.07100010e+00 2.07800007e+00 0. 0. 0. 0. 0. 0. 0. 0.
    0. 0. 0. 0. 0. 1.92400002e+00 1.94500005e+00 1.98500001e+00
    1.99899995e+00 1.99899995e+00 1.99899995e+00 1.99899995e+00
    1.99899995e+00 2. 2. 2. 2. 2. 2. 2. 2. 2. 2. 2. 2. 2. 2.
    2.01999998e+00 2.05999994e+00 2.07699990e+00 2.07800007e+00
    2.07800007e+00 0. 0. 0. 0. 0. 0. 0. 0. 0. 0. 0. 0. 0. 1.92400002e+00
    1.93499994e+00 1.95400000e+00 1.96099997e+00 1.96099997e+00
    1.97599995e+00 1.99600005e+00 2. 2. 2.01799989e+00 2.03900003e+00
    2.03999996e+00 2.03999996e+00 2.03999996e+00 2.03999996e+00
    2.03999996e+00 2.03999996e+00 2.03999996e+00 2.03999996e+00
    2.03999996e+00 2.03999996e+00 2.03999996e+00 2.04999995e+00
    2.06999993e+00 2.07800007e+00 2.07800007e+00 2.07800007e+00 0. 0. 0.
    0. 0. 0. 0. 0. 0. 0. 0. 0. 0. 1.92400002e+00 1.92400002e+00
    1.92400002e+00 1.92400002e+00 1.92400002e+00 1.95200002e+00
    1.99199998e+00 2.00099993e+00 2.00200009e+00 2.03800011e+00
    2.07699990e+00 2.07800007e+00 2.07800007e+00 2.07800007e+00
    2.07800007e+00 2.07800007e+00 2.07800007e+00 2.07800007e+00
    2.07800007e+00 2.07800007e+00 2.07699990e+00 2.07599998e+00
    2.07500005e+00 2.07500005e+00 2.07599998e+00 2.07800007e+00
    2.07800007e+00 0. 0. 0. 0. 0. 0. 0. 0. 0. 0. 0. 0. 0. 1.92400002e+00
    1.92400002e+00 1.92400002e+00 1.92400002e+00 1.92400002e+00
    1.95200002e+00 1.99199998e+00 2.01799989e+00 2.04099989e+00
    2.05900002e+00 2.07800007e+00 2.07800007e+00 2.07800007e+00
    2.07800007e+00 2.07800007e+00 2.07800007e+00 2.07800007e+00
    2.07800007e+00 2.07800007e+00 2.07800007e+00 2.06900001e+00
    2.04600000e+00 2.03500009e+00 2.03500009e+00 2.04800010e+00
    2.06999993e+00 2.07800007e+00 0. 0. 0. 0. 0. 0. 0. 0. 0. 0. 0. 0. 0.
    1.92400002e+00 1.92400002e+00 1.92400002e+00 1.92400002e+00
    1.92400002e+00 1.95200002e+00 1.99199998e+00 2.03299999e+00
    2.07299995e+00 2.07800007e+00 2.07800007e+00 2.07800007e+00
    2.07800007e+00 2.07800007e+00 2.07800007e+00 2.07800007e+00
    2.07800007e+00 2.07800007e+00 2.07800007e+00 2.07800007e+00
    2.06100011e+00 2.02099991e+00 2. 2. 2.02399993e+00 2.06399989e+00
    2.07800007e+00 0. 0. 0. 0. 0. 0. 0. 0. 0. 0. 0. 0. 0. 0. 0. 0. 0. 0.
    0. 0. 0. 0. 0. 0. 0. 0. 0. 0. 0. 0. 0. 0. 0. 0. 0. 0. 0. 0. 0. 0. 0.
    0. 0. 0. 0. 0. 0. 0. 0. 0. 0. 0. 0. 0. 0. 0. 0. 0. 0. 0. 0. 0. 0. 0.
    0. 0. 0. 0. 0. 0. 0. 0. 0. 0. 0. 0. 0. 0. 0. 0. 0. 0. 0. 0. 0. 0. 0.
    0. 0. 0. 0. 0. 0. 0. 0. 0. 0. 0. 0. 0. 0. 0. 0. 0. 0. 0. 0. 0. 0. 0.
    0. 0. 0. 0. 0. 0. 0. 0. 0. 0. 0. 0. 0. 0. 0. 0. 0. 0. 0. 0. 0. 0. 0.
    0. 0. 0. 0. 0. 0. 0. 0. 0. 0. 0. 0. 0. 0. 0. 0. 0. 0. 0. 0. 0. 0. 0.
