<?xml version="1.0"?>
<opencv_storage>
<Depth type_id="opencv-matrix">
  <rows>40</rows>
  <cols>40</cols>
  <dt>f</dt>
  <data>
    0. 0. 0. 0. 0. 0. 0. 0. 0. 0. 0. 0. 0. 0. 0. 0. 0. 0. 0. 0. 0. 0. 0.
    0. 0. 0. 0. 0. 0. 0. 0. 0. 0. 0. 0. 0. 0. 0. 0. 0. 0. 0. 0. 0. 0. 0.
    0. 0. 0. 0. 0. 0. 0. 0. 0. 0. 0. 0. 0. 0. 0. 0. 0. 0. 0. 0. 0. 0. 0.
    0. 0. 0. 0. 0. 0. 0. 0. 0. 0. 0. 0. 0. 0. 0. 0. 0. 0. 0. 0. 0. 0. 0.
    0. 0. 0. 0. 0. 0. 0. 0. 0. 0. 0. 0. 0. 0. 0. 0. 0. 0. 0. 0. 0. 0. 0.
    0. 0. 0. 0. 0. 0. 0. 0. 0. 0. 0. 0. 0. 0. 0. 0. 0. 0. 0. 0. 0. 0. 0.
    0. 0. 0. 0. 0. 0. 0. 0. 0. 0. 0. 0. 0. 0. 0. 0. 0. 0. 0. 0. 0. 0. 0.
    0. 0. 0. 0. 0. 0. 0. 0. 0. 0. 0. 0. 0. 0. 0. 0. 0. 0. 0. 0. 0. 0. 0.
    0. 0. 0. 0. 0. 0. 0. 0. 0. 0. 0. 0. 0. 0. 0. 0. 0. 0. 0. 0. 0. 0. 0.
    0. 0. 0. 0. 0. 0. 0. 0. 0. 0. 0. 0. 0. 0. 0. 0. 0. 0. 0. 0. 0. 0. 0.
    0. 0. 0. 0. 0. 0. 0. 0. 0. 0. 0. 0. 0. 0. 0. 0. 0. 0. 0. 0. 0. 0. 0.
    0. 0. 0. 0. 0. 0. 0. 0. 0. 0. 0. 0. 0. 0. 0. 0. 0. 0. 0. 0. 0. 0. 0.
    0. 0. 0. 0. 0. 0. 0. 0. 0. 0. 0. 0. 0. 0. 0. 0. 0. 0. 0. 0. 0. 0. 0.
    0. 0. 0. 0. 0. 0. 0. 0. 0. 0. 0. 0. 0. 0. 0. 0. 0. 0. 0. 0. 0. 0. 0.
    0. 0. 0. 0. 0. 0. 0. 0. 0. 0. 0. 0. 0. 0. 0. 0. 0. 0. 0. 0. 0. 0. 0.
    0. 0. 0. 0. 0. 0. 0. 0. 0. 0. 0. 0. 0. 0. 0. 0. 0. 0. 2.16199994e+00
    2.08699989e+00 2.05999994e+00 2.05999994e+00 2.05999994e+00
    2.05999994e+00 1.96399999e+00 1.88300002e+00 1.88300002e+00
    1.88300002e+00 1.88300002e+00 1.88300002e+00 1.90100002e+00
    2.00600004e+00 2.05999994e+00 2.05999994e+00 0. 0. 0. 0. 0. 0. 0. 0.
    0. 0. 0. 1.94900000e+00 1.94099998e+00 2.33500004e+00 0. 0. 0. 0. 0.
    0. 0. 0. 0. 2.95900011e+00 2.14700007e+00 2.08699989e+00
    2.05999994e+00 2.05999994e+00 2.05999994e+00 2.05999994e+00
    1.97599995e+00 1.90600002e+00 1.90600002e+00 1.89800000e+00
    1.88499999e+00 1.88300002e+00 1.90100002e+00 2.00600004e+00
    2.05299997e+00 2.03900003e+00 2.66300011e+00 0. 0. 0. 0. 0. 0. 0. 0.
    0. 2.77500010e+00 1.94599998e+00 1.94099998e+00 2.18199992e+00
    2.96300006e+00 0. 0. 0. 0. 0. 0. 0. 2.16199994e+00 2.14700007e+00
    2.12400007e+00 2.08699989e+00 2.05999994e+00 2.05999994e+00
    2.05999994e+00 2.05999994e+00 1.99500000e+00 1.94000006e+00
    1.94000006e+00 1.92200005e+00 1.88800001e+00 1.88300002e+00
    1.90100002e+00 2.00600004e+00 2.04299998e+00 2.00799990e+00
    2.01900005e+00 2.03900003e+00 2.03999996e+00 2.04099989e+00
    2.04099989e+00 2.04099989e+00 2.03900003e+00 2.00500011e+00
    1.98199999e+00 1.98099995e+00 1.96500003e+00 1.94099998e+00
    1.94099998e+00 1.94799995e+00 1.97000003e+00 1.97800004e+00
    1.97800004e+00 0. 0. 0. 0. 0. 2.12299991e+00 2.12299991e+00
    2.12299991e+00 2.10800004e+00 2.09599996e+00 2.09599996e+00
    2.08299994e+00 2.06200004e+00 2.03299999e+00 2.00999999e+00
    2.00999999e+00 1.99100006e+00 1.95500004e+00 1.95000005e+00
    1.96099997e+00 2.02600002e+00 2.04299998e+00 2.00699997e+00 2. 2. 2.
    2. 2. 2. 1.99800003e+00 1.96300006e+00 1.94099998e+00 1.94099998e+00
    1.94099998e+00 1.94099998e+00 1.94099998e+00 1.94099998e+00
    1.94099998e+00 1.94099998e+00 1.94099998e+00 0. 0. 0. 0. 0.
    2.12299991e+00 2.12299991e+00 2.12299991e+00 2.12299991e+00
    2.12299991e+00 2.12299991e+00 2.10400009e+00 2.07299995e+00
    2.06500006e+00 2.05999994e+00 2.05999994e+00 2.04099989e+00
    2.00500011e+00 2. 2.00600004e+00 2.04200006e+00 2.04600000e+00
    2.01600003e+00 2.00999999e+00 2.00900006e+00 2.00300002e+00
    1.99699998e+00 1.99199998e+00 1.99000001e+00 1.98899996e+00
    1.95899999e+00 1.94099998e+00 1.94099998e+00 1.94099998e+00
    1.94099998e+00 1.94099998e+00 1.94099998e+00 1.94099998e+00
    1.94099998e+00 1.94099998e+00 2.93099999e+00 0. 0. 0. 0.
    2.12299991e+00 2.12299991e+00 2.12299991e+00 2.12299991e+00
    2.12299991e+00 2.12299991e+00 2.11800003e+00 2.10899997e+00
    2.08200002e+00 2.05999994e+00 2.05999994e+00 2.04099989e+00
    2.00500011e+00 2. 2.00600004e+00 2.04200006e+00 2.05599999e+00
    2.04699993e+00 2.04600000e+00 2.04299998e+00 2.01600003e+00
    1.98899996e+00 1.96200001e+00 1.95500004e+00 1.95500004e+00
    1.94599998e+00 1.94099998e+00 1.94099998e+00 1.94099998e+00
    1.94099998e+00 1.94099998e+00 1.94099998e+00 1.94099998e+00
    1.94099998e+00 1.94099998e+00 2.20199990e+00 2.41100001e+00 0. 0. 0.
    2.12299991e+00 2.12299991e+00 2.12299991e+00 2.12299991e+00
    2.12299991e+00 2.12299991e+00 2.12299991e+00 2.12299991e+00
    2.10100007e+00 2.08200002e+00 2.08200002e+00 2.06299996e+00
    2.02699995e+00 2.01099992e+00 2.00399995e+00 2.02699995e+00
    2.03900003e+00 2.03900003e+00 2.03900003e+00 2.03600001e+00
    2.01300001e+00 1.98500001e+00 1.95000005e+00 1.94099998e+00
    1.94099998e+00 1.94099998e+00 1.94099998e+00 1.94099998e+00
    1.94099998e+00 1.94099998e+00 1.94099998e+00 1.94099998e+00
    1.94099998e+00 1.94099998e+00 1.94099998e+00 1.90900004e+00
    1.88300002e+00 0. 0. 0. 2.12299991e+00 2.12299991e+00 2.12299991e+00
    2.12299991e+00 2.12299991e+00 2.12299991e+00 2.12299991e+00
    2.12299991e+00 2.12100005e+00 2.11999989e+00 2.11999989e+00
    2.09999990e+00 2.06200004e+00 2.02800012e+00 2. 2.00200009e+00
    2.00300002e+00 2.00300002e+00 2.00300002e+00 2.00300002e+00
    2.00099993e+00 1.98500001e+00 1.95000005e+00 1.94099998e+00
    1.94099998e+00 1.94099998e+00 1.94099998e+00 1.94099998e+00
    1.94099998e+00 1.94099998e+00 1.94099998e+00 1.94099998e+00
    1.94099998e+00 1.94099998e+00 1.94099998e+00 1.90900004e+00
    1.88300002e+00 0. 0. 0. 2.05599999e+00 2.08200002e+00 2.12199998e+00
    2.12299991e+00 2.12299991e+00 2.12299991e+00 2.12299991e+00
    2.12299991e+00 2.12299991e+00 2.12299991e+00 2.12299991e+00
    2.10299993e+00 2.06500006e+00 2.02999997e+00 2. 2. 2. 2. 2. 2. 2.
    1.98500001e+00 1.95000005e+00 1.94099998e+00 1.94099998e+00
    1.94099998e+00 1.94099998e+00 1.94099998e+00 1.94099998e+00
    1.94099998e+00 1.94099998e+00 1.94700003e+00 1.96599996e+00
    1.96099997e+00 1.94200003e+00 1.92600000e+00 1.91400003e+00 0. 0. 0.
    2. 2.04800010e+00 2.12100005e+00 2.12299991e+00 2.12299991e+00
    2.12299991e+00 2.12299991e+00 2.12299991e+00 2.12299991e+00
    2.12299991e+00 2.12299991e+00 2.10599995e+00 2.07299995e+00
    2.03800011e+00 2.00799990e+00 2.00799990e+00 2.00600004e+00
    2.00099993e+00 2. 2. 2. 1.98500001e+00 1.95000005e+00 1.94099998e+00
    1.94099998e+00 1.94599998e+00 1.94700003e+00 1.94299996e+00
    1.94099998e+00 1.94099998e+00 1.94599998e+00 1.95799994e+00
    1.98899996e+00 1.97800004e+00 1.94299996e+00 1.94099998e+00
    1.94099998e+00 0. 0. 0. 2. 2.04800010e+00 2.12100005e+00
    2.12299991e+00 2.12299991e+00 2.12299991e+00 2.12299991e+00
    2.12299991e+00 2.12299991e+00 2.12299991e+00 2.12299991e+00
    2.11700010e+00 2.10700011e+00 2.07399988e+00 2.04399991e+00
    2.04399991e+00 2.03099990e+00 2.00500011e+00 2. 2. 2. 1.98500001e+00
    1.95000005e+00 1.94099998e+00 1.94200003e+00 1.96800005e+00
    1.97500002e+00 1.94900000e+00 1.94099998e+00 1.94099998e+00
    1.96599996e+00 1.98699999e+00 1.99600005e+00 1.97800004e+00
    1.94299996e+00 1.94099998e+00 1.94099998e+00 0. 0. 0. 2.01900005e+00
    2.06800008e+00 2.14100003e+00 2.14299989e+00 2.14299989e+00
    2.14299989e+00 2.13599992e+00 2.12400007e+00 2.12299991e+00
    2.12299991e+00 2.12299991e+00 2.12299991e+00 2.12299991e+00
    2.10100007e+00 2.07800007e+00 2.06599998e+00 2.04800010e+00
    2.02399993e+00 2.01900005e+00 2.01900005e+00 2.01900005e+00
    2.00399995e+00 1.96899998e+00 1.96000004e+00 1.96099997e+00
    1.98500001e+00 1.99100006e+00 1.96800005e+00 1.96000004e+00
    1.96000004e+00 1.98399997e+00 2. 2. 1.99199998e+00 1.98000002e+00
    1.97899997e+00 1.97899997e+00 0. 0. 0. 2.05500007e+00 2.10400009e+00
    2.17799997e+00 2.18099999e+00 2.18099999e+00 2.18099999e+00
    2.16000009e+00 2.12599993e+00 2.12299991e+00 2.12299991e+00
    2.12299991e+00 2.12299991e+00 2.12299991e+00 2.11999989e+00
    2.11199999e+00 2.07800007e+00 2.05900002e+00 2.05500007e+00
