<?xml version="1.0"?>
<opencv_storage>
<Depth type_id="opencv-matrix">
  <rows>40</rows>
  <cols>40</cols>
  <dt>f</dt>
  <data>
    0. 0. 0. 0. 0. 0. 0. 0. 0. 0. 0. 0. 0. 0. 0. 0. 0. 0. 0. 0. 0. 0. 0.
    0. 0. 0. 0. 0. 0. 0. 0. 0. 0. 0. 0. 0. 0. 0. 0. 0. 0. 0. 0. 0. 0. 0.
    0. 0. 0. 0. 0. 0. 0. 0. 0. 0. 0. 0. 0. 0. 0. 0. 0. 0. 0. 0. 0. 0. 0.
    0. 0. 0. 0. 0. 0. 0. 0. 0. 0. 0. 0. 0. 0. 0. 0. 0. 0. 0. 0. 0. 0. 0.
    0. 0. 0. 0. 0. 0. 0. 0. 0. 0. 0. 0. 0. 0. 0. 0. 0. 0. 0. 0. 0. 0. 0.
    0. 0. 0. 0. 0. 0. 0. 0. 0. 0. 0. 0. 0. 0. 0. 0. 0. 0. 0. 0. 0. 0. 0.
    0. 0. 0. 0. 0. 0. 0. 0. 0. 0. 0. 0. 0. 0. 0. 0. 0. 0. 0. 0. 0. 0. 0.
    0. 0. 0. 0. 0. 0. 0. 0. 0. 0. 0. 0. 0. 0. 0. 0. 0. 0. 0. 0. 0. 0. 0.
    0. 0. 0. 0. 0. 0. 0. 0. 0. 0. 0. 0. 0. 0. 0. 0. 0. 0. 0. 0. 0. 0. 0.
    0. 0. 0. 0. 0. 0. 0. 0. 0. 0. 0. 0. 0. 0. 0. 0. 0. 0. 0. 0. 0. 0. 0.
    0. 0. 0. 0. 0. 0. 0. 0. 0. 0. 0. 0. 0. 0. 0. 0. 0. 0. 0. 0. 0. 0. 0.
    0. 0. 0. 0. 0. 0. 0. 0. 0. 0. 0. 0. 0. 0. 0. 0. 0. 0. 0. 0. 0. 0. 0.
    0. 0. 0. 0. 0. 0. 0. 0. 0. 0. 0. 0. 0. 0. 0. 0. 0. 0. 0. 0. 0. 0. 0.
    0. 0. 0. 0. 0. 0. 0. 0. 0. 0. 0. 0. 0. 0. 0. 0. 0. 0. 0. 0. 0. 0. 0.
    0. 0. 0. 0. 0. 0. 0. 2.95199990e+00 2.83299994e+00 2.03399992e+00
    2.04099989e+00 2.06699991e+00 2.07500005e+00 2.07999992e+00
    2.07800007e+00 2.08299994e+00 2.27500010e+00 0. 0. 0. 0. 0. 0. 0. 0.
    0. 0. 0. 0. 0. 0. 0. 0. 0. 0. 0. 0. 0. 0. 0. 0. 0. 0. 0. 0. 0.
    2.15499997e+00 2.01999998e+00 2.01799989e+00 2.01799989e+00
    2.01900005e+00 2.02999997e+00 2.04099989e+00 2.03800011e+00
    2.05299997e+00 2.06699991e+00 2.06599998e+00 2.06299996e+00
    2.06500006e+00 2.65799999e+00 2.65899992e+00 2.65000010e+00
    2.68899989e+00 0. 0. 0. 0. 0. 0. 0. 0. 0. 0. 0. 0. 0. 0. 0. 0. 0. 0.
    0. 0. 0. 0. 2.16499996e+00 1.46500003e+00 2.01900005e+00
    2.01799989e+00 2.01799989e+00 2.01300001e+00 2.01799989e+00
    2.01900005e+00 2.01500010e+00 2.01300001e+00 2.01399994e+00
    2.01799989e+00 2.03800011e+00 2.03600001e+00 2.03200006e+00
    2.03699994e+00 2.04399991e+00 2.04900002e+00 2.06100011e+00
    2.06599998e+00 2.05800009e+00 2.05999994e+00 2.05800009e+00
    2.05699992e+00 2.34999990e+00 0. 0. 0. 0. 0. 0. 0. 0. 0. 0. 0. 0. 0.
    0. 0. 1.77600002e+00 1.79600000e+00 2.01799989e+00 2.01799989e+00
    2.01799989e+00 2.01799989e+00 2.01799989e+00 2.01799989e+00
    2.01300001e+00 2.00900006e+00 2.00900006e+00 2.00399995e+00
    2.00399995e+00 2.00399995e+00 2.00399995e+00 2.00799990e+00
    2.00900006e+00 2.00399995e+00 2.00399995e+00 2.00500011e+00
    2.03600001e+00 2.04399991e+00 2.05599999e+00 2.05200005e+00
    2.05699992e+00 1.18700004e+00 0. 0. 0. 0. 0. 0. 0. 0. 0. 0. 0. 0. 0.
    0. 0. 1.81799996e+00 2.01900005e+00 2.01799989e+00 2.01799989e+00
    2.01799989e+00 2.01799989e+00 2.01799989e+00 2.01399994e+00
    2.00900006e+00 2.00900006e+00 2.00399995e+00 2.00399995e+00
    2.00399995e+00 2.00399995e+00 2. 1.99899995e+00 1.99899995e+00
    1.99500000e+00 1.99399996e+00 1.99600005e+00 1.99899995e+00
    2.00300002e+00 1.99500000e+00 1.99000001e+00 1.99199998e+00
    1.98099995e+00 0. 0. 0. 0. 0. 0. 0. 0. 0. 0. 0. 0. 0. 0.
    1.87699997e+00 2.02300000e+00 2.01799989e+00 2.01699996e+00
    2.01500010e+00 2.01600003e+00 2.01300001e+00 2.01300001e+00
    2.00900006e+00 2.00900006e+00 2.00799990e+00 2.00500011e+00
    2.00399995e+00 2.00399995e+00 2. 1.99600005e+00 1.99100006e+00
    1.99000001e+00 1.98800004e+00 1.98599994e+00 1.98599994e+00
    1.98800004e+00 1.98500001e+00 1.98099995e+00 1.97700000e+00
    1.97800004e+00 0. 0. 0. 0. 0. 0. 0. 0. 0. 0. 0. 0. 0. 1.74600005e+00
    2.02999997e+00 2.02099991e+00 2.01799989e+00 2.01300001e+00
    2.01300001e+00 2.01600003e+00 2.01300001e+00 2.01300001e+00
    2.01300001e+00 2.00900006e+00 2.00900006e+00 2.00600004e+00
    2.00399995e+00 2.00099993e+00 2. 1.99600005e+00 1.99500000e+00
    1.98899996e+00 1.98599994e+00 1.98599994e+00 1.98599994e+00
    1.98500001e+00 1.98099995e+00 1.98099995e+00 1.97700000e+00
    1.97899997e+00 0. 0. 0. 0. 0. 0. 0. 0. 0. 0. 0. 0. 0. 2.88899994e+00
    2.02300000e+00 2.01799989e+00 2.01799989e+00 2.01699996e+00
    2.01300001e+00 2.01600003e+00 2.01399994e+00 2.01099992e+00
    2.00900006e+00 2.00900006e+00 2.00799990e+00 2.00399995e+00 2. 2. 2.
    1.99600005e+00 1.99500000e+00 1.98899996e+00 1.98599994e+00
    1.98599994e+00 1.98599994e+00 1.98199999e+00 1.98099995e+00
    1.98099995e+00 1.97700000e+00 1.97899997e+00 0. 0. 0. 0. 0. 0. 0. 0.
    0. 0. 0. 0. 0. 2.32900000e+00 2.02399993e+00 2.01799989e+00
    2.01799989e+00 2.01699996e+00 2.01300001e+00 2.01600003e+00
    2.01500010e+00 2.01200008e+00 2.00900006e+00 2.00900006e+00
    2.00900006e+00 2.00399995e+00 2. 2. 2. 2. 1.99500000e+00
    1.99000001e+00 1.98899996e+00 1.98599994e+00 1.98599994e+00
    1.98500001e+00 1.98099995e+00 1.97800004e+00 1.97800004e+00
    1.98099995e+00 0. 0. 0. 0. 0. 0. 0. 0. 0. 0. 0. 0. 0. 2.66799998e+00
    2.01999998e+00 2.01799989e+00 2.01799989e+00 2.01699996e+00
    2.01300001e+00 2.01600003e+00 2.01699996e+00 2.01300001e+00
    2.00900006e+00 2.00900006e+00 2.00500011e+00 2.00399995e+00
    2.00399995e+00 2. 1.99699998e+00 2. 1.99500000e+00 1.99300003e+00
    1.99000001e+00 1.98599994e+00 1.98599994e+00 1.98099995e+00
    1.98099995e+00 1.97700000e+00 1.97700000e+00 1.97800004e+00 0. 0. 0.
    0. 0. 0. 0. 0. 0. 0. 0. 0. 0. 2.66799998e+00 2.01900005e+00
    2.01799989e+00 2.02200007e+00 2.01300001e+00 2.01300001e+00
    2.01600003e+00 2.01799989e+00 2.00999999e+00 2.00900006e+00
    2.00399995e+00 2.00399995e+00 2.00399995e+00 2.00399995e+00 2. 2.
    1.99500000e+00 1.99000001e+00 1.98599994e+00 1.98599994e+00
    1.98599994e+00 1.98300004e+00 1.98099995e+00 1.97700000e+00
    1.97200000e+00 1.97200000e+00 1.97200000e+00 0. 0. 0. 0. 0. 0. 0. 0.
    0. 0. 0. 0. 0. 2.02399993e+00 2.01900005e+00 2.01799989e+00
    2.01799989e+00 2.01300001e+00 2.01300001e+00 2.01600003e+00
    2.01799989e+00 2.00999999e+00 2.00900006e+00 2.00399995e+00
    2.00399995e+00 2. 2. 2. 2. 1.99600005e+00 1.99000001e+00
    1.98599994e+00 1.98599994e+00 1.98599994e+00 1.98300004e+00
    1.97800004e+00 1.97700000e+00 1.97200000e+00 1.97200000e+00 0. 0. 0.
    0. 0. 0. 0. 0. 0. 0. 0. 0. 0. 0. 2.02300000e+00 2.01799989e+00
    2.01300001e+00 2.01300001e+00 2.01300001e+00 2.01300001e+00
    2.01600003e+00 2.01399994e+00 2.01200008e+00 2.00900006e+00
    2.00399995e+00 2.00399995e+00 2.00300002e+00 2. 2. 1.99899995e+00
    1.99899995e+00 1.99399996e+00 1.98899996e+00 1.98599994e+00
    1.98099995e+00 1.98300004e+00 1.97800004e+00 1.97200000e+00
    1.97599995e+00 1.97500002e+00 0. 0. 0. 0. 0. 0. 0. 0. 0. 0. 0. 0. 0.
    0. 2.02500010e+00 2.01900005e+00 2.01799989e+00 2.01300001e+00
    2.01300001e+00 2.01200008e+00 2.01399994e+00 2.01399994e+00
    2.00900006e+00 2.00900006e+00 2.00399995e+00 2.00399995e+00
    2.00300002e+00 2. 2. 1.99500000e+00 1.99500000e+00 1.99000001e+00
    1.98599994e+00 1.98599994e+00 1.98500001e+00 1.98099995e+00
    1.97800004e+00 1.97200000e+00 1.97200000e+00 1.96899998e+00 0. 0. 0.
    0. 0. 0. 0. 0. 0. 0. 0. 0. 0. 0. 2.02300000e+00 2.01900005e+00
    2.01799989e+00 2.01300001e+00 2.01300001e+00 2.01200008e+00
    2.01300001e+00 2.01399994e+00 2.00999999e+00 2.00399995e+00
    2.00399995e+00 2.00399995e+00 2. 2. 2. 1.99600005e+00 1.99100006e+00
    1.98599994e+00 1.98599994e+00 1.98599994e+00 1.98399997e+00
    1.98099995e+00 1.97800004e+00 1.97300005e+00 1.97200000e+00
    1.89300001e+00 0. 0. 0. 0. 0. 0. 0. 0. 0. 0. 0. 0. 0. 2.03099990e+00
    2.01900005e+00 2.01799989e+00 2.01799989e+00 2.01300001e+00
    2.01300001e+00 2.01300001e+00 2.01300001e+00 2.00999999e+00
    2.00900006e+00 2.00399995e+00 2.00399995e+00 2.00399995e+00 2. 2. 2.
    1.99500000e+00 1.99100006e+00 1.98599994e+00 1.98599994e+00
    1.98399997e+00 1.98099995e+00 1.98099995e+00 1.97700000e+00
    1.97599995e+00 1.97399998e+00 2.22700000e+00 0. 0. 0. 0. 0. 0. 0. 0.
    0. 0. 0. 0. 0. 2.02800012e+00 2.01799989e+00 2.01799989e+00
