<?xml version="1.0"?>
<opencv_storage>
<Depth type_id="opencv-matrix">
  <rows>40</rows>
  <cols>40</cols>
  <dt>f</dt>
  <data>
    0. 0. 0. 0. 0. 0. 0. 0. 0. 0. 0. 0. 0. 0. 0. 0. 0. 0. 0. 0. 0. 0. 0.
    0. 0. 0. 0. 0. 0. 0. 0. 0. 0. 0. 0. 0. 0. 0. 0. 0. 0. 0. 0. 0. 0. 0.
    0. 0. 0. 0. 0. 0. 0. 0. 0. 0. 0. 0. 0. 0. 0. 0. 0. 0. 0. 0. 0. 0. 0.
    0. 0. 0. 0. 0. 0. 0. 0. 0. 0. 0. 0. 0. 0. 0. 0. 0. 0. 0. 0. 0. 0. 0.
    0. 0. 0. 0. 0. 0. 0. 0. 0. 0. 0. 0. 0. 0. 0. 0. 0. 0. 0. 0. 0. 0. 0.
    0. 0. 0. 0. 0. 0. 0. 0. 0. 0. 0. 0. 0. 0. 0. 0. 0. 0. 0. 0. 0. 0. 0.
    0. 0. 0. 0. 0. 0. 0. 0. 0. 0. 0. 0. 0. 0. 0. 0. 0. 0. 0. 0. 0. 0. 0.
    0. 0. 0. 0. 0. 0. 0. 0. 0. 0. 0. 0. 0. 0. 0. 0. 0. 0. 0. 0. 0. 0. 0.
    0. 0. 0. 0. 0. 0. 0. 0. 0. 0. 0. 0. 0. 0. 0. 0. 0. 0. 0. 0. 0. 0. 0.
    0. 0. 0. 1.92799997e+00 1.92799997e+00 1.92799997e+00 1.95599997e+00
    1.99399996e+00 2. 2. 2. 2. 2. 1.36899996e+00 0. 0. 0. 0. 0. 0. 0. 0.
    0. 0. 0. 0. 0. 0. 0. 0. 0. 0. 0. 0. 0. 0. 0. 0. 0. 0. 0. 0. 0.
    1.92799997e+00 1.92799997e+00 1.92799997e+00 1.94700003e+00
    1.97399998e+00 1.97800004e+00 1.97800004e+00 1.97800004e+00
    1.97800004e+00 1.97800004e+00 1.53799999e+00 0. 0. 0. 0. 0. 0. 0. 0.
    0. 0. 0. 0. 0. 0. 0. 0. 0. 0. 0. 0. 0. 0. 0. 0. 0. 0. 0. 0. 0.
    1.92799997e+00 1.92799997e+00 1.92799997e+00 1.93200004e+00
    1.93799996e+00 1.93900001e+00 1.93900001e+00 1.93900001e+00
    1.93900001e+00 1.93900001e+00 1.83299994e+00 1.45500004e+00 0. 0. 0.
    0. 0. 0. 0. 2.22799993e+00 0. 0. 0. 0. 0. 0. 0. 0. 0. 0. 0. 0. 0. 0.
    0. 0. 0. 0. 0. 0. 1.90199995e+00 1.90999997e+00 1.92400002e+00
    1.92799997e+00 1.92799997e+00 1.92799997e+00 1.92799997e+00
    1.92799997e+00 1.92799997e+00 1.92799997e+00 1.91799998e+00
    1.88000000e+00 1.29400003e+00 0. 0. 0. 0. 0. 1.06099999e+00 0. 0. 0.
    0. 0. 0. 0. 0. 0. 0. 0. 0. 0. 0. 0. 0. 0. 0. 0. 0. 0. 1.86399996e+00
    1.88399994e+00 1.91799998e+00 1.92799997e+00 1.92799997e+00
    1.92799997e+00 1.92799997e+00 1.92799997e+00 1.92799997e+00
    1.92799997e+00 1.91799998e+00 1.88000000e+00 1.78799999e+00
    1.61899996e+00 1.54600000e+00 1.54600000e+00 1.54600000e+00
    1.54600000e+00 2.23600006e+00 0. 0. 0. 0. 0. 0. 0. 0. 0. 0. 0. 0. 0.
    0. 0. 0. 0. 0. 0. 0. 0. 1.85899997e+00 1.87000000e+00 1.88999999e+00
    1.89600003e+00 1.89600003e+00 1.91100001e+00 1.92799997e+00
    1.92799997e+00 1.92799997e+00 1.92799997e+00 1.91799998e+00
    1.88000000e+00 1.85899997e+00 1.85899997e+00 1.85899997e+00
    1.85899997e+00 1.85899997e+00 1.85899997e+00 2.36299992e+00
    2.95499992e+00 0. 0. 0. 0. 0. 0. 0. 0. 0. 0. 0. 0. 0. 0. 0. 0. 0. 0.
    0. 0. 1.85899997e+00 1.85899997e+00 1.85899997e+00 1.85899997e+00
    1.85899997e+00 1.89100003e+00 1.92799997e+00 1.92799997e+00
    1.92799997e+00 1.92799997e+00 1.91799998e+00 1.88000000e+00
    1.85899997e+00 1.85899997e+00 1.85899997e+00 1.85899997e+00
    1.85899997e+00 1.85899997e+00 2.31200004e+00 2.84500003e+00 0. 0. 0.
    0. 0. 0. 0. 0. 0. 0. 0. 0. 0. 0. 0. 0. 0. 0. 0. 0. 1.85899997e+00
    1.85899997e+00 1.85899997e+00 1.85899997e+00 1.85899997e+00
    1.89100003e+00 1.92799997e+00 1.92799997e+00 1.92799997e+00
    1.92799997e+00 1.91799998e+00 1.88000000e+00 1.85899997e+00
    1.85899997e+00 1.85899997e+00 1.85899997e+00 1.85899997e+00
    1.85899997e+00 2.06900001e+00 2.31599998e+00 0. 0. 0. 0. 0. 0. 0. 0.
    0. 0. 0. 0. 0. 0. 0. 0. 0. 0. 0. 0. 1.86399996e+00 1.86399996e+00
    1.86399996e+00 1.86399996e+00 1.86399996e+00 1.89400005e+00
    1.92799997e+00 1.92799997e+00 1.92799997e+00 1.92799997e+00
    1.91799998e+00 1.88000000e+00 1.85899997e+00 1.85899997e+00
    1.85899997e+00 1.85899997e+00 1.85899997e+00 1.85899997e+00
    1.86099994e+00 1.86399996e+00 0. 0. 0. 0. 0. 0. 0. 0. 0. 0. 0. 0. 0.
    0. 0. 0. 0. 0. 0. 0. 1.90100002e+00 1.90100002e+00 1.90100002e+00
    1.90100002e+00 1.90100002e+00 1.91400003e+00 1.92799997e+00
    1.92799997e+00 1.92799997e+00 1.92799997e+00 1.91799998e+00
    1.88000000e+00 1.85899997e+00 1.85899997e+00 1.85899997e+00
    1.85899997e+00 1.85899997e+00 1.85899997e+00 1.87800002e+00
    1.90100002e+00 0. 0. 0. 0. 0. 0. 0. 0. 0. 0. 0. 0. 0. 0. 0. 0. 0. 0.
    0. 0. 1.92799997e+00 1.92799997e+00 1.92799997e+00 1.92799997e+00
    1.92799997e+00 1.92799997e+00 1.92799997e+00 1.92799997e+00
    1.92799997e+00 1.92799997e+00 1.91900003e+00 1.88800001e+00
    1.86899996e+00 1.86899996e+00 1.86899996e+00 1.86899996e+00
    1.86899996e+00 1.86899996e+00 1.89600003e+00 1.92799997e+00 0. 0. 0.
    0. 0. 0. 0. 0. 0. 0. 0. 0. 0. 0. 0. 0. 0. 0. 0. 0. 1.92799997e+00
    1.92799997e+00 1.92799997e+00 1.92799997e+00 1.92799997e+00
    1.92799997e+00 1.92799997e+00 1.92799997e+00 1.92799997e+00
    1.92799997e+00 1.92499995e+00 1.91299999e+00 1.90699995e+00
    1.90699995e+00 1.90699995e+00 1.90699995e+00 1.90699995e+00
    1.90699995e+00 1.91600001e+00 1.92799997e+00 0. 0. 0. 0. 0. 0. 0. 0.
    0. 0. 0. 0. 0. 0. 0. 0. 0. 0. 0. 0. 1.92799997e+00 1.92799997e+00
    1.92799997e+00 1.92799997e+00 1.92799997e+00 1.92799997e+00
    1.92799997e+00 1.92799997e+00 1.92900002e+00 1.93799996e+00
    1.94200003e+00 1.93299997e+00 1.92799997e+00 1.92799997e+00
    1.92799997e+00 1.92799997e+00 1.92799997e+00 1.92799997e+00
    1.92799997e+00 1.92799997e+00 0. 0. 0. 0. 0. 0. 0. 0. 0. 0. 0. 0. 0.
    0. 0. 0. 0. 0. 0. 0. 1.92799997e+00 1.92799997e+00 1.92799997e+00
    1.92799997e+00 1.92799997e+00 1.92799997e+00 1.92799997e+00
    1.92799997e+00 1.93200004e+00 1.96200001e+00 1.97500002e+00
    1.94500005e+00 1.92799997e+00 1.92799997e+00 1.92799997e+00
    1.92799997e+00 1.92799997e+00 1.92799997e+00 1.92799997e+00
    1.92799997e+00 0. 0. 0. 0. 0. 0. 0. 0. 0. 0. 0. 0. 0. 0. 0. 0. 0. 0.
    0. 0. 1.95000005e+00 1.95000005e+00 1.95000005e+00 1.95000005e+00
    1.95000005e+00 1.95000005e+00 1.95000005e+00 1.95000005e+00
    1.95400000e+00 1.98099995e+00 1.99199998e+00 1.96500003e+00
    1.94500005e+00 1.93299997e+00 1.92799997e+00 1.92799997e+00
    1.92799997e+00 1.92799997e+00 1.92799997e+00 1.92799997e+00 0. 0. 0.
    0. 0. 0. 0. 0. 0. 0. 0. 0. 0. 0. 0. 0. 0. 0. 0. 0. 1.98899996e+00
    1.98899996e+00 1.98899996e+00 1.98899996e+00 1.98899996e+00
    1.98899996e+00 1.98899996e+00 1.98899996e+00 1.99000001e+00
    1.99600005e+00 1.99800003e+00 1.99199998e+00 1.97500002e+00
    1.94200003e+00 1.92799997e+00 1.92799997e+00 1.92799997e+00
    1.92799997e+00 1.92799997e+00 1.92799997e+00 0. 0. 0. 0. 0. 0. 0. 0.
    0. 0. 0. 0. 0. 0. 0. 0. 0. 0. 0. 0. 1.97300005e+00 1.97300005e+00
    1.97300005e+00 1.98300004e+00 1.99800003e+00 2. 2. 2. 2. 2. 2. 2.
    1.99000001e+00 1.96599996e+00 1.95500004e+00 1.95500004e+00
    1.95500004e+00 1.95500004e+00 1.95500004e+00 1.95500004e+00 0. 0. 0.
    0. 0. 0. 0. 0. 0. 0. 0. 0. 0. 0. 0. 0. 0. 0. 0. 0. 1.93400002e+00
    1.93400002e+00 1.93400002e+00 1.95899999e+00 1.99500000e+00 2. 2. 2.
    2. 2. 2. 2. 1.99899995e+00 1.99600005e+00 1.99399996e+00
    1.99399996e+00 1.99399996e+00 1.99399996e+00 1.99399996e+00
    1.99399996e+00 0. 0. 0. 0. 0. 0. 0. 0. 0. 0. 0. 0. 0. 0. 0. 0. 0. 0.
    0. 0. 1.92799997e+00 1.92799997e+00 1.92799997e+00 1.95599997e+00
    1.99399996e+00 1.98500001e+00 1.96700001e+00 1.96700001e+00
    1.97000003e+00 1.98699999e+00 2. 2. 2. 2. 2. 2. 2. 2. 2.01500010e+00
    2.03299999e+00 0. 0. 0. 0. 0. 0. 0. 0. 0. 0. 0. 0. 0. 0. 0. 0. 0. 0.
    0. 0. 1.92799997e+00 1.92799997e+00 1.92799997e+00 1.95599997e+00
    1.99399996e+00 1.96700001e+00 1.92799997e+00 1.92799997e+00
    1.93400002e+00 1.97200000e+00 2. 2. 2. 2. 2. 2. 2. 2. 2.03299999e+00
    2.07200003e+00 0. 0. 0. 0. 0. 0. 0. 0. 0. 0. 0. 0. 0. 0. 0. 0. 0. 0.
    0. 0. 1.92799997e+00 1.92799997e+00 1.92799997e+00 1.95599997e+00
    1.99399996e+00 1.96700001e+00 1.92799997e+00 1.92799997e+00
    1.93299997e+00 1.97200000e+00 2. 2. 2. 2. 2. 2. 2. 2. 2.01600003e+00
    2.03399992e+00 0. 0. 0. 0. 0. 0. 0. 0. 0. 0. 0. 0. 0. 0. 0. 0. 0. 0.
    0. 0. 1.92799997e+00 1.92799997e+00 1.92799997e+00 1.95400000e+00
