<?xml version="1.0"?>
<opencv_storage>
<Depth type_id="opencv-matrix">
  <rows>40</rows>
  <cols>40</cols>
  <dt>f</dt>
  <data>
    0. 0. 0. 0. 0. 0. 0. 0. 0. 0. 0. 0. 0. 0. 0. 0. 0. 0. 0. 0. 0. 0. 0.
    0. 0. 0. 0. 0. 0. 0. 0. 0. 0. 0. 0. 0. 0. 0. 0. 0. 0. 0. 0. 0. 0. 0.
    0. 0. 0. 0. 0. 0. 0. 0. 0. 0. 0. 0. 0. 0. 0. 0. 0. 0. 0. 0. 0. 0. 0.
    0. 0. 0. 0. 0. 0. 0. 0. 0. 0. 0. 0. 0. 0. 0. 0. 0. 0. 0. 0. 0. 0. 0.
    0. 0. 0. 0. 0. 0. 0. 0. 0. 0. 0. 0. 0. 0. 0. 0. 0. 0. 0. 0. 0. 0. 0.
    0. 0. 0. 0. 0. 0. 0. 0. 0. 0. 0. 0. 0. 0. 0. 0. 0. 0. 0. 0. 0. 0. 0.
    0. 0. 0. 0. 0. 0. 0. 0. 0. 0. 0. 0. 0. 0. 0. 0. 0. 0. 0. 0. 0. 0. 0.
    0. 0. 0. 0. 0. 0. 0. 0. 0. 0. 0. 0. 0. 0. 0. 0. 0. 0. 0. 0. 0. 0. 0.
    0. 0. 0. 0. 0. 0. 0. 0. 0. 0. 0. 0. 0. 0. 0. 0. 0. 0. 0. 0. 0. 0. 0.
    0. 0. 0. 0. 0. 0. 0. 0. 0. 0. 0. 0. 0. 0. 0. 0. 0. 0. 0. 0. 0. 0. 0.
    0. 0. 0. 0. 0. 0. 0. 0. 0. 0. 0. 0. 0. 0. 0. 0. 0. 0. 0. 0. 0. 0. 0.
    0. 0. 0. 0. 0. 0. 0. 0. 0. 0. 0. 0. 0. 0. 0. 0. 0. 0. 0. 0. 0. 0. 0.
    0. 0. 0. 0. 0. 0. 0. 0. 0. 0. 0. 0. 0. 0. 0. 0. 0. 0. 0. 0. 0. 0. 0.
    0. 0. 0. 0. 0. 0. 0. 0. 0. 0. 0. 0. 0. 0. 0. 0. 0. 0. 0. 0. 0. 0. 0.
    0. 0. 0. 0. 0. 0. 0. 0. 0. 0. 0. 0. 0. 0. 0. 0. 0. 0. 0. 0. 0. 0. 0.
    0. 0. 0. 0. 0. 0. 0. 0. 0. 0. 0. 0. 0. 0. 0. 0. 0. 0. 0. 0. 0. 0. 0.
    0. 0. 0. 0. 0. 0. 0. 0. 0. 0. 0. 0. 0. 0. 0. 0. 0. 0. 0. 0. 0. 0. 0.
    0. 0. 0. 0. 0. 0. 0. 0. 0. 2.46900010e+00 2.45000005e+00
    2.43300009e+00 2.41599989e+00 2.57399988e+00 0. 2.99699998e+00
    2.98099995e+00 2.99300003e+00 0. 0. 0. 0. 0. 0. 0. 0. 0. 0. 0. 0. 0.
    0. 0. 0. 0. 0. 0. 0. 0. 0. 0. 0. 0. 0. 0. 0. 0. 0. 0. 2.07599998e+00
    2.05900002e+00 2.06900001e+00 2.07299995e+00 2.22499990e+00
    2.66899991e+00 2.89700007e+00 2.96000004e+00 2.97099996e+00
    2.99499989e+00 2.99499989e+00 2.75799990e+00 2.78699994e+00 0. 0. 0.
    0. 0. 0. 0. 0. 0. 0. 0. 0. 0. 0. 0. 0. 0. 0. 0. 0. 0. 0. 0. 0. 0. 0.
    0. 2.03600001e+00 2.03600001e+00 2.06299996e+00 2.07299995e+00
    2.07100010e+00 2.08299994e+00 2.64100003e+00 2.79399991e+00
    2.79399991e+00 2.79399991e+00 2.79399991e+00 1.93299997e+00
    1.74699998e+00 2.43099999e+00 0. 0. 0. 0. 0. 0. 0. 2.98699999e+00 0.
    0. 0. 0. 0. 0. 0. 0. 0. 0. 0. 0. 0. 0. 0. 0. 0. 0. 2.03600001e+00
    2.03600001e+00 2.06299996e+00 2.07299995e+00 2.06399989e+00
    2.03900003e+00 2.07599998e+00 2.08699989e+00 2.08699989e+00
    2.08699989e+00 2.08699989e+00 0. 0. 0. 2.76500010e+00 0. 0. 0. 0. 0.
    2.55999994e+00 2.32599998e+00 0. 0. 0. 0. 0. 0. 0. 0. 0. 0. 0. 0. 0.
    0. 0. 0. 0. 0. 2.03600001e+00 2.03600001e+00 2.06299996e+00
    2.07299995e+00 2.06999993e+00 2.06200004e+00 2.04200006e+00
    2.03600001e+00 2.03600001e+00 2.03600001e+00 2.03600001e+00
    1.38900006e+00 0. 1.19099998e+00 2.23799992e+00 2.35599995e+00
    2.35599995e+00 2.34500003e+00 2.30599999e+00 2.28699994e+00
    2.10200000e+00 2.03099990e+00 2.29900002e+00 2.31900001e+00
    2.35200000e+00 2.37400007e+00 2.37899995e+00 2.42000008e+00
    2.41599989e+00 2.38000011e+00 2.34200001e+00 2.36199999e+00
    2.34500003e+00 2.38100004e+00 2.63199997e+00 0. 0. 0. 0. 0.
    2.03600001e+00 2.03600001e+00 2.04999995e+00 2.05500007e+00
    2.05999994e+00 2.07200003e+00 2.04399991e+00 2.03600001e+00
    2.03600001e+00 2.03500009e+00 2.02099991e+00 2.00699997e+00 2.
    2.00500011e+00 2.03299999e+00 2.03600001e+00 2.03600001e+00
    2.02099991e+00 1.96700001e+00 1.95099998e+00 1.93799996e+00
    1.92999995e+00 1.93099999e+00 1.95799994e+00 1.99600005e+00
    2.01900005e+00 2.02500010e+00 2.06800008e+00 2.07500005e+00
    2.05999994e+00 2.04200006e+00 2.06999993e+00 2.04699993e+00
    2.03600001e+00 2.18300009e+00 2.67799997e+00 2.66899991e+00
    2.64700007e+00 2.63599992e+00 2.67799997e+00 2.03600001e+00
    2.03600001e+00 2.03600001e+00 2.03600001e+00 2.04299998e+00
    2.06299996e+00 2.04200006e+00 2.03600001e+00 2.03600001e+00
    2.03299999e+00 2.00500011e+00 2. 2.00300002e+00 2.01099992e+00
    2.02600002e+00 2.02699995e+00 2.03099990e+00 2.02099991e+00
    1.96700001e+00 1.96500003e+00 1.95200002e+00 1.93799996e+00
    1.94000006e+00 1.96000004e+00 1.98500001e+00 2. 2.00399995e+00
    2.03099990e+00 2.03600001e+00 2.03600001e+00 2.03900003e+00
    2.05399990e+00 2.03600001e+00 2.03099990e+00 2.03600001e+00
    2.03600001e+00 2.00900006e+00 2. 2.00999999e+00 2.08500004e+00
    2.03600001e+00 2.03600001e+00 2.03600001e+00 2.03600001e+00
    2.03600001e+00 2.03600001e+00 2.03600001e+00 2.03600001e+00
    2.03600001e+00 2.03299999e+00 2.00600004e+00 2. 2.01399994e+00
    2.03099990e+00 2.00300002e+00 2. 2.01600003e+00 2.02099991e+00
    1.96700001e+00 1.96500003e+00 1.96500003e+00 1.96500003e+00
    1.96500003e+00 1.96500003e+00 1.98500001e+00 2. 2.00399995e+00
    2.03099990e+00 2.03600001e+00 2.03600001e+00 2.02999997e+00
    2.00300002e+00 2. 2.01600003e+00 2.03600001e+00 2.03600001e+00
    2.00900006e+00 2. 2.01099992e+00 2.03600001e+00 2.05900002e+00
    2.03699994e+00 2.03600001e+00 2.03600001e+00 2.03600001e+00
    2.03600001e+00 2.03600001e+00 2.03600001e+00 2.03600001e+00
    2.03500009e+00 2.02900004e+00 2.02800012e+00 2.03099990e+00
    2.03099990e+00 2.00300002e+00 2. 2.01600003e+00 2.02699995e+00
    1.99300003e+00 1.99199998e+00 1.99199998e+00 1.98500001e+00
    1.96500003e+00 1.96500003e+00 1.98500001e+00 2. 2.00399995e+00
    2.03099990e+00 2.03600001e+00 2.03600001e+00 2.02999997e+00
    2.00300002e+00 2. 2.00399995e+00 2.01399994e+00 2.03600001e+00
    2.02999997e+00 2.02800012e+00 2.02999997e+00 2.03600001e+00
    2.06599998e+00 2.03699994e+00 2.03600001e+00 2.03600001e+00
    2.03600001e+00 2.03600001e+00 2.03600001e+00 2.04699993e+00
    2.04999995e+00 2.03600001e+00 2.03600001e+00 2.03600001e+00
    2.03600001e+00 2.03099990e+00 2.00300002e+00 2. 2.01600003e+00
    2.02800012e+00 2.00099993e+00 2. 2. 1.99000001e+00 1.96500003e+00
    1.96500003e+00 1.98500001e+00 2. 2.00399995e+00 2.03099990e+00
    2.03600001e+00 2.03600001e+00 2.02999997e+00 2.00300002e+00 2. 2.
    2.00799990e+00 2.03600001e+00 2.03600001e+00 2.03600001e+00
    2.03600001e+00 2.03500009e+00 2.04800010e+00 2.03699994e+00
    2.03600001e+00 2.03600001e+00 2.03600001e+00 2.03600001e+00
    2.03600001e+00 2.05699992e+00 2.06100011e+00 2.03600001e+00
    2.03600001e+00 2.03600001e+00 2.03600001e+00 2.03099990e+00
    2.00300002e+00 2. 2.01099992e+00 2.01999998e+00 2.00099993e+00 2. 2.
    1.99300003e+00 1.97599995e+00 1.97599995e+00 1.99000001e+00 2.
    2.00399995e+00 2.03099990e+00 2.03600001e+00 2.03999996e+00
    2.04099989e+00 2.01399994e+00 2.01099992e+00 2.01099992e+00
    2.01699996e+00 2.03600001e+00 2.03600001e+00 2.03600001e+00
    2.03600001e+00 2.03399992e+00 2.00699997e+00 2.03500009e+00
    2.03600001e+00 2.03600001e+00 2.03600001e+00 2.03600001e+00
    2.03600001e+00 2.05500007e+00 2.05900002e+00 2.03600001e+00
    2.03600001e+00 2.03600001e+00 2.03600001e+00 2.03099990e+00
    2.00300002e+00 2. 2. 2. 2. 2. 2. 2. 2. 2. 2. 2. 2.00399995e+00
    2.03099990e+00 2.03600001e+00 2.05100012e+00 2.06699991e+00
    2.04099989e+00 2.03900003e+00 2.03699994e+00 2.03600001e+00
    2.03600001e+00 2.03399992e+00 2.03299999e+00 2.03299999e+00
    2.03200006e+00 2.00699997e+00 2.03500009e+00 2.03600001e+00
    2.03600001e+00 2.03600001e+00 2.03600001e+00 2.03600001e+00
    2.03900003e+00 2.03999996e+00 2.03600001e+00 2.03600001e+00
    2.03600001e+00 2.03600001e+00 2.03099990e+00 2.00300002e+00 2. 2. 2.
    2. 2. 2. 2. 2. 2. 2. 2. 2.00399995e+00 2.03099990e+00 2.03600001e+00
    2.05100012e+00 2.07200003e+00 2.06699991e+00 2.06699991e+00
    2.05299997e+00 2.03600001e+00 2.03600001e+00 2.01300001e+00
    2.00600004e+00 2.00600004e+00 2.00600004e+00 0. 1.95200002e+00
    2.03600001e+00 2.03600001e+00 2.03600001e+00 2.03600001e+00
    2.03600001e+00 2.03600001e+00 2.03600001e+00 2.03600001e+00
    2.03600001e+00 2.03600001e+00 2.03600001e+00 2.03099990e+00
    2.00300002e+00 2. 2. 2. 2. 2. 2. 2. 2. 2. 2. 2. 2.00399995e+00
