<?xml version="1.0"?>
<opencv_storage>
<Depth type_id="opencv-matrix">
  <rows>40</rows>
  <cols>40</cols>
  <dt>f</dt>
  <data>
    0. 0. 0. 0. 0. 0. 0. 0. 0. 0. 0. 0. 0. 0. 0. 0. 2. 2. 2.00500011e+00
    2.02699995e+00 2.02699995e+00 2.02699995e+00 2.02699995e+00
    2.01099992e+00 2. 2.00999999e+00 2.70300007e+00 0. 0. 0. 0. 0. 0. 0.
    0. 0. 0. 0. 0. 0. 0. 0. 0. 0. 0. 0. 0. 0. 0. 0. 0. 0. 0. 0. 0.
    2.19600010e+00 2. 2. 2.00099993e+00 2.00600004e+00 2.02600002e+00
    2.02699995e+00 2.02699995e+00 2.01099992e+00 2. 2.00999999e+00
    2.68300009e+00 0. 0. 0. 0. 0. 0. 0. 0. 0. 0. 0. 0. 0. 0. 0. 0. 0. 0.
    0. 0. 0. 0. 2.70799994e+00 2.71000004e+00 2.72700000e+00
    2.72700000e+00 2.71199989e+00 2.24399996e+00 2. 2. 2. 2.
    2.00200009e+00 2.02600002e+00 2.02699995e+00 2.02699995e+00
    2.01099992e+00 2. 2.00300002e+00 2.66499996e+00 0. 0. 0. 0. 0. 0. 0.
    0. 0. 0. 0. 0. 0. 0. 0. 0. 2.98900008e+00 2.97499990e+00
    2.97199988e+00 2.96300006e+00 2.95600009e+00 2.61500001e+00 2.
    2.00099993e+00 2.01099992e+00 2.01099992e+00 2.00300002e+00 2. 2.
    1.99300003e+00 1.98399997e+00 1.98699999e+00 2.00099993e+00
    2.01099992e+00 2.01099992e+00 2.02300000e+00 2.01099992e+00 2. 2.
    2.65899992e+00 0. 0. 0. 0. 0. 0. 0. 0. 0. 0. 0. 0. 0. 0. 0. 0.
    2.02900004e+00 2.01699996e+00 2.01399994e+00 2.00600004e+00 2. 2. 2.
    1.99800003e+00 1.98699999e+00 1.98699999e+00 1.98699999e+00
    1.98699999e+00 1.98699999e+00 1.98099995e+00 1.97300005e+00
    1.97800004e+00 2. 2. 2. 2.00999999e+00 2.00600004e+00 2. 2.
    2.65899992e+00 0. 0. 0. 0. 0. 0. 0. 0. 0. 0. 0. 0. 0. 0. 0. 0. 2. 2.
    2. 2. 2. 2. 1.99800003e+00 1.98800004e+00 1.97300005e+00
    1.97300005e+00 1.97300005e+00 1.97300005e+00 1.97300005e+00
    1.97700000e+00 1.98300004e+00 1.98599994e+00 2. 2. 2. 2. 2.
    1.99500000e+00 1.99000001e+00 2.41599989e+00 0. 0. 0. 0. 0. 0. 0. 0.
    0. 0. 0. 0. 0. 0. 0. 0. 2.00600004e+00 2.00099993e+00 2. 2. 2. 2.
    1.99399996e+00 1.97300005e+00 1.97300005e+00 1.97300005e+00
    1.97300005e+00 1.97300005e+00 1.97300005e+00 1.98199999e+00
    1.99399996e+00 1.99500000e+00 2. 2. 2. 2. 2. 1.98699999e+00
    1.97300005e+00 1.98000002e+00 2.27999997e+00 0. 0. 0. 0. 0. 0. 0. 0.
    0. 0. 0. 0. 0. 0. 0. 2.02399993e+00 2.00399995e+00 2. 2. 2. 2.
    1.99399996e+00 1.97300005e+00 1.97300005e+00 1.97300005e+00
    1.97300005e+00 1.97300005e+00 1.97300005e+00 1.97300005e+00
    1.97300005e+00 1.97800004e+00 2. 2. 2. 1.99800003e+00 1.99699998e+00
    1.98699999e+00 1.97599995e+00 1.98199999e+00 2.00300002e+00
    2.07500005e+00 0. 0. 0. 0. 0. 0. 0. 0. 0. 0. 0. 0. 0. 0. 2. 2. 2. 2.
    2. 2. 1.99399996e+00 1.97300005e+00 1.97300005e+00 1.97300005e+00
    1.97300005e+00 1.97300005e+00 1.97300005e+00 1.97300005e+00
    1.97300005e+00 1.97800004e+00 2. 2. 2. 1.98099995e+00 1.97300005e+00
    1.98599994e+00 2. 2. 2. 2.04999995e+00 0. 0. 0. 0. 0. 0. 0. 0. 0. 0.
    0. 0. 0. 0. 2. 2. 2. 2. 2. 2. 1.99899995e+00 1.99399996e+00
    1.97300005e+00 1.97300005e+00 1.97300005e+00 1.97300005e+00
    1.97300005e+00 1.97300005e+00 1.97300005e+00 1.97800004e+00 2. 2. 2.
    1.98099995e+00 1.97300005e+00 1.98599994e+00 2. 2. 2. 2.04999995e+00
    0. 0. 0. 0. 0. 0. 0. 0. 0. 0. 0. 0. 0. 0. 2. 2. 2. 2. 2. 2. 2.
    1.99699998e+00 1.97300005e+00 1.97300005e+00 1.97300005e+00
    1.97300005e+00 1.97300005e+00 1.97300005e+00 1.97300005e+00
    1.97800004e+00 2. 2. 2. 1.99600005e+00 1.99399996e+00 1.99699998e+00
    1.99199998e+00 1.97899997e+00 1.98199999e+00 2.01099992e+00
    2.53399992e+00 0. 0. 0. 0. 0. 0. 0. 0. 0. 0. 0. 0. 0. 2. 2. 2. 2. 2.
    2. 2. 1.99899995e+00 1.99100006e+00 1.97500002e+00 1.97300005e+00
    1.97300005e+00 1.97300005e+00 1.97300005e+00 1.97300005e+00
    1.97800004e+00 2. 2. 2. 2. 2. 2. 1.99000001e+00 1.97300005e+00
    1.97700000e+00 2. 2. 0. 0. 0. 0. 0. 0. 0. 0. 0. 0. 0. 0. 0. 2. 2. 2.
    2. 2. 2. 2. 2. 2. 1.97599995e+00 1.97300005e+00 1.97300005e+00
    1.97300005e+00 1.97300005e+00 1.97300005e+00 1.97800004e+00 2. 2. 2.
    2. 2. 2. 1.99000001e+00 1.97300005e+00 1.97700000e+00 2. 2. 0. 0. 0.
    0. 0. 0. 0. 0. 0. 0. 0. 0. 0. 2. 2. 2. 2. 2. 2. 2. 2. 2.
    1.97599995e+00 1.97300005e+00 1.97300005e+00 1.97300005e+00
    1.97300005e+00 1.97300005e+00 1.97800004e+00 2. 2. 2. 2. 2. 2.
    1.99000001e+00 1.97300005e+00 1.97500002e+00 1.98899996e+00
    1.98899996e+00 0. 0. 0. 0. 0. 0. 0. 0. 0. 0. 0. 0. 0. 2.00799990e+00
    2.00099993e+00 2. 2. 2. 2. 2. 1.99899995e+00 1.99199998e+00
    1.97500002e+00 1.97300005e+00 1.97300005e+00 1.97300005e+00
    1.97300005e+00 1.97300005e+00 1.97800004e+00 2. 2. 2. 2. 2. 2.
    1.99000001e+00 1.97300005e+00 1.97300005e+00 1.97300005e+00
    1.97300005e+00 0. 0. 0. 0. 0. 0. 0. 0. 0. 0. 0. 0. 0. 2.02200007e+00
    2.00399995e+00 2. 2. 2. 2. 2. 1.99699998e+00 1.97300005e+00
    1.97300005e+00 1.97300005e+00 1.97300005e+00 1.97300005e+00
    1.97300005e+00 1.97300005e+00 1.97800004e+00 2. 2. 2. 2. 2. 2.
    1.99000001e+00 1.97300005e+00 1.97300005e+00 1.97300005e+00
    1.97300005e+00 1.97300005e+00 0. 0. 0. 0. 0. 0. 0. 0. 0. 0. 0. 0. 2.
    1.99800003e+00 1.99800003e+00 1.99899995e+00 2. 2. 2. 1.99699998e+00
    1.97300005e+00 1.97300005e+00 1.97300005e+00 1.97300005e+00
    1.97300005e+00 1.97300005e+00 1.97300005e+00 1.97800004e+00 2. 2. 2.
    2. 2. 2. 1.99000001e+00 1.97300005e+00 1.97300005e+00 1.97300005e+00
    1.97300005e+00 1.97300005e+00 0. 0. 0. 0. 0. 0. 0. 0. 0. 0. 0. 0. 2.
    1.97899997e+00 1.97399998e+00 1.98899996e+00 2. 2. 2. 1.99699998e+00
    1.97300005e+00 1.97300005e+00 1.97300005e+00 1.97300005e+00
    1.97300005e+00 1.97300005e+00 1.97300005e+00 1.97800004e+00 2. 2. 2.
    2. 2. 2. 1.99000001e+00 1.97300005e+00 1.97300005e+00 1.97300005e+00
    1.97300005e+00 1.97300005e+00 0. 0. 0. 0. 0. 0. 0. 0. 0. 0. 0. 0. 2.
    1.97800004e+00 1.97300005e+00 1.97599995e+00 1.97700000e+00
    1.97700000e+00 1.98300004e+00 1.99699998e+00 1.97300005e+00
    1.97300005e+00 1.97300005e+00 1.98800004e+00 1.99600005e+00
    1.99600005e+00 1.99600005e+00 1.99600005e+00 2. 2. 2. 2. 2. 2.
    1.99800003e+00 1.99000001e+00 1.97300005e+00 1.97300005e+00
    1.97300005e+00 1.97300005e+00 2.25900006e+00 0. 0. 0. 0. 0. 0. 0. 0.
    0. 0. 0. 0. 2.27900004e+00 1.99199998e+00 1.98099995e+00
    1.97300005e+00 1.97300005e+00 1.97899997e+00 1.99699998e+00
    1.97300005e+00 1.97300005e+00 1.97300005e+00 1.97800004e+00
    1.99100006e+00 2. 2. 2. 2. 2. 2. 2. 2. 1.99100006e+00 1.98099995e+00
    1.97899997e+00 1.97300005e+00 1.97300005e+00 1.97300005e+00
    1.95799994e+00 1.95400000e+00 0. 0. 0. 0. 0. 0. 0. 0. 0. 0. 0. 0.
    2.39499998e+00 2. 1.98399997e+00 1.97300005e+00 1.97300005e+00
    1.97599995e+00 1.98199999e+00 1.97300005e+00 1.97300005e+00
    1.97300005e+00 1.97300005e+00 1.97899997e+00 1.98399997e+00
    1.98899996e+00 2. 2. 2. 2. 1.98800004e+00 1.98399997e+00
    1.97800004e+00 1.97300005e+00 1.97300005e+00 1.97099996e+00
    1.95700002e+00 1.95700002e+00 1.94900000e+00 1.94700003e+00 0. 0. 0.
    0. 0. 0. 0. 0. 0. 0. 0. 0. 0. 2.31100011e+00 1.97899997e+00
    1.97300005e+00 1.97300005e+00 1.97300005e+00 1.97300005e+00
    1.97300005e+00 1.97300005e+00 1.97300005e+00 1.97300005e+00
    1.97300005e+00 1.97300005e+00 1.97700000e+00 1.98899996e+00 2. 2. 2.
    1.98099995e+00 1.97300005e+00 1.97300005e+00 1.97300005e+00
    1.97300005e+00 1.96899998e+00 1.94700003e+00 1.94700003e+00
    1.94700003e+00 1.93900001e+00 2.66000009e+00 0. 0. 0. 0. 0. 0. 0. 0.
    0. 0. 0. 0. 2.63100004e+00 1.97300005e+00 1.97300005e+00
    1.97300005e+00 1.97300005e+00 1.97300005e+00 1.97300005e+00
    1.97300005e+00 1.97300005e+00 1.97300005e+00 1.97300005e+00
    1.97300005e+00 1.97300005e+00 1.97800004e+00 2. 2. 1.99199998e+00
    1.97800004e+00 1.97300005e+00 1.97300005e+00 1.97300005e+00
    1.97300005e+00 1.96899998e+00 1.94700003e+00 1.94700003e+00
    1.94700003e+00 1.92999995e+00 1.92100000e+00 0. 0. 0. 0. 0. 0. 0. 0.
    0. 0. 0. 0. 2.62100005e+00 1.98000002e+00 1.97700000e+00
