<?xml version="1.0"?>
<opencv_storage>
<Depth type_id="opencv-matrix">
  <rows>40</rows>
  <cols>40</cols>
  <dt>f</dt>
  <data>
    0. 0. 0. 0. 0. 0. 0. 0. 0. 0. 0. 0. 0. 0. 0. 0. 0. 0. 0. 0. 0. 0. 0.
    0. 0. 0. 0. 0. 0. 0. 0. 0. 0. 0. 0. 0. 0. 0. 0. 0. 0. 0. 0. 0. 0. 0.
    0. 0. 0. 0. 0. 0. 0. 0. 0. 0. 0. 0. 0. 0. 0. 0. 0. 0. 0. 0. 0. 0. 0.
    0. 0. 0. 0. 0. 0. 0. 0. 0. 0. 0. 0. 0. 0. 0. 0. 0. 0. 0. 0. 0. 0. 0.
    0. 0. 0. 0. 0. 0. 0. 0. 0. 0. 0. 0. 0. 0. 0. 0. 0. 0. 0. 0. 0. 0. 0.
    0. 0. 0. 0. 0. 0. 0. 0. 0. 0. 0. 0. 0. 0. 0. 0. 0. 0. 0. 0. 0. 0. 0.
    0. 0. 0. 0. 0. 0. 0. 0. 0. 0. 0. 0. 0. 0. 0. 0. 0. 0. 0. 0. 0. 0. 0.
    0. 0. 0. 0. 0. 0. 0. 0. 0. 0. 0. 0. 0. 0. 0. 0. 0. 0. 0. 0. 0. 0. 0.
    0. 0. 0. 0. 0. 0. 0. 0. 0. 0. 0. 0. 0. 0. 0. 0. 0. 0. 0. 0. 0. 0. 0.
    0. 0. 0. 0. 0. 0. 0. 0. 0. 0. 0. 0. 0. 0. 0. 0. 0. 0. 0. 0. 0. 0. 0.
    0. 0. 0. 0. 0. 0. 0. 0. 0. 0. 0. 0. 0. 0. 0. 0. 0. 0. 0. 0. 0. 0. 0.
    0. 0. 0. 0. 0. 0. 0. 0. 0. 0. 0. 0. 0. 0. 0. 0. 0. 0. 0. 0. 0. 0. 0.
    0. 0. 0. 0. 0. 0. 0. 0. 0. 0. 0. 0. 0. 0. 0. 0. 0. 0. 0. 0. 0. 0. 0.
    0. 0. 0. 0. 0. 0. 0. 0. 0. 0. 0. 0. 0. 0. 0. 0. 0. 0. 0. 0. 0. 0. 0.
    0. 0. 0. 0. 0. 0. 0. 0. 0. 0. 0. 0. 0. 0. 0. 0. 0. 0. 0. 0. 0. 0. 0.
    0. 0. 0. 0. 0. 0. 0. 0. 0. 0. 0. 0. 0. 0. 0. 0. 0. 0. 0. 0. 0. 0. 0.
    0. 0. 0. 0. 0. 0. 0. 0. 0. 0. 0. 0. 0. 0. 0. 0. 0. 0. 0. 0. 0. 0. 0.
    0. 0. 0. 0. 0. 0. 0. 0. 0. 0. 0. 0. 0. 0. 0. 0. 0. 0. 0. 0. 0. 0. 0.
    0. 0. 0. 0. 0. 0. 0. 0. 0. 0. 0. 0. 0. 0. 0. 0. 0. 0. 0. 0. 0. 0. 0.
    0. 0. 0. 0. 0. 0. 0. 0. 0. 0. 0. 2.13599992e+00 2.13599992e+00
    2.13599992e+00 2.13599992e+00 2.13599992e+00 2.13599992e+00
    2.11400008e+00 2.00799990e+00 1.90199995e+00 1.86899996e+00
    1.86899996e+00 1.86899996e+00 1.86899996e+00 1.86899996e+00 0. 0. 0.
    0. 0. 0. 0. 0. 0. 0. 0. 0. 0. 0. 0. 0. 0. 0. 0. 0. 0. 0. 0. 0. 0. 0.
    2.14899993e+00 2.14800000e+00 2.14299989e+00 2.13700008e+00
    2.13599992e+00 2.13599992e+00 2.11400008e+00 2.00799990e+00
    1.90199995e+00 1.86899996e+00 1.86899996e+00 1.86899996e+00
    1.86899996e+00 1.86899996e+00 0. 0. 0. 0. 0. 0. 0. 0. 0. 0. 0. 0. 0.
    0. 0. 0. 0. 0. 0. 0. 0. 0. 0. 0. 0. 0. 2.20499992e+00 2.19899988e+00
    2.17100000e+00 2.14400005e+00 2.13599992e+00 2.13599992e+00
    2.11400008e+00 2.00799990e+00 1.90199995e+00 1.86899996e+00
    1.86899996e+00 1.86899996e+00 1.86899996e+00 1.86899996e+00 0. 0. 0.
    0. 0. 0. 0. 0. 0. 0. 0. 0. 0. 0. 0. 0. 0. 0. 0. 0. 0. 0. 0. 0. 0. 0.
    2.26099992e+00 2.24900007e+00 2.20000005e+00 2.15000010e+00
    2.13599992e+00 2.13599992e+00 2.11400008e+00 2.00799990e+00
    1.90199995e+00 1.86899996e+00 1.86899996e+00 1.86899996e+00
    1.86899996e+00 1.86899996e+00 0. 0. 0. 0. 0. 1.25699997e+00
    1.25699997e+00 1.25699997e+00 1.25699997e+00 0. 0. 0. 0. 0. 0. 0. 0.
    0. 0. 0. 0. 0. 0. 0. 0. 0. 2.19700003e+00 2.18799996e+00
    2.14800000e+00 2.10800004e+00 2.09699988e+00 2.09699988e+00
    2.08100009e+00 2.00600004e+00 1.92999995e+00 1.90699995e+00
    1.90699995e+00 1.90699995e+00 1.90699995e+00 1.90699995e+00 0. 0. 0.
    0. 1.26499999e+00 2. 2. 2. 2. 0. 0. 0. 0. 0. 0. 0. 0. 0. 0. 0. 0. 0.
    0. 0. 0. 0. 2.08699989e+00 2.08299994e+00 2.06500006e+00
    2.04800010e+00 2.04299998e+00 2.04299998e+00 2.03600001e+00
    2.00300002e+00 1.96899998e+00 1.95899999e+00 1.95899999e+00
    1.95899999e+00 1.95899999e+00 1.95899999e+00 1.41799998e+00 0. 0. 0.
    1.67499995e+00 2. 2. 2. 2. 0. 0. 0. 0. 0. 0. 0. 0. 0. 0. 0. 0. 0. 0.
    0. 0. 0. 2. 1.99899995e+00 1.99500000e+00 1.99000001e+00
    1.98899996e+00 1.98899996e+00 1.99000001e+00 1.99399996e+00
    1.99899995e+00 2. 2. 2. 2. 2. 2. 2. 2. 2. 2. 1.99699998e+00
    1.99300003e+00 1.98899996e+00 1.98899996e+00 0. 0. 0. 0. 0. 0. 0. 0.
    0. 0. 0. 0. 0. 0. 0. 0. 0. 2. 1.99399996e+00 1.96899998e+00
    1.94400001e+00 1.93700004e+00 1.93700004e+00 1.94200003e+00
    1.96700001e+00 1.99199998e+00 2. 2. 2. 2. 2. 2. 2. 2. 2. 2.
    1.98500001e+00 1.96000004e+00 1.93700004e+00 1.93700004e+00 0. 0. 0.
    0. 0. 0. 0. 0. 0. 0. 0. 0. 0. 0. 0. 0. 0. 2. 1.98899996e+00
    1.94299996e+00 1.89800000e+00 1.88499999e+00 1.88499999e+00
    1.89499998e+00 1.94000006e+00 1.98599994e+00 2. 2. 2. 2. 2. 2. 2. 2.
    2. 2. 1.97200000e+00 1.92600000e+00 1.88499999e+00 1.88499999e+00 0.
    0. 0. 0. 0. 0. 0. 0. 0. 0. 0. 0. 0. 0. 0. 0. 0. 1.96399999e+00
    1.95500004e+00 1.91700006e+00 1.87899995e+00 1.86899996e+00
    1.86899996e+00 1.87399995e+00 1.89800000e+00 1.92299998e+00
    1.92999995e+00 1.92999995e+00 1.92999995e+00 1.92999995e+00
    1.92999995e+00 1.93900001e+00 1.95200002e+00 1.96399999e+00
    1.96399999e+00 1.96399999e+00 1.94099998e+00 1.90300000e+00
    1.86899996e+00 1.86899996e+00 0. 0. 0. 0. 0. 0. 0. 0. 0. 0. 0. 0. 0.
    0. 0. 0. 0. 1.91199994e+00 1.90799999e+00 1.89100003e+00
    1.87399995e+00 1.86899996e+00 1.86899996e+00 1.86600006e+00
    1.85000002e+00 1.83299994e+00 1.82799995e+00 1.82799995e+00
    1.82799995e+00 1.82799995e+00 1.82799995e+00 1.85000002e+00
    1.88300002e+00 1.91199994e+00 1.91199994e+00 1.91199994e+00
    1.90199995e+00 1.88399994e+00 1.86899996e+00 1.86899996e+00 0. 0. 0.
    0. 0. 0. 0. 0. 0. 0. 0. 0. 0. 0. 0. 0. 0. 1.86899996e+00
    1.86899996e+00 1.86899996e+00 1.86899996e+00 1.86899996e+00
    1.86899996e+00 1.85899997e+00 1.80900002e+00 1.75999999e+00
    1.74399996e+00 1.74399996e+00 1.74399996e+00 1.74399996e+00
    1.74399996e+00 1.77600002e+00 1.82599998e+00 1.86899996e+00
    1.86899996e+00 1.86899996e+00 1.86899996e+00 1.86899996e+00
    1.86899996e+00 1.86899996e+00 0. 0. 0. 0. 0. 0. 0. 0. 0. 0. 0. 0. 0.
    0. 0. 0. 0. 1.86899996e+00 1.86899996e+00 1.86899996e+00
    1.86899996e+00 1.86899996e+00 1.86899996e+00 1.85899997e+00
    1.80900002e+00 1.75999999e+00 1.74399996e+00 1.74399996e+00
    1.74399996e+00 1.74399996e+00 1.74399996e+00 1.77600002e+00
    1.82599998e+00 1.86899996e+00 1.86899996e+00 1.86899996e+00
    1.86899996e+00 1.86899996e+00 1.86899996e+00 1.86899996e+00 0. 0. 0.
    0. 0. 0. 0. 0. 0. 0. 0. 0. 0. 0. 0. 0. 0. 1.86899996e+00
    1.86899996e+00 1.86899996e+00 1.86899996e+00 1.86899996e+00
    1.86899996e+00 1.85899997e+00 1.80900002e+00 1.75999999e+00
    1.74399996e+00 1.74399996e+00 1.74399996e+00 1.74399996e+00
    1.74399996e+00 1.77600002e+00 1.82599998e+00 1.86899996e+00
    1.86899996e+00 1.86899996e+00 1.86899996e+00 1.86899996e+00
    1.86899996e+00 1.86899996e+00 0. 0. 0. 0. 0. 0. 0. 0. 0. 0. 0. 0. 0.
    0. 0. 0. 0. 1.86899996e+00 1.86899996e+00 1.86899996e+00
    1.86899996e+00 1.86000001e+00 1.84700000e+00 1.82900000e+00
    1.79200006e+00 1.75600004e+00 1.73500001e+00 1.72300005e+00
    1.71200001e+00 1.71200001e+00 1.71200001e+00 1.74500000e+00
    1.79400003e+00 1.83800006e+00 1.85099995e+00 1.86399996e+00
    1.86099994e+00 1.84800005e+00 1.83700001e+00 1.83700001e+00 0. 0. 0.
    0. 0. 0. 0. 0. 0. 0. 0. 0. 0. 0. 0. 0. 0. 1.86899996e+00
    1.86899996e+00 1.86899996e+00 1.86899996e+00 1.84500003e+00
    1.81299996e+00 1.78400004e+00 1.76600003e+00 1.74899995e+00
    1.72200000e+00 1.69000006e+00 1.66400003e+00 1.66400003e+00
    1.66400003e+00 1.69599998e+00 1.74500000e+00 1.79100001e+00
    1.82400000e+00 1.85599995e+00 1.84899998e+00 1.81599998e+00
    1.78699994e+00 1.78699994e+00 0. 0. 0. 0. 0. 0. 0. 0. 0. 0. 0. 0. 0.
    0. 0. 0. 0. 1.86899996e+00 1.86899996e+00 1.86899996e+00
    1.86899996e+00 1.83299994e+00 1.78299999e+00 1.74399996e+00
    1.74399996e+00 1.74399996e+00 1.71099997e+00 1.66199994e+00
    1.62199998e+00 1.62199998e+00 1.62199998e+00 1.65400004e+00
    1.70200002e+00 1.75100005e+00 1.79999995e+00 1.85000002e+00
    1.83800006e+00 1.78900003e+00 1.74399996e+00 1.74399996e+00 0. 0. 0.
    0. 0. 0. 0. 0. 0. 0. 0. 0. 0. 0. 0. 0. 0. 1.86899996e+00
    1.86899996e+00 1.86899996e+00 1.86899996e+00 1.83299994e+00
    1.78299999e+00 1.74399996e+00 1.74399996e+00 1.74399996e+00
    1.71099997e+00 1.66199994e+00 1.62199998e+00 1.62199998e+00
    1.62199998e+00 1.65400004e+00 1.70200002e+00 1.75100005e+00
