<?xml version="1.0"?>
<opencv_storage>
<Depth type_id="opencv-matrix">
  <rows>40</rows>
  <cols>40</cols>
  <dt>f</dt>
  <data>
    0. 0. 0. 0. 0. 0. 0. 0. 0. 0. 0. 0. 0. 0. 0. 0. 0. 0. 0. 0. 0. 0. 0.
    0. 0. 0. 0. 0. 0. 0. 0. 0. 0. 0. 0. 0. 0. 0. 0. 0. 0. 0. 0. 0. 0. 0.
    0. 0. 0. 0. 0. 0. 0. 0. 0. 0. 0. 0. 0. 0. 0. 0. 0. 0. 0. 0. 0. 0. 0.
    0. 0. 0. 0. 0. 0. 0. 0. 0. 0. 0. 0. 0. 0. 0. 0. 0. 0. 0. 0. 0. 0. 0.
    0. 0. 0. 0. 0. 0. 0. 0. 0. 0. 0. 0. 0. 0. 0. 0. 0. 0. 0. 0. 0. 0. 0.
    0. 0. 0. 0. 0. 0. 0. 0. 0. 0. 0. 0. 0. 0. 0. 0. 0. 0. 0. 0. 0. 0. 0.
    0. 0. 0. 0. 0. 0. 0. 0. 0. 0. 0. 0. 0. 0. 0. 0. 0. 0. 0. 0. 0. 0. 0.
    0. 0. 0. 0. 0. 0. 0. 0. 0. 0. 0. 0. 0. 0. 0. 0. 0. 0. 0. 0. 0. 0. 0.
    0. 0. 0. 0. 0. 0. 0. 0. 0. 0. 0. 0. 0. 0. 0. 0. 0. 0. 0. 0. 0. 0. 0.
    0. 0. 0. 0. 0. 0. 0. 0. 0. 0. 0. 0. 0. 0. 0. 0. 0. 0. 0. 0. 0. 0. 0.
    0. 0. 0. 0. 0. 0. 0. 0. 0. 0. 0. 0. 0. 0. 0. 0. 0. 0. 0. 0. 0. 0. 0.
    0. 0. 0. 0. 0. 0. 0. 0. 0. 0. 0. 0. 0. 0. 0. 0. 0. 0. 0. 0. 0. 0. 0.
    0. 0. 0. 0. 0. 0. 0. 0. 0. 0. 0. 0. 0. 0. 2.17499995e+00
    2.17499995e+00 2.17499995e+00 2.17499995e+00 2.16199994e+00
    2.09999990e+00 2.03900003e+00 2. 2. 2. 2.03099990e+00 2.09200001e+00
    2.15300012e+00 2.17499995e+00 2.17499995e+00 2.17499995e+00
    2.17499995e+00 2.17499995e+00 2.17499995e+00 2.17499995e+00 0. 0. 0.
    0. 0. 0. 0. 0. 0. 0. 0. 0. 0. 0. 0. 0. 0. 0. 0. 0. 2.17499995e+00
    2.17499995e+00 2.17499995e+00 2.17499995e+00 2.16199994e+00
    2.09999990e+00 2.03900003e+00 2. 2. 2. 2.02999997e+00 2.08999991e+00
    2.15000010e+00 2.17100000e+00 2.17100000e+00 2.17100000e+00
    2.17100000e+00 2.17100000e+00 2.17100000e+00 2.17100000e+00 0. 0. 0.
    0. 0. 0. 0. 0. 0. 0. 0. 0. 0. 0. 0. 0. 0. 0. 0. 0. 2.17499995e+00
    2.17499995e+00 2.17499995e+00 2.17499995e+00 2.16199994e+00
    2.09999990e+00 2.03900003e+00 2. 2. 2. 2.01900005e+00 2.05800009e+00
    2.09599996e+00 2.10899997e+00 2.10899997e+00 2.10899997e+00
    2.10899997e+00 2.10899997e+00 2.10899997e+00 2.10899997e+00 0. 0. 0.
    0. 0. 0. 0. 0. 0. 0. 0. 0. 0. 0. 0. 0. 0. 0. 0. 0. 2.17499995e+00
    2.17499995e+00 2.17499995e+00 2.17499995e+00 2.16199994e+00
    2.09999990e+00 2.03900003e+00 2. 2. 2. 2.00799990e+00 2.02500010e+00
    2.04200006e+00 2.04800010e+00 2.04800010e+00 2.04800010e+00
    2.04800010e+00 2.04800010e+00 2.04800010e+00 2.04800010e+00 0. 0. 0.
    0. 0. 0. 0. 0. 0. 0. 0. 0. 0. 0. 0. 0. 0. 0. 0. 0. 2.16199994e+00
    2.16199994e+00 2.16700006e+00 2.17100000e+00 2.16199994e+00
    2.09999990e+00 2.03900003e+00 2. 2. 2. 2. 2. 2. 2. 2. 2. 2. 2. 2. 2.
    0. 0. 0. 0. 0. 0. 0. 0. 0. 0. 0. 0. 0. 0. 0. 0. 0. 0. 0. 0.
    2.09999990e+00 2.10200000e+00 2.12800002e+00 2.15499997e+00
    2.16199994e+00 2.09999990e+00 2.03900003e+00 2. 2. 2. 2. 2. 2. 2. 2.
    2. 2. 2. 2. 2. 0. 0. 0. 0. 0. 0. 0. 0. 0. 0. 0. 0. 0. 0. 0. 0. 0. 0.
    0. 0. 2.03900003e+00 2.04299998e+00 2.08999991e+00 2.13800001e+00
    2.16199994e+00 2.09999990e+00 2.03900003e+00 2. 2. 2. 2. 2. 2. 2. 2.
    2. 2. 2. 2. 2. 0. 0. 0. 0. 0. 0. 0. 0. 0. 0. 0. 0. 0. 0. 0. 0. 0. 0.
    0. 0. 1.97899997e+00 1.98300004e+00 2.04399991e+00 2.10500002e+00
    2.14100003e+00 2.08800006e+00 2.03399992e+00 2. 2. 2. 2. 2. 2. 2. 2.
    2. 2. 2. 2. 2. 0. 0. 0. 0. 0. 0. 0. 0. 0. 0. 0. 0. 0. 0. 0. 0. 0. 0.
    0. 0. 1.91999996e+00 1.92400002e+00 1.98399997e+00 2.04500008e+00
    2.08500004e+00 2.05299997e+00 2.02099991e+00 2. 2. 2. 2. 2. 2. 2. 2.
    2. 2. 2. 2. 2. 0. 0. 0. 0. 0. 0. 0. 0. 0. 0. 0. 0. 0. 0. 0. 0. 0. 0.
    0. 0. 1.86099994e+00 1.86500001e+00 1.92499995e+00 1.98399997e+00
    2.02800012e+00 2.01699996e+00 2.00699997e+00 2. 2. 2. 2. 2. 2. 2. 2.
    2. 2. 2. 2. 2. 0. 0. 0. 0. 0. 0. 0. 0. 0. 0. 0. 0. 0. 0. 0. 0. 0. 0.
    0. 0. 1.80400002e+00 1.80900002e+00 1.87699997e+00 1.94599998e+00 2.
    2. 2. 2. 2. 2. 2. 2. 2. 2. 2. 2. 2. 2. 2. 2. 0. 0. 0. 0. 0. 0. 0. 0.
    0. 0. 0. 0. 0. 0. 0. 0. 0. 0. 0. 0. 1.74800003e+00 1.75399995e+00
    1.84200001e+00 1.93099999e+00 2. 2. 2. 2. 2. 2. 2. 2. 2. 2. 2. 2. 2.
    2. 2. 2. 0. 0. 0. 0. 0. 0. 0. 0. 0. 0. 0. 0. 0. 0. 0. 0. 0. 0. 0. 0.
    1.69200003e+00 1.70000005e+00 1.80700004e+00 1.91499996e+00 2. 2. 2.
    2. 2. 2. 2. 2. 2. 2. 2. 2. 2. 2. 2. 2. 0. 0. 0. 0. 0. 0. 0. 0. 0. 0.
    0. 0. 0. 0. 0. 0. 0. 0. 0. 0. 1.63699996e+00 1.64699996e+00
    1.78799999e+00 1.92900002e+00 2.03999996e+00 2.03999996e+00
    2.03999996e+00 2.03999996e+00 2.03999996e+00 2.03999996e+00
    2.03999996e+00 2.03999996e+00 2.03999996e+00 2.03999996e+00
    2.03999996e+00 2.03999996e+00 2.03999996e+00 2.03999996e+00
    2.03999996e+00 2.03999996e+00 0. 0. 0. 0. 0. 0. 0. 0. 0. 0. 0. 0. 0.
    0. 0. 0. 0. 0. 0. 0. 1.58299994e+00 1.59599996e+00 1.77800000e+00
    1.95899999e+00 2.10100007e+00 2.10100007e+00 2.10100007e+00
    2.10100007e+00 2.10100007e+00 2.10100007e+00 2.10100007e+00
    2.10100007e+00 2.10100007e+00 2.10100007e+00 2.10100007e+00
    2.10100007e+00 2.10100007e+00 2.10100007e+00 2.10100007e+00
    2.10100007e+00 0. 0. 0. 0. 0. 0. 0. 0. 0. 0. 0. 0. 0. 0. 0. 0. 0. 0.
    0. 0. 1.52900004e+00 1.54499996e+00 1.76699996e+00 1.98800004e+00
    2.16199994e+00 2.16199994e+00 2.16199994e+00 2.16199994e+00
    2.16199994e+00 2.16199994e+00 2.16199994e+00 2.16199994e+00
    2.16199994e+00 2.16199994e+00 2.16199994e+00 2.16199994e+00
    2.16199994e+00 2.16199994e+00 2.16199994e+00 2.16199994e+00 0. 0. 0.
    0. 0. 0. 0. 0. 0. 0. 0. 0. 0. 0. 0. 0. 0. 0. 0. 0. 1.51800001e+00
    1.53499997e+00 1.76499999e+00 1.99500000e+00 2.17499995e+00
    2.17499995e+00 2.17499995e+00 2.17499995e+00 2.17499995e+00
    2.17499995e+00 2.16599989e+00 2.14899993e+00 2.13199997e+00
    2.12599993e+00 2.12599993e+00 2.12599993e+00 2.14000010e+00
    2.15700006e+00 2.17400002e+00 2.17499995e+00 0. 0. 0. 0. 0. 0. 0. 0.
    0. 0. 0. 0. 0. 0. 0. 0. 0. 0. 0. 0. 1.51800001e+00 1.53499997e+00
    1.76499999e+00 1.99500000e+00 2.17499995e+00 2.17499995e+00
    2.17499995e+00 2.17499995e+00 2.17499995e+00 2.17499995e+00
    2.15599990e+00 2.11700010e+00 2.07900000e+00 2.06500006e+00
    2.06500006e+00 2.06500006e+00 2.09599996e+00 2.13400006e+00
    2.17300010e+00 2.17499995e+00 0. 0. 0. 0. 0. 0. 0. 0. 0. 0. 0. 0. 0.
    0. 0. 0. 0. 0. 0. 0. 1.51800001e+00 1.53499997e+00 1.76499999e+00
    1.99500000e+00 2.17499995e+00 2.17499995e+00 2.17499995e+00
    2.17499995e+00 2.17499995e+00 2.17499995e+00 2.14499998e+00
    2.08500004e+00 2.02500010e+00 2.00399995e+00 2.00399995e+00
    2.00399995e+00 2.05100012e+00 2.11100006e+00 2.17100000e+00
    2.17499995e+00 0. 0. 0. 0. 0. 0. 0. 0. 0. 0. 0. 0. 0. 0. 0. 0. 0. 0.
    0. 0. 1.73300004e+00 1.74399996e+00 1.89900005e+00 2.05399990e+00
    2.17499995e+00 2.17499995e+00 2.17499995e+00 2.17499995e+00
    2.17499995e+00 2.17499995e+00 2.14400005e+00 2.08299994e+00
    2.02200007e+00 2. 2. 2. 2.04900002e+00 2.10999990e+00 2.17100000e+00
    2.17499995e+00 0. 0. 0. 0. 0. 0. 0. 0. 0. 0. 0. 0. 0. 0. 0. 0. 0. 0.
    0. 0. 1.96300006e+00 1.96899998e+00 2.04299998e+00 2.11700010e+00
    2.17499995e+00 2.17499995e+00 2.17499995e+00 2.17499995e+00
    2.17499995e+00 2.17499995e+00 2.14400005e+00 2.08299994e+00
    2.02200007e+00 2. 2. 2. 2.04900002e+00 2.10999990e+00 2.17100000e+00
    2.17499995e+00 0. 0. 0. 0. 0. 0. 0. 0. 0. 0. 0. 0. 0. 0. 0. 0. 0. 0.
    0. 0. 2.15700006e+00 2.15700006e+00 2.15799999e+00 2.16000009e+00
    2.16199994e+00 2.16700006e+00 2.17199993e+00 2.17499995e+00
    2.17499995e+00 2.17499995e+00 2.14499998e+00 2.08500004e+00
    2.02600002e+00 2.00500011e+00 2.00500011e+00 2.00500011e+00
    2.05200005e+00 2.11199999e+00 2.17100000e+00 2.17499995e+00 0. 0. 0.
    0. 0. 0. 0. 0. 0. 0. 0. 0. 0. 0. 0. 0. 0. 0. 0. 0. 1.92700005e+00
    1.92799997e+00 1.94900000e+00 1.96899998e+00 1.99899995e+00
    2.06599998e+00 2.13199997e+00 2.17499995e+00 2.17499995e+00
    2.17499995e+00 2.15599990e+00 2.11800003e+00 2.07999992e+00
    2.06599998e+00 2.06599998e+00 2.06599998e+00 2.09599996e+00
    2.13400006e+00 2.17300010e+00 2.17499995e+00 0. 0. 0. 0. 0. 0. 0. 0.
