<?xml version="1.0"?>
<opencv_storage>
<Depth type_id="opencv-matrix">
  <rows>40</rows>
  <cols>40</cols>
  <dt>f</dt>
  <data>
    0. 0. 0. 0. 0. 0. 0. 0. 0. 0. 0. 0. 0. 0. 0. 0. 0. 0. 0. 0. 0. 0. 0.
    0. 0. 0. 0. 0. 0. 0. 0. 0. 0. 0. 0. 0. 0. 0. 0. 0. 0. 0. 0. 0. 0. 0.
    0. 0. 0. 0. 0. 0. 0. 0. 0. 0. 0. 0. 0. 0. 0. 0. 0. 0. 0. 0. 0. 0. 0.
    0. 0. 0. 0. 0. 0. 0. 0. 0. 0. 0. 0. 0. 0. 0. 0. 0. 0. 0. 0. 0. 0. 0.
    0. 0. 0. 0. 0. 0. 0. 0. 0. 0. 0. 0. 0. 0. 0. 0. 0. 0. 0. 0. 0. 0. 0.
    0. 0. 0. 0. 0. 0. 0. 0. 0. 0. 0. 0. 0. 0. 0. 0. 0. 0. 0. 0. 0. 0. 0.
    0. 0. 0. 0. 0. 0. 0. 0. 0. 0. 0. 0. 0. 0. 0. 0. 0. 0. 0. 0. 0. 0. 0.
    0. 0. 0. 0. 0. 0. 0. 0. 0. 0. 0. 0. 0. 0. 0. 0. 0. 0. 0. 0. 0. 0. 0.
    0. 0. 0. 0. 0. 0. 0. 0. 0. 0. 0. 0. 0. 0. 0. 0. 0. 0. 0. 0. 0. 0. 0.
    0. 0. 0. 0. 0. 0. 0. 0. 0. 0. 0. 0. 0. 0. 0. 0. 0. 0. 0. 0. 0. 0. 0.
    0. 0. 0. 0. 0. 0. 0. 0. 0. 0. 0. 0. 0. 0. 0. 0. 0. 0. 0. 0. 0. 0. 0.
    0. 0. 0. 0. 0. 0. 0. 0. 0. 0. 0. 0. 0. 0. 0. 0. 0. 0. 0. 0. 0. 0. 0.
    0. 0. 0. 0. 0. 0. 0. 0. 0. 0. 0. 0. 0. 0. 0. 0. 0. 0. 0. 0. 0. 0. 0.
    0. 0. 0. 0. 0. 0. 0. 0. 0. 0. 0. 0. 0. 0. 0. 0. 0. 0. 0. 0. 0. 0. 0.
    0. 0. 0. 0. 0. 0. 0. 0. 0. 0. 0. 0. 0. 0. 0. 0. 0. 0. 0. 0. 0. 0. 0.
    0. 0. 0. 0. 0. 0. 0. 0. 0. 0. 0. 0. 0. 0. 0. 0. 0. 0. 0. 0. 0. 0. 0.
    0. 0. 2.23300004e+00 2.23099995e+00 1.87500000e+00 0. 0. 0. 0. 0. 0.
    0. 0. 0. 2.24499989e+00 2.23399997e+00 2.22600007e+00 0. 0. 0. 0. 0.
    0. 0. 0. 0. 0. 0. 0. 0. 0. 0. 0. 0. 0. 0. 0. 0. 0. 0. 0. 0.
    2.24799991e+00 2.22099996e+00 2.21900010e+00 2.22399998e+00
    2.23399997e+00 0. 0. 0. 0. 1.65300000e+00 2.22499990e+00
    2.22499990e+00 2.21799994e+00 2.20099998e+00 2.17799997e+00
    1.97300005e+00 0. 0. 0. 2.23600006e+00 2.23099995e+00 2.22499990e+00
    2.21499991e+00 2.21399999e+00 0. 0. 0. 0. 0. 0. 0. 0. 0. 0.
    2.17000008e+00 2.16499996e+00 2.17799997e+00 2.15400004e+00 0. 0.
    2.21000004e+00 2.18899989e+00 2.18799996e+00 2.18799996e+00
    2.19799995e+00 2.21900010e+00 0. 0. 0. 1.94099998e+00 2.19499993e+00
    2.20199990e+00 2.19199991e+00 2.17199993e+00 2.16499996e+00
    2.16599989e+00 1.80700004e+00 0. 0. 2.21300006e+00 2.19499993e+00
    2.18799996e+00 2.17600012e+00 2.17199993e+00 1.75500000e+00 0. 0. 0.
    0. 0. 0. 0. 0. 1.74500000e+00 2.16100001e+00 2.15199995e+00
    2.16499996e+00 2.16799998e+00 2.03699994e+00 1.88300002e+00
    2.15700006e+00 2.16799998e+00 2.17000008e+00 2.17600012e+00
    2.17000008e+00 2.16400003e+00 1.65199995e+00 1.65199995e+00
    1.90600002e+00 2.14599991e+00 2.16799998e+00 2.17100000e+00
    2.16300011e+00 2.15300012e+00 2.16400003e+00 2.15199995e+00
    2.15700006e+00 0. 1.34300005e+00 2.20000005e+00 2.19300008e+00
    2.17499995e+00 2.16599989e+00 2.16499996e+00 1.73800004e+00 0. 0. 0.
    0. 0. 0. 0. 0. 2.14700007e+00 2.13199997e+00 2.13299990e+00
    2.15799999e+00 2.10400009e+00 0. 2.11700010e+00 2.11700010e+00
    2.13100004e+00 2.13499999e+00 2.14199996e+00 2.13299990e+00
    2.13299990e+00 2.11700010e+00 2.11700010e+00 2.11700010e+00
    2.12899995e+00 2.13299990e+00 2.11700010e+00 2.10999990e+00
    2.09200001e+00 2.08699989e+00 2.14700007e+00 2.14800000e+00
    2.12100005e+00 2.11400008e+00 2.11999989e+00 2.17899990e+00
    2.17100000e+00 2.16400003e+00 2.16400003e+00 1.74600005e+00 0. 0. 0.
    0. 0. 0. 0. 0. 2.12899995e+00 2.10200000e+00 2.11500001e+00
    2.12800002e+00 2.11700010e+00 2.13000011e+00 2.11500001e+00
    2.10899997e+00 2.09899998e+00 2.10400009e+00 2.11299992e+00
    2.11599994e+00 2.11700010e+00 2.11700010e+00 2.11700010e+00
    2.11500001e+00 2.11299992e+00 2.11700010e+00 2.10200000e+00
    2.10200000e+00 2.08899999e+00 2.08299994e+00 2.08100009e+00
    2.09500003e+00 2.10200000e+00 2.10800004e+00 2.10800004e+00
    2.08699989e+00 2.10400009e+00 2.12700009e+00 2.12899995e+00
    2.11700010e+00 1.41199994e+00 0. 0. 0. 0. 0. 0. 0. 1.13699996e+00
    2.07999992e+00 2.09299994e+00 2.10800004e+00 2.10299993e+00
    2.11100006e+00 2.09599996e+00 2.07999992e+00 2.07999992e+00
    2.08800006e+00 2.08800006e+00 2.09699988e+00 2.10299993e+00
    2.10299993e+00 2.10500002e+00 2.10599995e+00 2.10200000e+00
    2.10999990e+00 2.10200000e+00 2.09599996e+00 2.07699990e+00
    2.07200003e+00 2.05699992e+00 2.06500006e+00 2.08899999e+00
    2.08800006e+00 2.08699989e+00 2.08699989e+00 2.08699989e+00
    2.10400009e+00 2.10999990e+00 2.09500003e+00 2.09200001e+00
    2.08800006e+00 0. 0. 0. 0. 0. 0. 0. 2.04600000e+00 2.06599998e+00
    2.07200003e+00 2.06599998e+00 2.08699989e+00 2.07500005e+00
    2.06100011e+00 2.06100011e+00 2.06100011e+00 2.06100011e+00
    2.05699992e+00 2.05500007e+00 2.05500007e+00 2.05999994e+00
    2.06999993e+00 2.07800007e+00 2.09100008e+00 2.08899999e+00
    2.07699990e+00 2.06500006e+00 2.05200005e+00 2.04800010e+00
    2.05299997e+00 2.05100012e+00 2.07200003e+00 2.07599998e+00
    2.07599998e+00 2.07599998e+00 2.07999992e+00 2.08100009e+00
    2.07200003e+00 2.06599998e+00 2.05699992e+00 0. 0. 0. 0. 0. 0. 0.
    2.02900004e+00 2.04500008e+00 2.04600000e+00 2.04299998e+00
    2.03200006e+00 2.03099990e+00 2.03900003e+00 2.04299998e+00
    2.04299998e+00 2.04299998e+00 2.03399992e+00 2.02900004e+00
    2.02900004e+00 2.03299999e+00 2.04999995e+00 2.05800009e+00
    2.05900002e+00 2.04500008e+00 2.03800011e+00 2.02999997e+00
    2.02900004e+00 2.01600003e+00 2.01600003e+00 2.02300000e+00
    2.05299997e+00 2.05800009e+00 2.05800009e+00 2.06500006e+00
    2.07200003e+00 2.07200003e+00 2.05800009e+00 2.05800009e+00
    2.04800010e+00 0. 0. 0. 0. 0. 0. 0. 2.01200008e+00 2.01799989e+00
    2.01399994e+00 2.01200008e+00 2.01200008e+00 2.00600004e+00 2. 2.
    2.01399994e+00 2.01999998e+00 2.01200008e+00 2.00200009e+00 2.
    2.01099992e+00 2.04399991e+00 2.04800010e+00 2.05399990e+00
    2.03800011e+00 2.01300001e+00 1.99800003e+00 1.99800003e+00 2.
    2.01399994e+00 2.01900005e+00 2.03299999e+00 2.03500009e+00
    2.03200006e+00 2.02500010e+00 2.05200005e+00 2.06200004e+00
    2.04800010e+00 2.03699994e+00 2.03699994e+00 0. 0. 0. 0. 0. 0. 2. 2.
    2. 1.99600005e+00 1.99399996e+00 1.99399996e+00 1.99399996e+00
    1.99800003e+00 1.99500000e+00 1.99600005e+00 2.00200009e+00 2. 2.
    1.99399996e+00 1.99899995e+00 2.00799990e+00 2.00200009e+00
    2.02500010e+00 2.01399994e+00 1.99399996e+00 1.98899996e+00
    1.98599994e+00 1.98899996e+00 2.00500011e+00 1.99199998e+00
    1.99300003e+00 1.99399996e+00 1.99399996e+00 1.99899995e+00
    2.00300002e+00 2.00300002e+00 2.00600004e+00 1.99699998e+00
    2.00399995e+00 0. 0. 0. 0. 0. 0. 1.96599996e+00 1.96599996e+00
    1.96599996e+00 1.98199999e+00 1.97700000e+00 1.97700000e+00
    1.98099995e+00 1.99600005e+00 1.98699999e+00 1.98599994e+00
    1.98800004e+00 1.99100006e+00 1.99899995e+00 1.98599994e+00
    1.99000001e+00 2. 2. 0. 1.97700000e+00 1.97700000e+00 1.98300004e+00
    1.98599994e+00 1.98599994e+00 1.97599995e+00 1.96399999e+00
    1.97500002e+00 1.97700000e+00 1.98000002e+00 1.98199999e+00
    1.97700000e+00 1.97000003e+00 1.97300005e+00 1.96399999e+00
    1.97099996e+00 0. 0. 0. 0. 0. 0. 1.94500005e+00 1.94500005e+00
    1.93900001e+00 1.93900001e+00 1.94900000e+00 1.94900000e+00
    1.95000005e+00 1.95299995e+00 1.98399997e+00 1.98599994e+00
    1.98599994e+00 1.98599994e+00 1.98800004e+00 1.96300006e+00
    1.96000004e+00 1.95299995e+00 1.95299995e+00 0. 1.97200000e+00
    1.97200000e+00 1.98099995e+00 1.98599994e+00 1.97399998e+00
    1.95899999e+00 1.93599999e+00 1.94700003e+00 1.96099997e+00
    1.96500003e+00 1.96800005e+00 1.96099997e+00 1.94799995e+00
    1.94700003e+00 1.94700003e+00 1.95500004e+00 0. 0. 0. 0. 0. 0.
    1.94500005e+00 1.94400001e+00 1.93700004e+00 1.93200004e+00
    1.94400001e+00 1.94400001e+00 1.94400001e+00 1.94400001e+00
    1.78900003e+00 1.92900002e+00 1.92900002e+00 1.93099999e+00
    1.94200003e+00 1.95700002e+00 1.95299995e+00 1.94299996e+00
    1.94299996e+00 1.91900003e+00 1.98000002e+00 1.97899997e+00
    1.98300004e+00 1.97300005e+00 1.95700002e+00 1.93900001e+00
