<?xml version="1.0"?>
<opencv_storage>
<Depth type_id="opencv-matrix">
  <rows>40</rows>
  <cols>40</cols>
  <dt>f</dt>
  <data>
    0. 0. 0. 0. 0. 0. 0. 0. 0. 0. 0. 0. 0. 0. 0. 0. 0. 0. 0. 0. 0. 0. 0.
    0. 0. 0. 0. 0. 0. 0. 0. 0. 0. 0. 0. 0. 0. 0. 0. 0. 0. 0. 0. 0. 0. 0.
    0. 0. 0. 0. 0. 0. 0. 0. 0. 0. 0. 0. 0. 0. 0. 0. 0. 0. 0. 0. 0. 0. 0.
    0. 0. 0. 0. 0. 0. 0. 0. 0. 0. 0. 0. 0. 0. 0. 0. 0. 0. 0. 0. 0. 0. 0.
    0. 0. 0. 0. 0. 0. 0. 0. 0. 0. 0. 0. 0. 0. 0. 0. 0. 0. 0. 0. 0. 0. 0.
    0. 0. 0. 0. 0. 0. 0. 0. 0. 0. 0. 0. 0. 0. 0. 0. 0. 0. 0. 0. 0. 0. 0.
    0. 0. 0. 0. 0. 0. 0. 0. 0. 0. 0. 0. 0. 0. 0. 0. 0. 0. 0. 0. 0. 0. 0.
    0. 0. 0. 0. 0. 0. 0. 0. 0. 0. 0. 0. 0. 0. 0. 0. 0. 0. 0. 0. 0. 0. 0.
    0. 0. 0. 0. 0. 0. 0. 0. 0. 0. 0. 0. 0. 0. 0. 0. 0. 0. 0. 0. 0. 0. 0.
    0. 0. 0. 0. 0. 0. 0. 0. 0. 0. 0. 0. 0. 0. 0. 0. 0. 0. 0. 0. 0. 0. 0.
    0. 0. 0. 0. 0. 0. 0. 0. 0. 0. 0. 0. 0. 0. 0. 0. 0. 0. 0. 0. 0. 0. 0.
    0. 0. 0. 0. 0. 0. 0. 0. 0. 0. 0. 0. 0. 0. 0. 0. 0. 0. 0. 0. 0. 0. 0.
    0. 0. 0. 0. 0. 0. 0. 0. 0. 0. 0. 0. 0. 0. 0. 0. 0. 0. 0. 0. 0.
    2.21399999e+00 2.13199997e+00 2.07200003e+00 2.07200003e+00
    2.07200003e+00 2.07200003e+00 2.07200003e+00 2.07200003e+00
    2.07200003e+00 2.07200003e+00 2.07200003e+00 2.07200003e+00 0. 0. 0.
    0. 0. 0. 0. 0. 0. 0. 0. 0. 0. 0. 0. 0. 0. 0. 0. 0. 0. 0. 0. 0. 0. 0.
    0. 0. 2.19099998e+00 2.12199998e+00 2.07200003e+00 2.07200003e+00
    2.06699991e+00 2.05399990e+00 2.04900002e+00 2.04900002e+00
    2.04900002e+00 2.04900002e+00 2.03800011e+00 2.02699995e+00 0. 0. 0.
    0. 0. 0. 0. 0. 0. 0. 0. 0. 0. 0. 0. 0. 0. 0. 0. 0. 0. 0. 0. 0. 0. 0.
    1.27800000e+00 1.81200004e+00 2.15100002e+00 2.10599995e+00
    2.07200003e+00 2.07200003e+00 2.05699992e+00 2.02300000e+00
    2.00999999e+00 2.00999999e+00 2.00999999e+00 2.00999999e+00
    1.97899997e+00 1.95000005e+00 0. 0. 0. 0. 0. 0. 0. 0. 0. 0. 0. 0. 0.
    0. 0. 0. 0. 0. 0. 0. 0. 0. 0. 0. 0. 0. 1.92999995e+00 2.13000011e+00
    2.11299992e+00 2.08899999e+00 2.07200003e+00 2.07200003e+00
    2.05500007e+00 2.01600003e+00 2. 2. 2. 2. 1.96500003e+00
    1.93099999e+00 0. 0. 0. 0. 0. 0. 0. 0. 0. 0. 0. 0. 0. 0. 0. 0. 0. 0.
    0. 0. 0. 0. 0. 0. 0. 0. 1.92999995e+00 2.10999990e+00 2.07500005e+00
    2.07299995e+00 2.07200003e+00 2.07200003e+00 2.05500007e+00
    2.01600003e+00 2. 2. 2. 2. 1.96500003e+00 1.93099999e+00 0. 0. 0. 0.
    0. 0. 0. 0. 0. 0. 0. 0. 0. 0. 0. 0. 0. 0. 0. 0. 0. 0. 0. 0. 0. 0.
    1.89600003e+00 2.01900005e+00 2.03800011e+00 2.05699992e+00
    2.07200003e+00 2.07200003e+00 2.05500007e+00 2.01600003e+00 2. 2. 2.
    2. 2.00099993e+00 2.00200009e+00 0. 0. 0. 0. 0. 0. 0. 0. 0. 0. 0. 0.
    0. 0. 0. 0. 0. 0. 0. 0. 0. 0. 0. 0. 1.25199997e+00 1.86300004e+00
    1.86300004e+00 1.93200004e+00 2.00300002e+00 2.04099989e+00
    2.06800008e+00 2.06800008e+00 2.05200005e+00 2.01500010e+00 2. 2. 2.
    2. 2.03500009e+00 2.06800008e+00 0. 0. 0. 0. 0. 0. 0. 0. 0. 0. 0. 0.
    0. 0. 0. 0. 0. 0. 0. 0. 0. 0. 0. 0. 1.60300004e+00 1.86300004e+00
    1.86300004e+00 1.93200004e+00 2.00099993e+00 2.01699996e+00
    2.02900004e+00 2.02900004e+00 2.02200007e+00 2.00600004e+00 2. 2. 2.
    2. 2.01500010e+00 2.02900004e+00 0. 0. 0. 0. 0. 0. 0. 0. 0. 0. 0. 0.
    0. 0. 0. 0. 0. 0. 0. 0. 0. 0. 1.91400003e+00 1.90400004e+00
    1.88699996e+00 1.88199997e+00 1.88199997e+00 1.94200003e+00 2. 2. 2.
    2. 2. 2. 1.99699998e+00 1.99100006e+00 1.99000001e+00 1.99000001e+00
    1.99500000e+00 2. 0. 0. 0. 0. 0. 0. 0. 0. 0. 0. 0. 0. 0. 0. 0. 0. 0.
    0. 0. 0. 0. 0. 2.10899997e+00 2.06100011e+00 1.97800004e+00
    1.95700002e+00 1.95700002e+00 1.97899997e+00 2. 2. 2. 2. 2. 2.
    1.98399997e+00 1.95899999e+00 1.95299995e+00 1.95299995e+00
    1.97700000e+00 2. 0. 0. 0. 0. 0. 0. 0. 0. 0. 0. 0. 0. 0. 0. 0. 0. 0.
    0. 0. 0. 0. 0. 2.22099996e+00 2.15000010e+00 2.02999997e+00 2. 2. 2.
    2. 2. 2. 2. 2. 2. 1.97700000e+00 1.94000006e+00 1.93099999e+00
    1.93099999e+00 1.95799994e+00 1.98399997e+00 0. 0. 0. 0. 0. 0. 0. 0.
    0. 0. 0. 0. 0. 0. 0. 0. 0. 0. 0. 0. 0. 0. 2.22099996e+00
    2.15000010e+00 2.02999997e+00 2. 2. 2. 2. 2. 2. 2. 2. 2.
    1.97700000e+00 1.94000006e+00 1.93099999e+00 1.93099999e+00
    1.93900001e+00 1.94599998e+00 0. 0. 0. 0. 0. 0. 0. 0. 0. 0. 0. 0. 0.
    0. 0. 0. 0. 0. 0. 0. 0. 0. 2.22099996e+00 2.15799999e+00
    2.04999995e+00 2.02399993e+00 2.02399993e+00 2.02399993e+00
    2.02200007e+00 2.00900006e+00 2. 2. 2. 2. 1.97700000e+00
    1.94000006e+00 1.93099999e+00 1.93099999e+00 1.93099999e+00
    1.93099999e+00 0. 0. 0. 0. 0. 0. 0. 0. 0. 0. 0. 0. 0. 0. 0. 0. 0. 0.
    0. 0. 0. 0. 2.22099996e+00 2.17100000e+00 2.08400011e+00
    2.06299996e+00 2.06299996e+00 2.06299996e+00 2.05999994e+00
    2.02500010e+00 2. 2. 2. 2. 1.97700000e+00 1.94000006e+00
    1.93099999e+00 1.93099999e+00 1.93099999e+00 1.93099999e+00 0. 0. 0.
    0. 0. 0. 0. 0. 0. 0. 0. 0. 0. 0. 0. 0. 0. 0. 0. 0. 0. 0.
    2.12800002e+00 2.10100007e+00 2.05399990e+00 2.04200006e+00
    2.04200006e+00 2.05699992e+00 2.06800008e+00 2.02900004e+00 2. 2. 2.
    2. 1.97700000e+00 1.94000006e+00 1.93099999e+00 1.93099999e+00
    1.93099999e+00 1.93099999e+00 0. 0. 0. 0. 0. 0. 0. 0. 0. 0. 0. 0. 0.
    0. 0. 0. 0. 0. 0. 0. 0. 0. 2.00799990e+00 2.00600004e+00
    2.00300002e+00 2.00300002e+00 2.00300002e+00 2.03800011e+00
    2.06800008e+00 2.02900004e+00 2. 2. 2. 2. 1.97700000e+00
    1.94000006e+00 1.93099999e+00 1.93099999e+00 1.93099999e+00
    1.93099999e+00 0. 0. 0. 0. 0. 0. 0. 0. 0. 0. 0. 0. 0. 0. 0. 0. 0. 0.
    0. 0. 0. 0. 1.96500003e+00 1.96500003e+00 1.96500003e+00
    1.96500003e+00 1.96500003e+00 2. 2.03200006e+00 1.99300003e+00
    1.96500003e+00 1.96500003e+00 1.96500003e+00 1.96500003e+00
    1.95400000e+00 1.93499994e+00 1.93099999e+00 1.93099999e+00
    1.94900000e+00 1.96599996e+00 0. 0. 0. 0. 0. 0. 0. 0. 0. 0. 0. 0. 0.
    0. 0. 0. 0. 0. 0. 0. 0. 0. 1.93099999e+00 1.93099999e+00
    1.93099999e+00 1.93099999e+00 1.93099999e+00 1.96599996e+00
    1.99699998e+00 1.95899999e+00 1.93099999e+00 1.93099999e+00
    1.93099999e+00 1.93099999e+00 1.93099999e+00 1.93099999e+00
    1.93299997e+00 1.93499994e+00 1.96800005e+00 2. 0. 0. 0. 0. 0. 0. 0.
    0. 0. 0. 0. 0. 0. 0. 0. 0. 0. 0. 0. 0. 0. 0. 1.93099999e+00
    1.93099999e+00 1.93099999e+00 1.93099999e+00 1.93099999e+00
    1.96599996e+00 1.99699998e+00 1.95899999e+00 1.93099999e+00
    1.93099999e+00 1.93099999e+00 1.93099999e+00 1.93099999e+00
    1.93099999e+00 1.94799995e+00 1.97099996e+00 1.98699999e+00 2. 0. 0.
    0. 0. 0. 0. 0. 0. 0. 0. 0. 0. 0. 0. 0. 0. 0. 0. 0. 0. 0. 0.
    1.93099999e+00 1.93099999e+00 1.93099999e+00 1.93099999e+00
    1.93099999e+00 1.96099997e+00 1.98699999e+00 1.95500004e+00
    1.93099999e+00 1.93099999e+00 1.93099999e+00 1.93099999e+00
    1.93099999e+00 1.93099999e+00 1.95599997e+00 1.98800004e+00
    1.68700004e+00 1.39800000e+00 0. 0. 0. 0. 0. 0. 0. 0. 0. 0. 0. 0. 0.
    0. 0. 0. 0. 0. 0. 0. 0. 0. 1.93099999e+00 1.93099999e+00
    1.93099999e+00 1.93099999e+00 1.93099999e+00 1.94200003e+00
    1.95099998e+00 1.93900001e+00 1.93099999e+00 1.93099999e+00
    1.93099999e+00 1.93099999e+00 1.93099999e+00 1.93099999e+00
    1.94000006e+00 1.95099998e+00 0. 0. 0. 0. 0. 0. 0. 0. 0. 0. 0. 0. 0.
    0. 0. 0. 0. 0. 0. 0. 0. 0. 0. 0. 1.93099999e+00 1.93099999e+00
    1.93099999e+00 1.93099999e+00 1.93099999e+00 1.93099999e+00
    1.93099999e+00 1.93099999e+00 1.93099999e+00 1.93099999e+00
    1.93099999e+00 1.93099999e+00 1.93099999e+00 1.93099999e+00
    1.93099999e+00 1.93099999e+00 0. 0. 0. 0. 0. 0. 0. 0. 0. 0. 0. 0. 0.
    0. 0. 0. 0. 0. 0. 0. 0. 0. 0. 0. 1.93099999e+00 1.93099999e+00
    1.93099999e+00 1.93099999e+00 1.93099999e+00 1.93099999e+00
    1.93099999e+00 1.93099999e+00 1.93099999e+00 1.93099999e+00
    1.93099999e+00 1.93099999e+00 1.93099999e+00 1.93099999e+00
    1.93099999e+00 1.93099999e+00 0. 0. 0. 0. 0. 0. 0. 0. 0. 0. 0. 0. 0.
    0. 0. 0. 0. 0. 0. 0. 0. 0. 0. 0. 1.93099999e+00 1.93099999e+00
    1.93099999e+00 1.93099999e+00 1.93099999e+00 1.94299996e+00
