<?xml version="1.0"?>
<opencv_storage>
<Depth type_id="opencv-matrix">
  <rows>40</rows>
  <cols>40</cols>
  <dt>f</dt>
  <data>
    0. 0. 0. 0. 0. 0. 0. 0. 0. 0. 0. 0. 0. 0. 0. 0. 0. 0. 0. 0. 0. 0. 0.
    0. 0. 0. 0. 0. 0. 0. 0. 0. 0. 0. 0. 0. 0. 0. 0. 0. 0. 0. 0. 0. 0. 0.
    0. 0. 0. 0. 0. 0. 0. 0. 0. 0. 0. 0. 0. 0. 0. 0. 0. 0. 0. 0. 0. 0. 0.
    0. 0. 0. 0. 0. 0. 0. 0. 0. 0. 0. 0. 0. 0. 0. 0. 0. 0. 0. 0. 0. 0. 0.
    0. 0. 1.55299997e+00 2. 2. 2. 2. 2. 2. 2. 2. 2. 2. 2. 2.
    1.97200000e+00 1.95700002e+00 0. 0. 0. 0. 0. 0. 0. 0. 0. 0. 0. 0. 0.
    0. 0. 0. 0. 0. 0. 0. 0. 0. 0. 0. 0. 1.55299997e+00 2. 2. 2. 2. 2. 2.
    2. 2. 2. 2. 2. 2. 1.97200000e+00 1.95700002e+00 0. 0. 0. 0. 0. 0. 0.
    0. 0. 0. 0. 0. 0. 0. 0. 0. 0. 0. 0. 0. 0. 0. 0. 0. 0. 1.55299997e+00
    2. 2. 2. 2. 2. 2. 2. 2. 2. 2. 2. 2. 1.97200000e+00 1.95700002e+00 0.
    0. 0. 0. 0. 0. 0. 0. 0. 0. 0. 0. 0. 0. 0. 0. 0. 0. 0. 0. 0. 0. 0. 0.
    0. 1.55299997e+00 2. 2. 2. 2. 2. 2. 2. 2. 2. 2. 2. 2. 1.97200000e+00
    1.95700002e+00 0. 0. 0. 0. 0. 0. 0. 0. 0. 0. 0. 0. 0. 0. 0. 0. 0. 0.
    0. 0. 0. 0. 0. 0. 0. 1.57500005e+00 2.01900005e+00 2. 2. 2. 2. 2. 2.
    2. 2. 2. 2. 2. 1.97200000e+00 1.95700002e+00 0. 0. 0. 0. 0. 0. 0. 0.
    0. 0. 0. 0. 0. 0. 0. 0. 0. 0. 0. 0. 0. 0. 0. 0. 1.18900001e+00
    1.73500001e+00 2.02999997e+00 2. 2. 2. 2. 2. 2. 2. 2. 2. 2. 2.
    1.97200000e+00 1.95700002e+00 0. 0. 0. 0. 0. 0. 0. 0. 0. 0. 0. 0. 0.
    0. 0. 0. 0. 0. 0. 0. 0. 0. 0. 1.12800002e+00 1.96300006e+00
    2.04399991e+00 2.02900004e+00 2. 2. 2. 2. 2. 2. 2. 2. 2. 2. 2.
    1.97200000e+00 1.95700002e+00 0. 0. 0. 0. 0. 0. 0. 0. 0. 0. 0. 0. 0.
    0. 0. 0. 0. 0. 0. 0. 0. 0. 1.29400003e+00 1.77600002e+00
    2.01999998e+00 2.02399993e+00 2.00900006e+00 2. 2. 2. 2. 2. 2. 2. 2.
    2. 2. 2. 1.97200000e+00 1.95700002e+00 0. 0. 0. 0. 0. 0. 0. 0. 0. 0.
    0. 0. 0. 0. 0. 0. 0. 0. 0. 0. 0. 1.30100000e+00 1.70400000e+00
    2.04399991e+00 2.04399991e+00 2.01600003e+00 2. 2. 2. 2. 2. 2. 2. 2.
    2. 2. 2. 2. 1.97200000e+00 1.95700002e+00 0. 0. 0. 0. 0. 0. 0. 0. 0.
    0. 0. 0. 0. 0. 0. 0. 0. 0. 0. 0. 0. 2. 2.02099991e+00 2.03900003e+00
    2.03900003e+00 2.01500010e+00 2. 2. 2. 2. 2. 2. 2. 2. 2. 2. 2. 2.
    1.97200000e+00 1.95700002e+00 0. 0. 0. 0. 0. 0. 0. 0. 0. 0. 0. 0. 0.
    0. 0. 0. 0. 0. 0. 0. 0. 2. 2.00500011e+00 2.00900006e+00
    2.00900006e+00 2.00300002e+00 2. 2. 2. 2. 2. 2. 2. 2. 2. 2. 2. 2.
    1.97200000e+00 1.95700002e+00 0. 0. 0. 0. 0. 0. 0. 0. 0. 0. 0. 0. 0.
    0. 0. 0. 0. 0. 0. 0. 0. 2. 2. 2. 2. 2. 2. 2. 2. 2. 2. 2. 2. 2. 2. 2.
    2. 2. 1.97200000e+00 1.95700002e+00 0. 0. 0. 0. 0. 0. 0. 0. 0. 0. 0.
    0. 0. 0. 0. 0. 0. 0. 0. 0. 0. 2. 2. 2. 2. 2. 2. 2. 2. 2. 2. 2. 2. 2.
    2. 2. 2. 2. 1.97200000e+00 1.95700002e+00 0. 0. 0. 0. 0. 0. 0. 0. 0.
    0. 0. 0. 0. 0. 0. 0. 0. 0. 0. 0. 0. 2. 2. 2. 2. 2. 2. 2. 2. 2. 2. 2.
    2. 2. 2. 2. 2. 2. 1.97200000e+00 1.95700002e+00 0. 0. 0. 0. 0. 0. 0.
    0. 0. 0. 0. 0. 0. 0. 0. 0. 0. 0. 0. 0. 0. 2. 2. 2. 2. 2. 2. 2. 2. 2.
    2. 2. 2. 2. 2. 1.98599994e+00 1.97500002e+00 1.97500002e+00
    1.98000002e+00 1.98199999e+00 0. 0. 0. 0. 0. 0. 0. 0. 0. 0. 0. 0. 0.
    0. 0. 0. 0. 0. 0. 0. 0. 1.98800004e+00 1.99500000e+00 2. 2. 2. 2. 2.
    2. 2. 2. 2. 2. 2. 2. 1.97500002e+00 1.95700002e+00 1.95700002e+00
    1.97800004e+00 1.98800004e+00 0. 0. 0. 0. 0. 0. 0. 0. 0. 0. 0. 0. 0.
    0. 0. 0. 0. 0. 0. 0. 0. 1.95799994e+00 1.98099995e+00 2. 2. 2. 2. 2.
    2. 2. 2. 2. 2. 2. 2. 1.97500002e+00 1.95700002e+00 1.95700002e+00
    1.95799994e+00 1.95799994e+00 0. 0. 0. 0. 0. 0. 0. 0. 0. 0. 0. 0. 0.
    0. 0. 0. 0. 0. 0. 0. 0. 1.95700002e+00 1.98000002e+00 2. 2. 2. 2. 2.
    2. 2. 2. 2. 2. 1.99500000e+00 1.97500002e+00 1.96300006e+00
    1.94900000e+00 1.92999995e+00 1.92900002e+00 1.92900002e+00 0. 0. 0.
    0. 0. 0. 0. 0. 0. 0. 0. 0. 0. 0. 0. 0. 0. 0. 0. 0. 0. 1.95700002e+00
    1.97200000e+00 1.98800004e+00 1.99899995e+00 1.99000001e+00
    1.98500001e+00 1.98500001e+00 1.98500001e+00 1.98500001e+00
    1.98500001e+00 1.98500001e+00 1.98500001e+00 1.97899997e+00
    1.96000004e+00 1.94799995e+00 1.93099999e+00 1.90100002e+00
    1.89999998e+00 1.89999998e+00 0. 0. 0. 0. 0. 0. 0. 0. 0. 0. 0. 0. 0.
    0. 0. 0. 0. 0. 0. 0. 0. 1.95700002e+00 1.95700002e+00 1.96700001e+00
    1.99500000e+00 1.97200000e+00 1.95700002e+00 1.95700002e+00
    1.95700002e+00 1.95700002e+00 1.95700002e+00 1.95700002e+00
    1.95700002e+00 1.95700002e+00 1.95700002e+00 1.93299997e+00
    1.90400004e+00 1.87399995e+00 1.87300003e+00 1.87300003e+00 0. 0. 0.
    0. 0. 0. 0. 0. 0. 0. 0. 0. 0. 0. 0. 0. 0. 0. 0. 0. 0. 1.95700002e+00
    1.95700002e+00 1.96000004e+00 1.96700001e+00 1.96099997e+00
    1.95700002e+00 1.95700002e+00 1.95700002e+00 1.95700002e+00
    1.95700002e+00 1.95700002e+00 1.95700002e+00 1.95700002e+00
    1.95700002e+00 1.93299997e+00 1.90400004e+00 1.87399995e+00
    1.87300003e+00 1.87300003e+00 0. 0. 0. 0. 0. 0. 0. 0. 0. 0. 0. 0. 0.
    0. 0. 0. 0. 0. 0. 0. 0. 0. 1.18499994e+00 1.95700002e+00
    1.95700002e+00 1.95700002e+00 1.95700002e+00 1.95700002e+00
    1.95700002e+00 1.95700002e+00 1.95899999e+00 1.97200000e+00
    1.96700001e+00 1.95700002e+00 1.95700002e+00 1.94299996e+00
    1.91700006e+00 1.87500000e+00 1.87300003e+00 1.87300003e+00 0. 0. 0.
    0. 0. 0. 0. 0. 0. 0. 0. 0. 0. 0. 0. 0. 0. 0. 0. 0. 0. 0. 0.
    1.95700002e+00 1.95700002e+00 1.95700002e+00 1.95700002e+00
    1.95700002e+00 1.95700002e+00 1.95700002e+00 1.96099997e+00
    1.99100006e+00 1.97899997e+00 1.95700002e+00 1.95700002e+00
    1.95700002e+00 1.93599999e+00 1.88100004e+00 1.87899995e+00
    1.87899995e+00 0. 0. 0. 0. 0. 0. 0. 0. 0. 0. 0. 0. 0. 0. 0. 0. 0. 0.
    0. 0. 0. 1.31799996e+00 1.66499996e+00 1.95700002e+00 1.95700002e+00
    1.95700002e+00 1.95700002e+00 1.95700002e+00 1.95700002e+00
    1.95700002e+00 1.96099997e+00 1.99100006e+00 1.97899997e+00
    1.95700002e+00 1.95700002e+00 1.95700002e+00 1.94400001e+00
    1.90999997e+00 1.90799999e+00 1.90799999e+00 0. 0. 0. 0. 0. 0. 0. 0.
    0. 0. 0. 0. 0. 0. 0. 0. 0. 0. 0. 0. 0. 1.95700002e+00 1.95700002e+00
    1.95700002e+00 1.95700002e+00 1.95700002e+00 1.95700002e+00
    1.95700002e+00 1.95700002e+00 1.96599996e+00 1.98199999e+00
    1.99600005e+00 1.99000001e+00 1.97500002e+00 1.96000004e+00
    1.95700002e+00 1.95200002e+00 1.93799996e+00 1.93700004e+00
    1.93700004e+00 0. 0. 0. 0. 0. 0. 0. 0. 0. 0. 0. 0. 0. 0. 0. 0. 0. 0.
    0. 0. 0. 1.10800004e+00 1.56900001e+00 1.75500000e+00 1.16499996e+00
    1.64100003e+00 1.95700002e+00 1.95700002e+00 1.96399999e+00
    1.98000002e+00 2. 2. 2. 1.99399996e+00 1.97000003e+00 1.96700001e+00
    1.96399999e+00 1.95700002e+00 1.95700002e+00 1.95700002e+00 0. 0. 0.
    0. 0. 0. 0. 0. 0. 0. 0. 0. 0. 0. 0. 0. 0. 0. 0. 0. 0. 0. 0.
    1.12600005e+00 0. 0. 1.95700002e+00 1.95799994e+00 1.98500001e+00
    1.99800003e+00 2. 2. 2. 1.99899995e+00 1.99699998e+00 1.99600005e+00
    1.98599994e+00 1.95799994e+00 1.95700002e+00 1.95700002e+00 0. 0. 0.
    0. 0. 0. 0. 0. 0. 0. 0. 0. 0. 0. 0. 0. 0. 0. 0. 0. 0. 0. 0. 0. 0. 0.
    2.01999998e+00 1.98399997e+00 1.99500000e+00 1.98899996e+00
    1.97399998e+00 1.97399998e+00 1.97399998e+00 1.97399998e+00
    1.97399998e+00 1.98899996e+00 1.98800004e+00 1.95799994e+00
    1.95700002e+00 1.95700002e+00 0. 0. 0. 0. 0. 0. 0. 0. 0. 0. 0. 0. 0.
    0. 0. 0. 0. 0. 0. 0. 0. 0. 0. 0. 0. 0. 2.05999994e+00 2. 2.
    1.98199999e+00 1.95700002e+00 1.95700002e+00 1.95700002e+00
    1.95700002e+00 1.95700002e+00 1.97399998e+00 1.97899997e+00
    1.95799994e+00 1.95700002e+00 1.95700002e+00 0. 0. 0. 0. 0. 0. 0. 0.
    0. 0. 0. 0. 0. 0. 0. 0. 0. 0. 0. 0. 0. 0. 0. 0. 0. 0. 2.05999994e+00
    2. 2. 1.98199999e+00 1.95700002e+00 1.95700002e+00 1.95700002e+00
    1.95700002e+00 1.95700002e+00 1.95700002e+00 1.95700002e+00
    1.95700002e+00 1.95700002e+00 1.95700002e+00 0. 0. 0. 0. 0. 0. 0. 0.
    0. 0. 0. 0. 0. 0. 0. 0. 0. 0. 0. 0. 0. 0. 0. 0. 0. 0. 2.01799989e+00
    2. 2. 1.98199999e+00 1.95700002e+00 1.95700002e+00 1.95700002e+00
