<?xml version="1.0"?>
<opencv_storage>
<Depth type_id="opencv-matrix">
  <rows>40</rows>
  <cols>40</cols>
  <dt>f</dt>
  <data>
    0. 0. 0. 0. 0. 0. 0. 0. 0. 0. 0. 0. 0. 0. 0. 0. 0. 0. 0. 0. 0. 0. 0.
    0. 0. 0. 0. 0. 0. 0. 0. 0. 0. 0. 0. 0. 0. 0. 0. 0. 0. 0. 0. 0. 0. 0.
    0. 0. 0. 0. 0. 0. 0. 0. 0. 0. 0. 0. 0. 0. 0. 0. 0. 0. 0. 0. 0. 0. 0.
    0. 0. 0. 0. 0. 0. 0. 0. 0. 0. 0. 2.51699996e+00 2.51699996e+00
    2.51699996e+00 2.88000011e+00 0. 0. 0. 0. 0. 0. 0. 0. 0. 0. 0. 0. 0.
    0. 0. 0. 0. 0. 0. 0. 0. 0. 0. 0. 0. 0. 0. 0. 0. 0. 0. 0. 0. 0. 0. 0.
    2. 2. 2. 2.52800012e+00 0. 0. 0. 0. 0. 0. 0. 0. 0. 0. 0. 0. 0. 0. 0.
    0. 0. 0. 0. 0. 0. 0. 0. 0. 0. 0. 0. 0. 0. 0. 0. 0. 0. 0. 0. 0. 2. 2.
    2. 2.26799989e+00 2.56200004e+00 2.62899995e+00 2.59699988e+00
    2.57999992e+00 2.57999992e+00 2.68099999e+00 0. 0. 0. 0. 0. 0. 0. 0.
    0. 0. 0. 0. 0. 0. 0. 0. 0. 0. 0. 0. 0. 0. 0. 0. 0. 0. 0. 0. 0. 0. 2.
    2. 2. 2.00799990e+00 2.01699996e+00 2.01900005e+00 2.01799989e+00
    2.01699996e+00 2.01699996e+00 2.18700004e+00 2.81200004e+00 0. 0. 0.
    0. 0. 0. 0. 0. 0. 0. 0. 0. 0. 0. 0. 0. 0. 0. 0. 0. 0. 0. 0. 0. 0. 0.
    0. 0. 0. 2. 2. 2. 2. 2. 2. 2. 2. 2. 2.10200000e+00 2.47799993e+00
    2.84699988e+00 0. 0. 0. 0. 0. 0. 0. 0. 0. 0. 0. 0. 0. 0. 0. 0. 0. 0.
    0. 0. 0. 0. 0. 0. 0. 0. 0. 0. 2. 2. 2. 2. 2. 2. 2. 2. 2.
    2.02999997e+00 2.14199996e+00 2.27800012e+00 2.79900002e+00 0. 0. 0.
    0. 0. 0. 0. 0. 0. 0. 0. 0. 0. 0. 0. 0. 0. 0. 0. 0. 0. 0. 0. 0. 0. 0.
    0. 2. 2. 2. 2. 2. 2. 2. 2. 2. 2.00900006e+00 2.03999996e+00
    2.09200001e+00 2.47700000e+00 2.86199999e+00 2.89499998e+00
    2.86500001e+00 2.83699989e+00 2.80999994e+00 2.80900002e+00
    2.84500003e+00 2.90799999e+00 0. 0. 0. 0. 0. 0. 0. 0. 0. 0. 0. 0. 0.
    0. 0. 0. 0. 0. 0. 2. 2. 2. 2. 2. 2. 2. 2. 2. 2.00300002e+00
    2.01200008e+00 2.02900004e+00 2.14899993e+00 2.26900005e+00
    2.30699992e+00 2.33100009e+00 2.35500002e+00 2.38000011e+00
    2.43000007e+00 2.51200008e+00 2.64100003e+00 2.94300008e+00 0. 0. 0.
    0. 0. 0. 0. 0. 0. 0. 0. 0. 0. 0. 0. 0. 0. 0. 2.02399993e+00
    2.01300001e+00 2.00099993e+00 2. 2. 2.00799990e+00 2.01999998e+00
    2.02600002e+00 2.02600002e+00 2.02300000e+00 2.01099992e+00 2. 2. 2.
    2.03999996e+00 2.08800006e+00 2.12800002e+00 2.16499996e+00
    2.21900010e+00 2.29699993e+00 2.44700003e+00 2.86500001e+00 0. 0. 0.
    0. 0. 0. 0. 0. 0. 0. 0. 0. 0. 0. 0. 0. 0. 0. 2.06900001e+00
    2.03600001e+00 2.00300002e+00 2. 2. 2.02300000e+00 2.05599999e+00
    2.07299995e+00 2.07299995e+00 2.06399989e+00 2.03099990e+00 2. 2. 2.
    2.03999996e+00 2.08800006e+00 2.11400008e+00 2.12899995e+00
    2.15100002e+00 2.18199992e+00 2.31599998e+00 2.83400011e+00 0. 0. 0.
    0. 0. 0. 0. 0. 0. 0. 0. 0. 0. 0. 0. 0. 0. 0. 2.09899998e+00
    2.05200005e+00 2.00399995e+00 2. 2. 2.03299999e+00 2.08100009e+00
    2.10500002e+00 2.10500002e+00 2.09200001e+00 2.04500008e+00 2. 2. 2.
    2.03399992e+00 2.07500005e+00 2.08899999e+00 2.08899999e+00
    2.08899999e+00 2.08899999e+00 2.19400001e+00 2.69099998e+00 0. 0. 0.
    0. 0. 0. 0. 0. 0. 0. 0. 0. 0. 0. 0. 0. 0. 0. 2.09899998e+00
    2.05200005e+00 2.00399995e+00 2. 2. 2.03299999e+00 2.08100009e+00
    2.10500002e+00 2.10500002e+00 2.09200001e+00 2.04500008e+00 2. 2. 2.
    2.01600003e+00 2.03500009e+00 2.04200006e+00 2.04200006e+00
    2.04200006e+00 2.04200006e+00 2.09100008e+00 2.32299995e+00
    2.55599999e+00 2.55599999e+00 2.55599999e+00 2.85599995e+00 0. 0. 0.
    0. 0. 0. 0. 0. 0. 0. 0. 0. 0. 0. 2.10500002e+00 2.05800009e+00
    2.00999999e+00 2.00600004e+00 2.00600004e+00 2.03699994e+00
    2.08200002e+00 2.10400009e+00 2.10100007e+00 2.08699989e+00
    2.04200006e+00 2. 2. 2. 2. 2. 2. 2. 2. 2. 2. 2. 2. 2. 2.
    2.46900010e+00 0. 0. 0. 0. 0. 0. 0. 0. 0. 0. 0. 0. 0. 0.
    2.15400004e+00 2.10599995e+00 2.05800009e+00 2.05299997e+00
    2.05299997e+00 2.06999993e+00 2.09299994e+00 2.09299994e+00
    2.06900001e+00 2.04500008e+00 2.02200007e+00 2. 2. 2. 2. 2. 2. 2. 2.
    2. 2. 2. 2. 2. 2. 2.22700000e+00 2.51600003e+00 2.63899994e+00
    2.63899994e+00 2.76399994e+00 0. 0. 0. 0. 0. 0. 0. 0. 0. 0.
    2.20300007e+00 2.15400004e+00 2.10500002e+00 2.10100007e+00
    2.10100007e+00 2.10200000e+00 2.10400009e+00 2.08299994e+00
    2.03699994e+00 2.00399995e+00 2.00200009e+00 2. 2. 2. 2. 2. 2. 2. 2.
    2. 2. 2. 2. 2. 2. 1.98599994e+00 1.96800005e+00 1.96099997e+00
    1.96099997e+00 2.19700003e+00 2.84699988e+00 0. 0. 0. 0. 0. 0. 0. 0.
    0. 0. 0. 2.00500011e+00 2.08699989e+00 2.06800008e+00 2.06200004e+00
    2.06200004e+00 2.04800010e+00 2.01999998e+00 2. 2. 2. 2. 2.
    2.01699996e+00 2.03600001e+00 2.03099990e+00 2.01099992e+00 2. 2. 2.
    2. 2. 2. 2. 1.96399999e+00 1.91799998e+00 1.89900005e+00
    1.89900005e+00 2.04399991e+00 2.44400001e+00 2.78600001e+00
    2.80399990e+00 2.82299995e+00 0. 0. 0. 0. 0. 0. 0. 0. 1.89100003e+00
    2.06800008e+00 2.02699995e+00 2.01399994e+00 2.01399994e+00
    2.01099992e+00 2.00500011e+00 2. 2. 2. 2. 2. 2.03500009e+00
    2.07599998e+00 2.06500006e+00 2.02399993e+00 2. 2. 2. 2. 2. 2. 2.
    1.96399999e+00 1.91799998e+00 1.89900005e+00 1.89900005e+00
    1.93299997e+00 2.02600002e+00 2.11100006e+00 2.15000010e+00
    2.18899989e+00 2.70400000e+00 0. 0. 0. 0. 0. 0. 0. 0. 0.
    1.75399995e+00 1.99000001e+00 1.97599995e+00 1.96800005e+00
    1.96800005e+00 1.97200000e+00 1.98599994e+00 2. 2. 2. 2.03999996e+00
    2.08800006e+00 2.08400011e+00 2.05200005e+00 2.02699995e+00
    2.01200008e+00 2. 2. 2. 2. 2. 1.96399999e+00 1.91799998e+00
    1.89900005e+00 1.89900005e+00 1.89900005e+00 1.89900005e+00
    1.90600002e+00 1.95200002e+00 1.99699998e+00 2.40700006e+00
    2.83999991e+00 2.92400002e+00 2.87599993e+00 2.95499992e+00 0. 0. 0.
    0. 0. 1.37899995e+00 1.97599995e+00 1.94099998e+00 1.92299998e+00
    1.92299998e+00 1.93200004e+00 1.96700001e+00 2. 2. 2. 2.03999996e+00
    2.08800006e+00 2.09800005e+00 2.08699989e+00 2.06500006e+00
    2.02900004e+00 2. 2. 2. 2. 2. 1.96399999e+00 1.91799998e+00
    1.89900005e+00 1.89900005e+00 1.89900005e+00 1.89900005e+00
    1.90600002e+00 1.95200002e+00 1.99699998e+00 2.13800001e+00
    2.28600001e+00 2.31399989e+00 2.29800010e+00 2.53999996e+00 0. 0. 0.
    0. 0. 0. 1.07799995e+00 1.62000000e+00 1.89900005e+00 1.89900005e+00
    1.75100005e+00 1.21000004e+00 0. 0. 0. 1.23899996e+00 1.87399995e+00
    2.09800005e+00 2.08800006e+00 2.06599998e+00 2.02900004e+00 2. 2. 2.
    2. 2. 1.97200000e+00 1.93599999e+00 1.92100000e+00 1.92100000e+00
    1.92100000e+00 1.92100000e+00 1.92600000e+00 1.96200001e+00
    1.99800003e+00 2. 2. 2. 2. 2.25399995e+00 2.74799991e+00 0. 0. 0. 0.
    0. 0. 0. 1.89900005e+00 1.89900005e+00 1.42100000e+00 0. 0. 0. 0. 0.
    1.43200004e+00 2.08500004e+00 2.05299997e+00 2.02800012e+00
    2.01200008e+00 2. 2. 2. 2. 2. 1.98800004e+00 1.97300005e+00
    1.96700001e+00 1.96700001e+00 1.96700001e+00 1.96700001e+00
    1.96899998e+00 1.98399997e+00 1.99899995e+00 2. 2. 2. 2.
    2.10700011e+00 2.31500006e+00 0. 0. 0. 0. 0. 0. 0. 1.18099999e+00
    1.18099999e+00 0. 0. 0. 0. 0. 0. 0. 1.54499996e+00 1.83399999e+00 2.
    2. 2.00099993e+00 2.00699997e+00 2.01300001e+00 2.00699997e+00
    2.00099993e+00 2. 2. 2. 2. 2. 2. 2.00099993e+00 2.00699997e+00
    2.01300001e+00 2.01300001e+00 2.01300001e+00 2.00900006e+00
    2.00300002e+00 2. 2. 0. 0. 0. 0. 0. 0. 0. 0. 0. 0. 0. 0. 0. 0. 0. 0.
    0. 1.12300003e+00 2. 2. 2.00600004e+00 2.03299999e+00 2.05999994e+00
    2.03299999e+00 2.00600004e+00 2. 2. 2. 2. 2. 2. 2.00399995e+00
    2.03099990e+00 2.05900002e+00 2.05999994e+00 2.05999994e+00
    2.04099989e+00 2.01300001e+00 2. 2. 0. 0. 0. 0. 0. 0. 0. 0. 0. 0. 0.
    0. 0. 0. 0. 0. 0. 0. 2.00300002e+00 2.00300002e+00 2.01300001e+00
    2.05900002e+00 2.10500002e+00 2.05900002e+00 2.01300001e+00
    2.00300002e+00 2.00300002e+00 2.00300002e+00 2.00300002e+00
    2.00300002e+00 2.00300002e+00 2.00999999e+00 2.05599999e+00
    2.10200000e+00 2.10599995e+00 2.10800004e+00 2.07299995e+00
