<?xml version="1.0"?>
<opencv_storage>
<Depth type_id="opencv-matrix">
  <rows>40</rows>
  <cols>40</cols>
  <dt>f</dt>
  <data>
    0. 0. 0. 0. 0. 0. 0. 0. 0. 0. 0. 0. 0. 0. 1.36500001e+00
    1.36500001e+00 1.36500001e+00 1.36500001e+00 1.36500001e+00
    1.36500001e+00 1.46099997e+00 1.81799996e+00 2. 2. 2. 2. 0. 0. 0. 0.
    0. 0. 0. 0. 0. 0. 0. 0. 0. 0. 0. 0. 0. 0. 0. 0. 0. 0. 0. 0. 0. 0. 0.
    0. 1.51699996e+00 1.53199995e+00 1.55599999e+00 1.55999994e+00
    1.55999994e+00 1.55999994e+00 1.62300003e+00 1.85800004e+00
    1.97700000e+00 1.97700000e+00 1.97700000e+00 1.97700000e+00 0. 0. 0.
    0. 0. 0. 0. 0. 0. 0. 0. 0. 0. 0. 0. 0. 0. 0. 0. 0. 0. 0. 0. 0. 0. 0.
    0. 0. 1.76600003e+00 1.80499995e+00 1.86899996e+00 1.88000000e+00
    1.88000000e+00 1.88000000e+00 1.88900006e+00 1.92299998e+00
    1.94000006e+00 1.94000006e+00 1.94000006e+00 1.94000006e+00 0. 0. 0.
    0. 0. 0. 0. 0. 0. 0. 0. 0. 0. 0. 0. 0. 0. 0. 0. 0. 0. 0. 0. 0. 0. 0.
    0. 0. 1.80799997e+00 1.83099997e+00 1.86899996e+00 1.87500000e+00
    1.87699997e+00 1.90999997e+00 1.93400002e+00 1.93400002e+00
    1.93400002e+00 1.93400002e+00 1.93400002e+00 1.93400002e+00 0. 0. 0.
    0. 0. 0. 0. 0. 0. 0. 0. 0. 0. 0. 0. 0. 0. 0. 0. 0. 0. 0. 0. 0. 0. 0.
    0. 0. 1.80799997e+00 1.80799997e+00 1.80799997e+00 1.80799997e+00
    1.81200004e+00 1.88199997e+00 1.93400002e+00 1.93400002e+00
    1.93400002e+00 1.93400002e+00 1.93400002e+00 1.93400002e+00 0. 0. 0.
    0. 0. 0. 0. 0. 0. 0. 0. 0. 0. 0. 0. 0. 0. 0. 0. 0. 0. 0. 0. 0. 0. 0.
    0. 0. 1.80799997e+00 1.80799997e+00 1.80799997e+00 1.80799997e+00
    1.81200004e+00 1.88199997e+00 1.93400002e+00 1.93400002e+00
    1.93400002e+00 1.93400002e+00 1.93400002e+00 1.93400002e+00 0. 0. 0.
    0. 0. 0. 0. 0. 0. 0. 0. 0. 0. 0. 0. 0. 0. 0. 0. 0. 0. 0. 0. 0. 0. 0.
    0. 0. 1.80799997e+00 1.80799997e+00 1.80799997e+00 1.81200004e+00
    1.82099998e+00 1.88600004e+00 1.93299997e+00 1.92700005e+00
    1.92400002e+00 1.92400002e+00 1.92100000e+00 1.91499996e+00 0. 0. 0.
    0. 0. 0. 0. 0. 0. 0. 0. 0. 0. 0. 0. 0. 0. 0. 0. 0. 0. 0. 0. 0. 0. 0.
    0. 0. 1.80799997e+00 1.80799997e+00 1.80799997e+00 1.82900000e+00
    1.85500002e+00 1.90100002e+00 1.92700005e+00 1.90199995e+00
    1.88900006e+00 1.88900006e+00 1.87100005e+00 1.84599996e+00 0. 0. 0.
    0. 0. 0. 0. 0. 0. 0. 0. 0. 0. 0. 0. 0. 0. 0. 0. 0. 0. 0. 0. 0. 0. 0.
    0. 0. 1.80799997e+00 1.80799997e+00 1.80799997e+00 1.83700001e+00
    1.87199998e+00 1.89800000e+00 1.90999997e+00 1.88399994e+00
    1.87100005e+00 1.87100005e+00 1.84599996e+00 1.80999994e+00 0. 0. 0.
    0. 0. 0. 0. 0. 0. 0. 0. 0. 0. 0. 0. 0. 0. 0. 0. 0. 0. 0. 0. 0. 0. 0.
    0. 0. 1.80799997e+00 1.80799997e+00 1.80799997e+00 1.83700001e+00
    1.87100005e+00 1.87699997e+00 1.88000000e+00 1.87399995e+00
    1.87100005e+00 1.87100005e+00 1.84599996e+00 1.80999994e+00 0. 0. 0.
    0. 0. 0. 0. 0. 0. 0. 0. 0. 0. 0. 0. 0. 0. 0. 0. 0. 0. 0. 0. 0. 0. 0.
    0. 0. 1.80799997e+00 1.80799997e+00 1.80799997e+00 1.83700001e+00
    1.87100005e+00 1.87100005e+00 1.86699998e+00 1.85300004e+00
    1.84599996e+00 1.84599996e+00 1.83099997e+00 1.80900002e+00 0. 0. 0.
    0. 0. 0. 0. 0. 0. 0. 0. 0. 0. 0. 0. 0. 0. 0. 0. 0. 0. 0. 0. 0. 0. 0.
    0. 0. 1.80799997e+00 1.80799997e+00 1.80799997e+00 1.83700001e+00
    1.87100005e+00 1.87100005e+00 1.86199999e+00 1.82799995e+00
    1.80999994e+00 1.80999994e+00 1.80900002e+00 1.80799997e+00 0. 0. 0.
    0. 0. 0. 0. 0. 0. 0. 0. 0. 0. 0. 0. 0. 0. 0. 0. 0. 0. 0. 0. 0. 0. 0.
    0. 0. 1.80799997e+00 1.81900001e+00 1.83800006e+00 1.85500002e+00
    1.87100005e+00 1.87100005e+00 1.86099994e+00 1.82599998e+00
    1.80799997e+00 1.80799997e+00 1.80799997e+00 1.80799997e+00 0. 0. 0.
    0. 0. 0. 0. 0. 0. 0. 0. 0. 0. 0. 0. 0. 0. 0. 0. 0. 0. 0. 0. 0. 0. 0.
    0. 0. 1.82400000e+00 1.84200001e+00 1.87100005e+00 1.87600005e+00
    1.87600005e+00 1.87300003e+00 1.86199999e+00 1.83000004e+00
    1.81200004e+00 1.80900002e+00 1.80799997e+00 1.80799997e+00 0. 0. 0.
    0. 0. 0. 0. 0. 0. 0. 0. 0. 0. 0. 0. 0. 0. 0. 0. 0. 0. 0. 0. 0. 0. 0.
    0. 0. 1.93200004e+00 1.92499995e+00 1.91400003e+00 1.91199994e+00
    1.91100001e+00 1.88800001e+00 1.86800003e+00 1.85500002e+00
    1.83700001e+00 1.81500006e+00 1.80799997e+00 1.80799997e+00 0. 0. 0.
    0. 0. 0. 0. 0. 0. 0. 0. 0. 0. 0. 0. 0. 0. 0. 0. 0. 0. 0. 0. 0. 0. 0.
    0. 0. 2. 1.97700000e+00 1.94000006e+00 1.93400002e+00 1.93200004e+00
    1.89699996e+00 1.87100005e+00 1.87100005e+00 1.85699999e+00
    1.82900000e+00 1.82599998e+00 1.83399999e+00 0. 0. 0. 0. 0. 0. 0. 0.
    0. 0. 0. 0. 0. 0. 0. 0. 0. 0. 0. 0. 0. 0. 0. 0. 0. 0. 0. 0. 2.
    1.97700000e+00 1.94000006e+00 1.93400002e+00 1.93200004e+00
    1.89699996e+00 1.87100005e+00 1.87100005e+00 1.86699998e+00
    1.85899997e+00 1.87600005e+00 1.90300000e+00 0. 0. 0. 0. 0. 0. 0. 0.
    0. 0. 0. 0. 0. 0. 0. 0. 0. 0. 0. 0. 0. 0. 0. 0. 0. 0. 0. 0.
    2.02300000e+00 2. 1.96200001e+00 1.95599997e+00 1.95400000e+00
    1.91799998e+00 1.89199996e+00 1.89199996e+00 1.89199996e+00
    1.89199996e+00 1.90900004e+00 1.93200004e+00 0. 0. 0. 0. 0. 0. 0. 0.
    0. 0. 0. 0. 0. 0. 0. 0. 0. 0. 0. 0. 0. 0. 0. 0. 0. 0. 0. 0.
    2.06100011e+00 2.03800011e+00 1.99899995e+00 1.99300003e+00
    1.99100006e+00 1.95400000e+00 1.92700005e+00 1.92700005e+00
    1.92700005e+00 1.92700005e+00 1.92999995e+00 1.93400002e+00 0. 0. 0.
    0. 0. 0. 0. 0. 0. 0. 0. 0. 0. 0. 0. 0. 0. 0. 0. 0. 0. 0. 0. 0. 0. 0.
    0. 0. 2.06800008e+00 2.03399992e+00 1.97899997e+00 1.97000003e+00
    1.97000003e+00 1.96599996e+00 1.96399999e+00 1.96399999e+00
    1.96399999e+00 1.96399999e+00 1.95200002e+00 1.93499994e+00 0. 0. 0.
    0. 0. 0. 0. 0. 0. 0. 0. 0. 0. 0. 0. 0. 0. 0. 0. 0. 0. 0. 0. 0. 0. 0.
    0. 0. 2.07800007e+00 2.02900004e+00 1.94700003e+00 1.93299997e+00
    1.93499994e+00 1.97200000e+00 2. 2. 2. 1.99899995e+00 1.97300005e+00
    1.93700004e+00 0. 0. 0. 0. 0. 0. 0. 0. 0. 0. 0. 0. 0. 0. 0. 0. 0. 0.
    0. 0. 0. 0. 0. 0. 0. 0. 0. 0. 2.42600012e+00 2.24499989e+00
    1.94799995e+00 1.89800000e+00 1.89999998e+00 1.95799994e+00 2. 2.
    1.98899996e+00 1.96800005e+00 1.95099998e+00 1.93499994e+00 0. 0. 0.
    0. 0. 0. 0. 0. 0. 0. 0. 0. 0. 0. 0. 0. 0. 0. 0. 0. 0. 0. 0. 0. 0. 0.
    0. 0. 2.72399998e+00 2.43199992e+00 1.95299995e+00 1.87100005e+00
    1.87399995e+00 1.93599999e+00 1.98199999e+00 1.98199999e+00
    1.96399999e+00 1.92700005e+00 1.91600001e+00 1.91600001e+00 0. 0. 0.
    0. 0. 0. 0. 0. 0. 0. 0. 0. 0. 0. 0. 0. 0. 0. 0. 0. 0. 0. 0. 0. 0. 0.
    0. 0. 2.87800002e+00 2.53299999e+00 1.96700001e+00 1.87100005e+00
    1.87199998e+00 1.89400005e+00 1.90900004e+00 1.90900004e+00
    1.89199996e+00 1.85599995e+00 1.84599996e+00 1.84599996e+00 0. 0. 0.
    0. 0. 0. 0. 0. 0. 0. 0. 0. 0. 0. 0. 0. 0. 0. 0. 0. 0. 0. 0. 0. 0. 0.
    0. 0. 2.70700002e+00 2.42000008e+00 1.95099998e+00 1.87100005e+00
    1.87100005e+00 1.87100005e+00 1.87100005e+00 1.87100005e+00
    1.85399997e+00 1.81799996e+00 1.80200005e+00 1.79299998e+00 0. 0. 0.
    0. 0. 0. 0. 0. 0. 0. 0. 0. 0. 0. 0. 0. 0. 0. 0. 0. 0. 0. 0. 0. 0. 0.
    0. 0. 2.16700006e+00 2.06599998e+00 1.89900005e+00 1.87100005e+00
    1.87100005e+00 1.87100005e+00 1.87100005e+00 1.87100005e+00
    1.85399997e+00 1.81799996e+00 1.78799999e+00 1.75999999e+00 0. 0. 0.
    0. 0. 0. 0. 0. 0. 0. 0. 0. 0. 0. 0. 0. 0. 0. 0. 0. 0. 0. 0. 0. 0. 0.
    0. 0. 2. 1.95599997e+00 1.88300002e+00 1.87100005e+00 1.87100005e+00
    1.87100005e+00 1.87100005e+00 1.87100005e+00 1.86000001e+00
    1.83899999e+00 1.79900002e+00 1.75100005e+00 0. 0. 0. 0. 0. 0. 0. 0.
    0. 0. 0. 0. 0. 0. 0. 0. 0. 0. 0. 0. 0. 0. 0. 0. 0. 0. 0. 0. 2.
    1.95599997e+00 1.88300002e+00 1.87100005e+00 1.87100005e+00
    1.87100005e+00 1.87100005e+00 1.87100005e+00 1.87000000e+00
    1.86800003e+00 1.82000005e+00 1.75300002e+00 0. 0. 0. 0. 0. 0. 0. 0.
    0. 0. 0. 0. 0. 0. 0. 0. 0. 0. 0. 0. 0. 0. 0. 0. 0. 0. 0. 0. 2.
    1.96700001e+00 1.91199994e+00 1.88800001e+00 1.87100005e+00
    1.87100005e+00 1.87100005e+00 1.87100005e+00 1.87100005e+00
