<?xml version="1.0"?>
<opencv_storage>
<Depth type_id="opencv-matrix">
  <rows>40</rows>
  <cols>40</cols>
  <dt>f</dt>
  <data>
    0. 0. 0. 0. 0. 0. 0. 0. 0. 0. 0. 0. 0. 0. 0. 0. 0. 0. 0. 0. 0. 0. 0.
    0. 0. 0. 0. 0. 0. 0. 0. 0. 0. 0. 0. 0. 0. 0. 0. 0. 0. 0. 0. 0. 0. 0.
    0. 0. 0. 0. 0. 0. 0. 0. 0. 0. 0. 0. 0. 0. 0. 0. 0. 0. 0. 0. 0. 0. 0.
    0. 0. 0. 0. 0. 0. 0. 0. 0. 0. 0. 0. 0. 0. 0. 0. 0. 0. 0. 0. 0. 0. 0.
    0. 0. 0. 0. 0. 0. 0. 0. 0. 0. 0. 0. 0. 0. 0. 0. 0. 0. 0. 0. 0. 0. 0.
    0. 0. 0. 0. 0. 0. 0. 0. 0. 0. 0. 0. 0. 0. 0. 0. 0. 0. 0. 0. 0. 0. 0.
    0. 0. 0. 0. 0. 0. 0. 0. 0. 0. 0. 0. 0. 0. 0. 0. 0. 0. 0. 0. 0. 0. 0.
    0. 0. 0. 0. 0. 0. 0. 0. 0. 0. 0. 0. 0. 0. 0. 0. 0. 0. 0. 0. 0. 0. 0.
    0. 0. 0. 0. 0. 0. 0. 0. 0. 0. 0. 0. 0. 0. 0. 0. 0. 0. 0. 0. 0. 0. 0.
    0. 0. 0. 0. 0. 0. 0. 0. 0. 0. 0. 0. 0. 0. 0. 0. 0. 0. 0. 0. 0. 0. 0.
    0. 0. 0. 0. 0. 0. 0. 0. 0. 0. 0. 0. 0. 0. 0. 0. 0. 0. 0. 0. 0. 0. 0.
    0. 0. 0. 0. 0. 0. 0. 0. 0. 0. 0. 0. 0. 0. 0. 0. 0. 0. 0. 0. 0. 0. 0.
    0. 0. 0. 0. 0. 0. 0. 0. 0. 0. 0. 0. 0. 0. 0. 0. 0. 0. 0. 0. 0. 0. 0.
    0. 0. 0. 0. 0. 0. 0. 0. 0. 0. 0. 0. 0. 0. 0. 0. 0. 0. 0. 0. 0.
    2.88800001e+00 2.84500003e+00 2.84200001e+00 2.86999989e+00
    2.89599991e+00 2.90100002e+00 2.94400001e+00 2.98799992e+00 0. 0. 0.
    2.95900011e+00 2.95000005e+00 2.97300005e+00 0. 0. 0. 0. 0. 0. 0. 0.
    0. 0. 0. 0. 0. 0. 0. 0. 0. 0. 0. 0. 0. 0. 0. 0. 0. 2.37400007e+00
    2.89299989e+00 2.88000011e+00 2.87899995e+00 2.88800001e+00
    2.89599991e+00 2.90100002e+00 2.94400001e+00 2.98799992e+00 0. 0. 0.
    2.95900011e+00 2.95000005e+00 2.97300005e+00 0. 0. 0. 2.99200010e+00
    2.95499992e+00 2.93099999e+00 2.93099999e+00 2.95700002e+00
    2.97700000e+00 2.98600006e+00 2.99000001e+00 0. 0. 0. 0. 0. 0. 0. 0.
    0. 0. 2.71000004e+00 2.56800008e+00 2.58200002e+00 2.56200004e+00
    2.29200006e+00 2.89599991e+00 2.89599991e+00 2.89599991e+00
    2.89599991e+00 2.89599991e+00 2.90100002e+00 2.94400001e+00
    2.98799992e+00 0. 0. 0. 2.95900011e+00 2.95000005e+00 2.96199989e+00
    2.98000002e+00 2.98000002e+00 0. 2.97399998e+00 2.93099999e+00
    2.89599991e+00 2.89599991e+00 2.93499994e+00 2.95000005e+00
    2.95000005e+00 2.95499992e+00 2.99900007e+00 0. 2.85599995e+00
    2.78200006e+00 0. 0. 0. 2.99900007e+00 2.72499990e+00 2.72499990e+00
    2.33500004e+00 2.21799994e+00 2.21799994e+00 2.21799994e+00
    2.21799994e+00 2.89599991e+00 2.89599991e+00 2.89599991e+00
    2.89599991e+00 2.90000010e+00 2.91400003e+00 2.94499993e+00
    2.98799992e+00 0. 0. 0. 2.95900011e+00 2.95000005e+00 2.95000005e+00
    2.95000005e+00 2.95000005e+00 2.99399996e+00 2.98300004e+00
    2.95000005e+00 2.92499995e+00 2.92499995e+00 2.78299999e+00
    2.72900009e+00 2.72900009e+00 2.73200011e+00 2.76500010e+00
    2.76999998e+00 2.46600008e+00 2.31399989e+00 2.95700002e+00
    2.95700002e+00 2.92799997e+00 2.62700009e+00 2.20300007e+00
    2.19600010e+00 2.17400002e+00 2.16700006e+00 2.16700006e+00
    2.16899991e+00 2.17600012e+00 2.89899993e+00 2.89899993e+00
    2.89899993e+00 2.89899993e+00 2.91499996e+00 2.95000005e+00
    2.95000005e+00 2.98799992e+00 0. 0. 0. 2.91599989e+00 2.89700007e+00
    2.89700007e+00 2.89599991e+00 2.89499998e+00 2.93700004e+00
    2.94799995e+00 2.94799995e+00 2.95000005e+00 2.95900011e+00
    2.34200001e+00 2.10400009e+00 2.10400009e+00 2.10400009e+00
    2.10400009e+00 2.10400009e+00 2.10299993e+00 2.11100006e+00
    2.13700008e+00 2.13899994e+00 2.14000010e+00 2.15400004e+00
    2.16799998e+00 2.13899994e+00 2.13800001e+00 2.13899994e+00
    2.14000010e+00 2.14499998e+00 2.17400002e+00 2.94099998e+00
    2.94099998e+00 2.94099998e+00 2.94099998e+00 2.94400001e+00
    2.95000005e+00 2.95000005e+00 2.98799992e+00 0. 0. 0. 2.23499990e+00
    2.06900001e+00 2.06900001e+00 2.06399989e+00 2.04299998e+00
    2.04999995e+00 2.05200005e+00 2.05200005e+00 2.07999992e+00
    2.23499990e+00 2.14400005e+00 2.10400009e+00 2.10400009e+00
    2.10400009e+00 2.10400009e+00 2.10400009e+00 2.09100008e+00
    2.07599998e+00 2.08200002e+00 2.13000011e+00 2.14000010e+00
    2.14199996e+00 2.13899994e+00 2.10999990e+00 2.10999990e+00
    2.12700009e+00 2.14000010e+00 2.14499998e+00 2.17400002e+00
    2.95000005e+00 2.95000005e+00 2.95000005e+00 2.95000005e+00
    2.76600003e+00 2.35299993e+00 2.35299993e+00 2.36700010e+00
    2.38299990e+00 2.39499998e+00 2.37599993e+00 2.03600001e+00
    1.92499995e+00 1.90100002e+00 1.89499998e+00 1.87000000e+00
    1.87000000e+00 1.87000000e+00 1.90699995e+00 1.98599994e+00
    2.05399990e+00 2.07599998e+00 2.09299994e+00 2.10400009e+00
    2.10200000e+00 2.08500004e+00 2.08200002e+00 2.07599998e+00
    2.06900001e+00 2.07100010e+00 2.12700009e+00 2.12599993e+00
    2.11700010e+00 2.10599995e+00 2.06100011e+00 2.05999994e+00
    2.10500002e+00 2.14000010e+00 2.14499998e+00 2.17400002e+00
    2.95400000e+00 2.97199988e+00 2.97300005e+00 2.76200008e+00
    2.39199996e+00 2. 2. 2. 1.99300003e+00 1.98599994e+00 1.98599994e+00
    1.99800003e+00 1.94700003e+00 1.91499996e+00 1.91100001e+00
    1.89699996e+00 1.89699996e+00 1.90400004e+00 1.95400000e+00
    2.03399992e+00 2.03399992e+00 2.05900002e+00 2.08699989e+00
    2.10400009e+00 2.10100007e+00 2.07299995e+00 2.06900001e+00
    2.06900001e+00 2.06900001e+00 2.07100010e+00 2.11500001e+00
    2.11199999e+00 2.10400009e+00 2.09100008e+00 2.03500009e+00
    2.03399992e+00 2.09299994e+00 2.14000010e+00 2.14499998e+00
    2.17400002e+00 2.75300002e+00 2.78800011e+00 2.78600001e+00
    2.38400006e+00 2.00900006e+00 1.99899995e+00 1.99399996e+00
    1.98800004e+00 1.97099996e+00 1.95299995e+00 1.95400000e+00
    1.98599994e+00 1.96000004e+00 1.94099998e+00 1.94099998e+00
    1.94099998e+00 1.94099998e+00 1.95500004e+00 1.99000001e+00
    2.03399992e+00 2.03399992e+00 2.05900002e+00 2.08299994e+00
    2.09699988e+00 2.09500003e+00 2.07900000e+00 2.07599998e+00
    2.07599998e+00 2.07599998e+00 2.07699990e+00 2.09899998e+00
    2.10400009e+00 2.10400009e+00 2.09299994e+00 2.04999995e+00
    2.04800010e+00 2.09500003e+00 2.13499999e+00 2.14499998e+00
    2.17400002e+00 1.97000003e+00 1.97000003e+00 1.94700003e+00
    1.93599999e+00 1.95500004e+00 1.99699998e+00 1.97000003e+00
    1.94500005e+00 1.91900003e+00 1.90100002e+00 1.90400004e+00
    1.95500004e+00 1.96599996e+00 1.96599996e+00 1.96599996e+00
    1.96599996e+00 1.96599996e+00 1.96599996e+00 1.99000001e+00
    2.03399992e+00 2.03399992e+00 2.05900002e+00 2.06900001e+00
    2.06900001e+00 2.07200003e+00 2.09999990e+00 2.10400009e+00
    2.10400009e+00 2.10400009e+00 2.10400009e+00 2.10400009e+00
    2.10400009e+00 2.10400009e+00 2.10400009e+00 2.10400009e+00
    2.10400009e+00 2.10400009e+00 2.11700010e+00 2.14499998e+00
    2.17400002e+00 1.94500005e+00 1.96500003e+00 1.94299996e+00
    1.93400002e+00 1.95400000e+00 1.99699998e+00 1.97000003e+00
    1.94400001e+00 1.91900003e+00 1.90100002e+00 1.90400004e+00
    1.95500004e+00 1.98300004e+00 1.98199999e+00 1.96599996e+00
    1.96599996e+00 1.98699999e+00 1.99300003e+00 2.00699997e+00
    2.03399992e+00 2.03399992e+00 2.03900003e+00 2.05599999e+00
    2.06900001e+00 2.06999993e+00 2.07599998e+00 2.09500003e+00
    2.10400009e+00 2.10400009e+00 2.10400009e+00 2.10400009e+00
    2.10400009e+00 2.11500001e+00 2.13199997e+00 2.13199997e+00
    2.11100006e+00 2.10400009e+00 2.11700010e+00 2.14499998e+00
    2.17400002e+00 1.90199995e+00 1.92700005e+00 1.93299997e+00
    1.93400002e+00 1.95400000e+00 1.99699998e+00 1.97000003e+00
    1.94400001e+00 1.92700005e+00 1.92499995e+00 1.94000006e+00
    1.96099997e+00 1.97500002e+00 1.98300004e+00 1.98599994e+00
    1.98599994e+00 1.99699998e+00 2. 2.00500011e+00 2.01399994e+00
    2.01399994e+00 2.02900004e+00 2.04200006e+00 2.05500007e+00
    2.06900001e+00 2.06900001e+00 2.09200001e+00 2.10400009e+00
    2.10400009e+00 2.10400009e+00 2.10400009e+00 2.10400009e+00
    2.11800003e+00 2.14000010e+00 2.14000010e+00 2.12800002e+00
    2.12500000e+00 2.13000011e+00 2.14499998e+00 2.17400002e+00
