<?xml version="1.0"?>
<opencv_storage>
<Depth type_id="opencv-matrix">
  <rows>40</rows>
  <cols>40</cols>
  <dt>f</dt>
  <data>
    0. 0. 0. 0. 0. 0. 0. 0. 0. 0. 0. 0. 0. 0. 1.53299999e+00 2. 2.
    1.98099995e+00 1.94599998e+00 1.94099998e+00 1.94099998e+00
    1.94099998e+00 1.94200003e+00 1.94400001e+00 1.97000003e+00 2. 2. 2.
    2. 1.99899995e+00 1.99500000e+00 1.96200001e+00 1.94099998e+00 0. 0.
    0. 0. 0. 0. 0. 0. 0. 0. 0. 0. 0. 0. 0. 0. 0. 0. 0. 1.17799997e+00
    1.56500006e+00 1.81599998e+00 2. 2. 1.99100006e+00 1.97500002e+00
    1.97300005e+00 1.97000003e+00 1.95099998e+00 1.94099998e+00
    1.94099998e+00 1.95400000e+00 1.97000003e+00 1.98899996e+00 2. 2. 2.
    1.99800003e+00 1.96300006e+00 1.94099998e+00 0. 0. 0. 0. 0. 0. 0. 0.
    0. 0. 0. 0. 0. 0. 0. 0. 0. 0. 0. 1.36399996e+00 2.06200004e+00
    2.05599999e+00 2. 2. 2. 2. 2. 1.99500000e+00 1.96500003e+00
    1.94700003e+00 1.94200003e+00 1.94099998e+00 1.94500005e+00
    1.98000002e+00 2. 2. 2. 1.99800003e+00 1.96800005e+00 1.94900000e+00
    0. 0. 0. 0. 0. 0. 0. 0. 0. 0. 0. 0. 0. 0. 0. 0. 0. 0. 0.
    1.36399996e+00 2.06200004e+00 2.05599999e+00 2. 2. 2. 2. 2.
    1.99800003e+00 1.98899996e+00 1.97200000e+00 1.94599998e+00
    1.94099998e+00 1.94500005e+00 1.98000002e+00 2. 2. 2. 2.
    1.99000001e+00 1.98399997e+00 0. 0. 0. 0. 0. 0. 0. 0. 0. 0. 0. 0. 0.
    0. 0. 0. 0. 0. 0. 1.36399996e+00 2.04399991e+00 2.04699993e+00 2. 2.
    2. 2. 2. 2. 2. 1.98899996e+00 1.96500003e+00 1.96000004e+00
    1.96300006e+00 1.98599994e+00 2. 2. 2. 2. 2. 2. 0. 0. 0. 0. 0. 0. 0.
    0. 0. 0. 0. 0. 0. 0. 0. 0. 0. 0. 0. 1.36399996e+00 2.00900006e+00
    2.02999997e+00 2. 2. 2. 2. 2. 2. 2. 1.99899995e+00 1.99600005e+00
    1.99500000e+00 1.99500000e+00 1.99800003e+00 2. 2. 2. 2. 2. 2. 0. 0.
    0. 0. 0. 0. 0. 0. 0. 0. 0. 0. 0. 0. 0. 0. 0. 0. 0. 1.35300004e+00
    1.97500002e+00 1.99699998e+00 1.97000003e+00 1.97000003e+00
    1.98000002e+00 1.99699998e+00 2. 2. 2. 2. 2. 2. 2. 2. 2. 2. 2. 2. 2.
    2. 0. 0. 0. 0. 0. 0. 0. 0. 0. 0. 0. 0. 0. 0. 0. 0. 0. 0. 0.
    1.34300005e+00 1.94700003e+00 1.96800005e+00 1.94099998e+00
    1.94099998e+00 1.96000004e+00 1.99500000e+00 2. 2. 2. 2. 2. 2. 2. 2.
    2. 2. 2. 2. 2. 2. 0. 0. 0. 0. 0. 0. 0. 0. 0. 0. 0. 0. 0. 0. 0. 0. 0.
    0. 0. 1.34300005e+00 1.94700003e+00 1.96800005e+00 1.94099998e+00
    1.94099998e+00 1.96000004e+00 1.99500000e+00 2. 2. 2. 2. 2. 2. 2. 2.
    2. 2. 2. 2. 2. 2. 0. 0. 0. 0. 0. 0. 0. 0. 0. 0. 0. 0. 0. 0. 0. 0. 0.
    0. 0. 1.33599997e+00 1.94700003e+00 1.96800005e+00 1.94099998e+00
    1.94099998e+00 1.96000004e+00 1.99500000e+00 2. 2. 2. 2. 2. 2. 2. 2.
    2. 2. 2. 2. 2. 2. 0. 0. 0. 0. 0. 0. 0. 0. 0. 0. 0. 0. 0. 0. 0. 0. 0.
    0. 0. 1.32299995e+00 1.94599998e+00 1.96800005e+00 1.94099998e+00
    1.94099998e+00 1.96000004e+00 1.99500000e+00 2. 2. 2. 2. 2. 2. 2. 2.
    2. 2. 2. 2. 2. 2. 0. 0. 0. 0. 0. 0. 0. 0. 0. 0. 0. 0. 0. 0. 0. 0. 0.
    0. 0. 1.30999994e+00 1.94500005e+00 1.96800005e+00 1.94099998e+00
    1.94099998e+00 1.96000004e+00 1.99500000e+00 2. 2. 2. 2. 2.
    1.98699999e+00 1.97200000e+00 1.97200000e+00 1.97200000e+00
    1.97200000e+00 1.97200000e+00 1.96099997e+00 1.75699997e+00
    1.62699997e+00 0. 0. 0. 0. 0. 0. 0. 0. 0. 0. 0. 0. 0. 0. 0. 0. 0. 0.
    0. 1.29799998e+00 1.94400001e+00 1.96800005e+00 1.94099998e+00
    1.94099998e+00 1.96000004e+00 1.99500000e+00 2. 2. 2. 2. 2.
    1.97200000e+00 1.94099998e+00 1.94099998e+00 1.94000006e+00
    1.93799996e+00 1.91900003e+00 1.87500000e+00 1.46800005e+00
    1.21000004e+00 0. 0. 0. 0. 0. 0. 0. 0. 0. 0. 0. 0. 0. 0. 0. 0. 0. 0.
    0. 1.29799998e+00 1.94400001e+00 1.96800005e+00 1.94099998e+00
    1.94099998e+00 1.96000004e+00 1.99500000e+00 2. 2. 2. 2. 2.
    1.97200000e+00 1.94099998e+00 1.94099998e+00 1.93099999e+00
    1.90900004e+00 1.72099996e+00 1.47899997e+00 1.31400001e+00
    1.21000004e+00 0. 0. 0. 0. 0. 0. 0. 0. 0. 0. 0. 0. 0. 0. 0. 0. 0. 0.
    0. 1.30400002e+00 1.92999995e+00 1.96099997e+00 1.94099998e+00
    1.94099998e+00 1.96000004e+00 1.99500000e+00 2. 2. 2. 2. 2.
    1.97200000e+00 1.94099998e+00 1.94099998e+00 1.92600000e+00
    1.89199996e+00 1.60200000e+00 1.24000001e+00 1.22200000e+00
    1.21000004e+00 0. 0. 0. 0. 0. 0. 0. 0. 0. 0. 0. 0. 0. 1.01100004e+00
    1.01100004e+00 1.01100004e+00 0. 0. 0. 1.31799996e+00 1.89900005e+00
    1.94500005e+00 1.94099998e+00 1.94099998e+00 1.96000004e+00
    1.99500000e+00 2. 2. 2. 2. 2. 1.97200000e+00 1.94099998e+00
    1.94099998e+00 1.92600000e+00 1.89199996e+00 1.59099996e+00
    1.21599996e+00 1.21200001e+00 1.21000004e+00 0. 0. 0. 0. 0. 0. 0. 0.
    0. 0. 0. 0. 0. 1.01699996e+00 1.01699996e+00 1.01699996e+00
    1.00500000e+00 1.06500006e+00 1.30499995e+00 1.59300005e+00
    1.91299999e+00 1.94099998e+00 1.94099998e+00 1.94099998e+00
    1.96000004e+00 1.99500000e+00 2. 2. 2. 2. 2. 1.97200000e+00
    1.94099998e+00 1.94099998e+00 1.92600000e+00 1.89199996e+00
    1.58800006e+00 1.21000004e+00 1.21000004e+00 1.21000004e+00 0. 0. 0.
    0. 0. 0. 0. 0. 0. 0. 0. 0. 0. 1.01699996e+00 1.01699996e+00
    1.01699996e+00 1.03299999e+00 1.19700003e+00 1.72800004e+00
    1.94099998e+00 1.94099998e+00 1.94099998e+00 1.94099998e+00
    1.94099998e+00 1.96000004e+00 1.99500000e+00 2. 2. 1.99899995e+00
    1.99800003e+00 1.99800003e+00 1.97099996e+00 1.94099998e+00
    1.94000006e+00 1.92499995e+00 1.89199996e+00 1.58800006e+00
    1.21000004e+00 1.21000004e+00 1.21000004e+00 0. 0. 0. 0. 0. 0. 0. 0.
    0. 0. 0. 0. 0. 1.01699996e+00 1.01699996e+00 1.01699996e+00
    1.34899998e+00 1.65199995e+00 1.85800004e+00 1.94099998e+00
    1.94099998e+00 1.94099998e+00 1.94099998e+00 1.94099998e+00
    1.96000004e+00 1.99500000e+00 2. 1.99600005e+00 1.97399998e+00
    1.96300006e+00 1.96300006e+00 1.95299995e+00 1.93900001e+00
    1.91700006e+00 1.89900005e+00 1.88600004e+00 1.58800006e+00
    1.21000004e+00 1.21000004e+00 1.21000004e+00 0. 0. 0. 0. 0. 0. 0. 0.
    0. 0. 0. 0. 0. 1.01699996e+00 1.09500003e+00 1.21399999e+00
    1.62699997e+00 1.92799997e+00 1.92799997e+00 1.92799997e+00
    1.92799997e+00 1.92799997e+00 1.92999995e+00 1.93799996e+00
    1.96000004e+00 1.99500000e+00 2. 1.99399996e+00 1.95899999e+00
    1.93700004e+00 1.92999995e+00 1.91700006e+00 1.90199995e+00
    1.87500000e+00 1.85899997e+00 1.85899997e+00 1.57500005e+00
    1.21000004e+00 1.21000004e+00 1.21000004e+00 0. 0. 0. 0. 0. 0. 0. 0.
    0. 0. 0. 0. 0. 1.01699996e+00 1.30900002e+00 1.75300002e+00
    1.84000003e+00 1.89400005e+00 1.89400005e+00 1.89400005e+00
    1.89400005e+00 1.89400005e+00 1.89999998e+00 1.92799997e+00
    1.96000004e+00 1.99500000e+00 2. 1.99399996e+00 1.95899999e+00
    1.92799997e+00 1.89999998e+00 1.85200000e+00 1.80400002e+00
    1.79799998e+00 1.79400003e+00 1.79400003e+00 1.53799999e+00
    1.21000004e+00 1.21000004e+00 1.21000004e+00 0. 0. 0. 0. 0. 0. 0. 0.
    0. 0. 0. 0. 0. 1.01699996e+00 1.36800003e+00 1.90199995e+00
    1.88499999e+00 1.86000001e+00 1.86000001e+00 1.86000001e+00
    1.86000001e+00 1.86000001e+00 1.86800003e+00 1.90199995e+00
    1.93599999e+00 1.97099996e+00 1.97599995e+00 1.97000003e+00
    1.93599999e+00 1.90100002e+00 1.86699998e+00 1.80900002e+00
    1.74500000e+00 1.68599999e+00 1.62899995e+00 1.57700002e+00
    1.41600001e+00 1.22599995e+00 1.21599996e+00 1.21000004e+00 0. 0. 0.
    0. 0. 0. 0. 0. 0. 0. 0. 0. 0. 1.01699996e+00 1.35500002e+00
    1.86800003e+00 1.85099995e+00 1.82700002e+00 1.82700002e+00
    1.82700002e+00 1.82700002e+00 1.82700002e+00 1.83500004e+00
    1.86800003e+00 1.90199995e+00 1.93599999e+00 1.94099998e+00
    1.93499994e+00 1.90100002e+00 1.86699998e+00 1.83399999e+00
    1.77600002e+00 1.70299995e+00 1.55700004e+00 1.41799998e+00
    1.28799999e+00 1.25300002e+00 1.25100005e+00 1.22599995e+00
    1.21000004e+00 0. 0. 0. 0. 0. 0. 0. 0. 0. 0. 0. 0. 0. 1.01699996e+00
    1.35399997e+00 1.86800003e+00 1.85099995e+00 1.82700002e+00
    1.82700002e+00 1.82700002e+00 1.82700002e+00 1.82700002e+00
    1.83500004e+00 1.86800003e+00 1.90199995e+00 1.93599999e+00
