<?xml version="1.0"?>
<opencv_storage>
<Depth type_id="opencv-matrix">
  <rows>40</rows>
  <cols>40</cols>
  <dt>f</dt>
  <data>
    0. 0. 0. 0. 0. 0. 0. 0. 0. 0. 0. 0. 0. 0. 0. 0. 0. 0. 0. 0. 0. 0. 0.
    0. 0. 0. 0. 0. 0. 0. 0. 0. 0. 0. 0. 0. 0. 0. 0. 0. 0. 0. 0. 0. 0. 0.
    0. 0. 0. 0. 0. 0. 0. 0. 0. 0. 0. 0. 0. 0. 0. 0. 0. 0. 0. 0. 0. 0. 0.
    0. 0. 0. 0. 0. 0. 0. 0. 0. 0. 0. 0. 0. 0. 0. 0. 0. 0. 0. 0. 0. 0. 0.
    0. 0. 0. 0. 0. 0. 0. 0. 0. 0. 0. 0. 0. 0. 0. 0. 0. 0. 0. 0. 0. 0. 0.
    0. 0. 0. 0. 0. 0. 0. 0. 0. 0. 0. 0. 0. 0. 0. 0. 0. 0. 0. 0. 0. 0. 0.
    0. 0. 0. 0. 0. 0. 0. 0. 0. 0. 0. 0. 0. 0. 0. 0. 0. 0. 0. 0. 0. 0. 0.
    0. 0. 0. 0. 0. 0. 0. 0. 0. 0. 0. 0. 0. 0. 0. 0. 0. 0. 0. 0. 0. 0. 0.
    0. 0. 0. 0. 0. 0. 0. 0. 0. 0. 0. 0. 0. 0. 0. 0. 0. 0. 0. 0. 0. 0. 0.
    0. 0. 0. 0. 0. 0. 0. 0. 0. 0. 0. 0. 0. 0. 0. 0. 0. 0. 0. 0. 0. 0. 0.
    0. 0. 0. 0. 0. 0. 0. 0. 0. 0. 0. 0. 0. 0. 0. 0. 0. 0. 0. 0. 0. 0. 0.
    0. 0. 0. 0. 0. 0. 0. 0. 0. 0. 0. 0. 0. 0. 0. 0. 0. 0. 0. 0. 0. 0. 0.
    0. 0. 0. 0. 0. 0. 0. 0. 0. 0. 0. 0. 0. 0. 0. 0. 0. 0. 0. 0. 0. 0. 0.
    0. 0. 0. 0. 0. 0. 0. 0. 0. 0. 0. 0. 0. 0. 0. 0. 0. 0. 0. 0. 0. 0. 0.
    0. 0. 0. 0. 0. 0. 0. 0. 0. 0. 0. 0. 0. 0. 0. 0. 0. 0. 0. 0. 0. 0. 0.
    0. 0. 0. 0. 0. 0. 0. 0. 0. 0. 0. 0. 0. 0. 0. 0. 0. 0. 0. 0. 0. 0. 0.
    0. 0. 0. 0. 0. 0. 0. 0. 0. 0. 0. 0. 0. 0. 0. 0. 0. 0. 0. 0. 0. 0. 0.
    0. 0. 0. 0. 0. 0. 0. 0. 0. 0. 0. 0. 0. 0. 0. 0. 0. 0. 0. 0. 0. 0. 0.
    0. 0. 0. 0. 0. 0. 0. 0. 0. 0. 0. 0. 0. 0. 0. 0. 0. 0. 0. 0. 0. 0. 0.
    0. 0. 0. 0. 0. 0. 0. 0. 0. 0. 0. 0. 0. 0. 0. 0. 0. 0. 0. 0. 0. 0. 0.
    0. 0. 0. 0. 0. 0. 0. 0. 0. 0. 0. 0. 0. 0. 0. 0. 0. 0. 0. 0. 0.
    2.86100006e+00 2.21199989e+00 2.09500003e+00 2.08400011e+00
    2.05200005e+00 2.04699993e+00 2.02500010e+00 1.96300006e+00
    1.95400000e+00 1.97700000e+00 2.03999996e+00 2.04699993e+00
    2.29699993e+00 2.93000007e+00 0. 0. 0. 2.45900011e+00 2.09500003e+00
    2.09500003e+00 2.03399992e+00 2. 2. 2.06200004e+00 2.09500003e+00
    2.09500003e+00 2.06299996e+00 2.04699993e+00 2.04699993e+00
    2.01500010e+00 1.98399997e+00 1.95400000e+00 1.95400000e+00
    1.93700004e+00 1.90900004e+00 1.90900004e+00 1.92600000e+00
    1.95400000e+00 1.95400000e+00 2.58299994e+00 2.47199988e+00
    2.15300012e+00 2.08200002e+00 2.06500006e+00 2.04999995e+00
    2.04699993e+00 2.02500010e+00 1.96300006e+00 1.95400000e+00
    1.97700000e+00 2.03999996e+00 2.04699993e+00 2.17000008e+00
    2.48200011e+00 2.54800010e+00 2.56500006e+00 2.54800010e+00
    2.25000000e+00 2.07800007e+00 2.09400010e+00 2.03399992e+00 2. 2.
    2.04600000e+00 2.06299996e+00 2.04699993e+00 2.01500010e+00 2. 2.
    1.98399997e+00 1.96899998e+00 1.95400000e+00 1.95400000e+00
    1.94599998e+00 1.93200004e+00 1.93200004e+00 1.94000006e+00
    1.95400000e+00 1.95400000e+00 2.11400008e+00 2.09500003e+00
    2.09500003e+00 2.06900001e+00 2.04699993e+00 2.04699993e+00
    2.04699993e+00 2.02900004e+00 1.97800004e+00 1.97099996e+00
    1.99000001e+00 2.04099989e+00 2.04699993e+00 2.04699993e+00
    2.04699993e+00 2.07599998e+00 2.08200002e+00 2.04900002e+00
    2.04699993e+00 2.06100011e+00 2.09299994e+00 2.03999996e+00
    2.00799990e+00 2.00799990e+00 2.02800012e+00 2.02600002e+00 2.
    1.96899998e+00 1.95400000e+00 1.95400000e+00 1.95400000e+00
    1.95400000e+00 1.95400000e+00 1.95400000e+00 1.95400000e+00
    1.95400000e+00 1.95400000e+00 1.95400000e+00 1.95400000e+00
    1.95400000e+00 2.09800005e+00 2.09500003e+00 2.09500003e+00
    2.06900001e+00 2.04699993e+00 2.04699993e+00 2.04699993e+00
    2.04399991e+00 2.03399992e+00 2.03299999e+00 2.03699994e+00
    2.04600000e+00 2.04699993e+00 2.04699993e+00 2.04699993e+00
    2.07599998e+00 2.08200002e+00 2.04900002e+00 2.04699993e+00
    2.06100011e+00 2.09299994e+00 2.05999994e+00 2.03999996e+00
    2.03999996e+00 2.01799989e+00 2.00500011e+00 2. 1.96899998e+00
    1.95400000e+00 1.95400000e+00 1.95400000e+00 1.95400000e+00
    1.95400000e+00 1.95400000e+00 1.95400000e+00 1.95400000e+00
    1.95400000e+00 1.95400000e+00 1.95400000e+00 1.95400000e+00
    2.09500003e+00 2.09500003e+00 2.09500003e+00 2.08200002e+00
    2.07200003e+00 2.07200003e+00 2.05800009e+00 2.04699993e+00
    2.04699993e+00 2.04699993e+00 2.04699993e+00 2.04699993e+00
    2.04699993e+00 2.04699993e+00 2.04699993e+00 2.06100011e+00
    2.06399989e+00 2.04800010e+00 2.04699993e+00 2.05399990e+00
    2.06900001e+00 2.05500007e+00 2.03900003e+00 2.02300000e+00
    2.00799990e+00 2. 2. 1.96899998e+00 1.95400000e+00 1.95400000e+00
    1.95400000e+00 1.95400000e+00 1.95400000e+00 1.95400000e+00
    1.95400000e+00 1.95400000e+00 1.95400000e+00 1.95400000e+00
    1.95400000e+00 1.95400000e+00 2.09500003e+00 2.09500003e+00
    2.09500003e+00 2.09500003e+00 2.09299994e+00 2.08699989e+00
    2.06399989e+00 2.04699993e+00 2.04699993e+00 2.04699993e+00
    2.04699993e+00 2.04699993e+00 2.04699993e+00 2.04699993e+00
    2.04699993e+00 2.04699993e+00 2.04699993e+00 2.04699993e+00
    2.04699993e+00 2.04399991e+00 2.03800011e+00 2.03800011e+00
    2.02600002e+00 2.00099993e+00 2. 2. 2. 1.97500002e+00 1.96300006e+00
    1.96300006e+00 1.96300006e+00 1.96300006e+00 1.96300006e+00
    1.96300006e+00 1.96300006e+00 1.96300006e+00 1.96300006e+00
    1.95899999e+00 1.95400000e+00 1.95400000e+00 2.09500003e+00
    2.09500003e+00 2.09500003e+00 2.09500003e+00 2.08599997e+00
    2.05800009e+00 2.04999995e+00 2.04699993e+00 2.04699993e+00
    2.04699993e+00 2.04699993e+00 2.04699993e+00 2.04699993e+00
    2.04699993e+00 2.04699993e+00 2.04699993e+00 2.04699993e+00
    2.04699993e+00 2.04699993e+00 2.03500009e+00 2.00799990e+00
    2.00600004e+00 2.00399995e+00 2. 2. 2. 2. 1.99600005e+00
    1.99399996e+00 1.99399996e+00 1.99399996e+00 1.99399996e+00
    1.99399996e+00 1.99399996e+00 1.99399996e+00 1.99399996e+00
    1.99399996e+00 1.97899997e+00 1.95400000e+00 1.95400000e+00
    2.06900001e+00 2.06900001e+00 2.06900001e+00 2.06900001e+00
    2.06399989e+00 2.04900002e+00 2.04699993e+00 2.04699993e+00
    2.04699993e+00 2.04699993e+00 2.04699993e+00 2.04699993e+00
    2.04699993e+00 2.04699993e+00 2.04699993e+00 2.04699993e+00
    2.04699993e+00 2.04699993e+00 2.04699993e+00 2.03299999e+00
    2.00200009e+00 2. 2. 2. 2. 2. 2. 1.98399997e+00 1.97500002e+00
    1.97500002e+00 1.97500002e+00 1.97500002e+00 1.97500002e+00
    1.97500002e+00 1.98399997e+00 1.99899995e+00 1.98199999e+00
    1.96700001e+00 1.95400000e+00 1.95400000e+00 2.04699993e+00
    2.04699993e+00 2.04699993e+00 2.04699993e+00 2.04900002e+00
    2.05599999e+00 2.05100012e+00 2.04699993e+00 2.04699993e+00
    2.04699993e+00 2.04699993e+00 2.04699993e+00 2.04699993e+00
    2.04699993e+00 2.04699993e+00 2.04699993e+00 2.04699993e+00
    2.04699993e+00 2.04699993e+00 2.02999997e+00 1.99199998e+00
    1.99000001e+00 1.99300003e+00 2. 2. 2. 2. 1.96899998e+00
    1.95400000e+00 1.95400000e+00 1.95400000e+00 1.95400000e+00
    1.95400000e+00 1.95400000e+00 1.97099996e+00 1.99800003e+00
    1.96700001e+00 1.95400000e+00 1.95400000e+00 1.95400000e+00
    2.04699993e+00 2.04699993e+00 2.04699993e+00 2.04699993e+00
    2.05599999e+00 2.08500004e+00 2.06500006e+00 2.04699993e+00
    2.04699993e+00 2.04699993e+00 2.04699993e+00 2.04699993e+00
    2.04699993e+00 2.04699993e+00 2.04699993e+00 2.04699993e+00
    2.04699993e+00 2.04699993e+00 2.04699993e+00 2.02099991e+00
    1.96200001e+00 1.96000004e+00 1.97200000e+00 1.99899995e+00 2. 2. 2.
    1.96899998e+00 1.95400000e+00 1.95400000e+00 1.95400000e+00
    1.95400000e+00 1.95400000e+00 1.95400000e+00 1.97099996e+00
    1.99800003e+00 1.96700001e+00 1.95400000e+00 1.95400000e+00
    1.95400000e+00 2.04699993e+00 2.04699993e+00 2.04699993e+00
    2.04699993e+00 2.05800009e+00 2.08999991e+00 2.08299994e+00
    2.07299995e+00 2.07299995e+00 2.05800009e+00 2.04699993e+00
    2.04699993e+00 2.04699993e+00 2.04699993e+00 2.04699993e+00
    2.04699993e+00 2.04699993e+00 2.04699993e+00 2.03099990e+00
    2.00099993e+00 1.95599997e+00 1.95400000e+00 1.96800005e+00
