<?xml version="1.0"?>
<opencv_storage>
<Depth type_id="opencv-matrix">
  <rows>40</rows>
  <cols>40</cols>
  <dt>f</dt>
  <data>
    0. 0. 0. 0. 0. 0. 0. 0. 0. 0. 0. 0. 0. 0. 0. 0. 0. 0. 0. 0. 0. 0. 0.
    0. 0. 0. 0. 0. 0. 0. 0. 0. 0. 0. 0. 0. 0. 0. 0. 0. 0. 0. 0. 0. 0. 0.
    0. 0. 0. 0. 0. 0. 0. 0. 0. 0. 0. 0. 0. 0. 0. 0. 0. 0. 0. 0. 0. 0. 0.
    0. 0. 0. 0. 0. 0. 0. 0. 0. 0. 0. 0. 0. 0. 0. 0. 0. 0. 0. 0. 0. 0. 0.
    0. 0. 0. 0. 0. 0. 0. 0. 0. 0. 0. 0. 0. 0. 0. 0. 0. 0. 0. 0. 0. 0. 0.
    0. 0. 0. 0. 0. 0. 0. 0. 0. 0. 0. 0. 0. 0. 0. 0. 0. 0. 0. 0. 0. 0. 0.
    0. 0. 0. 0. 0. 0. 0. 0. 0. 0. 0. 0. 0. 0. 0. 0. 0. 0. 0. 0. 0. 0. 0.
    0. 0. 0. 0. 0. 0. 0. 0. 0. 0. 0. 0. 0. 0. 0. 0. 0. 0. 0. 0. 0. 0. 0.
    0. 0. 0. 0. 0. 0. 0. 0. 0. 0. 0. 0. 0. 0. 0. 0. 0. 0. 0. 0. 0. 0. 0.
    0. 0. 0. 0. 0. 0. 0. 0. 0. 0. 0. 0. 0. 0. 0. 0. 0. 0. 0. 0. 0. 0. 0.
    0. 0. 0. 0. 0. 0. 0. 0. 0. 0. 0. 0. 0. 0. 0. 0. 0. 0. 0. 0. 0. 0. 0.
    0. 0. 0. 0. 0. 0. 0. 0. 0. 0. 0. 0. 0. 0. 0. 0. 0. 0. 0. 0. 0. 0. 0.
    0. 0. 0. 0. 0. 0. 0. 0. 0. 0. 0. 0. 0. 0. 0. 0. 0. 0. 0. 0. 0. 0. 0.
    0. 0. 0. 0. 0. 0. 0. 0. 0. 0. 0. 0. 0. 0. 0. 0. 0. 0. 0. 0. 0. 0. 0.
    0. 0. 0. 0. 0. 0. 0. 0. 0. 0. 0. 0. 0. 0. 0. 0. 0. 0. 0. 0. 0. 0. 0.
    0. 0. 0. 0. 0. 0. 0. 0. 0. 0. 0. 0. 0. 0. 0. 0. 0. 1.69799995e+00
    1.69799995e+00 1.69799995e+00 1.69799995e+00 1.74199998e+00
    1.85300004e+00 1.96300006e+00 1.92600000e+00 1.81599998e+00
    1.70599997e+00 1.69799995e+00 1.69799995e+00 1.69799995e+00
    1.69799995e+00 1.69799995e+00 1.69799995e+00 1.69799995e+00
    1.69799995e+00 1.73800004e+00 1.79200006e+00 1.84599996e+00
    1.84599996e+00 1.84599996e+00 1.86099994e+00 1.91700006e+00
    1.97300005e+00 2.03099990e+00 2.08899999e+00 2.14800000e+00
    2.20900011e+00 2.26999998e+00 2.33200002e+00 2.39599991e+00
    2.46000004e+00 2.50300002e+00 2.50300002e+00 0. 0. 0. 0.
    1.69799995e+00 1.69799995e+00 1.70099998e+00 1.70400000e+00
    1.74699998e+00 1.85200000e+00 1.95700002e+00 1.92299998e+00
    1.81700003e+00 1.71200001e+00 1.70500004e+00 1.70500004e+00
    1.70500004e+00 1.70500004e+00 1.70500004e+00 1.70500004e+00
    1.70500004e+00 1.70500004e+00 1.74300003e+00 1.79400003e+00
    1.84599996e+00 1.84599996e+00 1.84599996e+00 1.86099994e+00
    1.91700006e+00 1.97300005e+00 2.02900004e+00 2.08500004e+00
    2.14100003e+00 2.19899988e+00 2.25699997e+00 2.31599998e+00
    2.37700009e+00 2.43799996e+00 2.47900009e+00 2.47900009e+00 0. 0. 0.
    0. 1.69799995e+00 1.70099998e+00 1.72300005e+00 1.74600005e+00
    1.78499997e+00 1.85000002e+00 1.91499996e+00 1.89300001e+00
    1.82799995e+00 1.76400006e+00 1.75899994e+00 1.75899994e+00
    1.75899994e+00 1.75899994e+00 1.75899994e+00 1.75899994e+00
    1.75899994e+00 1.75899994e+00 1.78199995e+00 1.81400001e+00
    1.84599996e+00 1.84599996e+00 1.84599996e+00 1.86099994e+00
    1.91700006e+00 1.97300005e+00 2.01799989e+00 2.05200005e+00
    2.08699989e+00 2.12199998e+00 2.15799999e+00 2.19400001e+00
    2.23200011e+00 2.26900005e+00 2.29500008e+00 2.29500008e+00 0. 0. 0.
    0. 1.69799995e+00 1.70400000e+00 1.74600005e+00 1.78799999e+00
    1.82299995e+00 1.84700000e+00 1.87199998e+00 1.86399996e+00
    1.83899999e+00 1.81500006e+00 1.81299996e+00 1.81299996e+00
    1.81299996e+00 1.81299996e+00 1.81299996e+00 1.81299996e+00
    1.81299996e+00 1.81299996e+00 1.82200003e+00 1.83399999e+00
    1.84599996e+00 1.84599996e+00 1.84599996e+00 1.86099994e+00
    1.91700006e+00 1.97300005e+00 2.00699997e+00 2.01999998e+00
    2.03299999e+00 2.04600000e+00 2.05900002e+00 2.07299995e+00
    2.08699989e+00 2.10100007e+00 2.11100006e+00 2.11100006e+00 0. 0. 0.
    0. 1.72000003e+00 1.72599995e+00 1.77199996e+00 1.81799996e+00
    1.84599996e+00 1.84599996e+00 1.84599996e+00 1.84599996e+00
    1.84599996e+00 1.84599996e+00 1.85399997e+00 1.86199999e+00
    1.86699998e+00 1.85899997e+00 1.85000002e+00 1.84599996e+00
    1.84599996e+00 1.84599996e+00 1.84599996e+00 1.84599996e+00
    1.84599996e+00 1.84599996e+00 1.84599996e+00 1.86099994e+00
    1.91700006e+00 1.97300005e+00 2. 2. 2. 2. 2. 2. 2. 2. 2. 2. 0. 0. 0.
    0. 1.77400005e+00 1.77699995e+00 1.80400002e+00 1.83000004e+00
    1.84599996e+00 1.84599996e+00 1.84599996e+00 1.84599996e+00
    1.84599996e+00 1.84599996e+00 1.87300003e+00 1.90199995e+00
    1.91900003e+00 1.88999999e+00 1.86099994e+00 1.84599996e+00
    1.84599996e+00 1.84599996e+00 1.84599996e+00 1.84599996e+00
    1.84599996e+00 1.84599996e+00 1.84599996e+00 1.86099994e+00
    1.91700006e+00 1.97300005e+00 2. 2. 2. 2. 2. 2. 2. 2. 2. 2. 0. 0. 0.
    0. 1.82799995e+00 1.82900000e+00 1.83500004e+00 1.84200001e+00
    1.84599996e+00 1.84599996e+00 1.84599996e+00 1.84599996e+00
    1.84599996e+00 1.84599996e+00 1.89199996e+00 1.94200003e+00
    1.97099996e+00 1.92200005e+00 1.87199998e+00 1.84599996e+00
    1.84599996e+00 1.84599996e+00 1.84599996e+00 1.84599996e+00
    1.84599996e+00 1.84599996e+00 1.84599996e+00 1.86099994e+00
    1.91700006e+00 1.97300005e+00 2. 2. 2. 2. 2. 2. 2. 2. 2. 2. 0. 0. 0.
    0. 1.84599996e+00 1.84599996e+00 1.84599996e+00 1.84599996e+00
    1.84599996e+00 1.84599996e+00 1.84599996e+00 1.84599996e+00
    1.84599996e+00 1.84599996e+00 1.89800000e+00 1.95500004e+00
    1.99199998e+00 1.94900000e+00 1.90600002e+00 1.88300002e+00
    1.88300002e+00 1.88300002e+00 1.88300002e+00 1.88300002e+00
    1.88300002e+00 1.88300002e+00 1.88300002e+00 1.89499998e+00
    1.93700004e+00 1.98000002e+00 2. 2. 2. 2. 2. 2. 2. 2. 2. 2. 0. 0. 0.
    0. 1.84599996e+00 1.84599996e+00 1.84599996e+00 1.84599996e+00
    1.84599996e+00 1.84599996e+00 1.84599996e+00 1.84599996e+00
    1.84599996e+00 1.84599996e+00 1.89800000e+00 1.95500004e+00
    1.99600005e+00 1.97399998e+00 1.95200002e+00 1.94000006e+00
    1.94000006e+00 1.94000006e+00 1.94000006e+00 1.94000006e+00
    1.94000006e+00 1.94000006e+00 1.94000006e+00 1.94599998e+00
    1.96800005e+00 1.99000001e+00 2. 2. 2. 2. 2. 2. 2. 2. 2. 2. 0. 0. 0.
    0. 1.84599996e+00 1.84599996e+00 1.84599996e+00 1.84599996e+00
    1.84599996e+00 1.84599996e+00 1.84599996e+00 1.84599996e+00
    1.84599996e+00 1.84599996e+00 1.89800000e+00 1.95500004e+00 2.
    1.99800003e+00 1.99699998e+00 1.99600005e+00 1.99600005e+00
    1.99600005e+00 1.99600005e+00 1.99600005e+00 1.99600005e+00
    1.99600005e+00 1.99600005e+00 1.99699998e+00 1.99800003e+00
    1.99899995e+00 2. 2. 2. 2. 2. 2. 2. 2. 2. 2. 0. 0. 0. 0.
    1.84599996e+00 1.84399998e+00 1.82500005e+00 1.80700004e+00
    1.79600000e+00 1.79600000e+00 1.79600000e+00 1.80799997e+00
    1.82599998e+00 1.84500003e+00 1.88100004e+00 1.91799998e+00
    1.94799995e+00 1.94799995e+00 1.94799995e+00 1.95599997e+00
    1.97599995e+00 1.99500000e+00 2. 2. 2. 2. 2. 2. 2. 2. 2. 2. 2. 2. 2.
    2. 2. 2. 2. 2. 0. 0. 0. 0. 1.84599996e+00 1.84099996e+00
    1.80299997e+00 1.76400006e+00 1.74100006e+00 1.74100006e+00
    1.74100006e+00 1.76699996e+00 1.80499995e+00 1.84300005e+00
    1.86099994e+00 1.87800002e+00 1.89100003e+00 1.89100003e+00
    1.89100003e+00 1.90999997e+00 1.94900000e+00 1.98899996e+00 2. 2. 2.
    2. 2. 2. 2. 2. 2. 2. 2. 2. 2. 2. 2. 2. 2. 2. 0. 0. 0. 0.
    1.84599996e+00 1.83899999e+00 1.78499997e+00 1.73099995e+00
    1.69799995e+00 1.69799995e+00 1.69799995e+00 1.73399997e+00
    1.78799999e+00 1.84200001e+00 1.84599996e+00 1.84599996e+00
    1.84599996e+00 1.84599996e+00 1.84599996e+00 1.87000000e+00
    1.92299998e+00 1.97500002e+00 1.99199998e+00 1.99600005e+00 2. 2. 2.
    2. 2. 2. 2. 2. 2. 2. 2. 2. 2. 2. 2. 2. 0. 0. 0. 0. 1.84599996e+00
    1.83899999e+00 1.78499997e+00 1.73099995e+00 1.69799995e+00
    1.69799995e+00 1.69799995e+00 1.73399997e+00 1.78799999e+00
    1.84200001e+00 1.84599996e+00 1.84599996e+00 1.84599996e+00
    1.84599996e+00 1.84599996e+00 1.86099994e+00 1.89199996e+00
    1.92400002e+00 1.95099998e+00 1.97500002e+00 2. 2. 2. 2. 2. 2. 2. 2.
    2. 2. 2. 2. 2. 2. 2. 2. 0. 0. 0. 0. 1.84599996e+00 1.83899999e+00
    1.78499997e+00 1.73099995e+00 1.69799995e+00 1.69799995e+00
