<?xml version="1.0"?>
<opencv_storage>
<Depth type_id="opencv-matrix">
  <rows>40</rows>
  <cols>40</cols>
  <dt>f</dt>
  <data>
    0. 0. 0. 0. 0. 0. 0. 0. 0. 0. 0. 0. 0. 0. 0. 0. 0. 0. 0. 0. 0. 0. 0.
    0. 0. 0. 0. 0. 0. 0. 0. 0. 0. 0. 0. 0. 0. 0. 0. 0. 0. 0. 0. 0. 0. 0.
    0. 0. 0. 0. 0. 0. 0. 0. 0. 0. 0. 0. 0. 0. 0. 0. 0. 0. 0. 0. 0. 0. 0.
    0. 0. 0. 0. 0. 0. 0. 0. 0. 0. 0. 0. 0. 0. 0. 0. 0. 0. 0. 0. 0. 0. 0.
    0. 0. 0. 0. 0. 0. 0. 0. 0. 0. 0. 0. 0. 0. 0. 0. 0. 0. 0. 0. 0. 0. 0.
    0. 0. 0. 0. 0. 0. 0. 0. 0. 0. 0. 0. 0. 0. 0. 0. 0. 0. 0. 0. 0. 0. 0.
    0. 0. 0. 0. 0. 0. 0. 0. 0. 0. 0. 0. 0. 0. 0. 0. 0. 0. 0. 0. 0. 0. 0.
    0. 0. 0. 0. 0. 0. 0. 0. 0. 0. 0. 0. 0. 0. 0. 0. 0. 0. 0. 0. 0. 0. 0.
    0. 0. 0. 0. 0. 0. 0. 0. 0. 0. 0. 0. 0. 0. 0. 0. 0. 0. 0. 0. 0. 0. 0.
    0. 0. 0. 0. 0. 0. 0. 0. 0. 0. 0. 0. 0. 0. 0. 0. 0. 0. 0. 0. 0. 0. 0.
    0. 0. 0. 0. 0. 0. 0. 0. 0. 0. 0. 0. 0. 0. 0. 0. 0. 0. 0. 0. 0. 0. 0.
    0. 0. 0. 0. 0. 0. 0. 0. 0. 0. 0. 0. 0. 0. 0. 0. 0. 0. 0. 0. 0. 0. 0.
    0. 0. 0. 0. 0. 0. 0. 0. 0. 0. 0. 0. 0. 0. 0. 0. 0. 0. 0. 0. 0. 0. 0.
    0. 0. 0. 0. 0. 0. 0. 0. 0. 0. 0. 0. 0. 0. 0. 0. 0. 0. 0. 0. 0. 0. 0.
    0. 0. 0. 0. 0. 0. 0. 0. 0. 0. 0. 0. 0. 0. 0. 0. 0. 0. 0. 0. 0. 0. 0.
    0. 0. 0. 0. 0. 0. 0. 0. 0. 0. 0. 0. 0. 0. 0. 0. 0. 0. 0. 0. 0. 0. 0.
    0. 0. 0. 0. 0. 0. 0. 0. 0. 0. 0. 0. 0. 0. 0. 0. 0. 0. 0. 0. 0. 0. 0.
    0. 0. 0. 0. 0. 0. 0. 0. 0. 0. 0. 0. 0. 0. 0. 0. 0. 0. 0. 0. 0.
    1.57400000e+00 2.13100004e+00 2.13100004e+00 2.11400008e+00
    2.06100011e+00 2.00799990e+00 2. 2. 2. 2. 2. 1.90799999e+00
    1.80799997e+00 1.75300002e+00 1.75300002e+00 1.75300002e+00
    1.80200005e+00 1.85099995e+00 1.87500000e+00 0. 0. 0. 0. 0. 0. 0. 0.
    0. 0. 0. 0. 0. 0. 0. 0. 0. 0. 0. 0. 0. 1.57400000e+00 2.13100004e+00
    2.13100004e+00 2.11400008e+00 2.06100011e+00 2.00799990e+00 2. 2. 2.
    2. 2. 1.91299999e+00 1.81799996e+00 1.76600003e+00 1.76600003e+00
    1.76600003e+00 1.80900002e+00 1.85399997e+00 1.87500000e+00 0. 0. 0.
    0. 0. 0. 0. 0. 0. 0. 0. 0. 0. 0. 0. 0. 0. 0. 0. 0. 0. 1.57400000e+00
    2.13100004e+00 2.13100004e+00 2.11400008e+00 2.06100011e+00
    2.00799990e+00 2. 2. 2. 2. 2. 1.93099999e+00 1.85699999e+00
    1.81599998e+00 1.81599998e+00 1.81599998e+00 1.83899999e+00
    1.86300004e+00 1.87500000e+00 0. 0. 0. 0. 0. 0. 0. 0. 0. 0. 0. 0. 0.
    0. 0. 0. 0. 0. 0. 0. 0. 1.57400000e+00 2.13100004e+00 2.13100004e+00
    2.11400008e+00 2.06100011e+00 2.00799990e+00 2. 2. 2. 2. 2.
    1.95000005e+00 1.89499998e+00 1.86500001e+00 1.86500001e+00
    1.86500001e+00 1.86899996e+00 1.87300003e+00 1.87500000e+00 0. 0. 0.
    0. 0. 0. 0. 0. 0. 0. 0. 0. 0. 0. 0. 0. 0. 0. 0. 0. 0. 1.73800004e+00
    2.13100004e+00 2.13100004e+00 2.11400008e+00 2.06100011e+00
    2.00799990e+00 2. 2. 2. 2. 2. 1.96800005e+00 1.93400002e+00
    1.90799999e+00 1.89199996e+00 1.87500000e+00 1.87500000e+00
    1.87500000e+00 1.87500000e+00 0. 0. 0. 0. 0. 0. 0. 0. 0. 0. 0. 0. 0.
    0. 0. 0. 0. 0. 0. 0. 1.01900005e+00 1.94299996e+00 2.13100004e+00
    2.13100004e+00 2.11400008e+00 2.06100011e+00 2.00799990e+00 2. 2. 2.
    2. 2. 1.98699999e+00 1.97399998e+00 1.94900000e+00 1.91199994e+00
    1.87600005e+00 1.87500000e+00 1.87500000e+00 1.87500000e+00 0. 0. 0.
    0. 0. 0. 0. 0. 0. 0. 0. 0. 0. 0. 0. 0. 0. 0. 1.52400005e+00
    1.58899999e+00 1.83500004e+00 2.08100009e+00 2.13100004e+00
    2.13100004e+00 2.11400008e+00 2.06100011e+00 2.00799990e+00 2. 2. 2.
    2. 2. 2. 2. 1.98000002e+00 1.93599999e+00 1.89199996e+00
    1.89800000e+00 1.90600002e+00 1.90900004e+00 0. 0. 0. 0. 0. 0. 0. 0.
    0. 0. 0. 0. 0. 0. 0. 0. 0. 0. 1.52400005e+00 1.58899999e+00
    1.83500004e+00 2.08100009e+00 2.13100004e+00 2.13100004e+00
    2.11400008e+00 2.06100011e+00 2.00799990e+00 2. 2. 2. 2. 2. 2. 2.
    1.98899996e+00 1.96599996e+00 1.94299996e+00 1.97000003e+00
    1.99899995e+00 2.01300001e+00 0. 0. 0. 0. 0. 0. 0. 0. 0. 0. 0. 0. 0.
    0. 0. 0. 0. 0. 1.52400005e+00 1.58899999e+00 1.83500004e+00
    2.08100009e+00 2.13100004e+00 2.13100004e+00 2.11400008e+00
    2.06100011e+00 2.00799990e+00 2. 2. 2. 2. 2. 2. 2. 1.99899995e+00
    1.99600005e+00 1.99300003e+00 2.04200006e+00 2.09200001e+00
    2.11599994e+00 0. 0. 0. 0. 0. 0. 0. 0. 0. 0. 0. 0. 0. 0. 0. 0. 0. 0.
    1.52400005e+00 1.58899999e+00 1.83500004e+00 2.08100009e+00
    2.11599994e+00 2.09800005e+00 2.07399988e+00 2.03999996e+00
    2.00500011e+00 2. 2. 1.99300003e+00 1.97599995e+00 1.95799994e+00
    1.95700002e+00 1.95700002e+00 1.95700002e+00 1.95700002e+00
    1.95700002e+00 2.00799990e+00 2.05999994e+00 2.08500004e+00 0. 0. 0.
    0. 0. 0. 0. 0. 0. 0. 0. 0. 0. 0. 0. 0. 0. 0. 1.52400005e+00
    1.58899999e+00 1.83500004e+00 2.08100009e+00 2.09899998e+00
    2.05900002e+00 2.02800012e+00 2.01500010e+00 2.00200009e+00 2. 2.
    1.98500001e+00 1.94700003e+00 1.90900004e+00 1.90600002e+00
    1.90600002e+00 1.90600002e+00 1.90600002e+00 1.90600002e+00
    1.95599997e+00 2.00699997e+00 2.03200006e+00 0. 0. 0. 0. 0. 0. 0. 0.
    0. 0. 0. 0. 0. 0. 0. 0. 0. 0. 1.55999994e+00 1.61699998e+00
    1.83200002e+00 2.04699993e+00 2.06100011e+00 2.02500010e+00 2. 2. 2.
    2. 2. 1.98000002e+00 1.92999995e+00 1.87899995e+00 1.87500000e+00
    1.87500000e+00 1.87500000e+00 1.87500000e+00 1.87500000e+00
    1.92499995e+00 1.97500002e+00 2. 0. 0. 0. 0. 0. 0. 0. 0. 0. 0. 0. 0.
    0. 0. 0. 0. 0. 0. 1.65300000e+00 1.68900001e+00 1.82400000e+00
    1.95899999e+00 1.99100006e+00 1.99600005e+00 2. 2. 2. 2. 2.
    1.98000002e+00 1.92999995e+00 1.87899995e+00 1.87500000e+00
    1.87500000e+00 1.87500000e+00 1.87500000e+00 1.87500000e+00
    1.92499995e+00 1.97500002e+00 2. 0. 0. 0. 0. 0. 0. 0. 0. 0. 0. 0. 0.
    0. 0. 0. 0. 0. 0. 1.74600005e+00 1.75999999e+00 1.81599998e+00
    1.87199998e+00 1.92100000e+00 1.96800005e+00 2. 2. 2. 2. 2.
    1.98000002e+00 1.92999995e+00 1.87899995e+00 1.87500000e+00
    1.87500000e+00 1.87500000e+00 1.87500000e+00 1.87500000e+00
    1.92499995e+00 1.97500002e+00 2. 0. 0. 0. 0. 0. 0. 0. 0. 0. 0. 0. 0.
    0. 0. 0. 0. 0. 0. 1.75300002e+00 1.76600003e+00 1.81599998e+00
    1.86500001e+00 1.88600004e+00 1.89900005e+00 1.90799999e+00
    1.90799999e+00 1.90799999e+00 1.92400002e+00 1.94200003e+00
    1.93400002e+00 1.88399994e+00 1.83399999e+00 1.83000004e+00
    1.83000004e+00 1.84599996e+00 1.88399994e+00 1.92100000e+00
    1.93400002e+00 1.94700003e+00 1.95299995e+00 0. 0. 0. 0. 0. 0. 0. 0.
    0. 0. 0. 0. 0. 0. 0. 0. 0. 0. 1.75300002e+00 1.76600003e+00
    1.81599998e+00 1.86500001e+00 1.85300004e+00 1.82599998e+00
    1.80799997e+00 1.80799997e+00 1.80799997e+00 1.84099996e+00
    1.87899995e+00 1.88300002e+00 1.83399999e+00 1.78400004e+00
    1.77999997e+00 1.77999997e+00 1.81500006e+00 1.89300001e+00
    1.97099996e+00 1.94500005e+00 1.91600001e+00 1.90300000e+00 0. 0. 0.
    0. 0. 0. 0. 0. 0. 0. 0. 0. 0. 0. 0. 0. 0. 0. 1.75300002e+00
    1.76600003e+00 1.81599998e+00 1.86500001e+00 1.83599997e+00
    1.78600001e+00 1.75000000e+00 1.74199998e+00 1.73300004e+00
    1.76600003e+00 1.80700004e+00 1.81900001e+00 1.78699994e+00
    1.75600004e+00 1.75300002e+00 1.75300002e+00 1.78999996e+00
    1.87199998e+00 1.95299995e+00 1.92299998e+00 1.89100003e+00
    1.87500000e+00 0. 0. 0. 0. 0. 0. 0. 0. 0. 0. 0. 0. 0. 0. 0. 0. 0. 0.
    1.75300002e+00 1.76600003e+00 1.81599998e+00 1.86500001e+00
    1.83599997e+00 1.78600001e+00 1.74399996e+00 1.71599996e+00
    1.68900001e+00 1.70200002e+00 1.72300005e+00 1.73800004e+00
    1.74500000e+00 1.75199997e+00 1.75300002e+00 1.75300002e+00
    1.77199996e+00 1.81299996e+00 1.85399997e+00 1.86300004e+00
    1.87100005e+00 1.87500000e+00 0. 0. 0. 0. 0. 0. 0. 0. 0. 0. 0. 0. 0.
    0. 0. 0. 0. 0. 1.75300002e+00 1.76600003e+00 1.81599998e+00
    1.86500001e+00 1.83599997e+00 1.78600001e+00 1.73800004e+00
    1.69099998e+00 1.64400005e+00 1.63800001e+00 1.63900006e+00
    1.65699995e+00 1.70299995e+00 1.74899995e+00 1.75300002e+00
    1.75300002e+00 1.75300002e+00 1.75399995e+00 1.75500000e+00
