<?xml version="1.0"?>
<opencv_storage>
<Depth type_id="opencv-matrix">
  <rows>40</rows>
  <cols>40</cols>
  <dt>f</dt>
  <data>
    0. 0. 0. 0. 0. 0. 0. 0. 0. 0. 0. 0. 0. 0. 0. 0. 0. 0. 0. 0. 0. 0. 0.
    0. 0. 0. 0. 0. 0. 0. 0. 0. 0. 0. 0. 0. 0. 0. 0. 0. 0. 0. 0. 0. 0. 0.
    0. 0. 0. 0. 0. 0. 0. 0. 0. 0. 0. 0. 0. 0. 0. 0. 0. 0. 0. 0. 0. 0. 0.
    0. 0. 0. 0. 0. 0. 0. 0. 0. 0. 0. 0. 0. 0. 0. 0. 0. 0. 0. 0. 0. 0. 0.
    0. 0. 0. 0. 0. 0. 0. 0. 0. 0. 0. 0. 0. 0. 0. 0. 0. 0. 0. 0. 0. 0. 0.
    0. 0. 0. 0. 0. 0. 0. 0. 0. 0. 0. 0. 0. 0. 0. 0. 0. 0. 0. 0. 0. 0. 0.
    0. 0. 0. 0. 0. 0. 0. 0. 0. 0. 0. 0. 0. 0. 0. 0. 0. 0. 0. 0. 0. 0. 0.
    0. 0. 0. 0. 0. 0. 0. 0. 0. 0. 0. 0. 0. 0. 0. 0. 0. 0. 0. 0. 0. 0. 0.
    0. 0. 0. 0. 0. 0. 0. 0. 0. 0. 0. 0. 0. 0. 0. 0. 0. 0. 0. 0. 0. 0. 0.
    0. 0. 0. 0. 0. 0. 0. 0. 0. 0. 0. 0. 0. 0. 0. 0. 0. 0. 0. 0. 0. 0. 0.
    0. 0. 0. 0. 0. 0. 0. 0. 0. 0. 0. 0. 0. 0. 0. 0. 0. 0. 0. 0. 0. 0. 0.
    0. 0. 0. 0. 0. 0. 0. 0. 0. 0. 0. 0. 0. 0. 0. 0. 0. 0. 0. 0. 0. 0. 0.
    0. 0. 0. 0. 0. 0. 0. 0. 0. 0. 0. 0. 0. 0. 0. 0. 0. 0. 0. 0. 0. 0. 0.
    0. 0. 0. 0. 0. 0. 0. 0. 0. 0. 0. 0. 0. 2.46099997e+00 2.20900011e+00
    2.22600007e+00 2.23699999e+00 2.23699999e+00 2.23699999e+00
    2.23699999e+00 2.24399996e+00 2.98099995e+00 2.91199994e+00
    2.91599989e+00 2.97300005e+00 0. 0. 0. 0. 0. 0. 0. 0. 0. 0. 0. 0. 0.
    0. 0. 0. 0. 0. 0. 0. 0. 0. 0. 0. 0. 0. 2.40499997e+00 2.30699992e+00
    2.23499990e+00 2.20900011e+00 2.22600007e+00 2.23699999e+00
    2.23699999e+00 2.23699999e+00 2.23699999e+00 2.23799992e+00
    2.94000006e+00 2.89599991e+00 2.89100003e+00 2.92799997e+00
    2.97000003e+00 2.98399997e+00 0. 0. 0. 0. 0. 0. 0. 0. 0. 0. 0. 0. 0.
    0. 0. 0. 0. 0. 0. 0. 0. 0. 0. 2.38199997e+00 2.20600009e+00
    2.20400000e+00 2.20900011e+00 2.20900011e+00 2.21199989e+00
    2.21399999e+00 2.21399999e+00 2.21399999e+00 2.21399999e+00
    2.22000003e+00 2.93300009e+00 2.92400002e+00 2.92300010e+00
    2.93000007e+00 2.94000006e+00 2.94300008e+00 2.96700001e+00 0. 0. 0.
    0. 0. 0. 0. 0. 0. 0. 0. 0. 0. 0. 0. 0. 2.81599998e+00 2.37599993e+00
    2.37599993e+00 2.37199998e+00 2.34500003e+00 2.34200001e+00
    2.15199995e+00 2.15799999e+00 2.18199992e+00 2.18799996e+00
    2.18799996e+00 2.18799996e+00 2.18799996e+00 2.18799996e+00
    2.18799996e+00 2.18799996e+00 1.61899996e+00 2.93300009e+00
    2.93300009e+00 2.93300009e+00 2.93300009e+00 2.93300009e+00
    2.93300009e+00 2.94000006e+00 2.95300007e+00 2.96000004e+00
    2.96000004e+00 2.96799994e+00 2.99600005e+00 0. 0. 0. 0. 0. 0. 0. 0.
    0. 2.73399997e+00 2.40300012e+00 2.29999995e+00 2.12299991e+00
    2.13499999e+00 2.13400006e+00 2.12700009e+00 2.12700009e+00
    2.12700009e+00 2.15100002e+00 2.17600012e+00 2.18099999e+00
    2.16899991e+00 2.16199994e+00 2.16199994e+00 2.16199994e+00
    2.16199994e+00 2.16199994e+00 1.92999995e+00 2.90700006e+00
    2.90700006e+00 2.90700006e+00 2.90700006e+00 2.90700006e+00
    2.90700006e+00 2.90700006e+00 2.90700006e+00 2.90700006e+00
    2.90700006e+00 2.91799998e+00 2.95799994e+00 2.99600005e+00 0. 0.
    2.99499989e+00 2.99300003e+00 2.55999994e+00 2.43700004e+00
    2.43700004e+00 2.44700003e+00 2.26900005e+00 2.09200001e+00
    2.10100007e+00 2.10899997e+00 2.12700009e+00 2.12700009e+00
    2.12599993e+00 2.11100006e+00 2.11100006e+00 2.13400006e+00
    2.15899992e+00 2.16400003e+00 2.15700006e+00 2.15400004e+00
    2.15400004e+00 2.15400004e+00 2.15400004e+00 2.15400004e+00
    2.16100001e+00 2.89100003e+00 2.89100003e+00 2.89100003e+00
    2.89100003e+00 2.89100003e+00 2.89100003e+00 2.87800002e+00
    2.86800003e+00 2.67400002e+00 2.39100003e+00 2.53600001e+00
    2.94199991e+00 2.91300011e+00 2.49000001e+00 2.49000001e+00
    2.47099996e+00 2.48099995e+00 2.16499996e+00 2.07500005e+00
    2.07500005e+00 2.07500005e+00 2.07500005e+00 2.07999992e+00
    2.09200001e+00 2.10400009e+00 2.11599994e+00 2.12700009e+00
    2.12400007e+00 2.08699989e+00 2.08699989e+00 2.10899997e+00
    2.13400006e+00 2.13899994e+00 2.13899994e+00 2.14800000e+00
    2.15400004e+00 2.15400004e+00 2.15400004e+00 2.15899992e+00
    2.17199993e+00 2.85200000e+00 2.86899996e+00 2.87100005e+00
    2.87100005e+00 2.87100005e+00 2.61400008e+00 2.43600011e+00
    2.42100000e+00 2.24000001e+00 1.97599995e+00 2.11299992e+00
    2.49499989e+00 2.46000004e+00 2.03800011e+00 2.03800011e+00
    2.03800011e+00 2.04900002e+00 2.05100012e+00 2.05999994e+00
    2.06299996e+00 2.06299996e+00 2.06299996e+00 2.06299996e+00
    2.07200003e+00 2.09200001e+00 2.10400009e+00 2.11500001e+00
    2.11100006e+00 2.07500005e+00 2.07500005e+00 2.09800005e+00
    2.12199998e+00 2.12700009e+00 2.12700009e+00 2.14299989e+00
    2.15400004e+00 2.15400004e+00 2.15400004e+00 2.16300011e+00
    2.18099999e+00 2.80900002e+00 2.82999992e+00 2.83299994e+00
    2.57599998e+00 2.49300003e+00 2.17400002e+00 1.96300006e+00
    1.95200002e+00 1.96200001e+00 1.97899997e+00 1.99000001e+00
    2.00300002e+00 2.01500010e+00 2.01500010e+00 2.01500010e+00
    2.01500010e+00 2.01500010e+00 2.01500010e+00 2.02500010e+00
    2.02999997e+00 2.02999997e+00 2.03500009e+00 2.03999996e+00
    2.04500008e+00 2.06500006e+00 2.08999991e+00 2.09200001e+00
    2.09999990e+00 2.08599997e+00 2.08599997e+00 2.10800004e+00
    2.12400007e+00 2.12700009e+00 2.12700009e+00 2.14299989e+00
    2.15400004e+00 2.15400004e+00 2.15400004e+00 2.16300011e+00
    2.18099999e+00 2.80900002e+00 2.80900002e+00 2.80900002e+00
    2.17899990e+00 1.97599995e+00 1.97599995e+00 1.96300006e+00
    1.95200002e+00 1.96200001e+00 1.98399997e+00 2. 1.99800003e+00
    1.99199998e+00 1.99199998e+00 1.99199998e+00 1.99899995e+00 2. 2. 2.
    2. 2. 2.00799990e+00 2.01999998e+00 2.02500010e+00 2.03699994e+00
    2.06699991e+00 2.06999993e+00 2.09200001e+00 2.09200001e+00
    2.09200001e+00 2.12299991e+00 2.12700009e+00 2.12700009e+00
    2.12700009e+00 2.13800001e+00 2.14499998e+00 2.14899993e+00
    2.15400004e+00 2.16300011e+00 2.18099999e+00 2.81999993e+00
    2.59899998e+00 2.57299995e+00 2.12199998e+00 1.97599995e+00
    1.97200000e+00 1.96000004e+00 1.95200002e+00 1.95899999e+00
    1.97800004e+00 1.99399996e+00 1.99000001e+00 1.97599995e+00
    1.97599995e+00 1.97599995e+00 1.99199998e+00 1.99399996e+00
    1.99399996e+00 1.99399996e+00 1.99800003e+00 2. 2. 2.01099992e+00
    2.02699995e+00 2.03699994e+00 2.04999995e+00 2.05399990e+00
    2.07500005e+00 2.07500005e+00 2.07500005e+00 2.11400008e+00
    2.12599993e+00 2.12700009e+00 2.12700009e+00 2.12700009e+00
    2.12700009e+00 2.13899994e+00 2.15400004e+00 2.16300011e+00
    2.18099999e+00 2.66199994e+00 2.00200009e+00 1.92400002e+00
    1.96000004e+00 1.97099996e+00 1.95700002e+00 1.94700003e+00
    1.94700003e+00 1.94900000e+00 1.95799994e+00 1.97300005e+00
    1.97500002e+00 1.97099996e+00 1.97099996e+00 1.97099996e+00
    1.97599995e+00 1.97599995e+00 1.97599995e+00 1.97599995e+00
    1.99100006e+00 2. 2. 2.01099992e+00 2.03399992e+00 2.04999995e+00
    2.04999995e+00 2.05299997e+00 2.06999993e+00 2.07500005e+00
    2.07500005e+00 2.09800005e+00 2.12199998e+00 2.12700009e+00
    2.12700009e+00 2.12700009e+00 2.12700009e+00 2.13899994e+00
    2.15400004e+00 2.16300011e+00 2.18099999e+00 1.90600002e+00
    1.90300000e+00 1.90300000e+00 1.93799996e+00 1.94900000e+00
    1.93499994e+00 1.92600000e+00 1.92600000e+00 1.93400002e+00
    1.94799995e+00 1.95799994e+00 1.96899998e+00 1.95200002e+00
    1.95200002e+00 1.95200002e+00 1.97399998e+00 1.97599995e+00
    1.97599995e+00 1.97599995e+00 1.99100006e+00 2. 2.00200009e+00
    2.01300001e+00 2.03399992e+00 2.04999995e+00 2.04999995e+00
    2.04999995e+00 2.05200005e+00 2.07500005e+00 2.07500005e+00
    2.09800005e+00 2.11899996e+00 2.12599993e+00 2.12700009e+00
    2.12700009e+00 2.12700009e+00 2.13899994e+00 2.15400004e+00
    2.16300011e+00 2.18099999e+00 1.90600002e+00 1.88600004e+00
    1.88399994e+00 1.91600001e+00 1.92700005e+00 1.91400003e+00
    1.90600002e+00 1.90600002e+00 1.90600002e+00 1.92100000e+00
