<?xml version="1.0"?>
<opencv_storage>
<Depth type_id="opencv-matrix">
  <rows>40</rows>
  <cols>40</cols>
  <dt>f</dt>
  <data>
    0. 0. 0. 0. 0. 0. 0. 0. 0. 0. 0. 0. 0. 0. 0. 0. 0. 0. 0. 0. 0. 0. 0.
    0. 0. 0. 0. 0. 0. 0. 0. 0. 0. 0. 0. 0. 0. 0. 0. 0. 0. 0. 0. 0. 0. 0.
    0. 0. 0. 0. 0. 0. 0. 0. 0. 0. 0. 0. 0. 0. 0. 0. 0. 0. 0. 0. 0. 0. 0.
    0. 0. 0. 0. 0. 0. 0. 0. 0. 0. 0. 0. 0. 0. 0. 0. 0. 0. 0. 0. 0. 0. 0.
    0. 0. 0. 0. 0. 0. 0. 0. 0. 0. 0. 0. 0. 0. 0. 0. 0. 0. 0. 0. 0. 0. 0.
    0. 0. 0. 0. 0. 0. 0. 0. 0. 0. 0. 0. 0. 0. 0. 0. 0. 0. 0. 0. 0. 0. 0.
    0. 0. 0. 0. 0. 0. 0. 0. 0. 0. 0. 0. 0. 0. 0. 0. 0. 0. 0. 0. 0. 0. 0.
    0. 0. 0. 0. 0. 0. 0. 0. 0. 0. 0. 0. 0. 0. 0. 0. 0. 0. 0. 0. 0. 0. 0.
    0. 0. 0. 0. 0. 0. 0. 0. 0. 0. 0. 0. 0. 0. 0. 0. 0. 0. 0. 0. 0. 0. 0.
    0. 0. 0. 0. 0. 0. 0. 0. 2.06900001e+00 2.03900003e+00 2.00999999e+00
    1.98099995e+00 1.96099997e+00 1.96099997e+00 1.96099997e+00
    1.96099997e+00 1.96099997e+00 1.96099997e+00 0. 0. 0. 0. 0. 0. 0. 0.
    2.12400007e+00 1.70700002e+00 0. 0. 0. 0. 0. 0. 0. 0. 0. 0. 0. 0. 0.
    0. 0. 0. 0. 0. 0. 0. 2.06900001e+00 2.03900003e+00 2.00999999e+00
    1.98099995e+00 1.96099997e+00 1.96099997e+00 1.96099997e+00
    1.96099997e+00 1.96099997e+00 1.96099997e+00 1.10500002e+00 0. 0.
    2.67600012e+00 2.42499995e+00 1.35899997e+00 0. 2.92300010e+00
    2.09899998e+00 1.68499994e+00 0. 0. 0. 0. 0. 0. 0. 0. 0. 0. 0. 0. 0.
    0. 0. 0. 1.96099997e+00 2.47900009e+00 0. 0. 2.03500009e+00
    2.01500010e+00 2.00399995e+00 1.98699999e+00 1.97099996e+00
    1.96200001e+00 1.96099997e+00 1.96099997e+00 1.96099997e+00
    1.96099997e+00 1.96099997e+00 1.22099996e+00 0. 0. 0. 2.11899996e+00
    2.09899998e+00 2.06999993e+00 2.05599999e+00 1.64699996e+00 0. 0. 0.
    0. 0. 0. 0. 0. 0. 0. 0. 0. 0. 0. 2.24200010e+00 1.96099997e+00
    1.96099997e+00 1.96099997e+00 1.96099997e+00 1.96099997e+00
    1.96099997e+00 1.96200001e+00 1.98899996e+00 1.99800003e+00
    1.99000001e+00 1.96300006e+00 1.96099997e+00 1.96099997e+00
    1.96099997e+00 1.96099997e+00 1.96099997e+00 1.97300005e+00
    2.14299989e+00 0. 0. 2.10400009e+00 2.04600000e+00 2.01399994e+00 2.
    1.61399996e+00 0. 0. 0. 0. 0. 0. 0. 0. 0. 0. 0. 0. 0. 2.98200011e+00
    2.02900004e+00 1.96099997e+00 1.96099997e+00 1.96099997e+00
    1.96099997e+00 1.96099997e+00 1.96099997e+00 1.96099997e+00
    1.96800005e+00 1.97000003e+00 1.96800005e+00 1.96200001e+00
    1.96099997e+00 1.96099997e+00 1.96099997e+00 1.96099997e+00
    1.96099997e+00 1.97300005e+00 2.03399992e+00 0. 2.77500010e+00
    2.05500007e+00 2.04099989e+00 2.01399994e+00 2. 1.90699995e+00
    1.28699994e+00 0. 0. 0. 0. 0. 0. 0. 0. 1.92200005e+00 1.92200005e+00
    1.92200005e+00 1.93200004e+00 1.94599998e+00 1.96000004e+00
    1.96099997e+00 1.96099997e+00 1.96099997e+00 1.96099997e+00
    1.96099997e+00 1.96099997e+00 1.96099997e+00 1.96099997e+00
    1.96099997e+00 1.96099997e+00 1.96099997e+00 1.96099997e+00
    1.96099997e+00 1.96099997e+00 1.96099997e+00 1.96099997e+00
    1.97300005e+00 2. 2. 2.01900005e+00 2.03999996e+00 2.03999996e+00
    2.01399994e+00 2. 2. 2. 0. 0. 0. 0. 0. 0. 1.92200005e+00
    1.92200005e+00 1.91900003e+00 1.91400003e+00 1.91400003e+00
    1.91400003e+00 1.91999996e+00 1.94200003e+00 1.95000005e+00
    1.95200002e+00 1.95200002e+00 1.95200002e+00 1.95700002e+00
    1.96099997e+00 1.96099997e+00 1.96099997e+00 1.96099997e+00
    1.96099997e+00 1.96099997e+00 1.96099997e+00 1.96099997e+00
    1.96099997e+00 1.96099997e+00 1.96099997e+00 1.97300005e+00 2. 2.
    2.01500010e+00 2.03099990e+00 2.03099990e+00 2.01099992e+00 2. 2. 2.
    2. 2. 0. 0. 0. 0. 1.92200005e+00 1.92200005e+00 1.91100001e+00
    1.88600004e+00 1.88600004e+00 1.88600004e+00 1.88600004e+00
    1.88800001e+00 1.91199994e+00 1.92400002e+00 1.92400002e+00
    1.92400002e+00 1.94500005e+00 1.96099997e+00 1.96099997e+00
    1.96099997e+00 1.96099997e+00 1.96099997e+00 1.96099997e+00
    1.96099997e+00 1.96099997e+00 1.96099997e+00 1.96099997e+00
    1.96099997e+00 1.97300005e+00 2. 2. 2.00099993e+00 2.00200009e+00
    2.00200009e+00 2.00099993e+00 2. 2. 2. 2. 2. 0. 0. 0. 0.
    1.92200005e+00 1.92200005e+00 1.90999997e+00 1.88399994e+00
    1.88399994e+00 1.87199998e+00 1.85899997e+00 1.85899997e+00
    1.88399994e+00 1.89600003e+00 1.89999998e+00 1.91799998e+00
    1.92900002e+00 1.94299996e+00 1.96099997e+00 1.96099997e+00
    1.96099997e+00 1.96099997e+00 1.96099997e+00 1.96099997e+00
    1.96099997e+00 1.96099997e+00 1.96099997e+00 1.96099997e+00
    1.97300005e+00 2. 2. 2. 2. 2. 2. 2. 2. 2. 2. 2. 0. 0. 0. 0.
    1.92200005e+00 1.92200005e+00 1.91999996e+00 1.91400003e+00
    1.90300000e+00 1.87300003e+00 1.84700000e+00 1.84700000e+00
    1.87199998e+00 1.88399994e+00 1.88699996e+00 1.90300000e+00
    1.90699995e+00 1.91900003e+00 1.94599998e+00 1.95700002e+00
    1.96099997e+00 1.96099997e+00 1.96099997e+00 1.96099997e+00
    1.96099997e+00 1.96099997e+00 1.96099997e+00 1.97000003e+00
    1.98399997e+00 2. 2. 2. 2. 2. 2. 2. 2.00200009e+00 2.01300001e+00
    2.01600003e+00 2.01600003e+00 0. 0. 0. 0. 1.91700006e+00
    1.91700006e+00 1.93099999e+00 1.95899999e+00 1.93099999e+00
    1.88699996e+00 1.85099995e+00 1.84700000e+00 1.86899996e+00
    1.87899995e+00 1.88000000e+00 1.88300002e+00 1.88399994e+00
    1.89400005e+00 1.91799998e+00 1.94700003e+00 1.95799994e+00
    1.96099997e+00 1.96099997e+00 1.96099997e+00 1.96099997e+00
    1.96099997e+00 1.96099997e+00 1.98300004e+00 2. 2. 2. 2. 2. 2.
    2.00300002e+00 2.00500011e+00 2.00900006e+00 2.03399992e+00
    2.04600000e+00 2.05100012e+00 0. 0. 0. 0. 1.88999999e+00
    1.88999999e+00 1.91199994e+00 1.95899999e+00 1.93099999e+00
    1.89999998e+00 1.87199998e+00 1.84899998e+00 1.85099995e+00
    1.85200000e+00 1.85599995e+00 1.87899995e+00 1.88399994e+00
    1.88600004e+00 1.89100003e+00 1.91900003e+00 1.94400001e+00
    1.96099997e+00 1.96099997e+00 1.96099997e+00 1.96099997e+00
    1.96099997e+00 1.96099997e+00 1.98300004e+00 2. 2. 2. 2. 2. 2.
    2.02200007e+00 2.03399992e+00 2.03500009e+00 2.03900003e+00
    2.07999992e+00 2.11199999e+00 0. 0. 0. 0. 1.88399994e+00
    1.88399994e+00 1.90799999e+00 1.95899999e+00 1.93099999e+00
    1.90300000e+00 1.87600005e+00 1.84899998e+00 1.84700000e+00
    1.84700000e+00 1.84899998e+00 1.86000001e+00 1.86300004e+00
    1.86899996e+00 1.88499999e+00 1.91299999e+00 1.94099998e+00
    1.96099997e+00 1.96099997e+00 1.96099997e+00 1.96099997e+00
    1.96099997e+00 1.96099997e+00 1.98300004e+00 2. 2. 2. 2. 2. 2.
    2.02600002e+00 2.03999996e+00 2.04299998e+00 2.05999994e+00
    2.08400011e+00 2.09999990e+00 0. 0. 0. 0. 0. 2.59200001e+00
    1.92400002e+00 1.95899999e+00 1.93099999e+00 1.90900004e+00
    1.88999999e+00 1.87100005e+00 1.87000000e+00 1.87000000e+00
    1.86699998e+00 1.85000002e+00 1.84700000e+00 1.85800004e+00
    1.88600004e+00 1.92200005e+00 1.94700003e+00 1.96399999e+00
    1.97200000e+00 1.96500003e+00 1.96099997e+00 1.96099997e+00
    1.96099997e+00 1.97599995e+00 1.99199998e+00 2. 2. 2. 2. 2.
    2.02600002e+00 2.03999996e+00 2.04299998e+00 2.06399989e+00
    2.07599998e+00 2.08200002e+00 0. 0. 0. 0. 0. 0. 1.96099997e+00
    1.95899999e+00 1.93200004e+00 1.92299998e+00 1.92299998e+00
    1.92299998e+00 1.92299998e+00 1.92299998e+00 1.91400003e+00
    1.86099994e+00 1.85000002e+00 1.86000001e+00 1.88800001e+00
    1.94299996e+00 1.96099997e+00 1.96899998e+00 1.99600005e+00
    1.97399998e+00 1.96000004e+00 1.96000004e+00 1.96000004e+00
    1.96000004e+00 1.97200000e+00 1.99899995e+00 2. 2. 2. 2.
    2.02600002e+00 2.03999996e+00 2.03999996e+00 2.03999996e+00
    2.06200004e+00 2.07900000e+00 0. 0. 0. 0. 0. 0. 1.96099997e+00
    1.96099997e+00 1.95400000e+00 1.95200002e+00 1.95200002e+00
    1.95200002e+00 1.95200002e+00 1.95200002e+00 1.94900000e+00
    1.93599999e+00 1.91600001e+00 1.90699995e+00 1.91400003e+00
    1.94900000e+00 1.96099997e+00 1.96300006e+00 1.97000003e+00
    1.96399999e+00 1.94900000e+00 1.93099999e+00 1.93099999e+00
