<?xml version="1.0"?>
<opencv_storage>
<Depth type_id="opencv-matrix">
  <rows>40</rows>
  <cols>40</cols>
  <dt>f</dt>
  <data>
    0. 0. 0. 0. 0. 0. 0. 0. 0. 0. 0. 0. 0. 0. 0. 0. 0. 0. 0. 0. 0. 0. 0.
    0. 0. 0. 0. 0. 0. 0. 0. 0. 0. 0. 0. 0. 0. 0. 0. 0. 0. 0. 0. 0. 0. 0.
    0. 0. 0. 0. 0. 0. 0. 0. 0. 0. 0. 0. 0. 0. 0. 0. 0. 0. 0. 0. 0. 0. 0.
    0. 0. 0. 0. 0. 0. 0. 0. 0. 0. 0. 0. 0. 0. 0. 0. 0. 0. 0. 0. 0. 0. 0.
    0. 0. 0. 0. 0. 0. 0. 0. 0. 0. 0. 0. 0. 0. 0. 0. 0. 0. 0. 0. 0. 0. 0.
    0. 0. 0. 0. 0. 0. 0. 0. 0. 0. 0. 0. 0. 0. 0. 0. 0. 0. 0. 0. 0. 0. 0.
    0. 0. 0. 0. 0. 0. 0. 0. 0. 0. 0. 0. 0. 0. 0. 0. 0. 0. 0. 0. 0. 0. 0.
    0. 0. 0. 0. 0. 0. 0. 0. 0. 0. 0. 0. 0. 0. 0. 0. 0. 0. 0. 0. 0. 0. 0.
    0. 0. 0. 0. 0. 0. 0. 0. 0. 0. 0. 0. 0. 0. 0. 0. 0. 0. 0. 0. 0. 0. 0.
    0. 0. 0. 0. 0. 0. 0. 0. 0. 0. 0. 0. 0. 0. 0. 0. 0. 0. 0. 0. 0. 0. 0.
    0. 0. 0. 0. 0. 0. 0. 0. 0. 0. 0. 0. 0. 0. 0. 0. 0. 0. 0. 0. 0. 0. 0.
    0. 0. 0. 0. 0. 0. 0. 0. 0. 0. 0. 0. 0. 0. 0. 0. 0. 0. 0. 0. 0. 0. 0.
    0. 0. 0. 0. 0. 0. 0. 0. 0. 0. 0. 0. 0. 0. 0. 0. 0. 0. 0. 0. 0. 0. 0.
    0. 0. 0. 0. 0. 0. 0. 0. 0. 0. 0. 0. 0. 0. 0. 0. 0. 0. 0. 0. 0. 0. 0.
    0. 0. 0. 0. 0. 0. 0. 0. 0. 0. 0. 0. 0. 0. 0. 0. 0. 0. 0. 0. 0. 0. 0.
    0. 0. 0. 0. 0. 0. 0. 0. 0. 0. 0. 0. 0. 0. 0. 0. 0. 0. 0. 0. 0. 0. 0.
    0. 0. 0. 0. 0. 0. 0. 0. 0. 0. 0. 0. 0. 0. 0. 0. 0. 0. 0. 0. 0. 0. 0.
    0. 0. 0. 0. 0. 0. 0. 0. 0. 0. 0. 0. 0. 0. 0. 0. 0. 0. 0. 0. 0. 0. 0.
    0. 0. 0. 0. 0. 0. 0. 0. 0. 1.58899999e+00 1.80100000e+00
    1.80100000e+00 1.80100000e+00 1.80100000e+00 1.81299996e+00
    1.85699999e+00 1.89900005e+00 1.89900005e+00 1.89900005e+00
    1.89900005e+00 0. 0. 0. 0. 0. 0. 0. 0. 0. 0. 0. 0. 0. 0. 0. 0. 0. 0.
    0. 0. 0. 0. 0. 0. 0. 0. 0. 0. 1.09599996e+00 1.67900002e+00
    1.83800006e+00 1.81400001e+00 1.80100000e+00 1.80100000e+00
    1.81299996e+00 1.85699999e+00 1.89900005e+00 1.89900005e+00
    1.89900005e+00 1.89900005e+00 0. 0. 0. 0. 0. 0. 0. 0. 0. 0. 0. 0. 0.
    0. 1.37100005e+00 1.39300001e+00 1.41600001e+00 1.41700006e+00
    1.41700006e+00 1.46599996e+00 1.53199995e+00 1.51100004e+00
    1.41700006e+00 1.35500002e+00 1.35500002e+00 1.35500002e+00
    1.35500002e+00 1.35500002e+00 1.61699998e+00 1.90499997e+00
    1.93200004e+00 1.84599996e+00 1.80100000e+00 1.80100000e+00
    1.81299996e+00 1.85699999e+00 1.89900005e+00 1.89900005e+00
    1.89900005e+00 1.89900005e+00 0. 0. 0. 0. 0. 0. 0. 0. 0. 0. 0. 0. 0.
    1.49500000e+00 2.11400008e+00 2.16300011e+00 2.21199989e+00
    2.21300006e+00 2.21300006e+00 2.29099989e+00 2.39499998e+00
    2.33999991e+00 2.15199995e+00 2.02300000e+00 2.01099992e+00 2. 2. 2.
    2.03999996e+00 2.08299994e+00 2.00799990e+00 1.88199997e+00
    1.81700003e+00 1.81700003e+00 1.82799995e+00 1.86899996e+00
    1.90699995e+00 1.90699995e+00 1.90699995e+00 1.90699995e+00 0. 0. 0.
    0. 0. 0. 0. 0. 0. 0. 0. 1.26800001e+00 1.41700006e+00 1.79499996e+00
    2.11400008e+00 2.16300011e+00 2.21199989e+00 2.21300006e+00
    2.21300006e+00 2.29099989e+00 2.39499998e+00 2.37599993e+00
    2.25500011e+00 2.14800000e+00 2.06900001e+00 2. 2. 2. 2.01999998e+00
    2.04200006e+00 2.00399995e+00 1.94000006e+00 1.90699995e+00
    1.90699995e+00 1.91299999e+00 1.93400002e+00 1.95299995e+00
    1.95299995e+00 1.95299995e+00 1.95299995e+00 0. 0. 0. 0. 0. 0. 0. 0.
    0. 0. 0. 2.07999992e+00 2.08500004e+00 2.09599996e+00 2.11400008e+00
    2.16300011e+00 2.21199989e+00 2.21300006e+00 2.21300006e+00
    2.29099989e+00 2.39499998e+00 2.41199994e+00 2.35800004e+00
    2.27300000e+00 2.12800002e+00 2. 2. 2. 2.00099993e+00 2.00099993e+00
    2. 1.99800003e+00 1.99699998e+00 1.99699998e+00 1.99699998e+00
    1.99800003e+00 1.99899995e+00 1.99899995e+00 1.99899995e+00
    1.99899995e+00 0. 0. 0. 0. 0. 0. 0. 0. 0. 0. 0. 2.10500002e+00
    2.10500002e+00 2.10500002e+00 2.10999990e+00 2.13700008e+00
    2.16499996e+00 2.18600011e+00 2.20799994e+00 2.25699997e+00
    2.31500006e+00 2.32599998e+00 2.29600000e+00 2.24200010e+00
    2.13800001e+00 2.04600000e+00 2.04600000e+00 2.04600000e+00
    2.02699995e+00 2.00600004e+00 2. 2. 2. 2. 2. 2. 2. 2. 2. 2. 0. 0. 0.
    0. 0. 0. 0. 0. 0. 0. 0. 2.10500002e+00 2.10500002e+00 2.10500002e+00
    2.10599995e+00 2.11100006e+00 2.11700010e+00 2.15899992e+00
    2.20199990e+00 2.22199988e+00 2.23300004e+00 2.23499990e+00
    2.22900009e+00 2.20600009e+00 2.14599991e+00 2.09299994e+00
    2.09299994e+00 2.09299994e+00 2.05500007e+00 2.01300001e+00 2. 2. 2.
    2. 2. 2. 2. 2. 2. 2. 0. 0. 0. 0. 0. 0. 0. 0. 0. 0. 0. 2.14199996e+00
    2.13499999e+00 2.11899996e+00 2.10500002e+00 2.10500002e+00
    2.10500002e+00 2.13599992e+00 2.16799998e+00 2.17600012e+00
    2.17600012e+00 2.16700006e+00 2.15100002e+00 2.12899995e+00
    2.09699988e+00 2.07100010e+00 2.08699989e+00 2.10400009e+00
    2.06200004e+00 2.01399994e+00 2. 2. 2. 2. 2. 2. 2. 2. 2. 2. 0. 0. 0.
    0. 0. 0. 0. 0. 0. 0. 0. 2.19099998e+00 2.17600012e+00 2.13700008e+00
    2.10500002e+00 2.10500002e+00 2.10500002e+00 2.11500001e+00
    2.12500000e+00 2.12700009e+00 2.12700009e+00 2.10700011e+00
    2.06900001e+00 2.03999996e+00 2.02999997e+00 2.02600002e+00
    2.06399989e+00 2.10200000e+00 2.06200004e+00 2.01399994e+00 2. 2. 2.
    2. 2. 2. 2. 2. 2. 2. 0. 0. 0. 0. 0. 0. 0. 0. 0. 0. 0. 2.21300006e+00
    2.19400001e+00 2.14499998e+00 2.10500002e+00 2.10500002e+00
    2.10500002e+00 2.10500002e+00 2.10500002e+00 2.10500002e+00
    2.10500002e+00 2.07900000e+00 2.03200006e+00 2. 2. 2.00600004e+00
    2.05299997e+00 2.10100007e+00 2.06200004e+00 2.01399994e+00 2. 2. 2.
    2. 2. 2. 2. 2. 2. 2. 0. 0. 0. 0. 0. 0. 0. 0. 0. 0. 0. 2.21300006e+00
    2.19400001e+00 2.14499998e+00 2.10500002e+00 2.10500002e+00
    2.10500002e+00 2.10500002e+00 2.10500002e+00 2.10500002e+00
    2.10500002e+00 2.07900000e+00 2.03200006e+00 2. 2. 2.00600004e+00
    2.05299997e+00 2.10100007e+00 2.06200004e+00 2.01399994e+00 2. 2. 2.
    2. 2. 2. 2. 2. 2. 2. 0. 0. 0. 0. 0. 0. 0. 0. 0. 0. 0. 2.19700003e+00
    2.18000007e+00 2.13899994e+00 2.10400009e+00 2.09699988e+00
    2.08899999e+00 2.08899999e+00 2.08899999e+00 2.08899999e+00
    2.08899999e+00 2.06699991e+00 2.02699995e+00 2. 2. 2.00500011e+00
    2.04500008e+00 2.08599997e+00 2.05299997e+00 2.01200008e+00 2. 2.
    1.99699998e+00 1.99000001e+00 1.98500001e+00 1.98500001e+00
    1.98500001e+00 1.99199998e+00 1.99899995e+00 2. 0. 0. 0. 0. 0. 0. 0.
    0. 0. 0. 0. 2.14800000e+00 2.14000010e+00 2.12100005e+00
    2.09999990e+00 2.07100010e+00 2.04299998e+00 2.04200006e+00
    2.04200006e+00 2.04200006e+00 2.04200006e+00 2.03099990e+00
    2.01300001e+00 2. 2. 2.00200009e+00 2.02099991e+00 2.03999996e+00
    2.02500010e+00 2.00600004e+00 2. 2. 1.98699999e+00 1.95899999e+00
    1.93900001e+00 1.93900001e+00 1.94099998e+00 1.96800005e+00
    1.99600005e+00 2. 0. 0. 0. 0. 0. 0. 0. 0. 0. 0. 0. 2.10500002e+00
    2.10500002e+00 2.10500002e+00 2.09599996e+00 2.04600000e+00
    1.99600005e+00 1.99399996e+00 1.99399996e+00 1.99399996e+00
    1.99399996e+00 1.99600005e+00 1.99800003e+00 2. 2. 2. 2. 2. 2. 2. 2.
    2. 1.97800004e+00 1.93200004e+00 1.89900005e+00 1.89900005e+00
    1.89300001e+00 1.79200006e+00 1.69099998e+00 1.67499995e+00 0. 0. 0.
    0. 0. 0. 0. 0. 0. 0. 0. 2.10500002e+00 2.10500002e+00 2.10500002e+00
    2.09200001e+00 2.02200007e+00 1.95099998e+00 1.94900000e+00
    1.94900000e+00 1.94900000e+00 1.94900000e+00 1.96099997e+00
    1.98500001e+00 2. 2. 2. 2. 2. 2. 2. 2. 2. 1.97800004e+00
    1.93200004e+00 1.89900005e+00 1.89900005e+00 1.82000005e+00 0. 0. 0.
    0. 0. 0. 0. 0. 0. 0. 0. 0. 0. 0. 2.10500002e+00 2.10500002e+00
    2.10500002e+00 2.08800006e+00 1.99699998e+00 1.90600002e+00
    1.90300000e+00 1.90300000e+00 1.90300000e+00 1.90300000e+00
    1.92700005e+00 1.97099996e+00 2. 2. 2. 2. 2. 2. 2. 2. 2.
    1.97800004e+00 1.93200004e+00 1.89900005e+00 1.89900005e+00
    1.74699998e+00 0. 0. 0. 0. 0. 0. 0. 0. 0. 0. 0. 0. 0. 0.
    2.14899993e+00 2.13400006e+00 2.09400010e+00 2.04800010e+00
    1.97500002e+00 1.90100002e+00 1.89900005e+00 1.89900005e+00
