<?xml version="1.0"?>
<opencv_storage>
<Depth type_id="opencv-matrix">
  <rows>40</rows>
  <cols>40</cols>
  <dt>f</dt>
  <data>
    0. 0. 0. 0. 0. 0. 0. 0. 0. 0. 0. 0. 0. 0. 0. 0. 0. 0. 0. 0. 0. 0. 0.
    0. 0. 0. 0. 0. 0. 0. 0. 0. 0. 0. 0. 0. 0. 0. 0. 0. 0. 0. 0. 0. 0. 0.
    0. 0. 0. 0. 0. 0. 0. 0. 0. 0. 0. 0. 0. 0. 0. 0. 0. 0. 0. 0. 0. 0. 0.
    0. 0. 0. 0. 0. 0. 0. 0. 0. 0. 0. 0. 0. 0. 0. 0. 0. 0. 0. 0. 0. 0. 0.
    0. 0. 0. 0. 0. 0. 0. 0. 0. 0. 0. 0. 0. 0. 0. 0. 0. 0. 0. 0. 0. 0. 0.
    0. 0. 0. 0. 0. 0. 0. 0. 0. 0. 0. 0. 0. 0. 0. 0. 0. 0. 0. 0. 0. 0. 0.
    0. 0. 0. 0. 0. 0. 0. 0. 0. 0. 0. 0. 0. 0. 0. 0. 0. 0. 0. 0. 0. 0. 0.
    0. 0. 0. 0. 0. 0. 0. 0. 0. 0. 0. 0. 0. 0. 0. 0. 0. 0. 0. 0. 0. 0. 0.
    0. 0. 0. 0. 0. 0. 0. 0. 0. 0. 0. 0. 0. 0. 0. 0. 0. 0. 0. 0. 0. 0. 0.
    0. 0. 0. 0. 0. 0. 0. 0. 0. 0. 0. 0. 0. 0. 0. 0. 0. 0. 0. 0. 0. 0. 0.
    0. 0. 0. 0. 0. 0. 0. 0. 0. 0. 0. 0. 0. 0. 0. 0. 0. 0. 0. 0. 0. 0. 0.
    0. 0. 0. 0. 0. 0. 0. 0. 0. 0. 0. 0. 0. 0. 0. 0. 0. 0. 0. 0. 0. 0. 0.
    0. 0. 0. 0. 0. 0. 0. 0. 0. 0. 0. 0. 0. 0. 0. 0. 0. 0. 0. 0. 0. 0. 0.
    0. 0. 0. 0. 0. 0. 0. 0. 0. 0. 0. 0. 0. 0. 0. 0. 0. 0. 0. 0. 0. 0. 0.
    0. 0. 0. 0. 0. 0. 0. 0. 0. 0. 0. 0. 0. 0. 0. 0. 0. 0. 0. 0. 0. 0. 0.
    0. 0. 0. 0. 0. 0. 0. 0. 0. 0. 0. 0. 0. 0. 0. 0. 0. 0. 0. 0. 0. 0. 0.
    0. 0. 0. 0. 0. 0. 0. 0. 0. 0. 0. 0. 0. 0. 0. 0. 0. 0. 0. 0. 0. 0. 0.
    0. 0. 0. 0. 0. 0. 0. 0. 0. 0. 0. 0. 0. 0. 0. 0. 0. 0. 0. 0. 0. 0. 0.
    0. 0. 0. 0. 0. 0. 0. 0. 0. 0. 0. 0. 0. 0. 0. 0. 0. 0. 0. 0. 0. 0. 0.
    0. 0. 0. 0. 0. 0. 0. 0. 0. 0. 0. 0. 0. 0. 0. 0. 0. 0. 0. 0. 0. 0. 0.
    0. 0. 0. 0. 0. 0. 0. 0. 0. 0. 0. 0. 0. 0. 0. 0. 0. 0. 0. 0. 0. 0. 0.
    2.07200003e+00 2.07200003e+00 2.07200003e+00 2.01399994e+00
    1.93700004e+00 1.86399996e+00 1.79700005e+00 1.79700005e+00
    1.80599999e+00 1.84200001e+00 1.89499998e+00 1.97000003e+00 2. 2. 2.
    2. 1.96500003e+00 1.93099999e+00 1.93099999e+00 1.20799994e+00 0. 0.
    0. 0. 0. 0. 0. 0. 0. 0. 0. 0. 0. 0. 0. 0. 0. 0. 0. 0. 2.07200003e+00
    2.07200003e+00 2.07200003e+00 2.01399994e+00 1.93700004e+00
    1.86399996e+00 1.79700005e+00 1.79700005e+00 1.80599999e+00
    1.84200001e+00 1.89499998e+00 1.97000003e+00 2. 2. 2. 2.
    1.96500003e+00 1.93099999e+00 1.93099999e+00 1.43499994e+00 0. 0. 0.
    0. 0. 0. 0. 0. 0. 0. 0. 0. 0. 0. 0. 0. 0. 0. 0. 0. 2.07200003e+00
    2.07200003e+00 2.07200003e+00 2.01399994e+00 1.93700004e+00
    1.86399996e+00 1.79700005e+00 1.79700005e+00 1.80599999e+00
    1.84200001e+00 1.89499998e+00 1.97000003e+00 2. 2. 2. 2.
    1.96500003e+00 1.93099999e+00 1.93099999e+00 1.82500005e+00
    1.43599999e+00 1.22000003e+00 1.22000003e+00 1.22000003e+00
    1.22000003e+00 1.24500000e+00 1.27699995e+00 1.27900004e+00
    1.00899994e+00 0. 0. 0. 0. 0. 0. 0. 0. 0. 0. 0. 2.07200003e+00
    2.07200003e+00 2.07200003e+00 2.03800011e+00 1.99300003e+00
    1.94900000e+00 1.90699995e+00 1.87600005e+00 1.85800004e+00
    1.87899995e+00 1.92299998e+00 1.99899995e+00 2.02999997e+00
    2.02999997e+00 2.02999997e+00 2.02999997e+00 1.99399996e+00
    1.95799994e+00 1.94200003e+00 1.92100000e+00 1.88399994e+00
    1.86300004e+00 1.86300004e+00 1.85399997e+00 1.83899999e+00
    1.85300004e+00 1.87500000e+00 1.86199999e+00 1.66499996e+00 0. 0. 0.
    0. 0. 0. 0. 0. 0. 0. 0. 2.07200003e+00 2.07200003e+00 2.07200003e+00
    2.06999993e+00 2.06599998e+00 2.06299996e+00 2.05399990e+00
    1.98000002e+00 1.92600000e+00 1.92700005e+00 1.96099997e+00
    2.03800011e+00 2.06900001e+00 2.06900001e+00 2.06900001e+00
    2.06900001e+00 2.03200006e+00 1.99300003e+00 1.95700002e+00
    1.92100000e+00 1.88399994e+00 1.86300004e+00 1.86300004e+00
    1.84200001e+00 1.80700004e+00 1.80100000e+00 1.80299997e+00
    1.77100003e+00 1.72500002e+00 1.58000004e+00 1.47599995e+00
    1.47599995e+00 1.47599995e+00 0. 0. 0. 0. 0. 0. 0. 2.03600001e+00
    2.03600001e+00 2.03600001e+00 2.05100012e+00 2.06999993e+00
    2.07200003e+00 2.06500006e+00 1.98800004e+00 1.93099999e+00
    1.93099999e+00 1.96399999e+00 2.04099989e+00 2.07200003e+00
    2.07200003e+00 2.07200003e+00 2.07200003e+00 2.03500009e+00
    1.99600005e+00 1.95799994e+00 1.92100000e+00 1.88399994e+00
    1.86300004e+00 1.86300004e+00 1.84099996e+00 1.80499995e+00
    1.79700005e+00 1.79700005e+00 1.76400006e+00 1.73000002e+00
    1.69599998e+00 1.67100000e+00 1.67100000e+00 1.67100000e+00 0. 0. 0.
    0. 0. 0. 0. 2. 2. 2. 2.02800012e+00 2.06599998e+00 2.06800008e+00
    2.06200004e+00 1.98899996e+00 1.93400002e+00 1.93400002e+00
    1.96700001e+00 2.04200006e+00 2.07200003e+00 2.07200003e+00
    2.07200003e+00 2.07200003e+00 2.03500009e+00 1.99600005e+00
    1.95799994e+00 1.92100000e+00 1.88600004e+00 1.86600006e+00
    1.86399996e+00 1.84099996e+00 1.80499995e+00 1.79700005e+00
    1.79700005e+00 1.76400006e+00 1.73000002e+00 1.69599998e+00
    1.67100000e+00 1.67100000e+00 1.67100000e+00 0. 0. 0. 0. 0. 0. 0. 2.
    2. 2. 2.01200008e+00 2.02800012e+00 2.02900004e+00 2.02600002e+00
    1.99500000e+00 1.97200000e+00 1.97200000e+00 1.99600005e+00
    2.04999995e+00 2.07200003e+00 2.07200003e+00 2.07200003e+00
    2.07200003e+00 2.03500009e+00 1.99600005e+00 1.95799994e+00
    1.92700005e+00 1.91199994e+00 1.89400005e+00 1.87199998e+00
    1.84099996e+00 1.80499995e+00 1.79700005e+00 1.79700005e+00
    1.76400006e+00 1.73000002e+00 1.69599998e+00 1.67100000e+00
    1.67100000e+00 1.67100000e+00 0. 0. 0. 0. 0. 0. 0. 2. 2. 2. 2. 2.
    1.64900005e+00 1.33800006e+00 1.72399998e+00 2.00999999e+00
    2.00999999e+00 2.02500010e+00 2.05800009e+00 2.07200003e+00
    2.07200003e+00 2.07200003e+00 2.07200003e+00 2.03500009e+00
    1.99699998e+00 1.96399999e+00 1.93900001e+00 1.93400002e+00
    1.91700006e+00 1.88499999e+00 1.84700000e+00 1.80599999e+00
    1.79700005e+00 1.79700005e+00 1.75999999e+00 1.72200000e+00
    1.69200003e+00 1.67100000e+00 1.67100000e+00 1.67100000e+00 0. 0. 0.
    0. 0. 0. 0. 2. 2. 2. 2. 2. 0. 0. 0. 2.04999995e+00 2.04999995e+00
    2.05500007e+00 2.06699991e+00 2.07200003e+00 2.07200003e+00
    2.07200003e+00 2.07200003e+00 2.03500009e+00 1.99899995e+00
    1.98699999e+00 1.97099996e+00 1.94500005e+00 1.92600000e+00
    1.91400003e+00 1.87199998e+00 1.81099999e+00 1.79700005e+00
    1.79700005e+00 1.74199998e+00 1.68900001e+00 1.67900002e+00
    1.67100000e+00 1.67100000e+00 1.67100000e+00 0. 0. 0. 0. 0. 0. 0. 0.
    0. 0. 0. 0. 0. 0. 0. 2.07200003e+00 2.07200003e+00 2.07200003e+00
    2.07200003e+00 2.07200003e+00 2.07200003e+00 2.07200003e+00
    2.07200003e+00 2.03500009e+00 2. 2. 1.99199998e+00 1.96300006e+00
    1.94299996e+00 1.93400002e+00 1.89100003e+00 1.82700002e+00
    1.80599999e+00 1.79700005e+00 1.73199999e+00 1.67100000e+00
    1.67100000e+00 1.67100000e+00 1.67100000e+00 1.67100000e+00 0. 0. 0.
    0. 0. 0. 0. 0. 0. 0. 0. 0. 0. 0. 0. 2.07200003e+00 2.07200003e+00
    2.07200003e+00 2.07200003e+00 2.07200003e+00 2.07200003e+00
    2.07200003e+00 2.07200003e+00 2.03500009e+00 2. 2. 1.99800003e+00
    1.98899996e+00 1.97200000e+00 1.94200003e+00 1.90300000e+00
    1.85800004e+00 1.82700002e+00 1.79799998e+00 1.73199999e+00
    1.67100000e+00 1.67100000e+00 1.67100000e+00 1.67100000e+00
    1.67100000e+00 0. 0. 0. 0. 0. 0. 0. 0. 0. 0. 0. 0. 0. 0. 0. 0.
    1.69200003e+00 2.21900010e+00 2.13100004e+00 2.09599996e+00
    2.09599996e+00 2.09599996e+00 2.09599996e+00 2.05900002e+00
    2.02399993e+00 2.02399993e+00 2.01999998e+00 2.00699997e+00
    1.98899996e+00 1.96300006e+00 1.92299998e+00 1.87399995e+00
    1.84399998e+00 1.82000005e+00 1.75300002e+00 1.69000006e+00
    1.67900002e+00 1.67100000e+00 1.67100000e+00 1.67100000e+00 0. 0. 0.
    0. 0. 0. 0. 0. 0. 0. 0. 0. 0. 0. 0. 0. 1.05499995e+00 2.46399999e+00
    2.23000002e+00 2.13599992e+00 2.13599992e+00 2.13599992e+00
    2.13599992e+00 2.09800005e+00 2.06299996e+00 2.06299996e+00
    2.05299997e+00 2.01900005e+00 1.99800003e+00 1.99300003e+00
    1.94799995e+00 1.87800002e+00 1.85899997e+00 1.85500002e+00
    1.78799999e+00 1.72200000e+00 1.69200003e+00 1.67100000e+00
