<?xml version="1.0"?>
<opencv_storage>
<Depth type_id="opencv-matrix">
  <rows>40</rows>
  <cols>40</cols>
  <dt>f</dt>
  <data>
    0. 0. 0. 0. 0. 0. 0. 0. 0. 2.80800009e+00 2.80299997e+00 0. 0. 0. 0.
    0. 0. 2.78500009e+00 2.77999997e+00 2.78399992e+00 2.78800011e+00
    2.78299999e+00 2.78099990e+00 2.22399998e+00 2.54099989e+00
    2.77999997e+00 2.18799996e+00 1.97399998e+00 1.98300004e+00
    1.98599994e+00 1.98399997e+00 2.26200008e+00 2.32699990e+00 0. 0. 0.
    0. 0. 0. 0. 0. 0. 0. 0. 0. 0. 0. 0. 2.01399994e+00 2.00600004e+00
    2.00399995e+00 2.00099993e+00 1.99699998e+00 1.99800003e+00 2.
    1.99699998e+00 1.99500000e+00 1.99199998e+00 1.99500000e+00
    1.99100006e+00 1.98899996e+00 1.98699999e+00 1.98199999e+00
    1.98199999e+00 1.98199999e+00 1.97899997e+00 1.97700000e+00
    1.97800004e+00 1.97899997e+00 1.98099995e+00 1.97899997e+00
    1.98399997e+00 2.32299995e+00 0. 0. 0. 0. 0. 0. 0. 0. 0. 0. 0. 0. 0.
    0. 2.00500011e+00 2.00500011e+00 2.00099993e+00 2. 1.99699998e+00
    1.99699998e+00 1.99899995e+00 1.99800003e+00 1.99600005e+00
    1.99500000e+00 1.99500000e+00 1.99500000e+00 1.99500000e+00
    1.98899996e+00 1.98899996e+00 1.98699999e+00 1.98899996e+00
    1.98500001e+00 1.98399997e+00 1.98300004e+00 1.98199999e+00
    1.98199999e+00 1.97899997e+00 1.97899997e+00 1.97899997e+00
    2.25799990e+00 0. 0. 0. 0. 0. 0. 0. 0. 0. 0. 0. 0. 0. 0.
    2.00600004e+00 2.00399995e+00 2. 2. 1.99500000e+00 1.99500000e+00
    1.99899995e+00 1.99699998e+00 1.99500000e+00 1.99500000e+00
    1.99500000e+00 1.99500000e+00 1.99500000e+00 1.98899996e+00
    1.98899996e+00 1.98899996e+00 1.98899996e+00 1.98699999e+00
    1.98800004e+00 1.98899996e+00 1.98500001e+00 1.98399997e+00
    1.98000002e+00 1.97899997e+00 1.97899997e+00 2.25099993e+00 0. 0. 0.
    0. 0. 0. 0. 0. 0. 0. 0. 0. 0. 0. 2.00600004e+00 2. 2. 2. 2.
    1.99800003e+00 2. 1.99699998e+00 1.99500000e+00 1.99500000e+00
    1.99500000e+00 1.99199998e+00 1.99500000e+00 1.99100006e+00
    1.98899996e+00 1.98899996e+00 1.98899996e+00 1.98899996e+00
    1.98899996e+00 1.98699999e+00 1.98699999e+00 1.98399997e+00
    1.97899997e+00 1.97899997e+00 1.97899997e+00 2.26600003e+00 0. 0. 0.
    0. 0. 0. 0. 0. 0. 0. 0. 0. 0. 0. 2.00200009e+00 2. 2. 2. 2.
    1.99800003e+00 1.99699998e+00 1.99500000e+00 1.99500000e+00
    1.99500000e+00 1.99500000e+00 1.98899996e+00 1.99300003e+00
    1.99100006e+00 1.98899996e+00 1.98899996e+00 1.99000001e+00
    1.99100006e+00 1.99199998e+00 1.98500001e+00 1.98800004e+00
    1.98500001e+00 1.98199999e+00 1.97899997e+00 1.97899997e+00
    2.29200006e+00 0. 0. 0. 0. 0. 0. 0. 0. 0. 0. 0. 0. 0. 0.
    2.00200009e+00 2. 2. 2. 1.99800003e+00 1.99600005e+00 1.99500000e+00
    1.99500000e+00 1.99500000e+00 1.99500000e+00 1.99500000e+00
    1.99199998e+00 1.99399996e+00 1.99500000e+00 1.99500000e+00
    1.99500000e+00 1.99300003e+00 1.99399996e+00 1.99500000e+00
    1.98699999e+00 1.98800004e+00 1.98699999e+00 1.98500001e+00
    1.98399997e+00 1.97899997e+00 2.31999993e+00 0. 0. 0. 0. 0. 0. 0. 0.
    0. 0. 0. 0. 0. 0. 2. 2. 2. 2. 1.99699998e+00 1.99500000e+00
    1.99500000e+00 1.99500000e+00 1.99500000e+00 1.99500000e+00
    1.99500000e+00 1.99500000e+00 1.99500000e+00 1.99500000e+00
    1.99500000e+00 1.99500000e+00 1.99500000e+00 1.99500000e+00
    1.99500000e+00 1.98899996e+00 1.98899996e+00 1.98899996e+00
    1.98399997e+00 1.98099995e+00 1.97899997e+00 2.32699990e+00 0. 0. 0.
    0. 0. 0. 0. 0. 0. 0. 0. 0. 0. 0. 1.98899996e+00 1.99800003e+00 2. 2.
    2. 1.99899995e+00 1.99899995e+00 1.99500000e+00 1.99500000e+00
    1.99500000e+00 1.99500000e+00 1.99500000e+00 1.99500000e+00
    1.99500000e+00 1.99500000e+00 1.99100006e+00 1.99100006e+00
    1.99500000e+00 1.99199998e+00 1.99000001e+00 1.98899996e+00
    1.98500001e+00 1.98099995e+00 1.97899997e+00 1.97899997e+00
    2.33800006e+00 0. 0. 0. 0. 0. 0. 0. 0. 0. 0. 0. 0. 0. 0.
    1.99800003e+00 2. 2. 2. 2. 2. 2. 1.99699998e+00 1.99500000e+00
    1.99500000e+00 1.99500000e+00 1.99500000e+00 1.99500000e+00
    1.99500000e+00 1.99500000e+00 1.98899996e+00 1.98899996e+00
    1.99300003e+00 1.99100006e+00 1.98899996e+00 1.98500001e+00
    1.98399997e+00 1.98199999e+00 1.98000002e+00 1.98300004e+00
    2.36800003e+00 0. 0. 0. 0. 0. 0. 0. 0. 0. 0. 0. 0. 0. 0.
    2.00300002e+00 2. 2. 2. 2. 2. 2. 2. 2. 1.99600005e+00 1.99500000e+00
    1.99500000e+00 1.99500000e+00 1.99500000e+00 1.99500000e+00
    1.99300003e+00 1.99000001e+00 1.99300003e+00 1.99500000e+00
    1.99100006e+00 1.98899996e+00 1.98899996e+00 1.98899996e+00
    1.98500001e+00 1.98099995e+00 2.39400005e+00 0. 0. 0. 0. 0. 0. 0. 0.
    0. 0. 0. 0. 0. 0. 2.53600001e+00 2.00600004e+00 2. 2. 2. 2. 2. 2. 2.
    1.99800003e+00 1.99899995e+00 1.99699998e+00 1.99500000e+00
    1.99500000e+00 1.99500000e+00 1.99500000e+00 1.99500000e+00
    1.99500000e+00 1.99500000e+00 1.99300003e+00 1.98899996e+00
    1.98899996e+00 1.98899996e+00 1.98500001e+00 1.97899997e+00
    2.40499997e+00 0. 0. 0. 0. 0. 0. 0. 0. 0. 0. 0. 0. 0. 0.
    1.78600001e+00 2.00200009e+00 2. 2. 2. 2. 2. 1.99800003e+00
    1.99600005e+00 1.99500000e+00 1.99500000e+00 1.99500000e+00
    1.99500000e+00 1.99500000e+00 1.99500000e+00 1.99500000e+00
    1.99500000e+00 1.99500000e+00 1.99500000e+00 1.99500000e+00
    1.98899996e+00 1.98899996e+00 1.98899996e+00 1.98899996e+00
    1.98399997e+00 2.41599989e+00 0. 0. 0. 0. 0. 0. 0. 0. 0. 0. 0. 0. 0.
    0. 2.03699994e+00 2.00699997e+00 2. 2. 2. 2. 2. 1.99699998e+00
    1.99500000e+00 1.99500000e+00 1.99500000e+00 1.99500000e+00
    1.99500000e+00 1.99500000e+00 1.99500000e+00 1.99500000e+00
    1.99500000e+00 1.99500000e+00 1.99500000e+00 1.98899996e+00
    1.98899996e+00 1.98899996e+00 1.98899996e+00 1.98899996e+00
    1.98500001e+00 2.12299991e+00 0. 0. 0. 0. 0. 0. 0. 0. 0. 0. 0. 0. 0.
    0. 2.54900002e+00 2.00900006e+00 2. 2. 2. 2. 2. 2. 1.99500000e+00
    1.99500000e+00 1.99800003e+00 1.99600005e+00 1.99500000e+00
    1.99500000e+00 1.99500000e+00 1.99500000e+00 1.99500000e+00
    1.99500000e+00 1.99500000e+00 1.98899996e+00 1.98899996e+00
    1.99199998e+00 1.99000001e+00 1.98899996e+00 1.98399997e+00
    1.97399998e+00 0. 0. 0. 0. 0. 0. 0. 0. 0. 0. 0. 0. 0. 0.
    2.36800003e+00 2.00500011e+00 2.00300002e+00 2. 2. 2. 2.
    1.99699998e+00 1.99500000e+00 1.99500000e+00 2. 1.99899995e+00
    1.99600005e+00 1.99500000e+00 1.99500000e+00 1.99500000e+00
    1.99500000e+00 1.99500000e+00 1.99500000e+00 1.99300003e+00
    1.99300003e+00 1.99100006e+00 1.98899996e+00 1.98399997e+00
    1.98399997e+00 2.39400005e+00 0. 0. 0. 0. 0. 0. 0. 0. 0. 0. 0. 0. 0.
    0. 2.83699989e+00 2.00500011e+00 2. 2. 2. 2. 2. 2. 1.99800003e+00
    1.99500000e+00 1.99699998e+00 1.99899995e+00 2. 1.99500000e+00
    1.99500000e+00 1.99500000e+00 1.99500000e+00 1.99500000e+00
    1.99500000e+00 1.99500000e+00 1.99500000e+00 1.99000001e+00
    1.98899996e+00 1.98699999e+00 1.98099995e+00 2.13100004e+00 0. 0. 0.
    0. 0. 0. 0. 0. 0. 0. 0. 0. 0. 0. 2.83699989e+00 2. 2. 2.
    2.00300002e+00 2. 2. 2. 2. 2. 1.99500000e+00 1.99800003e+00 2.
    1.99500000e+00 1.99800003e+00 1.99899995e+00 1.99500000e+00
    1.99500000e+00 1.99500000e+00 1.99500000e+00 1.99500000e+00
    1.99399996e+00 1.99000001e+00 1.98899996e+00 1.98399997e+00
    1.97800004e+00 0. 0. 0. 0. 0. 0. 0. 0. 0. 0. 0. 0. 0. 0.
    2.77900004e+00 2.00099993e+00 2.00200009e+00 2.00200009e+00
    2.00399995e+00 2.00200009e+00 2. 2.00500011e+00 2. 2. 2. 2. 2. 2. 2.
    2. 2. 1.99600005e+00 1.99500000e+00 1.99500000e+00 1.99500000e+00
    1.99500000e+00 1.99000001e+00 1.99399996e+00 1.98899996e+00
    1.99100006e+00 0. 0. 0. 0. 0. 0. 0. 0. 0. 0. 0. 0. 0. 0.
    2.79800010e+00 2.00399995e+00 2.00500011e+00 2.00500011e+00
    2.00699997e+00 2.00200009e+00 2. 2. 2. 2. 2. 2. 2. 2. 2. 2. 2. 2.
    1.99500000e+00 1.99500000e+00 1.99500000e+00 1.99500000e+00
    1.99500000e+00 1.98899996e+00 1.98899996e+00 1.99000001e+00 0. 0. 0.
    0. 0. 0. 0. 0. 0. 0. 0. 0. 0. 0. 2.81599998e+00 2.00099993e+00
