<?xml version="1.0"?>
<opencv_storage>
<Depth type_id="opencv-matrix">
  <rows>40</rows>
  <cols>40</cols>
  <dt>f</dt>
  <data>
    0. 0. 0. 0. 0. 0. 0. 0. 0. 0. 0. 0. 0. 0. 0. 0. 0. 0. 0. 0. 0. 0. 0.
    0. 0. 0. 0. 0. 0. 0. 0. 0. 0. 0. 0. 0. 0. 0. 0. 0. 0. 0. 0. 0. 0. 0.
    0. 0. 2.98000002e+00 2. 2. 1.99800003e+00 1.97099996e+00
    1.94599998e+00 1.93400002e+00 1.93400002e+00 1.93400002e+00
    1.95899999e+00 1.96599996e+00 1.96599996e+00 1.96599996e+00
    1.96599996e+00 1.99100006e+00 2.01799989e+00 2.02399993e+00 2. 2.
    2.04699993e+00 2.05299997e+00 2.03399992e+00 2.16000009e+00 0. 0. 0.
    0. 0. 0. 0. 0. 0. 0. 0. 0. 0. 0. 0. 0. 2.98000002e+00 2.30999994e+00
    1.98899996e+00 1.97700000e+00 1.97599995e+00 1.96800005e+00
    1.96000004e+00 1.94700003e+00 1.93400002e+00 1.93400002e+00
    1.95899999e+00 1.96599996e+00 1.96599996e+00 1.97000003e+00
    1.98800004e+00 1.99699998e+00 2.01799989e+00 2.02399993e+00 2. 2.
    2.04699993e+00 2.05299997e+00 2.03399992e+00 2.16000009e+00 0. 0. 0.
    0. 0. 0. 0. 0. 0. 0. 0. 0. 0. 0. 0. 0. 1.98399997e+00 1.98399997e+00
    1.97500002e+00 1.96599996e+00 1.96599996e+00 1.96599996e+00
    1.96599996e+00 1.95299995e+00 1.93400002e+00 1.93400002e+00
    1.95899999e+00 1.96599996e+00 1.96599996e+00 1.97099996e+00
    1.99800003e+00 2. 2.01799989e+00 2.03399992e+00 2.03299999e+00
    2.03299999e+00 2.05699992e+00 2.05299997e+00 2.03399992e+00
    2.16199994e+00 0. 0. 0. 0. 0. 0. 0. 0. 0. 0. 0. 0. 0. 0. 0. 0.
    1.95799994e+00 1.96300006e+00 1.96599996e+00 1.96599996e+00
    1.96599996e+00 1.96599996e+00 1.96099997e+00 1.94799995e+00
    1.93400002e+00 1.93400002e+00 1.95899999e+00 1.96599996e+00
    1.96599996e+00 1.97099996e+00 1.99800003e+00 2.00600004e+00
    2.02200007e+00 2.04500008e+00 2.06900001e+00 2.06900001e+00
    2.06900001e+00 2.05699992e+00 2.04299998e+00 2.17499995e+00 0. 0. 0.
    0. 0. 0. 0. 0. 0. 0. 0. 0. 0. 0. 0. 0. 1.93400002e+00 1.95599997e+00
    1.96599996e+00 1.96599996e+00 1.96599996e+00 1.96599996e+00
    1.94599998e+00 1.93400002e+00 1.93400002e+00 1.93400002e+00
    1.95899999e+00 1.96599996e+00 1.96700001e+00 1.97300005e+00
    1.99800003e+00 2.02399993e+00 2.03200006e+00 2.04399991e+00
    2.06900001e+00 2.06900001e+00 2.06900001e+00 2.06900001e+00
    2.06900001e+00 2.20400000e+00 0. 0. 0. 0. 0. 0. 0. 0. 0. 0. 0. 0. 0.
    0. 0. 0. 1.93400002e+00 1.95599997e+00 1.96599996e+00 1.96599996e+00
    1.96599996e+00 1.96599996e+00 1.94599998e+00 1.93400002e+00
    1.93400002e+00 1.93400002e+00 1.95899999e+00 1.96599996e+00
    1.97599995e+00 1.99500000e+00 2. 2.00399995e+00 2.00500011e+00
    2.02500010e+00 2.06900001e+00 2.06900001e+00 2.06900001e+00
    2.06900001e+00 2.06900001e+00 2.20900011e+00 0. 0. 0. 0. 0. 0. 0. 0.
    0. 0. 0. 0. 0. 0. 0. 0. 1.93400002e+00 1.95599997e+00 1.96599996e+00
    1.96599996e+00 1.96599996e+00 1.96599996e+00 1.94599998e+00
    1.93400002e+00 1.93400002e+00 1.93400002e+00 1.95899999e+00
    1.96599996e+00 1.97800004e+00 2. 2. 2. 2. 2.01399994e+00
    2.04900002e+00 2.06699991e+00 2.08400011e+00 2.08100009e+00
    2.06900001e+00 2.21300006e+00 0. 0. 0. 0. 0. 0. 0. 0. 0. 0. 0. 0. 0.
    0. 0. 0. 1.93400002e+00 1.95599997e+00 1.97300005e+00 1.97599995e+00
    1.96599996e+00 1.96599996e+00 1.94599998e+00 1.93400002e+00
    1.93400002e+00 1.93400002e+00 1.95899999e+00 1.96599996e+00
    1.97800004e+00 2. 2. 2. 2. 2.00999999e+00 2.03699994e+00
    2.06500006e+00 2.09299994e+00 2.08800006e+00 2.06900001e+00
    2.21300006e+00 0. 0. 0. 0. 0. 0. 0. 0. 0. 0. 0. 0. 0. 0. 0. 0.
    1.94799995e+00 1.96500003e+00 1.98599994e+00 1.99100006e+00
    1.96599996e+00 1.96599996e+00 1.94599998e+00 1.93400002e+00
    1.93400002e+00 1.93400002e+00 1.95899999e+00 1.96599996e+00
    1.97800004e+00 2. 2. 2. 2.00399995e+00 2.01799989e+00 2.04500008e+00
    2.07200003e+00 2.09500003e+00 2.08800006e+00 2.06900001e+00
    2.21000004e+00 0. 0. 0. 0. 0. 0. 0. 0. 0. 0. 0. 0. 0. 0. 0. 0. 2. 2.
    2. 1.99100006e+00 1.96599996e+00 1.96599996e+00 1.94599998e+00
    1.93400002e+00 1.93400002e+00 1.93400002e+00 1.95899999e+00
    1.96599996e+00 1.97800004e+00 2. 2. 2. 2.01799989e+00 2.04500008e+00
    2.07200003e+00 2.09999990e+00 2.10400009e+00 2.08800006e+00
    2.06900001e+00 2.21000004e+00 0. 0. 0. 0. 0. 0. 0. 0. 0. 0. 0. 0. 0.
    0. 0. 0. 2. 2. 1.98699999e+00 1.97099996e+00 1.96599996e+00
    1.96599996e+00 1.94599998e+00 1.93400002e+00 1.93400002e+00
    1.93400002e+00 1.95899999e+00 1.96599996e+00 1.97800004e+00 2. 2. 2.
    2.01799989e+00 2.04500008e+00 2.07200003e+00 2.09999990e+00
    2.08500004e+00 2.07299995e+00 2.06900001e+00 2.21000004e+00 0. 0. 0.
    0. 0. 0. 0. 0. 0. 0. 0. 0. 0. 0. 0. 0. 2. 2. 1.98399997e+00
    1.96599996e+00 1.96599996e+00 1.96599996e+00 1.95700002e+00
    1.94500005e+00 1.93400002e+00 1.93400002e+00 1.95899999e+00
    1.96599996e+00 1.97099996e+00 1.98300004e+00 1.99899995e+00 2.
    2.01799989e+00 2.04500008e+00 2.07200003e+00 2.09999990e+00
    2.07999992e+00 2.06900001e+00 2.06900001e+00 2.21000004e+00 0. 0. 0.
    0. 0. 0. 0. 0. 0. 0. 0. 0. 0. 0. 0. 0. 2.01200008e+00 2.00399995e+00
    1.98399997e+00 1.96599996e+00 1.96599996e+00 1.96599996e+00
    1.96599996e+00 1.95700002e+00 1.94599998e+00 1.94599998e+00
    1.96200001e+00 1.96599996e+00 1.96599996e+00 1.97099996e+00
    1.99800003e+00 2. 2.01799989e+00 2.04500008e+00 2.07200003e+00
    2.09999990e+00 2.08899999e+00 2.08200002e+00 2.08200002e+00
    2.22199988e+00 0. 0. 0. 0. 0. 0. 0. 0. 0. 0. 0. 0. 0. 0. 0. 0.
    2.03399992e+00 2.01099992e+00 1.98599994e+00 1.97000003e+00
    1.96599996e+00 1.96599996e+00 1.96599996e+00 1.96599996e+00
    1.96599996e+00 1.96599996e+00 1.96599996e+00 1.96599996e+00
    1.96599996e+00 1.97099996e+00 1.99800003e+00 2. 2.01799989e+00
    2.04500008e+00 2.07200003e+00 2.09500003e+00 2.09899998e+00
    2.10100007e+00 2.10500002e+00 2.24799991e+00 0. 0. 0. 0. 0. 0. 0. 0.
    0. 0. 0. 0. 0. 0. 0. 0. 2.03399992e+00 2.01099992e+00 1.99899995e+00
    1.99000001e+00 1.96599996e+00 1.96599996e+00 1.96599996e+00
    1.96599996e+00 1.96599996e+00 1.96599996e+00 1.96599996e+00
    1.96599996e+00 1.96599996e+00 1.97099996e+00 1.99800003e+00 2.
    2.01799989e+00 2.04500008e+00 2.06900001e+00 2.07100010e+00
    2.07100010e+00 2.08599997e+00 2.11299992e+00 2.26999998e+00 0. 0. 0.
    0. 0. 0. 0. 0. 0. 0. 0. 0. 0. 0. 0. 0. 0. 2.77800012e+00 2.
    1.99100006e+00 1.96599996e+00 1.96599996e+00 1.96599996e+00
    1.96599996e+00 1.96599996e+00 1.96599996e+00 1.96599996e+00
    1.96599996e+00 1.96599996e+00 1.97099996e+00 1.99800003e+00
    2.01799989e+00 2.02999997e+00 2.04500008e+00 2.06900001e+00
    2.06900001e+00 2.06900001e+00 2.08500004e+00 2.10599995e+00
    2.15000010e+00 2.82699990e+00 0. 0. 0. 0. 0. 0. 0. 0. 0. 0. 0. 0. 0.
    0. 0. 0. 0. 2. 1.99100006e+00 1.96599996e+00 1.96599996e+00
    1.96599996e+00 1.96599996e+00 1.96599996e+00 1.96599996e+00
    1.96599996e+00 1.96599996e+00 1.97200000e+00 1.98599994e+00
    1.99899995e+00 2.01200008e+00 2.01600003e+00 2.02699995e+00
    2.05299997e+00 2.06699991e+00 2.06900001e+00 2.08500004e+00
    2.10400009e+00 2.10500002e+00 2.11800003e+00 0. 0. 0. 0. 0. 0. 0. 0.
    0. 0. 0. 0. 0. 0. 0. 0. 0. 2. 1.99100006e+00 1.96599996e+00
    1.96599996e+00 1.96599996e+00 1.96599996e+00 1.96599996e+00
    1.96599996e+00 1.96599996e+00 1.96599996e+00 1.97800004e+00 2. 2. 2.
    2. 2.00999999e+00 2.03699994e+00 2.06500006e+00 2.06900001e+00
    2.08500004e+00 2.10400009e+00 2.10400009e+00 2.10400009e+00 0. 0. 0.
    0. 0. 0. 0. 0. 0. 0. 0. 0. 0. 0. 0. 0. 0. 2.00200009e+00
    1.99100006e+00 1.96599996e+00 1.96599996e+00 1.96599996e+00
    1.96599996e+00 1.96599996e+00 1.96599996e+00 1.96599996e+00
    1.96599996e+00 1.97800004e+00 2. 2. 2. 2. 2.00999999e+00
    2.03699994e+00 2.06500006e+00 2.06900001e+00 2.08500004e+00
    2.10400009e+00 2.10400009e+00 2.10400009e+00 0. 0. 0. 0. 0. 0. 0. 0.
    0. 0. 0. 0. 0. 0. 0. 0. 0. 2.01600003e+00 1.99100006e+00
    1.96599996e+00 1.96599996e+00 1.96599996e+00 1.96599996e+00
