<?xml version="1.0"?>
<opencv_storage>
<Depth type_id="opencv-matrix">
  <rows>40</rows>
  <cols>40</cols>
  <dt>f</dt>
  <data>
    0. 0. 0. 0. 0. 0. 0. 0. 0. 0. 0. 0. 0. 0. 0. 0. 0. 0. 0. 0. 0. 0. 0.
    0. 0. 0. 0. 0. 0. 0. 0. 0. 0. 0. 0. 0. 0. 0. 0. 0. 0. 0. 0. 0. 0. 0.
    0. 0. 0. 0. 0. 0. 0. 0. 0. 0. 0. 0. 0. 0. 0. 0. 0. 0. 0. 0. 0. 0. 0.
    0. 0. 0. 0. 0. 0. 0. 0. 0. 0. 0. 0. 0. 0. 0. 0. 0. 0. 0. 0. 0. 0. 0.
    0. 0. 0. 0. 0. 0. 0. 0. 0. 0. 0. 0. 0. 0. 0. 0. 0. 0. 0. 0. 0. 0. 0.
    0. 0. 0. 0. 0. 0. 0. 0. 0. 0. 0. 0. 0. 0. 0. 0. 0. 0. 0. 0. 0. 0. 0.
    0. 0. 0. 0. 0. 0. 0. 0. 0. 0. 0. 0. 0. 0. 0. 0. 0. 0. 0. 0. 0. 0. 0.
    0. 0. 0. 0. 0. 0. 0. 0. 0. 0. 0. 0. 0. 0. 0. 0. 0. 0. 0. 0. 0. 0. 0.
    0. 0. 0. 0. 0. 0. 0. 0. 0. 0. 0. 0. 0. 0. 0. 0. 0. 0. 0. 0. 0. 0. 0.
    0. 0. 0. 0. 0. 0. 0. 0. 0. 0. 0. 0. 0. 0. 0. 0. 0. 0. 0. 0. 0. 0. 0.
    0. 0. 0. 0. 0. 0. 0. 0. 0. 0. 0. 0. 0. 0. 0. 0. 0. 0. 0. 0. 0. 0. 0.
    0. 0. 0. 0. 0. 0. 0. 0. 0. 0. 0. 0. 0. 0. 0. 0. 0. 0. 0. 0. 0. 0. 0.
    0. 0. 0. 0. 0. 0. 0. 0. 0. 0. 0. 0. 0. 0. 0. 0. 0. 0. 0. 0. 0. 0. 0.
    0. 0. 0. 0. 0. 0. 0. 0. 0. 0. 0. 0. 0. 0. 0. 0. 0. 0. 0. 0. 0. 0. 0.
    0. 0. 0. 0. 0. 0. 0. 0. 0. 0. 0. 0. 0. 0. 0. 0. 0. 0. 0. 0. 0. 0. 0.
    0. 0. 0. 0. 0. 0. 0. 0. 0. 0. 0. 0. 0. 0. 0. 0. 0. 0. 0. 0. 0. 0. 0.
    0. 0. 0. 0. 0. 0. 0. 0. 0. 0. 0. 0. 0. 0. 0. 0. 0. 0. 0. 0. 0. 0. 0.
    0. 0. 0. 0. 0. 0. 0. 0. 0. 0. 0. 0. 0. 0. 0. 0. 0. 0. 0. 0. 0. 0. 0.
    0. 0. 0. 0. 0. 0. 0. 0. 0. 0. 0. 0. 0. 0. 0. 0. 0. 0. 0. 0. 0. 0. 0.
    0. 0. 0. 0. 0. 0. 0. 0. 2.87700009e+00 2.44499993e+00 2.01300001e+00
    2. 2. 2. 2. 2. 2. 2. 2. 2. 2. 2. 2. 2. 2. 2. 2. 2. 2. 2. 2. 2. 2. 2.
    2. 2. 2. 2. 2. 2. 0. 0. 0. 0. 0. 2.90199995e+00 2.88100004e+00
    2.82900000e+00 2.72099996e+00 2.36599994e+00 2.01099992e+00 2. 2. 2.
    2. 1.99600005e+00 1.98699999e+00 1.98199999e+00 1.98199999e+00
    1.98199999e+00 1.98199999e+00 1.98199999e+00 1.98199999e+00
    1.98199999e+00 1.98199999e+00 1.98199999e+00 1.98199999e+00
    1.98199999e+00 1.98199999e+00 1.98199999e+00 1.98199999e+00
    1.98199999e+00 1.98199999e+00 1.98199999e+00 1.98199999e+00
    1.97700000e+00 1.96899998e+00 1.96500003e+00 1.96500003e+00
    1.96500003e+00 0. 0. 0. 0. 0. 2.40599990e+00 2.39599991e+00
    2.37299991e+00 2.32500005e+00 2.16499996e+00 2.00500011e+00 2. 2. 2.
    2. 1.98399997e+00 1.95599997e+00 1.93599999e+00 1.93599999e+00
    1.93599999e+00 1.93599999e+00 1.93599999e+00 1.93599999e+00
    1.93599999e+00 1.93599999e+00 1.93599999e+00 1.93599999e+00
    1.93599999e+00 1.93599999e+00 1.93599999e+00 1.93599999e+00
    1.93599999e+00 1.93599999e+00 1.93599999e+00 1.93599999e+00
    1.91900003e+00 1.89100003e+00 1.87500000e+00 1.87500000e+00
    1.87500000e+00 0. 0. 0. 0. 0. 2.00900006e+00 2.00699997e+00
    2.00300002e+00 2. 2. 2. 2. 2. 2. 2. 1.97500002e+00 1.92900002e+00
    1.89900005e+00 1.89900005e+00 1.89900005e+00 1.89900005e+00
    1.89900005e+00 1.89900005e+00 1.89900005e+00 1.89900005e+00
    1.89900005e+00 1.89900005e+00 1.89900005e+00 1.89900005e+00
    1.89900005e+00 1.89900005e+00 1.89499998e+00 1.89199996e+00
    1.89100003e+00 1.89100003e+00 1.86500001e+00 1.82400000e+00
    1.80100000e+00 1.80100000e+00 1.80100000e+00 0. 0. 0. 0. 0.
    2.05599999e+00 2.04600000e+00 2.02099991e+00 2. 2. 2. 2. 2. 2. 2.
    1.97500002e+00 1.92900002e+00 1.89900005e+00 1.89900005e+00
    1.89900005e+00 1.89900005e+00 1.89900005e+00 1.89900005e+00
    1.89900005e+00 1.89900005e+00 1.89900005e+00 1.89900005e+00
    1.89900005e+00 1.89900005e+00 1.89900005e+00 1.89800000e+00
    1.87399995e+00 1.85000002e+00 1.84700000e+00 1.84700000e+00
    1.83399999e+00 1.81299996e+00 1.80100000e+00 1.80100000e+00
    1.80100000e+00 0. 0. 0. 0. 0. 2.10400009e+00 2.08500004e+00
    2.03800011e+00 2. 2. 2. 2. 2. 2. 2. 1.97500002e+00 1.92900002e+00
    1.89900005e+00 1.89900005e+00 1.89900005e+00 1.89900005e+00
    1.89900005e+00 1.89900005e+00 1.89900005e+00 1.89900005e+00
    1.89900005e+00 1.89900005e+00 1.89900005e+00 1.89900005e+00
    1.89900005e+00 1.89600003e+00 1.85300004e+00 1.80900002e+00
    1.80200005e+00 1.80200005e+00 1.80200005e+00 1.80100000e+00
    1.80100000e+00 1.80100000e+00 1.80100000e+00 0. 0. 0. 0. 0.
    2.10500002e+00 2.08599997e+00 2.03900003e+00 2. 2. 2. 2. 2. 2. 2.
    1.98599994e+00 1.96000004e+00 1.94299996e+00 1.94299996e+00
    1.94299996e+00 1.94299996e+00 1.94299996e+00 1.92499995e+00
    1.90499997e+00 1.89900005e+00 1.89900005e+00 1.89900005e+00
    1.89900005e+00 1.89900005e+00 1.89900005e+00 1.89600003e+00
    1.85200000e+00 1.80799997e+00 1.80100000e+00 1.80100000e+00
    1.80100000e+00 1.80100000e+00 1.80100000e+00 1.80100000e+00
    1.80100000e+00 0. 0. 0. 0. 0. 2.10500002e+00 2.08599997e+00
    2.03900003e+00 2. 2. 2. 2. 2. 2. 2. 1.99699998e+00 1.99199998e+00
    1.98899996e+00 1.98899996e+00 1.98899996e+00 1.98899996e+00
    1.98899996e+00 1.95200002e+00 1.91100001e+00 1.89900005e+00
    1.89900005e+00 1.89900005e+00 1.89900005e+00 1.89900005e+00
    1.89900005e+00 1.89600003e+00 1.85200000e+00 1.80799997e+00
    1.80100000e+00 1.80100000e+00 1.80100000e+00 1.80100000e+00
    1.80100000e+00 1.80100000e+00 1.80100000e+00 0. 0. 0. 0. 0.
    2.06900001e+00 2.05699992e+00 2.02600002e+00 2. 2. 2. 2. 2. 2. 2. 2.
    2. 2. 2. 2. 2. 2. 1.97300005e+00 1.94299996e+00 1.92299998e+00
    1.90699995e+00 1.89900005e+00 1.89900005e+00 1.89900005e+00
    1.89900005e+00 1.89600003e+00 1.85200000e+00 1.80799997e+00
    1.80100000e+00 1.80100000e+00 1.80100000e+00 1.80100000e+00
    1.80700004e+00 1.82299995e+00 1.83500004e+00 0. 0. 0. 0. 0.
    2.02200007e+00 2.01799989e+00 2.00799990e+00 2. 2. 2. 2. 2. 2. 2. 2.
    2. 2. 2. 2. 2. 2. 1.99100006e+00 1.98199999e+00 1.95400000e+00
    1.91799998e+00 1.89900005e+00 1.89900005e+00 1.89900005e+00
    1.89900005e+00 1.89600003e+00 1.85200000e+00 1.80799997e+00
    1.80100000e+00 1.80100000e+00 1.80100000e+00 1.80100000e+00
    1.81599998e+00 1.85099995e+00 1.87899995e+00 0. 0. 0. 0. 0. 2. 2. 2.
    2. 2. 2. 2. 2. 2. 2. 2. 2. 2. 2. 2. 2. 2. 2. 2. 1.96800005e+00
    1.92299998e+00 1.89900005e+00 1.89900005e+00 1.89900005e+00
    1.89900005e+00 1.89699996e+00 1.86399996e+00 1.83000004e+00
    1.82500005e+00 1.82500005e+00 1.82500005e+00 1.82500005e+00
    1.83899999e+00 1.87300003e+00 1.89900005e+00 0. 0. 0. 0. 0. 2. 2. 2.
    2. 2. 2. 2. 2. 2. 2. 2. 2. 2. 2. 2. 2. 2. 2. 2. 1.96800005e+00
    1.92299998e+00 1.89900005e+00 1.89900005e+00 1.89900005e+00
    1.89900005e+00 1.89800000e+00 1.88499999e+00 1.87100005e+00
    1.86899996e+00 1.86899996e+00 1.86899996e+00 1.86899996e+00
    1.87500000e+00 1.88800001e+00 1.89900005e+00 0. 0. 0. 0. 0.
    1.97000003e+00 1.97500002e+00 1.98899996e+00 2. 2. 2. 2. 2. 2. 2.
    2.00399995e+00 2.01099992e+00 2.01600003e+00 2.01600003e+00
    2.01600003e+00 2.01600003e+00 2.01600003e+00 2.01600003e+00
    2.01600003e+00 1.98399997e+00 1.93799996e+00 1.91400003e+00
    1.91400003e+00 1.91400003e+00 1.91400003e+00 1.91400003e+00
    1.91400003e+00 1.91400003e+00 1.91400003e+00 1.91400003e+00
    1.91400003e+00 1.91400003e+00 1.91400003e+00 1.91400003e+00
    1.91400003e+00 0. 0. 0. 0. 0. 1.88000000e+00 1.90100002e+00
    1.95599997e+00 2. 2. 2. 2. 2. 2. 2. 2.01600003e+00 2.04399991e+00
    2.06299996e+00 2.06299996e+00 2.06299996e+00 2.06299996e+00
    2.06299996e+00 2.06299996e+00 2.06299996e+00 2.03099990e+00
    1.98399997e+00 1.96000004e+00 1.96000004e+00 1.96000004e+00
    1.96000004e+00 1.96000004e+00 1.96000004e+00 1.96000004e+00
    1.96000004e+00 1.96000004e+00 1.96000004e+00 1.96000004e+00
    1.96000004e+00 1.96000004e+00 1.96000004e+00 0. 0. 0. 0. 0.
    1.80100000e+00 1.83700001e+00 1.92999995e+00 2.00600004e+00
    2.00600004e+00 2.00600004e+00 2.00600004e+00 2.00600004e+00
    2.00600004e+00 2.00600004e+00 2.03200006e+00 2.07900000e+00
    2.11100006e+00 2.11100006e+00 2.11100006e+00 2.10800004e+00
    2.10500002e+00 2.10500002e+00 2.10500002e+00 2.07399988e+00
    2.02900004e+00 2.00600004e+00 2.00600004e+00 2.00600004e+00
