<?xml version="1.0"?>
<opencv_storage>
<Depth type_id="opencv-matrix">
  <rows>40</rows>
  <cols>40</cols>
  <dt>f</dt>
  <data>
    0. 0. 0. 0. 0. 0. 0. 0. 0. 0. 0. 0. 0. 0. 0. 0. 0. 0. 0. 0. 0. 0. 0.
    0. 0. 0. 0. 0. 0. 0. 0. 0. 0. 0. 0. 0. 0. 0. 0. 0. 0. 0. 0. 0. 0. 0.
    0. 0. 0. 0. 0. 0. 0. 0. 0. 0. 0. 0. 0. 0. 0. 0. 0. 0. 0. 0. 0. 0. 0.
    0. 0. 0. 0. 0. 0. 0. 0. 0. 0. 0. 0. 0. 0. 0. 0. 0. 0. 0. 0. 0. 0. 0.
    0. 0. 0. 0. 0. 0. 0. 0. 0. 0. 0. 0. 0. 0. 0. 0. 0. 0. 0. 0. 0. 0. 0.
    0. 0. 0. 0. 0. 0. 0. 0. 0. 0. 0. 0. 0. 0. 0. 0. 0. 0. 0. 0. 0. 0. 0.
    0. 0. 0. 0. 0. 0. 0. 0. 0. 0. 0. 0. 0. 0. 0. 0. 0. 0. 0. 0. 0. 0. 0.
    0. 0. 0. 0. 0. 0. 0. 0. 0. 0. 0. 0. 0. 0. 0. 0. 0. 0. 0. 0. 0. 0. 0.
    0. 0. 0. 0. 0. 0. 0. 0. 0. 0. 0. 0. 0. 0. 0. 0. 0. 0. 0. 0. 0. 0. 0.
    0. 0. 0. 0. 0. 0. 0. 0. 0. 0. 0. 0. 0. 0. 0. 0. 0. 0. 0. 0. 0. 0. 0.
    0. 0. 0. 0. 0. 0. 0. 0. 0. 0. 0. 0. 0. 0. 0. 0. 0. 0. 0. 0. 0. 0. 0.
    0. 0. 0. 0. 0. 0. 0. 0. 0. 0. 0. 0. 0. 0. 0. 0. 0. 0. 0. 0. 0. 0. 0.
    0. 0. 0. 0. 0. 0. 0. 0. 0. 0. 0. 0. 0. 0. 0. 0. 0. 0. 0. 0. 0. 0. 0.
    0. 0. 0. 0. 0. 0. 0. 0. 0. 0. 0. 0. 0. 0. 0. 0. 0. 0. 0. 0. 0. 0. 0.
    0. 0. 0. 0. 0. 0. 0. 0. 0. 0. 0. 0. 0. 0. 0. 0. 0. 0. 0. 0. 0. 0. 0.
    0. 0. 0. 0. 0. 0. 0. 0. 0. 0. 0. 0. 0. 0. 0. 0. 0. 0. 0. 0. 0. 0. 0.
    0. 0. 0. 0. 0. 0. 0. 0. 0. 0. 0. 0. 0. 0. 0. 0. 0. 0. 0. 0. 0. 0. 0.
    0. 0. 0. 0. 0. 0. 0. 0. 0. 0. 0. 0. 0. 0. 0. 0. 0. 0. 0. 0. 0. 0. 0.
    0. 0. 0. 0. 0. 0. 0. 0. 0. 0. 0. 0. 0. 0. 0. 0. 0. 0. 0. 0. 0. 0. 0.
    0. 0. 0. 0. 0. 0. 0. 0. 0. 0. 0. 0. 0. 0. 0. 0. 0. 0. 0. 0. 0. 0. 0.
    0. 0. 0. 0. 0. 0. 0. 0. 0. 0. 0. 0. 0. 0. 0. 0. 0. 0. 0. 0. 0. 0. 0.
    0. 0. 0. 0. 0. 0. 0. 0. 0. 0. 0. 0. 0. 0. 0. 0. 0. 0. 0. 0. 0. 0. 0.
    0. 0. 0. 0. 0. 0. 0. 0. 0. 0. 0. 0. 0. 0. 0. 0. 0. 0. 0. 0. 0. 0. 0.
    0. 0. 0. 0. 0. 0. 0. 0. 0. 0. 0. 0. 0. 0. 0. 0. 0. 0. 0. 0. 0. 0. 0.
    0. 0. 0. 0. 0. 0. 0. 0. 0. 0. 0. 0. 0. 0. 0. 0. 0. 0. 0. 0. 0. 0. 0.
    0. 0. 0. 0. 0. 0. 0. 0. 0. 0. 0. 0. 0. 0. 0. 0. 0. 0. 0. 0. 0. 0. 0.
    0. 0. 0. 0. 0. 2.62800002e+00 2.62800002e+00 2.62800002e+00
    2.58500004e+00 2.53999996e+00 2.49499989e+00 2.43000007e+00
    2.34500003e+00 2.32900000e+00 2.32500005e+00 2.28399992e+00
    2.24399996e+00 2.20400000e+00 2.19199991e+00 2.19199991e+00
    2.19199991e+00 2.19199991e+00 2.19199991e+00 2.26099992e+00
    2.38299990e+00 2.43700004e+00 2.43400002e+00 2.15599990e+00
    1.95500004e+00 1.85099995e+00 1.79900002e+00 1.76699996e+00
    1.76699996e+00 1.76699996e+00 1.76699996e+00 1.76699996e+00
    1.76699996e+00 1.76699996e+00 1.76699996e+00 0. 0. 0. 0. 0. 0.
    2.62800002e+00 2.62800002e+00 2.62800002e+00 2.56900001e+00
    2.50799990e+00 2.44799995e+00 2.38400006e+00 2.31599998e+00
    2.29099989e+00 2.27300000e+00 2.23300004e+00 2.20000005e+00
    2.17499995e+00 2.15700006e+00 2.14400005e+00 2.14299989e+00
    2.14299989e+00 2.14299989e+00 2.18600011e+00 2.26200008e+00
    2.26200008e+00 2.22300005e+00 2.03800011e+00 1.90499997e+00
    1.84099996e+00 1.79900002e+00 1.76699996e+00 1.76699996e+00
    1.76300001e+00 1.75100005e+00 1.74699998e+00 1.74699998e+00
    1.75699997e+00 1.76699996e+00 0. 0. 0. 0. 0. 0. 2.62800002e+00
    2.62800002e+00 2.62800002e+00 2.54500008e+00 2.45799994e+00
    2.37400007e+00 2.31200004e+00 2.26999998e+00 2.23099995e+00
    2.19300008e+00 2.15400004e+00 2.13000011e+00 2.12899995e+00
    2.10400009e+00 2.06800008e+00 2.06800008e+00 2.06800008e+00
    2.06800008e+00 2.06999993e+00 2.07500005e+00 1.98899996e+00
    1.89699996e+00 1.85399997e+00 1.82799995e+00 1.82400000e+00
    1.79900002e+00 1.76699996e+00 1.76699996e+00 1.75800002e+00
    1.72700000e+00 1.71500003e+00 1.71500003e+00 1.74199998e+00
    1.76699996e+00 0. 0. 0. 0. 0. 0. 2.62800002e+00 2.61199999e+00
    2.58699989e+00 2.50200009e+00 2.41499996e+00 2.33100009e+00
    2.25900006e+00 2.19799995e+00 2.17199993e+00 2.15199995e+00
    2.11400008e+00 2.09100008e+00 2.09100008e+00 2.07999992e+00
    2.06299996e+00 2.06299996e+00 2.06299996e+00 2.06299996e+00
    2.05200005e+00 2.03099990e+00 1.93900001e+00 1.84700000e+00
    1.83200002e+00 1.81500006e+00 1.79700005e+00 1.78199995e+00
    1.76699996e+00 1.74899995e+00 1.73300004e+00 1.71899998e+00
    1.71300006e+00 1.71300006e+00 1.74100006e+00 1.76699996e+00 0. 0. 0.
    0. 0. 0. 2.60700011e+00 2.58200002e+00 2.54200006e+00 2.45799994e+00
    2.37400007e+00 2.29699993e+00 2.21900010e+00 2.14100003e+00
    2.12599993e+00 2.12199998e+00 2.08500004e+00 2.06299996e+00
    2.06299996e+00 2.06299996e+00 2.06299996e+00 2.06299996e+00
    2.06200004e+00 2.05699992e+00 2.03399992e+00 1.99699998e+00
    1.90799999e+00 1.82299995e+00 1.82299995e+00 1.80900002e+00
    1.77600002e+00 1.76699996e+00 1.76600003e+00 1.73500001e+00
    1.71300006e+00 1.71300006e+00 1.71300006e+00 1.71300006e+00
    1.74100006e+00 1.76699996e+00 0. 0. 0. 0. 0. 0. 2.51699996e+00
    2.50900006e+00 2.49600005e+00 2.41499996e+00 2.33699989e+00
    2.28500009e+00 2.21900010e+00 2.14100003e+00 2.12599993e+00
    2.12199998e+00 2.08500004e+00 2.06299996e+00 2.06299996e+00
    2.06299996e+00 2.06299996e+00 2.06299996e+00 2.05599999e+00
    2.02900004e+00 1.99800003e+00 1.96200001e+00 1.88999999e+00
    1.82299995e+00 1.82299995e+00 1.80900002e+00 1.77600002e+00
    1.76699996e+00 1.76600003e+00 1.73500001e+00 1.71300006e+00
    1.71300006e+00 1.71300006e+00 1.71300006e+00 1.74100006e+00
    1.76699996e+00 0. 0. 0. 0. 0. 0. 2.45199990e+00 2.45199990e+00
    2.45199990e+00 2.38400006e+00 2.31999993e+00 2.27900004e+00
    2.22499990e+00 2.15899992e+00 2.13700008e+00 2.12299991e+00
    2.09800005e+00 2.07800007e+00 2.06699991e+00 2.06299996e+00
    2.06299996e+00 2.06299996e+00 2.05299997e+00 2.01600003e+00
    1.98000002e+00 1.94500005e+00 1.88199997e+00 1.82299995e+00
    1.82299995e+00 1.80900002e+00 1.77600002e+00 1.76699996e+00
    1.76699996e+00 1.74500000e+00 1.72899997e+00 1.72899997e+00
    1.72899997e+00 1.72899997e+00 1.75800002e+00 1.78400004e+00 0. 0. 0.
    0. 0. 0. 2.40899992e+00 2.40899992e+00 2.40899992e+00 2.36500001e+00
    2.31999993e+00 2.27900004e+00 2.23699999e+00 2.19300008e+00
    2.15700006e+00 2.12599993e+00 2.12199998e+00 2.10599995e+00
    2.07299995e+00 2.06299996e+00 2.06299996e+00 2.06299996e+00
    2.05299997e+00 2.01600003e+00 1.98000002e+00 1.94500005e+00
    1.88199997e+00 1.82299995e+00 1.82299995e+00 1.80900002e+00
    1.77600002e+00 1.76699996e+00 1.76699996e+00 1.76300001e+00
    1.76100004e+00 1.76100004e+00 1.76100004e+00 1.76100004e+00
    1.78999996e+00 1.81700003e+00 0. 0. 0. 0. 0. 0. 2.36700010e+00
    2.36700010e+00 2.36700010e+00 2.34599996e+00 2.31999993e+00
    2.27900004e+00 2.23900008e+00 2.19899988e+00 2.16100001e+00
    2.12599993e+00 2.12599993e+00 2.11100006e+00 2.07500005e+00
    2.06299996e+00 2.06299996e+00 2.06299996e+00 2.05299997e+00
    2.01600003e+00 1.98000002e+00 1.94500005e+00 1.88199997e+00
    1.82299995e+00 1.82299995e+00 1.81500006e+00 1.79799998e+00
    1.78199995e+00 1.76699996e+00 1.76699996e+00 1.76199996e+00
    1.74699998e+00 1.74100006e+00 1.74100006e+00 1.78400004e+00
    1.82299995e+00 0. 0. 0. 0. 0. 0. 2.32900000e+00 2.32900000e+00
    2.32900000e+00 2.32900000e+00 2.31999993e+00 2.27900004e+00
    2.23900008e+00 2.19899988e+00 2.16100001e+00 2.12599993e+00
    2.12599993e+00 2.11100006e+00 2.07500005e+00 2.06299996e+00
    2.06299996e+00 2.06299996e+00 2.05299997e+00 2.01600003e+00
    1.98000002e+00 1.94500005e+00 1.88199997e+00 1.82299995e+00
    1.82299995e+00 1.82299995e+00 1.82299995e+00 1.79900002e+00
    1.76699996e+00 1.76699996e+00 1.75699997e+00 1.72599995e+00
    1.71300006e+00 1.71300006e+00 1.77100003e+00 1.82299995e+00 0. 0. 0.
    0. 0. 0. 0. 0. 0. 0. 0. 0. 0. 0. 0. 0. 0. 0. 0. 0. 0. 0. 0. 0. 0. 0.
    0. 0. 0. 0. 0. 0. 0. 0. 0. 0. 0. 0. 0. 0. 0. 0. 0. 0. 0. 0. 0. 0. 0.
    0. 0. 0. 0. 0. 0. 0. 0. 0. 0. 0. 0. 0. 0. 0. 0. 0. 0. 0. 0. 0. 0. 0.
    0. 0. 0. 0. 0. 0. 0. 0. 0. 0. 0. 0. 0. 0. 0. 0. 0. 0. 0. 0. 0. 0. 0.
