<?xml version="1.0"?>
<opencv_storage>
<Depth type_id="opencv-matrix">
  <rows>40</rows>
  <cols>40</cols>
  <dt>f</dt>
  <data>
    0. 0. 0. 0. 0. 0. 0. 0. 0. 0. 0. 0. 0. 0. 0. 0. 0. 0. 0. 0. 0. 0. 0.
    0. 0. 0. 0. 0. 0. 0. 0. 0. 0. 0. 0. 0. 0. 0. 0. 0. 0. 0. 0. 0. 0. 0.
    0. 0. 0. 0. 0. 0. 0. 0. 0. 0. 0. 0. 0. 0. 0. 0. 0. 0. 0. 0. 0. 0. 0.
    0. 0. 0. 0. 0. 0. 0. 0. 0. 0. 0. 0. 0. 0. 0. 0. 0. 0. 0. 0. 0. 0. 0.
    0. 0. 0. 0. 0. 0. 0. 0. 0. 0. 0. 0. 0. 0. 0. 0. 0. 0. 0. 0. 0. 0. 0.
    0. 0. 0. 0. 0. 0. 0. 0. 0. 0. 0. 0. 0. 0. 0. 0. 0. 0. 0. 0. 0. 0. 0.
    0. 0. 0. 0. 0. 0. 0. 0. 0. 0. 0. 0. 0. 0. 0. 0. 0. 0. 0. 0. 0. 0. 0.
    0. 0. 0. 0. 0. 0. 0. 0. 0. 0. 0. 0. 0. 0. 0. 0. 0. 0. 0. 0. 0. 0. 0.
    0. 0. 0. 0. 0. 0. 0. 0. 0. 0. 0. 0. 0. 0. 0. 0. 0. 0. 0. 0. 0. 0. 0.
    0. 0. 0. 0. 0. 0. 0. 0. 0. 0. 0. 0. 0. 0. 0. 0. 0. 0. 0. 0. 0. 0. 0.
    0. 0. 0. 0. 0. 0. 0. 0. 0. 0. 0. 0. 0. 0. 0. 0. 0. 0. 0. 0. 0. 0. 0.
    0. 0. 0. 0. 0. 0. 0. 0. 0. 0. 0. 0. 0. 0. 0. 0. 0. 0. 0. 0. 0. 0. 0.
    0. 0. 0. 0. 0. 0. 0. 0. 0. 0. 0. 0. 0. 0. 0. 0. 0. 0. 0. 0. 0. 0. 0.
    0. 0. 0. 0. 0. 0. 0. 0. 0. 0. 0. 0. 0. 0. 0. 0. 0. 0. 0. 0. 0. 0. 0.
    0. 0. 0. 0. 0. 0. 0. 0. 0. 0. 0. 0. 0. 0. 0. 0. 0. 0. 0. 0. 0. 0. 0.
    0. 0. 0. 0. 0. 0. 0. 0. 0. 0. 0. 0. 0. 0. 0. 0. 0. 0. 0. 0. 0. 0. 0.
    0. 0. 0. 0. 0. 0. 0. 0. 0. 0. 0. 0. 0. 0. 0. 0. 0. 0. 0. 0. 0. 0. 0.
    0. 0. 0. 0. 0. 0. 0. 0. 0. 0. 0. 0. 0. 0. 0. 0. 0. 0. 0. 0. 0. 0. 0.
    0. 0. 0. 0. 0. 0. 0. 0. 0. 0. 0. 0. 0. 0. 0. 0. 0. 0. 0. 0. 0. 0. 0.
    0. 0. 0. 0. 0. 0. 0. 0. 2.46099997e+00 2.46099997e+00 2.46099997e+00
    2.42000008e+00 2.36599994e+00 2.28500009e+00 2.25200009e+00
    2.25200009e+00 2.25200009e+00 2.26099992e+00 2.30100012e+00
    2.31999993e+00 2.31999993e+00 0. 0. 0. 0. 0. 0. 2.25200009e+00
    2.25200009e+00 2.25200009e+00 2.25200009e+00 2.25200009e+00
    2.17499995e+00 0. 0. 0. 0. 0. 0. 0. 0. 0. 0. 0. 0. 0. 0. 0.
    2.46099997e+00 2.45000005e+00 2.43300009e+00 2.39199996e+00
    2.34400010e+00 2.27800012e+00 2.25200009e+00 2.25200009e+00
    2.26600003e+00 2.28099990e+00 2.28900003e+00 2.28500009e+00
    2.26999998e+00 2.81800008e+00 0. 0. 0. 0. 2.75699997e+00
    2.20199990e+00 2.20199990e+00 2.20199990e+00 2.20199990e+00
    2.18099999e+00 2.10700011e+00 1.21200001e+00 0. 0. 0. 0. 0. 0. 0. 0.
    0. 0. 0. 0. 0. 0. 2.46099997e+00 2.43300009e+00 2.39100003e+00
    2.34999990e+00 2.30999994e+00 2.26799989e+00 2.25200009e+00
    2.25200009e+00 2.28800011e+00 2.30999994e+00 2.27099991e+00
    2.23200011e+00 2.19400001e+00 2.20400000e+00 2.21300006e+00
    2.17600012e+00 2.15599990e+00 2.15499997e+00 2.14100003e+00
    2.12500000e+00 2.12500000e+00 2.12500000e+00 2.12500000e+00
    2.07200003e+00 2.00300002e+00 1.97800004e+00 1.48800004e+00 0. 0. 0.
    0. 0. 0. 0. 0. 0. 0. 0. 0. 0. 2.42000008e+00 2.39199996e+00
    2.34999990e+00 2.33200002e+00 2.31500006e+00 2.29800010e+00
    2.29099989e+00 2.29099989e+00 2.30699992e+00 2.31100011e+00
    2.27099991e+00 2.23099995e+00 2.19199991e+00 2.16799998e+00
    2.14299989e+00 2.10599995e+00 2.08699989e+00 2.08699989e+00
    2.08699989e+00 2.08400011e+00 2.06399989e+00 2.05200005e+00
    2.05200005e+00 2.02900004e+00 2. 2. 1.51800001e+00 0. 0. 0. 0. 0. 0.
    0. 0. 0. 0. 0. 0. 0. 2.38899994e+00 2.36199999e+00 2.32100010e+00
    2.31999993e+00 2.31999993e+00 2.31999993e+00 2.31999993e+00
    2.31999993e+00 2.31399989e+00 2.29900002e+00 2.25900006e+00
    2.22300005e+00 2.19099998e+00 2.15400004e+00 2.11700010e+00
    2.07900000e+00 2.05999994e+00 2.05999994e+00 2.05999994e+00
    2.05599999e+00 2.01999998e+00 2. 2. 2. 2. 2. 1.51800001e+00 0. 0. 0.
    0. 0. 0. 0. 0. 0. 0. 0. 0. 0. 2.38899994e+00 2.36199999e+00
    2.32100010e+00 2.31999993e+00 2.31999993e+00 2.31999993e+00
    2.31999993e+00 2.31999993e+00 2.29200006e+00 2.25900006e+00
    2.22000003e+00 2.19700003e+00 2.18700004e+00 2.15400004e+00
    2.11700010e+00 2.07900000e+00 2.05999994e+00 2.05999994e+00
    2.05999994e+00 2.05599999e+00 2.01999998e+00 2. 2. 2. 2. 2.
    1.51800001e+00 0. 0. 0. 0. 0. 0. 0. 0. 0. 0. 0. 0. 0. 2.38899994e+00
    2.36199999e+00 2.32100010e+00 2.31999993e+00 2.31999993e+00
    2.31999993e+00 2.31100011e+00 2.29699993e+00 2.25900006e+00
    2.22300005e+00 2.19799995e+00 2.17899990e+00 2.16599989e+00
    2.13199997e+00 2.09400010e+00 2.05800009e+00 2.03900003e+00
    2.03900003e+00 2.03900003e+00 2.03600001e+00 2.01300001e+00 2. 2. 2.
    2.00099993e+00 2.01300001e+00 1.71000004e+00 0. 0. 0. 0. 0. 0. 0. 0.
    0. 0. 0. 0. 0. 2.38899994e+00 2.36199999e+00 2.32100010e+00
    2.31999993e+00 2.31999993e+00 2.31999993e+00 2.29699993e+00
    2.25900006e+00 2.22000003e+00 2.18899989e+00 2.18700004e+00
    2.16700006e+00 2.13100004e+00 2.09400010e+00 2.05699992e+00
    2.02200007e+00 2.00300002e+00 2.00300002e+00 2.00300002e+00
    2.00300002e+00 2.00099993e+00 2. 2. 2. 2.00200009e+00 2.03600001e+00
    2.03200006e+00 1.96399999e+00 1.07599998e+00 0. 0. 0. 0. 0. 0. 0. 0.
    0. 0. 0. 2.38899994e+00 2.36199999e+00 2.32100010e+00 2.31999993e+00
    2.32599998e+00 2.34800005e+00 2.31999993e+00 2.25699997e+00
    2.21600008e+00 2.18600011e+00 2.18600011e+00 2.16599989e+00
    2.12800002e+00 2.09100008e+00 2.05399990e+00 2.01799989e+00 2. 2. 2.
    2. 2. 2. 2. 2. 2.00200009e+00 2.03699994e+00 2.05999994e+00
    2.05999994e+00 1.64100003e+00 1.02499998e+00 0. 0. 0. 0. 0. 0. 0. 0.
    0. 0. 2.80699992e+00 2.78399992e+00 2.74799991e+00 2.50699997e+00
    2.33899999e+00 2.37500000e+00 2.34400010e+00 2.26799989e+00
    2.22499990e+00 2.19400001e+00 2.18799996e+00 2.16599989e+00
    2.12800002e+00 2.09500003e+00 2.06299996e+00 2.03200006e+00
    2.01699996e+00 2.01699996e+00 2.00900006e+00 2. 2. 2. 2. 2.
    2.00200009e+00 2.03200006e+00 2.05200005e+00 2.05200005e+00
    2.05200005e+00 2.05200005e+00 0. 0. 0. 0. 0. 0. 0. 0. 0. 0. 0. 0. 0.
    0. 2.37299991e+00 2.38499999e+00 2.35800004e+00 2.30599999e+00
    2.26500010e+00 2.22799993e+00 2.19899988e+00 2.16599989e+00
    2.12800002e+00 2.11400008e+00 2.10400009e+00 2.09500003e+00
    2.08899999e+00 2.08899999e+00 2.04699993e+00 2. 2. 2. 2. 2.
    2.00099993e+00 2.00999999e+00 2.01600003e+00 2.01600003e+00
    2.01600003e+00 2.01600003e+00 0. 0. 0. 0. 0. 0. 0. 0. 0. 0. 0. 0. 0.
    2.53699994e+00 1.64100003e+00 1.64100003e+00 1.87500000e+00
    2.26399994e+00 2.27300000e+00 2.24300003e+00 2.20400000e+00
    2.16599989e+00 2.12800002e+00 2.12299991e+00 2.12299991e+00
    2.12299991e+00 2.12299991e+00 2.12299991e+00 2.07399988e+00
    2.01900005e+00 2.01900005e+00 2.01399994e+00 2.00300002e+00 2. 2. 2.
    2. 2. 2. 2. 0. 0. 0. 0. 0. 0. 0. 0. 0. 0. 0. 0. 0. 0. 0. 0. 0.
    2.15400004e+00 2.25500011e+00 2.24300003e+00 2.20400000e+00
    2.16599989e+00 2.12800002e+00 2.12299991e+00 2.12299991e+00
    2.12299991e+00 2.12299991e+00 2.12299991e+00 2.09100008e+00
    2.05500007e+00 2.05500007e+00 2.04099989e+00 2.00900006e+00 2. 2. 2.
    2. 2. 2. 2. 0. 0. 0. 0. 0. 0. 0. 0. 0. 0. 0. 0. 0. 0. 0. 0. 0.
    1.07400000e+00 1.13000000e+00 1.12399995e+00 1.09899998e+00
    1.07799995e+00 1.05900002e+00 1.61300004e+00 2.15499997e+00
    2.15499997e+00 2.13700008e+00 2.09899998e+00 2.07599998e+00
    2.05999994e+00 2.05999994e+00 2.04500008e+00 2.00900006e+00 2. 2. 2.
    1.99399996e+00 1.97599995e+00 1.97000003e+00 1.97000003e+00 0. 0. 0.
    0. 0. 0. 0. 0. 0. 0. 0. 0. 0. 0. 0. 0. 0. 0. 0. 0. 0. 0. 0.
    1.00800002e+00 1.96899998e+00 1.96899998e+00 1.93700004e+00
    1.87000000e+00 1.85599995e+00 1.86899996e+00 1.99000001e+00
    2.04500008e+00 2.00900006e+00 2. 2. 2. 1.98699999e+00 1.95200002e+00
    1.94099998e+00 1.94099998e+00 0. 0. 0. 0. 0. 0. 0. 0. 0. 0. 0. 0. 0.
    0. 0. 0. 0. 0. 0. 0. 0. 0. 0. 0. 0. 0. 0. 0. 0. 0. 1.57700002e+00
    2.04500008e+00 2.00900006e+00 2. 2. 2. 1.98699999e+00 1.95200002e+00
    1.94099998e+00 1.94099998e+00 0. 0. 0. 0. 0. 0. 0. 0. 0. 0. 0. 0. 0.
    0. 0. 0. 0. 0. 0. 0. 0. 0. 0. 0. 0. 0. 0. 0. 0. 0. 1.36300004e+00
    2.04500008e+00 2.00900006e+00 2. 2. 2. 1.98699999e+00 1.95200002e+00
