<?xml version="1.0"?>
<opencv_storage>
<Depth type_id="opencv-matrix">
  <rows>40</rows>
  <cols>40</cols>
  <dt>f</dt>
  <data>
    0. 0. 0. 0. 0. 0. 0. 0. 0. 0. 0. 0. 0. 0. 0. 0. 0. 0. 0. 0. 0. 0. 0.
    0. 0. 0. 0. 0. 0. 0. 0. 0. 0. 0. 0. 0. 0. 0. 0. 0. 0. 0. 0. 0. 0. 0.
    0. 0. 0. 0. 0. 0. 0. 0. 0. 0. 0. 0. 0. 0. 0. 0. 0. 0. 0. 0. 0. 0. 0.
    0. 0. 0. 0. 0. 0. 0. 0. 0. 0. 0. 0. 0. 0. 0. 0. 0. 0. 0. 0. 0. 0. 0.
    0. 0. 0. 0. 0. 0. 0. 0. 0. 0. 0. 0. 0. 0. 0. 0. 0. 0. 0. 0. 0. 0. 0.
    0. 0. 0. 0. 0. 0. 0. 0. 0. 0. 0. 0. 0. 0. 0. 0. 0. 0. 0. 0. 0. 0. 0.
    0. 0. 0. 0. 0. 0. 0. 0. 0. 0. 0. 0. 0. 0. 0. 0. 0. 0. 0. 0. 0. 0. 0.
    0. 0. 0. 0. 0. 0. 0. 0. 0. 0. 0. 0. 0. 0. 0. 0. 0. 0. 0. 0. 0. 0. 0.
    0. 0. 0. 0. 0. 0. 0. 0. 0. 0. 0. 0. 0. 0. 0. 0. 0. 0. 0. 0. 0. 0. 0.
    0. 0. 0. 0. 0. 0. 0. 0. 0. 0. 0. 0. 0. 0. 0. 0. 0. 0. 0. 0. 0. 0. 0.
    0. 0. 0. 0. 0. 0. 0. 0. 0. 0. 0. 0. 0. 0. 0. 0. 0. 0. 0. 0. 0. 0. 0.
    0. 0. 0. 0. 0. 0. 0. 0. 0. 0. 0. 0. 0. 0. 0. 0. 0. 0. 0. 0. 0. 0. 0.
    0. 0. 0. 0. 0. 0. 0. 0. 0. 0. 0. 0. 0. 0. 0. 0. 0. 0. 0. 0. 0. 0. 0.
    0. 0. 0. 0. 0. 0. 0. 0. 0. 0. 0. 0. 0. 0. 0. 0. 0. 0. 0. 0. 0. 0. 0.
    0. 0. 0. 0. 0. 0. 0. 0. 0. 0. 0. 0. 0. 0. 0. 0. 0. 0. 0. 0. 0. 0. 0.
    0. 0. 0. 0. 0. 0. 0. 0. 0. 0. 0. 0. 0. 0. 0. 0. 0. 0. 0. 0. 0. 0. 0.
    0. 0. 0. 0. 0. 0. 0. 0. 0. 0. 0. 0. 0. 0. 0. 0. 0. 0. 0. 0. 0. 0. 0.
    0. 0. 0. 0. 0. 0. 0. 0. 0. 0. 0. 0. 0. 0. 0. 0. 0. 0. 0. 0. 0. 0. 0.
    0. 0. 0. 0. 0. 0. 0. 0. 0. 0. 0. 0. 0. 0. 0. 0. 0. 0. 0. 0. 0. 0. 0.
    0. 0. 0. 0. 0. 0. 0. 0. 0. 0. 0. 0. 0. 0. 0. 0. 0. 0. 0. 0. 0. 0. 0.
    0. 0. 0. 0. 0. 0. 0. 0. 0. 0. 0. 0. 0. 0. 0. 0. 0. 0. 0. 0. 0. 0. 0.
    0. 0. 0. 0. 0. 0. 0. 0. 0. 0. 0. 0. 0. 0. 0. 0. 0. 0. 0. 0. 0. 0. 0.
    0. 0. 0. 0. 0. 0. 0. 0. 0. 0. 0. 0. 0. 0. 0. 0. 0. 0. 0. 0. 0. 0. 0.
    0. 0. 0. 0. 0. 0. 0. 0. 0. 0. 0. 0. 0. 0. 0. 0. 0. 0. 0. 0. 0. 0. 0.
    0. 0. 0. 0. 0. 0. 0. 0. 0. 0. 2.06800008e+00 2.06800008e+00
    2.06800008e+00 2.09999990e+00 2.13700008e+00 2.13700008e+00
    2.11599994e+00 2.03900003e+00 2. 2. 2. 2. 2. 2.00600004e+00
    2.04399991e+00 2.06800008e+00 2.06800008e+00 2.06800008e+00
    2.06800008e+00 0. 0. 0. 0. 0. 0. 0. 0. 0. 0. 1.87100005e+00
    1.87100005e+00 2.21099997e+00 0. 0. 0. 0. 0. 0. 0. 0. 2.06800008e+00
    2.06800008e+00 2.06800008e+00 2.08899999e+00 2.11299992e+00
    2.09999990e+00 2.07299995e+00 2.00999999e+00 1.97700000e+00
    1.97700000e+00 1.97700000e+00 1.97700000e+00 1.98899996e+00
    2.00600004e+00 2.04399991e+00 2.06800008e+00 2.06800008e+00
    2.06800008e+00 2.06800008e+00 0. 0. 0. 0. 0. 0. 0. 0. 0. 0. 0. 0. 0.
    1.14100003e+00 1.91900003e+00 2.80100012e+00 2.98699999e+00 0. 0. 0.
    0. 2.06800008e+00 2.06800008e+00 2.06800008e+00 2.07100010e+00
    2.07299995e+00 2.03800011e+00 2.00200009e+00 1.96099997e+00
    1.94000006e+00 1.94000006e+00 1.94000006e+00 1.94000006e+00
    1.97099996e+00 2.00600004e+00 2.04399991e+00 2.06800008e+00
    2.06800008e+00 2.06800008e+00 2.06800008e+00 1.85800004e+00
    1.60399997e+00 1.57000005e+00 1.54400003e+00 1.54400003e+00
    1.51300001e+00 1.44799995e+00 0. 0. 0. 0. 0. 0. 0. 0. 1.49000001e+00
    1.97899997e+00 0. 0. 0. 0. 2.03600001e+00 2.04699993e+00
    2.06500006e+00 2.06800008e+00 2.06599998e+00 2.02800012e+00
    1.99000001e+00 1.95299995e+00 1.93400002e+00 1.93400002e+00
    1.93400002e+00 1.93400002e+00 1.96800005e+00 2.00300002e+00
    2.02300000e+00 2.03600001e+00 2.03600001e+00 2.03600001e+00
    2.03600001e+00 2.05100012e+00 2.06699991e+00 2.02900004e+00 2. 2.
    1.96599996e+00 1.89300001e+00 0. 0. 0. 0. 0. 0. 0. 0. 1.51900005e+00
    1.80799997e+00 0. 0. 0. 0. 2. 2.02300000e+00 2.05999994e+00
    2.06699991e+00 2.06599998e+00 2.02800012e+00 1.99000001e+00
    1.95400000e+00 1.93499994e+00 1.93400002e+00 1.93400002e+00
    1.93400002e+00 1.96800005e+00 2. 2. 2. 2. 2. 2. 2.02999997e+00
    2.06500006e+00 2.02800012e+00 2. 1.99899995e+00 1.96500003e+00
    1.89300001e+00 1.87100005e+00 1.87100005e+00 1.87100005e+00
    1.86600006e+00 1.83099997e+00 1.80799997e+00 1.80799997e+00
    1.80799997e+00 1.80799997e+00 1.80799997e+00 0. 0. 0. 0. 2.
    2.00999999e+00 2.02500010e+00 2.04699993e+00 2.06599998e+00
    2.02800012e+00 1.99600005e+00 1.98099995e+00 1.96200001e+00
    1.94000006e+00 1.93400002e+00 1.93400002e+00 1.96800005e+00 2. 2. 2.
    2. 2. 2. 2.01300001e+00 2.02699995e+00 2.01200008e+00 1.99500000e+00
    1.97300005e+00 1.93700004e+00 1.88699996e+00 1.87100005e+00
    1.87100005e+00 1.87100005e+00 1.86600006e+00 1.83099997e+00
    1.80799997e+00 1.80799997e+00 1.80799997e+00 1.80799997e+00
    1.80799997e+00 0. 0. 0. 0. 2. 2. 2. 2.02699995e+00 2.05599999e+00
    2.02399993e+00 1.99800003e+00 1.99300003e+00 1.97500002e+00
    1.94299996e+00 1.93799996e+00 1.94400001e+00 1.97300005e+00 2. 2.
    1.99800003e+00 1.99199998e+00 1.99000001e+00 1.99000001e+00
    1.99000001e+00 1.99000001e+00 1.99000001e+00 1.98199999e+00
    1.95099998e+00 1.91700006e+00 1.88199997e+00 1.87100005e+00
    1.87100005e+00 1.86600006e+00 1.85800004e+00 1.82799995e+00
    1.80799997e+00 1.80799997e+00 1.81099999e+00 1.81599998e+00
    1.81799996e+00 0. 0. 0. 0. 2. 2. 2. 2.00900006e+00 2.01900005e+00
    2.00799990e+00 1.99300003e+00 1.96599996e+00 1.94799995e+00
    1.93700004e+00 1.95299995e+00 1.97899997e+00 1.99100006e+00 2. 2.
    1.99000001e+00 1.96399999e+00 1.95299995e+00 1.95299995e+00
    1.95299995e+00 1.95299995e+00 1.95299995e+00 1.95000005e+00
    1.94000006e+00 1.91700006e+00 1.88199997e+00 1.87100005e+00
    1.87100005e+00 1.84800005e+00 1.82500005e+00 1.81500006e+00
    1.80799997e+00 1.80799997e+00 1.82200003e+00 1.84800005e+00
    1.85300004e+00 0. 0. 0. 0. 2.01900005e+00 2.01200008e+00
    2.00200009e+00 2. 1.99899995e+00 1.98899996e+00 1.97500002e+00
    1.94799995e+00 1.93400002e+00 1.93400002e+00 1.95299995e+00
    1.98000002e+00 1.98199999e+00 1.98199999e+00 1.98199999e+00
    1.97200000e+00 1.94500005e+00 1.93400002e+00 1.93400002e+00
    1.93400002e+00 1.93400002e+00 1.93400002e+00 1.93400002e+00
    1.93400002e+00 1.91700006e+00 1.88199997e+00 1.86399996e+00
    1.85500002e+00 1.83000004e+00 1.80799997e+00 1.80799997e+00
    1.80799997e+00 1.80799997e+00 1.82299995e+00 1.84800005e+00
    1.85399997e+00 0. 0. 0. 0. 2.05699992e+00 2.03699994e+00
    2.00500011e+00 2. 1.99800003e+00 1.96700001e+00 1.94299996e+00
    1.93700004e+00 1.93400002e+00 1.93400002e+00 1.93799996e+00
    1.94400001e+00 1.94500005e+00 1.94500005e+00 1.94500005e+00
    1.94299996e+00 1.93599999e+00 1.93400002e+00 1.93400002e+00
    1.93400002e+00 1.93400002e+00 1.93400002e+00 1.93400002e+00
    1.93400002e+00 1.91700006e+00 1.88199997e+00 1.85099995e+00
    1.82099998e+00 1.81299996e+00 1.80799997e+00 1.80799997e+00
    1.80799997e+00 1.80799997e+00 1.81099999e+00 1.81700003e+00
    1.81799996e+00 0. 0. 0. 0. 2.06800008e+00 2.04500008e+00
    2.00600004e+00 2. 1.99800003e+00 1.96099997e+00 1.93400002e+00
    1.93400002e+00 1.93400002e+00 1.93400002e+00 1.93400002e+00
    1.93400002e+00 1.93400002e+00 1.93400002e+00 1.93400002e+00
    1.93400002e+00 1.93400002e+00 1.93400002e+00 1.93400002e+00
    1.93400002e+00 1.93400002e+00 1.93400002e+00 1.93400002e+00
    1.93400002e+00 1.91700006e+00 1.88199997e+00 1.84700000e+00
    1.81099999e+00 1.80799997e+00 1.80799997e+00 1.80799997e+00
    1.80799997e+00 1.80799997e+00 1.80799997e+00 1.80799997e+00
    1.80799997e+00 0. 0. 0. 0. 0. 0. 0. 0. 0. 0. 0. 0. 0. 0. 0. 0. 0. 0.
    0. 0. 0. 0. 0. 0. 0. 0. 0. 0. 0. 0. 0. 0. 0. 0. 0. 0. 0. 0. 0. 0. 0.
    0. 0. 0. 0. 0. 0. 0. 0. 0. 0. 0. 0. 0. 0. 0. 0. 0. 0. 0. 0. 0. 0. 0.
    0. 0. 0. 0. 0. 0. 0. 0. 0. 0. 0. 0. 0. 0. 0. 0. 0. 0. 0. 0. 0. 0. 0.
    0. 0. 0. 0. 0. 0. 0. 0. 0. 0. 0. 0. 0. 0. 0. 0. 0. 0. 0. 0. 0. 0. 0.
    0. 0. 0. 0. 0. 0. 0. 0. 0. 0. 0. 0. 0. 0. 0. 0. 0. 0. 0. 0. 0. 0. 0.
    0. 0. 0. 0. 0. 0. 0. 0. 0. 0. 0. 0. 0. 0. 0. 0. 0. 0. 0. 0. 0. 0. 0.
    0. 0. 0. 0. 0. 0. 0. 0. 0. 0. 0. 0. 0. 0. 0. 0. 0. 0. 0. 0. 0. 0. 0.
