<?xml version="1.0"?>
<opencv_storage>
<Depth type_id="opencv-matrix">
  <rows>40</rows>
  <cols>40</cols>
  <dt>f</dt>
  <data>
    0. 0. 0. 0. 0. 0. 0. 0. 0. 0. 0. 0. 0. 0. 0. 0. 0. 0. 0. 0. 0. 0. 0.
    0. 0. 0. 0. 0. 0. 0. 0. 0. 0. 0. 0. 0. 0. 0. 0. 0. 0. 0. 0. 0. 0. 0.
    0. 0. 0. 0. 0. 0. 0. 0. 0. 0. 0. 0. 0. 0. 0. 0. 0. 0. 0. 0. 0. 0. 0.
    0. 0. 0. 0. 0. 0. 0. 0. 0. 0. 0. 0. 0. 0. 0. 0. 0. 0. 0. 0. 0. 0. 0.
    0. 0. 0. 0. 0. 0. 0. 0. 0. 0. 0. 0. 0. 0. 0. 0. 0. 0. 0. 0. 0. 0. 0.
    0. 0. 0. 0. 0. 0. 0. 0. 0. 0. 0. 0. 0. 0. 1.80700004e+00
    1.80700004e+00 1.86800003e+00 1.93099999e+00 1.99399996e+00
    2.12299991e+00 2.25799990e+00 2.39299989e+00 2.35500002e+00
    2.28600001e+00 2.21600008e+00 2.20099998e+00 2.20099998e+00
    2.20099998e+00 2.20099998e+00 2.20099998e+00 2.20099998e+00
    2.29500008e+00 2.43700004e+00 2.57999992e+00 2.63700008e+00 0. 0. 0.
    0. 0. 0. 0. 0. 0. 0. 0. 0. 0. 0. 0. 0. 0. 0. 0. 1.80700004e+00
    1.80700004e+00 1.86800003e+00 1.93099999e+00 1.99399996e+00
    2.12299991e+00 2.25799990e+00 2.39299989e+00 2.35500002e+00
    2.28600001e+00 2.21600008e+00 2.20099998e+00 2.20099998e+00
    2.20099998e+00 2.20099998e+00 2.20099998e+00 2.20099998e+00
    2.29500008e+00 2.43700004e+00 2.57999992e+00 2.63700008e+00 0. 0. 0.
    0. 0. 0. 0. 0. 0. 0. 0. 0. 0. 0. 0. 0. 0. 0. 0. 1.93200004e+00
    1.93200004e+00 1.97300005e+00 2.01699996e+00 2.05999994e+00
    2.14700007e+00 2.24000001e+00 2.33200002e+00 2.30599999e+00
    2.25900006e+00 2.21099997e+00 2.20099998e+00 2.20099998e+00
    2.20099998e+00 2.20099998e+00 2.20099998e+00 2.20099998e+00
    2.26500010e+00 2.36299992e+00 2.46000004e+00 2.49900007e+00 0. 0. 0.
    0. 0. 0. 0. 0. 0. 0. 0. 0. 0. 0. 0. 0. 0. 0. 0. 2.05999994e+00
    2.05999994e+00 2.08200002e+00 2.10500002e+00 2.12700009e+00
    2.17300010e+00 2.22099996e+00 2.26999998e+00 2.25600004e+00
    2.23099995e+00 2.20600009e+00 2.20099998e+00 2.20099998e+00
    2.20099998e+00 2.20099998e+00 2.20099998e+00 2.20099998e+00
    2.23499990e+00 2.28500009e+00 2.33599997e+00 2.35700011e+00 0. 0. 0.
    0. 0. 0. 0. 0. 0. 0. 0. 0. 0. 0. 0. 0. 0. 0. 0. 2.18899989e+00
    2.18899989e+00 2.19099998e+00 2.19300008e+00 2.19499993e+00
    2.19899988e+00 2.20300007e+00 2.20700002e+00 2.20600009e+00
    2.20400000e+00 2.20099998e+00 2.20099998e+00 2.20099998e+00
    2.20099998e+00 2.20099998e+00 2.20099998e+00 2.20099998e+00
    2.20400000e+00 2.20799994e+00 2.21199989e+00 2.21399999e+00 0. 0. 0.
    0. 0. 0. 0. 0. 0. 0. 0. 0. 0. 0. 0. 0. 0. 0. 0. 2.14100003e+00
    2.14100003e+00 2.16000009e+00 2.18000007e+00 2.19899988e+00
    2.20099998e+00 2.20099998e+00 2.20099998e+00 2.20099998e+00
    2.20099998e+00 2.20099998e+00 2.20099998e+00 2.20099998e+00
    2.20099998e+00 2.20099998e+00 2.20099998e+00 2.20099998e+00
    2.20099998e+00 2.20099998e+00 2.20099998e+00 2.20099998e+00 0. 0. 0.
    0. 0. 0. 0. 0. 0. 0. 0. 0. 0. 0. 0. 0. 0. 0. 0. 2.07599998e+00
    2.07599998e+00 2.11500001e+00 2.15599990e+00 2.19700003e+00
    2.20099998e+00 2.20099998e+00 2.20099998e+00 2.20099998e+00
    2.20099998e+00 2.20099998e+00 2.20099998e+00 2.20099998e+00
    2.20099998e+00 2.20099998e+00 2.20099998e+00 2.20099998e+00
    2.20099998e+00 2.20099998e+00 2.20099998e+00 2.20099998e+00 0. 0. 0.
    0. 0. 0. 0. 0. 0. 0. 0. 0. 0. 0. 0. 0. 0. 0. 0. 2.00999999e+00
    2.00999999e+00 2.07100010e+00 2.13299990e+00 2.19499993e+00
    2.20099998e+00 2.20099998e+00 2.20099998e+00 2.20099998e+00
    2.20099998e+00 2.20099998e+00 2.20099998e+00 2.20099998e+00
    2.20099998e+00 2.20099998e+00 2.20099998e+00 2.20099998e+00
    2.20099998e+00 2.20099998e+00 2.20099998e+00 2.20099998e+00 0. 0. 0.
    0. 0. 0. 0. 0. 0. 0. 0. 0. 0. 0. 0. 0. 0. 0. 0. 2. 2. 2.04600000e+00
    2.09400010e+00 2.14100003e+00 2.14599991e+00 2.14599991e+00
    2.14599991e+00 2.14599991e+00 2.14599991e+00 2.14599991e+00
    2.14599991e+00 2.14599991e+00 2.14599991e+00 2.15899992e+00
    2.17700005e+00 2.19499993e+00 2.20099998e+00 2.20099998e+00
    2.20099998e+00 2.20099998e+00 0. 0. 0. 0. 0. 0. 0. 0. 0. 0. 0. 0. 0.
    0. 0. 0. 0. 0. 0. 2. 2. 2.02500010e+00 2.05100012e+00 2.07699990e+00
    2.07999992e+00 2.07999992e+00 2.07999992e+00 2.07999992e+00
    2.07999992e+00 2.07999992e+00 2.07999992e+00 2.07999992e+00
    2.07999992e+00 2.10800004e+00 2.14800000e+00 2.18799996e+00
    2.20099998e+00 2.20099998e+00 2.20099998e+00 2.20099998e+00 0. 0. 0.
    0. 0. 0. 0. 0. 0. 0. 0. 0. 0. 0. 0. 0. 0. 0. 0. 2. 2. 2.00500011e+00
    2.00900006e+00 2.01399994e+00 2.01399994e+00 2.01399994e+00
    2.01399994e+00 2.01399994e+00 2.01399994e+00 2.01399994e+00
    2.01399994e+00 2.01399994e+00 2.01399994e+00 2.05800009e+00
    2.11899996e+00 2.18000007e+00 2.20099998e+00 2.20099998e+00
    2.20099998e+00 2.20099998e+00 0. 0. 0. 0. 0. 0. 0. 0. 0. 0. 0. 0. 0.
    0. 0. 0. 0. 0. 0. 1.95099998e+00 1.95099998e+00 1.96599996e+00
    1.98199999e+00 1.99899995e+00 2. 2. 2. 2. 2. 2. 2. 2. 2.
    2.04699993e+00 2.11299992e+00 2.17899990e+00 2.20099998e+00
    2.20099998e+00 2.20099998e+00 2.20099998e+00 0. 0. 0. 0. 0. 0. 0. 0.
    0. 0. 0. 0. 0. 0. 0. 0. 0. 0. 0. 1.88800001e+00 1.88800001e+00
    1.92299998e+00 1.96000004e+00 1.99699998e+00 2. 2. 2. 2. 2. 2. 2. 2.
    2. 2.04699993e+00 2.11299992e+00 2.17899990e+00 2.20099998e+00
    2.20099998e+00 2.20099998e+00 2.20099998e+00 0. 0. 0. 0. 0. 0. 0. 0.
    0. 0. 0. 0. 0. 0. 0. 0. 0. 0. 0. 1.82500005e+00 1.82500005e+00
    1.88000000e+00 1.93700004e+00 1.99500000e+00 2. 2. 2. 2. 2. 2. 2. 2.
    2. 2.04699993e+00 2.11299992e+00 2.17899990e+00 2.20099998e+00
    2.20099998e+00 2.20099998e+00 2.20099998e+00 0. 0. 0. 0. 0. 0. 0. 0.
    0. 0. 0. 0. 0. 0. 0. 0. 0. 0. 0. 1.80700004e+00 1.80700004e+00
    1.86800003e+00 1.93099999e+00 1.99399996e+00 2. 2. 2. 2. 2. 2. 2. 2.
    2. 2.04699993e+00 2.11299992e+00 2.17899990e+00 2.20099998e+00
    2.20099998e+00 2.20099998e+00 2.20099998e+00 0. 0. 0. 0. 0. 0. 0. 0.
    0. 0. 0. 0. 0. 0. 0. 0. 0. 0. 0. 1.80700004e+00 1.80700004e+00
    1.86800003e+00 1.93099999e+00 1.99399996e+00 2. 2. 2. 2. 2. 2. 2. 2.
    2. 2.04699993e+00 2.11299992e+00 2.17899990e+00 2.20099998e+00
    2.20099998e+00 2.20099998e+00 2.20099998e+00 0. 0. 0. 0. 0. 0. 0. 0.
    0. 0. 0. 0. 0. 0. 0. 0. 0. 0. 0. 1.80700004e+00 1.80700004e+00
    1.86800003e+00 1.93099999e+00 1.99399996e+00 2. 2. 2. 2. 2. 2. 2. 2.
    2. 2.04699993e+00 2.11299992e+00 2.17899990e+00 2.20099998e+00
    2.20099998e+00 2.20099998e+00 2.20099998e+00 0. 0. 0. 0. 0. 0. 0. 0.
    0. 0. 0. 0. 0. 0. 0. 0. 0. 0. 0. 1.80700004e+00 1.80700004e+00
    1.86800003e+00 1.93099999e+00 1.99399996e+00 2. 2. 2. 2. 2. 2. 2. 2.
    2. 2.03699994e+00 2.08899999e+00 2.14000010e+00 2.15799999e+00
    2.15799999e+00 2.15799999e+00 2.15799999e+00 0. 0. 0. 0. 0. 0. 0. 0.
    0. 0. 0. 0. 0. 0. 0. 0. 0. 0. 0. 1.80700004e+00 1.80700004e+00
    1.86800003e+00 1.93099999e+00 1.99399996e+00 2. 2. 2. 2. 2. 2. 2. 2.
    2. 2.02200007e+00 2.05200005e+00 2.08200002e+00 2.09200001e+00
    2.09200001e+00 2.09200001e+00 2.09200001e+00 0. 0. 0. 0. 0. 0. 0. 0.
    0. 0. 0. 0. 0. 0. 0. 0. 0. 0. 0. 1.80700004e+00 1.80700004e+00
    1.86800003e+00 1.93099999e+00 1.99399996e+00 2. 2. 2. 2. 2. 2. 2. 2.
    2. 2.00600004e+00 2.01500010e+00 2.02300000e+00 2.02600002e+00
    2.02600002e+00 2.02600002e+00 2.02600002e+00 0. 0. 0. 0. 0. 0. 0. 0.
    0. 0. 0. 0. 0. 0. 0. 0. 0. 0. 0. 1.80700004e+00 1.80700004e+00
    1.85599995e+00 1.90699995e+00 1.95799994e+00 1.96200001e+00
    1.96200001e+00 1.96200001e+00 1.96200001e+00 1.96200001e+00
    1.96200001e+00 1.96200001e+00 1.96200001e+00 1.96200001e+00
    1.96200001e+00 1.96200001e+00 1.96200001e+00 1.96200001e+00
    1.96200001e+00 1.96200001e+00 1.96200001e+00 0. 0. 0. 0. 0. 0. 0. 0.
    0. 0. 0. 0. 0. 0. 0. 0. 0. 0. 0. 1.80700004e+00 1.80700004e+00
    1.83599997e+00 1.86600006e+00 1.89600003e+00 1.89900005e+00
    1.89900005e+00 1.89900005e+00 1.89900005e+00 1.89900005e+00
    1.89900005e+00 1.89900005e+00 1.89900005e+00 1.89900005e+00
