<?xml version="1.0"?>
<opencv_storage>
<Depth type_id="opencv-matrix">
  <rows>40</rows>
  <cols>40</cols>
  <dt>f</dt>
  <data>
    0. 0. 0. 0. 0. 0. 0. 0. 0. 0. 0. 0. 0. 0. 0. 0. 0. 0. 0. 0. 0. 0. 0.
    0. 0. 0. 0. 0. 0. 0. 0. 0. 0. 0. 0. 0. 0. 0. 0. 0. 0. 0. 0. 0. 0. 0.
    0. 0. 0. 0. 0. 0. 0. 0. 0. 0. 0. 0. 0. 0. 0. 0. 0. 0. 0. 0. 0. 0. 0.
    0. 0. 0. 0. 0. 0. 0. 0. 0. 0. 0. 0. 0. 0. 0. 0. 0. 0. 0. 0. 0. 0. 0.
    0. 0. 0. 0. 0. 0. 0. 0. 0. 0. 0. 0. 0. 0. 0. 0. 0. 0. 0. 0. 0. 0. 0.
    0. 0. 0. 0. 0. 0. 0. 0. 0. 0. 0. 0. 0. 0. 0. 0. 0. 0. 0. 0. 0. 0. 0.
    0. 0. 0. 0. 0. 0. 0. 0. 0. 0. 0. 0. 0. 0. 0. 0. 0. 0. 0. 0. 0. 0. 0.
    0. 0. 0. 0. 0. 0. 0. 0. 0. 0. 0. 0. 0. 0. 0. 0. 0. 0. 0. 0. 0. 0. 0.
    0. 0. 0. 0. 0. 0. 0. 0. 0. 0. 0. 0. 0. 0. 0. 0. 0. 0. 0. 0. 0. 0. 0.
    0. 0. 0. 0. 0. 0. 0. 0. 0. 0. 0. 0. 0. 0. 0. 0. 0. 0. 0. 0. 0. 0. 0.
    0. 0. 0. 0. 0. 0. 0. 0. 0. 0. 2.96099997e+00 2.96099997e+00
    2.96099997e+00 2.96099997e+00 2.96099997e+00 2.96099997e+00
    2.96099997e+00 2.96099997e+00 2.96099997e+00 2.96099997e+00
    2.96099997e+00 2.96099997e+00 2.96099997e+00 2.96099997e+00
    2.96099997e+00 2.96099997e+00 2.96099997e+00 2.96099997e+00
    2.96099997e+00 2.96099997e+00 2.96099997e+00 2.96099997e+00
    2.96099997e+00 2.96099997e+00 2.98399997e+00 0. 0. 0. 0. 0. 0. 0. 0.
    0. 0. 0. 2.98200011e+00 2.96099997e+00 2.97499990e+00 0. 0. 0. 0. 0.
    0. 0. 0. 0. 0. 0. 0. 0. 0. 2.99300003e+00 2.96099997e+00
    2.96099997e+00 2.96099997e+00 2.98300004e+00 0. 0. 0. 0.
    2.97000003e+00 2.96099997e+00 2.98399997e+00 0. 0. 0. 0. 0. 0. 0. 0.
    0. 0. 0. 2.98200011e+00 2.96099997e+00 2.97499990e+00 0. 0. 0. 0. 0.
    0. 0. 0. 0. 0. 0. 0. 0. 0. 0. 2.99200010e+00 2.99200010e+00
    2.99200010e+00 0. 0. 0. 0. 2.98300004e+00 2.96600008e+00
    2.96099997e+00 2.98399997e+00 0. 0. 0. 0. 0. 0. 0. 0. 0. 0.
    2.55399990e+00 2.38299990e+00 2.37500000e+00 2.38499999e+00
    2.41100001e+00 0. 0. 0. 0. 0. 0. 0. 0. 0. 0. 0. 0. 0. 0. 0. 0. 0. 0.
    0. 0. 0. 2.96499991e+00 2.96099997e+00 2.96099997e+00 2.98399997e+00
    0. 0. 0. 0. 0. 0. 0. 2.95000005e+00 2.52600002e+00 2.52600002e+00
    2.12599993e+00 1.98699999e+00 1.98099995e+00 1.97800004e+00
    1.98800004e+00 0. 0. 0. 0. 0. 0. 0. 0. 0. 0. 0. 0. 0. 0. 0. 0. 0. 0.
    0. 0. 0. 2.96499991e+00 2.96099997e+00 2.96099997e+00 2.84999990e+00
    2.72000003e+00 2.72000003e+00 2.72000003e+00 2.75000000e+00
    2.94000006e+00 2.86599994e+00 2.73300004e+00 2.58400011e+00
    1.94200003e+00 1.94200003e+00 1.96399999e+00 1.97099996e+00
    1.95899999e+00 1.94200003e+00 1.94200003e+00 0. 0. 0. 0. 0. 0. 0. 0.
    0. 0. 0. 0. 0. 0. 0. 0. 0. 0. 0. 0. 0. 2.96499991e+00 2.96099997e+00
    2.96099997e+00 2.53299999e+00 2.02999997e+00 2.02999997e+00
    2.02999997e+00 2.02600002e+00 2.62800002e+00 2.45099998e+00
    2.02800012e+00 2.00900006e+00 1.94599998e+00 1.94599998e+00
    1.96500003e+00 1.97300005e+00 1.96099997e+00 1.94200003e+00
    1.94200003e+00 0. 0. 0. 0. 0. 0. 0. 0. 0. 0. 0. 0. 0. 0. 0. 0. 0. 0.
    0. 0. 0. 2.96499991e+00 2.96099997e+00 2.96099997e+00 2.53299999e+00
    2.02999997e+00 2.02999997e+00 2.02999997e+00 2.00500011e+00
    2.01099992e+00 2.02300000e+00 2.01900005e+00 1.99399996e+00
    1.97099996e+00 1.97099996e+00 1.97099996e+00 1.98800004e+00
    1.97500002e+00 1.94200003e+00 1.94200003e+00 0. 0. 0. 0. 0. 0. 0. 0.
    0. 0. 0. 0. 0. 0. 0. 0. 0. 0. 0. 0. 0. 0. 2.35599995e+00
    2.16400003e+00 2.09100008e+00 2.00500011e+00 2.00500011e+00
    2.00500011e+00 2.00099993e+00 2. 2.00300002e+00 2.00300002e+00
    1.99399996e+00 1.97099996e+00 1.97099996e+00 1.97099996e+00
    1.97399998e+00 1.97200000e+00 1.95899999e+00 1.94200003e+00 0. 0. 0.
    0. 0. 0. 0. 0. 0. 0. 0. 0. 0. 0. 0. 2.45700002e+00 2.36700010e+00
    2.37700009e+00 2.38499999e+00 2.38100004e+00 2.36400008e+00
    2.33299994e+00 2.05999994e+00 1.98000002e+00 1.98000002e+00
    1.98000002e+00 1.98000002e+00 1.98000002e+00 1.98000002e+00
    1.98000002e+00 1.98000002e+00 1.98000002e+00 1.97800004e+00
    1.97099996e+00 1.97099996e+00 1.97099996e+00 1.97099996e+00
    1.97099996e+00 1.96300006e+00 1.94200003e+00 0. 0. 0. 0. 0. 0. 0. 0.
    0. 2.64199996e+00 2.54399991e+00 2.54399991e+00 2.53099990e+00
    2.50099993e+00 2.47900009e+00 2.07900000e+00 2.00399995e+00
    1.99899995e+00 2.00500011e+00 2.01399994e+00 2.01300001e+00
    2.00099993e+00 1.97800004e+00 1.97099996e+00 1.97099996e+00
    1.97099996e+00 1.97099996e+00 1.97099996e+00 1.97099996e+00
    1.97099996e+00 1.97099996e+00 1.97099996e+00 1.97399998e+00
    1.98599994e+00 1.98599994e+00 1.97500002e+00 1.97099996e+00
    1.97099996e+00 1.96300006e+00 1.94200003e+00 0. 0. 0. 0. 0. 0.
    2.95099998e+00 2.64599991e+00 2.64599991e+00 2.16000009e+00
    2.04500008e+00 2.04900002e+00 2.04299998e+00 2.02500010e+00 2. 2.
    1.97899997e+00 1.97099996e+00 1.97800004e+00 1.99000001e+00
    1.99000001e+00 1.99000001e+00 1.97500002e+00 1.97099996e+00
    1.97099996e+00 1.97099996e+00 1.97099996e+00 1.97099996e+00
    1.97099996e+00 1.97099996e+00 1.97099996e+00 1.97099996e+00
    1.97500002e+00 1.99000001e+00 1.99899995e+00 1.97800004e+00
    1.97099996e+00 1.96599996e+00 1.95500004e+00 1.94200003e+00
    2.89899993e+00 2.88599992e+00 2.74799991e+00 2.73000002e+00
    2.72700000e+00 2.77500010e+00 2.61800003e+00 2. 2. 2. 2.01500010e+00
    2.02399993e+00 2.02399993e+00 2.01999998e+00 2. 2. 1.97899997e+00
    1.97099996e+00 1.97099996e+00 1.97099996e+00 1.97099996e+00
    1.97099996e+00 1.97099996e+00 1.97099996e+00 1.97099996e+00
    1.97099996e+00 1.97099996e+00 1.97099996e+00 1.97099996e+00
    1.97099996e+00 1.97099996e+00 1.97099996e+00 1.97099996e+00
    1.97200000e+00 1.99199998e+00 1.97700000e+00 1.97099996e+00
    1.95899999e+00 1.94200003e+00 1.94200003e+00 2.05299997e+00
    2.02999997e+00 2.02999997e+00 2.02999997e+00 2.01300001e+00 2. 2. 2.
    1.99899995e+00 1.99899995e+00 1.99899995e+00 2. 2. 2. 2. 2.
    1.97899997e+00 1.97099996e+00 1.97099996e+00 1.97099996e+00
    1.97099996e+00 1.97099996e+00 1.97099996e+00 1.97200000e+00
    1.97200000e+00 1.97200000e+00 1.97200000e+00 1.97200000e+00
    1.97099996e+00 1.97099996e+00 1.97099996e+00 1.97099996e+00
    1.97099996e+00 1.97099996e+00 1.97099996e+00 1.97099996e+00
    1.97000003e+00 1.95799994e+00 1.94200003e+00 1.94200003e+00
    2.03299999e+00 2.02999997e+00 2.02999997e+00 2.02999997e+00
    2.01300001e+00 2. 2. 1.99699998e+00 1.97500002e+00 1.97399998e+00
    1.99100006e+00 2. 2. 2. 2. 2. 1.97899997e+00 1.97099996e+00
    1.97099996e+00 1.97099996e+00 1.97099996e+00 1.97099996e+00
    1.97099996e+00 1.98699999e+00 1.99699998e+00 1.99699998e+00
    1.99699998e+00 1.99699998e+00 1.97500002e+00 1.97099996e+00
    1.97099996e+00 1.97099996e+00 1.97099996e+00 1.97099996e+00
    1.97099996e+00 1.97099996e+00 1.95599997e+00 1.94400001e+00
    1.94200003e+00 1.94200003e+00 2.02999997e+00 2.02999997e+00
    2.02999997e+00 2.02999997e+00 2.01300001e+00 2. 2. 1.99699998e+00
    1.97200000e+00 1.97099996e+00 1.99000001e+00 2. 2. 2. 2. 2.
    1.99500000e+00 1.98099995e+00 1.97099996e+00 1.97599995e+00
    1.99199998e+00 1.99199998e+00 1.99199998e+00 1.98399997e+00
    1.97899997e+00 1.97899997e+00 1.97899997e+00 1.97899997e+00
    1.99000001e+00 1.99199998e+00 1.99199998e+00 1.99199998e+00
    1.99199998e+00 1.99199998e+00 1.99199998e+00 1.97700000e+00
    1.95400000e+00 1.94200003e+00 1.94200003e+00 1.94200003e+00
    2.02999997e+00 2.02999997e+00 2.02999997e+00 2.02999997e+00
    2.01300001e+00 2. 2. 1.99899995e+00 1.98800004e+00 1.98800004e+00
    1.99600005e+00 2. 2. 2. 2. 2. 2. 1.98399997e+00 1.97099996e+00
    1.97800004e+00 2. 2. 1.98699999e+00 1.97599995e+00 1.96300006e+00
    1.95400000e+00 1.95700002e+00 1.97099996e+00 1.99500000e+00
    2.01200008e+00 2.00799990e+00 2. 2. 2. 2. 1.97800004e+00
    1.95400000e+00 1.94200003e+00 1.94200003e+00 1.94200003e+00
    2.02999997e+00 2.02999997e+00 2.02999997e+00 2.02099991e+00
    2.00699997e+00 2. 2. 2. 2. 2. 2. 2. 2. 2. 2. 2. 2. 1.98399997e+00
