<?xml version="1.0"?>
<opencv_storage>
<Depth type_id="opencv-matrix">
  <rows>40</rows>
  <cols>40</cols>
  <dt>f</dt>
  <data>
    0. 0. 0. 0. 0. 0. 0. 0. 0. 0. 0. 0. 0. 0. 0. 0. 0. 0. 0. 0. 0. 0. 0.
    0. 0. 0. 0. 0. 0. 0. 0. 0. 0. 0. 0. 0. 0. 0. 0. 0. 0. 0. 0. 0. 0. 0.
    0. 0. 0. 0. 0. 0. 0. 0. 0. 0. 0. 0. 0. 0. 0. 0. 0. 0. 0. 0. 0. 0. 0.
    0. 0. 0. 0. 0. 0. 0. 0. 0. 0. 0. 0. 0. 0. 0. 0. 0. 0. 0. 0. 0. 0. 0.
    0. 0. 0. 0. 0. 0. 0. 0. 0. 0. 0. 0. 0. 0. 0. 0. 0. 0. 0. 0. 0. 0. 0.
    0. 0. 0. 0. 0. 0. 0. 0. 0. 0. 0. 0. 0. 0. 0. 0. 0. 0. 0. 0. 0. 0. 0.
    0. 0. 0. 0. 0. 0. 0. 0. 0. 0. 0. 0. 0. 0. 0. 0. 0. 0. 0. 0. 0. 0. 0.
    0. 0. 0. 0. 0. 0. 0. 0. 0. 0. 0. 0. 0. 0. 0. 0. 0. 0. 0. 0. 0. 0. 0.
    0. 0. 0. 0. 0. 0. 0. 0. 0. 0. 0. 0. 0. 0. 0. 0. 0. 0. 0. 0. 0. 0. 0.
    0. 0. 0. 0. 0. 0. 0. 0. 0. 0. 0. 0. 0. 0. 0. 0. 0. 0. 0. 0. 0. 0. 0.
    0. 0. 0. 0. 0. 0. 0. 0. 0. 0. 0. 0. 0. 0. 0. 0. 0. 0. 0. 0. 0. 0. 0.
    0. 0. 0. 0. 0. 0. 0. 0. 0. 0. 0. 0. 0. 0. 0. 0. 0. 0. 0. 0. 0. 0. 0.
    0. 0. 0. 0. 0. 0. 0. 0. 0. 0. 0. 0. 0. 0. 0. 0. 0. 0. 0. 0. 0. 0. 0.
    0. 0. 0. 0. 0. 0. 0. 0. 0. 0. 0. 0. 0. 0. 0. 0. 0. 0. 0. 0. 0. 0. 0.
    0. 0. 0. 0. 0. 0. 0. 0. 0. 0. 0. 0. 0. 0. 0. 0. 0. 0. 0. 0. 0. 0. 0.
    0. 0. 0. 0. 0. 0. 0. 0. 0. 0. 0. 0. 0. 0. 0. 0. 0. 0. 0. 0. 0. 0. 0.
    0. 0. 0. 0. 0. 0. 0. 0. 0. 0. 0. 0. 0. 0. 0. 0. 0. 0. 0. 0. 0. 0. 0.
    0. 0. 0. 0. 0. 0. 0. 0. 0. 0. 0. 0. 0. 0. 0. 0. 0. 0. 0. 0. 0. 0. 0.
    0. 0. 0. 0. 0. 0. 0. 0. 0. 0. 0. 0. 0. 0. 0. 0. 0. 0. 0. 0. 0. 0. 0.
    0. 0. 0. 0. 0. 0. 0. 0. 0. 0. 0. 0. 0. 0. 0. 0. 0. 0. 0. 0. 0. 0. 0.
    0. 0. 0. 0. 0. 0. 0. 0. 0. 0. 0. 0. 0. 0. 0. 0. 0. 0. 0. 0. 0. 0. 0.
    0. 0. 0. 0. 0. 0. 0. 0. 0. 0. 0. 0. 0. 0. 0. 0. 0. 0. 0. 0. 0. 0. 0.
    0. 0. 0. 0. 0. 0. 0. 0. 0. 0. 0. 0. 0. 0. 0. 0. 0. 0. 0. 0. 0. 0. 0.
    0. 0. 0. 0. 0. 0. 0. 0. 0. 0. 0. 0. 0. 0. 0. 0. 0. 0. 0. 0. 0. 0. 0.
    0. 0. 0. 0. 0. 0. 0. 0. 0. 0. 0. 0. 0. 0. 0. 0. 2.36500001e+00
    1.76699996e+00 1.76699996e+00 1.78999996e+00 1.82200003e+00
    1.82299995e+00 2.01799989e+00 2.74099994e+00 0. 2.97399998e+00
    2.96600008e+00 2.96600008e+00 2.96600008e+00 2.96600008e+00
    2.96600008e+00 2.58100009e+00 2.06399989e+00 2.10100007e+00
    2.12599993e+00 2.12599993e+00 2.14899993e+00 2.18799996e+00
    2.22799993e+00 2.25999999e+00 2.25999999e+00 2.25999999e+00
    2.25999999e+00 2.25999999e+00 2.26200008e+00 2.30299997e+00
    2.34400010e+00 2.38599992e+00 0. 0. 0. 0. 0. 0. 0. 0. 2.37899995e+00
    1.76699996e+00 1.76699996e+00 1.78999996e+00 1.82200003e+00
    1.82299995e+00 1.94400001e+00 2.39400005e+00 2.71399999e+00
    2.93400002e+00 2.96600008e+00 2.93499994e+00 2.72099996e+00
    2.60100007e+00 2.60100007e+00 2.37199998e+00 2.06399989e+00
    2.10100007e+00 2.12599993e+00 2.12599993e+00 2.14899993e+00
    2.18799996e+00 2.22799993e+00 2.25999999e+00 2.25999999e+00
    2.25999999e+00 2.25999999e+00 2.25999999e+00 2.26200008e+00
    2.30299997e+00 2.33800006e+00 2.36400008e+00 0. 0. 0. 0. 0. 0. 0. 0.
    2.40199995e+00 1.76699996e+00 1.76699996e+00 1.78999996e+00
    1.82200003e+00 1.82299995e+00 1.83000004e+00 1.85699999e+00
    2.22900009e+00 2.87199998e+00 2.96600008e+00 2.88700008e+00
    2.34200001e+00 2.03500009e+00 2.03500009e+00 2.04699993e+00
    2.06399989e+00 2.10100007e+00 2.12599993e+00 2.12599993e+00
    2.14899993e+00 2.18799996e+00 2.22799993e+00 2.25999999e+00
    2.25999999e+00 2.25999999e+00 2.25999999e+00 2.25999999e+00
    2.26200008e+00 2.30299997e+00 2.32999992e+00 2.33100009e+00
    2.32200003e+00 2.34599996e+00 2.52300000e+00 0. 0. 0. 0. 0.
    2.42499995e+00 1.76699996e+00 1.76699996e+00 1.77699995e+00
    1.79200006e+00 1.79200006e+00 1.79700005e+00 1.81500006e+00
    1.99300003e+00 2.29500008e+00 2.33899999e+00 2.30999994e+00
    2.11199999e+00 2. 2. 2.02699995e+00 2.06299996e+00 2.07999992e+00
    2.09100008e+00 2.09100008e+00 2.11400008e+00 2.15199995e+00
    2.19099998e+00 2.22300005e+00 2.22300005e+00 2.23300004e+00
    2.25500011e+00 2.25999999e+00 2.26200008e+00 2.30299997e+00
    2.32900000e+00 2.32900000e+00 1.55900002e+00 1.55700004e+00
    1.80299997e+00 2.87800002e+00 0. 0. 0. 0. 2.34500003e+00
    1.75999999e+00 1.75999999e+00 1.76300001e+00 1.76699996e+00
    1.76699996e+00 1.77600002e+00 1.80900002e+00 1.82299995e+00
    1.82299995e+00 1.83500004e+00 1.86000001e+00 1.94900000e+00
    2.00200009e+00 2.00699997e+00 2.03200006e+00 2.06299996e+00
    2.06299996e+00 2.06299996e+00 2.06299996e+00 2.08200002e+00
    2.11400008e+00 2.15199995e+00 2.18300009e+00 2.18300009e+00
    2.20199990e+00 2.24200010e+00 2.25500011e+00 2.26200008e+00
    2.29699993e+00 2.31999993e+00 2.31999993e+00 1.55900002e+00
    1.55700004e+00 1.63699996e+00 1.98500001e+00 2.18600011e+00
    2.25200009e+00 2.26399994e+00 2.23200011e+00 1.91799998e+00
    1.72800004e+00 1.72800004e+00 1.74399996e+00 1.76699996e+00
    1.76699996e+00 1.77600002e+00 1.80900002e+00 1.82299995e+00
    1.82299995e+00 1.88699996e+00 1.95500004e+00 1.98399997e+00
    2.01200008e+00 2.03800011e+00 2.05299997e+00 2.06299996e+00
    2.06299996e+00 2.06299996e+00 2.06299996e+00 2.06900001e+00
    2.07999992e+00 2.11400008e+00 2.14499998e+00 2.14499998e+00
    2.16300011e+00 2.20199990e+00 2.23300004e+00 2.26099992e+00
    2.27200007e+00 2.27900004e+00 2.27900004e+00 1.55900002e+00
    1.55700004e+00 1.55700004e+00 1.55700004e+00 1.60500002e+00
    1.69599998e+00 1.71300006e+00 1.71300006e+00 1.71300006e+00
    1.71300006e+00 1.71300006e+00 1.73500001e+00 1.76600003e+00
    1.77699995e+00 1.78999996e+00 1.81299996e+00 1.82299995e+00
    1.82299995e+00 1.89300001e+00 1.96700001e+00 1.98800004e+00
    2.01600003e+00 2.05299997e+00 2.06299996e+00 2.06299996e+00
    2.06299996e+00 2.06299996e+00 2.06299996e+00 2.06299996e+00
    2.06299996e+00 2.09599996e+00 2.12599993e+00 2.12599993e+00
    2.14400005e+00 2.18300009e+00 2.22300005e+00 2.25999999e+00
    2.25999999e+00 2.25999999e+00 2.25999999e+00 1.55900002e+00
    1.55700004e+00 1.55700004e+00 1.55700004e+00 1.60500002e+00
    1.69599998e+00 1.71300006e+00 1.71300006e+00 1.71300006e+00
    1.71300006e+00 1.71300006e+00 1.73500001e+00 1.76600003e+00
    1.79600000e+00 1.81799996e+00 1.82099998e+00 1.82299995e+00
    1.82299995e+00 1.85800004e+00 1.90300000e+00 1.96500003e+00
    2.01600003e+00 2.05299997e+00 2.06299996e+00 2.06299996e+00
    2.06299996e+00 2.06299996e+00 2.06299996e+00 2.06299996e+00
    2.06299996e+00 2.09599996e+00 2.12599993e+00 2.12599993e+00
    2.14400005e+00 2.18300009e+00 2.22300005e+00 2.25999999e+00
    2.25999999e+00 2.25999999e+00 2.25999999e+00 1.58200002e+00
    1.58099997e+00 1.58099997e+00 1.58099997e+00 1.62899995e+00
    1.72099996e+00 1.73899996e+00 1.73899996e+00 1.73899996e+00
    1.73899996e+00 1.73899996e+00 1.75000000e+00 1.76699996e+00
    1.79900002e+00 1.82299995e+00 1.82299995e+00 1.82299995e+00
    1.82299995e+00 1.85200000e+00 1.89100003e+00 1.96099997e+00
    2.01600003e+00 2.05299997e+00 2.06299996e+00 2.06299996e+00
    2.06299996e+00 2.06299996e+00 2.06299996e+00 2.06299996e+00
    2.06299996e+00 2.09599996e+00 2.12599993e+00 2.12599993e+00
    2.15300012e+00 2.21099997e+00 2.24000001e+00 2.25999999e+00
    2.25999999e+00 2.26699996e+00 2.28600001e+00 1.60500002e+00
    1.60699999e+00 1.60800004e+00 1.61000001e+00 1.65699995e+00
    1.74399996e+00 1.76199996e+00 1.76400006e+00 1.76600003e+00
    1.76699996e+00 1.76699996e+00 1.76699996e+00 1.76699996e+00
    1.79900002e+00 1.82299995e+00 1.82299995e+00 1.82400000e+00
    1.82599998e+00 1.85599995e+00 1.89400005e+00 1.96200001e+00
    2.01500010e+00 2.04999995e+00 2.06100011e+00 2.06299996e+00
    2.06299996e+00 2.06299996e+00 2.06299996e+00 2.06299996e+00
    2.06299996e+00 2.09599996e+00 2.12599993e+00 2.12599993e+00
    2.16300011e+00 2.24200010e+00 2.25999999e+00 2.25999999e+00
    2.25999999e+00 2.27399993e+00 2.31500006e+00 1.57500005e+00
    1.59300005e+00 1.61199999e+00 1.63199997e+00 1.65799999e+00
    1.69099998e+00 1.71399999e+00 1.73399997e+00 1.75500000e+00
