<?xml version="1.0"?>
<opencv_storage>
<Depth type_id="opencv-matrix">
  <rows>40</rows>
  <cols>40</cols>
  <dt>f</dt>
  <data>
    0. 0. 0. 0. 0. 0. 0. 0. 0. 0. 0. 0. 0. 0. 0. 0. 0. 0. 0. 0. 0. 0. 0.
    0. 0. 0. 0. 0. 0. 0. 0. 0. 0. 0. 0. 0. 0. 0. 0. 0. 0. 0. 0. 0. 0. 0.
    0. 0. 0. 0. 0. 0. 0. 0. 0. 0. 0. 0. 0. 0. 0. 0. 0. 0. 0. 0. 0. 0. 0.
    0. 0. 0. 0. 0. 0. 0. 0. 0. 0. 0. 0. 0. 0. 0. 0. 0. 0. 0. 0. 0. 0. 0.
    0. 0. 0. 0. 0. 0. 0. 0. 0. 0. 0. 0. 0. 0. 0. 0. 0. 0. 0. 0. 0. 0. 0.
    0. 0. 0. 0. 0. 0. 0. 0. 0. 0. 0. 0. 0. 0. 0. 0. 0. 0. 0. 0. 0. 0. 0.
    0. 0. 0. 0. 0. 0. 0. 0. 0. 0. 0. 0. 0. 0. 0. 0. 0. 0. 0. 0. 0. 0.
    1.97899997e+00 1.99699998e+00 1.26999998e+00 1.26999998e+00
    1.26999998e+00 1.26999998e+00 1.26999998e+00 1.28299999e+00
    1.99699998e+00 1.99800003e+00 1.99800003e+00 2.00099993e+00
    2.00099993e+00 2.00099993e+00 2.00300002e+00 2.00399995e+00
    2.00600004e+00 2.00900006e+00 2.01099992e+00 1.51999998e+00 0. 0. 0.
    0. 0. 0. 0. 0. 0. 0. 0. 0. 0. 0. 0. 0. 0. 0. 0. 0. 1.99199998e+00
    2.00600004e+00 2.00699997e+00 1.27800000e+00 1.26999998e+00
    1.26999998e+00 1.26999998e+00 1.99699998e+00 1.99699998e+00
    1.99699998e+00 1.99800003e+00 2. 2.00099993e+00 2.00099993e+00
    2.00300002e+00 2.00300002e+00 2.00399995e+00 2.00799990e+00
    2.00799990e+00 2.01099992e+00 2.01200008e+00 2.01200008e+00 0. 0. 0.
    0. 0. 0. 0. 0. 0. 0. 0. 0. 0. 0. 0. 0. 0. 0. 2.01300001e+00
    2.02900004e+00 2.00799990e+00 2.00600004e+00 1.75800002e+00
    1.26999998e+00 1.26999998e+00 1.99199998e+00 1.99699998e+00
    1.99699998e+00 1.99800003e+00 2. 2. 2.00099993e+00 2.00300002e+00
    2.00300002e+00 2.00399995e+00 2.00600004e+00 2.00799990e+00
    2.01099992e+00 2.01099992e+00 2.01099992e+00 2.01200008e+00
    2.01099992e+00 0. 0. 0. 0. 0. 0. 0. 0. 0. 0. 0. 0. 0. 0. 0. 0.
    2.04900002e+00 2.06399989e+00 2.07299995e+00 1.74199998e+00
    1.26999998e+00 1.26999998e+00 1.99399996e+00 1.99300003e+00
    1.99399996e+00 1.99699998e+00 1.99699998e+00 1.99800003e+00
    1.99800003e+00 1.99899995e+00 2.00200009e+00 2.00300002e+00
    2.00399995e+00 2.00600004e+00 2.00799990e+00 2.00999999e+00
    2.00900006e+00 2.01099992e+00 2.01200008e+00 2.01099992e+00
    2.01200008e+00 2.01399994e+00 0. 0. 0. 0. 0. 0. 0. 0. 0. 0. 0. 0. 0.
    0. 2.04099989e+00 2.06800008e+00 2.04399991e+00 1.26999998e+00
    1.26999998e+00 1.28699994e+00 1.99199998e+00 1.99199998e+00
    1.99300003e+00 1.99399996e+00 1.99699998e+00 1.99699998e+00
    1.99800003e+00 1.99800003e+00 2.00200009e+00 2.00200009e+00
    2.00300002e+00 2.00399995e+00 2.00600004e+00 2.00900006e+00
    2.00900006e+00 2.01099992e+00 2.01099992e+00 2.01200008e+00
    2.01399994e+00 2.01600003e+00 2.01900005e+00 2.01900005e+00 0. 0. 0.
    0. 0. 0. 0. 0. 0. 0. 0. 0. 2.05100012e+00 2.08299994e+00
    1.52900004e+00 1.26999998e+00 1.26999998e+00 1.99000001e+00
    1.99000001e+00 1.99000001e+00 1.99199998e+00 1.99300003e+00
    1.99600005e+00 1.99699998e+00 1.99800003e+00 1.99800003e+00 2.
    2.00099993e+00 2.00300002e+00 2.00300002e+00 2.00500011e+00
    2.00799990e+00 2.00900006e+00 2.01099992e+00 2.01099992e+00
    2.01099992e+00 2.01200008e+00 2.01399994e+00 2.01500010e+00
    2.01699996e+00 2.01900005e+00 2.61199999e+00 0. 0. 0. 0. 0. 0. 0. 0.
    0. 0. 2.07699990e+00 2.08100009e+00 1.26999998e+00 1.26999998e+00
    1.29400003e+00 1.99000001e+00 1.98899996e+00 1.99000001e+00
    1.99199998e+00 1.99199998e+00 1.99300003e+00 1.99699998e+00
    1.99699998e+00 1.99800003e+00 1.99800003e+00 1.99899995e+00
    2.00200009e+00 2.00399995e+00 2.00600004e+00 2.00600004e+00
    2.00600004e+00 2.00799990e+00 2.01099992e+00 2.01099992e+00
    2.01200008e+00 2.01300001e+00 2.01600003e+00 2.01500010e+00
    2.01600003e+00 2.01699996e+00 2.01900005e+00 2.01900005e+00 0. 0. 0.
    0. 0. 0. 0. 0. 1.99800003e+00 1.26999998e+00 1.26999998e+00
    1.26999998e+00 1.98599994e+00 1.98800004e+00 1.98899996e+00
    1.99000001e+00 1.99000001e+00 1.99199998e+00 1.99300003e+00
    1.99300003e+00 1.99699998e+00 1.99699998e+00 1.99800003e+00 2. 2.
    2.00399995e+00 2.00399995e+00 2.00600004e+00 2.00600004e+00
    2.00399995e+00 2.01099992e+00 2.01099992e+00 2.01099992e+00
    2.01200008e+00 2.01399994e+00 2.01600003e+00 2.01699996e+00
    2.01900005e+00 2.01900005e+00 2.01900005e+00 2.01900005e+00
    2.02200007e+00 0. 0. 0. 0. 0. 0. 1.46899998e+00 1.99800003e+00
    1.99899995e+00 1.45799994e+00 1.98599994e+00 1.98599994e+00
    1.98699999e+00 1.98899996e+00 1.99000001e+00 1.99000001e+00
    1.99199998e+00 1.99300003e+00 1.99500000e+00 1.99600005e+00
    1.99800003e+00 1.99800003e+00 2. 2.00300002e+00 2.00399995e+00
    2.00399995e+00 2.00600004e+00 2.00600004e+00 2.00900006e+00
    2.01099992e+00 2.01099992e+00 2.01099992e+00 2.01399994e+00
    2.01200008e+00 2.01699996e+00 2.01699996e+00 2.01799989e+00
    2.01900005e+00 2.01900005e+00 2.02200007e+00 2.02200007e+00
    2.02399993e+00 0. 0. 0. 0. 1.26999998e+00 1.26999998e+00
    2.00500011e+00 1.99699998e+00 1.98500001e+00 1.98399997e+00
    1.98599994e+00 1.98800004e+00 1.98699999e+00 1.99000001e+00
    1.99199998e+00 1.99199998e+00 1.99399996e+00 1.99500000e+00
    1.99699998e+00 1.99699998e+00 2. 2.00099993e+00 2.00399995e+00
    2.00399995e+00 2.00399995e+00 2.00600004e+00 2.00600004e+00
    2.00900006e+00 2.01099992e+00 2.01099992e+00 2.01200008e+00
    2.01200008e+00 2.01600003e+00 2.01500010e+00 2.01699996e+00
    2.01699996e+00 2.01900005e+00 2.01900005e+00 2.02099991e+00
    2.02399993e+00 2.02399993e+00 2.02300000e+00 0. 0. 1.26999998e+00
    1.26999998e+00 1.30700004e+00 1.98300004e+00 1.98399997e+00
    1.98399997e+00 1.98599994e+00 1.98599994e+00 1.98899996e+00
    1.99000001e+00 1.99000001e+00 1.99199998e+00 1.99199998e+00
    1.99500000e+00 1.99699998e+00 1.99699998e+00 2. 2. 2.00300002e+00
    2.00300002e+00 2.00399995e+00 2.00600004e+00 2.00600004e+00
    2.00799990e+00 2.00900006e+00 2.01099992e+00 2.01099992e+00
    2.01200008e+00 2.01399994e+00 2.01399994e+00 2.01699996e+00
    2.01699996e+00 2.01900005e+00 2.01900005e+00 2.01999998e+00
    2.01999998e+00 2.02200007e+00 2.02500010e+00 2.02500010e+00
    2.02500010e+00 1.26999998e+00 1.26999998e+00 1.98099995e+00
    1.98300004e+00 1.98399997e+00 1.98399997e+00 1.98599994e+00
    1.98599994e+00 1.98599994e+00 1.98800004e+00 1.99000001e+00
    1.99199998e+00 1.99199998e+00 1.99500000e+00 1.99300003e+00
    1.99699998e+00 2. 2. 2.00200009e+00 2.00300002e+00 2.00399995e+00
    2.00399995e+00 2.00600004e+00 2.00799990e+00 2.00900006e+00
    2.01099992e+00 2.01099992e+00 2.01200008e+00 2.01200008e+00
    2.01200008e+00 2.01399994e+00 2.01699996e+00 2.01699996e+00
    2.01900005e+00 2.01900005e+00 2.01999998e+00 2.02200007e+00
    2.02399993e+00 2.02500010e+00 2.02600002e+00 1.26999998e+00
    1.57599998e+00 1.98000002e+00 1.98099995e+00 1.98300004e+00
    1.98399997e+00 1.98599994e+00 1.98599994e+00 1.98599994e+00
    1.98599994e+00 1.99000001e+00 1.99000001e+00 1.99199998e+00
    1.99199998e+00 1.99300003e+00 1.99699998e+00 1.99800003e+00 2. 2.
    2.00300002e+00 2.00399995e+00 2.00300002e+00 2.00399995e+00
    2.00600004e+00 2.00799990e+00 2.00900006e+00 2.00900006e+00
    2.01099992e+00 2.01099992e+00 2.01099992e+00 2.01300001e+00
    2.01399994e+00 2.01699996e+00 2.01699996e+00 2.01900005e+00
    2.01900005e+00 2.02300000e+00 2.02399993e+00 2.02300000e+00
    2.02399993e+00 1.26999998e+00 1.97800004e+00 1.97899997e+00
    1.98000002e+00 1.98300004e+00 1.98300004e+00 1.98399997e+00
    1.98599994e+00 1.98599994e+00 1.98800004e+00 1.99000001e+00
    1.99000001e+00 1.99199998e+00 1.99199998e+00 1.99300003e+00
    1.99699998e+00 1.99800003e+00 1.99800003e+00 2. 2. 2.00300002e+00
    2.00399995e+00 2.00399995e+00 2.00600004e+00 2.00600004e+00
    2.00600004e+00 2.00900006e+00 2.01099992e+00 2.01099992e+00
    2.01200008e+00 2.01399994e+00 2.01600003e+00 2.01600003e+00
    2.01699996e+00 2.01799989e+00 2.01900005e+00 2.01999998e+00
    2.02099991e+00 2.02200007e+00 2.03299999e+00 1.50899994e+00
