<?xml version="1.0"?>
<opencv_storage>
<Depth type_id="opencv-matrix">
  <rows>40</rows>
  <cols>40</cols>
  <dt>f</dt>
  <data>
    0. 0. 0. 0. 0. 0. 0. 0. 0. 0. 0. 0. 0. 0. 0. 0. 0. 0. 0. 0. 0. 0. 0.
    0. 0. 0. 0. 0. 0. 0. 0. 0. 0. 0. 0. 0. 0. 0. 0. 0. 0. 0. 0. 0. 0. 0.
    0. 0. 0. 0. 0. 0. 0. 0. 0. 0. 0. 0. 0. 0. 0. 0. 0. 0. 0. 0. 0. 0. 0.
    0. 0. 0. 0. 0. 0. 0. 0. 0. 0. 0. 0. 0. 0. 0. 0. 0. 0. 0. 0. 0. 0. 0.
    0. 0. 0. 0. 0. 0. 0. 0. 0. 0. 0. 0. 0. 0. 0. 0. 0. 0. 0. 0. 0. 0. 0.
    0. 0. 0. 0. 0. 0. 0. 0. 0. 0. 0. 0. 0. 0. 0. 0. 0. 0. 0. 0. 0. 0. 0.
    0. 0. 0. 0. 0. 0. 0. 0. 0. 0. 0. 0. 0. 0. 0. 0. 0. 0. 0. 0. 0. 0. 0.
    0. 0. 0. 0. 0. 0. 0. 0. 0. 0. 0. 0. 0. 0. 0. 0. 0. 0. 0. 0. 0. 0. 0.
    0. 0. 0. 0. 0. 0. 0. 0. 0. 0. 0. 0. 0. 0. 0. 0. 0. 0. 0. 0. 0. 0. 0.
    0. 0. 0. 0. 0. 0. 0. 0. 0. 0. 0. 0. 0. 0. 0. 0. 0. 0. 0. 0. 0. 0. 0.
    0. 0. 0. 0. 0. 0. 0. 0. 0. 0. 0. 0. 0. 0. 0. 0. 0. 0. 0. 0. 0. 0. 0.
    0. 0. 0. 0. 0. 0. 0. 0. 0. 0. 0. 0. 0. 0. 0. 0. 0. 0. 0. 0. 0. 0. 0.
    0. 0. 0. 0. 0. 0. 0. 0. 0. 0. 0. 0. 0. 0. 0. 0. 0. 0. 0. 0. 0. 0. 0.
    0. 0. 0. 0. 0. 0. 0. 0. 0. 0. 0. 0. 0. 0. 0. 0. 0. 0. 0. 0. 0. 0. 0.
    0. 0. 0. 0. 0. 0. 0. 0. 0. 0. 0. 2.98099995e+00 2.96799994e+00
    2.96799994e+00 2.96799994e+00 2.96799994e+00 2.96799994e+00
    2.96799994e+00 2.96799994e+00 2.96799994e+00 2.96799994e+00
    2.96799994e+00 2.91499996e+00 2.85800004e+00 2.48399997e+00
    2.09200001e+00 2.04200006e+00 2. 2. 2.00099993e+00 2.04299998e+00
    2.08299994e+00 2.08299994e+00 2.07599998e+00 1.99300003e+00
    1.91900003e+00 1.91900003e+00 1.91299999e+00 0. 0. 0. 0. 0. 0. 0. 0.
    0. 0. 0. 0. 0. 2.95400000e+00 2.93899989e+00 2.93899989e+00
    2.93899989e+00 2.93899989e+00 2.93899989e+00 2.93899989e+00
    2.93899989e+00 2.93899989e+00 2.84699988e+00 2.74600005e+00
    2.68799996e+00 2.63499999e+00 2.35800004e+00 2.06800008e+00
    2.02099991e+00 1.97899997e+00 1.97899997e+00 1.98000002e+00
    2.01099992e+00 2.03999996e+00 2.03999996e+00 2.03500009e+00
    1.97399998e+00 1.91799998e+00 1.90799999e+00 1.89499998e+00 0. 0. 0.
    0. 0. 0. 0. 0. 0. 0. 0. 0. 0. 2.90300012e+00 2.88100004e+00
    2.88100004e+00 2.88100004e+00 2.88100004e+00 2.88100004e+00
    2.88100004e+00 2.88100004e+00 2.88100004e+00 2.61299992e+00
    2.31200004e+00 2.24699998e+00 2.20099998e+00 2.11299992e+00
    2.02099991e+00 1.97899997e+00 1.93799996e+00 1.93799996e+00
    1.93799996e+00 1.94799995e+00 1.95700002e+00 1.95700002e+00
    1.95599997e+00 1.93599999e+00 1.91600001e+00 1.88499999e+00
    1.85800004e+00 0. 0. 0. 0. 0. 0. 0. 0. 0. 0. 0. 0. 2.96499991e+00
    2.84999990e+00 2.81399989e+00 2.79900002e+00 2.74300003e+00
    2.67700005e+00 2.65700006e+00 2.64499998e+00 2.64299989e+00
    2.64299989e+00 2.37899995e+00 2.08299994e+00 2.03200006e+00
    2.00200009e+00 1.98899996e+00 1.97800004e+00 1.94900000e+00
    1.91900003e+00 1.91900003e+00 1.91900003e+00 1.91900003e+00
    1.91900003e+00 1.91900003e+00 1.91900003e+00 1.91900003e+00
    1.91499996e+00 1.87500000e+00 1.84000003e+00 0. 0. 0. 0. 0. 0. 0. 0.
    0. 0. 0. 0. 2.90799999e+00 2.79500008e+00 2.73799992e+00
    2.69600010e+00 2.53600001e+00 2.34899998e+00 2.29099989e+00
    2.25699997e+00 2.25200009e+00 2.25200009e+00 2.14599991e+00
    2.02699995e+00 2.00999999e+00 2. 1.97000003e+00 1.93700004e+00
    1.92799997e+00 1.91900003e+00 1.91900003e+00 1.91900003e+00
    1.91900003e+00 1.91900003e+00 1.91900003e+00 1.91900003e+00
    1.91900003e+00 1.91499996e+00 1.87500000e+00 1.83700001e+00 0. 0. 0.
    0. 0. 0. 0. 0. 0. 2.91300011e+00 2.82299995e+00 2.75399995e+00
    2.67700005e+00 2.59800005e+00 2.54099989e+00 2.49000001e+00
    2.33200002e+00 2.15000010e+00 2.09400010e+00 2.06299996e+00
    2.05900002e+00 2.05900002e+00 2.02200007e+00 1.98000002e+00
    1.97700000e+00 1.97700000e+00 1.94900000e+00 1.91999996e+00
    1.91900003e+00 1.91900003e+00 1.91900003e+00 1.91900003e+00
    1.90699995e+00 1.89699996e+00 1.89699996e+00 1.89699996e+00
    1.89699996e+00 1.89300001e+00 1.86500001e+00 1.83599997e+00 0. 0. 0.
    0. 0. 0. 0. 0. 2.89199996e+00 2.58299994e+00 2.43799996e+00
    2.35299993e+00 2.31500006e+00 2.29299998e+00 2.25200009e+00
    2.20600009e+00 2.13100004e+00 2.04800010e+00 2.02699995e+00
    2.01799989e+00 2.01699996e+00 2.01699996e+00 1.98000002e+00
    1.93900001e+00 1.93599999e+00 1.93599999e+00 1.92799997e+00
    1.91900003e+00 1.91900003e+00 1.91900003e+00 1.91900003e+00
    1.91799998e+00 1.88699996e+00 1.85699999e+00 1.85699999e+00
    1.85699999e+00 1.85699999e+00 1.85599995e+00 1.84800005e+00
    1.83599997e+00 2.83400011e+00 2.83400011e+00 2.82599998e+00
    2.81299996e+00 2.79900002e+00 2.78600001e+00 2.78200006e+00
    2.78200006e+00 2.59899998e+00 2.33899999e+00 2.22199988e+00
    2.15799999e+00 2.14299989e+00 2.14299989e+00 2.11899996e+00
    2.08899999e+00 2.04900002e+00 2.00699997e+00 2. 2. 2. 2.
    1.96300006e+00 1.92200005e+00 1.91900003e+00 1.91900003e+00
    1.91900003e+00 1.91900003e+00 1.91900003e+00 1.91900003e+00
    1.91900003e+00 1.91799998e+00 1.87800002e+00 1.84099996e+00
    1.84099996e+00 1.84099996e+00 1.84099996e+00 1.84099996e+00
    1.84099996e+00 1.83599997e+00 2.41499996e+00 2.41499996e+00
    2.39299989e+00 2.35700011e+00 2.32100010e+00 2.28600001e+00
    2.27500010e+00 2.27500010e+00 2.22399998e+00 2.15300012e+00
    2.12100005e+00 2.10400009e+00 2.09899998e+00 2.09899998e+00
    2.09299994e+00 2.08500004e+00 2.04900002e+00 2.00699997e+00 2. 2. 2.
    2. 1.96300006e+00 1.92200005e+00 1.91900003e+00 1.91900003e+00
    1.91900003e+00 1.91900003e+00 1.91900003e+00 1.91900003e+00
    1.91900003e+00 1.91799998e+00 1.87800002e+00 1.84099996e+00
    1.84099996e+00 1.84099996e+00 1.84099996e+00 1.84099996e+00
    1.84099996e+00 1.83599997e+00 2.22099996e+00 2.20700002e+00
    2.18300009e+00 2.15300012e+00 2.12199998e+00 2.09299994e+00
    2.08299994e+00 2.08299994e+00 2.08299994e+00 2.08299994e+00
    2.08299994e+00 2.08299994e+00 2.08299994e+00 2.08299994e+00
    2.07299995e+00 2.05900002e+00 2.03299999e+00 2.00500011e+00 2. 2. 2.
    2. 1.96300006e+00 1.92200005e+00 1.91900003e+00 1.91900003e+00
    1.91900003e+00 1.91900003e+00 1.91900003e+00 1.91900003e+00
    1.91900003e+00 1.91799998e+00 1.87800002e+00 1.84099996e+00
    1.84099996e+00 1.84099996e+00 1.84099996e+00 1.84099996e+00
    1.84099996e+00 1.83599997e+00 2.16300011e+00 2.12700009e+00
    2.10899997e+00 2.10100007e+00 2.09299994e+00 2.08599997e+00
    2.08299994e+00 2.08299994e+00 2.08299994e+00 2.08299994e+00
    2.08299994e+00 2.08299994e+00 2.08299994e+00 2.08299994e+00
    2.05599999e+00 2.02099991e+00 2.00900006e+00 2.00099993e+00 2. 2. 2.
    2. 1.96300006e+00 1.92200005e+00 1.91900003e+00 1.91900003e+00
    1.91900003e+00 1.91900003e+00 1.91900003e+00 1.91900003e+00
    1.91900003e+00 1.91799998e+00 1.87800002e+00 1.84099996e+00
    1.84099996e+00 1.84099996e+00 1.84099996e+00 1.84099996e+00
    1.84099996e+00 1.83599997e+00 2.14299989e+00 2.09899998e+00
    2.08299994e+00 2.08299994e+00 2.08299994e+00 2.08299994e+00
    2.08299994e+00 2.08299994e+00 2.08299994e+00 2.08299994e+00
    2.08299994e+00 2.08299994e+00 2.08299994e+00 2.08299994e+00
    2.04999995e+00 2.00799990e+00 2. 2. 2. 2. 2. 2. 1.96300006e+00
    1.92200005e+00 1.91900003e+00 1.91900003e+00 1.91900003e+00
    1.91900003e+00 1.91900003e+00 1.91900003e+00 1.91900003e+00
    1.91799998e+00 1.87800002e+00 1.84099996e+00 1.84099996e+00
    1.84099996e+00 1.84099996e+00 1.84099996e+00 1.84099996e+00
    1.83599997e+00 2.14299989e+00 2.09899998e+00 2.08299994e+00
    2.08299994e+00 2.08299994e+00 2.08299994e+00 2.08299994e+00
    2.08299994e+00 2.08299994e+00 2.08299994e+00 2.08299994e+00
    2.08299994e+00 2.08299994e+00 2.08299994e+00 2.04999995e+00
    2.00799990e+00 2. 2. 2. 2. 2. 2. 1.96300006e+00 1.92200005e+00
    1.91900003e+00 1.91900003e+00 1.91900003e+00 1.91900003e+00
    1.91900003e+00 1.91900003e+00 1.91900003e+00 1.91799998e+00
    1.87800002e+00 1.84099996e+00 1.84099996e+00 1.84099996e+00
