<?xml version="1.0"?>
<opencv_storage>
<Depth type_id="opencv-matrix">
  <rows>40</rows>
  <cols>40</cols>
  <dt>f</dt>
  <data>
    0. 0. 0. 0. 0. 0. 0. 0. 0. 0. 0. 0. 0. 2.27500010e+00 2.27500010e+00
    2.27500010e+00 2.27500010e+00 2.27500010e+00 2.27500010e+00
    2.27500010e+00 2.27500010e+00 2.27500010e+00 2.27500010e+00 0. 0. 0.
    0. 0. 0. 0. 0. 0. 0. 0. 0. 0. 0. 0. 0. 0. 0. 0. 0. 0. 0. 0. 0. 0. 0.
    0. 0. 0. 0. 2.27500010e+00 2.27500010e+00 2.27500010e+00
    2.27500010e+00 2.27399993e+00 2.26600003e+00 2.25999999e+00
    2.25999999e+00 2.25999999e+00 2.25999999e+00 0. 0. 0. 0. 0. 0. 0. 0.
    0. 0. 0. 0. 0. 0. 0. 0. 0. 0. 0. 0. 0. 0. 0. 0. 0. 0. 0. 0. 0. 0.
    2.27500010e+00 2.27500010e+00 2.27500010e+00 2.27500010e+00
    2.27099991e+00 2.24000001e+00 2.21900010e+00 2.21900010e+00
    2.21900010e+00 2.21900010e+00 0. 0. 0. 0. 0. 0. 0. 0. 0. 0. 0. 0. 0.
    0. 0. 0. 0. 0. 0. 0. 0. 0. 0. 0. 0. 0. 0. 0. 0. 0. 2.27500010e+00
    2.27500010e+00 2.27500010e+00 2.27500010e+00 2.26999998e+00
    2.22900009e+00 2.20300007e+00 2.20300007e+00 2.20300007e+00
    2.20300007e+00 0. 0. 0. 0. 0. 0. 0. 0. 0. 0. 0. 0. 0. 0. 0. 0. 0. 0.
    0. 0. 0. 0. 0. 0. 0. 0. 0. 0. 0. 0. 2.27500010e+00 2.27500010e+00
    2.27500010e+00 2.27500010e+00 2.26999998e+00 2.22900009e+00
    2.20300007e+00 2.20300007e+00 2.20300007e+00 2.20300007e+00
    1.99500000e+00 1.54100001e+00 0. 0. 0. 0. 0. 0. 0. 0. 0. 0. 0. 0. 0.
    0. 0. 0. 0. 0. 0. 0. 0. 0. 0. 0. 0. 0. 0. 0. 2.27500010e+00
    2.26300001e+00 2.24300003e+00 2.24000001e+00 2.24000001e+00
    2.23900008e+00 2.23099995e+00 2.21099997e+00 2.20300007e+00
    2.20300007e+00 2.20300007e+00 2.07399988e+00 0. 0. 0. 0. 0. 0. 0. 0.
    0. 0. 0. 0. 0. 0. 0. 0. 0. 0. 0. 0. 0. 0. 0. 0. 0. 0. 0. 0.
    2.27099991e+00 2.24699998e+00 2.20799994e+00 2.20300007e+00
    2.20700002e+00 2.24600005e+00 2.25699997e+00 2.21900010e+00
    2.20300007e+00 2.20300007e+00 2.20300007e+00 2.20700002e+00
    2.24799991e+00 2.27500010e+00 0. 0. 0. 0. 0. 0. 0. 0. 0. 0. 0. 0. 0.
    0. 0. 0. 0. 0. 0. 0. 0. 0. 0. 0. 0. 0. 2.23000002e+00 2.22099996e+00
    2.20499992e+00 2.20300007e+00 2.20499992e+00 2.22000003e+00
    2.22499990e+00 2.20900011e+00 2.20300007e+00 2.20300007e+00
    2.20300007e+00 2.20700002e+00 2.24799991e+00 2.27500010e+00 0. 0. 0.
    0. 0. 0. 0. 0. 0. 0. 0. 0. 0. 0. 0. 0. 0. 0. 0. 0. 0. 0. 0. 0. 0. 0.
    2.20300007e+00 2.20300007e+00 2.20300007e+00 2.20300007e+00
    2.20300007e+00 2.20300007e+00 2.20300007e+00 2.20300007e+00
    2.20300007e+00 2.20300007e+00 2.20300007e+00 2.15799999e+00
    1.65799999e+00 1.32599998e+00 0. 0. 0. 0. 0. 0. 0. 0. 0. 0. 0. 0. 0.
    0. 0. 0. 0. 0. 0. 0. 0. 0. 0. 0. 0. 0. 2.20300007e+00 2.20300007e+00
    2.20300007e+00 2.20300007e+00 2.20300007e+00 2.20300007e+00
    2.20300007e+00 2.20300007e+00 2.20300007e+00 2.20300007e+00
    2.20300007e+00 2.01300001e+00 0. 0. 0. 0. 0. 0. 0. 0. 0. 0. 0. 0. 0.
    0. 0. 0. 0. 0. 0. 0. 0. 0. 0. 0. 0. 0. 0. 0. 2.18000007e+00
    2.18000007e+00 2.18000007e+00 2.19099998e+00 2.20300007e+00
    2.20300007e+00 2.19799995e+00 2.18499994e+00 2.18000007e+00
    2.18000007e+00 2.18000007e+00 1.92999995e+00 0. 0. 0. 0. 0. 0. 0. 0.
    0. 0. 0. 0. 0. 0. 0. 0. 0. 0. 0. 0. 0. 0. 0. 0. 0. 0. 0. 0.
    2.14100003e+00 2.14100003e+00 2.14100003e+00 2.17199993e+00
    2.20300007e+00 2.20300007e+00 2.19000006e+00 2.15499997e+00
    2.14100003e+00 2.14100003e+00 2.14100003e+00 1.89300001e+00 0. 0. 0.
    0. 0. 0. 0. 0. 0. 0. 0. 0. 0. 0. 0. 0. 0. 0. 0. 0. 0. 0. 0. 0. 0. 0.
    0. 0. 2.13400006e+00 2.13400006e+00 2.13400006e+00 2.16799998e+00
    2.20099998e+00 2.18300009e+00 2.16300011e+00 2.14199996e+00
    2.12299991e+00 2.10500002e+00 2.07299995e+00 1.90999997e+00 0. 0. 0.
    0. 0. 0. 0. 0. 0. 0. 0. 0. 0. 0. 0. 0. 0. 0. 0. 0. 0. 0. 0. 0. 0. 0.
    0. 0. 2.13400006e+00 2.13400006e+00 2.13400006e+00 2.16700006e+00
    2.19600010e+00 2.15799999e+00 2.13299990e+00 2.13199997e+00
    2.10899997e+00 2.07200003e+00 2.00399995e+00 1.93700004e+00
    1.93700004e+00 1.93700004e+00 0. 0. 0. 0. 0. 0. 0. 0. 0. 0. 0. 0. 0.
    0. 0. 0. 0. 0. 0. 0. 0. 0. 0. 0. 0. 0. 2.13400006e+00 2.13400006e+00
    2.13400006e+00 2.14700007e+00 2.15899992e+00 2.14400005e+00
    2.12599993e+00 2.10200000e+00 2.08400011e+00 2.06800008e+00
    2.00399995e+00 1.93700004e+00 1.93700004e+00 1.93700004e+00 0. 0. 0.
    0. 0. 0. 0. 0. 0. 0. 0. 0. 0. 0. 0. 0. 0. 0. 0. 0. 0. 0. 0. 0. 0. 0.
    2.13400006e+00 2.13400006e+00 2.13400006e+00 2.13400006e+00
    2.13400006e+00 2.13400006e+00 2.11999989e+00 2.08100009e+00
    2.06200004e+00 2.05500007e+00 2.00300002e+00 1.94799995e+00
    1.94099998e+00 1.93700004e+00 0. 0. 0. 0. 0. 0. 0. 0. 0. 0. 0. 0. 0.
    0. 0. 0. 0. 0. 0. 0. 0. 0. 0. 0. 0. 0. 2.13400006e+00 2.13400006e+00
    2.13400006e+00 2.13400006e+00 2.13400006e+00 2.13400006e+00
    2.11999989e+00 2.08100009e+00 2.04900002e+00 2.02099991e+00
    2.00099993e+00 1.98199999e+00 1.95500004e+00 1.93700004e+00 0. 0. 0.
    0. 0. 0. 0. 0. 0. 0. 0. 0. 0. 0. 0. 0. 0. 0. 0. 0. 0. 0. 0. 0. 0. 0.
    2.13400006e+00 2.13400006e+00 2.13400006e+00 2.12299991e+00
    2.11199999e+00 2.11199999e+00 2.09899998e+00 2.05999994e+00
    2.02999997e+00 2.00399995e+00 2. 1.99699998e+00 1.96099997e+00
    1.93700004e+00 0. 0. 0. 0. 0. 0. 0. 0. 0. 0. 0. 0. 0. 0. 0. 0. 0. 0.
    0. 0. 0. 0. 0. 0. 0. 0. 2.13400006e+00 2.13400006e+00 2.13400006e+00
    2.10400009e+00 2.07399988e+00 2.07399988e+00 2.05999994e+00
    2.02300000e+00 2.00500011e+00 2.00099993e+00 2. 1.99699998e+00
    1.96099997e+00 1.93700004e+00 0. 0. 0. 0. 0. 0. 0. 0. 0. 0. 0. 0. 0.
    0. 0. 0. 0. 0. 0. 0. 0. 0. 0. 0. 0. 0. 2.63199997e+00 2.45600009e+00
    2.17199993e+00 2.08599997e+00 2.03600001e+00 2.03600001e+00
    2.02900004e+00 2.00799990e+00 1.99000001e+00 1.97399998e+00
    1.97099996e+00 1.97099996e+00 1.96800005e+00 1.96599996e+00 0. 0. 0.
    0. 0. 0. 0. 0. 0. 0. 0. 0. 0. 0. 0. 0. 0. 0. 0. 0. 0. 0. 0. 0. 0. 0.
    0. 2.83800006e+00 2.21499991e+00 2.06699991e+00 2. 1.99899995e+00
    1.99800003e+00 1.99800003e+00 1.97700000e+00 1.94200003e+00
    1.93700004e+00 1.94000006e+00 1.97500002e+00 1.99800003e+00 0. 0. 0.
    0. 0. 0. 0. 0. 0. 0. 0. 0. 0. 0. 0. 0. 0. 0. 0. 0. 0. 0. 0. 0. 0. 0.
    0. 2.82399988e+00 2.17899990e+00 2.04699993e+00 1.99800003e+00
    1.97599995e+00 1.96200001e+00 1.96200001e+00 1.95400000e+00
    1.93900001e+00 1.93700004e+00 1.93799996e+00 1.95299995e+00
    1.96200001e+00 0. 0. 0. 0. 0. 0. 0. 0. 0. 0. 0. 0. 0. 0. 0. 0. 0. 0.
    0. 0. 0. 0. 0. 0. 0. 0. 0. 2.80999994e+00 2.14400005e+00
    2.02800012e+00 1.99600005e+00 1.96000004e+00 1.93700004e+00
    1.93700004e+00 1.93700004e+00 1.93700004e+00 1.93700004e+00
    1.93700004e+00 1.93700004e+00 1.93700004e+00 0. 0. 0. 0. 0. 0. 0. 0.
    0. 0. 0. 0. 0. 0. 0. 0. 0. 0. 0. 0. 0. 0. 0. 0. 0. 0. 0.
    2.79699993e+00 2.10899997e+00 2.00900006e+00 1.99600005e+00
    1.96000004e+00 1.93700004e+00 1.93700004e+00 1.93700004e+00
    1.93700004e+00 1.93700004e+00 1.93700004e+00 1.93700004e+00
    1.93700004e+00 0. 0. 0. 0. 0. 0. 0. 0. 0. 0. 0. 0. 0. 0. 0. 0. 0. 0.
    0. 0. 0. 0. 0. 0. 0. 0. 0. 2.79099989e+00 2.09299994e+00 2.
    1.99699998e+00 1.97200000e+00 1.95599997e+00 1.95599997e+00
    1.95000005e+00 1.93900001e+00 1.93700004e+00 1.93700004e+00
    1.93700004e+00 1.93700004e+00 0. 0. 0. 0. 0. 0. 0. 0. 0. 0. 0. 0. 0.
    0. 0. 0. 0. 0. 0. 0. 0. 0. 0. 0. 0. 0. 0. 2.79099989e+00
    2.09299994e+00 2. 1.99899995e+00 1.99500000e+00 1.99199998e+00
    1.99199998e+00 1.97300005e+00 1.94200003e+00 1.93700004e+00
    1.93700004e+00 1.93700004e+00 1.93700004e+00 0. 0. 0. 0. 0. 0. 0. 0.
    0. 0. 0. 0. 0. 0. 0. 0. 0. 0. 0. 0. 0. 0. 0. 0. 0. 0. 0.
    2.79099989e+00 2.09299994e+00 2. 2. 2. 2. 2. 1.97800004e+00
    1.94299996e+00 1.93700004e+00 1.93700004e+00 1.93700004e+00
    1.93700004e+00 0. 0. 0. 0. 0. 0. 0. 0. 0. 0. 0. 0. 0. 0. 0. 0. 0. 0.
    0. 0. 0. 0. 0. 0. 0. 0. 0. 2.79099989e+00 2.09299994e+00 2. 2. 2. 2.
    1.99899995e+00 1.97800004e+00 1.94200003e+00 1.93700004e+00
