<?xml version="1.0"?>
<opencv_storage>
<Depth type_id="opencv-matrix">
  <rows>40</rows>
  <cols>40</cols>
  <dt>f</dt>
  <data>
    0. 0. 0. 0. 0. 0. 0. 0. 0. 0. 0. 0. 0. 0. 0. 0. 0. 0. 0. 0. 0. 0. 0.
    0. 0. 0. 0. 0. 0. 0. 0. 0. 0. 0. 0. 0. 0. 0. 0. 0. 0. 0. 0. 0. 0. 0.
    0. 0. 0. 0. 0. 0. 0. 0. 0. 0. 0. 0. 0. 0. 0. 0. 0. 0. 0. 0. 0. 0. 0.
    0. 0. 0. 0. 0. 0. 0. 0. 0. 0. 0. 0. 0. 0. 0. 0. 0. 0. 0. 0. 0. 0. 0.
    0. 0. 2.07500005e+00 2.07399988e+00 0. 0. 0. 0. 0. 0. 0. 0. 0. 0. 0.
    0. 0. 0. 0. 2.83299994e+00 2.80800009e+00 2.77699995e+00
    2.79399991e+00 2.69400001e+00 0. 0. 0. 0. 0. 0. 0. 0. 0. 0. 0. 0. 0.
    0. 0. 0. 0. 0. 2.07399988e+00 2.06800008e+00 2.04800010e+00
    1.32299995e+00 0. 1.52699995e+00 0. 0. 0. 0. 0. 0. 0. 0. 0. 0. 0. 0.
    2.84299994e+00 2.79399991e+00 2.77099991e+00 2.72600007e+00 0. 0. 0.
    0. 0. 0. 0. 0. 0. 0. 0. 0. 0. 0. 0. 0. 0. 2.08100009e+00
    2.07599998e+00 2.06699991e+00 2.04900002e+00 2.04500008e+00
    2.10200000e+00 2.09599996e+00 1.79200006e+00 0. 0. 0. 0. 0. 0. 0. 0.
    0. 0. 0. 1.53199995e+00 2.53500009e+00 2.73399997e+00 2.72000003e+00
    0. 0. 0. 0. 0. 0. 0. 0. 0. 0. 0. 0. 0. 0. 0. 0. 2.08899999e+00
    2.08500004e+00 2.07800007e+00 2.06699991e+00 2.05999994e+00
    2.03099990e+00 2.10200000e+00 2.09100008e+00 2.08699989e+00
    1.86099994e+00 0. 0. 0. 0. 0. 0. 2.08400011e+00 2.90300012e+00
    2.88400006e+00 2.82800007e+00 2.82299995e+00 1.60699999e+00
    2.75600004e+00 2.73499990e+00 0. 0. 0. 0. 0. 0. 0. 0. 0. 0. 0. 0. 0.
    0. 0. 2.65700006e+00 2.08699989e+00 2.08699989e+00 2.08699989e+00
    2.08699989e+00 2.08800006e+00 2.10500002e+00 2.10200000e+00
    2.09100008e+00 2.08299994e+00 2.07599998e+00 1.17200005e+00 0. 0. 0.
    0. 0. 2.95400000e+00 2.90799999e+00 2.88400006e+00 2.84699988e+00
    2.83899999e+00 1.84500003e+00 2.80399990e+00 2.73699999e+00 0. 0. 0.
    0. 0. 0. 0. 0. 0. 0. 0. 0. 0. 0. 2.08400011e+00 2.08699989e+00
    2.08699989e+00 2.08699989e+00 2.09100008e+00 2.08999991e+00
    2.08999991e+00 2.10100007e+00 2.09500003e+00 2.08500004e+00
    2.07599998e+00 2.06999993e+00 2.06100011e+00 0. 0. 0. 0. 0.
    2.96000004e+00 2.91599989e+00 2.90499997e+00 2.89499998e+00
    2.89199996e+00 2.81800008e+00 2.77999997e+00 2.73399997e+00 0. 0. 0.
    0. 0. 0. 0. 0. 0. 0. 0. 0. 0. 2.09100008e+00 2.09100008e+00
    2.08699989e+00 2.08400011e+00 2.08699989e+00 2.08599997e+00
    2.07900000e+00 2.08100009e+00 2.08800006e+00 2.09100008e+00
    2.08200002e+00 2.07599998e+00 2.06699991e+00 2.05800009e+00
    1.57099998e+00 0. 0. 0. 2.49699998e+00 2.98300004e+00 2.98499990e+00
    2.90000010e+00 2.90400004e+00 2.82299995e+00 2.79699993e+00
    2.78999996e+00 2.77099991e+00 0. 0. 0. 0. 0. 0. 0. 0. 0. 0. 0. 0. 0.
    2.08699989e+00 2.08999991e+00 2.09100008e+00 2.08899999e+00
    2.08899999e+00 2.07999992e+00 2.07200003e+00 2.07500005e+00
    2.07800007e+00 2.08100009e+00 2.07800007e+00 2.06999993e+00
    2.05699992e+00 2.05299997e+00 2.04600000e+00 1.01800001e+00 0. 0.
    2.14100003e+00 2.92600012e+00 2.96000004e+00 2.91300011e+00
    2.87700009e+00 2.81599998e+00 2.80699992e+00 2.79999995e+00
    2.80200005e+00 0. 0. 0. 0. 0. 0. 0. 0. 0. 0. 0. 0. 2.09699988e+00
    2.09500003e+00 2.09699988e+00 2.09699988e+00 2.08999991e+00
    2.08100009e+00 2.06500006e+00 2.06299996e+00 2.06999993e+00
    2.07500005e+00 2.07399988e+00 2.07699990e+00 2.06900001e+00
    2.05299997e+00 2.04699993e+00 2.03900003e+00 2.03699994e+00 0. 0. 0.
    0. 2.95199990e+00 2.94000006e+00 2.90400004e+00 2.83299994e+00
    2.82299995e+00 2.79399991e+00 2.79399991e+00 0. 0. 0. 0. 0. 0. 0. 0.
    0. 0. 2.53999996e+00 2.12400007e+00 2.10100007e+00 2.10200000e+00
    2.09899998e+00 2.09299994e+00 2.08500004e+00 2.07500005e+00
    2.06500006e+00 2.06100011e+00 2.05399990e+00 2.04999995e+00
    2.04999995e+00 2.06200004e+00 2.06299996e+00 2.05100012e+00
    2.04099989e+00 2.03600001e+00 2.03399992e+00 1.29900002e+00 0. 0.
    2.10299993e+00 2.96799994e+00 1.71200001e+00 2.89400005e+00
    2.86500001e+00 2.82900000e+00 2.80699992e+00 2.78399992e+00 0. 0. 0.
    0. 0. 0. 0. 0. 2.52200007e+00 2.54399991e+00 2.33599997e+00
    2.10700011e+00 2.10599995e+00 2.10299993e+00 2.09400010e+00
    2.08599997e+00 2.07699990e+00 2.07399988e+00 2.06299996e+00
    2.05299997e+00 2.04900002e+00 2.04500008e+00 2.04600000e+00
    2.05599999e+00 2.05900002e+00 2.04999995e+00 2.03800011e+00
    2.03299999e+00 2.02699995e+00 2.02500010e+00 1.76999998e+00 0.
    2.08999991e+00 2.97099996e+00 0. 0. 2.16000009e+00 2.89000010e+00
    2.80999994e+00 2.75900006e+00 0. 0. 0. 0. 0. 0. 0. 0. 2.18600011e+00
    2.11299992e+00 2.11299992e+00 2.10999990e+00 2.10200000e+00
    2.09800005e+00 2.08800006e+00 2.08200002e+00 2.07699990e+00
    2.06500006e+00 2.05699992e+00 2.04999995e+00 2.04500008e+00
    2.03999996e+00 2.03699994e+00 2.02600002e+00 2.05500007e+00
    2.03999996e+00 2.03600001e+00 2.02800012e+00 2.02099991e+00
    2.02099991e+00 2.01900005e+00 0. 0. 0. 0. 0. 0. 2.84299994e+00
    2.82900000e+00 2.78399992e+00 0. 0. 0. 0. 0. 0. 0. 0. 2.11299992e+00
    2.10999990e+00 2.10599995e+00 2.10299993e+00 2.09800005e+00
    2.08800006e+00 2.08400011e+00 2.07500005e+00 2.07100010e+00
    2.06599998e+00 2.05399990e+00 2.05100012e+00 2.04200006e+00
    2.03900003e+00 2.03500009e+00 2.02800012e+00 2.02699995e+00
    2.03699994e+00 2.03299999e+00 2.02300000e+00 2.01399994e+00
    2.01500010e+00 2.01099992e+00 1.05900002e+00 0. 0. 0. 0.
    2.91700006e+00 2.90499997e+00 2.83800006e+00 1.74100006e+00 0. 0. 0.
    0. 0. 0. 0. 0. 2.13100004e+00 2.10200000e+00 2.10100007e+00
    2.09400010e+00 2.08699989e+00 2.08599997e+00 2.07999992e+00
    2.07200003e+00 2.06699991e+00 2.06299996e+00 2.05200005e+00
    2.04299998e+00 2.03699994e+00 2.03200006e+00 2.02800012e+00
    2.02200007e+00 2.03200006e+00 2.03699994e+00 2.02699995e+00
    2.02099991e+00 2.01099992e+00 2.01099992e+00 2.00399995e+00
    1.99199998e+00 1.14499998e+00 0. 1.56700003e+00 2.90199995e+00
    2.91599989e+00 2.84299994e+00 2.81699991e+00 2.80299997e+00 0. 0. 0.
    0. 0. 0. 0. 0. 2.57599998e+00 2.09999990e+00 2.08999991e+00
    2.08500004e+00 2.08200002e+00 2.07999992e+00 2.07100010e+00
    2.06699991e+00 2.06299996e+00 2.05800009e+00 2.04900002e+00
    2.03999996e+00 2.03500009e+00 2.02699995e+00 2.01799989e+00
    2.00999999e+00 2.03699994e+00 2.01300001e+00 2.01900005e+00
    2.01699996e+00 2.00300002e+00 2.00600004e+00 1.99899995e+00
    1.99100006e+00 1.99100006e+00 0. 0. 2.92600012e+00 2.89599991e+00
    2.84599996e+00 2.81399989e+00 2.80399990e+00 0. 0. 0. 0. 0. 0. 0. 0.
    2.58800006e+00 2.35200000e+00 2.08699989e+00 2.07999992e+00
    2.07800007e+00 2.07100010e+00 2.06800008e+00 2.06299996e+00
    2.05999994e+00 2.04900002e+00 2.04399991e+00 2.03699994e+00
    2.03299999e+00 2.02600002e+00 2.01200008e+00 2.00799990e+00
    2.00500011e+00 2.01500010e+00 2.00799990e+00 2.01200008e+00
    2.00099993e+00 1.99899995e+00 1.99199998e+00 1.98800004e+00
    1.98399997e+00 1.64199996e+00 0. 1.33599997e+00 2.89000010e+00
    2.87299991e+00 2.84500003e+00 2.57100010e+00 0. 0. 0. 0. 0. 0. 0. 0.
    2.58500004e+00 2.43099999e+00 2.07800007e+00 2.07399988e+00
    2.07200003e+00 2.06500006e+00 2.06200004e+00 2.05900002e+00
    2.05200005e+00 2.04500008e+00 2.03800011e+00 2.03399992e+00
    2.02800012e+00 2.01600003e+00 2.01200008e+00 2. 1.99699998e+00
    1.99100006e+00 1.99899995e+00 2.00200009e+00 1.99600005e+00
    1.99300003e+00 1.98899996e+00 1.98699999e+00 1.98000002e+00
    1.97099996e+00 1.38499999e+00 0. 0. 0. 0. 0. 0. 0. 0. 0. 0. 0. 0. 0.
    2.58400011e+00 2.60599995e+00 2.51200008e+00 2.05999994e+00
    2.06500006e+00 2.05999994e+00 2.05699992e+00 2.04999995e+00
    2.04699993e+00 2.04500008e+00 2.03399992e+00 2.02800012e+00
    2.02200007e+00 2.01099992e+00 2.00600004e+00 2. 1.99899995e+00
    1.99100006e+00 1.99300003e+00 1.99600005e+00 1.99100006e+00
    1.98800004e+00 1.98399997e+00 1.97899997e+00 1.97899997e+00
    1.97000003e+00 1.96500003e+00 0. 0. 0. 0. 0. 0. 0. 0. 0. 0. 0. 0. 0.
