<?xml version="1.0"?>
<opencv_storage>
<Depth type_id="opencv-matrix">
  <rows>40</rows>
  <cols>40</cols>
  <dt>f</dt>
  <data>
    0. 0. 0. 0. 0. 0. 0. 0. 0. 0. 0. 0. 0. 0. 0. 0. 0. 0. 0. 0. 0. 0. 0.
    0. 0. 0. 0. 0. 0. 0. 0. 0. 0. 0. 0. 0. 0. 0. 0. 0. 0. 0. 0. 0. 0. 0.
    0. 0. 0. 0. 0. 0. 0. 0. 0. 0. 0. 0. 0. 0. 0. 0. 0. 0. 0. 0. 0. 0. 0.
    0. 0. 0. 0. 0. 0. 0. 0. 0. 0. 0. 0. 0. 0. 0. 0. 0. 0. 0. 0. 0. 0. 0.
    0. 0. 0. 0. 0. 0. 0. 0. 0. 0. 0. 0. 0. 0. 0. 0. 0. 0. 0. 0. 0. 0. 0.
    0. 0. 0. 0. 0. 0. 0. 0. 0. 0. 0. 0. 0. 0. 0. 0. 0. 0. 0. 0. 0. 0. 0.
    0. 0. 0. 0. 0. 0. 0. 0. 0. 0. 0. 0. 0. 0. 0. 0. 0. 0. 0. 0. 0. 0. 0.
    0. 0. 0. 0. 0. 0. 0. 0. 0. 0. 0. 0. 0. 0. 0. 0. 0. 0. 0. 0. 0. 0. 0.
    0. 0. 0. 0. 0. 0. 0. 0. 0. 0. 0. 0. 0. 0. 0. 0. 0. 0. 0. 0. 0. 0. 0.
    0. 0. 0. 0. 0. 0. 0. 0. 0. 0. 0. 0. 0. 0. 0. 0. 0. 0. 0. 0. 0. 0. 0.
    0. 0. 0. 0. 0. 0. 0. 0. 0. 0. 0. 0. 0. 0. 0. 0. 0. 0. 0. 0. 0. 0. 0.
    0. 0. 0. 0. 0. 0. 0. 0. 0. 0. 0. 0. 0. 0. 0. 0. 0. 0. 0. 0. 0. 0. 0.
    0. 0. 0. 0. 0. 0. 0. 0. 0. 0. 0. 0. 0. 0. 0. 0. 0. 0. 0. 0. 0. 0. 0.
    0. 0. 0. 0. 0. 0. 0. 0. 0. 0. 0. 0. 0. 0. 0. 0. 0. 0. 0. 0. 0. 0. 0.
    0. 0. 0. 0. 0. 0. 0. 0. 0. 0. 0. 0. 0. 0. 0. 0. 0. 0. 0. 0. 0. 0. 0.
    0. 0. 0. 0. 0. 0. 0. 0. 0. 0. 0. 0. 0. 0. 0. 0. 0. 0. 0. 0. 0. 0. 0.
    0. 0. 0. 0. 0. 0. 0. 0. 0. 0. 0. 0. 0. 0. 0. 0. 0. 0. 0. 0. 0. 0. 0.
    0. 0. 0. 0. 0. 0. 0. 0. 0. 0. 0. 0. 0. 0. 0. 0. 0. 0. 0. 0. 0. 0. 0.
    0. 0. 0. 0. 0. 0. 0. 0. 0. 0. 0. 0. 0. 0. 0. 0. 0. 0. 0. 0. 0. 0. 0.
    0. 0. 0. 0. 0. 0. 0. 0. 0. 0. 0. 0. 0. 0. 0. 0. 0. 0. 0. 0. 0. 0. 0.
    0. 0. 0. 0. 0. 0. 0. 0. 0. 0. 0. 0. 0. 0. 0. 0. 0. 0. 0. 0.
    2.76200008e+00 0. 0. 0. 0. 0. 0. 0. 2.58400011e+00 2.10700011e+00 2.
    2. 2. 2. 2. 2. 2.01699996e+00 2.06200004e+00 2.09800005e+00
    2.09800005e+00 2.09400010e+00 2.04800010e+00 2.00200009e+00 2. 2. 2.
    2. 2. 2. 1.93200004e+00 1.80299997e+00 1.72599995e+00 1.72599995e+00
    1.74800003e+00 1.83200002e+00 1.90600002e+00 1.90600002e+00
    1.90600002e+00 1.90600002e+00 1.90600002e+00 2.58899999e+00
    2.88700008e+00 2.83599997e+00 2.79500008e+00 2.79500008e+00
    2.79500008e+00 2.79500008e+00 2.79500008e+00 2.45499992e+00
    2.08299994e+00 2. 2. 2. 2. 2. 2. 2.01699996e+00 2.06200004e+00
    2.09800005e+00 2.09800005e+00 2.09400010e+00 2.04800010e+00
    2.00200009e+00 2. 2. 2. 2. 2. 2. 1.94099998e+00 1.82900000e+00
    1.76199996e+00 1.76199996e+00 1.77999997e+00 1.84700000e+00
    1.90600002e+00 1.90600002e+00 1.90600002e+00 1.90600002e+00
    1.90600002e+00 2.18899989e+00 2.31200004e+00 2.29099989e+00
    2.27399993e+00 2.27399993e+00 2.27399993e+00 2.27399993e+00
    2.27399993e+00 2.15700006e+00 2.02900004e+00 2. 2. 2. 2. 2. 2.
    2.01699996e+00 2.06200004e+00 2.09800005e+00 2.09800005e+00
    2.09400010e+00 2.04800010e+00 2.00200009e+00 2. 2. 2. 2. 2. 2.
    1.96200001e+00 1.88999999e+00 1.84599996e+00 1.84599996e+00
    1.85399997e+00 1.88199997e+00 1.90600002e+00 1.90600002e+00
    1.90600002e+00 1.90600002e+00 1.90600002e+00 1.89699996e+00
    1.89300001e+00 1.89300001e+00 1.89300001e+00 1.89300001e+00
    1.89300001e+00 1.89300001e+00 1.89300001e+00 1.93299997e+00
    1.97700000e+00 1.99199998e+00 1.99800003e+00 2. 2. 2. 2.
    2.01399994e+00 2.05399990e+00 2.08599997e+00 2.09200001e+00
    2.09400010e+00 2.04800010e+00 2.00200009e+00 2. 2. 2. 2. 2. 2.
    1.98000002e+00 1.94200003e+00 1.91900003e+00 1.91900003e+00
    1.91900003e+00 1.91900003e+00 1.91900003e+00 1.91900003e+00
    1.91900003e+00 1.91900003e+00 1.91900003e+00 1.86800003e+00
    1.85000002e+00 1.85000002e+00 1.85000002e+00 1.85000002e+00
    1.85000002e+00 1.85000002e+00 1.85000002e+00 1.88999999e+00
    1.93299997e+00 1.96399999e+00 1.99000001e+00 2. 2. 2. 2.
    2.00699997e+00 2.02500010e+00 2.04500008e+00 2.07299995e+00
    2.09400010e+00 2.04800010e+00 2.00200009e+00 2. 2. 2. 2. 2. 2.
    1.99100006e+00 1.97300005e+00 1.96300006e+00 1.96300006e+00
    1.96300006e+00 1.96300006e+00 1.96300006e+00 1.96300006e+00
    1.96300006e+00 1.96300006e+00 1.96300006e+00 1.84300005e+00
    1.81400001e+00 1.81400001e+00 1.81400001e+00 1.81400001e+00
    1.81400001e+00 1.81400001e+00 1.81400001e+00 1.85000002e+00
    1.88999999e+00 1.93299997e+00 1.97700000e+00 1.99300003e+00
    1.99300003e+00 1.99500000e+00 1.99800003e+00 2. 2. 2.00999999e+00
    2.05200005e+00 2.08699989e+00 2.04500008e+00 2.00200009e+00 2. 2.
    2.00300002e+00 2.00600004e+00 2.00699997e+00 2.00699997e+00
    2.00699997e+00 2.00699997e+00 2.00699997e+00 2.00699997e+00
    2.00699997e+00 2.00699997e+00 2.00699997e+00 2.00699997e+00
    2.00699997e+00 2.00399995e+00 2.00099993e+00 1.84300005e+00
    1.81400001e+00 1.81400001e+00 1.81400001e+00 1.81400001e+00
    1.81400001e+00 1.81400001e+00 1.81400001e+00 1.83200002e+00
    1.85200000e+00 1.88999999e+00 1.93299997e+00 1.94900000e+00
    1.94900000e+00 1.96099997e+00 1.98500001e+00 2. 2. 2.00500011e+00
    2.02600002e+00 2.04299998e+00 2.02200007e+00 2.00099993e+00 2. 2.
    2.01999998e+00 2.04500008e+00 2.05299997e+00 2.05299997e+00
    2.05299997e+00 2.05299997e+00 2.05299997e+00 2.05299997e+00
    2.05299997e+00 2.05299997e+00 2.05299997e+00 2.05299997e+00
    2.05299997e+00 2.02900004e+00 2.00399995e+00 1.84300005e+00
    1.81400001e+00 1.81400001e+00 1.81299996e+00 1.81299996e+00
    1.81299996e+00 1.81400001e+00 1.81400001e+00 1.81400001e+00
    1.81400001e+00 1.84700000e+00 1.88999999e+00 1.90600002e+00
    1.90600002e+00 1.92799997e+00 1.97200000e+00 2. 2. 2. 2. 2. 2. 2. 2.
    2. 2.03699994e+00 2.08299994e+00 2.09800005e+00 2.09800005e+00
    2.09800005e+00 2.09800005e+00 2.09800005e+00 2.09800005e+00
    2.09800005e+00 2.09800005e+00 2.09800005e+00 2.09800005e+00
    2.09800005e+00 2.05299997e+00 2.00699997e+00 1.84300005e+00
    1.80799997e+00 1.78799999e+00 1.77199996e+00 1.77199996e+00
    1.77300000e+00 1.79299998e+00 1.81200004e+00 1.81400001e+00
    1.81400001e+00 1.84700000e+00 1.88999999e+00 1.90600002e+00
    1.90600002e+00 1.92799997e+00 1.97200000e+00 2. 2. 2. 2. 2. 2. 2. 2.
    2. 2.03699994e+00 2.08299994e+00 2.09800005e+00 2.09800005e+00
    2.09800005e+00 2.09800005e+00 2.09800005e+00 2.09800005e+00
    2.09800005e+00 2.09800005e+00 2.09800005e+00 2.09800005e+00
    2.09800005e+00 2.05299997e+00 2.00699997e+00 1.84300005e+00
    1.80100000e+00 1.76199996e+00 1.73099995e+00 1.73099995e+00
    1.73300004e+00 1.77199996e+00 1.81099999e+00 1.81400001e+00
    1.81400001e+00 1.84700000e+00 1.88999999e+00 1.90600002e+00
    1.90600002e+00 1.92799997e+00 1.97200000e+00 2. 2. 2. 2. 2. 2. 2. 2.
    2. 2.03699994e+00 2.08299994e+00 2.09800005e+00 2.09800005e+00
    2.09800005e+00 2.09800005e+00 2.09800005e+00 2.09800005e+00
    2.09800005e+00 2.09800005e+00 2.09800005e+00 2.09800005e+00
    2.09800005e+00 2.05299997e+00 2.00699997e+00 1.80599999e+00
    1.76999998e+00 1.74600005e+00 1.72599995e+00 1.72599995e+00
    1.72899997e+00 1.78799999e+00 1.84700000e+00 1.85200000e+00
    1.85200000e+00 1.87100005e+00 1.89699996e+00 1.90600002e+00
    1.90600002e+00 1.92799997e+00 1.97200000e+00 2. 2. 2. 2. 2. 2. 2. 2.
    2. 2.03699994e+00 2.08299994e+00 2.09800005e+00 2.09800005e+00
    2.09800005e+00 2.09800005e+00 2.10599995e+00 2.12500000e+00
    2.14000010e+00 2.14000010e+00 2.14000010e+00 2.14000010e+00
    2.14000010e+00 2.07500005e+00 2.00999999e+00 1.76400006e+00
    1.73500001e+00 1.73000002e+00 1.72599995e+00 1.72599995e+00
    1.73000002e+00 1.80900002e+00 1.88800001e+00 1.89499998e+00
    1.89499998e+00 1.89900005e+00 1.90400004e+00 1.90600002e+00
    1.90600002e+00 1.92799997e+00 1.97200000e+00 2. 2. 2. 2. 2. 2. 2. 2.
    2. 2.03699994e+00 2.08299994e+00 2.09800005e+00 2.09800005e+00
    2.09800005e+00 2.09800005e+00 2.11400008e+00 2.15599990e+00
    2.18700004e+00 2.18700004e+00 2.18700004e+00 2.18700004e+00
    2.18700004e+00 2.10100007e+00 2.01399994e+00 1.75399995e+00
    1.72599995e+00 1.72599995e+00 1.72599995e+00 1.72599995e+00
    1.68299997e+00 0. 0. 0. 1.73000002e+00 1.93900001e+00 1.93900001e+00
