<?xml version="1.0"?>
<opencv_storage>
<Depth type_id="opencv-matrix">
  <rows>40</rows>
  <cols>40</cols>
  <dt>f</dt>
  <data>
    0. 0. 0. 0. 0. 0. 0. 0. 0. 0. 0. 0. 0. 0. 0. 0. 0. 0. 0. 0. 0. 0. 0.
    0. 0. 0. 0. 0. 0. 0. 0. 0. 0. 0. 0. 0. 0. 0. 0. 0. 0. 0. 0. 0. 0. 0.
    0. 0. 0. 0. 0. 0. 0. 0. 0. 0. 0. 0. 0. 0. 0. 0. 0. 0. 0. 0. 0. 0. 0.
    0. 0. 0. 0. 0. 0. 0. 0. 0. 0. 0. 0. 0. 0. 0. 0. 0. 0. 0. 0. 0. 0. 0.
    0. 0. 0. 0. 0. 0. 0. 0. 0. 0. 0. 0. 0. 0. 0. 0. 0. 0. 0. 0. 0. 0. 0.
    0. 0. 0. 0. 0. 0. 0. 0. 0. 0. 0. 0. 0. 0. 0. 0. 0. 0. 0. 0. 0. 0. 0.
    0. 0. 0. 0. 0. 0. 0. 0. 0. 0. 0. 0. 0. 0. 0. 0. 0. 0. 0. 0. 0. 0. 0.
    0. 0. 0. 0. 0. 0. 0. 0. 0. 0. 0. 0. 0. 0. 0. 0. 0. 0. 0. 0. 0. 0. 0.
    0. 0. 0. 0. 0. 0. 0. 0. 0. 0. 0. 0. 0. 0. 0. 0. 0. 0. 0. 0. 0. 0. 0.
    0. 0. 0. 0. 0. 0. 0. 0. 0. 0. 0. 0. 0. 0. 0. 0. 0. 0. 0. 0. 0. 0. 0.
    0. 0. 0. 0. 0. 0. 0. 0. 0. 0. 0. 0. 0. 0. 0. 0. 0. 0. 0. 0. 0. 0. 0.
    0. 0. 0. 0. 0. 0. 0. 0. 0. 0. 0. 0. 0. 0. 0. 0. 0. 0. 0. 0. 0. 0. 0.
    0. 0. 0. 0. 0. 0. 0. 0. 0. 0. 0. 0. 0. 0. 2. 2. 2. 2. 2. 2. 2. 2. 2.
    2. 2. 2. 2. 2. 2. 2. 2. 2. 2. 0. 0. 0. 0. 0. 0. 0. 0. 0. 0. 0. 0. 0.
    0. 0. 0. 0. 0. 0. 0. 0. 2. 2. 2. 2. 2. 2. 2. 2. 2. 2. 2. 2. 2. 2. 2.
    2. 2. 2. 2. 0. 0. 0. 0. 0. 0. 0. 0. 0. 0. 0. 0. 0. 0. 0. 0. 0. 0. 0.
    0. 0. 2. 2. 2. 2. 2. 2. 2. 2. 1.99199998e+00 1.97300005e+00
    1.95500004e+00 1.94099998e+00 1.94099998e+00 1.94099998e+00
    1.94099998e+00 1.94099998e+00 1.94099998e+00 1.94099998e+00
    1.94099998e+00 0. 0. 0. 0. 0. 0. 0. 0. 0. 0. 0. 0. 0. 0. 0. 0. 0. 0.
    0. 0. 0. 2. 2. 2. 2. 2. 2. 2. 2. 1.98199999e+00 1.94299996e+00
    1.90400004e+00 1.87500000e+00 1.87500000e+00 1.87500000e+00
    1.87500000e+00 1.87500000e+00 1.87500000e+00 1.87500000e+00
    1.87500000e+00 0. 0. 0. 0. 0. 0. 0. 0. 0. 0. 0. 0. 0. 0. 0. 0. 0. 0.
    0. 0. 0. 2. 2. 2. 2. 2. 2. 2. 2. 1.97300005e+00 1.91299999e+00
    1.85399997e+00 1.80799997e+00 1.80799997e+00 1.80799997e+00
    1.80799997e+00 1.80799997e+00 1.80799997e+00 1.80799997e+00
    1.80799997e+00 0. 0. 0. 0. 0. 0. 0. 0. 0. 0. 0. 0. 0. 0. 0. 0. 0. 0.
    0. 0. 0. 2. 2. 2. 2. 2. 2. 2. 2. 1.97000003e+00 1.90300000e+00
    1.83700001e+00 1.78699994e+00 1.78699994e+00 1.78699994e+00
    1.78699994e+00 1.78699994e+00 1.78699994e+00 1.78699994e+00
    1.78699994e+00 0. 0. 0. 0. 0. 0. 0. 0. 0. 0. 0. 0. 0. 0. 0. 0. 0. 0.
    0. 0. 0. 2. 2. 2. 2. 2. 2. 2. 2. 1.97000003e+00 1.90300000e+00
    1.83700001e+00 1.78699994e+00 1.78699994e+00 1.78699994e+00
    1.78699994e+00 1.78699994e+00 1.78699994e+00 1.78699994e+00
    1.78699994e+00 0. 0. 0. 0. 0. 0. 0. 0. 0. 0. 0. 0. 0. 0. 0. 0. 0. 0.
    0. 0. 0. 2. 2. 2. 2. 2. 2. 2. 2. 1.97000003e+00 1.90300000e+00
    1.83700001e+00 1.78699994e+00 1.78699994e+00 1.78699994e+00
    1.78699994e+00 1.78699994e+00 1.78699994e+00 1.78699994e+00
    1.78699994e+00 0. 0. 0. 0. 0. 0. 0. 0. 0. 0. 0. 0. 0. 0. 0. 0. 0. 0.
    0. 0. 0. 2.03200006e+00 2.03200006e+00 2.02300000e+00 2.01300001e+00
    2.00300002e+00 2. 2. 2. 1.97399998e+00 1.91700006e+00 1.86000001e+00
    1.81500006e+00 1.80599999e+00 1.79600000e+00 1.78699994e+00
    1.78699994e+00 1.78699994e+00 1.78699994e+00 1.78699994e+00 0. 0. 0.
    0. 0. 0. 0. 0. 0. 0. 0. 0. 0. 0. 0. 0. 0. 0. 0. 0. 0. 2.10100007e+00
    2.10100007e+00 2.07299995e+00 2.04200006e+00 2.00999999e+00 2. 2. 2.
    1.98300004e+00 1.94700003e+00 1.91100001e+00 1.87600005e+00
    1.84599996e+00 1.81599998e+00 1.78699994e+00 1.78699994e+00
    1.78699994e+00 1.78699994e+00 1.78699994e+00 0. 0. 0. 0. 0. 0. 0. 0.
    0. 0. 0. 0. 0. 0. 0. 0. 0. 0. 0. 0. 0. 2.17100000e+00 2.17100000e+00
    2.12299991e+00 2.06999993e+00 2.01699996e+00 2. 2. 2. 1.99300003e+00
    1.97700000e+00 1.96200001e+00 1.93799996e+00 1.88699996e+00
    1.83599997e+00 1.78699994e+00 1.78699994e+00 1.78699994e+00
    1.78699994e+00 1.78699994e+00 0. 0. 0. 0. 0. 0. 0. 0. 0. 0. 0. 0. 0.
    0. 0. 0. 0. 0. 0. 0. 0. 2.22300005e+00 2.22300005e+00 2.16100001e+00
    2.09200001e+00 2.02200007e+00 2. 2. 2. 2. 2. 2. 1.98399997e+00
    1.91799998e+00 1.85099995e+00 1.78699994e+00 1.78199995e+00
    1.77699995e+00 1.77300000e+00 1.77199996e+00 0. 0. 0. 0. 0. 0. 0. 0.
    0. 0. 0. 0. 0. 0. 0. 0. 0. 0. 0. 0. 0. 2.22300005e+00 2.22300005e+00
    2.16100001e+00 2.09200001e+00 2.02200007e+00 2. 2. 2. 2. 2. 2.
    1.98399997e+00 1.91799998e+00 1.85099995e+00 1.78600001e+00
    1.76199996e+00 1.73800004e+00 1.71399999e+00 1.70899999e+00 0. 0. 0.
    0. 0. 0. 0. 0. 0. 0. 0. 0. 0. 0. 0. 0. 0. 0. 0. 0. 0. 2.22300005e+00
    2.22300005e+00 2.16100001e+00 2.09200001e+00 2.02200007e+00 2. 2. 2.
    2. 2. 2. 1.98399997e+00 1.91799998e+00 1.85099995e+00 1.78600001e+00
    1.74199998e+00 1.69900000e+00 1.65499997e+00 1.64699996e+00 0. 0. 0.
    0. 0. 0. 0. 0. 0. 0. 0. 0. 0. 0. 0. 0. 0. 0. 0. 0. 0. 2.22300005e+00
    2.22300005e+00 2.16100001e+00 2.09200001e+00 2.02200007e+00 2. 2. 2.
    2. 2. 2. 1.98399997e+00 1.91799998e+00 1.85099995e+00 1.78499997e+00
    1.72300005e+00 1.65999997e+00 1.59800005e+00 1.58599997e+00 0. 0. 0.
    0. 0. 0. 0. 0. 0. 0. 0. 0. 0. 0. 0. 0. 0. 0. 0. 0. 0. 2.22300005e+00
    2.22300005e+00 2.16100001e+00 2.09200001e+00 2.02200007e+00 2. 2. 2.
    2. 2. 2. 1.98399997e+00 1.91799998e+00 1.85099995e+00 1.78499997e+00
    1.72300005e+00 1.65999997e+00 1.59800005e+00 1.58599997e+00 0. 0. 0.
    0. 0. 0. 0. 0. 0. 0. 0. 0. 0. 0. 0. 0. 0. 0. 0. 0. 0. 2.22300005e+00
    2.22300005e+00 2.16100001e+00 2.09200001e+00 2.02200007e+00 2. 2. 2.
    2. 2. 2. 1.98399997e+00 1.91799998e+00 1.85099995e+00 1.78499997e+00
    1.72300005e+00 1.65999997e+00 1.59800005e+00 1.58599997e+00 0. 0. 0.
    0. 0. 0. 0. 0. 0. 0. 0. 0. 0. 0. 0. 0. 0. 0. 0. 0. 0. 2.22300005e+00
    2.22300005e+00 2.16100001e+00 2.09200001e+00 2.02200007e+00 2. 2. 2.
    2. 2. 2. 1.98399997e+00 1.91799998e+00 1.85099995e+00 1.78499997e+00
    1.72300005e+00 1.65999997e+00 1.59800005e+00 1.58599997e+00 0. 0. 0.
    0. 0. 0. 0. 0. 0. 0. 0. 0. 0. 0. 0. 0. 0. 0. 0. 0. 0. 2.16700006e+00
    2.16700006e+00 2.12100005e+00 2.06900001e+00 2.01699996e+00 2. 2. 2.
    2. 2. 2. 1.98399997e+00 1.91799998e+00 1.85099995e+00 1.78499997e+00
    1.69200003e+00 1.60000002e+00 1.50800002e+00 1.49100006e+00 0. 0. 0.
    0. 0. 0. 0. 0. 0. 0. 0. 0. 0. 0. 0. 0. 0. 0. 0. 0. 0. 2.09699988e+00
    2.09699988e+00 2.06999993e+00 2.03999996e+00 2.00999999e+00 2. 2. 2.
    2. 2. 2. 1.98399997e+00 1.91799998e+00 1.85099995e+00 1.78400004e+00
    1.65499997e+00 1.52699995e+00 1.39800000e+00 1.37399995e+00 0. 0. 0.
    0. 0. 0. 0. 0. 0. 0. 0. 0. 0. 0. 0. 0. 0. 0. 0. 0. 0. 2.02800012e+00
    2.02800012e+00 2.01999998e+00 2.01200008e+00 2.00300002e+00 2. 2. 2.
    2. 2. 2. 1.98399997e+00 1.91799998e+00 1.85099995e+00 1.78299999e+00
    1.61800003e+00 1.45299995e+00 1.28799999e+00 1.25699997e+00 0. 0. 0.
    0. 0. 0. 0. 0. 0. 0. 0. 0. 0. 0. 0. 0. 0. 0. 0. 0. 0. 2. 2. 2. 2. 2.
    2. 2. 2. 2. 2. 2. 1.98399997e+00 1.91799998e+00 1.85099995e+00
    1.78199995e+00 1.60200000e+00 1.42299998e+00 1.24300003e+00
    1.20899999e+00 0. 0. 0. 0. 0. 0. 0. 0. 0. 0. 0. 0. 0. 0. 0. 0. 0. 0.
    0. 0. 0. 2. 2. 2. 2. 2. 2. 2. 2. 2. 2. 2. 1.98399997e+00
    1.91799998e+00 1.85099995e+00 1.78199995e+00 1.60200000e+00
    1.42299998e+00 1.24300003e+00 1.20899999e+00 0. 0. 0. 0. 0. 0. 0. 0.
    0. 0. 0. 0. 0. 0. 0. 0. 0. 0. 0. 0. 0. 2. 2. 2. 2. 2. 2. 2. 2. 2. 2.
    2. 1.98399997e+00 1.91799998e+00 1.85099995e+00 1.78199995e+00
    1.60200000e+00 1.42299998e+00 1.24300003e+00 1.20899999e+00 0. 0. 0.
    0. 0. 0. 0. 0. 0. 0. 0. 0. 0. 0. 0. 0. 0. 0. 0. 0. 0. 2. 2. 2. 2. 2.
    2. 2. 2. 2. 2. 2. 1.98399997e+00 1.91799998e+00 1.85099995e+00
    1.78199995e+00 1.60200000e+00 1.42299998e+00 1.24300003e+00
    1.20899999e+00 0. 0. 0. 0. 0. 0. 0. 0. 0. 0. 0. 0. 0. 0. 0. 0. 0. 0.
    0. 0. 0. 2. 2. 2. 2. 2. 2. 2. 2. 2. 2. 2. 1.98399997e+00
    1.91799998e+00 1.85099995e+00 1.78199995e+00 1.60200000e+00
    1.42299998e+00 1.24300003e+00 1.20899999e+00 0. 0. 0. 0. 0. 0. 0. 0.
