<?xml version="1.0"?>
<opencv_storage>
<Depth type_id="opencv-matrix">
  <rows>40</rows>
  <cols>40</cols>
  <dt>f</dt>
  <data>
    0. 0. 0. 0. 0. 0. 0. 0. 0. 0. 0. 0. 0. 0. 0. 2.01099992e+00
    2.00600004e+00 2.00600004e+00 2.00900006e+00 1.27199996e+00
    1.27199996e+00 1.27800000e+00 1.93700004e+00 2.01699996e+00
    2.01500010e+00 2.01200008e+00 2.01099992e+00 0. 0. 0. 0. 0. 0. 0. 0.
    0. 0. 0. 0. 0. 0. 0. 0. 0. 0. 0. 0. 0. 0. 0. 0. 0. 0. 0. 0.
    2.01900005e+00 2.00799990e+00 2. 2. 2.00600004e+00 2.00600004e+00
    2.00600004e+00 2.01099992e+00 2.00600004e+00 2.01099992e+00
    2.01099992e+00 2.00900006e+00 0. 0. 0. 0. 0. 0. 0. 0. 0. 0. 0. 0. 0.
    0. 0. 0. 0. 0. 0. 0. 0. 0. 0. 0. 0. 0. 0. 0. 2.01500010e+00
    2.00799990e+00 2. 2. 2.00600004e+00 2.00600004e+00 2.00600004e+00
    2.01099992e+00 2.00600004e+00 2.00900006e+00 2.00999999e+00
    2.00600004e+00 0. 0. 0. 0. 0. 0. 0. 0. 0. 0. 0. 0. 0. 0. 0. 0. 0. 0.
    0. 0. 0. 0. 0. 0. 0. 0. 0. 0. 2.00399995e+00 2.00500011e+00
    2.00500011e+00 2.00200009e+00 2.00600004e+00 2.00799990e+00
    2.00999999e+00 2.00999999e+00 2.00600004e+00 2.00600004e+00
    2.00600004e+00 2. 0. 0. 0. 0. 0. 0. 0. 0. 0. 0. 0. 0. 0. 0. 0. 0. 0.
    0. 0. 0. 0. 0. 0. 0. 0. 0. 0. 0. 2.00099993e+00 2.00099993e+00
    2.00600004e+00 2.00600004e+00 2.01099992e+00 2.01099992e+00
    2.00699997e+00 2.00600004e+00 2.00600004e+00 2.00600004e+00
    2.00600004e+00 1.99699998e+00 0. 0. 0. 0. 0. 0. 0. 0. 0. 0. 0. 0. 0.
    0. 0. 0. 0. 0. 0. 0. 0. 0. 0. 0. 0. 0. 0. 0. 2.00399995e+00 2. 2.
    2.00600004e+00 2.01099992e+00 2.01099992e+00 2.01099992e+00
    2.00600004e+00 2.00500011e+00 2.00500011e+00 2.00200009e+00 2. 0. 0.
    0. 0. 0. 0. 0. 0. 0. 0. 0. 0. 0. 0. 0. 0. 0. 0. 0. 0. 0. 0. 0. 0. 0.
    0. 0. 0. 2.00399995e+00 2. 2. 2.00500011e+00 2.01099992e+00
    2.00600004e+00 2.01099992e+00 2.01099992e+00 2.00099993e+00 2.
    2.00200009e+00 2. 0. 0. 0. 0. 0. 0. 0. 0. 0. 0. 0. 0. 0. 0. 0. 0. 0.
    0. 0. 0. 0. 0. 0. 0. 0. 0. 0. 0. 2. 2. 2. 2.00099993e+00
    2.01099992e+00 2.00600004e+00 2.01099992e+00 2.01099992e+00
    2.00099993e+00 2. 2.00600004e+00 2.00900006e+00 0. 0. 0. 0. 0. 0. 0.
    0. 0. 0. 0. 0. 0. 0. 0. 0. 0. 0. 0. 0. 0. 0. 0. 0. 0. 0. 0. 0. 2. 2.
    2. 2.00600004e+00 2.01099992e+00 2.00600004e+00 2.01099992e+00
    2.01099992e+00 2.00699997e+00 2.00600004e+00 2.00600004e+00
    2.00900006e+00 0. 0. 0. 0. 0. 0. 0. 0. 0. 0. 0. 0. 0. 0. 0. 0. 0. 0.
    0. 0. 0. 0. 0. 0. 0. 0. 0. 0. 2. 2. 2. 2.00600004e+00 2.00600004e+00
    2.00600004e+00 2.00600004e+00 2.00600004e+00 2.00600004e+00
    2.00600004e+00 2.00600004e+00 2.00600004e+00 0. 0. 0. 0. 0. 0. 0. 0.
    0. 0. 0. 0. 0. 0. 0. 0. 0. 0. 0. 0. 0. 0. 0. 0. 0. 0. 0. 0. 2. 2. 2.
    2. 2. 2. 2.00600004e+00 2.00600004e+00 2.00099993e+00 2.00600004e+00
    2.00600004e+00 2. 0. 0. 0. 0. 0. 0. 0. 0. 0. 0. 0. 0. 0. 0. 0. 0. 0.
    0. 0. 0. 0. 0. 0. 0. 0. 0. 0. 0. 2.00399995e+00 2. 2. 2. 2. 2.
    2.00600004e+00 2.00600004e+00 2. 1.99699998e+00 1.99899995e+00 2. 0.
    0. 0. 0. 0. 0. 0. 0. 0. 0. 0. 0. 0. 0. 0. 0. 0. 0. 0. 0. 0. 0. 0. 0.
    0. 0. 0. 2.00600004e+00 2.00600004e+00 2.00600004e+00 2.00399995e+00
    2. 2. 1.99600005e+00 2. 2.00600004e+00 1.99600005e+00 1.99500000e+00
    1.99500000e+00 1.99800003e+00 0. 0. 0. 0. 0. 0. 0. 0. 0. 0. 0. 0. 0.
    0. 0. 0. 0. 0. 0. 0. 0. 0. 0. 0. 0. 0. 0. 2.00600004e+00 2. 2. 2. 2.
    2. 1.99899995e+00 2. 2.00600004e+00 2. 2. 2. 2.00099993e+00 0. 0. 0.
    0. 0. 0. 0. 0. 0. 0. 0. 0. 0. 0. 0. 0. 0. 0. 0. 0. 0. 0. 0. 0. 0. 0.
    0. 2.00600004e+00 1.99899995e+00 1.99699998e+00 1.99699998e+00 2.
    2.00399995e+00 2. 2.00600004e+00 2.00200009e+00 1.99699998e+00
    1.99899995e+00 2.00399995e+00 2. 0. 0. 0. 0. 0. 0. 0. 0. 0. 0. 0. 0.
    0. 0. 0. 0. 0. 0. 0. 0. 0. 0. 0. 0. 0. 0. 0. 2.00600004e+00
    1.99600005e+00 1.99500000e+00 1.99600005e+00 2. 2.00600004e+00
    2.00200009e+00 2.00200009e+00 2.00099993e+00 1.99800003e+00 2. 2. 2.
    0. 0. 0. 0. 0. 0. 0. 0. 0. 0. 0. 0. 0. 0. 0. 0. 0. 0. 0. 0. 0. 0. 0.
    0. 0. 0. 0. 2.00200009e+00 1.99800003e+00 1.99500000e+00
    1.99500000e+00 2. 2.00600004e+00 2. 2. 2.00500011e+00 2. 2.
    1.99600005e+00 1.99500000e+00 0. 0. 0. 0. 0. 0. 0. 0. 0. 0. 0. 0. 0.
    0. 0. 0. 0. 0. 0. 0. 0. 0. 0. 0. 0. 0. 0. 2.00399995e+00 2.
    1.99500000e+00 1.99500000e+00 2. 2. 1.99500000e+00 2. 2. 2. 2.
    1.99600005e+00 1.99500000e+00 0. 0. 0. 0. 0. 0. 0. 0. 0. 0. 0. 0. 0.
    0. 0. 0. 0. 0. 0. 0. 0. 0. 0. 0. 0. 0. 0. 1.99899995e+00
    1.99699998e+00 1.99500000e+00 1.99500000e+00 2. 2.00300002e+00
    1.99500000e+00 1.99800003e+00 2.00500011e+00 2. 2. 1.99100006e+00
    1.47200000e+00 0. 0. 0. 0. 0. 0. 0. 0. 0. 0. 0. 0. 0. 0. 0. 0. 0. 0.
    0. 0. 0. 0. 0. 0. 0. 0. 2.71900010e+00 1.99899995e+00 1.99500000e+00
    1.99500000e+00 1.99500000e+00 1.99500000e+00 2. 1.99500000e+00
    1.99699998e+00 2. 1.99600005e+00 1.99500000e+00 1.99300003e+00
    1.99000001e+00 0. 0. 0. 0. 0. 0. 0. 0. 0. 0. 0. 0. 0. 0. 0. 0. 0. 0.
    0. 0. 0. 0. 0. 0. 0. 0. 2.00399995e+00 2. 1.99600005e+00
    1.99500000e+00 1.99500000e+00 1.99500000e+00 2.00200009e+00 2. 2. 2.
    2. 2. 1.99199998e+00 1.99100006e+00 0. 0. 0. 0. 0. 0. 0. 0. 0. 0. 0.
    0. 0. 0. 0. 0. 0. 0. 0. 0. 0. 0. 0. 0. 0. 0. 2.00600004e+00 2.
    1.99899995e+00 1.99500000e+00 1.99500000e+00 1.99500000e+00
    2.00600004e+00 2. 2. 2. 2.00099993e+00 2. 2. 2.47199988e+00 0. 0. 0.
    0. 0. 0. 0. 0. 0. 0. 0. 0. 0. 0. 0. 0. 0. 0. 0. 0. 0. 0. 0. 0. 0. 0.
    2.00600004e+00 2.00399995e+00 1.99500000e+00 1.99500000e+00
    1.99500000e+00 1.99600005e+00 2.00600004e+00 2. 2. 2. 2.
    2.00600004e+00 2.00099993e+00 0. 0. 0. 0. 0. 0. 0. 0. 0. 0. 0. 0. 0.
    0. 0. 0. 0. 0. 0. 0. 0. 0. 0. 0. 0. 0. 2.80800009e+00 2.00699997e+00
    1.99800003e+00 1.99500000e+00 1.99399996e+00 1.99600005e+00
    1.99500000e+00 2. 2. 2. 2. 2. 2.00600004e+00 2. 0. 0. 0. 0. 0. 0. 0.
    0. 0. 0. 0. 0. 0. 0. 0. 0. 0. 0. 0. 0. 0. 0. 0. 0. 0. 0. 0.
    2.02999997e+00 1.99800003e+00 1.99300003e+00 1.99100006e+00 2. 2.
    2.00600004e+00 2. 2. 2. 2. 2. 2. 0. 0. 0. 0. 0. 0. 0. 0. 0. 0. 0. 0.
    0. 0. 0. 0. 0. 0. 0. 0. 0. 0. 0. 0. 0. 0. 2.40000010e+00
    2.38700008e+00 1.99500000e+00 1.99500000e+00 1.99500000e+00
    1.99500000e+00 1.99600005e+00 2.00600004e+00 2. 2. 2. 2.
    2.00099993e+00 2. 0. 0. 0. 0. 0. 0. 0. 0. 0. 0. 0. 0. 0. 0. 0. 0. 0.
    0. 0. 0. 0. 0. 0. 0. 0. 0. 2.39100003e+00 2.22900009e+00
    1.99600005e+00 1.98899996e+00 1.99500000e+00 1.99500000e+00 2.
    2.00600004e+00 2. 2. 2. 2.00500011e+00 2. 2. 2.06599998e+00 0. 0. 0.
    0. 0. 0. 0. 0. 0. 0. 0. 0. 0. 0. 0. 0. 0. 0. 0. 0. 0. 0. 0. 0. 0.
    2.37299991e+00 2.02900004e+00 1.99600005e+00 1.98899996e+00
    1.99500000e+00 1.99600005e+00 2. 2.00099993e+00 2. 2. 1.99600005e+00
    1.99899995e+00 2. 2. 0. 0. 0. 0. 0. 0. 0. 0. 0. 0. 0. 0. 0. 0. 0. 0.
    0. 0. 0. 0. 0. 0. 0. 0. 0. 0. 2.35899997e+00 2.17799997e+00
    1.99600005e+00 1.98899996e+00 1.99100006e+00 2. 1.99600005e+00 2. 2.
    2. 1.99899995e+00 2. 2. 2. 0. 0. 0. 0. 0. 0. 0. 0. 0. 0. 0. 0. 0. 0.
    0. 0. 0. 0. 0. 0. 0. 0. 0. 0. 0. 0. 2.34299994e+00 2.04200006e+00
    1.99899995e+00 1.99800003e+00 2.00399995e+00 1.99899995e+00
    1.99500000e+00 2. 2. 1.99500000e+00 1.99600005e+00 1.99899995e+00 2.
    2. 0. 0. 0. 0. 0. 0. 0. 0. 0. 0. 0. 0. 0. 0. 0. 0. 0. 0. 0. 0. 0. 0.
    0. 0. 0. 0. 2.33200002e+00 2.00399995e+00 2.00399995e+00
    2.00600004e+00 2.00500011e+00 1.99899995e+00 1.99500000e+00 2. 2.
    1.99500000e+00 1.99500000e+00 1.99500000e+00 1.99600005e+00 2. 0. 0.
    0. 0. 0. 0. 0. 0. 0. 0. 0. 0. 0. 0. 0. 0. 0. 0. 0. 0. 0. 0. 0. 0. 0.
    0. 2.31900001e+00 2.00600004e+00 2.00200009e+00 1.99699998e+00 2.
    1.99600005e+00 1.99500000e+00 2. 1.99500000e+00 1.99500000e+00
    1.99500000e+00 1.99500000e+00 1.99500000e+00 2.33100009e+00
    2.33200002e+00 0. 0. 0. 0. 0. 0. 0. 0. 0. 0. 0. 0. 0. 0. 0. 0. 0. 0.
    0. 0. 0. 0. 0. 0. 0. 2.31100011e+00 2.00399995e+00 1.99600005e+00
    1.98899996e+00 1.99000001e+00 1.99500000e+00 1.99100006e+00
