<?xml version="1.0"?>
<opencv_storage>
<Depth type_id="opencv-matrix">
  <rows>40</rows>
  <cols>40</cols>
  <dt>f</dt>
  <data>
    0. 0. 0. 0. 0. 0. 0. 0. 0. 0. 0. 0. 0. 0. 0. 0. 0. 0. 0. 0. 0. 0. 0.
    0. 0. 0. 0. 0. 0. 0. 0. 0. 0. 0. 0. 0. 0. 0. 0. 0. 0. 0. 0. 0. 0. 0.
    0. 0. 0. 0. 0. 0. 0. 0. 0. 0. 0. 0. 0. 0. 0. 0. 0. 0. 0. 0. 0. 0. 0.
    0. 0. 0. 0. 0. 0. 0. 0. 0. 0. 0. 0. 0. 0. 0. 0. 0. 0. 0. 0. 0. 0. 0.
    0. 0. 0. 0. 0. 0. 0. 0. 0. 0. 0. 0. 0. 0. 0. 0. 0. 0. 0. 0. 0. 0. 0.
    0. 0. 0. 0. 0. 0. 0. 0. 0. 0. 0. 0. 0. 0. 0. 0. 0. 0. 0. 0. 0. 0. 0.
    0. 0. 0. 0. 0. 0. 0. 0. 0. 0. 0. 0. 0. 0. 0. 0. 0. 0. 0. 0. 0. 0. 0.
    0. 0. 0. 0. 0. 0. 0. 0. 0. 0. 0. 0. 0. 0. 0. 0. 0. 0. 0. 0. 0. 0. 0.
    0. 0. 0. 0. 0. 0. 0. 0. 0. 0. 0. 0. 0. 0. 0. 0. 0. 0. 0. 0. 0. 0. 0.
    0. 0. 0. 0. 0. 0. 0. 0. 0. 0. 0. 0. 0. 0. 0. 0. 0. 0. 0. 0. 0. 0. 0.
    0. 0. 0. 0. 0. 0. 0. 0. 0. 0. 0. 0. 0. 0. 0. 0. 0. 0. 0. 0. 0. 0. 0.
    0. 0. 0. 0. 0. 0. 0. 0. 0. 0. 0. 0. 0. 0. 0. 0. 0. 0. 0. 0. 0. 0. 0.
    0. 0. 0. 0. 0. 0. 0. 0. 0. 0. 0. 0. 0. 0. 0. 0. 0. 0. 0. 0. 0. 0. 0.
    0. 0. 0. 0. 0. 0. 0. 0. 0. 0. 0. 0. 0. 0. 0. 0. 0. 0. 0. 0. 0. 0. 0.
    0. 0. 0. 0. 0. 0. 0. 0. 0. 0. 0. 0. 0. 0. 0. 0. 0. 0. 0. 0. 0. 0. 0.
    0. 0. 0. 0. 0. 0. 0. 0. 0. 0. 0. 0. 0. 0. 0. 0. 0. 0. 0. 0. 0. 0. 0.
    0. 0. 0. 0. 0. 0. 0. 0. 0. 0. 0. 0. 0. 0. 0. 0. 0. 0. 0. 0. 0. 0. 0.
    0. 0. 0. 0. 0. 0. 0. 0. 0. 0. 0. 0. 0. 0. 0. 0. 0. 0. 0. 0. 0. 0. 0.
    0. 0. 0. 0. 0. 0. 0. 0. 0. 0. 0. 0. 0. 0. 0. 0. 0. 0. 0. 0. 0. 0. 0.
    0. 0. 0. 0. 0. 0. 0. 0. 0. 0. 0. 0. 0. 0. 0. 0. 0. 0. 0. 0. 0. 0. 0.
    0. 0. 0. 0. 0. 0. 0. 0. 0. 0. 0. 0. 0. 0. 0. 0. 0. 0. 0. 0. 0. 0. 0.
    0. 0. 0. 0. 0. 0. 0. 0. 0. 0. 0. 0. 0. 0. 0. 0. 0. 0. 0. 0. 0. 0. 0.
    0. 0. 0. 0. 0. 0. 0. 0. 0. 0. 0. 0. 0. 0. 2.02200007e+00
    2.05500007e+00 2.01600003e+00 2. 2. 2. 2. 2. 2. 2. 2. 2. 2. 2.
    2.02800012e+00 2.06599998e+00 2.03299999e+00 1.99500000e+00
    1.95799994e+00 1.93200004e+00 1.93200004e+00 1.95099998e+00
    1.98899996e+00 2. 2. 2.03500009e+00 2.06500006e+00 2.02699995e+00 2.
    2. 2.01900005e+00 2.05699992e+00 2.06900001e+00 2.06900001e+00
    2.06900001e+00 2.06900001e+00 2.06900001e+00 2.06900001e+00
    2.06900001e+00 2.06900001e+00 2.02200007e+00 2.05500007e+00
    2.01600003e+00 2. 2. 2. 2. 2. 2. 2. 2. 2. 2. 2. 2.02800012e+00
    2.06599998e+00 2.03299999e+00 1.99699998e+00 1.97200000e+00
    1.95400000e+00 1.95400000e+00 1.96800005e+00 1.99300003e+00 2. 2.
    2.03500009e+00 2.06599998e+00 2.04099989e+00 2.02300000e+00
    2.02300000e+00 2.03500009e+00 2.06100011e+00 2.06900001e+00
    2.06900001e+00 2.06900001e+00 2.06900001e+00 2.06900001e+00
    2.06900001e+00 2.06900001e+00 2.06900001e+00 2.02200007e+00
    2.05500007e+00 2.01600003e+00 2. 2. 2. 2. 2. 2. 2. 2. 2. 2. 2.
    2.02800012e+00 2.06599998e+00 2.03299999e+00 1.99899995e+00
    1.99500000e+00 1.99199998e+00 1.99199998e+00 1.99399996e+00
    1.99899995e+00 2. 2. 2.03500009e+00 2.06900001e+00 2.06399989e+00
    2.06100011e+00 2.06100011e+00 2.06299996e+00 2.06800008e+00
    2.06900001e+00 2.06900001e+00 2.06900001e+00 2.06900001e+00
    2.06900001e+00 2.06900001e+00 2.06900001e+00 2.06900001e+00
    2.01200008e+00 2.03099990e+00 2.00900006e+00 2. 2. 2. 2. 2. 2. 2. 2.
    2. 2.00900006e+00 2.02600002e+00 2.04600000e+00 2.06800008e+00
    2.04900002e+00 2.02800012e+00 2.01099992e+00 2. 2. 2. 2. 2. 2.
    2.03500009e+00 2.06900001e+00 2.06900001e+00 2.06900001e+00
    2.06900001e+00 2.06900001e+00 2.06900001e+00 2.06900001e+00
    2.06900001e+00 2.06900001e+00 2.06900001e+00 2.06900001e+00
    2.06900001e+00 2.06900001e+00 2.06900001e+00 2. 2. 2. 2. 2. 2. 2. 2.
    2. 2. 2. 2. 2.02099991e+00 2.05900002e+00 2.06900001e+00
    2.06900001e+00 2.06900001e+00 2.06399989e+00 2.02600002e+00 2. 2. 2.
    2. 2. 2. 2.03500009e+00 2.06900001e+00 2.06900001e+00 2.06900001e+00
    2.06900001e+00 2.06900001e+00 2.06900001e+00 2.06900001e+00
    2.06900001e+00 2.06900001e+00 2.06900001e+00 2.06900001e+00
    2.06900001e+00 2.06900001e+00 2.06900001e+00 2. 2. 2. 2. 2. 2. 2. 2.
    2. 2. 2. 2. 2.00900006e+00 2.02699995e+00 2.03099990e+00
    2.03099990e+00 2.03099990e+00 2.02900004e+00 2.01200008e+00 2. 2. 2.
    2. 2.01500010e+00 2.03600001e+00 2.05299997e+00 2.06900001e+00
    2.06900001e+00 2.06900001e+00 2.06900001e+00 2.06900001e+00
    2.06900001e+00 2.06900001e+00 2.06900001e+00 2.06900001e+00
    2.06900001e+00 2.06900001e+00 2.06900001e+00 2.06900001e+00
    2.06900001e+00 2. 2. 2. 2. 2. 2. 2. 2. 2. 2. 2. 2. 2. 2. 2. 2. 2. 2.
    2. 2. 2. 2. 2. 2.02699995e+00 2.06500006e+00 2.06900001e+00
    2.06900001e+00 2.06900001e+00 2.06900001e+00 2.06900001e+00
    2.06900001e+00 2.06900001e+00 2.06900001e+00 2.06900001e+00
    2.06900001e+00 2.06900001e+00 2.06900001e+00 2.06900001e+00
    2.06900001e+00 2.06900001e+00 2. 2. 2. 2. 2. 2. 2. 2. 2. 2. 2. 2. 2.
    2. 2. 2. 2. 2. 2. 2. 2. 2. 2. 2.02699995e+00 2.06500006e+00
    2.06900001e+00 2.06900001e+00 2.06900001e+00 2.06900001e+00
    2.06900001e+00 2.06900001e+00 2.06900001e+00 2.06900001e+00
    2.06900001e+00 2.06900001e+00 2.06900001e+00 2.06900001e+00
    2.06900001e+00 2.06900001e+00 2.06900001e+00 1.99100006e+00
    1.98599994e+00 1.98599994e+00 1.98599994e+00 1.98599994e+00
    1.99199998e+00 2. 2. 2. 2. 2. 2. 2. 2. 2. 2. 2. 2.00099993e+00
    2.00900006e+00 2.01399994e+00 2.01399994e+00 2.01399994e+00
    2.01399994e+00 2.03600001e+00 2.06599998e+00 2.06900001e+00
    2.06900001e+00 2.06900001e+00 2.06900001e+00 2.06900001e+00
    2.06500006e+00 2.05699992e+00 2.05500007e+00 2.05500007e+00
    2.06200004e+00 2.06900001e+00 2.06900001e+00 2.06900001e+00
    2.06900001e+00 2.06900001e+00 1.96599996e+00 1.94799995e+00
    1.94799995e+00 1.94799995e+00 1.94799995e+00 1.97000003e+00
    1.99899995e+00 2. 2. 2. 2. 2. 2. 2. 2. 2. 2. 2.00399995e+00
    2.03299999e+00 2.05299997e+00 2.05299997e+00 2.05299997e+00
    2.05299997e+00 2.05900002e+00 2.06800008e+00 2.06900001e+00
    2.06900001e+00 2.06900001e+00 2.06900001e+00 2.06900001e+00
    2.05500007e+00 2.02600002e+00 2.01600003e+00 2.01600003e+00
    2.04200006e+00 2.06900001e+00 2.06900001e+00 2.06900001e+00
    2.06900001e+00 2.06900001e+00 1.94799995e+00 1.93200004e+00
    1.93200004e+00 1.93200004e+00 1.93200004e+00 1.96099997e+00
    1.99800003e+00 2.01200008e+00 2.02200007e+00 2.02200007e+00
    2.02200007e+00 2.02200007e+00 2.12899995e+00 2.32599998e+00
    2.39199996e+00 2.41100001e+00 2.41199994e+00 2.41499996e+00
    2.44199991e+00 2.45300007e+00 2.43400002e+00 2.42499995e+00
    2.42499995e+00 2.42499995e+00 2.42499995e+00 2.44199991e+00
    2.43700004e+00 2.22099996e+00 2.06900001e+00 2.06900001e+00
    2.04999995e+00 2.01200008e+00 2. 2. 2.02300000e+00 2.06100011e+00
    2.25200009e+00 2.39199996e+00 2.39199996e+00 2.32699990e+00
    1.93499994e+00 1.93200004e+00 1.93200004e+00 1.93200004e+00
    1.93200004e+00 1.96099997e+00 1.99800003e+00 2.03200006e+00
    2.05999994e+00 2.05999994e+00 2.05999994e+00 2.05999994e+00
    2.35500002e+00 2.89800000e+00 0. 0. 0. 0. 0. 0. 0. 0. 0. 0. 0. 0. 0.
    2.48799992e+00 2.06900001e+00 2.06900001e+00 2.04999995e+00
    2.01200008e+00 2. 2. 2.00399995e+00 2.04800010e+00 2.57299995e+00
    2.95799994e+00 2.95799994e+00 2.77900004e+00 1.93200004e+00
    1.93200004e+00 1.93200004e+00 1.93200004e+00 1.93200004e+00
    1.96099997e+00 1.99800003e+00 2.03699994e+00 2.06900001e+00
    2.06900001e+00 2.06900001e+00 2.06900001e+00 2.40799999e+00 0. 0. 0.
    0. 0. 0. 0. 0. 0. 0. 0. 0. 0. 0. 2.55100012e+00 2.06900001e+00
    2.06900001e+00 2.04999995e+00 2.01200008e+00 2. 2. 2. 2.04500008e+00
    2.64899993e+00 0. 0. 2.88599992e+00 0. 0. 0. 0. 0. 0. 0. 0. 0. 0. 0.
    0. 0. 0. 0. 0. 0. 0. 0. 0. 0. 0. 0. 0. 0. 0. 0. 0. 0. 0. 0. 0. 0. 0.
    0. 0. 0. 0. 0. 0. 0. 0. 0. 0. 0. 0. 0. 0. 0. 0. 0. 0. 0. 0. 0. 0. 0.
    0. 0. 0. 0. 0. 0. 0. 0. 0. 0. 0. 0. 0. 0. 0. 0. 0. 0. 0. 0. 0. 0. 0.
    0. 0. 0. 0. 0. 0. 0. 0. 0. 0. 0. 0. 0. 0. 0. 0. 0. 0. 0. 0. 0. 0. 0.
