<?xml version="1.0"?>
<opencv_storage>
<Depth type_id="opencv-matrix">
  <rows>40</rows>
  <cols>40</cols>
  <dt>f</dt>
  <data>
    0. 0. 0. 0. 0. 0. 0. 0. 0. 0. 0. 0. 0. 0. 0. 0. 0. 0. 0. 0. 0. 0. 0.
    0. 0. 0. 0. 0. 0. 0. 0. 0. 0. 0. 0. 0. 0. 0. 0. 0. 0. 0. 0. 0. 0. 0.
    0. 0. 0. 0. 0. 0. 0. 0. 0. 0. 0. 0. 0. 0. 0. 0. 0. 0. 0. 0. 0. 0. 0.
    0. 0. 0. 0. 0. 0. 0. 0. 0. 0. 0. 0. 0. 0. 0. 0. 0. 0. 0. 0. 0. 0. 0.
    0. 0. 0. 0. 0. 0. 0. 0. 0. 0. 0. 0. 0. 0. 0. 0. 0. 0. 0. 0. 0. 0. 0.
    0. 0. 0. 0. 0. 0. 0. 0. 0. 0. 0. 0. 0. 0. 0. 0. 0. 0. 0. 0. 0. 0. 0.
    0. 0. 0. 0. 0. 0. 0. 0. 0. 0. 0. 0. 0. 0. 0. 0. 0. 0. 0. 0. 0. 0. 0.
    0. 0. 0. 0. 0. 0. 0. 0. 0. 0. 0. 0. 0. 0. 0. 0. 0. 0. 0. 0. 0. 0. 0.
    0. 0. 0. 0. 0. 0. 0. 0. 0. 0. 0. 0. 0. 0. 0. 0. 0. 0. 0. 0. 0. 0. 0.
    0. 0. 0. 0. 0. 0. 0. 0. 0. 0. 0. 0. 0. 0. 0. 0. 0. 0. 0. 0. 0. 0. 0.
    0. 0. 0. 0. 0. 0. 0. 0. 0. 0. 0. 0. 0. 0. 0. 0. 0. 0. 0. 0. 0. 0. 0.
    0. 0. 0. 0. 0. 0. 0. 0. 0. 0. 0. 0. 0. 0. 0. 0. 0. 0. 0. 0. 0. 0. 0.
    0. 0. 0. 0. 0. 0. 0. 0. 0. 0. 0. 0. 0. 0. 0. 0. 0. 0. 0. 0. 0. 0. 0.
    0. 0. 0. 0. 0. 0. 0. 0. 0. 0. 0. 0. 0. 0. 0. 0. 0. 0. 0. 0. 0. 0. 0.
    0. 0. 0. 0. 0. 0. 0. 0. 0. 0. 0. 0. 0. 0. 0. 0. 0. 0. 0. 0. 0. 0. 0.
    0. 0. 0. 0. 0. 0. 0. 0. 0. 0. 0. 0. 0. 0. 0. 0. 0. 0. 0. 0. 0. 0. 0.
    0. 0. 0. 0. 0. 0. 0. 0. 0. 0. 0. 0. 0. 0. 0. 0. 0. 0. 0. 0. 0. 0. 0.
    0. 0. 0. 0. 0. 0. 0. 0. 0. 2.41100001e+00 2.40400004e+00
    2.36199999e+00 2.31999993e+00 2.27800012e+00 2.23799992e+00
    2.19799995e+00 2.19700003e+00 2.18700004e+00 2.14800000e+00
    2.12899995e+00 2.12899995e+00 2.12899995e+00 2.12899995e+00
    2.12899995e+00 2.12899995e+00 2.12899995e+00 2.08599997e+00
    2.01099992e+00 1.96899998e+00 1.93700004e+00 1.93700004e+00
    1.93700004e+00 1.93700004e+00 1.93700004e+00 1.93700004e+00
    2.65700006e+00 0. 0. 0. 0. 0. 0. 0. 0. 0. 0. 0. 0. 0. 2.38400006e+00
    2.38000011e+00 2.35299993e+00 2.31999993e+00 2.27800012e+00
    2.23799992e+00 2.19799995e+00 2.18300009e+00 2.16599989e+00
    2.14100003e+00 2.12899995e+00 2.12899995e+00 2.12899995e+00
    2.12899995e+00 2.12899995e+00 2.12899995e+00 2.12899995e+00
    2.08599997e+00 2.01099992e+00 1.98000002e+00 1.95799994e+00
    1.94500005e+00 1.93700004e+00 1.93700004e+00 1.93700004e+00
    1.93700004e+00 2.40599990e+00 2.81599998e+00 2.81599998e+00
    2.94199991e+00 0. 0. 0. 0. 0. 0. 0. 0. 0. 0. 2.34200001e+00
    2.34200001e+00 2.33899999e+00 2.31999993e+00 2.27800012e+00
    2.23799992e+00 2.19799995e+00 2.16100001e+00 2.13199997e+00
    2.13000011e+00 2.12899995e+00 2.12899995e+00 2.12899995e+00
    2.12899995e+00 2.12899995e+00 2.12899995e+00 2.12899995e+00
    2.08599997e+00 2.01099992e+00 1.99800003e+00 1.99199998e+00
    1.95799994e+00 1.93700004e+00 1.93700004e+00 1.93700004e+00
    1.93700004e+00 2.00900006e+00 2.07299995e+00 2.07299995e+00
    2.39499998e+00 0. 0. 0. 0. 0. 0. 0. 0. 0. 0. 2.33800006e+00
    2.33800006e+00 2.33800006e+00 2.31999993e+00 2.27800012e+00
    2.23799992e+00 2.19799995e+00 2.15899992e+00 2.12899995e+00
    2.12899995e+00 2.12899995e+00 2.12899995e+00 2.12899995e+00
    2.12899995e+00 2.12899995e+00 2.12899995e+00 2.12899995e+00
    2.08599997e+00 2.01099992e+00 2. 1.99800003e+00 1.98000002e+00
    1.96200001e+00 1.94400001e+00 1.93700004e+00 1.93700004e+00
    1.97099996e+00 2. 2. 2.13899994e+00 2.44000006e+00 2.52200007e+00
    2.52200007e+00 2.53399992e+00 2.53500009e+00 2.50600004e+00
    2.47700000e+00 2.44899988e+00 2.74200010e+00 0. 2.33800006e+00
    2.33800006e+00 2.33800006e+00 2.31999993e+00 2.27800012e+00
    2.24099994e+00 2.20499992e+00 2.16499996e+00 2.13499999e+00
    2.13100004e+00 2.12899995e+00 2.12899995e+00 2.12899995e+00
    2.12899995e+00 2.12899995e+00 2.12800002e+00 2.12400007e+00
    2.08299994e+00 2.01600003e+00 2.00300002e+00 2. 2. 1.98599994e+00
    1.95000005e+00 1.93700004e+00 1.93700004e+00 1.96700001e+00
    1.99399996e+00 1.99399996e+00 1.94700003e+00 1.84599996e+00
    1.81799996e+00 1.81799996e+00 1.78499997e+00 1.75899994e+00
    1.75600004e+00 1.75300002e+00 1.75000000e+00 2.29999995e+00
    2.94199991e+00 2.33800006e+00 2.33800006e+00 2.33800006e+00
    2.31999993e+00 2.27800012e+00 2.25699997e+00 2.24399996e+00
    2.20499992e+00 2.16899991e+00 2.14199996e+00 2.12899995e+00
    2.12899995e+00 2.12899995e+00 2.12899995e+00 2.12899995e+00
    2.12100005e+00 2.09500003e+00 2.06999993e+00 2.04600000e+00
    2.02200007e+00 2. 2. 1.98599994e+00 1.95000005e+00 1.93700004e+00
    1.93700004e+00 1.94799995e+00 1.95700002e+00 1.95700002e+00
    1.91999996e+00 1.84000003e+00 1.81799996e+00 1.81799996e+00
    1.78499997e+00 1.75399995e+00 1.73199999e+00 1.71099997e+00
    1.69000006e+00 1.86800003e+00 2.07900000e+00 2.32900000e+00
    2.31999993e+00 2.31999993e+00 2.31100011e+00 2.28999996e+00
    2.28399992e+00 2.28399992e+00 2.25500011e+00 2.22300005e+00
    2.18300009e+00 2.15300012e+00 2.13299990e+00 2.12899995e+00
    2.12899995e+00 2.12899995e+00 2.11700010e+00 2.07900000e+00
    2.06299996e+00 2.06299996e+00 2.03200006e+00 2. 2. 1.98599994e+00
    1.95000005e+00 1.93700004e+00 1.93700004e+00 1.93700004e+00
    1.93700004e+00 1.93700004e+00 1.90900004e+00 1.84899998e+00
    1.83299994e+00 1.83299994e+00 1.79100001e+00 1.75100005e+00
    1.71899998e+00 1.67499995e+00 1.62100005e+00 1.59200001e+00
    1.56900001e+00 2.30699992e+00 2.27800012e+00 2.27800012e+00
    2.28999996e+00 2.31800008e+00 2.32599998e+00 2.32599998e+00
    2.31900001e+00 2.30399990e+00 2.26300001e+00 2.20900011e+00
    2.14400005e+00 2.12899995e+00 2.12899995e+00 2.12899995e+00
    2.11700010e+00 2.07900000e+00 2.06299996e+00 2.06299996e+00
    2.03200006e+00 2. 2. 1.98599994e+00 1.95000005e+00 1.93700004e+00
    1.93700004e+00 1.93700004e+00 1.93700004e+00 1.93700004e+00
    1.91799998e+00 1.87800002e+00 1.86699998e+00 1.86699998e+00
    1.80499995e+00 1.75100005e+00 1.71899998e+00 1.64800000e+00
    1.54200006e+00 1.51600003e+00 1.51300001e+00 2.29999995e+00
    2.26600003e+00 2.26600003e+00 2.28399992e+00 2.32599998e+00
    2.33800006e+00 2.33800006e+00 2.35500002e+00 2.35800004e+00
    2.31599998e+00 2.24600005e+00 2.15000010e+00 2.12899995e+00
    2.12800002e+00 2.11299992e+00 2.09500003e+00 2.07200003e+00
    2.06299996e+00 2.06299996e+00 2.03200006e+00 2. 2. 1.98000002e+00
    1.92999995e+00 1.90300000e+00 1.88999999e+00 1.88800001e+00
    1.89400005e+00 1.92200005e+00 1.91499996e+00 1.86600006e+00
    1.84300005e+00 1.82900000e+00 1.78900003e+00 1.74800003e+00
    1.70299995e+00 1.62399995e+00 1.51600003e+00 1.49399996e+00
    1.49500000e+00 2.29999995e+00 2.26600003e+00 2.26600003e+00
    2.28399992e+00 2.32599998e+00 2.33800006e+00 2.33800006e+00
    2.37800002e+00 2.40000010e+00 2.35800004e+00 2.27600002e+00
    2.15599990e+00 2.12899995e+00 2.12700009e+00 2.08999991e+00
    2.06399989e+00 2.06299996e+00 2.06299996e+00 2.06299996e+00
    2.03200006e+00 2. 2. 1.97300005e+00 1.90199995e+00 1.85599995e+00
    1.82200003e+00 1.82000005e+00 1.83299994e+00 1.89999998e+00
    1.90600002e+00 1.83700001e+00 1.79499996e+00 1.76199996e+00
    1.76100004e+00 1.74300003e+00 1.67999995e+00 1.60300004e+00
    1.51199996e+00 1.49399996e+00 1.49399996e+00 2.79900002e+00
    2.74499989e+00 2.51799989e+00 2.39800000e+00 2.41599989e+00
    2.42199993e+00 2.42199993e+00 2.44000006e+00 2.44899988e+00
    2.43099999e+00 2.33500004e+00 2.16599989e+00 2.11199999e+00
    2.09100008e+00 2.07399988e+00 2.06299996e+00 2.06299996e+00
    2.06299996e+00 2.06299996e+00 2.04900002e+00 2.03299999e+00
    2.01300001e+00 1.97300005e+00 1.90100002e+00 1.85500002e+00
    1.82099998e+00 1.81799996e+00 1.82400000e+00 1.85399997e+00
    1.84800005e+00 1.79900002e+00 1.77499998e+00 1.75999999e+00
    1.74199998e+00 1.71700001e+00 1.67100000e+00 1.61099994e+00
    1.53699994e+00 1.52300000e+00 1.52199996e+00 0. 0. 2.77999997e+00
    2.58200002e+00 2.57399988e+00 2.57100010e+00 2.57100010e+00
    2.58699989e+00 2.59899998e+00 2.59899998e+00 2.50799990e+00
