<?xml version="1.0"?>
<opencv_storage>
<Depth type_id="opencv-matrix">
  <rows>40</rows>
  <cols>40</cols>
  <dt>f</dt>
  <data>
    0. 0. 0. 0. 0. 0. 0. 0. 0. 0. 0. 0. 0. 0. 0. 0. 0. 0. 0. 0. 0. 0. 0.
    0. 0. 0. 0. 0. 0. 0. 0. 0. 0. 0. 0. 0. 0. 0. 0. 0. 0. 0. 0. 0. 0. 0.
    0. 0. 0. 0. 0. 0. 0. 0. 0. 0. 0. 0. 0. 0. 0. 0. 0. 0. 0. 0. 0. 0. 0.
    0. 0. 0. 0. 0. 0. 0. 0. 0. 0. 0. 0. 0. 0. 0. 0. 0. 0. 0. 0. 0. 0. 0.
    0. 0. 0. 0. 0. 0. 0. 0. 0. 0. 0. 0. 0. 0. 0. 0. 0. 0. 0. 0. 0. 0. 0.
    0. 0. 0. 0. 0. 0. 0. 0. 0. 0. 0. 0. 0. 0. 0. 0. 0. 0. 0. 0. 0. 0. 0.
    0. 0. 0. 0. 0. 0. 0. 0. 0. 0. 0. 0. 0. 0. 0. 0. 0. 0. 0. 0. 0. 0. 0.
    0. 0. 0. 0. 0. 0. 0. 0. 0. 0. 0. 0. 0. 0. 0. 0. 0. 0. 0. 0. 0. 0. 0.
    0. 0. 0. 0. 0. 0. 0. 0. 0. 0. 0. 0. 0. 0. 0. 0. 0. 0. 0. 0. 0. 0. 0.
    0. 0. 0. 0. 0. 0. 0. 0. 0. 0. 0. 0. 0. 0. 0. 0. 0. 0. 0. 0. 0. 0. 0.
    0. 0. 0. 0. 0. 0. 0. 0. 0. 0. 0. 0. 0. 0. 0. 0. 0. 0. 0. 0. 0. 0. 0.
    0. 0. 0. 0. 0. 0. 0. 0. 0. 0. 0. 0. 0. 0. 0. 0. 0. 0. 0. 0. 0. 0. 0.
    0. 0. 0. 0. 0. 0. 0. 0. 0. 0. 0. 0. 0. 0. 0. 0. 0. 0. 0. 0. 0. 0. 0.
    0. 0. 0. 0. 0. 0. 0. 0. 0. 0. 0. 0. 0. 0. 0. 0. 0. 0. 0. 0. 0. 0. 0.
    0. 0. 0. 0. 0. 0. 0. 0. 0. 0. 0. 0. 0. 0. 0. 0. 0. 0. 0. 0. 0. 0. 0.
    0. 0. 0. 0. 0. 0. 0. 0. 0. 0. 0. 0. 0. 0. 0. 0. 0. 0. 0. 0. 0. 0. 0.
    0. 0. 0. 0. 0. 0. 0. 0. 0. 0. 0. 0. 0. 0. 0. 0. 0. 0. 0. 0. 0. 0. 0.
    0. 0. 0. 0. 0. 0. 0. 0. 0. 0. 0. 0. 0. 0. 0. 0. 0. 0. 0. 0. 0. 0. 0.
    0. 0. 0. 0. 0. 0. 0. 0. 0. 0. 0. 0. 0. 0. 0. 0. 0. 0. 0. 0. 0. 0. 0.
    0. 0. 0. 0. 0. 0. 0. 0. 0. 0. 0. 0. 0. 0. 0. 0. 0. 0. 0. 0. 0. 0. 0.
    0. 0. 0. 0. 0. 0. 0. 0. 0. 0. 0. 0. 0. 0. 0. 0. 0. 0. 0. 0. 0. 0. 0.
    0. 0. 0. 0. 0. 0. 0. 0. 0. 0. 0. 0. 0. 0. 0. 0. 0. 0. 0. 0. 0. 0. 0.
    0. 0. 0. 0. 0. 0. 0. 0. 0. 0. 0. 0. 0. 0. 0. 0. 0. 0. 0. 0. 0. 0. 0.
    0. 0. 0. 0. 0. 0. 0. 0. 0. 0. 0. 0. 0. 0. 0. 0. 0. 0. 0. 0. 0. 0. 0.
    0. 0. 0. 0. 0. 0. 0. 0. 0. 0. 0. 2.10100007e+00 2.10100007e+00
    2.09400010e+00 2.05999994e+00 2.00600004e+00 1.95200002e+00
    1.95200002e+00 1.95200002e+00 1.95200002e+00 1.95200002e+00
    1.95200002e+00 1.95200002e+00 1.95200002e+00 1.95200002e+00
    1.95299995e+00 1.98399997e+00 2. 2. 2. 2.02900004e+00 2.09599996e+00
    2.03999996e+00 2. 2. 2. 2.21799994e+00 2.85200000e+00 2.55800009e+00
    2.20600009e+00 2.20600009e+00 2.20600009e+00 2.31699991e+00
    2.76799989e+00 2.89400005e+00 0. 0. 0. 0. 0. 0. 2.07599998e+00
    2.07599998e+00 2.07299995e+00 2.05500007e+00 2.00600004e+00
    1.95200002e+00 1.95200002e+00 1.95200002e+00 1.95400000e+00
    1.96899998e+00 1.96599996e+00 1.95200002e+00 1.95200002e+00
    1.95200002e+00 1.95299995e+00 1.98399997e+00 2. 2. 2. 2.02900004e+00
    2.09599996e+00 2.03999996e+00 2. 2. 2. 2.11800003e+00 2.46099997e+00
    2.32500005e+00 2.16499996e+00 2.19799995e+00 2.20600009e+00
    2.26300001e+00 2.49600005e+00 2.56100011e+00 0. 0. 0. 0. 0. 0.
    2.04999995e+00 2.04999995e+00 2.04999995e+00 2.04999995e+00
    2.00600004e+00 1.95200002e+00 1.95200002e+00 1.95500004e+00
    1.96200001e+00 1.99399996e+00 1.99100006e+00 1.96500003e+00
    1.96099997e+00 1.95899999e+00 1.95899999e+00 1.98599994e+00 2. 2. 2.
    2.02699995e+00 2.08899999e+00 2.04200006e+00 2.00699997e+00
    2.00699997e+00 2.00699997e+00 2.01699996e+00 2.04500008e+00
    2.07699990e+00 2.11800003e+00 2.17799997e+00 2.19499993e+00
    2.20000005e+00 2.20499992e+00 2.20600009e+00 0. 0. 0. 0. 0. 0.
    2.04999995e+00 2.04999995e+00 2.04999995e+00 2.04999995e+00
    2.00600004e+00 1.95200002e+00 1.95200002e+00 1.96800005e+00
    1.99399996e+00 2.02600002e+00 2.03600001e+00 2.02800012e+00
    2.00200009e+00 1.99000001e+00 1.99000001e+00 1.99699998e+00 2. 2. 2.
    2.01799989e+00 2.05699992e+00 2.04800010e+00 2.03999996e+00
    2.03999996e+00 2.03999996e+00 2.04200006e+00 2.04900002e+00
    2.07699990e+00 2.10500002e+00 2.11899996e+00 2.14299989e+00
    2.17000008e+00 2.19799995e+00 2.20600009e+00 0. 0. 0. 0. 0. 0.
    2.04999995e+00 2.03900003e+00 2.02699995e+00 2.02699995e+00
    2.01300001e+00 1.99399996e+00 1.97899997e+00 1.98500001e+00
    2.00399995e+00 2.03699994e+00 2.04999995e+00 2.04900002e+00
    2.03099990e+00 2.01500010e+00 2. 2. 2. 2. 2. 2.01500010e+00
    2.04699993e+00 2.04999995e+00 2.04999995e+00 2.04999995e+00
    2.04999995e+00 2.04999995e+00 2.04999995e+00 2.07699990e+00
    2.10100007e+00 2.10100007e+00 2.12700009e+00 2.16100001e+00
    2.19600010e+00 2.20600009e+00 0. 0. 0. 0. 0. 0. 2.04999995e+00
    2.02600002e+00 2. 2. 2.02300000e+00 2.04500008e+00 2.01200008e+00 2.
    2.00399995e+00 2.03699994e+00 2.04999995e+00 2.04999995e+00
    2.04999995e+00 2.03200006e+00 2. 2. 2. 2. 2. 2.01300001e+00
    2.04200006e+00 2.04500008e+00 2.04500008e+00 2.04500008e+00
    2.04500008e+00 2.04600000e+00 2.04900002e+00 2.07399988e+00
    2.09800005e+00 2.10500002e+00 2.12899995e+00 2.16100001e+00
    2.19600010e+00 2.20600009e+00 0. 0. 0. 0. 0. 0. 2.04999995e+00
    2.02600002e+00 2. 2. 2.02300000e+00 2.04500008e+00 2.01200008e+00 2.
    2.00399995e+00 2.03699994e+00 2.04999995e+00 2.04999995e+00
    2.04999995e+00 2.03200006e+00 2. 2. 2. 2. 2. 2.00300002e+00
    2.01099992e+00 2.01200008e+00 2.01200008e+00 2.01200008e+00
    2.01200008e+00 2.01999998e+00 2.04500008e+00 2.05599999e+00
    2.07699990e+00 2.12800002e+00 2.14599991e+00 2.16100001e+00
    2.19600010e+00 2.20600009e+00 0. 0. 0. 0. 0. 0. 2.04999995e+00
    2.03600001e+00 2.02099991e+00 2.02099991e+00 2.03399992e+00
    2.04699993e+00 2.02800012e+00 2.02999997e+00 2.04500008e+00
    2.06399989e+00 2.06299996e+00 2.04999995e+00 2.04999995e+00
    2.03999996e+00 2.02099991e+00 2.00699997e+00 2. 2. 2. 2. 2. 2. 2. 2.
    2. 2.01099992e+00 2.04399991e+00 2.04999995e+00 2.06999993e+00
    2.13700008e+00 2.15199995e+00 2.16100001e+00 2.19600010e+00
    2.20600009e+00 0. 0. 0. 0. 0. 0. 2.04999995e+00 2.04999995e+00
    2.04999995e+00 2.04999995e+00 2.04800010e+00 2.04600000e+00
    2.04600000e+00 2.06800008e+00 2.09699988e+00 2.09699988e+00
    2.07900000e+00 2.04999995e+00 2.04999995e+00 2.04999995e+00
    2.04999995e+00 2.01900005e+00 2.00300002e+00 2. 2. 2. 2. 2. 2. 2.
    2.00200009e+00 2.01500010e+00 2.04800010e+00 2.05399990e+00
    2.07299995e+00 2.13700008e+00 2.15400004e+00 2.16499996e+00
    2.20400000e+00 2.21399999e+00 0. 0. 0. 0. 0. 0. 2.04999995e+00
    2.04999995e+00 2.04999995e+00 2.04999995e+00 2.03299999e+00
    2.01300001e+00 2.01300001e+00 2.03500009e+00 2.06399989e+00
    2.06399989e+00 2.05800009e+00 2.04999995e+00 2.04999995e+00
    2.04999995e+00 2.04999995e+00 2.04099989e+00 2.02500010e+00
    2.00099993e+00 2. 2. 2. 2. 2. 2. 2.02099991e+00 2.04800010e+00
    2.08100009e+00 2.08699989e+00 2.09999990e+00 2.14199996e+00
    2.17199993e+00 2.20700002e+00 2.26900005e+00 2.28600001e+00 0. 0. 0.
    0. 0. 0. 0. 0. 0. 1.72300005e+00 2.02699995e+00 2. 2. 2.02099991e+00
    2.04999995e+00 2.04999995e+00 2.04999995e+00 2.04999995e+00
    2.04999995e+00 2.04999995e+00 2.04999995e+00 2.04999995e+00
    2.03399992e+00 2.00099993e+00 2. 2. 2. 2. 2. 2. 2.05100012e+00
    2.15499997e+00 2.34599996e+00 2.35200000e+00 2.31399989e+00
    2.27099991e+00 2.26600003e+00 2.28200006e+00 2.32599998e+00
    2.33800006e+00 0. 0. 0. 0. 0. 0. 0. 0. 0. 1.20400000e+00
    2.02699995e+00 2. 2. 2.02099991e+00 2.04999995e+00 2.04999995e+00
    2.04999995e+00 2.04999995e+00 2.04999995e+00 2.04999995e+00
    2.04999995e+00 2.04999995e+00 2.03399992e+00 2.00099993e+00 2. 2. 2.
    2. 2. 2. 2.08699989e+00 2.30299997e+00 2.74300003e+00 2.74799991e+00
    2.63599992e+00 2.47099996e+00 2.40300012e+00 2.37400007e+00
    2.37400007e+00 2.37400007e+00 0. 0. 0. 0. 0. 0. 0. 0. 0. 0. 0. 0. 0.
    0. 0. 0. 0. 0. 0. 0. 0. 0. 0. 0. 0. 0. 0. 0. 0. 0. 0. 0. 0. 0. 0. 0.
    0. 0. 0. 0. 0. 0. 0. 0. 0. 0. 0. 0. 0. 0. 0. 0. 0. 0. 0. 0. 0. 0. 0.
    0. 0. 0. 0. 0. 0. 0. 0. 0. 0. 0. 0. 0. 0. 0. 0. 0. 0. 0. 0. 0. 0. 0.
    0. 0. 0. 0. 0. 0. 0. 0. 0. 0. 0. 0. 0. 0. 0. 0. 0. 0. 0. 0. 0. 0. 0.
    0. 0. 0. 0. 0. 0. 0. 0. 0. 0. 0. 0. 0. 0. 0. 0. 0. 0. 0. 0. 0. 0. 0.
