<?xml version="1.0"?>
<opencv_storage>
<Depth type_id="opencv-matrix">
  <rows>40</rows>
  <cols>40</cols>
  <dt>f</dt>
  <data>
    0. 0. 0. 0. 0. 0. 0. 0. 0. 0. 0. 0. 0. 0. 0. 0. 0. 0. 0. 0. 0. 0. 0.
    0. 0. 0. 0. 0. 0. 0. 0. 0. 0. 0. 0. 0. 0. 0. 0. 0. 0. 0. 0. 0. 0. 0.
    0. 0. 0. 0. 0. 0. 0. 0. 0. 0. 0. 0. 0. 0. 0. 0. 0. 0. 0. 0. 0. 0. 0.
    0. 0. 0. 0. 0. 0. 0. 0. 0. 0. 0. 0. 0. 0. 0. 0. 0. 0. 0. 0. 0. 0. 0.
    0. 0. 0. 0. 0. 0. 0. 0. 0. 0. 0. 0. 0. 0. 0. 0. 0. 0. 0. 0. 0. 0. 0.
    0. 0. 0. 0. 0. 0. 0. 0. 0. 0. 0. 0. 0. 0. 0. 0. 0. 0. 0. 0. 0. 0. 0.
    0. 0. 0. 0. 0. 0. 0. 0. 0. 0. 0. 0. 0. 0. 0. 0. 0. 0. 0. 0. 0. 0. 0.
    0. 0. 0. 0. 0. 0. 0. 0. 0. 0. 1.41700006e+00 1.45200002e+00
    1.51999998e+00 1.67400002e+00 1.90199995e+00 2.02399993e+00
    2.06599998e+00 2.08299994e+00 2.08299994e+00 2.08299994e+00
    2.08299994e+00 1.90799999e+00 1.63800001e+00 1.52800000e+00
    1.49300003e+00 1.45899999e+00 1.42600000e+00 1.41700006e+00 0. 0. 0.
    0. 0. 0. 0. 0. 0. 0. 0. 0. 0. 0. 0. 0. 0. 0. 0. 0. 0. 0.
    1.41700006e+00 1.48199999e+00 1.60899997e+00 1.76499999e+00
    1.94400001e+00 2.03900003e+00 2.06999993e+00 2.08299994e+00
    2.08299994e+00 2.08299994e+00 2.08299994e+00 1.90799999e+00
    1.63800001e+00 1.52800000e+00 1.49300003e+00 1.45899999e+00
    1.42600000e+00 1.41700006e+00 0. 0. 0. 0. 0. 0. 0. 0. 0. 0. 0. 0. 0.
    0. 0. 0. 0. 0. 0. 0. 0. 0. 1.41700006e+00 1.54200006e+00
    1.78400004e+00 1.94200003e+00 2.02699995e+00 2.06900001e+00
    2.07900000e+00 2.08299994e+00 2.08299994e+00 2.08299994e+00
    2.08299994e+00 1.90799999e+00 1.63800001e+00 1.52800000e+00
    1.49300003e+00 1.45899999e+00 1.42600000e+00 1.41700006e+00 0. 0. 0.
    0. 0. 0. 0. 0. 0. 0. 0. 0. 0. 0. 0. 0. 0. 0. 0. 0. 0. 0.
    1.57700002e+00 1.69299996e+00 1.91900003e+00 2.03900003e+00
    2.06999993e+00 2.08299994e+00 2.08299994e+00 2.08299994e+00
    2.08299994e+00 2.08299994e+00 2.08299994e+00 1.94799995e+00
    1.74100006e+00 1.61500001e+00 1.52800000e+00 1.47099996e+00
    1.42900002e+00 1.41700006e+00 0. 0. 0. 0. 0. 0. 0. 0. 0. 0. 0. 0. 0.
    0. 0. 0. 0. 0. 0. 0. 0. 0. 1.87199998e+00 1.92200005e+00
    2.01999998e+00 2.06999993e+00 2.07900000e+00 2.08299994e+00
    2.08299994e+00 2.08299994e+00 2.08299994e+00 2.08299994e+00
    2.08299994e+00 2.02300000e+00 1.93099999e+00 1.77600002e+00
    1.59099996e+00 1.49399996e+00 1.43299997e+00 1.41700006e+00 0. 0. 0.
    0. 0. 0. 0. 0. 0. 0. 0. 0. 0. 0. 0. 0. 0. 0. 0. 0. 0. 0. 2.
    2.01500010e+00 2.04500008e+00 2.05900002e+00 2.05900002e+00
    2.05900002e+00 2.05900002e+00 2.06599998e+00 2.07800007e+00
    2.07500005e+00 2.06299996e+00 2.03999996e+00 2.00999999e+00
    1.85300004e+00 1.63499999e+00 1.52300000e+00 1.45400000e+00
    1.43599999e+00 0. 0. 0. 0. 0. 0. 0. 0. 0. 0. 0. 0. 0. 0. 0. 0. 0. 0.
    0. 0. 0. 0. 2. 2.00399995e+00 2.01300001e+00 2.01699996e+00
    2.01699996e+00 2.01699996e+00 2.01699996e+00 2.03699994e+00
    2.06999993e+00 2.06200004e+00 2.02900004e+00 2.01099992e+00
    2.00300002e+00 1.86500001e+00 1.66499996e+00 1.55700004e+00
    1.48800004e+00 1.46899998e+00 0. 0. 0. 0. 0. 0. 0. 0. 0. 0. 0. 0. 0.
    0. 0. 0. 0. 0. 0. 0. 0. 0. 2. 2. 2. 2. 2. 2. 2. 2.01699996e+00
    2.04699993e+00 2.03999996e+00 2.00999999e+00 2. 2. 1.90100002e+00
    1.75399995e+00 1.62899995e+00 1.51400006e+00 1.48300004e+00 0. 0. 0.
    0. 0. 0. 0. 0. 0. 0. 0. 0. 0. 0. 0. 0. 0. 0. 0. 0. 0. 0. 2. 2. 2. 2.
    2. 2. 2. 2.00500011e+00 2.01300001e+00 2.01099992e+00 2.00300002e+00
    2. 2. 1.95299995e+00 1.88300002e+00 1.72700000e+00 1.53499997e+00
    1.48300004e+00 0. 0. 0. 0. 0. 0. 0. 0. 0. 0. 0. 0. 0. 0. 0. 0. 0. 0.
    0. 0. 0. 0. 2. 2. 2. 2. 2. 2. 2. 2. 2. 2. 2. 2. 2. 1.97200000e+00
    1.93099999e+00 1.77100003e+00 1.56099999e+00 1.50399995e+00 0. 0. 0.
    0. 0. 0. 0. 0. 0. 0. 0. 0. 0. 0. 0. 0. 0. 0. 0. 0. 0. 0. 2. 2. 2. 2.
    2. 2. 2. 2. 2. 2. 2. 2. 2. 1.97200000e+00 1.93099999e+00
    1.78299999e+00 1.59099996e+00 1.53900003e+00 0. 0. 0. 0. 0. 0. 0. 0.
    0. 0. 0. 0. 0. 0. 0. 0. 0. 0. 0. 0. 0. 0. 2. 2. 2. 2. 2. 2. 2. 2. 2.
    2. 2. 2. 2. 1.97200000e+00 1.93099999e+00 1.80400002e+00
    1.64100003e+00 1.59700000e+00 0. 0. 0. 0. 0. 0. 0. 0. 0. 0. 0. 0. 0.
    0. 0. 0. 0. 0. 0. 0. 0. 0. 2. 2. 2. 2. 2. 2. 2. 2. 2. 2. 2. 2. 2.
    1.97200000e+00 1.93099999e+00 1.83000004e+00 1.70299995e+00
    1.66900003e+00 0. 0. 0. 0. 0. 0. 0. 0. 0. 0. 0. 0. 0. 0. 0. 0. 0. 0.
    0. 0. 0. 0. 2.02800012e+00 2.02800012e+00 2.02800012e+00
    2.02099991e+00 2.00600004e+00 2. 2. 2. 2. 2. 2. 2. 2. 1.97200000e+00
    1.93099999e+00 1.85599995e+00 1.76699996e+00 1.74300003e+00 0. 0. 0.
    0. 0. 0. 0. 0. 0. 0. 0. 0. 0. 0. 0. 0. 0. 0. 0. 0. 0. 0.
    2.07100010e+00 2.07100010e+00 2.07100010e+00 2.05100012e+00
    2.01500010e+00 2. 2. 2. 2. 2. 2. 2. 2. 1.97200000e+00 1.93099999e+00
    1.88300002e+00 1.83200002e+00 1.81900001e+00 0. 0. 0. 0. 0. 0. 0. 0.
    0. 0. 0. 0. 0. 0. 0. 0. 0. 0. 0. 0. 0. 0. 2.08299994e+00
    2.08299994e+00 2.08299994e+00 2.05999994e+00 2.01799989e+00 2. 2. 2.
    2. 2. 2. 2. 2. 1.98199999e+00 1.95599997e+00 1.91999996e+00
    1.88000000e+00 1.86899996e+00 0. 0. 0. 0. 0. 0. 0. 0. 0. 0. 0. 0. 0.
    0. 0. 0. 0. 0. 0. 0. 0. 0. 2.08299994e+00 2.08299994e+00
    2.08299994e+00 2.05999994e+00 2.01799989e+00 2. 2. 2. 2. 2. 2. 2. 2.
    1.99600005e+00 1.99100006e+00 1.96000004e+00 1.91900003e+00
    1.90799999e+00 0. 0. 0. 0. 0. 0. 0. 0. 0. 0. 0. 0. 0. 0. 0. 0. 0. 0.
    0. 0. 0. 0. 2.05200005e+00 2.05999994e+00 2.07599998e+00
    2.06900001e+00 2.04200006e+00 2.03099990e+00 2.03099990e+00
    2.02099991e+00 2.00600004e+00 2. 2. 2. 2. 2. 2. 1.98199999e+00
    1.95599997e+00 1.94900000e+00 0. 0. 0. 0. 0. 0. 0. 0. 0. 0. 0. 0. 0.
    0. 0. 0. 0. 0. 0. 0. 0. 0. 2.00999999e+00 2.02900004e+00
    2.06599998e+00 2.07999992e+00 2.07500005e+00 2.07299995e+00
    2.07299995e+00 2.05100012e+00 2.01399994e+00 2. 2. 2. 2. 2. 2.
    1.99600005e+00 1.99100006e+00 1.99000001e+00 0. 0. 0. 0. 0. 0. 0. 0.
    0. 0. 0. 0. 0. 0. 0. 0. 0. 0. 0. 0. 0. 0. 2. 2.02200007e+00
    2.06399989e+00 2.08299994e+00 2.08299994e+00 2.08299994e+00
    2.08299994e+00 2.05800009e+00 2.01600003e+00 2. 2. 2. 2. 2. 2. 2. 2.
    2. 0. 0. 0. 0. 0. 0. 0. 0. 0. 0. 0. 0. 0. 0. 0. 0. 0. 0. 0. 0. 0. 0.
    2. 2.02200007e+00 2.06399989e+00 2.08299994e+00 2.08299994e+00
    2.08299994e+00 2.08299994e+00 2.05800009e+00 2.01600003e+00 2. 2. 2.
    2. 2. 2. 2. 2. 2. 0. 0. 0. 0. 0. 0. 0. 0. 0. 0. 0. 0. 0. 0. 0. 0. 0.
    0. 0. 0. 0. 0. 2. 2.02200007e+00 2.06399989e+00 2.09200001e+00
    2.10999990e+00 2.10700011e+00 2.08999991e+00 2.06800008e+00
    2.04299998e+00 2.02300000e+00 2.00600004e+00 2. 2. 2.01099992e+00
    2.02800012e+00 2.02099991e+00 2.00500011e+00 2. 0. 0. 0. 0. 0. 0. 0.
    0. 0. 0. 0. 0. 0. 0. 0. 0. 0. 0. 0. 0. 0. 0. 2. 2.02200007e+00
    2.06399989e+00 2.10400009e+00 2.14400005e+00 2.13800001e+00
    2.09899998e+00 2.08100009e+00 2.07699990e+00 2.05100012e+00
    2.01300001e+00 2. 2. 2.02600002e+00 2.06399989e+00 2.04800010e+00
    2.00999999e+00 2. 0. 0. 0. 0. 0. 0. 0. 0. 0. 0. 0. 0. 0. 0. 0. 0. 0.
    0. 0. 0. 0. 0. 1.68299997e+00 1.78699994e+00 1.99000001e+00
    2.08699989e+00 2.09599996e+00 2.08500004e+00 2.05900002e+00
    2.05900002e+00 2.07599998e+00 2.06800008e+00 2.04299998e+00
    2.03399992e+00 2.03399992e+00 2.05100012e+00 2.07599998e+00
    2.05299997e+00 2.01099992e+00 2. 0. 0. 0. 0. 0. 0. 0. 0. 0. 0. 0. 0.
    0. 0. 0. 0. 0. 0. 0. 0. 0. 0. 1.29299998e+00 1.49899995e+00
    1.89900005e+00 2.06399989e+00 2.02900004e+00 2.01200008e+00
    2.00799990e+00 2.02999997e+00 2.06800008e+00 2.08100009e+00
    2.07699990e+00 2.07599998e+00 2.07599998e+00 2.07900000e+00
    2.08200002e+00 2.05299997e+00 2.01099992e+00 2. 0. 0. 0. 0. 0. 0. 0.
    0. 0. 0. 0. 0. 0. 0. 0. 0. 0. 0. 0. 0. 0. 0. 1.20599997e+00
    1.43400002e+00 1.87899995e+00 2.05100012e+00 1.99100006e+00
    1.96599996e+00 1.96599996e+00 1.99000001e+00 2.03200006e+00
    2.05900002e+00 2.07699990e+00 2.08299994e+00 2.08299994e+00
