<?xml version="1.0"?>
<opencv_storage>
<Depth type_id="opencv-matrix">
  <rows>40</rows>
  <cols>40</cols>
  <dt>f</dt>
  <data>
    1.95500004e+00 1.95500004e+00 1.95700002e+00 1.96000004e+00
    1.96000004e+00 1.96000004e+00 1.01800001e+00 0. 0. 0. 0. 0. 0. 0.
    2.67100000e+00 1.98699999e+00 1.98599994e+00 1.98399997e+00 0. 0. 0.
    0. 0. 0. 0. 0. 0. 0. 0. 0. 0. 0. 0. 0. 0. 0. 0. 0. 0. 0.
    1.95500004e+00 1.95500004e+00 1.95500004e+00 1.96000004e+00
    1.96000004e+00 0. 0. 0. 0. 0. 0. 0. 2.72700000e+00 1.98699999e+00
    1.98599994e+00 1.98599994e+00 1.98599994e+00 1.98599994e+00
    1.98599994e+00 2.01399994e+00 0. 0. 0. 0. 0. 0. 0. 0. 0. 0. 0. 0. 0.
    0. 0. 0. 0. 0. 0. 0. 1.95500004e+00 1.95500004e+00 1.95500004e+00
    1.95599997e+00 1.94799995e+00 0. 0. 0. 0. 1.44400001e+00
    1.53999996e+00 1.59700000e+00 1.98599994e+00 1.98599994e+00
    1.98599994e+00 1.98599994e+00 1.98599994e+00 1.98599994e+00
    1.99100006e+00 1.99600005e+00 1.50899994e+00 0. 0. 0. 0. 0. 0. 0. 0.
    0. 0. 0. 0. 0. 0. 0. 0. 0. 0. 0. 1.95099998e+00 1.95400000e+00
    1.95500004e+00 1.95599997e+00 0. 0. 0. 0. 0. 0. 0. 1.98199999e+00
    1.98199999e+00 1.98199999e+00 1.98599994e+00 1.98599994e+00
    1.98599994e+00 1.98599994e+00 1.99100006e+00 1.99100006e+00
    1.97500002e+00 2.60400009e+00 0. 0. 0. 0. 0. 0. 0. 0. 0. 0. 0. 0. 0.
    0. 0. 0. 0. 0. 1.95099998e+00 1.95400000e+00 1.95500004e+00 0. 0. 0.
    0. 0. 0. 0. 0. 1.98599994e+00 1.98599994e+00 1.98199999e+00
    1.98599994e+00 1.98599994e+00 1.98599994e+00 1.98599994e+00
    1.99100006e+00 1.99100006e+00 1.99100006e+00 1.30100000e+00 0. 0. 0.
    0. 0. 0. 0. 0. 0. 0. 0. 0. 0. 0. 0. 0. 0. 0. 1.95599997e+00
    1.96000004e+00 0. 0. 0. 0. 0. 0. 1.00800002e+00 1.85599995e+00
    1.98199999e+00 1.98199999e+00 1.98199999e+00 1.98399997e+00
    1.98599994e+00 1.98599994e+00 1.98599994e+00 1.99100006e+00
    1.99100006e+00 1.99100006e+00 1.99300003e+00 1.99899995e+00
    1.01300001e+00 0. 0. 0. 0. 0. 0. 0. 0. 0. 0. 0. 0. 0. 0. 0. 0. 0.
    1.95799994e+00 1.98300004e+00 1.20899999e+00 0. 0. 0. 0.
    1.00199997e+00 1.97300005e+00 1.97500002e+00 1.98199999e+00
    1.98199999e+00 1.98300004e+00 1.98599994e+00 1.98599994e+00
    1.98599994e+00 1.98599994e+00 1.99100006e+00 1.99100006e+00
    1.99100006e+00 1.99199998e+00 1.99600005e+00 1.99800003e+00 2. 0. 0.
    0. 0. 0. 0. 0. 0. 0. 0. 0. 0. 0. 0. 0. 0. 0. 0. 1.99100006e+00
    1.94000006e+00 0. 0. 1.33299994e+00 1.98199999e+00 1.97700000e+00
    1.97500002e+00 1.98199999e+00 1.98399997e+00 1.98399997e+00
    1.98599994e+00 1.98599994e+00 1.98899996e+00 1.99100006e+00
    1.98899996e+00 1.98899996e+00 1.99100006e+00 1.99100006e+00
    1.99600005e+00 1.99600005e+00 1.99600005e+00 1.88699996e+00 0. 0. 0.
    0. 0. 0. 0. 0. 0. 0. 0. 0. 0. 0. 0. 0. 0. 1.47200000e+00 2. 0. 0.
    1.97599995e+00 1.97700000e+00 1.97899997e+00 1.98000002e+00
    1.98599994e+00 1.98599994e+00 1.98599994e+00 1.98599994e+00
    1.98599994e+00 1.99000001e+00 1.99100006e+00 1.98899996e+00
    1.98899996e+00 1.99100006e+00 1.99100006e+00 1.99600005e+00
    1.99699998e+00 2.00099993e+00 2.00500011e+00 2.00699997e+00 0. 0. 0.
    0. 0. 0. 0. 0. 0. 0. 0. 0. 0. 0. 0. 1.56200004e+00 0. 0.
    1.73599994e+00 1.97700000e+00 1.97300005e+00 1.97700000e+00
    1.97700000e+00 1.98199999e+00 1.98599994e+00 1.98599994e+00
    1.98599994e+00 1.98599994e+00 1.98599994e+00 1.98599994e+00
    1.99000001e+00 1.99100006e+00 1.99100006e+00 1.99100006e+00
    1.99699998e+00 2. 1.99899995e+00 2. 2.00399995e+00 2. 2.00600004e+00
    2.87700009e+00 0. 0. 0. 0. 0. 0. 0. 0. 0. 0. 0. 0. 0. 1.58200002e+00
    0. 0. 1.98699999e+00 1.98199999e+00 1.97700000e+00 1.97700000e+00
    1.98000002e+00 1.98500001e+00 1.98599994e+00 1.98599994e+00
    1.98599994e+00 1.98599994e+00 1.98599994e+00 1.98599994e+00
    1.99000001e+00 1.99100006e+00 1.99100006e+00 1.99100006e+00 2. 2. 2.
    2. 2.00399995e+00 2.00500011e+00 2.00500011e+00 1.97300005e+00
    2.44700003e+00 0. 0. 0. 0. 0. 0. 0. 0. 0. 0. 0. 0. 0. 2.12700009e+00
    1.97300005e+00 1.97800004e+00 1.97700000e+00 1.97300005e+00
    1.97700000e+00 1.98399997e+00 1.98599994e+00 1.98599994e+00
    1.98599994e+00 1.98599994e+00 1.98599994e+00 1.98599994e+00
    1.98899996e+00 1.99100006e+00 1.99100006e+00 1.99600005e+00
    1.99600005e+00 1.99600005e+00 2. 2. 2. 2.00399995e+00 2.00500011e+00
    2.00500011e+00 2.00600004e+00 2.01600003e+00 2.02500010e+00 0. 0. 0.
    0. 0. 0. 0. 0. 0. 0. 0. 2.50600004e+00 1.95299995e+00 1.97300005e+00
    1.97700000e+00 1.97599995e+00 1.97300005e+00 1.98000002e+00
    1.98199999e+00 1.98599994e+00 1.98300004e+00 1.98599994e+00
    1.98599994e+00 1.98599994e+00 1.98899996e+00 1.99100006e+00
    1.99100006e+00 1.99100006e+00 1.99600005e+00 1.99100006e+00
    1.99600005e+00 2. 1.99600005e+00 1.99800003e+00 2.00399995e+00
    2.00500011e+00 2.00500011e+00 2.00600004e+00 2.00999999e+00
    2.01799989e+00 0. 0. 0. 0. 0. 0. 0. 0. 0. 0. 2.79500008e+00
    1.97399998e+00 1.97399998e+00 1.97300005e+00 1.97800004e+00
    1.98099995e+00 1.97800004e+00 1.98199999e+00 1.98199999e+00
    1.98599994e+00 1.98599994e+00 1.98599994e+00 1.98599994e+00
    1.98599994e+00 1.98899996e+00 1.99100006e+00 1.99100006e+00
    1.99100006e+00 1.99600005e+00 1.99199998e+00 1.99699998e+00
    2.00099993e+00 1.99600005e+00 1.99600005e+00 2. 2.00500011e+00
    2.00500011e+00 2.00699997e+00 2.00900006e+00 2.00900006e+00
    2.04299998e+00 0. 0. 0. 0. 0. 0. 0. 0. 0. 1.97700000e+00
    1.97700000e+00 1.97700000e+00 1.98199999e+00 1.98199999e+00
    1.98199999e+00 1.98399997e+00 1.98300004e+00 1.98199999e+00
    1.98399997e+00 1.98599994e+00 1.98800004e+00 1.98599994e+00
    1.98599994e+00 1.99100006e+00 1.99100006e+00 1.99100006e+00
    1.99100006e+00 1.99600005e+00 1.99800003e+00 2. 2.00200009e+00
    1.99899995e+00 1.99600005e+00 2.00099993e+00 2.00500011e+00
    2.00500011e+00 2.00500011e+00 2.00900006e+00 2.00900006e+00
    2.00900006e+00 2.01300001e+00 2.07599998e+00 0. 0. 0. 0. 0. 0. 0.
    1.97500002e+00 1.97500002e+00 1.97700000e+00 1.98199999e+00
    1.98199999e+00 1.98199999e+00 1.98399997e+00 1.98399997e+00
    1.98199999e+00 1.98399997e+00 1.98599994e+00 1.98800004e+00
    1.99100006e+00 1.98899996e+00 1.99100006e+00 1.99100006e+00
    1.99100006e+00 1.99600005e+00 1.99300003e+00 1.99800003e+00
    2.00300002e+00 2.00500011e+00 2.00300002e+00 2.00300002e+00
    2.00500011e+00 2.00500011e+00 2.00699997e+00 2.00900006e+00
    2.00900006e+00 2.00900006e+00 2.00900006e+00 2.01300001e+00
    2.01799989e+00 2.03800011e+00 0. 0. 0. 0. 0. 0. 1.97300005e+00
    1.97300005e+00 1.97700000e+00 1.97899997e+00 1.97700000e+00
    1.98199999e+00 1.98500001e+00 1.98599994e+00 1.98599994e+00
    1.98599994e+00 1.98599994e+00 1.98599994e+00 1.99100006e+00
    1.99100006e+00 1.99100006e+00 1.99100006e+00 1.99100006e+00
    1.99600005e+00 1.99399996e+00 1.99600005e+00 2. 2. 2.00500011e+00
    2.00500011e+00 2.00500011e+00 2.00500011e+00 2.00900006e+00
    2.00900006e+00 2.00900006e+00 2.01099992e+00 2.00900006e+00
    2.01399994e+00 2.01399994e+00 2.01900005e+00 2.16499996e+00 0. 0. 0.
    0. 0. 1.97200000e+00 1.97599995e+00 1.98099995e+00 1.98099995e+00
    1.97700000e+00 1.98199999e+00 1.98399997e+00 1.98599994e+00
    1.98599994e+00 1.98599994e+00 1.99000001e+00 1.98599994e+00
    1.98800004e+00 1.99300003e+00 1.99500000e+00 1.99199998e+00
    1.99100006e+00 1.99600005e+00 1.99600005e+00 1.99600005e+00 2. 2.
    2.00500011e+00 2.00500011e+00 2.00500011e+00 2.00500011e+00
    2.00900006e+00 2.00699997e+00 2.00900006e+00 2.00900006e+00
    2.01399994e+00 2.01399994e+00 2.01399994e+00 2.01399994e+00
    2.01500010e+00 2.86400008e+00 0. 0. 0. 0. 1.97300005e+00
    1.97700000e+00 1.98199999e+00 1.98199999e+00 1.98199999e+00
    1.98199999e+00 1.98199999e+00 1.98399997e+00 1.98599994e+00
    1.98599994e+00 1.99100006e+00 1.98599994e+00 1.98699999e+00
    1.99300003e+00 1.99100006e+00 1.99399996e+00 1.99600005e+00
    1.99600005e+00 1.99600005e+00 1.99699998e+00 2. 2. 2.00300002e+00
