<?xml version="1.0"?>
<opencv_storage>
<Depth type_id="opencv-matrix">
  <rows>40</rows>
  <cols>40</cols>
  <dt>f</dt>
  <data>
    0. 0. 0. 0. 0. 0. 0. 0. 0. 0. 0. 0. 2.77399993e+00 2.74399996e+00
    2.69400001e+00 2.68600011e+00 2.66700006e+00 2.28099990e+00
    1.99000001e+00 1.95299995e+00 1.93400002e+00 1.93400002e+00
    1.93400002e+00 1.93400002e+00 1.93400002e+00 1.93400002e+00
    1.93400002e+00 1.93400002e+00 0. 0. 0. 0. 0. 0. 0. 0. 0. 0. 0. 0. 0.
    0. 0. 0. 0. 0. 0. 0. 0. 0. 0. 0. 2.77399993e+00 2.74399996e+00
    2.69400001e+00 2.67199993e+00 2.63800001e+00 2.26900005e+00
    1.99300003e+00 1.96899998e+00 1.95700002e+00 1.95700002e+00
    1.95700002e+00 1.95700002e+00 1.94500005e+00 1.93400002e+00
    1.93400002e+00 1.93400002e+00 0. 0. 0. 0. 0. 0. 0. 0. 0. 0. 0. 0. 0.
    0. 0. 0. 0. 0. 0. 0. 0. 0. 0. 0. 2.77399993e+00 2.74399996e+00
    2.69400001e+00 2.65000010e+00 2.59100008e+00 2.24900007e+00
    1.99899995e+00 1.99600005e+00 1.99399996e+00 1.99399996e+00
    1.99399996e+00 1.99399996e+00 1.96300006e+00 1.93400002e+00
    1.93400002e+00 1.93400002e+00 0. 0. 0. 0. 0. 0. 0. 0. 0. 0. 0. 0. 0.
    0. 0. 0. 0. 0. 0. 0. 0. 0. 0. 0. 2.77399993e+00 2.74399996e+00
    2.69400001e+00 2.64599991e+00 2.58400011e+00 2.26500010e+00
    2.03200006e+00 2.03200006e+00 2.03200006e+00 2.03200006e+00
    2.01900005e+00 2.00099993e+00 1.96599996e+00 1.93200004e+00
    1.91499996e+00 1.90499997e+00 0. 0. 0. 0. 0. 0. 0. 0. 0. 0. 0. 0. 0.
    0. 0. 0. 0. 0. 0. 0. 0. 0. 0. 0. 2.77699995e+00 2.73900008e+00
    2.67700005e+00 2.62800002e+00 2.56900001e+00 2.27800012e+00
    2.06599998e+00 2.06599998e+00 2.06599998e+00 2.06599998e+00
    2.03999996e+00 2.00300002e+00 1.96599996e+00 1.92900002e+00
    1.89300001e+00 1.87100005e+00 0. 0. 0. 0. 0. 0. 0. 0. 0. 0. 0. 0. 0.
    0. 0. 0. 0. 0. 0. 0. 0. 0. 0. 0. 2.82800007e+00 2.64100003e+00
    2.33400011e+00 2.26500010e+00 2.24000001e+00 2.11700010e+00
    2.02800012e+00 2.02800012e+00 2.02800012e+00 2.02800012e+00
    2.01699996e+00 2.00099993e+00 1.96599996e+00 1.92900002e+00
    1.89300001e+00 1.87100005e+00 0. 0. 0. 0. 0. 0. 0. 0. 0. 0. 0. 0. 0.
    0. 0. 0. 0. 0. 0. 0. 0. 0. 0. 0. 2.86599994e+00 2.56900001e+00
    2.08299994e+00 2. 2. 2. 2. 2. 1.99699998e+00 1.99199998e+00
    1.99000001e+00 1.99000001e+00 1.95599997e+00 1.91999996e+00
    1.88999999e+00 1.87100005e+00 0. 0. 0. 0. 0. 0. 0. 0. 0. 0. 0. 0. 0.
    0. 0. 0. 0. 0. 0. 0. 0. 0. 0. 0. 2.86599994e+00 2.56900001e+00
    2.08299994e+00 2. 2. 2. 2. 2. 1.98699999e+00 1.96099997e+00
    1.95299995e+00 1.95299995e+00 1.91999996e+00 1.88800001e+00
    1.87699997e+00 1.87100005e+00 0. 0. 0. 0. 0. 0. 0. 0. 0. 0. 0. 0. 0.
    0. 0. 0. 0. 0. 0. 0. 0. 0. 0. 0. 2.86599994e+00 2.57599998e+00
    2.09999990e+00 2.00999999e+00 2. 2. 1.99699998e+00 1.98699999e+00
    1.96399999e+00 1.92700005e+00 1.90999997e+00 1.89999998e+00
    1.86699998e+00 1.83700001e+00 1.83700001e+00 1.83700001e+00 0. 0. 0.
    0. 0. 0. 0. 0. 0. 0. 0. 0. 0. 0. 0. 0. 0. 0. 0. 0. 0. 0. 0. 0.
    2.86599994e+00 2.58899999e+00 2.13400006e+00 2.02999997e+00 2. 2.
    1.99199998e+00 1.96099997e+00 1.92700005e+00 1.89199996e+00
    1.86000001e+00 1.83099997e+00 1.79700005e+00 1.76800001e+00
    1.76800001e+00 1.76800001e+00 0. 0. 0. 0. 0. 0. 0. 0. 0. 0. 0. 0. 0.
    0. 0. 0. 0. 0. 0. 0. 0. 0. 0. 0. 2.86599994e+00 2.59299994e+00
    2.14400005e+00 2.03600001e+00 2. 2. 1.99000001e+00 1.95299995e+00
    1.91700006e+00 1.88100004e+00 1.84599996e+00 1.80999994e+00
    1.77699995e+00 1.74800003e+00 1.74800003e+00 1.74800003e+00 0. 0. 0.
    0. 0. 0. 0. 0. 0. 0. 0. 0. 0. 0. 0. 0. 0. 0. 0. 0. 0. 0. 0. 0.
    2.86599994e+00 2.59299994e+00 2.14400005e+00 2.03600001e+00 2. 2.
    1.99000001e+00 1.95299995e+00 1.91700006e+00 1.88100004e+00
    1.84599996e+00 1.80999994e+00 1.77699995e+00 1.74800003e+00
    1.74800003e+00 1.74800003e+00 0. 0. 0. 0. 0. 0. 0. 0. 0. 0. 0. 0. 0.
    0. 0. 0. 0. 0. 0. 0. 0. 0. 0. 0. 2.86599994e+00 2.59299994e+00
    2.14400005e+00 2.03600001e+00 2. 2. 1.99000001e+00 1.95299995e+00
    1.92600000e+00 1.90900004e+00 1.87899995e+00 1.84300005e+00
    1.80900002e+00 1.77900004e+00 1.77900004e+00 1.77900004e+00 0. 0. 0.
    0. 0. 0. 0. 0. 0. 0. 0. 0. 0. 0. 0. 0. 0. 0. 0. 0. 0. 0. 0. 0.
    2.86599994e+00 2.59299994e+00 2.14400005e+00 2.03900003e+00
    2.00600004e+00 2.00200009e+00 1.99000001e+00 1.95299995e+00
    1.93400002e+00 1.93400002e+00 1.91100001e+00 1.87899995e+00
    1.84099996e+00 1.80799997e+00 1.80799997e+00 1.80799997e+00 0. 0. 0.
    0. 0. 0. 0. 0. 0. 0. 0. 0. 0. 0. 0. 0. 0. 0. 0. 0. 0. 0. 0. 0.
    2.86599994e+00 2.59299994e+00 2.14400005e+00 2.05699992e+00
    2.04299998e+00 2.01799989e+00 1.99000001e+00 1.95299995e+00
    1.93400002e+00 1.93400002e+00 1.92499995e+00 1.91299999e+00
    1.85800004e+00 1.80799997e+00 1.80799997e+00 1.80799997e+00 0. 0. 0.
    0. 0. 0. 0. 0. 0. 0. 0. 0. 0. 0. 0. 0. 0. 0. 0. 0. 0. 0. 0. 0.
    2.86599994e+00 2.59299994e+00 2.14400005e+00 2.06800008e+00
    2.06599998e+00 2.02800012e+00 1.99199998e+00 1.96300006e+00
    1.94799995e+00 1.94799995e+00 1.94799995e+00 1.94799995e+00
    1.88199997e+00 1.82099998e+00 1.82099998e+00 1.82099998e+00 0. 0. 0.
    0. 0. 0. 0. 0. 0. 0. 0. 0. 0. 0. 0. 0. 0. 0. 0. 0. 0. 0. 0. 0.
    2.86599994e+00 2.59299994e+00 2.14400005e+00 2.06800008e+00
    2.06599998e+00 2.02800012e+00 1.99800003e+00 1.98899996e+00
    1.98500001e+00 1.98500001e+00 1.98500001e+00 1.98500001e+00
    1.91799998e+00 1.85599995e+00 1.85599995e+00 1.85599995e+00 0. 0. 0.
    0. 0. 0. 0. 0. 0. 0. 0. 0. 0. 0. 0. 0. 0. 0. 0. 0. 0. 0. 0. 0.
    2.83599997e+00 2.57200003e+00 2.14100003e+00 2.06800008e+00
    2.06599998e+00 2.02800012e+00 2. 2. 2. 2. 2. 2. 1.93299997e+00
    1.87100005e+00 1.87100005e+00 1.87100005e+00 0. 0. 0. 0. 0. 0. 0. 0.
    0. 0. 0. 0. 0. 0. 0. 0. 0. 0. 0. 0. 0. 0. 0. 0. 2.78399992e+00
    2.53900003e+00 2.13599992e+00 2.06800008e+00 2.06599998e+00
    2.02800012e+00 2. 2. 2. 2. 2. 2. 1.93299997e+00 1.87100005e+00
    1.87100005e+00 1.87100005e+00 0. 0. 0. 0. 0. 0. 0. 0. 0. 0. 0. 0. 0.
    0. 0. 0. 0. 0. 0. 0. 0. 0. 0. 0. 2.77399993e+00 2.53200006e+00
    2.13499999e+00 2.06800008e+00 2.06699991e+00 2.04600000e+00
    2.02600002e+00 2.00900006e+00 2. 2. 2.01200008e+00 2.02999997e+00
    1.96200001e+00 1.89999998e+00 1.89999998e+00 1.89999998e+00 0. 0. 0.
    0. 0. 0. 0. 0. 0. 0. 0. 0. 0. 0. 0. 0. 0. 0. 0. 0. 0. 0. 0. 0.
    2.77399993e+00 2.53200006e+00 2.13400006e+00 2.06699991e+00
    2.06699991e+00 2.06699991e+00 2.05699992e+00 2.01900005e+00 2. 2.
    2.02699995e+00 2.06500006e+00 1.99800003e+00 1.93400002e+00
    1.93400002e+00 1.93400002e+00 0. 0. 0. 0. 0. 0. 0. 0. 0. 0. 0. 0. 0.
    0. 0. 0. 0. 0. 0. 0. 0. 0. 0. 0. 2.77399993e+00 2.51900005e+00
    2.09999990e+00 2.02900004e+00 2.02900004e+00 2.02900004e+00
    2.02399993e+00 2.00799990e+00 2. 2. 2.02699995e+00 2.06500006e+00
    1.99800003e+00 1.93400002e+00 1.93400002e+00 1.93400002e+00 0. 0. 0.
    0. 0. 0. 0. 0. 0. 0. 0. 0. 0. 0. 0. 0. 0. 0. 0. 0. 0. 0. 0. 0.
    2.70499992e+00 2.46300006e+00 2.06699991e+00 2. 2. 2. 2. 2. 2. 2.
    2.02699995e+00 2.06500006e+00 2.00799990e+00 1.89600003e+00
    1.51400006e+00 1.27300000e+00 0. 0. 0. 0. 0. 0. 0. 0. 0. 0. 0. 0. 0.
    0. 0. 0. 0. 0. 0. 0. 0. 0. 0. 0. 2.42899990e+00 2.28200006e+00
    2.04099989e+00 2. 2. 2. 2. 2. 2. 2. 2.02699995e+00 2.06500006e+00
    2.04699993e+00 1.74199998e+00 0. 0. 0. 0. 0. 0. 0. 0. 0. 0. 0. 0. 0.
    0. 0. 0. 0. 0. 0. 0. 0. 0. 0. 0. 0. 0. 2.20799994e+00 2.13000011e+00
    2.00399995e+00 1.98300004e+00 1.98300004e+00 1.99300003e+00 2. 2. 2.
    2. 2.02699995e+00 2.06500006e+00 2.06800008e+00 1.65999997e+00 0. 0.
    0. 0. 0. 0. 0. 0. 0. 0. 0. 0. 0. 0. 0. 0. 0. 0. 0. 0. 0. 0. 0. 0. 0.
    0. 2.04900002e+00 2.01399994e+00 1.95500004e+00 1.94599998e+00
    1.94700003e+00 1.97800004e+00 2. 2. 2. 2. 2.02699995e+00
    2.06500006e+00 2.06800008e+00 1.65999997e+00 0. 0. 0. 0. 0. 0. 0. 0.
    0. 0. 0. 0. 0. 0. 0. 0. 0. 0. 0. 0. 0. 0. 0. 0. 0. 0. 2.
