<?xml version="1.0"?>
<opencv_storage>
<Depth type_id="opencv-matrix">
  <rows>40</rows>
  <cols>40</cols>
  <dt>f</dt>
  <data>
    0. 0. 0. 0. 0. 0. 0. 0. 0. 0. 0. 0. 0. 0. 0. 0. 0. 2.04800010e+00
    2.04800010e+00 2.04399991e+00 2.03399992e+00 2.04099989e+00
    2.02900004e+00 1.96899998e+00 1.96700001e+00 1.96700001e+00
    1.96800005e+00 1.22899997e+00 1.22899997e+00 0. 0. 0. 0. 0. 0. 0. 0.
    0. 0. 0. 0. 0. 0. 0. 0. 0. 0. 0. 0. 0. 0. 0. 0. 0. 1.22899997e+00
    1.22899997e+00 1.22899997e+00 2.03399992e+00 2.01900005e+00
    2.01999998e+00 2.00900006e+00 1.96800005e+00 1.96700001e+00
    1.96800005e+00 1.96800005e+00 1.96899998e+00 1.97099996e+00
    1.33899999e+00 1.22899997e+00 0. 0. 0. 0. 0. 0. 0. 0. 0. 0. 0. 0. 0.
    0. 0. 0. 0. 0. 0. 0. 0. 0. 1.63399994e+00 1.22899997e+00
    1.22899997e+00 1.22899997e+00 1.22899997e+00 1.72700000e+00
    1.83700001e+00 1.96599996e+00 1.96500003e+00 1.96500003e+00
    1.96899998e+00 1.97000003e+00 1.97099996e+00 1.97000003e+00
    1.97099996e+00 1.97300005e+00 1.78999996e+00 1.22899997e+00 0. 0. 0.
    0. 0. 0. 0. 0. 0. 0. 0. 0. 0. 0. 0. 0. 0. 0. 0. 0. 1.22899997e+00
    1.22899997e+00 1.22899997e+00 1.97800004e+00 1.22899997e+00
    1.34300005e+00 1.96899998e+00 1.96500003e+00 1.96500003e+00
    1.96700001e+00 1.96800005e+00 1.97000003e+00 1.97000003e+00
    1.97099996e+00 1.97200000e+00 1.97200000e+00 1.97300005e+00
    1.97300005e+00 1.97300005e+00 1.22899997e+00 0. 0. 0. 0. 0. 0. 0. 0.
    0. 0. 0. 0. 0. 0. 0. 0. 0. 2.52800012e+00 1.22899997e+00
    1.22899997e+00 1.22899997e+00 1.22899997e+00 1.22899997e+00
    1.97300005e+00 1.96800005e+00 1.96700001e+00 1.96800005e+00
    1.96800005e+00 1.96899998e+00 1.96899998e+00 1.96899998e+00
    1.97099996e+00 1.97099996e+00 1.97300005e+00 1.97300005e+00
    1.97399998e+00 1.97599995e+00 1.97599995e+00 1.97500002e+00
    1.22899997e+00 1.45099998e+00 0. 0. 0. 0. 0. 0. 0. 0. 0. 0. 0. 0. 0.
    0. 1.40799999e+00 1.97500002e+00 1.96800005e+00 1.22899997e+00
    1.22899997e+00 1.96800005e+00 1.96800005e+00 1.96800005e+00
    1.96500003e+00 1.96800005e+00 1.97000003e+00 1.96899998e+00
    1.97000003e+00 1.97000003e+00 1.97000003e+00 1.97099996e+00
    1.97300005e+00 1.97300005e+00 1.97300005e+00 1.97500002e+00
    1.97599995e+00 1.97599995e+00 1.97599995e+00 1.97800004e+00
    1.97800004e+00 1.22899997e+00 0. 0. 0. 0. 0. 0. 0. 0. 0. 0. 0. 0. 0.
    0. 1.40799999e+00 1.97800004e+00 1.96700001e+00 1.96800005e+00
    1.97000003e+00 1.96899998e+00 1.96899998e+00 1.97000003e+00
    1.97000003e+00 1.97000003e+00 1.97099996e+00 1.97000003e+00
    1.97099996e+00 1.97099996e+00 1.97099996e+00 1.97099996e+00
    1.97300005e+00 1.97500002e+00 1.97599995e+00 1.97599995e+00
    1.97599995e+00 1.97800004e+00 1.97800004e+00 1.97899997e+00
    1.97899997e+00 1.22899997e+00 0. 0. 0. 0. 0. 0. 0. 0. 0. 0. 0. 0. 0.
    0. 1.97000003e+00 1.96899998e+00 1.96800005e+00 1.96800005e+00
    1.97000003e+00 1.97000003e+00 1.97099996e+00 1.97099996e+00
    1.97099996e+00 1.97099996e+00 1.97099996e+00 1.97300005e+00
    1.97300005e+00 1.97099996e+00 1.97300005e+00 1.97599995e+00
    1.97500002e+00 1.97800004e+00 1.97800004e+00 1.97800004e+00
    1.97899997e+00 1.97899997e+00 1.97899997e+00 1.97899997e+00
    1.98099995e+00 1.22899997e+00 1.22899997e+00 0. 0. 0. 0. 0. 0. 0. 0.
    0. 0. 0. 0. 0. 1.96899998e+00 1.96800005e+00 1.96800005e+00
    1.97000003e+00 1.97099996e+00 1.97099996e+00 1.97099996e+00
    1.97200000e+00 1.97200000e+00 1.97300005e+00 1.97300005e+00
    1.97500002e+00 1.97500002e+00 1.97599995e+00 1.97599995e+00
    1.97599995e+00 1.97700000e+00 1.97899997e+00 1.97899997e+00
    1.97899997e+00 1.98099995e+00 1.98199999e+00 1.98300004e+00
    1.98199999e+00 1.98399997e+00 1.83099997e+00 1.22899997e+00 0. 0. 0.
    0. 0. 0. 0. 0. 0. 0. 0. 0. 0. 1.97300005e+00 1.97099996e+00
    1.97099996e+00 1.97099996e+00 1.97300005e+00 1.97300005e+00
    1.97300005e+00 1.97500002e+00 1.97599995e+00 1.97500002e+00
    1.97599995e+00 1.97599995e+00 1.97599995e+00 1.97599995e+00
    1.97800004e+00 1.97599995e+00 1.97899997e+00 1.98099995e+00
    1.98099995e+00 1.98199999e+00 1.98399997e+00 1.98399997e+00
    1.98399997e+00 1.98599994e+00 1.98699999e+00 1.98800004e+00
    1.22899997e+00 1.69500005e+00 0. 0. 0. 0. 0. 0. 0. 0. 0. 0. 0. 0.
    1.68799996e+00 1.97399998e+00 1.97200000e+00 1.97200000e+00
    1.97599995e+00 1.97599995e+00 1.97599995e+00 1.97700000e+00
    1.97700000e+00 1.97599995e+00 1.97800004e+00 1.97800004e+00
    1.97800004e+00 1.97800004e+00 1.97899997e+00 1.97800004e+00
    1.98199999e+00 1.98399997e+00 1.98399997e+00 1.98500001e+00
    1.98399997e+00 1.98599994e+00 1.98599994e+00 1.98599994e+00
    1.98699999e+00 1.98899996e+00 1.22899997e+00 1.22899997e+00 0. 0. 0.
    0. 0. 0. 0. 0. 0. 0. 0. 0. 1.22899997e+00 1.97500002e+00
    1.97599995e+00 1.97599995e+00 1.97800004e+00 1.97800004e+00
    1.97800004e+00 1.97899997e+00 1.97899997e+00 1.97800004e+00
    1.97800004e+00 1.98000002e+00 1.98099995e+00 1.98099995e+00
    1.98099995e+00 1.98099995e+00 1.98300004e+00 1.98500001e+00
    1.98399997e+00 1.98599994e+00 1.98599994e+00 1.98699999e+00
    1.98800004e+00 1.99000001e+00 1.99000001e+00 1.99100006e+00
    1.46700001e+00 1.22899997e+00 0. 0. 0. 0. 0. 0. 0. 0. 0. 0. 0. 0.
    1.22899997e+00 1.97599995e+00 1.97599995e+00 1.97599995e+00
    1.97800004e+00 1.97800004e+00 1.98000002e+00 1.98099995e+00
    1.98099995e+00 1.97899997e+00 1.98099995e+00 1.98300004e+00
    1.98300004e+00 1.98300004e+00 1.98300004e+00 1.98399997e+00
    1.98399997e+00 1.98800004e+00 1.98800004e+00 1.98800004e+00
    1.98800004e+00 1.99000001e+00 1.99100006e+00 1.99100006e+00
    1.99199998e+00 1.99199998e+00 1.99300003e+00 1.22899997e+00
    2.24900007e+00 0. 0. 0. 0. 0. 0. 0. 0. 0. 0. 0. 1.22899997e+00
    1.26100004e+00 1.97800004e+00 1.97800004e+00 1.98099995e+00
    1.98000002e+00 1.98300004e+00 1.98300004e+00 1.98300004e+00
    1.98300004e+00 1.98300004e+00 1.98300004e+00 1.98399997e+00
    1.98399997e+00 1.98599994e+00 1.98599994e+00 1.98599994e+00
    1.99000001e+00 1.99100006e+00 1.99100006e+00 1.99100006e+00
    1.99300003e+00 1.99300003e+00 1.99300003e+00 1.99300003e+00
    1.99300003e+00 1.99500000e+00 1.22899997e+00 0. 0. 0. 0. 0. 0. 0. 0.
    0. 0. 0. 0. 1.22899997e+00 1.22899997e+00 1.98099995e+00
    1.98099995e+00 1.98300004e+00 1.98300004e+00 1.98399997e+00
    1.98399997e+00 1.98399997e+00 1.98399997e+00 1.98399997e+00
    1.98399997e+00 1.98599994e+00 1.98599994e+00 1.98699999e+00
    1.98899996e+00 1.98899996e+00 1.99100006e+00 1.99300003e+00
    1.99300003e+00 1.99300003e+00 1.99399996e+00 1.99500000e+00
    1.99600005e+00 1.99699998e+00 1.99699998e+00 1.99800003e+00
    1.22899997e+00 1.22899997e+00 0. 0. 0. 0. 0. 0. 0. 0. 0. 0. 0.
    1.22899997e+00 1.22899997e+00 1.43900001e+00 1.98300004e+00
    1.98399997e+00 1.98599994e+00 1.98399997e+00 1.98399997e+00
    1.98399997e+00 1.98599994e+00 1.98800004e+00 1.98699999e+00
    1.98800004e+00 1.98800004e+00 1.99000001e+00 1.99000001e+00
    1.99000001e+00 1.99300003e+00 1.99300003e+00 1.99399996e+00
    1.99300003e+00 1.99600005e+00 1.99600005e+00 1.99800003e+00
    1.99800003e+00 1.99800003e+00 1.99800003e+00 2. 1.22899997e+00
    1.84000003e+00 0. 0. 0. 0. 0. 0. 0. 0. 0. 0. 1.22899997e+00
    1.22899997e+00 1.32200003e+00 1.98399997e+00 1.98800004e+00
    1.98699999e+00 1.98699999e+00 1.98899996e+00 1.99000001e+00
    1.99000001e+00 1.99000001e+00 1.99000001e+00 1.99000001e+00
    1.99000001e+00 1.99100006e+00 1.99100006e+00 1.99300003e+00
    1.99300003e+00 1.99500000e+00 1.99800003e+00 1.99800003e+00
    1.99800003e+00 1.99800003e+00 1.99800003e+00 2. 2. 2. 2.
    1.22899997e+00 1.43700004e+00 0. 0. 0. 0. 0. 0. 0. 0. 0. 0.
    1.22899997e+00 1.22899997e+00 1.22899997e+00 1.74300003e+00
    1.98899996e+00 1.99000001e+00 1.99000001e+00 1.99100006e+00
    1.99100006e+00 1.99000001e+00 1.99100006e+00 1.99000001e+00
    1.99100006e+00 1.99300003e+00 1.99300003e+00 1.99500000e+00
