<?xml version="1.0"?>
<opencv_storage>
<Depth type_id="opencv-matrix">
  <rows>40</rows>
  <cols>40</cols>
  <dt>f</dt>
  <data>
    0. 0. 0. 0. 0. 0. 0. 0. 0. 0. 0. 0. 0. 0. 0. 0. 0. 0. 0. 0. 0. 0. 0.
    0. 0. 0. 0. 0. 0. 0. 0. 0. 0. 0. 0. 0. 0. 0. 0. 0. 0. 0. 0. 0. 0. 0.
    0. 0. 0. 0. 0. 0. 0. 0. 0. 0. 0. 0. 0. 0. 0. 0. 0. 0. 0. 0. 0. 0. 0.
    0. 0. 0. 0. 0. 0. 0. 0. 0. 0. 0. 0. 0. 0. 0. 0. 0. 0. 0. 0. 0. 0. 0.
    0. 0. 0. 0. 0. 0. 0. 0. 0. 0. 0. 0. 0. 0. 0. 0. 0. 0. 0. 0. 0. 0. 0.
    0. 0. 0. 0. 0. 0. 0. 0. 0. 0. 0. 0. 0. 0. 0. 0. 0. 0. 0. 0. 0. 0. 0.
    0. 0. 0. 0. 0. 0. 0. 0. 0. 0. 0. 0. 0. 0. 0. 0. 0. 0. 0. 0. 0. 0. 0.
    0. 0. 0. 0. 0. 0. 0. 0. 0. 0. 0. 0. 0. 0. 0. 0. 0. 0. 0. 0. 0. 0. 0.
    0. 0. 0. 0. 0. 0. 0. 0. 0. 0. 0. 0. 0. 0. 0. 0. 0. 0. 0. 0. 0. 0. 0.
    0. 0. 0. 0. 0. 0. 0. 0. 0. 0. 0. 0. 0. 0. 0. 0. 0. 0. 0. 0. 0. 0. 0.
    0. 0. 0. 0. 0. 0. 0. 0. 0. 0. 0. 0. 0. 0. 0. 0. 0. 0. 0. 0. 0. 0. 0.
    0. 0. 0. 0. 0. 0. 0. 0. 0. 0. 0. 0. 0. 0. 0. 0. 0. 0. 0. 0. 0. 0. 0.
    0. 0. 0. 0. 0. 0. 0. 0. 0. 0. 0. 0. 0. 0. 0. 0. 0. 0. 0. 0. 0. 0. 0.
    0. 0. 0. 0. 0. 0. 0. 0. 0. 0. 0. 0. 0. 0. 0. 0. 0. 0. 0. 0. 0. 0. 0.
    0. 0. 0. 0. 0. 0. 0. 0. 0. 0. 0. 0. 0. 0. 0. 0. 0. 0. 0. 0. 0. 0. 0.
    0. 0. 0. 0. 0. 0. 0. 0. 0. 0. 0. 0. 0. 0. 0. 0. 0. 0. 0. 0. 0. 0. 0.
    0. 0. 0. 0. 0. 0. 0. 0. 0. 0. 0. 0. 1.61000001e+00 1.89199996e+00
    1.89199996e+00 1.89199996e+00 1.89199996e+00 1.89199996e+00
    1.89199996e+00 1.89199996e+00 1.89199996e+00 1.89199996e+00
    1.91299999e+00 1.96000004e+00 2. 0. 0. 0. 0. 0. 0. 0. 0. 0. 0. 0. 0.
    0. 0. 0. 0. 0. 0. 0. 0. 0. 0. 0. 0. 0. 0. 1.05100000e+00
    1.65400004e+00 1.89199996e+00 1.89199996e+00 1.89400005e+00
    1.90199995e+00 1.90900004e+00 1.90900004e+00 1.90900004e+00
    1.90900004e+00 1.90900004e+00 1.92600000e+00 1.96599996e+00 2. 0. 0.
    0. 0. 0. 0. 0. 0. 0. 0. 0. 0. 0. 0. 0. 0. 0. 0. 1.16100001e+00
    1.26900005e+00 1.29700005e+00 1.30700004e+00 1.29600000e+00
    1.28299999e+00 1.25500000e+00 1.22700000e+00 1.48500001e+00
    1.77699995e+00 1.89199996e+00 1.89199996e+00 1.90100002e+00
    1.92900002e+00 1.95599997e+00 1.95599997e+00 1.95599997e+00
    1.95599997e+00 1.95599997e+00 1.96399999e+00 1.98399997e+00 2. 0. 0.
    0. 0. 0. 0. 0. 0. 0. 0. 0. 0. 0. 0. 0. 0. 0. 1.09800005e+00
    1.74399996e+00 1.92799997e+00 1.97500002e+00 2. 2. 1.99100006e+00
    1.94400001e+00 1.89699996e+00 1.89199996e+00 1.89199996e+00
    1.89199996e+00 1.89199996e+00 1.90699995e+00 1.95400000e+00 2. 2. 2.
    2. 2. 2. 2. 2. 0. 0. 0. 0. 0. 0. 0. 0. 0. 0. 0. 0. 0. 0. 0. 0.
    1.00800002e+00 1.40499997e+00 1.80100000e+00 1.92799997e+00
    1.97500002e+00 2. 2. 1.99100006e+00 1.94400001e+00 1.89699996e+00
    1.89199996e+00 1.89199996e+00 1.89199996e+00 1.89199996e+00
    1.90699995e+00 1.95400000e+00 2. 2. 2. 2. 2. 2. 2. 2. 0. 0. 0. 0. 0.
    0. 0. 0. 0. 0. 0. 0. 0. 0. 0. 1.07299995e+00 1.56400001e+00
    1.71099997e+00 1.85800004e+00 1.92799997e+00 1.97500002e+00 2. 2.
    1.99100006e+00 1.94400001e+00 1.89699996e+00 1.89199996e+00
    1.89199996e+00 1.89199996e+00 1.89199996e+00 1.90699995e+00
    1.95400000e+00 2. 2. 2. 2. 2. 2. 2. 2. 0. 0. 0. 0. 0. 0. 0. 0. 0. 0.
    0. 0. 0. 0. 0. 1.33000004e+00 1.69099998e+00 1.76499999e+00
    1.84000003e+00 1.89300001e+00 1.93900001e+00 1.96399999e+00
    1.96399999e+00 1.96099997e+00 1.94500005e+00 1.92999995e+00
    1.92799997e+00 1.92799997e+00 1.92799997e+00 1.92799997e+00
    1.93799996e+00 1.96899998e+00 2. 2. 2. 2. 2. 1.99300003e+00
    1.97700000e+00 1.96399999e+00 0. 0. 0. 0. 0. 0. 0. 0. 0. 0. 0. 0. 0.
    1.38800001e+00 1.43400002e+00 1.56400001e+00 1.68900001e+00
    1.74399996e+00 1.79799998e+00 1.84599996e+00 1.89300001e+00
    1.91700006e+00 1.91700006e+00 1.92100000e+00 1.94700003e+00
    1.97300005e+00 1.97500002e+00 1.97500002e+00 1.97500002e+00
    1.97500002e+00 1.97899997e+00 1.99000001e+00 2. 2. 2. 2. 2.
    1.98399997e+00 1.94799995e+00 1.91700006e+00 0. 0. 0. 0. 0. 0. 0. 0.
    0. 0. 0. 0. 0. 1.70700002e+00 1.70700002e+00 1.70700002e+00
    1.70899999e+00 1.74399996e+00 1.77900004e+00 1.82200003e+00
    1.86800003e+00 1.89199996e+00 1.89199996e+00 1.90100002e+00
    1.94799995e+00 1.99500000e+00 2. 2. 2. 2. 2. 2. 2. 2. 2. 2. 2.
    1.97899997e+00 1.93200004e+00 1.89199996e+00 0. 0. 0. 0. 0. 0. 0. 0.
    0. 0. 0. 0. 0. 1.75100005e+00 1.75100005e+00 1.75100005e+00
    1.75199997e+00 1.76800001e+00 1.78299999e+00 1.82200003e+00
    1.86800003e+00 1.89199996e+00 1.89199996e+00 1.90100002e+00
    1.94799995e+00 1.99500000e+00 2. 2. 2. 2. 2. 2. 2. 2. 2. 2. 2.
    1.97899997e+00 1.93200004e+00 1.89199996e+00 0. 0. 0. 0. 0. 0. 0. 0.
    0. 0. 0. 0. 0. 1.78699994e+00 1.78699994e+00 1.78699994e+00
    1.78699994e+00 1.79100001e+00 1.79499996e+00 1.82500005e+00
    1.86300004e+00 1.88300002e+00 1.88300002e+00 1.89199996e+00
    1.93900001e+00 1.98599994e+00 1.99500000e+00 1.99800003e+00 2. 2. 2.
    2. 2. 2. 2. 1.99699998e+00 1.99300003e+00 1.97200000e+00
    1.92900002e+00 1.89199996e+00 0. 0. 0. 0. 0. 0. 0. 0. 0. 0. 0. 0. 0.
    1.78699994e+00 1.78699994e+00 1.78699994e+00 1.78799999e+00
    1.81200004e+00 1.83599997e+00 1.84000003e+00 1.83800006e+00
    1.83800006e+00 1.83800006e+00 1.84599996e+00 1.89300001e+00
    1.93900001e+00 1.96599996e+00 1.99000001e+00 2. 2. 2. 2. 2. 2. 2.
    1.98199999e+00 1.95799994e+00 1.93400002e+00 1.91100001e+00
    1.89199996e+00 0. 0. 0. 0. 0. 0. 0. 0. 0. 0. 0. 0. 0. 1.78699994e+00
    1.78699994e+00 1.78699994e+00 1.78999996e+00 1.83299994e+00
    1.87699997e+00 1.85500002e+00 1.81299996e+00 1.79200006e+00
    1.79200006e+00 1.79999995e+00 1.84599996e+00 1.89199996e+00
    1.93700004e+00 1.98199999e+00 2. 2. 2. 2. 2. 2. 2. 1.96700001e+00
    1.92200005e+00 1.89600003e+00 1.89400005e+00 1.89199996e+00 0. 0. 0.
    0. 0. 0. 0. 0. 0. 0. 0. 0. 0. 1.78699994e+00 1.78699994e+00
    1.78699994e+00 1.78999996e+00 1.83599997e+00 1.88199997e+00
    1.85699999e+00 1.81099999e+00 1.78699994e+00 1.78699994e+00
    1.79600000e+00 1.84099996e+00 1.88699996e+00 1.91799998e+00
    1.94599998e+00 1.96899998e+00 1.98699999e+00 2. 2. 2. 2. 2.
    1.96599996e+00 1.91799998e+00 1.89199996e+00 1.89199996e+00
    1.89199996e+00 0. 0. 0. 0. 0. 0. 0. 0. 0. 0. 0. 0. 0. 1.78699994e+00
    1.78699994e+00 1.78699994e+00 1.78999996e+00 1.83599997e+00
    1.88199997e+00 1.85699999e+00 1.81099999e+00 1.78699994e+00
    1.78699994e+00 1.79600000e+00 1.84099996e+00 1.88699996e+00
    1.89900005e+00 1.90699995e+00 1.93400002e+00 1.97300005e+00 2. 2. 2.
    2. 2. 1.96599996e+00 1.91799998e+00 1.89199996e+00 1.89199996e+00
    1.89199996e+00 0. 0. 0. 0. 0. 0. 0. 0. 0. 0. 0. 0. 0. 1.41499996e+00
    1.48500001e+00 1.68599999e+00 1.87399995e+00 1.88199997e+00
    1.88999999e+00 1.85699999e+00 1.81099999e+00 1.78699994e+00
    1.78699994e+00 1.79600000e+00 1.84099996e+00 1.88699996e+00
    1.89199996e+00 1.89199996e+00 1.92100000e+00 1.96800005e+00 2. 2. 2.
    2. 2. 1.96599996e+00 1.91799998e+00 1.89199996e+00 1.89199996e+00
    1.89199996e+00 0. 0. 0. 0. 0. 0. 0. 0. 0. 0. 0. 0. 0. 0. 0.
    1.51800001e+00 2.01200008e+00 1.95799994e+00 1.90400004e+00
    1.85699999e+00 1.81099999e+00 1.78699994e+00 1.78699994e+00
    1.79600000e+00 1.84099996e+00 1.88699996e+00 1.89199996e+00
    1.89199996e+00 1.92100000e+00 1.96800005e+00 2. 2. 2. 2. 2.
    1.96599996e+00 1.91799998e+00 1.89199996e+00 1.89199996e+00
    1.89199996e+00 0. 0. 0. 0. 0. 0. 0. 0. 0. 0. 0. 0. 0. 0. 0.
    1.24600005e+00 1.86000001e+00 1.87500000e+00 1.88900006e+00
    1.85699999e+00 1.81099999e+00 1.78699994e+00 1.78699994e+00
    1.79600000e+00 1.84099996e+00 1.88699996e+00 1.89199996e+00
    1.89199996e+00 1.92100000e+00 1.96800005e+00 2. 2. 2. 2. 2.
    1.90799999e+00 1.78100002e+00 1.71000004e+00 1.71000004e+00
    1.71000004e+00 0. 0. 0. 0. 0. 0. 0. 0. 0. 0. 0. 0. 0. 0. 0. 0.
    1.07400000e+00 1.44099998e+00 1.80799997e+00 1.85699999e+00
    1.81099999e+00 1.78699994e+00 1.78699994e+00 1.79600000e+00
    1.84099996e+00 1.88699996e+00 1.89199996e+00 1.89199996e+00
