<?xml version="1.0"?>
<opencv_storage>
<Depth type_id="opencv-matrix">
  <rows>40</rows>
  <cols>40</cols>
  <dt>f</dt>
  <data>
    0. 0. 0. 0. 0. 0. 0. 0. 0. 0. 0. 0. 0. 0. 0. 0. 0. 0. 0. 0. 0. 0. 0.
    0. 0. 0. 0. 0. 0. 0. 0. 0. 0. 0. 0. 0. 0. 0. 0. 0. 0. 0. 0. 0. 0. 0.
    0. 0. 0. 0. 0. 0. 0. 0. 0. 0. 0. 0. 0. 0. 0. 0. 0. 0. 0. 0. 0. 0. 0.
    0. 0. 0. 0. 0. 0. 0. 0. 0. 0. 0. 0. 0. 0. 0. 0. 0. 0. 0. 0. 0. 0. 0.
    0. 0. 0. 0. 0. 0. 0. 0. 0. 0. 0. 0. 0. 0. 0. 0. 0. 0. 0. 0. 0. 0. 0.
    0. 0. 0. 0. 0. 0. 0. 0. 0. 0. 0. 0. 0. 0. 0. 0. 0. 0. 0. 0. 0. 0. 0.
    0. 0. 0. 0. 0. 0. 0. 0. 0. 0. 0. 0. 0. 0. 0. 0. 0. 0. 0. 0. 0. 0. 0.
    0. 0. 0. 0. 0. 0. 0. 0. 0. 0. 0. 0. 0. 0. 0. 0. 0. 0. 0. 0. 0. 0. 0.
    0. 0. 0. 0. 0. 0. 0. 0. 0. 0. 0. 0. 0. 0. 0. 0. 0. 0. 0. 0. 0. 0. 0.
    0. 0. 0. 0. 0. 0. 0. 0. 0. 0. 0. 0. 0. 0. 0. 0. 0. 0. 0. 0. 0. 0. 0.
    0. 0. 0. 0. 0. 0. 0. 0. 0. 0. 0. 0. 0. 0. 0. 0. 0. 0. 0. 0. 0. 0. 0.
    0. 0. 0. 0. 0. 0. 0. 0. 0. 0. 0. 0. 0. 0. 0. 0. 0. 0. 0. 0. 0. 0. 0.
    0. 0. 0. 0. 0. 0. 0. 0. 0. 0. 0. 0. 0. 0. 0. 0. 0. 0. 0. 0. 0. 0. 0.
    0. 0. 0. 0. 0. 0. 0. 0. 0. 0. 0. 0. 0. 0. 0. 0. 0. 0. 0. 0. 0. 0. 0.
    0. 0. 0. 0. 0. 0. 0. 0. 0. 0. 0. 0. 0. 0. 0. 0. 0. 0. 0. 0. 0. 0. 0.
    0. 0. 0. 0. 0. 0. 0. 0. 0. 0. 0. 0. 0. 0. 0. 0. 0. 0. 0. 0. 0. 0. 0.
    0. 0. 0. 0. 0. 0. 0. 0. 0. 0. 0. 0. 0. 0. 0. 0. 0. 0. 0. 0. 0. 0. 0.
    0. 0. 0. 0. 0. 0. 0. 0. 0. 0. 0. 0. 0. 0. 0. 0. 0. 0. 0. 0. 0. 0. 0.
    0. 0. 0. 0. 0. 0. 0. 0. 0. 0. 0. 0. 0. 0. 0. 0. 0. 0. 0. 0. 0. 0. 0.
    0. 0. 0. 0. 0. 0. 0. 0. 0. 0. 0. 0. 0. 0. 0. 0. 0. 0. 0. 0. 0. 0. 0.
    0. 0. 0. 0. 0. 0. 0. 0. 0. 0. 0. 0. 0. 0. 0. 0. 0. 0. 0. 0. 0. 0. 0.
    0. 0. 0. 0. 0. 0. 0. 0. 0. 0. 0. 0. 0. 0. 0. 0. 0. 0. 0. 0. 0.
    2.70600009e+00 2.06800008e+00 2.06800008e+00 2.06800008e+00
    2.06800008e+00 2.06800008e+00 2.06800008e+00 2.06800008e+00
    2.06800008e+00 2.06800008e+00 2.06800008e+00 2.06800008e+00
    2.06800008e+00 2.06800008e+00 2.04200006e+00 2.00399995e+00 0.
    2.85800004e+00 2.72900009e+00 2.76600003e+00 2.78500009e+00
    2.78500009e+00 2.78500009e+00 2.78500009e+00 2.78500009e+00
    2.78500009e+00 2.78500009e+00 2.78500009e+00 2.78500009e+00
    2.76300001e+00 2.72600007e+00 2.71900010e+00 2.72000003e+00
    2.77099991e+00 2.80500007e+00 2.79200006e+00 2.80299997e+00
    2.84200001e+00 2.88199997e+00 2.92199993e+00 2.48699999e+00
    2.06800008e+00 2.06800008e+00 2.06800008e+00 2.06800008e+00
    2.06800008e+00 2.06800008e+00 2.06800008e+00 2.06800008e+00
    2.06800008e+00 2.06800008e+00 2.06800008e+00 2.06800008e+00
    2.06800008e+00 2.04200006e+00 2.00399995e+00 0. 2.52999997e+00
    2.16400003e+00 2.16899991e+00 2.17199993e+00 2.17199993e+00
    2.17199993e+00 2.17199993e+00 2.17199993e+00 2.17199993e+00
    2.17199993e+00 2.17199993e+00 2.17199993e+00 2.16899991e+00
    2.16400003e+00 2.16300011e+00 2.16400003e+00 2.20400000e+00
    2.22600007e+00 2.19099998e+00 2.17499995e+00 2.18000007e+00
    2.18600011e+00 2.19199991e+00 2.12899995e+00 2.06800008e+00
    2.06800008e+00 2.06800008e+00 2.06800008e+00 2.06800008e+00
    2.06800008e+00 2.06800008e+00 2.06800008e+00 2.06800008e+00
    2.06800008e+00 2.06800008e+00 2.06800008e+00 2.06800008e+00
    2.04200006e+00 2.00399995e+00 2.64499998e+00 2.31200004e+00
    2.06800008e+00 2.06800008e+00 2.06800008e+00 2.06800008e+00
    2.06800008e+00 2.06800008e+00 2.06800008e+00 2.06800008e+00
    2.06800008e+00 2.06800008e+00 2.06800008e+00 2.06800008e+00
    2.06800008e+00 2.06800008e+00 2.06900001e+00 2.08899999e+00
    2.09999990e+00 2.07900000e+00 2.06800008e+00 2.06800008e+00
    2.05599999e+00 2.03800011e+00 2.03600001e+00 2.03900003e+00
    2.05599999e+00 2.06800008e+00 2.06800008e+00 2.06800008e+00
    2.06800008e+00 2.06800008e+00 2.06800008e+00 2.06800008e+00
    2.06800008e+00 2.06800008e+00 2.06800008e+00 2.06800008e+00
    2.04200006e+00 2.00399995e+00 2.20099998e+00 2.12400007e+00
    2.06800008e+00 2.06800008e+00 2.06800008e+00 2.06800008e+00
    2.06800008e+00 2.06800008e+00 2.06800008e+00 2.06800008e+00
    2.06800008e+00 2.06800008e+00 2.06800008e+00 2.06800008e+00
    2.06800008e+00 2.06800008e+00 2.06800008e+00 2.06800008e+00
    2.06800008e+00 2.06800008e+00 2.06699991e+00 2.06599998e+00
    2.03999996e+00 2.00300002e+00 2. 2.00500011e+00 2.04299998e+00
    2.06800008e+00 2.06800008e+00 2.06800008e+00 2.06800008e+00
    2.06800008e+00 2.06800008e+00 2.06800008e+00 2.06800008e+00
    2.06800008e+00 2.06800008e+00 2.06800008e+00 2.04200006e+00
    2.00399995e+00 2.12400007e+00 2.09200001e+00 2.06800008e+00
    2.06800008e+00 2.06800008e+00 2.06800008e+00 2.06800008e+00
    2.06800008e+00 2.06800008e+00 2.06800008e+00 2.06800008e+00
    2.06800008e+00 2.06800008e+00 2.06800008e+00 2.06800008e+00
    2.06800008e+00 2.06800008e+00 2.06800008e+00 2.06800008e+00
    2.06800008e+00 2.05699992e+00 2.03500009e+00 2.01699996e+00
    2.00099993e+00 2. 2.00500011e+00 2.04299998e+00 2.06800008e+00
    2.06800008e+00 2.06800008e+00 2.06800008e+00 2.06800008e+00
    2.06800008e+00 2.06800008e+00 2.06800008e+00 2.06800008e+00
    2.06800008e+00 2.06800008e+00 2.04200006e+00 2.00399995e+00
    2.06800008e+00 2.06800008e+00 2.06599998e+00 2.06100011e+00
    2.05800009e+00 2.05800009e+00 2.06200004e+00 2.06800008e+00
    2.06800008e+00 2.06800008e+00 2.06800008e+00 2.06800008e+00
    2.06800008e+00 2.06800008e+00 2.06800008e+00 2.06299996e+00
    2.05800009e+00 2.05800009e+00 2.05800009e+00 2.05800009e+00
    2.04200006e+00 2.00999999e+00 2. 2. 2.00500011e+00 2.01500010e+00
    2.04699993e+00 2.06800008e+00 2.06800008e+00 2.06800008e+00
    2.06800008e+00 2.06800008e+00 2.06800008e+00 2.06800008e+00
    2.06800008e+00 2.06800008e+00 2.06800008e+00 2.06800008e+00
    2.04200006e+00 2.00399995e+00 2.06800008e+00 2.06800008e+00
    2.06100011e+00 2.03299999e+00 2.01900005e+00 2.01900005e+00
    2.03900003e+00 2.06599998e+00 2.06800008e+00 2.06800008e+00
    2.06800008e+00 2.06800008e+00 2.06800008e+00 2.06800008e+00
    2.06800008e+00 2.04600000e+00 2.01900005e+00 2.01900005e+00
    2.01900005e+00 2.01900005e+00 2.01399994e+00 2.00300002e+00 2. 2.
    2.02500010e+00 2.04999995e+00 2.06100011e+00 2.06800008e+00
    2.06800008e+00 2.06800008e+00 2.06800008e+00 2.06800008e+00
    2.06800008e+00 2.06800008e+00 2.06800008e+00 2.06800008e+00
    2.06800008e+00 2.06800008e+00 2.04200006e+00 2.00399995e+00
    2.03099990e+00 2.03099990e+00 2.02600002e+00 2.00900006e+00 2. 2.
    2.02699995e+00 2.06500006e+00 2.06800008e+00 2.06800008e+00
    2.06800008e+00 2.06800008e+00 2.06800008e+00 2.06800008e+00
    2.06800008e+00 2.03699994e+00 2. 2. 2. 2. 1.99500000e+00
    1.98500001e+00 1.98199999e+00 1.98199999e+00 2.01600003e+00
    2.04900002e+00 2.04900002e+00 2.05299997e+00 2.06299996e+00
    2.06200004e+00 2.05100012e+00 2.04900002e+00 2.04900002e+00
    2.04900002e+00 2.04900002e+00 2.04900002e+00 2.05399990e+00
    2.06500006e+00 2.04900002e+00 2.02200007e+00 1.95599997e+00
    1.95599997e+00 1.96300006e+00 1.98699999e+00 2. 2. 2.02699995e+00
    2.06500006e+00 2.06800008e+00 2.06800008e+00 2.06800008e+00
    2.06800008e+00 2.06800008e+00 2.06800008e+00 2.06800008e+00
    2.03699994e+00 2. 2. 2. 2. 1.98500001e+00 1.95400000e+00
    1.94500005e+00 1.94500005e+00 1.97899997e+00 2.01099992e+00
    2.01099992e+00 2.02200007e+00 2.05399990e+00 2.04999995e+00
    2.01799989e+00 2.01099992e+00 2.01099992e+00 2.01099992e+00
    2.01099992e+00 2.01099992e+00 2.02500010e+00 2.05699992e+00
    2.06399989e+00 2.05800009e+00 1.93400002e+00 1.93400002e+00
    1.94400001e+00 1.98099995e+00 2. 2. 2.01600003e+00 2.03900003e+00
    2.04099989e+00 2.04299998e+00 2.05800009e+00 2.06800008e+00
    2.06800008e+00 2.06800008e+00 2.06800008e+00 2.03699994e+00 2. 2. 2.
    2. 1.98300004e+00 1.94599998e+00 1.93400002e+00 1.93400002e+00
    1.96800005e+00 2. 2. 2.00799990e+00 2.03099990e+00 2.02800012e+00
    2.00500011e+00 1.98800004e+00 1.97399998e+00 1.97399998e+00
    1.97700000e+00 1.99199998e+00 2.01699996e+00 2.05500007e+00
