<?xml version="1.0"?>
<opencv_storage>
<Depth type_id="opencv-matrix">
  <rows>40</rows>
  <cols>40</cols>
  <dt>f</dt>
  <data>
    0. 0. 0. 0. 0. 0. 0. 0. 0. 0. 0. 0. 0. 0. 0. 0. 0. 0. 0. 0. 0. 0. 0.
    0. 0. 0. 0. 0. 0. 0. 0. 0. 0. 0. 0. 0. 0. 0. 0. 0. 0. 0. 0. 0. 0. 0.
    0. 0. 0. 0. 0. 0. 0. 0. 0. 0. 0. 0. 0. 0. 0. 0. 0. 0. 0. 0. 0. 0. 0.
    0. 0. 0. 0. 0. 0. 0. 0. 0. 0. 0. 0. 0. 0. 0. 0. 0. 0. 0. 0. 0. 0. 0.
    0. 0. 0. 0. 0. 0. 0. 0. 0. 0. 0. 0. 0. 0. 0. 0. 0. 0. 0. 0. 0. 0. 0.
    0. 0. 0. 0. 0. 0. 0. 0. 0. 0. 0. 0. 0. 0. 0. 0. 0. 0. 0. 0. 0. 0. 0.
    0. 0. 0. 0. 0. 0. 0. 0. 0. 0. 0. 0. 0. 0. 0. 0. 0. 0. 0. 0. 0. 0. 0.
    0. 0. 0. 0. 0. 0. 0. 0. 0. 0. 0. 0. 0. 0. 0. 0. 0. 0. 0. 0. 0. 0. 0.
    0. 0. 0. 0. 0. 0. 0. 0. 0. 0. 0. 0. 0. 0. 0. 0. 2.90199995e+00
    2.90199995e+00 2.90199995e+00 2.90199995e+00 2.90199995e+00
    2.90199995e+00 2.89499998e+00 2.85200000e+00 2.80999994e+00
    2.79200006e+00 2.80299997e+00 2.84400010e+00 2.84599996e+00
    2.84599996e+00 2.81800008e+00 2.73799992e+00 2.73799992e+00
    2.73799992e+00 2.73799992e+00 2.73799992e+00 2.73799992e+00
    2.73799992e+00 2.73799992e+00 2.73799992e+00 2.73799992e+00
    2.70300007e+00 2.68700004e+00 2.68700004e+00 2.68700004e+00
    2.68700004e+00 2.68700004e+00 2.68700004e+00 2.68499994e+00
    2.64599991e+00 2.63599992e+00 2.61899996e+00 2.58599997e+00
    2.58599997e+00 2.58599997e+00 2.60599995e+00 2.90199995e+00
    2.90199995e+00 2.90199995e+00 2.90199995e+00 2.90199995e+00
    2.90199995e+00 2.89499998e+00 2.85200000e+00 2.80999994e+00
    2.79200006e+00 2.80299997e+00 2.84400010e+00 2.84599996e+00
    2.84599996e+00 2.82699990e+00 2.77300000e+00 2.77300000e+00
    2.75399995e+00 2.73799992e+00 2.73799992e+00 2.73799992e+00
    2.73799992e+00 2.73799992e+00 2.73799992e+00 2.73799992e+00
    2.72600007e+00 2.70499992e+00 2.68700004e+00 2.68700004e+00
    2.68700004e+00 2.68700004e+00 2.68700004e+00 2.68499994e+00
    2.64599991e+00 2.63599992e+00 2.61899996e+00 2.58599997e+00
    2.58599997e+00 2.58599997e+00 2.60599995e+00 2.90199995e+00
    2.90199995e+00 2.90199995e+00 2.90199995e+00 2.90199995e+00
    2.90199995e+00 2.89800000e+00 2.87299991e+00 2.84800005e+00
    2.83800006e+00 2.83899999e+00 2.84599996e+00 2.84599996e+00
    2.84599996e+00 2.83800006e+00 2.81399989e+00 2.81399989e+00
    2.78399992e+00 2.75999999e+00 2.75999999e+00 2.75999999e+00
    2.74699998e+00 2.73799992e+00 2.73799992e+00 2.73799992e+00
    2.73799992e+00 2.71499991e+00 2.68700004e+00 2.68700004e+00
    2.68700004e+00 2.68700004e+00 2.68700004e+00 2.68499994e+00
    2.64599991e+00 2.63599992e+00 2.61899996e+00 2.58599997e+00
    2.58599997e+00 2.37100005e+00 2.25799990e+00 2.90199995e+00
    2.90199995e+00 2.90199995e+00 2.90199995e+00 2.90799999e+00
    2.91199994e+00 2.91100001e+00 2.90300012e+00 2.90199995e+00
    2.90199995e+00 2.89299989e+00 2.85800004e+00 2.85599995e+00
    2.85599995e+00 2.85599995e+00 2.85599995e+00 2.84800005e+00
    2.82100010e+00 2.79900002e+00 2.79200006e+00 2.79200006e+00
    2.75900006e+00 2.73799992e+00 2.73799992e+00 2.73799992e+00
    2.73799992e+00 2.71900010e+00 2.69600010e+00 2.69600010e+00
    2.68899989e+00 2.68700004e+00 2.68700004e+00 2.68000007e+00
    2.53399992e+00 2.49699998e+00 2.48099995e+00 2.45000005e+00
    2.44499993e+00 2.01500010e+00 1.76600003e+00 2.90199995e+00
    2.90199995e+00 2.90199995e+00 2.90199995e+00 2.93499994e+00
    2.95700002e+00 2.95000005e+00 2.90799999e+00 2.90199995e+00
    2.90199995e+00 2.90100002e+00 2.89899993e+00 2.89899993e+00
    2.89899993e+00 2.89899993e+00 2.89800000e+00 2.85700011e+00
    2.84400010e+00 2.82699990e+00 2.79200006e+00 2.79200006e+00
    2.75900006e+00 2.73799992e+00 2.73799992e+00 2.73799992e+00
    2.73799992e+00 2.73699999e+00 2.73499990e+00 2.73499990e+00
    2.69899988e+00 2.68700004e+00 2.68700004e+00 2.65599990e+00
    2.05699992e+00 1.90400004e+00 1.89300001e+00 1.86800003e+00
    1.84399998e+00 1.79299998e+00 1.76600003e+00 2.94300008e+00
    2.94300008e+00 2.94300008e+00 2.94300008e+00 2.95300007e+00
    2.96000004e+00 2.95199990e+00 2.90799999e+00 2.90199995e+00
    2.90199995e+00 2.90199995e+00 2.90199995e+00 2.90199995e+00
    2.90199995e+00 2.89199996e+00 2.86199999e+00 2.84899998e+00
    2.84599996e+00 2.82900000e+00 2.79200006e+00 2.79200006e+00
    2.78200006e+00 2.76200008e+00 2.73799992e+00 2.73799992e+00
    2.73799992e+00 2.48200011e+00 2.16400003e+00 2.16400003e+00
    2.13499999e+00 2.11199999e+00 2.09999990e+00 2.09100008e+00
    1.90900004e+00 1.86199999e+00 1.85099995e+00 1.82700002e+00
    1.80100000e+00 1.77699995e+00 1.76600003e+00 2.96000004e+00
    2.96000004e+00 2.96000004e+00 2.96000004e+00 2.96000004e+00
    2.96000004e+00 2.95199990e+00 2.90799999e+00 2.90199995e+00
    2.90199995e+00 2.90199995e+00 2.90199995e+00 2.90199995e+00
    2.90199995e+00 2.88800001e+00 2.84599996e+00 2.84599996e+00
    2.84599996e+00 2.82900000e+00 2.79200006e+00 2.79200006e+00
    2.79200006e+00 2.78099990e+00 2.70000005e+00 2.37299991e+00
    2.33699989e+00 2.14800000e+00 1.91400003e+00 1.91400003e+00
    1.90100002e+00 1.87899995e+00 1.86199999e+00 1.86199999e+00
    1.86199999e+00 1.86199999e+00 1.85599995e+00 1.84200001e+00
    1.81700003e+00 1.79299998e+00 1.78100002e+00 2.96000004e+00
    2.96000004e+00 2.96000004e+00 2.96000004e+00 2.96000004e+00
    2.96000004e+00 2.95199990e+00 2.90799999e+00 2.90199995e+00
    2.90199995e+00 2.90199995e+00 2.90199995e+00 2.90199995e+00
    2.90199995e+00 2.88800001e+00 2.84599996e+00 2.83599997e+00
    2.83299994e+00 2.75600004e+00 2.59200001e+00 2.59200001e+00
    2.58599997e+00 2.58299994e+00 2.48099995e+00 1.95500004e+00
    1.89600003e+00 1.89600003e+00 1.89600003e+00 1.89600003e+00
    1.89600003e+00 1.88300002e+00 1.86800003e+00 1.86199999e+00
    1.86199999e+00 1.86199999e+00 1.86199999e+00 1.85899997e+00
    1.83399999e+00 1.80900002e+00 1.79700005e+00 2.96000004e+00
    2.96000004e+00 2.96000004e+00 2.96000004e+00 2.96000004e+00
    2.96000004e+00 2.95199990e+00 2.90799999e+00 2.90199995e+00
    2.90199995e+00 2.90199995e+00 2.90199995e+00 2.90199995e+00
    2.90199995e+00 2.88599992e+00 2.83800006e+00 2.79699993e+00
    2.78600001e+00 2.52300000e+00 1.96500003e+00 1.96500003e+00
    1.94299996e+00 1.92999995e+00 1.92499995e+00 1.89900005e+00
    1.89600003e+00 1.89600003e+00 1.89600003e+00 1.89600003e+00
    1.89600003e+00 1.89600003e+00 1.88699996e+00 1.86199999e+00
    1.86199999e+00 1.86199999e+00 1.86199999e+00 1.85899997e+00
    1.83399999e+00 1.80900002e+00 1.79700005e+00 2.98099995e+00
    2.96000004e+00 2.96000004e+00 2.96000004e+00 2.96000004e+00
    2.94400001e+00 2.91300011e+00 2.90300012e+00 2.90199995e+00
    2.90199995e+00 2.90199995e+00 2.90199995e+00 2.90199995e+00
    2.90199995e+00 2.71900010e+00 2.19099998e+00 2.16100001e+00
    2.15199995e+00 2.09200001e+00 1.96500003e+00 1.96500003e+00
    1.94299996e+00 1.92999995e+00 1.92499995e+00 1.89900005e+00
    1.89600003e+00 1.89600003e+00 1.89600003e+00 1.89600003e+00
    1.89600003e+00 1.88300002e+00 1.86800003e+00 1.86199999e+00
    1.86199999e+00 1.86199999e+00 1.86199999e+00 1.85899997e+00
    1.83399999e+00 1.82500005e+00 1.81200004e+00 2.98699999e+00
    2.96000004e+00 2.96000004e+00 2.96000004e+00 2.96000004e+00
    2.93899989e+00 2.90199995e+00 2.90199995e+00 2.90199995e+00
    2.70099998e+00 2.43499994e+00 2.43499994e+00 2.43499994e+00
    2.42600012e+00 2.30800009e+00 1.99899995e+00 1.97200000e+00
    1.96500003e+00 1.96500003e+00 1.96500003e+00 1.96500003e+00
    1.95500004e+00 1.94200003e+00 1.92799997e+00 1.91600001e+00
    1.90199995e+00 1.89600003e+00 1.89600003e+00 1.89600003e+00
    1.89600003e+00 1.87899995e+00 1.86199999e+00 1.86199999e+00
    1.86199999e+00 1.86199999e+00 1.86199999e+00 1.86000001e+00
    1.84899998e+00 1.83599997e+00 1.81700003e+00 2.99699998e+00
    2.97799993e+00 2.95600009e+00 2.71799994e+00 2.66700006e+00
    2.75999999e+00 2.88199997e+00 2.66700006e+00 2.63800001e+00
