<?xml version="1.0"?>
<opencv_storage>
<Depth type_id="opencv-matrix">
  <rows>40</rows>
  <cols>40</cols>
  <dt>f</dt>
  <data>
    0. 0. 0. 0. 0. 0. 0. 0. 0. 0. 0. 0. 0. 0. 0. 0. 0. 0. 0. 0. 0. 0. 0.
    0. 0. 0. 0. 0. 0. 0. 0. 0. 0. 0. 0. 0. 0. 0. 0. 0. 0. 0. 0. 0. 0. 0.
    0. 0. 0. 0. 0. 0. 0. 0. 0. 0. 0. 0. 0. 0. 0. 0. 0. 0. 0. 0. 0. 0. 0.
    0. 0. 0. 0. 0. 0. 0. 0. 0. 0. 0. 0. 0. 0. 0. 0. 0. 0. 0. 0. 0. 0. 0.
    0. 0. 0. 0. 0. 0. 0. 0. 0. 0. 0. 0. 0. 0. 0. 0. 0. 0. 0. 0. 0. 0. 0.
    0. 0. 0. 0. 0. 0. 0. 0. 0. 0. 0. 0. 0. 0. 0. 0. 0. 0. 0. 0. 0. 0. 0.
    0. 0. 0. 0. 0. 0. 0. 0. 0. 0. 0. 0. 0. 0. 0. 0. 0. 0. 0. 0. 0. 0. 0.
    0. 0. 0. 0. 0. 0. 0. 0. 0. 0. 0. 0. 0. 0. 0. 0. 0. 0. 0. 0. 0. 0. 0.
    0. 0. 0. 0. 0. 0. 0. 0. 0. 0. 0. 0. 0. 0. 0. 0. 0. 0. 0. 0. 0. 0. 0.
    0. 0. 0. 0. 0. 0. 0. 0. 0. 0. 0. 0. 0. 0. 0. 0. 0. 0. 0. 0. 0. 0. 0.
    0. 0. 0. 0. 0. 0. 0. 0. 0. 0. 0. 0. 0. 0. 0. 0. 0. 0. 0. 0. 0. 0. 0.
    0. 0. 0. 0. 0. 0. 0. 0. 0. 0. 0. 0. 0. 0. 0. 0. 0. 0. 0. 0. 0. 0. 0.
    0. 0. 0. 0. 0. 0. 0. 0. 0. 0. 0. 0. 0. 0. 0. 0. 0. 0. 0. 0. 0. 0. 0.
    0. 0. 0. 0. 0. 0. 0. 0. 0. 0. 0. 0. 0. 0. 0. 0. 0. 0. 0. 0. 0. 0. 0.
    0. 0. 0. 0. 0. 0. 0. 0. 0. 0. 0. 0. 0. 0. 0. 0. 0. 0. 0. 0. 0. 0. 0.
    0. 0. 0. 0. 0. 0. 0. 0. 0. 0. 0. 0. 0. 0. 0. 0. 0. 0. 0. 0. 0. 0. 0.
    0. 0. 0. 0. 0. 0. 0. 0. 0. 0. 0. 0. 0. 0. 0. 0. 0. 0. 0. 0. 0. 0. 0.
    0. 0. 0. 0. 0. 0. 0. 0. 0. 0. 0. 0. 0. 0. 0. 0. 0. 0. 0. 0. 0. 0. 0.
    0. 0. 0. 0. 0. 0. 0. 0. 0. 0. 0. 0. 0. 0. 0. 0. 0. 0. 0. 0. 0. 0. 0.
    0. 0. 0. 0. 0. 0. 0. 0. 0. 0. 0. 0. 0. 0. 0. 0. 0. 0. 0. 0. 0. 0. 0.
    0. 0. 0. 0. 0. 0. 0. 0. 0. 0. 0. 0. 0. 0. 0. 0. 0. 0. 0. 0. 0. 0. 0.
    0. 1.91400003e+00 1.87500000e+00 1.79499996e+00 1.75000000e+00
    1.75000000e+00 1.75000000e+00 1.75000000e+00 1.73599994e+00
    1.69700003e+00 1.67200005e+00 1.67200005e+00 1.67200005e+00
    1.67200005e+00 1.67200005e+00 1.67200005e+00 1.70000005e+00
    1.81799996e+00 1.92200005e+00 1.96500003e+00 2. 2. 2. 2.
    1.99300003e+00 1.90999997e+00 1.82700002e+00 1.74899995e+00
    1.67200005e+00 1.67200005e+00 1.67200005e+00 1.67200005e+00 0. 0. 0.
    0. 0. 0. 0. 0. 0. 1.91400003e+00 1.88000000e+00 1.80900002e+00
    1.76900005e+00 1.76900005e+00 1.76900005e+00 1.76900005e+00
    1.75800002e+00 1.72899997e+00 1.71000004e+00 1.71000004e+00
    1.71000004e+00 1.71000004e+00 1.71200001e+00 1.72200000e+00
    1.75000000e+00 1.84099996e+00 1.92200005e+00 1.96500003e+00 2. 2. 2.
    2. 1.99399996e+00 1.91999996e+00 1.84800005e+00 1.78799999e+00
    1.72899997e+00 1.72899997e+00 1.72899997e+00 1.72899997e+00 0. 0. 0.
    0. 0. 0. 0. 0. 0. 1.91400003e+00 1.88900006e+00 1.83800006e+00
    1.80900002e+00 1.80900002e+00 1.80900002e+00 1.80900002e+00
    1.80499995e+00 1.79499996e+00 1.78799999e+00 1.78799999e+00
    1.78799999e+00 1.78799999e+00 1.79600000e+00 1.82500005e+00
    1.85599995e+00 1.88800001e+00 1.92200005e+00 1.96500003e+00 2. 2. 2.
    2. 1.99500000e+00 1.94200003e+00 1.88999999e+00 1.86899996e+00
    1.84800005e+00 1.84800005e+00 1.84800005e+00 1.84800005e+00 0. 0. 0.
    0. 0. 0. 0. 0. 0. 1.93299997e+00 1.91799998e+00 1.88600004e+00
    1.86800003e+00 1.86800003e+00 1.86800003e+00 1.86800003e+00
    1.86800003e+00 1.86800003e+00 1.86800003e+00 1.86800003e+00
    1.86800003e+00 1.86800003e+00 1.87699997e+00 1.90799999e+00
    1.93299997e+00 1.93299997e+00 1.93900001e+00 1.97200000e+00 2. 2. 2.
    2. 1.99699998e+00 1.96399999e+00 1.93200004e+00 1.92299998e+00
    1.91400003e+00 1.91400003e+00 1.91400003e+00 1.91400003e+00 0. 0. 0.
    0. 0. 0. 0. 0. 0. 1.97500002e+00 1.96899998e+00 1.95799994e+00
    1.95099998e+00 1.95099998e+00 1.95099998e+00 1.95099998e+00
    1.95099998e+00 1.95099998e+00 1.95099998e+00 1.95099998e+00
    1.95099998e+00 1.95099998e+00 1.95400000e+00 1.96599996e+00
    1.97500002e+00 1.97500002e+00 1.97700000e+00 1.99000001e+00 2. 2. 2.
    2. 1.99899995e+00 1.98699999e+00 1.97399998e+00 1.94400001e+00
    1.91400003e+00 1.91400003e+00 1.91400003e+00 1.91400003e+00 0. 0. 0.
    0. 0. 0. 0. 0. 0. 2.01799989e+00 2.01799989e+00 2.01799989e+00
    2.01799989e+00 2.01799989e+00 2.02099991e+00 2.03099990e+00
    2.03299999e+00 2.02399993e+00 2.01799989e+00 2.01799989e+00
    2.01500010e+00 2.00600004e+00 2. 2. 2. 2. 2. 2. 2. 2. 1.99899995e+00
    1.99000001e+00 1.98300004e+00 1.98300004e+00 1.98099995e+00
    1.94700003e+00 1.91400003e+00 1.91400003e+00 1.91400003e+00
    1.91400003e+00 0. 0. 0. 0. 0. 0. 0. 0. 0. 2.06100011e+00
    2.06100011e+00 2.06100011e+00 2.06100011e+00 2.06100011e+00
    2.07399988e+00 2.10500002e+00 2.11299992e+00 2.08200002e+00
    2.06100011e+00 2.06100011e+00 2.05200005e+00 2.02200007e+00 2. 2. 2.
    2. 2. 2. 2. 2. 1.99600005e+00 1.96700001e+00 1.94000006e+00
    1.94000006e+00 1.94000006e+00 1.92700005e+00 1.91400003e+00
    1.91400003e+00 1.91400003e+00 1.91400003e+00 0. 0. 0. 0. 0. 0. 0. 0.
    0. 2.08800006e+00 2.09200001e+00 2.09999990e+00 2.10899997e+00
    2.11700010e+00 2.13400006e+00 2.16199994e+00 2.16300011e+00
    2.11800003e+00 2.08500004e+00 2.07699990e+00 2.06100011e+00
    2.02600002e+00 2. 2. 2. 2. 2. 2. 2. 2. 1.99500000e+00 1.95299995e+00
    1.91400003e+00 1.91400003e+00 1.91400003e+00 1.91400003e+00
    1.91400003e+00 1.91400003e+00 1.91400003e+00 1.91400003e+00 0. 0. 0.
    0. 0. 0. 0. 0. 0. 2.08800006e+00 2.10299993e+00 2.13299990e+00
    2.16400003e+00 2.19499993e+00 2.20700002e+00 2.19000006e+00
    2.16300011e+00 2.11800003e+00 2.07800007e+00 2.04900002e+00
    2.02399993e+00 2.00999999e+00 2. 2. 2. 2. 2. 2. 2. 2. 1.99500000e+00
    1.95299995e+00 1.91400003e+00 1.91400003e+00 1.91400003e+00
    1.91400003e+00 1.91400003e+00 1.91400003e+00 1.91400003e+00
    1.91400003e+00 0. 0. 0. 0. 0. 0. 0. 0. 0. 2.08800006e+00
    2.10999990e+00 2.15499997e+00 2.20099998e+00 2.24699998e+00
    2.25500011e+00 2.20900011e+00 2.16300011e+00 2.11800003e+00
    2.07299995e+00 2.02999997e+00 2. 2. 2. 2. 2. 2. 2. 2. 2. 2.
    1.99600005e+00 1.96000004e+00 1.92799997e+00 1.92100000e+00
    1.91400003e+00 1.91400003e+00 1.91400003e+00 1.91400003e+00
    1.91400003e+00 1.91400003e+00 0. 0. 0. 0. 0. 0. 0. 0. 0.
    2.08800006e+00 2.10999990e+00 2.15499997e+00 2.20099998e+00
    2.24699998e+00 2.25500011e+00 2.20900011e+00 2.16300011e+00
    2.11800003e+00 2.07299995e+00 2.02999997e+00 2. 2. 2. 2. 2. 2. 2. 2.
    2. 2. 1.99800003e+00 1.98399997e+00 1.96800005e+00 1.94000006e+00
    1.91400003e+00 1.91400003e+00 1.91400003e+00 1.91400003e+00
    1.91400003e+00 1.91400003e+00 0. 0. 0. 0. 0. 0. 0. 0. 0.
    2.11599994e+00 2.13400006e+00 2.17300010e+00 2.21199989e+00
    2.25099993e+00 2.25200009e+00 2.19899988e+00 2.15199995e+00
    2.11299992e+00 2.07599998e+00 2.03900003e+00 2.01300001e+00
    2.01300001e+00 2.01099992e+00 2.00500011e+00 2. 2. 2. 2. 2. 2. 2. 2.
    1.99600005e+00 1.95400000e+00 1.91400003e+00 1.91400003e+00
    1.91400003e+00 1.91400003e+00 1.91400003e+00 1.91400003e+00 0. 0. 0.
    0. 0. 0. 0. 0. 0. 2.20700002e+00 2.21499991e+00 2.23099995e+00
    2.24799991e+00 2.26399994e+00 2.24300003e+00 2.16799998e+00
    2.11500001e+00 2.09899998e+00 2.08299994e+00 2.06699991e+00
    2.05599999e+00 2.05599999e+00 2.04900002e+00 2.02099991e+00 2. 2. 2.
    2. 2. 2. 2. 2. 1.99600005e+00 1.95400000e+00 1.91400003e+00
    1.91400003e+00 1.91400003e+00 1.91400003e+00 1.91400003e+00
    1.91400003e+00 0. 0. 0. 0. 0. 0. 0. 0. 0. 2.14800000e+00
    2.17199993e+00 2.22199988e+00 2.25000000e+00 2.25000000e+00
    2.21700001e+00 2.13800001e+00 2.08599997e+00 2.07999992e+00
    2.07599998e+00 2.07599998e+00 2.07599998e+00 2.07599998e+00
    2.06599998e+00 2.02900004e+00 2. 2. 2. 2. 2. 2. 2. 2. 1.99600005e+00
    1.95400000e+00 1.91400003e+00 1.91400003e+00 1.91400003e+00
    1.91999996e+00 1.92499995e+00 1.92499995e+00 0. 0. 0. 0. 0. 0. 0. 0.
    0. 1.67600000e+00 1.78999996e+00 2.02699995e+00 2.15799999e+00
    2.15799999e+00 2.14400005e+00 2.10999990e+00 2.07800007e+00
    2.05100012e+00 2.03299999e+00 2.03299999e+00 2.03299999e+00
