<?xml version="1.0"?>
<opencv_storage>
<Depth type_id="opencv-matrix">
  <rows>40</rows>
  <cols>40</cols>
  <dt>f</dt>
  <data>
    0. 0. 0. 0. 0. 0. 0. 0. 0. 0. 0. 0. 0. 0. 0. 0. 0. 0. 0. 0. 0. 0. 0.
    0. 0. 0. 0. 0. 0. 0. 0. 0. 0. 0. 0. 0. 0. 0. 0. 0. 0. 0. 0. 0. 0. 0.
    0. 0. 0. 0. 0. 0. 2.06800008e+00 2.06800008e+00 2.06800008e+00
    2.06800008e+00 2.06200004e+00 2.00799990e+00 2. 1.37899995e+00 0. 0.
    0. 0. 0. 0. 0. 0. 0. 0. 0. 0. 0. 0. 0. 0. 0. 0. 0. 0. 0. 0. 0. 0. 0.
    0. 0. 0. 0. 0. 0. 0. 2.06800008e+00 2.06800008e+00 2.05599999e+00
    2.04399991e+00 2.04500008e+00 2.04699993e+00 2.01500010e+00
    1.81099999e+00 1.35599995e+00 0. 0. 0. 0. 0. 0. 2.16899991e+00 0. 0.
    0. 0. 0. 0. 0. 0. 0. 0. 0. 0. 0. 0. 0. 0. 0. 0. 0. 0. 0. 0. 0. 0.
    2.06800008e+00 2.06800008e+00 2.05100012e+00 2.03399992e+00
    2.03500009e+00 2.04900002e+00 2.01600003e+00 2. 1.81900001e+00
    1.34000003e+00 1.34000003e+00 1.37399995e+00 1.39100003e+00
    1.52600002e+00 1.98099995e+00 2.97499990e+00 0. 0. 0. 0. 0. 0. 0. 0.
    0. 0. 0. 0. 0. 0. 0. 0. 0. 0. 0. 0. 0. 0. 0. 0. 2.07800007e+00
    2.07100010e+00 2.05100012e+00 2.03099990e+00 2.02399993e+00
    2.02399993e+00 2.00799990e+00 2. 2.00300002e+00 2.01099992e+00
    2.02699995e+00 2.07900000e+00 2.10299993e+00 2.37700009e+00 0. 0. 0.
    0. 0. 0. 0. 0. 0. 0. 0. 0. 0. 0. 0. 0. 0. 0. 0. 0. 0. 0. 0. 0. 0. 0.
    2.10299993e+00 2.07900000e+00 2.05100012e+00 2.02399993e+00 2. 2. 2.
    2. 2.00900006e+00 2.03900003e+00 2.09400010e+00 2.10299993e+00
    2.10299993e+00 2.37800002e+00 0. 0. 0. 0. 0. 0. 0. 0. 0. 0. 0. 0. 0.
    0. 0. 0. 0. 0. 0. 0. 0. 0. 0. 0. 0. 0. 2.10299993e+00 2.07900000e+00
    2.05100012e+00 2.02399993e+00 2. 2. 2. 2. 2.00900006e+00
    2.03900003e+00 2.09400010e+00 2.10299993e+00 2.10299993e+00
    2.39100003e+00 0. 0. 0. 0. 0. 0. 0. 0. 0. 0. 0. 0. 0. 0. 0. 0. 0. 0.
    0. 0. 0. 0. 0. 0. 0. 0. 2.12700009e+00 2.08599997e+00 2.06299996e+00
    2.04699993e+00 2.02099991e+00 2.00300002e+00 2. 2. 2.00900006e+00
    2.03699994e+00 2.07299995e+00 2.09500003e+00 2.10299993e+00
    2.39299989e+00 0. 0. 0. 0. 0. 0. 0. 0. 0. 0. 0. 0. 0. 0. 0. 0. 0. 0.
    0. 0. 0. 0. 0. 0. 0. 0. 1.63499999e+00 1.93599999e+00 2.06800008e+00
    2.05800009e+00 2.03200006e+00 2.01799989e+00 2.00500011e+00 2.
    2.00500011e+00 2.01999998e+00 2.04699993e+00 2.07500005e+00
    2.09400010e+00 2.39299989e+00 0. 0. 0. 0. 0. 0. 0. 0. 0. 0. 0. 0. 0.
    0. 0. 0. 0. 0. 0. 0. 0. 0. 0. 0. 0. 0. 1.08500004e+00 1.76900005e+00
    2.06800008e+00 2.06100011e+00 2.04299998e+00 2.03500009e+00
    2.01099992e+00 2. 2. 2.00200009e+00 2.02999997e+00 2.05699992e+00
    2.07999992e+00 2.38100004e+00 0. 0. 0. 0. 0. 0. 0. 0. 0. 0. 0. 0. 0.
    0. 0. 0. 0. 0. 0. 0. 0. 0. 0. 0. 0. 0. 1.08399999e+00 1.76800001e+00
    2.06800008e+00 2.06800008e+00 2.06500006e+00 2.03800011e+00
    2.01300001e+00 2.00200009e+00 2.00200009e+00 2.00500011e+00
    2.03200006e+00 2.05699992e+00 2.06800008e+00 2.34999990e+00 0. 0. 0.
    0. 0. 0. 0. 0. 0. 0. 0. 0. 0. 0. 0. 0. 0. 0. 0. 0. 0. 0. 0. 0. 0. 0.
    1.06900001e+00 1.76400006e+00 2.06800008e+00 2.06800008e+00
    2.06500006e+00 2.03800011e+00 2.03099990e+00 2.02999997e+00
    2.02999997e+00 2.03200006e+00 2.05900002e+00 2.06699991e+00
    2.06800008e+00 2.33800006e+00 0. 0. 0. 0. 0. 0. 0. 0. 0. 0. 0. 0. 0.
    0. 0. 0. 0. 0. 0. 0. 0. 0. 0. 0. 0. 0. 1.05599999e+00 1.75999999e+00
    2.06800008e+00 2.06800008e+00 2.06500006e+00 2.03800011e+00
    2.03399992e+00 2.03399992e+00 2.03399992e+00 2.03500009e+00
    2.04399991e+00 2.05999994e+00 2.06800008e+00 2.33599997e+00 0. 0. 0.
    0. 0. 0. 0. 0. 0. 0. 0. 0. 0. 0. 0. 0. 0. 0. 0. 0. 0. 0. 0. 0. 0. 0.
    1.04999995e+00 1.75800002e+00 2.06800008e+00 2.06299996e+00
    2.05100012e+00 2.03600001e+00 2.03399992e+00 2.03399992e+00
    2.03399992e+00 2.03399992e+00 2.03399992e+00 2.05699992e+00
    2.06800008e+00 2.34299994e+00 0. 0. 0. 0. 0. 0. 0. 0. 0. 0. 0. 0. 0.
    0. 0. 0. 0. 0. 0. 0. 0. 0. 0. 0. 0. 0. 1.04999995e+00 1.75800002e+00
    2.06800008e+00 2.05800009e+00 2.03299999e+00 2.02600002e+00
    2.02500010e+00 2.02900004e+00 2.03399992e+00 2.03399992e+00
    2.03399992e+00 2.05100012e+00 2.06299996e+00 2.27699995e+00
    2.89000010e+00 0. 0. 0. 0. 0. 0. 0. 0. 0. 0. 0. 0. 0. 0. 0. 0. 0. 0.
    0. 0. 0. 0. 0. 0. 0. 1.04999995e+00 1.75800002e+00 2.06699991e+00
    2.05599999e+00 2.02900004e+00 2.00399995e+00 2. 2.01500010e+00
    2.03200006e+00 2.03200006e+00 2.03200006e+00 2.03200006e+00
    2.04699993e+00 2.06399989e+00 2.12599993e+00 2.99699998e+00 0. 0. 0.
    0. 0. 0. 0. 0. 0. 0. 0. 0. 0. 0. 0. 0. 0. 0. 0. 0. 0. 0. 0. 0.
    1.04999995e+00 1.75800002e+00 2.05399990e+00 2.02900004e+00
    2.00500011e+00 2.00099993e+00 2. 2.00200009e+00 2.00500011e+00
    2.00500011e+00 2.00500011e+00 2.00500011e+00 2.00699997e+00
    2.00999999e+00 2.07500005e+00 2.98900008e+00 0. 0. 0. 0. 0. 0. 0. 0.
    0. 0. 0. 0. 0. 0. 0. 0. 0. 0. 0. 0. 0. 0. 0. 0. 1.04999995e+00
    1.75800002e+00 2.05100012e+00 2.02399993e+00 2. 2. 2. 2. 2. 2. 2. 2.
    2. 2. 2.06599998e+00 2.98799992e+00 0. 0. 0. 0. 0. 0. 0. 0. 0. 0. 0.
    0. 0. 0. 0. 0. 0. 0. 0. 0. 0. 0. 0. 0. 1.04999995e+00 1.75800002e+00
    2.05100012e+00 2.02900004e+00 2.01399994e+00 2.00200009e+00 2. 2. 2.
    2. 2. 2. 2. 2. 2.06399989e+00 2.96499991e+00 0. 0. 0. 0. 0. 0. 0. 0.
    0. 0. 0. 0. 0. 0. 0. 0. 0. 0. 0. 0. 0. 0. 0. 0. 1.30799997e+00
    1.83700001e+00 2.05100012e+00 2.03399992e+00 2.03099990e+00
    2.00399995e+00 2. 2. 2. 2. 2. 2. 2. 2.00200009e+00 2.06999993e+00
    2.92700005e+00 0. 0. 0. 0. 0. 0. 0. 0. 0. 0. 0. 0. 0. 0. 0. 0. 0. 0.
    0. 0. 0. 0. 0. 0. 2.10200000e+00 2.07800007e+00 2.05100012e+00
    2.03399992e+00 2.02999997e+00 2.00399995e+00 2. 2. 2. 2. 2. 2.
    2.00099993e+00 2.01200008e+00 2.09200001e+00 2.86100006e+00 0. 0. 0.
    0. 0. 0. 0. 0. 0. 0. 0. 0. 0. 0. 0. 0. 0. 0. 0. 0. 0. 0. 0. 0.
    2.07399988e+00 2.06999993e+00 2.05100012e+00 2.02600002e+00
    2.00500011e+00 2.00099993e+00 2. 2. 2. 2. 2. 2. 2.02600002e+00
    2.06599998e+00 2.10299993e+00 2.25500011e+00 0. 0. 0. 0. 0. 0. 0. 0.
    0. 0. 0. 0. 0. 0. 0. 0. 0. 0. 0. 0. 0. 0. 0. 0. 2.06800008e+00
    2.05299997e+00 2.03999996e+00 2.02399993e+00 2. 2. 2. 2. 2. 2. 2. 2.
    2.03099990e+00 2.07699990e+00 2.10500002e+00 2.13299990e+00 0. 0. 0.
    0. 0. 0. 0. 0. 0. 0. 0. 0. 0. 0. 0. 0. 0. 0. 0. 0. 0. 0. 0. 0.
    2.06800008e+00 2.04399991e+00 2.03399992e+00 2.02399993e+00 2. 2. 2.
    2. 2. 2. 2. 2. 2.02500010e+00 2.06200004e+00 2.11299992e+00
    2.46399999e+00 0. 0. 0. 0. 0. 0. 0. 0. 0. 0. 0. 0. 0. 0. 0. 0. 0. 0.
    0. 0. 0. 0. 0. 0. 1.82599998e+00 1.97599995e+00 2.03800011e+00
    2.02399993e+00 2. 2. 2. 2. 2. 2. 2. 2. 2.01600003e+00 2.04299998e+00
    2.11100006e+00 2.70700002e+00 0. 0. 0. 0. 0. 0. 0. 0. 0. 0. 0. 0. 0.
    0. 0. 0. 0. 0. 0. 0. 0. 0. 0. 0. 1.04499996e+00 1.75600004e+00
    2.05100012e+00 2.02399993e+00 2.00099993e+00 2. 2. 2. 2. 2. 2. 2.
    2.01600003e+00 2.04299998e+00 2.06800008e+00 2.06800008e+00 0. 0. 0.
    0. 0. 0. 0. 0. 0. 0. 0. 0. 0. 0. 0. 0. 0. 0. 0. 0. 0. 0. 0. 0.
    1.88300002e+00 2.01200008e+00 2.05100012e+00 2.03200006e+00
    2.02600002e+00 2.00300002e+00 2. 2. 2. 2. 2. 2. 2.01600003e+00
    2.04299998e+00 2.06800008e+00 2.06800008e+00 0. 0. 0. 0. 0. 0. 0. 0.
    0. 0. 0. 0. 0. 0. 0. 0. 0. 0. 0. 0. 0. 0. 0. 0. 1.39499998e+00
    1.84800005e+00 2.04099989e+00 2.03399992e+00 2.03099990e+00
    2.00399995e+00 2. 2. 2. 2. 2. 2. 2.01600003e+00 2.03699994e+00
    2.04699993e+00 2.04699993e+00 0. 0. 0. 0. 0. 0. 0. 0. 0. 0. 0. 0. 0.
    0. 0. 0. 0. 0. 0. 0. 0. 0. 0. 0. 0. 1.41499996e+00 2.03399992e+00
    2.03399992e+00 2.03099990e+00 2.00399995e+00 2. 2. 2. 2. 2. 2.
    2.00900006e+00 2.01999998e+00 2.01999998e+00 2.01999998e+00 0. 0. 0.
    0. 0. 0. 0. 0. 0. 0. 0. 0. 0. 0. 0. 0. 0. 0. 0. 0. 0. 0. 0. 0. 0. 0.
    2.03399992e+00 2.03399992e+00 2.03099990e+00 2.00399995e+00 2. 2. 2.
    2. 2. 2. 2. 2. 2. 2. 0. 0. 0. 0. 0. 0. 0. 0. 0. 0. 0. 0. 0. 0. 0. 0.
    0. 0. 0. 0. 0. 0. 0. 0. 0. 1.01199996e+00 2.03399992e+00
