<?xml version="1.0"?>
<opencv_storage>
<Depth type_id="opencv-matrix">
  <rows>40</rows>
  <cols>40</cols>
  <dt>f</dt>
  <data>
    0. 0. 0. 0. 0. 0. 0. 0. 0. 0. 0. 0. 0. 0. 0. 0. 0. 0. 0. 0. 0. 0. 0.
    0. 0. 0. 0. 0. 0. 0. 0. 0. 0. 0. 0. 0. 0. 0. 0. 0. 0. 0. 0. 0. 0. 0.
    0. 0. 0. 0. 0. 0. 0. 0. 0. 0. 0. 0. 0. 0. 0. 0. 0. 0. 0. 0. 0. 0. 0.
    0. 0. 0. 0. 0. 0. 0. 0. 0. 0. 0. 0. 0. 0. 0. 0. 0. 0. 0. 0. 0. 0. 0.
    0. 0. 0. 0. 0. 0. 0. 0. 0. 0. 0. 0. 0. 0. 0. 0. 0. 0. 0. 0. 0. 0. 0.
    0. 0. 0. 0. 0. 0. 0. 0. 0. 0. 0. 0. 0. 0. 0. 0. 0. 0. 0. 0. 0. 0. 0.
    0. 0. 0. 0. 0. 0. 0. 0. 0. 0. 0. 0. 0. 0. 0. 0. 0. 0. 0. 0. 0. 0. 0.
    0. 0. 0. 2.51699996e+00 2.51200008e+00 2.51699996e+00 2.52099991e+00
    2.52699995e+00 2.53600001e+00 0. 0. 0. 0. 0. 0. 0. 0. 0. 0. 0. 0. 0.
    0. 0. 0. 2.08599997e+00 2.45700002e+00 0. 0. 0. 0. 0. 0. 0. 0. 0. 0.
    0. 0. 0. 0. 0. 0. 2.52099991e+00 2.52099991e+00 2.52699995e+00
    2.52999997e+00 2.53800011e+00 0. 0. 0. 0. 0. 0. 0. 0. 0. 0. 0. 0. 0.
    0. 0. 2.51999998e+00 2.08599997e+00 2.08100009e+00 2.08100009e+00
    2.03999996e+00 0. 0. 0. 0. 0. 0. 0. 0. 0. 0. 0. 0. 0. 0. 0. 0.
    2.54800010e+00 2.54800010e+00 2.65400004e+00 0. 0. 0. 0. 0. 0. 0. 0.
    0. 0. 0. 0. 0. 0. 2.74699998e+00 2.03999996e+00 2.01500010e+00
    2.01900005e+00 2.01300001e+00 2.00500011e+00 1.99600005e+00 0. 0. 0.
    0. 0. 0. 0. 0. 0. 0. 0. 0. 0. 0. 0. 0. 0. 0. 0. 0. 0. 0. 0. 0. 0. 0.
    0. 2.08599997e+00 0. 0. 2.01399994e+00 2.01399994e+00 2.01099992e+00
    2.00900006e+00 2.00900006e+00 2.00500011e+00 2.00500011e+00 2.
    2.00200009e+00 2.00300002e+00 0. 0. 0. 0. 0. 0. 0. 0. 0. 0. 0. 0. 0.
    0. 0. 0. 0. 0. 0. 0. 0. 0. 0. 2.09200001e+00 2.08500004e+00
    2.07999992e+00 2.07500005e+00 2.06299996e+00 2.02699995e+00
    2.00900006e+00 2.00900006e+00 2.00900006e+00 2.00699997e+00
    2.00500011e+00 2.00600004e+00 2.00500011e+00 2. 2. 2. 2. 2. 0. 0. 0.
    0. 0. 0. 0. 0. 0. 0. 0. 0. 0. 0. 0. 0. 0. 2.94499993e+00
    2.94700003e+00 2.96700001e+00 2.07399988e+00 2.07399988e+00
    2.09100008e+00 2.07699990e+00 2.01399994e+00 2.01200008e+00
    2.01200008e+00 2.01200008e+00 2.00900006e+00 2.00900006e+00
    2.00500011e+00 2.00500011e+00 2.00500011e+00 2.00399995e+00
    2.00300002e+00 2. 2. 2. 2.00200009e+00 2.00699997e+00 0. 0. 0. 0. 0.
    0. 0. 0. 0. 0. 0. 0. 0. 0. 2.65599990e+00 0. 2.07999992e+00
    2.02900004e+00 2.02500010e+00 2.05800009e+00 2.06500006e+00
    2.03699994e+00 2.01799989e+00 2.01600003e+00 2.01399994e+00
    2.00900006e+00 2.00900006e+00 2.00900006e+00 2.00900006e+00
    2.00900006e+00 2.00799990e+00 2.00500011e+00 2.00300002e+00 2.
    1.99600005e+00 2. 2. 2. 2. 2. 0. 0. 0. 0. 0. 0. 0. 0. 0. 0. 0. 0. 0.
    0. 2.64400005e+00 2.38400006e+00 2.02500010e+00 2.02399993e+00
    2.01900005e+00 2.01399994e+00 2.01399994e+00 2.01399994e+00
    2.01399994e+00 2.01399994e+00 2.01300001e+00 2.00900006e+00
    2.00900006e+00 2.00900006e+00 2.00900006e+00 2.00500011e+00
    2.00500011e+00 2.00500011e+00 2.00200009e+00 1.99699998e+00
    1.99600005e+00 2. 2. 2. 2. 1.99699998e+00 2.00099993e+00 0. 0. 0. 0.
    0. 0. 0. 0. 0. 0. 0. 0. 0. 1.99399996e+00 2.01300001e+00
    2.02300000e+00 2.01900005e+00 2.01399994e+00 2.01399994e+00
    2.01399994e+00 2.01399994e+00 2.01399994e+00 2.00900006e+00
    2.00900006e+00 2.00900006e+00 2.00900006e+00 2.00900006e+00
    2.00500011e+00 2.00399995e+00 2.00200009e+00 2. 2. 1.99600005e+00
    1.99600005e+00 2. 2. 2. 2. 2. 2.00500011e+00 0. 0. 0. 0. 0. 0. 0. 0.
    0. 0. 0. 0. 0. 2.64199996e+00 2.02300000e+00 2.01900005e+00
    2.01399994e+00 2.01399994e+00 2.00900006e+00 2.00900006e+00
    2.01399994e+00 2.01399994e+00 2.00900006e+00 2.00900006e+00
    2.00900006e+00 2.00900006e+00 2.00500011e+00 2. 2. 2. 2. 2.
    1.99600005e+00 1.99600005e+00 2. 1.99899995e+00 1.99600005e+00
    1.99899995e+00 2. 2.00500011e+00 0. 0. 0. 0. 0. 0. 0. 0. 0. 0. 0. 0.
    0. 2.53099990e+00 2.01999998e+00 2.01399994e+00 2.01399994e+00
    2.00900006e+00 2.00900006e+00 2.00900006e+00 2.01300001e+00
    2.01300001e+00 2.00900006e+00 2.00900006e+00 2.00900006e+00
    2.00900006e+00 2.00500011e+00 1.99899995e+00 1.99899995e+00 2.
    1.99600005e+00 1.99600005e+00 1.99600005e+00 1.99600005e+00 2. 2.
    1.99899995e+00 1.99899995e+00 2. 1.99899995e+00 0. 0. 0. 0. 0. 0. 0.
    0. 0. 0. 0. 0. 0. 2.42600012e+00 2.08800006e+00 2.01399994e+00
    2.01399994e+00 2.00900006e+00 2.00900006e+00 2.00900006e+00
    2.00900006e+00 2.00900006e+00 2.00900006e+00 2.00900006e+00
    2.00900006e+00 2.00500011e+00 2. 1.99600005e+00 1.99600005e+00
    1.99600005e+00 1.99600005e+00 1.99600005e+00 1.99600005e+00
    1.99600005e+00 1.99800003e+00 1.99899995e+00 1.99800003e+00
    1.99699998e+00 1.99800003e+00 1.99699998e+00 0. 0. 0. 0. 0. 0. 0. 0.
    0. 0. 0. 0. 0. 2.59299994e+00 2.43499994e+00 2.01500010e+00
    2.01399994e+00 2.00900006e+00 2.00999999e+00 2.00999999e+00
    2.00900006e+00 2.00900006e+00 2.00900006e+00 2.00900006e+00
    2.00399995e+00 2.00099993e+00 2. 1.99600005e+00 1.99600005e+00
    1.99600005e+00 1.99699998e+00 1.99600005e+00 1.99600005e+00
    1.99600005e+00 1.99800003e+00 2. 2. 1.99699998e+00 1.99600005e+00
    1.99600005e+00 1.32200003e+00 0. 0. 0. 0. 0. 0. 0. 0. 0. 0. 0. 0.
    2.59599996e+00 2.60500002e+00 2.01399994e+00 2.00900006e+00
    2.01300001e+00 2.01399994e+00 2.01099992e+00 2.00900006e+00
    2.00500011e+00 2.00500011e+00 2.00099993e+00 2.00099993e+00 2. 2.
    1.99600005e+00 1.99600005e+00 1.99600005e+00 2. 1.99600005e+00
    1.99199998e+00 1.99100006e+00 1.99899995e+00 1.99699998e+00
    1.99800003e+00 1.99600005e+00 1.99600005e+00 1.99600005e+00
    1.04700005e+00 0. 0. 0. 0. 0. 0. 0. 0. 0. 0. 0. 0. 0. 2.03900003e+00
    2.01399994e+00 2.00900006e+00 2.00900006e+00 2.01200008e+00
    2.00900006e+00 2.00900006e+00 2.00500011e+00 2.00399995e+00 2. 2. 2.
    2. 1.99600005e+00 1.99600005e+00 1.99600005e+00 1.99600005e+00
    1.99600005e+00 1.99600005e+00 1.99600005e+00 2. 1.99899995e+00
    1.99600005e+00 1.99600005e+00 1.99600005e+00 2. 1.78699994e+00 0. 0.
    0. 0. 0. 0. 0. 0. 0. 0. 0. 0. 0. 2.04200006e+00 2.01300001e+00
    2.00999999e+00 2.00900006e+00 2.00900006e+00 2.00900006e+00
    2.00600004e+00 2.00500011e+00 2.00500011e+00 2.00500011e+00
    2.00500011e+00 2.00399995e+00 2. 2. 1.99899995e+00 1.99600005e+00
    1.99600005e+00 1.99500000e+00 1.99600005e+00 1.99100006e+00
    1.99600005e+00 1.99600005e+00 1.99600005e+00 1.99600005e+00
    1.99600005e+00 1.99600005e+00 1.99600005e+00 1.84200001e+00 0. 0. 0.
    0. 0. 0. 0. 0. 0. 0. 0. 0. 2.73699999e+00 2.00900006e+00
    2.00900006e+00 2.00900006e+00 2.00900006e+00 2.00600004e+00
    2.00500011e+00 2.00600004e+00 2.00600004e+00 2.00500011e+00 2.
    1.99699998e+00 2.00300002e+00 2. 1.99600005e+00 1.99100006e+00
    1.99100006e+00 1.99199998e+00 1.99399996e+00 1.99600005e+00
    1.99600005e+00 1.99600005e+00 1.99600005e+00 1.99600005e+00
    1.99600005e+00 1.99600005e+00 1.99399996e+00 2.45099998e+00 0. 0. 0.
    0. 0. 0. 0. 0. 0. 0. 0. 0. 0. 2.77999997e+00 2.00900006e+00
    2.00900006e+00 2.00900006e+00 2.00699997e+00 2.00099993e+00
    2.00500011e+00 2.00300002e+00 2. 1.99800003e+00 1.99800003e+00 2. 2.
    1.99600005e+00 1.99600005e+00 1.99600005e+00 1.99100006e+00
    1.99100006e+00 1.99100006e+00 1.99600005e+00 1.99399996e+00
    1.99199998e+00 1.99600005e+00 1.99600005e+00 1.99600005e+00
    1.99300003e+00 1.77199996e+00 0. 0. 0. 0. 0. 0. 0. 0. 0. 0. 0. 0. 0.
    0. 2.00900006e+00 2.00900006e+00 2.00900006e+00 2.00699997e+00
    2.00799990e+00 2.00500011e+00 2. 1.99600005e+00 1.99600005e+00
    1.99600005e+00 1.99699998e+00 1.99600005e+00 1.99600005e+00
    1.99399996e+00 1.99199998e+00 1.99100006e+00 1.99100006e+00
    1.99100006e+00 1.99600005e+00 1.99500000e+00 1.99300003e+00
    1.99100006e+00 1.99100006e+00 1.99600005e+00 1.99600005e+00
    1.99600005e+00 0. 0. 0. 0. 0. 0. 0. 0. 0. 0. 0. 0. 0. 0.
    2.01799989e+00 2.00799990e+00 2.00300002e+00 2. 2.00099993e+00
    2.00500011e+00 2. 1.99899995e+00 1.99600005e+00 1.99600005e+00
