<?xml version="1.0"?>
<opencv_storage>
<Depth type_id="opencv-matrix">
  <rows>40</rows>
  <cols>40</cols>
  <dt>f</dt>
  <data>
    0. 0. 0. 0. 0. 0. 0. 0. 0. 0. 0. 0. 0. 0. 0. 0. 0. 0. 0. 0. 0. 0. 0.
    0. 0. 0. 0. 0. 0. 0. 0. 0. 0. 0. 0. 0. 0. 0. 0. 0. 0. 0. 0. 0. 0. 0.
    0. 0. 0. 0. 0. 0. 0. 0. 0. 0. 0. 0. 0. 0. 0. 0. 0. 0. 0. 0. 0. 0. 0.
    0. 0. 0. 0. 0. 0. 0. 0. 0. 0. 0. 0. 0. 0. 0. 0. 0. 0. 0. 0. 0. 0. 0.
    0. 0. 0. 0. 0. 0. 0. 0. 0. 0. 0. 0. 0. 0. 0. 0. 0. 0. 0. 0. 0. 0. 0.
    0. 0. 0. 0. 0. 0. 0. 0. 0. 0. 0. 0. 0. 0. 0. 0. 0. 0. 0. 0. 0. 0. 0.
    0. 0. 0. 0. 0. 0. 0. 0. 0. 0. 0. 0. 0. 0. 0. 0. 0. 0. 0. 0. 0. 0. 0.
    0. 0. 0. 0. 0. 0. 0. 0. 0. 0. 0. 0. 0. 0. 0. 0. 0. 0. 0. 0. 0. 0. 0.
    0. 0. 0. 0. 0. 0. 0. 0. 0. 0. 0. 0. 0. 0. 0. 0. 0. 0. 0. 0. 0. 0. 0.
    0. 0. 0. 0. 0. 0. 0. 0. 0. 0. 0. 0. 0. 0. 0. 0. 0. 0. 0. 0. 0. 0. 0.
    0. 0. 0. 0. 0. 0. 0. 0. 0. 0. 0. 0. 0. 0. 0. 0. 0. 0. 0. 0. 0. 0. 0.
    0. 0. 0. 0. 0. 0. 0. 0. 0. 0. 0. 0. 0. 0. 0. 0. 0. 0. 0. 0. 0. 0. 0.
    0. 0. 0. 0. 0. 0. 0. 0. 0. 0. 0. 0. 0. 0. 0. 0. 0. 0. 0. 0. 0. 0. 0.
    0. 0. 0. 0. 0. 0. 0. 0. 0. 0. 0. 0. 0. 0. 0. 0. 0. 0. 0. 0. 0. 0. 0.
    0. 0. 0. 0. 0. 0. 0. 0. 0. 0. 0. 0. 0. 0. 0. 0. 0. 0. 0. 0. 0. 0. 0.
    0. 0. 0. 0. 0. 0. 0. 0. 0. 0. 0. 0. 0. 0. 0. 0. 0. 0. 0. 0. 0. 0. 0.
    0. 0. 0. 0. 0. 0. 0. 0. 0. 0. 0. 0. 0. 0. 0. 0. 0. 0. 0. 0. 0. 0. 0.
    0. 0. 0. 0. 0. 0. 0. 0. 0. 0. 0. 0. 0. 0. 0. 0. 0. 0. 0. 0. 0. 0. 0.
    0. 0. 0. 0. 0. 0. 0. 0. 0. 0. 0. 0. 0. 0. 0. 0. 0. 0. 0. 0. 0. 0. 0.
    0. 0. 0. 0. 0. 0. 0. 0. 0. 0. 0. 0. 0. 0. 0. 0. 0. 0. 0. 0. 0. 0. 0.
    0. 0. 0. 0. 0. 0. 0. 0. 0. 0. 0. 0. 0. 0. 0. 0. 0. 0. 0. 0. 0. 0. 0.
    0. 0. 0. 0. 0. 0. 0. 0. 0. 0. 0. 0. 2.33699989e+00 2.33699989e+00
    2.32500005e+00 2.22300005e+00 2.12199998e+00 2.10800004e+00
    2.10800004e+00 2.10800004e+00 2.10800004e+00 2.10800004e+00
    2.10800004e+00 2.10800004e+00 2.10800004e+00 2.10800004e+00
    2.10800004e+00 2.10800004e+00 2.13899994e+00 2.18899989e+00
    2.22099996e+00 0. 0. 0. 0. 0. 0. 0. 0. 0. 0. 0. 0. 0. 0. 0. 0. 0. 0.
    0. 0. 0. 2.29600000e+00 2.28800011e+00 2.27099991e+00 2.18600011e+00
    2.10100007e+00 2.08999991e+00 2.08999991e+00 2.09500003e+00
    2.10299993e+00 2.10800004e+00 2.10800004e+00 2.10800004e+00
    2.10800004e+00 2.10800004e+00 2.10800004e+00 2.10800004e+00
    2.13400006e+00 2.17499995e+00 2.20199990e+00 0. 0. 0. 0. 0. 0. 0. 0.
    0. 0. 0. 0. 0. 0. 0. 0. 0. 0. 0. 0. 1.52100003e+00 2.18600011e+00
    2.15700006e+00 2.12700009e+00 2.08699989e+00 2.04699993e+00
    2.04200006e+00 2.04200006e+00 2.05999994e+00 2.08899999e+00
    2.10800004e+00 2.10800004e+00 2.10800004e+00 2.10800004e+00
    2.10800004e+00 2.10800004e+00 2.10800004e+00 2.11999989e+00
    2.13899994e+00 2.15199995e+00 0. 0. 0. 0. 0. 0. 0. 0. 0. 0. 0. 0. 0.
    0. 2.33100009e+00 2.27900004e+00 2.22799993e+00 2.22099996e+00
    2.22099996e+00 2.19000006e+00 2.14000010e+00 2.08999991e+00
    2.04200006e+00 2. 2. 2. 2. 2. 2.02800012e+00 2.07299995e+00
    2.10299993e+00 2.10599995e+00 2.10800004e+00 2.10800004e+00
    2.10800004e+00 2.10800004e+00 2.10800004e+00 2.10800004e+00
    2.10800004e+00 2.10800004e+00 0. 0. 0. 0. 0. 0. 0. 0. 0. 0. 0. 0. 0.
    1.09200001e+00 2.33100009e+00 2.27900004e+00 2.22799993e+00
    2.22099996e+00 2.22099996e+00 2.19000006e+00 2.14000010e+00
    2.08999991e+00 2.04200006e+00 2. 2. 2. 2. 2. 2.01500010e+00
    2.03900003e+00 2.06299996e+00 2.08699989e+00 2.10800004e+00
    2.10800004e+00 2.10800004e+00 2.10800004e+00 2.10800004e+00
    2.10800004e+00 2.10800004e+00 2.10800004e+00 0. 0. 0. 0. 0. 0. 0. 0.
    0. 0. 0. 1.97399998e+00 2.03399992e+00 2.19600010e+00 2.33100009e+00
    2.27900004e+00 2.22799993e+00 2.22099996e+00 2.22099996e+00
    2.19000006e+00 2.14000010e+00 2.08999991e+00 2.04200006e+00 2. 2. 2.
    2. 2. 2.00200009e+00 2.00399995e+00 2.02300000e+00 2.06800008e+00
    2.10800004e+00 2.10800004e+00 2.10800004e+00 2.10800004e+00
    2.10800004e+00 2.10800004e+00 2.10800004e+00 2.10800004e+00 0. 0. 0.
    0. 0. 0. 0. 0. 0. 0. 0. 2.33699989e+00 2.33699989e+00 2.33699989e+00
    2.33100009e+00 2.27900004e+00 2.22799993e+00 2.22099996e+00
    2.22099996e+00 2.19000006e+00 2.14000010e+00 2.08999991e+00
    2.04200006e+00 2. 2. 2. 2. 2. 2. 2. 2.01699996e+00 2.06500006e+00
    2.10800004e+00 2.10800004e+00 2.10800004e+00 2.10800004e+00
    2.10800004e+00 2.10800004e+00 2.10800004e+00 2.10800004e+00 0. 0. 0.
    0. 0. 0. 0. 0. 0. 0. 0. 2.33699989e+00 2.33699989e+00 2.33699989e+00
    2.33100009e+00 2.27900004e+00 2.22799993e+00 2.22099996e+00
    2.22099996e+00 2.19000006e+00 2.14000010e+00 2.08999991e+00
    2.04200006e+00 2. 2. 2. 2. 2. 2. 2. 2.01699996e+00 2.06500006e+00
    2.10800004e+00 2.10800004e+00 2.10800004e+00 2.10800004e+00
    2.10800004e+00 2.10800004e+00 2.10800004e+00 2.10800004e+00 0. 0. 0.
    0. 0. 0. 0. 0. 0. 0. 0. 2.33699989e+00 2.33699989e+00 2.33699989e+00
    2.33100009e+00 2.27900004e+00 2.22799993e+00 2.20900011e+00
    2.19499993e+00 2.16700006e+00 2.13100004e+00 2.08999991e+00
    2.04200006e+00 2. 2. 2. 2. 2. 2.00799990e+00 2.02099991e+00
    2.04699993e+00 2.09599996e+00 2.13899994e+00 2.13899994e+00
    2.13899994e+00 2.12700009e+00 2.11299992e+00 2.10800004e+00
    2.10800004e+00 2.10800004e+00 0. 0. 0. 0. 0. 0. 0. 0. 0. 0. 0.
    2.33699989e+00 2.33699989e+00 2.33699989e+00 2.33100009e+00
    2.27900004e+00 2.22799993e+00 2.19000006e+00 2.15300012e+00
    2.13100004e+00 2.11700010e+00 2.08999991e+00 2.04200006e+00 2. 2. 2.
    2. 2. 2.02099991e+00 2.05599999e+00 2.09599996e+00 2.14499998e+00
    2.18899989e+00 2.18899989e+00 2.18899989e+00 2.15799999e+00
    2.12199998e+00 2.10800004e+00 2.10800004e+00 2.10800004e+00 0. 0. 0.
    0. 0. 0. 0. 0. 0. 0. 0. 2.33699989e+00 2.33699989e+00 2.33699989e+00
    2.33100009e+00 2.27900004e+00 2.22799993e+00 2.17700005e+00
    2.12700009e+00 2.10800004e+00 2.10800004e+00 2.08999991e+00
    2.04200006e+00 2. 2. 2. 2. 2. 2.02999997e+00 2.07699990e+00
    2.12599993e+00 2.17600012e+00 2.22099996e+00 2.22099996e+00
    2.22099996e+00 2.19199991e+00 2.15899992e+00 2.14599991e+00
    2.14599991e+00 2.14599991e+00 0. 0. 0. 0. 0. 0. 0. 0. 0. 0. 0.
    2.33699989e+00 2.33699989e+00 2.33699989e+00 2.33100009e+00
    2.27900004e+00 2.22799993e+00 2.17700005e+00 2.12700009e+00
    2.10800004e+00 2.10800004e+00 2.08999991e+00 2.04200006e+00 2. 2. 2.
    2. 2. 2.02999997e+00 2.07699990e+00 2.12599993e+00 2.17600012e+00
    2.22099996e+00 2.22099996e+00 2.22099996e+00 2.23099995e+00
    2.24300003e+00 2.24699998e+00 2.24699998e+00 2.24699998e+00 0. 0. 0.
    0. 0. 0. 0. 0. 0. 0. 0. 2.33699989e+00 2.33599997e+00 2.33299994e+00
    2.32500005e+00 2.27600002e+00 2.22700000e+00 2.17700005e+00
    2.12700009e+00 2.10800004e+00 2.10800004e+00 2.09100008e+00
    2.04600000e+00 2.00600004e+00 2.00600004e+00 2.00600004e+00
    2.00600004e+00 2.00600004e+00 2.03399992e+00 2.07900000e+00
    2.12599993e+00 2.17600012e+00 2.22099996e+00 2.22099996e+00
    2.22099996e+00 2.26500010e+00 2.31699991e+00 2.24699998e+00
    2.09800005e+00 2.00300002e+00 0. 0. 0. 0. 0. 0. 0. 0. 0. 0. 0.
    2.33699989e+00 2.32699990e+00 2.30200005e+00 2.27600002e+00
    2.25000000e+00 2.22399998e+00 2.17700005e+00 2.12700009e+00
    2.10800004e+00 2.10800004e+00 2.09899998e+00 2.07500005e+00
    2.05399990e+00 2.05399990e+00 2.05399990e+00 2.05399990e+00
    2.05399990e+00 2.06800008e+00 2.09299994e+00 2.12599993e+00
    2.17600012e+00 2.22099996e+00 2.22099996e+00 2.22099996e+00
    2.26500010e+00 2.31699991e+00 1.47899997e+00 0. 0. 0. 0. 0. 0. 0. 0.
    0. 0. 0. 0. 0. 2.33699989e+00 2.31900001e+00 2.26999998e+00
    2.22799993e+00 2.22399998e+00 2.22099996e+00 2.17700005e+00
    2.12700009e+00 2.10800004e+00 2.10800004e+00 2.10700011e+00
    2.10400009e+00 2.10200000e+00 2.10200000e+00 2.10200000e+00
    2.10200000e+00 2.10200000e+00 2.10299993e+00 2.10599995e+00
    2.12599993e+00 2.17600012e+00 2.22099996e+00 2.22099996e+00
    2.22099996e+00 2.26500010e+00 2.31699991e+00 0. 0. 0. 0. 0. 0. 0. 0.
