<?xml version="1.0"?>
<opencv_storage>
<Depth type_id="opencv-matrix">
  <rows>40</rows>
  <cols>40</cols>
  <dt>f</dt>
  <data>
    0. 0. 0. 0. 0. 0. 0. 0. 0. 0. 0. 0. 0. 0. 0. 0. 0. 0. 0. 0. 0. 0. 0.
    0. 0. 0. 0. 0. 0. 0. 0. 0. 0. 0. 0. 0. 0. 0. 0. 0. 0. 0. 0. 0. 0. 0.
    0. 0. 0. 0. 0. 0. 0. 0. 0. 0. 0. 0. 0. 0. 0. 0. 0. 0. 0. 0. 0. 0. 0.
    0. 0. 0. 0. 0. 0. 0. 0. 0. 0. 0. 0. 0. 0. 0. 0. 0. 0. 0. 0. 0. 0. 0.
    0. 0. 0. 0. 0. 0. 0. 0. 0. 0. 0. 0. 0. 0. 0. 0. 0. 0. 0. 0. 0. 0. 0.
    0. 0. 0. 0. 0. 0. 0. 0. 0. 0. 0. 0. 0. 0. 0. 0. 0. 0. 0. 0. 0. 0. 0.
    0. 0. 0. 0. 0. 0. 0. 0. 0. 0. 0. 0. 0. 0. 0. 0. 0. 0. 0. 0. 0. 0. 0.
    0. 0. 0. 0. 0. 0. 0. 0. 0. 0. 0. 0. 0. 0. 0. 0. 0. 0. 0. 0. 0. 0. 0.
    0. 0. 0. 0. 0. 0. 0. 0. 0. 0. 0. 0. 0. 0. 0. 0. 0. 0. 0. 0. 0. 0. 0.
    0. 0. 0. 0. 0. 0. 0. 0. 0. 0. 0. 0. 0. 0. 0. 0. 0. 0. 0. 0. 0. 0. 0.
    0. 0. 0. 0. 0. 0. 0. 0. 0. 0. 0. 0. 0. 0. 0. 0. 0. 0. 0. 0. 0. 0. 0.
    0. 0. 0. 0. 0. 0. 0. 0. 0. 0. 0. 0. 0. 0. 0. 0. 0. 0. 0. 0. 0. 0. 0.
    0. 0. 0. 0. 0. 0. 0. 0. 0. 0. 0. 0. 0. 0. 0. 0. 0. 0. 0. 0. 0. 0. 0.
    0. 0. 0. 0. 0. 0. 0. 0. 0. 0. 0. 0. 0. 0. 0. 0. 0. 0. 0. 0. 0. 0. 0.
    0. 0. 0. 0. 0. 0. 0. 0. 0. 0. 0. 0. 0. 0. 0. 0. 0. 0. 0. 0. 0. 0. 0.
    0. 0. 0. 0. 0. 0. 0. 0. 0. 0. 0. 0. 0. 0. 0. 0. 0. 0. 0. 0. 0. 0. 0.
    0. 0. 0. 0. 0. 0. 0. 0. 0. 0. 0. 0. 0. 0. 0. 0. 0. 0. 0. 0. 0. 0. 0.
    0. 0. 0. 0. 0. 0. 0. 0. 0. 0. 0. 0. 0. 0. 0. 0. 0. 0. 0. 0. 0. 0. 0.
    0. 0. 0. 0. 0. 0. 0. 0. 0. 0. 0. 0. 0. 0. 0. 0. 0. 0. 0. 0. 0. 0. 0.
    0. 0. 0. 0. 0. 0. 0. 0. 2.63000011e+00 2.60599995e+00 2.48099995e+00
    2.35599995e+00 2.30200005e+00 2.30200005e+00 2.30200005e+00
    2.24600005e+00 2.18799996e+00 2.14800000e+00 2.14800000e+00
    2.14800000e+00 2.14800000e+00 2.14800000e+00 2.14299989e+00
    2.08699989e+00 2.02999997e+00 2. 2. 2. 2. 2. 2. 2. 2. 2. 2. 2. 2. 0.
    0. 0. 0. 0. 0. 0. 0. 0. 0. 0. 2.59500003e+00 2.57200003e+00
    2.45199990e+00 2.33200002e+00 2.27999997e+00 2.27999997e+00
    2.27999997e+00 2.22900009e+00 2.17400002e+00 2.13700008e+00
    2.13700008e+00 2.13700008e+00 2.13700008e+00 2.13700008e+00
    2.13299990e+00 2.08100009e+00 2.02800012e+00 1.99800003e+00
    1.99399996e+00 1.99000001e+00 1.99000001e+00 1.99000001e+00
    1.99000001e+00 1.99000001e+00 1.99000001e+00 1.99199998e+00
    1.99600005e+00 2. 2. 0. 0. 0. 0. 0. 0. 0. 0. 0. 0. 0. 2.41100001e+00
    2.39299989e+00 2.29999995e+00 2.20600009e+00 2.16499996e+00
    2.16499996e+00 2.16499996e+00 2.13499999e+00 2.10200000e+00
    2.08100009e+00 2.08100009e+00 2.08100009e+00 2.08100009e+00
    2.08100009e+00 2.07800007e+00 2.04699993e+00 2.01699996e+00
    1.98899996e+00 1.96399999e+00 1.94000006e+00 1.93599999e+00
    1.93599999e+00 1.93599999e+00 1.93599999e+00 1.93599999e+00
    1.95099998e+00 1.97500002e+00 1.99899995e+00 2. 0. 0. 0. 0. 0. 0. 0.
    0. 0. 0. 0. 2.22700000e+00 2.21499991e+00 2.14700007e+00
    2.07900000e+00 2.04999995e+00 2.04999995e+00 2.04999995e+00
    2.04099989e+00 2.03099990e+00 2.02399993e+00 2.02399993e+00
    2.02399993e+00 2.02399993e+00 2.02399993e+00 2.02399993e+00
    2.01399994e+00 2.00500011e+00 1.97899997e+00 1.93400002e+00
    1.88900006e+00 1.88199997e+00 1.88199997e+00 1.88199997e+00
    1.88199997e+00 1.88199997e+00 1.90900004e+00 1.95400000e+00
    1.99899995e+00 2. 0. 0. 0. 0. 0. 0. 0. 0. 0. 0. 0. 2.11599994e+00
    2.10800004e+00 2.06299996e+00 2.01900005e+00 2. 2. 2. 2. 2. 2. 2. 2.
    2. 2. 2. 2. 2. 1.97500002e+00 1.92100000e+00 1.86800003e+00
    1.85899997e+00 1.85899997e+00 1.85899997e+00 1.85899997e+00
    1.85899997e+00 1.88399994e+00 1.92600000e+00 1.96800005e+00
    1.96899998e+00 0. 0. 0. 0. 0. 0. 0. 0. 0. 0. 0. 2.05900002e+00
    2.05500007e+00 2.03200006e+00 2.00999999e+00 2. 2. 2. 2. 2. 2. 2. 2.
    2. 2. 2. 2. 2. 1.97500002e+00 1.92100000e+00 1.86800003e+00
    1.85899997e+00 1.85899997e+00 1.85899997e+00 1.85899997e+00
    1.85899997e+00 1.87199998e+00 1.89400005e+00 1.91499996e+00
    1.91600001e+00 0. 0. 0. 0. 0. 0. 0. 0. 0. 0. 0. 2.00300002e+00
    2.00300002e+00 2.00200009e+00 2. 2. 2. 2. 2. 2. 2. 2. 2. 2. 2. 2. 2.
    2. 1.97500002e+00 1.92100000e+00 1.86800003e+00 1.85899997e+00
    1.85899997e+00 1.85899997e+00 1.85899997e+00 1.85899997e+00
    1.86000001e+00 1.86099994e+00 1.86199999e+00 1.86199999e+00 0. 0. 0.
    0. 0. 0. 0. 0. 0. 0. 0. 2. 2. 2. 2. 1.98899996e+00 1.97000003e+00
    1.95000005e+00 1.94900000e+00 1.94900000e+00 1.94900000e+00
    1.94900000e+00 1.94900000e+00 1.96300006e+00 1.98199999e+00
    1.99800003e+00 1.97899997e+00 1.96000004e+00 1.93299997e+00
    1.89900005e+00 1.86399996e+00 1.85899997e+00 1.85899997e+00
    1.85899997e+00 1.85899997e+00 1.85899997e+00 1.85899997e+00
    1.85899997e+00 1.85899997e+00 1.85899997e+00 0. 0. 0. 0. 0. 0. 0. 0.
    0. 0. 0. 2. 2. 2. 2. 1.97700000e+00 1.93700004e+00 1.89699996e+00
    1.89499998e+00 1.89499998e+00 1.89499998e+00 1.89499998e+00
    1.89499998e+00 1.92299998e+00 1.96300006e+00 1.99699998e+00
    1.95700002e+00 1.91700006e+00 1.88900006e+00 1.87500000e+00
    1.86099994e+00 1.85899997e+00 1.85899997e+00 1.85899997e+00
    1.85899997e+00 1.85899997e+00 1.85899997e+00 1.85899997e+00
    1.85899997e+00 1.85899997e+00 0. 0. 0. 0. 0. 0. 0. 0. 0. 0. 0.
    1.98199999e+00 1.98199999e+00 1.98199999e+00 1.98199999e+00
    1.95599997e+00 1.90900004e+00 1.86099994e+00 1.85899997e+00
    1.85899997e+00 1.85899997e+00 1.85899997e+00 1.85899997e+00
    1.88800001e+00 1.92799997e+00 1.96200001e+00 1.91499996e+00
    1.86699998e+00 1.84500003e+00 1.85200000e+00 1.85800004e+00
    1.85899997e+00 1.85899997e+00 1.85899997e+00 1.85899997e+00
    1.85899997e+00 1.85899997e+00 1.85899997e+00 1.85899997e+00
    1.85899997e+00 0. 0. 0. 0. 0. 0. 0. 0. 0. 0. 0. 1.92900002e+00
    1.92900002e+00 1.92900002e+00 1.92900002e+00 1.91400003e+00
    1.88699996e+00 1.86000001e+00 1.85899997e+00 1.85899997e+00
    1.85899997e+00 1.85899997e+00 1.85899997e+00 1.85899997e+00
    1.86000001e+00 1.85800004e+00 1.83099997e+00 1.80400002e+00
    1.80200005e+00 1.82900000e+00 1.85500002e+00 1.85899997e+00
    1.85899997e+00 1.85899997e+00 1.85899997e+00 1.85899997e+00
    1.85899997e+00 1.85899997e+00 1.85899997e+00 1.85899997e+00 0. 0. 0.
    0. 0. 0. 0. 0. 0. 0. 0. 1.87500000e+00 1.87500000e+00 1.87500000e+00
    1.87500000e+00 1.87100005e+00 1.86500001e+00 1.85899997e+00
    1.85899997e+00 1.85899997e+00 1.85899997e+00 1.85899997e+00
    1.85899997e+00 1.83099997e+00 1.79100001e+00 1.75399995e+00
    1.74800003e+00 1.74199998e+00 1.75999999e+00 1.80599999e+00
    1.85200000e+00 1.85899997e+00 1.85899997e+00 1.85899997e+00
    1.85899997e+00 1.85899997e+00 1.85899997e+00 1.85899997e+00
    1.85899997e+00 1.85899997e+00 0. 0. 0. 0. 0. 0. 0. 0. 0. 0. 0.
    1.85899997e+00 1.85599995e+00 1.84200001e+00 1.82799995e+00
    1.82200003e+00 1.82200003e+00 1.82200003e+00 1.82200003e+00
    1.82200003e+00 1.82700002e+00 1.84099996e+00 1.85500002e+00
    1.82200003e+00 1.77100003e+00 1.72300005e+00 1.72300005e+00
    1.72300005e+00 1.74699998e+00 1.79900002e+00 1.85099995e+00
    1.26499999e+00 0. 0. 0. 0. 0. 0. 0. 0. 0. 0. 0. 0. 0. 0. 0. 0. 0. 0.
    0. 1.85899997e+00 1.85300004e+00 1.81900001e+00 1.78499997e+00
    1.77100003e+00 1.77100003e+00 1.77100003e+00 1.77100003e+00
    1.77100003e+00 1.78199995e+00 1.81500006e+00 1.84899998e+00
    1.82200003e+00 1.77100003e+00 1.72300005e+00 1.72300005e+00
    1.72300005e+00 1.74699998e+00 1.79900002e+00 1.85099995e+00 0. 0. 0.
    0. 0. 0. 0. 0. 0. 0. 0. 0. 0. 0. 0. 0. 0. 0. 0. 0. 1.85500002e+00
    1.84500003e+00 1.79499996e+00 1.74500000e+00 1.72300005e+00
    1.72300005e+00 1.72300005e+00 1.72300005e+00 1.72300005e+00
    1.74000001e+00 1.79200006e+00 1.84399998e+00 1.82400000e+00
    1.77300000e+00 1.72000003e+00 1.63699996e+00 1.55299997e+00
    1.53100002e+00 1.58099997e+00 1.63199997e+00 0. 0. 0. 0. 0. 0. 0. 0.
    0. 0. 0. 0. 0. 0. 0. 0. 0. 0. 0. 0. 1.80299997e+00 1.79700005e+00
    1.76699996e+00 1.73599994e+00 1.72300005e+00 1.72300005e+00
