<?xml version="1.0"?>
<opencv_storage>
<Depth type_id="opencv-matrix">
  <rows>40</rows>
  <cols>40</cols>
  <dt>f</dt>
  <data>
    0. 0. 0. 0. 0. 0. 0. 0. 0. 0. 0. 1.26100004e+00 1.26100004e+00
    1.26100004e+00 1.26100004e+00 1.27800000e+00 1.53299999e+00
    2.04699993e+00 2.04500008e+00 2.02600002e+00 1.99600005e+00
    1.96599996e+00 1.95700002e+00 1.82200003e+00 1.32000005e+00
    1.23500001e+00 1.23399997e+00 1.23300004e+00 0. 0. 0. 0. 0. 0. 0. 0.
    0. 0. 0. 0. 0. 0. 0. 0. 0. 0. 0. 0. 0. 0. 0. 1.27900004e+00
    1.26900005e+00 1.26100004e+00 1.26100004e+00 1.27900004e+00
    1.53299999e+00 2.04399991e+00 2.04399991e+00 2.02600002e+00
    1.99600005e+00 1.96599996e+00 1.95700002e+00 1.82099998e+00
    1.31799996e+00 1.23300004e+00 1.23300004e+00 1.23300004e+00 0. 0. 0.
    0. 0. 0. 0. 0. 0. 0. 0. 0. 0. 0. 0. 0. 0. 0. 0. 0. 0. 0. 0.
    1.28999996e+00 1.27900004e+00 1.26999998e+00 1.26999998e+00
    1.43499994e+00 1.69799995e+00 2.04399991e+00 2.04399991e+00
    2.02600002e+00 1.99699998e+00 1.97700000e+00 1.96399999e+00
    1.82099998e+00 1.31799996e+00 1.23300004e+00 1.23300004e+00
    1.23300004e+00 0. 0. 0. 0. 0. 0. 0. 0. 0. 0. 0. 0. 0. 0. 0. 0. 0. 0.
    0. 0. 0. 0. 0. 1.29100001e+00 1.29100001e+00 1.29100001e+00
    1.29100001e+00 1.76300001e+00 2.04399991e+00 2.04299998e+00
    2.04299998e+00 2.02600002e+00 2. 2. 1.97899997e+00 1.82400000e+00
    1.33000004e+00 1.23899996e+00 1.23300004e+00 1.23300004e+00 0. 0. 0.
    0. 0. 0. 0. 0. 0. 0. 0. 0. 0. 0. 0. 0. 0. 0. 0. 0. 0. 0. 0.
    1.31099999e+00 1.31099999e+00 1.31099999e+00 1.31099999e+00
    1.77100003e+00 2.03399992e+00 2.01300001e+00 2.01300001e+00
    2.00699997e+00 2. 2. 1.99399996e+00 1.94900000e+00 1.80400002e+00
    1.46399999e+00 1.23300004e+00 1.23300004e+00 0. 0. 0. 0. 0. 0. 0. 0.
    0. 0. 0. 0. 0. 0. 0. 0. 0. 0. 0. 0. 0. 0. 0. 1.30700004e+00
    1.30700004e+00 1.30700004e+00 1.30700004e+00 1.76999998e+00
    2.02999997e+00 2. 2. 1.99300003e+00 1.98199999e+00 1.98199999e+00
    1.99100006e+00 2. 2. 1.55700004e+00 1.23300004e+00 1.23300004e+00 0.
    0. 0. 0. 0. 0. 0. 0. 0. 0. 0. 0. 0. 0. 0. 0. 0. 0. 0. 0. 0. 0. 0.
    1.28999996e+00 1.28999996e+00 1.28999996e+00 1.28999996e+00
    1.76300001e+00 2.02999997e+00 2. 2. 1.98199999e+00 1.95700002e+00
    1.95700002e+00 1.97800004e+00 2. 2. 1.60200000e+00 1.28999996e+00
    1.23599994e+00 0. 0. 0. 0. 0. 0. 0. 0. 0. 0. 0. 0. 0. 0. 0. 0. 0. 0.
    0. 0. 0. 0. 0. 1.28999996e+00 1.28999996e+00 1.28999996e+00
    1.28999996e+00 1.76300001e+00 2.02999997e+00 2. 2. 1.98199999e+00
    1.95700002e+00 1.95700002e+00 1.97800004e+00 2. 2. 1.90999997e+00
    1.67799997e+00 1.25300002e+00 0. 0. 0. 0. 0. 0. 0. 0. 0. 0. 0. 0. 0.
    0. 0. 0. 0. 0. 0. 0. 0. 0. 0. 1.28999996e+00 1.28999996e+00
    1.28999996e+00 1.28999996e+00 1.76300001e+00 2.03699994e+00
    2.02099991e+00 2.00600004e+00 1.99100006e+00 1.97800004e+00
    1.97800004e+00 1.98899996e+00 2. 2. 2. 1.79100001e+00 1.25800002e+00
    0. 0. 0. 0. 0. 0. 0. 0. 0. 0. 0. 0. 0. 0. 0. 0. 0. 0. 0. 0. 0. 0. 0.
    1.29499996e+00 1.29200006e+00 1.28999996e+00 1.28999996e+00
    1.76300001e+00 2.04399991e+00 2.04299998e+00 2.01300001e+00 2. 2. 2.
    1.99600005e+00 1.99199998e+00 1.99199998e+00 1.99199998e+00
    1.82000005e+00 1.38100004e+00 0. 0. 0. 0. 0. 0. 0. 0. 0. 0. 0. 0. 0.
    0. 0. 0. 0. 0. 0. 0. 0. 0. 0. 1.31599998e+00 1.30200005e+00
    1.28999996e+00 1.28999996e+00 1.76300001e+00 2.04399991e+00
    2.04299998e+00 2.01300001e+00 2. 2. 2. 1.98099995e+00 1.96200001e+00
    1.96200001e+00 1.96200001e+00 1.92700005e+00 1.83899999e+00 0. 0. 0.
    0. 0. 0. 0. 0. 0. 0. 0. 0. 0. 0. 0. 0. 0. 0. 0. 0. 0. 0. 0.
    1.31900001e+00 1.30299997e+00 1.28999996e+00 1.28999996e+00
    1.77900004e+00 2.06200004e+00 2.04299998e+00 2.01300001e+00 2. 2. 2.
    1.97899997e+00 1.95700002e+00 1.95700002e+00 1.95700002e+00
    1.94599998e+00 1.91600001e+00 0. 0. 0. 0. 0. 0. 0. 0. 0. 0. 0. 0. 0.
    0. 0. 0. 0. 0. 0. 0. 0. 0. 0. 1.31900001e+00 1.30799997e+00
    1.35099995e+00 1.50500000e+00 1.87699997e+00 2.07399988e+00
    2.04299998e+00 2.01300001e+00 2. 2. 2. 1.97899997e+00 1.95700002e+00
    1.95700002e+00 1.95700002e+00 1.94599998e+00 1.91600001e+00 0. 0. 0.
    0. 0. 0. 0. 0. 0. 0. 0. 0. 0. 0. 0. 0. 0. 0. 0. 0. 0. 0. 0.
    1.31900001e+00 1.31799996e+00 1.50600004e+00 2.05399990e+00
    2.09599996e+00 2.07399988e+00 2.04299998e+00 2.01300001e+00 2. 2. 2.
    1.97899997e+00 1.95700002e+00 1.95700002e+00 1.95700002e+00
    1.94599998e+00 1.91600001e+00 0. 0. 0. 0. 0. 0. 0. 0. 0. 0. 0. 0. 0.
    0. 0. 0. 0. 0. 0. 0. 0. 0. 0. 1.31900001e+00 1.31900001e+00
    1.51300001e+00 2.07999992e+00 2.10599995e+00 2.07399988e+00
    2.04299998e+00 2.01300001e+00 2. 2. 2. 1.97899997e+00 1.95200002e+00
    1.93200004e+00 1.92900002e+00 1.92499995e+00 1.91499996e+00 0. 0. 0.
    0. 0. 0. 0. 0. 0. 0. 0. 0. 0. 0. 0. 0. 0. 0. 0. 0. 0. 0. 0.
    1.31900001e+00 1.31900001e+00 1.50899994e+00 2.06500006e+00
    2.09999990e+00 2.07399988e+00 2.04299998e+00 2.01300001e+00 2. 2. 2.
    1.97899997e+00 1.94900000e+00 1.91999996e+00 1.91499996e+00
    1.91499996e+00 1.91499996e+00 0. 0. 0. 0. 0. 0. 0. 0. 0. 0. 0. 0. 0.
    0. 0. 0. 0. 0. 0. 0. 0. 0. 0. 1.32099998e+00 1.32099998e+00
    1.50300002e+00 2.03699994e+00 2.08800006e+00 2.07299995e+00
    2.04299998e+00 2.01300001e+00 2. 2. 2. 1.97899997e+00 1.95000005e+00
    1.92200005e+00 1.91700006e+00 1.91700006e+00 1.91700006e+00 0. 0. 0.
    0. 0. 0. 0. 0. 0. 0. 0. 0. 0. 0. 0. 0. 0. 0. 0. 0. 0. 0. 0.
    1.34099996e+00 1.34099996e+00 1.51900005e+00 2.03900003e+00
    2.06800008e+00 2.05200005e+00 2.04299998e+00 2.01300001e+00 2. 2. 2.
    1.97899997e+00 1.95500004e+00 1.94799995e+00 1.94599998e+00
    1.94599998e+00 1.94599998e+00 0. 0. 0. 0. 0. 0. 0. 0. 0. 0. 0. 0. 0.
    0. 0. 0. 0. 0. 0. 0. 0. 0. 0. 1.34899998e+00 1.52699995e+00
    1.77400005e+00 2.06100011e+00 2.06100011e+00 2.04399991e+00
    2.04399991e+00 2.02699995e+00 2.01200008e+00 2. 2. 1.97899997e+00
    1.95700002e+00 1.95700002e+00 1.95700002e+00 1.95700002e+00
    1.95700002e+00 0. 0. 0. 0. 0. 0. 0. 0. 0. 0. 0. 0. 0. 0. 0. 0. 0. 0.
    0. 0. 0. 0. 0. 1.45099998e+00 1.79400003e+00 2.08299994e+00
    2.08299994e+00 2.05800009e+00 2.04399991e+00 2.04399991e+00
    2.04399991e+00 2.02600002e+00 2. 2. 1.97899997e+00 1.95599997e+00
    1.95200002e+00 1.95099998e+00 1.95299995e+00 1.95700002e+00 0. 0. 0.
    0. 0. 0. 0. 0. 0. 0. 0. 0. 0. 0. 0. 0. 0. 0. 0. 0. 0. 0. 0.
    1.96500003e+00 2.01200008e+00 2.05200005e+00 2.05200005e+00
    2.04699993e+00 2.04399991e+00 2.04399991e+00 2.04399991e+00
    2.02600002e+00 2. 2. 1.97899997e+00 1.95000005e+00 1.92600000e+00
    1.92200005e+00 1.93200004e+00 1.95599997e+00 0. 0. 0. 0. 0. 0. 0. 0.
    0. 0. 0. 0. 0. 0. 0. 0. 0. 0. 0. 0. 0. 0. 0. 2.08899999e+00
    2.06500006e+00 2.04399991e+00 2.04399991e+00 2.02900004e+00
    2.02099991e+00 2.02099991e+00 2.03699994e+00 2.02600002e+00
    1.99800003e+00 1.98199999e+00 1.96700001e+00 1.94900000e+00
    1.91999996e+00 1.91499996e+00 1.92600000e+00 1.95599997e+00 0. 0. 0.
    0. 0. 0. 0. 0. 0. 0. 0. 0. 0. 0. 0. 0. 0. 0. 0. 0. 0. 0. 0.
    2.07900000e+00 2.05500007e+00 2.03399992e+00 2.03399992e+00
    2.01300001e+00 2. 2.00099993e+00 2.02399993e+00 2.01600003e+00
    1.98599994e+00 1.95599997e+00 1.94799995e+00 1.94200003e+00
    1.91900003e+00 1.91499996e+00 1.92600000e+00 1.95599997e+00 0. 0. 0.
    0. 0. 0. 0. 0. 0. 0. 0. 0. 0. 0. 0. 0. 0. 0. 0. 0. 0. 0. 0.
    2.04800010e+00 2.02399993e+00 2.00399995e+00 2.00399995e+00
    2.00099993e+00 2. 2. 2.00300002e+00 1.98599994e+00 1.95599997e+00
    1.92700005e+00 1.91799998e+00 1.91799998e+00 1.91499996e+00
    1.91499996e+00 1.92600000e+00 1.95599997e+00 0. 0. 0. 0. 0. 0. 0. 0.
    0. 0. 0. 0. 0. 0. 0. 0. 0. 0. 0. 0. 0. 0. 0. 2.01699996e+00
    2.00799990e+00 2. 2. 2. 1.99199998e+00 1.97399998e+00 1.97399998e+00
    1.96700001e+00 1.95299995e+00 1.92400002e+00 1.91499996e+00
    1.91499996e+00 1.91499996e+00 1.91499996e+00 1.91900003e+00
