<?xml version="1.0"?>
<opencv_storage>
<Depth type_id="opencv-matrix">
  <rows>40</rows>
  <cols>40</cols>
  <dt>f</dt>
  <data>
    0. 0. 0. 0. 0. 0. 0. 0. 0. 0. 0. 0. 0. 0. 0. 0. 0. 0. 0. 0. 0. 0. 0.
    0. 0. 0. 0. 0. 0. 0. 0. 0. 0. 0. 0. 0. 0. 0. 0. 0. 0. 0. 0. 0. 0. 0.
    0. 0. 0. 0. 0. 0. 0. 0. 0. 0. 0. 0. 0. 0. 0. 0. 0. 0. 0. 0. 0. 0. 0.
    0. 0. 0. 0. 0. 0. 0. 0. 0. 0. 0. 0. 0. 0. 0. 0. 0. 0. 0. 0. 0. 0. 0.
    0. 0. 0. 0. 0. 0. 0. 0. 0. 0. 0. 0. 0. 0. 0. 0. 0. 0. 0. 0. 0. 0. 0.
    0. 0. 0. 0. 0. 0. 0. 0. 0. 0. 0. 0. 1.21500003e+00 1.21500003e+00
    2.00500011e+00 2.00699997e+00 2.00699997e+00 2.00699997e+00
    2.00999999e+00 2.01099992e+00 2.00999999e+00 2.01300001e+00
    2.01300001e+00 2.01500010e+00 2.01500010e+00 2.01500010e+00
    2.01699996e+00 2.01699996e+00 2.01699996e+00 2.01799989e+00
    2.01799989e+00 2.01999998e+00 2.02200007e+00 2.02399993e+00
    2.02399993e+00 2.02399993e+00 2.02600002e+00 0. 0. 0. 0. 0. 0. 0. 0.
    0. 0. 0. 0. 0. 0. 0. 1.21500003e+00 1.21500003e+00 2.00500011e+00
    2.00699997e+00 2.00500011e+00 2.00699997e+00 2.00900006e+00
    2.00900006e+00 2.00999999e+00 2.01200008e+00 2.00999999e+00
    2.01300001e+00 2.01500010e+00 2.01500010e+00 2.01500010e+00
    2.01699996e+00 2.01600003e+00 2.01699996e+00 2.01799989e+00
    2.01999998e+00 2.02200007e+00 2.02200007e+00 2.02399993e+00
    2.02399993e+00 2.02500010e+00 0. 0. 0. 0. 0. 0. 0. 0. 0. 0. 0. 0. 0.
    0. 0. 1.21500003e+00 1.97899997e+00 2.00500011e+00 2.00600004e+00
    2.00699997e+00 2.00699997e+00 2.00699997e+00 2.00699997e+00
    2.00900006e+00 2.01099992e+00 2.00900006e+00 2.01300001e+00
    2.01500010e+00 2.01500010e+00 2.01500010e+00 2.01500010e+00
    2.01500010e+00 2.01600003e+00 2.01799989e+00 2.01799989e+00
    2.02099991e+00 2.02200007e+00 2.02200007e+00 2.02200007e+00
    2.02399993e+00 0. 0. 0. 0. 0. 0. 0. 0. 0. 0. 0. 0. 0. 0. 0.
    1.21500003e+00 1.21500003e+00 2.00399995e+00 2.00500011e+00
    2.00500011e+00 2.00600004e+00 2.00600004e+00 2.00900006e+00
    2.00900006e+00 2.00900006e+00 2.00999999e+00 2.01099992e+00
    2.01300001e+00 2.01300001e+00 2.01500010e+00 2.01500010e+00
    2.01500010e+00 2.01500010e+00 2.01799989e+00 2.01799989e+00
    2.01900005e+00 2.02200007e+00 2.02200007e+00 2.02099991e+00
    2.02399993e+00 0. 0. 0. 0. 0. 0. 0. 0. 0. 0. 0. 0. 0. 0. 0.
    1.21500003e+00 1.64499998e+00 2.00200009e+00 2.00399995e+00
    2.00399995e+00 2.00399995e+00 2.00500011e+00 2.00699997e+00
    2.00699997e+00 2.00900006e+00 2.00900006e+00 2.01200008e+00
    2.01099992e+00 2.01099992e+00 2.01300001e+00 2.01399994e+00
    2.01500010e+00 2.01500010e+00 2.01699996e+00 2.01799989e+00
    2.01799989e+00 2.01999998e+00 2.01799989e+00 2.01999998e+00
    2.02200007e+00 0. 0. 0. 0. 0. 0. 0. 0. 0. 0. 0. 0. 0. 0. 0.
    1.21500003e+00 1.70500004e+00 2.00099993e+00 2.00300002e+00
    2.00200009e+00 2.00500011e+00 2.00500011e+00 2.00500011e+00
    2.00699997e+00 2.00699997e+00 2.00799990e+00 2.00900006e+00
    2.00900006e+00 2.00999999e+00 2.01099992e+00 2.01300001e+00
    2.01300001e+00 2.01500010e+00 2.01699996e+00 2.01699996e+00
    2.01799989e+00 2.01799989e+00 2.01799989e+00 2.01900005e+00
    2.02099991e+00 0. 0. 0. 0. 0. 0. 0. 0. 0. 0. 0. 0. 0. 0. 0.
    1.21500003e+00 1.21500003e+00 1.99800003e+00 2.00200009e+00
    2.00200009e+00 2.00200009e+00 2.00399995e+00 2.00500011e+00
    2.00699997e+00 2.00699997e+00 2.00699997e+00 2.00699997e+00
    2.00900006e+00 2.00900006e+00 2.01099992e+00 2.00999999e+00
    2.01300001e+00 2.01300001e+00 2.01699996e+00 2.01699996e+00
    2.01799989e+00 2.01799989e+00 2.01799989e+00 2.01799989e+00
    2.01900005e+00 0. 0. 0. 0. 0. 0. 0. 0. 0. 0. 0. 0. 0. 0. 0.
    1.21500003e+00 1.70400000e+00 2. 2. 2. 2.00200009e+00 2.00200009e+00
    2.00500011e+00 2.00699997e+00 2.00699997e+00 2.00699997e+00
    2.00699997e+00 2.00900006e+00 2.00900006e+00 2.00900006e+00
    2.00900006e+00 2.01099992e+00 2.01200008e+00 2.01500010e+00
    2.01500010e+00 2.01699996e+00 2.01699996e+00 2.01699996e+00
    2.01799989e+00 2.01799989e+00 0. 0. 0. 0. 0. 0. 0. 0. 0. 0. 0. 0. 0.
    0. 0. 1.21500003e+00 1.99800003e+00 1.99800003e+00 1.99899995e+00 2.
    2. 2.00200009e+00 2.00399995e+00 2.00399995e+00 2.00500011e+00
    2.00600004e+00 2.00699997e+00 2.00699997e+00 2.00699997e+00
    2.00900006e+00 2.00900006e+00 2.00900006e+00 2.01200008e+00
    2.01200008e+00 2.01399994e+00 2.01699996e+00 2.01500010e+00
    2.01699996e+00 2.01699996e+00 2.01799989e+00 0. 0. 0. 0. 0. 0. 0. 0.
    0. 0. 0. 0. 0. 0. 0. 1.21500003e+00 1.99699998e+00 1.99800003e+00
    1.99800003e+00 1.99800003e+00 2. 2. 2.00200009e+00 2.00399995e+00
    2.00399995e+00 2.00500011e+00 2.00500011e+00 2.00500011e+00
    2.00699997e+00 2.00699997e+00 2.00699997e+00 2.00699997e+00
    2.00999999e+00 2.01099992e+00 2.01300001e+00 2.01500010e+00
    2.01500010e+00 2.01699996e+00 2.01699996e+00 2.01699996e+00 0. 0. 0.
    0. 0. 0. 0. 0. 0. 0. 0. 0. 0. 0. 0. 1.21500003e+00 1.99699998e+00
    1.99800003e+00 1.99800003e+00 1.99600005e+00 1.99800003e+00 2.
    2.00200009e+00 2.00200009e+00 2.00200009e+00 2.00200009e+00
    2.00399995e+00 2.00399995e+00 2.00600004e+00 2.00600004e+00
    2.00699997e+00 2.00699997e+00 2.00999999e+00 2.00900006e+00
    2.01099992e+00 2.01399994e+00 2.01300001e+00 2.01399994e+00
    2.01500010e+00 2.01600003e+00 0. 0. 0. 0. 0. 0. 0. 0. 0. 0. 0. 0. 0.
    0. 0. 1.21500003e+00 1.93499994e+00 1.99500000e+00 1.99600005e+00
    1.99600005e+00 1.99800003e+00 1.99899995e+00 2. 2. 2.00200009e+00
    2.00200009e+00 2.00200009e+00 2.00399995e+00 2.00399995e+00
    2.00500011e+00 2.00600004e+00 2.00699997e+00 2.00799990e+00
    2.00900006e+00 2.01099992e+00 2.01099992e+00 2.01099992e+00
    2.01500010e+00 2.01300001e+00 2.01600003e+00 0. 0. 0. 0. 0. 0. 0. 0.
    0. 0. 0. 0. 0. 0. 0. 1.21500003e+00 1.99500000e+00 1.99300003e+00
    1.99500000e+00 1.99500000e+00 1.99800003e+00 1.99800003e+00 2. 2. 2.
    2. 2.00200009e+00 2.00200009e+00 2.00399995e+00 2.00500011e+00
    2.00500011e+00 2.00500011e+00 2.00799990e+00 2.00900006e+00
    2.00900006e+00 2.01099992e+00 2.01099992e+00 2.01300001e+00
    2.01300001e+00 2.01500010e+00 0. 0. 0. 0. 0. 0. 0. 0. 0. 0. 0. 0. 0.
    0. 0. 1.21500003e+00 1.99300003e+00 1.99300003e+00 1.99300003e+00
    1.99399996e+00 1.99699998e+00 1.99600005e+00 1.99800003e+00 2. 2. 2.
    2.00200009e+00 2. 2.00200009e+00 2.00399995e+00 2.00399995e+00
    2.00500011e+00 2.00699997e+00 2.00900006e+00 2.00900006e+00
    2.00999999e+00 2.01099992e+00 2.01099992e+00 2.01399994e+00
    2.01600003e+00 0. 0. 0. 0. 0. 0. 0. 0. 0. 0. 0. 0. 0. 0. 0.
    1.99000001e+00 1.99100006e+00 1.99300003e+00 1.99300003e+00
    1.99300003e+00 1.99500000e+00 1.99600005e+00 1.99800003e+00
    1.99800003e+00 2. 2. 2.00200009e+00 2.00200009e+00 2.00200009e+00
    2.00200009e+00 2.00399995e+00 2.00500011e+00 2.00799990e+00
    2.00900006e+00 2.00900006e+00 2.00999999e+00 2.01099992e+00
    2.01099992e+00 2.01099992e+00 2.01300001e+00 0. 0. 0. 0. 0. 0. 0. 0.
    0. 0. 0. 0. 0. 0. 0. 1.37699997e+00 1.99199998e+00 1.99300003e+00
    1.99300003e+00 1.99300003e+00 1.99300003e+00 1.99399996e+00
    1.99600005e+00 1.99600005e+00 1.99800003e+00 1.99899995e+00 2.
    2.00200009e+00 2.00200009e+00 2.00200009e+00 2.00200009e+00
    2.00500011e+00 2.00600004e+00 2.00699997e+00 2.00900006e+00
    2.00900006e+00 2.01099992e+00 2.01099992e+00 2.01099992e+00
    2.01300001e+00 0. 0. 0. 0. 0. 0. 0. 0. 0. 0. 0. 0. 0. 0. 0.
    1.37699997e+00 1.99199998e+00 1.99100006e+00 1.99100006e+00
    1.99300003e+00 1.99300003e+00 1.99300003e+00 1.99500000e+00
    1.99600005e+00 1.99800003e+00 2. 2. 2. 2.00099993e+00 2.00200009e+00
    2.00200009e+00 2.00399995e+00 2.00399995e+00 2.00500011e+00
    2.00699997e+00 2.00900006e+00 2.01099992e+00 2.01099992e+00
    2.01099992e+00 2.01099992e+00 0. 0. 0. 0. 0. 0. 0. 0. 0. 0. 0. 0. 0.
    0. 0. 1.21500003e+00 1.99100006e+00 1.99100006e+00 1.99100006e+00
    1.99100006e+00 1.99300003e+00 1.99300003e+00 1.99500000e+00
