<?xml version="1.0"?>
<opencv_storage>
<Depth type_id="opencv-matrix">
  <rows>40</rows>
  <cols>40</cols>
  <dt>f</dt>
  <data>
    0. 0. 0. 0. 0. 0. 0. 0. 0. 0. 0. 0. 0. 0. 2.08800006e+00
    2.08800006e+00 2.08800006e+00 2.08999991e+00 2.08999991e+00
    2.08999991e+00 2.08999991e+00 2.08999991e+00 2.08999991e+00
    2.09100008e+00 2.08999991e+00 1.87199998e+00 0. 0. 0. 0. 0. 0. 0. 0.
    0. 0. 0. 0. 0. 0. 0. 0. 0. 0. 0. 0. 0. 0. 0. 0. 0. 0. 0. 0.
    2.08699989e+00 2.08500004e+00 2.08699989e+00 2.08699989e+00
    2.08899999e+00 2.08899999e+00 2.08999991e+00 2.08800006e+00
    2.08999991e+00 2.08800006e+00 2.08999991e+00 2.06100011e+00 0. 0. 0.
    0. 0. 0. 0. 0. 0. 0. 0. 0. 0. 0. 0. 0. 0. 0. 0. 0. 0. 0. 0. 0. 0. 0.
    0. 0. 2.08899999e+00 2.08400011e+00 2.08699989e+00 2.08599997e+00
    2.08500004e+00 2.08500004e+00 2.08699989e+00 2.08699989e+00
    2.08699989e+00 2.08800006e+00 2.08699989e+00 1.87000000e+00 0. 0. 0.
    0. 0. 0. 0. 0. 0. 0. 0. 0. 0. 0. 0. 0. 0. 0. 0. 0. 0. 0. 0. 0. 0. 0.
    0. 0. 2.09999990e+00 2.10800004e+00 2.10100007e+00 2.10599995e+00
    2.10500002e+00 2.10400009e+00 2.10599995e+00 2.10500002e+00
    2.10700011e+00 2.09500003e+00 2.09699988e+00 1.36800003e+00 0. 0. 0.
    0. 0. 0. 0. 0. 0. 0. 0. 0. 0. 0. 0. 0. 0. 0. 0. 0. 0. 0. 0. 0. 0. 0.
    0. 0. 2.08500004e+00 2.12599993e+00 2.10999990e+00 2.11800003e+00
    2.12899995e+00 2.12700009e+00 2.12800002e+00 2.11999989e+00
    2.11500001e+00 2.13199997e+00 2.12299991e+00 1.36800003e+00 0. 0. 0.
    0. 0. 0. 0. 0. 0. 0. 0. 0. 0. 0. 0. 0. 0. 0. 0. 0. 0. 0. 0. 0. 0. 0.
    0. 0. 2.15300012e+00 2.14400005e+00 2.15700006e+00 2.11199999e+00
    2.15300012e+00 2.15300012e+00 2.15599990e+00 2.11700010e+00
    2.11199999e+00 2.15400004e+00 1.36800003e+00 1.36800003e+00 0. 0. 0.
    0. 0. 0. 0. 0. 0. 0. 0. 0. 0. 0. 0. 0. 0. 0. 0. 0. 0. 0. 0. 0. 0. 0.
    0. 0. 1.70700002e+00 2.02200007e+00 2.01999998e+00 2.01999998e+00
    2.02200007e+00 2.02399993e+00 2.02200007e+00 2.02200007e+00
    2.02300000e+00 2.02200007e+00 2.02500010e+00 1.88900006e+00 0. 0. 0.
    0. 0. 0. 0. 0. 0. 0. 0. 0. 0. 0. 0. 0. 0. 0. 0. 0. 0. 0. 0. 0. 0. 0.
    0. 0. 1.36800003e+00 2.01999998e+00 2.01999998e+00 2.01999998e+00
    2.01999998e+00 2.01999998e+00 2.01999998e+00 2.01999998e+00
    2.02099991e+00 2.01999998e+00 2.02099991e+00 2.01900005e+00 0. 0. 0.
    0. 0. 0. 0. 0. 0. 0. 0. 0. 0. 0. 0. 0. 0. 0. 0. 0. 0. 0. 0. 0. 0. 0.
    0. 0. 1.36800003e+00 2.01900005e+00 2.01799989e+00 2.01900005e+00
    2.01900005e+00 2.01799989e+00 2.01799989e+00 2.01999998e+00
    2.01999998e+00 2.01999998e+00 2.02099991e+00 2.01799989e+00 0. 0. 0.
    0. 0. 0. 0. 0. 0. 0. 0. 0. 0. 0. 0. 0. 0. 0. 0. 0. 0. 0. 0. 0. 0. 0.
    0. 0. 1.36800003e+00 2.01799989e+00 2.01699996e+00 2.01799989e+00
    2.01799989e+00 2.01699996e+00 2.01799989e+00 2.01799989e+00
    2.01799989e+00 2.01600003e+00 2.01699996e+00 2.00600004e+00 0. 0. 0.
    0. 0. 0. 0. 0. 0. 0. 0. 0. 0. 0. 0. 0. 0. 0. 0. 0. 0. 0. 0. 0. 0. 0.
    0. 0. 1.36800003e+00 2.01600003e+00 2.01500010e+00 2.01600003e+00
    2.01600003e+00 2.01600003e+00 2.01600003e+00 2.01600003e+00
    2.01600003e+00 2.01500010e+00 2.01699996e+00 2.01500010e+00 0. 0. 0.
    0. 0. 0. 0. 0. 0. 0. 0. 0. 0. 0. 0. 0. 0. 0. 0. 0. 0. 0. 0. 0. 0. 0.
    0. 0. 1.36800003e+00 2.01500010e+00 2.01399994e+00 2.01399994e+00
    2.01500010e+00 2.01500010e+00 2.01399994e+00 2.01500010e+00
    2.01500010e+00 2.01500010e+00 2.01600003e+00 1.81799996e+00 0. 0. 0.
    0. 0. 0. 0. 0. 0. 0. 0. 0. 0. 0. 0. 0. 0. 0. 0. 0. 0. 0. 0. 0. 0. 0.
    0. 0. 1.36800003e+00 2.01399994e+00 2.01399994e+00 2.01399994e+00
    2.01399994e+00 2.01399994e+00 2.01399994e+00 2.01399994e+00
    2.01399994e+00 2.01399994e+00 2.01399994e+00 2.01200008e+00 0. 0. 0.
    0. 0. 0. 0. 0. 0. 0. 0. 0. 0. 0. 0. 0. 0. 0. 0. 0. 0. 0. 0. 0. 0. 0.
    0. 0. 1.36800003e+00 2.01399994e+00 2.01099992e+00 2.01200008e+00
    2.01200008e+00 2.01099992e+00 2.01200008e+00 2.01200008e+00
    2.01200008e+00 2.01200008e+00 2.01399994e+00 2.01099992e+00 0. 0. 0.
    0. 0. 0. 0. 0. 0. 0. 0. 0. 0. 0. 0. 0. 0. 0. 0. 0. 0. 0. 0. 0. 0. 0.
    0. 0. 1.36800003e+00 2.01200008e+00 2.00999999e+00 2.00999999e+00
    2.00999999e+00 2.00999999e+00 2.00999999e+00 2.01099992e+00
    2.00999999e+00 2.01099992e+00 2.01099992e+00 2.00999999e+00 0. 0. 0.
    0. 0. 0. 0. 0. 0. 0. 0. 0. 0. 0. 0. 0. 0. 0. 0. 0. 0. 0. 0. 0. 0. 0.
    0. 0. 1.36800003e+00 2.00900006e+00 2.00799990e+00 2.00900006e+00
    2.00900006e+00 2.00900006e+00 2.00900006e+00 2.00900006e+00
    2.00900006e+00 2.00900006e+00 2.00999999e+00 2.00900006e+00 0. 0. 0.
    0. 0. 0. 0. 0. 0. 0. 0. 0. 0. 0. 0. 0. 0. 0. 0. 0. 0. 0. 0. 0. 0. 0.
    0. 0. 1.99800003e+00 2.00799990e+00 2.00799990e+00 2.00799990e+00
    2.00799990e+00 2.00799990e+00 2.00799990e+00 2.00799990e+00
    2.00799990e+00 2.00900006e+00 2.00900006e+00 2.00699997e+00 0. 0. 0.
    0. 0. 0. 0. 0. 0. 0. 0. 0. 0. 0. 0. 0. 0. 0. 0. 0. 0. 0. 0. 0. 0. 0.
    0. 0. 1.36800003e+00 2.00500011e+00 2.00500011e+00 2.00600004e+00
    2.00500011e+00 2.00500011e+00 2.00600004e+00 2.00500011e+00
    2.00600004e+00 2.00600004e+00 2.00600004e+00 2.00600004e+00 0. 0. 0.
    0. 0. 0. 0. 0. 0. 0. 0. 0. 0. 0. 0. 0. 0. 0. 0. 0. 0. 0. 0. 0. 0. 0.
    0. 0. 1.36800003e+00 2.00600004e+00 2.00399995e+00 2.00399995e+00
    2.00399995e+00 2.00500011e+00 2.00399995e+00 2.00399995e+00
    2.00500011e+00 2.00500011e+00 2.00500011e+00 2.00500011e+00 0. 0. 0.
    0. 0. 0. 0. 0. 0. 0. 0. 0. 0. 0. 0. 0. 0. 0. 0. 0. 0. 0. 0. 0. 0. 0.
    0. 0. 1.36800003e+00 2.00399995e+00 2.00300002e+00 2.00399995e+00
    2.00300002e+00 2.00300002e+00 2.00300002e+00 2.00300002e+00
    2.00399995e+00 2.00399995e+00 2.00399995e+00 2.00500011e+00 0. 0. 0.
    0. 0. 0. 0. 0. 0. 0. 0. 0. 0. 0. 0. 0. 0. 0. 0. 0. 0. 0. 0. 0. 0. 0.
    0. 0. 1.36800003e+00 2.00300002e+00 2.00099993e+00 2. 2.00099993e+00
    1.99899995e+00 2. 2.00200009e+00 2.00200009e+00 2.00200009e+00
    2.00300002e+00 2.00200009e+00 0. 0. 0. 0. 0. 0. 0. 0. 0. 0. 0. 0. 0.
    0. 0. 0. 0. 0. 0. 0. 0. 0. 0. 0. 0. 0. 0. 0. 1.36800003e+00 2.
    1.99899995e+00 1.99899995e+00 1.99899995e+00 2. 2. 1.99899995e+00
    2.00200009e+00 2. 2. 2.00099993e+00 0. 0. 0. 0. 0. 0. 0. 0. 0. 0. 0.
    0. 0. 0. 0. 0. 0. 0. 0. 0. 0. 0. 0. 0. 0. 0. 0. 0. 1.36800003e+00
    1.98000002e+00 1.99800003e+00 1.99899995e+00 1.99899995e+00
    1.99899995e+00 1.99800003e+00 1.99800003e+00 1.99899995e+00
    1.99899995e+00 2. 1.99899995e+00 0. 0. 0. 0. 0. 0. 0. 0. 0. 0. 0. 0.
    0. 0. 0. 0. 0. 0. 0. 0. 0. 0. 0. 0. 0. 0. 0. 0. 1.36800003e+00
    1.99800003e+00 1.99600005e+00 1.99699998e+00 1.99699998e+00
    1.99699998e+00 1.99600005e+00 1.99699998e+00 1.99699998e+00
    1.99800003e+00 1.99800003e+00 1.99800003e+00 0. 0. 0. 0. 0. 0. 0. 0.
    0. 0. 0. 0. 0. 0. 0. 0. 0. 0. 0. 0. 0. 0. 0. 0. 0. 0. 0. 0.
    1.36800003e+00 1.99800003e+00 1.99600005e+00 1.99600005e+00
    1.99600005e+00 1.99600005e+00 1.99600005e+00 1.99600005e+00
    1.99600005e+00 1.99600005e+00 1.99699998e+00 1.99699998e+00 0. 0. 0.
    0. 0. 0. 0. 0. 0. 0. 0. 0. 0. 0. 0. 0. 0. 0. 0. 0. 0. 0. 0. 0. 0. 0.
    0. 0. 1.36800003e+00 1.99600005e+00 1.99300003e+00 1.99500000e+00
    1.99300003e+00 1.99500000e+00 1.99500000e+00 1.99500000e+00
    1.99500000e+00 1.99500000e+00 1.99500000e+00 1.99600005e+00 0. 0. 0.
    0. 0. 0. 0. 0. 0. 0. 0. 0. 0. 0. 0. 0. 0. 0. 0. 0. 0. 0. 0. 0. 0. 0.
    0. 0. 1.36800003e+00 1.36800003e+00 1.99300003e+00 1.99300003e+00
    1.99300003e+00 1.99500000e+00 1.99199998e+00 1.99399996e+00
    1.99300003e+00 1.99300003e+00 1.99500000e+00 1.99500000e+00 0. 0. 0.
    0. 0. 0. 0. 0. 0. 0. 0. 0. 0. 0. 0. 0. 0. 0. 0. 0. 0. 0. 0. 0. 0. 0.
    0. 0. 1.36800003e+00 1.36800003e+00 1.99199998e+00 1.99199998e+00
    1.99199998e+00 1.99300003e+00 1.99199998e+00 1.99199998e+00
    1.99199998e+00 1.99199998e+00 1.99199998e+00 1.99399996e+00 0. 0. 0.
    0. 0. 0. 0. 0. 0. 0. 0. 0. 0. 0. 0. 0. 0. 0. 0. 0. 0. 0. 0. 0. 0. 0.
    0. 0. 1.36800003e+00 1.36800003e+00 1.99100006e+00 1.99000001e+00
