<?xml version="1.0"?>
<opencv_storage>
<Depth type_id="opencv-matrix">
  <rows>40</rows>
  <cols>40</cols>
  <dt>f</dt>
  <data>
    0. 0. 0. 0. 0. 0. 0. 0. 0. 0. 0. 2. 2. 2. 2. 2. 2. 2. 2.
    2.05500007e+00 2.12100005e+00 2.18700004e+00 2.20099998e+00
    2.20099998e+00 2.20099998e+00 0. 0. 0. 0. 0. 0. 0. 0. 0. 0. 0. 0. 0.
    0. 0. 0. 0. 0. 0. 0. 0. 0. 0. 0. 0. 0. 1.94700003e+00 1.94700003e+00
    1.94700003e+00 1.94700003e+00 1.94700003e+00 1.96300006e+00
    1.98000002e+00 1.99699998e+00 2.03999996e+00 2.08800006e+00
    2.13499999e+00 2.14599991e+00 2.14599991e+00 2.14599991e+00 0. 0. 0.
    0. 0. 0. 0. 0. 0. 0. 0. 0. 0. 0. 0. 0. 0. 0. 0. 0. 0. 0. 0. 0. 0. 0.
    1.88399994e+00 1.88399994e+00 1.88399994e+00 1.88399994e+00
    1.88399994e+00 1.91799998e+00 1.95599997e+00 1.99399996e+00
    2.02200007e+00 2.04800010e+00 2.07399988e+00 2.07999992e+00
    2.07999992e+00 2.07999992e+00 0. 0. 0. 0. 0. 0. 0. 0. 0. 0. 0. 0. 0.
    0. 0. 0. 0. 0. 0. 0. 0. 0. 0. 0. 0. 0. 1.82099998e+00 1.82099998e+00
    1.82099998e+00 1.82099998e+00 1.82099998e+00 1.87399995e+00
    1.93200004e+00 1.99100006e+00 2.00399995e+00 2.00900006e+00
    2.01300001e+00 2.01399994e+00 2.01399994e+00 2.01399994e+00 0. 0. 0.
    0. 0. 0. 0. 0. 0. 0. 0. 0. 0. 0. 0. 0. 0. 0. 0. 0. 0. 0. 0. 0. 0. 0.
    1.80700004e+00 1.80700004e+00 1.80700004e+00 1.80700004e+00
    1.80700004e+00 1.86399996e+00 1.92700005e+00 1.99000001e+00 2. 2. 2.
    2. 2. 2. 0. 0. 0. 0. 0. 0. 0. 0. 0. 0. 0. 0. 0. 0. 0. 0. 0. 0. 0. 0.
    0. 0. 0. 0. 0. 0. 1.80700004e+00 1.80700004e+00 1.80700004e+00
    1.80700004e+00 1.80700004e+00 1.86399996e+00 1.92700005e+00
    1.99000001e+00 2. 2. 2. 2. 2. 2. 0. 0. 0. 0. 0. 0. 0. 0. 0. 0. 0. 0.
    0. 0. 0. 0. 0. 0. 0. 0. 0. 0. 0. 0. 0. 0. 1.80700004e+00
    1.80700004e+00 1.80700004e+00 1.80700004e+00 1.80700004e+00
    1.86399996e+00 1.92700005e+00 1.99000001e+00 2. 2. 2. 2. 2. 2. 0. 0.
    0. 0. 0. 0. 0. 0. 0. 0. 0. 0. 0. 0. 0. 0. 0. 0. 0. 0. 0. 0. 0. 0. 0.
    0. 1.85200000e+00 1.85200000e+00 1.85200000e+00 1.85200000e+00
    1.85200000e+00 1.89600003e+00 1.94400001e+00 1.99300003e+00 2. 2. 2.
    2. 2. 2. 0. 0. 0. 0. 0. 0. 0. 0. 0. 0. 0. 0. 0. 0. 0. 0. 0. 0. 0. 0.
    0. 0. 0. 0. 0. 0. 1.91600001e+00 1.91600001e+00 1.91600001e+00
    1.91600001e+00 1.91600001e+00 1.94099998e+00 1.96800005e+00
    1.99600005e+00 2. 2. 2. 2. 2. 2. 0. 0. 0. 0. 0. 0. 0. 0. 0. 0. 0. 0.
    0. 0. 0. 0. 0. 0. 0. 0. 0. 0. 0. 0. 0. 0. 1.97899997e+00
    1.97899997e+00 1.97899997e+00 1.97899997e+00 1.97899997e+00
    1.98500001e+00 1.99199998e+00 1.99899995e+00 2. 2. 2. 2. 2. 2. 0. 0.
    0. 0. 0. 0. 0. 0. 0. 0. 0. 0. 0. 0. 0. 0. 0. 0. 0. 0. 0. 0. 0. 0. 0.
    0. 2.04299998e+00 2.04299998e+00 2.02999997e+00 2.01500010e+00
    2.00099993e+00 2. 2. 2. 2. 2. 2. 2. 2. 2. 0. 0. 0. 0. 0. 0. 0. 0. 0.
    0. 0. 0. 0. 0. 0. 0. 0. 0. 0. 0. 0. 0. 0. 0. 0. 0. 2.10899997e+00
    2.10899997e+00 2.07399988e+00 2.03900003e+00 2.00300002e+00 2. 2. 2.
    2. 2. 2. 2. 2. 2. 0. 0. 0. 0. 0. 0. 0. 0. 0. 0. 0. 0. 0. 0. 0. 0. 0.
    0. 0. 0. 0. 0. 0. 0. 0. 0. 2.17499995e+00 2.17499995e+00
    2.11899996e+00 2.06200004e+00 2.00500011e+00 2. 2. 2. 2. 2. 2. 2. 2.
    2. 0. 0. 0. 0. 0. 0. 0. 0. 0. 0. 0. 0. 0. 0. 0. 0. 0. 0. 0. 0. 0. 0.
    0. 0. 0. 0. 2.20099998e+00 2.20099998e+00 2.13700008e+00
    2.07200003e+00 2.00600004e+00 2. 2. 2. 2. 2. 2. 2. 2. 2. 0. 0. 0. 0.
    0. 0. 0. 0. 0. 0. 0. 0. 0. 0. 0. 0. 0. 0. 0. 0. 0. 0. 0. 0. 0. 0.
    2.20099998e+00 2.20099998e+00 2.13700008e+00 2.07200003e+00
    2.00600004e+00 2. 2. 2. 2. 2. 2. 2. 2. 2. 0. 0. 0. 0. 0. 0. 0. 0. 0.
    0. 0. 0. 0. 0. 0. 0. 0. 0. 0. 0. 0. 0. 0. 0. 0. 0. 2.20099998e+00
    2.20099998e+00 2.13700008e+00 2.07200003e+00 2.00600004e+00 2. 2. 2.
    2. 2. 2. 2. 2. 2. 0. 0. 0. 0. 0. 0. 0. 0. 0. 0. 0. 0. 0. 0. 0. 0. 0.
    0. 0. 0. 0. 0. 0. 0. 0. 0. 2.20099998e+00 2.20099998e+00
    2.14899993e+00 2.09400010e+00 2.03999996e+00 2.03500009e+00
    2.03500009e+00 2.03500009e+00 2.03500009e+00 2.03500009e+00
    2.03500009e+00 2.03500009e+00 2.03500009e+00 2.03500009e+00 0. 0. 0.
    0. 0. 0. 0. 0. 0. 0. 0. 0. 0. 0. 0. 0. 0. 0. 0. 0. 0. 0. 0. 0. 0. 0.
    2.20099998e+00 2.20099998e+00 2.16899991e+00 2.13700008e+00
    2.10400009e+00 2.10100007e+00 2.10100007e+00 2.10100007e+00
    2.10100007e+00 2.10100007e+00 2.10100007e+00 2.10100007e+00
    2.10100007e+00 2.10100007e+00 0. 0. 0. 0. 0. 0. 0. 0. 0. 0. 0. 0. 0.
    0. 0. 0. 0. 0. 0. 0. 0. 0. 0. 0. 0. 0. 2.20099998e+00 2.20099998e+00
    2.19000006e+00 2.17899990e+00 2.16799998e+00 2.16599989e+00
    2.16599989e+00 2.16599989e+00 2.16599989e+00 2.16599989e+00
    2.16599989e+00 2.16599989e+00 2.16599989e+00 2.16599989e+00 0. 0. 0.
    0. 0. 0. 0. 0. 0. 0. 0. 0. 0. 0. 0. 0. 0. 0. 0. 0. 0. 0. 0. 0. 0. 0.
    2.26799989e+00 2.26799989e+00 2.24699998e+00 2.22499990e+00
    2.20300007e+00 2.20099998e+00 2.20099998e+00 2.20099998e+00
    2.19199991e+00 2.18199992e+00 2.17199993e+00 2.17000008e+00
    2.17000008e+00 2.17000008e+00 0. 0. 0. 0. 0. 0. 0. 0. 0. 0. 0. 0. 0.
    0. 0. 0. 0. 0. 0. 0. 0. 0. 0. 0. 0. 0. 2.41100001e+00 2.41100001e+00
    2.34400010e+00 2.27600002e+00 2.20700002e+00 2.20099998e+00
    2.20099998e+00 2.20099998e+00 2.17400002e+00 2.14299989e+00
    2.11100006e+00 2.10400009e+00 2.10400009e+00 2.10400009e+00 0. 0. 0.
    0. 0. 0. 0. 0. 0. 0. 0. 0. 0. 0. 0. 0. 0. 0. 0. 0. 0. 0. 0. 0. 0. 0.
    2.55299997e+00 2.55299997e+00 2.44199991e+00 2.32699990e+00
    2.21199989e+00 2.20099998e+00 2.20099998e+00 2.20099998e+00
    2.15599990e+00 2.10299993e+00 2.04999995e+00 2.03900003e+00
    2.03900003e+00 2.03900003e+00 0. 0. 0. 0. 0. 0. 0. 0. 0. 0. 0. 0. 0.
    0. 0. 0. 0. 0. 0. 0. 0. 0. 0. 0. 0. 0. 2.63700008e+00 2.63700008e+00
    2.49900007e+00 2.35700011e+00 2.21399999e+00 2.19300008e+00
    2.18400002e+00 2.17499995e+00 2.12599993e+00 2.06900001e+00
    2.01200008e+00 2. 2. 2. 0. 0. 0. 0. 0. 0. 0. 0. 0. 0. 0. 0. 0. 0. 0.
    0. 0. 0. 0. 0. 0. 0. 0. 0. 0. 0. 2.63700008e+00 2.63700008e+00
    2.49900007e+00 2.35700011e+00 2.21399999e+00 2.17400002e+00
    2.14299989e+00 2.11299992e+00 2.07800007e+00 2.04299998e+00
    2.00799990e+00 2. 2. 2. 0. 0. 0. 0. 0. 0. 0. 0. 0. 0. 0. 0. 0. 0. 0.
    0. 0. 0. 0. 0. 0. 0. 0. 0. 0. 0. 2.63700008e+00 2.63700008e+00
    2.49900007e+00 2.35700011e+00 2.21399999e+00 2.15400004e+00
    2.10200000e+00 2.05100012e+00 2.03099990e+00 2.01699996e+00
    2.00300002e+00 2. 2. 2. 1.58899999e+00 1.01999998e+00 0. 0. 0. 0. 0.
    0. 0. 0. 0. 0. 0. 0. 0. 0. 0. 0. 0. 0. 0. 0. 0. 0. 0. 0.
    2.63700008e+00 2.63700008e+00 2.49900007e+00 2.35700011e+00
    2.21399999e+00 2.14100003e+00 2.07599998e+00 2.00999999e+00 2. 2. 2.
    2. 2. 2. 2. 2. 2. 2. 0. 0. 0. 0. 0. 0. 0. 0. 0. 0. 0. 0. 0. 0. 0. 0.
    0. 0. 0. 0. 0. 0. 2.63700008e+00 2.63700008e+00 2.49900007e+00
    2.35700011e+00 2.21399999e+00 2.14100003e+00 2.07599998e+00
    2.00999999e+00 2. 2. 2. 2. 2. 2. 2. 2. 2. 2. 0. 0. 0. 0. 0. 0. 0. 0.
    0. 0. 0. 0. 0. 0. 0. 0. 0. 0. 0. 0. 0. 0. 2.63700008e+00
    2.63700008e+00 2.49900007e+00 2.35700011e+00 2.21399999e+00
    2.14100003e+00 2.07599998e+00 2.00999999e+00 2. 2. 2. 2. 2. 2. 2. 2.
    2. 2. 0. 0. 0. 0. 0. 0. 0. 0. 0. 0. 0. 0. 0. 0. 0. 0. 0. 0. 0. 0. 0.
    0. 2.61599994e+00 2.61599994e+00 2.48499990e+00 2.34899998e+00
    2.21399999e+00 2.14100003e+00 2.07599998e+00 2.00999999e+00 2. 2. 2.
    2. 2. 2. 2. 2. 2. 2. 0. 0. 0. 0. 0. 0. 0. 0. 0. 0. 0. 0. 0. 0. 0. 0.
    0. 0. 0. 0. 0. 0. 2.54299998e+00 2.54299998e+00 2.43499994e+00
    2.32299995e+00 2.21099997e+00 2.14100003e+00 2.07599998e+00
    2.00999999e+00 2. 2. 2. 2. 2. 2. 2. 2. 2. 2. 0. 0. 0. 0. 0. 0. 0. 0.
    0. 0. 0. 0. 0. 0. 0. 0. 0. 0. 0. 0. 0. 0. 2.47000003e+00
    2.47000003e+00 2.38499999e+00 2.29699993e+00 2.20900011e+00
    2.14100003e+00 2.07599998e+00 2.00999999e+00 2. 2. 2. 2. 2. 2. 2. 2.
    2. 2. 0. 0. 0. 0. 0. 0. 0. 0. 0. 0. 0. 0. 0. 0. 0. 0. 0. 0. 0. 0. 0.
    0. 2.41400003e+00 2.41400003e+00 2.34699988e+00 2.27699995e+00
    2.20700002e+00 2.14100003e+00 2.07599998e+00 2.00999999e+00 2. 2. 2.
