<?xml version="1.0"?>
<opencv_storage>
<Depth type_id="opencv-matrix">
  <rows>40</rows>
  <cols>40</cols>
  <dt>f</dt>
  <data>
    0. 0. 0. 0. 0. 0. 0. 0. 0. 0. 0. 0. 0. 2.01399994e+00 2.00099993e+00
    1.99699998e+00 2.00099993e+00 2.00300002e+00 2. 2.00099993e+00
    2.00600004e+00 2.00600004e+00 2.00600004e+00 2. 2. 1.01499999e+00 0.
    0. 0. 0. 0. 0. 0. 0. 0. 0. 0. 0. 0. 0. 0. 0. 0. 0. 0. 0. 0. 0. 0. 0.
    0. 0. 0. 2.41599989e+00 2.00399995e+00 2. 2. 2. 2. 2.00099993e+00 2.
    2. 2.00099993e+00 2. 2. 1.37800002e+00 0. 0. 0. 0. 0. 0. 0. 0. 0. 0.
    0. 0. 0. 0. 0. 0. 0. 0. 0. 0. 0. 0. 0. 0. 0. 0. 0. 2.83299994e+00
    2.00600004e+00 2. 2. 2. 2. 2. 2. 2. 2. 2. 1.99800003e+00
    1.37600005e+00 0. 0. 0. 0. 0. 0. 0. 0. 0. 0. 0. 0. 0. 0. 0. 0. 0. 0.
    0. 0. 0. 0. 0. 0. 0. 0. 0. 2.43499994e+00 2.00300002e+00
    1.99800003e+00 1.99699998e+00 2. 2. 2. 2. 2. 2.00099993e+00
    2.00200009e+00 1.99899995e+00 1.99699998e+00 0. 0. 0. 0. 0. 0. 0. 0.
    0. 0. 0. 0. 0. 0. 0. 0. 0. 0. 0. 0. 0. 0. 0. 0. 0. 0. 0.
    2.41599989e+00 2.00300002e+00 2. 2. 2. 2. 1.99899995e+00
    1.99899995e+00 2. 2.00099993e+00 2.00300002e+00 2. 2.37899995e+00 0.
    0. 0. 0. 0. 0. 0. 0. 0. 0. 0. 0. 0. 0. 0. 0. 0. 0. 0. 0. 0. 0. 0. 0.
    0. 0. 0. 2.84500003e+00 2.00300002e+00 2. 2. 2. 2. 1.99899995e+00
    1.99899995e+00 2. 2. 2. 2. 2. 0. 0. 0. 0. 0. 0. 0. 0. 0. 0. 0. 0. 0.
    0. 0. 0. 0. 0. 0. 0. 0. 0. 0. 0. 0. 0. 0. 2.00200009e+00
    2.00200009e+00 2. 2. 2. 2. 2. 2. 2. 2. 2. 2. 2. 0. 0. 0. 0. 0. 0. 0.
    0. 0. 0. 0. 0. 0. 0. 0. 0. 0. 0. 0. 0. 0. 0. 0. 0. 0. 0. 0. 2. 2. 2.
    2. 2. 2. 2. 2. 2. 2. 2.00099993e+00 2.00200009e+00 2. 0. 0. 0. 0. 0.
    0. 0. 0. 0. 0. 0. 0. 0. 0. 0. 0. 0. 0. 0. 0. 0. 0. 0. 0. 0. 0. 0.
    2.00300002e+00 2. 1.99899995e+00 1.99500000e+00 2. 2. 2.
    2.00300002e+00 2. 2. 2. 2. 2. 0. 0. 0. 0. 0. 0. 0. 0. 0. 0. 0. 0. 0.
    0. 0. 0. 0. 0. 0. 0. 0. 0. 0. 0. 0. 0. 0. 2.00900006e+00
    1.99500000e+00 1.99800003e+00 1.99600005e+00 2. 2. 2. 2. 2. 2. 2. 2.
    2. 0. 0. 0. 0. 0. 0. 0. 0. 0. 0. 0. 0. 0. 0. 0. 0. 0. 0. 0. 0. 0. 0.
    0. 0. 0. 0. 0. 2.00600004e+00 2. 2. 2.00300002e+00 2.00200009e+00 2.
    2. 2. 2. 2. 2. 2. 2. 0. 0. 0. 0. 0. 0. 0. 0. 0. 0. 0. 0. 0. 0. 0. 0.
    0. 0. 0. 0. 0. 0. 0. 0. 0. 0. 0. 2.00300002e+00 2.00200009e+00 2. 2.
    2. 2. 2. 2. 2. 2. 2.00099993e+00 2. 2. 0. 0. 0. 0. 0. 0. 0. 0. 0. 0.
    0. 0. 0. 0. 0. 0. 0. 0. 0. 0. 0. 0. 0. 0. 0. 0. 0. 1.99500000e+00
    1.99699998e+00 2. 2. 2. 2. 2. 2. 2. 2. 2.00300002e+00 2.00300002e+00
    2. 0. 0. 0. 0. 0. 0. 0. 0. 0. 0. 0. 0. 0. 0. 0. 0. 0. 0. 0. 0. 0. 0.
    0. 0. 0. 0. 0. 1.99500000e+00 1.99699998e+00 2. 2. 2. 2. 2. 2. 2. 2.
    2. 1.99800003e+00 1.99500000e+00 0. 0. 0. 0. 0. 0. 0. 0. 0. 0. 0. 0.
    0. 0. 0. 0. 0. 0. 0. 0. 0. 0. 0. 0. 0. 0. 0. 1.99500000e+00
    1.99699998e+00 2. 2. 2. 2. 2.00300002e+00 2. 2. 2. 2. 1.99000001e+00
    1.97899997e+00 0. 0. 0. 0. 0. 0. 0. 0. 0. 0. 0. 0. 0. 0. 0. 0. 0. 0.
    0. 0. 0. 0. 0. 0. 0. 0. 0. 1.32200003e+00 1.99199998e+00
    1.99699998e+00 2. 2. 2. 2.00600004e+00 2.00099993e+00 2. 2. 2.
    1.99000001e+00 1.97899997e+00 0. 0. 0. 0. 0. 0. 0. 0. 0. 0. 0. 0. 0.
    0. 0. 0. 0. 0. 0. 0. 0. 0. 0. 0. 0. 0. 0. 1.62300003e+00 2. 2. 2. 2.
    2. 2. 2. 2. 2. 2. 1.99600005e+00 1.99199998e+00 0. 0. 0. 0. 0. 0. 0.
    0. 0. 0. 0. 0. 0. 0. 0. 0. 0. 0. 0. 0. 0. 0. 0. 0. 0. 0. 0.
    1.69200003e+00 2. 2. 2. 2. 2. 2. 2. 2. 2. 2. 2. 1.72300005e+00 0. 0.
    0. 0. 0. 0. 0. 0. 0. 0. 0. 0. 0. 0. 0. 0. 0. 0. 0. 0. 0. 0. 0. 0. 0.
    0. 0. 1.32700002e+00 1.99800003e+00 2. 2. 2. 2. 2. 2. 2. 2. 2. 2.
    1.75300002e+00 0. 0. 0. 0. 0. 0. 0. 0. 0. 0. 0. 0. 0. 0. 0. 0. 0. 0.
    0. 0. 0. 0. 0. 0. 0. 0. 0. 1.32900000e+00 1.99699998e+00 2. 2. 2. 2.
    2. 2. 2. 2. 2. 2.00099993e+00 1.90999997e+00 0. 0. 0. 0. 0. 0. 0. 0.
    0. 0. 0. 0. 0. 0. 0. 0. 0. 0. 0. 0. 0. 0. 0. 0. 0. 0. 0.
    2.01799989e+00 2.00099993e+00 2. 2. 2. 2. 2. 2. 2. 2. 2.
    2.00600004e+00 2.13199997e+00 0. 0. 0. 0. 0. 0. 0. 0. 0. 0. 0. 0. 0.
    0. 0. 0. 0. 0. 0. 0. 0. 0. 0. 0. 0. 0. 0. 2. 2. 2. 2. 2. 2. 2. 2. 2.
    2. 2. 2. 1.37800002e+00 0. 0. 0. 0. 0. 0. 0. 0. 0. 0. 0. 0. 0. 0. 0.
    0. 0. 0. 0. 0. 0. 0. 0. 0. 0. 0. 0. 1.32400000e+00 1.99500000e+00 2.
    1.99800003e+00 1.99899995e+00 2. 2. 2. 2. 2. 2. 1.99800003e+00
    1.06799996e+00 0. 0. 0. 0. 0. 0. 0. 0. 0. 0. 0. 0. 0. 0. 0. 0. 0. 0.
    0. 0. 0. 0. 0. 0. 0. 0. 0. 1.32500005e+00 1.99899995e+00 2.
    1.99500000e+00 1.99899995e+00 2. 2. 2. 2. 2. 2. 1.99500000e+00
    1.37600005e+00 0. 0. 0. 0. 0. 0. 0. 0. 0. 0. 0. 0. 0. 0. 0. 0. 0. 0.
    0. 0. 0. 0. 0. 0. 0. 0. 0. 1.32500005e+00 1.99899995e+00 2. 2. 2. 2.
    2. 2. 2. 2. 2. 1.99699998e+00 1.63999999e+00 0. 0. 0. 0. 0. 0. 0. 0.
    0. 0. 0. 0. 0. 0. 0. 0. 0. 0. 0. 0. 0. 0. 0. 0. 0. 0. 0.
    1.32500005e+00 1.99699998e+00 1.99899995e+00 2. 2. 2. 2. 2. 2. 2. 2.
    2. 2. 0. 0. 0. 0. 0. 0. 0. 0. 0. 0. 0. 0. 0. 0. 0. 0. 0. 0. 0. 0. 0.
    0. 0. 0. 0. 0. 0. 1.32700002e+00 1.99899995e+00 1.99899995e+00 2. 2.
    2. 2. 2. 2. 2. 2. 2. 2.77099991e+00 0. 0. 0. 0. 0. 0. 0. 0. 0. 0. 0.
    0. 0. 0. 0. 0. 0. 0. 0. 0. 0. 0. 0. 0. 0. 0. 0. 1.32900000e+00
    2.00300002e+00 2. 2. 2. 2. 2. 2. 2. 2. 2. 2. 2.77099991e+00 0. 0. 0.
    0. 0. 0. 0. 0. 0. 0. 0. 0. 0. 0. 0. 0. 0. 0. 0. 0. 0. 0. 0. 0. 0. 0.
    0. 2.00600004e+00 2.00200009e+00 2. 2. 2. 2. 2. 2. 1.99800003e+00
    1.99500000e+00 2. 2. 2.78399992e+00 0. 0. 0. 0. 0. 0. 0. 0. 0. 0. 0.
    0. 0. 0. 0. 0. 0. 0. 0. 0. 0. 0. 0. 0. 0. 0. 0. 2.00300002e+00 2.
    1.99899995e+00 1.99800003e+00 2. 2. 2. 2. 2. 2. 1.99800003e+00
    1.99600005e+00 0. 0. 0. 0. 0. 0. 0. 0. 0. 0. 0. 0. 0. 0. 0. 0. 0. 0.
    0. 0. 0. 0. 0. 0. 0. 0. 0. 0. 2.00300002e+00 2. 1.99800003e+00
    1.99500000e+00 1.99800003e+00 1.99899995e+00 2. 2. 2. 2.
    1.99800003e+00 1.99300003e+00 0. 0. 0. 0. 0. 0. 0. 0. 0. 0. 0. 0. 0.
    0. 0. 0. 0. 0. 0. 0. 0. 0. 0. 0. 0. 0. 0. 0. 2. 2. 2. 2.
    1.99699998e+00 1.99800003e+00 2. 2. 2. 2. 1.99899995e+00
    1.99199998e+00 2.72700000e+00 0. 0. 0. 0. 0. 0. 0. 0. 0. 0. 0. 0. 0.
    0. 0. 0. 0. 0. 0. 0. 0. 0. 0. 0. 0. 0. 0. 2. 1.99800003e+00
    1.99899995e+00 2. 2. 2. 2. 2. 2. 2. 2. 1.99699998e+00 2.71799994e+00
    0. 0. 0. 0. 0. 0. 0. 0. 0. 0. 0. 0. 0. 0. 0. 0. 0. 0. 0. 0. 0. 0. 0.
    0. 0. 0. 0. 1.99500000e+00 1.99500000e+00 1.99500000e+00
    1.99600005e+00 1.99899995e+00 2. 2. 2. 2. 2. 2. 2.00300002e+00
    2.68899989e+00 0. 0. 0. 0. 0. 0. 0. 0. 0. 0. 0. 0. 0. 0. 0. 0. 0. 0.
    0. 0. 0. 0. 0. 0. 0. 0. 0. 1.73599994e+00 2.00099993e+00 2.
    1.99500000e+00 1.99699998e+00 1.99899995e+00 1.99899995e+00 2. 2. 2.
    2. 2.00200009e+00 2.90100002e+00 0. 0. 0. 0. 0. 0. 0. 0. 0. 0. 0. 0.
    0. 0. 0. 0. 0. 0. 0. 0. 0. 0. 0. 0. 0. 0. 0. 0. 1.70500004e+00
    2.10800004e+00 2.02500010e+00 1.99800003e+00 2.05599999e+00
    2.05599999e+00 2.05999994e+00 2.04800010e+00 2.03999996e+00
    2.05100012e+00 2.10100007e+00 2.47300005e+00 0. 0. 0. 0. 0. 0. 0. 0.
    0. 0. 0. 0. 0. 0. 0. 0. 0. 0. 0. 0. 0. 0. 0. 0. 0. 0. 0. 0.
    2.12299991e+00 2.12500000e+00 2.11999989e+00 2.11899996e+00
    2.12899995e+00 2.13299990e+00 2.13599992e+00 2.11899996e+00
    2.09899998e+00 2.11500001e+00 2.14000010e+00 2.14000010e+00 0. 0. 0.
    0. 0. 0. 0. 0. 0. 0. 0. 0. 0. 0. 0. 0. 0. 0. 0. 0. 0. 0. 0. 0. 0. 0.
    0. 2.09599996e+00 2.09400010e+00 2.09699988e+00 2.09599996e+00
    2.08800006e+00 2.10400009e+00 2.10500002e+00 2.10500002e+00
    2.10400009e+00 2.09599996e+00 2.09899998e+00 2.10599995e+00
    2.10200000e+00 0. 0. 0. 0. 0. 0. 0. 0. 0. 0. 0. 0. 0. 0. 0. 0. 0. 0.
    0. 0. 0. 0. 0. 0. 0. 0. 0. 2.09599996e+00 2.06900001e+00
    2.06500006e+00 2.06699991e+00 2.06999993e+00 2.07399988e+00
    2.07699990e+00 2.07599998e+00 2.06999993e+00 2.06699991e+00
    2.07500005e+00 2.07599998e+00 2.07399988e+00 0. 0. 0. 0. 0. 0. 0. 0.
    0. 0. 0. 0. 0. 0. 0. 0. 0. 0. 0. 0. 0. 0. 0. 0. 0. 0. 0.
    1.62100005e+00 2.05299997e+00 2.05299997e+00 2.05599999e+00
    2.05900002e+00 2.05299997e+00 2.05299997e+00 2.05399990e+00
