<?xml version="1.0"?>
<opencv_storage>
<Depth type_id="opencv-matrix">
  <rows>40</rows>
  <cols>40</cols>
  <dt>f</dt>
  <data>
    0. 0. 0. 0. 0. 0. 0. 0. 0. 0. 0. 0. 0. 0. 0. 0. 0. 0. 0. 0. 0. 0. 0.
    0. 0. 0. 0. 0. 0. 0. 0. 0. 0. 0. 0. 0. 0. 0. 0. 0. 0. 0. 0. 0. 0. 0.
    0. 0. 0. 0. 0. 0. 0. 0. 0. 0. 0. 0. 0. 0. 0. 0. 0. 0. 0. 0. 0. 0. 0.
    0. 0. 0. 0. 0. 0. 0. 0. 0. 0. 0. 0. 0. 0. 0. 0. 0. 0. 0. 0. 0. 0. 0.
    0. 0. 0. 0. 0. 0. 0. 0. 0. 0. 0. 0. 0. 0. 0. 0. 0. 0. 0. 0. 0. 0. 0.
    0. 0. 0. 0. 0. 0. 0. 0. 0. 0. 0. 0. 0. 0. 0. 0. 0. 0. 0. 0. 0. 0. 0.
    0. 0. 0. 0. 0. 0. 0. 0. 0. 0. 0. 0. 0. 0. 0. 0. 0. 0. 0. 0. 0. 0. 0.
    0. 0. 0. 0. 0. 0. 0. 0. 0. 0. 0. 0. 0. 0. 0. 0. 0. 0. 0. 0. 0. 0. 0.
    0. 0. 0. 0. 0. 0. 0. 0. 0. 0. 0. 0. 0. 0. 0. 0. 0. 0. 0. 0. 0. 0. 0.
    0. 0. 0. 0. 0. 0. 0. 0. 0. 0. 0. 0. 0. 0. 0. 0. 0. 0. 0. 0. 0. 0. 0.
    0. 0. 0. 0. 0. 0. 0. 0. 0. 0. 0. 0. 0. 0. 0. 0. 0. 0. 0. 0. 0. 0. 0.
    0. 0. 0. 0. 0. 0. 0. 0. 0. 0. 0. 0. 0. 0. 0. 0. 0. 0. 0. 0. 0. 0. 0.
    0. 0. 0. 0. 0. 0. 0. 0. 0. 0. 0. 0. 0. 0. 0. 0. 0. 0. 0. 0. 0. 0. 0.
    0. 0. 0. 0. 0. 0. 0. 0. 0. 0. 0. 0. 0. 0. 0. 0. 0. 0. 0. 0. 0. 0. 0.
    0. 0. 0. 0. 0. 0. 0. 0. 0. 0. 0. 0. 0. 0. 0. 0. 0. 0. 0. 0. 0. 0. 0.
    0. 0. 0. 0. 0. 0. 0. 0. 0. 0. 0. 0. 0. 0. 0. 0. 0. 0. 0. 0.
    2.19300008e+00 2.19300008e+00 2.19300008e+00 2.19300008e+00
    2.19300008e+00 2.19300008e+00 2.19300008e+00 2.19300008e+00
    2.19300008e+00 2.19300008e+00 2.19300008e+00 2.19300008e+00
    2.19300008e+00 2.19000006e+00 2.12599993e+00 2.06100011e+00
    1.99699998e+00 1.93499994e+00 1.87399995e+00 1.81599998e+00
    1.81599998e+00 1.81599998e+00 1.81599998e+00 1.81599998e+00
    1.81599998e+00 1.81599998e+00 1.81599998e+00 1.81599998e+00
    1.81599998e+00 1.81599998e+00 0. 0. 0. 0. 0. 0. 0. 0. 0. 0.
    2.19300008e+00 2.19300008e+00 2.19300008e+00 2.19300008e+00
    2.19300008e+00 2.19300008e+00 2.19300008e+00 2.19300008e+00
    2.19300008e+00 2.19300008e+00 2.19300008e+00 2.19300008e+00
    2.19300008e+00 2.19000006e+00 2.12500000e+00 2.06100011e+00
    1.99699998e+00 1.93499994e+00 1.87399995e+00 1.81599998e+00
    1.81599998e+00 1.81599998e+00 1.81599998e+00 1.81599998e+00
    1.81599998e+00 1.81599998e+00 1.81599998e+00 1.81599998e+00
    1.81599998e+00 1.81599998e+00 0. 0. 0. 0. 0. 0. 0. 0. 0. 0.
    2.19300008e+00 2.19300008e+00 2.17100000e+00 2.14899993e+00
    2.12800002e+00 2.12800002e+00 2.12800002e+00 2.12800002e+00
    2.12800002e+00 2.12800002e+00 2.12800002e+00 2.12800002e+00
    2.12800002e+00 2.12599993e+00 2.08299994e+00 2.03999996e+00
    1.99800003e+00 1.95700002e+00 1.91600001e+00 1.87600005e+00
    1.85599995e+00 1.83500004e+00 1.81599998e+00 1.81599998e+00
    1.81599998e+00 1.81599998e+00 1.81599998e+00 1.81599998e+00
    1.81599998e+00 1.81599998e+00 0. 0. 0. 0. 0. 0. 0. 0. 0. 0.
    2.19300008e+00 2.19300008e+00 2.14899993e+00 2.10599995e+00
    2.06399989e+00 2.06399989e+00 2.06399989e+00 2.06399989e+00
    2.06399989e+00 2.06399989e+00 2.06399989e+00 2.06399989e+00
    2.06399989e+00 2.06299996e+00 2.04099989e+00 2.01999998e+00
    1.99899995e+00 1.97899997e+00 1.95799994e+00 1.93700004e+00
    1.89499998e+00 1.85399997e+00 1.81599998e+00 1.81599998e+00
    1.81599998e+00 1.81599998e+00 1.81599998e+00 1.81599998e+00
    1.81599998e+00 1.81599998e+00 0. 0. 0. 0. 0. 0. 0. 0. 0. 0.
    2.19199991e+00 2.19199991e+00 2.12700009e+00 2.06299996e+00 2. 2. 2.
    2. 2. 2. 2. 2. 2. 2. 2. 2. 2. 2. 2. 1.99600005e+00 1.93499994e+00
    1.87399995e+00 1.81700003e+00 1.81700003e+00 1.81599998e+00
    1.81599998e+00 1.81599998e+00 1.81599998e+00 1.81599998e+00
    1.81599998e+00 0. 0. 0. 0. 0. 0. 0. 0. 0. 0. 2.12700009e+00
    2.12700009e+00 2.08500004e+00 2.04200006e+00 2. 2. 2. 2. 2. 2. 2. 2.
    2. 2. 2. 2. 2. 2. 2. 1.99699998e+00 1.95700002e+00 1.91600001e+00
    1.87699997e+00 1.85599995e+00 1.83500004e+00 1.81599998e+00
    1.81599998e+00 1.81599998e+00 1.81599998e+00 1.81599998e+00 0. 0. 0.
    0. 0. 0. 0. 0. 0. 0. 2.06299996e+00 2.06299996e+00 2.04200006e+00
    2.02099991e+00 2. 2. 2. 2. 2. 2. 2. 2. 2. 2. 2. 2. 2. 2. 2.
    1.99899995e+00 1.97899997e+00 1.95899999e+00 1.93700004e+00
    1.89499998e+00 1.85399997e+00 1.81599998e+00 1.81599998e+00
    1.81599998e+00 1.81599998e+00 1.81599998e+00 0. 0. 0. 0. 0. 0. 0. 0.
    0. 0. 2. 2. 2. 2. 2. 2. 2. 2. 2. 2. 2. 2. 2. 2. 2. 2. 2. 2. 2. 2. 2.
    2. 1.99500000e+00 1.93400002e+00 1.87199998e+00 1.81599998e+00
    1.81599998e+00 1.81599998e+00 1.81599998e+00 1.81599998e+00 0. 0. 0.
    0. 0. 0. 0. 0. 0. 0. 2. 2. 2. 2. 2. 2. 2. 2. 2. 2. 2. 2. 2. 2. 2. 2.
    2. 2. 2. 2. 2. 2. 1.99500000e+00 1.93400002e+00 1.87199998e+00
    1.81599998e+00 1.81599998e+00 1.81599998e+00 1.81599998e+00
    1.81599998e+00 0. 0. 0. 0. 0. 0. 0. 0. 0. 0. 2. 2. 2. 2. 2. 2. 2. 2.
    2. 2. 2. 2. 2. 2. 2. 2. 2. 2. 2. 2. 2. 2. 1.99500000e+00
    1.93400002e+00 1.87199998e+00 1.81599998e+00 1.81599998e+00
    1.81599998e+00 1.81599998e+00 1.81599998e+00 0. 0. 0. 0. 0. 0. 0. 0.
    0. 0. 2. 2. 2. 2. 2. 1.99899995e+00 1.99899995e+00 1.99800003e+00
    1.99800003e+00 1.99800003e+00 1.99800003e+00 1.99899995e+00
    1.99899995e+00 2. 2. 2. 2. 2. 2. 2. 2. 2. 1.99500000e+00
    1.93400002e+00 1.87199998e+00 1.81599998e+00 1.81599998e+00
    1.81599998e+00 1.81599998e+00 1.81599998e+00 0. 0. 0. 0. 0. 0. 0. 0.
    0. 0. 2. 2. 2. 2. 2. 1.97800004e+00 1.95700002e+00 1.93599999e+00
    1.93599999e+00 1.93599999e+00 1.93700004e+00 1.95799994e+00
    1.98000002e+00 2. 2. 2. 2. 2. 2. 2. 2. 2. 1.99500000e+00
    1.93400002e+00 1.87199998e+00 1.81599998e+00 1.81599998e+00
    1.81599998e+00 1.81599998e+00 1.81599998e+00 0. 0. 0. 0. 0. 0. 0. 0.
    0. 0. 2. 2. 2. 2. 1.99899995e+00 1.95700002e+00 1.91600001e+00
    1.87500000e+00 1.87500000e+00 1.87500000e+00 1.87600005e+00
    1.91799998e+00 1.96000004e+00 2. 2. 2. 2. 2. 2. 2. 2. 2.
    1.99500000e+00 1.93400002e+00 1.87199998e+00 1.81599998e+00
    1.81599998e+00 1.81599998e+00 1.81599998e+00 1.81599998e+00 0. 0. 0.
    0. 0. 0. 0. 0. 0. 0. 1.99699998e+00 1.99699998e+00 1.99699998e+00
    1.99699998e+00 1.99600005e+00 1.93599999e+00 1.87500000e+00
    1.81599998e+00 1.81599998e+00 1.81599998e+00 1.81799996e+00
    1.88000000e+00 1.94099998e+00 2. 2. 2. 2. 2. 2. 2. 2. 2.
    1.99500000e+00 1.93400002e+00 1.87199998e+00 1.81599998e+00
    1.81599998e+00 1.81599998e+00 1.81599998e+00 1.81599998e+00 0. 0. 0.
    0. 0. 0. 0. 0. 0. 0. 1.93599999e+00 1.93599999e+00 1.93599999e+00
    1.93599999e+00 1.93499994e+00 1.89499998e+00 1.85500002e+00
    1.81599998e+00 1.81599998e+00 1.81599998e+00 1.81799996e+00
    1.88000000e+00 1.94099998e+00 2. 2. 2. 2. 2. 2. 2. 2. 2.
    1.99500000e+00 1.93400002e+00 1.87199998e+00 1.81599998e+00
    1.81599998e+00 1.81599998e+00 1.81599998e+00 1.81599998e+00 0. 0. 0.
    0. 0. 0. 0. 0. 0. 0. 1.87399995e+00 1.87399995e+00 1.87399995e+00
    1.87399995e+00 1.87399995e+00 1.85399997e+00 1.83500004e+00
    1.81599998e+00 1.81599998e+00 1.81599998e+00 1.81799996e+00
    1.88000000e+00 1.94099998e+00 2. 2. 2. 2. 2. 2. 2. 2. 2.
    1.99500000e+00 1.93400002e+00 1.87199998e+00 1.81599998e+00
    1.81599998e+00 1.81599998e+00 1.81599998e+00 1.81599998e+00 0. 0. 0.
    0. 0. 0. 0. 0. 0. 0. 1.67100000e+00 1.67100000e+00 1.72099996e+00
    1.76999998e+00 1.81900001e+00 1.81900001e+00 1.81900001e+00
    1.81900001e+00 1.81900001e+00 1.81900001e+00 1.82200003e+00
    1.88199997e+00 1.94200003e+00 2. 1.99800003e+00 1.99500000e+00
    1.99300003e+00 1.99300003e+00 1.99300003e+00 1.99300003e+00
    1.99300003e+00 1.99300003e+00 1.98899996e+00 1.92999995e+00
    1.87000000e+00 1.81599998e+00 1.81500006e+00 1.81400001e+00
    1.81299996e+00 1.81299996e+00 0. 0. 0. 0. 0. 0. 0. 0. 0. 0. 0. 0. 0.
    0. 1.88100004e+00 1.88100004e+00 1.88100004e+00 1.88100004e+00
    1.88100004e+00 1.88100004e+00 1.88199997e+00 1.92200005e+00
    1.96200001e+00 1.99800003e+00 1.95599997e+00 1.91299999e+00
    1.87300003e+00 1.87300003e+00 1.87300003e+00 1.87300003e+00
