<?xml version="1.0"?>
<opencv_storage>
<Depth type_id="opencv-matrix">
  <rows>40</rows>
  <cols>40</cols>
  <dt>f</dt>
  <data>
    0. 0. 0. 0. 0. 0. 0. 0. 0. 0. 0. 0. 0. 0. 0. 0. 0. 0. 0. 0. 0. 0. 0.
    0. 0. 0. 0. 0. 0. 0. 0. 0. 0. 0. 0. 0. 0. 0. 0. 0. 0. 0. 0. 0. 0. 0.
    0. 0. 0. 0. 0. 0. 0. 0. 0. 0. 0. 0. 0. 0. 0. 0. 0. 0. 0. 0. 0. 0. 0.
    0. 0. 0. 0. 0. 0. 0. 0. 0. 0. 0. 0. 0. 0. 0. 0. 0. 0. 0. 0. 0. 0. 0.
    0. 0. 0. 0. 0. 0. 0. 0. 0. 0. 0. 0. 0. 0. 0. 0. 0. 0. 0. 0. 0. 0. 0.
    0. 0. 0. 0. 0. 0. 0. 0. 0. 0. 0. 0. 0. 0. 0. 0. 0. 0. 0. 0. 0. 0. 0.
    0. 0. 0. 0. 0. 0. 0. 0. 0. 0. 0. 0. 0. 0. 0. 0. 0. 0. 0. 0. 0. 0. 0.
    0. 0. 0. 0. 0. 0. 0. 0. 0. 0. 0. 0. 0. 0. 0. 0. 0. 0. 0. 0. 0. 0. 0.
    0. 0. 0. 0. 0. 0. 0. 0. 0. 0. 0. 0. 0. 0. 0. 0. 0. 0. 0. 0. 0. 0. 0.
    0. 0. 0. 0. 0. 0. 0. 0. 0. 0. 0. 0. 0. 0. 0. 0. 0. 0. 0. 0. 0. 0. 0.
    0. 0. 0. 0. 0. 0. 0. 0. 0. 0. 0. 0. 0. 0. 0. 0. 0. 0. 0. 0. 0. 0. 0.
    0. 0. 0. 0. 0. 0. 0. 0. 0. 0. 0. 0. 0. 0. 0. 0. 0. 0. 0. 0. 0. 0. 0.
    0. 0. 0. 0. 0. 0. 0. 0. 0. 0. 0. 0. 0. 0. 0. 0. 0. 0. 0. 0. 0. 0. 0.
    0. 0. 0. 0. 0. 0. 0. 0. 0. 0. 0. 0. 0. 0. 0. 0. 0. 0. 0. 0. 0. 0. 0.
    0. 0. 0. 0. 0. 0. 0. 0. 0. 0. 0. 0. 0. 0. 0. 0. 0. 0. 0. 0. 0. 0. 0.
    0. 0. 0. 0. 0. 0. 0. 0. 0. 0. 0. 0. 0. 0. 0. 0. 0. 0. 0. 0. 0. 0. 0.
    0. 0. 0. 0. 0. 0. 0. 0. 0. 0. 0. 0. 0. 0. 0. 0. 0. 0. 0. 0. 0. 0. 0.
    0. 0. 0. 0. 0. 0. 0. 0. 0. 0. 0. 2.68600011e+00 2.66000009e+00
    2.60700011e+00 2.53299999e+00 2.43199992e+00 2.35200000e+00
    2.30399990e+00 2.27399993e+00 2.27399993e+00 2.27399993e+00
    2.27399993e+00 2.25999999e+00 2.21399999e+00 2.18000007e+00
    2.18000007e+00 2.19099998e+00 2.23699999e+00 2.27399993e+00
    2.27399993e+00 2.27399993e+00 2.27399993e+00 2.29299998e+00
    2.44199991e+00 2.57800007e+00 2.57800007e+00 2.57800007e+00
    2.57800007e+00 2.57800007e+00 2.57800007e+00 2.57800007e+00
    2.57800007e+00 2.57800007e+00 2.57800007e+00 2.57800007e+00
    2.57800007e+00 0. 0. 0. 0. 0. 2.61199999e+00 2.58699989e+00
    2.53500009e+00 2.47199988e+00 2.39400005e+00 2.32900000e+00
    2.28200006e+00 2.25200009e+00 2.25200009e+00 2.25200009e+00
    2.25200009e+00 2.24099994e+00 2.20600009e+00 2.18000007e+00
    2.18000007e+00 2.18799996e+00 2.22300005e+00 2.25200009e+00
    2.25200009e+00 2.25200009e+00 2.25200009e+00 2.26699996e+00
    2.39199996e+00 2.50600004e+00 2.50600004e+00 2.50699997e+00
    2.52999997e+00 2.55299997e+00 2.55299997e+00 2.55299997e+00
    2.55299997e+00 2.55299997e+00 2.55299997e+00 2.55299997e+00
    2.55299997e+00 0. 0. 0. 0. 0. 2.45700002e+00 2.43400002e+00
    2.38400006e+00 2.34400010e+00 2.31699991e+00 2.28099990e+00
    2.23499990e+00 2.20600009e+00 2.20600009e+00 2.20600009e+00
    2.20600009e+00 2.20199990e+00 2.18899989e+00 2.18000007e+00
    2.18000007e+00 2.18300009e+00 2.19499993e+00 2.20600009e+00
    2.20600009e+00 2.20600009e+00 2.20600009e+00 2.21499991e+00
    2.28900003e+00 2.35700011e+00 2.35700011e+00 2.35999990e+00
    2.43199992e+00 2.50200009e+00 2.50200009e+00 2.50200009e+00
    2.50200009e+00 2.50200009e+00 2.50200009e+00 2.50200009e+00
    2.50200009e+00 0. 0. 0. 0. 0. 2.35100007e+00 2.32800007e+00
    2.27999997e+00 2.25300002e+00 2.25300002e+00 2.23900008e+00
    2.20300007e+00 2.18000007e+00 2.18000007e+00 2.18000007e+00
    2.18000007e+00 2.18000007e+00 2.18000007e+00 2.18000007e+00
    2.18000007e+00 2.18000007e+00 2.18000007e+00 2.18000007e+00
    2.18000007e+00 2.18000007e+00 2.18000007e+00 2.18400002e+00
    2.22099996e+00 2.25300002e+00 2.25300002e+00 2.25799990e+00
    2.34400010e+00 2.42899990e+00 2.42899990e+00 2.42899990e+00
    2.42899990e+00 2.42899990e+00 2.45000005e+00 2.47099996e+00
    2.47300005e+00 0. 0. 0. 0. 0. 2.30200005e+00 2.27999997e+00
    2.23300004e+00 2.20700002e+00 2.20700002e+00 2.20199990e+00
    2.18799996e+00 2.18000007e+00 2.18000007e+00 2.18000007e+00
    2.18000007e+00 2.18000007e+00 2.18000007e+00 2.18000007e+00
    2.18000007e+00 2.18000007e+00 2.18000007e+00 2.18000007e+00
    2.18000007e+00 2.18000007e+00 2.18000007e+00 2.18199992e+00
    2.19499993e+00 2.20700002e+00 2.20700002e+00 2.21000004e+00
    2.27200007e+00 2.33200002e+00 2.33200002e+00 2.33200002e+00
    2.33200002e+00 2.33200002e+00 2.39700007e+00 2.46700001e+00
    2.47300005e+00 0. 0. 0. 0. 0. 2.25500011e+00 2.23699999e+00
    2.20000005e+00 2.18000007e+00 2.18000007e+00 2.17600012e+00
    2.16700006e+00 2.16100001e+00 2.16100001e+00 2.16499996e+00
    2.17400002e+00 2.18000007e+00 2.18000007e+00 2.18000007e+00
    2.18000007e+00 2.18000007e+00 2.18000007e+00 2.17799997e+00
    2.16899991e+00 2.16100001e+00 2.16100001e+00 2.16100001e+00
    2.16100001e+00 2.16100001e+00 2.16100001e+00 2.16300011e+00
    2.20000005e+00 2.23600006e+00 2.23600006e+00 2.23600006e+00
    2.24499989e+00 2.25500011e+00 2.32900000e+00 2.40700006e+00
    2.41400003e+00 0. 0. 0. 0. 0. 2.20900011e+00 2.20199990e+00
    2.18799996e+00 2.18000007e+00 2.18000007e+00 2.16700006e+00
    2.13599992e+00 2.11599994e+00 2.11599994e+00 2.12700009e+00
    2.15799999e+00 2.18000007e+00 2.18000007e+00 2.18000007e+00
    2.18000007e+00 2.18000007e+00 2.18000007e+00 2.17400002e+00
    2.14299989e+00 2.11599994e+00 2.11599994e+00 2.11599994e+00
    2.11599994e+00 2.11599994e+00 2.11599994e+00 2.11700010e+00
    2.13100004e+00 2.14499998e+00 2.14499998e+00 2.14499998e+00
    2.17600012e+00 2.20700002e+00 2.23699999e+00 2.26699996e+00
    2.26999998e+00 0. 0. 0. 0. 0. 2.18000007e+00 2.17600012e+00
    2.16799998e+00 2.16300011e+00 2.16300011e+00 2.14800000e+00
    2.11100006e+00 2.08800006e+00 2.08800006e+00 2.09999990e+00
    2.13700008e+00 2.16300011e+00 2.16300011e+00 2.16300011e+00
    2.16300011e+00 2.16300011e+00 2.16300011e+00 2.15599990e+00
    2.11899996e+00 2.08800006e+00 2.08800006e+00 2.08800006e+00
    2.08800006e+00 2.08800006e+00 2.08800006e+00 2.08800006e+00
    2.08800006e+00 2.08800006e+00 2.08800006e+00 2.08800006e+00
    2.12400007e+00 2.16100001e+00 2.16300011e+00 2.16300011e+00
    2.16300011e+00 0. 0. 0. 0. 0. 2.18000007e+00 2.16499996e+00
    2.13499999e+00 2.11800003e+00 2.11800003e+00 2.11199999e+00
    2.09699988e+00 2.08800006e+00 2.08800006e+00 2.09299994e+00
    2.10800004e+00 2.11800003e+00 2.11800003e+00 2.11800003e+00
    2.11800003e+00 2.11800003e+00 2.11800003e+00 2.11500001e+00
    2.09999990e+00 2.08800006e+00 2.08800006e+00 2.08800006e+00
    2.08800006e+00 2.08800006e+00 2.08800006e+00 2.08800006e+00
    2.08800006e+00 2.08800006e+00 2.08800006e+00 2.08800006e+00
    2.10200000e+00 2.11700010e+00 2.11800003e+00 2.11800003e+00
    2.11800003e+00 0. 0. 0. 0. 0. 2.18000007e+00 2.15799999e+00
    2.11299992e+00 2.08800006e+00 2.08800006e+00 2.08800006e+00
    2.08800006e+00 2.08800006e+00 2.08800006e+00 2.08800006e+00
    2.08800006e+00 2.08800006e+00 2.08800006e+00 2.08800006e+00
    2.08800006e+00 2.08599997e+00 2.07900000e+00 2.07299995e+00
    2.07299995e+00 2.07299995e+00 2.07299995e+00 2.07299995e+00
    2.07299995e+00 2.07299995e+00 2.07299995e+00 2.07299995e+00
    2.07299995e+00 2.07299995e+00 2.07299995e+00 2.07299995e+00
    2.07299995e+00 2.07299995e+00 2.07299995e+00 2.07299995e+00
    2.07299995e+00 0. 0. 0. 0. 0. 2.18000007e+00 2.15799999e+00
    2.11299992e+00 2.08800006e+00 2.08800006e+00 2.08800006e+00
    2.08800006e+00 2.08800006e+00 2.08800006e+00 2.08800006e+00
    2.08800006e+00 2.08800006e+00 2.08800006e+00 2.08800006e+00
    2.08800006e+00 2.08100009e+00 2.05299997e+00 2.02999997e+00
    2.02999997e+00 2.02999997e+00 2.02999997e+00 2.02999997e+00
    2.02999997e+00 2.02999997e+00 2.02999997e+00 2.02999997e+00
    2.02999997e+00 2.02999997e+00 2.02999997e+00 2.02999997e+00
    2.02999997e+00 2.02999997e+00 2.02999997e+00 2.02999997e+00
    2.02999997e+00 0. 0. 0. 0. 0. 2.18000007e+00 2.16100001e+00
    2.12299991e+00 2.09899998e+00 2.09200001e+00 2.08800006e+00
    2.08800006e+00 2.08800006e+00 2.08800006e+00 2.08599997e+00
    2.07900000e+00 2.07500005e+00 2.07500005e+00 2.07500005e+00
