<?xml version="1.0"?>
<opencv_storage>
<Depth type_id="opencv-matrix">
  <rows>40</rows>
  <cols>40</cols>
  <dt>f</dt>
  <data>
    0. 0. 0. 0. 0. 0. 0. 0. 0. 0. 0. 0. 0. 0. 0. 0. 0. 0. 0. 0. 0. 0. 0.
    0. 0. 0. 0. 0. 0. 0. 0. 0. 0. 0. 0. 0. 0. 0. 0. 0. 0. 0. 0. 0. 0. 0.
    0. 0. 0. 0. 0. 0. 0. 0. 0. 0. 0. 0. 0. 0. 0. 0. 0. 0. 0. 0. 0. 0. 0.
    0. 0. 0. 0. 0. 0. 0. 0. 0. 0. 0. 0. 0. 0. 0. 0. 0. 0. 0. 0. 0. 0. 0.
    0. 0. 0. 0. 0. 0. 0. 0. 0. 0. 0. 0. 0. 0. 0. 0. 0. 0. 0. 0. 0. 0. 0.
    0. 0. 0. 0. 0. 0. 0. 0. 0. 0. 0. 0. 0. 0. 0. 0. 0. 0. 0. 0. 0. 0. 0.
    0. 0. 0. 0. 0. 0. 0. 0. 0. 0. 0. 0. 0. 0. 0. 0. 0. 0. 0. 0. 0. 0. 0.
    0. 0. 0. 0. 0. 0. 0. 0. 0. 0. 0. 0. 0. 0. 0. 0. 0. 0. 0. 0. 0. 0. 0.
    0. 0. 0. 0. 0. 0. 0. 0. 0. 0. 0. 0. 0. 0. 0. 0. 0. 0. 0. 0. 0. 0. 0.
    0. 0. 0. 0. 0. 0. 0. 0. 0. 0. 0. 0. 0. 0. 0. 0. 0. 0. 0. 0. 0. 0. 0.
    0. 0. 0. 0. 0. 0. 0. 0. 0. 0. 0. 0. 0. 0. 0. 0. 0. 0. 0. 0. 0. 0. 0.
    0. 0. 0. 0. 0. 0. 0. 0. 0. 0. 0. 0. 0. 0. 0. 0. 0. 0. 0. 0. 0. 0. 0.
    0. 0. 0. 0. 0. 0. 0. 0. 0. 0. 0. 0. 0. 0. 0. 0. 0. 0. 0. 0. 0. 0. 0.
    0. 0. 0. 0. 0. 0. 0. 0. 0. 0. 0. 0. 0. 0. 0. 0. 0. 0. 0. 0. 0. 0. 0.
    0. 0. 0. 0. 0. 0. 0. 0. 0. 0. 0. 0. 0. 0. 0. 0. 0. 0. 0. 0. 0. 0. 0.
    0. 0. 0. 0. 0. 0. 0. 0. 0. 0. 0. 0. 0. 0. 0. 0. 0. 0. 0. 0. 0. 0. 0.
    0. 0. 0. 0. 0. 0. 0. 0. 0. 0. 0. 0. 0. 0. 0. 0. 0. 0. 0. 0. 0. 0. 0.
    0. 0. 0. 0. 0. 0. 0. 0. 0. 0. 0. 0. 0. 0. 0. 0. 0. 0. 0. 0. 0. 0. 0.
    0. 0. 0. 0. 0. 0. 0. 0. 0. 0. 0. 0. 0. 0. 0. 0. 0. 0. 0. 0. 0. 0. 0.
    0. 0. 0. 0. 0. 0. 0. 0. 0. 0. 0. 0. 0. 0. 0. 0. 0. 0. 0. 0. 0. 0. 0.
    0. 0. 0. 0. 0. 0. 0. 0. 0. 0. 0. 0. 0. 0. 0. 0. 0. 0. 0. 0.
    2.00999999e+00 2. 2. 2. 2. 2. 2. 2. 2. 2. 2.04299998e+00
    2.10899997e+00 2.17499995e+00 2.20099998e+00 2.20099998e+00
    2.20099998e+00 2.27699995e+00 2.42000008e+00 2.56200004e+00
    2.60200000e+00 2.52999997e+00 2.45700002e+00 2.38499999e+00
    2.31599998e+00 2.24600005e+00 2.20099998e+00 2.20099998e+00
    2.20099998e+00 2.20099998e+00 2.20099998e+00 2.20099998e+00
    2.20099998e+00 2.20099998e+00 2.20099998e+00 2.20099998e+00
    2.20099998e+00 2.20099998e+00 2.20099998e+00 2.20099998e+00
    2.20099998e+00 2.00999999e+00 2. 2. 2. 2. 2. 2. 2. 2. 2.
    2.04299998e+00 2.10899997e+00 2.17499995e+00 2.20099998e+00
    2.20099998e+00 2.20099998e+00 2.27699995e+00 2.42000008e+00
    2.56200004e+00 2.60200000e+00 2.52999997e+00 2.45700002e+00
    2.38499999e+00 2.31599998e+00 2.24600005e+00 2.20099998e+00
    2.20099998e+00 2.20099998e+00 2.20099998e+00 2.20099998e+00
    2.20099998e+00 2.20099998e+00 2.20099998e+00 2.20099998e+00
    2.20099998e+00 2.20099998e+00 2.20099998e+00 2.20099998e+00
    2.20099998e+00 2.20099998e+00 2.00699997e+00 2. 2. 2. 2. 2. 2. 2. 2.
    2. 2.02999997e+00 2.07399988e+00 2.11899996e+00 2.13700008e+00
    2.13700008e+00 2.13700008e+00 2.20099998e+00 2.31900001e+00
    2.43700004e+00 2.47499990e+00 2.42600012e+00 2.37599993e+00
    2.31800008e+00 2.25000000e+00 2.18199992e+00 2.13700008e+00
    2.13700008e+00 2.13700008e+00 2.13700008e+00 2.13700008e+00
    2.13700008e+00 2.13700008e+00 2.13700008e+00 2.13700008e+00
    2.13700008e+00 2.13700008e+00 2.13700008e+00 2.14000010e+00
    2.16000009e+00 2.18099999e+00 2.00399995e+00 2. 2. 2. 2. 2. 2. 2. 2.
    2. 2.01500010e+00 2.03900003e+00 2.06200004e+00 2.07200003e+00
    2.07200003e+00 2.07200003e+00 2.12199998e+00 2.21499991e+00
    2.30800009e+00 2.34400010e+00 2.31800008e+00 2.29200006e+00
    2.24900007e+00 2.18199992e+00 2.11500001e+00 2.07200003e+00
    2.07200003e+00 2.07200003e+00 2.07200003e+00 2.07200003e+00
    2.07200003e+00 2.07200003e+00 2.07200003e+00 2.07200003e+00
    2.07200003e+00 2.07200003e+00 2.07200003e+00 2.07599998e+00
    2.11800003e+00 2.16000009e+00 2. 2. 2. 2. 2. 2. 2. 2. 2. 2.
    2.00099993e+00 2.00300002e+00 2.00500011e+00 2.00600004e+00
    2.00600004e+00 2.00600004e+00 2.04299998e+00 2.10999990e+00
    2.17799997e+00 2.21300006e+00 2.21099997e+00 2.20900011e+00
    2.18000007e+00 2.11500001e+00 2.04900002e+00 2.00600004e+00
    2.00600004e+00 2.00600004e+00 2.00600004e+00 2.00600004e+00
    2.00600004e+00 2.00600004e+00 2.00600004e+00 2.00600004e+00
    2.00600004e+00 2.00600004e+00 2.00600004e+00 2.01300001e+00
    2.07599998e+00 2.14000010e+00 2. 2. 2. 2. 2. 2. 2. 2. 2. 2. 2. 2. 2.
    2. 2. 2. 2.02500010e+00 2.07100010e+00 2.11700010e+00 2.14100003e+00
    2.14100003e+00 2.14100003e+00 2.12199998e+00 2.07599998e+00
    2.02999997e+00 2. 2. 2. 2. 2. 2. 2. 2. 2. 2. 2. 2. 2.00500011e+00
    2.05100012e+00 2.09699988e+00 2. 2. 2. 2. 2. 2. 2. 2. 2. 2. 2. 2. 2.
    2. 2. 2. 2.01300001e+00 2.03800011e+00 2.06299996e+00 2.07599998e+00
    2.07599998e+00 2.07599998e+00 2.06599998e+00 2.04099989e+00
    2.01600003e+00 2. 2. 2. 2. 2. 2. 2. 2. 2. 2. 2. 2. 2.00300002e+00
    2.02699995e+00 2.05200005e+00 2. 2. 2. 2. 2. 2. 2. 2. 2. 2. 2. 2. 2.
    2. 2. 2. 2.00200009e+00 2.00500011e+00 2.00799990e+00 2.00999999e+00
    2.00999999e+00 2.00999999e+00 2.00900006e+00 2.00500011e+00
    2.00200009e+00 2. 2. 2. 2. 2. 2. 2. 2. 2. 2. 2. 2. 2. 2.00399995e+00
    2.00699997e+00 2. 2. 2. 2. 2. 2. 2. 2. 2. 2. 2. 2. 2. 2. 2. 2. 2. 2.
    2. 2. 2. 2. 1.99300003e+00 1.97500002e+00 1.95799994e+00
    1.94700003e+00 1.94700003e+00 1.94700003e+00 1.94700003e+00
    1.94700003e+00 1.94700003e+00 1.95099998e+00 1.96800005e+00
    1.98500001e+00 2. 2. 2. 2. 2. 2. 2. 2. 2. 2. 2. 2. 2. 2. 2. 2. 2. 2.
    2. 2. 2. 2. 2. 2. 2. 2. 2. 2. 1.98399997e+00 1.94599998e+00
    1.90799999e+00 1.88399994e+00 1.88399994e+00 1.88399994e+00
    1.88399994e+00 1.88399994e+00 1.88399994e+00 1.89199996e+00
    1.92999995e+00 1.96800005e+00 2. 2. 2. 2. 2. 2. 2. 2. 2. 2. 2. 2. 2.
    2. 2. 2. 2. 2. 2. 2. 2. 2. 2. 2. 2. 2. 2. 2. 1.97599995e+00
    1.91700006e+00 1.85899997e+00 1.82099998e+00 1.82099998e+00
    1.82099998e+00 1.82099998e+00 1.82099998e+00 1.82099998e+00
    1.83399999e+00 1.89199996e+00 1.95099998e+00 2. 2. 2. 2. 2. 2. 2. 2.
    2. 2. 2. 2. 2. 2. 2. 2. 2. 2. 2. 2. 2. 2. 2. 2. 2. 2. 2. 2.
    1.97399998e+00 1.91100001e+00 1.84800005e+00 1.80700004e+00
    1.80700004e+00 1.80700004e+00 1.80700004e+00 1.80700004e+00
    1.80700004e+00 1.82099998e+00 1.88399994e+00 1.94700003e+00 2. 2. 2.
    2.00200009e+00 2.01900005e+00 2.03500009e+00 2. 2. 2. 2. 2. 2. 2. 2.
    2. 2. 2. 2. 2. 2. 2. 2. 2. 2. 2. 2. 2. 2. 1.97399998e+00
    1.91100001e+00 1.84800005e+00 1.80700004e+00 1.80700004e+00
    1.80700004e+00 1.80700004e+00 1.80700004e+00 1.80700004e+00
    1.82099998e+00 1.88399994e+00 1.94700003e+00 2. 2. 2. 2.00399995e+00
    2.04200006e+00 2.07999992e+00 2. 2. 2. 2. 2. 2. 2. 2. 2. 2. 2. 2. 2.
    2. 2. 2. 2. 2. 2. 2. 2. 2. 1.97399998e+00 1.91100001e+00
    1.84800005e+00 1.80700004e+00 1.80700004e+00 1.80700004e+00
    1.80700004e+00 1.80700004e+00 1.80700004e+00 1.82099998e+00
    1.88399994e+00 1.94700003e+00 2. 2. 2. 2.00600004e+00 2.06599998e+00
    2.12500000e+00 2. 2. 2. 2. 2. 2. 2. 2. 2. 2. 2. 2. 2. 2. 2. 2. 2. 2.
    2. 2. 2. 2. 1.97399998e+00 1.91100001e+00 1.84800005e+00
    1.80700004e+00 1.80700004e+00 1.80700004e+00 1.80700004e+00
    1.80700004e+00 1.80700004e+00 1.82099998e+00 1.88399994e+00
    1.94700003e+00 2. 2. 2. 2.00699997e+00 2.07200003e+00 2.13800001e+00
    0. 0. 0. 0. 0. 0. 0. 0. 0. 0. 0. 0. 0. 0. 0. 0. 0. 0. 0. 0. 0. 0. 0.
    0. 0. 0. 0. 0. 0. 0. 0. 0. 0. 0. 0. 0. 0. 0. 0. 0. 0. 0. 0. 0. 0. 0.
    0. 0. 0. 0. 0. 0. 0. 0. 0. 0. 0. 0. 0. 0. 0. 0. 0. 0. 0. 0. 0. 0. 0.
    0. 0. 0. 0. 0. 0. 0. 0. 0. 0. 0. 0. 0. 0. 0. 0. 0. 0. 0. 0. 0. 0. 0.
    0. 0. 0. 0. 0. 0. 0. 0. 0. 0. 0. 0. 0. 0. 0. 0. 0. 0. 0. 0. 0. 0. 0.
    0. 0. 0. 0. 0. 0. 0. 0. 0. 0. 0. 0. 0. 0. 0. 0. 0. 0. 0. 0. 0. 0. 0.
    0. 0. 0. 0. 0. 0. 0. 0. 0. 0. 0. 0. 0. 0. 0. 0. 0. 0. 0. 0. 0. 0. 0.
    0. 0. 0. 0. 0. 0. 0. 0. 0. 0. 0. 0. 0. 0. 0. 0. 0. 0. 0. 0. 0. 0. 0.
    0. 0. 0. 0. 0. 0. 0. 0. 0. 0. 0. 0. 0. 0. 0. 0. 0. 0. 0. 0. 0. 0. 0.
    0. 0. 0. 0. 0. 0. 0. 0. 0. 0. 0. 0. 0. 0. 0. 0. 0. 0. 0. 0. 0. 0. 0.
