<?xml version="1.0"?>
<opencv_storage>
<Depth type_id="opencv-matrix">
  <rows>40</rows>
  <cols>40</cols>
  <dt>f</dt>
  <data>
    0. 0. 0. 0. 0. 0. 0. 0. 0. 0. 0. 2.16300011e+00 2.15100002e+00
    2.15199995e+00 1.71500003e+00 1.37300003e+00 1.09800005e+00
    1.37300003e+00 0. 2.07299995e+00 2.01699996e+00 2.00600004e+00
    2.00500011e+00 0. 0. 0. 0. 0. 0. 0. 0. 0. 0. 0. 0. 0. 0. 0. 0. 0. 0.
    0. 0. 0. 0. 0. 0. 0. 0. 0. 0. 1.75899994e+00 2.10299993e+00
    2.08800006e+00 2.05999994e+00 2.04200006e+00 2.04200006e+00
    2.03399992e+00 2.02600002e+00 2.01699996e+00 2.00600004e+00
    2.00500011e+00 2. 1.98899996e+00 1.98899996e+00 0. 0. 0. 0. 0. 0. 0.
    0. 0. 0. 0. 0. 0. 0. 0. 0. 0. 0. 0. 0. 0. 0. 0. 0. 0. 0. 0.
    2.08699989e+00 2.04099989e+00 2. 2.00600004e+00 2.00799990e+00
    1.99800003e+00 1.99399996e+00 1.99600005e+00 1.99699998e+00
    1.99699998e+00 2. 1.99199998e+00 1.99500000e+00 0. 0. 0. 0. 0. 0. 0.
    0. 0. 0. 0. 0. 0. 0. 0. 0. 0. 0. 0. 0. 0. 0. 0. 0. 0. 0. 0. 0.
    2.00200009e+00 1.99100006e+00 1.98899996e+00 1.99100006e+00
    1.99300003e+00 1.99399996e+00 1.99399996e+00 1.99399996e+00
    1.99399996e+00 1.99899995e+00 1.99399996e+00 1.99699998e+00 0. 0. 0.
    0. 0. 0. 0. 0. 0. 0. 0. 0. 0. 0. 0. 0. 0. 0. 0. 0. 0. 0. 0. 0. 0. 0.
    0. 0. 1.99399996e+00 1.98899996e+00 1.99199998e+00 1.99199998e+00
    1.99300003e+00 1.99500000e+00 1.99399996e+00 1.99399996e+00
    1.99399996e+00 1.99600005e+00 1.99800003e+00 1.99800003e+00 0. 0. 0.
    0. 0. 0. 0. 0. 0. 0. 0. 0. 0. 0. 0. 0. 0. 0. 0. 0. 0. 0. 0. 0. 0. 0.
    0. 0. 1.63300002e+00 1.99399996e+00 1.99399996e+00 1.99399996e+00
    1.99399996e+00 1.99399996e+00 1.99399996e+00 1.99399996e+00
    1.99399996e+00 1.99399996e+00 1.99399996e+00 1.99399996e+00 0. 0. 0.
    0. 0. 0. 0. 0. 0. 0. 0. 0. 0. 0. 0. 0. 0. 0. 0. 0. 0. 0. 0. 0. 0. 0.
    0. 0. 1.39499998e+00 1.98899996e+00 1.99399996e+00 1.99399996e+00
    1.99399996e+00 1.99399996e+00 1.99399996e+00 1.99399996e+00
    1.99199998e+00 1.99100006e+00 1.99300003e+00 1.98899996e+00 0. 0. 0.
    0. 0. 0. 0. 0. 0. 0. 0. 0. 0. 0. 0. 0. 0. 0. 0. 0. 0. 0. 0. 0. 0. 0.
    0. 0. 1.39800000e+00 1.99399996e+00 1.99399996e+00 1.99399996e+00
    1.99399996e+00 1.99399996e+00 1.99399996e+00 1.99399996e+00
    1.99000001e+00 1.98899996e+00 1.99300003e+00 2. 2.97300005e+00 0. 0.
    0. 0. 0. 0. 0. 0. 0. 0. 0. 0. 0. 0. 0. 0. 0. 0. 0. 0. 0. 0. 0. 0. 0.
    0. 0. 1.39999998e+00 1.99899995e+00 1.99399996e+00 1.99399996e+00
    1.99399996e+00 1.99399996e+00 1.99399996e+00 1.99399996e+00
    1.99300003e+00 1.98899996e+00 1.99399996e+00 2. 2. 0. 0. 0. 0. 0. 0.
    0. 0. 0. 0. 0. 0. 0. 0. 0. 0. 0. 0. 0. 0. 0. 0. 0. 0. 0. 0. 0.
    1.40400004e+00 2.00099993e+00 1.99399996e+00 1.99399996e+00
    1.99399996e+00 1.99399996e+00 1.99399996e+00 1.99699998e+00
    1.99800003e+00 1.99399996e+00 2. 2.00300002e+00 2.00300002e+00 0. 0.
    0. 0. 0. 0. 0. 0. 0. 0. 0. 0. 0. 0. 0. 0. 0. 0. 0. 0. 0. 0. 0. 0. 0.
    0. 0. 1.82000005e+00 2.00200009e+00 1.99399996e+00 1.99399996e+00
    1.99399996e+00 1.99399996e+00 1.99399996e+00 1.99899995e+00 2. 2. 2.
    2.00500011e+00 2.00500011e+00 0. 0. 0. 0. 0. 0. 0. 0. 0. 0. 0. 0. 0.
    0. 0. 0. 0. 0. 0. 0. 0. 0. 0. 0. 0. 0. 0. 2.00200009e+00
    2.00200009e+00 1.99399996e+00 1.99699998e+00 1.99600005e+00
    1.99399996e+00 1.99399996e+00 1.99399996e+00 1.99399996e+00
    1.99899995e+00 2. 2. 2. 2.77600002e+00 0. 0. 0. 0. 0. 0. 0. 0. 0. 0.
    0. 0. 0. 0. 0. 0. 0. 0. 0. 0. 0. 0. 0. 0. 0. 0. 1.56599998e+00
    2.00200009e+00 1.99800003e+00 1.99899995e+00 2. 1.99600005e+00
    1.99399996e+00 1.99399996e+00 1.99399996e+00 1.99800003e+00 2. 2. 2.
    0. 0. 0. 0. 0. 0. 0. 0. 0. 0. 0. 0. 0. 0. 0. 0. 0. 0. 0. 0. 0. 0. 0.
    0. 0. 2.75099993e+00 0. 1.40900004e+00 2.00200009e+00 1.99500000e+00
    1.99500000e+00 2. 1.99500000e+00 1.99600005e+00 1.99399996e+00
    1.99399996e+00 1.99500000e+00 2. 2.00500011e+00 2. 0. 0. 0. 0. 0. 0.
    0. 0. 0. 0. 0. 0. 0. 0. 0. 0. 0. 0. 0. 0. 0. 0. 0. 0. 0.
    2.73099995e+00 0. 1.40900004e+00 2.00200009e+00 1.99399996e+00
    1.99399996e+00 1.99600005e+00 1.99399996e+00 1.99399996e+00
    1.99399996e+00 1.99399996e+00 1.99399996e+00 1.99500000e+00
    2.00500011e+00 2. 1.76600003e+00 0. 0. 0. 0. 0. 0. 0. 0. 0. 0. 0. 0.
    0. 0. 0. 0. 0. 0. 0. 0. 0. 0. 0. 0. 2.74600005e+00 0. 0.
    2.00200009e+00 1.99600005e+00 1.99399996e+00 1.99399996e+00
    1.99399996e+00 1.99399996e+00 2. 1.99899995e+00 1.99399996e+00
    1.99399996e+00 2. 1.99399996e+00 1.99399996e+00 0. 0. 0. 0. 0. 0. 0.
    0. 0. 0. 0. 0. 0. 0. 0. 0. 0. 0. 0. 0. 0. 0. 0. 0. 2.70099998e+00 0.
    0. 2.00399995e+00 1.99600005e+00 1.99399996e+00 1.99399996e+00
    1.99399996e+00 2. 1.99699998e+00 1.99500000e+00 1.99399996e+00
    1.99399996e+00 2. 1.99399996e+00 1.99399996e+00 0. 0. 0. 0. 0. 0. 0.
    0. 0. 0. 0. 0. 0. 0. 0. 0. 0. 0. 0. 0. 0. 0. 0. 0. 2.72600007e+00 0.
    0. 1.52100003e+00 2.00200009e+00 2. 1.99600005e+00 1.99399996e+00 2.
    1.99600005e+00 1.99399996e+00 1.99800003e+00 2. 2.00399995e+00 2. 2.
    0. 0. 0. 0. 0. 0. 0. 0. 0. 0. 0. 0. 0. 0. 0. 0. 0. 0. 0. 0. 0. 0. 0.
    0. 2.74799991e+00 0. 0. 0. 2.00200009e+00 2. 1.99899995e+00
    1.99899995e+00 2. 1.99899995e+00 1.99899995e+00 2. 2. 2.00500011e+00
    2. 2. 0. 0. 0. 0. 0. 0. 0. 0. 0. 0. 0. 0. 0. 0. 0. 0. 0. 0. 0. 0. 0.
    0. 0. 0. 0. 0. 0. 1.42700005e+00 2. 2. 1.99399996e+00 2. 2. 2. 2. 2.
    2. 2.00099993e+00 2. 2. 0. 0. 0. 0. 0. 0. 0. 0. 0. 0. 0. 0. 0. 0. 0.
    0. 0. 0. 0. 0. 0. 0. 0. 0. 0. 2.47099996e+00 0. 1.42999995e+00
    2.00500011e+00 2. 2. 2. 2. 2. 2. 2. 2. 2.00500011e+00 2.00500011e+00
    1.99100006e+00 1.98899996e+00 0. 0. 0. 0. 0. 0. 0. 0. 0. 0. 0. 0. 0.
    0. 0. 0. 0. 0. 0. 0. 0. 0. 0. 0. 0. 1.36500001e+00 1.98000002e+00
    2.01200008e+00 2. 2. 2. 2. 2. 2. 2. 2. 2.00500011e+00 2.00500011e+00
    2.00399995e+00 2.00399995e+00 0. 0. 0. 0. 0. 0. 0. 0. 0. 0. 0. 0. 0.
    0. 0. 0. 0. 0. 0. 0. 0. 0. 0. 0. 0. 0. 2.03600001e+00 2.01399994e+00
    2.00200009e+00 2. 2. 2. 2. 2. 2. 2. 2. 2.00500011e+00 2.00500011e+00
    2.00500011e+00 0. 0. 0. 0. 0. 0. 0. 0. 0. 0. 0. 0. 0. 0. 0. 0. 0. 0.
    0. 0. 0. 0. 0. 0. 0. 0. 0. 2.01699996e+00 2.00200009e+00 2. 2. 2. 2.
    2. 2. 2. 2.00500011e+00 2.00500011e+00 2.00500011e+00 2.00500011e+00
    0. 0. 0. 0. 0. 0. 0. 0. 0. 0. 0. 0. 0. 0. 0. 0. 0. 0. 0. 0. 0. 0. 0.
    0. 0. 0. 0. 1.45599997e+00 2.00200009e+00 2. 2. 2. 2. 2. 2. 2.
    2.00500011e+00 2.00500011e+00 2.00099993e+00 2. 0. 0. 0. 0. 0. 0. 0.
    0. 0. 0. 0. 0. 0. 0. 0. 0. 0. 0. 0. 0. 0. 0. 0. 0. 2.67000008e+00 0.
    0. 0. 2.00500011e+00 2. 2. 2. 2. 2. 2. 2. 2.00500011e+00
    2.00500011e+00 2.00500011e+00 2. 0. 0. 0. 0. 0. 0. 0. 0. 0. 0. 0. 0.
    0. 0. 0. 0. 0. 0. 0. 0. 0. 0. 0. 0. 0. 2.41300011e+00 0. 0.
    2.00900006e+00 2. 2. 2. 2. 2. 2. 2. 2.00500011e+00 2.00500011e+00
    2.00500011e+00 2.00500011e+00 0. 0. 0. 0. 0. 0. 0. 0. 0. 0. 0. 0. 0.
    0. 0. 0. 0. 0. 0. 0. 0. 0. 0. 0. 0. 2.34599996e+00 0. 0.
    2.00500011e+00 2. 2. 2. 2. 2. 2. 2. 2.00500011e+00 2.00900006e+00
    2.00500011e+00 2.00500011e+00 0. 0. 0. 0. 0. 0. 0. 0. 0. 0. 0. 0. 0.
    0. 0. 0. 0. 0. 0. 0. 0. 0. 0. 0. 0. 0. 0. 0. 2.00500011e+00 2. 2. 2.
    2. 2. 2. 2. 2.00900006e+00 2.00600004e+00 2.00500011e+00
    2.00500011e+00 0. 0. 0. 0. 0. 0. 0. 0. 0. 0. 0. 0. 0. 0. 0. 0. 0. 0.
    0. 0. 0. 0. 0. 0. 0. 2.15799999e+00 0. 0. 2.00500011e+00
    2.00200009e+00 2. 2. 2. 2. 2. 2. 2.00600004e+00 2.00500011e+00
    2.00500011e+00 2.00500011e+00 0. 0. 0. 0. 0. 0. 0. 0. 0. 0. 0. 0. 0.
    0. 0. 0. 0. 0. 0. 0. 0. 0. 0. 0. 0. 0. 1.98099995e+00 0.
    2.00999999e+00 2.00200009e+00 2. 2. 2. 2. 2. 2. 2.00500011e+00
    2.00500011e+00 2.00500011e+00 2.00099993e+00 0. 0. 0. 0. 0. 0. 0. 0.
    0. 0. 0. 0. 0. 0. 0. 0. 0. 0. 0. 0. 0. 0. 0. 0. 0. 0. 1.92700005e+00
    0. 1.45400000e+00 2.00200009e+00 2. 2. 2. 2. 2. 2. 2.00500011e+00
    2.00500011e+00 2.00500011e+00 2.00500011e+00 0. 0. 0. 0. 0. 0. 0. 0.
    0. 0. 0. 0. 0. 0. 0. 0. 0. 0. 0. 0. 0. 0. 0. 0. 0. 0. 1.93799996e+00
