<?xml version="1.0"?>
<opencv_storage>
<Depth type_id="opencv-matrix">
  <rows>40</rows>
  <cols>40</cols>
  <dt>f</dt>
  <data>
    0. 0. 0. 0. 0. 0. 0. 0. 0. 0. 0. 0. 0. 0. 0. 0. 0. 0. 0. 0. 0. 0. 0.
    0. 0. 0. 0. 0. 0. 0. 0. 0. 0. 0. 0. 0. 0. 0. 0. 0. 0. 0. 0. 0. 0. 0.
    0. 0. 0. 0. 0. 0. 0. 0. 0. 0. 0. 0. 0. 0. 0. 0. 0. 0. 0. 0. 0. 0. 0.
    0. 0. 0. 0. 0. 0. 0. 0. 0. 0. 0. 0. 0. 0. 0. 0. 0. 0. 0. 0. 0. 0. 0.
    0. 0. 0. 0. 0. 0. 0. 0. 0. 0. 0. 0. 0. 0. 0. 0. 0. 0. 0. 0. 0. 0. 0.
    0. 0. 0. 0. 0. 0. 0. 0. 0. 0. 0. 0. 0. 0. 0. 0. 0. 0. 0. 0. 0. 0. 0.
    0. 0. 0. 0. 0. 0. 0. 0. 0. 0. 0. 0. 0. 0. 0. 0. 0. 0. 0. 0. 0. 0. 0.
    0. 0. 0. 0. 0. 0. 0. 0. 0. 0. 0. 0. 0. 0. 0. 0. 0. 0. 0. 0. 0. 0. 0.
    0. 0. 0. 0. 0. 0. 0. 0. 0. 0. 0. 0. 0. 0. 0. 0. 0. 0. 0. 0. 0. 0. 0.
    0. 0. 0. 0. 0. 0. 0. 0. 0. 0. 0. 0. 0. 0. 0. 0. 0. 0. 0. 0. 0. 0. 0.
    0. 0. 0. 0. 0. 0. 0. 0. 0. 0. 0. 0. 0. 0. 0. 0. 0. 0. 0. 0. 0. 0. 0.
    0. 0. 0. 0. 0. 0. 0. 0. 0. 0. 0. 0. 0. 0. 0. 0. 0. 0. 0. 0. 0. 0. 0.
    0. 0. 0. 0. 0. 0. 0. 0. 0. 0. 0. 0. 0. 0. 0. 0. 0. 0. 0. 0. 0. 0. 0.
    0. 0. 0. 0. 0. 0. 0. 0. 0. 0. 0. 0. 0. 0. 0. 0. 0. 0. 0. 0. 0. 0. 0.
    0. 0. 0. 0. 0. 0. 0. 0. 0. 0. 0. 0. 0. 0. 0. 0. 0. 0. 0. 0. 0. 0. 0.
    0. 0. 0. 0. 0. 0. 0. 0. 0. 0. 0. 0. 0. 0. 0. 0. 0. 0. 0. 0. 0. 0. 0.
    0. 0. 0. 0. 0. 0. 0. 0. 0. 0. 0. 0. 0. 0. 0. 0. 0. 0. 0. 0. 0. 0. 0.
    0. 0. 0. 0. 0. 0. 0. 0. 0. 0. 0. 0. 0. 0. 0. 0. 0. 0. 0. 0. 0. 0. 0.
    0. 0. 0. 0. 0. 0. 0. 0. 0. 0. 0. 0. 0. 0. 0. 0. 0. 0. 0. 0. 0. 0. 0.
    0. 0. 0. 0. 0. 0. 0. 0. 0. 0. 0. 0. 0. 0. 0. 0. 0. 0. 0. 0. 0. 0. 0.
    0. 0. 0. 0. 0. 0. 0. 0. 0. 0. 0. 0. 0. 0. 0. 0. 0. 0. 0. 0. 0. 0. 0.
    0. 0. 0. 0. 0. 0. 0. 0. 0. 0. 0. 0. 0. 0. 0. 0. 0. 0. 0. 0. 0. 0. 0.
    0. 0. 0. 0. 0. 0. 0. 0. 0. 0. 0. 0. 0. 0. 1.74600005e+00
    1.74600005e+00 2.44499993e+00 2.99600005e+00 2.99600005e+00
    2.99600005e+00 2.99099994e+00 2.94099998e+00 2.91499996e+00
    2.91499996e+00 2.82999992e+00 2.76099992e+00 2.76099992e+00
    2.76099992e+00 2.72399998e+00 2.28299999e+00 2.36299992e+00 0. 0. 0.
    0. 2.57399988e+00 2. 2. 2.01600003e+00 2.04999995e+00 2.05399990e+00
    2.05399990e+00 2.05399990e+00 2.05399990e+00 2.05200005e+00
    2.01799989e+00 2. 2. 1.97099996e+00 1.94599998e+00 1.94599998e+00
    1.96800005e+00 2. 2. 1.73199999e+00 1.74500000e+00 2.16300011e+00
    2.49699998e+00 2.51099992e+00 2.52500010e+00 2.53500009e+00
    2.50600004e+00 2.49900007e+00 2.51399994e+00 2.48000002e+00
    2.45199990e+00 2.45199990e+00 2.45199990e+00 2.43099999e+00
    2.18300009e+00 2.22099996e+00 2.56699991e+00 2.60800004e+00
    2.60400009e+00 2.58899999e+00 2.33699989e+00 2. 2. 2.00900006e+00
    2.02800012e+00 2.02999997e+00 2.02999997e+00 2.02999997e+00
    2.02999997e+00 2.02900004e+00 2.00999999e+00 1.99300003e+00
    1.97800004e+00 1.96000004e+00 1.94599998e+00 1.94599998e+00
    1.95899999e+00 1.97700000e+00 1.99199998e+00 1.71399999e+00
    1.74300003e+00 1.80100000e+00 1.85300004e+00 1.88499999e+00
    1.91700006e+00 1.94599998e+00 1.94799995e+00 1.96500003e+00
    1.99600005e+00 2.02999997e+00 2.05399990e+00 2.05399990e+00
    2.05399990e+00 2.05399990e+00 2.05399990e+00 2.03800011e+00
    2.00399995e+00 2. 2.00900006e+00 2.04099989e+00 2.02900004e+00 2. 2.
    1.99899995e+00 1.99699998e+00 1.99699998e+00 1.99699998e+00
    1.99699998e+00 1.99800003e+00 2. 2. 1.98399997e+00 1.95000005e+00
    1.94599998e+00 1.94599998e+00 1.94599998e+00 1.94599998e+00
    1.94799995e+00 1.98199999e+00 1.71399999e+00 1.74300003e+00
    1.80100000e+00 1.85300004e+00 1.88499999e+00 1.91700006e+00
    1.94799995e+00 1.97099996e+00 1.98800004e+00 1.99899995e+00
    2.02999997e+00 2.05399990e+00 2.05399990e+00 2.05399990e+00
    2.05399990e+00 2.05399990e+00 2.03800011e+00 2.00399995e+00 2.
    2.00300002e+00 2.01399994e+00 2.00999999e+00 2. 2. 1.98899996e+00
    1.96599996e+00 1.96300006e+00 1.96300006e+00 1.96300006e+00
    1.97800004e+00 2. 2. 1.98399997e+00 1.95000005e+00 1.94599998e+00
    1.94599998e+00 1.94599998e+00 1.94599998e+00 1.94799995e+00
    1.98199999e+00 1.73300004e+00 1.77199996e+00 1.83200002e+00
    1.88199997e+00 1.90400004e+00 1.92600000e+00 1.94799995e+00
    1.97099996e+00 1.98300004e+00 1.98300004e+00 2.01300001e+00
    2.03699994e+00 2.03699994e+00 2.03699994e+00 2.03699994e+00
    2.03699994e+00 2.02600002e+00 2.00300002e+00 2. 2. 2. 2. 2. 2.
    1.98399997e+00 1.95000005e+00 1.94599998e+00 1.94599998e+00
    1.94599998e+00 1.96200001e+00 1.98300004e+00 1.98300004e+00
    1.97200000e+00 1.94900000e+00 1.94599998e+00 1.94599998e+00
    1.94599998e+00 1.95299995e+00 1.96399999e+00 1.98699999e+00
    1.77199996e+00 1.83099997e+00 1.89400005e+00 1.94000006e+00
    1.94200003e+00 1.94400001e+00 1.94599998e+00 1.94799995e+00
    1.95000005e+00 1.95000005e+00 1.97899997e+00 2.00399995e+00
    2.00399995e+00 2.00399995e+00 2.00399995e+00 2.00399995e+00
    2.00200009e+00 2. 2. 2. 2. 2. 2. 2. 1.98399997e+00 1.95000005e+00
    1.94599998e+00 1.94599998e+00 1.94599998e+00 1.94700003e+00
    1.95000005e+00 1.95000005e+00 1.94900000e+00 1.94599998e+00
    1.94599998e+00 1.94599998e+00 1.94599998e+00 1.96700001e+00
    1.99699998e+00 1.99899995e+00 1.80400002e+00 1.86600006e+00
    1.91400003e+00 1.95200002e+00 1.97000003e+00 1.96300006e+00
    1.94599998e+00 1.94599998e+00 1.94599998e+00 1.94599998e+00
    1.97599995e+00 2. 2. 2. 2. 2. 2. 2. 2. 2. 2. 2. 2. 2. 1.99300003e+00
    1.97800004e+00 1.96000004e+00 1.94599998e+00 1.94599998e+00
    1.94599998e+00 1.94599998e+00 1.94599998e+00 1.94599998e+00
    1.94599998e+00 1.96200001e+00 1.97599995e+00 1.97599995e+00
    1.98599994e+00 2. 2. 1.85099995e+00 1.90799999e+00 1.93799996e+00
    1.96399999e+00 1.99199998e+00 1.98099995e+00 1.95599997e+00
    1.95599997e+00 1.95599997e+00 1.95599997e+00 1.98000002e+00 2. 2. 2.
    2. 2. 2. 2. 2. 2. 2. 2. 2. 2. 1.99699998e+00 1.99100006e+00
    1.96599996e+00 1.94400001e+00 1.93900001e+00 1.93700004e+00
    1.93700004e+00 1.93700004e+00 1.93900001e+00 1.94500005e+00
    1.97500002e+00 2. 2. 2.00399995e+00 2.00999999e+00 2.00300002e+00
    1.93599999e+00 1.97599995e+00 1.98500001e+00 1.99199998e+00
    1.99800003e+00 1.99600005e+00 1.99000001e+00 1.99000001e+00
    1.99000001e+00 1.99000001e+00 1.99500000e+00 2. 2. 2. 2. 2. 2. 2. 2.
    2. 2. 2. 2. 2. 1.98699999e+00 1.96000004e+00 1.95099998e+00
    1.93900001e+00 1.91299999e+00 1.90499997e+00 1.90499997e+00
    1.90499997e+00 1.91700006e+00 1.94299996e+00 1.97500002e+00 2. 2.
    2.01799989e+00 2.04200006e+00 2.01500010e+00 1.95599997e+00
    1.97500002e+00 1.97700000e+00 1.97700000e+00 1.97700000e+00
    1.97700000e+00 1.97700000e+00 1.97700000e+00 1.98399997e+00
    1.99800003e+00 2. 2. 2. 1.99000001e+00 1.97700000e+00 1.97700000e+00
    1.98399997e+00 1.99800003e+00 2. 2. 2. 2. 2. 2. 1.98399997e+00
    1.95000005e+00 1.94599998e+00 1.93700004e+00 1.90499997e+00
    1.89499998e+00 1.89499998e+00 1.89499998e+00 1.90999997e+00
    1.94200003e+00 1.98800004e+00 2.02300000e+00 2.02300000e+00
    2.03600001e+00 2.05200005e+00 2.01799989e+00 1.94799995e+00
    1.94599998e+00 1.94599998e+00 1.94599998e+00 1.94599998e+00
    1.94599998e+00 1.94599998e+00 1.94599998e+00 1.96300006e+00
    1.99600005e+00 2. 1.99899995e+00 1.99500000e+00 1.97200000e+00
    1.94299996e+00 1.94500005e+00 1.96099997e+00 1.99300003e+00
    1.99899995e+00 2.00099993e+00 2.00200009e+00 2.00300002e+00
    2.00300002e+00 2.00099993e+00 1.98500001e+00 1.95299995e+00
    1.94700003e+00 1.93700004e+00 1.90499997e+00 1.89499998e+00
    1.89499998e+00 1.89499998e+00 1.90999997e+00 1.94200003e+00
    2.00399995e+00 2.05399990e+00 2.05399990e+00 2.05399990e+00
    2.05200005e+00 2.01999998e+00 1.97099996e+00 1.94799995e+00
    1.94599998e+00 1.94599998e+00 1.94599998e+00 1.94599998e+00
    1.94599998e+00 1.94599998e+00 1.96300006e+00 1.99600005e+00 2.
    1.98699999e+00 1.94299996e+00 1.92100000e+00 1.91299999e+00
    1.93499994e+00 1.95099998e+00 1.96200001e+00 1.98300004e+00
