<?xml version="1.0"?>
<opencv_storage>
<Depth type_id="opencv-matrix">
  <rows>40</rows>
  <cols>40</cols>
  <dt>f</dt>
  <data>
    0. 0. 0. 0. 0. 0. 0. 0. 0. 0. 0. 0. 0. 0. 0. 0. 0. 0. 0. 0. 0. 0. 0.
    0. 0. 0. 0. 0. 0. 0. 0. 0. 0. 0. 0. 0. 0. 0. 0. 0. 0. 0. 0. 0. 0. 0.
    0. 0. 0. 0. 0. 0. 0. 0. 0. 0. 0. 0. 0. 0. 0. 0. 0. 0. 0. 0. 0. 0. 0.
    0. 0. 0. 0. 0. 0. 0. 0. 0. 0. 0. 0. 0. 0. 0. 0. 0. 0. 0. 0. 0.
    2.64199996e+00 2.02999997e+00 2.02999997e+00 2.02999997e+00
    2.02999997e+00 0. 0. 0. 0. 0. 0. 0. 0. 0. 0. 0. 0. 0. 0. 0. 0. 0. 0.
    0. 0. 0. 0. 0. 0. 0. 0. 0. 0. 0. 0. 0. 0. 0. 0. 2.02999997e+00
    2.02500010e+00 2.02500010e+00 2.02999997e+00 2.02999997e+00
    2.02999997e+00 2.02999997e+00 0. 0. 0. 0. 0. 0. 0. 0. 0. 0. 0. 0. 0.
    0. 0. 0. 0. 0. 0. 0. 0. 0. 0. 0. 0. 0. 0. 0. 0. 0. 0. 2.95600009e+00
    2.03500009e+00 2.02999997e+00 2.02300000e+00 2.02500010e+00
    2.02999997e+00 2.02699995e+00 2.02300000e+00 2.01500010e+00
    2.01500010e+00 0. 0. 0. 0. 0. 0. 0. 0. 0. 0. 0. 0. 0. 0. 0. 0. 0. 0.
    0. 0. 0. 0. 0. 0. 0. 0. 0. 0. 0. 2.02999997e+00 2.02999997e+00
    2.02900004e+00 2.02300000e+00 2.02300000e+00 2.02500010e+00
    2.02800012e+00 2.02500010e+00 2.01500010e+00 2.01500010e+00
    2.01500010e+00 2.65000010e+00 0. 0. 0. 0. 0. 0. 0. 0. 0. 0. 0. 0. 0.
    0. 0. 0. 0. 0. 0. 0. 0. 0. 0. 0. 0. 0. 0. 2.02300000e+00
    2.02300000e+00 2.02300000e+00 2.02300000e+00 2.02300000e+00
    2.02300000e+00 2.02300000e+00 2.02300000e+00 2.02300000e+00
    2.02300000e+00 2.01500010e+00 2.00999999e+00 2.00699997e+00 0. 0. 0.
    0. 0. 0. 0. 0. 0. 0. 0. 0. 0. 0. 0. 0. 0. 0. 0. 0. 0. 0. 0. 0. 0. 0.
    0. 2.02800012e+00 2.02300000e+00 2.02300000e+00 2.02300000e+00
    2.02300000e+00 2.02300000e+00 2.02300000e+00 2.02300000e+00
    2.02300000e+00 2.02300000e+00 2.02300000e+00 2.00999999e+00
    2.00900006e+00 2.96399999e+00 0. 0. 0. 0. 0. 0. 0. 0. 0. 0. 0. 0. 0.
    0. 0. 0. 0. 0. 0. 0. 0. 0. 0. 0. 0. 0. 1.65999997e+00 2.02500010e+00
    2.02399993e+00 2.02300000e+00 2.02300000e+00 2.02300000e+00
    2.02300000e+00 2.02300000e+00 2.02300000e+00 2.02300000e+00
    2.02300000e+00 2.01099992e+00 2.00900006e+00 2.00699997e+00 0. 0. 0.
    0. 0. 0. 0. 0. 0. 0. 0. 0. 0. 0. 0. 0. 0. 0. 0. 0. 0. 0. 0. 0. 0. 0.
    2.10400009e+00 2.08699989e+00 2.02800012e+00 2.01999998e+00
    2.01500010e+00 2.01500010e+00 2.01500010e+00 2.01500010e+00
    2.01500010e+00 2.02300000e+00 2.02300000e+00 2.01500010e+00
    2.01200008e+00 2.00699997e+00 2.01500010e+00 0. 0. 0. 0. 0. 0. 0. 0.
    0. 0. 0. 0. 0. 0. 0. 0. 0. 0. 0. 0. 0. 0. 0. 0. 0. 2.13100004e+00
    2.09299994e+00 2.04600000e+00 2.01999998e+00 2.01500010e+00
    2.01500010e+00 2.01500010e+00 2.01500010e+00 2.01500010e+00
    2.01500010e+00 2.01500010e+00 2.01500010e+00 2.01500010e+00
    2.01500010e+00 2.01500010e+00 2.97700000e+00 0. 0. 0. 0. 0. 0. 0. 0.
    0. 0. 0. 0. 0. 0. 0. 0. 0. 0. 0. 0. 0. 0. 0. 0. 2.67499995e+00
    2.09599996e+00 2.05599999e+00 2.02200007e+00 2.01500010e+00
    2.01699996e+00 2.01999998e+00 2.01500010e+00 2.01300001e+00
    2.01200008e+00 2.01200008e+00 2.01200008e+00 2.01200008e+00
    2.01200008e+00 2.01500010e+00 2.01500010e+00 0. 0. 0. 0. 0. 0. 0. 0.
    0. 0. 0. 0. 0. 0. 0. 0. 0. 0. 0. 0. 0. 0. 0. 0. 0. 0. 2.07299995e+00
    2.04399991e+00 2.02300000e+00 2.01500010e+00 2.01999998e+00
    2.01500010e+00 2.00999999e+00 2.00699997e+00 2.00699997e+00
    2.00699997e+00 2.00699997e+00 2.00699997e+00 2.00699997e+00
    2.00699997e+00 0. 0. 0. 0. 0. 0. 0. 0. 0. 0. 0. 0. 0. 0. 0. 0. 0. 0.
    0. 0. 0. 0. 0. 0. 0. 0. 0. 2.06500006e+00 2.02800012e+00
    2.01500010e+00 2.01500010e+00 2.01500010e+00 2.00699997e+00 2.
    2.00200009e+00 2. 2.00200009e+00 2.00699997e+00 2.01099992e+00
    2.01600003e+00 2.02600002e+00 0. 0. 0. 0. 0. 0. 0. 0. 0. 0. 0. 0. 0.
    0. 0. 0. 0. 0. 0. 0. 0. 0. 0. 0. 0. 0. 0. 2.03800011e+00
    2.01300001e+00 2.01200008e+00 2.01200008e+00 2.00500011e+00 2. 2. 2.
    2.00200009e+00 2.00699997e+00 2.00699997e+00 2.00699997e+00
    2.01200008e+00 0. 0. 0. 0. 0. 0. 0. 0. 0. 0. 0. 0. 0. 0. 0. 0. 0. 0.
    0. 0. 0. 0. 0. 0. 0. 0. 0. 2.03299999e+00 2.01200008e+00
    2.00699997e+00 2.00699997e+00 2.00200009e+00 2. 2. 2. 2.00200009e+00
    2.00699997e+00 2.00699997e+00 2.00699997e+00 2. 2. 2.00699997e+00 0.
    0. 0. 0. 0. 0. 0. 0. 0. 0. 0. 0. 0. 0. 0. 0. 0. 0. 0. 0. 0. 0. 0.
    1.80200005e+00 2.30599999e+00 0. 1.65199995e+00 2.00699997e+00
    2.00699997e+00 2.00200009e+00 2. 1.99500000e+00 1.99500000e+00
    2.00200009e+00 2.00699997e+00 2.00699997e+00 2.00699997e+00 2. 2. 2.
    2.00399995e+00 0. 0. 0. 0. 0. 0. 0. 0. 0. 0. 0. 0. 0. 0. 0. 0. 0. 0.
    0. 0. 0. 0. 0. 0. 1.83700001e+00 2.05399990e+00 2.02600002e+00
    2.00699997e+00 2.00200009e+00 1.99699998e+00 1.99199998e+00
    1.99199998e+00 2.00200009e+00 2.00699997e+00 2. 2. 2. 2.00300002e+00
    1.99899995e+00 1.99699998e+00 0. 0. 0. 0. 0. 0. 0. 0. 0. 0. 0. 0. 0.
    0. 0. 0. 0. 0. 0. 0. 0. 0. 0. 0. 0. 2.07100010e+00 2.04600000e+00
    2.00699997e+00 2. 1.99199998e+00 1.99199998e+00 1.99199998e+00
    2.00200009e+00 2.00699997e+00 2. 2. 2. 2. 1.99699998e+00
    1.99199998e+00 2. 0. 0. 0. 0. 0. 0. 0. 0. 0. 0. 0. 0. 0. 0. 0. 0. 0.
    0. 0. 0. 0. 0. 0. 0. 1.69700003e+00 2.05699992e+00 2.01799989e+00
    2.00200009e+00 1.99199998e+00 1.99199998e+00 1.99199998e+00
    2.00099993e+00 2.00200009e+00 2. 2. 2. 1.99500000e+00 1.99300003e+00
    1.99500000e+00 1.99000001e+00 0. 0. 0. 0. 0. 0. 0. 0. 0. 0. 0. 0. 0.
    0. 0. 0. 0. 0. 0. 0. 0. 0. 0. 0. 0. 2.05999994e+00 2.04600000e+00
    2.00600004e+00 1.99199998e+00 1.99199998e+00 1.99199998e+00
    1.99500000e+00 2. 2. 2. 2. 1.99600005e+00 1.99399996e+00
    1.99000001e+00 1.98500001e+00 1.98500001e+00 0. 0. 0. 0. 0. 0. 0. 0.
    0. 0. 0. 0. 0. 0. 0. 0. 0. 0. 0. 0. 0. 0. 0. 0. 0. 2.05399990e+00
    2.02500010e+00 1.99699998e+00 1.99199998e+00 1.99199998e+00
    1.99500000e+00 2. 2. 2. 2. 2. 1.99699998e+00 1.98500001e+00
    1.98000002e+00 1.98000002e+00 1.99800003e+00 0. 0. 0. 0. 0. 0. 0. 0.
    0. 0. 0. 0. 0. 0. 0. 0. 0. 0. 0. 0. 0. 0. 0. 0. 2.05900002e+00
    2.05399990e+00 2.02600002e+00 1.99199998e+00 1.99199998e+00
    1.99500000e+00 1.99500000e+00 1.99199998e+00 1.99399996e+00
    1.99199998e+00 1.99500000e+00 1.99199998e+00 1.98500001e+00
    1.98300004e+00 1.98399997e+00 1.98699999e+00 0. 0. 0. 0. 0. 0. 0. 0.
    0. 0. 0. 0. 0. 0. 0. 0. 0. 0. 0. 0. 0. 0. 0. 0. 0. 0. 0. 2.
    1.99199998e+00 1.99199998e+00 1.99000001e+00 1.99100006e+00
    1.99199998e+00 1.99199998e+00 1.99199998e+00 1.99000001e+00
    1.98699999e+00 1.98599994e+00 1.98500001e+00 1.98500001e+00
    1.99500000e+00 0. 0. 0. 0. 0. 0. 0. 0. 0. 0. 0. 0. 0. 0. 0. 0. 0. 0.
    0. 0. 0. 0. 0. 0. 0. 0. 1.99199998e+00 1.98500001e+00 1.98699999e+00
    1.98500001e+00 1.99000001e+00 1.99199998e+00 1.99199998e+00
    1.98699999e+00 1.98500001e+00 1.98500001e+00 1.98500001e+00
    1.98500001e+00 1.98500001e+00 1.98500001e+00 1.98500001e+00 0. 0. 0.
    0. 0. 0. 0. 0. 0. 0. 0. 0. 0. 0. 0. 0. 0. 0. 0. 0. 0. 0. 0. 0. 0. 0.
    1.46099997e+00 1.98899996e+00 1.98699999e+00 1.99000001e+00
    1.99199998e+00 1.98500001e+00 1.98500001e+00 1.98500001e+00
    1.98500001e+00 1.98500001e+00 1.97700000e+00 1.98500001e+00
    1.97700000e+00 1.98000002e+00 0. 0. 0. 0. 0. 0. 0. 0. 0. 0. 0. 0. 0.
    0. 0. 0. 0. 0. 0. 0. 0. 0. 0. 0. 0. 0. 1.46899998e+00 1.99100006e+00
    1.98500001e+00 1.98800004e+00 1.99100006e+00 1.98500001e+00
    1.98500001e+00 1.98199999e+00 1.97700000e+00 1.97700000e+00
    1.97700000e+00 1.97700000e+00 1.97700000e+00 1.97700000e+00 0. 0. 0.
    0. 0. 0. 0. 0. 0. 0. 0. 0. 0. 0. 0. 0. 0. 0. 0. 0. 0. 0. 0. 0. 0. 0.
    1.47700000e+00 1.99500000e+00 1.98500001e+00 1.98500001e+00
    1.99000001e+00 1.98500001e+00 1.98500001e+00 1.98500001e+00
    1.97700000e+00 1.97700000e+00 1.97700000e+00 1.97700000e+00
    1.97700000e+00 1.97700000e+00 1.97700000e+00 0. 0. 0. 0. 0. 0. 0. 0.
    0. 0. 0. 0. 0. 0. 0. 0. 0. 0. 0. 0. 0. 0. 0. 0. 0. 0. 2.01999998e+00
