<?xml version="1.0"?>
<opencv_storage>
<Depth type_id="opencv-matrix">
  <rows>40</rows>
  <cols>40</cols>
  <dt>f</dt>
  <data>
    0. 0. 0. 0. 0. 0. 0. 0. 0. 0. 0. 0. 0. 0. 0. 0. 0. 0. 0. 0. 0. 0. 0.
    0. 0. 0. 0. 0. 0. 0. 0. 0. 0. 0. 0. 0. 0. 0. 0. 0. 0. 0. 0. 0. 0. 0.
    0. 0. 0. 0. 0. 0. 0. 0. 0. 0. 0. 0. 0. 0. 0. 0. 0. 0. 0. 0. 0. 0. 0.
    0. 0. 0. 0. 0. 0. 0. 0. 0. 0. 0. 0. 0. 0. 0. 0. 0. 0. 0. 0. 0. 0. 0.
    0. 0. 0. 0. 0. 0. 0. 0. 0. 0. 0. 0. 0. 0. 0. 0. 0. 0. 0. 0. 0. 0. 0.
    0. 0. 0. 0. 0. 0. 0. 0. 0. 0. 0. 0. 0. 0. 0. 0. 0. 0. 0. 0. 0. 0. 0.
    0. 0. 0. 0. 0. 0. 0. 0. 0. 0. 0. 0. 0. 0. 0. 0. 0. 0. 0. 0. 0. 0. 0.
    0. 0. 0. 0. 0. 0. 0. 0. 0. 0. 0. 0. 0. 0. 0. 0. 0. 0. 0. 0. 0. 0. 0.
    0. 0. 0. 0. 0. 0. 0. 0. 0. 0. 0. 0. 0. 0. 0. 0. 0. 0. 0. 0. 0. 0. 0.
    0. 0. 0. 0. 0. 0. 0. 0. 0. 0. 0. 0. 0. 0. 0. 0. 0. 0. 0. 0. 0. 0. 0.
    0. 0. 0. 0. 0. 0. 0. 0. 0. 0. 0. 0. 0. 0. 0. 0. 0. 0. 0. 0. 0. 0. 0.
    0. 0. 0. 0. 0. 0. 0. 0. 0. 0. 0. 0. 0. 0. 0. 0. 0. 0. 0. 0. 0. 0. 0.
    0. 0. 0. 0. 0. 0. 0. 0. 0. 0. 0. 0. 0. 0. 0. 0. 0. 0. 0. 0. 0. 0. 0.
    0. 0. 0. 0. 0. 0. 0. 0. 0. 0. 0. 0. 0. 0. 0. 0. 0. 0. 0. 0. 0. 0. 0.
    0. 0. 0. 0. 0. 0. 0. 0. 0. 0. 0. 0. 0. 0. 0. 0. 0. 0. 0. 0. 0. 0. 0.
    0. 0. 0. 0. 0. 0. 0. 0. 0. 0. 0. 0. 0. 0. 0. 0. 0. 0. 0. 0. 0. 0. 0.
    0. 0. 0. 0. 0. 0. 0. 0. 0. 0. 0. 0. 0. 0. 0. 0. 0. 0. 0. 0. 0. 0. 0.
    0. 0. 0. 0. 0. 0. 0. 0. 0. 0. 0. 0. 0. 0. 0. 0. 0. 0. 1.27999997e+00
    1.84700000e+00 1.88399994e+00 1.88399994e+00 1.88399994e+00
    1.88399994e+00 1.87500000e+00 1.82799995e+00 1.77999997e+00
    1.80900002e+00 1.85699999e+00 1.88399994e+00 1.88399994e+00
    1.88399994e+00 1.88399994e+00 1.88399994e+00 1.95099998e+00
    2.05100012e+00 2.12199998e+00 2.12199998e+00 2.12199998e+00
    2.17000008e+00 2.22300005e+00 2.24699998e+00 0. 0. 0. 0. 0. 0. 0. 0.
    0. 0. 0. 0. 0. 0. 0. 0. 1.35899997e+00 1.85200000e+00 1.88399994e+00
    1.88399994e+00 1.88399994e+00 1.88399994e+00 1.87500000e+00
    1.82799995e+00 1.77999997e+00 1.80400002e+00 1.84599996e+00
    1.87199998e+00 1.87800002e+00 1.88399994e+00 1.87699997e+00
    1.87100005e+00 1.92799997e+00 2.01500010e+00 2.07800007e+00
    2.08400011e+00 2.08999991e+00 2.13899994e+00 2.19099998e+00
    2.21499991e+00 0. 0. 0. 0. 0. 0. 0. 0. 0. 0. 0. 0. 0. 0.
    1.27999997e+00 1.35899997e+00 1.61300004e+00 1.86699998e+00
    1.88399994e+00 1.88399994e+00 1.88399994e+00 1.88399994e+00
    1.87500000e+00 1.82799995e+00 1.77999997e+00 1.78799999e+00
    1.80900002e+00 1.83299994e+00 1.85899997e+00 1.88300002e+00
    1.85599995e+00 1.83000004e+00 1.85200000e+00 1.89699996e+00
    1.93599999e+00 1.96200001e+00 1.98899996e+00 2.03699994e+00
    2.08800006e+00 2.11100006e+00 0. 0. 0. 0. 0. 0. 0. 0. 0. 0. 0. 0. 0.
    0. 1.84700000e+00 1.85200000e+00 1.86699998e+00 1.88300002e+00
    1.88399994e+00 1.88399994e+00 1.88399994e+00 1.88399994e+00
    1.87500000e+00 1.82799995e+00 1.77999997e+00 1.77199996e+00
    1.77300000e+00 1.79400003e+00 1.84000003e+00 1.88199997e+00
    1.83500004e+00 1.78900003e+00 1.77600002e+00 1.77900004e+00
    1.79400003e+00 1.84099996e+00 1.88699996e+00 1.93499994e+00
    1.98399997e+00 2.00699997e+00 0. 0. 0. 0. 0. 0. 0. 0. 0. 0. 0. 0. 0.
    0. 1.92999995e+00 1.92400002e+00 1.90400004e+00 1.88499999e+00
    1.88399994e+00 1.88399994e+00 1.88399994e+00 1.88399994e+00
    1.87500000e+00 1.82799995e+00 1.77999997e+00 1.77100003e+00
    1.77100003e+00 1.79100001e+00 1.83899999e+00 1.88199997e+00
    1.83399999e+00 1.78699994e+00 1.77100003e+00 1.77100003e+00
    1.77999997e+00 1.80799997e+00 1.83700001e+00 1.86699998e+00
    1.89600003e+00 1.90999997e+00 0. 0. 0. 0. 0. 0. 0. 0. 0. 0. 0. 0. 0.
    0. 1.97800004e+00 1.96599996e+00 1.92600000e+00 1.88699996e+00
    1.88399994e+00 1.88399994e+00 1.88399994e+00 1.88399994e+00
    1.87500000e+00 1.82799995e+00 1.77999997e+00 1.77100003e+00
    1.77100003e+00 1.79100001e+00 1.83899999e+00 1.88199997e+00
    1.83399999e+00 1.78699994e+00 1.77100003e+00 1.77100003e+00
    1.77400005e+00 1.78199995e+00 1.79100001e+00 1.79999995e+00
    1.80900002e+00 1.81400001e+00 0. 0. 0. 0. 0. 0. 0. 0. 0. 0. 0. 0. 0.
    0. 2. 1.98800004e+00 1.95099998e+00 1.91400003e+00 1.91100001e+00
    1.91100001e+00 1.91100001e+00 1.91100001e+00 1.90499997e+00
    1.86800003e+00 1.83200002e+00 1.82500005e+00 1.82500005e+00
    1.84000003e+00 1.87699997e+00 1.90799999e+00 1.84899998e+00
    1.78999996e+00 1.77100003e+00 1.77100003e+00 1.77100003e+00
    1.77100003e+00 1.77100003e+00 1.76100004e+00 1.75100005e+00
    1.74600005e+00 0. 0. 0. 0. 0. 0. 0. 0. 0. 0. 0. 0. 0. 0. 2.
    1.99500000e+00 1.97800004e+00 1.96099997e+00 1.96000004e+00
    1.96000004e+00 1.96000004e+00 1.96000004e+00 1.95700002e+00
    1.94099998e+00 1.92400002e+00 1.92100000e+00 1.92100000e+00
    1.92799997e+00 1.94400001e+00 1.95599997e+00 1.87699997e+00
    1.79700005e+00 1.77100003e+00 1.77100003e+00 1.77100003e+00
    1.77100003e+00 1.77100003e+00 1.74399996e+00 1.71399999e+00
    1.70000005e+00 0. 0. 0. 0. 0. 0. 0. 0. 0. 0. 0. 0. 0. 0. 2. 2. 2. 2.
    2. 2. 2. 2. 2. 2. 2. 2. 2. 2. 2. 1.99500000e+00 1.90300000e+00
    1.80999994e+00 1.77699995e+00 1.77400005e+00 1.77100003e+00
    1.77100003e+00 1.77100003e+00 1.72899997e+00 1.68400002e+00
    1.66299999e+00 0. 0. 0. 0. 0. 0. 0. 0. 0. 0. 0. 0. 0. 0. 2. 2. 2. 2.
    2. 2. 2. 2. 2. 2. 2. 2. 2. 2. 2. 1.99600005e+00 1.92400002e+00
    1.85099995e+00 1.81099999e+00 1.78799999e+00 1.77100003e+00
    1.77100003e+00 1.77100003e+00 1.72899997e+00 1.68400002e+00
    1.66299999e+00 0. 0. 0. 0. 0. 0. 0. 0. 0. 0. 0. 0. 0. 0. 2. 2. 2. 2.
    2. 2. 2. 2. 2. 2. 2. 2. 2. 2. 2. 1.99699998e+00 1.94500005e+00
    1.89199996e+00 1.84500003e+00 1.80200005e+00 1.77100003e+00
    1.77100003e+00 1.77100003e+00 1.72899997e+00 1.68400002e+00
    1.66299999e+00 0. 0. 0. 0. 0. 0. 0. 0. 0. 0. 0. 0. 0. 0. 2. 2. 2. 2.
    2. 2. 2. 2. 2. 2. 2. 2. 2. 2. 2. 1.99800003e+00 1.94900000e+00
    1.89999998e+00 1.85200000e+00 1.80400002e+00 1.77100003e+00
    1.77100003e+00 1.77100003e+00 1.72899997e+00 1.68400002e+00
    1.66299999e+00 0. 0. 0. 0. 0. 0. 0. 0. 0. 0. 0. 0. 0. 0. 2. 2. 2. 2.
    2. 2. 2. 2. 2. 2. 2. 2. 2. 2. 2. 1.99800003e+00 1.94900000e+00
    1.89999998e+00 1.85200000e+00 1.80400002e+00 1.77100003e+00
    1.77100003e+00 1.77100003e+00 1.72899997e+00 1.68400002e+00
    1.66299999e+00 0. 0. 0. 0. 0. 0. 0. 0. 0. 0. 0. 0. 0. 0. 2. 2. 2. 2.
    2. 2. 2. 2. 2. 2. 2. 2. 2. 1.79499996e+00 1.31299996e+00 0.
    1.31900001e+00 1.75999999e+00 1.87899995e+00 1.84000003e+00
    1.80999994e+00 1.80100000e+00 1.79200006e+00 1.75699997e+00
    1.72000003e+00 1.70299995e+00 0. 0. 0. 0. 0. 0. 0. 0. 0. 0. 0. 0. 0.
    0. 2. 2. 2. 2. 2. 2. 2. 2. 2. 2. 2. 2. 2. 1.31299996e+00 0. 0. 0.
    1.43299997e+00 1.94099998e+00 1.92200005e+00 1.89999998e+00
    1.87000000e+00 1.84099996e+00 1.82200003e+00 1.80400002e+00
    1.79600000e+00 0. 0. 0. 0. 0. 0. 0. 0. 0. 0. 0. 0. 0. 0.
    1.99500000e+00 1.99500000e+00 1.99500000e+00 1.99500000e+00
    1.99500000e+00 1.99500000e+00 1.99600005e+00 1.99800003e+00 2. 2. 2.
    1.95500004e+00 1.89900005e+00 0. 0. 0. 0. 1.00699997e+00
    1.90400004e+00 1.96000004e+00 1.98599994e+00 1.93799996e+00
    1.88999999e+00 1.83500004e+00 1.77900004e+00 1.75300002e+00 0. 0. 0.
    0. 0. 0. 0. 0. 0. 0. 0. 0. 0. 0. 1.89900005e+00 1.89900005e+00
    1.89900005e+00 1.89900005e+00 1.89900005e+00 1.89900005e+00
    1.92299998e+00 1.96500003e+00 2. 2. 2. 1.04799998e+00 0. 0. 0. 0. 0.
    0. 0. 1.16600001e+00 1.99199998e+00 1.96500003e+00 1.93700004e+00 0.
    0. 0. 0. 0. 0. 0. 0. 0. 0. 0. 0. 0. 0. 0. 0. 0. 1.80299997e+00
    1.80299997e+00 1.80299997e+00 1.80299997e+00 1.80299997e+00
    1.80299997e+00 1.84899998e+00 1.93200004e+00 2. 2. 2. 0. 0. 0. 0. 0.
    0. 0. 0. 0. 1.99800003e+00 1.99100006e+00 1.98500001e+00 0. 0. 0. 0.
    0. 0. 0. 0. 0. 0. 0. 0. 0. 0. 0. 0. 0. 1.77100003e+00 1.77100003e+00
    1.77100003e+00 1.77100003e+00 1.77100003e+00 1.77100003e+00
