<?xml version="1.0"?>
<opencv_storage>
<Depth type_id="opencv-matrix">
  <rows>40</rows>
  <cols>40</cols>
  <dt>f</dt>
  <data>
    0. 0. 0. 0. 0. 0. 0. 0. 0. 0. 0. 0. 0. 0. 0. 0. 0. 0. 0. 0. 0. 0. 0.
    0. 0. 0. 0. 0. 0. 0. 0. 0. 0. 0. 0. 0. 0. 0. 0. 0. 0. 0. 0. 0. 0. 0.
    0. 0. 0. 0. 0. 0. 0. 0. 0. 0. 0. 0. 0. 0. 0. 0. 0. 0. 0. 0. 0. 0. 0.
    0. 0. 0. 0. 0. 0. 0. 0. 0. 0. 0. 0. 0. 0. 0. 0. 0. 0. 0. 0. 0. 0. 0.
    0. 0. 0. 0. 0. 0. 0. 0. 0. 0. 0. 0. 0. 0. 0. 0. 0. 0. 0. 0. 0. 0. 0.
    0. 0. 0. 0. 0. 0. 0. 0. 0. 0. 0. 0. 0. 0. 0. 0. 0. 0. 0. 0. 0. 0. 0.
    0. 0. 0. 0. 0. 0. 0. 0. 0. 0. 0. 0. 0. 0. 0. 0. 0. 0. 0. 0. 0. 0. 0.
    0. 0. 0. 0. 0. 0. 0. 0. 0. 0. 0. 0. 0. 0. 0. 0. 0. 0. 0. 0. 0. 0. 0.
    0. 0. 0. 0. 0. 0. 0. 0. 0. 0. 0. 0. 0. 0. 0. 0. 0. 0. 0. 0. 0. 0. 0.
    0. 0. 0. 0. 0. 0. 0. 0. 0. 0. 0. 0. 0. 0. 0. 0. 0. 0. 0. 0. 0. 0. 0.
    0. 0. 0. 0. 0. 0. 0. 0. 0. 0. 0. 0. 0. 0. 0. 0. 0. 0. 0. 0. 0. 0. 0.
    0. 0. 0. 0. 0. 0. 0. 0. 0. 0. 0. 0. 0. 0. 0. 0. 0. 0. 0. 0. 0. 0. 0.
    0. 0. 0. 0. 0. 0. 0. 0. 0. 0. 0. 0. 0. 0. 0. 0. 0. 0. 0. 0. 0. 0. 0.
    0. 0. 0. 0. 0. 0. 0. 0. 0. 0. 0. 0. 0. 0. 0. 0. 0. 0. 0. 0. 0. 0. 0.
    0. 0. 0. 0. 0. 0. 0. 0. 0. 0. 0. 0. 0. 0. 0. 0. 0. 0. 0. 0. 0. 0. 0.
    0. 0. 0. 0. 0. 0. 0. 0. 0. 0. 0. 0. 0. 0. 0. 0. 0. 0. 0. 0. 0. 0. 0.
    0. 0. 0. 0. 0. 0. 0. 0. 0. 0. 0. 0. 0. 0. 0. 0. 0. 0. 0. 0. 0. 0. 0.
    0. 0. 0. 0. 0. 0. 0. 0. 0. 0. 0. 0. 0. 0. 0. 0. 0. 0. 0. 0. 0. 0. 0.
    0. 0. 0. 0. 0. 0. 0. 0. 0. 0. 0. 0. 0. 0. 0. 0. 0. 0. 0. 0. 0. 0. 0.
    0. 0. 0. 2.25000000e+00 2.22399998e+00 2.18000007e+00 2.16400003e+00
    2.16400003e+00 2.13400006e+00 2.09100008e+00 2.08100009e+00
    2.08100009e+00 2.08100009e+00 2.08100009e+00 2.08100009e+00
    2.08100009e+00 2.08100009e+00 2.08100009e+00 2.08100009e+00
    2.07900000e+00 2.03699994e+00 2. 2. 2. 2. 2. 2. 2. 2. 2. 2.
    2.18799996e+00 2.67000008e+00 2.93600011e+00 2.93600011e+00
    2.93600011e+00 2.93600011e+00 2.96900010e+00 0. 0. 0. 0. 0.
    2.25000000e+00 2.23099995e+00 2.19899988e+00 2.18700004e+00
    2.18700004e+00 2.15700006e+00 2.11400008e+00 2.09500003e+00
    2.08299994e+00 2.08100009e+00 2.08100009e+00 2.08100009e+00
    2.08100009e+00 2.08100009e+00 2.08100009e+00 2.08100009e+00
    2.07900000e+00 2.03699994e+00 2. 2. 2. 2. 2. 2. 2. 2. 2. 2.
    2.13700008e+00 2.48699999e+00 2.74000001e+00 2.87100005e+00
    2.93600011e+00 2.93600011e+00 2.96900010e+00 0. 0. 0. 0. 0.
    2.25000000e+00 2.24399996e+00 2.23499990e+00 2.23200011e+00
    2.23200011e+00 2.20099998e+00 2.15700006e+00 2.12100005e+00
    2.08699989e+00 2.08100009e+00 2.08100009e+00 2.08100009e+00
    2.08100009e+00 2.08100009e+00 2.08100009e+00 2.08100009e+00
    2.07900000e+00 2.03699994e+00 2. 2. 2. 2. 2. 2. 2. 2. 2. 2.
    2.03999996e+00 2.14299989e+00 2.36899996e+00 2.74799991e+00
    2.93600011e+00 2.93600011e+00 2.96900010e+00 0. 0. 2.97499990e+00
    2.96000004e+00 2.96000004e+00 2.24399996e+00 2.25000000e+00
    2.25000000e+00 2.25000000e+00 2.25000000e+00 2.21900010e+00
    2.17499995e+00 2.13199997e+00 2.08899999e+00 2.08100009e+00
    2.08100009e+00 2.08100009e+00 2.08100009e+00 2.06900001e+00
    2.05699992e+00 2.05699992e+00 2.05500007e+00 2.02600002e+00 2. 2. 2.
    2. 2. 2. 2. 2. 2. 2. 2. 2. 2.14499998e+00 2.46900010e+00
    2.63000011e+00 2.63000011e+00 2.64599991e+00 2.67499995e+00
    2.66100001e+00 2.61999989e+00 2.60700011e+00 2.60700011e+00
    2.23499990e+00 2.25000000e+00 2.25000000e+00 2.25000000e+00
    2.25000000e+00 2.21900010e+00 2.17499995e+00 2.13199997e+00
    2.08899999e+00 2.08100009e+00 2.08100009e+00 2.08100009e+00
    2.08100009e+00 2.04900002e+00 2.01500010e+00 2.01500010e+00
    2.01500010e+00 2.00699997e+00 2. 2. 2. 2. 2. 2. 2. 2. 2. 2. 2. 2.
    2.02500010e+00 2.08100009e+00 2.10800004e+00 2.10800004e+00
    2.09599996e+00 2.07500005e+00 2.05999994e+00 2.04900002e+00
    2.04600000e+00 2.04600000e+00 2.20300007e+00 2.23000002e+00
    2.24499989e+00 2.25000000e+00 2.25000000e+00 2.21900010e+00
    2.17499995e+00 2.13199997e+00 2.08899999e+00 2.06999993e+00
    2.05599999e+00 2.05399990e+00 2.05399990e+00 2.02800012e+00 2. 2. 2.
    2. 2. 2. 2. 2. 2. 2. 2. 2. 2. 2. 2. 2. 1.98199999e+00 1.94200003e+00
    1.91499996e+00 1.90199995e+00 1.88199997e+00 1.85599995e+00
    1.84599996e+00 1.84599996e+00 1.84599996e+00 1.84599996e+00
    2.15899992e+00 2.19899988e+00 2.23699999e+00 2.25000000e+00
    2.25000000e+00 2.21900010e+00 2.17499995e+00 2.13199997e+00
    2.08899999e+00 2.05200005e+00 2.01699996e+00 2.01200008e+00
    2.01200008e+00 2.00600004e+00 2. 2. 2. 2. 2. 2. 2. 2. 2. 2. 2. 2. 2.
    2. 2. 2. 1.98199999e+00 1.94200003e+00 1.90499997e+00 1.87199998e+00
    1.85399997e+00 1.84800005e+00 1.84599996e+00 1.84599996e+00
    1.84599996e+00 1.84599996e+00 2.14599991e+00 2.19000006e+00
    2.23399997e+00 2.25000000e+00 2.25000000e+00 2.20799994e+00
    2.14800000e+00 2.11299992e+00 2.08599997e+00 2.04699993e+00
    2.00500011e+00 2. 2. 2.01399994e+00 2.02900004e+00 2.02900004e+00
    2.02900004e+00 2.01300001e+00 2. 2. 2. 2. 2. 2. 2. 2. 2. 2.
    1.99399996e+00 1.98000002e+00 1.96000004e+00 1.93499994e+00
    1.90199995e+00 1.86300004e+00 1.84599996e+00 1.84599996e+00
    1.84599996e+00 1.84599996e+00 1.84599996e+00 1.84599996e+00
    2.14599991e+00 2.19000006e+00 2.23399997e+00 2.25000000e+00
    2.25000000e+00 2.19300008e+00 2.11100006e+00 2.08699989e+00
    2.08200002e+00 2.04699993e+00 2.00500011e+00 2. 2. 2.03399992e+00
    2.06999993e+00 2.07100010e+00 2.06900001e+00 2.03299999e+00 2. 2. 2.
    2. 2. 2. 2. 2. 2. 2. 1.98599994e+00 1.95099998e+00 1.92900002e+00
    1.92400002e+00 1.90199995e+00 1.86300004e+00 1.84599996e+00
    1.84599996e+00 1.84599996e+00 1.84599996e+00 1.84599996e+00
    1.84599996e+00 1.97500002e+00 2.14700007e+00 2.17400002e+00
    2.18400002e+00 2.18400002e+00 2.14700007e+00 2.09400010e+00
    2.08100009e+00 2.08100009e+00 2.04699993e+00 2.00500011e+00 2. 2.
    2.03900003e+00 2.08100009e+00 2.08100009e+00 2.07900000e+00
    2.03699994e+00 2. 2. 2. 2. 2. 2. 2. 2. 2. 2. 1.98399997e+00
    1.94400001e+00 1.92200005e+00 1.92200005e+00 1.90999997e+00
    1.88600004e+00 1.86699998e+00 1.85200000e+00 1.84599996e+00
    1.84599996e+00 1.84599996e+00 1.84599996e+00 1.74899995e+00
    2.09100008e+00 2.09599996e+00 2.09699988e+00 2.09699988e+00
    2.09100008e+00 2.08299994e+00 2.08100009e+00 2.08100009e+00
    2.04699993e+00 2.00500011e+00 2. 2. 2.03900003e+00 2.08100009e+00
    2.08100009e+00 2.07900000e+00 2.03699994e+00 2. 2. 2. 2. 2. 2. 2. 2.
    2. 2. 1.98399997e+00 1.94400001e+00 1.92200005e+00 1.92200005e+00
    1.91999996e+00 1.91600001e+00 1.89499998e+00 1.85899997e+00
    1.84599996e+00 1.84599996e+00 1.84599996e+00 1.84599996e+00 0. 0. 0.
    0. 1.10399997e+00 0. 0. 0. 1.19099998e+00 1.30999994e+00
    1.28600001e+00 1.62100005e+00 2.00699997e+00 2.05699992e+00
    2.08100009e+00 2.08100009e+00 2.07900000e+00 2.03699994e+00 2. 2. 2.
    2. 2. 2. 1.99500000e+00 1.97800004e+00 1.96700001e+00 1.96700001e+00
    1.95799994e+00 1.93499994e+00 1.92200005e+00 1.92200005e+00
    1.92200005e+00 1.92200005e+00 1.89999998e+00 1.86099994e+00
    1.84599996e+00 1.84599996e+00 1.84599996e+00 1.84599996e+00 0. 0. 0.
    0. 0. 0. 0. 0. 0. 0. 0. 1.15600002e+00 2.01600003e+00 2.07800007e+00
    2.08100009e+00 2.08100009e+00 2.07900000e+00 2.03699994e+00 2. 2. 2.
    2. 2. 2. 1.99000001e+00 1.95200002e+00 1.92700005e+00 1.92700005e+00
    1.92600000e+00 1.92299998e+00 1.92200005e+00 1.92200005e+00
    1.92200005e+00 1.92200005e+00 1.89999998e+00 1.86099994e+00
    1.84599996e+00 1.84599996e+00 1.84599996e+00 1.84599996e+00 0. 0. 0.
    0. 0. 0. 0. 0. 0. 0. 0. 0. 0. 0. 2.06599998e+00 2.08100009e+00
    2.07999992e+00 2.05699992e+00 2.03600001e+00 2.03600001e+00
    2.03600001e+00 2.03600001e+00 2.03200006e+00 2.01399994e+00
    1.98899996e+00 1.94900000e+00 1.91600001e+00 1.89900005e+00
    1.88800001e+00 1.88800001e+00 1.89600003e+00 1.91299999e+00
    1.92200005e+00 1.92200005e+00 1.90999997e+00 1.88800001e+00
