<?xml version="1.0"?>
<opencv_storage>
<Depth type_id="opencv-matrix">
  <rows>40</rows>
  <cols>40</cols>
  <dt>f</dt>
  <data>
    0. 0. 0. 0. 0. 0. 0. 0. 0. 0. 2.10999990e+00 2.08599997e+00
    2.05399990e+00 2.05399990e+00 2.04200006e+00 2.01900005e+00
    2.00699997e+00 2. 2. 2. 2. 2. 2.01699996e+00 2.04999995e+00
    2.08500004e+00 2.10999990e+00 2.10999990e+00 2.13499999e+00
    2.16799998e+00 0. 0. 0. 0. 0. 0. 0. 0. 0. 0. 0. 0. 0. 0. 0. 0. 0. 0.
    0. 0. 0. 2.10999990e+00 2.08599997e+00 2.05399990e+00 2.05399990e+00
    2.05299997e+00 2.05100012e+00 2.02200007e+00 2. 2. 2. 2. 2.
    2.01699996e+00 2.04999995e+00 2.08500004e+00 2.10999990e+00
    2.10999990e+00 2.13499999e+00 2.16799998e+00 0. 0. 0. 0. 0. 0. 0. 0.
    0. 0. 0. 0. 0. 0. 0. 0. 0. 0. 0. 0. 0. 2.07900000e+00 2.06800008e+00
    2.05399990e+00 2.05399990e+00 2.05399990e+00 2.05399990e+00
    2.04099989e+00 2.02999997e+00 2.02999997e+00 2.02999997e+00
    2.02999997e+00 2.02999997e+00 2.03699994e+00 2.05200005e+00
    2.08500004e+00 2.11599994e+00 2.13599992e+00 2.15300012e+00
    2.16799998e+00 0. 0. 0. 0. 0. 0. 0. 0. 0. 0. 0. 0. 0. 0. 0. 0. 0. 0.
    0. 0. 0. 2.05399990e+00 2.05399990e+00 2.05399990e+00 2.05399990e+00
    2.05399990e+00 2.05399990e+00 2.05399990e+00 2.05399990e+00
    2.05399990e+00 2.05399990e+00 2.05399990e+00 2.05399990e+00
    2.05399990e+00 2.05399990e+00 2.08500004e+00 2.11999989e+00
    2.15700006e+00 2.16799998e+00 2.16799998e+00 0. 0. 0. 0. 0. 0. 0. 0.
    0. 0. 0. 0. 0. 0. 0. 0. 0. 0. 0. 0. 0. 2.05399990e+00 2.05399990e+00
    2.05399990e+00 2.05399990e+00 2.05399990e+00 2.05399990e+00
    2.05399990e+00 2.05399990e+00 2.05399990e+00 2.05399990e+00
    2.05399990e+00 2.05399990e+00 2.05399990e+00 2.05399990e+00
    2.08500004e+00 2.11999989e+00 2.15700006e+00 2.16799998e+00
    2.16799998e+00 0. 0. 0. 0. 0. 0. 0. 0. 0. 0. 0. 0. 0. 0. 0. 0. 0. 0.
    0. 0. 0. 2.05399990e+00 2.05399990e+00 2.05399990e+00 2.05399990e+00
    2.05399990e+00 2.05399990e+00 2.06800008e+00 2.07800007e+00
    2.07800007e+00 2.07800007e+00 2.07800007e+00 2.07800007e+00
    2.07800007e+00 2.07800007e+00 2.09599996e+00 2.11999989e+00
    2.15700006e+00 2.16799998e+00 2.16799998e+00 0. 0. 0. 0. 0. 0. 0. 0.
    0. 0. 0. 0. 0. 0. 0. 0. 0. 0. 0. 0. 0. 2.04500008e+00 2.04900002e+00
    2.05399990e+00 2.05399990e+00 2.05399990e+00 2.05399990e+00
    2.08400011e+00 2.10700011e+00 2.10700011e+00 2.10700011e+00
    2.10700011e+00 2.10899997e+00 2.10999990e+00 2.10999990e+00
    2.10999990e+00 2.11999989e+00 2.15700006e+00 2.16799998e+00
    2.16799998e+00 0. 0. 0. 0. 0. 0. 0. 0. 0. 0. 0. 0. 0. 0. 0. 0. 0. 0.
    0. 0. 0. 1.94599998e+00 1.99300003e+00 2.05399990e+00 2.05399990e+00
    2.05399990e+00 2.05399990e+00 2.06399989e+00 2.07200003e+00
    2.07200003e+00 2.07200003e+00 2.07399988e+00 2.09800005e+00
    2.10999990e+00 2.10999990e+00 2.10999990e+00 2.11999989e+00
    2.15700006e+00 2.16799998e+00 2.16799998e+00 0. 0. 0. 0. 0. 0. 0. 0.
    0. 0. 0. 0. 0. 0. 0. 0. 0. 0. 0. 0. 0. 1.89499998e+00 1.95000005e+00
    2.02300000e+00 2.04399991e+00 2.05399990e+00 2.05399990e+00
    2.05399990e+00 2.05399990e+00 2.05399990e+00 2.05399990e+00
    2.05699992e+00 2.09200001e+00 2.10999990e+00 2.10999990e+00
    2.10999990e+00 2.11700010e+00 2.14199996e+00 2.15000010e+00
    2.15000010e+00 0. 0. 0. 0. 0. 0. 0. 0. 0. 0. 0. 0. 0. 0. 0. 0. 0. 0.
    0. 0. 0. 1.89499998e+00 1.92100000e+00 1.96000004e+00 2.02200007e+00
    2.05399990e+00 2.05399990e+00 2.05399990e+00 2.05399990e+00
    2.05399990e+00 2.05399990e+00 2.05699992e+00 2.09200001e+00
    2.10999990e+00 2.10999990e+00 2.10999990e+00 2.11100006e+00
    2.11299992e+00 2.11400008e+00 2.11400008e+00 0. 0. 0. 0. 0. 0. 0. 0.
    0. 0. 0. 0. 0. 0. 0. 0. 0. 0. 0. 0. 0. 1.92299998e+00 1.93299997e+00
    1.95299995e+00 2.01999998e+00 2.04500008e+00 2.02600002e+00
    2.02399993e+00 2.02399993e+00 2.02399993e+00 2.02399993e+00
    2.02699995e+00 2.06100011e+00 2.08800006e+00 2.10800004e+00
    2.10999990e+00 2.10999990e+00 2.10999990e+00 2.10999990e+00
    2.10999990e+00 0. 0. 0. 0. 0. 0. 0. 0. 0. 0. 0. 0. 0. 0. 0. 0. 0. 0.
    0. 0. 0. 1.94599998e+00 1.95000005e+00 1.96200001e+00 2.02300000e+00
    2.03699994e+00 2.00399995e+00 2. 2. 2. 2. 2.00300002e+00
    2.02999997e+00 2.06100011e+00 2.09599996e+00 2.10599995e+00
    2.11199999e+00 2.11800003e+00 2.11999989e+00 2.11999989e+00 0. 0. 0.
    0. 0. 0. 0. 0. 0. 0. 0. 0. 0. 0. 0. 0. 0. 0. 0. 0. 0. 1.94599998e+00
    1.96500003e+00 1.99300003e+00 2.03399992e+00 2.03699994e+00
    2.00399995e+00 2. 2. 2. 2. 2.00099993e+00 2.00699997e+00
    2.02699995e+00 2.06100011e+00 2.08999991e+00 2.11800003e+00
    2.14700007e+00 2.15700006e+00 2.15700006e+00 0. 0. 0. 0. 0. 0. 0. 0.
    0. 0. 0. 0. 0. 0. 0. 0. 0. 0. 0. 0. 0. 1.96899998e+00 1.99300003e+00
    2.02500010e+00 2.04399991e+00 2.04399991e+00 2.02500010e+00
    2.00999999e+00 2. 2. 2. 2. 2. 2.01699996e+00 2.04999995e+00
    2.08500004e+00 2.11999989e+00 2.15700006e+00 2.16799998e+00
    2.16799998e+00 0. 0. 0. 0. 0. 0. 0. 0. 0. 0. 0. 0. 0. 0. 0. 0. 0. 0.
    0. 0. 0. 2. 2.02399993e+00 2.05399990e+00 2.05399990e+00
    2.05399990e+00 2.05399990e+00 2.02500010e+00 2.00200009e+00
    2.00099993e+00 2. 2. 2. 2.01699996e+00 2.04999995e+00 2.08500004e+00
    2.11999989e+00 2.15700006e+00 2.21900010e+00 2.28800011e+00 0. 0. 0.
    0. 0. 0. 0. 0. 0. 0. 0. 0. 0. 0. 0. 0. 0. 0. 0. 0. 0. 2.
    2.02399993e+00 2.05399990e+00 2.05399990e+00 2.05399990e+00
    2.05399990e+00 2.04399991e+00 2.02999997e+00 2.00699997e+00 2. 2. 2.
    2.01699996e+00 2.04999995e+00 2.08500004e+00 2.11999989e+00
    2.15700006e+00 2.83100009e+00 0. 0. 0. 0. 0. 0. 0. 0. 0. 0. 0. 0. 0.
    0. 0. 0. 0. 0. 0. 0. 0. 0. 2. 2.02399993e+00 2.05500007e+00
    2.06599998e+00 2.06599998e+00 2.05500007e+00 2.04500008e+00
    2.03099990e+00 2.00699997e+00 2. 2. 2. 2.01699996e+00 2.04999995e+00
    2.08500004e+00 2.11999989e+00 2.15700006e+00 0. 0. 0. 0. 0. 0. 0. 0.
    0. 0. 0. 0. 0. 0. 0. 0. 0. 0. 0. 0. 0. 0. 0. 2. 2.02399993e+00
    2.05699992e+00 2.08999991e+00 2.08999991e+00 2.05699992e+00
    2.02600002e+00 2.00300002e+00 2.00099993e+00 2. 2. 2. 2.01699996e+00
    2.04999995e+00 2.08500004e+00 2.11999989e+00 2.15700006e+00 0. 0. 0.
    0. 0. 0. 0. 0. 0. 0. 0. 0. 0. 0. 0. 0. 0. 0. 0. 0. 0. 0. 0.
    2.02999997e+00 2.03999996e+00 2.05599999e+00 2.07100010e+00
    2.07100010e+00 2.05599999e+00 2.02399993e+00 2. 2. 2. 2. 2.
    2.01699996e+00 2.04999995e+00 2.08500004e+00 2.11999989e+00
    2.15700006e+00 2.62299991e+00 0. 0. 0. 0. 0. 0. 0. 0. 0. 0. 0. 0. 0.
    0. 0. 0. 0. 0. 0. 0. 0. 0. 2.05399990e+00 2.05399990e+00
    2.05399990e+00 2.05399990e+00 2.05100012e+00 2.04500008e+00
    2.01999998e+00 2. 2. 2. 2. 2. 2.01699996e+00 2.04999995e+00
    2.08500004e+00 2.11999989e+00 2.15700006e+00 2.19300008e+00
    2.22700000e+00 0. 0. 0. 0. 0. 0. 0. 0. 0. 0. 0. 0. 0. 0. 0. 0. 0. 0.
    0. 0. 0. 2.05399990e+00 2.05399990e+00 2.05399990e+00 2.05399990e+00
    2.04099989e+00 2.01399994e+00 2.00500011e+00 2. 2. 2. 2. 2.
    2.01699996e+00 2.04999995e+00 2.08500004e+00 2.11999989e+00
    2.15700006e+00 2.19300008e+00 2.22700000e+00 0. 0. 0. 0. 0. 0. 0. 0.
    0. 0. 0. 0. 0. 0. 0. 0. 0. 0. 0. 0. 0. 2.05399990e+00 2.05399990e+00
    2.05399990e+00 2.05399990e+00 2.03699994e+00 2.00399995e+00 2. 2. 2.
    2. 2. 2. 2.02399993e+00 2.07200003e+00 2.09599996e+00 2.11999989e+00
    2.15700006e+00 2.18300009e+00 2.20199990e+00 0. 0. 0. 0. 0. 0. 0. 0.
    0. 0. 0. 0. 0. 0. 0. 0. 0. 0. 0. 0. 0. 2.05100012e+00 2.05299997e+00
    2.05399990e+00 2.05399990e+00 2.03699994e+00 2.00399995e+00 2. 2. 2.
    2. 2. 2.00200009e+00 2.03500009e+00 2.10200000e+00 2.11199999e+00
    2.12199998e+00 2.15499997e+00 2.16499996e+00 2.16499996e+00 0. 0. 0.
    0. 0. 0. 0. 0. 0. 0. 0. 0. 0. 0. 0. 0. 0. 0. 0. 0. 0. 2.01799989e+00
    2.03399992e+00 2.05399990e+00 2.05399990e+00 2.03699994e+00
    2.00399995e+00 2. 2. 2. 2. 2.00200009e+00 2.02500010e+00
    2.05900002e+00 2.10500002e+00 2.13199997e+00 2.14499998e+00
