<?xml version="1.0"?>
<opencv_storage>
<Depth type_id="opencv-matrix">
  <rows>40</rows>
  <cols>40</cols>
  <dt>f</dt>
  <data>
    0. 0. 0. 0. 0. 0. 0. 0. 0. 0. 0. 0. 0. 0. 0. 0. 0. 0. 0. 0. 0. 0. 0.
    0. 0. 0. 0. 0. 0. 0. 0. 0. 0. 0. 0. 0. 0. 0. 0. 0. 0. 0. 0. 0. 0. 0.
    0. 0. 0. 0. 0. 0. 0. 0. 0. 0. 0. 0. 0. 0. 0. 0. 0. 0. 0. 0. 0. 0. 0.
    0. 0. 0. 0. 0. 0. 0. 0. 0. 0. 0. 0. 0. 0. 0. 0. 0. 0. 0. 0. 0. 0. 0.
    0. 0. 0. 0. 0. 0. 0. 0. 0. 0. 0. 0. 0. 0. 0. 0. 0. 0. 0. 0. 0. 0. 0.
    0. 0. 0. 0. 0. 0. 0. 0. 0. 0. 0. 0. 0. 0. 0. 0. 0. 0. 0. 0. 0. 0. 0.
    0. 0. 0. 0. 0. 0. 0. 0. 0. 0. 0. 0. 0. 0. 0. 0. 0. 0. 0. 0. 0. 0. 0.
    0. 0. 0. 0. 0. 0. 0. 0. 0. 0. 0. 0. 0. 0. 0. 0. 0. 0. 0. 0. 0. 0. 0.
    0. 0. 0. 0. 0. 0. 0. 0. 0. 0. 0. 0. 0. 0. 0. 0. 0. 0. 0. 0. 0. 0. 0.
    0. 0. 0. 0. 0. 0. 0. 0. 0. 0. 0. 0. 0. 0. 0. 0. 0. 0. 0. 0. 0. 0. 0.
    0. 0. 0. 0. 0. 0. 0. 0. 0. 0. 0. 0. 0. 0. 0. 0. 0. 0. 0. 0. 0. 0. 0.
    0. 0. 0. 0. 0. 0. 0. 0. 0. 0. 0. 0. 0. 0. 0. 0. 0. 0. 0. 0. 0. 0. 0.
    0. 0. 0. 0. 0. 0. 0. 0. 0. 0. 0. 0. 0. 0. 0. 0. 0. 0. 0. 0. 0. 0. 0.
    0. 0. 0. 0. 0. 0. 0. 0. 0. 0. 0. 0. 0. 0. 0. 0. 0. 0. 0. 0. 0. 0. 0.
    0. 0. 0. 0. 0. 0. 0. 0. 0. 0. 0. 0. 0. 0. 0. 0. 0. 0. 0. 0. 0. 0. 0.
    0. 0. 0. 0. 0. 0. 0. 0. 0. 0. 0. 0. 0. 0. 0. 0. 0. 0. 0. 0. 0. 0. 0.
    0. 0. 0. 0. 0. 0. 0. 0. 0. 0. 0. 0. 0. 0. 0. 0. 0. 0. 0. 0. 0. 0. 0.
    0. 0. 0. 0. 0. 0. 0. 0. 0. 0. 0. 0. 0. 0. 0. 0. 0. 0. 0. 0. 0. 0. 0.
    0. 0. 0. 0. 0. 0. 0. 0. 0. 0. 0. 0. 0. 0. 0. 0. 0. 0. 0. 0. 0. 0. 0.
    0. 0. 0. 0. 0. 0. 0. 0. 0. 0. 0. 0. 0. 0. 0. 0. 0. 0. 0. 0. 0. 0. 0.
    0. 0. 0. 0. 0. 0. 0. 0. 0. 0. 0. 0. 0. 0. 0. 0. 0. 0. 0. 0. 0. 0. 0.
    0. 0. 0. 0. 0. 0. 0. 0. 0. 0. 0. 0. 0. 0. 0. 0. 0. 0. 0. 0. 0. 0. 0.
    0. 0. 0. 0. 0. 0. 0. 0. 0. 0. 0. 0. 0. 0. 1.78900003e+00
    1.79700005e+00 1.79700005e+00 1.79700005e+00 1.79700005e+00
    1.79700005e+00 1.82599998e+00 1.93700004e+00 2. 2. 2. 2. 2. 2.
    1.96500003e+00 1.93099999e+00 1.93099999e+00 1.94099998e+00
    1.97899997e+00 1.96700001e+00 1.89199996e+00 1.86300004e+00
    1.86300004e+00 1.89199996e+00 1.92900002e+00 1.89600003e+00
    1.86300004e+00 1.86300004e+00 1.86300004e+00 1.86300004e+00
    1.88000000e+00 1.91700006e+00 1.93099999e+00 1.93099999e+00
    1.99199998e+00 2.06900001e+00 2.07200003e+00 2.07200003e+00
    2.07200003e+00 2.07200003e+00 1.78900003e+00 1.79700005e+00
    1.79700005e+00 1.80799997e+00 1.81900001e+00 1.83099997e+00
    1.86300004e+00 1.95000005e+00 2. 2. 2. 2. 1.99100006e+00
    1.97899997e+00 1.95400000e+00 1.93099999e+00 1.93099999e+00
    1.93799996e+00 1.96399999e+00 1.95500004e+00 1.90499997e+00
    1.89199996e+00 1.90400004e+00 1.92600000e+00 1.95200002e+00
    1.92900002e+00 1.90499997e+00 1.89300001e+00 1.88499999e+00
    1.88499999e+00 1.90199995e+00 1.93900001e+00 1.95299995e+00
    1.95299995e+00 2.00500011e+00 2.06999993e+00 2.07200003e+00
    2.07200003e+00 2.07200003e+00 2.07200003e+00 1.78900003e+00
    1.79700005e+00 1.79700005e+00 1.82599998e+00 1.85699999e+00
    1.88900006e+00 1.92499995e+00 1.97300005e+00 2. 2. 2. 2.
    1.97500002e+00 1.94200003e+00 1.93599999e+00 1.93099999e+00
    1.93099999e+00 1.93200004e+00 1.93700004e+00 1.93599999e+00
    1.92600000e+00 1.94200003e+00 1.97399998e+00 1.98500001e+00
    1.99000001e+00 1.98599994e+00 1.97800004e+00 1.94500005e+00
    1.92200005e+00 1.92200005e+00 1.93900001e+00 1.97700000e+00
    1.99100006e+00 1.99100006e+00 2.02600002e+00 2.06999993e+00
    2.07200003e+00 2.07200003e+00 2.07200003e+00 2.07200003e+00
    1.84300005e+00 1.85200000e+00 1.85200000e+00 1.87199998e+00
    1.89300001e+00 1.91499996e+00 1.93700004e+00 1.95899999e+00
    1.97200000e+00 1.97200000e+00 1.97200000e+00 1.97200000e+00
    1.95500004e+00 1.93200004e+00 1.93099999e+00 1.93099999e+00
    1.93099999e+00 1.93099999e+00 1.93099999e+00 1.93099999e+00
    1.93099999e+00 1.95400000e+00 1.99199998e+00 2. 2. 2. 1.99699998e+00
    1.97500002e+00 1.95899999e+00 1.95899999e+00 1.96899998e+00
    1.99199998e+00 2. 2. 2.03099990e+00 2.07100010e+00 2.07200003e+00
    2.07200003e+00 2.07200003e+00 2.07200003e+00 1.91600001e+00
    1.92499995e+00 1.92499995e+00 1.92700005e+00 1.92799997e+00
    1.92999995e+00 1.93099999e+00 1.93299997e+00 1.93400002e+00
    1.93400002e+00 1.93400002e+00 1.93400002e+00 1.93299997e+00
    1.93099999e+00 1.93099999e+00 1.93099999e+00 1.93099999e+00
    1.93099999e+00 1.93099999e+00 1.93099999e+00 1.93099999e+00
    1.95400000e+00 1.99199998e+00 2. 2. 2. 2. 1.99800003e+00
    1.99699998e+00 1.99699998e+00 1.99800003e+00 1.99899995e+00 2. 2.
    2.03099990e+00 2.07100010e+00 2.07200003e+00 2.07200003e+00
    2.07200003e+00 2.07200003e+00 1.88800001e+00 1.91100001e+00
    1.92999995e+00 1.93099999e+00 1.93099999e+00 1.93099999e+00
    1.93099999e+00 1.93099999e+00 1.93099999e+00 1.93099999e+00
    1.93099999e+00 1.93099999e+00 1.93099999e+00 1.93099999e+00
    1.93099999e+00 1.93099999e+00 1.93099999e+00 1.93099999e+00
    1.93099999e+00 1.93900001e+00 1.95799994e+00 1.97700000e+00
    1.99600005e+00 2. 2. 2. 2. 2. 2. 2. 2. 2. 2. 2. 2.03099990e+00
    2.07100010e+00 2.07200003e+00 2.07200003e+00 2.07200003e+00
    2.07200003e+00 1.85399997e+00 1.89100003e+00 1.92799997e+00
    1.93099999e+00 1.93099999e+00 1.93099999e+00 1.93099999e+00
    1.93099999e+00 1.93200004e+00 1.93400002e+00 1.93299997e+00
    1.93099999e+00 1.93099999e+00 1.93099999e+00 1.93099999e+00
    1.93099999e+00 1.93099999e+00 1.93099999e+00 1.93099999e+00
    1.94799995e+00 1.98500001e+00 2. 2. 2. 2. 2. 2. 1.99800003e+00
    1.99699998e+00 1.99699998e+00 1.99699998e+00 1.99699998e+00
    1.99699998e+00 1.99699998e+00 2.02800012e+00 2.06699991e+00
    2.06999993e+00 2.07200003e+00 2.07200003e+00 2.07200003e+00
    1.85399997e+00 1.89100003e+00 1.92799997e+00 1.93099999e+00
    1.93099999e+00 1.93099999e+00 1.93099999e+00 1.93099999e+00
    1.94099998e+00 1.96300006e+00 1.95899999e+00 1.93599999e+00
    1.93099999e+00 1.93099999e+00 1.93099999e+00 1.93099999e+00
    1.93099999e+00 1.93099999e+00 1.93099999e+00 1.94799995e+00
    1.98500001e+00 2. 2. 2. 2. 2. 1.99699998e+00 1.97500002e+00
    1.95899999e+00 1.95899999e+00 1.95899999e+00 1.95899999e+00
    1.95899999e+00 1.95899999e+00 1.98899996e+00 2.02800012e+00
    2.05200005e+00 2.07200003e+00 2.07200003e+00 2.07200003e+00
    1.84700000e+00 1.87800002e+00 1.90900004e+00 1.92200005e+00
    1.93099999e+00 1.93099999e+00 1.93099999e+00 1.93099999e+00
    1.94700003e+00 1.98500001e+00 1.98099995e+00 1.94799995e+00
    1.93700004e+00 1.93099999e+00 1.93099999e+00 1.93099999e+00
    1.93099999e+00 1.93200004e+00 1.93799996e+00 1.95500004e+00
    1.98699999e+00 2. 2. 2. 2. 1.99000001e+00 1.97700000e+00
    1.94400001e+00 1.92100000e+00 1.92100000e+00 1.92100000e+00
    1.92100000e+00 1.92100000e+00 1.92100000e+00 1.95500004e+00
    1.99800003e+00 2.03800011e+00 2.07200003e+00 2.07200003e+00
    2.07200003e+00 1.82099998e+00 1.82599998e+00 1.83800006e+00
    1.88499999e+00 1.93099999e+00 1.93099999e+00 1.93099999e+00
    1.93099999e+00 1.94700003e+00 1.98500001e+00 1.99300003e+00
    1.98099995e+00 1.95899999e+00 1.93299997e+00 1.93099999e+00
    1.93099999e+00 1.93099999e+00 1.93799996e+00 1.96399999e+00
    1.98399997e+00 1.99500000e+00 2. 2. 2. 2. 1.95099998e+00
    1.90400004e+00 1.89300001e+00 1.88399994e+00 1.88399994e+00
    1.88399994e+00 1.88399994e+00 1.88399994e+00 1.88399994e+00
    1.93400002e+00 1.99800003e+00 2.03800011e+00 2.07200003e+00
    2.07200003e+00 2.07200003e+00 1.79299998e+00 1.78199995e+00
    1.78199995e+00 1.84899998e+00 1.91600001e+00 1.92499995e+00
    1.76999998e+00 1.14999998e+00 0. 0. 0. 0. 0. 0. 1.37600005e+00
    1.93099999e+00 1.93099999e+00 1.94099998e+00 1.97899997e+00 2. 2.
    2.00600004e+00 2.01500010e+00 1.51900005e+00 0. 1.37500000e+00
    1.86300004e+00 1.86300004e+00 1.86300004e+00 1.86300004e+00
    1.86300004e+00 1.86300004e+00 1.86300004e+00 1.86300004e+00
    1.92200005e+00 1.99699998e+00 1.42400002e+00 0. 1.65900004e+00
