<?xml version="1.0"?>
<opencv_storage>
<Depth type_id="opencv-matrix">
  <rows>40</rows>
  <cols>40</cols>
  <dt>f</dt>
  <data>
    0. 0. 0. 0. 0. 0. 0. 0. 0. 0. 0. 0. 0. 0. 0. 0. 0. 0. 0. 0. 0. 0. 0.
    0. 0. 0. 0. 0. 0. 0. 0. 0. 0. 0. 0. 0. 0. 0. 0. 0. 0. 0. 0. 0. 0. 0.
    0. 0. 0. 0. 0. 0. 0. 0. 0. 0. 0. 0. 0. 0. 0. 0. 0. 0. 0. 0. 0. 0. 0.
    0. 0. 0. 0. 0. 0. 0. 0. 0. 0. 0. 0. 0. 0. 0. 0. 0. 0. 0. 0. 0. 0. 0.
    0. 0. 0. 0. 0. 0. 0. 0. 0. 0. 0. 0. 0. 0. 0. 0. 0. 0. 0. 0. 0. 0. 0.
    0. 0. 0. 0. 0. 0. 0. 0. 0. 0. 0. 0. 0. 0. 0. 0. 0. 0. 0. 0. 0. 0. 0.
    0. 0. 0. 0. 0. 0. 0. 0. 0. 0. 0. 0. 0. 0. 0. 0. 0. 0. 0. 0. 0. 0. 0.
    0. 0. 0. 0. 0. 0. 0. 0. 0. 0. 0. 0. 0. 0. 0. 0. 0. 0. 0. 0. 0. 0. 0.
    0. 0. 0. 0. 0. 0. 0. 0. 0. 0. 0. 0. 0. 0. 0. 0. 0. 0. 0. 0. 0. 0. 0.
    0. 0. 0. 0. 0. 0. 0. 0. 0. 0. 0. 0. 0. 0. 0. 0. 0. 0. 0. 0. 0. 0. 0.
    0. 0. 0. 0. 0. 0. 0. 0. 0. 0. 0. 0. 0. 0. 0. 0. 0. 0. 0. 0. 0. 0. 0.
    0. 0. 0. 0. 0. 0. 0. 0. 0. 0. 0. 0. 0. 0. 0. 0. 0. 0. 0. 0. 0. 0. 0.
    0. 0. 0. 0. 0. 0. 0. 0. 0. 0. 0. 0. 0. 0. 0. 0. 0. 0. 0. 0. 0. 0. 0.
    0. 0. 0. 0. 0. 0. 0. 0. 0. 0. 0. 0. 0. 0. 0. 0. 0. 0. 0. 0. 0. 0. 0.
    0. 0. 0. 0. 0. 0. 0. 0. 0. 0. 0. 0. 0. 0. 0. 0. 0. 0. 0. 0. 0. 0. 0.
    0. 0. 0. 0. 0. 0. 0. 0. 0. 0. 0. 0. 0. 0. 0. 0. 0. 0. 0. 0. 0. 0. 0.
    0. 0. 0. 0. 0. 0. 0. 0. 0. 0. 0. 0. 0. 0. 0. 0. 0. 0. 0. 0. 0. 0. 0.
    0. 0. 0. 0. 0. 0. 0. 0. 0. 0. 0. 0. 0. 0. 0. 0. 0. 0. 0. 0. 0. 0. 0.
    0. 0. 0. 0. 0. 0. 0. 0. 0. 0. 0. 0. 0. 0. 0. 0. 0. 0. 0. 0. 0. 0. 0.
    0. 0. 0. 0. 0. 0. 0. 0. 0. 0. 0. 0. 0. 0. 0. 0. 0. 0. 0. 0. 0. 0. 0.
    0. 0. 0. 0. 0. 0. 0. 0. 0. 0. 0. 0. 0. 0. 0. 0. 0. 0. 0. 0.
    2.83999991e+00 2.82399988e+00 2.77399993e+00 2.75200009e+00
    2.75200009e+00 2.79200006e+00 2.83500004e+00 2.73600006e+00
    2.66599989e+00 2.66599989e+00 2.69199991e+00 2.74099994e+00
    2.47700000e+00 2.13400006e+00 2.13400006e+00 2.19099998e+00
    2.40000010e+00 2.50200009e+00 2.50200009e+00 2.50200009e+00
    2.50200009e+00 2.50200009e+00 2.46000004e+00 2.28900003e+00
    2.20300007e+00 2.20300007e+00 2.17400002e+00 2.13499999e+00
    2.13400006e+00 2.13400006e+00 2.13400006e+00 2.13400006e+00
    2.13400006e+00 2.10599995e+00 2.06800008e+00 2.02999997e+00
    1.99300003e+00 1.95700002e+00 1.93700004e+00 1.93700004e+00
    2.60899997e+00 2.57500005e+00 2.52900004e+00 2.50099993e+00
    2.48799992e+00 2.51099992e+00 2.54600000e+00 2.61599994e+00
    2.63100004e+00 2.50999999e+00 2.47000003e+00 2.50200009e+00
    2.33100009e+00 2.10999990e+00 2.10999990e+00 2.15000010e+00
    2.29900002e+00 2.36400008e+00 2.35100007e+00 2.34699988e+00
    2.34699988e+00 2.34699988e+00 2.31999993e+00 2.21000004e+00
    2.15400004e+00 2.15400004e+00 2.13599992e+00 2.10999990e+00
    2.10999990e+00 2.10700011e+00 2.09400010e+00 2.08599997e+00
    2.08599997e+00 2.05999994e+00 2.02200007e+00 1.99699998e+00
    1.97000003e+00 1.93400002e+00 1.91499996e+00 1.91499996e+00
    2.23900008e+00 2.17499995e+00 2.13599992e+00 2.09899998e+00
    2.06399989e+00 2.05999994e+00 2.07999992e+00 2.42300010e+00
    2.57399988e+00 2.25799990e+00 2.11299992e+00 2.11700010e+00
    2.09699988e+00 2.07100010e+00 2.07100010e+00 2.08500004e+00
    2.13700008e+00 2.14299989e+00 2.10800004e+00 2.09899998e+00
    2.09899998e+00 2.09899998e+00 2.09599996e+00 2.08299994e+00
    2.07599998e+00 2.07599998e+00 2.07399988e+00 2.07100010e+00
    2.07100010e+00 2.06299996e+00 2.02900004e+00 2.00999999e+00
    2.00999999e+00 1.98399997e+00 1.94799995e+00 1.94400001e+00
    1.93400002e+00 1.89900005e+00 1.87899995e+00 1.87899995e+00
    2.15499997e+00 2.09400010e+00 2.07500005e+00 2.04500008e+00
    2.00699997e+00 2. 2.00900006e+00 2.20099998e+00 2.28699994e+00
    2.11400008e+00 2.03299999e+00 2.03299999e+00 2.03299999e+00
    2.03299999e+00 2.03299999e+00 2.03900003e+00 2.05800009e+00
    2.05800009e+00 2.03800011e+00 2.03299999e+00 2.03299999e+00
    2.03299999e+00 2.03800011e+00 2.05699992e+00 2.06599998e+00
    2.06599998e+00 2.06599998e+00 2.06599998e+00 2.04800010e+00
    2.02900004e+00 2.00999999e+00 1.99199998e+00 1.97399998e+00
    1.95599997e+00 1.93799996e+00 1.93700004e+00 1.92999995e+00
    1.89400005e+00 1.87399995e+00 1.87399995e+00 2.11599994e+00
    2.06500006e+00 2.06299996e+00 2.04200006e+00 2.00699997e+00 2. 2. 2.
    2. 2. 2. 2. 2. 2. 2. 2. 2. 2. 2. 2. 2. 2. 2.00900006e+00
    2.04699993e+00 2.06599998e+00 2.06599998e+00 2.06599998e+00
    2.06599998e+00 2.02900004e+00 1.99899995e+00 1.99699998e+00
    1.98000002e+00 1.94700003e+00 1.93700004e+00 1.93700004e+00
    1.93499994e+00 1.92600000e+00 1.89300001e+00 1.87399995e+00
    1.87399995e+00 2.08599997e+00 2.05900002e+00 2.03500009e+00
    2.01699996e+00 2.00300002e+00 2. 2. 2. 2. 2. 2. 2. 2. 2. 2. 2. 2. 2.
    2. 2. 2. 2. 2.00900006e+00 2.04699993e+00 2.06599998e+00
    2.06599998e+00 2.06599998e+00 2.06599998e+00 2.02900004e+00
    1.99500000e+00 1.97200000e+00 1.95400000e+00 1.94099998e+00
    1.93700004e+00 1.93700004e+00 1.91499996e+00 1.89400005e+00
    1.88100004e+00 1.87399995e+00 1.87399995e+00 2.06599998e+00
    2.05399990e+00 2.01699996e+00 2. 2. 2. 2. 2. 2. 2. 2. 2. 2. 2. 2. 2.
    2. 2. 2. 2. 2. 2. 2.00900006e+00 2.04699993e+00 2.06599998e+00
    2.06599998e+00 2.05999994e+00 2.05299997e+00 2.02300000e+00
    1.99199998e+00 1.95599997e+00 1.93700004e+00 1.93700004e+00
    1.93700004e+00 1.93700004e+00 1.90300000e+00 1.87399995e+00
    1.87399995e+00 1.87399995e+00 1.87399995e+00 2.06599998e+00
    2.05399990e+00 2.01699996e+00 2. 2. 2. 2. 2. 2. 2. 2. 2. 2. 2. 2. 2.
    2. 2. 2. 2. 2. 2. 2.00900006e+00 2.04699993e+00 2.06599998e+00
    2.06599998e+00 2.04500008e+00 2.01600003e+00 2.00699997e+00
    1.99199998e+00 1.95599997e+00 1.93700004e+00 1.93700004e+00
    1.93700004e+00 1.93700004e+00 1.90300000e+00 1.87399995e+00
    1.87399995e+00 1.87399995e+00 1.87399995e+00 2.06599998e+00
    2.05399990e+00 2.01699996e+00 2. 2. 2. 2. 2. 2. 2. 2. 2. 2. 2. 2. 2.
    2. 2. 2. 2. 2. 2. 2.00600004e+00 2.03099990e+00 2.04299998e+00
    2.04299998e+00 2.02500010e+00 2. 2. 1.99199998e+00 1.95599997e+00
    1.93700004e+00 1.93700004e+00 1.93700004e+00 1.93700004e+00
    1.90300000e+00 1.87399995e+00 1.87399995e+00 1.87399995e+00
    1.87399995e+00 2.06599998e+00 2.05399990e+00 2.01699996e+00 2. 2. 2.
    2. 2. 2. 2. 2. 2. 2. 2. 2. 2. 2. 2. 2. 2. 2. 2. 2.00099993e+00
    2.00399995e+00 2.00600004e+00 2.00600004e+00 2.00300002e+00 2. 2.
    1.99199998e+00 1.95599997e+00 1.93700004e+00 1.93700004e+00
    1.93700004e+00 1.93700004e+00 1.90300000e+00 1.87399995e+00
    1.87399995e+00 1.87399995e+00 1.87399995e+00 2.06599998e+00
    2.05399990e+00 2.01699996e+00 2. 2. 2. 2. 2. 2. 2. 2. 2. 2. 2. 2. 2.
    2. 2. 2. 1.98699999e+00 1.97000003e+00 1.97000003e+00 1.97399998e+00
    1.99100006e+00 2. 2. 2. 2. 2. 1.99199998e+00 1.95599997e+00
    1.93700004e+00 1.93700004e+00 1.93700004e+00 1.93700004e+00
    1.91900003e+00 1.90100002e+00 1.88399994e+00 1.87399995e+00
    1.87399995e+00 2.06299996e+00 2.05100012e+00 2.01300001e+00
    1.99699998e+00 1.99699998e+00 1.99800003e+00 2. 2. 2. 2. 2. 2. 2. 2.
    2. 2. 2. 2. 2. 1.97300005e+00 1.93700004e+00 1.93700004e+00
    1.94599998e+00 1.98199999e+00 2. 2. 2. 2. 2. 1.99199998e+00
    1.95799994e+00 1.94000006e+00 1.94000006e+00 1.94000006e+00
    1.94000006e+00 1.94000006e+00 1.93299997e+00 1.89499998e+00
    1.87300003e+00 1.87100005e+00 2.02500010e+00 2.01399994e+00
    1.97700000e+00 1.96099997e+00 1.96099997e+00 1.97899997e+00 2. 2. 2.
    2. 2. 2. 2. 2. 2. 2. 2. 2. 2. 1.97300005e+00 1.93700004e+00
    1.93700004e+00 1.94599998e+00 1.98199999e+00 2. 2. 2. 2. 2.
    1.99699998e+00 1.98300004e+00 1.97599995e+00 1.97599995e+00
    1.97599995e+00 1.97599995e+00 1.97599995e+00 1.96399999e+00
    1.90600002e+00 1.86399996e+00 1.84300005e+00 2. 1.98899996e+00
    1.95299995e+00 1.93700004e+00 1.93700004e+00 1.96599996e+00 2. 2. 2.
    2. 2. 2. 2. 2. 2.00699997e+00 2.01099992e+00 2.00300002e+00 2. 2.
    1.97800004e+00 1.94900000e+00 1.94900000e+00 1.95799994e+00
