<?xml version="1.0"?>
<opencv_storage>
<Depth type_id="opencv-matrix">
  <rows>40</rows>
  <cols>40</cols>
  <dt>f</dt>
  <data>
    0. 0. 0. 0. 0. 0. 0. 0. 0. 0. 0. 0. 0. 0. 0. 0. 0. 0. 0. 0. 0. 0. 0.
    0. 0. 0. 0. 0. 0. 0. 0. 0. 0. 0. 0. 0. 0. 0. 0. 0. 0. 0. 0. 0. 0. 0.
    0. 0. 0. 0. 0. 0. 0. 0. 0. 0. 0. 0. 0. 0. 0. 0. 0. 0. 0. 0. 0. 0. 0.
    0. 0. 0. 0. 0. 0. 0. 0. 0. 0. 0. 0. 0. 0. 0. 0. 0. 0. 0. 0. 0. 0. 0.
    0. 0. 0. 0. 0. 0. 0. 0. 0. 0. 0. 0. 0. 0. 0. 0. 0. 0. 0. 0. 0. 0. 0.
    0. 0. 0. 0. 0. 0. 0. 0. 0. 0. 0. 0. 0. 0. 0. 0. 0. 0. 0. 0. 0. 0. 0.
    0. 0. 0. 0. 0. 0. 0. 0. 0. 0. 0. 0. 0. 0. 0. 0. 0. 0. 0. 0. 0. 0. 0.
    0. 0. 0. 0. 0. 0. 0. 0. 0. 0. 0. 0. 0. 0. 0. 0. 0. 0. 0. 0. 0. 0. 0.
    0. 0. 0. 0. 0. 0. 0. 0. 0. 0. 0. 0. 0. 0. 0. 0. 0. 0. 0. 0. 0. 0. 0.
    0. 0. 0. 0. 0. 0. 0. 0. 0. 0. 0. 0. 0. 0. 0. 0. 0. 0. 0. 0. 0. 0. 0.
    0. 0. 0. 0. 0. 0. 0. 0. 0. 0. 0. 0. 0. 0. 0. 0. 0. 0. 0. 0. 0. 0. 0.
    0. 0. 0. 0. 0. 0. 0. 0. 0. 0. 0. 0. 0. 0. 0. 0. 0. 0. 0. 0. 0. 0. 0.
    0. 0. 0. 0. 0. 0. 0. 0. 0. 0. 0. 0. 0. 0. 0. 0. 0. 0. 0. 0. 0. 0. 0.
    0. 0. 0. 0. 0. 0. 0. 0. 0. 0. 0. 0. 0. 0. 0. 0. 0. 0. 0. 0. 0. 0. 0.
    0. 0. 0. 0. 0. 0. 0. 0. 0. 0. 0. 0. 0. 0. 0. 0. 0. 0. 0. 0. 0. 0. 0.
    0. 0. 0. 0. 0. 0. 0. 0. 0. 0. 0. 0. 0. 0. 0. 0. 0. 0. 0. 0. 0. 0. 0.
    0. 0. 0. 0. 0. 0. 0. 0. 0. 0. 0. 0. 0. 0. 0. 0. 0. 0. 0. 0. 0. 0. 0.
    0. 0. 0. 0. 0. 0. 0. 0. 0. 0. 0. 0. 0. 0. 0. 0. 0. 0. 0. 0. 0. 0. 0.
    0. 0. 0. 0. 0. 0. 0. 0. 0. 0. 0. 0. 0. 0. 0. 0. 0. 0. 0. 0. 0. 0. 0.
    0. 0. 0. 0. 0. 0. 0. 0. 0. 0. 0. 0. 0. 0. 0. 0. 0. 0. 0. 0. 0. 0. 0.
    0. 0. 0. 0. 0. 0. 0. 0. 0. 0. 0. 0. 0. 0. 0. 0. 0. 0. 0. 0. 0. 0. 0.
    0. 0. 0. 0. 0. 0. 0. 0. 0. 0. 0. 0. 0. 0. 0. 0. 0. 0. 0. 0. 0. 0. 0.
    0. 0. 0. 0. 0. 0. 0. 0. 0. 0. 0. 0. 0. 0. 0. 0. 0. 0. 0. 0. 0. 0. 0.
    0. 0. 0. 0. 0. 0. 0. 0. 0. 0. 0. 0. 0. 0. 0. 0. 0. 0. 0. 0. 0. 0. 0.
    0. 0. 0. 0. 0. 0. 0. 0. 0. 0. 2.67600012e+00 1.98399997e+00
    1.89499998e+00 1.89499998e+00 1.89499998e+00 1.89499998e+00
    1.89499998e+00 1.89499998e+00 1.89499998e+00 1.89499998e+00
    1.89499998e+00 1.89499998e+00 1.89499998e+00 1.92400002e+00
    1.97000003e+00 2. 2. 2. 2. 2. 2. 2. 2. 2. 2. 2. 2. 2. 2.
    1.96000004e+00 1.91299999e+00 1.89499998e+00 1.89499998e+00
    1.91100001e+00 1.95799994e+00 2. 2. 2. 0. 0. 2.54600000e+00
    1.96899998e+00 1.89499998e+00 1.89499998e+00 1.89499998e+00
    1.89499998e+00 1.89499998e+00 1.89499998e+00 1.89499998e+00
    1.89499998e+00 1.89499998e+00 1.89499998e+00 1.89499998e+00
    1.92400002e+00 1.97000003e+00 2. 2. 2. 2. 2. 2. 2. 2. 2. 2. 2. 2. 2.
    2. 1.96000004e+00 1.91299999e+00 1.89499998e+00 1.89499998e+00
    1.91100001e+00 1.95799994e+00 2. 2. 2. 2.50200009e+00 2.46900010e+00
    2.19899988e+00 1.92999995e+00 1.89499998e+00 1.89499998e+00
    1.89499998e+00 1.89499998e+00 1.89499998e+00 1.89499998e+00
    1.89499998e+00 1.89499998e+00 1.89499998e+00 1.89499998e+00
    1.89499998e+00 1.92400002e+00 1.97000003e+00 2. 2. 2. 2. 2. 2. 2. 2.
    2. 2. 2. 2. 2. 2. 1.96000004e+00 1.91299999e+00 1.89499998e+00
    1.89499998e+00 1.91100001e+00 1.95799994e+00 2. 2. 2. 1.89699996e+00
    1.89499998e+00 1.89499998e+00 1.89499998e+00 1.89499998e+00
    1.89499998e+00 1.89699996e+00 1.89900005e+00 1.89999998e+00
    1.89699996e+00 1.89499998e+00 1.89499998e+00 1.89499998e+00
    1.89499998e+00 1.89499998e+00 1.92400002e+00 1.97000003e+00 2. 2. 2.
    2. 2. 2. 2. 2. 2. 2. 2. 2. 2. 2. 1.96200001e+00 1.91799998e+00
    1.90100002e+00 1.90100002e+00 1.91600001e+00 1.96000004e+00 2. 2. 2.
    1.91499996e+00 1.89499998e+00 1.89499998e+00 1.89499998e+00
    1.89499998e+00 1.89499998e+00 1.90900004e+00 1.93299997e+00
    1.93900001e+00 1.91600001e+00 1.89499998e+00 1.89499998e+00
    1.89499998e+00 1.89499998e+00 1.89499998e+00 1.92400002e+00
    1.97000003e+00 2. 2. 2. 2. 2. 2. 2. 2. 2. 2. 2. 2. 2. 2.
    1.98000002e+00 1.95700002e+00 1.94700003e+00 1.94700003e+00
    1.95599997e+00 1.97899997e+00 2. 2. 2. 1.93400002e+00 1.89499998e+00
    1.89499998e+00 1.89499998e+00 1.89499998e+00 1.89499998e+00
    1.92200005e+00 1.96599996e+00 1.97800004e+00 1.93400002e+00
    1.89499998e+00 1.89499998e+00 1.89499998e+00 1.89499998e+00
    1.89499998e+00 1.92400002e+00 1.97000003e+00 2. 2. 2. 2. 2. 2. 2. 2.
    2. 2. 2. 2. 2. 2. 1.99800003e+00 1.99500000e+00 1.99399996e+00
    1.99399996e+00 1.99500000e+00 1.99800003e+00 2. 2. 2. 1.96099997e+00
    1.93599999e+00 1.93599999e+00 1.93599999e+00 1.93599999e+00
    1.93599999e+00 1.95299995e+00 1.98199999e+00 1.98899996e+00
    1.96099997e+00 1.93599999e+00 1.93599999e+00 1.93599999e+00
    1.91999996e+00 1.90199995e+00 1.91299999e+00 1.94099998e+00
    1.95899999e+00 1.95899999e+00 1.95899999e+00 1.95899999e+00
    1.95899999e+00 1.97500002e+00 1.99300003e+00 2. 2. 2. 2. 2. 2. 2. 2.
    2. 2.01099992e+00 2.02999997e+00 2.04200006e+00 2.04200006e+00
    2.04200006e+00 2.04200006e+00 2.04200006e+00 1.98899996e+00
    1.98199999e+00 1.98199999e+00 1.98199999e+00 1.98199999e+00
    1.98199999e+00 1.98699999e+00 1.99500000e+00 1.99699998e+00
    1.98899996e+00 1.98199999e+00 1.98199999e+00 1.98199999e+00
    1.94900000e+00 1.90999997e+00 1.89999998e+00 1.90799999e+00
    1.91299999e+00 1.91299999e+00 1.91299999e+00 1.91299999e+00
    1.91299999e+00 1.94599998e+00 1.98500001e+00 2. 2. 2. 2. 2. 2. 2. 2.
    2. 2.02399993e+00 2.06399989e+00 2.08999991e+00 2.08999991e+00
    2.08999991e+00 2.08999991e+00 2.08999991e+00 1.97099996e+00
    1.97099996e+00 1.97099996e+00 1.97099996e+00 1.99399996e+00
    2.01999998e+00 2.02999997e+00 2.02999997e+00 2.02999997e+00
    2.02999997e+00 2.02999997e+00 2.02999997e+00 2.02999997e+00
    1.95700002e+00 1.87300003e+00 1.83299994e+00 1.82200003e+00
    1.81400001e+00 1.81400001e+00 1.81599998e+00 1.82700002e+00
    1.83899999e+00 1.88000000e+00 1.92499995e+00 1.95899999e+00
    1.98399997e+00 2. 2. 2. 2. 2. 2.01099992e+00 2.02500010e+00
    2.05100012e+00 2.08599997e+00 2.10800004e+00 2.10800004e+00
    2.10700011e+00 2.09299994e+00 2.07999992e+00 1.92400002e+00
    1.92400002e+00 1.92400002e+00 1.92400002e+00 1.98399997e+00
    2.05200005e+00 2.07800007e+00 2.07800007e+00 2.07800007e+00
    2.07800007e+00 2.07800007e+00 2.07800007e+00 2.07800007e+00
    1.95200002e+00 1.80700004e+00 1.73300004e+00 1.70299995e+00
    1.68400002e+00 1.68400002e+00 1.68700004e+00 1.71800005e+00
    1.74800003e+00 1.78999996e+00 1.83399999e+00 1.89199996e+00
    1.95799994e+00 2. 2. 2. 2. 2. 2.02999997e+00 2.06399989e+00
    2.08599997e+00 2.09899998e+00 2.10800004e+00 2.10800004e+00
    2.10400009e+00 2.06999993e+00 2.03500009e+00 1.89499998e+00
    1.89499998e+00 1.89499998e+00 1.89499998e+00 1.97700000e+00
    2.07200003e+00 2.10800004e+00 2.10800004e+00 2.10800004e+00
    2.10800004e+00 2.10800004e+00 2.10800004e+00 2.10800004e+00
    1.94900000e+00 1.76600003e+00 1.66999996e+00 1.62899995e+00
    1.60200000e+00 1.60200000e+00 1.60699999e+00 1.64800000e+00
    1.69000006e+00 1.73300004e+00 1.77699995e+00 1.85000002e+00
    1.94099998e+00 2. 2. 2. 2. 2. 2.04099989e+00 2.08899999e+00
    2.10800004e+00 2.10800004e+00 2.10800004e+00 2.10800004e+00
    2.10299993e+00 2.05500007e+00 2.00699997e+00 0. 0. 0. 0. 0. 0. 0. 0.
    0. 0. 0. 0. 0. 0. 0. 0. 0. 0. 0. 0. 0. 0. 0. 0. 0. 0. 0. 0. 0. 0. 0.
    0. 0. 0. 0. 0. 0. 0. 0. 0. 0. 0. 0. 0. 0. 0. 0. 0. 0. 0. 0. 0. 0. 0.
    0. 0. 0. 0. 0. 0. 0. 0. 0. 0. 0. 0. 0. 0. 0. 0. 0. 0. 0. 0. 0. 0. 0.
    0. 0. 0. 0. 0. 0. 0. 0. 0. 0. 0. 0. 0. 0. 0. 0. 0. 0. 0. 0. 0. 0. 0.
    0. 0. 0. 0. 0. 0. 0. 0. 0. 0. 0. 0. 0. 0. 0. 0. 0. 0. 0. 0. 0. 0. 0.
    0. 0. 0. 0. 0. 0. 0. 0. 0. 0. 0. 0. 0. 0. 0. 0. 0. 0. 0. 0. 0. 0. 0.
    0. 0. 0. 0. 0. 0. 0. 0. 0. 0. 0. 0. 0. 0. 0. 0. 0. 0. 0. 0. 0. 0. 0.
    0. 0. 0. 0. 0. 0. 0. 0. 0. 0. 0. 0. 0. 0. 0. 0. 0. 0. 0. 0. 0. 0. 0.
    0. 0. 0. 0. 0. 0. 0. 0. 0. 0. 0. 0. 0. 0. 0. 0. 0. 0. 0. 0. 0. 0. 0.
    0. 0. 0. 0. 0. 0. 0. 0. 0. 0. 0. 0. 0. 0. 0. 0. 0. 0. 0. 0. 0. 0. 0.
    0. 0. 0. 0. 0. 0. 0. 0. 0. 0. 0. 0. 0. 0. 0. 0. 0. 0. 0. 0. 0. 0. 0.
