<?xml version="1.0"?>
<opencv_storage>
<Depth type_id="opencv-matrix">
  <rows>40</rows>
  <cols>40</cols>
  <dt>f</dt>
  <data>
    0. 0. 0. 0. 0. 0. 0. 0. 0. 0. 0. 0. 0. 0. 0. 0. 0. 0. 0. 0. 0. 0. 0.
    0. 0. 0. 0. 0. 0. 0. 0. 0. 0. 0. 0. 0. 0. 0. 0. 0. 0. 0. 0. 0. 0. 0.
    0. 0. 0. 0. 0. 0. 0. 0. 0. 0. 0. 0. 0. 0. 0. 0. 0. 0. 0. 0. 0. 0. 0.
    0. 0. 0. 0. 0. 0. 0. 0. 0. 0. 0. 0. 0. 0. 0. 0. 0. 0. 0. 0. 0. 0. 0.
    0. 0. 0. 0. 0. 0. 0. 0. 0. 0. 0. 0. 0. 0. 0. 0. 0. 0. 0. 0. 0. 0. 0.
    0. 0. 0. 0. 0. 0. 0. 0. 0. 0. 0. 0. 0. 0. 0. 0. 0. 0. 0. 0. 0. 0. 0.
    0. 0. 0. 0. 0. 0. 0. 0. 0. 0. 0. 0. 0. 0. 0. 0. 0. 0. 0. 0. 0. 0. 0.
    0. 0. 0. 0. 0. 0. 0. 0. 0. 0. 0. 0. 0. 0. 0. 0. 0. 0. 0. 0. 0. 0. 0.
    0. 0. 0. 0. 0. 0. 0. 0. 0. 0. 0. 0. 0. 0. 0. 0. 0. 0. 0. 0. 0. 0. 0.
    0. 0. 0. 0. 0. 0. 0. 0. 0. 0. 0. 0. 0. 0. 0. 0. 0. 0. 0. 0. 0. 0. 0.
    0. 0. 0. 0. 0. 0. 0. 0. 0. 0. 0. 0. 0. 0. 0. 0. 0. 0. 0. 0. 0. 0. 0.
    0. 0. 0. 0. 0. 0. 0. 0. 0. 0. 0. 0. 0. 0. 0. 0. 0. 0. 0. 0. 0. 0. 0.
    0. 0. 0. 0. 0. 0. 2.02099991e+00 2.02099991e+00 2.02099991e+00
    2.02099991e+00 2.02099991e+00 2.01900005e+00 2.01099992e+00 0.
    2.01099992e+00 2.01099992e+00 0. 0. 2.01099992e+00 2.01099992e+00
    2.01300001e+00 0. 0. 0. 0. 0. 0. 0. 0. 0. 0. 0. 0. 0. 0. 0. 0. 0. 0.
    0. 0. 0. 0. 0. 0. 0. 2.02099991e+00 2.02099991e+00 2.02099991e+00
    2.02099991e+00 2.01600003e+00 2.01399994e+00 2.01099992e+00
    2.01500010e+00 2.01099992e+00 2.01099992e+00 2. 2.47399998e+00
    2.01099992e+00 2.01099992e+00 2.01099992e+00 2.01099992e+00
    2.01099992e+00 2.67499995e+00 2.66499996e+00 2.66599989e+00
    2.68700004e+00 2.67300010e+00 2.67799997e+00 2.70000005e+00
    2.70300007e+00 2.70700002e+00 2.71000004e+00 2.71000004e+00
    2.71000004e+00 2.70300007e+00 0. 0. 0. 0. 0. 0. 0. 0. 0.
    1.41600001e+00 2.02099991e+00 2.01999998e+00 2.02099991e+00
    2.02099991e+00 2.01300001e+00 2.01099992e+00 2.01099992e+00
    2.01099992e+00 2.01099992e+00 2.01099992e+00 2.01099992e+00
    2.01099992e+00 2.01099992e+00 2.01099992e+00 2.01099992e+00
    2.01099992e+00 2.00999999e+00 2.00699997e+00 2. 2.00999999e+00
    2.01099992e+00 2. 2. 2. 2. 2. 2.00099993e+00 2.00999999e+00
    2.00999999e+00 2. 2. 1.99800003e+00 1.99000001e+00 1.99100006e+00
    2.00500011e+00 2.00999999e+00 0. 0. 0. 2.76399994e+00 2.01999998e+00
    2.01099992e+00 2.01999998e+00 2.01600003e+00 2.01200008e+00
    2.01099992e+00 2.01099992e+00 2.01099992e+00 2.01099992e+00
    2.01099992e+00 2.01099992e+00 2.01099992e+00 2.01099992e+00
    2.01099992e+00 2.01099992e+00 2.00600004e+00 2. 2. 2. 2.
    2.00300002e+00 2. 2. 2. 2. 2. 2. 2. 2. 2. 2. 1.99899995e+00
    1.99500000e+00 1.99500000e+00 2. 2. 2.00600004e+00 0. 0.
    2.76399994e+00 2.02099991e+00 2.01600003e+00 2.01200008e+00
    2.01099992e+00 2.01099992e+00 2.01099992e+00 2.01099992e+00
    2.01099992e+00 2.01099992e+00 2.01099992e+00 2.01099992e+00
    2.01099992e+00 2.01099992e+00 2.01099992e+00 2.01099992e+00
    2.00600004e+00 2. 2. 2. 2. 2. 2. 2. 2. 2. 2. 2. 2. 2. 2. 2. 2. 2. 2.
    2. 2. 2. 0. 0. 2.03600001e+00 2.03099990e+00 2.01600003e+00
    2.01099992e+00 2.01099992e+00 2.01099992e+00 2.01099992e+00
    2.01099992e+00 2.01099992e+00 2.00699997e+00 2.01099992e+00
    2.01099992e+00 2.01099992e+00 2.01099992e+00 2.01099992e+00
    2.01099992e+00 2. 2. 2. 2. 2. 2. 2. 2. 2. 2. 2. 2. 2. 2. 2. 2. 2. 2.
    2. 1.99500000e+00 1.99000001e+00 1.99699998e+00 0. 0. 2.03099990e+00
    2.02300000e+00 2.01200008e+00 2.01099992e+00 2.01099992e+00
    2.01099992e+00 2.01099992e+00 2.01099992e+00 2.01099992e+00 2.
    2.00200009e+00 2.00500011e+00 2.01099992e+00 2.01099992e+00
    2.01099992e+00 2.01099992e+00 2. 2. 2. 2. 2. 2. 2. 2. 2. 2. 2. 2. 2.
    2. 2. 2. 2. 1.99500000e+00 1.99199998e+00 1.99100006e+00
    1.99000001e+00 1.99000001e+00 0. 0. 2.15199995e+00 2.01999998e+00
    2.01099992e+00 2.01099992e+00 2.01099992e+00 2.01099992e+00
    2.01099992e+00 2.01099992e+00 2.01099992e+00 2.00600004e+00 2. 2. 2.
    2.00099993e+00 2.00900006e+00 2.01099992e+00 2.00699997e+00 2. 2. 2.
    2. 2. 2. 2. 2. 2. 2. 2. 2. 2. 2. 2. 1.99800003e+00 1.99000001e+00
    1.99000001e+00 1.99000001e+00 1.99000001e+00 1.99199998e+00 0. 0.
    2.70099998e+00 2.01999998e+00 2.01099992e+00 2.01099992e+00
    2.01099992e+00 2.01099992e+00 2.01099992e+00 2.01099992e+00
    2.01099992e+00 2.00900006e+00 2.00699997e+00 2.00500011e+00 2. 2. 2.
    2.00399995e+00 2.00399995e+00 2.00099993e+00 2. 2. 2. 2. 2. 2. 2. 2.
    2. 2. 2. 2. 2. 2. 1.99899995e+00 1.99199998e+00 1.99000001e+00
    1.99000001e+00 1.99000001e+00 2. 0. 0. 2.02099991e+00 2.01999998e+00
    2.01099992e+00 2.01099992e+00 2.01099992e+00 2.01099992e+00
    2.01099992e+00 2.01099992e+00 2. 2. 2.00900006e+00 2. 2. 2. 2. 2. 2.
    2. 2. 2. 2. 2. 2. 2. 2. 1.99800003e+00 1.99000001e+00 2. 2. 2. 2. 2.
    2. 2. 1.99000001e+00 1.99000001e+00 1.99000001e+00 2.01099992e+00 0.
    0. 2.02099991e+00 2.01099992e+00 2.01099992e+00 2.01099992e+00
    2.01099992e+00 2.01099992e+00 2.01099992e+00 2.01099992e+00 2. 2. 2.
    2. 2. 2. 2. 2. 2. 2. 2. 2. 2. 2. 2. 2. 1.99600005e+00 1.99399996e+00
    1.99000001e+00 2. 2. 2. 2. 2. 2. 2. 1.99000001e+00 1.98500001e+00
    1.98000002e+00 1.14800000e+00 0. 2.22399998e+00 2.02500010e+00
    2.01900005e+00 2.01099992e+00 2.01099992e+00 2.01099992e+00
    2.01099992e+00 2.00099993e+00 2.00699997e+00 2. 2. 2. 2. 2. 2. 2. 2.
    2. 2. 2. 2. 2. 2. 2. 2. 1.99199998e+00 1.99000001e+00 1.99000001e+00
    2. 2. 2. 2. 2. 2. 2. 1.99899995e+00 1.99800003e+00 1.99800003e+00 0.
    0. 2.02099991e+00 2.01500010e+00 2.01099992e+00 2.01099992e+00
    2.01099992e+00 2.01099992e+00 2.00799990e+00 2. 2.00699997e+00
    2.01099992e+00 2. 2. 2. 2. 2. 2. 2. 2. 2. 2. 2. 2. 2. 2.
    1.99600005e+00 1.99000001e+00 1.99100006e+00 1.99800003e+00 2. 2. 2.
    2. 2. 2. 2. 2. 2. 2. 0. 0. 2.01900005e+00 2.01200008e+00
    2.01099992e+00 2.01099992e+00 2.01099992e+00 2.01099992e+00
    2.00300002e+00 2. 2.00699997e+00 2.01099992e+00 2. 2. 2. 2. 2. 2. 2.
    2. 2. 2. 2. 2. 2. 2. 1.99899995e+00 1.99699998e+00 1.99800003e+00 2.
    2. 1.99600005e+00 1.99300003e+00 2. 2. 2. 2. 2. 1.99300003e+00
    1.99899995e+00 0. 0. 2.01799989e+00 2.01099992e+00 2.01099992e+00
    2.01099992e+00 2.01099992e+00 2.00699997e+00 2. 2. 2.00699997e+00
    2.00900006e+00 2. 2. 2. 2. 2. 2. 2. 2. 2. 2. 2. 2. 2. 2. 2. 2. 2. 2.
    2. 1.99399996e+00 1.99000001e+00 1.99899995e+00 2. 2. 1.99899995e+00
    1.99000001e+00 1.99000001e+00 1.73699999e+00 0. 0. 2.01099992e+00
    2.01099992e+00 2.01099992e+00 2.01099992e+00 2.01099992e+00
    2.00900006e+00 2.00200009e+00 2. 2.00300002e+00 2. 2.00300002e+00
    2.00600004e+00 2. 2. 2. 2. 2. 2. 2. 2. 2. 2. 2. 1.99399996e+00
    1.99399996e+00 1.99399996e+00 1.99600005e+00 2. 1.99399996e+00
    1.99000001e+00 1.99000001e+00 1.99199998e+00 1.99899995e+00 2.
    1.99399996e+00 1.99000001e+00 1.99000001e+00 1.27300000e+00 0. 0. 2.
    2.00699997e+00 2.01099992e+00 2.01099992e+00 2.01099992e+00
    2.01099992e+00 2.00300002e+00 2. 2. 2. 2. 2. 2. 2. 2. 2. 2. 2. 2. 2.
    2. 2. 2. 1.99000001e+00 1.99000001e+00 1.99000001e+00 1.99199998e+00
    2. 1.99000001e+00 1.99000001e+00 1.99000001e+00 1.99000001e+00
    1.99000001e+00 2. 1.99399996e+00 1.99000001e+00 1.99000001e+00
    1.99899995e+00 0. 0. 2. 2.00699997e+00 2.01099992e+00 2.01099992e+00
    2.01099992e+00 2.01099992e+00 2.00699997e+00 2. 2. 2. 2.00200009e+00
    2.00099993e+00 2. 2. 2. 2. 2. 2. 2. 2. 2. 2. 2. 2. 1.99399996e+00
    1.99399996e+00 1.99600005e+00 2. 1.99399996e+00 1.99699998e+00
    1.99500000e+00 1.99000001e+00 1.99000001e+00 1.99699998e+00
    1.99399996e+00 1.99000001e+00 1.99000001e+00 1.99500000e+00
    2.00600004e+00 0. 2. 2.00699997e+00 2.01099992e+00 2.01099992e+00
    2.01099992e+00 2.00799990e+00 2. 2. 2. 2. 2.00999999e+00
    2.00999999e+00 2. 2. 2. 2. 2. 2. 2. 2. 2. 2. 2. 2. 2. 2. 2. 2. 2. 2.
    2. 1.99000001e+00 1.99000001e+00 1.99199998e+00 1.99899995e+00
    1.99000001e+00 1.99000001e+00 1.99000001e+00 2. 0. 2.01099992e+00
