<?xml version="1.0"?>
<opencv_storage>
<Depth type_id="opencv-matrix">
  <rows>40</rows>
  <cols>40</cols>
  <dt>f</dt>
  <data>
    0. 0. 0. 0. 0. 0. 0. 0. 0. 0. 0. 0. 0. 0. 0. 0. 0. 0. 0. 0. 0. 0. 0.
    0. 0. 0. 0. 0. 0. 0. 0. 0. 0. 0. 0. 0. 0. 0. 0. 0. 0. 0. 0. 0. 0. 0.
    0. 0. 0. 0. 0. 0. 0. 0. 0. 0. 0. 0. 0. 0. 0. 0. 0. 0. 0. 0. 0. 0. 0.
    0. 0. 0. 0. 0. 0. 0. 0. 0. 0. 0. 0. 0. 0. 0. 0. 0. 0. 0. 0. 0. 0. 0.
    0. 0. 0. 0. 0. 0. 0. 0. 0. 0. 0. 0. 0. 0. 0. 0. 0. 0. 0. 0. 0. 0. 0.
    0. 0. 0. 0. 0. 0. 0. 0. 0. 0. 0. 0. 0. 0. 0. 0. 0. 0. 0. 0. 0. 0. 0.
    0. 0. 0. 0. 0. 0. 0. 0. 0. 0. 0. 0. 0. 0. 0. 0. 0. 0. 0. 0. 0. 0. 0.
    0. 0. 0. 0. 0. 0. 0. 0. 0. 0. 0. 0. 0. 0. 0. 0. 0. 0. 0. 0. 0. 0. 0.
    0. 0. 0. 0. 0. 0. 0. 0. 0. 0. 0. 0. 0. 0. 0. 0. 0. 0. 0. 0. 0. 0. 0.
    0. 0. 0. 0. 0. 0. 0. 0. 0. 0. 0. 0. 0. 0. 0. 0. 0. 0. 0. 0. 0. 0. 0.
    0. 0. 0. 0. 0. 0. 0. 0. 0. 0. 0. 0. 0. 0. 0. 0. 0. 0. 0. 0. 0. 0. 0.
    0. 0. 0. 0. 0. 0. 0. 0. 0. 0. 0. 0. 0. 0. 0. 0. 0. 0. 0. 0. 0. 0. 0.
    0. 0. 0. 0. 0. 0. 0. 0. 0. 0. 0. 0. 0. 0. 0. 0. 0. 0. 0. 0. 0. 0. 0.
    0. 0. 0. 0. 0. 0. 0. 0. 0. 0. 0. 0. 0. 0. 0. 0. 0. 0. 0. 0. 0. 0. 0.
    0. 0. 0. 0. 0. 0. 0. 0. 0. 0. 0. 0. 0. 0. 0. 0. 0. 0. 0. 0. 0. 0. 0.
    0. 0. 0. 0. 0. 0. 0. 0. 0. 0. 0. 0. 0. 0. 0. 0. 0. 0. 0. 0. 0. 0. 0.
    0. 0. 0. 0. 0. 0. 0. 0. 0. 0. 0. 0. 0. 0. 0. 0. 0. 0. 0. 0. 0. 0. 0.
    0. 0. 0. 0. 0. 0. 0. 0. 0. 0. 0. 0. 0. 0. 0. 0. 0. 0. 0. 0. 0. 0. 0.
    0. 0. 0. 0. 0. 0. 0. 0. 0. 0. 0. 0. 0. 0. 0. 0. 0. 0. 0. 0. 0. 0. 0.
    0. 0. 0. 0. 0. 0. 0. 0. 0. 0. 0. 0. 0. 0. 0. 0. 0. 0. 0. 0. 0. 0. 0.
    0. 0. 0. 0. 0. 0. 0. 0. 0. 0. 0. 0. 0. 0. 0. 0. 0. 0. 0. 0. 0. 0.
    2.09800005e+00 2.09800005e+00 2.09800005e+00 2.09800005e+00
    2.09800005e+00 2.09100008e+00 2.04500008e+00 2. 2. 2. 2. 2. 2. 2. 2.
    2. 2.02099991e+00 2.06699991e+00 2.11299992e+00 2.16100001e+00
    2.19899988e+00 2.19899988e+00 2.19899988e+00 2.19899988e+00
    2.19899988e+00 2.24399996e+00 2.29299998e+00 2.30399990e+00
    2.30399990e+00 2.51699996e+00 2.85200000e+00 0. 0. 0. 0. 0. 0. 0. 0.
    0. 2.09800005e+00 2.09400010e+00 2.08500004e+00 2.07800007e+00
    2.07800007e+00 2.07299995e+00 2.03600001e+00 2. 2. 2. 2. 2. 2. 2. 2.
    2. 2.01699996e+00 2.05399990e+00 2.09400010e+00 2.14100003e+00
    2.17899990e+00 2.17899990e+00 2.17899990e+00 2.17899990e+00
    2.17899990e+00 2.21399999e+00 2.25399995e+00 2.26200008e+00
    2.26200008e+00 2.43300009e+00 2.70000005e+00 2.83299994e+00
    2.83299994e+00 2.83699989e+00 2.84599996e+00 2.85400009e+00 0. 0. 0.
    0. 2.09800005e+00 2.08500004e+00 2.05399990e+00 2.03200006e+00
    2.03200006e+00 2.02999997e+00 2.01500010e+00 2. 2. 2. 2. 2. 2. 2. 2.
    2. 2.00699997e+00 2.02200007e+00 2.04800010e+00 2.09400010e+00
    2.13100004e+00 2.13100004e+00 2.13100004e+00 2.13100004e+00
    2.13100004e+00 2.14599991e+00 2.16199994e+00 2.16599989e+00
    2.16599989e+00 2.23699999e+00 2.34699988e+00 2.40300012e+00
    2.40300012e+00 2.41400003e+00 2.44600010e+00 2.47000003e+00 0. 0. 0.
    0. 2.08500004e+00 2.06800008e+00 2.02800012e+00 2. 2. 2. 2. 2. 2. 2.
    2. 2. 2. 2. 2. 2. 2. 2. 2.01500010e+00 2.06100011e+00 2.09800005e+00
    2.09800005e+00 2.09800005e+00 2.09800005e+00 2.09800005e+00
    2.09800005e+00 2.09800005e+00 2.09800005e+00 2.09800005e+00
    2.09800005e+00 2.09800005e+00 2.09800005e+00 2.09800005e+00
    2.11500001e+00 2.16199994e+00 2.19899988e+00 0. 0. 0. 0.
    2.03900003e+00 2.03099990e+00 2.01300001e+00 2. 2. 2. 2. 2. 2. 2. 2.
    2. 2. 2. 2. 2. 2. 2. 2.01500010e+00 2.06100011e+00 2.09800005e+00
    2.09800005e+00 2.09800005e+00 2.09800005e+00 2.09800005e+00
    2.09800005e+00 2.09800005e+00 2.09800005e+00 2.09800005e+00
    2.09800005e+00 2.09800005e+00 2.09800005e+00 2.09800005e+00
    2.11500001e+00 2.16199994e+00 2.19899988e+00 0. 0. 0. 0. 2. 2. 2. 2.
    2. 2.00099993e+00 2.00399995e+00 2.00699997e+00 2.00699997e+00
    2.00699997e+00 2.00699997e+00 2.00699997e+00 2.00500011e+00
    2.00099993e+00 2. 2. 2. 2. 2.01500010e+00 2.06100011e+00
    2.09800005e+00 2.09800005e+00 2.09800005e+00 2.09800005e+00
    2.09800005e+00 2.09800005e+00 2.09800005e+00 2.09800005e+00
    2.09800005e+00 2.09800005e+00 2.09800005e+00 2.09800005e+00
    2.09800005e+00 2.11500001e+00 2.16199994e+00 2.19899988e+00 0. 0. 0.
    0. 2. 2. 2. 2. 2. 2.00399995e+00 2.02900004e+00 2.05299997e+00
    2.05299997e+00 2.05299997e+00 2.05299997e+00 2.05299997e+00
    2.03500009e+00 2.00999999e+00 2. 2. 2. 2. 2.01500010e+00
    2.06100011e+00 2.09800005e+00 2.09800005e+00 2.09800005e+00
    2.09800005e+00 2.09800005e+00 2.09800005e+00 2.09800005e+00
    2.09800005e+00 2.09800005e+00 2.09800005e+00 2.09800005e+00
    2.09800005e+00 2.09800005e+00 2.11500001e+00 2.16199994e+00
    2.19899988e+00 0. 0. 0. 0. 2. 2. 1.99899995e+00 1.99899995e+00
    1.99899995e+00 2.00600004e+00 2.05299997e+00 2.09800005e+00
    2.09800005e+00 2.09800005e+00 2.09800005e+00 2.09800005e+00
    2.06399989e+00 2.01900005e+00 2.00099993e+00 2.00099993e+00
    2.00099993e+00 2.00099993e+00 2.01600003e+00 2.06100011e+00
    2.09800005e+00 2.09800005e+00 2.09800005e+00 2.09800005e+00
    2.09800005e+00 2.09800005e+00 2.09800005e+00 2.09800005e+00
    2.09800005e+00 2.09800005e+00 2.09800005e+00 2.09800005e+00
    2.09800005e+00 2.11500001e+00 2.16199994e+00 2.19899988e+00 0. 0. 0.
    0. 2. 1.99100006e+00 1.97000003e+00 1.95500004e+00 1.95500004e+00
    1.96599996e+00 2.03200006e+00 2.09800005e+00 2.09800005e+00
    2.09800005e+00 2.09800005e+00 2.09800005e+00 2.07999992e+00
    2.05599999e+00 2.04699993e+00 2.04699993e+00 2.04699993e+00
    2.04699993e+00 2.05399990e+00 2.07900000e+00 2.09800005e+00
    2.09800005e+00 2.09800005e+00 2.09800005e+00 2.09800005e+00
    2.09800005e+00 2.09800005e+00 2.09800005e+00 2.09800005e+00
    2.09800005e+00 2.09800005e+00 2.09800005e+00 2.09800005e+00
    2.11500001e+00 2.16199994e+00 2.19899988e+00 0. 0. 0. 0. 2.
    1.98199999e+00 1.94099998e+00 1.91100001e+00 1.91100001e+00
    1.92499995e+00 2.01200008e+00 2.09800005e+00 2.09800005e+00
    2.09800005e+00 2.09800005e+00 2.09800005e+00 2.09599996e+00
    2.09299994e+00 2.09200001e+00 2.09200001e+00 2.09200001e+00
    2.09200001e+00 2.09299994e+00 2.09599996e+00 2.09800005e+00
    2.09800005e+00 2.09800005e+00 2.09800005e+00 2.09800005e+00
    2.09800005e+00 2.09800005e+00 2.09800005e+00 2.09800005e+00
    2.09800005e+00 2.09800005e+00 2.09800005e+00 2.09800005e+00
    2.11500001e+00 2.16199994e+00 2.19899988e+00 0. 0. 0. 0. 0. 0.
    1.15699995e+00 1.90600002e+00 1.90600002e+00 1.92299998e+00
    2.03200006e+00 2.14000010e+00 2.14000010e+00 2.14000010e+00
    2.12199998e+00 2.10299993e+00 2.09800005e+00 2.09800005e+00
    2.09800005e+00 2.09800005e+00 2.09800005e+00 2.09800005e+00
    2.09800005e+00 2.09800005e+00 2.09800005e+00 2.09800005e+00
    2.09800005e+00 2.09800005e+00 2.09800005e+00 2.09800005e+00
    2.09800005e+00 2.09800005e+00 2.09800005e+00 2.09800005e+00
    2.09800005e+00 2.09800005e+00 2.09800005e+00 2.11500001e+00
    2.16199994e+00 2.19899988e+00 0. 0. 0. 0. 0. 0. 0. 1.90600002e+00
    1.90600002e+00 1.92600000e+00 2.05800009e+00 2.18700004e+00
    2.18700004e+00 2.18700004e+00 2.15000010e+00 2.10899997e+00
    2.09800005e+00 2.09800005e+00 2.09800005e+00 2.09800005e+00
    2.09800005e+00 2.09800005e+00 2.09800005e+00 2.09800005e+00
    2.09800005e+00 2.09800005e+00 2.09800005e+00 2.09800005e+00
    2.09800005e+00 2.09800005e+00 2.09800005e+00 2.09800005e+00
    2.09800005e+00 2.09800005e+00 2.09800005e+00 2.09800005e+00
    2.09800005e+00 2.11500001e+00 2.16199994e+00 2.19899988e+00 0. 0. 0.
    0. 0. 0. 0. 0. 0. 0. 1.16499996e+00 2.19899988e+00 2.19899988e+00
    2.19899988e+00 2.15700006e+00 2.10999990e+00 2.09800005e+00
    2.09800005e+00 2.09800005e+00 2.09800005e+00 2.09800005e+00
    2.09800005e+00 2.09800005e+00 2.09800005e+00 2.09800005e+00
    2.09800005e+00 2.09699988e+00 2.08100009e+00 2.06500006e+00
    2.06399989e+00 2.06399989e+00 2.07599998e+00 2.09200001e+00
