<?xml version="1.0"?>
<opencv_storage>
<Depth type_id="opencv-matrix">
  <rows>40</rows>
  <cols>40</cols>
  <dt>f</dt>
  <data>
    0. 0. 0. 0. 0. 0. 0. 0. 0. 0. 0. 0. 0. 0. 0. 0. 0. 0. 0. 0. 0. 0. 0.
    0. 0. 0. 0. 0. 0. 0. 0. 0. 0. 0. 0. 0. 0. 0. 0. 0. 0. 0. 0. 0. 0. 0.
    0. 0. 0. 0. 0. 0. 0. 0. 0. 0. 0. 0. 0. 0. 0. 0. 0. 0. 0. 0. 0. 0. 0.
    0. 0. 0. 0. 0. 0. 0. 0. 0. 0. 0. 0. 0. 0. 0. 0. 0. 0. 0. 0. 0. 0. 0.
    0. 0. 0. 0. 0. 0. 0. 0. 0. 0. 0. 0. 0. 0. 0. 0. 0. 0. 0. 0. 0. 0. 0.
    0. 0. 0. 0. 0. 0. 0. 0. 0. 0. 0. 0. 0. 0. 0. 0. 0. 0. 0. 0. 0. 0. 0.
    0. 0. 0. 0. 0. 0. 0. 0. 0. 0. 0. 0. 0. 0. 0. 0. 0. 0. 0. 0. 0. 0. 0.
    0. 0. 0. 0. 0. 0. 0. 0. 0. 0. 0. 0. 0. 0. 0. 0. 0. 0. 0. 0. 0. 0. 0.
    0. 0. 0. 0. 0. 0. 0. 0. 0. 0. 0. 0. 0. 0. 0. 0. 0. 0. 0. 0. 0. 0. 0.
    0. 0. 0. 0. 0. 0. 0. 0. 0. 0. 0. 0. 0. 0. 0. 0. 0. 0. 0. 0. 0. 0. 0.
    0. 0. 0. 0. 0. 0. 0. 0. 0. 0. 0. 0. 0. 0. 0. 0. 0. 0. 0. 0. 0. 0. 0.
    0. 0. 0. 0. 0. 0. 0. 0. 0. 0. 0. 0. 0. 0. 0. 0. 0. 0. 0. 0. 0. 0. 0.
    0. 0. 0. 0. 0. 0. 0. 0. 0. 0. 0. 0. 0. 0. 0. 0. 0. 0. 0. 0. 0. 0. 0.
    0. 0. 0. 0. 0. 0. 0. 0. 0. 0. 0. 0. 0. 0. 0. 0. 0. 0. 0. 0. 0. 0. 0.
    0. 0. 0. 0. 0. 0. 0. 0. 0. 0. 0. 0. 0. 0. 0. 0. 0. 0. 0. 0. 0. 0. 0.
    0. 0. 0. 0. 0. 0. 0. 0. 0. 0. 0. 0. 0. 0. 0. 0. 0. 0. 0. 0. 0.
    2.12500000e+00 2.12500000e+00 2.12500000e+00 2.12500000e+00
    2.12500000e+00 2.12500000e+00 2.12500000e+00 2.12500000e+00
    2.12500000e+00 2.12500000e+00 2.12500000e+00 2.12500000e+00
    2.12500000e+00 2.10700011e+00 2.00500011e+00 1.90300000e+00
    1.87800002e+00 1.87800002e+00 1.87800002e+00 1.87800002e+00
    1.87800002e+00 1.87800002e+00 1.87800002e+00 1.90300000e+00
    1.95299995e+00 2. 2. 0. 0. 0. 0. 0. 0. 0. 0. 0. 0. 0. 0. 0.
    2.10999990e+00 2.10999990e+00 2.10999990e+00 2.10999990e+00
    2.11500001e+00 2.12199998e+00 2.12500000e+00 2.12500000e+00
    2.12500000e+00 2.12500000e+00 2.12500000e+00 2.12500000e+00
    2.12500000e+00 2.10899997e+00 2.01900005e+00 1.92999995e+00
    1.90300000e+00 1.89699996e+00 1.89300001e+00 1.89300001e+00
    1.89300001e+00 1.89300001e+00 1.89300001e+00 1.91400003e+00
    1.95799994e+00 2. 2. 0. 0. 0. 0. 0. 0. 0. 0. 0. 0. 0. 0. 0.
    2.05800009e+00 2.05800009e+00 2.05800009e+00 2.05800009e+00
    2.08200002e+00 2.10999990e+00 2.12500000e+00 2.12500000e+00
    2.12500000e+00 2.12500000e+00 2.12500000e+00 2.12500000e+00
    2.12500000e+00 2.11700010e+00 2.06900001e+00 2.02099991e+00
    1.98899996e+00 1.96099997e+00 1.94299996e+00 1.94299996e+00
    1.94299996e+00 1.94299996e+00 1.94299996e+00 1.95400000e+00
    1.97800004e+00 2. 2. 0. 0. 0. 0. 0. 0. 0. 0. 0. 0. 0. 0. 0.
    2.00699997e+00 2.00699997e+00 2.00699997e+00 2.00699997e+00
    2.04900002e+00 2.09800005e+00 2.12500000e+00 2.12500000e+00
    2.12500000e+00 2.12500000e+00 2.12500000e+00 2.12500000e+00
    2.12500000e+00 2.12400007e+00 2.11800003e+00 2.11299992e+00
    2.07500005e+00 2.02600002e+00 1.99300003e+00 1.99300003e+00
    1.99300003e+00 1.99300003e+00 1.99300003e+00 1.99500000e+00
    1.99699998e+00 2. 2. 0. 0. 0. 0. 0. 0. 0. 0. 0. 0. 0. 0. 0. 2. 2. 2.
    2. 2.02900004e+00 2.06200004e+00 2.07999992e+00 2.07999992e+00
    2.07999992e+00 2.07999992e+00 2.07999992e+00 2.07999992e+00
    2.07999992e+00 2.07999992e+00 2.07999992e+00 2.07999992e+00
    2.05500007e+00 2.02200007e+00 2. 2. 2. 2. 2. 2.00900006e+00
    2.02699995e+00 2.04500008e+00 2.04500008e+00 0. 0. 0. 0. 0. 0. 0. 0.
    0. 0. 0. 0. 0. 2. 2. 2. 2. 2.00999999e+00 2.02200007e+00
    2.02900004e+00 2.02900004e+00 2.02900004e+00 2.02900004e+00
    2.02900004e+00 2.02900004e+00 2.02900004e+00 2.02900004e+00
    2.02900004e+00 2.02900004e+00 2.01999998e+00 2.00799990e+00 2. 2. 2.
    2. 2. 2.01900005e+00 2.05900002e+00 2.09599996e+00 2.09599996e+00 0.
    0. 0. 0. 0. 0. 0. 0. 0. 0. 0. 0. 0. 2. 2. 2. 2. 2. 2. 2. 2. 2. 2. 2.
    2. 2. 2. 2. 2. 2. 2. 2. 2. 2. 2. 2. 2.02500010e+00 2.07699990e+00
    2.12500000e+00 2.12500000e+00 0. 0. 0. 0. 0. 0. 0. 0. 0. 0. 0. 0. 0.
    2. 2. 2. 2. 2. 2. 2. 2. 2. 2. 2. 2. 2. 2. 2. 2. 2. 2. 2. 2. 2. 2. 2.
    2.02500010e+00 2.07699990e+00 2.12500000e+00 2.12500000e+00 0. 0. 0.
    0. 0. 0. 0. 0. 0. 0. 0. 0. 0. 2. 2. 2. 2. 2. 2. 2. 2. 2. 2. 2. 2. 2.
    2. 2. 2. 2. 2.00099993e+00 2.00099993e+00 2. 2. 2. 2. 2.02500010e+00
    2.07699990e+00 2.12500000e+00 2.12500000e+00 0. 0. 0. 0. 0. 0. 0. 0.
    0. 0. 0. 0. 0. 2. 2. 2. 2. 2. 2. 2. 2. 2. 2. 2. 2. 2. 2. 2. 2.
    2.01600003e+00 2.03800011e+00 2.04500008e+00 2.02399993e+00
    2.00200009e+00 2. 2. 2.02500010e+00 2.07699990e+00 2.12500000e+00
    2.12500000e+00 0. 0. 0. 0. 0. 0. 0. 0. 0. 0. 0. 0. 0. 2. 2. 2. 2. 2.
    2. 2. 2. 2. 2. 2. 2. 2. 2. 2. 2. 2.03200006e+00 2.07599998e+00
    2.08999991e+00 2.04699993e+00 2.00399995e+00 2. 2. 2.02500010e+00
    2.07699990e+00 2.12500000e+00 2.12500000e+00 0. 0. 0. 0. 0. 0. 0. 0.
    0. 0. 0. 0. 0. 2. 1.99600005e+00 1.98399997e+00 1.97099996e+00
    1.97000003e+00 1.97000003e+00 1.97000003e+00 1.97000003e+00
    1.97000003e+00 1.98300004e+00 1.99500000e+00 2. 2. 2. 2. 2.
    2.02900004e+00 2.06800008e+00 2.08100009e+00 2.04200006e+00
    2.00399995e+00 2. 2. 2.01900005e+00 2.05800009e+00 2.09400010e+00
    2.09400010e+00 0. 0. 0. 0. 0. 0. 0. 0. 0. 0. 0. 0. 0. 2.
    1.99000001e+00 1.95700002e+00 1.92400002e+00 1.91900003e+00
    1.91900003e+00 1.91900003e+00 1.91900003e+00 1.91999996e+00
    1.95299995e+00 1.98699999e+00 2. 2. 2. 2. 2. 2.01300001e+00
    2.03099990e+00 2.03699994e+00 2.01900005e+00 2.00200009e+00 2. 2.
    2.00900006e+00 2.02600002e+00 2.04200006e+00 2.04200006e+00 0. 0. 0.
    0. 0. 0. 0. 0. 0. 0. 0. 0. 0. 2. 1.98500001e+00 1.93499994e+00
    1.88499999e+00 1.87800002e+00 1.87800002e+00 1.87800002e+00
    1.87800002e+00 1.87899995e+00 1.92900002e+00 1.98000002e+00 2. 2.
    2.00099993e+00 2.00399995e+00 2.00799990e+00 2.00600004e+00
    2.00300002e+00 2. 2. 2. 2. 2. 1.90499997e+00 1.70899999e+00
    1.52699995e+00 1.52699995e+00 0. 0. 0. 0. 0. 0. 0. 0. 0. 0. 0. 0. 0.
    2. 1.98500001e+00 1.93499994e+00 1.88499999e+00 1.87800002e+00
    1.87800002e+00 1.87800002e+00 1.87800002e+00 1.87899995e+00
    1.92900002e+00 1.98000002e+00 2. 2. 2.00399995e+00 2.02900004e+00
    2.05500007e+00 2.04200006e+00 2.01699996e+00 2. 2. 2. 2. 2.
    1.36600006e+00 0. 0. 0. 0. 0. 0. 0. 0. 0. 0. 0. 0. 0. 0. 0. 0. 2.
    1.98500001e+00 1.93499994e+00 1.88499999e+00 1.87800002e+00
    1.87800002e+00 1.87800002e+00 1.87800002e+00 1.87899995e+00
    1.92900002e+00 1.98000002e+00 2. 2. 2.00799990e+00 2.05500007e+00
    2.10100007e+00 2.07699990e+00 2.03099990e+00 2. 2. 2. 2. 2. 0. 0. 0.
    0. 0. 0. 0. 0. 0. 0. 0. 0. 0. 0. 0. 0. 0. 2.03900003e+00
    2.01999998e+00 1.95299995e+00 1.88699996e+00 1.87800002e+00
    1.87800002e+00 1.88499999e+00 1.90100002e+00 1.91700006e+00
    1.96800005e+00 2.01900005e+00 2.03900003e+00 2.03900003e+00
    2.04500008e+00 2.08100009e+00 2.11599994e+00 2.09800005e+00
    2.06299996e+00 1.75699997e+00 0. 0. 0. 1.54200006e+00 0. 0. 0. 0. 0.
    0. 0. 0. 0. 0. 0. 0. 0. 0. 0. 0. 0. 2.09100008e+00 2.06500006e+00
    1.97700000e+00 1.88999999e+00 1.87800002e+00 1.87800002e+00
    1.89400005e+00 1.93099999e+00 1.96700001e+00 2.01900005e+00
    2.06999993e+00 2.09100008e+00 2.09100008e+00 2.09299994e+00
    2.10700011e+00 2.12100005e+00 2.11400008e+00 2.09999990e+00
    1.43400002e+00 0. 0. 0. 0. 0. 0. 0. 0. 0. 0. 0. 0. 0. 0. 0. 0. 0. 0.
    0. 0. 0. 1.21800005e+00 1.19299996e+00 1.10500002e+00 1.01699996e+00
    1.00500000e+00 1.00500000e+00 1.02400005e+00 1.06799996e+00
    1.12000000e+00 1.54600000e+00 1.97200000e+00 2.13899994e+00
    2.13100004e+00 2.12400007e+00 2.11700010e+00 2.10999990e+00
    2.10299993e+00 2.09599996e+00 1.30900002e+00 0. 0. 0. 0. 0. 0. 0. 0.
    0. 0. 0. 0. 0. 0. 0. 0. 0. 0. 0. 0. 0. 0. 0. 0. 0. 0. 0. 0. 0. 0. 0.
    1.57299995e+00 2.17899990e+00 2.14899993e+00 2.11999989e+00
    2.09200001e+00 2.06299996e+00 2.03500009e+00 2.00799990e+00
    1.58099997e+00 0. 0. 0. 1.26999998e+00 1.31500006e+00 0. 0. 0. 0. 0.
