<?xml version="1.0"?>
<opencv_storage>
<Depth type_id="opencv-matrix">
  <rows>40</rows>
  <cols>40</cols>
  <dt>f</dt>
  <data>
    0. 0. 0. 0. 0. 0. 0. 0. 0. 0. 0. 0. 0. 0. 0. 0. 0. 0. 0. 0. 0. 0. 0.
    0. 0. 0. 0. 0. 0. 0. 0. 0. 0. 0. 0. 0. 0. 0. 0. 0. 0. 0. 0. 0. 0. 0.
    0. 0. 0. 0. 0. 0. 0. 0. 0. 0. 0. 0. 0. 0. 0. 0. 0. 0. 0. 0. 0. 0. 0.
    0. 0. 0. 0. 0. 0. 0. 0. 0. 0. 0. 0. 0. 0. 0. 0. 0. 0. 0. 0. 0. 0. 0.
    0. 0. 0. 0. 0. 0. 0. 0. 0. 0. 0. 0. 0. 0. 0. 0. 0. 0. 0. 0. 0. 0. 0.
    0. 0. 0. 0. 0. 0. 0. 0. 0. 0. 0. 0. 0. 0. 0. 0. 0. 0. 0. 0. 0. 0. 0.
    0. 0. 0. 0. 0. 0. 0. 0. 0. 0. 0. 0. 0. 0. 0. 0. 0. 0. 0. 0. 0. 0. 0.
    0. 0. 0. 0. 0. 0. 0. 0. 0. 0. 0. 0. 0. 0. 0. 0. 0. 0. 0. 0. 0. 0. 0.
    0. 0. 0. 0. 0. 0. 0. 0. 0. 0. 0. 0. 0. 0. 0. 0. 0. 0. 0. 0. 0. 0. 0.
    0. 0. 0. 0. 0. 0. 0. 0. 0. 0. 0. 0. 0. 0. 0. 0. 0. 0. 0. 0. 0. 0. 0.
    0. 0. 0. 0. 0. 0. 0. 0. 0. 0. 0. 0. 0. 0. 0. 0. 0. 0. 0. 0. 0. 0. 0.
    0. 0. 0. 0. 0. 0. 0. 0. 0. 0. 0. 0. 0. 0. 0. 0. 0. 0. 0. 0. 0. 0. 0.
    0. 0. 0. 0. 0. 0. 0. 0. 0. 0. 0. 0. 0. 0. 0. 0. 0. 0. 0. 0. 0. 0. 0.
    0. 0. 0. 0. 0. 0. 0. 0. 0. 0. 0. 0. 0. 0. 0. 0. 0. 0. 0. 0. 0. 0. 0.
    0. 0. 0. 0. 0. 0. 0. 0. 0. 0. 0. 0. 0. 0. 0. 0. 0. 0. 0. 0. 0. 0. 0.
    0. 0. 0. 0. 0. 0. 0. 0. 0. 0. 0. 0. 0. 0. 0. 0. 0. 0. 0. 0. 0. 0. 0.
    0. 0. 0. 0. 0. 0. 0. 0. 0. 0. 0. 0. 0. 0. 0. 0. 0. 0. 0. 0. 0. 0. 0.
    0. 0. 0. 0. 0. 0. 0. 0. 0. 0. 0. 0. 0. 0. 0. 0. 0. 0. 0. 0. 0. 0. 0.
    0. 0. 0. 0. 0. 0. 0. 0. 0. 0. 0. 0. 0. 0. 0. 0. 0. 0. 0. 0. 0. 0. 0.
    0. 0. 0. 0. 0. 1.84599996e+00 1.86699998e+00 1.90600002e+00
    1.94599998e+00 1.98599994e+00 2.02699995e+00 2.06900001e+00
    2.08100009e+00 2.08100009e+00 2.08100009e+00 2.08100009e+00
    2.11599994e+00 2.15899992e+00 2.12700009e+00 2.08400011e+00
    2.08100009e+00 2.08100009e+00 2.03999996e+00 2. 2. 2.00900006e+00
    2.09299994e+00 2.16400003e+00 2.16400003e+00 2.16400003e+00
    2.16400003e+00 2.15199995e+00 2.10999990e+00 2.08100009e+00
    2.08100009e+00 2.08100009e+00 2.08100009e+00 2.08100009e+00
    2.08100009e+00 2.08100009e+00 0. 0. 0. 0. 0. 1.84599996e+00
    1.86699998e+00 1.90600002e+00 1.93900001e+00 1.96800005e+00
    1.99800003e+00 2.02900004e+00 2.04500008e+00 2.05599999e+00
    2.06800008e+00 2.07900000e+00 2.09699988e+00 2.11700010e+00
    2.09200001e+00 2.06100011e+00 2.05900002e+00 2.05900002e+00
    2.02900004e+00 2. 2. 2.00699997e+00 2.07999992e+00 2.14299989e+00
    2.15499997e+00 2.16400003e+00 2.16400003e+00 2.15199995e+00
    2.10999990e+00 2.08100009e+00 2.08100009e+00 2.08100009e+00
    2.08100009e+00 2.08100009e+00 2.08100009e+00 2.08100009e+00 0. 0. 0.
    0. 0. 1.84599996e+00 1.86699998e+00 1.90600002e+00 1.92700005e+00
    1.93599999e+00 1.94400001e+00 1.95299995e+00 1.97800004e+00
    2.00999999e+00 2.04200006e+00 2.07500005e+00 2.06200004e+00
    2.03800011e+00 2.02699995e+00 2.01799989e+00 2.01699996e+00
    2.01699996e+00 2.00799990e+00 2. 2. 2.00500011e+00 2.05599999e+00
    2.10400009e+00 2.13800001e+00 2.16400003e+00 2.16400003e+00
    2.15199995e+00 2.10999990e+00 2.08100009e+00 2.08100009e+00
    2.08100009e+00 2.08100009e+00 2.08100009e+00 2.08100009e+00
    2.08100009e+00 0. 0. 0. 0. 0. 1.84599996e+00 1.86000001e+00
    1.88800001e+00 1.89900005e+00 1.89900005e+00 1.89900005e+00
    1.89900005e+00 1.92700005e+00 1.96700001e+00 1.99899995e+00
    2.02800012e+00 2.00900006e+00 1.98000002e+00 1.97599995e+00
    1.97599995e+00 1.97599995e+00 1.97599995e+00 1.97599995e+00
    1.97700000e+00 1.98899996e+00 2.00399995e+00 2.04600000e+00
    2.08800006e+00 2.13100004e+00 2.16400003e+00 2.16400003e+00
    2.15199995e+00 2.10999990e+00 2.08100009e+00 2.08100009e+00
    2.08100009e+00 2.08100009e+00 2.08100009e+00 2.08100009e+00
    2.08100009e+00 0. 0. 0. 0. 0. 1.84599996e+00 1.85000002e+00
    1.85699999e+00 1.86000001e+00 1.86000001e+00 1.86000001e+00
    1.86000001e+00 1.88800001e+00 1.92700005e+00 1.94200003e+00
    1.95000005e+00 1.94500005e+00 1.93700004e+00 1.93599999e+00
    1.93599999e+00 1.93599999e+00 1.93599999e+00 1.93599999e+00
    1.93799996e+00 1.97099996e+00 2.00399995e+00 2.04600000e+00
    2.08800006e+00 2.13100004e+00 2.16400003e+00 2.16400003e+00
    2.15199995e+00 2.10999990e+00 2.08100009e+00 2.08100009e+00
    2.08100009e+00 2.08100009e+00 2.08100009e+00 2.08100009e+00
    2.08100009e+00 0. 0. 0. 0. 0. 1.84599996e+00 1.84599996e+00
    1.84599996e+00 1.84599996e+00 1.84599996e+00 1.84599996e+00
    1.84599996e+00 1.87300003e+00 1.91299999e+00 1.92200005e+00
    1.92200005e+00 1.92200005e+00 1.92200005e+00 1.92200005e+00
    1.92200005e+00 1.92200005e+00 1.92200005e+00 1.92200005e+00
    1.92400002e+00 1.96399999e+00 2.00399995e+00 2.04600000e+00
    2.08800006e+00 2.13100004e+00 2.16400003e+00 2.16400003e+00
    2.15199995e+00 2.10999990e+00 2.08100009e+00 2.08100009e+00
    2.08100009e+00 2.08100009e+00 2.08100009e+00 2.08100009e+00
    2.08100009e+00 0. 0. 0. 0. 0. 1.84599996e+00 1.84599996e+00
    1.84599996e+00 1.84599996e+00 1.84599996e+00 1.84599996e+00
    1.84599996e+00 1.87300003e+00 1.91299999e+00 1.92200005e+00
    1.92200005e+00 1.92200005e+00 1.92200005e+00 1.92200005e+00
    1.92200005e+00 1.92200005e+00 1.92200005e+00 1.92200005e+00
    1.92400002e+00 1.96399999e+00 2.00399995e+00 2.04600000e+00
    2.08800006e+00 2.13100004e+00 2.16400003e+00 2.16400003e+00
    2.15199995e+00 2.10999990e+00 2.08100009e+00 2.08100009e+00
    2.08100009e+00 2.08100009e+00 2.08100009e+00 2.08100009e+00
    2.08100009e+00 0. 0. 0. 0. 0. 1.84599996e+00 1.84599996e+00
    1.84599996e+00 1.84599996e+00 1.84599996e+00 1.84599996e+00
    1.84599996e+00 1.86399996e+00 1.88900006e+00 1.90499997e+00
    1.91900003e+00 1.92200005e+00 1.92200005e+00 1.92200005e+00
    1.92200005e+00 1.92200005e+00 1.92200005e+00 1.93599999e+00
    1.95099998e+00 1.97700000e+00 2.00399995e+00 2.04600000e+00
    2.08800006e+00 2.13100004e+00 2.16400003e+00 2.16400003e+00
    2.15199995e+00 2.10999990e+00 2.08100009e+00 2.08100009e+00
    2.08100009e+00 2.08100009e+00 2.08100009e+00 2.08100009e+00
    2.08100009e+00 0. 0. 0. 0. 0. 1.84599996e+00 1.84599996e+00
    1.84599996e+00 1.84599996e+00 1.84599996e+00 1.84599996e+00
    1.84599996e+00 1.84899998e+00 1.85399997e+00 1.88100004e+00
    1.91600001e+00 1.92200005e+00 1.92200005e+00 1.92200005e+00
    1.92200005e+00 1.92200005e+00 1.92200005e+00 1.95700002e+00
    1.99100006e+00 1.99600005e+00 2.00399995e+00 2.04600000e+00
    2.08800006e+00 2.13100004e+00 2.16400003e+00 2.16400003e+00
    2.15199995e+00 2.10999990e+00 2.08100009e+00 2.08100009e+00
    2.08100009e+00 2.08100009e+00 2.08100009e+00 2.08100009e+00
    2.08100009e+00 0. 0. 0. 0. 0. 1.84599996e+00 1.84599996e+00
    1.84599996e+00 1.84599996e+00 1.84599996e+00 1.84599996e+00
    1.84599996e+00 1.84599996e+00 1.84599996e+00 1.86399996e+00
    1.88800001e+00 1.89199996e+00 1.89199996e+00 1.89199996e+00
    1.89199996e+00 1.89199996e+00 1.89199996e+00 1.93200004e+00
    1.97000003e+00 1.98599994e+00 2.00300002e+00 2.02800012e+00
    2.05900002e+00 2.11800003e+00 2.16400003e+00 2.16400003e+00
    2.15700006e+00 2.13100004e+00 2.10800004e+00 2.09100008e+00
    2.07500005e+00 2.05800009e+00 2.04900002e+00 2.04900002e+00
    2.04900002e+00 0. 0. 0. 0. 0. 1.84599996e+00 1.84599996e+00
    1.84599996e+00 1.84599996e+00 1.84599996e+00 1.84599996e+00
    1.84599996e+00 1.84599996e+00 1.84599996e+00 1.84899998e+00
    1.85300004e+00 1.85300004e+00 1.85300004e+00 1.85300004e+00
    1.85300004e+00 1.85300004e+00 1.85300004e+00 1.89199996e+00
    1.93099999e+00 1.96700001e+00 2. 2.00399995e+00 2.02099991e+00
    2.10100007e+00 2.16400003e+00 2.16400003e+00 2.16300011e+00
    2.15899992e+00 2.14299989e+00 2.10500002e+00 2.06599998e+00
    2.02900004e+00 2.00799990e+00 2.00799990e+00 2.00799990e+00 0. 0. 0.
    0. 0. 1.84599996e+00 1.84599996e+00 1.84599996e+00 1.84599996e+00
    1.84599996e+00 1.84599996e+00 1.84599996e+00 1.84599996e+00
    1.84599996e+00 1.84599996e+00 1.84599996e+00 1.84599996e+00
