<?xml version="1.0"?>
<opencv_storage>
<Depth type_id="opencv-matrix">
  <rows>40</rows>
  <cols>40</cols>
  <dt>f</dt>
  <data>
    0. 0. 0. 0. 0. 0. 0. 0. 0. 0. 0. 0. 0. 0. 0. 0. 0. 0. 0. 0. 0. 0. 0.
    0. 0. 0. 0. 0. 0. 0. 0. 0. 0. 0. 0. 0. 0. 0. 0. 0. 0. 0. 0. 0. 0. 0.
    0. 0. 0. 0. 0. 0. 0. 0. 0. 0. 0. 0. 0. 0. 0. 0. 0. 0. 0. 0. 0. 0. 0.
    0. 0. 0. 0. 0. 0. 0. 0. 0. 0. 0. 0. 0. 0. 0. 0. 0. 0. 0. 0. 0. 0. 0.
    0. 0. 0. 0. 0. 0. 0. 0. 0. 0. 0. 0. 0. 0. 0. 0. 0. 0. 0. 0. 0. 0. 0.
    0. 0. 0. 0. 0. 0. 0. 0. 0. 0. 0. 0. 0. 0. 0. 0. 0. 0. 0. 0. 0. 0. 0.
    0. 0. 0. 0. 0. 0. 0. 0. 0. 0. 0. 0. 0. 0. 0. 0. 0. 0. 0. 0. 0. 0. 0.
    0. 0. 0. 0. 0. 0. 0. 0. 0. 0. 0. 0. 0. 0. 0. 0. 0. 0. 0. 0. 0. 0. 0.
    0. 0. 0. 0. 0. 0. 0. 0. 0. 0. 0. 0. 0. 0. 0. 0. 0. 0. 0. 0. 0. 0. 0.
    0. 0. 0. 0. 0. 0. 0. 0. 0. 0. 0. 0. 0. 0. 0. 0. 0. 0. 0. 0. 0. 0. 0.
    0. 0. 0. 0. 0. 0. 0. 0. 0. 0. 0. 0. 0. 0. 0. 0. 0. 0. 0. 0. 0. 0. 0.
    0. 0. 0. 0. 0. 0. 0. 0. 0. 0. 0. 0. 0. 0. 0. 0. 0. 0. 0. 0. 0. 0. 0.
    0. 0. 0. 0. 0. 0. 0. 0. 0. 0. 0. 0. 0. 0. 0. 0. 0. 0. 0. 0. 0. 0. 0.
    0. 0. 0. 0. 0. 0. 0. 0. 0. 0. 0. 0. 0. 0. 0. 0. 0. 0. 0. 0. 0. 0. 0.
    0. 0. 0. 0. 0. 0. 0. 0. 0. 0. 0. 0. 0. 0. 0. 0. 0. 0. 0. 0. 0. 0. 0.
    0. 0. 0. 0. 0. 0. 0. 0. 0. 0. 0. 0. 0. 0. 0. 0. 0. 0. 0. 0. 0. 0. 0.
    0. 0. 0. 0. 0. 0. 0. 0. 0. 0. 0. 0. 0. 0. 0. 0. 0. 0. 0. 0. 0. 0. 0.
    0. 0. 0. 0. 0. 0. 0. 0. 0. 0. 0. 0. 0. 0. 0. 0. 0. 0. 0. 0. 0. 0. 0.
    0. 0. 0. 0. 0. 0. 0. 0. 0. 0. 0. 0. 0. 0. 0. 0. 0. 0. 0. 0. 0. 0. 0.
    0. 0. 0. 0. 0. 0. 0. 0. 0. 0. 0. 0. 0. 0. 0. 0. 0. 0. 0. 0. 0. 0. 0.
    0. 0. 0. 0. 0. 0. 0. 0. 0. 0. 0. 0. 0. 0. 0. 0. 0. 0. 0. 0. 0. 0. 0.
    0. 0. 0. 0. 0. 0. 0. 0. 0. 0. 0. 0. 0. 0. 0. 0. 0. 0. 0. 0. 0. 0. 0.
    0. 0. 0. 0. 0. 0. 0. 0. 0. 0. 0. 0. 0. 0. 2.06599998e+00
    2.01699996e+00 2. 2. 2. 2. 2. 1.90600002e+00 1.81099999e+00
    1.77900004e+00 1.77900004e+00 1.79400003e+00 1.84099996e+00
    1.88699996e+00 1.93499994e+00 1.98399997e+00 2.03299999e+00
    2.08299994e+00 2.13299990e+00 2.18499994e+00 2.23799992e+00
    2.18600011e+00 2.13400006e+00 2.11599994e+00 2.11599994e+00
    2.11599994e+00 2.11599994e+00 2.11599994e+00 2.11599994e+00
    2.11599994e+00 2.11599994e+00 2.11599994e+00 2.13299990e+00
    2.18499994e+00 2.23799992e+00 2.18600011e+00 2.13400006e+00
    2.11599994e+00 2.11599994e+00 2.09999990e+00 2.05699992e+00
    2.01399994e+00 1.99500000e+00 1.98800004e+00 1.98399997e+00
    1.98399997e+00 1.98399997e+00 1.90300000e+00 1.82200003e+00
    1.79400003e+00 1.79400003e+00 1.80799997e+00 1.84700000e+00
    1.88699996e+00 1.93499994e+00 1.98399997e+00 2.02800012e+00
    2.07100010e+00 2.11700010e+00 2.16799998e+00 2.22000003e+00
    2.17600012e+00 2.13100004e+00 2.11100006e+00 2.10400009e+00
    2.09899998e+00 2.09899998e+00 2.09899998e+00 2.10599995e+00
    2.11400008e+00 2.11599994e+00 2.11599994e+00 2.13100004e+00
    2.17499995e+00 2.22000003e+00 2.16899991e+00 2.11700010e+00
    2.09899998e+00 2.09899998e+00 2.08599997e+00 2.02800012e+00
    2.00699997e+00 1.98199999e+00 1.95400000e+00 1.93499994e+00
    1.93499994e+00 1.93499994e+00 1.89499998e+00 1.85399997e+00
    1.84099996e+00 1.84099996e+00 1.84700000e+00 1.86699998e+00
    1.88699996e+00 1.93499994e+00 1.98399997e+00 2.01399994e+00
    2.03500009e+00 2.06599998e+00 2.11700010e+00 2.16799998e+00
    2.14599991e+00 2.12400007e+00 2.09699988e+00 2.06900001e+00
    2.04999995e+00 2.04999995e+00 2.04999995e+00 2.07800007e+00
    2.10599995e+00 2.11599994e+00 2.11599994e+00 2.12299991e+00
    2.14599991e+00 2.16799998e+00 2.11800003e+00 2.06699991e+00
    2.04999995e+00 2.04999995e+00 2.04299998e+00 2. 2. 1.96800005e+00
    1.91900003e+00 1.88699996e+00 1.88699996e+00 1.88699996e+00
    1.88699996e+00 1.88699996e+00 1.88699996e+00 1.88699996e+00
    1.88699996e+00 1.88699996e+00 1.88699996e+00 1.93499994e+00
    1.98399997e+00 2. 2. 2.01600003e+00 2.06599998e+00 2.11599994e+00
    2.11599994e+00 2.11599994e+00 2.08299994e+00 2.03299999e+00 2. 2. 2.
    2.04900002e+00 2.09899998e+00 2.11599994e+00 2.11599994e+00
    2.11599994e+00 2.11599994e+00 2.11599994e+00 2.06699991e+00
    2.01699996e+00 2. 2. 2. 1.95200002e+00 1.95200002e+00 1.93299997e+00
    1.90600002e+00 1.88699996e+00 1.88699996e+00 1.88699996e+00
    1.88699996e+00 1.88699996e+00 1.88699996e+00 1.88699996e+00
    1.88699996e+00 1.88699996e+00 1.88699996e+00 1.93499994e+00
    1.98399997e+00 2. 2. 2.00900006e+00 2.03800011e+00 2.06599998e+00
    2.06599998e+00 2.06599998e+00 2.04800010e+00 2.01900005e+00 2. 2. 2.
    2.02800012e+00 2.05699992e+00 2.06599998e+00 2.06599998e+00
    2.06599998e+00 2.06599998e+00 2.06599998e+00 2.03800011e+00
    2.00999999e+00 2. 2. 2. 1.90300000e+00 1.90300000e+00 1.89900005e+00
    1.89199996e+00 1.88699996e+00 1.88699996e+00 1.88699996e+00
    1.88699996e+00 1.88699996e+00 1.88699996e+00 1.88699996e+00
    1.88699996e+00 1.88699996e+00 1.88699996e+00 1.93499994e+00
    1.98399997e+00 2. 2. 2.00200009e+00 2.00900006e+00 2.01699996e+00
    2.01699996e+00 2.01699996e+00 2.01200008e+00 2.00500011e+00 2. 2. 2.
    2.00699997e+00 2.01399994e+00 2.01699996e+00 2.01699996e+00
    2.01699996e+00 2.01699996e+00 2.01699996e+00 2.00999999e+00
    2.00200009e+00 2. 2. 2. 1.88699996e+00 1.88699996e+00 1.88699996e+00
    1.88699996e+00 1.88300002e+00 1.86899996e+00 1.85599995e+00
    1.85599995e+00 1.85599995e+00 1.85599995e+00 1.85599995e+00
    1.86099994e+00 1.87399995e+00 1.88699996e+00 1.93499994e+00
    1.98399997e+00 2. 2. 2. 2. 2. 2. 2. 2. 2. 2. 2. 2. 2. 2. 2. 2. 2. 2.
    2. 2. 2. 2. 2. 2. 1.88699996e+00 1.88699996e+00 1.88699996e+00
    1.88699996e+00 1.87600005e+00 1.84300005e+00 1.80999994e+00
    1.80999994e+00 1.80999994e+00 1.80999994e+00 1.80999994e+00
    1.82099998e+00 1.85399997e+00 1.88699996e+00 1.93499994e+00
    1.98399997e+00 2. 2. 2. 2. 2. 2. 2. 2. 2. 2. 2. 2. 2. 2. 2. 2. 2. 2.
    2. 2. 2. 2. 2. 2. 1.88699996e+00 1.88699996e+00 1.88699996e+00
    1.88699996e+00 1.87199998e+00 1.82500005e+00 1.77900004e+00
    1.77900004e+00 1.77900004e+00 1.77900004e+00 1.77900004e+00
    1.79400003e+00 1.84099996e+00 1.88699996e+00 1.93499994e+00
    1.98399997e+00 2. 2. 2. 2. 2. 2. 2. 2. 2. 2. 2. 2. 2. 2. 2. 2. 2. 2.
    2. 2. 2. 1.99500000e+00 1.98899996e+00 1.98399997e+00 1.88699996e+00
    1.88699996e+00 1.88699996e+00 1.88699996e+00 1.87199998e+00
    1.82500005e+00 1.77900004e+00 1.77900004e+00 1.77900004e+00
    1.77900004e+00 1.77900004e+00 1.79400003e+00 1.84099996e+00
    1.88699996e+00 1.93499994e+00 1.98399997e+00 2. 2. 2. 2. 2. 2. 2. 2.
    2. 2. 2. 2. 2. 2. 2. 2. 2. 2. 2. 2. 2. 1.98199999e+00 1.95400000e+00
    1.93599999e+00 1.88699996e+00 1.88699996e+00 1.88699996e+00
    1.88699996e+00 1.87199998e+00 1.82500005e+00 1.77900004e+00
    1.77900004e+00 1.77900004e+00 1.77900004e+00 1.77900004e+00
    1.79400003e+00 1.84099996e+00 1.88699996e+00 1.93499994e+00
    1.98399997e+00 2. 2. 2. 2. 2. 2. 2. 2. 2. 2. 2. 2. 2. 2. 2. 2. 2. 2.
    2. 2. 2. 1.96800005e+00 1.91999996e+00 1.88699996e+00 1.86699998e+00
    1.84700000e+00 1.84099996e+00 1.84099996e+00 1.82599998e+00
    1.77999997e+00 1.73399997e+00 1.73399997e+00 1.73399997e+00
    1.74699998e+00 1.76600003e+00 1.78799999e+00 1.81400001e+00
    1.84099996e+00 1.90900004e+00 1.97700000e+00 2. 2. 2. 2. 2. 2. 2. 2.
    2. 2. 2. 2. 2. 2. 2. 2. 2. 2. 2. 2. 2. 1.96800005e+00 1.91999996e+00
    1.87399995e+00 1.84700000e+00 1.80799997e+00 1.79499996e+00
    1.79499996e+00 1.77999997e+00 1.73399997e+00 1.68900001e+00
    1.68900001e+00 1.68900001e+00 1.71500003e+00 1.75300002e+00
    1.78100002e+00 1.78799999e+00 1.79400003e+00 1.88199997e+00
    1.97000003e+00 2. 2. 2. 2. 2. 2. 2. 2. 2. 2. 2. 2. 2. 2. 2. 2. 2. 2.
    2. 2. 2. 1.96800005e+00 1.91999996e+00 1.86199999e+00 1.84099996e+00
    1.79499996e+00 1.77900004e+00 1.77900004e+00 1.76400006e+00
    1.71899998e+00 1.67400002e+00 1.67400002e+00 1.67400002e+00
    1.70400000e+00 1.74899995e+00 1.77900004e+00 1.77900004e+00
