<?xml version="1.0"?>
<opencv_storage>
<Depth type_id="opencv-matrix">
  <rows>40</rows>
  <cols>40</cols>
  <dt>f</dt>
  <data>
    0. 0. 0. 0. 0. 0. 0. 0. 0. 0. 0. 0. 0. 0. 0. 0. 0. 0. 0. 0. 0. 0. 0.
    0. 0. 0. 0. 0. 0. 0. 0. 0. 0. 0. 0. 0. 0. 0. 0. 0. 0. 0. 0. 0. 0. 0.
    0. 0. 0. 0. 0. 0. 0. 0. 0. 0. 0. 0. 0. 0. 0. 0. 0. 0. 0. 0. 0. 0. 0.
    0. 0. 0. 0. 0. 0. 0. 0. 0. 0. 0. 0. 0. 0. 0. 0. 0. 0. 0. 0. 0. 0. 0.
    0. 0. 0. 0. 0. 0. 0. 0. 0. 0. 0. 0. 0. 0. 0. 0. 0. 0. 0. 0. 0. 0. 0.
    0. 0. 0. 0. 0. 0. 0. 0. 0. 0. 0. 0. 0. 0. 0. 0. 0. 0. 0. 0. 0. 0. 0.
    0. 0. 0. 0. 0. 0. 0. 0. 0. 0. 0. 0. 0. 0. 0. 0. 0. 0. 0. 0. 0. 0. 0.
    0. 0. 0. 0. 0. 0. 0. 0. 0. 0. 0. 0. 0. 0. 0. 0. 0. 0. 0. 0. 0. 0. 0.
    0. 0. 0. 0. 0. 0. 0. 0. 0. 0. 0. 0. 0. 0. 0. 0. 0. 0. 0. 0. 0. 0. 0.
    0. 0. 0. 0. 0. 0. 0. 0. 0. 0. 0. 0. 0. 2.23000002e+00 2.23000002e+00
    2.23499990e+00 2.23799992e+00 2.24000001e+00 0. 0. 0. 0. 0. 0. 0. 0.
    0. 0. 0. 0. 0. 0. 0. 0. 0. 0. 0. 0. 0. 0. 0. 0. 0. 0. 0. 0. 0. 0. 0.
    2.04399991e+00 2.79900002e+00 0. 2.09800005e+00 2.10100007e+00
    2.10500002e+00 2.16400003e+00 2.18700004e+00 2.20900011e+00
    2.19899988e+00 0. 0. 0. 0. 0. 0. 0. 0. 0. 0. 0. 0. 0. 0. 0. 0. 0. 0.
    0. 0. 0. 0. 0. 0. 0. 0. 0. 0. 0. 2.40400004e+00 2.03200006e+00
    2.03399992e+00 2.04099989e+00 2.04500008e+00 2.05500007e+00
    2.07800007e+00 2.09100008e+00 2.09800005e+00 2.09100008e+00
    2.06500006e+00 2.04800010e+00 1.17499995e+00 0. 0. 0. 0. 0. 0. 0. 0.
    0. 0. 0. 0. 0. 0. 0. 0. 0. 0. 0. 0. 0. 0. 0. 0. 0. 0. 0.
    2.18899989e+00 2.03200006e+00 2.03200006e+00 2.03200006e+00
    2.04099989e+00 2.04800010e+00 2.06900001e+00 2.07100010e+00
    2.06699991e+00 2.04800010e+00 2.03900003e+00 1.04900002e+00
    1.01400006e+00 1.05100000e+00 0. 0. 0. 0. 0. 0. 0. 0. 0. 0. 0. 0. 0.
    0. 0. 0. 0. 0. 0. 0. 0. 0. 0. 0. 0. 0. 2.03299999e+00 2.03200006e+00
    2.03200006e+00 2.03200006e+00 2.03399992e+00 2.03600001e+00
    2.03999996e+00 2.05200005e+00 2.04800010e+00 2.03399992e+00
    2.03200006e+00 1.59700000e+00 1.97099996e+00 2.03200006e+00 0. 0. 0.
    0. 0. 0. 0. 0. 0. 0. 0. 0. 0. 0. 0. 0. 0. 0. 0. 0. 0. 0. 0. 0. 0. 0.
    2.03299999e+00 2.03200006e+00 2.03200006e+00 2.03200006e+00
    2.03200006e+00 2.03200006e+00 2.03200006e+00 2.03299999e+00
    2.03299999e+00 2.03200006e+00 2.03200006e+00 2.03200006e+00
    2.03200006e+00 2.03200006e+00 0. 0. 0. 0. 0. 0. 0. 0. 0. 0. 0. 0. 0.
    0. 0. 0. 0. 0. 0. 0. 0. 0. 0. 0. 0. 0. 2.03299999e+00 2.03200006e+00
    2.03200006e+00 2.03200006e+00 2.03200006e+00 2.03200006e+00
    2.03200006e+00 2.03200006e+00 2.03200006e+00 2.03200006e+00
    2.03200006e+00 2.03200006e+00 2.03200006e+00 2.03200006e+00 0. 0. 0.
    0. 0. 0. 0. 0. 0. 0. 0. 0. 0. 0. 0. 0. 0. 0. 0. 0. 0. 0. 0. 0. 0. 0.
    2.03299999e+00 2.03200006e+00 2.02800012e+00 2.02800012e+00
    2.02999997e+00 2.03200006e+00 2.03200006e+00 2.03200006e+00
    2.03200006e+00 2.03200006e+00 2.03200006e+00 2.03200006e+00
    2.03200006e+00 2.03200006e+00 0. 0. 0. 0. 0. 0. 0. 0. 0. 0. 0. 0. 0.
    0. 0. 0. 0. 0. 0. 0. 0. 0. 0. 0. 0. 2.66100001e+00 2.03200006e+00
    2.02500010e+00 2.01600003e+00 2.01600003e+00 2.02099991e+00
    2.02999997e+00 2.03200006e+00 2.03200006e+00 2.03200006e+00
    2.03200006e+00 2.03200006e+00 2.03200006e+00 2.03200006e+00
    2.03200006e+00 0. 0. 0. 0. 0. 0. 0. 0. 0. 0. 0. 0. 0. 0. 0. 0. 0. 0.
    0. 0. 0. 0. 0. 0. 0. 2.01600003e+00 2.03099990e+00 2.01600003e+00
    2.01600003e+00 2.01600003e+00 2.01600003e+00 2.02099991e+00
    2.02300000e+00 2.03200006e+00 2.03200006e+00 2.03200006e+00
    2.03200006e+00 2.03200006e+00 2.03200006e+00 2.03200006e+00 0. 0. 0.
    0. 0. 0. 0. 0. 0. 0. 0. 0. 0. 0. 0. 0. 0. 0. 0. 0. 0. 0. 0. 0. 0.
    2.01600003e+00 2.01999998e+00 2.01600003e+00 2.01600003e+00
    2.01600003e+00 2.01600003e+00 2.01600003e+00 2.01600003e+00
    2.01999998e+00 2.01999998e+00 2.02500010e+00 2.03200006e+00
    2.03200006e+00 2.03200006e+00 2.03200006e+00 0. 0. 0. 0. 0. 0. 0. 0.
    0. 0. 0. 0. 0. 0. 0. 0. 0. 0. 0. 0. 0. 0. 0. 0. 2.18000007e+00
    2.01600003e+00 2.01600003e+00 2.01600003e+00 2.01600003e+00
    2.01600003e+00 2.01600003e+00 2.01600003e+00 2.01600003e+00
    2.01600003e+00 2.01600003e+00 2.01699996e+00 2.01799989e+00
    2.01799989e+00 2.01799989e+00 2.01799989e+00 0. 0. 0. 0. 0. 0. 0. 0.
    0. 0. 0. 0. 0. 0. 0. 0. 0. 0. 0. 0. 0. 0. 0. 0. 2.01600003e+00
    2.01600003e+00 2.01600003e+00 2.01600003e+00 2.01600003e+00
    2.01600003e+00 2.01500010e+00 2.01500010e+00 2.01500010e+00 2.
    2.00399995e+00 2.01600003e+00 2.01600003e+00 2.01699996e+00
    2.01699996e+00 0. 0. 0. 0. 0. 0. 0. 0. 0. 0. 0. 0. 0. 0. 0. 0. 0. 0.
    0. 0. 0. 0. 0. 0. 0. 2.01600003e+00 2.01600003e+00 2.01600003e+00
    2.01600003e+00 2.01200008e+00 2.01200008e+00 2.00500011e+00 2. 2. 2.
    2.00399995e+00 2.01600003e+00 2.01600003e+00 2.02800012e+00
    2.03200006e+00 0. 0. 0. 0. 0. 0. 0. 0. 0. 0. 0. 0. 0. 0. 0. 0. 0. 0.
    0. 0. 0. 0. 0. 0. 0. 2.00999999e+00 2.00999999e+00 2.01500010e+00
    2.01500010e+00 2. 2. 2. 2. 2. 2. 2.00200009e+00 2.01200008e+00
    2.01600003e+00 2.02800012e+00 2.03200006e+00 0. 0. 0. 0. 0. 0. 0. 0.
    0. 0. 0. 0. 0. 0. 0. 0. 0. 0. 0. 0. 0. 0. 0. 0. 1.99199998e+00
    1.99600005e+00 2. 2.01500010e+00 2.01500010e+00 2.00699997e+00 2. 2.
    2. 2. 2. 2. 2.00600004e+00 2.01600003e+00 2.02800012e+00
    2.04800010e+00 0. 0. 0. 0. 0. 0. 0. 0. 0. 0. 0. 0. 0. 0. 0. 0. 0. 0.
    0. 0. 0. 0. 0. 0. 1.97399998e+00 1.98899996e+00 2. 2.01500010e+00
    2.01600003e+00 2.01200008e+00 2. 2. 2. 2. 1.99899995e+00
    1.98899996e+00 1.99500000e+00 2.01099992e+00 2.02800012e+00
    2.06100011e+00 0. 0. 0. 0. 0. 0. 0. 0. 0. 0. 0. 0. 0. 0. 0. 0. 0. 0.
    0. 0. 0. 0. 0. 0. 1.97000003e+00 1.98000002e+00 1.98699999e+00 2.
    2.00200009e+00 2.00099993e+00 2. 2. 2. 2. 1.99899995e+00
    1.98500001e+00 1.99100006e+00 2.00900006e+00 2.02800012e+00
    2.06100011e+00 0. 0. 0. 0. 0. 0. 0. 0. 0. 0. 0. 0. 0. 0. 0. 0. 0. 0.
    0. 0. 0. 0. 0. 1.99600005e+00 1.98500001e+00 1.98500001e+00
    1.98500001e+00 1.98500001e+00 1.99899995e+00 2. 2. 1.99899995e+00
    1.99899995e+00 1.99899995e+00 1.99899995e+00 2. 2. 2.00900006e+00
    2.02800012e+00 2.28299999e+00 0. 0. 0. 0. 0. 0. 0. 0. 0. 0. 0. 0. 0.
    0. 0. 0. 0. 0. 0. 0. 0. 0. 0. 1.99600005e+00 1.98500001e+00
    1.98500001e+00 1.98500001e+00 1.98500001e+00 1.98599994e+00 2. 2.
    1.99100006e+00 1.98500001e+00 1.98500001e+00 1.98599994e+00 2.
    2.00099993e+00 2.01099992e+00 2.02500010e+00 0. 0. 0. 0. 0. 0. 0. 0.
    0. 0. 0. 0. 0. 0. 0. 0. 0. 0. 0. 0. 0. 0. 0. 0. 1.99199998e+00
    1.98500001e+00 1.98500001e+00 1.98500001e+00 1.98500001e+00
    1.98599994e+00 1.99600005e+00 1.99800003e+00 1.98899996e+00
    1.98500001e+00 1.98500001e+00 1.98599994e+00 2. 2.00399995e+00
    2.01699996e+00 0. 0. 0. 0. 0. 0. 0. 0. 0. 0. 0. 0. 0. 0. 0. 0. 0. 0.
    0. 0. 0. 0. 0. 0. 0. 1.98500001e+00 1.98500001e+00 1.98500001e+00
    1.98500001e+00 1.98500001e+00 1.98500001e+00 1.98699999e+00
    1.98899996e+00 1.98500001e+00 1.98500001e+00 1.98500001e+00
    1.98599994e+00 2. 2. 2.00799990e+00 0. 0. 0. 0. 0. 0. 0. 0. 0. 0. 0.
    0. 0. 0. 0. 0. 0. 0. 0. 0. 0. 0. 0. 0. 1.98500001e+00 1.98500001e+00
    1.98500001e+00 1.98500001e+00 1.98500001e+00 1.98500001e+00
    1.98500001e+00 1.98500001e+00 1.98500001e+00 1.98500001e+00
    1.98500001e+00 1.98500001e+00 1.98500001e+00 1.99199998e+00 2. 2. 0.
    0. 0. 0. 0. 0. 0. 0. 0. 0. 0. 0. 0. 0. 0. 0. 0. 0. 0. 0. 0. 0. 0. 0.
    1.98500001e+00 1.98199999e+00 1.97200000e+00 1.97899997e+00
    1.98500001e+00 1.98500001e+00 1.98500001e+00 1.98500001e+00
    1.98500001e+00 1.98500001e+00 1.98500001e+00 1.98500001e+00
    1.98500001e+00 1.98899996e+00 2. 0. 0. 0. 0. 0. 0. 0. 0. 0. 0. 0. 0.
    0. 0. 0. 0. 0. 0. 0. 0. 0. 0. 0. 0. 0. 1.98399997e+00 1.97000003e+00
    1.97000003e+00 1.97899997e+00 1.98500001e+00 1.98500001e+00
    1.98399997e+00 1.98399997e+00 1.98500001e+00 1.98500001e+00
    1.98500001e+00 1.98500001e+00 1.98599994e+00 1.99899995e+00
