<?xml version="1.0"?>
<opencv_storage>
<Depth type_id="opencv-matrix">
  <rows>40</rows>
  <cols>40</cols>
  <dt>f</dt>
  <data>
    0. 0. 0. 0. 0. 0. 0. 0. 0. 0. 0. 0. 2.15199995e+00 2.20600009e+00
    2.19799995e+00 2.18000007e+00 2.12500000e+00 2.12100005e+00
    2.12100005e+00 2.13199997e+00 2.18199992e+00 2.13700008e+00
    2.13599992e+00 0. 0. 0. 0. 0. 0. 0. 0. 0. 0. 0. 0. 0. 0. 0. 0. 0. 0.
    0. 0. 0. 0. 0. 0. 0. 0. 0. 0. 0. 1.22800004e+00 2.19899988e+00
    2.17199993e+00 2.09100008e+00 2.08899999e+00 2.09200001e+00
    2.10899997e+00 2.10700011e+00 2.08899999e+00 2.08899999e+00
    2.08899999e+00 2.01600003e+00 2. 0. 0. 0. 0. 0. 0. 0. 0. 0. 0. 0. 0.
    0. 0. 0. 0. 0. 0. 0. 0. 0. 0. 0. 0. 0. 0. 0. 0. 0. 0. 1.93200004e+00
    2.00900006e+00 2.00900006e+00 2.00799990e+00 2.01200008e+00
    2.02300000e+00 2.02900004e+00 2.02500010e+00 2.01300001e+00
    2.00399995e+00 2.00099993e+00 0. 0. 0. 0. 0. 0. 0. 0. 0. 0. 0. 0. 0.
    0. 0. 0. 0. 0. 0. 0. 0. 0. 0. 0. 0. 0. 0. 0. 1.47800004e+00
    2.01200008e+00 2.00300002e+00 2. 2. 2. 2.00300002e+00 2.00300002e+00
    2.00300002e+00 2.00300002e+00 2.00200009e+00 2. 2.00600004e+00 0. 0.
    0. 0. 0. 0. 0. 0. 0. 0. 0. 0. 0. 0. 0. 0. 0. 0. 0. 0. 0. 0. 0. 0. 0.
    0. 0. 2.08200002e+00 2.01500010e+00 1.99800003e+00 1.99899995e+00 2.
    2. 2. 2. 2. 2. 2. 2. 2.00600004e+00 0. 0. 0. 0. 0. 0. 0. 0. 0. 0. 0.
    0. 0. 0. 0. 0. 0. 0. 0. 0. 0. 0. 0. 0. 0. 2.20600009e+00 0.
    2.09800005e+00 2.01200008e+00 1.99600005e+00 1.99699998e+00 2. 2. 2.
    2. 2. 2. 2. 2. 2.00600004e+00 0. 0. 0. 0. 0. 0. 0. 0. 0. 0. 0. 0. 0.
    0. 0. 0. 0. 0. 0. 0. 0. 0. 0. 0. 0. 2.20000005e+00 2.17400002e+00
    2.16199994e+00 2.01300001e+00 2. 2. 2. 2. 2. 2. 2. 2. 2. 2.
    2.00600004e+00 2.01200008e+00 0. 0. 0. 0. 0. 0. 0. 0. 0. 0. 0. 0. 0.
    0. 0. 0. 0. 0. 0. 0. 0. 0. 0. 0. 2.20000005e+00 2.16199994e+00
    2.09200001e+00 2.01900005e+00 2.00200009e+00 2. 2. 2. 2. 2. 2. 2. 2.
    2. 2.01200008e+00 2.01300001e+00 0. 0. 0. 0. 0. 0. 0. 0. 0. 0. 0. 0.
    0. 0. 0. 0. 0. 0. 0. 0. 0. 0. 0. 0. 2.19899988e+00 2.18300009e+00
    2.07699990e+00 2.01500010e+00 2.00200009e+00 2. 2. 2. 2. 2. 2. 2. 2.
    2.00600004e+00 2.01300001e+00 2.01300001e+00 0. 0. 0. 0. 0. 0. 0. 0.
    0. 0. 0. 0. 0. 0. 0. 0. 0. 0. 0. 0. 0. 0. 0. 0. 2.20600009e+00
    2.19099998e+00 2.05800009e+00 2.00699997e+00 2.00200009e+00 2. 2. 2.
    2. 2. 2. 2. 2. 2.00099993e+00 2.00600004e+00 2.00600004e+00 0. 0. 0.
    0. 0. 0. 0. 0. 0. 0. 0. 0. 0. 0. 0. 0. 0. 0. 0. 0. 0. 0. 0. 0.
    2.20199990e+00 2.19099998e+00 2.05599999e+00 2.01399994e+00
    2.00200009e+00 2. 2. 2. 2. 2. 2.00099993e+00 2. 2. 2. 2.00600004e+00
    1.48000002e+00 0. 0. 0. 0. 0. 0. 0. 0. 0. 0. 0. 0. 0. 0. 0. 0. 0. 0.
    0. 0. 0. 0. 0. 0. 2.19600010e+00 2.18300009e+00 2.07100010e+00
    2.01300001e+00 2.00600004e+00 2. 2. 2. 2. 2. 2. 2. 2. 2.
    2.00600004e+00 0. 0. 0. 0. 0. 0. 0. 0. 0. 0. 0. 0. 0. 0. 0. 0. 0. 0.
    0. 0. 0. 0. 0. 0. 0. 2.19300008e+00 2.16199994e+00 2.11999989e+00
    2.00699997e+00 2.00200009e+00 2. 2. 2. 2. 2. 2. 2. 2. 2.
    2.00600004e+00 2.01200008e+00 0. 0. 0. 0. 0. 0. 0. 0. 0. 0. 0. 0. 0.
    0. 0. 0. 0. 0. 0. 0. 0. 0. 0. 0. 2.20000005e+00 2.16700006e+00
    2.11299992e+00 2.00699997e+00 2. 2. 2. 2. 2. 2. 2. 2.00500011e+00 2.
    2. 2.00600004e+00 2.00699997e+00 0. 0. 0. 0. 0. 0. 0. 0. 0. 0. 0. 0.
    0. 0. 0. 0. 0. 0. 0. 0. 0. 0. 0. 0. 2.19899988e+00 2.17499995e+00
    2.11599994e+00 2.00699997e+00 2. 2. 2. 2. 2. 2. 2. 2.00600004e+00
    2.00600004e+00 2.00600004e+00 2.01099992e+00 2.01099992e+00 0. 0. 0.
    0. 0. 0. 0. 0. 0. 0. 0. 0. 0. 0. 0. 0. 0. 0. 0. 0. 0. 0. 0. 0.
    2.19499993e+00 2.17499995e+00 2.10299993e+00 2.01399994e+00
    2.00200009e+00 2. 2.00200009e+00 2. 2. 2. 2.00200009e+00
    2.00600004e+00 2. 2.00099993e+00 2.00600004e+00 2.00900006e+00 0. 0.
    0. 0. 0. 0. 0. 0. 0. 0. 0. 0. 0. 0. 0. 0. 0. 0. 0. 0. 0. 0. 0. 0.
    2.19600010e+00 2.18600011e+00 2.08200002e+00 2.01500010e+00
    2.00600004e+00 2.00600004e+00 2.00600004e+00 2. 2. 2. 2.00399995e+00
    2.00500011e+00 2. 2. 2.00600004e+00 2.00600004e+00 0. 0. 0. 0. 0. 0.
    0. 0. 0. 0. 0. 0. 0. 0. 0. 0. 0. 0. 0. 0. 0. 0. 0. 0. 2.19600010e+00
    2.14499998e+00 2.12899995e+00 2.01999998e+00 2.00600004e+00
    2.00500011e+00 2.00600004e+00 2.00099993e+00 2. 2.00399995e+00
    2.00600004e+00 2.00300002e+00 2.00099993e+00 2. 2.00699997e+00
    2.00600004e+00 0. 0. 0. 0. 0. 0. 0. 0. 0. 0. 0. 0. 0. 0. 0. 0. 0. 0.
    0. 0. 0. 0. 0. 0. 1.99399996e+00 1.99399996e+00 2.00699997e+00
    2.01300001e+00 2.00600004e+00 2. 2.00600004e+00 2.00399995e+00 2. 2.
    2.00600004e+00 2.00600004e+00 2.00600004e+00 2.00600004e+00
    2.01200008e+00 2.00600004e+00 0. 0. 0. 0. 0. 0. 0. 0. 0. 0. 0. 0. 0.
    0. 0. 0. 0. 0. 0. 0. 0. 0. 0. 0. 2.17700005e+00 1.98800004e+00
    2.13299990e+00 2.01300001e+00 2.00600004e+00 2.00600004e+00
    2.00399995e+00 2. 2. 2.00500011e+00 2.00600004e+00 2.00600004e+00
    2.00600004e+00 2.00600004e+00 2.00600004e+00 2.00600004e+00 0. 0. 0.
    0. 0. 0. 0. 0. 0. 0. 0. 0. 0. 0. 0. 0. 0. 0. 0. 0. 0. 0. 0. 0.
    2.19400001e+00 2.17700005e+00 2.12100005e+00 2.01399994e+00
    2.00600004e+00 2.00600004e+00 2.00200009e+00 2. 2. 2.00600004e+00
    2.00600004e+00 2.00600004e+00 2.00600004e+00 2.00600004e+00
    2.00200009e+00 2.00600004e+00 0. 0. 0. 0. 0. 0. 0. 0. 0. 0. 0. 0. 0.
    0. 0. 0. 0. 0. 0. 0. 0. 0. 0. 0. 1.22399998e+00 2.16899991e+00
    2.12400007e+00 2.01300001e+00 2.00600004e+00 2.00600004e+00 2.
    2.00300002e+00 2.00600004e+00 2.00600004e+00 2.00600004e+00
    2.00600004e+00 2.00600004e+00 2.00600004e+00 2. 2. 0. 0. 0. 0. 0. 0.
    0. 0. 0. 0. 0. 0. 0. 0. 0. 0. 0. 0. 0. 0. 0. 0. 0. 0. 1.22399998e+00
    2.17799997e+00 2.14400005e+00 2.01600003e+00 2.00699997e+00
    2.00600004e+00 2.00200009e+00 2.00200009e+00 2. 2.00600004e+00
    2.00600004e+00 2.00600004e+00 2.00600004e+00 2.00600004e+00
    2.00600004e+00 0. 0. 0. 0. 0. 0. 0. 0. 0. 0. 0. 0. 0. 0. 0. 0. 0. 0.
    0. 0. 0. 0. 0. 0. 0. 1.22800004e+00 2.18099999e+00 2.16400003e+00
    2.02600002e+00 2.00799990e+00 2.00600004e+00 2.00600004e+00
    2.00399995e+00 2.00200009e+00 2.00600004e+00 2.00600004e+00
    2.00600004e+00 2.00600004e+00 2.00600004e+00 2.00699997e+00
    2.00600004e+00 0. 0. 0. 0. 0. 0. 0. 0. 0. 0. 0. 0. 0. 0. 0. 0. 0. 0.
    0. 0. 0. 0. 0. 0. 1.22800004e+00 2.18300009e+00 2.14400005e+00
    2.02600002e+00 2.00799990e+00 2.00600004e+00 2.00600004e+00 2.
    2.00600004e+00 2.00600004e+00 2.00600004e+00 2.00600004e+00
    2.00600004e+00 2.00600004e+00 2.01300001e+00 2.01300001e+00 0. 0. 0.
    0. 0. 0. 0. 0. 0. 0. 0. 0. 0. 0. 0. 0. 0. 0. 0. 0. 0. 0. 0. 0.
    2.08899999e+00 2.19000006e+00 2.03200006e+00 2.02099991e+00
    2.00799990e+00 2.00600004e+00 2.00600004e+00 2.00600004e+00
    2.00600004e+00 2.00600004e+00 2.00600004e+00 2.00600004e+00
    2.00600004e+00 2.00600004e+00 2.01300001e+00 2.01300001e+00 0. 0. 0.
    0. 0. 0. 0. 0. 0. 0. 0. 0. 0. 0. 0. 0. 0. 0. 0. 0. 0. 0. 0. 0.
    2.21099997e+00 2.19099998e+00 2.03800011e+00 2.01999998e+00
    2.00600004e+00 2.00600004e+00 2.00600004e+00 2.00600004e+00
    2.00600004e+00 2.00600004e+00 2.00600004e+00 2.00600004e+00
    2.00600004e+00 2.00600004e+00 2.01300001e+00 2.01300001e+00 0. 0. 0.
    0. 0. 0. 0. 0. 0. 0. 0. 0. 0. 0. 0. 0. 0. 0. 0. 0. 0. 0. 0. 0.
    1.67600000e+00 2.17899990e+00 2.13400006e+00 2.01999998e+00
    2.00799990e+00 2.00600004e+00 2.00600004e+00 2.00600004e+00
    2.00600004e+00 2.00600004e+00 2.00600004e+00 2.00600004e+00
    2.00600004e+00 2.00600004e+00 2.01300001e+00 2.01300001e+00 0. 0. 0.
    0. 0. 0. 0. 0. 0. 0. 0. 0. 0. 0. 0. 0. 0. 0. 0. 0. 0. 0. 0. 0. 0.
    2.15599990e+00 2.10999990e+00 2.02300000e+00 2.01399994e+00
    2.00699997e+00 2.00600004e+00 2.00600004e+00 2.00600004e+00
    2.00600004e+00 2.00600004e+00 2.00600004e+00 2.00600004e+00
    2.00699997e+00 2.01300001e+00 2.01600003e+00 0. 0. 0. 0. 0. 0. 0. 0.
    0. 0. 0. 0. 0. 0. 0. 0. 0. 0. 0. 0. 0. 0. 0. 0. 0. 2.13400006e+00
    2.07200003e+00 2.01999998e+00 2.01300001e+00 2.00600004e+00
