<?xml version="1.0"?>
<opencv_storage>
<Depth type_id="opencv-matrix">
  <rows>40</rows>
  <cols>40</cols>
  <dt>f</dt>
  <data>
    0. 0. 0. 0. 0. 0. 0. 0. 0. 0. 0. 0. 0. 0. 0. 0. 0. 0. 0. 0. 0. 0. 0.
    0. 0. 0. 0. 0. 0. 0. 0. 0. 0. 0. 0. 0. 0. 0. 0. 0. 0. 0. 0. 0. 0. 0.
    0. 0. 0. 0. 0. 0. 0. 0. 0. 0. 0. 0. 0. 0. 0. 0. 0. 0. 0. 0. 0. 0. 0.
    0. 0. 0. 0. 0. 0. 0. 0. 0. 0. 0. 0. 0. 0. 0. 0. 0. 0. 0. 0. 0. 0. 0.
    0. 0. 0. 0. 0. 0. 0. 0. 0. 0. 0. 0. 0. 0. 0. 0. 0. 0. 0. 0. 0. 0. 0.
    0. 0. 0. 0. 0. 0. 0. 0. 0. 0. 0. 0. 0. 0. 0. 0. 0. 0. 0. 0. 0. 0. 0.
    0. 0. 0. 0. 0. 0. 0. 0. 0. 0. 0. 0. 0. 0. 0. 0. 0. 0. 0. 0. 0. 0. 0.
    0. 0. 0. 0. 0. 0. 0. 0. 0. 0. 0. 0. 0. 0. 0. 0. 0. 0. 0. 0. 0. 0. 0.
    0. 0. 0. 0. 0. 0. 0. 0. 0. 0. 0. 0. 0. 0. 0. 0. 0. 0. 0. 0. 0. 0. 0.
    0. 0. 0. 0. 0. 0. 0. 0. 0. 0. 0. 0. 0. 0. 0. 0. 0. 0. 0. 0. 0. 0. 0.
    0. 0. 0. 0. 0. 0. 0. 0. 0. 0. 0. 0. 0. 0. 0. 0. 0. 0. 0. 0. 0. 0. 0.
    0. 0. 0. 0. 0. 0. 0. 0. 0. 0. 0. 0. 0. 0. 0. 0. 0. 0. 0. 0. 0. 0. 0.
    0. 0. 0. 0. 0. 0. 0. 0. 0. 0. 0. 0. 0. 0. 0. 0. 0. 0. 0. 0. 0. 0. 0.
    0. 0. 0. 0. 0. 0. 0. 0. 0. 0. 0. 0. 0. 0. 0. 0. 0. 0. 0. 0. 0. 0. 0.
    0. 0. 0. 0. 0. 0. 0. 0. 0. 0. 0. 0. 0. 0. 0. 0. 0. 0. 0. 0. 0. 0. 0.
    0. 0. 0. 0. 0. 0. 0. 0. 0. 0. 0. 0. 0. 0. 0. 0. 0. 0. 0. 0. 0. 0. 0.
    0. 0. 0. 0. 0. 0. 0. 0. 0. 0. 0. 0. 0. 0. 0. 0. 0. 0. 0. 0. 0. 0. 0.
    0. 0. 0. 0. 0. 0. 0. 0. 0. 0. 0. 0. 0. 0. 0. 0. 0. 0. 0. 0. 0. 0. 0.
    0. 0. 0. 0. 0. 0. 0. 0. 0. 0. 0. 0. 0. 0. 0. 0. 0. 0. 0. 0. 0. 0. 0.
    0. 0. 0. 0. 0. 0. 0. 0. 0. 0. 0. 0. 0. 2.35999990e+00 2.35999990e+00
    2.35999990e+00 2.35999990e+00 2.35999990e+00 2.35999990e+00
    2.35999990e+00 2.35999990e+00 2.35999990e+00 2.33699989e+00
    2.28999996e+00 2.26600003e+00 2.26600003e+00 2.28800011e+00
    2.33500004e+00 2.35999990e+00 2.35999990e+00 2.38299990e+00
    2.43199992e+00 2.45799994e+00 0. 0. 0. 0. 0. 0. 0. 0. 0. 0. 0. 0. 0.
    0. 0. 0. 0. 0. 0. 0. 2.33699989e+00 2.33699989e+00 2.33699989e+00
    2.33699989e+00 2.33699989e+00 2.33699989e+00 2.33699989e+00
    2.33699989e+00 2.33699989e+00 2.30900002e+00 2.25099993e+00
    2.22099996e+00 2.22099996e+00 2.24300003e+00 2.28900003e+00
    2.32500005e+00 2.34800005e+00 2.37700009e+00 2.41400003e+00
    2.43400002e+00 0. 0. 0. 0. 0. 0. 0. 0. 0. 0. 0. 0. 0. 0. 0. 0. 0. 0.
    0. 0. 2.28999996e+00 2.28999996e+00 2.28999996e+00 2.28999996e+00
    2.28999996e+00 2.28999996e+00 2.28999996e+00 2.28999996e+00
    2.28999996e+00 2.25200009e+00 2.17300010e+00 2.13100004e+00
    2.13100004e+00 2.15300012e+00 2.19700003e+00 2.25399995e+00
    2.32299995e+00 2.36599994e+00 2.37800002e+00 2.38499999e+00 0. 0. 0.
    0. 0. 0. 0. 0. 0. 0. 0. 0. 0. 0. 0. 0. 0. 0. 0. 0. 2.26600003e+00
    2.26600003e+00 2.26600003e+00 2.25500011e+00 2.23300004e+00
    2.22199988e+00 2.22199988e+00 2.22700000e+00 2.23799992e+00
    2.20499992e+00 2.12700009e+00 2.08599997e+00 2.08599997e+00
    2.10700011e+00 2.15100002e+00 2.20700002e+00 2.27699995e+00
    2.31900001e+00 2.33100009e+00 2.33699989e+00 0. 0. 0. 0. 0. 0. 0. 0.
    0. 0. 0. 0. 0. 0. 0. 0. 0. 0. 0. 0. 2.26600003e+00 2.26600003e+00
    2.26600003e+00 2.23300004e+00 2.16599989e+00 2.13199997e+00
    2.13199997e+00 2.14800000e+00 2.18000007e+00 2.17100000e+00
    2.11500001e+00 2.08599997e+00 2.08599997e+00 2.10700011e+00
    2.15100002e+00 2.18499994e+00 2.20900011e+00 2.23699999e+00
    2.27200007e+00 2.28999996e+00 0. 0. 0. 0. 0. 0. 0. 0. 0. 0. 0. 0. 0.
    0. 0. 0. 0. 0. 0. 0. 2.20099998e+00 2.20099998e+00 2.20099998e+00
    2.16700006e+00 2.09899998e+00 2.06500006e+00 2.06500006e+00
    2.08100009e+00 2.11400008e+00 2.11999989e+00 2.09800005e+00
    2.08599997e+00 2.08599997e+00 2.10200000e+00 2.13499999e+00
    2.15199995e+00 2.15199995e+00 2.16899991e+00 2.20300007e+00
    2.22199988e+00 0. 0. 0. 0. 0. 0. 0. 0. 0. 0. 0. 0. 0. 0. 0. 0. 0. 0.
    0. 0. 2.06800008e+00 2.06800008e+00 2.06800008e+00 2.05699992e+00
    2.03399992e+00 2.02200007e+00 2.02200007e+00 2.02699995e+00
    2.03900003e+00 2.05500007e+00 2.07500005e+00 2.08599997e+00
    2.08599997e+00 2.09100008e+00 2.10299993e+00 2.10899997e+00
    2.10899997e+00 2.11400008e+00 2.12599993e+00 2.13199997e+00 0. 0. 0.
    0. 0. 0. 0. 0. 0. 0. 0. 0. 0. 0. 0. 0. 0. 0. 0. 0. 1.98000002e+00
    1.98000002e+00 1.98000002e+00 1.98000002e+00 1.98000002e+00
    1.98000002e+00 1.98000002e+00 1.98000002e+00 1.98000002e+00 2.
    2.04299998e+00 2.06500006e+00 2.06500006e+00 2.06500006e+00
    2.06500006e+00 2.06500006e+00 2.06500006e+00 2.06500006e+00
    2.06500006e+00 2.06500006e+00 0. 0. 0. 0. 0. 0. 0. 0. 0. 0. 0. 0. 0.
    0. 0. 0. 0. 0. 0. 0. 1.93799996e+00 1.93799996e+00 1.93799996e+00
    1.93799996e+00 1.93799996e+00 1.93799996e+00 1.93799996e+00
    1.93799996e+00 1.93799996e+00 1.95899999e+00 2. 2.02200007e+00
    2.02200007e+00 2.02200007e+00 2.02200007e+00 2.02200007e+00
    2.02200007e+00 2.02200007e+00 2.02200007e+00 2.02200007e+00 0. 0. 0.
    0. 0. 0. 0. 0. 0. 0. 0. 0. 0. 0. 0. 0. 0. 0. 0. 0. 1.89699996e+00
    1.89699996e+00 1.89699996e+00 1.90199995e+00 1.91199994e+00
    1.91199994e+00 1.90199995e+00 1.89699996e+00 1.89699996e+00
    1.92200005e+00 1.97300005e+00 2. 2. 2. 2. 2. 2. 2. 2. 2. 0. 0. 0. 0.
    0. 0. 0. 0. 0. 0. 0. 0. 0. 0. 0. 0. 0. 0. 0. 0. 1.85699999e+00
    1.85699999e+00 1.85699999e+00 1.87199998e+00 1.90199995e+00
    1.90199995e+00 1.87199998e+00 1.85699999e+00 1.85699999e+00
    1.89199996e+00 1.96300006e+00 2. 2. 2. 2. 2. 2. 2. 2. 2. 0. 0. 0. 0.
    0. 0. 0. 0. 0. 0. 0. 0. 0. 0. 0. 0. 0. 0. 0. 0. 1.81700003e+00
    1.82200003e+00 1.83099997e+00 1.85599995e+00 1.89600003e+00
    1.89699996e+00 1.85699999e+00 1.83599997e+00 1.83599997e+00
    1.86600006e+00 1.92799997e+00 1.96500003e+00 1.97500002e+00
    1.98000002e+00 1.98000002e+00 1.98500001e+00 1.99500000e+00 2. 2. 2.
    0. 0. 0. 0. 0. 0. 0. 0. 0. 0. 0. 0. 0. 0. 0. 0. 0. 0. 0. 0.
    1.77800000e+00 1.79299998e+00 1.82099998e+00 1.85599995e+00
    1.89600003e+00 1.89699996e+00 1.85699999e+00 1.83599997e+00
    1.83599997e+00 1.84599996e+00 1.86800003e+00 1.89300001e+00
    1.92299998e+00 1.93900001e+00 1.93900001e+00 1.95299995e+00
    1.98399997e+00 2. 2. 2. 0. 0. 0. 0. 0. 0. 0. 0. 0. 0. 0. 0. 0. 0. 0.
    0. 0. 0. 0. 0. 1.75800002e+00 1.77300000e+00 1.80200005e+00
    1.83299994e+00 1.86399996e+00 1.86899996e+00 1.84700000e+00
    1.83599997e+00 1.83599997e+00 1.83599997e+00 1.83599997e+00
    1.85500002e+00 1.89600003e+00 1.91700006e+00 1.91700006e+00
    1.93700004e+00 1.97800004e+00 2. 2. 2. 0. 0. 0. 0. 0. 0. 0. 0. 0. 0.
    0. 0. 0. 0. 0. 0. 0. 0. 0. 0. 1.75800002e+00 1.76300001e+00
    1.77300000e+00 1.78400004e+00 1.79400003e+00 1.80900002e+00
    1.82700002e+00 1.83599997e+00 1.83599997e+00 1.83599997e+00
    1.83599997e+00 1.85500002e+00 1.89600003e+00 1.91700006e+00
    1.91700006e+00 1.93700004e+00 1.97800004e+00 2. 2. 2. 0. 0. 0. 0. 0.
    0. 0. 0. 0. 0. 0. 0. 0. 0. 0. 0. 0. 0. 0. 0. 1.74000001e+00
    1.74500000e+00 1.75300002e+00 1.75800002e+00 1.75800002e+00
    1.77699995e+00 1.81599998e+00 1.83200002e+00 1.82200003e+00
    1.81799996e+00 1.81799996e+00 1.83700001e+00 1.87699997e+00
    1.89800000e+00 1.89800000e+00 1.91700006e+00 1.95899999e+00
    1.97599995e+00 1.96599996e+00 1.96099997e+00 0. 0. 0. 0. 0. 0. 0. 0.
    0. 0. 0. 0. 0. 0. 0. 0. 0. 0. 0. 0. 1.70200002e+00 1.71599996e+00
    1.74399996e+00 1.75800002e+00 1.75800002e+00 1.77699995e+00
    1.81599998e+00 1.82200003e+00 1.79299998e+00 1.77900004e+00
    1.77900004e+00 1.79799998e+00 1.83700001e+00 1.85699999e+00
    1.85699999e+00 1.87699997e+00 1.91700006e+00 1.92499995e+00
    1.89499998e+00 1.88000000e+00 0. 0. 0. 0. 0. 0. 0. 0. 0. 0. 0. 0. 0.
    0. 0. 0. 0. 0. 0. 0. 1.68200004e+00 1.70099998e+00 1.73899996e+00
    1.75800002e+00 1.75800002e+00 1.77699995e+00 1.81599998e+00
    1.81700003e+00 1.77800000e+00 1.75800002e+00 1.75800002e+00
    1.77699995e+00 1.81599998e+00 1.83599997e+00 1.83599997e+00
    1.85500002e+00 1.89600003e+00 1.89800000e+00 1.85800004e+00
