<?xml version="1.0"?>
<opencv_storage>
<Depth type_id="opencv-matrix">
  <rows>40</rows>
  <cols>40</cols>
  <dt>f</dt>
  <data>
    0. 0. 0. 0. 0. 0. 0. 0. 0. 0. 0. 0. 0. 0. 0. 0. 0. 0. 0. 0. 0. 0. 0.
    0. 0. 0. 0. 0. 0. 0. 0. 0. 0. 0. 0. 0. 0. 0. 0. 0. 0. 0. 0. 0. 0. 0.
    0. 0. 0. 0. 0. 0. 0. 0. 0. 0. 0. 2.00699997e+00 0. 0. 2.04900002e+00
    2.02900004e+00 0. 0. 0. 0. 0. 0. 0. 0. 0. 0. 0. 0. 0. 0. 0. 0. 0. 0.
    0. 0. 0. 0. 0. 0. 0. 0. 0. 0. 1.99100006e+00 1.99199998e+00
    1.98699999e+00 1.99199998e+00 1.99399996e+00 1.99699998e+00
    2.00399995e+00 2.00600004e+00 2.00900006e+00 2.00799990e+00
    2.00699997e+00 2.01699996e+00 2.01699996e+00 2.02600002e+00
    2.02999997e+00 2.03299999e+00 2.03399992e+00 2.03800011e+00
    2.03800011e+00 2.04099989e+00 2.03999996e+00 0. 0. 0. 0. 0. 0. 0. 0.
    0. 0. 0. 0. 0. 0. 0. 1.96500003e+00 1.97500002e+00 1.97500002e+00
    1.98199999e+00 1.99100006e+00 1.99000001e+00 1.99100006e+00
    1.99399996e+00 1.99399996e+00 1.99800003e+00 2.00399995e+00
    2.00600004e+00 2.00699997e+00 2.00999999e+00 2.00999999e+00
    2.01699996e+00 2.01699996e+00 2.02399993e+00 2.02800012e+00
    2.03099990e+00 2.03399992e+00 2.03800011e+00 2.03900003e+00
    2.04299998e+00 2.03900003e+00 0. 0. 0. 0. 0. 0. 0. 0. 0. 0. 0. 0. 0.
    0. 0. 1.96899998e+00 1.97399998e+00 1.97899997e+00 1.98199999e+00
    1.98699999e+00 1.98699999e+00 1.99100006e+00 1.99300003e+00
    1.99399996e+00 1.99899995e+00 2.00399995e+00 2.00500011e+00
    2.00600004e+00 2.00799990e+00 2.01300001e+00 2.01399994e+00
    2.01699996e+00 2.02399993e+00 2.02699995e+00 2.02699995e+00
    2.03200006e+00 2.03399992e+00 2.03800011e+00 2.04200006e+00
    2.03900003e+00 0. 0. 0. 0. 0. 0. 0. 0. 0. 0. 0. 0. 0. 0. 0.
    1.97099996e+00 1.97099996e+00 1.97700000e+00 1.98099995e+00
    1.98399997e+00 1.98500001e+00 1.99100006e+00 1.99100006e+00
    1.99399996e+00 1.99699998e+00 2. 2.00399995e+00 2.00399995e+00
    2.00699997e+00 2.00799990e+00 2.01399994e+00 2.01699996e+00
    2.02099991e+00 2.02800012e+00 2.02999997e+00 2.03200006e+00
    2.03699994e+00 2.03800011e+00 2.03800011e+00 2.03800011e+00 0. 0. 0.
    0. 0. 0. 0. 0. 0. 0. 0. 0. 0. 0. 0. 1.97200000e+00 1.96800005e+00
    1.97700000e+00 1.98099995e+00 1.98099995e+00 1.98199999e+00
    1.98699999e+00 1.99000001e+00 1.99399996e+00 1.99500000e+00 2.
    2.00200009e+00 2.00500011e+00 2.00699997e+00 2.00699997e+00
    2.01200008e+00 2.01699996e+00 2.02300000e+00 2.02500010e+00
    2.02900004e+00 2.03299999e+00 2.03600001e+00 2.03800011e+00
    2.03900003e+00 2.04200006e+00 0. 0. 0. 0. 0. 0. 0. 0. 0. 0. 0. 0. 0.
    0. 0. 1.72399998e+00 1.97099996e+00 1.97700000e+00 1.97800004e+00
    1.98099995e+00 1.98399997e+00 1.98399997e+00 1.98899996e+00
    1.99100006e+00 1.99500000e+00 2. 2.00200009e+00 2.00399995e+00
    2.00699997e+00 2.00699997e+00 2.00999999e+00 2.01699996e+00
    2.02099991e+00 2.02500010e+00 2.02699995e+00 2.03200006e+00
    2.03399992e+00 2.03800011e+00 2.03800011e+00 2.04299998e+00
    1.11699998e+00 0. 0. 0. 0. 0. 0. 0. 0. 0. 0. 0. 0. 0. 0.
    1.72599995e+00 1.96800005e+00 1.97700000e+00 1.97800004e+00
    1.98099995e+00 1.98199999e+00 1.98399997e+00 1.98699999e+00
    1.99100006e+00 1.99399996e+00 2. 2.00200009e+00 2.00399995e+00
    2.00699997e+00 2.00699997e+00 2.00999999e+00 2.01200008e+00
    2.02099991e+00 2.02399993e+00 2.02699995e+00 2.03099990e+00
    2.03399992e+00 2.03500009e+00 2.03800011e+00 2.04299998e+00 0. 0. 0.
    0. 0. 0. 0. 0. 0. 0. 0. 0. 0. 0. 0. 1.72399998e+00 1.96800005e+00
    1.97700000e+00 1.97800004e+00 1.97800004e+00 1.98099995e+00
    1.98399997e+00 1.98699999e+00 1.98699999e+00 1.99199998e+00
    1.99699998e+00 2. 2.00399995e+00 2.00399995e+00 2.00699997e+00
    2.00900006e+00 2.01099992e+00 2.01999998e+00 2.02200007e+00
    2.02399993e+00 2.03200006e+00 2.03399992e+00 2.03399992e+00
    2.03699994e+00 2.03800011e+00 0. 0. 0. 0. 0. 0. 0. 0. 0. 0. 0. 0. 0.
    0. 0. 1.72099996e+00 1.96800005e+00 1.97399998e+00 1.97800004e+00
    1.97800004e+00 1.98099995e+00 1.98099995e+00 1.98699999e+00
    1.99100006e+00 1.99199998e+00 1.99399996e+00 1.99899995e+00
    2.00399995e+00 2.00600004e+00 2.00699997e+00 2.00799990e+00
    2.00999999e+00 2.01999998e+00 2.02200007e+00 2.02399993e+00
    2.03099990e+00 2.03200006e+00 2.03399992e+00 2.03800011e+00
    2.04200006e+00 0. 0. 0. 0. 0. 0. 0. 0. 0. 0. 0. 0. 0. 0. 0.
    1.72200000e+00 1.97099996e+00 1.97700000e+00 1.97800004e+00
    1.97800004e+00 1.97800004e+00 1.98099995e+00 1.98500001e+00
    1.99100006e+00 1.99199998e+00 1.99399996e+00 1.99399996e+00 2.
    2.00600004e+00 2.00699997e+00 2.00900006e+00 2.01399994e+00
    2.02099991e+00 2.02099991e+00 2.02399993e+00 2.03099990e+00
    2.03299999e+00 2.03399992e+00 2.03800011e+00 2.03800011e+00 0.
    2.12800002e+00 0. 0. 0. 0. 0. 0. 0. 0. 0. 0. 0. 0. 0. 1.72099996e+00
    1.96599996e+00 1.97000003e+00 1.97599995e+00 1.97800004e+00
    1.98000002e+00 1.98099995e+00 1.98399997e+00 1.99100006e+00
    1.99100006e+00 1.99100006e+00 1.99399996e+00 2. 2.00399995e+00
    2.00399995e+00 2.00699997e+00 2.00900006e+00 2.02099991e+00
    2.02200007e+00 2.02399993e+00 2.02900004e+00 2.03200006e+00
    2.03399992e+00 2.03600001e+00 2.04099989e+00 1.02900004e+00
    2.13899994e+00 0. 0. 0. 0. 0. 0. 0. 0. 0. 0. 0. 0. 0. 1.71800005e+00
    1.96300006e+00 1.97000003e+00 1.97599995e+00 1.97800004e+00
    1.97800004e+00 1.98099995e+00 1.98099995e+00 1.99100006e+00
    1.99100006e+00 1.99100006e+00 1.99800003e+00 2. 2.00200009e+00
    2.00399995e+00 2.00699997e+00 2.00999999e+00 2.02099991e+00
    2.02099991e+00 2.02399993e+00 2.02500010e+00 2.02999997e+00
    2.03399992e+00 2.03399992e+00 2.04200006e+00 1.11600006e+00 0. 0. 0.
    0. 0. 0. 0. 0. 0. 0. 0. 0. 0. 0. 1.72000003e+00 1.96500003e+00
    1.96800005e+00 1.97099996e+00 1.97500002e+00 1.97800004e+00
    1.98099995e+00 1.98300004e+00 1.98699999e+00 1.99000001e+00
    1.99100006e+00 1.99500000e+00 1.99699998e+00 2. 2.00399995e+00
    2.00699997e+00 2.00799990e+00 2.01900005e+00 2.01900005e+00
    2.02099991e+00 2.02500010e+00 2.02999997e+00 2.03399992e+00
    2.03600001e+00 2.03999996e+00 1.11600006e+00 1.46500003e+00 0. 0. 0.
    0. 0. 0. 0. 0. 0. 0. 0. 0. 0. 0. 1.96500003e+00 1.96700001e+00
    1.97099996e+00 1.97500002e+00 1.97800004e+00 1.98000002e+00
    1.98199999e+00 1.98399997e+00 1.98899996e+00 1.99100006e+00
    1.99300003e+00 1.99699998e+00 2. 2.00399995e+00 2.00500011e+00
    2.00799990e+00 2.01699996e+00 2.01799989e+00 2.02099991e+00
    2.02500010e+00 2.02999997e+00 2.03399992e+00 2.03399992e+00
    2.03800011e+00 1.11600006e+00 0. 0. 0. 0. 0. 0. 0. 0. 0. 0. 0. 0. 0.
    0. 1.57099998e+00 1.96500003e+00 1.96700001e+00 1.97099996e+00
    1.97500002e+00 1.97800004e+00 1.97800004e+00 1.98099995e+00
    1.98399997e+00 1.99000001e+00 1.99100006e+00 1.99100006e+00
    1.99399996e+00 1.99899995e+00 2.00399995e+00 2.00500011e+00
    2.00799990e+00 2.01699996e+00 2.02099991e+00 2.02099991e+00
    2.02399993e+00 2.02399993e+00 2.02800012e+00 2.03399992e+00
    2.03500009e+00 2.03399992e+00 1.40499997e+00 0. 0. 0. 0. 0. 0. 0. 0.
    0. 0. 0. 0. 0. 1.97300005e+00 1.96200001e+00 1.96700001e+00
    1.96899998e+00 1.97399998e+00 1.97800004e+00 1.97800004e+00
    1.98099995e+00 1.98099995e+00 1.98699999e+00 1.99100006e+00
    1.99399996e+00 1.99399996e+00 1.99800003e+00 2.00399995e+00
    2.00600004e+00 2.00699997e+00 2.01300001e+00 2.01799989e+00
    2.02099991e+00 2.02399993e+00 2.02600002e+00 2.03099990e+00
    2.03399992e+00 2.03800011e+00 2.03800011e+00 0. 0. 0. 0. 0. 0. 0. 0.
    0. 0. 0. 0. 0. 0. 1.29200006e+00 1.96200001e+00 1.96500003e+00
    1.96899998e+00 1.97099996e+00 1.97500002e+00 1.97800004e+00
    1.98099995e+00 1.98099995e+00 1.98399997e+00 1.99100006e+00
    1.99199998e+00 1.99399996e+00 1.99600005e+00 2.00399995e+00
    2.00600004e+00 2.00699997e+00 2.01099992e+00 2.01699996e+00
    2.02099991e+00 2.02399993e+00 2.02500010e+00 2.03099990e+00
    2.03399992e+00 2.03800011e+00 2.03800011e+00 0. 0. 0. 0. 0. 0. 0. 0.
