<?xml version="1.0"?>
<opencv_storage>
<Depth type_id="opencv-matrix">
  <rows>40</rows>
  <cols>40</cols>
  <dt>f</dt>
  <data>
    0. 0. 0. 0. 0. 0. 0. 0. 0. 0. 0. 0. 0. 0. 0. 0. 0. 0. 0. 0. 0. 0. 0.
    0. 0. 0. 0. 0. 0. 0. 0. 0. 0. 0. 0. 0. 0. 0. 0. 0. 0. 0. 0. 0. 0. 0.
    0. 0. 0. 0. 0. 0. 0. 0. 0. 0. 0. 0. 0. 0. 0. 0. 0. 0. 0. 0. 0. 0. 0.
    0. 0. 0. 0. 0. 0. 0. 0. 0. 0. 0. 0. 0. 0. 0. 0. 0. 0. 0. 0. 0. 0. 0.
    0. 0. 0. 0. 0. 0. 0. 0. 0. 0. 0. 0. 0. 0. 0. 0. 0. 0. 0. 0. 0. 0. 0.
    0. 0. 0. 0. 0. 0. 0. 0. 0. 0. 0. 0. 0. 0. 0. 0. 0. 0. 0. 0. 0. 0. 0.
    0. 0. 0. 0. 0. 0. 0. 0. 0. 0. 0. 0. 0. 0. 0. 0. 0. 0. 0. 0. 0. 0. 0.
    0. 0. 0. 0. 0. 0. 0. 0. 0. 0. 0. 0. 0. 0. 0. 0. 0. 0. 0. 0. 0. 0. 0.
    0. 0. 0. 0. 0. 0. 0. 0. 0. 0. 0. 0. 0. 0. 0. 0. 0. 0. 0. 0. 0. 0. 0.
    0. 0. 0. 0. 0. 0. 0. 0. 0. 0. 0. 0. 0. 0. 0. 0. 0. 0. 0. 0. 0. 0. 0.
    0. 0. 0. 0. 0. 0. 0. 0. 0. 0. 0. 0. 0. 0. 0. 0. 0. 0. 0. 0. 0. 0. 0.
    0. 0. 0. 0. 0. 0. 0. 0. 0. 0. 0. 0. 0. 0. 0. 0. 0. 0. 0. 0. 0. 0. 0.
    0. 0. 0. 0. 0. 0. 0. 0. 0. 0. 0. 0. 0. 0. 0. 0. 0. 0. 0. 0. 0. 0. 0.
    0. 0. 0. 0. 0. 0. 0. 0. 0. 0. 0. 0. 0. 0. 0. 0. 0. 0. 0. 0. 0. 0. 0.
    0. 0. 0. 0. 0. 0. 0. 0. 0. 0. 0. 0. 0. 0. 0. 0. 0. 0. 0. 0. 0. 0. 0.
    0. 0. 0. 0. 0. 0. 0. 0. 0. 0. 0. 0. 0. 0. 0. 0. 0. 0. 0. 0. 0. 0. 0.
    0. 0. 0. 0. 0. 0. 0. 0. 0. 0. 0. 0. 0. 0. 0. 0. 0. 0. 0. 0. 0. 0. 0.
    0. 0. 0. 0. 0. 0. 0. 0. 0. 0. 0. 0. 0. 0. 0. 0. 0. 0. 0. 0. 0. 0. 0.
    0. 0. 0. 0. 0. 0. 0. 0. 0. 0. 0. 0. 0. 0. 0. 0. 0. 0. 0. 0. 0. 0. 0.
    0. 0. 0. 0. 0. 0. 0. 0. 0. 0. 0. 0. 0. 0. 0. 0. 0. 0. 0. 0. 0. 0. 0.
    0. 0. 0. 0. 0. 0. 0. 0. 0. 0. 0. 0. 0. 0. 0. 0. 0. 0. 0. 0. 0. 0. 0.
    0. 0. 0. 0. 0. 0. 0. 0. 0. 0. 0. 0. 0. 0. 0. 0. 0. 0. 0. 0. 0. 0. 0.
    0. 0. 0. 0. 0. 0. 0. 0. 0. 0. 0. 0. 0. 0. 0. 0. 2.16799998e+00
    2.16799998e+00 2.16799998e+00 2.16799998e+00 2.14899993e+00
    2.08899999e+00 2.02900004e+00 2. 2. 2. 1.95899999e+00 1.90100002e+00
    1.84399998e+00 1.84000003e+00 1.84000003e+00 1.84800005e+00
    1.90499997e+00 1.96200001e+00 2. 2. 2. 2. 2. 2. 2. 2. 2. 2. 2. 2. 2.
    2. 2. 2. 2. 2. 0. 0. 0. 0. 2.16199994e+00 2.16199994e+00
    2.16199994e+00 2.16199994e+00 2.14400005e+00 2.08599997e+00
    2.02800012e+00 2. 2. 2. 1.95899999e+00 1.90100002e+00 1.84399998e+00
    1.84000003e+00 1.84000003e+00 1.84800005e+00 1.90499997e+00
    1.96200001e+00 1.99899995e+00 1.99699998e+00 1.99500000e+00
    1.99399996e+00 1.99399996e+00 1.99399996e+00 1.99399996e+00
    1.99399996e+00 1.99399996e+00 1.99399996e+00 1.99399996e+00
    1.99399996e+00 1.99699998e+00 1.99899995e+00 2. 2. 2. 2. 0. 0. 0. 0.
    2.10200000e+00 2.10200000e+00 2.10200000e+00 2.10200000e+00
    2.08999991e+00 2.05399990e+00 2.01799989e+00 2. 2. 2. 1.95899999e+00
    1.90100002e+00 1.84399998e+00 1.84000003e+00 1.84000003e+00
    1.84800005e+00 1.90499997e+00 1.96200001e+00 1.99199998e+00
    1.97000003e+00 1.94700003e+00 1.93700004e+00 1.93700004e+00
    1.93700004e+00 1.93700004e+00 1.93700004e+00 1.93700004e+00
    1.93700004e+00 1.93700004e+00 1.94099998e+00 1.96300006e+00
    1.98599994e+00 2. 2. 2. 2. 0. 0. 0. 0. 2.04200006e+00 2.04200006e+00
    2.04200006e+00 2.04200006e+00 2.03699994e+00 2.02200007e+00
    2.00699997e+00 2. 2. 2. 1.95899999e+00 1.90100002e+00 1.84399998e+00
    1.84000003e+00 1.84000003e+00 1.84800005e+00 1.90499997e+00
    1.96200001e+00 1.98500001e+00 1.94200003e+00 1.89900005e+00
    1.88000000e+00 1.88000000e+00 1.88000000e+00 1.88000000e+00
    1.88000000e+00 1.88000000e+00 1.88000000e+00 1.88000000e+00
    1.88699996e+00 1.92999995e+00 1.97300005e+00 2. 2. 2. 2. 0. 0. 0. 0.
    1.98199999e+00 1.98199999e+00 1.98199999e+00 1.98199999e+00
    1.98199999e+00 1.98199999e+00 1.98199999e+00 1.98199999e+00
    1.98199999e+00 1.98199999e+00 1.94500005e+00 1.89499998e+00
    1.84399998e+00 1.84000003e+00 1.84000003e+00 1.84800005e+00
    1.90499997e+00 1.96200001e+00 1.98000002e+00 1.92299998e+00
    1.86600006e+00 1.84000003e+00 1.84000003e+00 1.84000003e+00
    1.84000003e+00 1.84000003e+00 1.84000003e+00 1.84000003e+00
    1.84000003e+00 1.85000002e+00 1.90699995e+00 1.96399999e+00 2. 2. 2.
    2. 0. 0. 0. 0. 1.92499995e+00 1.92499995e+00 1.92499995e+00
    1.92499995e+00 1.92499995e+00 1.92499995e+00 1.92499995e+00
    1.92499995e+00 1.92499995e+00 1.92499995e+00 1.90300000e+00
    1.87300003e+00 1.84200001e+00 1.84000003e+00 1.84000003e+00
    1.84800005e+00 1.90499997e+00 1.96200001e+00 1.98000002e+00
    1.92299998e+00 1.86600006e+00 1.84000003e+00 1.84000003e+00
    1.84000003e+00 1.84000003e+00 1.84000003e+00 1.84000003e+00
    1.84000003e+00 1.84000003e+00 1.85000002e+00 1.90699995e+00
    1.96399999e+00 2. 2. 2. 2. 0. 0. 0. 0. 1.86800003e+00 1.86800003e+00
    1.86800003e+00 1.86800003e+00 1.86800003e+00 1.86800003e+00
    1.86800003e+00 1.86800003e+00 1.86800003e+00 1.86800003e+00
    1.86099994e+00 1.85099995e+00 1.84099996e+00 1.84000003e+00
    1.84000003e+00 1.84800005e+00 1.90499997e+00 1.96200001e+00
    1.98000002e+00 1.92299998e+00 1.86600006e+00 1.84000003e+00
    1.84000003e+00 1.84000003e+00 1.84000003e+00 1.84000003e+00
    1.84000003e+00 1.84000003e+00 1.84000003e+00 1.85000002e+00
    1.90699995e+00 1.96399999e+00 2. 2. 2. 2. 0. 0. 0. 0. 1.81200004e+00
    1.81299996e+00 1.82299995e+00 1.83299994e+00 1.84000003e+00
    1.84000003e+00 1.84000003e+00 1.84000003e+00 1.84000003e+00
    1.84000003e+00 1.84000003e+00 1.84000003e+00 1.84000003e+00
    1.84000003e+00 1.84000003e+00 1.84599996e+00 1.89300001e+00
    1.94000006e+00 1.95099998e+00 1.89400005e+00 1.83700001e+00
    1.81200004e+00 1.81200004e+00 1.81200004e+00 1.80400002e+00
    1.79400003e+00 1.78499997e+00 1.77499998e+00 1.76600003e+00
    1.76600003e+00 1.81299996e+00 1.85899997e+00 1.89199996e+00
    1.90100002e+00 1.91100001e+00 1.91499996e+00 0. 0. 0. 0.
    1.75600004e+00 1.75899994e+00 1.78900003e+00 1.81900001e+00
    1.84000003e+00 1.84000003e+00 1.84000003e+00 1.84000003e+00
    1.84000003e+00 1.84000003e+00 1.84000003e+00 1.84000003e+00
    1.84000003e+00 1.84000003e+00 1.84000003e+00 1.84399998e+00
    1.87000000e+00 1.89600003e+00 1.89400005e+00 1.83800006e+00
    1.78199995e+00 1.75600004e+00 1.75600004e+00 1.75600004e+00
    1.73500001e+00 1.70599997e+00 1.67700005e+00 1.64999998e+00
    1.62199998e+00 1.60399997e+00 1.63000000e+00 1.65600002e+00
    1.68299997e+00 1.71000004e+00 1.73800004e+00 1.74899995e+00 0. 0. 0.
    0. 1.70099998e+00 1.70599997e+00 1.75600004e+00 1.80599999e+00
    1.84000003e+00 1.84000003e+00 1.84000003e+00 1.84000003e+00
    1.84000003e+00 1.84000003e+00 1.84000003e+00 1.84000003e+00
    1.84000003e+00 1.84000003e+00 1.84000003e+00 1.84099996e+00
    1.84599996e+00 1.85200000e+00 1.83700001e+00 1.78199995e+00
    1.72599995e+00 1.70099998e+00 1.70099998e+00 1.70099998e+00
    1.66499996e+00 1.61699998e+00 1.57000005e+00 1.52400005e+00
    1.47899997e+00 1.44200003e+00 1.44799995e+00 1.45299995e+00
    1.47399998e+00 1.51900005e+00 1.56500006e+00 1.58399999e+00 0. 0. 0.
    0. 1.68599999e+00 1.69000006e+00 1.73099995e+00 1.77199996e+00
    1.79999995e+00 1.79999995e+00 1.79999995e+00 1.80799997e+00
    1.82200003e+00 1.83599997e+00 1.84000003e+00 1.84000003e+00
    1.84000003e+00 1.84000003e+00 1.84000003e+00 1.84000003e+00
    1.84000003e+00 1.84000003e+00 1.82099998e+00 1.76600003e+00
    1.71099997e+00 1.68599999e+00 1.68599999e+00 1.68599999e+00
    1.64600003e+00 1.59300005e+00 1.53999996e+00 1.48899996e+00
    1.43900001e+00 1.39699996e+00 1.39699996e+00 1.39699996e+00
    1.41100001e+00 1.44799995e+00 1.48599994e+00 1.50199997e+00 0. 0. 0.
    0. 1.68599999e+00 1.68799996e+00 1.70899999e+00 1.73000002e+00
    1.74500000e+00 1.74500000e+00 1.74500000e+00 1.76300001e+00
    1.79700005e+00 1.83099997e+00 1.84000003e+00 1.84000003e+00
    1.84000003e+00 1.84000003e+00 1.84000003e+00 1.84000003e+00
    1.84000003e+00 1.84000003e+00 1.82099998e+00 1.76600003e+00
    1.71099997e+00 1.68599999e+00 1.68599999e+00 1.68599999e+00
