<?xml version="1.0"?>
<opencv_storage>
<Depth type_id="opencv-matrix">
  <rows>40</rows>
  <cols>40</cols>
  <dt>f</dt>
  <data>
    0. 0. 0. 0. 0. 0. 0. 0. 0. 0. 0. 0. 0. 0. 0. 0. 0. 0. 0. 0. 0. 0. 0.
    0. 0. 0. 0. 0. 0. 0. 0. 0. 0. 0. 0. 0. 0. 0. 0. 0. 0. 0. 0. 0. 0. 0.
    0. 0. 0. 0. 0. 0. 0. 0. 0. 0. 0. 0. 0. 0. 2.30900002e+00
    2.25799990e+00 2.20099998e+00 2.10500002e+00 2.00900006e+00 2. 2. 2.
    2. 2. 2. 2. 0. 0. 0. 0. 0. 0. 0. 0. 0. 0. 0. 0. 0. 0. 0. 0. 0. 0. 0.
    0. 0. 0. 0. 0. 0. 0. 0. 0. 2.24200010e+00 2.21600008e+00
    2.18300009e+00 2.09599996e+00 2.00799990e+00 2. 2. 2. 2. 2. 2. 2. 0.
    0. 0. 0. 0. 0. 0. 0. 0. 0. 0. 0. 0. 0. 0. 0. 0. 0. 0. 0. 0. 0. 0. 0.
    0. 0. 0. 1.35899997e+00 2.06999993e+00 2.10999990e+00 2.13700008e+00
    2.07100010e+00 2.00600004e+00 2. 2. 2. 2. 2. 2. 2. 0. 0. 0. 0. 0. 0.
    0. 0. 0. 0. 0. 0. 0. 0. 0. 0. 0. 0. 0. 0. 0. 0. 0. 0. 0. 0.
    1.89900005e+00 1.89900005e+00 1.92900002e+00 2.01799989e+00
    2.09100008e+00 2.04800010e+00 2.00399995e+00 2. 2. 2. 2. 2. 2. 2. 0.
    0. 0. 0. 0. 0. 0. 0. 0. 0. 0. 0. 0. 0. 0. 0. 0. 0. 0. 0. 0. 0. 0. 0.
    0. 1.37500000e+00 1.89900005e+00 1.89900005e+00 1.92200005e+00
    1.98899996e+00 2.04600000e+00 2.02399993e+00 2.00200009e+00 2. 2. 2.
    2. 2. 2. 2. 0. 0. 0. 0. 0. 0. 0. 0. 0. 0. 0. 0. 0. 0. 0. 0. 0. 0. 0.
    0. 0. 0. 0. 1.46399999e+00 2.04999995e+00 1.94599998e+00
    1.89900005e+00 1.89900005e+00 1.91400003e+00 1.96099997e+00
    2.00099993e+00 2.00099993e+00 2. 2. 2. 2. 2. 2. 2. 2. 0. 0. 0. 0. 0.
    0. 0. 0. 0. 0. 0. 0. 0. 0. 0. 0. 0. 0. 0. 0. 0. 0. 0. 1.45599997e+00
    2.05900002e+00 1.98000002e+00 1.95500004e+00 1.97500002e+00
    1.99100006e+00 1.99600005e+00 2. 2. 2. 2. 2. 2. 2. 2. 2. 2. 0. 0. 0.
    0. 0. 0. 0. 0. 0. 0. 0. 0. 0. 0. 0. 0. 0. 0. 0. 0. 0. 0. 0.
    1.37000000e+00 2.01200008e+00 1.99600005e+00 2.01200008e+00
    2.05399990e+00 2.06999993e+00 2.03299999e+00 2. 2. 2. 2. 2. 2. 2. 2.
    2. 2. 0. 0. 0. 0. 0. 0. 0. 0. 0. 0. 0. 0. 0. 0. 0. 0. 0. 0. 0. 0. 0.
    0. 0. 1.57200003e+00 2. 2. 2.02600002e+00 2.07299995e+00
    2.08899999e+00 2.04200006e+00 2. 2. 2. 2. 2. 2. 2. 2. 2. 2. 0. 0. 0.
    0. 0. 0. 0. 0. 0. 0. 0. 0. 0. 0. 0. 0. 0. 0. 0. 0. 0. 0.
    1.31500006e+00 1.86600006e+00 2. 2. 2.02600002e+00 2.07299995e+00
    2.08899999e+00 2.04200006e+00 2. 2. 2. 2. 2. 2. 2. 2. 2. 2. 0. 0. 0.
    0. 0. 0. 0. 0. 0. 0. 0. 0. 0. 0. 0. 0. 0. 0. 0. 0. 0. 1.91900003e+00
    2. 2. 2. 2. 2.01999998e+00 2.05500007e+00 2.06699991e+00
    2.03099990e+00 2. 2. 2. 2. 2. 2. 2. 2. 2. 2. 0. 0. 0. 0. 0. 0. 0. 0.
    0. 0. 0. 0. 0. 0. 0. 0. 0. 0. 0. 0. 0. 1.91900003e+00 2. 2. 2. 2.
    2.00799990e+00 2.02200007e+00 2.02699995e+00 2.01300001e+00 2. 2. 2.
    2. 2. 2. 2. 2. 2. 2. 0. 0. 0. 0. 0. 0. 0. 0. 0. 0. 0. 0. 0. 0. 0. 0.
    0. 0. 0. 0. 0. 1.93400002e+00 2.01600003e+00 2.01600003e+00
    2.00999999e+00 2.00300002e+00 2. 2. 2. 2. 2. 2. 2. 2. 2. 2. 2.
    2.04099989e+00 2.12599993e+00 2.18700004e+00 0. 0. 0. 0. 0. 0. 0. 0.
    0. 0. 0. 0. 0. 0. 0. 0. 0. 0. 0. 0. 0. 1.98099995e+00 2.06299996e+00
    2.06299996e+00 2.04200006e+00 2.01300001e+00 2. 2. 2. 2. 2. 2. 2. 2.
    2. 2. 2. 2.16400003e+00 2.50399995e+00 2.75000000e+00 0. 0. 0. 0. 0.
    0. 0. 0. 0. 0. 0. 0. 0. 0. 0. 0. 0. 0. 0. 0. 0. 2.02200007e+00
    2.10500002e+00 2.10500002e+00 2.06900001e+00 2.02200007e+00 2. 2. 2.
    2. 2. 2. 2. 2. 2. 2. 2. 2.27300000e+00 2.83500004e+00 0. 0. 0. 0. 0.
    0. 0. 0. 0. 0. 0. 0. 0. 0. 0. 0. 0. 0. 0. 0. 0. 0. 2.02200007e+00
    2.10500002e+00 2.10500002e+00 2.06900001e+00 2.02200007e+00 2. 2. 2.
    2. 2. 2. 2. 2. 2. 2. 2. 2.27300000e+00 2.83500004e+00 0. 0. 0. 0. 0.
    0. 0. 0. 0. 0. 0. 0. 0. 0. 0. 0. 0. 0. 0. 0. 0. 0. 2.02200007e+00
    2.10500002e+00 2.10500002e+00 2.06900001e+00 2.02200007e+00 2. 2. 2.
    2. 2. 2. 2. 2. 2. 2. 2. 2.27300000e+00 2.83500004e+00 0. 0. 0. 0. 0.
    0. 0. 0. 0. 0. 0. 0. 0. 0. 0. 0. 0. 0. 0. 0. 0. 0. 2.05699992e+00
    2.10500002e+00 2.10500002e+00 2.06900001e+00 2.02200007e+00 2. 2. 2.
    2. 2. 2. 2. 2. 2. 2.16100001e+00 2.39199996e+00 2.67199993e+00 0. 0.
    0. 0. 0. 0. 0. 0. 0. 0. 0. 0. 0. 0. 0. 0. 0. 0. 0. 0. 0.
    1.43099999e+00 1.76300001e+00 2.09500003e+00 2.10500002e+00
    2.10500002e+00 2.06900001e+00 2.02200007e+00 2. 2. 2. 2. 2. 2. 2. 2.
    2. 2.33800006e+00 2.82399988e+00 0. 0. 0. 0. 0. 0. 0. 0. 0. 0. 0. 0.
    0. 0. 0. 0. 0. 0. 0. 0. 0. 0. 2.20099998e+00 2.13800001e+00
    2.07399988e+00 2.07200003e+00 2.07200003e+00 2.04699993e+00
    2.01500010e+00 2. 2. 2. 2. 2. 2. 2. 2.16100001e+00 2.33800006e+00
    2.66100001e+00 0. 0. 0. 0. 0. 0. 0. 0. 0. 0. 0. 0. 0. 0. 0. 0. 0. 0.
    0. 0. 0. 1.10699999e+00 1.71500003e+00 2.19799995e+00 2.11199999e+00
    2.02699995e+00 2.02399993e+00 2.02399993e+00 2.01600003e+00
    2.00500011e+00 2. 2. 2. 2. 2. 2. 2. 2.39199996e+00 2.82399988e+00 0.
    0. 0. 0. 0. 0. 0. 0. 0. 0. 0. 0. 0. 0. 0. 0. 0. 0. 0. 0. 0.
    2.30100012e+00 2.28099990e+00 2.23099995e+00 2.17400002e+00
    2.08800006e+00 2.00300002e+00 2. 2. 2. 2. 2. 2. 2. 2. 2. 2. 2.
    2.51099992e+00 0. 0. 0. 0. 0. 0. 0. 0. 0. 0. 0. 0. 0. 0. 0. 0. 0. 0.
    0. 0. 0. 0. 2.25000000e+00 2.23099995e+00 2.18099999e+00
    2.12899995e+00 2.06500006e+00 2.00200009e+00 2. 2. 2. 2. 2. 2. 2. 2.
    2. 2. 2. 2.51099992e+00 0. 0. 0. 0. 0. 0. 0. 0. 0. 0. 0. 0. 0. 0. 0.
    0. 0. 0. 0. 0. 0. 0. 2.21300006e+00 2.19400001e+00 2.14499998e+00
    2.09599996e+00 2.04900002e+00 2.00099993e+00 2. 2. 2. 2. 2. 2. 2. 2.
    2.00099993e+00 2.01300001e+00 2.02500010e+00 2.52699995e+00 0. 0. 0.
    0. 0. 0. 0. 0. 0. 0. 0. 0. 0. 0. 0. 0. 0. 0. 0. 0. 0. 0.
    2.21300006e+00 2.19400001e+00 2.14499998e+00 2.09599996e+00
    2.04900002e+00 2.00099993e+00 2. 2. 2. 2. 2. 2. 2. 2. 2.00699997e+00
    2.06200004e+00 2.11700010e+00 2.58400011e+00 0. 0. 0. 0. 0. 0. 0. 0.
    0. 0. 0. 0. 0. 0. 0. 0. 0. 0. 0. 0. 0. 0. 2.21300006e+00
    2.19300008e+00 2.14299989e+00 2.09400010e+00 2.04800010e+00
    2.00099993e+00 2. 2. 2. 2. 2.00099993e+00 2.00200009e+00
    2.00500011e+00 2.00999999e+00 2.02699995e+00 2.12800002e+00
    2.22799993e+00 2.65000010e+00 0. 0. 0. 0. 0. 0. 0. 0. 0. 0. 0. 0. 0.
    0. 0. 0. 0. 0. 0. 0. 0. 0. 2.21300006e+00 2.18499994e+00
    2.11299992e+00 2.04999995e+00 2.02500010e+00 2.00099993e+00 2. 2. 2.
    2. 2.01200008e+00 2.03500009e+00 2.08299994e+00 2.18300009e+00
    2.28999996e+00 2.45600009e+00 2.62199998e+00 2.85700011e+00 0. 0. 0.
    0. 0. 0. 0. 0. 0. 0. 0. 0. 0. 0. 0. 0. 0. 0. 0. 0. 0. 0.
    2.21300006e+00 2.17600012e+00 2.08299994e+00 2.00699997e+00
    2.00300002e+00 2. 2. 2. 2. 2. 2.02399993e+00 2.06800008e+00
    2.16199994e+00 2.35500002e+00 2.55299997e+00 2.78399992e+00 0. 0. 0.
    0. 0. 0. 0. 0. 0. 0. 0. 0. 0. 0. 0. 0. 0. 0. 0. 0. 0. 0. 0. 0.
    2.17199993e+00 2.14100003e+00 2.06299996e+00 2. 2. 2. 1.98300004e+00
    1.96599996e+00 1.96099997e+00 1.96099997e+00 1.99699998e+00
    2.06200004e+00 2.19700003e+00 2.47199988e+00 2.73499990e+00
    2.90799999e+00 0. 0. 0. 0. 0. 0. 0. 0. 0. 0. 0. 0. 0. 0. 0. 0. 0. 0.
    0. 0. 0. 0. 0. 0. 2.12299991e+00 2.10100007e+00 2.04500008e+00 2. 2.
    2. 1.96300006e+00 1.92499995e+00 1.91600001e+00 1.91600001e+00
    1.96200001e+00 2.04800010e+00 2.22300005e+00 2.57900000e+00
    2.90300012e+00 2.99600005e+00 0. 0. 0. 0. 0. 0. 0. 0. 0. 0. 0. 0. 0.
    0. 0. 0. 0. 0. 0. 0. 0. 0. 0. 0. 2.10500002e+00 2.08599997e+00
    2.03900003e+00 2. 2. 2. 1.95599997e+00 1.90999997e+00 1.89900005e+00
    1.89900005e+00 2.01999998e+00 2.24200010e+00 2.48099995e+00
    2.75600004e+00 0. 0. 0. 0. 0. 0. 0. 0. 0. 0. 0. 0. 0. 0. 0. 0. 0. 0.
    0. 0. 0. 0. 0. 0. 0. 0. 2.10500002e+00 2.08599997e+00 2.03900003e+00
    2. 2. 2. 1.95599997e+00 1.90999997e+00 1.89900005e+00 1.89900005e+00
    2.13100004e+00 2.55500007e+00 2.87199998e+00 2.97199988e+00 0. 0. 0.
    0. 0. 0. 0. 0. 0. 0. 0. 0. 0. 0. 0. 0. 0. 0. 0. 0. 0. 0. 0. 0. 0. 0.
    2.08500004e+00 2.06999993e+00 2.03099990e+00 2. 2. 2. 1.96399999e+00
    1.92700005e+00 1.99000001e+00 2.08500004e+00 2.37400007e+00
