<?xml version="1.0"?>
<opencv_storage>
<Depth type_id="opencv-matrix">
  <rows>40</rows>
  <cols>40</cols>
  <dt>f</dt>
  <data>
    0. 0. 0. 0. 0. 0. 0. 0. 0. 0. 0. 0. 0. 0. 0. 0. 0. 0. 0. 0. 0. 0. 0.
    0. 0. 0. 0. 0. 0. 0. 0. 0. 0. 0. 0. 0. 0. 0. 0. 0. 0. 0. 0. 0. 0. 0.
    0. 0. 0. 0. 0. 0. 0. 0. 0. 0. 0. 0. 0. 0. 0. 0. 0. 0. 0. 0. 0. 0. 0.
    0. 0. 0. 0. 0. 0. 0. 0. 0. 0. 0. 0. 0. 0. 0. 0. 0. 0. 0. 0. 0. 0. 0.
    0. 0. 0. 0. 0. 0. 0. 0. 0. 0. 0. 0. 0. 0. 0. 0. 0. 0. 0. 0. 0. 0. 0.
    0. 0. 0. 0. 0. 0. 0. 0. 0. 0. 0. 0. 0. 0. 0. 0. 0. 0. 0. 0. 0. 0. 0.
    0. 0. 0. 0. 0. 0. 0. 0. 0. 0. 0. 0. 0. 0. 0. 0. 0. 0. 0. 0. 0. 0. 0.
    0. 0. 0. 0. 0. 0. 0. 0. 0. 0. 0. 0. 0. 0. 0. 0. 0. 0. 0. 0. 0. 0. 0.
    0. 0. 0. 0. 0. 0. 0. 0. 0. 0. 0. 0. 0. 0. 0. 0. 0. 0. 0. 0. 0. 0. 0.
    0. 0. 0. 0. 0. 0. 0. 0. 0. 0. 0. 0. 0. 0. 0. 0. 0. 0. 0. 0. 0. 0. 0.
    0. 0. 0. 0. 0. 0. 0. 0. 0. 0. 0. 0. 0. 0. 0. 0. 0. 0. 0. 0. 0. 0. 0.
    0. 0. 0. 0. 0. 0. 0. 0. 0. 1.16900003e+00 2.04600000e+00
    2.04600000e+00 2.04600000e+00 2.04600000e+00 2.04600000e+00
    2.04600000e+00 1.77100003e+00 0. 0. 0. 0. 0. 0. 0. 0. 0. 0. 0. 0. 0.
    0. 0. 0. 0. 0. 0. 0. 0. 0. 0. 0. 0. 0. 0. 1.31700003e+00
    1.32900000e+00 1.33200002e+00 1.33299994e+00 1.34899998e+00
    1.62399995e+00 2.04800010e+00 2.06399989e+00 2.06999993e+00
    2.06800008e+00 2.05100012e+00 2.04600000e+00 1.77100003e+00 0. 0. 0.
    0. 0. 0. 0. 0. 0. 0. 0. 0. 0. 0. 0. 0. 0. 0. 0. 0. 0. 0. 0. 0. 0. 0.
    1.22399998e+00 1.99100006e+00 2. 2. 2.00099993e+00 2.03299999e+00
    2.04600000e+00 2.04900002e+00 2.07399988e+00 2.08400011e+00
    2.07999992e+00 2.05399990e+00 2.04600000e+00 1.82500005e+00 0. 0. 0.
    0. 0. 0. 0. 0. 0. 0. 0. 0. 0. 0. 0. 0. 0. 0. 0. 0. 0. 0.
    1.32599998e+00 1.86500001e+00 1.86800003e+00 1.84300005e+00
    1.88199997e+00 1.99899995e+00 2. 2. 2.00099993e+00 2.03299999e+00
    2.04600000e+00 2.04600000e+00 2.04999995e+00 2.05200005e+00
    2.05100012e+00 2.04699993e+00 2.04600000e+00 2.01200008e+00
    1.85300004e+00 0. 0. 0. 0. 0. 0. 0. 0. 0. 0. 0. 0. 0. 0. 0. 0.
    1.34399998e+00 1.34399998e+00 1.34800005e+00 1.35200000e+00
    1.35200000e+00 1.76499999e+00 2.03900003e+00 2.02200007e+00
    2.00699997e+00 2. 2. 2. 2. 2.00099993e+00 2.01399994e+00
    2.02999997e+00 2.04399991e+00 2.02699995e+00 2.01999998e+00
    2.01999998e+00 2.01999998e+00 2.01999998e+00 2.01999998e+00
    2.01999998e+00 1.07099998e+00 0. 0. 0. 0. 0. 0. 0. 0. 0. 0. 0. 0. 0.
    0. 1.44799995e+00 2. 2. 2. 2. 2. 2.02099991e+00 2.02500010e+00
    2.00200009e+00 2. 2. 2. 2. 2. 2. 2. 2.01399994e+00 2.03200006e+00
    2.00099993e+00 1.98899996e+00 1.98899996e+00 1.98899996e+00
    1.99399996e+00 2. 2. 1.28299999e+00 0. 0. 0. 0. 0. 0. 0. 0. 0. 0. 0.
    0. 0. 1.91400003e+00 1.95899999e+00 2. 2. 2. 2. 2. 2.00200009e+00
    2.00300002e+00 2. 2. 2. 2. 2. 2. 2. 2. 2.00200009e+00 2.00099993e+00
    1.97000003e+00 1.95899999e+00 1.95899999e+00 1.95899999e+00
    1.97800004e+00 2. 2. 1.92100000e+00 1.54900002e+00 0. 0. 0. 0. 0. 0.
    0. 0. 0. 0. 0. 0. 2.01900005e+00 2.00900006e+00 2. 2. 2. 2. 2. 2. 2.
    2. 2. 2. 2. 2. 2. 2. 2. 2. 1.99699998e+00 1.96599996e+00
    1.95500004e+00 1.95500004e+00 1.95500004e+00 1.96300006e+00
    1.97300005e+00 1.97300005e+00 1.98699999e+00 1.67499995e+00 0. 0. 0.
    0. 0. 0. 0. 0. 0. 0. 0. 0. 2. 2. 2. 2. 2. 2. 2. 2. 2. 2. 2. 2. 2. 2.
    2. 2. 2. 2. 1.99699998e+00 1.96599996e+00 1.95500004e+00
    1.95500004e+00 1.95500004e+00 1.95500004e+00 1.88600004e+00
    1.55799997e+00 1.48699999e+00 1.26300001e+00 0. 0. 0. 0. 0. 0. 0. 0.
    0. 0. 0. 0. 2. 2. 2. 2. 2. 2. 2. 2. 2. 2. 2. 2. 2. 2. 2. 2. 2. 2.
    1.99699998e+00 1.96599996e+00 1.95500004e+00 1.95500004e+00
    1.95500004e+00 1.95500004e+00 1.71399999e+00 0. 0. 0. 0. 0. 0. 0. 0.
    0. 0. 0. 0. 0. 0. 0. 2. 2. 2. 2. 2. 2. 2. 2. 2. 2. 2. 2. 2. 2. 2. 2.
    2. 2. 1.99699998e+00 1.96599996e+00 1.95500004e+00 1.95500004e+00
    1.95500004e+00 1.95500004e+00 1.70000005e+00 0. 0. 0. 0. 0. 0. 0. 0.
    0. 0. 0. 0. 0. 0. 0. 2. 2. 2. 2. 2. 2. 2. 2. 2. 2. 2. 2. 2. 2. 2. 2.
    2. 2. 1.99699998e+00 1.96599996e+00 1.95500004e+00 1.95500004e+00
    1.95500004e+00 1.95500004e+00 1.69799995e+00 0. 0. 0. 0. 0. 0. 0. 0.
    0. 0. 0. 0. 0. 0. 0. 2. 2. 2. 2. 2. 2. 2. 2. 2. 2. 2. 2. 2. 2. 2. 2.
    2. 2. 1.99699998e+00 1.96599996e+00 1.95500004e+00 1.95500004e+00
    1.95500004e+00 1.95500004e+00 1.69799995e+00 0. 0. 0. 0. 0. 0. 0. 0.
    0. 0. 0. 0. 0. 0. 0. 2. 2. 2. 2. 2. 2. 2. 2. 2. 2. 2. 2. 2. 2. 2. 2.
    2. 2. 1.99899995e+00 1.98899996e+00 1.98500001e+00 1.98199999e+00
    1.96099997e+00 1.95500004e+00 1.69799995e+00 0. 0. 0. 0. 0. 0. 0. 0.
    0. 0. 0. 0. 0. 0. 0. 2. 2.00799990e+00 2.01300001e+00 2.00200009e+00
    2. 2. 2. 2.00999999e+00 2.01600003e+00 2.01600003e+00 2.01600003e+00
    2.01600003e+00 2.01600003e+00 2.01600003e+00 2.01600003e+00
    2.01600003e+00 2.00500011e+00 2. 2. 2. 2. 1.99699998e+00
    1.97700000e+00 1.97099996e+00 1.71200001e+00 0. 0. 0. 0. 0. 0. 0. 0.
    0. 0. 0. 0. 0. 0. 0. 2.00099993e+00 2.02500010e+00 2.03699994e+00
    2.00699997e+00 2.00099993e+00 2.00099993e+00 2.00099993e+00
    2.02800012e+00 2.04600000e+00 2.04600000e+00 2.04600000e+00
    2.04600000e+00 2.04600000e+00 2.04600000e+00 2.04600000e+00
    2.04500008e+00 2.01399994e+00 2.00099993e+00 2.00099993e+00
    2.00099993e+00 2.00099993e+00 2.00099993e+00 2.00099993e+00
    2.00099993e+00 1.73800004e+00 0. 0. 0. 0. 0. 0. 0. 0. 0. 0. 0. 0. 0.
    0. 0. 2.03299999e+00 2.03999996e+00 2.04299998e+00 2.03399992e+00
    2.03299999e+00 2.03299999e+00 2.03299999e+00 2.04099989e+00
    2.04600000e+00 2.04600000e+00 2.04600000e+00 2.04600000e+00
    2.04600000e+00 2.04600000e+00 2.04600000e+00 2.04600000e+00
    2.03699994e+00 2.03299999e+00 2.03299999e+00 2.03299999e+00
    2.03299999e+00 2.03299999e+00 2.03299999e+00 2.03299999e+00
    1.76499999e+00 0. 0. 0. 0. 0. 0. 0. 0. 0. 0. 0. 0. 0. 0. 0.
    2.04600000e+00 2.05500007e+00 2.06100011e+00 2.04800010e+00
    2.04600000e+00 2.04600000e+00 2.04600000e+00 2.05699992e+00
    2.06399989e+00 2.06399989e+00 2.05299997e+00 2.04600000e+00
    2.04600000e+00 2.04600000e+00 2.04600000e+00 2.04600000e+00
    2.04600000e+00 2.05299997e+00 2.06399989e+00 2.06399989e+00
    2.06399989e+00 2.06399989e+00 2.06399989e+00 2.06399989e+00
    1.89900005e+00 1.11899996e+00 0. 0. 0. 0. 0. 0. 0. 0. 0. 0. 0. 0. 0.
    0. 2.04900002e+00 2.07200003e+00 2.08400011e+00 2.05500007e+00
    2.04900002e+00 2.04900002e+00 2.04900002e+00 2.07500005e+00
    2.09299994e+00 2.09299994e+00 2.06299996e+00 2.04600000e+00
    2.04600000e+00 2.04600000e+00 2.04600000e+00 2.04600000e+00
    2.04800010e+00 2.06599998e+00 2.09299994e+00 2.09299994e+00
    2.09299994e+00 2.09299994e+00 2.09299994e+00 2.09299994e+00
    2.09299994e+00 2.09299994e+00 1.12600005e+00 0. 0. 0. 0. 0. 0. 0. 0.
    0. 0. 0. 0. 0. 2.08100009e+00 2.08699989e+00 2.09100008e+00
    2.08299994e+00 2.08100009e+00 2.08100009e+00 2.08100009e+00
    2.08800006e+00 2.09299994e+00 2.09299994e+00 2.06299996e+00
    2.04600000e+00 2.04600000e+00 2.04600000e+00 2.04600000e+00
    2.04699993e+00 2.07100010e+00 2.08599997e+00 2.09299994e+00
    2.09299994e+00 2.09299994e+00 2.09299994e+00 2.09299994e+00
    2.09299994e+00 2.09299994e+00 2.09299994e+00 1.12600005e+00 0. 0. 0.
    0. 0. 0. 0. 0. 0. 0. 0. 0. 0. 2.09299994e+00 2.09299994e+00
    2.09299994e+00 2.09299994e+00 2.09299994e+00 2.09299994e+00
    2.09299994e+00 2.09299994e+00 2.09299994e+00 2.09299994e+00
    2.06299996e+00 2.04600000e+00 2.04600000e+00 2.04600000e+00
    2.04600000e+00 2.04699993e+00 2.07900000e+00 2.09299994e+00
    2.09299994e+00 2.09299994e+00 2.09299994e+00 2.09299994e+00
    2.09299994e+00 2.09299994e+00 2.09299994e+00 2.09299994e+00
    1.53799999e+00 0. 1.02499998e+00 0. 0. 0. 0. 0. 0. 0. 0. 0. 0. 0.
    2.09800005e+00 2.09500003e+00 2.09299994e+00 2.09299994e+00
    2.09299994e+00 2.09299994e+00 2.09299994e+00 2.09299994e+00
    2.09299994e+00 2.09299994e+00 2.06299996e+00 2.04600000e+00
