<?xml version="1.0"?>
<opencv_storage>
<Depth type_id="opencv-matrix">
  <rows>40</rows>
  <cols>40</cols>
  <dt>f</dt>
  <data>
    0. 0. 0. 0. 0. 0. 0. 0. 0. 0. 0. 0. 0. 0. 0. 0. 0. 0. 0. 0. 0. 0. 0.
    0. 0. 0. 0. 0. 0. 0. 0. 0. 0. 0. 0. 0. 0. 0. 0. 0. 0. 0. 0. 0. 0. 0.
    0. 0. 0. 0. 0. 0. 0. 0. 0. 0. 0. 0. 0. 0. 0. 0. 0. 0. 0. 0. 0. 0. 0.
    0. 0. 0. 0. 0. 0. 0. 0. 0. 0. 0. 0. 0. 0. 0. 0. 0. 0. 0. 0. 0. 0. 0.
    0. 0. 0. 0. 0. 0. 0. 0. 0. 0. 0. 0. 0. 0. 0. 0. 0. 0. 0. 0. 0. 0. 0.
    0. 0. 0. 0. 0. 0. 0. 0. 0. 0. 0. 0. 0. 0. 0. 0. 0. 0. 0. 0. 0. 0. 0.
    0. 0. 0. 0. 0. 0. 0. 0. 0. 0. 0. 0. 0. 0. 0. 0. 0. 0. 0. 0. 0. 0. 0.
    0. 0. 0. 0. 0. 0. 0. 0. 0. 0. 0. 0. 0. 0. 0. 0. 0. 0. 0. 0. 0. 0. 0.
    0. 0. 0. 0. 0. 0. 0. 0. 0. 0. 0. 0. 0. 0. 0. 0. 0. 0. 0. 0. 0. 0. 0.
    0. 0. 0. 0. 0. 0. 0. 0. 0. 0. 0. 0. 0. 0. 0. 0. 0. 0. 0. 0. 0. 0. 0.
    0. 0. 0. 0. 0. 0. 0. 0. 0. 0. 0. 0. 0. 0. 0. 0. 0. 0. 0. 0. 0. 0. 0.
    0. 0. 0. 0. 0. 0. 0. 0. 0. 0. 0. 0. 0. 0. 0. 0. 0. 0. 0. 0. 0. 0. 0.
    0. 0. 0. 0. 0. 0. 0. 0. 0. 0. 0. 0. 0. 0. 0. 0. 0. 0. 0. 0. 0. 0. 0.
    0. 0. 0. 0. 0. 0. 0. 0. 0. 0. 0. 0. 0. 0. 0. 0. 0. 0. 0. 0. 0. 0. 0.
    0. 0. 0. 0. 0. 0. 0. 0. 0. 0. 0. 0. 0. 0. 0. 0. 0. 0. 0. 0. 0. 0. 0.
    0. 0. 0. 0. 0. 0. 0. 0. 0. 0. 0. 0. 0. 0. 0. 0. 0. 0. 0. 0. 0. 0. 0.
    0. 0. 0. 0. 0. 0. 0. 0. 0. 0. 0. 0. 0. 0. 0. 0. 0. 0. 0. 0. 0. 0. 0.
    0. 0. 0. 0. 0. 0. 0. 0. 0. 0. 0. 0. 0. 0. 0. 0. 0. 0. 0. 0. 0. 0. 0.
    0. 0. 0. 0. 0. 0. 0. 0. 0. 0. 0. 0. 0. 0. 0. 0. 0. 0. 0. 0. 0. 0. 0.
    0. 0. 0. 0. 0. 0. 0. 0. 0. 0. 0. 0. 0. 0. 0. 0. 0. 0. 0. 0. 0. 0. 0.
    0. 0. 0. 0. 0. 0. 0. 0. 0. 0. 0. 0. 0. 0. 0. 0. 0. 0. 0. 0. 0. 0. 0.
    0. 0. 0. 0. 0. 0. 0. 0. 0. 0. 0. 0. 0. 0. 0. 0. 0. 0. 0. 0.
    2.47900009e+00 1.95400000e+00 1.95400000e+00 1.92600000e+00
    1.90900004e+00 1.90900004e+00 1.88100004e+00 1.86500001e+00
    1.86500001e+00 1.86500001e+00 1.87899995e+00 1.90900004e+00 0. 0. 0.
    0. 0. 0. 0. 0. 0. 1.34899998e+00 2.70099998e+00 0. 0. 0. 0. 0. 0. 0.
    0. 0. 0. 0. 0. 0. 2.70000005e+00 2.62500000e+00 2.61599994e+00
    2.61599994e+00 2.21300006e+00 1.95400000e+00 1.95400000e+00
    1.92600000e+00 1.90900004e+00 1.90900004e+00 1.88100004e+00
    1.86500001e+00 1.86500001e+00 1.86500001e+00 1.87199998e+00
    1.88699996e+00 0. 0. 0. 0. 0. 0. 0. 0. 0. 0. 1.23099995e+00
    2.76699996e+00 2.76699996e+00 0. 0. 0. 0. 0. 0. 0. 0. 0. 0.
    2.96799994e+00 2.09999990e+00 1.97800004e+00 1.96000004e+00
    1.95500004e+00 1.95400000e+00 1.95400000e+00 1.95400000e+00
    1.93099999e+00 1.91199994e+00 1.90199995e+00 1.87800002e+00
    1.86300004e+00 1.85699999e+00 1.85699999e+00 1.85699999e+00
    1.85699999e+00 1.88100004e+00 0. 0. 0. 0. 0. 0. 0. 0. 0. 0. 0. 0.
    1.92400002e+00 0. 0. 0. 0. 2.48799992e+00 2.38100004e+00
    2.37899995e+00 2.35899997e+00 2.33100009e+00 2.23499990e+00
    2.02399993e+00 1.99600005e+00 1.98300004e+00 1.95599997e+00
    1.95400000e+00 1.95400000e+00 1.95400000e+00 1.95000005e+00
    1.92499995e+00 1.87399995e+00 1.86699998e+00 1.85399997e+00
    1.82900000e+00 1.82799995e+00 1.82799995e+00 1.82799995e+00
    1.83299994e+00 1.63699996e+00 1.25100005e+00 0. 0. 0. 0. 0. 0. 0. 0.
    0. 0. 1.29799998e+00 2.80299997e+00 2.80299997e+00 2.80299997e+00
    2.66199994e+00 2.23699999e+00 2.16899991e+00 2.15700006e+00
    2.12400007e+00 2.10500002e+00 2.07100010e+00 2.00699997e+00 2.
    1.99399996e+00 1.97899997e+00 1.96300006e+00 1.95400000e+00
    1.95400000e+00 1.93900001e+00 1.91100001e+00 1.86699998e+00
    1.86500001e+00 1.85200000e+00 1.82299995e+00 1.82200003e+00
    1.82200003e+00 1.82200003e+00 1.82200003e+00 1.82200003e+00
    1.82200003e+00 0. 0. 0. 0. 0. 0. 0. 0. 0. 0. 1.21300006e+00
    2.19600010e+00 2.19600010e+00 2.19600010e+00 2.18499994e+00
    2.15000010e+00 2.14499998e+00 2.13299990e+00 2.09999990e+00
    2.09500003e+00 2.07100010e+00 2.00699997e+00 2. 2. 2. 1.97200000e+00
    1.95400000e+00 1.95400000e+00 1.92600000e+00 1.89600003e+00
    1.86600006e+00 1.86500001e+00 1.85200000e+00 1.82299995e+00
    1.82200003e+00 1.82200003e+00 1.82200003e+00 1.82200003e+00
    1.81900001e+00 1.81400001e+00 0. 0. 0. 0. 0. 0. 0. 0. 0.
    1.56900001e+00 2.05100012e+00 2.19600010e+00 2.19600010e+00
    2.19600010e+00 2.18499994e+00 2.15000010e+00 2.14499998e+00
    2.13299990e+00 2.09999990e+00 2.09500003e+00 2.07100010e+00
    2.00699997e+00 2. 2. 2. 1.97200000e+00 1.95400000e+00 1.95400000e+00
    1.92600000e+00 1.89600003e+00 1.86600006e+00 1.86500001e+00
    1.85200000e+00 1.82299995e+00 1.82200003e+00 1.82200003e+00
    1.82200003e+00 1.82200003e+00 1.80999994e+00 1.78600001e+00 0. 0. 0.
    0. 0. 0. 0. 1.02800000e+00 1.26400006e+00 2.08200002e+00
    2.22000003e+00 2.19600010e+00 2.19600010e+00 2.19600010e+00
    2.18499994e+00 2.15000010e+00 2.14499998e+00 2.13299990e+00
    2.09999990e+00 2.09500003e+00 2.07100010e+00 2.00699997e+00 2. 2. 2.
    1.98699999e+00 1.97200000e+00 1.95500004e+00 1.94099998e+00
    1.91999996e+00 1.88999999e+00 1.87399995e+00 1.85200000e+00
    1.82299995e+00 1.82200003e+00 1.82200003e+00 1.82200003e+00
    1.82200003e+00 1.80799997e+00 1.77999997e+00 0. 0. 0. 0. 0. 0.
    1.97599995e+00 2.30100012e+00 2.29099989e+00 2.25399995e+00
    2.22499990e+00 2.20700002e+00 2.20700002e+00 2.20099998e+00
    2.18700004e+00 2.16000009e+00 2.15599990e+00 2.14400005e+00
    2.10999990e+00 2.09899998e+00 2.07599998e+00 2.02600002e+00
    2.01999998e+00 2.01399994e+00 2.00099993e+00 2. 1.98699999e+00
    1.95599997e+00 1.95400000e+00 1.94099998e+00 1.91100001e+00
    1.88699996e+00 1.86099994e+00 1.83200002e+00 1.83099997e+00
    1.82799995e+00 1.82200003e+00 1.82200003e+00 1.81099999e+00
    1.78900003e+00 0. 0. 0. 2.01600003e+00 2.01600003e+00 2.06699991e+00
    2.25799990e+00 2.30100012e+00 2.29099989e+00 2.25399995e+00
    2.24399996e+00 2.24099994e+00 2.24099994e+00 2.21600008e+00
    2.19499993e+00 2.19000006e+00 2.19000006e+00 2.17799997e+00
    2.14400005e+00 2.11299992e+00 2.09200001e+00 2.08400011e+00
    2.08400011e+00 2.06100011e+00 2.00500011e+00 2. 1.98699999e+00
    1.95599997e+00 1.95400000e+00 1.94099998e+00 1.91100001e+00
    1.90600002e+00 1.88999999e+00 1.86099994e+00 1.86000001e+00
    1.84800005e+00 1.82200003e+00 1.82200003e+00 1.82000005e+00
    1.81700003e+00 0. 0. 0. 2.35500002e+00 2.35500002e+00 2.35100007e+00
    2.33400011e+00 2.31500006e+00 2.29600000e+00 2.27999997e+00
    2.26099992e+00 2.24699998e+00 2.24699998e+00 2.21900010e+00
    2.19600010e+00 2.19600010e+00 2.18000007e+00 2.15599990e+00
    2.12199998e+00 2.10400009e+00 2.10200000e+00 2.11999989e+00
    2.12299991e+00 2.10400009e+00 2.05699992e+00 2.00500011e+00
    1.96899998e+00 1.95500004e+00 1.95400000e+00 1.94799995e+00
    1.93400002e+00 1.93400002e+00 1.91999996e+00 1.88999999e+00
    1.87300003e+00 1.85899997e+00 1.84599996e+00 1.84599996e+00
    1.83800006e+00 1.82200003e+00 0. 0. 0. 2.36700010e+00 2.36100006e+00
    2.35500002e+00 2.35500002e+00 2.32699990e+00 2.29900002e+00
    2.29099989e+00 2.26600003e+00 2.24699998e+00 2.24699998e+00
    2.21900010e+00 2.19600010e+00 2.19600010e+00 2.16700006e+00
    2.13299990e+00 2.09999990e+00 2.09500003e+00 2.10500002e+00
    2.13100004e+00 2.14000010e+00 2.13199997e+00 2.09800005e+00
    2.00900006e+00 1.95400000e+00 1.95400000e+00 1.95400000e+00
    1.95700002e+00 1.96399999e+00 1.95799994e+00 1.94299996e+00
    1.91999996e+00 1.88399994e+00 1.86500001e+00 1.86500001e+00
    1.87199998e+00 1.87000000e+00 1.86199999e+00 0. 0. 0. 2.40499997e+00
    2.38000011e+00 2.35500002e+00 2.35500002e+00 2.32699990e+00
    2.29200006e+00 2.25900006e+00 2.25000000e+00 2.24699998e+00
    2.24699998e+00 2.21900010e+00 2.19600010e+00 2.19600010e+00
    2.16700006e+00 2.13299990e+00 2.09999990e+00 2.09500003e+00
    2.09599996e+00 2.09999990e+00 2.12700009e+00 2.13199997e+00
    2.09800005e+00 2.00900006e+00 1.95400000e+00 1.95400000e+00
    1.95400000e+00 1.96599996e+00 1.99399996e+00 1.96899998e+00
    1.95299995e+00 1.94900000e+00 1.89400005e+00 1.86500001e+00
