<?xml version="1.0"?>
<opencv_storage>
<Depth type_id="opencv-matrix">
  <rows>40</rows>
  <cols>40</cols>
  <dt>f</dt>
  <data>
    0. 0. 0. 0. 0. 0. 0. 0. 0. 0. 0. 0. 0. 0. 0. 0. 0. 0. 0. 0. 0. 0. 0.
    0. 0. 0. 0. 0. 0. 0. 0. 0. 0. 0. 0. 0. 0. 0. 0. 0. 0. 0. 0. 0. 0. 0.
    0. 0. 0. 0. 0. 0. 0. 0. 0. 0. 0. 0. 0. 0. 0. 0. 0. 0. 0. 0. 0. 0. 0.
    0. 0. 0. 0. 0. 0. 0. 0. 0. 0. 0. 0. 0. 0. 0. 0. 0. 0. 0. 0. 0. 0. 0.
    0. 0. 0. 0. 0. 0. 0. 0. 0. 0. 0. 0. 0. 0. 0. 0. 0. 0. 0. 0. 0. 0. 0.
    0. 0. 0. 0. 0. 0. 0. 0. 0. 0. 0. 0. 0. 0. 0. 0. 0. 0. 0. 0. 0. 0. 0.
    0. 0. 0. 0. 0. 0. 0. 0. 0. 0. 0. 0. 0. 0. 0. 0. 0. 0. 0. 0. 0. 0. 0.
    0. 0. 0. 0. 0. 0. 0. 0. 0. 0. 0. 0. 0. 0. 0. 0. 0. 0. 0. 0. 0. 0. 0.
    0. 0. 0. 0. 0. 0. 0. 0. 0. 0. 0. 0. 0. 0. 0. 0. 0. 0. 0. 0. 0. 0. 0.
    0. 0. 0. 0. 0. 0. 0. 0. 0. 0. 0. 0. 0. 0. 0. 0. 0. 0. 0. 0. 0. 0. 0.
    0. 0. 0. 0. 0. 0. 0. 0. 0. 0. 0. 0. 0. 0. 0. 0. 0. 0. 0. 0. 0. 0. 0.
    0. 0. 0. 0. 0. 0. 0. 0. 0. 0. 0. 0. 0. 0. 0. 0. 0. 0. 0. 0. 0. 0. 0.
    0. 0. 0. 0. 0. 0. 0. 0. 0. 0. 0. 0. 0. 0. 0. 0. 0. 0. 0. 0. 0. 0. 0.
    0. 0. 0. 0. 0. 0. 0. 0. 0. 0. 0. 0. 0. 0. 0. 0. 0. 0. 0. 0. 0. 0. 0.
    0. 0. 0. 0. 0. 0. 0. 0. 0. 0. 0. 0. 0. 0. 0. 0. 0. 0. 0. 0. 0. 0. 0.
    0. 0. 0. 0. 0. 0. 0. 0. 0. 0. 0. 0. 0. 0. 0. 0. 0. 0. 0. 0. 0. 0. 0.
    0. 0. 0. 0. 0. 0. 0. 0. 0. 0. 0. 0. 0. 0. 0. 0. 0. 0. 0. 0. 0. 0. 0.
    0. 0. 0. 0. 0. 0. 0. 0. 0. 0. 0. 0. 0. 0. 0. 0. 0. 0. 0. 0. 0. 0. 0.
    0. 0. 0. 0. 0. 0. 0. 0. 0. 0. 0. 0. 0. 0. 0. 0. 0. 0. 0. 0. 0. 0. 0.
    0. 0. 0. 0. 0. 0. 0. 0. 0. 0. 0. 0. 0. 0. 0. 0. 0. 0. 0. 0. 0. 0. 0.
    0. 0. 0. 0. 0. 0. 0. 0. 0. 0. 0. 0. 0. 0. 0. 0. 0. 0. 0. 0. 0. 0. 0.
    0. 0. 0. 0. 0. 0. 0. 0. 0. 0. 0. 0. 0. 0. 0. 0. 0. 0. 0. 0. 0. 0. 0.
    0. 0. 0. 0. 0. 0. 0. 0. 0. 0. 0. 0. 0. 0. 0. 0. 0. 0. 0. 0. 0.
    2.83500004e+00 2.30800009e+00 2.07800007e+00 2.02999997e+00 2. 2. 2.
    2. 2. 2. 2. 2.09200001e+00 2.24200010e+00 2.29999995e+00
    2.19799995e+00 2.10299993e+00 2.05500007e+00 2.00699997e+00 2. 2. 2.
    2. 2.01699996e+00 2.06500006e+00 2.10800004e+00 2.10800004e+00
    2.10800004e+00 2.10800004e+00 2.10800004e+00 2.10800004e+00
    2.10800004e+00 2.10800004e+00 0. 0. 0. 0. 0. 0. 0. 0. 2.70700002e+00
    2.25999999e+00 2.06500006e+00 2.02500010e+00 2. 2. 2. 2. 2. 2. 2.
    2.07699990e+00 2.20199990e+00 2.25000000e+00 2.16499996e+00
    2.08599997e+00 2.04600000e+00 2.00600004e+00 2. 2. 2. 2.
    2.01399994e+00 2.05399990e+00 2.09100008e+00 2.09899998e+00
    2.10700011e+00 2.10800004e+00 2.10800004e+00 2.10800004e+00
    2.10800004e+00 2.10800004e+00 0. 0. 2.63899994e+00 2.63899994e+00
    2.63899994e+00 2.63499999e+00 2.60500002e+00 2.57399988e+00
    2.36599994e+00 2.13100004e+00 2.02999997e+00 2.01200008e+00 2. 2. 2.
    2. 2. 2. 2. 2.03600001e+00 2.09400010e+00 2.11700010e+00
    2.07699990e+00 2.03999996e+00 2.02099991e+00 2.00300002e+00 2. 2. 2.
    2. 2.00699997e+00 2.02500010e+00 2.04500008e+00 2.07399988e+00
    2.10400009e+00 2.10800004e+00 2.10800004e+00 2.10800004e+00
    2.10800004e+00 2.10800004e+00 0. 0. 2.20900011e+00 2.20900011e+00
    2.20900011e+00 2.20300007e+00 2.15899992e+00 2.11400008e+00
    2.06599998e+00 2.01799989e+00 2. 2. 2. 2. 2. 2. 2. 2. 2. 2. 2. 2. 2.
    2. 2. 2. 2. 2. 2. 2. 2. 2. 2.00500011e+00 2.04999995e+00
    2.09599996e+00 2.10200000e+00 2.10200000e+00 2.10200000e+00
    2.10200000e+00 2.10200000e+00 0. 0. 2.11100006e+00 2.11100006e+00
    2.11100006e+00 2.11100006e+00 2.10899997e+00 2.10800004e+00
    2.06599998e+00 2.01799989e+00 2. 2. 2. 2. 2. 2. 2. 2. 2. 2. 2. 2. 2.
    2. 2. 2. 2. 2. 2. 2. 2. 2. 2.00300002e+00 2.02699995e+00
    2.05100012e+00 2.05399990e+00 2.05399990e+00 2.05399990e+00
    2.05399990e+00 2.05399990e+00 0. 0. 2.01300001e+00 2.01300001e+00
    2.01300001e+00 2.01799989e+00 2.05999994e+00 2.10299993e+00
    2.06599998e+00 2.01799989e+00 2. 2. 2. 2. 2. 2. 2. 2. 2. 2. 2. 2. 2.
    2. 2. 2. 2. 2. 2. 2. 2. 2. 2. 2.00300002e+00 2.00600004e+00
    2.00600004e+00 2.00600004e+00 2.00600004e+00 2.00600004e+00
    2.00600004e+00 0. 0. 2. 2. 2. 2.00600004e+00 2.05399990e+00
    2.10200000e+00 2.08200002e+00 2.05299997e+00 2.04200006e+00
    2.04200006e+00 2.04200006e+00 2.04200006e+00 2.03999996e+00
    2.02099991e+00 2.00200009e+00 2. 2. 2. 2. 2. 2. 2. 2. 2. 2. 2. 2. 2.
    1.99399996e+00 1.97500002e+00 1.95899999e+00 1.95899999e+00
    1.95899999e+00 1.95899999e+00 1.95899999e+00 1.95899999e+00
    1.95899999e+00 1.95899999e+00 0. 0. 2. 2. 2. 2.00600004e+00
    2.05399990e+00 2.10200000e+00 2.10100007e+00 2.09299994e+00
    2.08999991e+00 2.08999991e+00 2.08999991e+00 2.08999991e+00
    2.08500004e+00 2.04500008e+00 2.00500011e+00 2. 2. 2. 2. 2. 2. 2. 2.
    2. 2. 2. 2. 2. 1.98599994e+00 1.94700003e+00 1.91299999e+00
    1.91299999e+00 1.91299999e+00 1.91299999e+00 1.91299999e+00
    1.91299999e+00 1.91299999e+00 1.91299999e+00 0. 0. 2.06100011e+00
    2.06100011e+00 2.06100011e+00 2.06500006e+00 2.09999990e+00
    2.13499999e+00 2.12700009e+00 2.11299992e+00 2.10800004e+00
    2.10800004e+00 2.10800004e+00 2.10800004e+00 2.10400009e+00
    2.06900001e+00 2.03399992e+00 2.02999997e+00 2.02999997e+00
    2.02200007e+00 2.00799990e+00 2. 2. 2. 2. 2. 2. 2. 2. 2.
    1.98300004e+00 1.93700004e+00 1.89499998e+00 1.89499998e+00
    1.89499998e+00 1.89499998e+00 1.89499998e+00 1.89499998e+00
    1.89499998e+00 1.89499998e+00 0. 0. 2.15899992e+00 2.15899992e+00
    2.15899992e+00 2.16100001e+00 2.17400002e+00 2.18799996e+00
    2.15799999e+00 2.12199998e+00 2.10800004e+00 2.10800004e+00
    2.10800004e+00 2.10800004e+00 2.10599995e+00 2.09299994e+00
    2.07999992e+00 2.07800007e+00 2.07800007e+00 2.05599999e+00
    2.02200007e+00 2. 2. 2. 2. 2. 2. 2. 2. 2. 1.98300004e+00
    1.93700004e+00 1.89499998e+00 1.89499998e+00 1.89499998e+00
    1.89499998e+00 1.89499998e+00 1.89499998e+00 1.89499998e+00
    1.89499998e+00 0. 0. 1.19500005e+00 1.36500001e+00 1.82099998e+00
    2.22099996e+00 2.22099996e+00 2.22099996e+00 2.17700005e+00
    2.12700009e+00 2.10800004e+00 2.10800004e+00 2.10200000e+00
    2.08699989e+00 2.07299995e+00 2.07299995e+00 2.07299995e+00
    1.69900000e+00 1.26699996e+00 1.34599996e+00 1.74600005e+00 2. 2. 2.
    2. 2. 2.00699997e+00 2.01500010e+00 2.01799989e+00 2.01799989e+00
    1.99800003e+00 1.94400001e+00 1.89499998e+00 1.89499998e+00
    1.89499998e+00 1.52499998e+00 1.09300005e+00 0. 0. 0. 0. 0. 0. 0. 0.
    2.22099996e+00 2.22099996e+00 2.22099996e+00 2.17700005e+00
    2.12700009e+00 2.10800004e+00 2.10800004e+00 2.08699989e+00
    2.02900004e+00 1.97800004e+00 1.97800004e+00 1.97800004e+00 0. 0. 0.
    0. 2. 2. 2. 2. 2. 2.02500010e+00 2.05399990e+00 2.06599998e+00
    2.06599998e+00 2.03800011e+00 1.96300006e+00 1.89499998e+00
    1.89499998e+00 1.89499998e+00 0. 0. 0. 0. 0. 0. 0. 0. 0. 0.
    2.22099996e+00 2.22099996e+00 2.22099996e+00 2.17700005e+00
    2.12700009e+00 2.10800004e+00 2.10800004e+00 2.07299995e+00
    1.97800004e+00 1.89499998e+00 1.89499998e+00 1.89499998e+00 0. 0. 0.
    0. 2. 2. 2. 2. 2. 2.04099989e+00 2.08899999e+00 2.10800004e+00
    2.10800004e+00 2.07399988e+00 1.97899997e+00 1.89499998e+00
    1.89499998e+00 1.89499998e+00 0. 0. 0. 0. 0. 0. 0. 0. 0. 0.
    2.22099996e+00 2.22099996e+00 2.22099996e+00 2.17700005e+00
    2.12700009e+00 2.10800004e+00 2.10800004e+00 2.07299995e+00
    1.97800004e+00 1.89499998e+00 1.89499998e+00 1.89499998e+00 0. 0. 0.
    0. 2. 2. 2. 2. 2. 2.04099989e+00 2.08899999e+00 2.10800004e+00
    2.10800004e+00 2.07399988e+00 1.97899997e+00 1.89499998e+00
    1.89499998e+00 1.89499998e+00 0. 0. 0. 0. 0. 0. 0. 0. 0. 0. 0. 0. 0.
    0. 0. 0. 0. 0. 0. 0. 0. 0. 0. 0. 0. 0. 0. 0. 0. 0. 0. 0. 0. 0. 0. 0.
    0. 0. 0. 0. 0. 0. 0. 0. 0. 0. 0. 0. 0. 0. 0. 0. 0. 0. 0. 0. 0. 0. 0.
    0. 0. 0. 0. 0. 0. 0. 0. 0. 0. 0. 0. 0. 0. 0. 0. 0. 0. 0. 0. 0. 0. 0.
    0. 0. 0. 0. 0. 0. 0. 0. 0. 0. 0. 0. 0. 0. 0. 0. 0. 0. 0. 0. 0. 0. 0.
    0. 0. 0. 0. 0. 0. 0. 0. 0. 0. 0. 0. 0. 0. 0. 0. 0. 0. 0. 0. 0. 0. 0.
    0. 0. 0. 0. 0. 0. 0. 0. 0. 0. 0. 0. 0. 0. 0. 0. 0. 0. 0. 0. 0. 0. 0.
