<?xml version="1.0"?>
<opencv_storage>
<Depth type_id="opencv-matrix">
  <rows>40</rows>
  <cols>40</cols>
  <dt>f</dt>
  <data>
    0. 0. 0. 0. 0. 0. 0. 0. 0. 0. 0. 0. 0. 0. 0. 0. 0. 0. 0. 0. 0. 0. 0.
    0. 0. 0. 0. 0. 0. 0. 0. 0. 0. 0. 0. 0. 0. 0. 0. 0. 0. 2.04099989e+00
    2.02500010e+00 2.01300001e+00 1.99000001e+00 1.98699999e+00
    1.98699999e+00 0. 0. 0. 0. 0. 0. 0. 2.72499990e+00 1.97899997e+00
    1.97300005e+00 1.98500001e+00 1.98699999e+00 1.99399996e+00
    2.01099992e+00 2.01500010e+00 0. 0. 0. 0. 0. 0. 0. 2.95700002e+00
    2.98699999e+00 2.97700000e+00 2.96099997e+00 2.93499994e+00
    2.93300009e+00 2.93300009e+00 2.94899988e+00 2.96000004e+00
    2.96399999e+00 0. 0. 2.04200006e+00 2.03699994e+00 2.00300002e+00
    1.98699999e+00 2.06800008e+00 2.26399994e+00 1.68599999e+00
    2.02800012e+00 2.85899997e+00 2.85400009e+00 2.84200001e+00
    2.75900006e+00 2.68400002e+00 1.98199999e+00 1.97700000e+00
    1.97300005e+00 1.97300005e+00 1.98699999e+00 1.99399996e+00
    2.00699997e+00 2.01399994e+00 2.04800010e+00 2.12500000e+00 0. 0. 0.
    2.82800007e+00 2.84599996e+00 2.88700008e+00 2.92100000e+00
    2.93600011e+00 2.92600012e+00 2.90000010e+00 2.89800000e+00
    2.89800000e+00 2.89800000e+00 2.91400003e+00 2.94400001e+00 0. 0.
    2.04200006e+00 2.03999996e+00 2.84800005e+00 0. 0. 0. 2.17700005e+00
    2.01900005e+00 2.00500011e+00 2. 1.99600005e+00 1.98800004e+00
    1.98599994e+00 1.97099996e+00 1.96500003e+00 1.96500003e+00
    1.97300005e+00 1.98099995e+00 1.99399996e+00 2. 2.01399994e+00
    2.02800012e+00 2.08299994e+00 2.10999990e+00 2.81200004e+00
    2.82800007e+00 2.82800007e+00 2.83500004e+00 2.83800006e+00
    2.86700010e+00 2.89000010e+00 2.89700007e+00 2.88199997e+00
    2.86500001e+00 2.86500001e+00 2.86500001e+00 2.87899995e+00
    2.90799999e+00 0. 0. 0. 0. 0. 0. 0. 0. 2.85100007e+00 2.01399994e+00
    2. 2. 1.99300003e+00 1.98699999e+00 1.98599994e+00 1.96899998e+00
    1.96000004e+00 1.96000004e+00 1.96200001e+00 1.97700000e+00
    1.99399996e+00 2. 2.00200009e+00 2.01500010e+00 2.02699995e+00
    2.53999996e+00 2.82599998e+00 2.82800007e+00 2.82800007e+00
    2.82800007e+00 2.82800007e+00 2.83599997e+00 2.86800003e+00
    2.86599994e+00 2.85800004e+00 2.85400009e+00 2.85400009e+00
    2.85400009e+00 2.85800004e+00 2.88499999e+00 0. 0. 0. 0. 0.
    2.37100005e+00 2.25600004e+00 0. 2.76999998e+00 2.01399994e+00 2. 2.
    2. 2. 1.99899995e+00 1.97899997e+00 1.96000004e+00 1.96000004e+00
    1.96000004e+00 1.97200000e+00 1.97899997e+00 1.99600005e+00 2.
    2.01300001e+00 2.01399994e+00 2.01399994e+00 2.66499996e+00
    2.75200009e+00 2.75200009e+00 2.76799989e+00 2.79800010e+00
    2.80699992e+00 2.83800006e+00 2.85100007e+00 2.85100007e+00
    2.85100007e+00 2.84200001e+00 2.82800007e+00 2.82800007e+00
    2.85400009e+00 0. 0. 0. 0. 0. 2.36299992e+00 2.05100012e+00
    2.04800010e+00 2.02600002e+00 2.01399994e+00 2. 2. 2. 2.
    1.99899995e+00 1.97899997e+00 1.96000004e+00 1.96000004e+00
    1.96000004e+00 1.96200001e+00 1.96899998e+00 1.97899997e+00
    1.99600005e+00 2.00200009e+00 2.01200008e+00 2.01399994e+00
    2.01399994e+00 2.74300003e+00 2.74300003e+00 2.74300003e+00
    2.76699996e+00 2.79200006e+00 2.82299995e+00 2.82800007e+00
    2.82800007e+00 2.82599998e+00 2.81900001e+00 2.81900001e+00
    2.81900001e+00 2.83599997e+00 0. 0. 0. 0. 0. 2.28399992e+00
    2.04200006e+00 2.04200006e+00 2.02999997e+00 2.01500010e+00
    2.00799990e+00 2.00799990e+00 2.00799990e+00 2.00200009e+00
    1.99899995e+00 1.98399997e+00 1.97099996e+00 1.96200001e+00
    1.96000004e+00 1.96000004e+00 1.96000004e+00 1.97000003e+00
    1.98699999e+00 1.99399996e+00 2.00300002e+00 2.01200008e+00
    2.01399994e+00 2.40799999e+00 2.72700000e+00 2.72700000e+00
    2.73699999e+00 2.74699998e+00 2.79900002e+00 2.82299995e+00
    2.82800007e+00 2.81100011e+00 2.80200005e+00 2.80200005e+00
    2.80200005e+00 2.80200005e+00 0. 0. 0. 0. 2.62500000e+00
    2.07500005e+00 2.04200006e+00 2.04200006e+00 2.03399992e+00
    2.02600002e+00 2.01399994e+00 2.01399994e+00 2.00699997e+00 2.
    1.98899996e+00 1.98699999e+00 1.97899997e+00 1.96300006e+00
    1.96000004e+00 1.96000004e+00 1.96000004e+00 1.96200001e+00
    1.97500002e+00 1.98800004e+00 1.99399996e+00 2.00999999e+00
    2.01399994e+00 2.05699992e+00 2.42300010e+00 2.71300006e+00
    2.70700002e+00 2.71700001e+00 2.77600002e+00 2.81999993e+00
    2.82800007e+00 2.78099990e+00 2.78099990e+00 2.78099990e+00
    2.78099990e+00 2.78099990e+00 0. 0. 2.72199988e+00 0. 2.50600004e+00
    2.04500008e+00 2.04299998e+00 2.03699994e+00 2.02800012e+00
    2.02800012e+00 2.01500010e+00 2.01500010e+00 2.00699997e+00 2.
    1.98800004e+00 1.98800004e+00 1.98000002e+00 1.96399999e+00
    1.96000004e+00 1.96000004e+00 1.96000004e+00 1.96000004e+00
    1.97300005e+00 1.98599994e+00 1.99300003e+00 2. 2.01399994e+00
    2.01399994e+00 2.01300001e+00 2.48499990e+00 2.67899990e+00
    2.68799996e+00 2.74699998e+00 2.79099989e+00 2.79999995e+00
    2.77699995e+00 2.77699995e+00 2.77699995e+00 2.77699995e+00
    2.77699995e+00 0. 0. 2.66100001e+00 2.85999990e+00 2.37700009e+00
    2.06200004e+00 2.05900002e+00 2.04299998e+00 2.03699994e+00
    2.03299999e+00 2.03200006e+00 2.02500010e+00 2.01600003e+00
    2.00600004e+00 2. 1.99699998e+00 1.98899996e+00 1.97599995e+00
    1.96000004e+00 1.96000004e+00 1.96000004e+00 1.96000004e+00
    1.96899998e+00 1.97599995e+00 1.99100006e+00 1.99899995e+00
    2.00900006e+00 2.00699997e+00 2. 2.47600007e+00 2.67199993e+00
    2.67499995e+00 2.70300007e+00 2.73200011e+00 2.76699996e+00
    2.77699995e+00 2.77699995e+00 2.77699995e+00 2.77699995e+00
    2.77699995e+00 0. 0. 2.31399989e+00 2.10999990e+00 2.08699989e+00
    2.07100010e+00 2.06900001e+00 2.05599999e+00 2.05599999e+00
    2.04399991e+00 2.04099989e+00 2.02800012e+00 2.02500010e+00
    2.01600003e+00 2.00699997e+00 2. 1.99699998e+00 1.98399997e+00
    1.96700001e+00 1.96000004e+00 1.96000004e+00 1.96000004e+00
    1.96000004e+00 1.96899998e+00 1.97899997e+00 1.98899996e+00 2. 2. 2.
    2.20900011e+00 2.61500001e+00 2.62800002e+00 2.61800003e+00
    2.64899993e+00 2.69600010e+00 2.76500010e+00 2.77699995e+00
    2.77699995e+00 2.77699995e+00 2.77699995e+00 0. 0. 2.10299993e+00
    2.10200000e+00 2.09800005e+00 2.08400011e+00 2.08100009e+00
    2.06699991e+00 2.06100011e+00 2.05399990e+00 2.05200005e+00
    2.03900003e+00 2.03299999e+00 2.01699996e+00 2.01399994e+00
    2.00799990e+00 2. 1.99000001e+00 1.97300005e+00 1.96000004e+00
    1.96000004e+00 1.95200002e+00 1.95000005e+00 1.96099997e+00
    1.96800005e+00 1.98300004e+00 1.98899996e+00 1.99199998e+00 2.
    2.00999999e+00 2.12500000e+00 2.56399989e+00 2.58800006e+00
    2.59400010e+00 2.60100007e+00 2.73300004e+00 2.74499989e+00
    2.76999998e+00 2.77699995e+00 2.77699995e+00 0. 0. 2.09999990e+00
    2.09999990e+00 2.09999990e+00 2.08800006e+00 2.08400011e+00
    2.06999993e+00 2.06200004e+00 2.05599999e+00 2.05500007e+00
    2.03800011e+00 2.02800012e+00 2.01699996e+00 2.01399994e+00
    2.00999999e+00 2. 1.99000001e+00 1.98699999e+00 1.97000003e+00
    1.96000004e+00 1.95000005e+00 1.94700003e+00 1.96000004e+00
    1.96000004e+00 1.97000003e+00 1.98599994e+00 1.99000001e+00 2.
    2.00900006e+00 2.01399994e+00 2.12199998e+00 2.57200003e+00
    2.58800006e+00 2.58800006e+00 2.58800006e+00 2.64299989e+00
    2.74099994e+00 2.77399993e+00 2.77600002e+00 0. 0. 2.23200011e+00
    2.10400009e+00 2.10200000e+00 2.09599996e+00 2.08400011e+00
    2.06999993e+00 2.06200004e+00 2.05599999e+00 2.05500007e+00
    2.03900003e+00 2.02999997e+00 2.01699996e+00 2.01399994e+00
    2.01099992e+00 2.00200009e+00 1.99300003e+00 1.98699999e+00
    1.97300005e+00 1.96599996e+00 1.95299995e+00 1.95099998e+00
    1.96000004e+00 1.96000004e+00 1.97000003e+00 1.97300005e+00
    1.98699999e+00 2. 2. 2.01300001e+00 2.01699996e+00 2.27200007e+00
    2.58200002e+00 2.58200002e+00 2.58200002e+00 2.58200002e+00
    2.65799999e+00 2.72099996e+00 2.75200009e+00 0. 0. 2.59500003e+00
