<?xml version="1.0"?>
<opencv_storage>
<Depth type_id="opencv-matrix">
  <rows>40</rows>
  <cols>40</cols>
  <dt>f</dt>
  <data>
    0. 0. 0. 0. 0. 0. 0. 0. 0. 0. 0. 0. 0. 0. 0. 0. 0. 0. 0. 0. 0. 0. 0.
    0. 0. 0. 0. 0. 0. 0. 0. 0. 0. 0. 0. 0. 0. 0. 0. 0. 0. 0. 0. 0. 0. 0.
    0. 0. 0. 0. 0. 0. 0. 0. 0. 0. 0. 0. 0. 0. 0. 0. 0. 0. 0. 0. 0. 0. 0.
    0. 0. 0. 0. 0. 0. 0. 0. 0. 0. 0. 0. 0. 0. 0. 0. 0. 0. 0. 0. 0. 0. 0.
    0. 0. 0. 0. 0. 0. 0. 0. 0. 0. 0. 0. 0. 0. 0. 0. 0. 0. 0. 0. 0. 0. 0.
    0. 0. 0. 0. 0. 0. 0. 0. 0. 0. 0. 0. 0. 0. 0. 0. 0. 0. 0. 0. 0. 0. 0.
    0. 0. 0. 0. 0. 0. 0. 0. 0. 0. 0. 0. 0. 0. 0. 0. 0. 0. 0. 0. 0. 0. 0.
    0. 0. 0. 0. 0. 0. 0. 0. 0. 0. 0. 0. 0. 0. 0. 0. 0. 0. 0. 0. 0. 0. 0.
    0. 0. 0. 0. 0. 0. 0. 0. 0. 0. 0. 0. 0. 0. 0. 0. 0. 0. 0. 0. 0. 0. 0.
    0. 0. 0. 0. 0. 0. 0. 0. 0. 0. 0. 0. 0. 0. 0. 0. 0. 0. 0. 0. 0. 0. 0.
    0. 0. 0. 0. 0. 0. 0. 0. 0. 0. 0. 0. 0. 0. 0. 0. 0. 0. 0. 0. 0. 0. 0.
    0. 0. 0. 0. 0. 0. 0. 0. 0. 0. 0. 0. 0. 0. 0. 0. 0. 0. 0. 0. 0. 0. 0.
    0. 0. 0. 0. 0. 0. 0. 0. 0. 0. 0. 0. 0. 0. 0. 0. 0. 0. 0. 0. 0. 0. 0.
    0. 0. 0. 0. 0. 1.79799998e+00 1.96399999e+00 1.92100000e+00
    1.91199994e+00 1.91199994e+00 1.94200003e+00 1.98500001e+00
    1.97300005e+00 1.92999995e+00 1.91199994e+00 0. 0. 0. 0. 0. 0. 0. 0.
    0. 0. 0. 0. 0. 0. 0. 0. 0. 0. 0. 0. 0. 0. 0. 0. 0. 0. 0. 0. 0. 0.
    1.79799998e+00 1.96399999e+00 1.92100000e+00 1.91199994e+00
    1.91199994e+00 1.94200003e+00 1.98500001e+00 1.97899997e+00
    1.94599998e+00 1.93200004e+00 0. 0. 0. 0. 0. 0. 0. 0. 0. 0. 0. 0. 0.
    0. 0. 0. 0. 0. 0. 0. 0. 0. 0. 0. 0. 0. 0. 0. 0. 0. 1.79799998e+00
    1.96399999e+00 1.92100000e+00 1.91199994e+00 1.91199994e+00
    1.94200003e+00 1.98500001e+00 1.99199998e+00 1.98000002e+00
    1.97399998e+00 0. 0. 0. 0. 0. 0. 0. 0. 0. 0. 0. 0. 0. 0. 0. 0. 0. 0.
    0. 0. 0. 0. 0. 0. 0. 0. 0. 0. 0. 0. 1.79799998e+00 1.97099996e+00
    1.93599999e+00 1.92900002e+00 1.92900002e+00 1.95299995e+00
    1.98800004e+00 2. 2. 2. 0. 0. 0. 0. 0. 0. 0. 0. 0. 0. 0. 0. 0. 0. 0.
    0. 0. 0. 0. 0. 0. 0. 0. 0. 0. 0. 0. 0. 0. 0. 1.79900002e+00
    1.98800004e+00 1.97399998e+00 1.97099996e+00 1.97099996e+00
    1.98099995e+00 1.99500000e+00 2. 2. 2. 0. 0. 0. 0. 0. 0. 0. 0. 0. 0.
    0. 0. 0. 0. 0. 0. 0. 0. 0. 0. 0. 0. 0. 0. 0. 0. 0. 0. 0. 0.
    1.81700003e+00 1.99199998e+00 1.99899995e+00 2. 2. 2. 2. 2. 2. 2. 0.
    0. 0. 0. 0. 0. 0. 0. 0. 0. 0. 0. 0. 0. 0. 0. 0. 0. 0. 0. 0. 0. 0. 0.
    0. 0. 0. 0. 0. 1.39800000e+00 1.87199998e+00 1.96700001e+00
    1.99399996e+00 2. 2. 2. 2. 2. 2. 2. 0. 0. 0. 0. 0. 0. 0. 0. 0. 0. 0.
    0. 0. 0. 0. 0. 0. 0. 0. 0. 0. 0. 0. 0. 0. 0. 0. 0. 1.81900001e+00
    1.91199994e+00 1.91199994e+00 1.94799995e+00 1.99100006e+00 2. 2. 2.
    2. 2. 2. 2. 0. 0. 0. 0. 0. 0. 0. 0. 0. 0. 0. 0. 0. 0. 0. 0. 0. 0. 0.
    0. 0. 0. 0. 0. 0. 0. 0. 1.39800000e+00 1.87300003e+00 1.91199994e+00
    1.91199994e+00 1.94799995e+00 1.99100006e+00 2. 2. 2. 2. 2. 2. 2. 0.
    0. 0. 0. 0. 0. 0. 0. 0. 0. 0. 2.09200001e+00 2.09200001e+00
    2.09200001e+00 2.09200001e+00 2.09200001e+00 2.09200001e+00
    2.09200001e+00 2.09200001e+00 2.09200001e+00 2.09100008e+00
    2.08699989e+00 2.08299994e+00 2.08299994e+00 2.08100009e+00
    2.04099989e+00 2.00099993e+00 1.96200001e+00 1.92299998e+00
    1.91999996e+00 1.91999996e+00 1.95299995e+00 1.99100006e+00 2. 2. 2.
    2. 1.99699998e+00 1.99399996e+00 1.99199998e+00 0. 0. 0. 0. 0. 0. 0.
    0. 0. 0. 0. 2.09200001e+00 2.09200001e+00 2.09200001e+00
    2.09200001e+00 2.09200001e+00 2.09200001e+00 2.09200001e+00
    2.09200001e+00 2.09200001e+00 2.08699989e+00 2.06100011e+00
    2.03900003e+00 2.03900003e+00 2.03800011e+00 2.01900005e+00 2.
    1.98199999e+00 1.96399999e+00 1.96300006e+00 1.96300006e+00
    1.97800004e+00 1.99600005e+00 2. 2. 2. 2. 1.98399997e+00
    1.96000004e+00 1.94900000e+00 0. 0. 0. 0. 0. 0. 0. 0. 0. 0. 0.
    2.08100009e+00 2.08100009e+00 2.08100009e+00 2.08299994e+00
    2.08899999e+00 2.09200001e+00 2.09200001e+00 2.09200001e+00
    2.09200001e+00 2.08299994e+00 2.03900003e+00 2. 2. 2. 2. 2. 2. 2. 2.
    2. 2. 2. 2. 2. 2. 2. 1.97300005e+00 1.92999995e+00 1.91199994e+00 0.
    0. 0. 0. 0. 0. 0. 0. 0. 0. 0. 1.99399996e+00 1.99399996e+00
    1.99399996e+00 2.01300001e+00 2.05999994e+00 2.09200001e+00
    2.09200001e+00 2.09200001e+00 2.09200001e+00 2.08299994e+00
    2.03900003e+00 2. 2. 2. 2. 2. 2. 2. 2. 2. 2. 2. 2. 2. 2. 2.
    1.97300005e+00 1.92999995e+00 1.91199994e+00 0. 0. 0. 0. 0. 0. 0. 0.
    0. 0. 0. 1.91199994e+00 1.91199994e+00 1.91199994e+00 1.94599998e+00
    2.03200006e+00 2.08999991e+00 2.08999991e+00 2.08999991e+00
    2.08999991e+00 2.08100009e+00 2.03800011e+00 2. 2. 2. 1.99899995e+00
    1.99800003e+00 1.99800003e+00 1.99800003e+00 1.99899995e+00 2. 2. 2.
    2. 2. 2. 2. 1.97300005e+00 1.92999995e+00 1.91199994e+00 0. 0. 0. 0.
    0. 0. 0. 0. 0. 0. 0. 1.91199994e+00 1.91199994e+00 1.91199994e+00
    1.93799996e+00 2.00200009e+00 2.04500008e+00 2.04500008e+00
    2.04500008e+00 2.04500008e+00 2.04099989e+00 2.01900005e+00 2. 2.
    1.99899995e+00 1.97700000e+00 1.95500004e+00 1.95500004e+00
    1.95500004e+00 1.97500002e+00 1.99699998e+00 2. 2. 2. 2. 2. 2.
    1.97300005e+00 1.92999995e+00 1.91199994e+00 0. 0. 0. 0. 0. 0. 0. 0.
    0. 0. 0. 1.91199994e+00 1.91199994e+00 1.91199994e+00 1.92900002e+00
    1.97200000e+00 2.00099993e+00 2.00099993e+00 2.00099993e+00
    2.00099993e+00 2.00099993e+00 2. 2. 2. 1.99800003e+00 1.95500004e+00
    1.91299999e+00 1.91299999e+00 1.91299999e+00 1.95099998e+00
    1.99399996e+00 2. 2. 2. 2. 2. 2. 1.97300005e+00 1.92999995e+00
    1.91199994e+00 0. 0. 0. 0. 0. 0. 0. 0. 0. 0. 0. 1.95400000e+00
    1.95400000e+00 1.95400000e+00 1.96300006e+00 1.98500001e+00 2. 2. 2.
    2. 2. 2. 2. 2. 1.99699998e+00 1.93400002e+00 1.87199998e+00
    1.87100005e+00 1.87100005e+00 1.90999997e+00 1.95200002e+00
    1.97500002e+00 1.99600005e+00 2. 2. 1.52400005e+00 0. 0. 0. 0. 0. 0.
    0. 0. 0. 0. 0. 0. 0. 0. 0. 1.99600005e+00 1.99600005e+00
    1.99600005e+00 1.99699998e+00 1.99899995e+00 2. 2. 2. 2. 2. 2. 2. 2.
    1.99600005e+00 1.91299999e+00 1.83099997e+00 1.82900000e+00
    1.82900000e+00 1.86800003e+00 1.90900004e+00 1.95000005e+00
    1.99100006e+00 2. 2. 1.03999996e+00 0. 0. 0. 0. 0. 0. 0. 0. 0. 0. 0.
    0. 0. 0. 0. 2. 2. 2. 2. 2. 2. 2. 2. 2. 2. 2. 2. 2. 1.99500000e+00
    1.91100001e+00 1.82700002e+00 1.82599998e+00 1.82599998e+00
    1.86399996e+00 1.90600002e+00 1.94799995e+00 1.99100006e+00
    1.51100004e+00 0. 0. 0. 0. 0. 0. 0. 0. 0. 0. 0. 0. 0. 0. 0. 0. 0. 2.
    2. 2. 2. 2. 2. 2. 2. 2. 2. 2. 2. 2. 1.99500000e+00 1.91100001e+00
    1.82700002e+00 1.82599998e+00 1.82599998e+00 1.86399996e+00
    1.90600002e+00 1.94799995e+00 1.99100006e+00 0. 0. 0. 0. 0. 0. 0. 0.
    0. 0. 0. 0. 0. 0. 0. 0. 0. 0. 2.03800011e+00 2.02900004e+00
    2.01099992e+00 2. 2. 2. 2. 2. 2. 1.99699998e+00 1.97899997e+00
    1.96399999e+00 1.96399999e+00 1.96099997e+00 1.91199994e+00
    1.86199999e+00 1.86099994e+00 1.86099994e+00 1.88399994e+00
    1.90799999e+00 1.45500004e+00 0. 0. 0. 0. 0. 0. 0. 0. 0. 0. 0. 0. 0.
    0. 0. 0. 0. 0. 0. 2.08200002e+00 2.06399989e+00 2.02399993e+00 2. 2.
    2. 2. 2. 2. 1.99300003e+00 1.95500004e+00 1.92100000e+00
    1.92100000e+00 1.92100000e+00 1.91199994e+00 1.90300000e+00
    1.90300000e+00 1.90300000e+00 1.90699995e+00 1.91100001e+00 0. 0. 0.
    0. 0. 0. 0. 0. 0. 0. 0. 0. 0. 0. 0. 0. 0. 0. 0. 0. 2.09200001e+00
    2.07100010e+00 2.02699995e+00 2. 2. 2. 2. 2. 2. 1.99199998e+00
    1.94900000e+00 1.91199994e+00 1.91199994e+00 1.88399994e+00
    1.37000000e+00 0. 0. 0. 0. 0. 0. 0. 0. 0. 0. 0. 0. 0. 0. 0. 0. 0. 0.
    0. 0. 0. 0. 0. 0. 0. 2.09200001e+00 2.07100010e+00 2.02699995e+00 2.
    2. 2. 2. 2. 2. 1.99199998e+00 1.94900000e+00 1.91199994e+00
    1.91199994e+00 1.84899998e+00 0. 0. 0. 0. 0. 0. 0. 0. 0. 0. 0. 0. 0.
    0. 0. 0. 0. 0. 0. 0. 0. 0. 0. 0. 0. 0. 2.09200001e+00 2.07100010e+00
    2.02699995e+00 2. 2. 2. 2. 2. 2. 1.99199998e+00 1.94900000e+00
