<?xml version="1.0"?>
<opencv_storage>
<Depth type_id="opencv-matrix">
  <rows>40</rows>
  <cols>40</cols>
  <dt>f</dt>
  <data>
    0. 0. 0. 0. 0. 0. 0. 0. 0. 0. 0. 0. 0. 0. 0. 0. 0. 0. 0. 0. 0. 0. 0.
    0. 0. 0. 0. 0. 0. 0. 0. 0. 0. 0. 0. 0. 0. 0. 0. 0. 0. 0. 0. 0. 0. 0.
    0. 0. 0. 0. 0. 0. 0. 0. 0. 0. 0. 0. 0. 0. 0. 0. 0. 0. 0. 0. 0. 0. 0.
    0. 0. 0. 0. 0. 0. 0. 0. 0. 0. 0. 0. 0. 0. 0. 0. 0. 0. 0. 0. 0. 0. 0.
    0. 0. 0. 0. 0. 0. 0. 0. 0. 0. 0. 0. 0. 0. 0. 0. 0. 0. 0. 0. 0. 0. 0.
    0. 0. 0. 0. 0. 0. 0. 0. 0. 0. 0. 0. 0. 0. 0. 0. 0. 0. 0. 0. 0. 0. 0.
    0. 0. 0. 0. 0. 0. 0. 0. 0. 0. 0. 0. 0. 0. 0. 0. 0. 0. 0. 0. 0. 0. 0.
    0. 0. 0. 0. 0. 0. 0. 0. 0. 0. 0. 0. 0. 0. 0. 0. 0. 0. 0. 0. 0. 0. 0.
    0. 0. 0. 0. 0. 0. 0. 0. 0. 0. 0. 0. 0. 0. 0. 0. 0. 0. 0. 0. 0. 0. 0.
    0. 0. 0. 0. 0. 0. 0. 0. 0. 0. 0. 0. 0. 0. 0. 0. 0. 0. 0. 0. 0. 0. 0.
    0. 0. 0. 0. 0. 0. 0. 0. 0. 0. 0. 0. 0. 0. 0. 0. 0. 0. 0. 0. 0. 0. 0.
    0. 0. 0. 0. 0. 0. 0. 0. 0. 0. 0. 0. 0. 0. 0. 0. 0. 0. 0. 0. 0. 0. 0.
    0. 0. 0. 0. 0. 0. 0. 0. 0. 0. 0. 0. 0. 0. 0. 0. 0. 0. 0. 0. 0. 0. 0.
    0. 0. 0. 0. 0. 0. 0. 0. 0. 0. 0. 0. 0. 0. 0. 0. 0. 0. 0. 0. 0. 0. 0.
    0. 0. 0. 0. 0. 0. 0. 0. 0. 0. 0. 0. 0. 0. 0. 0. 0. 0. 0. 0. 0. 0. 0.
    0. 0. 0. 0. 0. 0. 0. 0. 0. 0. 0. 0. 0. 0. 0. 0. 0. 0. 0.
    2.15400004e+00 2.14499998e+00 2.08699989e+00 2.02999997e+00 2. 2. 2.
    2.04699993e+00 2.10400009e+00 2.15400004e+00 2.15400004e+00
    2.15400004e+00 2.18099999e+00 2.24099994e+00 2.30100012e+00
    2.31399989e+00 2.31399989e+00 2.31399989e+00 2.31399989e+00
    2.31399989e+00 2.26399994e+00 2.14700007e+00 2.02900004e+00 2. 2. 2.
    2. 2. 2.02300000e+00 2.07999992e+00 2.13800001e+00 2.15400004e+00 0.
    0. 0. 0. 0. 0. 0. 0. 2.14499998e+00 2.13599992e+00 2.08200002e+00
    2.02800012e+00 2. 2. 2. 2.04399991e+00 2.09800005e+00 2.14499998e+00
    2.14499998e+00 2.14499998e+00 2.17000008e+00 2.22600007e+00
    2.28299999e+00 2.30100012e+00 2.30800009e+00 2.31399989e+00
    2.30999994e+00 2.30599999e+00 2.25600004e+00 2.14199996e+00
    2.02800012e+00 2. 2. 2. 2. 2. 2.02300000e+00 2.07999992e+00
    2.13800001e+00 2.15400004e+00 0. 0. 0. 0. 0. 0. 0. 0. 2.08699989e+00
    2.08200002e+00 2.04900002e+00 2.01699996e+00 2. 2. 2. 2.02600002e+00
    2.05900002e+00 2.08699989e+00 2.08699989e+00 2.08699989e+00
    2.10299993e+00 2.13599992e+00 2.17000008e+00 2.21700001e+00
    2.26799989e+00 2.31100011e+00 2.28500009e+00 2.25900006e+00
    2.20600009e+00 2.11400008e+00 2.02300000e+00 2. 2. 2. 2. 2.
    2.02300000e+00 2.07999992e+00 2.13800001e+00 2.15400004e+00 0. 0. 0.
    0. 0. 0. 0. 0. 2.02999997e+00 2.02800012e+00 2.01699996e+00
    2.00600004e+00 2. 2. 2. 2.00900006e+00 2.01999998e+00 2.02999997e+00
    2.02999997e+00 2.02999997e+00 2.03500009e+00 2.04600000e+00
    2.05800009e+00 2.13400006e+00 2.22900009e+00 2.30900002e+00
    2.26099992e+00 2.21199989e+00 2.15499997e+00 2.08599997e+00
    2.01699996e+00 2. 2. 2. 2. 2. 2.02300000e+00 2.07999992e+00
    2.13800001e+00 2.15400004e+00 0. 0. 0. 0. 0. 0. 0. 0. 2. 2. 2. 2. 2.
    2. 2. 2. 2. 1.99899995e+00 1.98899996e+00 1.97899997e+00
    1.97300005e+00 1.97300005e+00 1.97300005e+00 2.05599999e+00
    2.16199994e+00 2.25200009e+00 2.20300007e+00 2.15400004e+00
    2.10599995e+00 2.05900002e+00 2.01200008e+00 2. 2. 2. 2. 2.
    2.02300000e+00 2.07999992e+00 2.13800001e+00 2.15400004e+00 0. 0. 0.
    0. 0. 0. 0. 0. 2. 2. 2. 2. 2. 2. 2. 2. 2. 1.99600005e+00
    1.96500003e+00 1.93499994e+00 1.91799998e+00 1.91799998e+00
    1.91799998e+00 1.98300004e+00 2.06500006e+00 2.13700008e+00
    2.10999990e+00 2.08400011e+00 2.05800009e+00 2.03200006e+00
    2.00600004e+00 2. 2. 2. 2. 2. 2.02300000e+00 2.07999992e+00
    2.13800001e+00 2.15400004e+00 0. 0. 0. 0. 0. 0. 0. 0. 2. 2. 2. 2. 2.
    2. 2. 2. 2. 1.99300003e+00 1.94200003e+00 1.88999999e+00
    1.86300004e+00 1.86300004e+00 1.86300004e+00 1.90900004e+00
    1.96899998e+00 2.02200007e+00 2.01799989e+00 2.01300001e+00
    2.00900006e+00 2.00500011e+00 2.00099993e+00 2. 2. 2. 2. 2.
    2.02300000e+00 2.07999992e+00 2.13800001e+00 2.15400004e+00 0. 0. 0.
    0. 0. 0. 0. 0. 2. 2. 2. 2. 2. 2. 2. 2. 2. 1.99300003e+00
    1.93700004e+00 1.88199997e+00 1.85200000e+00 1.85200000e+00
    1.85200000e+00 1.89499998e+00 1.95000005e+00 2. 2. 2. 2. 2. 2. 2. 2.
    2. 2. 2. 2.02300000e+00 2.07999992e+00 2.13800001e+00 2.15400004e+00
    0. 0. 0. 0. 0. 0. 0. 0. 2. 2. 2. 2. 2. 2. 2. 2. 2. 1.99300003e+00
    1.93700004e+00 1.88199997e+00 1.85200000e+00 1.85200000e+00
    1.85200000e+00 1.89499998e+00 1.95000005e+00 2. 2. 2. 2. 2. 2. 2. 2.
    2. 2. 2. 2.02300000e+00 2.07999992e+00 2.13800001e+00 2.15400004e+00
    0. 0. 0. 0. 0. 0. 0. 0. 2. 2. 2. 2. 2. 2. 2. 2. 2. 1.99300003e+00
    1.94000006e+00 1.88800001e+00 1.85899997e+00 1.85899997e+00
    1.85899997e+00 1.89999998e+00 1.95299995e+00 2. 2. 2. 2. 2. 2. 2. 2.
    2. 2.00300002e+00 2.00600004e+00 2.02900004e+00 2.08400011e+00
    2.13899994e+00 2.15400004e+00 0. 0. 0. 0. 0. 0. 0. 0. 2. 2. 2. 2. 2.
    2. 2. 2. 2. 1.99600005e+00 1.96399999e+00 1.93200004e+00
    1.91499996e+00 1.91499996e+00 1.91499996e+00 1.94000006e+00
    1.97099996e+00 2. 2. 2. 2. 2. 2. 2. 2. 2.00200009e+00 2.02600002e+00
    2.05100012e+00 2.07800007e+00 2.11199999e+00 2.14499998e+00
    2.15400004e+00 0. 0. 0. 0. 0. 0. 0. 0. 2. 2. 2. 2. 2. 2. 2. 2. 2.
    1.99899995e+00 1.98699999e+00 1.97599995e+00 1.97000003e+00
    1.97000003e+00 1.97000003e+00 1.97899997e+00 1.99000001e+00 2. 2. 2.
    2. 2. 2. 2. 2. 2.00300002e+00 2.04900002e+00 2.09500003e+00
    2.12700009e+00 2.13899994e+00 2.15100002e+00 2.15400004e+00 0. 0. 0.
    0. 0. 0. 0. 0. 2. 1.99800003e+00 1.98899996e+00 1.98000002e+00
    1.97500002e+00 1.97500002e+00 1.97500002e+00 1.97500002e+00
    1.97500002e+00 1.97599995e+00 1.98500001e+00 1.99500000e+00 2. 2. 2.
    2. 2. 2. 2. 2. 1.99600005e+00 1.98699999e+00 1.97700000e+00
    1.97500002e+00 1.97500002e+00 1.97899997e+00 2.03600001e+00
    2.09299994e+00 2.12800002e+00 2.12800002e+00 2.12800002e+00
    2.12800002e+00 0. 0. 0. 0. 0. 0. 0. 0. 2. 1.99500000e+00
    1.96500003e+00 1.93499994e+00 1.91900003e+00 1.91900003e+00
    1.91900003e+00 1.91900003e+00 1.91900003e+00 1.92299998e+00
    1.95400000e+00 1.98399997e+00 2. 2. 2. 2. 2. 2. 2. 2. 1.98699999e+00
    1.95700002e+00 1.92700005e+00 1.91900003e+00 1.91900003e+00
    1.92400002e+00 1.98000002e+00 2.03600001e+00 2.06999993e+00
    2.06999993e+00 2.06999993e+00 2.06999993e+00 0. 0. 0. 0. 0. 0. 0. 0.
    2. 1.99199998e+00 1.94099998e+00 1.88999999e+00 1.86399996e+00
    1.86399996e+00 1.86399996e+00 1.86399996e+00 1.86399996e+00
    1.87100005e+00 1.92200005e+00 1.97200000e+00 2. 2. 2. 2. 2. 2. 2. 2.
    1.97800004e+00 1.92799997e+00 1.87699997e+00 1.86399996e+00
    1.86399996e+00 1.86800003e+00 1.92400002e+00 1.97899997e+00
    2.01300001e+00 2.01300001e+00 2.01300001e+00 2.01300001e+00 0. 0. 0.
    0. 0. 0. 0. 0. 2. 1.99100006e+00 1.93599999e+00 1.88000000e+00
    1.84500003e+00 1.82900000e+00 1.81400001e+00 1.81099999e+00
    1.81099999e+00 1.81799996e+00 1.87300003e+00 1.92700005e+00
    1.96399999e+00 1.98000002e+00 1.99600005e+00 2. 2. 2. 2. 2.
    1.97599995e+00 1.92100000e+00 1.86600006e+00 1.85200000e+00
    1.85200000e+00 1.85599995e+00 1.91100001e+00 1.96700001e+00 2. 2. 2.
    2. 0. 0. 0. 0. 0. 0. 0. 0. 2. 1.99100006e+00 1.93599999e+00
    1.88000000e+00 1.83500004e+00 1.79999995e+00 1.76499999e+00
    1.75800002e+00 1.75800002e+00 1.76499999e+00 1.81900001e+00
    1.87199998e+00 1.91799998e+00 1.95500004e+00 1.99199998e+00 2. 2. 2.
    2. 2. 1.97599995e+00 1.92100000e+00 1.86600006e+00 1.85200000e+00
    1.85200000e+00 1.85599995e+00 1.91100001e+00 1.96700001e+00 2. 2. 2.
    2. 0. 0. 0. 0. 0. 0. 0. 0. 2. 1.99100006e+00 1.93299997e+00
    1.87600005e+00 1.82200003e+00 1.77100003e+00 1.72099996e+00
    1.71099997e+00 1.71099997e+00 1.71800005e+00 1.77100003e+00
    1.82299995e+00 1.87699997e+00 1.93299997e+00 1.98800004e+00 2. 2. 2.
    2. 2. 1.97700000e+00 1.92400002e+00 1.87100005e+00 1.85800004e+00
