<?xml version="1.0"?>
<opencv_storage>
<Depth type_id="opencv-matrix">
  <rows>40</rows>
  <cols>40</cols>
  <dt>f</dt>
  <data>
    0. 0. 0. 0. 0. 0. 0. 0. 0. 0. 0. 0. 0. 0. 0. 0. 0. 0. 0. 0. 0. 0. 0.
    0. 0. 0. 0. 0. 0. 0. 0. 0. 0. 0. 0. 0. 0. 0. 0. 0. 0. 0. 0. 0. 0. 0.
    0. 0. 0. 0. 0. 0. 0. 0. 0. 0. 0. 0. 0. 0. 0. 0. 0. 0. 0. 0. 0. 0. 0.
    0. 0. 0. 0. 0. 0. 0. 0. 0. 0. 0. 0. 0. 0. 0. 0. 0. 0. 0. 0. 0. 0. 0.
    0. 0. 0. 0. 0. 0. 0. 0. 0. 0. 0. 0. 0. 0. 0. 0. 0. 0. 0. 0. 0. 0. 0.
    0. 0. 0. 0. 0. 0. 0. 0. 0. 0. 0. 0. 0. 0. 0. 0. 0. 0. 0. 0. 0. 0. 0.
    0. 0. 0. 0. 0. 0. 0. 0. 0. 0. 0. 0. 0. 0. 0. 0. 0. 0. 0. 0. 0. 0. 0.
    0. 0. 0. 0. 0. 0. 0. 0. 0. 0. 0. 0. 0. 0. 0. 0. 0. 0. 0. 0. 0. 0. 0.
    0. 0. 0. 0. 0. 0. 0. 0. 0. 0. 0. 0. 0. 0. 0. 0. 0. 0. 0. 0. 0. 0. 0.
    0. 0. 0. 0. 0. 0. 0. 0. 0. 0. 0. 0. 0. 0. 0. 0. 0. 0. 0. 0. 0. 0. 0.
    0. 0. 0. 0. 0. 0. 0. 0. 0. 0. 0. 0. 0. 0. 0. 0. 0. 0. 0. 0. 0. 0. 0.
    0. 0. 0. 0. 0. 0. 0. 0. 0. 0. 0. 0. 0. 0. 0. 0. 0. 0. 0. 0. 0. 0. 0.
    0. 0. 0. 0. 0. 0. 0. 0. 0. 0. 0. 0. 0. 0. 0. 0. 0. 0. 0. 0. 0. 0. 0.
    0. 0. 0. 0. 0. 0. 0. 0. 0. 0. 0. 0. 0. 0. 0. 0. 0. 0. 0. 0. 0. 0. 0.
    0. 0. 0. 0. 0. 0. 0. 0. 0. 0. 0. 0. 0. 0. 0. 0. 0. 0. 0. 0. 0. 0. 0.
    0. 0. 0. 0. 0. 0. 0. 0. 0. 0. 0. 0. 0. 0. 0. 0. 0. 0. 0. 0. 0. 0. 0.
    0. 0. 0. 0. 0. 0. 0. 0. 0. 0. 0. 0. 0. 0. 0. 0. 0. 0. 0. 0. 0. 0. 0.
    0. 0. 0. 0. 0. 0. 0. 0. 0. 0. 0. 0. 0. 0. 0. 0. 0. 0. 2.16199994e+00
    2.16400003e+00 2.18400002e+00 2.17600012e+00 2.14100003e+00
    2.14000010e+00 2.14000010e+00 2.40199995e+00 2.83200002e+00
    2.77300000e+00 2.87599993e+00 0. 0. 0. 0. 2.93199992e+00
    2.90300012e+00 2.93099999e+00 0. 0. 0. 0. 0. 0. 0. 0. 0. 0. 0. 0. 0.
    0. 0. 0. 0. 0. 0. 0. 0. 0. 2.14100003e+00 2.14400005e+00
    2.17600012e+00 2.15499997e+00 2.13100004e+00 2.09800005e+00
    2.10400009e+00 2.34599996e+00 2.74399996e+00 2.72600007e+00
    2.80399990e+00 2.91799998e+00 2.90700006e+00 2.81900001e+00
    2.79600000e+00 2.75399995e+00 2.69099998e+00 2.67799997e+00
    2.94300008e+00 0. 0. 0. 0. 0. 0. 0. 0. 0. 0. 0. 0. 0. 0. 0. 0. 0. 0.
    0. 0. 0. 2.13800001e+00 2.13599992e+00 2.09599996e+00 2.09699988e+00
    2.10200000e+00 2.07399988e+00 2.07999992e+00 2.10100007e+00
    2.11700010e+00 2.10800004e+00 2.09699988e+00 2.07500005e+00
    2.05800009e+00 2.06999993e+00 2.48099995e+00 2.69400001e+00
    2.68400002e+00 2.61100006e+00 2.83100009e+00 2.89299989e+00
    2.92799997e+00 0. 0. 0. 0. 0. 0. 0. 0. 0. 0. 0. 0. 0. 0. 0. 0. 0. 0.
    0. 2.11999989e+00 2.11700010e+00 2.07599998e+00 2.05500007e+00
    2.03800011e+00 2.03800011e+00 2.03800011e+00 2.05500007e+00
    2.08599997e+00 2.07800007e+00 2.07200003e+00 2.06399989e+00
    2.05500007e+00 2.05699992e+00 2.06999993e+00 2.44400001e+00
    2.57699990e+00 2.09599996e+00 2. 2. 1.99699998e+00 0. 0. 0. 0. 0. 0.
    0. 0. 0. 0. 0. 0. 0. 0. 0. 0. 0. 0. 0. 1.96000004e+00 2.11299992e+00
    2.07599998e+00 2.05500007e+00 2.04099989e+00 2.03800011e+00
    2.03800011e+00 2.03099990e+00 2.01900005e+00 2.01900005e+00
    2.03399992e+00 2.04099989e+00 2.03399992e+00 2.04699993e+00
    2.05399990e+00 2.05399990e+00 2.05999994e+00 2.00699997e+00
    1.99600005e+00 1.99600005e+00 1.97700000e+00 0. 0. 0. 0. 0. 0. 0. 0.
    0. 0. 0. 0. 0. 0. 0. 0. 0. 0. 0. 1.36500001e+00 2.09800005e+00
    2.07699990e+00 2.06299996e+00 2.05500007e+00 2.04200006e+00
    2.03800011e+00 2.03099990e+00 2.01900005e+00 2.01900005e+00
    2.01900005e+00 2.01600003e+00 2.01399994e+00 2.02600002e+00
    2.03600001e+00 2.03800011e+00 2.00799990e+00 1.98399997e+00
    1.98099995e+00 1.97599995e+00 1.96200001e+00 0. 0. 0. 0. 0. 0. 0. 0.
    0. 0. 0. 0. 0. 0. 0. 0. 0. 0. 0. 1.33800006e+00 2.09800005e+00
    2.08400011e+00 2.07500005e+00 2.05800009e+00 2.05399990e+00
    2.04200006e+00 2.03299999e+00 2.02300000e+00 2.01900005e+00
    2.01600003e+00 2.00300002e+00 1.99399996e+00 2.00300002e+00
    2.00799990e+00 2.00399995e+00 1.98199999e+00 1.98000002e+00
    1.96599996e+00 1.95099998e+00 1.95099998e+00 0. 0. 0. 0. 0. 0. 0. 0.
    0. 0. 0. 0. 0. 0. 0. 0. 0. 0. 0. 1.33200002e+00 2.10599995e+00
    2.09699988e+00 2.07500005e+00 2.05800009e+00 2.05800009e+00
    2.05200005e+00 2.03800011e+00 2.02999997e+00 2.01900005e+00
    2.00900006e+00 1.99000001e+00 1.98099995e+00 1.98099995e+00
    1.95500004e+00 1.92999995e+00 1.91999996e+00 1.94900000e+00
    1.90600002e+00 1.89999998e+00 1.89999998e+00 0. 0. 0. 0. 0. 0. 0. 0.
    0. 0. 0. 0. 0. 0. 0. 0. 0. 0. 0. 1.65100002e+00 2.11800003e+00
    2.09699988e+00 2.07500005e+00 2.05800009e+00 2.05800009e+00
    2.05200005e+00 2.03800011e+00 2.02999997e+00 2.01900005e+00
    2.00900006e+00 1.99000001e+00 1.98099995e+00 1.98099995e+00
    1.95500004e+00 1.92999995e+00 1.91100001e+00 1.90699995e+00
    1.86099994e+00 1.85500002e+00 1.85500002e+00 0. 0. 0. 0. 0. 0. 0. 0.
    0. 0. 0. 0. 0. 0. 0. 0. 0. 0. 0. 2.10200000e+00 2.10999990e+00
    2.09800005e+00 2.08500004e+00 2.06500006e+00 2.05800009e+00
    2.05500007e+00 2.04399991e+00 2.03399992e+00 2.02399993e+00
    2.00900006e+00 1.99000001e+00 1.98099995e+00 1.98699999e+00
    1.96300006e+00 1.93200004e+00 1.91700006e+00 1.90799999e+00
    1.86800003e+00 1.85599995e+00 1.85500002e+00 0. 0. 0. 0. 0. 0. 0. 0.
    0. 0. 0. 0. 0. 0. 0. 0. 0. 0. 0. 2.07900000e+00 2.09800005e+00
    2.08899999e+00 2.08699989e+00 2.07399988e+00 2.05800009e+00
    2.05800009e+00 2.05399990e+00 2.04399991e+00 2.02900004e+00
    2.00900006e+00 1.99000001e+00 1.98099995e+00 1.99300003e+00
    1.97399998e+00 1.94099998e+00 1.92700005e+00 1.90999997e+00
    1.89199996e+00 1.86500001e+00 1.86399996e+00 0. 0. 0. 0. 0. 0. 0. 0.
    0. 0. 0. 0. 0. 0. 0. 0. 0. 0. 0. 2.06800008e+00 2.09800005e+00
    2.07900000e+00 2.07900000e+00 2.07699990e+00 2.06599998e+00
    2.05800009e+00 2.05800009e+00 2.04999995e+00 2.03399992e+00
    2.01500010e+00 1.99000001e+00 1.98099995e+00 1.99300003e+00
    1.98099995e+00 1.95799994e+00 1.93099999e+00 1.90999997e+00
    1.89900005e+00 1.88300002e+00 1.86300004e+00 0. 0. 0. 0. 0. 0. 0. 0.
    0. 0. 0. 0. 0. 0. 0. 0. 0. 0. 0. 2.05900002e+00 2.08699989e+00
    2.07900000e+00 2.07900000e+00 2.07900000e+00 2.07699990e+00
    2.06699991e+00 2.05399990e+00 2.04299998e+00 2.03800011e+00
    2.02500010e+00 1.99500000e+00 1.98099995e+00 1.99300003e+00
    1.98699999e+00 1.96700001e+00 1.93299997e+00 1.90999997e+00
    1.89199996e+00 1.88000000e+00 1.85599995e+00 0. 0. 0. 0. 0. 0. 0. 0.
    0. 0. 0. 0. 0. 0. 0. 0. 0. 0. 0. 2.05800009e+00 2.06500006e+00
    2.06500006e+00 2.06800008e+00 2.07900000e+00 2.07900000e+00
    2.07200003e+00 2.05100012e+00 2.03299999e+00 2.02600002e+00
    2.02200007e+00 1.99800003e+00 1.98099995e+00 1.99300003e+00
    1.98699999e+00 1.96700001e+00 1.93299997e+00 1.90999997e+00
    1.88199997e+00 1.87199998e+00 1.85500002e+00 0. 0. 0. 0. 0. 0. 0. 0.
    0. 0. 0. 0. 0. 0. 0. 0. 0. 0. 0. 2.05800009e+00 2.05800009e+00
    2.05800009e+00 2.06200004e+00 2.07900000e+00 2.07900000e+00
    2.07200003e+00 2.05100012e+00 2.02999997e+00 2.01900005e+00
    2.01900005e+00 2.00500011e+00 1.99399996e+00 1.99800003e+00
    1.98699999e+00 1.96700001e+00 1.93299997e+00 1.90999997e+00
    1.87600005e+00 1.87199998e+00 1.85500002e+00 0. 0. 0. 0. 0. 0. 0. 0.
    0. 0. 0. 0. 0. 0. 0. 0. 0. 0. 0. 1.56599998e+00 2.04299998e+00
    2.04299998e+00 2.04399991e+00 2.05500007e+00 2.07900000e+00
    2.07200003e+00 2.04600000e+00 2.02200007e+00 2.02500010e+00
    2.03299999e+00 2.02300000e+00 2.01399994e+00 2.00500011e+00
    1.98699999e+00 1.96700001e+00 1.93299997e+00 1.90999997e+00
    1.87600005e+00 1.87199998e+00 1.85500002e+00 0. 0. 0. 0. 0. 0. 0. 0.
    0. 0. 0. 0. 0. 0. 0. 0. 0. 0. 0. 0. 2.03800011e+00 2.03800011e+00
    2.03800011e+00 1.60200000e+00 0. 0. 0. 2.01900005e+00 2.02099991e+00
    2.02300000e+00 2.02099991e+00 2.01900005e+00 2.00699997e+00
    1.98699999e+00 1.95599997e+00 1.92999995e+00 1.90999997e+00
    1.88900006e+00 1.87300003e+00 1.85500002e+00 0. 0. 0. 0. 0. 0. 0. 0.
    0. 0. 0. 0. 0. 0. 0. 0. 0. 0. 0. 0. 0. 0. 0. 0. 0. 0. 0. 0.
