<?xml version="1.0"?>
<opencv_storage>
<Depth type_id="opencv-matrix">
  <rows>40</rows>
  <cols>40</cols>
  <dt>f</dt>
  <data>
    0. 0. 0. 0. 0. 0. 0. 0. 0. 0. 0. 0. 0. 0. 0. 0. 0. 0. 0. 0. 0. 0. 0.
    0. 0. 0. 0. 0. 0. 0. 0. 0. 0. 0. 0. 0. 0. 0. 0. 0. 0. 0. 0. 0. 0. 0.
    0. 0. 0. 0. 0. 0. 0. 0. 0. 0. 0. 0. 0. 0. 0. 0. 0. 0. 0. 0. 0. 0. 0.
    0. 0. 0. 0. 0. 0. 0. 0. 0. 0. 0. 0. 0. 0. 0. 0. 0. 0. 0. 0. 0. 0. 0.
    0. 0. 0. 0. 0. 0. 0. 0. 0. 0. 0. 0. 0. 0. 0. 0. 0. 0. 0. 0. 0. 0. 0.
    0. 0. 0. 0. 0. 0. 0. 0. 0. 0. 0. 0. 0. 0. 0. 0. 0. 0. 0. 0. 0. 0. 0.
    0. 0. 0. 0. 0. 0. 0. 0. 0. 0. 0. 0. 0. 0. 0. 0. 0. 0. 0. 0. 0. 0. 0.
    0. 0. 0. 0. 0. 0. 0. 0. 0. 0. 0. 0. 0. 0. 0. 0. 0. 0. 0. 0. 0. 0. 0.
    0. 0. 0. 0. 0. 0. 0. 0. 0. 0. 0. 0. 0. 0. 0. 0. 0. 0. 0. 0. 0. 0. 0.
    0. 0. 0. 0. 0. 0. 0. 0. 0. 0. 0. 0. 0. 0. 0. 0. 0. 0. 0. 0. 0. 0. 0.
    0. 0. 0. 0. 0. 0. 0. 0. 0. 0. 0. 0. 0. 0. 0. 0. 0. 0. 0. 0. 0. 0. 0.
    0. 0. 0. 0. 0. 0. 0. 0. 0. 0. 0. 0. 0. 0. 0. 0. 0. 0. 0. 0. 0. 0. 0.
    0. 0. 0. 0. 0. 0. 0. 0. 0. 0. 0. 0. 0. 0. 0. 0. 0. 0. 0. 0. 0. 0. 0.
    0. 0. 0. 0. 0. 0. 0. 0. 0. 0. 0. 0. 0. 0. 0. 0. 0. 0. 0. 0. 0. 0. 0.
    0. 0. 0. 0. 0. 0. 0. 0. 0. 0. 0. 0. 0. 0. 0. 0. 0. 0. 0. 0. 0. 0. 0.
    0. 0. 0. 0. 0. 0. 0. 0. 0. 0. 0. 0. 0. 0. 0. 0. 0. 0. 0. 0. 0. 0. 0.
    0. 0. 1.77300000e+00 1.79299998e+00 1.83000004e+00 1.84599996e+00
    1.84599996e+00 1.87100005e+00 1.90999997e+00 1.92200005e+00
    1.92200005e+00 1.92200005e+00 1.92200005e+00 1.88999999e+00
    1.85099995e+00 1.84599996e+00 1.84599996e+00 0. 0. 0. 0. 0. 0. 0. 0.
    0. 0. 0. 0. 0. 0. 0. 0. 0. 0. 0. 0. 0. 0. 0. 0. 0. 1.77300000e+00
    1.79299998e+00 1.83000004e+00 1.84599996e+00 1.84599996e+00
    1.87100005e+00 1.90999997e+00 1.92999995e+00 1.94099998e+00
    1.93499994e+00 1.92400002e+00 1.88999999e+00 1.85099995e+00
    1.84599996e+00 1.84599996e+00 0. 0. 0. 0. 0. 0. 0. 0. 0. 0. 0. 0. 0.
    0. 0. 0. 0. 0. 0. 0. 0. 0. 0. 0. 0. 1.77300000e+00 1.79299998e+00
    1.83000004e+00 1.84599996e+00 1.84599996e+00 1.87100005e+00
    1.90999997e+00 1.94400001e+00 1.97599995e+00 1.95899999e+00
    1.92799997e+00 1.88999999e+00 1.85099995e+00 1.84599996e+00
    1.84599996e+00 0. 0. 0. 0. 0. 0. 0. 0. 0. 0. 0. 0. 0. 0. 0. 0. 0. 0.
    0. 0. 0. 0. 0. 0. 0. 1.79499996e+00 1.81500006e+00 1.85300004e+00
    1.86899996e+00 1.86899996e+00 1.88699996e+00 1.91400003e+00
    1.95000005e+00 1.99000001e+00 1.97899997e+00 1.95099998e+00
    1.92299998e+00 1.89600003e+00 1.88199997e+00 1.87000000e+00
    1.07000005e+00 0. 0. 0. 0. 0. 0. 0. 0. 0. 0. 0. 0. 0. 0. 0. 0. 0. 0.
    0. 0. 0. 0. 0. 0. 1.83299994e+00 1.85300004e+00 1.89199996e+00
    1.90799999e+00 1.90799999e+00 1.91299999e+00 1.91999996e+00
    1.95000005e+00 1.99000001e+00 1.99399996e+00 1.98699999e+00
    1.98000002e+00 1.97300005e+00 1.94299996e+00 1.90999997e+00
    1.67100000e+00 1.41700006e+00 1.38399994e+00 1.35399997e+00 0. 0. 0.
    0. 0. 0. 0. 0. 0. 0. 0. 0. 0. 0. 0. 0. 0. 0. 0. 0. 0. 1.87100005e+00
    1.88499999e+00 1.91100001e+00 1.92200005e+00 1.92200005e+00
    1.93099999e+00 1.94400001e+00 1.96700001e+00 1.99399996e+00 2. 2. 2.
    2. 1.96500003e+00 1.92499995e+00 1.87399995e+00 1.82200003e+00
    1.79700005e+00 1.77300000e+00 0. 0. 0. 0. 0. 0. 0. 0. 0. 0. 0. 0. 0.
    0. 0. 0. 0. 0. 0. 0. 0. 1.90999997e+00 1.91299999e+00 1.91999996e+00
    1.92200005e+00 1.92200005e+00 1.94400001e+00 1.97800004e+00
    1.99199998e+00 1.99899995e+00 2. 2. 2. 2. 1.96500003e+00
    1.92499995e+00 1.85599995e+00 1.78499997e+00 1.77900004e+00
    1.77300000e+00 0. 0. 0. 0. 0. 0. 0. 0. 0. 0. 0. 0. 0. 0. 0. 0. 0. 0.
    0. 0. 0. 1.95000005e+00 1.95000005e+00 1.95000005e+00 1.95000005e+00
    1.95000005e+00 1.96700001e+00 1.99199998e+00 2. 2. 2. 2.
    1.98800004e+00 1.97399998e+00 1.94900000e+00 1.92400002e+00
    1.85099995e+00 1.77400005e+00 1.77300000e+00 1.77300000e+00 0. 0. 0.
    0. 0. 0. 0. 0. 0. 0. 0. 0. 0. 0. 0. 0. 0. 0. 0. 0. 0. 1.99000001e+00
    1.99000001e+00 1.99000001e+00 1.99000001e+00 1.99000001e+00
    1.99399996e+00 1.99899995e+00 2. 2. 2. 2. 1.97099996e+00
    1.93599999e+00 1.92700005e+00 1.92200005e+00 1.85099995e+00
    1.77400005e+00 1.77300000e+00 1.77300000e+00 0. 0. 0. 0. 0. 0. 0. 0.
    0. 0. 0. 0. 0. 0. 0. 0. 0. 0. 0. 0. 0. 2. 2. 2. 2. 2. 2. 2. 2. 2. 2.
    2. 1.96700001e+00 1.92700005e+00 1.90900004e+00 1.89300001e+00
    1.83500004e+00 1.77400005e+00 1.77300000e+00 1.77300000e+00 0. 0. 0.
    0. 0. 0. 0. 0. 0. 0. 0. 0. 0. 0. 0. 0. 0. 0. 0. 0. 0. 2. 2. 2. 2. 2.
    2. 2. 2. 2. 2. 2. 1.96700001e+00 1.92700005e+00 1.89100003e+00
    1.85599995e+00 1.81500006e+00 1.77300000e+00 1.77300000e+00
    1.77300000e+00 0. 0. 0. 0. 0. 0. 0. 0. 0. 0. 0. 0. 0. 0. 0. 0. 0. 0.
    0. 0. 0. 2.03399992e+00 2.03399992e+00 2.03399992e+00 2.03399992e+00
    2.03399992e+00 2.02300000e+00 2.00500011e+00 2. 2. 2. 2.
    1.96700001e+00 1.92700005e+00 1.88800001e+00 1.84899998e+00
    1.81099999e+00 1.77300000e+00 1.77300000e+00 1.77300000e+00 0. 0. 0.
    0. 0. 0. 0. 0. 0. 0. 0. 0. 0. 0. 0. 0. 0. 0. 0. 0. 0. 2.07599998e+00
    2.07599998e+00 2.07599998e+00 2.07599998e+00 2.07599998e+00
    2.05100012e+00 2.01200008e+00 2. 2. 2. 2. 1.96700001e+00
    1.92700005e+00 1.88800001e+00 1.84899998e+00 1.81099999e+00
    1.77300000e+00 1.77300000e+00 1.77300000e+00 0. 0. 0. 0. 0. 0. 0. 0.
    0. 0. 0. 0. 0. 0. 0. 0. 0. 0. 0. 0. 0. 2.11800003e+00 2.10800004e+00
    2.08899999e+00 2.08100009e+00 2.08100009e+00 2.06599998e+00
    2.04299998e+00 2.02300000e+00 2.00500011e+00 2. 2. 1.96700001e+00
    1.92700005e+00 1.88800001e+00 1.84899998e+00 1.81099999e+00
    1.77300000e+00 1.77300000e+00 1.77300000e+00 0. 0. 0. 0. 0. 0. 0. 0.
    0. 0. 0. 0. 0. 0. 0. 0. 0. 0. 0. 0. 0. 2.16100001e+00 2.13899994e+00
    2.09800005e+00 2.08100009e+00 2.08100009e+00 2.07999992e+00
    2.07900000e+00 2.04999995e+00 2.00999999e+00 2. 2. 1.96700001e+00
    1.92700005e+00 1.88800001e+00 1.84899998e+00 1.81099999e+00
    1.77300000e+00 1.77300000e+00 1.77300000e+00 0. 0. 0. 0. 0. 0. 0. 0.
    0. 0. 0. 0. 0. 0. 0. 0. 0. 0. 0. 0. 0. 2.16400003e+00 2.14100003e+00
    2.09899998e+00 2.08100009e+00 2.08100009e+00 2.08100009e+00
    2.08100009e+00 2.06599998e+00 2.04399991e+00 2.02399993e+00
    2.00399995e+00 1.96700001e+00 1.92700005e+00 1.90400004e+00
    1.88399994e+00 1.86399996e+00 1.84500003e+00 1.84399998e+00
    1.84399998e+00 0. 0. 0. 0. 0. 0. 0. 0. 0. 0. 0. 0. 0. 0. 0. 0. 0. 0.
    0. 0. 0. 2.16400003e+00 2.14100003e+00 2.09899998e+00 2.08100009e+00
    2.08100009e+00 2.08100009e+00 2.08100009e+00 2.08100009e+00
    2.08100009e+00 2.04900002e+00 2.00799990e+00 1.96700001e+00
    1.92700005e+00 1.92200005e+00 1.92200005e+00 1.92100000e+00
    1.92100000e+00 1.92100000e+00 1.92100000e+00 0. 0. 0. 0. 0. 0. 0. 0.
    0. 0. 0. 0. 0. 0. 0. 0. 0. 0. 0. 0. 0. 2.12199998e+00 2.11100006e+00
    2.08999991e+00 2.08100009e+00 2.08100009e+00 2.09500003e+00
    2.11700010e+00 2.10800004e+00 2.08599997e+00 2.04900002e+00
    2.00799990e+00 1.98399997e+00 1.96399999e+00 1.96200001e+00
    1.96200001e+00 1.96200001e+00 1.96200001e+00 1.96200001e+00
    1.96200001e+00 0. 0. 0. 0. 0. 0. 0. 0. 0. 0. 0. 0. 0. 0. 0. 0. 0. 0.
    0. 0. 0. 2.08100009e+00 2.07999992e+00 2.07999992e+00 2.07900000e+00
    2.07900000e+00 2.10599995e+00 2.14800000e+00 2.13199997e+00
    2.09100008e+00 2.04900002e+00 2.00799990e+00 2. 2. 2. 2.
    2.00099993e+00 2.00200009e+00 2.00200009e+00 2.00200009e+00 0. 0. 0.
    0. 0. 0. 0. 0. 0. 0. 0. 0. 0. 0. 0. 0. 0. 0. 0. 0. 0. 2.08100009e+00
    2.06900001e+00 2.04699993e+00 2.03699994e+00 2.03699994e+00
    2.04999995e+00 2.06999993e+00 2.07800007e+00 2.07999992e+00
    2.04900002e+00 2.00799990e+00 2. 2. 2. 2. 2.02099991e+00
    2.04299998e+00 2.04399991e+00 2.04399991e+00 0. 0. 0. 0. 0. 0. 0. 0.
    0. 0. 0. 0. 0. 0. 0. 0. 0. 0. 0. 0. 0. 2.08100009e+00 2.05900002e+00
    2.01699996e+00 2. 2. 2. 2. 2.02900004e+00 2.07100010e+00
    2.04900002e+00 2.00799990e+00 2. 2. 2. 2. 2.03900003e+00
    2.08100009e+00 2.08100009e+00 2.08100009e+00 0. 0. 0. 0. 0. 0. 0. 0.
