<?xml version="1.0"?>
<opencv_storage>
<Depth type_id="opencv-matrix">
  <rows>40</rows>
  <cols>40</cols>
  <dt>f</dt>
  <data>
    0. 0. 0. 0. 0. 0. 0. 0. 0. 0. 0. 0. 0. 0. 0. 0. 0. 0. 0. 0. 0. 0. 0.
    0. 0. 0. 0. 0. 0. 0. 0. 0. 0. 0. 0. 0. 0. 0. 0. 0. 0. 0. 0. 0. 0. 0.
    0. 0. 0. 0. 0. 0. 0. 0. 0. 0. 0. 0. 0. 0. 0. 0. 0. 0. 0. 0. 0. 0. 0.
    0. 0. 0. 0. 0. 0. 0. 0. 0. 0. 0. 0. 0. 0. 0. 0. 0. 0. 0. 0. 0. 0. 0.
    0. 0. 0. 0. 0. 0. 0. 0. 0. 0. 0. 0. 0. 0. 0. 0. 0. 0. 0. 0. 0. 0. 0.
    0. 0. 0. 0. 0. 0. 0. 0. 0. 0. 0. 0. 0. 0. 0. 0. 0. 0. 0. 0. 0. 0. 0.
    0. 0. 0. 0. 0. 0. 0. 0. 0. 0. 0. 0. 0. 0. 0. 0. 0. 0. 0. 0. 0. 0. 0.
    0. 0. 0. 0. 0. 0. 0. 0. 0. 0. 0. 0. 0. 0. 0. 0. 0. 0. 0. 0. 0. 0. 0.
    0. 0. 0. 0. 0. 0. 0. 0. 0. 0. 0. 0. 0. 0. 0. 0. 0. 0. 0. 0. 0. 0. 0.
    0. 0. 0. 0. 0. 0. 0. 0. 0. 0. 0. 0. 0. 0. 0. 0. 0. 0. 0. 0. 0. 0. 0.
    0. 0. 0. 0. 0. 0. 0. 0. 0. 0. 0. 0. 0. 0. 0. 0. 0. 0. 0. 0. 0. 0. 0.
    0. 0. 0. 0. 0. 0. 0. 0. 0. 0. 0. 0. 0. 0. 0. 0. 0. 0. 0. 0. 0. 0. 0.
    0. 0. 0. 0. 0. 0. 0. 0. 0. 0. 0. 0. 0. 0. 0. 0. 0. 0. 0. 0. 0. 0. 0.
    0. 0. 0. 0. 0. 0. 0. 0. 0. 0. 0. 0. 0. 0. 0. 0. 0. 0. 0. 0. 0. 0. 0.
    0. 0. 0. 0. 0. 0. 0. 0. 0. 0. 0. 0. 0. 0. 0. 0. 0. 0. 0. 0. 0. 0. 0.
    0. 0. 0. 0. 0. 0. 0. 0. 0. 0. 0. 0. 0. 0. 0. 0. 0. 0. 0. 0. 0. 0. 0.
    0. 0. 0. 0. 0. 0. 0. 0. 0. 0. 0. 0. 0. 0. 0. 0. 0. 0. 0. 0. 0. 0. 0.
    0. 0. 0. 0. 0. 0. 0. 0. 0. 0. 0. 0. 0. 0. 0. 0. 0. 0. 0. 0. 0. 0. 0.
    0. 0. 0. 0. 0. 0. 0. 0. 0. 0. 0. 0. 0. 0. 0. 0. 0. 0. 0. 0. 0. 0. 0.
    0. 0. 0. 0. 0. 0. 0. 0. 0. 0. 0. 0. 0. 0. 0. 0. 0. 0. 0.
    1.93200004e+00 1.93200004e+00 1.93200004e+00 1.93200004e+00
    1.89800000e+00 1.86600006e+00 1.86600006e+00 1.86600006e+00
    1.86600006e+00 1.86600006e+00 1.86600006e+00 1.81599998e+00
    1.74699998e+00 1.74000001e+00 1.74399996e+00 1.77800000e+00
    1.80299997e+00 1.80299997e+00 1.82000005e+00 1.85500002e+00
    1.86600006e+00 1.86600006e+00 1.86600006e+00 1.86600006e+00 0. 0. 0.
    0. 0. 0. 0. 0. 0. 0. 0. 0. 0. 0. 0. 1.10300004e+00 1.91700006e+00
    1.92900002e+00 1.93200004e+00 1.93200004e+00 1.90900004e+00
    1.88800001e+00 1.88800001e+00 1.88800001e+00 1.88800001e+00
    1.88800001e+00 1.88800001e+00 1.85500002e+00 1.80799997e+00
    1.80400002e+00 1.80499995e+00 1.81599998e+00 1.82400000e+00
    1.82400000e+00 1.83500004e+00 1.85899997e+00 1.86600006e+00
    1.86600006e+00 1.86600006e+00 1.86600006e+00 0. 0. 0. 0. 0. 0. 0.
    1.61099994e+00 1.57500005e+00 1.53999996e+00 1.50399995e+00
    1.40799999e+00 1.32299995e+00 1.32299995e+00 1.42999995e+00
    1.73500001e+00 1.89100003e+00 1.92400002e+00 1.93200004e+00
    1.93200004e+00 1.92799997e+00 1.92400002e+00 1.92400002e+00
    1.92400002e+00 1.92400002e+00 1.92400002e+00 1.92400002e+00
    1.91900003e+00 1.91100001e+00 1.90999997e+00 1.90699995e+00
    1.87899995e+00 1.85899997e+00 1.85899997e+00 1.86099994e+00
    1.86500001e+00 1.86600006e+00 1.86600006e+00 1.86600006e+00
    1.86600006e+00 0. 0. 0. 0. 0. 0. 0. 2.16899991e+00 2.14599991e+00
    2.10999990e+00 2.07100010e+00 1.96099997e+00 1.86600006e+00
    1.86600006e+00 1.86600006e+00 1.86600006e+00 1.88600004e+00
    1.92200005e+00 1.93200004e+00 1.93200004e+00 1.93200004e+00
    1.93200004e+00 1.93200004e+00 1.93200004e+00 1.93200004e+00
    1.93200004e+00 1.93200004e+00 1.93200004e+00 1.93200004e+00
    1.93200004e+00 1.92799997e+00 1.89199996e+00 1.86600006e+00
    1.86600006e+00 1.86600006e+00 1.86600006e+00 1.86600006e+00
    1.86600006e+00 1.86600006e+00 1.86600006e+00 0. 0. 0. 0. 0. 0. 0.
    2.14100003e+00 2.14100003e+00 2.10999990e+00 2.07100010e+00
    1.96099997e+00 1.86600006e+00 1.86600006e+00 1.86600006e+00
    1.86600006e+00 1.88600004e+00 1.92200005e+00 1.93200004e+00
    1.93200004e+00 1.93200004e+00 1.93200004e+00 1.93200004e+00
    1.93200004e+00 1.93200004e+00 1.93200004e+00 1.93200004e+00
    1.93200004e+00 1.93200004e+00 1.93200004e+00 1.92799997e+00
    1.89199996e+00 1.86600006e+00 1.86600006e+00 1.86600006e+00
    1.86600006e+00 1.86600006e+00 1.86600006e+00 1.86600006e+00
    1.86600006e+00 0. 0. 0. 0. 0. 0. 0. 2.12899995e+00 2.10700011e+00
    2.07200003e+00 2.03299999e+00 1.96300006e+00 1.90199995e+00
    1.90199995e+00 1.90199995e+00 1.90199995e+00 1.91100001e+00
    1.92799997e+00 1.94700003e+00 1.96800005e+00 1.96899998e+00
    1.96899998e+00 1.96899998e+00 1.96300006e+00 1.94200003e+00
    1.93200004e+00 1.93200004e+00 1.93200004e+00 1.93200004e+00
    1.93200004e+00 1.92999995e+00 1.91400003e+00 1.89600003e+00
    1.87600005e+00 1.86600006e+00 1.86600006e+00 1.86600006e+00
    1.86600006e+00 1.86600006e+00 1.86600006e+00 0. 0. 0. 0. 0. 0.
    1.06900001e+00 2.11100006e+00 2.07100010e+00 2.03299999e+00
    1.99500000e+00 1.96099997e+00 1.93200004e+00 1.93200004e+00
    1.93200004e+00 1.93200004e+00 1.93400002e+00 1.93799996e+00
    1.96399999e+00 1.99800003e+00 2. 2. 2. 1.98899996e+00 1.95500004e+00
    1.93700004e+00 1.93299997e+00 1.93200004e+00 1.93200004e+00
    1.93200004e+00 1.93200004e+00 1.92799997e+00 1.91600001e+00
    1.88300002e+00 1.86600006e+00 1.86600006e+00 1.86600006e+00
    1.86600006e+00 1.86600006e+00 1.87300003e+00 0. 0. 0. 0. 0. 0.
    1.69500005e+00 2.07200003e+00 2.03299999e+00 1.99500000e+00
    1.95700002e+00 1.94299996e+00 1.93200004e+00 1.93200004e+00
    1.93200004e+00 1.93200004e+00 1.94500005e+00 1.97000003e+00
    1.98599994e+00 1.99899995e+00 2. 2. 2. 1.99600005e+00 1.98300004e+00
    1.96399999e+00 1.93900001e+00 1.93200004e+00 1.93200004e+00
    1.93200004e+00 1.92999995e+00 1.90600002e+00 1.88499999e+00
    1.87199998e+00 1.86600006e+00 1.86600006e+00 1.86600006e+00
    1.86600006e+00 1.86600006e+00 1.91100001e+00 2.06900001e+00
    2.06900001e+00 2.06900001e+00 2.07500005e+00 2.10599995e+00
    2.11400008e+00 2.08299994e+00 2.04699993e+00 2.00900006e+00
    1.97099996e+00 1.93400002e+00 1.93200004e+00 1.93200004e+00
    1.93200004e+00 1.93200004e+00 1.93200004e+00 1.95200002e+00
    1.99000001e+00 2. 2. 2. 2. 2. 2. 2. 1.98099995e+00 1.94299996e+00
    1.93200004e+00 1.93200004e+00 1.93200004e+00 1.92799997e+00
    1.89199996e+00 1.86600006e+00 1.86600006e+00 1.86600006e+00
    1.86600006e+00 1.86600006e+00 1.86600006e+00 2.03500009e+00
    2.26699996e+00 2.06900001e+00 2.06900001e+00 2.06900001e+00
    2.07100010e+00 2.07999992e+00 2.08299994e+00 2.07299995e+00
    2.04699993e+00 2.00900006e+00 1.97099996e+00 1.93400002e+00
    1.93200004e+00 1.93200004e+00 1.93200004e+00 1.93200004e+00
    1.93200004e+00 1.95200002e+00 1.99000001e+00 2. 2. 2. 2. 2. 2. 2.
    1.98099995e+00 1.94299996e+00 1.93200004e+00 1.93200004e+00
    1.93200004e+00 1.92799997e+00 1.89199996e+00 1.86600006e+00
    1.86600006e+00 1.86600006e+00 1.86600006e+00 1.86600006e+00
    1.86600006e+00 2.48499990e+00 0. 2.06900001e+00 2.06900001e+00
    2.06900001e+00 2.06900001e+00 2.06900001e+00 2.06900001e+00
    2.06900001e+00 2.05399990e+00 2.02800012e+00 1.99300003e+00
    1.95500004e+00 1.95299995e+00 1.95200002e+00 1.94000006e+00
    1.93200004e+00 1.93200004e+00 1.95200002e+00 1.99000001e+00 2. 2.
    2.01099992e+00 2.01999998e+00 2.00799990e+00 2. 2. 1.98099995e+00
    1.94299996e+00 1.93200004e+00 1.93200004e+00 1.93200004e+00
    1.92900002e+00 1.90400004e+00 1.97599995e+00 2.27699995e+00
    2.43099999e+00 2.43099999e+00 2.41700006e+00 2.39499998e+00
    2.94799995e+00 0. 2.06900001e+00 2.06900001e+00 2.06900001e+00
    2.06900001e+00 2.06900001e+00 2.06900001e+00 2.06900001e+00
    2.06599998e+00 2.06100011e+00 2.03099990e+00 1.99300003e+00
    1.99100006e+00 1.98599994e+00 1.95299995e+00 1.93200004e+00
    1.93200004e+00 1.95200002e+00 1.99000001e+00 2. 2. 2.03099990e+00
    2.05599999e+00 2.02300000e+00 2. 2. 1.98099995e+00 1.94299996e+00
    1.93200004e+00 1.93200004e+00 1.93200004e+00 1.93200004e+00
    1.92700005e+00 2.16899991e+00 2.99900007e+00 0. 0. 0. 0. 0. 0.
    2.06900001e+00 2.06900001e+00 2.06900001e+00 2.07200003e+00
    2.08899999e+00 2.09999990e+00 2.09999990e+00 2.08999991e+00
