<?xml version="1.0"?>
<opencv_storage>
<Depth type_id="opencv-matrix">
  <rows>40</rows>
  <cols>40</cols>
  <dt>f</dt>
  <data>
    0. 0. 0. 0. 0. 0. 0. 0. 0. 0. 0. 0. 0. 0. 0. 0. 0. 2.14199996e+00
    1.49199998e+00 1.58599997e+00 1.99000001e+00 1.98500001e+00
    1.98500001e+00 1.98599994e+00 1.99500000e+00 1.99000001e+00
    1.98699999e+00 1.98800004e+00 1.99000001e+00 1.98899996e+00
    1.98800004e+00 0. 0. 0. 0. 0. 0. 0. 0. 0. 0. 0. 0. 0. 0. 0. 0. 0.
    1.98199999e+00 1.98099995e+00 1.97399998e+00 1.98000002e+00
    1.98000002e+00 1.98000002e+00 1.98599994e+00 1.98000002e+00
    1.97700000e+00 1.97700000e+00 1.98000002e+00 1.98199999e+00
    1.98199999e+00 1.98199999e+00 1.97800004e+00 1.98199999e+00
    1.98199999e+00 1.98500001e+00 1.98199999e+00 1.98500001e+00
    1.98800004e+00 1.98800004e+00 1.98000002e+00 0. 2.15899992e+00 0. 0.
    0. 0. 0. 0. 0. 0. 0. 0. 0. 0. 0. 0. 1.97399998e+00 1.97399998e+00
    1.97700000e+00 1.97399998e+00 1.97399998e+00 1.97399998e+00
    1.97800004e+00 1.98000002e+00 1.97700000e+00 1.97700000e+00
    1.97700000e+00 1.97700000e+00 1.98000002e+00 1.98199999e+00
    1.98199999e+00 1.98399997e+00 1.98199999e+00 1.98500001e+00
    1.98500001e+00 1.98500001e+00 1.98500001e+00 1.98800004e+00
    1.98699999e+00 1.98199999e+00 0. 0. 0. 0. 0. 0. 0. 0. 0. 0. 0. 0. 0.
    0. 0. 0. 1.97599995e+00 1.97399998e+00 1.97700000e+00 1.97399998e+00
    1.97399998e+00 1.97500002e+00 1.97800004e+00 1.98099995e+00
    1.98000002e+00 1.98000002e+00 1.98099995e+00 1.98000002e+00
    1.98199999e+00 1.98199999e+00 1.98199999e+00 1.98500001e+00
    1.98500001e+00 1.98500001e+00 1.98500001e+00 1.98500001e+00
    1.98500001e+00 1.98800004e+00 1.98899996e+00 1.98399997e+00
    1.23699999e+00 0. 0. 0. 0. 0. 0. 0. 0. 0. 0. 0. 0. 0. 0. 0.
    1.97700000e+00 1.97500002e+00 1.97700000e+00 1.97700000e+00
    1.97700000e+00 1.97700000e+00 1.98000002e+00 1.98099995e+00
    1.98099995e+00 1.98199999e+00 1.98099995e+00 1.98199999e+00
    1.98500001e+00 1.98500001e+00 1.98500001e+00 1.98500001e+00
    1.98500001e+00 1.98500001e+00 1.98599994e+00 1.98500001e+00
    1.98800004e+00 1.98800004e+00 1.99100006e+00 1.98800004e+00 0. 0. 0.
    0. 0. 0. 0. 0. 0. 0. 0. 0. 0. 0. 0. 0. 1.97399998e+00 1.97500002e+00
    1.97700000e+00 1.97899997e+00 1.98000002e+00 1.98000002e+00
    1.98199999e+00 1.98300004e+00 1.98199999e+00 1.98399997e+00
    1.98199999e+00 1.98500001e+00 1.98500001e+00 1.98500001e+00
    1.98500001e+00 1.98800004e+00 1.98800004e+00 1.98800004e+00
    1.98800004e+00 1.98699999e+00 1.98800004e+00 1.99100006e+00
    1.99100006e+00 1.98800004e+00 0. 0. 0. 0. 0. 0. 0. 0. 0. 0. 0. 0. 0.
    0. 0. 0. 1.97700000e+00 1.97899997e+00 1.98000002e+00 1.98000002e+00
    1.98099995e+00 1.98199999e+00 1.98500001e+00 1.98500001e+00
    1.98500001e+00 1.98199999e+00 1.98399997e+00 1.98500001e+00
    1.98500001e+00 1.98500001e+00 1.98500001e+00 1.98800004e+00
    1.98800004e+00 1.98800004e+00 1.98800004e+00 1.98800004e+00
    1.98800004e+00 1.99100006e+00 1.99199998e+00 1.99100006e+00 0. 0. 0.
    0. 0. 0. 0. 0. 0. 0. 0. 0. 0. 0. 0. 0. 1.98099995e+00 1.98000002e+00
    1.98000002e+00 1.98000002e+00 1.98000002e+00 1.98199999e+00
    1.98500001e+00 1.98500001e+00 1.98500001e+00 1.98500001e+00
    1.98500001e+00 1.98500001e+00 1.98500001e+00 1.98500001e+00
    1.98500001e+00 1.98800004e+00 1.98800004e+00 1.98800004e+00
    1.98800004e+00 1.98800004e+00 1.98899996e+00 1.99300003e+00
    1.99699998e+00 1.99399996e+00 0. 1.18900001e+00 0. 0. 0. 0. 0. 0. 0.
    0. 0. 0. 0. 0. 0. 0. 1.98199999e+00 1.98000002e+00 1.98199999e+00
    1.98199999e+00 1.98199999e+00 1.98199999e+00 1.98500001e+00
    1.98500001e+00 1.98500001e+00 1.98800004e+00 1.98699999e+00
    1.98800004e+00 1.98800004e+00 1.98699999e+00 1.98800004e+00
    1.98800004e+00 1.99300003e+00 1.99300003e+00 1.99199998e+00
    1.99100006e+00 1.99100006e+00 1.99399996e+00 1.99399996e+00
    1.90499997e+00 0. 2.40599990e+00 0. 0. 0. 0. 0. 0. 0. 0. 0. 0. 0. 0.
    0. 0. 1.98300004e+00 1.98199999e+00 1.98199999e+00 1.98199999e+00
    1.98199999e+00 1.98199999e+00 1.98599994e+00 1.98500001e+00
    1.98500001e+00 1.98699999e+00 1.98800004e+00 1.98800004e+00
    1.98800004e+00 1.98699999e+00 1.98800004e+00 1.99100006e+00
    1.99000001e+00 1.99100006e+00 1.99399996e+00 1.99100006e+00
    1.99399996e+00 1.99399996e+00 1.99399996e+00 1.94500005e+00
    1.10800004e+00 2.42000008e+00 0. 0. 0. 0. 0. 0. 0. 0. 0. 0. 0. 0. 0.
    0. 1.81799996e+00 1.98199999e+00 1.98199999e+00 1.98199999e+00
    1.98199999e+00 1.98199999e+00 1.98500001e+00 1.98800004e+00
    1.98500001e+00 1.98599994e+00 1.98899996e+00 1.99100006e+00
    1.99000001e+00 1.99100006e+00 1.99100006e+00 1.99100006e+00
    1.99100006e+00 1.99100006e+00 1.99600005e+00 1.99300003e+00
    1.99199998e+00 1.99399996e+00 1.99399996e+00 1.99100006e+00
    1.24000001e+00 2.42000008e+00 0. 0. 0. 0. 0. 0. 0. 0. 0. 0. 0. 0. 0.
    0. 1.82400000e+00 1.98500001e+00 1.98399997e+00 1.98500001e+00
    1.98399997e+00 1.98500001e+00 1.98800004e+00 1.98800004e+00
    1.98800004e+00 1.98800004e+00 1.98899996e+00 1.99100006e+00
    1.98899996e+00 1.99100006e+00 1.99100006e+00 1.99399996e+00
    1.99399996e+00 1.99399996e+00 1.99699998e+00 1.99399996e+00
    1.99399996e+00 1.99500000e+00 1.99399996e+00 1.99300003e+00
    1.24000001e+00 1.28999996e+00 0. 0. 0. 0. 0. 0. 0. 0. 0. 0. 0. 0. 0.
    0. 1.82400000e+00 1.98500001e+00 1.98500001e+00 1.98500001e+00
    1.98500001e+00 1.98500001e+00 1.98800004e+00 1.99000001e+00
    1.98800004e+00 1.98899996e+00 1.99199998e+00 1.99100006e+00
    1.99100006e+00 1.99100006e+00 1.98800004e+00 1.99399996e+00
    1.99399996e+00 1.99399996e+00 1.99399996e+00 1.99399996e+00
    1.99399996e+00 1.99699998e+00 1.99800003e+00 1.99800003e+00
    1.24199998e+00 2.43400002e+00 0. 0. 0. 0. 0. 0. 0. 0. 0. 0. 0. 0. 0.
    0. 1.99399996e+00 1.98500001e+00 1.98500001e+00 1.98500001e+00
    1.98500001e+00 1.98800004e+00 1.99100006e+00 1.98899996e+00
    1.99100006e+00 1.99100006e+00 1.99399996e+00 1.99399996e+00
    1.99399996e+00 1.99300003e+00 1.98800004e+00 1.99399996e+00
    1.99399996e+00 1.99399996e+00 1.99399996e+00 1.99600005e+00
    1.99500000e+00 1.99699998e+00 2. 2. 1.24199998e+00 2.45199990e+00 0.
    0. 0. 0. 0. 0. 0. 0. 0. 0. 0. 0. 0. 0. 1.98199999e+00 1.98500001e+00
    1.98800004e+00 1.98699999e+00 1.98699999e+00 1.98800004e+00
    1.98899996e+00 1.98899996e+00 1.99399996e+00 1.99300003e+00
    1.99600005e+00 1.99399996e+00 1.99600005e+00 1.99699998e+00
    1.99300003e+00 1.99399996e+00 1.99600005e+00 1.99600005e+00
    1.99699998e+00 1.99699998e+00 1.99699998e+00 2. 2. 2. 1.24199998e+00
    0. 0. 0. 0. 0. 0. 0. 0. 0. 0. 0. 0. 0. 0. 0. 2. 1.98800004e+00
    1.98800004e+00 1.98800004e+00 1.98800004e+00 1.98800004e+00
    1.99100006e+00 1.99100006e+00 1.99399996e+00 1.99399996e+00
    1.99600005e+00 1.99500000e+00 1.99399996e+00 1.99500000e+00
    1.99699998e+00 1.99699998e+00 1.99800003e+00 1.99699998e+00
    1.99699998e+00 1.99699998e+00 1.99699998e+00 2. 2. 2. 1.24300003e+00
    1.76100004e+00 0. 0. 0. 0. 0. 0. 0. 0. 0. 0. 0. 0. 0. 0.
    1.73500001e+00 1.99100006e+00 1.98800004e+00 1.98800004e+00
    1.99000001e+00 1.99100006e+00 1.99399996e+00 1.99399996e+00
    1.99699998e+00 1.99699998e+00 1.99699998e+00 1.99699998e+00
    1.99399996e+00 1.99699998e+00 1.99699998e+00 1.99699998e+00 2. 2.
    1.99699998e+00 1.99699998e+00 1.99699998e+00 2.00200009e+00 2. 2.
    1.32500005e+00 0. 0. 0. 0. 0. 0. 0. 0. 0. 0. 0. 0. 0. 0. 0. 0.
    1.99300003e+00 1.99100006e+00 1.99000001e+00 1.99100006e+00
    1.99399996e+00 1.99699998e+00 1.99600005e+00 1.99600005e+00
    1.99699998e+00 1.99699998e+00 1.99699998e+00 1.99899995e+00
    1.99800003e+00 1.99699998e+00 1.99899995e+00 2. 1.99800003e+00
    1.99800003e+00 2. 1.99699998e+00 2.00300002e+00 2.00200009e+00
    2.00300002e+00 2.00500011e+00 0. 0. 0. 0. 0. 0. 0. 0. 0. 0. 0. 0. 0.
    0. 0. 0. 1.99399996e+00 1.99399996e+00 1.99399996e+00 1.99199998e+00
    1.99399996e+00 1.99699998e+00 1.99699998e+00 1.99699998e+00
