<?xml version="1.0"?>
<opencv_storage>
<Depth type_id="opencv-matrix">
  <rows>40</rows>
  <cols>40</cols>
  <dt>f</dt>
  <data>
    0. 0. 0. 0. 0. 0. 0. 0. 0. 0. 0. 0. 0. 0. 0. 0. 0. 0. 0. 0. 0. 0. 0.
    0. 0. 0. 0. 0. 0. 0. 0. 0. 0. 0. 0. 0. 0. 0. 0. 0. 0. 0. 0. 0. 0. 0.
    0. 0. 0. 0. 0. 0. 0. 0. 0. 0. 0. 0. 0. 0. 0. 0. 0. 0. 0. 0. 0. 0. 0.
    0. 0. 0. 0. 0. 0. 0. 0. 0. 0. 0. 0. 0. 0. 0. 0. 0. 0. 0. 0. 0. 0. 0.
    0. 0. 0. 0. 0. 0. 0. 0. 0. 0. 0. 0. 0. 0. 0. 0. 0. 0. 0. 0. 0. 0. 0.
    0. 0. 0. 0. 0. 0. 0. 0. 0. 0. 0. 0. 0. 0. 0. 0. 0. 0. 0. 0. 0. 0. 0.
    0. 0. 0. 0. 0. 0. 0. 0. 0. 0. 0. 0. 0. 0. 0. 0. 0. 0. 0. 0. 0. 0. 0.
    0. 0. 0. 0. 0. 0. 0. 0. 0. 0. 0. 0. 0. 0. 0. 0. 0. 0. 0. 0. 0. 0. 0.
    0. 0. 0. 0. 0. 0. 0. 0. 0. 0. 0. 0. 0. 0. 0. 0. 0. 0. 0. 0. 0. 0. 0.
    0. 0. 0. 0. 0. 0. 0. 0. 0. 0. 0. 0. 0. 0. 0. 0. 0. 0. 0. 0. 0. 0. 0.
    0. 0. 0. 0. 0. 0. 0. 0. 0. 0. 0. 0. 0. 0. 0. 0. 0. 0. 0. 0. 0. 0. 0.
    0. 0. 0. 0. 0. 0. 0. 0. 0. 0. 0. 0. 0. 0. 0. 0. 0. 0. 0. 0. 0. 0. 0.
    0. 0. 0. 0. 0. 0. 0. 0. 0. 0. 0. 0. 0. 0. 0. 0. 0. 0. 0. 0. 0. 0. 0.
    0. 0. 0. 0. 0. 0. 0. 0. 0. 0. 0. 0. 0. 0. 0. 0. 0. 0. 0. 0. 0. 0. 0.
    0. 0. 0. 0. 0. 0. 0. 0. 0. 0. 0. 0. 0. 0. 0. 0. 0. 0. 0. 0. 0. 0. 0.
    0. 0. 0. 0. 0. 0. 0. 0. 0. 0. 0. 0. 0. 0. 0. 0. 0. 0. 0. 0. 0. 0. 0.
    0. 0. 0. 0. 0. 0. 0. 0. 0. 0. 0. 0. 0. 0. 0. 0. 0. 0. 0. 0. 0. 0. 0.
    0. 0. 0. 0. 0. 0. 0. 0. 0. 0. 0. 0. 0. 0. 0. 0. 0. 0. 0. 0. 0. 0. 0.
    0. 0. 0. 0. 0. 0. 0. 0. 0. 0. 0. 0. 0. 0. 0. 0. 0. 0. 0. 0. 0. 0. 0.
    0. 0. 0. 0. 0. 0. 0. 0. 0. 0. 0. 0. 0. 0. 0. 0. 0. 0. 0. 0. 0. 0. 0.
    0. 0. 0. 0. 0. 0. 0. 0. 0. 0. 0. 0. 0. 0. 0. 0. 0. 0. 0. 0. 0. 0. 0.
    0. 0. 0. 0. 0. 0. 0. 0. 0. 0. 0. 0. 0. 0. 0. 0. 0. 0. 0. 0. 0. 0. 0.
    0. 0. 0. 1.70099998e+00 1.79700005e+00 1.45899999e+00 0. 0. 0. 0. 0.
    1.86300004e+00 1.86300004e+00 1.86300004e+00 0. 0. 0. 0. 0. 0. 0. 0.
    0. 0. 0. 0. 0. 0. 0. 0. 0. 0. 0. 0. 0. 0. 0. 0. 0. 0. 0. 0. 0.
    1.73300004e+00 1.79700005e+00 1.56700003e+00 0. 0. 0. 0.
    1.22099996e+00 1.86300004e+00 1.86300004e+00 1.86300004e+00 0. 0. 0.
    0. 0. 0. 0. 0. 0. 0. 0. 0. 0. 0. 0. 0. 0. 0. 0. 0. 0. 0.
    1.33899999e+00 1.33899999e+00 1.33899999e+00 1.33899999e+00
    1.33899999e+00 1.33899999e+00 1.53699994e+00 1.78799999e+00
    1.79700005e+00 1.75100005e+00 1.40499997e+00 1.17200005e+00
    1.20299995e+00 1.38499999e+00 1.73599994e+00 1.86300004e+00
    1.86300004e+00 1.86300004e+00 0. 0. 0. 0. 0. 0. 0. 0. 0. 0. 0. 0. 0.
    0. 0. 0. 0. 0. 0. 0. 0. 0. 1.97599995e+00 1.99199998e+00 2. 2. 2. 2.
    1.92400002e+00 1.82799995e+00 1.82400000e+00 1.83000004e+00
    1.87699997e+00 1.90199995e+00 1.87699997e+00 1.86300004e+00
    1.86300004e+00 1.86300004e+00 1.86300004e+00 1.85099995e+00 0. 0. 0.
    0. 0. 0. 0. 0. 0. 0. 0. 0. 0. 0. 0. 1.72500002e+00 1.72500002e+00
    1.72500002e+00 1.72500002e+00 1.72500002e+00 1.73899996e+00
    1.85300004e+00 1.94400001e+00 1.98000002e+00 2. 2. 2. 2.
    1.93900001e+00 1.86300004e+00 1.86000001e+00 1.87500000e+00
    1.98399997e+00 2.02800012e+00 1.91999996e+00 1.86300004e+00
    1.86300004e+00 1.86300004e+00 1.86300004e+00 1.83500004e+00 0. 0. 0.
    0. 0. 0. 0. 0. 0. 0. 0. 0. 0. 0. 1.42100000e+00 1.93099999e+00
    1.93099999e+00 1.93099999e+00 1.93099999e+00 1.93099999e+00
    1.93099999e+00 1.93099999e+00 1.94200003e+00 1.97899997e+00 2. 2. 2.
    2. 1.98599994e+00 1.96899998e+00 1.96800005e+00 1.97599995e+00
    2.03200006e+00 2.03800011e+00 1.92400002e+00 1.86300004e+00
    1.86300004e+00 1.86300004e+00 1.86300004e+00 1.83399999e+00 0. 0. 0.
    0. 0. 1.46899998e+00 2.01300001e+00 1.93599999e+00 1.93099999e+00
    1.93099999e+00 1.93099999e+00 1.93099999e+00 1.93099999e+00
    1.93099999e+00 1.93099999e+00 1.93099999e+00 1.93099999e+00
    1.93200004e+00 1.93400002e+00 1.93400002e+00 1.93400002e+00
    1.93400002e+00 1.94500005e+00 1.98099995e+00 2. 2. 2. 2.
    2.03099990e+00 2.07100010e+00 2.07200003e+00 2.07200003e+00
    2.07200003e+00 2.03800011e+00 1.92400002e+00 1.86300004e+00
    1.86300004e+00 1.86300004e+00 1.86300004e+00 1.83500004e+00 0. 0. 0.
    0. 0. 1.81599998e+00 2.01300001e+00 1.93599999e+00 1.93099999e+00
    1.93099999e+00 1.93099999e+00 1.93099999e+00 1.93099999e+00
    1.93099999e+00 1.93099999e+00 1.93099999e+00 1.93099999e+00
    1.94900000e+00 1.97099996e+00 1.97200000e+00 1.97200000e+00
    1.97200000e+00 1.97599995e+00 1.99199998e+00 2. 2. 2. 2.
    2.03099990e+00 2.07100010e+00 2.07200003e+00 2.07200003e+00
    2.07200003e+00 2.03800011e+00 1.92400002e+00 1.86300004e+00
    1.86300004e+00 1.86300004e+00 1.86300004e+00 1.85099995e+00
    2.06200004e+00 2.06200004e+00 2.06200004e+00 2.06200004e+00
    2.06200004e+00 2.06200004e+00 2.01099992e+00 1.94500005e+00
    1.94099998e+00 1.94099998e+00 1.94099998e+00 1.93900001e+00
    1.93400002e+00 1.93099999e+00 1.93099999e+00 1.93099999e+00
    1.93099999e+00 1.95599997e+00 1.98899996e+00 1.99000001e+00
    1.99100006e+00 1.99600005e+00 2. 2. 2. 2. 2. 2. 2.02699995e+00
    2.06100011e+00 2.06200004e+00 2.06299996e+00 2.06800008e+00
    2.04399991e+00 1.95200002e+00 1.90300000e+00 1.90300000e+00
    1.65300000e+00 1.26100004e+00 1.18499994e+00 2.02200007e+00
    2.02200007e+00 2.02200007e+00 2.02200007e+00 2.02200007e+00
    2.02200007e+00 2.00399995e+00 1.98000002e+00 1.97800004e+00
    1.97800004e+00 1.97800004e+00 1.97099996e+00 1.94500005e+00
    1.93099999e+00 1.93099999e+00 1.93099999e+00 1.93099999e+00
    1.94000006e+00 1.95200002e+00 1.95299995e+00 1.95599997e+00
    1.98199999e+00 2. 2. 2. 2. 2. 2. 2.00999999e+00 2.02200007e+00
    2.02200007e+00 2.02600002e+00 2.05299997e+00 2.06999993e+00
    2.06100011e+00 2.05699992e+00 2.05699992e+00 0. 0. 0. 2. 2. 2. 2. 2.
    2. 2. 2. 2. 2. 2. 1.99000001e+00 1.95200002e+00 1.93099999e+00
    1.93099999e+00 1.93099999e+00 1.93099999e+00 1.92400002e+00
    1.91600001e+00 1.91499996e+00 1.92200005e+00 1.97700000e+00
    2.01399994e+00 2.00500011e+00 2. 2. 2. 2. 2. 2. 2. 2.00600004e+00
    2.05500007e+00 2.10100007e+00 2.14100003e+00 1.85500002e+00
    1.19799995e+00 0. 0. 0. 2. 2. 2. 2. 2. 2. 2. 2. 2. 2. 2.
    1.99000001e+00 1.95200002e+00 1.93099999e+00 1.93099999e+00
    1.93099999e+00 1.93099999e+00 1.90799999e+00 1.87899995e+00
    1.87800002e+00 1.88900006e+00 1.98699999e+00 2.04699993e+00
    2.01699996e+00 2. 2. 2. 2. 2. 2. 2. 2.00900006e+00 2.07999992e+00
    2.14100003e+00 2.18199992e+00 1.17799997e+00 0. 0. 0. 0.
    2.01999998e+00 2.00699997e+00 2. 2. 2. 2. 2. 2. 2.01200008e+00
    2.02399993e+00 2.02399993e+00 2.01300001e+00 1.97500002e+00
    1.94799995e+00 1.93599999e+00 1.93099999e+00 1.93099999e+00
    1.90199995e+00 1.86500001e+00 1.86300004e+00 1.88000000e+00
    2.01999998e+00 2.11299992e+00 2.08699989e+00 1.65499997e+00 0. 0. 0.
    0. 0. 0. 0. 0. 0. 0. 0. 0. 0. 0. 0. 2.05399990e+00 2.01999998e+00 2.
    2. 2. 2. 2. 2. 2.03200006e+00 2.06299996e+00 2.06299996e+00
    2.05200005e+00 2.01300001e+00 1.97700000e+00 1.94400001e+00
    1.93099999e+00 1.93099999e+00 1.90199995e+00 1.86500001e+00
    1.86300004e+00 1.88499999e+00 2.06999993e+00 2.20099998e+00
    2.19600010e+00 1.07799995e+00 0. 0. 0. 0. 0. 0. 0. 0. 0. 0. 0. 0. 0.
    0. 0. 2.06200004e+00 2.02200007e+00 2. 2. 2. 2. 2. 2. 2.03699994e+00
    1.95299995e+00 0. 0. 0. 0. 0. 0. 0. 0. 0. 0. 0. 0. 0. 0. 0. 0. 0. 0.
    0. 0. 0. 0. 0. 0. 0. 0. 0. 0. 0. 0. 2.06200004e+00 2.02200007e+00 2.
    2. 2. 2. 2. 2. 2.03699994e+00 1.79700005e+00 0. 0. 0. 0. 0. 0. 0. 0.
    0. 0. 0. 0. 0. 0. 0. 0. 0. 0. 0. 0. 0. 0. 0. 0. 0. 0. 0. 0. 0. 0. 0.
    0. 0. 0. 0. 0. 0. 0. 0. 0. 0. 0. 0. 0. 0. 0. 0. 0. 0. 0. 0. 0. 0. 0.
    0. 0. 0. 0. 0. 0. 0. 0. 0. 0. 0. 0. 0. 0. 0. 0. 0. 0. 0. 0. 0. 0. 0.
    0. 0. 0. 0. 0. 0. 0. 0. 0. 0. 0. 0. 0. 0. 0. 0. 0. 0. 0. 0. 0. 0. 0.
    0. 0. 0. 0. 0. 0. 0. 0. 0. 0. 0. 0. 0. 0. 0. 0. 0. 0. 0. 0. 0. 0. 0.
    0. 0. 0. 0. 0. 0. 0. 0. 0. 0. 0. 0. 0. 0. 0. 0. 0. 0. 0. 0. 0. 0. 0.
    0. 0. 0. 0. 0. 0. 0. 0. 0. 0. 0. 0. 0. 0. 0. 0. 0. 0. 0. 0. 0. 0. 0.
