<?xml version="1.0"?>
<opencv_storage>
<Depth type_id="opencv-matrix">
  <rows>40</rows>
  <cols>40</cols>
  <dt>f</dt>
  <data>
    0. 0. 0. 0. 0. 0. 0. 0. 0. 0. 0. 0. 0. 0. 0. 0. 0. 0. 0. 0. 0. 0. 0.
    0. 0. 0. 0. 0. 0. 0. 0. 0. 0. 0. 0. 0. 0. 0. 0. 0. 0. 0. 0. 0. 0. 0.
    0. 0. 0. 0. 0. 0. 0. 0. 0. 0. 0. 0. 0. 0. 0. 0. 0. 0. 0. 0. 0. 0. 0.
    0. 0. 0. 0. 0. 0. 0. 0. 0. 0. 0. 0. 0. 0. 0. 0. 0. 0. 0. 0. 0. 0. 0.
    0. 0. 0. 0. 0. 0. 0. 0. 0. 0. 0. 0. 0. 0. 0. 0. 0. 0. 0. 0. 0. 0. 0.
    0. 0. 0. 0. 0. 0. 0. 0. 0. 0. 0. 0. 0. 0. 0. 0. 0. 0. 0. 0. 0. 0. 0.
    0. 0. 0. 0. 0. 0. 0. 0. 0. 0. 0. 0. 0. 0. 0. 0. 0. 0. 0. 0. 0. 0. 0.
    0. 0. 0. 0. 0. 0. 0. 0. 0. 2. 2. 2. 2. 2. 2. 2. 2. 1.99899995e+00
    1.96099997e+00 1.92700005e+00 1.92700005e+00 1.92700005e+00
    1.92700005e+00 1.91299999e+00 1.87500000e+00 1.85500002e+00
    1.85500002e+00 1.85500002e+00 0. 0. 0. 0. 0. 0. 0. 0. 0. 0. 0. 0. 0.
    0. 0. 0. 0. 0. 0. 0. 0. 2. 2. 2. 2. 2. 2. 2. 2. 1.99899995e+00
    1.96099997e+00 1.92700005e+00 1.92700005e+00 1.92700005e+00
    1.92700005e+00 1.91700006e+00 1.88999999e+00 1.87600005e+00
    1.87600005e+00 1.87600005e+00 0. 0. 0. 0. 0. 0. 0. 0. 0. 0. 0. 0. 0.
    0. 0. 0. 0. 0. 0. 0. 0. 2. 2. 2. 2. 2. 2. 2. 2. 1.99899995e+00
    1.96099997e+00 1.92700005e+00 1.92700005e+00 1.92700005e+00
    1.92700005e+00 1.92499995e+00 1.91799998e+00 1.91400003e+00
    1.91400003e+00 1.91400003e+00 0. 0. 0. 0. 0. 0. 0. 0. 0. 0. 0. 0. 0.
    0. 0. 0. 0. 0. 0. 0. 0. 2. 2. 2. 2. 2. 2. 2. 2. 2. 1.97500002e+00
    1.95099998e+00 1.93700004e+00 1.92700005e+00 1.92700005e+00
    1.92700005e+00 1.92700005e+00 1.92700005e+00 1.92700005e+00
    1.92700005e+00 0. 0. 0. 0. 0. 0. 0. 0. 0. 0. 0. 0. 0. 0. 0. 0. 0. 0.
    0. 0. 0. 2. 2. 2. 2. 2. 2. 2. 2. 2. 1.99600005e+00 1.98699999e+00
    1.95299995e+00 1.92700005e+00 1.92700005e+00 1.92700005e+00
    1.92700005e+00 1.92700005e+00 1.92700005e+00 1.92700005e+00 0. 0. 0.
    0. 0. 0. 0. 0. 0. 0. 0. 0. 0. 0. 0. 0. 0. 0. 0. 0. 0. 2. 2. 2. 2. 2.
    2. 2. 2. 2. 2. 1.99699998e+00 1.97399998e+00 1.95700002e+00
    1.95700002e+00 1.95200002e+00 1.93499994e+00 1.92700005e+00
    1.92700005e+00 1.92700005e+00 0. 0. 0. 0. 0. 0. 0. 0. 0. 0. 0. 0. 0.
    0. 0. 0. 0. 0. 0. 0. 0. 2. 2. 2. 2. 2. 2. 2. 2. 2. 2. 2.
    1.99800003e+00 1.99600005e+00 1.99600005e+00 1.98300004e+00
    1.94599998e+00 1.92700005e+00 1.92700005e+00 1.92700005e+00 0. 0. 0.
    0. 0. 0. 0. 0. 0. 0. 0. 0. 0. 0. 0. 0. 0. 0. 0. 0. 0. 2.
    2.01099992e+00 2.02999997e+00 2.03600001e+00 2.03600001e+00
    2.02099991e+00 2.00200009e+00 2. 2. 2. 2. 2. 2. 2. 1.99300003e+00
    1.97300005e+00 1.95299995e+00 1.93499994e+00 1.92700005e+00 0. 0. 0.
    0. 0. 0. 0. 0. 0. 0. 0. 0. 0. 0. 0. 0. 0. 0. 0. 0. 0. 2.
    2.02200007e+00 2.06299996e+00 2.07599998e+00 2.07599998e+00
    2.04399991e+00 2.00399995e+00 2. 2. 2. 2. 2. 2. 2. 2. 2.
    1.98199999e+00 1.94299996e+00 1.92799997e+00 0. 0. 0. 0. 0. 0. 0. 0.
    0. 0. 0. 0. 0. 0. 0. 0. 0. 0. 0. 0. 0. 2. 2.02200007e+00
    2.06299996e+00 2.07599998e+00 2.07599998e+00 2.04399991e+00
    2.00399995e+00 2. 2. 2. 2. 2. 2. 2. 2. 2. 1.99199998e+00
    1.97399998e+00 1.96599996e+00 0. 0. 0. 0. 0. 0. 0. 0. 0. 0. 0. 0. 0.
    0. 0. 0. 0. 0. 0. 0. 0. 2. 2.02200007e+00 2.06299996e+00
    2.07599998e+00 2.07599998e+00 2.04399991e+00 2.00399995e+00 2. 2. 2.
    2. 2. 2. 2. 2. 2. 2. 2. 2. 0. 0. 0. 0. 0. 0. 0. 0. 0. 0. 0. 0. 0. 0.
    0. 0. 0. 0. 0. 0. 0. 2. 2.02200007e+00 2.06299996e+00 2.07599998e+00
    2.07599998e+00 2.04399991e+00 2.00399995e+00 2. 2. 2. 2. 2. 2. 2. 2.
    2. 2. 2. 2. 0. 0. 0. 0. 0. 0. 0. 0. 0. 0. 0. 0. 0. 0. 0. 0. 0. 0. 0.
    0. 0. 2. 2.01999998e+00 2.05500007e+00 2.06599998e+00 2.06599998e+00
    2.03800011e+00 2.00300002e+00 2. 2. 2. 2. 2. 2. 2. 2. 2. 2. 2. 2. 0.
    0. 0. 0. 0. 0. 0. 0. 0. 0. 0. 0. 0. 0. 0. 0. 0. 0. 0. 0. 0. 2.
    2.00799990e+00 2.02099991e+00 2.02600002e+00 2.02600002e+00
    2.01500010e+00 2.00099993e+00 2. 2. 2. 2. 2. 2. 2. 2. 2. 2. 2. 2. 0.
    0. 0. 0. 0. 0. 0. 0. 0. 0. 0. 0. 0. 0. 0. 0. 0. 0. 0. 0. 0. 2. 2. 2.
    2. 2. 2. 2. 2. 2. 2. 2. 2. 2. 2. 2. 2. 2. 2. 2. 0. 0. 0. 0. 0. 0. 0.
    0. 0. 0. 0. 0. 0. 0. 0. 0. 0. 0. 0. 0. 0. 2. 2. 2. 2. 2. 2. 2. 2. 2.
    2. 2. 2. 2. 2. 2. 2. 2. 2. 2. 0. 0. 0. 0. 0. 0. 0. 0. 0. 0. 0. 0. 0.
    0. 0. 0. 0. 0. 0. 0. 0. 2. 2. 2. 2. 2. 2. 2. 2. 2. 2. 2. 2. 2. 2. 2.
    2. 2. 2. 2. 0. 0. 0. 0. 0. 0. 0. 0. 0. 0. 0. 0. 0. 0. 0. 0. 0. 0. 0.
    0. 0. 2. 2. 2. 2. 2. 2. 2. 2. 2. 2. 2. 2. 2. 2. 2. 2. 2. 2. 2. 0. 0.
    0. 0. 0. 0. 0. 0. 0. 0. 0. 0. 0. 0. 0. 0. 0. 0. 0. 0. 0. 2. 2. 2. 2.
    2. 2. 2. 2.01099992e+00 2.02399993e+00 2.02399993e+00 2.02200007e+00
    2.00999999e+00 2. 2. 2. 2. 2. 2. 2. 0. 0. 0. 0. 0. 0. 0. 0. 0. 0. 0.
    0. 0. 0. 0. 0. 0. 0. 0. 0. 0. 2. 2. 2. 2. 2. 2. 2. 2.03099990e+00
    2.06399989e+00 2.06399989e+00 2.05999994e+00 2.02600002e+00 2. 2. 2.
    2. 2. 2. 2. 0. 0. 0. 0. 0. 0. 0. 0. 0. 0. 0. 0. 0. 0. 0. 0. 0. 0. 0.
    0. 0. 2. 2. 2. 2. 2. 2. 2. 2.02300000e+00 2.04800010e+00
    2.04800010e+00 2.04399991e+00 2.01900005e+00 2. 2. 2. 2. 2. 2. 2. 0.
    0. 0. 0. 0. 0. 0. 0. 0. 0. 0. 0. 0. 0. 0. 0. 0. 0. 0. 0. 0. 2. 2. 2.
    2. 2. 2. 2. 2.00300002e+00 2.00699997e+00 2.00699997e+00
    2.00699997e+00 2.00300002e+00 2. 2. 2. 2. 2. 2. 2. 0. 0. 0. 0. 0. 0.
    0. 0. 0. 0. 0. 0. 0. 0. 0. 0. 0. 0. 0. 0. 0. 2. 2. 2. 2. 2. 2. 2. 2.
    2. 2. 2. 2. 2. 2. 2. 2. 2. 2. 2. 0. 0. 0. 0. 0. 0. 0. 0. 0. 0. 0. 0.
    0. 0. 0. 0. 0. 0. 0. 0. 0. 2. 2. 2. 2. 2. 2. 2. 2. 2. 2. 2. 2. 2. 2.
    2. 2. 2. 2. 2. 0. 0. 0. 0. 0. 0. 0. 0. 0. 0. 0. 0. 0. 0. 0. 0. 0. 0.
    0. 0. 0. 2. 2. 2. 2. 2. 2. 2. 2. 2. 2.01999998e+00 2.03800011e+00
    2.03800011e+00 2.03800011e+00 2.03800011e+00 2.03800011e+00
    2.03800011e+00 2.02800012e+00 2.00799990e+00 2. 0. 0. 0. 0. 0. 0. 0.
    0. 0. 0. 0. 0. 0. 0. 0. 0. 0. 0. 0. 0. 0. 2. 2. 2. 2. 2. 2. 2. 2.
    2.00099993e+00 2.04099989e+00 2.07599998e+00 2.07599998e+00
    2.07599998e+00 2.07599998e+00 2.07599998e+00 2.07500005e+00
    2.05500007e+00 2.01600003e+00 2. 0. 0. 0. 0. 0. 0. 0. 0. 0. 0. 0. 0.
    0. 0. 0. 0. 0. 0. 0. 0. 0. 2. 2. 2. 2. 2. 2. 2. 2. 2.00099993e+00
    2.04099989e+00 2.07599998e+00 2.07599998e+00 2.07599998e+00
    2.07599998e+00 2.06800008e+00 2.04500008e+00 2.02500010e+00
    2.00699997e+00 2. 0. 0. 0. 0. 0. 0. 0. 0. 0. 0. 0. 0. 0. 0. 0. 0. 0.
    0. 0. 0. 0. 2. 2. 2. 2. 2. 2. 2. 2. 2.00099993e+00 2.03699994e+00
    2.06900001e+00 2.06900001e+00 2.06900001e+00 2.06900001e+00
    2.05599999e+00 2.01900005e+00 2. 2. 2. 0. 0. 0. 0. 0. 0. 0. 0. 0. 0.
    0. 0. 0. 0. 0. 0. 0. 0. 0. 0. 0. 2. 2. 2. 2. 2. 2. 2. 2. 2.
    2.01600003e+00 2.02900004e+00 2.02900004e+00 2.02900004e+00
    2.02900004e+00 2.02300000e+00 2.00799990e+00 2. 2. 2. 0. 0. 0. 0. 0.
    0. 0. 0. 0. 0. 0. 0. 0. 0. 0. 0. 0. 0. 0. 0. 0. 2. 2. 2. 2. 2. 2. 2.
    2. 2. 2. 2. 2. 2. 2. 2. 2. 1.99699998e+00 1.99199998e+00
    1.98899996e+00 0. 0. 0. 0. 0. 0. 0. 0. 0. 0. 0. 0. 0. 0. 0. 0. 0. 0.
    0. 0. 0. 2. 2. 2. 2. 2. 2. 2. 2. 2. 2. 2. 2. 2. 2. 2. 2.
    1.98699999e+00 1.96099997e+00 1.95000005e+00 0. 0. 0. 0. 0. 0. 0. 0.
    0. 0. 0. 0. 0. 0. 0. 0. 0. 0. 0. 0. 0. 2. 2. 2. 2. 2. 2. 2. 2. 2. 2.
    2. 2. 2. 2. 2. 2. 1.98199999e+00 1.94299996e+00 1.92700005e+00 0. 0.
    0. 0. 0. 0. 0. 0. 0. 0. 0. 0. 0. 0. 0. 0. 0. 0. 0. 0. 0. 0. 0. 0. 0.
    0. 0. 0. 0. 0. 0. 0. 0. 0. 0. 0. 0. 0. 0. 0. 0. 0. 0. 0. 0. 0. 0. 0.
    0. 0. 0. 0. 0. 0. 0. 0. 0. 0. 0. 0. 0. 0. 0. 0. 0. 0. 0. 0. 0. 0. 0.
    0. 0. 0. 0. 0. 0. 0. 0. 0. 0. 0. 0. 0. 0. 0. 0. 0. 0. 0. 0. 0. 0. 0.
    0. 0. 0. 0. 0. 0. 0. 0. 0. 0. 0. 0. 0. 0. 0. 0. 0. 0. 0. 0. 0. 0. 0.
    0. 0. 0. 0. 0. 0. 0. 0. 0. 0. 0. 0. 0. 0. 0. 0. 0. 0. 0. 0. 0. 0. 0.
    0. 0. 0. 0. 0. 0. 0. 0. 0. 0. 0. 0. 0. 0. 0. 0. 0. 0. 0. 0. 0. 0. 0.
    0. 0. 0. 0. 0. 0. 0. 0.</data></Depth>
</opencv_storage>
