<?xml version="1.0"?>
<opencv_storage>
<Depth type_id="opencv-matrix">
  <rows>40</rows>
  <cols>40</cols>
  <dt>f</dt>
  <data>
    0. 0. 0. 0. 0. 0. 0. 0. 0. 0. 0. 0. 0. 0. 0. 0. 0. 0. 0. 0. 0. 0. 0.
    0. 0. 0. 0. 0. 0. 0. 0. 0. 0. 0. 0. 0. 0. 0. 0. 0. 0. 0. 0. 0. 0. 0.
    0. 0. 0. 0. 0. 0. 0. 0. 0. 0. 0. 0. 0. 0. 0. 0. 0. 0. 0. 0. 0. 0. 0.
    0. 0. 0. 0. 0. 0. 0. 0. 0. 0. 0. 0. 0. 0. 0. 0. 0. 0. 0. 0. 0. 0. 0.
    0. 0. 0. 0. 0. 0. 0. 0. 0. 0. 0. 0. 0. 0. 0. 0. 0. 0. 0. 0. 0. 0. 0.
    0. 0. 0. 0. 0. 0. 0. 0. 0. 0. 0. 0. 0. 0. 0. 0. 0. 0. 0. 0. 0. 0. 0.
    0. 0. 0. 0. 0. 0. 0. 0. 0. 0. 0. 0. 0. 0. 0. 0. 0. 0. 0. 0. 0. 0. 0.
    0. 0. 0. 0. 0. 0. 0. 0. 0. 0. 0. 0. 0. 0. 0. 0. 0. 0. 0. 0. 0. 0. 0.
    0. 0. 0. 0. 0. 0. 0. 0. 0. 0. 0. 0. 0. 0. 0. 0. 0. 0. 0. 0. 0. 0. 0.
    0. 0. 0. 0. 0. 0. 0. 0. 0. 0. 0. 0. 0. 0. 0. 0. 0. 0. 0. 0. 0. 0. 0.
    0. 0. 0. 0. 0. 0. 0. 0. 0. 0. 0. 0. 0. 0. 0. 0. 0. 0. 0. 0. 0. 0. 0.
    0. 0. 0. 0. 0. 0. 0. 0. 0. 0. 0. 0. 0. 0. 0. 0. 0. 0. 0. 0. 0. 0. 0.
    0. 0. 0. 0. 0. 0. 0. 0. 0. 0. 0. 0. 0. 0. 0. 0. 0. 0. 0. 0. 0. 0. 0.
    0. 0. 0. 0. 0. 0. 0. 0. 0. 0. 0. 0. 0. 0. 0. 0. 0. 0. 0. 0. 0. 0. 0.
    0. 0. 0. 0. 0. 0. 0. 0. 0. 0. 0. 0. 0. 0. 0. 0. 0. 0. 0. 0. 0. 0. 0.
    0. 0. 0. 0. 0. 0. 0. 0. 0. 0. 0. 0. 0. 0. 0. 0. 0. 0. 0. 0. 0. 0. 0.
    0. 0. 0. 0. 0. 0. 0. 0. 0. 0. 0. 0. 0. 0. 0. 0. 0. 0. 0. 0. 0. 0. 0.
    0. 0. 0. 0. 0. 0. 0. 0. 0. 0. 0. 0. 0. 0. 0. 0. 0. 0. 0. 0. 0. 0. 0.
    0. 0. 0. 0. 0. 0. 0. 0. 0. 0. 0. 0. 0. 0. 0. 0. 0. 0. 0. 0. 0. 0. 0.
    0. 0. 0. 0. 0. 0. 0. 0. 0. 0. 0. 0. 0. 0. 0. 0. 0. 0. 0. 0. 0. 0. 0.
    0. 0. 0. 0. 0. 0. 0. 0. 0. 0. 0. 0. 0. 0. 0. 0. 0. 0. 0. 0. 0. 0. 0.
    0. 0. 0. 0. 0. 0. 0. 0. 0. 0. 0. 0. 0. 0. 0. 0. 0. 0. 0. 0. 0. 0. 0.
    0. 0. 0. 0. 0. 0. 0. 0. 0. 0. 0. 0. 0. 0. 0. 0. 2.13700008e+00
    2.13700008e+00 2.13700008e+00 2.13700008e+00 2.13700008e+00
    2.13700008e+00 2.13700008e+00 2.13700008e+00 2.13700008e+00
    2.13700008e+00 2.13700008e+00 2.13700008e+00 2.13700008e+00
    2.13700008e+00 2.13700008e+00 2.12299991e+00 2.08400011e+00
    2.06800008e+00 2.06800008e+00 2.06800008e+00 2.06800008e+00
    2.06800008e+00 2.06800008e+00 2.06800008e+00 2.50500011e+00 0. 0. 0.
    0. 0. 0. 0. 0. 0. 0. 0. 0. 0. 0. 0. 2.13700008e+00 2.13700008e+00
    2.13700008e+00 2.13700008e+00 2.13700008e+00 2.13700008e+00
    2.13700008e+00 2.13700008e+00 2.13700008e+00 2.13700008e+00
    2.13700008e+00 2.13700008e+00 2.13700008e+00 2.13700008e+00
    2.13700008e+00 2.12299991e+00 2.08400011e+00 2.06800008e+00
    2.06800008e+00 2.06800008e+00 2.06800008e+00 2.06800008e+00
    2.06800008e+00 2.06800008e+00 2.36100006e+00 2.98600006e+00 0. 0. 0.
    0. 0. 0. 0. 0. 0. 0. 0. 0. 0. 0. 2.13700008e+00 2.13700008e+00
    2.13700008e+00 2.13700008e+00 2.13700008e+00 2.13700008e+00
    2.13700008e+00 2.13700008e+00 2.13700008e+00 2.13700008e+00
    2.13700008e+00 2.13700008e+00 2.13700008e+00 2.13700008e+00
    2.13700008e+00 2.12299991e+00 2.08400011e+00 2.06800008e+00
    2.06800008e+00 2.06800008e+00 2.06800008e+00 2.06800008e+00
    2.06800008e+00 2.06800008e+00 2.12599993e+00 2.25000000e+00
    2.28800011e+00 2.28800011e+00 2.95900011e+00 0. 0. 0. 0. 0. 0. 0. 0.
    0. 0. 0. 2.13700008e+00 2.13700008e+00 2.13700008e+00 2.13700008e+00
    2.13700008e+00 2.13700008e+00 2.13199997e+00 2.11400008e+00
    2.10500002e+00 2.10500002e+00 2.10500002e+00 2.10500002e+00
    2.10500002e+00 2.10500002e+00 2.10500002e+00 2.09699988e+00
    2.07599998e+00 2.06800008e+00 2.06800008e+00 2.06800008e+00
    2.06800008e+00 2.06800008e+00 2.06800008e+00 2.06800008e+00
    2.07800007e+00 2.09800005e+00 2.09299994e+00 2.07500005e+00
    2.47199988e+00 2.85700011e+00 2.87500000e+00 0. 0. 0. 0. 0. 0. 0. 0.
    0. 2.13700008e+00 2.13700008e+00 2.13700008e+00 2.13700008e+00
    2.13700008e+00 2.13599992e+00 2.12500000e+00 2.08699989e+00
    2.06800008e+00 2.06800008e+00 2.06699991e+00 2.06599998e+00
    2.06599998e+00 2.06599998e+00 2.06599998e+00 2.06599998e+00
    2.06599998e+00 2.06599998e+00 2.06599998e+00 2.06500006e+00
    2.06399989e+00 2.06399989e+00 2.06399989e+00 2.06599998e+00
    2.06599998e+00 2.06599998e+00 2.03999996e+00 2.00300002e+00 2.
    2.00500011e+00 2.04200006e+00 2.35899997e+00 0. 0. 0. 0. 0. 0. 0. 0.
    2.13700008e+00 2.13700008e+00 2.13700008e+00 2.13700008e+00
    2.13599992e+00 2.11299992e+00 2.09200001e+00 2.07599998e+00
    2.06800008e+00 2.06800008e+00 2.05200005e+00 2.02900004e+00
    2.02800012e+00 2.02800012e+00 2.02800012e+00 2.02800012e+00
    2.02800012e+00 2.02800012e+00 2.02800012e+00 2.00999999e+00
    1.98899996e+00 1.98899996e+00 1.99399996e+00 2.01600003e+00
    2.02800012e+00 2.02800012e+00 2.01699996e+00 2.00099993e+00 2.
    2.00200009e+00 2.01799989e+00 2.15899992e+00 2.53500009e+00
    2.69700003e+00 2.69700003e+00 2.69700003e+00 0. 0. 0. 0.
    2.13700008e+00 2.13700008e+00 2.13700008e+00 2.13700008e+00
    2.13499999e+00 2.09599996e+00 2.06800008e+00 2.06800008e+00
    2.06800008e+00 2.06800008e+00 2.04099989e+00 2.00300002e+00 2. 2. 2.
    2. 2. 2. 2. 1.97000003e+00 1.93400002e+00 1.93400002e+00
    1.94200003e+00 1.97300005e+00 1.99000001e+00 1.99000001e+00
    1.99399996e+00 1.99899995e+00 2. 2. 2. 2.01099992e+00 2.04399991e+00
    2.06100011e+00 2.06699991e+00 2.06800008e+00 0. 0. 0. 0.
    2.13700008e+00 2.13700008e+00 2.13700008e+00 2.13700008e+00
    2.13499999e+00 2.09599996e+00 2.06800008e+00 2.06800008e+00
    2.06800008e+00 2.06800008e+00 2.04099989e+00 2.00300002e+00 2. 2. 2.
    2. 2. 2. 2. 1.97000003e+00 1.93400002e+00 1.93400002e+00
    1.93700004e+00 1.94700003e+00 1.95299995e+00 1.95299995e+00
    1.97099996e+00 1.99800003e+00 2. 2. 2. 2.00399995e+00 2.01500010e+00
    2.03500009e+00 2.06200004e+00 2.06800008e+00 0. 0. 0. 0.
    2.13700008e+00 2.13000011e+00 2.11999989e+00 2.11800003e+00
    2.11700010e+00 2.08899999e+00 2.06800008e+00 2.06800008e+00
    2.06800008e+00 2.06800008e+00 2.04800010e+00 2.02099991e+00
    2.00900006e+00 2. 2. 2.00399995e+00 2.01399994e+00 2.01300001e+00
    2.00200009e+00 1.97000003e+00 1.93400002e+00 1.93400002e+00
    1.93400002e+00 1.93400002e+00 1.93400002e+00 1.93400002e+00
    1.96000004e+00 1.99699998e+00 2. 1.99899995e+00 1.98800004e+00
    1.98199999e+00 1.98199999e+00 2.00300002e+00 2.04099989e+00
    2.04900002e+00 0. 0. 0. 0. 2.13700008e+00 2.11700010e+00
    2.08500004e+00 2.07900000e+00 2.07900000e+00 2.07299995e+00
    2.06800008e+00 2.06800008e+00 2.06800008e+00 2.06800008e+00
    2.06399989e+00 2.05699992e+00 2.02699995e+00 2. 2. 2.01200008e+00
    2.04399991e+00 2.03800011e+00 2.00600004e+00 1.97000003e+00
    1.93400002e+00 1.93400002e+00 1.93400002e+00 1.93400002e+00
    1.93400002e+00 1.93400002e+00 1.96000004e+00 1.99699998e+00 2.
    1.99600005e+00 1.96500003e+00 1.94500005e+00 1.94500005e+00
    1.96599996e+00 2.00300002e+00 2.01099992e+00 0. 0. 0. 0.
    2.13700008e+00 2.11299992e+00 2.07500005e+00 2.06800008e+00
    2.06800008e+00 2.06800008e+00 2.06800008e+00 2.06800008e+00
    2.06800008e+00 2.06800008e+00 2.05699992e+00 2.04200006e+00
    2.01999998e+00 2. 2. 2.00799990e+00 2.03099990e+00 2.02699995e+00
    2.00399995e+00 1.97000003e+00 1.93400002e+00 1.93400002e+00
    1.93400002e+00 1.93400002e+00 1.94099998e+00 1.95599997e+00
    1.97599995e+00 1.99800003e+00 1.98699999e+00 1.97099996e+00
    1.94799995e+00 1.93400002e+00 1.93400002e+00 1.95500004e+00
    1.99199998e+00 2. 0. 0. 0. 0. 2.13700008e+00 2.11299992e+00
    2.07500005e+00 2.06800008e+00 2.06800008e+00 2.06800008e+00
    2.06800008e+00 2.06800008e+00 2.06800008e+00 2.06800008e+00
    2.04200006e+00 2.00500011e+00 2.00099993e+00 2. 2. 2.00099993e+00
    2.00200009e+00 2.00200009e+00 2. 1.97000003e+00 1.93400002e+00
    1.93400002e+00 1.93400002e+00 1.93400002e+00 1.95099998e+00
    1.98599994e+00 1.99800003e+00 2. 1.96800005e+00 1.93599999e+00
    1.93499994e+00 1.93400002e+00 1.93400002e+00 1.95500004e+00
    1.99199998e+00 2. 0. 0. 0. 0. 0. 2.74600005e+00 2.16700006e+00
