<?xml version="1.0"?>
<opencv_storage>
<Depth type_id="opencv-matrix">
  <rows>40</rows>
  <cols>40</cols>
  <dt>f</dt>
  <data>
    0. 0. 0. 0. 0. 0. 0. 0. 0. 0. 0. 0. 0. 1.76699996e+00 1.99500000e+00
    1.99600005e+00 1.99100006e+00 1.99100006e+00 2.00099993e+00
    2.00200009e+00 1.99699998e+00 1.99699998e+00 2. 2. 1.95200002e+00
    2.79200006e+00 0. 0. 0. 0. 0. 0. 0. 0. 0. 0. 0. 0. 0. 0. 0. 0. 0. 0.
    0. 0. 0. 0. 0. 0. 0. 0. 0. 1.99100006e+00 1.99100006e+00
    1.99500000e+00 1.99500000e+00 1.99500000e+00 1.99500000e+00
    1.99500000e+00 1.99500000e+00 1.99500000e+00 2. 2. 1.95899999e+00
    1.22700000e+00 0. 0. 0. 0. 0. 0. 0. 0. 0. 0. 0. 0. 0. 0. 0. 0. 0. 0.
    0. 0. 0. 0. 0. 0. 0. 0. 0. 1.98800004e+00 1.99000001e+00
    1.99500000e+00 1.99500000e+00 1.99600005e+00 1.99500000e+00
    1.99500000e+00 1.99500000e+00 1.99500000e+00 2. 2. 1.90199995e+00
    1.47599995e+00 0. 0. 0. 0. 0. 0. 0. 0. 0. 0. 0. 0. 0. 0. 0. 0. 0. 0.
    0. 0. 0. 0. 0. 0. 0. 0. 0. 1.99399996e+00 1.99500000e+00
    1.99500000e+00 1.99500000e+00 1.99500000e+00 1.99500000e+00
    1.99500000e+00 1.99899995e+00 1.99899995e+00 2. 2. 1.99500000e+00 0.
    0. 0. 0. 0. 0. 0. 0. 0. 0. 0. 0. 0. 0. 0. 0. 0. 0. 0. 0. 0. 0. 0. 0.
    0. 0. 0. 0. 1.99000001e+00 1.99100006e+00 1.99300003e+00
    1.99500000e+00 1.99500000e+00 1.99500000e+00 1.99500000e+00
    1.99600005e+00 2. 2. 2. 2. 0. 0. 0. 0. 0. 0. 0. 0. 0. 0. 0. 0. 0. 0.
    0. 0. 0. 0. 0. 0. 0. 0. 0. 0. 0. 0. 0. 0. 1.99000001e+00
    1.99000001e+00 1.99300003e+00 1.99500000e+00 1.99500000e+00
    1.99500000e+00 1.99500000e+00 1.99899995e+00 1.99600005e+00 2. 2. 2.
    2.60999990e+00 0. 0. 0. 0. 0. 0. 0. 0. 0. 0. 0. 0. 0. 0. 0. 0. 0. 0.
    0. 0. 0. 0. 0. 0. 0. 0. 0. 1.99000001e+00 1.99000001e+00
    1.99500000e+00 1.99500000e+00 1.99500000e+00 1.99500000e+00
    1.99899995e+00 2. 1.99500000e+00 2. 2. 2. 2.61100006e+00 0. 0. 0. 0.
    0. 0. 0. 0. 0. 0. 0. 0. 0. 0. 0. 0. 0. 0. 0. 0. 0. 0. 0. 0. 0. 0. 0.
    1.99500000e+00 1.99500000e+00 1.99500000e+00 1.99500000e+00
    1.99500000e+00 1.99500000e+00 1.99899995e+00 2. 2. 2. 2. 2.
    1.48800004e+00 0. 0. 0. 0. 0. 0. 0. 0. 0. 0. 0. 0. 0. 0. 0. 0. 0. 0.
    0. 0. 0. 0. 0. 0. 0. 0. 0. 1.99300003e+00 1.99500000e+00
    1.99500000e+00 1.99500000e+00 1.99500000e+00 1.99899995e+00 2. 2. 2.
    2. 2. 1.99500000e+00 2.58200002e+00 0. 0. 0. 0. 0. 0. 0. 0. 0. 0. 0.
    0. 0. 0. 0. 0. 0. 0. 0. 0. 0. 0. 0. 0. 0. 0. 0. 1.99199998e+00
    1.99500000e+00 1.99500000e+00 1.99500000e+00 1.99500000e+00
    1.99500000e+00 2. 2. 2. 2. 2. 2. 2.51900005e+00 0. 0. 0. 0. 0. 0. 0.
    0. 0. 0. 0. 0. 0. 0. 0. 0. 0. 0. 0. 0. 0. 0. 0. 0. 0. 0. 0.
    1.98800004e+00 1.99300003e+00 1.99500000e+00 1.99500000e+00
    1.99500000e+00 1.99500000e+00 1.99899995e+00 2. 2. 2. 2.
    1.99899995e+00 1.80299997e+00 0. 0. 0. 0. 0. 0. 0. 0. 0. 0. 0. 0. 0.
    0. 0. 0. 0. 0. 0. 0. 0. 0. 0. 0. 0. 0. 0. 1.99500000e+00
    1.99500000e+00 1.99500000e+00 1.99500000e+00 1.99500000e+00
    1.99600005e+00 1.99500000e+00 2. 2. 2. 2. 1.99500000e+00
    1.57500005e+00 0. 0. 0. 0. 0. 0. 0. 0. 0. 0. 0. 0. 0. 0. 0. 0. 0. 0.
    0. 0. 0. 0. 0. 0. 0. 0. 0. 1.99699998e+00 1.99500000e+00
    1.99500000e+00 1.99500000e+00 1.99500000e+00 1.99500000e+00
    1.99600005e+00 2. 2. 2. 2. 1.99500000e+00 0. 0. 0. 0. 0. 0. 0. 0. 0.
    0. 0. 0. 0. 0. 0. 0. 0. 0. 0. 0. 0. 0. 0. 0. 0. 0. 0. 0.
    1.99500000e+00 1.99500000e+00 1.99500000e+00 1.99500000e+00
    1.99500000e+00 1.99500000e+00 1.99899995e+00 2. 2. 2. 2.
    1.99699998e+00 0. 0. 0. 0. 0. 0. 0. 0. 0. 0. 0. 0. 0. 0. 0. 0. 0. 0.
    0. 0. 0. 0. 0. 0. 0. 0. 0. 0. 1.99600005e+00 1.99500000e+00
    1.99500000e+00 1.99500000e+00 1.99500000e+00 1.99500000e+00 2. 2. 2.
    2. 2. 2. 0. 0. 0. 0. 0. 0. 0. 0. 0. 0. 0. 0. 0. 0. 0. 0. 0. 0. 0. 0.
    0. 0. 0. 0. 0. 0. 0. 0. 1.99899995e+00 1.99699998e+00 1.99500000e+00
    1.99500000e+00 1.99500000e+00 1.99899995e+00 2. 2. 2. 2. 2. 2.
    1.15100002e+00 0. 0. 0. 0. 0. 0. 0. 0. 0. 0. 0. 0. 0. 0. 0. 0. 0. 0.
    0. 0. 0. 0. 0. 0. 0. 0. 0. 1.99699998e+00 1.99800003e+00
    1.99500000e+00 1.99500000e+00 1.99500000e+00 1.99500000e+00
    1.99500000e+00 2. 2. 2. 2.00200009e+00 2.00500011e+00 1.80999994e+00
    0. 0. 0. 0. 0. 0. 0. 0. 0. 0. 0. 0. 0. 0. 0. 0. 0. 0. 0. 0. 0. 0. 0.
    0. 0. 0. 0. 1.99500000e+00 1.99500000e+00 1.99500000e+00
    1.99500000e+00 1.99500000e+00 1.99500000e+00 1.99500000e+00
    1.99899995e+00 2. 2. 2.00500011e+00 2.00500011e+00 2.56999993e+00 0.
    0. 0. 0. 0. 0. 0. 0. 0. 0. 0. 0. 0. 0. 0. 0. 0. 0. 0. 0. 0. 0. 0. 0.
    0. 0. 0. 1.99500000e+00 1.99500000e+00 1.99500000e+00 1.99500000e+00
    1.99500000e+00 2. 1.99800003e+00 2. 2. 2. 2. 2. 2.54200006e+00 0. 0.
    0. 0. 0. 0. 0. 0. 0. 0. 0. 0. 0. 0. 0. 0. 0. 0. 0. 0. 0. 0. 0. 0. 0.
    0. 0. 1.99000001e+00 1.99500000e+00 1.99500000e+00 1.99500000e+00
    1.99500000e+00 1.99500000e+00 1.99899995e+00 2. 2. 2. 2. 2. 2. 0. 0.
    0. 0. 0. 0. 0. 0. 0. 0. 0. 0. 0. 0. 0. 0. 0. 0. 0. 0. 0. 0. 0. 0. 0.
    0. 0. 1.99699998e+00 1.99500000e+00 1.99500000e+00 1.99500000e+00
    1.99500000e+00 1.99500000e+00 1.99899995e+00 2. 2. 2. 2.
    2.00300002e+00 2. 0. 0. 0. 0. 0. 0. 0. 0. 0. 0. 0. 0. 0. 0. 0. 0. 0.
    0. 0. 0. 0. 0. 0. 0. 0. 0. 0. 1.99699998e+00 1.99500000e+00
    1.99500000e+00 1.99500000e+00 1.99500000e+00 2. 2. 2. 2. 2. 2. 2. 2.
    0. 0. 0. 0. 0. 0. 0. 0. 0. 0. 0. 0. 0. 0. 0. 0. 0. 0. 0. 0. 0. 0. 0.
    0. 0. 0. 0. 2. 1.99699998e+00 1.99699998e+00 1.99899995e+00
    1.99500000e+00 2. 2. 2. 2. 2. 2. 2. 2. 0. 0. 0. 0. 0. 0. 0. 0. 0. 0.
    0. 0. 0. 0. 0. 0. 0. 0. 0. 0. 0. 0. 0. 0. 0. 0. 0. 2. 1.99500000e+00
    1.99800003e+00 2. 1.99600005e+00 1.99500000e+00 1.99500000e+00 2. 2.
    2. 2.00399995e+00 2. 2. 0. 0. 0. 0. 0. 0. 0. 0. 0. 0. 0. 0. 0. 0. 0.
    0. 0. 0. 0. 0. 0. 0. 0. 0. 0. 0. 0. 1.99699998e+00 1.99500000e+00
    1.99500000e+00 1.99899995e+00 1.99500000e+00 1.99500000e+00 2. 2. 2.
    2.00399995e+00 2.00500011e+00 2.00500011e+00 2. 0. 0. 0. 0. 0. 0. 0.
    0. 0. 0. 0. 0. 0. 0. 0. 0. 0. 0. 0. 0. 0. 0. 0. 0. 0. 0. 0.
    1.99699998e+00 1.99500000e+00 1.99500000e+00 1.99500000e+00
    1.99500000e+00 1.99899995e+00 2. 2. 2. 2.00500011e+00 2.00500011e+00
    2.00500011e+00 2. 0. 0. 0. 0. 0. 0. 0. 0. 0. 0. 0. 0. 0. 0. 0. 0. 0.
    0. 0. 0. 0. 0. 0. 0. 0. 0. 0. 2. 1.99500000e+00 1.99500000e+00
    1.99500000e+00 2. 2. 2. 2. 2.00500011e+00 2.00500011e+00 2.
    2.00500011e+00 2. 0. 0. 0. 0. 0. 0. 0. 0. 0. 0. 0. 0. 0. 0. 0. 0. 0.
    0. 0. 0. 0. 0. 0. 0. 0. 0. 0. 1.38100004e+00 1.99500000e+00
    1.99500000e+00 1.99500000e+00 2. 2. 2. 2. 2. 2. 2.00500011e+00
    2.00500011e+00 2.00500011e+00 0. 0. 0. 0. 0. 0. 0. 0. 0. 0. 0. 0. 0.
    0. 0. 0. 0. 0. 0. 0. 0. 0. 0. 0. 0. 0. 0. 1.37800002e+00
    1.99800003e+00 1.99500000e+00 1.99800003e+00 2. 2. 2. 2. 2. 2. 2.
    2.00500011e+00 2.00500011e+00 0. 0. 0. 0. 0. 0. 0. 0. 0. 0. 0. 0. 0.
    0. 0. 0. 0. 0. 0. 0. 0. 0. 0. 0. 0. 0. 0. 0. 1.99699998e+00
    1.99500000e+00 1.99500000e+00 2. 2. 2. 2. 2. 2. 2.00099993e+00
    2.00999999e+00 2.00500011e+00 0. 0. 0. 0. 0. 0. 0. 0. 0. 0. 0. 0. 0.
    0. 0. 0. 0. 0. 0. 0. 0. 0. 0. 0. 0. 0. 0. 1.38100004e+00
    1.99699998e+00 1.99500000e+00 2. 2. 2. 2. 2. 2. 2.00099993e+00
    2.00500011e+00 2.00999999e+00 2.00600004e+00 0. 0. 0. 0. 0. 0. 0. 0.
    0. 0. 0. 0. 0. 0. 0. 0. 0. 0. 0. 0. 0. 0. 0. 0. 0. 0. 0.
    1.38399994e+00 1.99899995e+00 1.99500000e+00 2. 2. 2. 2. 2.
    2.00500011e+00 2.00600004e+00 2.00999999e+00 2.01500010e+00
    2.00999999e+00 0. 0. 0. 0. 0. 0. 0. 0. 0. 0. 0. 0. 0. 0. 0. 0. 0. 0.
    0. 0. 0. 0. 0. 0. 0. 0. 0. 1.37800002e+00 1.99500000e+00
    1.99500000e+00 1.99899995e+00 2. 2. 2. 2.00099993e+00 2.00500011e+00
    2.01099992e+00 2.01500010e+00 2.01500010e+00 2.01099992e+00 0. 0. 0.
    0. 0. 0. 0. 0. 0. 0. 0. 0. 0. 0. 0. 0. 0. 0. 0. 0. 0. 0. 0. 0. 0. 0.
    0. 1.13999999e+00 1.99699998e+00 1.99600005e+00 1.99500000e+00
    1.99899995e+00 2. 2.00500011e+00 2.00500011e+00 2.00799990e+00
    2.01300001e+00 2.01300001e+00 2.01300001e+00 1.94500005e+00 0. 0. 0.
