<?xml version="1.0"?>
<opencv_storage>
<Depth type_id="opencv-matrix">
  <rows>40</rows>
  <cols>40</cols>
  <dt>f</dt>
  <data>
    0. 0. 0. 0. 0. 0. 0. 0. 0. 0. 0. 0. 0. 0. 0. 0. 0. 0. 0. 0. 0. 0. 0.
    0. 0. 0. 0. 0. 0. 0. 0. 0. 0. 0. 0. 0. 0. 0. 0. 0. 0. 0. 0. 0. 0. 0.
    0. 0. 0. 0. 0. 0. 0. 0. 0. 0. 0. 0. 0. 0. 0. 0. 0. 0. 0. 0. 0. 0. 0.
    0. 0. 0. 0. 0. 0. 0. 0. 0. 0. 0. 0. 0. 0. 0. 0. 0. 0. 0. 0. 0. 0. 0.
    0. 0. 0. 0. 0. 0. 0. 0. 0. 0. 0. 0. 0. 0. 0. 0. 0. 0. 0. 0. 0. 0. 0.
    0. 0. 0. 0. 0. 0. 0. 0. 0. 0. 0. 0. 0. 0. 0. 0. 0. 0. 0. 0. 0. 0. 0.
    0. 0. 0. 0. 0. 0. 0. 0. 0. 0. 0. 0. 0. 0. 0. 0. 0. 0. 0. 0. 0. 0. 0.
    0. 0. 0. 0. 0. 0. 0. 0. 0. 0. 0. 0. 0. 0. 0. 0. 0. 0. 0. 0. 0. 0. 0.
    0. 0. 0. 0. 0. 0. 0. 0. 0. 0. 0. 0. 0. 0. 0. 0. 0. 0. 0. 0. 0. 0. 0.
    0. 0. 0. 0. 0. 0. 0. 0. 0. 0. 0. 0. 0. 0. 0. 0. 0. 0. 0. 0. 0. 0. 0.
    0. 0. 0. 0. 0. 0. 0. 0. 0. 0. 0. 0. 0. 0. 0. 0. 0. 0. 0. 0. 0. 0. 0.
    0. 0. 0. 0. 0. 0. 0. 0. 0. 0. 0. 0. 0. 0. 0. 0. 0. 0. 0. 0. 0. 0. 0.
    0. 0. 0. 0. 0. 0. 0. 0. 0. 0. 0. 0. 0. 0. 0. 0. 0. 0. 0. 0. 0. 0. 0.
    0. 0. 0. 0. 0. 0. 0. 0. 0. 0. 0. 0. 0. 0. 0. 0. 0. 0. 0. 0. 0. 0. 0.
    0. 0. 0. 0. 0. 0. 0. 0. 0. 0. 0. 0. 0. 0. 0. 0. 0. 0. 0. 0. 0. 0. 0.
    0. 0. 0. 0. 0. 0. 0. 0. 0. 0. 0. 0. 0. 0. 0. 0. 0. 0. 0. 0. 0. 0. 0.
    0. 0. 0. 0. 0. 0. 0. 0. 0. 0. 0. 0. 0. 0. 0. 0. 0. 0. 0. 0. 0. 0. 0.
    0. 0. 0. 0. 0. 0. 0. 0. 0. 0. 0. 0. 0. 0. 0. 0. 0. 0. 0. 0. 0. 0. 0.
    0. 0. 0. 0. 0. 0. 0. 0. 0. 0. 0. 0. 0. 0. 0. 0. 0. 0. 0. 0. 0. 0. 0.
    0. 0. 0. 0. 0. 0. 0. 0. 0. 0. 0. 0. 0. 0. 0. 0. 0. 0. 0. 0. 0. 0. 0.
    0. 0. 0. 0. 0. 0. 0. 0. 0. 0. 0. 0. 0. 0. 0. 0. 0. 0. 0. 0. 0. 0. 0.
    0. 0. 0. 0. 0. 0. 0. 0. 0. 0. 0. 0. 0. 0. 0. 0. 0. 0. 0. 0. 0. 0. 0.
    0. 0. 0. 0. 0. 0. 0. 0. 0. 0. 0. 0. 0. 0. 0. 0. 0. 0. 0. 0. 0. 0. 0.
    0. 0. 0. 0. 0. 0. 0. 0. 0. 0. 0. 0. 0. 0. 0. 0. 0. 0. 0. 0. 0. 0. 0.
    0. 0. 0. 0. 0. 0. 0. 0. 0. 0. 0. 0. 0. 0. 0. 0. 0. 0. 0. 0. 0. 0. 0.
    0. 0. 0. 0. 0. 0. 0. 0. 0. 0. 0. 0. 0. 0. 0. 0. 0. 0. 0. 0. 0. 0. 0.
    0. 0. 0. 0. 0. 0. 0. 0. 0. 0. 0. 0. 0. 0. 0. 0. 0. 0. 0. 0. 0. 0. 0.
    0. 0. 0. 0. 0. 0. 0. 0. 0. 0. 0. 0. 0. 0. 0. 0. 0. 0. 0.
    2.06299996e+00 2.01300001e+00 1.96599996e+00 1.91799998e+00
    1.89199996e+00 1.89199996e+00 1.89900005e+00 1.94599998e+00
    1.99300003e+00 1.96000004e+00 1.91299999e+00 1.89199996e+00
    1.89199996e+00 1.89199996e+00 1.89199996e+00 1.89199996e+00
    1.89199996e+00 1.89199996e+00 0. 0. 0. 0. 0. 0. 0. 0. 0. 0. 0. 0. 0.
    0. 0. 0. 0. 0. 0. 0. 0. 0. 2.06299996e+00 2.01300001e+00
    1.96599996e+00 1.91799998e+00 1.89199996e+00 1.89199996e+00
    1.89900005e+00 1.94599998e+00 1.99300003e+00 1.96000004e+00
    1.91299999e+00 1.89199996e+00 1.89199996e+00 1.89199996e+00
    1.89199996e+00 1.89199996e+00 1.89199996e+00 1.89199996e+00 0. 0. 0.
    0. 0. 0. 0. 0. 0. 0. 0. 0. 0. 0. 0. 0. 0. 0. 0. 0. 0. 0.
    2.06299996e+00 2.01300001e+00 1.96599996e+00 1.91799998e+00
    1.89199996e+00 1.89199996e+00 1.89900005e+00 1.94599998e+00
    1.99300003e+00 1.96000004e+00 1.91299999e+00 1.89199996e+00
    1.89199996e+00 1.89199996e+00 1.89199996e+00 1.89199996e+00
    1.89199996e+00 1.89199996e+00 1.74000001e+00 1.51900005e+00
    1.38600004e+00 1.38600004e+00 1.38600004e+00 1.38600004e+00
    1.38600004e+00 1.38600004e+00 1.38600004e+00 1.36399996e+00
    1.32099998e+00 1.28900003e+00 1.28900003e+00 1.28900003e+00
    1.28900003e+00 1.28900003e+00 1.28900003e+00 1.28900003e+00
    1.27400005e+00 1.23300004e+00 1.19400001e+00 1.19400001e+00
    2.07999992e+00 2.04699993e+00 2.01500010e+00 1.98399997e+00
    1.95899999e+00 1.94200003e+00 1.93099999e+00 1.94599998e+00
    1.96099997e+00 1.93700004e+00 1.90600002e+00 1.89199996e+00
    1.89199996e+00 1.89600003e+00 1.91199994e+00 1.92799997e+00
    1.92799997e+00 1.92799997e+00 1.95000005e+00 1.98099995e+00 2. 2.
    1.99800003e+00 1.98199999e+00 1.96700001e+00 1.96399999e+00
    1.96399999e+00 1.94700003e+00 1.91600001e+00 1.89199996e+00
    1.89199996e+00 1.89199996e+00 1.89199996e+00 1.89199996e+00
    1.88199997e+00 1.86699998e+00 1.84599996e+00 1.81500006e+00
    1.78699994e+00 1.78699994e+00 2.10200000e+00 2.08999991e+00
    2.07999992e+00 2.06900001e+00 2.04600000e+00 2.00799990e+00
    1.97200000e+00 1.94599998e+00 1.91999996e+00 1.90699995e+00
    1.89699996e+00 1.89199996e+00 1.89199996e+00 1.90199995e+00
    1.93799996e+00 1.97500002e+00 1.97500002e+00 1.97500002e+00
    1.98300004e+00 1.99399996e+00 2. 2. 1.99600005e+00 1.96000004e+00
    1.92299998e+00 1.91700006e+00 1.91700006e+00 1.91100001e+00
    1.89999998e+00 1.89199996e+00 1.89199996e+00 1.89199996e+00
    1.89199996e+00 1.89199996e+00 1.86899996e+00 1.83399999e+00
    1.80700004e+00 1.79700005e+00 1.78699994e+00 1.78699994e+00
    2.13700008e+00 2.13700008e+00 2.13000011e+00 2.11899996e+00
    2.09100008e+00 2.04200006e+00 1.99300003e+00 1.94599998e+00
    1.89900005e+00 1.89199996e+00 1.89199996e+00 1.89199996e+00
    1.89199996e+00 1.90499997e+00 1.95200002e+00 1.99899995e+00 2. 2. 2.
    2. 1.99600005e+00 1.98599994e+00 1.97200000e+00 1.92600000e+00
    1.87899995e+00 1.87000000e+00 1.87000000e+00 1.87000000e+00
    1.87000000e+00 1.87000000e+00 1.87000000e+00 1.87000000e+00
    1.87899995e+00 1.88900006e+00 1.86199999e+00 1.81599998e+00
    1.78699994e+00 1.78699994e+00 1.78699994e+00 1.78699994e+00
    2.18799996e+00 2.18799996e+00 2.16400003e+00 2.13100004e+00
    2.09100008e+00 2.04200006e+00 1.99300003e+00 1.94599998e+00
    1.89900005e+00 1.89199996e+00 1.89199996e+00 1.89199996e+00
    1.89199996e+00 1.90499997e+00 1.95200002e+00 1.99899995e+00 2. 2. 2.
    2. 1.98800004e+00 1.95700002e+00 1.92499995e+00 1.87899995e+00
    1.83299994e+00 1.82400000e+00 1.82400000e+00 1.82400000e+00
    1.82400000e+00 1.82400000e+00 1.82400000e+00 1.82400000e+00
    1.85200000e+00 1.88199997e+00 1.86199999e+00 1.81599998e+00
    1.78699994e+00 1.78699994e+00 1.78699994e+00 1.78699994e+00
    1.70599997e+00 1.70599997e+00 1.67200005e+00 1.62600005e+00
    1.58000004e+00 1.53499997e+00 1.49000001e+00 1.44599998e+00
    1.40300000e+00 1.39699996e+00 1.39699996e+00 1.52300000e+00
    1.74699998e+00 1.92100000e+00 1.96000004e+00 1.99899995e+00 2. 2. 2.
    2. 1.98000002e+00 1.92900002e+00 1.87899995e+00 1.83700001e+00
    1.79499996e+00 1.78699994e+00 1.78699994e+00 1.78699994e+00
    1.78699994e+00 1.78699994e+00 1.78699994e+00 1.78699994e+00
    1.83000004e+00 1.87600005e+00 1.86199999e+00 1.81599998e+00
    1.78699994e+00 1.78699994e+00 1.78699994e+00 1.78699994e+00 0. 0. 0.
    0. 0. 0. 0. 0. 0. 0. 0. 0. 0. 2.00600004e+00 2.00300002e+00 2. 2. 2.
    2. 2. 1.97200000e+00 1.90100002e+00 1.83500004e+00 1.81299996e+00
    1.79100001e+00 1.78699994e+00 1.78699994e+00 1.78699994e+00
    1.78699994e+00 1.78699994e+00 1.78699994e+00 1.78699994e+00
    1.83000004e+00 1.87600005e+00 1.86199999e+00 1.81599998e+00
    1.78699994e+00 1.78699994e+00 1.78699994e+00 1.78699994e+00 0. 0. 0.
    0. 0. 0. 0. 0. 0. 0. 0. 0. 0. 2.09100008e+00 2.04600000e+00
    2.00099993e+00 2. 2. 2. 2. 1.96399999e+00 1.87300003e+00
    1.79200006e+00 1.78900003e+00 1.78699994e+00 1.78699994e+00
    1.78699994e+00 1.78699994e+00 1.78699994e+00 1.78699994e+00
    1.78699994e+00 1.78699994e+00 1.83000004e+00 1.87600005e+00
    1.86199999e+00 1.81599998e+00 1.78699994e+00 1.78699994e+00
    1.78699994e+00 1.78699994e+00 0. 0. 0. 0. 0. 0. 0. 0. 0. 0. 0. 0. 0.
    2.09999990e+00 2.04999995e+00 2.00099993e+00 2. 2. 2. 2.
    1.96300006e+00 1.87000000e+00 1.78699994e+00 1.78699994e+00
    1.78699994e+00 1.78699994e+00 1.78699994e+00 1.78699994e+00
    1.78699994e+00 1.78699994e+00 1.78699994e+00 1.78699994e+00
    1.83000004e+00 1.87600005e+00 1.86199999e+00 1.81599998e+00
    1.78699994e+00 1.78699994e+00 1.78699994e+00 1.78699994e+00 0. 0. 0.
    0. 0. 0. 0. 0. 0. 0. 0. 0. 0. 0. 0. 0. 0. 0. 0. 0. 0. 0. 0. 0. 0. 0.
    0. 0. 0. 0. 0. 0. 0. 0. 0. 0. 0. 0. 0. 0. 0. 0. 0. 0. 0. 0. 0. 0. 0.
    0. 0. 0. 0. 0. 0. 0. 0. 0. 0. 0. 0. 0. 0. 0. 0. 0. 0. 0. 0. 0. 0. 0.
