<?xml version="1.0"?>
<opencv_storage>
<Depth type_id="opencv-matrix">
  <rows>40</rows>
  <cols>40</cols>
  <dt>f</dt>
  <data>
    0. 0. 0. 0. 0. 0. 0. 0. 0. 0. 0. 0. 0. 0. 0. 0. 0. 0. 0. 0. 0. 0. 0.
    0. 0. 0. 0. 0. 0. 0. 0. 0. 0. 0. 0. 0. 0. 0. 0. 0. 0. 0. 0. 0. 0. 0.
    0. 0. 0. 0. 0. 0. 0. 0. 0. 0. 0. 0. 0. 0. 0. 0. 0. 0. 0. 0. 0. 0. 0.
    0. 0. 0. 0. 0. 0. 0. 0. 0. 0. 0. 0. 0. 0. 0. 0. 0. 0. 0. 0. 0. 0. 0.
    0. 0. 0. 0. 0. 0. 0. 0. 0. 0. 0. 0. 0. 0. 0. 0. 0. 0. 0. 0. 0. 0. 0.
    0. 0. 0. 0. 0. 0. 0. 0. 0. 0. 0. 0. 0. 0. 0. 0. 0. 0. 0. 0. 0. 0. 0.
    0. 0. 0. 0. 0. 0. 0. 0. 0. 0. 0. 0. 0. 0. 0. 0. 0. 0. 0. 0. 0. 0. 0.
    0. 0. 0. 0. 0. 0. 0. 0. 0. 0. 0. 0. 0. 0. 0. 0. 0. 0. 0. 0. 0. 0. 0.
    0. 0. 0. 0. 0. 0. 0. 0. 0. 0. 0. 0. 0. 0. 0. 0. 0. 0. 0. 0. 0. 0. 0.
    0. 0. 0. 0. 0. 0. 0. 0. 0. 0. 0. 0. 0. 0. 0. 0. 0. 0. 0. 0. 0. 0. 0.
    0. 0. 0. 0. 0. 0. 0. 0. 0. 0. 0. 0. 0. 0. 0. 0. 0. 0. 0. 0. 0. 0. 0.
    0. 0. 0. 0. 0. 0. 0. 0. 0. 0. 0. 0. 0. 0. 0. 0. 0. 0. 0. 0. 0. 0. 0.
    0. 0. 0. 0. 0. 0. 0. 0. 0. 0. 0. 0. 0. 0. 0. 0. 0. 0. 0. 0. 0. 0. 0.
    0. 0. 0. 0. 0. 0. 0. 0. 0. 0. 0. 0. 0. 0. 0. 0. 0. 0. 0. 0. 0. 0. 0.
    0. 0. 0. 0. 0. 0. 0. 0. 0. 0. 0. 0. 0. 0. 0. 0. 0. 0. 0. 0. 0. 0. 0.
    0. 0. 0. 0. 0. 0. 0. 0. 0. 0. 0. 0. 0. 0. 0. 0. 0. 0. 0. 0. 0. 0. 0.
    0. 0. 0. 0. 0. 0. 0. 0. 0. 0. 0. 0. 0. 0. 0. 0. 0. 0. 0. 0. 0. 0. 0.
    0. 0. 0. 0. 0. 0. 0. 0. 0. 0. 0. 0. 0. 0. 0. 0. 0. 0. 0. 0. 0. 0. 0.
    0. 0. 0. 0. 0. 0. 0. 0. 0. 0. 0. 0. 0. 0. 0. 0. 0. 0. 0. 0. 0. 0. 0.
    0. 0. 0. 0. 0. 2. 2. 2. 2. 2. 2. 2. 2. 2. 2. 2. 2. 2. 2. 2. 2. 2. 2.
    2. 2. 2. 2. 2. 2. 2. 2. 2. 2. 2. 2. 2. 2. 2. 2. 2. 2. 0. 0. 0. 0. 2.
    2. 2. 2. 2. 2. 2. 2. 2. 2. 2. 2. 2. 2. 2. 2. 2. 2. 2. 2. 2. 2. 2. 2.
    2. 2. 2. 2. 2. 2. 2. 2. 2. 2. 2. 2. 0. 0. 0. 0. 2. 2. 2.01099992e+00
    2.02600002e+00 2.04200006e+00 2.05299997e+00 2.03800011e+00
    2.02200007e+00 2.00699997e+00 2. 2. 2. 2. 2. 2. 2. 2. 2. 2. 2. 2. 2.
    2. 2. 2. 2. 2. 2. 2. 2. 2. 2. 2. 2. 2. 2. 0. 0. 0. 0. 2. 2.
    2.02600002e+00 2.06299996e+00 2.09999990e+00 2.12800002e+00
    2.08999991e+00 2.05299997e+00 2.01600003e+00 2. 2. 2. 2. 2. 2. 2. 2.
    2. 2. 2. 2. 2. 2. 2. 2. 2. 2. 2. 2. 2. 2. 2. 2. 2. 2. 2. 0. 0. 0. 0.
    2. 2. 2.04200006e+00 2.09999990e+00 2.15899992e+00 2.20199990e+00
    2.14299989e+00 2.08500004e+00 2.02600002e+00 2. 2. 2. 2. 2. 2. 2. 2.
    2. 2. 2. 2. 2. 2. 2. 2. 2. 2. 2. 2. 2. 2. 2. 2. 2. 2. 2. 0. 0. 0. 0.
    2. 2. 2.05299997e+00 2.12800002e+00 2.20199990e+00 2.25699997e+00
    2.18199992e+00 2.10700011e+00 2.03299999e+00 2. 2. 2. 2. 2. 2. 2. 2.
    2. 2. 2. 2. 2. 2. 2. 2. 2. 2. 2. 2. 2. 2. 2.00300002e+00
    2.00600004e+00 2.00900006e+00 2.00999999e+00 2.00999999e+00 0. 0. 0.
    0. 2. 2. 2.03800011e+00 2.08999991e+00 2.14299989e+00 2.18199992e+00
    2.12899995e+00 2.07599998e+00 2.02300000e+00 2. 2. 2. 2. 2. 2. 2. 2.
    2. 2. 2. 2. 2. 2. 2. 2. 2. 2. 2. 2. 2. 2.00200009e+00 2.02699995e+00
    2.05200005e+00 2.07599998e+00 2.08800006e+00 2.08800006e+00 0. 0. 0.
    0. 2. 2. 2.02200007e+00 2.05299997e+00 2.08500004e+00 2.10700011e+00
    2.07599998e+00 2.04500008e+00 2.01399994e+00 2. 2. 2. 2. 2. 2. 2. 2.
    2. 2. 2. 2. 2. 2. 2. 2. 2. 2. 2. 2. 2. 2.00399995e+00 2.05100012e+00
    2.09699988e+00 2.14299989e+00 2.16499996e+00 2.16499996e+00 0. 0. 0.
    0. 2. 2. 2.00699997e+00 2.01600003e+00 2.02600002e+00 2.03299999e+00
    2.02300000e+00 2.01399994e+00 2.00399995e+00 2. 2. 2. 2. 2. 2. 2. 2.
    2. 2. 2. 2. 2. 2. 2. 2. 2. 2. 2. 2. 2. 2.00699997e+00 2.07399988e+00
    2.14199996e+00 2.21000004e+00 2.24300003e+00 2.24300003e+00 0. 0. 0.
    0. 1.95899999e+00 1.95899999e+00 1.95899999e+00 1.95899999e+00
    1.95899999e+00 1.96099997e+00 1.97200000e+00 1.98399997e+00
    1.99500000e+00 2. 2. 2. 2. 2.01200008e+00 2.02399993e+00
    2.03600001e+00 2.03800011e+00 2.02600002e+00 2.01399994e+00
    2.00200009e+00 2. 2. 2. 2. 2. 2. 2. 2. 2. 2. 2.00799990e+00
    2.08500004e+00 2.16199994e+00 2.24000001e+00 2.27699995e+00
    2.27699995e+00 0. 0. 0. 0. 1.88600004e+00 1.88600004e+00
    1.88600004e+00 1.88600004e+00 1.88600004e+00 1.88999999e+00
    1.92200005e+00 1.95400000e+00 1.98599994e+00 2. 2. 2. 2.
    2.03299999e+00 2.06699991e+00 2.10100007e+00 2.10700011e+00
    2.07299995e+00 2.03999996e+00 2.00600004e+00 2. 2. 2. 2. 2. 2. 2. 2.
    2. 2. 2.00799990e+00 2.08500004e+00 2.16199994e+00 2.24000001e+00
    2.27699995e+00 2.27699995e+00 0. 0. 0. 0. 1.81299996e+00
    1.81299996e+00 1.81299996e+00 1.81299996e+00 1.81299996e+00
    1.82000005e+00 1.87199998e+00 1.92400002e+00 1.97700000e+00 2. 2. 2.
    2. 2.05399990e+00 2.10999990e+00 2.16499996e+00 2.17600012e+00
    2.11999989e+00 2.06500006e+00 2.00999999e+00 2. 2. 2. 2. 2. 2. 2. 2.
    2. 2. 2.00799990e+00 2.08500004e+00 2.16199994e+00 2.24000001e+00
    2.27699995e+00 2.27699995e+00 0. 0. 0. 0. 1.73899996e+00
    1.73899996e+00 1.73899996e+00 1.73899996e+00 1.73899996e+00
    1.74899995e+00 1.82200003e+00 1.89499998e+00 1.96800005e+00 2. 2. 2.
    2. 2.07599998e+00 2.15300012e+00 2.23000002e+00 2.24399996e+00
    2.16700006e+00 2.08999991e+00 2.01300001e+00 2. 2. 2. 2. 2. 2. 2. 2.
    2. 2. 2.00799990e+00 2.08500004e+00 2.16199994e+00 2.24000001e+00
    2.27699995e+00 2.27699995e+00 0. 0. 0. 0. 1.73800004e+00
    1.73800004e+00 1.73800004e+00 1.73800004e+00 1.73800004e+00
    1.75100005e+00 1.84500003e+00 1.94000006e+00 2.03399992e+00
    2.07599998e+00 2.07599998e+00 2.07599998e+00 2.07599998e+00
    2.13100004e+00 2.18700004e+00 2.24399996e+00 2.24600005e+00
    2.16799998e+00 2.09100008e+00 2.01300001e+00 2. 2. 2. 2.00500011e+00
    2.02699995e+00 2.04800010e+00 2.06900001e+00 2.07599998e+00
    2.07599998e+00 2.07599998e+00 2.00799990e+00 1.30700004e+00 0. 0. 0.
    0. 0. 0. 0. 0. 1.73800004e+00 1.73800004e+00 1.73800004e+00
    1.73800004e+00 1.73800004e+00 1.75399995e+00 1.87000000e+00
    1.98599994e+00 2.10200000e+00 2.15300012e+00 2.15300012e+00
    2.15300012e+00 2.15300012e+00 2.18700004e+00 2.22199988e+00
    2.25600004e+00 2.24600005e+00 2.16799998e+00 2.09100008e+00
    2.01300001e+00 2. 2. 2. 2.01099992e+00 2.05399990e+00 2.09699988e+00
    2.13899994e+00 2.15300012e+00 2.15300012e+00 2.15300012e+00
    2.00799990e+00 0. 0. 0. 0. 0. 0. 0. 0. 0. 1.73800004e+00
    1.73800004e+00 1.73800004e+00 1.73800004e+00 1.73800004e+00
    1.75699997e+00 1.89400005e+00 2.03200006e+00 2.17000008e+00
    2.23099995e+00 2.23099995e+00 2.23099995e+00 2.23099995e+00
    2.24399996e+00 2.25600004e+00 2.26900005e+00 2.24600005e+00
    2.16799998e+00 2.09100008e+00 2.01300001e+00 2. 2. 2. 2.01600003e+00
    2.08100009e+00 2.14499998e+00 2.21000004e+00 2.23099995e+00
    2.23099995e+00 2.23099995e+00 2.00900006e+00 0. 0. 0. 0. 0. 0. 0. 0.
    0. 1.73800004e+00 1.73800004e+00 1.73800004e+00 1.73800004e+00
    1.73800004e+00 1.75800002e+00 1.90900004e+00 2.05999994e+00
    2.21000004e+00 2.27699995e+00 2.27699995e+00 2.27699995e+00
    2.27699995e+00 2.27699995e+00 2.27699995e+00 2.27699995e+00
    2.24600005e+00 2.16799998e+00 2.09100008e+00 2.01300001e+00 2. 2. 2.
    2.01900005e+00 2.09699988e+00 2.17400002e+00 2.25200009e+00
    2.27699995e+00 2.27699995e+00 2.27699995e+00 2.00900006e+00 0. 0. 0.
    0. 0. 0. 0. 0. 0. 1.73800004e+00 1.73800004e+00 1.73800004e+00
    1.73800004e+00 1.73800004e+00 1.75800002e+00 1.90900004e+00
    2.05999994e+00 2.21000004e+00 2.27699995e+00 2.27699995e+00
    2.27699995e+00 2.27699995e+00 2.27699995e+00 2.27699995e+00
    2.27699995e+00 2.24600005e+00 2.16799998e+00 2.09100008e+00
    2.01300001e+00 2. 2. 2. 2.01900005e+00 2.09699988e+00 2.17400002e+00
    2.25200009e+00 2.27699995e+00 2.27699995e+00 2.27699995e+00
    2.00900006e+00 0. 0. 0. 0. 0. 0. 0. 0. 0. 0. 0. 0. 0. 0. 0. 0. 0. 0.
    0. 0. 0. 0. 0. 0. 0. 0. 0. 0. 0. 0. 0. 0. 0. 0. 0. 0. 0. 0. 0. 0. 0.
    0. 0. 0. 0. 0. 0. 0. 0. 0. 0. 0. 0. 0. 0. 0. 0. 0. 0. 0. 0. 0. 0. 0.
    0. 0. 0. 0. 0. 0. 0. 0. 0. 0. 0. 0. 0. 0. 0. 0. 0. 0. 0. 0. 0. 0. 0.
    0. 0. 0. 0. 0. 0. 0. 0. 0. 0. 0. 0. 0. 0. 0. 0. 0. 0. 0. 0. 0. 0. 0.
