<?xml version="1.0"?>
<opencv_storage>
<Depth type_id="opencv-matrix">
  <rows>40</rows>
  <cols>40</cols>
  <dt>f</dt>
  <data>
    0. 0. 0. 0. 0. 0. 0. 0. 0. 0. 0. 0. 0. 0. 0. 0. 0. 0. 0. 0. 0. 0. 0.
    0. 0. 0. 0. 0. 0. 0. 0. 0. 0. 0. 0. 0. 0. 0. 0. 0. 0. 0. 0. 0. 0. 0.
    0. 0. 0. 0. 0. 0. 0. 0. 0. 0. 0. 0. 0. 0. 0. 0. 0. 0. 0. 0. 0. 0. 0.
    0. 0. 0. 0. 0. 0. 0. 0. 0. 0. 0. 0. 0. 0. 0. 0. 0. 0. 0. 0. 0. 0. 0.
    0. 0. 0. 0. 0. 0. 0. 0. 0. 0. 0. 0. 0. 0. 0. 0. 0. 0. 0. 0. 0. 0. 0.
    0. 0. 0. 0. 0. 0. 0. 0. 0. 0. 0. 0. 0. 0. 0. 0. 0. 0. 0. 0. 0. 0. 0.
    0. 0. 0. 0. 0. 0. 0. 0. 0. 0. 0. 0. 0. 0. 0. 0. 0. 0. 0. 0. 0. 0. 0.
    0. 0. 0. 0. 0. 0. 0. 0. 0. 0. 0. 0. 0. 0. 0. 0. 0. 0. 0. 0. 0. 0. 0.
    0. 0. 0. 0. 0. 0. 0. 0. 0. 0. 0. 0. 0. 0. 0. 0. 0. 0. 0. 0. 0. 0. 0.
    0. 0. 0. 0. 0. 0. 0. 0. 0. 0. 0. 0. 0. 0. 0. 0. 0. 0. 0. 0. 0. 0. 0.
    0. 0. 0. 0. 0. 0. 0. 0. 0. 0. 0. 0. 0. 0. 0. 0. 0. 0. 0. 0. 0. 0. 0.
    0. 0. 0. 0. 0. 0. 0. 0. 0. 0. 0. 0. 0. 0. 0. 0. 0. 0. 0. 0. 0. 0. 0.
    0. 0. 0. 0. 0. 0. 0. 0. 0. 0. 0. 0. 0. 0. 0. 0. 0. 0. 0. 0. 0. 0. 0.
    0. 0. 0. 0. 0. 0. 0. 0. 0. 0. 0. 0. 0. 0. 0. 0. 0. 0. 0. 0. 0. 0. 0.
    0. 0. 0. 0. 0. 0. 0. 0. 0. 0. 0. 0. 0. 0. 0. 0. 0. 0. 0. 0. 0. 0. 0.
    0. 0. 0. 0. 0. 0. 0. 0. 0. 0. 0. 0. 0. 0. 0. 0. 0. 0. 0. 0. 0. 0. 0.
    0. 0. 0. 0. 0. 0. 0. 0. 0. 0. 0. 0. 0. 0. 0. 0. 0. 0. 0. 0. 0. 0. 0.
    0. 0. 0. 0. 0. 0. 0. 0. 0. 0. 0. 0. 0. 0. 0. 0. 0. 0. 0. 0. 0. 0. 0.
    0. 0. 0. 0. 0. 0. 0. 0. 0. 0. 0. 0. 0. 0. 0. 0. 0. 0. 0. 0. 0. 0. 0.
    0. 0. 0. 0. 0. 0. 0. 0. 0. 0. 0. 0. 2. 2. 2. 2. 2. 2.02399993e+00
    2.06599998e+00 2.05800009e+00 2.01600003e+00 2. 2. 2. 2. 2. 2. 2. 2.
    2.03099990e+00 2.07299995e+00 2.15000010e+00 2.23799992e+00
    2.25699997e+00 0. 0. 0. 0. 0. 0. 0. 0. 0. 0. 0. 0. 0. 0. 0. 0. 0. 0.
    2. 2. 2. 2. 2. 2.01799989e+00 2.04900002e+00 2.04299998e+00
    2.01200008e+00 1.99300003e+00 1.98300004e+00 1.97899997e+00
    1.97899997e+00 1.97899997e+00 1.97899997e+00 1.97899997e+00
    1.97899997e+00 2.00200009e+00 2.03299999e+00 2.09800005e+00
    2.17400002e+00 2.19000006e+00 0. 0. 0. 0. 0. 0. 0. 0. 0. 0. 0. 0. 0.
    0. 0. 0. 0. 0. 2. 2. 2. 2. 2. 2.00600004e+00 2.01500010e+00
    2.01300001e+00 2.00399995e+00 1.98000002e+00 1.94900000e+00
    1.93799996e+00 1.93799996e+00 1.93799996e+00 1.93799996e+00
    1.93799996e+00 1.93799996e+00 1.94500005e+00 1.95500004e+00
    1.99699998e+00 2.04900002e+00 2.05999994e+00 0. 0. 0. 0. 0. 0. 0. 0.
    0. 0. 0. 0. 0. 0. 0. 0. 0. 0. 2. 2. 2. 2. 2. 2. 2. 2. 2.
    1.97399998e+00 1.93299997e+00 1.91900003e+00 1.91900003e+00
    1.91900003e+00 1.91900003e+00 1.91900003e+00 1.91900003e+00
    1.91900003e+00 1.91900003e+00 1.94200003e+00 1.97099996e+00
    1.97800004e+00 0. 0. 0. 0. 0. 0. 0. 0. 0. 0. 0. 0. 0. 0. 0. 0. 0. 0.
    2. 2. 2. 2. 2. 2. 2. 2. 2. 1.97399998e+00 1.93299997e+00
    1.91900003e+00 1.91900003e+00 1.91900003e+00 1.91900003e+00
    1.91900003e+00 1.91900003e+00 1.91900003e+00 1.91900003e+00
    1.92600000e+00 1.93499994e+00 1.93700004e+00 0. 0. 0. 0. 0. 0. 0. 0.
    0. 0. 0. 0. 0. 0. 0. 0. 0. 0. 2. 2. 2. 2.00699997e+00 2.01900005e+00
    2.02399993e+00 2.02399993e+00 2.01699996e+00 2.00500011e+00
    1.98199999e+00 1.95299995e+00 1.93499994e+00 1.92299998e+00
    1.91900003e+00 1.91900003e+00 1.91900003e+00 1.91900003e+00
    1.91900003e+00 1.91900003e+00 1.91900003e+00 1.91900003e+00
    1.91900003e+00 0. 0. 0. 0. 0. 0. 0. 0. 0. 0. 0. 0. 0. 0. 0. 0. 0. 0.
    2. 2. 2. 2.01799989e+00 2.05200005e+00 2.06599998e+00 2.06599998e+00
    2.04600000e+00 2.01300001e+00 1.99500000e+00 1.98599994e+00
    1.96200001e+00 1.92999995e+00 1.91900003e+00 1.91900003e+00
    1.91900003e+00 1.91900003e+00 1.91900003e+00 1.91900003e+00
    1.91900003e+00 1.91900003e+00 1.91900003e+00 0. 0. 0. 0. 0. 0. 0. 0.
    0. 0. 0. 0. 0. 0. 0. 0. 0. 0. 2.07800007e+00 2.07800007e+00
    2.07800007e+00 2.08599997e+00 2.10200000e+00 2.10100007e+00
    2.08800006e+00 2.06599998e+00 2.03600001e+00 2.01699996e+00
    2.00399995e+00 1.98099995e+00 1.95299995e+00 1.93499994e+00
    1.92299998e+00 1.91900003e+00 1.91900003e+00 1.91900003e+00
    1.91900003e+00 1.91900003e+00 1.91900003e+00 1.91900003e+00 0. 0. 0.
    0. 0. 0. 0. 0. 0. 0. 0. 0. 0. 0. 0. 0. 0. 0. 2.20799994e+00
    2.20799994e+00 2.20799994e+00 2.19300008e+00 2.16499996e+00
    2.13299990e+00 2.09699988e+00 2.07800007e+00 2.06999993e+00
    2.04600000e+00 2.01200008e+00 1.99500000e+00 1.98699999e+00
    1.96200001e+00 1.92900002e+00 1.91900003e+00 1.91900003e+00
    1.91900003e+00 1.91900003e+00 1.91900003e+00 1.91900003e+00
    1.91900003e+00 0. 0. 0. 0. 0. 0. 0. 0. 0. 0. 0. 0. 0. 0. 0. 0. 0. 0.
    2.20199990e+00 2.20199990e+00 2.20199990e+00 2.19300008e+00
    2.17600012e+00 2.14400005e+00 2.10100007e+00 2.08299994e+00
    2.08299994e+00 2.05699992e+00 2.01500010e+00 1.99199998e+00
    1.97899997e+00 1.95500004e+00 1.92700005e+00 1.91900003e+00
    1.91900003e+00 1.91900003e+00 1.91900003e+00 1.91900003e+00
    1.91900003e+00 1.91900003e+00 0. 0. 0. 0. 0. 0. 0. 0. 0. 0. 0. 0. 0.
    0. 0. 0. 0. 0. 2.11400008e+00 2.11400008e+00 2.11400008e+00
    2.12899995e+00 2.15700006e+00 2.14400005e+00 2.10100007e+00
    2.08299994e+00 2.08299994e+00 2.05699992e+00 2.01500010e+00
    1.97800004e+00 1.94400001e+00 1.92799997e+00 1.92100000e+00
    1.91900003e+00 1.91900003e+00 1.91900003e+00 1.91900003e+00
    1.91900003e+00 1.91900003e+00 1.91900003e+00 0. 0. 0. 0. 0. 0. 0. 0.
    0. 0. 0. 0. 0. 0. 0. 0. 0. 0. 2.05599999e+00 2.05599999e+00
    2.05599999e+00 2.07100010e+00 2.10100007e+00 2.10500002e+00
    2.08899999e+00 2.07500005e+00 2.06100011e+00 2.03800011e+00
    2.00999999e+00 1.97300005e+00 1.93200004e+00 1.91900003e+00
    1.91900003e+00 1.91900003e+00 1.91900003e+00 1.91900003e+00
    1.91900003e+00 1.91900003e+00 1.91900003e+00 1.91900003e+00 0. 0. 0.
    0. 0. 0. 0. 0. 0. 0. 0. 0. 0. 0. 0. 0. 0. 0. 2.01399994e+00
    2.01399994e+00 2.01399994e+00 2.01699996e+00 2.02500010e+00
    2.04399991e+00 2.07200003e+00 2.06200004e+00 2.02699995e+00
    2.00900006e+00 2.00200009e+00 1.97300005e+00 1.93200004e+00
    1.91900003e+00 1.91900003e+00 1.91900003e+00 1.91900003e+00
    1.91900003e+00 1.91900003e+00 1.91900003e+00 1.91900003e+00
    1.91900003e+00 0. 0. 0. 0. 0. 0. 0. 0. 0. 0. 0. 0. 0. 0. 0. 0. 0. 0.
    2. 2. 2. 2. 2. 2.02399993e+00 2.06599998e+00 2.05800009e+00
    2.01600003e+00 2. 2. 1.97300005e+00 1.93200004e+00 1.91900003e+00
    1.91900003e+00 1.91900003e+00 1.91900003e+00 1.91900003e+00
    1.91900003e+00 1.56700003e+00 1.10300004e+00 1.00300002e+00 0. 0. 0.
    0. 0. 0. 0. 0. 0. 0. 0. 0. 0. 0. 0. 0. 0. 0. 2. 2. 2. 2. 2.
    2.02399993e+00 2.06599998e+00 2.05800009e+00 2.01600003e+00 2. 2.
    1.97300005e+00 1.93200004e+00 1.91900003e+00 1.91900003e+00
    1.91900003e+00 1.91900003e+00 1.91900003e+00 1.91900003e+00
    1.04700005e+00 0. 0. 0. 0. 0. 0. 0. 0. 0. 0. 0. 0. 0. 0. 0. 0. 0. 0.
    0. 0. 2.05999994e+00 2.05999994e+00 2.05999994e+00 2.05999994e+00
    2.05999994e+00 2.07599998e+00 2.10299993e+00 2.07900000e+00
    2.02200007e+00 2. 2. 1.97300005e+00 1.93200004e+00 1.91900003e+00
    1.91900003e+00 1.57900000e+00 1.09599996e+00 0. 0. 0. 0. 0. 0. 0. 0.
    0. 0. 0. 0. 0. 0. 0. 0. 0. 0. 0. 0. 0. 0. 0. 2.14599991e+00
    2.14599991e+00 2.14599991e+00 2.14599991e+00 2.14599991e+00
    2.14899993e+00 2.15499997e+00 2.10999990e+00 2.02999997e+00 2. 2.
    1.97300005e+00 1.93200004e+00 1.91900003e+00 1.91900003e+00
    1.09599996e+00 0. 0. 0. 0. 0. 0. 0. 0. 0. 0. 0. 0. 0. 0. 0. 0. 0. 0.
    0. 0. 0. 0. 0. 0. 2.16899991e+00 2.16899991e+00 2.16899991e+00
    2.16899991e+00 2.16899991e+00 2.16899991e+00 2.16899991e+00
    2.11800003e+00 2.03200006e+00 2. 2. 1.97300005e+00 1.93200004e+00
    1.91900003e+00 1.91900003e+00 0. 0. 0. 0. 0. 0. 0. 0. 0. 0. 0. 0. 0.
    0. 0. 0. 0. 0. 0. 0. 0. 0. 0. 0. 0. 0. 0. 0. 0. 0. 0. 0. 0. 0. 0. 0.
    0. 0. 0. 0. 0. 0. 0. 0. 0. 0. 0. 0. 0. 0. 0. 0. 0. 0. 0. 0. 0. 0. 0.
    0. 0. 0. 0. 0. 0. 0. 0. 0. 0. 0. 0. 0. 0. 0. 0. 0. 0. 0. 0. 0. 0. 0.
