<?xml version="1.0"?>
<opencv_storage>
<Depth type_id="opencv-matrix">
  <rows>40</rows>
  <cols>40</cols>
  <dt>f</dt>
  <data>
    0. 0. 0. 0. 0. 0. 0. 0. 2.81399989e+00 1.27499998e+00 1.98599994e+00
    2.09500003e+00 2.09899998e+00 2.09800005e+00 2.09999990e+00
    2.09999990e+00 2.09800005e+00 2.09699988e+00 2.09999990e+00
    2.09999990e+00 1.87500000e+00 2.26500010e+00 0. 0. 0. 0. 0. 0. 0. 0.
    0. 0. 0. 0. 0. 0. 0. 0. 0. 0. 0. 0. 0. 0. 0. 0. 0. 0. 2.09100008e+00
    2.09299994e+00 2.09500003e+00 2.09400010e+00 2.09400010e+00
    2.09800005e+00 2.09899998e+00 2.09800005e+00 2.09800005e+00
    2.09500003e+00 2.09899998e+00 2.10100007e+00 2.10400009e+00
    2.82800007e+00 0. 0. 0. 0. 0. 0. 0. 0. 0. 0. 0. 0. 0. 0. 0. 0. 0. 0.
    0. 0. 0. 0. 0. 0. 0. 0. 2.09100008e+00 2.09299994e+00 2.09299994e+00
    2.09299994e+00 2.09299994e+00 2.09500003e+00 2.09500003e+00
    2.09500003e+00 2.09800005e+00 2.10200000e+00 2.10800004e+00
    2.11400008e+00 2.11400008e+00 2.61700010e+00 0. 0. 0. 0. 0. 0. 0. 0.
    0. 0. 0. 0. 0. 0. 0. 0. 0. 0. 0. 0. 0. 0. 0. 0. 0. 0. 2.40100002e+00
    2.09299994e+00 2.09100008e+00 2.09100008e+00 2.09299994e+00
    2.09500003e+00 2.09599996e+00 2.10100007e+00 2.11100006e+00
    2.11299992e+00 2.12400007e+00 2.13000011e+00 2.13599992e+00
    1.37899995e+00 1.30499995e+00 0. 0. 0. 0. 0. 0. 0. 0. 0. 0. 0. 0. 0.
    0. 0. 0. 0. 0. 0. 0. 0. 0. 0. 0. 0. 2.95499992e+00 2.09299994e+00
    2.09299994e+00 2.09400010e+00 2.10299993e+00 2.10500002e+00
    2.11500001e+00 2.11700010e+00 2.12800002e+00 2.13499999e+00
    2.05200005e+00 2.03200006e+00 2.10700011e+00 2.16300011e+00
    1.19700003e+00 0. 0. 0. 0. 0. 0. 0. 0. 0. 0. 0. 0. 0. 0. 0. 0. 0. 0.
    0. 0. 0. 0. 0. 0. 0. 2.98300004e+00 1.31200004e+00 2.10500002e+00
    2.11199999e+00 2.11800003e+00 2.12400007e+00 2.13400006e+00
    2.04200006e+00 2.02800012e+00 2.02600002e+00 2.02999997e+00
    2.02800012e+00 2.02800012e+00 2.17700005e+00 1.19700003e+00 0. 0. 0.
    0. 0. 0. 0. 0. 0. 0. 0. 0. 0. 0. 0. 0. 0. 0. 0. 0. 0. 0. 0. 0. 0. 0.
    1.19700003e+00 1.19700003e+00 2.12599993e+00 2.02699995e+00
    2.02399993e+00 2.02399993e+00 2.02699995e+00 2.02800012e+00
    2.02600002e+00 2.02600002e+00 2.02399993e+00 2.02800012e+00
    2.02600002e+00 1.20899999e+00 0. 0. 0. 0. 0. 0. 0. 0. 0. 0. 0. 0. 0.
    0. 0. 0. 0. 0. 0. 0. 0. 0. 0. 0. 0. 0. 1.19700003e+00 1.58200002e+00
    2.02200007e+00 2.02399993e+00 2.02399993e+00 2.02399993e+00
    2.02399993e+00 2.02399993e+00 2.02399993e+00 2.02399993e+00
    2.02399993e+00 2.02399993e+00 2.02399993e+00 1.25500000e+00
    2.44199991e+00 0. 0. 0. 0. 0. 0. 0. 0. 0. 0. 0. 0. 0. 0. 0. 0. 0. 0.
    0. 0. 0. 0. 0. 0. 0. 1.19700003e+00 1.27400005e+00 2.02200007e+00
    2.02200007e+00 2.02200007e+00 2.02300000e+00 2.02300000e+00
    2.02200007e+00 2.02200007e+00 2.02200007e+00 2.02200007e+00
    2.02200007e+00 2.02300000e+00 2.02200007e+00 1.19700003e+00 0. 0. 0.
    0. 0. 0. 0. 0. 0. 0. 0. 0. 0. 0. 0. 0. 0. 0. 0. 0. 0. 0. 0. 0. 0. 0.
    1.19700003e+00 2.02200007e+00 2.02099991e+00 2.02200007e+00
    2.01999998e+00 2.01999998e+00 2.01799989e+00 2.01999998e+00
    2.01999998e+00 2.02200007e+00 2.01999998e+00 2.02099991e+00
    2.02200007e+00 1.19700003e+00 0. 0. 0. 0. 0. 0. 0. 0. 0. 0. 0. 0. 0.
    0. 0. 0. 0. 0. 0. 0. 0. 0. 0. 0. 0. 2.75200009e+00 1.19700003e+00
    1.35300004e+00 2.01600003e+00 2.01799989e+00 2.01799989e+00
    2.01600003e+00 2.01799989e+00 2.01699996e+00 2.01799989e+00
    2.01799989e+00 2.01799989e+00 2.01799989e+00 2.01900005e+00
    1.19700003e+00 1.19700003e+00 0. 0. 0. 0. 0. 0. 0. 0. 0. 0. 0. 0. 0.
    0. 0. 0. 0. 0. 0. 0. 0. 0. 0. 0. 0. 1.19700003e+00 1.35200000e+00
    2.01600003e+00 2.01600003e+00 2.01600003e+00 2.01600003e+00
    2.01600003e+00 2.01600003e+00 2.01600003e+00 2.01600003e+00
    2.01399994e+00 2.01600003e+00 2.01600003e+00 1.79499996e+00
    1.19700003e+00 1.19700003e+00 0. 0. 0. 2.91899991e+00 0. 0. 0. 0. 0.
    0. 0. 0. 0. 0. 0. 0. 0. 0. 0. 0. 0. 0. 0. 0. 1.19700003e+00
    1.19700003e+00 2.01500010e+00 2.01399994e+00 2.01399994e+00
    2.01399994e+00 2.01399994e+00 2.01399994e+00 2.01399994e+00
    2.01399994e+00 2.01399994e+00 2.01399994e+00 2.01399994e+00
    2.01399994e+00 1.19700003e+00 1.19700003e+00 1.19700003e+00
    2.72799993e+00 0. 1.19700003e+00 1.61800003e+00 0. 0. 0. 0. 0. 0. 0.
    0. 0. 0. 0. 0. 0. 0. 0. 0. 0. 0. 0. 0. 1.19700003e+00 1.63000000e+00
    2.01399994e+00 2.01300001e+00 2.01099992e+00 2.01200008e+00
    2.01200008e+00 2.01399994e+00 2.01200008e+00 2.01200008e+00
    2.01099992e+00 2.01200008e+00 2.01399994e+00 2.01399994e+00
    1.19700003e+00 1.19700003e+00 1.19700003e+00 1.19700003e+00
    1.19700003e+00 1.19700003e+00 2.26300001e+00 0. 0. 0. 0. 0. 0. 0. 0.
    0. 0. 0. 0. 0. 0. 0. 0. 0. 0. 0. 1.19700003e+00 1.19700003e+00
    2.00799990e+00 2.00999999e+00 2.00999999e+00 2.00999999e+00
    2.00999999e+00 2.00799990e+00 2.00999999e+00 2.00999999e+00
    2.00799990e+00 2.00999999e+00 2.00999999e+00 2.00999999e+00
    1.19700003e+00 1.19700003e+00 1.19700003e+00 1.19700003e+00
    1.19700003e+00 1.19700003e+00 1.19700003e+00 0. 0. 0. 0. 0. 0. 0. 0.
    0. 0. 0. 0. 0. 0. 0. 0. 1.19700003e+00 1.19700003e+00 1.19700003e+00
    1.19700003e+00 1.19700003e+00 1.97599995e+00 2.00799990e+00
    2.00799990e+00 2.00699997e+00 2.00799990e+00 2.00799990e+00
    2.00799990e+00 2.00799990e+00 2.00799990e+00 2.00799990e+00
    2.00799990e+00 2.00799990e+00 2.01200008e+00 1.19700003e+00
    1.19700003e+00 1.19700003e+00 1.19700003e+00 1.19700003e+00
    1.19700003e+00 0. 0. 0. 0. 0. 0. 0. 0. 0. 0. 0. 0. 0. 0. 0. 0.
    2.58599997e+00 1.19700003e+00 1.19700003e+00 1.19700003e+00
    1.19700003e+00 1.19700003e+00 2.00799990e+00 2.00500011e+00
    2.00600004e+00 2.00600004e+00 2.00600004e+00 2.00600004e+00
    2.00699997e+00 2.00699997e+00 2.00799990e+00 2.00699997e+00
    2.00799990e+00 2.00900006e+00 1.19700003e+00 1.19700003e+00
    1.19700003e+00 1.19700003e+00 1.19700003e+00 1.19700003e+00 0. 0. 0.
    0. 0. 0. 0. 0. 0. 0. 0. 0. 0. 0. 0. 0. 0. 0. 1.19700003e+00
    1.19700003e+00 1.19700003e+00 1.19700003e+00 2.00200009e+00
    2.00399995e+00 2.00399995e+00 2.00399995e+00 2.00399995e+00
    2.00399995e+00 2.00399995e+00 2.00399995e+00 2.00399995e+00
    2.00600004e+00 2.00600004e+00 2.00600004e+00 1.19700003e+00
    1.19700003e+00 1.19700003e+00 1.19700003e+00 1.19700003e+00
    1.19700003e+00 0. 0. 0. 0. 0. 0. 0. 0. 0. 0. 0. 0. 0. 0. 0. 0. 0. 0.
    0. 1.19700003e+00 1.19700003e+00 1.19700003e+00 2. 2.00200009e+00
    2.00200009e+00 2.00099993e+00 2.00200009e+00 2.00200009e+00
    2.00200009e+00 2.00200009e+00 2.00200009e+00 2.00200009e+00
    2.00200009e+00 2.00300002e+00 1.19700003e+00 1.19700003e+00
    1.19700003e+00 1.19700003e+00 1.19700003e+00 1.19700003e+00 0. 0. 0.
    0. 0. 0. 0. 0. 0. 0. 0. 0. 0. 0. 0. 0. 0. 2.40599990e+00
    1.19700003e+00 1.19700003e+00 1.19700003e+00 1.19700003e+00
    1.25999999e+00 2. 2. 2. 2. 2. 2. 2. 2.00099993e+00 2.00099993e+00
    2.00099993e+00 2.00200009e+00 2.00099993e+00 1.19700003e+00
    1.19700003e+00 1.19700003e+00 1.19700003e+00 1.19700003e+00 0. 0. 0.
    0. 0. 0. 0. 0. 0. 0. 0. 0. 0. 0. 0. 0. 1.19700003e+00 1.19700003e+00
    1.19700003e+00 1.19700003e+00 1.19700003e+00 1.19700003e+00
    1.19700003e+00 1.99899995e+00 1.99899995e+00 1.99899995e+00
    1.99899995e+00 2. 1.99899995e+00 2. 2. 1.99899995e+00 2. 2. 2.
    1.48500001e+00 1.19700003e+00 1.19700003e+00 1.19700003e+00
    1.19700003e+00 0. 0. 0. 0. 0. 0. 0. 0. 0. 0. 0. 0. 0. 0. 0. 0.
    1.19700003e+00 1.19700003e+00 1.19700003e+00 1.19700003e+00
    1.19700003e+00 1.19700003e+00 1.19700003e+00 1.50199997e+00
    1.99899995e+00 1.99500000e+00 1.99800003e+00 1.99800003e+00
    1.99899995e+00 1.99800003e+00 1.99800003e+00 1.99899995e+00
    1.99899995e+00 2. 2. 2. 1.19700003e+00 1.19700003e+00 1.19700003e+00
    2.31599998e+00 0. 0. 0. 0. 0. 0. 0. 0. 0. 0. 0. 0. 0. 0. 0. 0.
    1.19700003e+00 1.19700003e+00 1.19700003e+00 1.19700003e+00
