<?xml version="1.0"?>
<opencv_storage>
<Depth type_id="opencv-matrix">
  <rows>40</rows>
  <cols>40</cols>
  <dt>f</dt>
  <data>
    0. 0. 0. 0. 0. 0. 0. 0. 0. 0. 0. 0. 0. 0. 0. 0. 0. 0. 0. 0. 0. 0. 0.
    0. 0. 0. 0. 0. 0. 0. 0. 0. 0. 0. 0. 0. 0. 0. 0. 0. 0. 0. 0. 0. 0. 0.
    0. 0. 0. 0. 0. 0. 0. 0. 0. 0. 0. 0. 0. 0. 0. 0. 0. 0. 0. 0. 0. 0. 0.
    0. 0. 0. 0. 0. 0. 0. 0. 0. 0. 0. 0. 0. 0. 0. 0. 0. 0. 0. 0. 0. 0. 0.
    0. 0. 0. 0. 0. 0. 0. 0. 0. 0. 0. 0. 0. 0. 0. 0. 0. 0. 0. 0. 0. 0. 0.
    0. 0. 0. 0. 0. 0. 0. 0. 0. 0. 0. 0. 0. 0. 0. 0. 0. 0. 0. 0. 0. 0. 0.
    0. 0. 0. 0. 0. 0. 0. 0. 0. 0. 0. 0. 0. 0. 0. 0. 0. 0. 0. 0. 0. 0. 0.
    0. 0. 0. 0. 0. 0. 0. 0. 0. 0. 0. 0. 0. 0. 0. 0. 0. 0. 0. 0. 0. 0. 0.
    0. 0. 0. 0. 0. 0. 0. 0. 0. 0. 0. 0. 0. 0. 0. 0. 0. 0. 0. 0. 0. 0. 0.
    0. 0. 0. 0. 2.13100004e+00 2.14599991e+00 2.20099998e+00
    2.25600004e+00 2.26699996e+00 2.26699996e+00 2.26699996e+00
    2.26699996e+00 2.26699996e+00 2.26699996e+00 2.26699996e+00
    2.26699996e+00 2.26699996e+00 2.26699996e+00 1.61199999e+00 0. 0. 0.
    0. 0. 0. 0. 0. 0. 0. 0. 0. 0. 0. 0. 0. 0. 0. 0. 0. 0. 0. 0. 0. 0.
    2.13100004e+00 2.14400005e+00 2.19300008e+00 2.24200010e+00
    2.25200009e+00 2.25200009e+00 2.25200009e+00 2.25200009e+00
    2.25200009e+00 2.25200009e+00 2.25200009e+00 2.25500011e+00
    2.26099992e+00 2.26699996e+00 1.68299997e+00 1.04700005e+00 0. 0. 0.
    0. 0. 0. 0. 0. 0. 0. 0. 0. 0. 0. 0. 0. 0. 0. 0. 0. 0. 0. 0. 0.
    2.13100004e+00 2.13800001e+00 2.16499996e+00 2.19199991e+00
    2.19700003e+00 2.19700003e+00 2.19700003e+00 2.19700003e+00
    2.19700003e+00 2.19700003e+00 2.19700003e+00 2.20799994e+00
    2.23699999e+00 2.26500010e+00 1.94799995e+00 1.60099995e+00
    1.41100001e+00 0. 0. 0. 0. 0. 0. 0. 0. 0. 0. 0. 0. 0. 0. 0. 0. 0. 0.
    0. 0. 0. 0. 0. 2.13100004e+00 2.13199997e+00 2.13700008e+00
    2.14100003e+00 2.14199996e+00 2.14199996e+00 2.14199996e+00
    2.14199996e+00 2.14199996e+00 2.14199996e+00 2.14199996e+00
    2.16199994e+00 2.21199989e+00 2.26300001e+00 2.21300006e+00
    2.15400004e+00 2.12199998e+00 0. 0. 0. 0. 0. 0. 0. 0. 0. 0. 0. 0. 0.
    0. 0. 0. 0. 0. 0. 0. 0. 0. 0. 2.13100004e+00 2.13100004e+00
    2.13100004e+00 2.13100004e+00 2.13100004e+00 2.13100004e+00
    2.13100004e+00 2.13100004e+00 2.13100004e+00 2.13100004e+00
    2.13100004e+00 2.14599991e+00 2.18300009e+00 2.22000003e+00
    2.22300005e+00 2.22300005e+00 2.22300005e+00 0. 0. 0. 0. 0. 0. 0. 0.
    0. 0. 0. 0. 0. 0. 0. 0. 0. 0. 0. 0. 0. 0. 0. 2.13100004e+00
    2.13100004e+00 2.13100004e+00 2.13100004e+00 2.13100004e+00
    2.13100004e+00 2.13100004e+00 2.13100004e+00 2.13100004e+00
    2.13100004e+00 2.13100004e+00 2.13700008e+00 2.15199995e+00
    2.16700006e+00 2.16799998e+00 2.16799998e+00 2.16799998e+00 0. 0. 0.
    0. 0. 0. 0. 0. 0. 0. 0. 0. 0. 0. 0. 0. 0. 0. 0. 0. 0. 0. 0.
    2.13100004e+00 2.13100004e+00 2.13100004e+00 2.13100004e+00
    2.13100004e+00 2.13100004e+00 2.13100004e+00 2.13100004e+00
    2.13100004e+00 2.13100004e+00 2.13100004e+00 2.13100004e+00
    2.13100004e+00 2.13100004e+00 2.13100004e+00 2.13100004e+00
    2.13100004e+00 0. 0. 0. 0. 0. 0. 0. 0. 0. 0. 0. 0. 0. 0. 0. 0. 0. 0.
    0. 0. 0. 0. 0. 2.13100004e+00 2.13100004e+00 2.13100004e+00
    2.13100004e+00 2.13100004e+00 2.13100004e+00 2.13100004e+00
    2.13100004e+00 2.13100004e+00 2.13100004e+00 2.13100004e+00
    2.13100004e+00 2.13100004e+00 2.13100004e+00 2.13100004e+00
    2.13100004e+00 2.13100004e+00 0. 0. 0. 0. 0. 0. 0. 0. 0. 0. 0. 0. 0.
    0. 0. 0. 0. 0. 0. 0. 0. 0. 0. 2.13100004e+00 2.13100004e+00
    2.13100004e+00 2.13100004e+00 2.13100004e+00 2.13100004e+00
    2.13100004e+00 2.13100004e+00 2.13100004e+00 2.13100004e+00
    2.13100004e+00 2.13100004e+00 2.13100004e+00 2.13100004e+00
    2.13100004e+00 2.13100004e+00 2.13100004e+00 0. 0. 0. 0. 0. 0. 0. 0.
    0. 0. 0. 0. 0. 0. 0. 0. 0. 0. 0. 0. 0. 0. 0. 2.13100004e+00
    2.13100004e+00 2.13100004e+00 2.13100004e+00 2.13100004e+00
    2.13100004e+00 2.13100004e+00 2.13100004e+00 2.13100004e+00
    2.13100004e+00 2.13100004e+00 2.13100004e+00 2.13100004e+00
    2.13100004e+00 2.13100004e+00 2.13100004e+00 2.13100004e+00 0. 0. 0.
    0. 0. 0. 0. 0. 0. 0. 0. 0. 0. 0. 0. 0. 0. 0. 0. 0. 0. 0. 0.
    2.13100004e+00 2.13100004e+00 2.13100004e+00 2.13100004e+00
    2.13100004e+00 2.13100004e+00 2.13100004e+00 2.13100004e+00
    2.13100004e+00 2.13100004e+00 2.13100004e+00 2.13100004e+00
    2.13100004e+00 2.13100004e+00 2.13100004e+00 2.13100004e+00
    2.13100004e+00 0. 0. 0. 0. 0. 0. 0. 0. 0. 0. 0. 0. 0. 0. 0. 0. 0. 0.
    0. 0. 0. 0. 0. 2.13100004e+00 2.13100004e+00 2.13100004e+00
    2.13100004e+00 2.12400007e+00 2.11599994e+00 2.10999990e+00
    2.10999990e+00 2.10999990e+00 2.11800003e+00 2.12599993e+00
    2.13100004e+00 2.13100004e+00 2.13100004e+00 2.13100004e+00
    2.13100004e+00 2.13100004e+00 0. 0. 0. 0. 0. 0. 0. 0. 0. 0. 0. 0. 0.
    0. 0. 0. 0. 0. 0. 0. 0. 0. 0. 2.13100004e+00 2.13100004e+00
    2.13100004e+00 2.13100004e+00 2.10700011e+00 2.07699990e+00
    2.05699992e+00 2.05699992e+00 2.05699992e+00 2.08299994e+00
    2.11299992e+00 2.13100004e+00 2.13100004e+00 2.13100004e+00
    2.13100004e+00 2.13100004e+00 2.13100004e+00 0. 0. 0. 0. 0. 0. 0. 0.
    0. 0. 0. 0. 0. 0. 0. 0. 0. 0. 0. 0. 0. 0. 0. 2.13100004e+00
    2.13100004e+00 2.13100004e+00 2.13100004e+00 2.08999991e+00
    2.03900003e+00 2.00399995e+00 2.00399995e+00 2.00399995e+00
    2.04800010e+00 2.09999990e+00 2.13100004e+00 2.13100004e+00
    2.13100004e+00 2.13100004e+00 2.13100004e+00 2.13100004e+00 0. 0. 0.
    0. 0. 0. 0. 0. 0. 0. 0. 0. 0. 0. 0. 0. 0. 0. 0. 0. 0. 0. 0.
    2.13100004e+00 2.13100004e+00 2.13100004e+00 2.13100004e+00
    2.08899999e+00 2.03600001e+00 2. 2. 2. 2.04600000e+00 2.09899998e+00
    2.13100004e+00 2.13100004e+00 2.13100004e+00 2.13100004e+00
    2.13100004e+00 2.13100004e+00 0. 0. 0. 0. 0. 0. 0. 0. 0. 0. 0. 0. 0.
    0. 0. 0. 0. 0. 0. 0. 0. 0. 0. 2.13100004e+00 2.13100004e+00
    2.13100004e+00 2.13100004e+00 2.08899999e+00 2.03600001e+00 2. 2. 2.
    2.04600000e+00 2.09899998e+00 2.13100004e+00 2.13100004e+00
    2.13100004e+00 2.13100004e+00 2.13100004e+00 2.13100004e+00 0. 0. 0.
    0. 0. 0. 0. 0. 0. 0. 0. 0. 0. 0. 0. 0. 0. 0. 0. 0. 0. 0. 0.
    2.15599990e+00 2.15599990e+00 2.15599990e+00 2.15599990e+00
    2.11299992e+00 2.05999994e+00 2.02399993e+00 2.02399993e+00
    2.02399993e+00 2.06100011e+00 2.10500002e+00 2.13499999e+00
    2.14499998e+00 2.15499997e+00 2.15599990e+00 2.15599990e+00
    2.15599990e+00 0. 0. 0. 0. 0. 0. 0. 0. 0. 0. 0. 0. 0. 0. 0. 0. 0. 0.
    0. 0. 0. 0. 0. 2.21099997e+00 2.21099997e+00 2.21099997e+00
    2.21099997e+00 2.16799998e+00 2.11299992e+00 2.07699990e+00
    2.07699990e+00 2.07699990e+00 2.09599996e+00 2.11800003e+00
    2.14400005e+00 2.17600012e+00 2.20799994e+00 2.21099997e+00
    2.21099997e+00 2.21099997e+00 0. 0. 0. 0. 0. 0. 0. 0. 0. 0. 0. 0. 0.
    0. 0. 0. 0. 0. 0. 0. 0. 0. 0. 2.26600003e+00 2.26600003e+00
    2.26600003e+00 2.26600003e+00 2.22199988e+00 2.16700006e+00
    2.13000011e+00 2.13000011e+00 2.13000011e+00 2.13000011e+00
    2.13100004e+00 2.15199995e+00 2.20700002e+00 2.26200008e+00
    2.26600003e+00 2.26600003e+00 2.26600003e+00 0. 0. 0. 0. 0. 0. 0. 0.
    0. 0. 0. 0. 0. 0. 0. 0. 0. 0. 0. 0. 0. 0. 0. 2.26699996e+00
    2.26699996e+00 2.26699996e+00 2.26699996e+00 2.24099994e+00
    2.20700002e+00 2.17799997e+00 2.15599990e+00 2.13400006e+00
    2.13100004e+00 2.13100004e+00 2.15199995e+00 2.20799994e+00
    2.26300001e+00 2.26699996e+00 2.26699996e+00 2.26699996e+00 0. 0. 0.
    0. 0. 0. 0. 0. 0. 0. 0. 0. 0. 0. 0. 0. 0. 0. 0. 0. 0. 0. 0.
    2.26699996e+00 2.26699996e+00 2.26699996e+00 2.26699996e+00
    2.25799990e+00 2.24699998e+00 2.22600007e+00 2.18099999e+00
    2.13700008e+00 2.13100004e+00 2.13100004e+00 2.15199995e+00
    2.20799994e+00 2.26300001e+00 2.26699996e+00 2.26699996e+00
    2.26699996e+00 0. 0. 0. 0. 0. 0. 0. 0. 0. 0. 0. 0. 0. 0. 0. 0. 0. 0.
    0. 0. 0. 0. 0. 2.26699996e+00 2.26699996e+00 2.26699996e+00
