<?xml version="1.0"?>
<opencv_storage>
<Depth type_id="opencv-matrix">
  <rows>40</rows>
  <cols>40</cols>
  <dt>f</dt>
  <data>
    0. 0. 0. 0. 0. 0. 0. 0. 0. 0. 2.91599989e+00 2.93000007e+00
    2.89400005e+00 2.86500001e+00 2.18600011e+00 2.13599992e+00
    2.11599994e+00 1.97200000e+00 1.02199996e+00 1.85000002e+00
    1.98300004e+00 1.97599995e+00 1.02199996e+00 1.02199996e+00
    1.02199996e+00 1.02199996e+00 1.93799996e+00 1.97300005e+00
    2.02200007e+00 0. 0. 0. 0. 0. 0. 0. 0. 0. 0. 0. 0. 0. 0. 0. 0. 0. 0.
    0. 0. 0. 2.92199993e+00 2.93199992e+00 2.88100004e+00 2.88499999e+00
    2.18600011e+00 2.11899996e+00 2.08400011e+00 2.03399992e+00
    1.98800004e+00 1.97300005e+00 1.97300005e+00 1.97099996e+00
    1.97000003e+00 1.96899998e+00 1.96800005e+00 1.96500003e+00
    1.96500003e+00 1.96599996e+00 1.96500003e+00 1.96300006e+00 0. 0. 0.
    0. 0. 0. 0. 0. 0. 0. 0. 0. 0. 0. 0. 0. 0. 0. 0. 0. 2.91599989e+00
    2.87700009e+00 2.86800003e+00 2.80100012e+00 2.18099999e+00
    2.15300012e+00 2.07500005e+00 2.02800012e+00 1.97899997e+00
    1.97300005e+00 1.97300005e+00 1.97300005e+00 1.97000003e+00
    1.97000003e+00 1.97000003e+00 1.96800005e+00 1.96200001e+00
    1.96599996e+00 1.96500003e+00 1.96200001e+00 0. 0. 0. 0. 0. 0. 0. 0.
    0. 0. 0. 0. 0. 0. 0. 0. 0. 0. 0. 0. 2.93799996e+00 2.92199993e+00
    2.84500003e+00 2.60899997e+00 2.19199991e+00 2.14299989e+00
    2.07999992e+00 2.01600003e+00 1.98599994e+00 1.97500002e+00
    1.97399998e+00 1.97300005e+00 1.97099996e+00 1.97000003e+00
    1.97000003e+00 1.97000003e+00 1.96800005e+00 1.96800005e+00
    1.96899998e+00 1.96200001e+00 0. 0. 0. 0. 0. 0. 0. 0. 0. 0. 0. 0. 0.
    0. 0. 0. 0. 0. 0. 0. 0. 0. 2.19000006e+00 1.02199996e+00
    1.82000005e+00 2.11500001e+00 2.06800008e+00 2.00799990e+00
    1.98500001e+00 1.97800004e+00 1.97700000e+00 1.97300005e+00
    1.97300005e+00 1.97000003e+00 1.97000003e+00 1.97000003e+00
    1.97000003e+00 1.97000003e+00 1.97000003e+00 1.97000003e+00 0. 0. 0.
    0. 0. 0. 0. 0. 0. 0. 0. 0. 0. 0. 0. 0. 0. 0. 0. 0. 0. 1.87199998e+00
    1.02199996e+00 1.08899999e+00 2.16199994e+00 2.13199997e+00
    2.05599999e+00 2.00500011e+00 1.98300004e+00 1.98099995e+00
    1.98000002e+00 1.97700000e+00 1.97500002e+00 1.97300005e+00
    1.97300005e+00 1.97000003e+00 1.97000003e+00 1.97000003e+00
    1.97200000e+00 1.04499996e+00 0. 0. 0. 0. 0. 0. 0. 0. 0. 0. 0. 0. 0.
    0. 0. 0. 0. 0. 0. 0. 0. 2.52600002e+00 1.02199996e+00 1.48099995e+00
    2.17000008e+00 2.14800000e+00 2.05100012e+00 2.00200009e+00
    1.98199999e+00 1.98199999e+00 1.98099995e+00 1.97899997e+00
    1.97599995e+00 1.97599995e+00 1.97399998e+00 1.97300005e+00
    1.97099996e+00 1.97300005e+00 1.97300005e+00 1.04499996e+00 0. 0. 0.
    0. 0. 0. 0. 0. 0. 0. 0. 0. 0. 0. 0. 0. 0. 0. 0. 0. 0. 0.
    1.02199996e+00 1.13699996e+00 2.15899992e+00 2.10899997e+00
    2.03800011e+00 1.99600005e+00 1.98399997e+00 1.98199999e+00
    1.98099995e+00 1.98099995e+00 1.97899997e+00 1.97599995e+00
    1.97599995e+00 1.97300005e+00 1.97300005e+00 1.97300005e+00
    1.97000003e+00 1.02400005e+00 0. 0. 0. 0. 0. 0. 0. 0. 0. 0. 0. 0. 0.
    0. 0. 0. 0. 0. 0. 0. 0. 0. 1.02199996e+00 1.99600005e+00
    2.13400006e+00 2.09899998e+00 2.03200006e+00 1.99500000e+00
    1.98599994e+00 1.98399997e+00 1.98099995e+00 1.98099995e+00
    1.98099995e+00 1.97800004e+00 1.97800004e+00 1.97599995e+00
    1.97599995e+00 1.97599995e+00 1.97300005e+00 1.02600002e+00 0. 0. 0.
    0. 0. 0. 0. 0. 0. 0. 0. 0. 0. 0. 0. 0. 0. 0. 0. 0. 0. 0.
    1.02199996e+00 2.20799994e+00 2.14000010e+00 2.10899997e+00
    2.04299998e+00 1.99500000e+00 1.98899996e+00 1.98399997e+00
    1.98399997e+00 1.98399997e+00 1.98099995e+00 1.98099995e+00
    1.98000002e+00 1.97800004e+00 1.97599995e+00 1.97599995e+00
    1.97599995e+00 1.02199996e+00 0. 0. 0. 0. 0. 0. 0. 0. 0. 0. 0. 0. 0.
    0. 0. 0. 0. 0. 0. 0. 0. 2.28500009e+00 1.02199996e+00 2.16700006e+00
    2.16400003e+00 2.07800007e+00 2.03399992e+00 1.99199998e+00
    1.98899996e+00 1.98599994e+00 1.98399997e+00 1.98399997e+00
    1.98399997e+00 1.98099995e+00 1.98000002e+00 1.97899997e+00
    1.97700000e+00 1.98000002e+00 1.75500000e+00 1.02199996e+00 0. 0. 0.
    0. 0. 0. 0. 0. 0. 0. 0. 0. 0. 0. 0. 0. 0. 0. 0. 0. 0. 1.02199996e+00
    1.02199996e+00 1.02199996e+00 1.02199996e+00 2.07200003e+00
    2.02900004e+00 1.99500000e+00 1.99199998e+00 1.99000001e+00
    1.98399997e+00 1.98599994e+00 1.98399997e+00 1.98199999e+00
    1.98099995e+00 1.98099995e+00 1.97800004e+00 1.98099995e+00
    1.97300005e+00 1.02199996e+00 0. 0. 0. 0. 0. 0. 0. 0. 0. 0. 0. 0. 0.
    0. 0. 0. 0. 0. 0. 0. 0. 1.02199996e+00 1.02199996e+00 1.02199996e+00
    1.02199996e+00 2.06800008e+00 2.02500010e+00 1.99500000e+00
    1.99199998e+00 1.99199998e+00 1.98800004e+00 1.98599994e+00
    1.98800004e+00 1.98399997e+00 1.98399997e+00 1.98300004e+00
    1.98099995e+00 1.98399997e+00 1.98099995e+00 2.99699998e+00 0. 0. 0.
    0. 0. 0. 0. 0. 0. 0. 0. 0. 0. 0. 0. 0. 0. 0. 0. 0. 2.81900001e+00
    1.02199996e+00 1.24300003e+00 1.57900000e+00 1.02199996e+00
    2.05500007e+00 2.02200007e+00 1.99600005e+00 1.99500000e+00
    1.99300003e+00 1.99199998e+00 1.98800004e+00 1.98800004e+00
    1.98599994e+00 1.98399997e+00 1.98399997e+00 1.98099995e+00
    1.98399997e+00 1.02199996e+00 0. 0. 0. 0. 0. 0. 0. 0. 0. 0. 0. 0. 0.
    0. 0. 0. 0. 0. 0. 0. 0. 1.44200003e+00 1.02199996e+00 2.21600008e+00
    2.19600010e+00 2.10200000e+00 2.06800008e+00 2.01799989e+00
    1.99699998e+00 1.99500000e+00 1.99300003e+00 1.99199998e+00
    1.99199998e+00 1.99000001e+00 1.98899996e+00 1.98599994e+00
    1.98399997e+00 1.98199999e+00 1.98500001e+00 1.56799996e+00 0. 0. 0.
    0. 0. 0. 0. 0. 0. 0. 0. 0. 0. 0. 0. 0. 0. 0. 0. 0. 0. 0.
    1.02199996e+00 2.21000004e+00 2.16300011e+00 2.10299993e+00
    2.06100011e+00 2.01300001e+00 1.99699998e+00 1.99699998e+00
    1.99300003e+00 1.99199998e+00 1.99199998e+00 1.99199998e+00
    1.99100006e+00 1.98800004e+00 1.98599994e+00 1.98500001e+00
    1.98599994e+00 1.02199996e+00 0. 0. 0. 0. 0. 0. 0. 0. 0. 0. 0. 0. 0.
    0. 0. 0. 0. 0. 0. 0. 0. 1.43099999e+00 1.02199996e+00 2.20799994e+00
    2.13599992e+00 2.11400008e+00 2.04200006e+00 2.01099992e+00
    1.99899995e+00 1.99899995e+00 1.99500000e+00 1.99399996e+00
    1.99199998e+00 1.99199998e+00 1.99199998e+00 1.98899996e+00
    1.98800004e+00 1.98800004e+00 1.98800004e+00 1.02199996e+00 0. 0. 0.
    0. 0. 0. 0. 0. 0. 0. 0. 0. 0. 0. 0. 0. 0. 0. 0. 0. 0. 1.02199996e+00
    1.02199996e+00 2.19799995e+00 2.12899995e+00 2.11299992e+00
    2.03699994e+00 2.00999999e+00 2.00300002e+00 2.00300002e+00
    1.99600005e+00 1.99500000e+00 1.99500000e+00 1.99500000e+00
    1.99300003e+00 1.99199998e+00 1.99199998e+00 1.99199998e+00
    1.51699996e+00 1.02199996e+00 0. 0. 0. 0. 0. 0. 0. 0. 0. 0. 0. 0. 0.
    0. 0. 0. 0. 0. 0. 0. 0. 1.02199996e+00 1.02199996e+00 2.20199990e+00
    2.13400006e+00 2.10999990e+00 2.03800011e+00 2.01099992e+00
    2.00300002e+00 2.00300002e+00 2. 1.99500000e+00 1.99800003e+00
    1.99500000e+00 1.99500000e+00 1.99300003e+00 1.99199998e+00
    1.99199998e+00 1.76800001e+00 0. 0. 0. 0. 0. 0. 0. 0. 0. 0. 0. 0. 0.
    0. 0. 0. 0. 0. 0. 0. 0. 0. 1.02199996e+00 1.02199996e+00
    2.21099997e+00 2.19300008e+00 2.07900000e+00 2.03900003e+00
    2.01099992e+00 2.00600004e+00 2.00399995e+00 2.00300002e+00
    1.99699998e+00 1.99699998e+00 1.99699998e+00 1.99699998e+00
    1.99500000e+00 1.99500000e+00 1.99500000e+00 1.51699996e+00
    1.64699996e+00 0. 0. 0. 0. 0. 0. 0. 0. 0. 0. 0. 0. 0. 0. 0. 0. 0. 0.
    0. 0. 0. 1.02199996e+00 1.76300001e+00 2.20400000e+00 2.14599991e+00
    2.08800006e+00 2.03399992e+00 2.01099992e+00 2.00600004e+00
    2.00600004e+00 2.00300002e+00 2.00200009e+00 2.00200009e+00
    2.00300002e+00 1.99699998e+00 1.99699998e+00 1.99500000e+00
    1.99300003e+00 1.85800004e+00 2.96099997e+00 0. 0. 0. 0. 0. 0. 0. 0.
    0. 0. 0. 0. 0. 0. 0. 0. 0. 0. 0. 0. 0. 1.02199996e+00 1.76499999e+00
    2.20199990e+00 2.13599992e+00 2.08200002e+00 2.03399992e+00
