<?xml version="1.0"?>
<opencv_storage>
<Depth type_id="opencv-matrix">
  <rows>40</rows>
  <cols>40</cols>
  <dt>f</dt>
  <data>
    0. 0. 0. 0. 0. 0. 0. 0. 0. 0. 0. 0. 0. 0. 0. 0. 0. 0. 0. 0. 0. 0. 0.
    0. 0. 0. 0. 0. 0. 0. 0. 0. 0. 0. 0. 0. 0. 0. 0. 0. 0. 0. 0. 0. 0. 0.
    0. 0. 0. 0. 0. 0. 0. 0. 0. 0. 0. 0. 0. 0. 0. 0. 0. 0. 0. 0. 0. 0. 0.
    0. 0. 0. 0. 0. 0. 0. 0. 0. 0. 0. 0. 0. 0. 0. 0. 0. 0. 0. 0. 0. 0. 0.
    0. 0. 0. 0. 0. 0. 0. 0. 0. 0. 0. 0. 0. 0. 0. 0. 0. 0. 0. 0. 0. 0. 0.
    0. 0. 0. 0. 0. 0. 0. 0. 0. 0. 0. 0. 0. 0. 0. 0. 0. 0. 0. 0. 0. 0. 0.
    0. 0. 0. 0. 0. 0. 0. 0. 0. 0. 0. 0. 0. 0. 0. 0. 0. 0. 0. 0. 0. 0. 0.
    0. 0. 0. 0. 0. 0. 0. 0. 0. 0. 0. 0. 0. 0. 0. 0. 0. 0. 0. 0. 0. 0. 0.
    0. 0. 0. 0. 0. 0. 0. 0. 0. 0. 0. 0. 0. 0. 0. 0. 0. 0. 0. 0. 0. 0. 0.
    0. 0. 0. 0. 0. 2.64199996e+00 2.54200006e+00 2.34699988e+00
    2.20900011e+00 2.12100005e+00 2.08299994e+00 2.08299994e+00
    2.08299994e+00 2.08299994e+00 2.08299994e+00 2.08299994e+00
    2.08299994e+00 2.08299994e+00 2.11299992e+00 2.15599990e+00
    2.16899991e+00 0. 0. 0. 0. 0. 0. 0. 0. 0. 0. 0. 0. 0. 0. 0. 0. 0. 0.
    0. 0. 0. 0. 0. 0. 2.61599994e+00 2.51099992e+00 2.30599999e+00
    2.17600012e+00 2.11100006e+00 2.08299994e+00 2.08299994e+00
    2.08299994e+00 2.08299994e+00 2.08299994e+00 2.08299994e+00
    2.08999991e+00 2.10200000e+00 2.12700009e+00 2.15899992e+00
    2.16899991e+00 0. 0. 0. 0. 0. 0. 0. 0. 0. 0. 0. 0. 0. 0. 0. 0. 0. 0.
    0. 0. 0. 0. 0. 0. 2.56500006e+00 2.45000005e+00 2.22600007e+00
    2.11199999e+00 2.09200001e+00 2.08299994e+00 2.08299994e+00
    2.08299994e+00 2.08299994e+00 2.08299994e+00 2.08299994e+00
    2.10500002e+00 2.13800001e+00 2.15599990e+00 2.16599989e+00
    2.16899991e+00 0. 0. 0. 0. 0. 0. 0. 0. 0. 0. 0. 0. 0. 0. 0. 0. 0. 0.
    0. 0. 0. 0. 0. 0. 2.54099989e+00 2.42199993e+00 2.19000006e+00
    2.08299994e+00 2.08299994e+00 2.08299994e+00 2.08299994e+00
    2.08299994e+00 2.08299994e+00 2.08299994e+00 2.08299994e+00
    2.11100006e+00 2.15499997e+00 2.17700005e+00 2.19000006e+00
    2.19300008e+00 0. 0. 0. 0. 0. 0. 0. 0. 0. 0. 0. 0. 0. 0. 0. 0. 0. 0.
    0. 0. 0. 0. 0. 0. 2.54099989e+00 2.42199993e+00 2.19000006e+00
    2.08299994e+00 2.08299994e+00 2.08299994e+00 2.08299994e+00
    2.08299994e+00 2.08299994e+00 2.08299994e+00 2.08299994e+00
    2.11100006e+00 2.15499997e+00 2.19300008e+00 2.22700000e+00
    2.23799992e+00 0. 0. 0. 0. 0. 0. 0. 0. 0. 0. 0. 0. 0. 0. 0. 0. 0. 0.
    0. 0. 0. 0. 0. 0. 2.48600006e+00 2.38100004e+00 2.17700005e+00
    2.08299994e+00 2.08299994e+00 2.08299994e+00 2.08299994e+00
    2.08299994e+00 2.08299994e+00 2.08299994e+00 2.08299994e+00
    2.10299993e+00 2.13400006e+00 2.16599989e+00 2.19799995e+00
    2.20700002e+00 0. 0. 0. 0. 0. 0. 0. 0. 0. 0. 0. 0. 0. 0. 0. 0. 0. 0.
    0. 0. 0. 0. 0. 0. 2.38800001e+00 2.30900002e+00 2.15400004e+00
    2.08299994e+00 2.08299994e+00 2.08299994e+00 2.08299994e+00
    2.08299994e+00 2.08299994e+00 2.08299994e+00 2.08299994e+00
    2.08899999e+00 2.09800005e+00 2.10700011e+00 2.11599994e+00
    2.11899996e+00 0. 0. 0. 0. 0. 0. 0. 0. 0. 0. 0. 0. 0. 0. 0. 0. 0. 0.
    0. 0. 0. 0. 0. 0. 2.34899998e+00 2.27999997e+00 2.14499998e+00
    2.08299994e+00 2.08299994e+00 2.08299994e+00 2.08299994e+00
    2.08299994e+00 2.08299994e+00 2.08299994e+00 2.08299994e+00
    2.08299994e+00 2.08299994e+00 2.08299994e+00 2.08299994e+00
    2.08299994e+00 0. 0. 0. 0. 0. 0. 0. 0. 0. 0. 0. 0. 0. 0. 0. 0. 0. 0.
    0. 0. 0. 0. 0. 0. 2.34899998e+00 2.27999997e+00 2.14499998e+00
    2.08299994e+00 2.08299994e+00 2.08299994e+00 2.08299994e+00
    2.08299994e+00 2.08299994e+00 2.08299994e+00 2.08299994e+00
    2.08299994e+00 2.08299994e+00 2.08299994e+00 2.08299994e+00
    2.08299994e+00 0. 0. 0. 0. 0. 0. 0. 0. 0. 0. 0. 0. 0. 0. 0. 0. 0. 0.
    0. 0. 0. 0. 0. 0. 2.34899998e+00 2.27999997e+00 2.14499998e+00
    2.08299994e+00 2.08299994e+00 2.08299994e+00 2.08299994e+00
    2.08299994e+00 2.08299994e+00 2.07500005e+00 2.06100011e+00
    2.05699992e+00 2.05699992e+00 2.05699992e+00 2.05699992e+00
    2.05699992e+00 0. 0. 0. 0. 0. 0. 0. 0. 0. 0. 0. 0. 0. 0. 0. 0. 0. 0.
    0. 0. 0. 0. 0. 0. 2.34899998e+00 2.27999997e+00 2.14499998e+00
    2.08299994e+00 2.08299994e+00 2.08299994e+00 2.08299994e+00
    2.08299994e+00 2.08299994e+00 2.06100011e+00 2.02699995e+00
    2.01500010e+00 2.01500010e+00 2.01500010e+00 2.01500010e+00
    2.01500010e+00 0. 0. 0. 0. 0. 0. 0. 0. 0. 0. 0. 0. 0. 0. 0. 0. 0. 0.
    0. 0. 0. 0. 0. 0. 2.31900001e+00 2.26500010e+00 2.16000009e+00
    2.11100006e+00 2.11100006e+00 2.10299993e+00 2.08899999e+00
    2.07500005e+00 2.06100011e+00 2.02999997e+00 1.98800004e+00
    1.96500003e+00 1.95200002e+00 1.94799995e+00 1.94799995e+00
    1.94799995e+00 0. 0. 0. 0. 0. 0. 0. 0. 0. 0. 0. 0. 0. 0. 0. 0. 0. 0.
    0. 0. 0. 0. 0. 0. 2.27200007e+00 2.24200010e+00 2.18199992e+00
    2.15499997e+00 2.15499997e+00 2.13400006e+00 2.09800005e+00
    2.06200004e+00 2.02699995e+00 1.98800004e+00 1.94700003e+00
    1.91100001e+00 1.87800002e+00 1.86699998e+00 1.86699998e+00
    1.86699998e+00 0. 0. 0. 0. 0. 0. 0. 0. 0. 0. 0. 0. 0. 0. 0. 0. 0. 0.
    0. 0. 0. 0. 0. 0. 2.22700000e+00 2.21199989e+00 2.18199992e+00
    2.16899991e+00 2.16899991e+00 2.14400005e+00 2.10100007e+00
    2.05800009e+00 2.01600003e+00 1.97399998e+00 1.93299997e+00
    1.89300001e+00 1.85399997e+00 1.84099996e+00 1.84099996e+00
    1.84099996e+00 0. 0. 0. 0. 0. 0. 0. 0. 0. 0. 0. 0. 0. 0. 0. 0. 0. 0.
    0. 0. 0. 0. 0. 0. 2.18199992e+00 2.17899990e+00 2.17199993e+00
    2.16899991e+00 2.16899991e+00 2.14400005e+00 2.10100007e+00
    2.05800009e+00 2.01600003e+00 1.97399998e+00 1.93299997e+00
    1.89300001e+00 1.85399997e+00 1.84099996e+00 1.84099996e+00
    1.84099996e+00 0. 0. 0. 0. 0. 0. 0. 0. 0. 0. 0. 0. 0. 0. 0. 0. 0. 0.
    0. 0. 0. 0. 0. 0. 2.16899991e+00 2.16899991e+00 2.16899991e+00
    2.16899991e+00 2.16899991e+00 2.15300012e+00 2.12500000e+00
    2.07900000e+00 2.02200007e+00 1.96599996e+00 1.90999997e+00
    1.87500000e+00 1.84899998e+00 1.84099996e+00 1.84099996e+00
    1.84099996e+00 0. 0. 0. 0. 0. 0. 0. 0. 0. 0. 0. 0. 0. 0. 0. 0. 0. 0.
    0. 0. 0. 0. 0. 0. 2.16899991e+00 2.16899991e+00 2.16899991e+00
    2.16899991e+00 2.16899991e+00 2.16599989e+00 2.16000009e+00
    2.10999990e+00 2.02999997e+00 1.95299995e+00 1.87800002e+00
    1.84800005e+00 1.84300005e+00 1.84099996e+00 1.84099996e+00
    1.84099996e+00 0. 0. 0. 0. 0. 0. 0. 0. 0. 0. 0. 0. 0. 0. 0. 0. 0. 0.
    0. 0. 0. 0. 0. 0. 2.20199990e+00 2.20199990e+00 2.20199990e+00
    2.19300008e+00 2.17600012e+00 2.16899991e+00 2.16899991e+00
    2.11800003e+00 2.03200006e+00 1.95000005e+00 1.86899996e+00
    1.84099996e+00 1.84099996e+00 1.84099996e+00 1.84099996e+00
    1.84099996e+00 0. 0. 0. 0. 0. 0. 0. 0. 0. 0. 0. 0. 0. 0. 0. 0. 0. 0.
    0. 0. 0. 0. 0. 0. 2.24600005e+00 2.24600005e+00 2.24600005e+00
    2.22499990e+00 2.18600011e+00 2.16899991e+00 2.16899991e+00
    2.11800003e+00 2.03200006e+00 1.95000005e+00 1.86899996e+00
    1.84099996e+00 1.84099996e+00 1.84099996e+00 1.84099996e+00
    1.84099996e+00 0. 0. 0. 0. 0. 0. 0. 0. 0. 0. 0. 0. 0. 0. 0. 0. 0. 0.
    0. 0. 0. 0. 0. 0. 2.25699997e+00 2.25699997e+00 2.25699997e+00
    2.23300004e+00 2.18799996e+00 2.16899991e+00 2.16899991e+00
    2.11800003e+00 2.03200006e+00 1.96899998e+00 1.91999996e+00
    1.90199995e+00 1.90199995e+00 2.04500008e+00 2.25600004e+00
    2.31900001e+00 0. 0. 0. 0. 0. 0. 0. 0. 0. 0. 0. 0. 0. 0. 0. 0. 0. 0.
    0. 0. 0. 0. 0. 0. 2.25699997e+00 2.25699997e+00 2.25699997e+00
    2.23300004e+00 2.18799996e+00 2.16899991e+00 2.16899991e+00
    2.11800003e+00 2.03200006e+00 1.99500000e+00 1.98599994e+00
    1.98300004e+00 1.98300004e+00 2.31399989e+00 2.80399990e+00
    2.94899988e+00 0. 0. 0. 0. 0. 0. 0. 0. 0. 0. 0. 0. 0. 0. 0. 0. 0. 0.
    0. 0. 0. 0. 0. 0. 2.25699997e+00 2.25699997e+00 2.25699997e+00
    2.23300004e+00 2.18799996e+00 2.15899992e+00 2.14199996e+00
    2.10400009e+00 2.05299997e+00 2.03299999e+00 2.03299999e+00
