<?xml version="1.0"?>
<opencv_storage>
<Depth type_id="opencv-matrix">
  <rows>40</rows>
  <cols>40</cols>
  <dt>f</dt>
  <data>
    0. 0. 0. 0. 0. 0. 0. 0. 0. 0. 0. 0. 0. 0. 0. 0. 0. 0. 0. 0. 0. 0. 0.
    0. 0. 0. 0. 0. 0. 0. 0. 0. 0. 0. 0. 0. 0. 0. 0. 0. 0. 0. 0. 0. 0. 0.
    0. 0. 0. 0. 0. 0. 0. 0. 0. 0. 0. 0. 0. 0. 0. 0. 0. 0. 0. 0. 0. 0. 0.
    0. 0. 0. 0. 0. 0. 0. 0. 0. 0. 0. 0. 0. 0. 0. 0. 0. 0. 0. 0. 0. 0. 0.
    0. 0. 0. 0. 0. 0. 0. 0. 0. 0. 0. 0. 0. 0. 0. 0. 0. 0. 0. 0. 0. 0. 0.
    0. 0. 0. 0. 0. 0. 0. 0. 0. 0. 0. 0. 0. 0. 0. 0. 0. 0. 0. 0. 0. 0. 0.
    0. 0. 0. 0. 0. 0. 0. 0. 0. 0. 0. 0. 0. 0. 0. 0. 0. 0. 0. 0. 0. 0. 0.
    0. 0. 0. 0. 0. 0. 0. 0. 0. 0. 0. 0. 0. 0. 0. 0. 0. 0. 0. 0. 0. 0. 0.
    0. 0. 0. 0. 0. 0. 0. 0. 0. 0. 0. 0. 0. 0. 0. 0. 0. 0. 0. 0. 0. 0. 0.
    0. 0. 0. 0. 0. 0. 0. 0. 0. 0. 0. 0. 0. 0. 0. 0. 0. 0. 0. 0. 0. 0. 0.
    0. 0. 0. 0. 0. 0. 0. 0. 0. 0. 0. 0. 0. 0. 0. 0. 0. 0. 0. 0. 0. 0. 0.
    0. 0. 0. 0. 0. 0. 0. 0. 0. 0. 0. 0. 0. 0. 0. 0. 0. 0. 0. 0. 0. 0. 0.
    0. 0. 0. 0. 0. 0. 0. 0. 0. 0. 0. 0. 0. 0. 0. 0. 0. 0. 0. 0. 0. 0. 0.
    0. 0. 0. 0. 0. 0. 0. 0. 0. 0. 0. 0. 0. 0. 0. 0. 0. 0. 0. 0. 0. 0. 0.
    0. 0. 0. 0. 0. 0. 0. 0. 0. 0. 0. 0. 0. 0. 0. 0. 0. 0. 0. 0. 0. 0. 0.
    0. 0. 0. 0. 0. 0. 0. 0. 0. 0. 0. 0. 0. 0. 0. 0. 0. 0. 0. 0. 0. 0. 0.
    0. 0. 0. 0. 0. 0. 0. 0. 0. 0. 0. 0. 0. 0. 0. 0. 0. 0. 0. 0. 0. 0. 0.
    0. 0. 0. 0. 0. 0. 0. 0. 0. 0. 0. 0. 0. 0. 0. 0. 0. 0. 0. 0. 0. 0. 0.
    0. 0. 0. 0. 0. 0. 0. 0. 0. 0. 0. 0. 0. 0. 0. 0. 0. 0. 0. 0. 0. 0. 0.
    0. 0. 0. 0. 0. 0. 0. 0. 0. 1.96500003e+00 2.69600010e+00
    2.76399994e+00 2.76399994e+00 2.28399992e+00 2.12100005e+00
    2.10500002e+00 2.08100009e+00 2.07100010e+00 2.07100010e+00
    2.05999994e+00 2.04699993e+00 2.04699993e+00 2.02399993e+00
    1.97700000e+00 1.97700000e+00 1.97700000e+00 1.98000002e+00 2.
    2.00099993e+00 2.02300000e+00 2.00099993e+00 2. 1.96099997e+00
    1.95500004e+00 1.95500004e+00 1.95500004e+00 1.95500004e+00 0. 0. 0.
    0. 0. 0. 0. 0. 0. 0. 0. 1.96500003e+00 2.15799999e+00 2.18700004e+00
    2.18899989e+00 2.18899989e+00 2.13800001e+00 2.12100005e+00
    2.10500002e+00 2.08100009e+00 2.07100010e+00 2.05999994e+00
    2.04800010e+00 2.01999998e+00 1.98199999e+00 1.98000002e+00
    1.97700000e+00 1.97700000e+00 1.97700000e+00 1.97700000e+00
    1.97899997e+00 1.97899997e+00 1.98000002e+00 1.97899997e+00
    1.97899997e+00 1.95799994e+00 1.95500004e+00 1.95500004e+00
    1.93900001e+00 1.93400002e+00 0. 0. 0. 0. 0. 0. 0. 0. 0. 0. 0. 0.
    1.96800005e+00 2.12700009e+00 2.12400007e+00 2.12400007e+00
    2.10500002e+00 2.09899998e+00 2.08299994e+00 2.07200003e+00
    2.05900002e+00 2.04800010e+00 2.03699994e+00 2.00500011e+00
    1.97700000e+00 1.97099996e+00 1.95799994e+00 1.95799994e+00
    1.96099997e+00 1.97700000e+00 1.97700000e+00 1.97599995e+00
    1.95799994e+00 1.95799994e+00 1.97500002e+00 1.95799994e+00
    1.95500004e+00 1.93900001e+00 1.93299997e+00 1.93200004e+00 0. 0. 0.
    0. 0. 0. 0. 0. 0. 0. 0. 1.66700006e+00 2.11299992e+00 2.12400007e+00
    2.12100005e+00 2.10400009e+00 2.08100009e+00 2.07500005e+00
    2.07200003e+00 2.05900002e+00 2.04900002e+00 2.04699993e+00
    2.03600001e+00 2.01200008e+00 1.98899996e+00 1.97000003e+00
    1.95500004e+00 1.95500004e+00 1.95899999e+00 1.97700000e+00
    1.97500002e+00 1.95799994e+00 1.95500004e+00 1.95500004e+00
    1.95799994e+00 1.95500004e+00 1.92499995e+00 1.91499996e+00
    1.92700005e+00 1.93200004e+00 0. 0. 0. 0. 0. 0. 0. 0. 0. 0. 0.
    2.14599991e+00 2.14599991e+00 2.10599995e+00 2.08500004e+00
    2.07699990e+00 2.07200003e+00 2.07100010e+00 2.07100010e+00
    2.05599999e+00 2.04699993e+00 2.04699993e+00 2.03600001e+00
    2.01300001e+00 1.99100006e+00 1.97500002e+00 1.97200000e+00
    1.97200000e+00 1.97000003e+00 1.96000004e+00 1.95899999e+00
    1.95500004e+00 1.95500004e+00 1.95500004e+00 1.95500004e+00
    1.95500004e+00 1.91900003e+00 1.91100001e+00 1.92600000e+00
    1.93200004e+00 0. 0. 0. 0. 0. 0. 0. 0. 0. 0. 0. 2.16499996e+00
    2.13000011e+00 2.08299994e+00 2.07200003e+00 2.07100010e+00
    2.07100010e+00 2.07100010e+00 2.07100010e+00 2.05599999e+00
    2.04699993e+00 2.04699993e+00 2.03600001e+00 2.01300001e+00
    1.99800003e+00 1.98800004e+00 1.97700000e+00 1.97700000e+00
    1.97300005e+00 1.95500004e+00 1.95500004e+00 1.95500004e+00
    1.95500004e+00 1.95500004e+00 1.95500004e+00 1.94000006e+00
    1.91600001e+00 1.91100001e+00 1.92600000e+00 1.93200004e+00 0. 0. 0.
    0. 0. 0. 0. 0. 0. 0. 0. 2.17199993e+00 2.10800004e+00 2.07500005e+00
    2.07100010e+00 2.07100010e+00 2.07100010e+00 2.07100010e+00
    2.07100010e+00 2.05599999e+00 2.04699993e+00 2.04699993e+00
    2.04399991e+00 2.02999997e+00 2.01600003e+00 2.00300002e+00
    1.97700000e+00 1.97700000e+00 1.97300005e+00 1.95500004e+00
    1.95500004e+00 1.95500004e+00 1.95500004e+00 1.95500004e+00
    1.94000006e+00 1.93299997e+00 1.92700005e+00 1.91400003e+00
    1.91600001e+00 1.92700005e+00 0. 0. 0. 0. 0. 0. 0. 0. 0. 0. 0.
    2.12199998e+00 2.09800005e+00 2.07399988e+00 2.07100010e+00
    2.07100010e+00 2.07100010e+00 2.07100010e+00 2.07100010e+00
    2.05599999e+00 2.04699993e+00 2.04699993e+00 2.04699993e+00
    2.03699994e+00 2.02300000e+00 2.00799990e+00 1.97700000e+00
    1.97700000e+00 1.97599995e+00 1.96700001e+00 1.95500004e+00
    1.95500004e+00 1.95500004e+00 1.95500004e+00 1.93400002e+00
    1.93200004e+00 1.93200004e+00 1.91600001e+00 1.91100001e+00
    1.92499995e+00 0. 0. 0. 0. 0. 0. 0. 0. 0. 0. 0. 2.08100009e+00
    2.08100009e+00 2.07200003e+00 2.07100010e+00 2.07100010e+00
    2.07100010e+00 2.07100010e+00 2.07100010e+00 2.05599999e+00
    2.04699993e+00 2.04699993e+00 2.04699993e+00 2.04299998e+00
    2.03800011e+00 2.02200007e+00 1.99100006e+00 1.98800004e+00
    1.97700000e+00 1.97599995e+00 1.96700001e+00 1.95500004e+00
    1.95500004e+00 1.95500004e+00 1.93400002e+00 1.93200004e+00
    1.93200004e+00 1.92600000e+00 1.92400002e+00 1.92900002e+00 0. 0. 0.
    0. 0. 0. 0. 0. 0. 0. 0. 2.07100010e+00 2.07100010e+00 2.07100010e+00
    2.07100010e+00 2.07100010e+00 2.07100010e+00 2.07100010e+00
    2.07100010e+00 2.05599999e+00 2.04699993e+00 2.04699993e+00
    2.04699993e+00 2.04699993e+00 2.04699993e+00 2.03200006e+00 2.
    1.99800003e+00 1.98699999e+00 1.97700000e+00 1.97599995e+00
    1.96700001e+00 1.95500004e+00 1.95500004e+00 1.93400002e+00
    1.93200004e+00 1.93200004e+00 1.92299998e+00 1.91999996e+00
    1.91999996e+00 0. 0. 0. 0. 0. 0. 0. 0. 0. 0. 0. 2.08400011e+00
    2.08400011e+00 2.07200003e+00 2.07100010e+00 2.07100010e+00
    2.07100010e+00 2.07100010e+00 2.06299996e+00 2.04399991e+00
    2.03500009e+00 2.04099989e+00 2.03600001e+00 2.02300000e+00
    2.02300000e+00 2.01500010e+00 2. 2. 1.99600005e+00 1.97700000e+00
    1.97700000e+00 1.97599995e+00 1.95500004e+00 1.95500004e+00
    1.94500005e+00 1.94400001e+00 1.94400001e+00 1.91799998e+00
    1.91100001e+00 1.91100001e+00 0. 0. 0. 0. 0. 0. 0. 0. 0. 0. 0.
    2.09599996e+00 2.09599996e+00 2.07399988e+00 2.07100010e+00
    2.07100010e+00 2.07100010e+00 2.07100010e+00 2.05500007e+00
    2.03200006e+00 2.02300000e+00 2.03500009e+00 2.02500010e+00
    1.99100006e+00 1.97899997e+00 1.98599994e+00 2. 2. 1.99600005e+00
    1.97700000e+00 1.97700000e+00 1.97599995e+00 1.96500003e+00
    1.95500004e+00 1.95500004e+00 1.95500004e+00 1.95500004e+00
    1.92100000e+00 1.90300000e+00 1.90100002e+00 0. 0. 0. 0. 0. 0. 0. 0.
    0. 0. 0. 0. 1.28900003e+00 1.99399996e+00 2.08200002e+00
    2.08200002e+00 2.08200002e+00 2.07399988e+00 2.05500007e+00
    2.03200006e+00 2.02300000e+00 2.02999997e+00 2.01999998e+00
    1.98099995e+00 1.95500004e+00 1.97300005e+00 2.00999999e+00
    2.00999999e+00 2.00699997e+00 1.99600005e+00 1.99500000e+00
    1.97700000e+00 1.97700000e+00 1.95599997e+00 1.95500004e+00
    1.95500004e+00 1.95500004e+00 1.92100000e+00 1.89499998e+00
    1.88900006e+00 0. 0. 0. 0. 0. 0. 0. 0. 0. 0. 0. 0. 0. 0.
    1.91900003e+00 2.09599996e+00 2.08899999e+00 2.06900001e+00
