<?xml version="1.0"?>
<opencv_storage>
<Depth type_id="opencv-matrix">
  <rows>40</rows>
  <cols>40</cols>
  <dt>f</dt>
  <data>
    0. 0. 0. 0. 0. 0. 0. 0. 0. 0. 0. 0. 0. 0. 0. 0. 0. 0. 0. 0. 0. 0. 0.
    0. 0. 0. 0. 0. 0. 0. 0. 0. 0. 0. 0. 0. 0. 0. 0. 0. 0. 0. 0. 0. 0. 0.
    0. 0. 0. 0. 0. 0. 0. 0. 0. 0. 0. 0. 0. 0. 0. 0. 0. 0. 0. 0. 0. 0. 0.
    0. 0. 0. 0. 0. 0. 0. 0. 0. 0. 0. 0. 0. 0. 0. 0. 0. 0. 0. 0. 0. 0. 0.
    0. 0. 0. 0. 0. 0. 0. 0. 0. 0. 0. 0. 0. 0. 0. 0. 0. 0. 0. 0. 0. 0. 0.
    0. 0. 0. 0. 0. 0. 0. 0. 0. 0. 0. 0. 0. 0. 0. 0. 0. 0. 0. 0. 0. 0. 0.
    0. 0. 0. 0. 0. 0. 0. 0. 0. 0. 0. 0. 0. 0. 0. 0. 0. 0. 0. 0. 0. 0. 0.
    0. 0. 0. 0. 0. 0. 0. 0. 0. 0. 0. 0. 0. 0. 0. 0. 0. 0. 0. 0. 0. 0. 0.
    0. 0. 0. 0. 0. 0. 0. 0. 0. 0. 0. 0. 0. 0. 0. 0. 0. 0. 0. 0. 0. 0. 0.
    0. 0. 0. 0. 0. 0. 0. 0. 0. 0. 0. 0. 0. 0. 0. 0. 0. 0. 0. 0. 0. 0. 0.
    0. 0. 0. 0. 0. 0. 0. 0. 0. 0. 0. 0. 0. 0. 0. 0. 0. 0. 0. 0. 0. 0. 0.
    0. 0. 0. 0. 0. 0. 0. 0. 0. 0. 0. 0. 0. 0. 0. 0. 0. 0. 0. 0. 0. 0. 0.
    0. 0. 0. 0. 0. 0. 0. 0. 0. 0. 0. 0. 0. 0. 0. 0. 0. 0. 0. 0. 0. 0. 0.
    0. 0. 0. 0. 0. 0. 0. 0. 0. 0. 0. 0. 0. 0. 0. 0. 0. 0. 0. 0. 0. 0. 0.
    0. 0. 0. 0. 0. 0. 0. 0. 0. 0. 0. 0. 0. 0. 0. 0. 0. 0. 0. 0. 0. 0. 0.
    0. 0. 0. 0. 0. 0. 0. 0. 0. 0. 0. 0. 0. 0. 0. 0. 0. 0. 0. 0. 0. 0. 0.
    0. 0. 0. 0. 0. 0. 0. 0. 0. 0. 0. 0. 0. 0. 0. 0. 0. 0. 0. 0. 0. 0. 0.
    0. 0. 0. 0. 0. 0. 0. 0. 0. 0. 0. 0. 0. 0. 0. 0. 0. 0. 0. 0. 0. 0. 0.
    0. 0. 0. 0. 0. 0. 0. 0. 0. 0. 0. 0. 0. 0. 0. 0. 0. 0. 0. 0. 0. 0. 0.
    0. 0. 0. 0. 0. 0. 0. 0. 0. 0. 0. 0. 0. 0. 0. 0. 0. 0. 0. 0. 0. 0. 0.
    0. 0. 0. 0. 0. 0. 0. 0. 0. 0. 0. 0. 0. 0. 0. 0. 0. 0. 0. 0. 0. 0. 0.
    0. 0. 0. 0. 0. 0. 0. 0. 0. 0. 0. 0. 0. 0. 0. 0. 0. 0. 0. 0. 0. 0. 0.
    0. 0. 0. 0. 0. 0. 0. 0. 0. 0. 0. 0. 0. 0. 0. 0. 0. 0. 0. 0. 0. 0. 0.
    0. 0. 0. 0. 0. 0. 0. 0. 0. 0. 0. 0. 0. 0. 0. 0. 0. 0. 0. 0. 0. 0. 0.
    0. 0. 0. 0. 0. 0. 0. 0. 0. 1.23000002e+00 1.98399997e+00
    1.98399997e+00 1.98000002e+00 1.97700000e+00 1.98199999e+00
    1.98000002e+00 1.97300005e+00 1.97300005e+00 1.98099995e+00
    1.98000002e+00 1.97700000e+00 1.97700000e+00 1.97700000e+00
    1.97700000e+00 1.97700000e+00 1.97700000e+00 1.97500002e+00
    1.97700000e+00 1.97700000e+00 1.97700000e+00 1.97700000e+00
    1.97700000e+00 1.97700000e+00 1.97300005e+00 1.97700000e+00
    1.97300005e+00 1.97300005e+00 1.97099996e+00 1.97000003e+00
    1.97300005e+00 1.96800005e+00 1.96899998e+00 1.96399999e+00
    1.96399999e+00 1.96599996e+00 1.96700001e+00 1.33599997e+00 0. 0.
    1.60699999e+00 1.98599994e+00 1.98300004e+00 1.98300004e+00
    1.98000002e+00 1.98199999e+00 1.98199999e+00 1.97800004e+00
    1.97700000e+00 1.97700000e+00 1.97899997e+00 1.97700000e+00
    1.97700000e+00 1.97700000e+00 1.97700000e+00 1.97700000e+00
    1.97700000e+00 1.98000002e+00 1.97700000e+00 1.97700000e+00
    1.97700000e+00 1.97700000e+00 1.97500002e+00 1.97300005e+00
    1.97300005e+00 1.97700000e+00 1.97599995e+00 1.97300005e+00
    1.97099996e+00 1.96800005e+00 1.97099996e+00 1.97300005e+00
    1.97300005e+00 1.96800005e+00 1.96399999e+00 1.96399999e+00
    1.96899998e+00 1.97399998e+00 0. 0. 1.61000001e+00 1.98599994e+00
    1.98199999e+00 1.98199999e+00 1.98199999e+00 1.98500001e+00
    1.98199999e+00 1.98099995e+00 1.97800004e+00 1.97700000e+00
    1.97399998e+00 1.97800004e+00 1.98000002e+00 1.97899997e+00
    1.97700000e+00 1.98099995e+00 1.98099995e+00 1.98199999e+00
    1.98199999e+00 1.97700000e+00 1.97700000e+00 1.97700000e+00
    1.97700000e+00 1.97300005e+00 1.97300005e+00 1.97700000e+00
    1.97300005e+00 1.97300005e+00 1.97300005e+00 1.97300005e+00
    1.97300005e+00 1.97300005e+00 1.97300005e+00 1.97200000e+00
    1.96899998e+00 1.97200000e+00 1.97300005e+00 1.97700000e+00 0. 0. 0.
    1.99100006e+00 1.98599994e+00 1.97700000e+00 1.97700000e+00
    1.98500001e+00 1.98000002e+00 1.98000002e+00 1.98199999e+00
    1.98199999e+00 1.97700000e+00 1.97800004e+00 1.98199999e+00
    1.98199999e+00 1.98399997e+00 1.98599994e+00 1.98699999e+00
    1.98599994e+00 1.98199999e+00 1.97700000e+00 1.98199999e+00
    1.98000002e+00 1.97700000e+00 1.97700000e+00 1.97700000e+00
    1.97700000e+00 1.97700000e+00 1.97700000e+00 1.97700000e+00
    1.97300005e+00 1.97300005e+00 1.97300005e+00 1.97300005e+00
    1.97300005e+00 1.97300005e+00 1.97300005e+00 1.97700000e+00
    1.97700000e+00 0. 0. 0. 1.99100006e+00 1.98599994e+00 1.98199999e+00
    1.97700000e+00 1.98199999e+00 1.98399997e+00 1.98399997e+00
    1.98199999e+00 1.98199999e+00 1.98199999e+00 1.98300004e+00
    1.98599994e+00 1.98599994e+00 1.98599994e+00 1.98599994e+00
    1.98599994e+00 1.98599994e+00 1.98599994e+00 1.98599994e+00
    1.98599994e+00 1.98500001e+00 1.98300004e+00 1.98300004e+00
    1.98300004e+00 1.98599994e+00 1.98599994e+00 1.98599994e+00
    1.98500001e+00 1.98000002e+00 1.98099995e+00 1.97899997e+00
    1.97800004e+00 1.98300004e+00 1.97800004e+00 1.97800004e+00
    2.09299994e+00 0. 0. 2.07599998e+00 2.07399988e+00 1.98699999e+00
    1.98800004e+00 1.99199998e+00 1.99300003e+00 1.99300003e+00
    1.99500000e+00 2.00099993e+00 1.99000001e+00 1.99000001e+00
    1.99000001e+00 1.99399996e+00 1.99699998e+00 1.99300003e+00
    1.99500000e+00 1.99899995e+00 1.99899995e+00 1.99899995e+00
    1.99899995e+00 1.99699998e+00 1.99699998e+00 1.99800003e+00 2.
    2.00999999e+00 2.00799990e+00 2.00799990e+00 2.00500011e+00
    2.01200008e+00 2.02500010e+00 2.00600004e+00 2.00799990e+00
    2.00799990e+00 2.00500011e+00 2.00799990e+00 2.01200008e+00
    1.95000005e+00 0. 0. 0. 2.07399988e+00 2.07399988e+00 1.69200003e+00
    2.00699997e+00 2.00999999e+00 2.00900006e+00 2.01600003e+00
    2.01399994e+00 2.02099991e+00 2.02600002e+00 2.02699995e+00
    2.02600002e+00 2.02900004e+00 2.03399992e+00 2.02600002e+00
    2.03399992e+00 2.02600002e+00 2.02399993e+00 2.02399993e+00
    2.02999997e+00 2.03399992e+00 2.02699995e+00 2.02500010e+00
    2.02800012e+00 2.03099990e+00 2.03200006e+00 2.03399992e+00
    2.03500009e+00 2.03500009e+00 2.03500009e+00 2.03600001e+00
    2.03600001e+00 2.03900003e+00 2.03999996e+00 2.03500009e+00
    2.03500009e+00 2.12700009e+00 0. 0. 0. 0. 0. 0. 2.01999998e+00
    2.04800010e+00 2.04999995e+00 2.04800010e+00 2.05299997e+00
    2.05500007e+00 2.04900002e+00 2.04800010e+00 2.05800009e+00
    2.05599999e+00 2.05800009e+00 2.05800009e+00 2.06100011e+00
    2.05800009e+00 2.06299996e+00 2.06500006e+00 2.05800009e+00
    2.06299996e+00 2.06299996e+00 2.06500006e+00 2.06299996e+00
    2.06299996e+00 2.06100011e+00 2.06100011e+00 2.05500007e+00
    2.06399989e+00 2.06999993e+00 2.06999993e+00 2.06699991e+00
    2.06699991e+00 2.06800008e+00 2.05999994e+00 2.06999993e+00
    2.46399999e+00 0. 0. 0. 0. 0. 0. 1.24000001e+00 2.07200003e+00
    2.07599998e+00 2.07999992e+00 2.07999992e+00 2.07999992e+00
    2.08200002e+00 2.08200002e+00 2.09100008e+00 2.08599997e+00
    2.09100008e+00 2.09400010e+00 2.09800005e+00 2.09299994e+00
    2.09800005e+00 2.10200000e+00 2.10200000e+00 2.10500002e+00
    2.10500002e+00 2.10299993e+00 2.09800005e+00 2.10100007e+00
    2.10400009e+00 2.10400009e+00 2.09599996e+00 2.10400009e+00
    2.09599996e+00 2.09800005e+00 2.09699988e+00 2.09200001e+00
    2.09500003e+00 2.09599996e+00 2.10400009e+00 0. 0. 0. 0. 0. 0. 0. 0.
    2.10999990e+00 2.11400008e+00 2.11500001e+00 2.11500001e+00
    2.11299992e+00 2.10700011e+00 2.11800003e+00 2.12599993e+00
    2.12199998e+00 2.12700009e+00 2.12899995e+00 2.13299990e+00
    2.13000011e+00 2.13000011e+00 2.13100004e+00 2.13000011e+00
    2.13100004e+00 2.14899993e+00 2.14000010e+00 2.13800001e+00
    2.14000010e+00 2.14100003e+00 2.14199996e+00 2.14599991e+00
    2.14800000e+00 2.14599991e+00 2.14599991e+00 2.14599991e+00
    2.14000010e+00 2.13100004e+00 2.12500000e+00 2.11899996e+00 0. 0. 0.
    0. 0. 2.20099998e+00 0. 0. 2.13800001e+00 2.14800000e+00
    2.15300012e+00 2.15300012e+00 2.15000010e+00 2.14800000e+00
    2.15799999e+00 2.16000009e+00 2.15400004e+00 2.16000009e+00
