<?xml version="1.0"?>
<opencv_storage>
<Depth type_id="opencv-matrix">
  <rows>40</rows>
  <cols>40</cols>
  <dt>f</dt>
  <data>
    0. 0. 0. 0. 0. 0. 0. 0. 0. 0. 0. 0. 0. 0. 0. 0. 0. 0. 0. 0. 0. 0. 0.
    0. 0. 0. 0. 0. 0. 0. 0. 0. 0. 0. 0. 0. 0. 0. 0. 0. 0. 0. 0. 0. 0. 0.
    0. 0. 0. 0. 0. 0. 0. 0. 1.70899999e+00 2.20000005e+00 2.06800008e+00
    1.98000002e+00 1.93799996e+00 1.91700006e+00 1.91700006e+00
    1.91700006e+00 1.91700006e+00 1.89800000e+00 1.85699999e+00
    1.83599997e+00 1.83599997e+00 1.83599997e+00 0. 0. 0. 0. 0. 0. 0. 0.
    0. 0. 0. 0. 0. 0. 0. 0. 0. 0. 0. 0. 0. 0. 0. 0. 0. 1.17400002e+00
    1.88399994e+00 2.18300009e+00 2.06200004e+00 1.98000002e+00
    1.93799996e+00 1.91700006e+00 1.91700006e+00 1.91700006e+00
    1.91700006e+00 1.89300001e+00 1.84300005e+00 1.81700003e+00
    1.81700003e+00 1.81700003e+00 0. 0. 0. 0. 0. 0. 0. 0. 0. 0. 0. 0. 0.
    0. 0. 0. 0. 0. 0. 0. 0. 0. 0. 0. 2.34999990e+00 2.31200004e+00
    2.23600006e+00 2.14899993e+00 2.04999995e+00 1.98000002e+00
    1.93799996e+00 1.91700006e+00 1.91700006e+00 1.91700006e+00
    1.91700006e+00 1.88399994e+00 1.81400001e+00 1.77800000e+00
    1.77800000e+00 1.77800000e+00 0. 0. 0. 0. 0. 0. 0. 0. 0. 0. 0. 0. 0.
    0. 0. 0. 0. 0. 0. 0. 0. 0. 0. 0. 2.91199994e+00 2.72300005e+00
    2.34400010e+00 2.11999989e+00 2.05500007e+00 2.00099993e+00
    1.95899999e+00 1.93700004e+00 1.93700004e+00 1.93299997e+00
    1.92200005e+00 1.87899995e+00 1.79999995e+00 1.75800002e+00
    1.75800002e+00 1.75800002e+00 0. 0. 0. 0. 0. 0. 0. 0. 0. 0. 0. 0. 0.
    0. 0. 0. 0. 0. 0. 0. 0. 0. 0. 0. 2.48399997e+00 2.39000010e+00
    2.20300007e+00 2.09699988e+00 2.07500005e+00 2.04299998e+00
    2.00099993e+00 1.97899997e+00 1.97899997e+00 1.96399999e+00
    1.93299997e+00 1.87899995e+00 1.79999995e+00 1.75800002e+00
    1.75800002e+00 1.75800002e+00 0. 0. 0. 0. 0. 0. 0. 0. 0. 0. 0. 0. 0.
    0. 0. 0. 0. 0. 0. 0. 0. 0. 0. 0. 2.22199988e+00 2.18799996e+00
    2.11999989e+00 2.08100009e+00 2.06999993e+00 2.04900002e+00
    2.01699996e+00 2. 2. 1.98500001e+00 1.95400000e+00 1.89900005e+00
    1.81900001e+00 1.77699995e+00 1.77699995e+00 1.77699995e+00 0. 0. 0.
    0. 0. 0. 0. 0. 0. 0. 0. 0. 0. 0. 0. 0. 0. 0. 0. 0. 0. 0. 0. 0.
    2.13199997e+00 2.12100005e+00 2.09800005e+00 2.06999993e+00
    2.03800011e+00 2.01699996e+00 2.00600004e+00 2. 2. 1.99500000e+00
    1.98399997e+00 1.94000006e+00 1.85899997e+00 1.81599998e+00
    1.81599998e+00 1.81599998e+00 0. 0. 0. 0. 0. 0. 0. 0. 0. 0. 0. 0. 0.
    0. 0. 0. 0. 0. 0. 0. 0. 0. 0. 0. 2.08599997e+00 2.08599997e+00
    2.08599997e+00 2.06500006e+00 2.02200007e+00 2. 2. 2. 2. 2. 2.
    1.96099997e+00 1.87899995e+00 1.83599997e+00 1.83599997e+00
    1.83599997e+00 0. 0. 0. 0. 0. 0. 0. 0. 0. 0. 0. 0. 0. 0. 0. 0. 0. 0.
    0. 0. 0. 0. 0. 0. 2.08599997e+00 2.08599997e+00 2.08599997e+00
    2.06500006e+00 2.02200007e+00 2. 2. 2. 2. 2. 2. 1.96099997e+00
    1.87899995e+00 1.83599997e+00 1.83599997e+00 1.83599997e+00 0. 0. 0.
    0. 0. 0. 0. 0. 0. 0. 0. 0. 0. 0. 0. 0. 0. 0. 0. 0. 0. 0. 0. 0.
    2.08599997e+00 2.08100009e+00 2.06999993e+00 2.04900002e+00
    2.01699996e+00 2.00500011e+00 2.01500010e+00 2.02099991e+00
    2.02099991e+00 2.01600003e+00 2.00500011e+00 1.96500003e+00
    1.89300001e+00 1.85599995e+00 1.85599995e+00 1.85599995e+00 0. 0. 0.
    0. 0. 0. 0. 0. 0. 0. 0. 0. 0. 0. 0. 0. 0. 0. 0. 0. 0. 0. 0. 0.
    2.08599997e+00 2.06999993e+00 2.03800011e+00 2.01699996e+00
    2.00600004e+00 2.01600003e+00 2.04699993e+00 2.06399989e+00
    2.06399989e+00 2.04800010e+00 2.01699996e+00 1.97500002e+00
    1.92299998e+00 1.89600003e+00 1.89600003e+00 1.89600003e+00 0. 0. 0.
    0. 0. 0. 0. 0. 0. 0. 0. 0. 0. 0. 0. 0. 0. 0. 0. 0. 0. 0. 0. 0.
    2.08599997e+00 2.06500006e+00 2.02200007e+00 2. 2. 2.01600003e+00
    2.04900002e+00 2.06999993e+00 2.08100009e+00 2.06500006e+00
    2.02200007e+00 1.98500001e+00 1.95299995e+00 1.93700004e+00
    1.93700004e+00 1.93700004e+00 0. 0. 0. 0. 0. 0. 0. 0. 0. 0. 0. 0. 0.
    0. 0. 0. 0. 0. 0. 0. 0. 0. 0. 0. 2.08599997e+00 2.06500006e+00
    2.02200007e+00 2. 2. 2.00600004e+00 2.01699996e+00 2.03800011e+00
    2.06999993e+00 2.06500006e+00 2.02200007e+00 1.99500000e+00
    1.98399997e+00 1.97800004e+00 1.97800004e+00 1.97800004e+00 0. 0. 0.
    0. 0. 0. 0. 0. 0. 0. 0. 0. 0. 0. 0. 0. 0. 0. 0. 0. 0. 0. 0. 0.
    2.08599997e+00 2.06500006e+00 2.02200007e+00 2. 2. 2. 2.
    2.01600003e+00 2.04900002e+00 2.04500008e+00 2.00200009e+00
    1.98000002e+00 1.98000002e+00 1.98000002e+00 1.98000002e+00
    1.98000002e+00 0. 0. 0. 0. 0. 0. 0. 0. 0. 0. 0. 0. 0. 0. 0. 0. 0. 0.
    0. 0. 0. 0. 0. 0. 2.08599997e+00 2.06500006e+00 2.02200007e+00 2. 2.
    2. 2. 2.00600004e+00 2.01699996e+00 2.00200009e+00 1.96099997e+00
    1.93900001e+00 1.93900001e+00 1.93900001e+00 1.93900001e+00
    1.93900001e+00 0. 0. 0. 0. 0. 0. 0. 0. 0. 0. 0. 0. 0. 0. 0. 0. 0. 0.
    0. 0. 0. 0. 0. 0. 2.10700011e+00 2.08500004e+00 2.04200006e+00
    2.01999998e+00 2.01999998e+00 2.01999998e+00 2.01999998e+00
    2.01500010e+00 2.00500011e+00 1.98000002e+00 1.93900001e+00
    1.91700006e+00 1.91700006e+00 1.91700006e+00 1.91700006e+00
    1.91700006e+00 0. 0. 0. 0. 0. 0. 0. 0. 0. 0. 0. 0. 0. 0. 0. 0. 0. 0.
    0. 0. 0. 0. 0. 0. 2.15100002e+00 2.12899995e+00 2.08500004e+00
    2.06299996e+00 2.06299996e+00 2.06299996e+00 2.06299996e+00
    2.04800010e+00 2.01600003e+00 1.98000002e+00 1.93900001e+00
    1.91700006e+00 1.91700006e+00 1.91700006e+00 1.91700006e+00
    1.91700006e+00 0. 0. 0. 0. 0. 0. 0. 0. 0. 0. 0. 0. 0. 0. 0. 0. 0. 0.
    0. 0. 0. 0. 0. 0. 2.17400002e+00 2.15199995e+00 2.10800004e+00
    2.08599997e+00 2.08599997e+00 2.08100009e+00 2.07100010e+00
    2.04999995e+00 2.01699996e+00 1.98000002e+00 1.93900001e+00
    1.91700006e+00 1.91700006e+00 1.91700006e+00 1.91700006e+00
    1.91700006e+00 0. 0. 0. 0. 0. 0. 0. 0. 0. 0. 0. 0. 0. 0. 0. 0. 0. 0.
    0. 0. 0. 0. 0. 0. 2.17400002e+00 2.15199995e+00 2.10800004e+00
    2.08599997e+00 2.08599997e+00 2.07100010e+00 2.03900003e+00
    2.01699996e+00 2.00600004e+00 1.98000002e+00 1.93900001e+00
    1.91700006e+00 1.91700006e+00 1.91700006e+00 1.91700006e+00
    1.91700006e+00 0. 0. 0. 0. 0. 0. 0. 0. 0. 0. 0. 0. 0. 0. 0. 0. 0. 0.
    0. 0. 0. 0. 0. 0. 2.17400002e+00 2.15700006e+00 2.12299991e+00
    2.10100007e+00 2.09100008e+00 2.06500006e+00 2.02200007e+00 2. 2.
    1.98000002e+00 1.93900001e+00 1.91700006e+00 1.91700006e+00
    1.91700006e+00 1.91700006e+00 1.91700006e+00 0. 0. 0. 0. 0. 0. 0. 0.
    0. 0. 0. 0. 0. 0. 0. 0. 0. 0. 0. 0. 0. 0. 0. 0. 2.17400002e+00
    2.16799998e+00 2.15599990e+00 2.13400006e+00 2.10200000e+00
    2.06500006e+00 2.02200007e+00 2. 2. 1.98000002e+00 1.93900001e+00
    1.91700006e+00 1.91700006e+00 1.91700006e+00 1.91700006e+00
    1.91700006e+00 0. 0. 0. 0. 0. 0. 0. 0. 0. 0. 0. 0. 0. 0. 0. 0. 0. 0.
    0. 0. 0. 0. 0. 0. 2.15400004e+00 2.15400004e+00 2.15400004e+00
    2.13199997e+00 2.08800006e+00 2.04999995e+00 2.01699996e+00 2. 2.
    1.98500001e+00 1.95299995e+00 1.93599999e+00 1.93599999e+00
    1.93599999e+00 1.93599999e+00 1.93599999e+00 0. 0. 0. 0. 0. 0. 0. 0.
    0. 0. 0. 0. 0. 0. 0. 0. 0. 0. 0. 0. 0. 0. 0. 0. 2.10999990e+00
    2.10999990e+00 2.10999990e+00 2.08800006e+00 2.04500008e+00
    2.01799989e+00 2.00600004e+00 2. 2. 1.99500000e+00 1.98300004e+00
    1.97800004e+00 1.97800004e+00 1.97800004e+00 1.97800004e+00
    1.97800004e+00 0. 0. 0. 0. 0. 0. 0. 0. 0. 0. 0. 0. 0. 0. 0. 0. 0. 0.
    0. 0. 0. 0. 0. 0. 2.06599998e+00 2.06599998e+00 2.06599998e+00
    2.04999995e+00 2.01699996e+00 2. 2. 2. 2. 2. 2. 2.00500011e+00
    2.01399994e+00 2.01999998e+00 2.01999998e+00 2.01999998e+00 0. 0. 0.
    0. 0. 0. 0. 0. 0. 0. 0. 0. 0. 0. 0. 0. 0. 0. 0. 0. 0. 0. 0. 0.
    2.02300000e+00 2.02300000e+00 2.02300000e+00 2.01799989e+00
    2.00600004e+00 2. 2. 2. 2. 2. 2. 2.01500010e+00 2.04600000e+00
    2.06299996e+00 2.06299996e+00 2.06299996e+00 0. 0. 0. 0. 0. 0. 0. 0.
    0. 0. 0. 0. 0. 0. 0. 0. 0. 0. 0. 0. 0. 0. 0. 0. 2. 2. 2.
