<?xml version="1.0"?>
<opencv_storage>
<Depth type_id="opencv-matrix">
  <rows>40</rows>
  <cols>40</cols>
  <dt>f</dt>
  <data>
    0. 0. 0. 0. 0. 0. 0. 0. 0. 0. 0. 0. 0. 0. 0. 0. 0. 0. 0. 0. 0. 0. 0.
    0. 0. 0. 0. 0. 0. 0. 0. 0. 0. 0. 0. 0. 0. 0. 0. 0. 0. 0. 0. 0. 0. 0.
    0. 0. 0. 0. 0. 0. 0. 0. 0. 0. 0. 0. 0. 0. 0. 0. 0. 0. 0. 0. 0. 0. 0.
    0. 0. 0. 0. 0. 0. 0. 0. 0. 0. 0. 0. 0. 0. 0. 0. 0. 0. 0. 0. 0. 0. 0.
    0. 0. 0. 0. 0. 0. 0. 0. 0. 0. 0. 0. 0. 0. 0. 0. 0. 0. 0. 0. 0. 0. 0.
    0. 0. 0. 0. 0. 0. 0. 0. 0. 0. 0. 0. 0. 0. 0. 0. 0. 0. 0. 0. 0. 0. 0.
    0. 0. 0. 0. 0. 0. 0. 0. 0. 0. 0. 0. 0. 0. 0. 0. 0. 0. 0. 0. 0. 0. 0.
    0. 0. 0. 0. 0. 0. 0. 0. 0. 0. 0. 0. 0. 0. 0. 0. 0. 0. 0. 0. 0. 0. 0.
    0. 0. 0. 0. 0. 0. 0. 0. 0. 0. 0. 0. 0. 0. 0. 0. 0. 0. 0. 0. 0. 0. 0.
    0. 0. 0. 0. 0. 0. 0. 0. 0. 0. 0. 0. 0. 0. 0. 0. 0. 0. 0. 0. 0. 0. 0.
    0. 0. 0. 0. 0. 0. 0. 0. 0. 0. 0. 0. 0. 0. 0. 0. 0. 0. 0. 0. 0. 0. 0.
    0. 0. 0. 0. 0. 0. 0. 0. 0. 0. 0. 0. 0. 0. 0. 0. 0. 0. 0. 0. 0. 0. 0.
    0. 0. 0. 0. 0. 0. 0. 0. 0. 0. 0. 0. 0. 0. 0. 0. 0. 0. 0. 0. 0. 0. 0.
    0. 0. 0. 0. 0. 0. 0. 0. 0. 0. 0. 0. 0. 0. 0. 0. 0. 0. 0. 0. 0. 0. 0.
    0. 2.12700009e+00 2.12700009e+00 2.10899997e+00 2.09500003e+00
    2.08699989e+00 2.06200004e+00 2.06200004e+00 2.06200004e+00
    2.04500008e+00 2.03099990e+00 2.01900005e+00 1.97000003e+00
    1.97000003e+00 2.64000010e+00 2.95199990e+00 2.95199990e+00
    2.95199990e+00 2.95199990e+00 2.91000009e+00 2.86800003e+00
    2.85100007e+00 2.85100007e+00 2.84400010e+00 2.80500007e+00
    2.80299997e+00 2.80299997e+00 2.80299997e+00 2.78999996e+00
    2.75600004e+00 2.75600004e+00 2.75600004e+00 2.75600004e+00
    2.75600004e+00 0. 0. 0. 0. 0. 0. 0. 2.10299993e+00 2.10299993e+00
    2.09899998e+00 2.09500003e+00 2.09299994e+00 2.08699989e+00
    2.08699989e+00 2.06900001e+00 2.04500008e+00 2.03099990e+00
    2.01900005e+00 1.97000003e+00 1.97000003e+00 2.14199996e+00
    2.59500003e+00 2.95199990e+00 2.95199990e+00 2.95199990e+00
    2.91000009e+00 2.86800003e+00 2.85100007e+00 2.85100007e+00
    2.84899998e+00 2.83899999e+00 2.80999994e+00 2.80299997e+00
    2.80299997e+00 2.78999996e+00 2.75600004e+00 2.75600004e+00
    2.75600004e+00 2.75600004e+00 2.75600004e+00 0. 0. 0. 0. 0. 0. 0.
    2.09500003e+00 2.09500003e+00 2.09500003e+00 2.09500003e+00
    2.09500003e+00 2.09500003e+00 2.09500003e+00 2.07100010e+00
    2.05500007e+00 2.04200006e+00 2.02200007e+00 1.98699999e+00
    1.97300005e+00 1.97000003e+00 2.22099996e+00 2.46300006e+00
    2.54399991e+00 2.95000005e+00 2.91000009e+00 2.86800003e+00
    2.85100007e+00 2.85100007e+00 2.85100007e+00 2.85100007e+00
    2.83500004e+00 2.82999992e+00 2.81800008e+00 2.79699993e+00
    2.78299999e+00 2.78299999e+00 2.78299999e+00 2.76699996e+00
    2.75600004e+00 0. 0. 0. 0. 0. 0. 0. 2.09500003e+00 2.09500003e+00
    2.09500003e+00 2.09500003e+00 2.09500003e+00 2.09500003e+00
    2.09500003e+00 2.07100010e+00 2.05500007e+00 2.04299998e+00
    2.02699995e+00 2.01200008e+00 2.00799990e+00 2.00699997e+00
    2.04500008e+00 2.07299995e+00 2.14299989e+00 2.56999993e+00
    2.54699993e+00 2.74300003e+00 2.85100007e+00 2.85100007e+00
    2.85100007e+00 2.85100007e+00 2.85100007e+00 2.85100007e+00
    2.83800006e+00 2.81699991e+00 2.80299997e+00 2.80299997e+00
    2.80299997e+00 2.78600001e+00 2.77500010e+00 0. 0. 0. 0. 0. 0. 0.
    2.10200000e+00 2.09699988e+00 2.09500003e+00 2.09500003e+00
    2.09500003e+00 2.09500003e+00 2.08800006e+00 2.06900001e+00
    2.04500008e+00 2.03099990e+00 2.03099990e+00 2.03200006e+00
    2.05699992e+00 2.06200004e+00 2.05800009e+00 2.03600001e+00 2. 2. 2.
    2.42799997e+00 2.65799999e+00 2.71700001e+00 2.84999990e+00
    2.83999991e+00 2.83999991e+00 2.85400009e+00 2.85700011e+00
    2.83800006e+00 2.80299997e+00 2.80299997e+00 2.80299997e+00
    2.79699993e+00 2.79200006e+00 0. 0. 0. 0. 0. 0. 0. 2.12700009e+00
    2.10299993e+00 2.09500003e+00 2.09500003e+00 2.09500003e+00
    2.09299994e+00 2.06599998e+00 2.06200004e+00 2.04500008e+00
    2.03099990e+00 2.03099990e+00 2.03200006e+00 2.05699992e+00
    2.06200004e+00 2.04600000e+00 2.02099991e+00 2. 2. 1.99899995e+00
    1.99800003e+00 1.99800003e+00 2.24699998e+00 2.80399990e+00
    2.80299997e+00 2.80299997e+00 2.86400008e+00 2.87899995e+00
    2.83800006e+00 2.80299997e+00 2.80299997e+00 2.80100012e+00
    2.77399993e+00 2.75600004e+00 0. 0. 0. 0. 0. 0. 0. 2.12700009e+00
    2.10299993e+00 2.09500003e+00 2.09500003e+00 2.09500003e+00
    2.09299994e+00 2.06599998e+00 2.06200004e+00 2.04500008e+00
    2.03099990e+00 2.03099990e+00 2.03200006e+00 2.05699992e+00
    2.06200004e+00 2.04600000e+00 2.02099991e+00 2. 2. 1.97800004e+00
    1.97300005e+00 1.97300005e+00 2.01200008e+00 2.19499993e+00
    2.77800012e+00 2.80299997e+00 2.86400008e+00 2.87899995e+00
    2.83800006e+00 2.80299997e+00 2.80299997e+00 2.77099991e+00
    2.75799990e+00 2.75600004e+00 0. 0. 0. 0. 0. 0. 0. 2.15100002e+00
    2.10899997e+00 2.08200002e+00 2.07100010e+00 2.07699990e+00
    2.09299994e+00 2.06599998e+00 2.06200004e+00 2.04500008e+00
    2.03099990e+00 2.03099990e+00 2.03200006e+00 2.05699992e+00
    2.06200004e+00 2.04600000e+00 2.02099991e+00 2. 2. 1.97500002e+00
    1.97000003e+00 1.97000003e+00 1.97300005e+00 2.00999999e+00
    2.20199990e+00 2.21000004e+00 2.22700000e+00 2.23200011e+00
    2.22000003e+00 2.21000004e+00 2.21000004e+00 2.19899988e+00
    2.50799990e+00 2.72300005e+00 0. 0. 0. 0. 0. 0. 0. 2.16100001e+00
    2.11199999e+00 2.07599998e+00 2.06200004e+00 2.06500006e+00
    2.07599998e+00 2.06399989e+00 2.06200004e+00 2.05399990e+00
    2.04200006e+00 2.03099990e+00 2.03200006e+00 2.05699992e+00
    2.06200004e+00 2.04600000e+00 2.02600002e+00 2.01399994e+00 2.
    1.98899996e+00 1.97599995e+00 1.97000003e+00 1.97000003e+00
    1.97000003e+00 1.97000003e+00 1.97000003e+00 1.97000003e+00
    1.97000003e+00 1.97000003e+00 1.97000003e+00 1.97000003e+00
    1.97000003e+00 2.40700006e+00 2.71000004e+00 0. 0. 0. 0. 0. 0. 0. 0.
    1.75500000e+00 2.03699994e+00 2.03699994e+00 2.05299997e+00
    2.06200004e+00 2.06200004e+00 2.06200004e+00 2.05599999e+00
    2.04299998e+00 2.03099990e+00 2.03200006e+00 2.05699992e+00
    2.05399990e+00 2.03500009e+00 2.01999998e+00 2.01600003e+00 2. 2.
    1.98000002e+00 1.97000003e+00 1.97000003e+00 1.97000003e+00
    1.97000003e+00 1.97000003e+00 1.97000003e+00 1.97000003e+00
    1.96700001e+00 1.95899999e+00 1.95899999e+00 1.95899999e+00
    2.22900009e+00 2.41499996e+00 0. 0. 0. 0. 0. 0. 0. 0. 1.14400005e+00
    1.97000003e+00 1.99000001e+00 2.02900004e+00 2.06200004e+00
    2.06200004e+00 2.06200004e+00 2.04500008e+00 2.03099990e+00
    2.03099990e+00 2.03200006e+00 2.05699992e+00 2.04099989e+00
    2.01500010e+00 2. 2. 2. 2. 1.98000002e+00 1.97000003e+00
    1.97000003e+00 1.97000003e+00 1.97000003e+00 1.96500003e+00
    1.96399999e+00 1.96399999e+00 1.95599997e+00 1.93400002e+00
    1.93400002e+00 1.93400002e+00 1.92100000e+00 1.91100001e+00 0. 0. 0.
    0. 0. 0. 0. 0. 1.08299994e+00 1.93499994e+00 1.97000003e+00
    1.99100006e+00 2.06200004e+00 2.06200004e+00 2.06200004e+00
    2.04500008e+00 2.03099990e+00 2.03099990e+00 2.03200006e+00
    2.05699992e+00 2.04099989e+00 2.01500010e+00 2. 2. 2. 2.
    1.98000002e+00 1.97000003e+00 1.97000003e+00 1.97000003e+00
    1.97000003e+00 1.94599998e+00 1.94000006e+00 1.94000006e+00
    1.93099999e+00 1.91100001e+00 1.91100001e+00 1.91100001e+00
    1.91100001e+00 1.91100001e+00 0. 0. 0. 0. 0. 0. 0. 0. 0. 0.
    1.97000003e+00 1.99100006e+00 2.06200004e+00 2.06200004e+00
    2.06200004e+00 2.04500008e+00 2.03099990e+00 2.03099990e+00
    2.03200006e+00 2.05699992e+00 2.04099989e+00 2.01500010e+00 2. 2. 2.
    2. 1.98000002e+00 1.97000003e+00 1.97000003e+00 1.97000003e+00
    1.97000003e+00 1.94599998e+00 1.94000006e+00 1.92900002e+00
    1.91400003e+00 1.91100001e+00 1.91100001e+00 1.91100001e+00
    1.91100001e+00 1.91100001e+00 0. 0. 0. 0. 0. 0. 0. 0. 0. 0. 0. 0.
    2.06200004e+00 2.06200004e+00 2.04699993e+00 2.03600001e+00
