<?xml version="1.0"?>
<opencv_storage>
<Depth type_id="opencv-matrix">
  <rows>40</rows>
  <cols>40</cols>
  <dt>f</dt>
  <data>
    0. 0. 0. 0. 0. 0. 0. 0. 0. 0. 0. 0. 0. 0. 0. 0. 0. 0. 0. 0. 0. 0. 0.
    0. 0. 0. 0. 0. 0. 0. 0. 0. 0. 0. 0. 0. 0. 0. 0. 0. 0. 0. 0. 0. 0. 0.
    0. 0. 0. 0. 0. 0. 0. 0. 0. 0. 0. 0. 0. 0. 0. 0. 0. 0. 0. 0. 0. 0. 0.
    0. 0. 0. 0. 0. 0. 0. 0. 0. 0. 0. 0. 0. 0. 0. 0. 0. 0. 0. 0. 0. 0. 0.
    0. 0. 0. 0. 0. 0. 0. 2.83599997e+00 2.03399992e+00 2.01600003e+00
    2.01399994e+00 2. 2.00699997e+00 0. 0. 0. 0. 0. 0. 0. 0. 0. 0. 0. 0.
    0. 0. 0. 0. 0. 0. 0. 0. 0. 0. 0. 0. 0. 0. 0. 0. 0. 0. 0. 0.
    2.05900002e+00 2.03999996e+00 2.03200006e+00 2.01900005e+00
    2.01600003e+00 2.01399994e+00 2.00399995e+00 2.00900006e+00
    2.01600003e+00 2.03699994e+00 2.04800010e+00 2.04800010e+00
    2.04800010e+00 2.04800010e+00 0. 0. 0. 0. 0. 0. 0. 0. 0. 0. 0. 0. 0.
    0. 0. 0. 0. 0. 0. 0. 0. 0. 2.53999996e+00 2.10899997e+00
    2.09699988e+00 2.06399989e+00 2.05900002e+00 2.03999996e+00
    2.03200006e+00 2.01900005e+00 2.01600003e+00 2.01600003e+00
    2.01600003e+00 2.01600003e+00 2.01999998e+00 2.02999997e+00
    2.04699993e+00 2.04800010e+00 2.04800010e+00 2.04800010e+00 0. 0. 0.
    0. 0. 0. 0. 0. 0. 0. 0. 0. 0. 0. 0. 0. 0. 0. 0. 0. 2.80800009e+00
    2.13100004e+00 2.11500001e+00 2.09999990e+00 2.09699988e+00
    2.06399989e+00 2.05900002e+00 2.03999996e+00 2.02600002e+00
    2.01699996e+00 2.00699997e+00 2.00799990e+00 2.01900005e+00
    2.02500010e+00 2.02900004e+00 2.03200006e+00 2.04699993e+00
    2.04800010e+00 2.04800010e+00 2.04800010e+00 0. 0. 0. 0. 0. 0. 0. 0.
    0. 0. 0. 0. 0. 0. 0. 0. 0. 0. 0. 2.18600011e+00 2.17199993e+00
    2.13100004e+00 2.11500001e+00 2.11100006e+00 2.09699988e+00
    2.07399988e+00 2.05900002e+00 2.03999996e+00 2.02200007e+00
    2.01600003e+00 2. 2.00200009e+00 2.02099991e+00 2.03200006e+00
    2.03200006e+00 2.03200006e+00 2.03600001e+00 2.04800010e+00
    2.04800010e+00 2.04800010e+00 0. 0. 0. 0. 0. 0. 0. 0. 0. 0. 0. 0. 0.
    0. 0. 0. 0. 0. 0. 2.18199992e+00 2.16199994e+00 2.13899994e+00
    2.11999989e+00 2.11500001e+00 2.09800005e+00 2.07800007e+00
    2.05900002e+00 2.03999996e+00 2.02200007e+00 2.01600003e+00 2.
    2.00200009e+00 2.02099991e+00 2.03200006e+00 2.03200006e+00
    2.03200006e+00 2.03200006e+00 2.04800010e+00 2.04800010e+00
    2.04800010e+00 0. 0. 0. 0. 0. 0. 0. 0. 0. 0. 0. 0. 0. 0. 0. 0. 0. 0.
    2.20300007e+00 2.17700005e+00 2.15000010e+00 2.14100003e+00
    2.11999989e+00 2.11500001e+00 2.09800005e+00 2.07800007e+00
    2.05900002e+00 2.03999996e+00 2.02200007e+00 2.01600003e+00
    2.00099993e+00 2.00200009e+00 2.02099991e+00 2.03200006e+00
    2.03200006e+00 2.03200006e+00 2.03200006e+00 2.03200006e+00
    2.03200006e+00 2.03200006e+00 0. 0. 0. 0. 0. 0. 0. 0. 0. 0. 0. 0. 0.
    0. 0. 0. 0. 0. 2.16799998e+00 2.16400003e+00 2.15000010e+00
    2.14199996e+00 2.12299991e+00 2.11500001e+00 2.09400010e+00
    2.06299996e+00 2.05699992e+00 2.03999996e+00 2.02200007e+00
    2.01600003e+00 2.01600003e+00 2.01600003e+00 2.02099991e+00
    2.03200006e+00 2.03200006e+00 2.03200006e+00 2.04399991e+00
    2.03099990e+00 2.01600003e+00 2.01600003e+00 0. 0. 0. 0. 0. 0. 0. 0.
    0. 0. 0. 0. 0. 0. 0. 0. 0. 0. 2.16799998e+00 2.16400003e+00
    2.15000010e+00 2.15000010e+00 2.13800001e+00 2.11700010e+00
    2.08100009e+00 2.06100011e+00 2.04800010e+00 2.03999996e+00
    2.02200007e+00 2.01600003e+00 2.01600003e+00 2.01600003e+00
    2.02099991e+00 2.03200006e+00 2.03200006e+00 2.03600001e+00
    2.03200006e+00 2.03099990e+00 2.01600003e+00 2.01600003e+00 0. 0. 0.
    0. 0. 0. 0. 0. 0. 0. 0. 0. 0. 0. 0. 0. 0. 0. 2.17600012e+00
    2.16400003e+00 2.15000010e+00 2.14499998e+00 2.13499999e+00
    2.11700010e+00 2.08899999e+00 2.06299996e+00 2.05299997e+00
    2.03999996e+00 2.02699995e+00 2.01699996e+00 2.01600003e+00
    2.01600003e+00 2.01799989e+00 2.02800012e+00 2.03200006e+00
    2.04399991e+00 2.03299999e+00 2.03099990e+00 2.01600003e+00
    2.01600003e+00 0. 0. 0. 0. 0. 0. 0. 0. 0. 0. 0. 0. 0. 0. 0. 0. 0. 0.
    0. 2.17300010e+00 2.15000010e+00 2.14100003e+00 2.13299990e+00
    2.11700010e+00 2.09699988e+00 2.07100010e+00 2.05200005e+00
    2.03999996e+00 2.02500010e+00 2.00900006e+00 2.00600004e+00
    2.00699997e+00 2.01600003e+00 2.02300000e+00 2.03200006e+00
    2.04399991e+00 2.03299999e+00 2.03099990e+00 2.01600003e+00
    2.01600003e+00 0. 0. 0. 0. 0. 0. 0. 0. 0. 0. 0. 0. 0. 0. 0. 0. 0. 0.
    2.60899997e+00 2.17700005e+00 2.15000010e+00 2.14100003e+00
    2.13299990e+00 2.11700010e+00 2.09800005e+00 2.07500005e+00
    2.04800010e+00 2.03999996e+00 2.02200007e+00 2.00300002e+00 2.
    2.00200009e+00 2.01600003e+00 2.02300000e+00 2.03200006e+00
    2.03399992e+00 2.03200006e+00 2.01900005e+00 2.01600003e+00
    2.01600003e+00 0. 0. 0. 0. 0. 0. 0. 0. 0. 0. 0. 0. 0. 0. 0. 0. 0. 0.
    2.22099996e+00 2.18600011e+00 2.17100000e+00 2.13100004e+00
    2.11599994e+00 2.11500001e+00 2.09800005e+00 2.07800007e+00
    2.05800009e+00 2.03999996e+00 2.02200007e+00 2.00300002e+00 2.
    2.00200009e+00 2.01999998e+00 2.03200006e+00 2.03200006e+00
    2.03200006e+00 2.03200006e+00 2.01600003e+00 2.67400002e+00 0. 0. 0.
    0. 0. 0. 0. 0. 0. 0. 0. 0. 0. 0. 0. 0. 0. 0. 0. 0. 2.18099999e+00
    2.16000009e+00 2.13100004e+00 2.11500001e+00 2.11500001e+00
    2.09800005e+00 2.07800007e+00 2.05900002e+00 2.04099989e+00
    2.03299999e+00 2.00799990e+00 2.00200009e+00 2.00399995e+00
    2.02099991e+00 2.03200006e+00 2.03200006e+00 2.03200006e+00
    2.01699996e+00 2.01600003e+00 2.69499993e+00 0. 0. 0. 0. 0. 0. 0. 0.
    0. 0. 0. 0. 0. 0. 0. 0. 0. 0. 0. 2.20400000e+00 2.17700005e+00
    2.14800000e+00 2.12899995e+00 2.11500001e+00 2.11500001e+00
    2.09800005e+00 2.07800007e+00 2.05900002e+00 2.04800010e+00
    2.03800011e+00 2.02300000e+00 2.01600003e+00 2.01600003e+00
    2.02099991e+00 2.03200006e+00 2.03200006e+00 2.03200006e+00
    2.02200007e+00 2.02099991e+00 2.69799995e+00 0. 0. 0. 0. 0. 0. 0. 0.
    0. 0. 0. 0. 0. 0. 0. 0. 0. 0. 0. 2.20400000e+00 2.17700005e+00
    2.14299989e+00 2.12299991e+00 2.11500001e+00 2.11500001e+00
    2.09800005e+00 2.07699990e+00 2.05200005e+00 2.04099989e+00
    2.02999997e+00 2.02500010e+00 2.01600003e+00 2.01600003e+00
    2.02099991e+00 2.03200006e+00 2.03200006e+00 2.03200006e+00
    2.03200006e+00 2.03900003e+00 2.71199989e+00 0. 0. 0. 0. 0. 0. 0. 0.
    0. 0. 0. 0. 0. 0. 0. 0. 0. 0. 0. 2.20400000e+00 2.17700005e+00
    2.14299989e+00 2.12299991e+00 2.11500001e+00 2.10599995e+00
    2.08699989e+00 2.06699991e+00 2.04299998e+00 2.03200006e+00
    2.02200007e+00 2.01600003e+00 2.01600003e+00 2.01600003e+00
    2.02099991e+00 2.03200006e+00 2.03200006e+00 2.03200006e+00
    2.03200006e+00 2.04800010e+00 2.31699991e+00 0. 0. 0. 0. 0. 0. 0. 0.
    0. 0. 0. 0. 0. 0. 0. 0. 0. 0. 0. 2.20400000e+00 2.17700005e+00
    2.14299989e+00 2.12299991e+00 2.11500001e+00 2.09999990e+00
    2.08100009e+00 2.06100011e+00 2.04299998e+00 2.02600002e+00
    2.00900006e+00 2.00399995e+00 2.00399995e+00 2.01600003e+00
    2.02099991e+00 2.03200006e+00 2.03200006e+00 2.03200006e+00
    2.03200006e+00 2.03699994e+00 2.04800010e+00 2.04800010e+00 0. 0. 0.
    0. 0. 0. 0. 0. 0. 0. 0. 0. 0. 0. 0. 0. 0. 0. 2.20199990e+00
    2.16499996e+00 2.14299989e+00 2.12299991e+00 2.11500001e+00
    2.09999990e+00 2.08100009e+00 2.06100011e+00 2.04299998e+00
    2.02399993e+00 2.00600004e+00 2. 2. 2.01799989e+00 2.03099990e+00
    2.03200006e+00 2.02300000e+00 2.01699996e+00 2.01699996e+00
    2.01999998e+00 2.04800010e+00 2.04800010e+00 0. 0. 0. 0. 0. 0. 0. 0.
    0. 0. 0. 0. 0. 0. 0. 0. 0. 0. 2.18499994e+00 2.16400003e+00
    2.14299989e+00 2.12199998e+00 2.11400008e+00 2.09999990e+00
    2.08100009e+00 2.06100011e+00 2.04299998e+00 2.02399993e+00
    2.00600004e+00 2. 2. 2.00200009e+00 2.01999998e+00 2.03099990e+00
    2.02300000e+00 2.01699996e+00 2.01600003e+00 2.01600003e+00
    2.69300008e+00 0. 0. 0. 0. 0. 0. 0. 0. 0. 0. 0. 0. 0. 0. 0. 0. 0. 0.
