<?xml version="1.0"?>
<opencv_storage>
<Depth type_id="opencv-matrix">
  <rows>40</rows>
  <cols>40</cols>
  <dt>f</dt>
  <data>
    0. 0. 0. 0. 0. 0. 0. 0. 0. 0. 0. 0. 0. 0. 0. 0. 0. 0. 0. 0. 0. 0. 0.
    0. 0. 0. 0. 0. 0. 0. 0. 0. 0. 0. 0. 0. 0. 0. 0. 0. 0. 0. 0. 0. 0. 0.
    0. 0. 0. 0. 0. 0. 0. 0. 0. 0. 0. 0. 0. 0. 0. 0. 0. 0. 0. 0. 0. 0. 0.
    0. 0. 0. 0. 0. 0. 0. 0. 0. 0. 0. 0. 0. 0. 0. 0. 0. 0. 0. 0. 0. 0. 0.
    0. 0. 0. 0. 0. 0. 0. 0. 0. 0. 0. 0. 0. 0. 0. 0. 0. 0. 0. 0. 0. 0. 0.
    0. 0. 0. 0. 0. 0. 0. 0. 0. 0. 0. 0. 0. 0. 0. 0. 0. 0. 0. 0. 0. 0. 0.
    0. 0. 0. 0. 0. 0. 0. 0. 0. 0. 0. 0. 0. 0. 0. 0. 0. 0. 0. 0. 0. 0. 0.
    0. 0. 0. 0. 0. 0. 0. 0. 0. 0. 0. 0. 0. 0. 0. 0. 0. 0. 0. 0. 0. 0. 0.
    0. 0. 0. 0. 0. 0. 0. 0. 0. 0. 0. 0. 0. 0. 0. 0. 0. 0. 0. 0. 0. 0. 0.
    0. 0. 0. 0. 0. 0. 0. 0. 0. 0. 0. 0. 0. 0. 0. 0. 0. 0. 0. 0. 0. 0. 0.
    0. 0. 0. 0. 0. 0. 0. 0. 0. 0. 0. 0. 0. 0. 0. 0. 0. 0. 0. 0. 0. 0. 0.
    0. 0. 0. 0. 0. 0. 0. 0. 0. 0. 0. 0. 0. 0. 0. 0. 0. 0. 0. 0. 0. 0. 0.
    0. 0. 0. 0. 0. 0. 0. 0. 0. 0. 0. 0. 0. 0. 0. 0. 0. 0. 0. 0. 0. 0. 0.
    0. 0. 0. 0. 0. 0. 0. 0. 0. 0. 0. 0. 0. 0. 0. 0. 0. 0. 0. 0. 0. 0. 0.
    0. 0. 0. 0. 0. 0. 0. 0. 0. 0. 0. 0. 0. 0. 0. 0. 0. 0. 0. 0. 0. 0. 0.
    0. 0. 0. 0. 0. 0. 0. 0. 0. 0. 0. 0. 0. 0. 0. 0. 0. 0. 0. 0. 0. 0. 0.
    0. 0. 2.66499996e+00 2.66499996e+00 2.66499996e+00 2.65199995e+00
    2.59599996e+00 2.53299999e+00 2.37800002e+00 2.22300005e+00
    2.12199998e+00 2.02699995e+00 2. 2. 2. 2. 2.01699996e+00
    2.06299996e+00 2.10100007e+00 2.10100007e+00 2.10100007e+00
    2.10100007e+00 0. 0. 0. 0. 0. 0. 0. 0. 0. 0. 0. 0. 0. 0. 0. 0. 0. 0.
    0. 0. 2.64199996e+00 2.64199996e+00 2.64199996e+00 2.62199998e+00
    2.53800011e+00 2.45099998e+00 2.31599998e+00 2.18199992e+00
    2.09100008e+00 2.00600004e+00 1.98099995e+00 1.98099995e+00
    1.98099995e+00 1.98099995e+00 1.99500000e+00 2.03299999e+00
    2.06299996e+00 2.06299996e+00 2.06299996e+00 2.06299996e+00 0. 0. 0.
    0. 0. 0. 0. 0. 0. 0. 0. 0. 0. 0. 0. 0. 0. 0. 0. 0. 2.58599997e+00
    2.58599997e+00 2.58599997e+00 2.54999995e+00 2.39800000e+00
    2.25000000e+00 2.16599989e+00 2.08200002e+00 2.01699996e+00
    1.95400000e+00 1.93599999e+00 1.93599999e+00 1.93599999e+00
    1.93599999e+00 1.94200003e+00 1.95899999e+00 1.97200000e+00
    1.97200000e+00 1.97200000e+00 1.97200000e+00 0. 0. 0. 0. 0. 0. 0. 0.
    0. 0. 0. 0. 0. 0. 0. 0. 0. 0. 0. 0. 2.51799989e+00 2.51999998e+00
    2.52600002e+00 2.48300004e+00 2.28600001e+00 2.09800005e+00
    2.05200005e+00 2.00500011e+00 1.96000004e+00 1.91499996e+00
    1.89900005e+00 1.89400005e+00 1.89199996e+00 1.89199996e+00
    1.89199996e+00 1.89199996e+00 1.89199996e+00 1.89199996e+00
    1.89199996e+00 1.89199996e+00 0. 0. 0. 0. 0. 0. 0. 0. 0. 0. 0. 0. 0.
    0. 0. 0. 0. 0. 0. 0. 2.41300011e+00 2.42499995e+00 2.45400000e+00
    2.43600011e+00 2.26300001e+00 2.09800005e+00 2.05200005e+00
    2.00500011e+00 1.96000004e+00 1.91499996e+00 1.88399994e+00
    1.86000001e+00 1.84800005e+00 1.84800005e+00 1.84800005e+00
    1.84800005e+00 1.84800005e+00 1.84800005e+00 1.84800005e+00
    1.84800005e+00 0. 0. 0. 0. 0. 0. 0. 0. 0. 0. 0. 0. 0. 0. 0. 0. 0. 0.
    0. 0. 2.31100011e+00 2.33200002e+00 2.38199997e+00 2.38599992e+00
    2.23900008e+00 2.09800005e+00 2.05200005e+00 2.00500011e+00
    1.96000004e+00 1.91499996e+00 1.87100005e+00 1.82799995e+00
    1.80799997e+00 1.80799997e+00 1.80799997e+00 1.80799997e+00
    1.80799997e+00 1.80700004e+00 1.80499995e+00 1.80499995e+00 0. 0. 0.
    0. 0. 0. 0. 0. 0. 0. 0. 0. 0. 0. 0. 0. 0. 0. 0. 0. 2.26099992e+00
    2.27200007e+00 2.29900002e+00 2.29500008e+00 2.19499993e+00
    2.09800005e+00 2.05200005e+00 2.00500011e+00 1.96000004e+00
    1.91499996e+00 1.87100005e+00 1.82799995e+00 1.80799997e+00
    1.80799997e+00 1.80799997e+00 1.80799997e+00 1.80400002e+00
    1.78299999e+00 1.76300001e+00 1.76300001e+00 0. 0. 0. 0. 0. 0. 0. 0.
    0. 0. 0. 0. 0. 0. 0. 0. 0. 0. 0. 0. 2.21199989e+00 2.21300006e+00
    2.21499991e+00 2.20499992e+00 2.15100002e+00 2.09800005e+00
    2.05200005e+00 2.00500011e+00 1.96000004e+00 1.91499996e+00
    1.87100005e+00 1.82799995e+00 1.80799997e+00 1.80799997e+00
    1.80799997e+00 1.80799997e+00 1.79999995e+00 1.75999999e+00
    1.72099996e+00 1.72099996e+00 0. 0. 0. 0. 0. 0. 0. 0. 0. 0. 0. 0. 0.
    0. 0. 0. 0. 0. 0. 0. 2.20600009e+00 2.20600009e+00 2.20600009e+00
    2.19400001e+00 2.14599991e+00 2.09800005e+00 2.05200005e+00
    2.00500011e+00 1.97599995e+00 1.95000005e+00 1.91100001e+00
    1.86699998e+00 1.83700001e+00 1.81900001e+00 1.80799997e+00
    1.80799997e+00 1.79999995e+00 1.75800002e+00 1.71599996e+00
    1.71599996e+00 0. 0. 0. 0. 0. 0. 0. 0. 0. 0. 0. 0. 0. 0. 0. 0. 0. 0.
    0. 0. 2.20600009e+00 2.20600009e+00 2.20600009e+00 2.19400001e+00
    2.14599991e+00 2.09800005e+00 2.05200005e+00 2.00500011e+00
    1.99500000e+00 1.98899996e+00 1.95500004e+00 1.90999997e+00
    1.86899996e+00 1.83200002e+00 1.80799997e+00 1.80799997e+00
    1.79999995e+00 1.75800002e+00 1.71599996e+00 1.71599996e+00 0. 0. 0.
    0. 0. 0. 0. 0. 0. 0. 0. 0. 0. 0. 0. 0. 0. 0. 0. 0. 2.20600009e+00
    2.19899988e+00 2.18400002e+00 2.16000009e+00 2.11199999e+00
    2.06599998e+00 2.03500009e+00 2.00300002e+00 2. 2. 1.97800004e+00
    1.94799995e+00 1.91100001e+00 1.86699998e+00 1.83399999e+00
    1.81900001e+00 1.79999995e+00 1.75800002e+00 1.71599996e+00
    1.71599996e+00 0. 0. 0. 0. 0. 0. 0. 0. 0. 0. 0. 0. 0. 0. 0. 0. 0. 0.
    0. 0. 2.20600009e+00 2.19000006e+00 2.15199995e+00 2.11199999e+00
    2.06500006e+00 2.02099991e+00 2.01099992e+00 2.00099993e+00 2. 2.
    1.99300003e+00 1.98399997e+00 1.95500004e+00 1.90999997e+00
    1.87000000e+00 1.83599997e+00 1.79999995e+00 1.75800002e+00
    1.71599996e+00 1.71599996e+00 0. 0. 0. 0. 0. 0. 0. 0. 0. 0. 0. 0. 0.
    0. 0. 0. 0. 0. 0. 0. 2.18000007e+00 2.16499996e+00 2.12899995e+00
    2.08999991e+00 2.04299998e+00 1.99899995e+00 1.98800004e+00
    1.97700000e+00 1.97599995e+00 1.97599995e+00 1.97599995e+00
    1.97599995e+00 1.95200002e+00 1.90699995e+00 1.86699998e+00
    1.83399999e+00 1.79999995e+00 1.75800002e+00 1.71599996e+00
    1.71599996e+00 0. 0. 0. 0. 0. 0. 0. 0. 0. 0. 0. 0. 0. 0. 0. 0. 0. 0.
    0. 0. 2.13199997e+00 2.12599993e+00 2.11199999e+00 2.08999991e+00
    2.04299998e+00 1.99800003e+00 1.96599996e+00 1.93400002e+00
    1.93099999e+00 1.93099999e+00 1.93099999e+00 1.93099999e+00
    1.90699995e+00 1.86300004e+00 1.83099997e+00 1.81799996e+00
    1.79999995e+00 1.75800002e+00 1.71599996e+00 1.71599996e+00 0. 0. 0.
    0. 0. 0. 0. 0. 0. 0. 0. 0. 0. 0. 0. 0. 0. 0. 0. 0. 2.08400011e+00
    2.08400011e+00 2.08400011e+00 2.07299995e+00 2.02699995e+00
    1.98099995e+00 1.94400001e+00 1.90600002e+00 1.90199995e+00
    1.90199995e+00 1.89699996e+00 1.88999999e+00 1.86699998e+00
    1.83099997e+00 1.76699996e+00 1.65499997e+00 1.55700004e+00
    1.52199996e+00 1.48800004e+00 1.48800004e+00 0. 0. 0. 0. 0. 0. 0. 0.
    0. 0. 0. 0. 0. 0. 0. 0. 0. 0. 0. 0. 2.03800011e+00 2.03800011e+00
    2.03800011e+00 2.02699995e+00 1.98099995e+00 1.93700004e+00
    1.92100000e+00 1.90400004e+00 1.90199995e+00 1.90199995e+00
    1.88300002e+00 1.85500002e+00 1.83399999e+00 1.81799996e+00
    1.65499997e+00 1.23599994e+00 0. 0. 0. 0. 0. 0. 0. 0. 0. 0. 0. 0. 0.
    0. 0. 0. 0. 0. 0. 0. 0. 0. 0. 0. 2. 2. 2. 1.98899996e+00
    1.94400001e+00 1.90199995e+00 1.89800000e+00 1.89400005e+00
    1.89400005e+00 1.89400005e+00 1.86600006e+00 1.82599998e+00
    1.77499998e+00 1.71399999e+00 1.45400000e+00 0. 0. 0. 0. 0. 0. 0. 0.
    0. 0. 0. 0. 0. 0. 0. 0. 0. 0. 0. 0. 0. 0. 0. 0. 0. 2. 2. 2.
    1.98899996e+00 1.94400001e+00 1.89999998e+00 1.87699997e+00
    1.85300004e+00 1.85099995e+00 1.85099995e+00 1.83700001e+00
    1.81700003e+00 1.60399997e+00 1.22599995e+00 0. 0. 0. 0. 0. 0. 0. 0.
    0. 0. 0. 0. 0. 0. 0. 0. 0. 0. 0. 0. 0. 0. 0. 0. 0. 0. 1.99800003e+00
    1.99800003e+00 1.99899995e+00 1.98899996e+00 1.94400001e+00
    1.89900005e+00 1.85599995e+00 1.81299996e+00 1.80799997e+00
