<?xml version="1.0"?>
<opencv_storage>
<Depth type_id="opencv-matrix">
  <rows>40</rows>
  <cols>40</cols>
  <dt>f</dt>
  <data>
    0. 0. 0. 0. 0. 0. 0. 0. 0. 0. 0. 0. 0. 0. 0. 0. 0. 0. 0. 0. 0. 0. 0.
    0. 0. 0. 0. 0. 0. 0. 0. 0. 0. 0. 0. 0. 0. 0. 0. 0. 0. 0. 0. 0. 0. 0.
    0. 0. 0. 0. 0. 0. 0. 0. 0. 0. 0. 0. 0. 0. 0. 0. 0. 0. 0. 0. 0. 0. 0.
    0. 0. 0. 0. 0. 0. 0. 0. 0. 0. 0. 0. 0. 0. 0. 0. 0. 0. 0. 0. 0. 0. 0.
    0. 0. 0. 0. 0. 0. 0. 0. 0. 0. 0. 0. 0. 0. 0. 0. 0. 0. 0. 0. 0. 0. 0.
    0. 0. 0. 0. 0. 0. 0. 0. 0. 0. 0. 0. 0. 0. 0. 0. 0. 0. 0. 0. 0. 0. 0.
    0. 0. 0. 0. 0. 0. 0. 0. 0. 0. 0. 0. 0. 0. 0. 0. 0. 0. 0. 0. 0. 0. 0.
    0. 0. 0. 0. 0. 0. 0. 0. 0. 0. 0. 0. 0. 0. 0. 0. 0. 0. 0. 0. 0. 0. 0.
    0. 0. 0. 0. 0. 0. 0. 0. 0. 0. 0. 0. 0. 0. 0. 0. 0. 0. 0. 0. 0. 0. 0.
    0. 0. 0. 0. 0. 0. 0. 0. 0. 0. 0. 0. 0. 0. 0. 0. 0. 0. 0. 0. 0. 0. 0.
    0. 0. 0. 0. 0. 0. 0. 0. 0. 0. 0. 0. 0. 0. 0. 0. 0. 0. 0. 0. 0. 0. 0.
    0. 0. 0. 0. 0. 0. 0. 0. 0. 0. 0. 0. 0. 0. 0. 0. 0. 0. 0. 0. 0. 0. 0.
    0. 0. 0. 0. 0. 0. 0. 0. 0. 0. 0. 0. 0. 0. 0. 0. 0. 0. 0. 0. 0. 0. 0.
    0. 0. 0. 0. 0. 0. 0. 0. 0. 0. 0. 0. 0. 0. 0. 0. 0. 0. 0. 0. 0. 0. 0.
    0. 0. 0. 0. 0. 0. 0. 0. 0. 0. 0. 0. 0. 0. 0. 0. 0. 0. 0. 0. 0. 0. 0.
    0. 0. 0. 0. 0. 0. 0. 0. 0. 0. 0. 0. 0. 0. 0. 0. 0. 0. 0. 0. 0. 0. 0.
    0. 0. 0. 0. 0. 0. 0. 0. 0. 0. 0. 0. 0. 0. 0. 0. 0. 0. 0. 0. 0. 0. 0.
    0. 0. 0. 0. 0. 0. 0. 0. 0. 0. 0. 0. 0. 0. 0. 0. 0. 0. 0.
    2.19799995e+00 0. 0. 0. 0. 0. 0. 0. 0. 2.68499994e+00 0.
    2.51300001e+00 2.13899994e+00 2.14199996e+00 2.14100003e+00
    2.16000009e+00 2.17300010e+00 0. 0. 0. 0. 0. 0. 0. 0. 0. 0. 0. 0. 0.
    0. 0. 0. 0. 0. 0. 0. 0. 0. 0. 0. 0. 0. 2.48600006e+00 2.50200009e+00
    2.53699994e+00 2.54299998e+00 2.54999995e+00 2.08100009e+00
    2.08899999e+00 2.08599997e+00 2.10299993e+00 2.12500000e+00
    2.10599995e+00 2.10999990e+00 2.09500003e+00 2.10800004e+00
    1.53299999e+00 0. 0. 0. 0. 0. 0. 0. 0. 0. 0. 0. 0. 0. 0. 0. 0. 0. 0.
    0. 0. 0. 0. 2.38499999e+00 1.99699998e+00 2.00699997e+00
    2.01300001e+00 2.02200007e+00 2.03500009e+00 2.04099989e+00
    1.99800003e+00 2.01699996e+00 2.02600002e+00 2.02699995e+00
    2.03500009e+00 2.02399993e+00 2.01999998e+00 2.03399992e+00
    2.05299997e+00 2.06200004e+00 2.08299994e+00 2.08400011e+00 0. 0. 0.
    0. 0. 0. 0. 0. 0. 0. 0. 0. 0. 0. 0. 0. 0. 0. 0. 0. 1.98500001e+00
    1.98099995e+00 1.98699999e+00 2.00600004e+00 2.00600004e+00
    2.00500011e+00 2.01999998e+00 1.97599995e+00 1.96700001e+00
    1.97200000e+00 1.98399997e+00 1.99600005e+00 2.00300002e+00
    2.01999998e+00 2.02699995e+00 2.03900003e+00 2.04999995e+00
    2.05999994e+00 2.08299994e+00 2.08400011e+00 1.78400004e+00 0. 0. 0.
    0. 0. 0. 0. 0. 0. 0. 0. 0. 0. 0. 0. 0. 0. 0. 0. 1.89800000e+00
    1.90100002e+00 2.03800011e+00 2.09999990e+00 1.92700005e+00
    1.92499995e+00 1.93099999e+00 1.94500005e+00 1.95099998e+00
    1.96500003e+00 1.98099995e+00 1.99100006e+00 2.00799990e+00
    2.01999998e+00 2.02999997e+00 2.04099989e+00 2.05399990e+00
    2.07100010e+00 2.08800006e+00 2.09400010e+00 2.12100005e+00 0. 0. 0.
    0. 0. 0. 0. 0. 0. 0. 0. 0. 0. 0. 0. 0. 0. 0. 0. 1.87600005e+00
    1.88699996e+00 1.89699996e+00 1.90400004e+00 1.90799999e+00
    1.91199994e+00 1.92999995e+00 1.95200002e+00 1.95200002e+00
    1.96300006e+00 1.97599995e+00 1.98500001e+00 2.01500010e+00
    2.01999998e+00 2.03200006e+00 2.04399991e+00 2.06399989e+00
    2.08599997e+00 2.09400010e+00 2.09999990e+00 2.12299991e+00 0. 0. 0.
    0. 0. 0. 0. 0. 0. 0. 0. 0. 0. 0. 0. 0. 0. 0. 0. 1.87600005e+00
    1.88600004e+00 1.89499998e+00 1.89999998e+00 1.90799999e+00
    1.91600001e+00 1.92999995e+00 1.94799995e+00 1.95299995e+00
    1.98000002e+00 1.98199999e+00 2.01399994e+00 2.01999998e+00
    2.02200007e+00 2.03600001e+00 2.05200005e+00 2.07299995e+00
    2.08299994e+00 2.09800005e+00 2.11199999e+00 2.12299991e+00 0. 0. 0.
    0. 0. 0. 0. 0. 0. 0. 0. 0. 0. 0. 0. 0. 0. 0. 0. 1.87600005e+00
    1.89300001e+00 1.89999998e+00 1.90799999e+00 1.91700006e+00
    1.92900002e+00 1.94299996e+00 1.94799995e+00 1.96800005e+00
    1.98699999e+00 1.99600005e+00 2.00300002e+00 2.01699996e+00
    2.03600001e+00 2.04299998e+00 2.05500007e+00 2.06599998e+00
    2.08699989e+00 2.09999990e+00 2.11599994e+00 2.11800003e+00
    2.10700011e+00 0. 0. 0. 0. 0. 0. 0. 0. 0. 0. 0. 0. 0. 0. 0. 0. 0. 0.
    1.88600004e+00 1.90100002e+00 1.90499997e+00 1.91499996e+00
    1.92100000e+00 1.92900002e+00 1.94400001e+00 1.95299995e+00
    1.96300006e+00 1.98800004e+00 2. 2.01099992e+00 2.01699996e+00
    2.03800011e+00 2.04299998e+00 2.05200005e+00 2.06200004e+00
    2.08100009e+00 2.09800005e+00 2.11100006e+00 2.11800003e+00
    2.10800004e+00 0. 0. 0. 0. 0. 0. 0. 0. 0. 0. 0. 0. 0. 0. 0. 0. 0. 0.
    1.88999999e+00 1.90400004e+00 1.90900004e+00 1.91700006e+00
    1.92200005e+00 1.93400002e+00 1.94700003e+00 1.95799994e+00
    1.97099996e+00 1.99100006e+00 2. 2.00799990e+00 2.02099991e+00
    2.03800011e+00 2.04299998e+00 2.05500007e+00 2.06200004e+00
    2.07699990e+00 2.09699988e+00 2.10599995e+00 2.11899996e+00
    1.99800003e+00 0. 0. 0. 0. 0. 0. 0. 0. 0. 0. 0. 0. 0. 0. 0. 0. 0. 0.
    1.88999999e+00 1.89999998e+00 1.90699995e+00 1.91400003e+00
    1.92200005e+00 1.93499994e+00 1.94500005e+00 1.95700002e+00
    1.97099996e+00 1.98699999e+00 2. 2.00600004e+00 2.01699996e+00
    2.03699994e+00 2.04399991e+00 2.05699992e+00 2.06299996e+00
    2.08200002e+00 2.09200001e+00 2.10599995e+00 2.11700010e+00
    1.20899999e+00 0. 0. 0. 0. 0. 0. 0. 0. 0. 0. 0. 0. 0. 0. 0. 0. 0. 0.
    1.89499998e+00 1.90100002e+00 1.90499997e+00 1.91199994e+00
    1.92400002e+00 1.94200003e+00 1.94799995e+00 1.95400000e+00
    1.96800005e+00 1.98699999e+00 1.99899995e+00 2.00600004e+00
    2.01999998e+00 2.03500009e+00 2.04699993e+00 2.05500007e+00
    2.06999993e+00 2.07900000e+00 2.09299994e+00 2.10599995e+00
    1.88699996e+00 1.17700005e+00 0. 0. 0. 0. 0. 0. 0. 0. 0. 0. 0. 0. 0.
    0. 0. 0. 0. 0. 1.89800000e+00 1.90499997e+00 1.90999997e+00
    1.91600001e+00 1.92900002e+00 1.94200003e+00 1.94799995e+00
    1.95799994e+00 1.97099996e+00 1.98699999e+00 1.99600005e+00
    2.00799990e+00 2.01999998e+00 2.03399992e+00 2.05299997e+00
    2.05800009e+00 2.07900000e+00 2.08299994e+00 2.09999990e+00
    2.10599995e+00 1.24399996e+00 1.17600000e+00 0. 0. 0. 0. 0. 0. 0. 0.
    0. 0. 0. 0. 0. 0. 0. 0. 0. 0. 1.89800000e+00 1.90699995e+00
    1.91600001e+00 1.92200005e+00 1.93400002e+00 1.93900001e+00
    1.95299995e+00 1.96300006e+00 1.97200000e+00 1.99100006e+00
    1.99600005e+00 2.01099992e+00 2.01799989e+00 2.03900003e+00
    2.04900002e+00 2.05500007e+00 2.07699990e+00 2.08800006e+00
    2.09800005e+00 2.11199999e+00 1.17600000e+00 1.17499995e+00 0. 0. 0.
    0. 0. 0. 0. 0. 0. 0. 0. 0. 0. 0. 0. 0. 0. 0. 1.89900005e+00
    1.90699995e+00 1.91600001e+00 1.91700006e+00 1.93700004e+00
    1.94099998e+00 1.95099998e+00 1.95799994e+00 1.97399998e+00
    1.99100006e+00 2.00099993e+00 2.00999999e+00 2.01099992e+00
    2.02500010e+00 2.04800010e+00 2.05699992e+00 2.05999994e+00
    2.08400011e+00 2.09400010e+00 1.34000003e+00 1.17499995e+00
    1.17499995e+00 0. 0. 0. 0. 0. 0. 0. 0. 0. 0. 0. 0. 0. 0. 0. 0. 0. 0.
    1.90199995e+00 1.90199995e+00 1.90999997e+00 1.92100000e+00
    1.93799996e+00 1.94599998e+00 1.94799995e+00 1.95799994e+00
    1.97099996e+00 1.98399997e+00 2.00500011e+00 1.99699998e+00
    2.00399995e+00 2.02600002e+00 2.04500008e+00 2.05500007e+00
    2.06299996e+00 2.08400011e+00 2.09500003e+00 1.33899999e+00
    1.17400002e+00 1.17299998e+00 0. 0. 0. 0. 0. 0. 0. 0. 0. 0. 0. 0. 0.
    0. 0. 0. 0. 0. 1.89999998e+00 1.90300000e+00 1.91799998e+00
    1.92600000e+00 1.93799996e+00 1.94299996e+00 1.95200002e+00
    1.96200001e+00 1.97099996e+00 1.98399997e+00 2.00500011e+00
    2.00099993e+00 2.01300001e+00 2.02200007e+00 2.03500009e+00
    2.05200005e+00 1.54299998e+00 1.22800004e+00 0. 1.09099996e+00
    1.17299998e+00 1.17299998e+00 0. 0. 0. 0. 0. 0. 0. 0. 0. 0. 0. 0. 0.
