<?xml version="1.0"?>
<opencv_storage>
<Depth type_id="opencv-matrix">
  <rows>40</rows>
  <cols>40</cols>
  <dt>f</dt>
  <data>
    0. 0. 0. 0. 0. 0. 0. 0. 0. 0. 2.23900008e+00 2.23000002e+00
    2.22700000e+00 2.21799994e+00 2.20300007e+00 2.20300007e+00
    2.20300007e+00 1.62500000e+00 1.23199999e+00 1.44700003e+00
    2.20300007e+00 2.20300007e+00 2.19499993e+00 1.48599994e+00 0. 0. 0.
    0. 0. 0. 0. 0. 0. 0. 0. 0. 0. 0. 0. 0. 0. 0. 0. 0. 0. 0. 0. 0. 0. 0.
    2.23300004e+00 2.21199989e+00 2.20300007e+00 2.20300007e+00
    2.20300007e+00 2.20300007e+00 2.19899988e+00 2.18000007e+00
    2.16799998e+00 2.17499995e+00 2.19700003e+00 2.19700003e+00
    2.17799997e+00 1.47899997e+00 0. 0. 0. 0. 0. 0. 0. 0. 0. 0. 0. 0. 0.
    0. 0. 0. 0. 0. 0. 0. 0. 0. 0. 0. 0. 0. 2.20400000e+00 2.20300007e+00
    2.20300007e+00 2.20300007e+00 2.20300007e+00 2.20300007e+00
    2.17600012e+00 2.16799998e+00 2.16799998e+00 2.16799998e+00
    2.16899991e+00 2.16899991e+00 2.16799998e+00 1.48300004e+00 0. 0. 0.
    0. 0. 0. 0. 0. 0. 0. 0. 0. 0. 0. 0. 0. 0. 0. 0. 0. 0. 0. 0. 0. 0. 0.
    2.17600012e+00 2.17600012e+00 2.17600012e+00 2.17600012e+00
    2.17600012e+00 2.17600012e+00 2.17000008e+00 2.16799998e+00
    2.16799998e+00 2.16199994e+00 2.14100003e+00 2.14100003e+00
    2.14100003e+00 0. 0. 0. 0. 0. 0. 0. 0. 0. 0. 0. 0. 0. 0. 0. 0. 0. 0.
    0. 0. 0. 0. 0. 0. 0. 0. 0. 2.14700007e+00 2.14700007e+00
    2.15799999e+00 2.16799998e+00 2.16799998e+00 2.16799998e+00
    2.16799998e+00 2.16799998e+00 2.16799998e+00 2.16000009e+00
    2.13299990e+00 2.13299990e+00 0. 0. 0. 0. 0. 0. 0. 0. 0. 0. 0. 0. 0.
    0. 0. 0. 0. 0. 0. 0. 0. 0. 0. 0. 0. 0. 0. 0. 2.13299990e+00
    2.13299990e+00 2.14400005e+00 2.15400004e+00 2.15400004e+00
    2.15400004e+00 2.16499996e+00 2.16799998e+00 2.16199994e+00
    2.14899993e+00 2.13299990e+00 2.13299990e+00 0. 0. 0. 0. 0. 0. 0. 0.
    0. 0. 0. 0. 0. 0. 0. 0. 0. 0. 0. 0. 0. 0. 0. 0. 0. 0. 0. 0.
    2.13299990e+00 2.13299990e+00 2.13299990e+00 2.13299990e+00
    2.13299990e+00 2.13299990e+00 2.15400004e+00 2.16000009e+00
    2.14899993e+00 2.13100004e+00 2.12500000e+00 2.11899996e+00 0. 0. 0.
    0. 0. 0. 0. 0. 0. 0. 0. 0. 0. 0. 0. 0. 0. 0. 0. 0. 0. 0. 0. 0. 0. 0.
    0. 0. 2.13400006e+00 2.13299990e+00 2.13299990e+00 2.13299990e+00
    2.13199997e+00 2.13199997e+00 2.13199997e+00 2.13199997e+00
    2.13199997e+00 2.12500000e+00 2.09800005e+00 2.06999993e+00
    2.02200007e+00 2. 1.06099999e+00 0. 0. 0. 0. 0. 0. 0. 0. 0. 0. 0. 0.
    0. 0. 0. 0. 0. 0. 0. 0. 0. 0. 0. 0. 0. 2.16300011e+00 2.14100003e+00
    2.13299990e+00 2.12299991e+00 2.10400009e+00 2.10400009e+00
    2.10400009e+00 2.10400009e+00 2.11599994e+00 2.12500000e+00
    2.09800005e+00 2.06999993e+00 2.02200007e+00 2. 1.06099999e+00 0. 0.
    0. 0. 0. 0. 0. 0. 0. 0. 0. 0. 0. 0. 0. 0. 0. 0. 0. 0. 0. 0. 0. 0. 0.
    2.16799998e+00 2.15899992e+00 2.14400005e+00 2.12100005e+00
    2.09899998e+00 2.09899998e+00 2.09899998e+00 2.09899998e+00
    2.10400009e+00 2.11299992e+00 2.11999989e+00 2.09299994e+00
    2.04399991e+00 2.02200007e+00 1.71399999e+00 0. 0. 0. 0. 0. 0. 0. 0.
    0. 0. 0. 0. 0. 0. 0. 0. 0. 0. 0. 0. 0. 0. 0. 0. 0. 2.18499994e+00
    2.17300010e+00 2.14899993e+00 2.12700009e+00 2.11500001e+00
    2.11500001e+00 2.10200000e+00 2.09899998e+00 2.09899998e+00
    2.10700011e+00 2.13199997e+00 2.11800003e+00 2.08100009e+00
    2.06399989e+00 2.07399988e+00 1.76800001e+00 0. 0. 0. 0. 0. 0. 0. 0.
    0. 0. 0. 0. 0. 0. 0. 0. 0. 0. 0. 0. 0. 0. 0. 0. 2.19300008e+00
    2.16100001e+00 2.13499999e+00 2.12299991e+00 2.12299991e+00
    2.12299991e+00 2.10400009e+00 2.09899998e+00 2.09899998e+00
    2.10400009e+00 2.12400007e+00 2.13199997e+00 2.11700010e+00
    2.10899997e+00 2.10899997e+00 1.77699995e+00 0. 0. 0. 0. 0. 0. 0. 0.
    0. 0. 0. 0. 0. 0. 0. 0. 0. 0. 0. 0. 0. 0. 0. 0. 2.16799998e+00
    2.11800003e+00 2.09899998e+00 2.09899998e+00 2.09899998e+00
    2.09899998e+00 2.09599996e+00 2.09599996e+00 2.09699988e+00
    2.09899998e+00 2.09999990e+00 2.12500000e+00 2.13000011e+00
    2.13299990e+00 2.03999996e+00 1.49800003e+00 0. 0. 0. 0. 0. 0. 0. 0.
    0. 0. 0. 0. 0. 0. 0. 0. 0. 0. 0. 0. 0. 0. 0. 0. 2.16799998e+00
    2.11800003e+00 2.09899998e+00 2.09899998e+00 2.09899998e+00
    2.09899998e+00 2.07500005e+00 2.06800008e+00 2.08100009e+00
    2.09899998e+00 2.09899998e+00 2.10200000e+00 2.10200000e+00
    2.13199997e+00 1.26699996e+00 0. 0. 0. 0. 0. 0. 0. 0. 0. 0. 0. 0. 0.
    0. 0. 0. 0. 0. 0. 0. 0. 0. 0. 0. 0. 2.09400010e+00 2.07999992e+00
    2.07399988e+00 2.07399988e+00 2.07399988e+00 2.07399988e+00
    2.06699991e+00 2.06500006e+00 2.06900001e+00 2.07399988e+00
    2.07399988e+00 2.07399988e+00 2.07399988e+00 2.08299994e+00
    1.12800002e+00 0. 0. 0. 0. 0. 0. 0. 0. 0. 0. 0. 0. 0. 0. 0. 0. 0. 0.
    0. 0. 0. 0. 0. 0. 0. 2.04800010e+00 2.04800010e+00 2.05699992e+00
    2.06500006e+00 2.06500006e+00 2.06500006e+00 2.06500006e+00
    2.06500006e+00 2.06500006e+00 2.06500006e+00 2.06500006e+00
    2.06500006e+00 2.05399990e+00 2.04800010e+00 1.09500003e+00 0. 0. 0.
    0. 0. 0. 0. 0. 0. 0. 0. 0. 0. 0. 0. 0. 0. 0. 0. 0. 0. 0. 0. 0. 0.
    2.03299999e+00 2.03299999e+00 2.05599999e+00 2.07299995e+00
    2.06500006e+00 2.06500006e+00 2.06500006e+00 2.06500006e+00
    2.06500006e+00 2.06500006e+00 2.06500006e+00 2.05599999e+00
    2.03999996e+00 2.03299999e+00 1.08500004e+00 0. 0. 0. 0. 0. 0. 0. 0.
    0. 0. 0. 0. 0. 0. 0. 0. 0. 0. 0. 0. 0. 0. 0. 0. 0. 2.24399996e+00
    2.24399996e+00 2.16400003e+00 2.08400011e+00 2.06399989e+00
    2.05999994e+00 2.05999994e+00 2.05999994e+00 2.05999994e+00
    2.05999994e+00 2.05900002e+00 2.03699994e+00 2.03299999e+00
    2.03299999e+00 1.08500004e+00 0. 0. 0. 0. 0. 0. 0. 0. 0. 0. 0. 0. 0.
    0. 0. 0. 0. 0. 0. 0. 0. 0. 0. 0. 0. 0. 0. 2.64899993e+00
    2.06599998e+00 2.05999994e+00 2.03500009e+00 2.03399992e+00
    2.03399992e+00 2.03399992e+00 2.03399992e+00 2.03399992e+00
    2.03299999e+00 2.03299999e+00 2.03299999e+00 1.08500004e+00 0. 0. 0.
    0. 0. 0. 0. 0. 0. 0. 0. 0. 0. 0. 0. 0. 0. 0. 0. 0. 0. 0. 0. 0. 0. 0.
    0. 2.66400003e+00 2.06500006e+00 2.05999994e+00 2.03399992e+00
    2.03299999e+00 2.03299999e+00 2.03299999e+00 2.03299999e+00
    2.03299999e+00 2.03299999e+00 2.01600003e+00 1.99600005e+00
    1.77999997e+00 1.02100003e+00 0. 0. 0. 0. 0. 0. 0. 0. 0. 0. 0. 0. 0.
    0. 0. 0. 0. 0. 0. 0. 0. 0. 0. 0. 0. 0. 0. 2.56800008e+00
    2.05999994e+00 2.03399992e+00 2.03299999e+00 2.03299999e+00
    2.03299999e+00 2.02900004e+00 2.01300001e+00 2.01300001e+00
    2.00500011e+00 1.98500001e+00 1.96899998e+00 1.65100002e+00 0. 0. 0.
    0. 0. 0. 0. 0. 0. 0. 0. 0. 0. 0. 0. 0. 0. 0. 0. 0. 0. 0. 0. 0. 0. 0.
    2.91199994e+00 2.60999990e+00 2.06999993e+00 2.02099991e+00
    2.01900005e+00 2.01900005e+00 2.01900005e+00 2.01500010e+00 2.
    1.98899996e+00 1.98699999e+00 1.97899997e+00 1.96899998e+00
    1.78199995e+00 0. 0. 0. 0. 0. 0. 0. 0. 0. 0. 0. 0. 0. 0. 0. 0. 0. 0.
    0. 0. 0. 0. 0. 0. 0. 2.63199997e+00 2.29200006e+00 2.18600011e+00
    2.06999993e+00 1.99600005e+00 1.99300003e+00 1.99699998e+00 2.
    1.99800003e+00 1.99199998e+00 1.97300005e+00 1.96899998e+00
    1.96899998e+00 1.96700001e+00 1.96200001e+00 1.96200001e+00 0. 0. 0.
    0. 0. 0. 0. 0. 0. 0. 0. 0. 0. 0. 0. 0. 0. 0. 0. 0. 0. 0. 0. 0.
    2.66199994e+00 2.33599997e+00 2.19700003e+00 2.02099991e+00
    1.97099996e+00 1.96899998e+00 1.98599994e+00 1.99800003e+00
    1.99100006e+00 1.96899998e+00 1.96899998e+00 1.96899998e+00
    1.96899998e+00 1.96000004e+00 1.93799996e+00 1.93799996e+00 0. 0. 0.
    0. 0. 0. 0. 0. 0. 0. 0. 0. 0. 0. 0. 0. 0. 0. 0. 0. 0. 0. 0. 0. 0. 0.
    2.83699989e+00 1.97700000e+00 1.96899998e+00 1.96899998e+00
    1.95599997e+00 1.94700003e+00 1.95200002e+00 1.96899998e+00
    1.96899998e+00 1.96899998e+00 1.96899998e+00 1.96000004e+00
    1.93799996e+00 1.93799996e+00 0. 0. 0. 0. 0. 0. 0. 0. 0. 0. 0. 0. 0.
    0. 0. 0. 0. 0. 0. 0. 0. 0. 0. 0. 0. 2.88400006e+00 2.30200005e+00
    1.96899998e+00 1.96899998e+00 1.96899998e+00 1.95099998e+00
