<?xml version="1.0"?>
<opencv_storage>
<Depth type_id="opencv-matrix">
  <rows>40</rows>
  <cols>40</cols>
  <dt>f</dt>
  <data>
    0. 0. 0. 0. 0. 0. 0. 0. 0. 0. 0. 0. 0. 0. 0. 0. 0. 0. 0. 0. 0. 0. 0.
    0. 0. 0. 0. 0. 0. 0. 0. 0. 0. 0. 0. 0. 0. 0. 0. 0. 0. 0. 0. 0. 0. 0.
    0. 0. 0. 0. 0. 0. 0. 0. 0. 0. 0. 0. 0. 0. 0. 0. 0. 0. 0. 0. 0. 0. 0.
    0. 0. 0. 0. 0. 0. 0. 0. 0. 0. 0. 0. 0. 0. 0. 0. 0. 0. 0. 0. 0. 0. 0.
    0. 0. 0. 0. 0. 0. 0. 0. 0. 0. 0. 0. 0. 0. 0. 0. 0. 0. 0. 0. 0. 0. 0.
    0. 0. 0. 0. 0. 0. 0. 0. 0. 0. 0. 0. 0. 0. 0. 0. 0. 0. 0. 0. 0. 0. 0.
    0. 0. 0. 0. 0. 0. 0. 0. 0. 0. 0. 0. 0. 0. 0. 0. 0. 0. 0. 0. 0. 0. 0.
    0. 0. 0. 0. 0. 0. 0. 0. 0. 0. 0. 0. 0. 0. 0. 0. 0. 0. 0. 0. 0. 0. 0.
    0. 0. 0. 0. 0. 0. 0. 0. 0. 0. 0. 0. 0. 0. 0. 0. 0. 0. 0. 0. 0. 0. 0.
    0. 0. 0. 0. 0. 0. 0. 0. 0. 0. 0. 0. 0. 0. 0. 0. 0. 0. 0. 0. 0. 0. 0.
    0. 0. 0. 0. 0. 0. 0. 0. 0. 0. 0. 0. 0. 0. 0. 0. 0. 0. 0. 0. 0. 0. 0.
    0. 0. 0. 0. 0. 0. 0. 0. 0. 0. 0. 0. 0. 0. 0. 0. 0. 0. 0. 0. 0. 0. 0.
    0. 0. 0. 0. 0. 0. 0. 0. 0. 0. 0. 0. 0. 0. 0. 0. 0. 0. 0. 0. 0. 0. 0.
    0. 0. 0. 0. 0. 0. 0. 0. 0. 0. 0. 0. 0. 0. 0. 0. 0. 0. 0. 0. 0. 0. 0.
    0. 0. 0. 0. 0. 0. 0. 0. 0. 0. 0. 0. 0. 0. 0. 0. 0. 0. 0. 0. 0. 0. 0.
    0. 0. 0. 0. 0. 0. 0. 0. 0. 0. 0. 0. 0. 0. 0. 0. 0. 0. 0. 0. 0. 0. 0.
    0. 0. 0. 0. 0. 0. 0. 0. 0. 0. 0. 0. 0. 0. 0. 0. 0. 0. 0. 0. 0. 0. 0.
    0. 0. 0. 0. 0. 0. 0. 0. 0. 0. 0. 0. 0. 0. 0. 0. 2.07299995e+00
    2.05100012e+00 2.01099992e+00 2. 2. 2. 2. 2. 2. 2. 1.98899996e+00
    1.95000005e+00 1.92799997e+00 1.92799997e+00 1.92799997e+00
    1.92799997e+00 1.90199995e+00 1.86500001e+00 0. 0. 0. 0.
    1.02400005e+00 1.85899997e+00 1.85899997e+00 1.85899997e+00 0. 0. 0.
    0. 0. 0. 0. 0. 0. 0. 0. 0. 0. 0. 2.07299995e+00 2.05100012e+00
    2.01099992e+00 2. 2. 2. 2. 2. 2. 2. 1.98899996e+00 1.95000005e+00
    1.92799997e+00 1.92799997e+00 1.92799997e+00 1.92799997e+00
    1.90199995e+00 1.86500001e+00 1.18099999e+00 0. 0. 0. 1.26800001e+00
    1.83800006e+00 1.83800006e+00 1.83800006e+00 0. 0. 0. 0. 0. 0. 0. 0.
    0. 0. 0. 0. 0. 0. 2.07299995e+00 2.05100012e+00 2.01099992e+00 2. 2.
    2. 2. 2. 2. 2. 1.98899996e+00 1.95000005e+00 1.92799997e+00
    1.92799997e+00 1.92799997e+00 1.92799997e+00 1.90199995e+00
    1.86500001e+00 1.70799994e+00 1.52999997e+00 1.52800000e+00
    1.54799998e+00 1.69500005e+00 1.80200005e+00 1.80200005e+00
    1.80200005e+00 0. 0. 0. 0. 0. 0. 0. 0. 0. 0. 0. 0. 0. 0.
    2.07299995e+00 2.05100012e+00 2.01099992e+00 2. 2. 2. 2. 2. 2. 2.
    1.99300003e+00 1.96899998e+00 1.94900000e+00 1.93400002e+00
    1.92799997e+00 1.92799997e+00 1.91199994e+00 1.88900006e+00
    1.87300003e+00 1.85899997e+00 1.85899997e+00 1.85399997e+00
    1.81799996e+00 1.79100001e+00 1.79100001e+00 1.79100001e+00 0. 0. 0.
    0. 0. 0. 0. 0. 0. 0. 0. 0. 0. 0. 2.07299995e+00 2.05100012e+00
    2.01099992e+00 2. 2. 2. 2. 2. 2. 2. 1.99899995e+00 1.99600005e+00
    1.97899997e+00 1.94400001e+00 1.92799997e+00 1.92799997e+00
    1.92600000e+00 1.92299998e+00 1.89400005e+00 1.85899997e+00
    1.85899997e+00 1.85399997e+00 1.81799996e+00 1.79100001e+00
    1.79100001e+00 1.79100001e+00 0. 0. 0. 0. 0. 0. 0. 0. 0. 0. 0. 0. 0.
    0. 2.03900003e+00 2.02699995e+00 2.00600004e+00 2. 2. 2. 2. 2. 2. 2.
    2. 2. 1.98399997e+00 1.94500005e+00 1.92799997e+00 1.92799997e+00
    1.92799997e+00 1.92799997e+00 1.91100001e+00 1.89100003e+00
    1.87399995e+00 1.85599995e+00 1.83700001e+00 1.82200003e+00
    1.82200003e+00 1.82200003e+00 0. 0. 0. 0. 0. 0. 0. 0. 0. 0. 0. 0. 0.
    0. 2. 2. 2. 2. 2. 2. 2. 2. 2. 2. 2. 2. 1.98399997e+00 1.94500005e+00
    1.92799997e+00 1.92799997e+00 1.92799997e+00 1.92799997e+00
    1.92799997e+00 1.92799997e+00 1.89100003e+00 1.85899997e+00
    1.85899997e+00 1.85899997e+00 1.85899997e+00 1.85899997e+00 0. 0. 0.
    0. 0. 0. 0. 0. 0. 0. 0. 0. 0. 0. 2. 2. 2. 2. 2. 2. 2. 2. 2. 2. 2. 2.
    1.99199998e+00 1.97399998e+00 1.95500004e+00 1.93400002e+00
    1.92799997e+00 1.92799997e+00 1.92799997e+00 1.92799997e+00
    1.89100003e+00 1.85599995e+00 1.83700001e+00 1.82299995e+00
    1.82299995e+00 1.82299995e+00 0. 0. 0. 0. 0. 0. 0. 0. 0. 0. 0. 0. 0.
    0. 2. 2. 2. 2. 2. 2. 2. 2. 2. 2. 2. 2. 2. 2. 1.97800004e+00
    1.93900001e+00 1.92799997e+00 1.92799997e+00 1.92600000e+00
    1.92299998e+00 1.88600004e+00 1.84899998e+00 1.81599998e+00
    1.79100001e+00 1.79100001e+00 1.79100001e+00 0. 0. 0. 0. 0. 0. 0. 0.
    0. 0. 0. 0. 0. 0. 2. 2. 2. 2. 2. 2. 2. 2. 2. 2. 2. 2. 2. 2.
    1.97800004e+00 1.93900001e+00 1.92799997e+00 1.92799997e+00
    1.90900004e+00 1.88600004e+00 1.84899998e+00 1.81500006e+00
    1.80100000e+00 1.79100001e+00 1.79100001e+00 1.79100001e+00 0. 0. 0.
    0. 0. 0. 0. 0. 0. 0. 0. 0. 0. 0. 2. 1.99699998e+00 1.99100006e+00
    1.98899996e+00 1.98899996e+00 1.98899996e+00 1.98899996e+00
    1.99500000e+00 2. 2. 1.99800003e+00 1.99199998e+00 1.98899996e+00
    1.98899996e+00 1.97099996e+00 1.93799996e+00 1.92799997e+00
    1.92799997e+00 1.89600003e+00 1.85899997e+00 1.82299995e+00
    1.79100001e+00 1.79100001e+00 1.78999996e+00 1.78400004e+00
    1.78100002e+00 0. 0. 0. 0. 0. 0. 0. 0. 0. 0. 0. 0. 0. 0. 2.
    1.98500001e+00 1.95799994e+00 1.95000005e+00 1.95000005e+00
    1.95000005e+00 1.95000005e+00 1.97700000e+00 2. 2. 1.99199998e+00
    1.96599996e+00 1.95000005e+00 1.95000005e+00 1.94400001e+00
    1.93200004e+00 1.92799997e+00 1.92799997e+00 1.89600003e+00
    1.85899997e+00 1.82299995e+00 1.79100001e+00 1.79100001e+00
    1.78400004e+00 1.75999999e+00 1.74500000e+00 0. 0. 0. 0. 0. 0. 0. 0.
    0. 0. 0. 0. 0. 0. 2. 1.97800004e+00 1.93900001e+00 1.92799997e+00
    1.92799997e+00 1.92799997e+00 1.92799997e+00 1.95799994e+00
    1.98399997e+00 1.98399997e+00 1.97500002e+00 1.94500005e+00
    1.92400002e+00 1.91600001e+00 1.91199994e+00 1.91199994e+00
    1.91199994e+00 1.91199994e+00 1.88800001e+00 1.85899997e+00
    1.82299995e+00 1.79100001e+00 1.79100001e+00 1.78100002e+00
    1.74600005e+00 1.72500002e+00 0. 0. 0. 0. 0. 0. 0. 0. 0. 0. 0. 0. 0.
    0. 2. 1.97800004e+00 1.93900001e+00 1.92799997e+00 1.92799997e+00
    1.92799997e+00 1.92799997e+00 1.93700004e+00 1.94500005e+00
    1.94500005e+00 1.94200003e+00 1.93299997e+00 1.91600001e+00
    1.88800001e+00 1.87500000e+00 1.87500000e+00 1.87500000e+00
    1.87500000e+00 1.86800003e+00 1.85899997e+00 1.82299995e+00
    1.79100001e+00 1.79100001e+00 1.78100002e+00 1.74600005e+00
    1.72500002e+00 0. 0. 0. 0. 0. 0. 0. 0. 0. 0. 0. 0. 0. 0.
    1.63199997e+00 1.73000002e+00 1.90100002e+00 1.94200003e+00
    1.92999995e+00 1.92799997e+00 1.92799997e+00 1.92799997e+00
    1.92799997e+00 1.92799997e+00 1.92499995e+00 1.91400003e+00
    1.89600003e+00 1.87000000e+00 1.85300004e+00 1.84200001e+00
    1.83800006e+00 1.83800006e+00 1.84800005e+00 1.85899997e+00
    1.82299995e+00 1.78999996e+00 1.77900004e+00 1.76400006e+00
    1.73899996e+00 1.72500002e+00 0. 0. 0. 0. 0. 0. 0. 0. 0. 0. 0. 0. 0.
    0. 0. 1.29100001e+00 1.83299994e+00 1.96500003e+00 1.93299997e+00
    1.92799997e+00 1.92799997e+00 1.92799997e+00 1.92799997e+00
    1.92799997e+00 1.91900003e+00 1.88800001e+00 1.86699998e+00
    1.86199999e+00 1.84200001e+00 1.81099999e+00 1.80200005e+00
    1.80200005e+00 1.82799995e+00 1.85899997e+00 1.82299995e+00
    1.78699994e+00 1.75699997e+00 1.73399997e+00 1.72800004e+00
    1.72500002e+00 0. 0. 0. 0. 0. 0. 0. 0. 0. 0. 0. 0. 0. 0. 0.
    1.16299999e+00 1.81299996e+00 1.98300004e+00 1.95899999e+00
    1.94299996e+00 1.92799997e+00 1.92799997e+00 1.92799997e+00
    1.92799997e+00 1.91799998e+00 1.88000000e+00 1.85899997e+00
    1.85899997e+00 1.83800006e+00 1.80200005e+00 1.79100001e+00
    1.79100001e+00 1.82200003e+00 1.85899997e+00 1.82299995e+00
    1.78600001e+00 1.75100005e+00 1.62899995e+00 1.28100002e+00
    1.07799995e+00 0. 0. 0. 0. 0. 0. 0. 0. 0. 0. 0. 0. 0. 0. 0.
    1.16299999e+00 1.81299996e+00 1.99800003e+00 1.99500000e+00
    1.96399999e+00 1.92799997e+00 1.92799997e+00 1.92799997e+00
    1.92799997e+00 1.91799998e+00 1.88000000e+00 1.85899997e+00
