<?xml version="1.0"?>
<opencv_storage>
<Depth type_id="opencv-matrix">
  <rows>40</rows>
  <cols>40</cols>
  <dt>f</dt>
  <data>
    0. 0. 0. 0. 0. 0. 0. 0. 0. 0. 0. 0. 0. 0. 0. 0. 0. 0. 0. 0. 0. 0. 0.
    0. 0. 0. 0. 0. 0. 0. 0. 0. 0. 0. 0. 0. 0. 0. 0. 0. 0. 0. 0. 0. 0. 0.
    0. 0. 0. 0. 0. 0. 0. 0. 0. 0. 0. 0. 0. 0. 0. 0. 0. 0. 0. 0. 0. 0. 0.
    0. 0. 0. 0. 0. 0. 0. 0. 0. 0. 0. 0. 0. 0. 0. 0. 0. 0. 0. 0. 0. 0. 0.
    0. 0. 0. 0. 0. 0. 0. 0. 0. 0. 0. 0. 0. 0. 0. 0. 0. 0. 0. 0. 0. 0. 0.
    0. 0. 0. 0. 0. 0. 0. 0. 0. 0. 0. 0. 0. 0. 0. 0. 0. 0. 0. 0. 0. 0. 0.
    0. 0. 0. 0. 0. 0. 0. 0. 0. 0. 0. 0. 0. 0. 0. 0. 0. 0. 0. 0. 0. 0. 0.
    0. 0. 0. 0. 0. 0. 0. 0. 0. 0. 0. 0. 0. 0. 0. 0. 0. 0. 0. 0. 0. 0. 0.
    0. 0. 0. 0. 0. 0. 0. 0. 0. 0. 0. 0. 0. 0. 0. 0. 0. 0. 0. 0. 0. 0. 0.
    0. 0. 0. 0. 0. 0. 0. 0. 0. 0. 0. 0. 0. 0. 0. 0. 0. 0. 0. 0. 0. 0. 0.
    0. 0. 0. 0. 0. 0. 0. 0. 0. 0. 0. 0. 0. 0. 0. 0. 0. 0. 0. 0. 0. 0. 0.
    0. 0. 0. 0. 0. 0. 0. 0. 0. 0. 0. 0. 0. 0. 0. 0. 0. 0. 0. 0. 0. 0. 0.
    0. 0. 0. 0. 0. 0. 0. 0. 0. 0. 0. 0. 0. 0. 0. 0. 0. 0. 0. 0. 0. 0. 0.
    0. 0. 0. 0. 0. 0. 0. 0. 0. 0. 0. 0. 0. 0. 0. 0. 0. 0. 0. 0. 0. 0. 0.
    0. 0. 0. 0. 0. 0. 0. 0. 0. 0. 0. 0. 0. 0. 0. 0. 0. 0. 0. 0. 0. 0. 0.
    0. 0. 0. 0. 0. 0. 0. 0. 0. 0. 0. 0. 0. 0. 0. 0. 0. 0. 0. 0. 0. 0. 0.
    0. 0. 0. 0. 0. 0. 0. 0. 0. 0. 0. 0. 0. 0. 0. 0. 0. 0. 0. 0. 0. 0. 0.
    0. 0. 0. 0. 0. 0. 0. 0. 0. 0. 0. 0. 0. 0. 0. 0. 0. 0. 0. 0. 0. 0. 0.
    0. 0. 0. 0. 0. 0. 0. 0. 0. 0. 0. 0. 0. 0. 0. 0. 0. 0. 0. 0. 0. 0. 0.
    0. 0. 0. 0. 0. 0. 0. 0. 0. 0. 0. 0. 0. 0. 0. 0. 0. 0. 0. 0. 0. 0. 0.
    0. 0. 0. 0. 0. 0. 0. 0. 0. 0. 0. 0. 0. 0. 0. 0. 0. 0. 0. 0.
    1.93700004e+00 1.93700004e+00 1.93700004e+00 1.93700004e+00
    1.93700004e+00 1.93700004e+00 1.93700004e+00 1.93700004e+00
    1.93700004e+00 1.93700004e+00 1.93700004e+00 1.92600000e+00
    1.88999999e+00 1.87399995e+00 1.87399995e+00 0. 0. 0. 0.
    1.01100004e+00 2.34800005e+00 2.34800005e+00 0. 0. 0. 0. 0.
    1.93700004e+00 1.93700004e+00 0. 0. 0. 0. 0. 0. 0. 0. 0. 0. 0.
    1.93700004e+00 1.93700004e+00 1.93700004e+00 1.93700004e+00
    1.93700004e+00 1.93700004e+00 1.93700004e+00 1.93700004e+00
    1.93700004e+00 1.93700004e+00 1.93700004e+00 1.92600000e+00
    1.88999999e+00 1.87399995e+00 1.87399995e+00 0. 0. 0. 0.
    1.36199999e+00 2.23900008e+00 2.26600003e+00 0. 0. 0. 0.
    1.11300004e+00 1.93700004e+00 1.93700004e+00 0. 0. 0. 0. 0. 0. 0. 0.
    0. 0. 0. 1.93700004e+00 1.93700004e+00 1.93700004e+00 1.93700004e+00
    1.93700004e+00 1.93700004e+00 1.93700004e+00 1.93700004e+00
    1.93700004e+00 1.93700004e+00 1.93700004e+00 1.92600000e+00
    1.88999999e+00 1.87399995e+00 1.87399995e+00 1.76800001e+00
    1.64300001e+00 1.64300001e+00 1.70700002e+00 1.92499995e+00
    2.06399989e+00 2.13499999e+00 1.95200002e+00 1.70299995e+00
    1.66799998e+00 1.68799996e+00 1.85599995e+00 1.93700004e+00
    1.93700004e+00 1.83599997e+00 1.70400000e+00 1.70400000e+00
    1.69500005e+00 1.66100001e+00 1.64300001e+00 1.64300001e+00
    1.66900003e+00 1.70299995e+00 1.70400000e+00 1.13499999e+00
    1.93700004e+00 1.93700004e+00 1.93700004e+00 1.93700004e+00
    1.93700004e+00 1.93700004e+00 1.93700004e+00 1.93700004e+00
    1.93700004e+00 1.93700004e+00 1.93700004e+00 1.93099999e+00
    1.91299999e+00 1.90499997e+00 1.90499997e+00 1.94799995e+00 2. 2. 2.
    2. 2.04099989e+00 2.11700010e+00 2.10400009e+00 2.06500006e+00
    2.00900006e+00 1.96399999e+00 1.94599998e+00 1.94599998e+00
    1.96399999e+00 2.00999999e+00 2.06599998e+00 2.06599998e+00
    2.05699992e+00 2.01900005e+00 2. 2. 2.02800012e+00 2.06500006e+00
    2.06599998e+00 1.76300001e+00 1.93700004e+00 1.93700004e+00
    1.93700004e+00 1.93700004e+00 1.93700004e+00 1.93700004e+00
    1.93700004e+00 1.93700004e+00 1.93700004e+00 1.93700004e+00
    1.93700004e+00 1.93700004e+00 1.93700004e+00 1.93700004e+00
    1.93700004e+00 1.96599996e+00 2. 2. 2.00099993e+00 2.00300002e+00
    2.04200006e+00 2.11400008e+00 2.09999990e+00 2.05999994e+00
    1.98899996e+00 1.93700004e+00 1.93700004e+00 1.95500004e+00
    1.99100006e+00 2.02999997e+00 2.06999993e+00 2.06999993e+00
    2.06100011e+00 2.02300000e+00 2.00399995e+00 2.00399995e+00
    2.03200006e+00 2.06999993e+00 2.06999993e+00 2.08699989e+00
    1.93700004e+00 1.93700004e+00 1.93700004e+00 1.93700004e+00
    1.93700004e+00 1.93700004e+00 1.93700004e+00 1.93700004e+00
    1.93700004e+00 1.93700004e+00 1.93700004e+00 1.93700004e+00
    1.93700004e+00 1.93700004e+00 1.93700004e+00 1.96599996e+00 2. 2.
    2.00699997e+00 2.03099990e+00 2.05699992e+00 2.08500004e+00
    2.06100011e+00 2.02300000e+00 1.97300005e+00 1.93700004e+00
    1.93700004e+00 1.95500004e+00 1.99100006e+00 2.04699993e+00
    2.10899997e+00 2.10899997e+00 2.09999990e+00 2.06100011e+00
    2.04200006e+00 2.04200006e+00 2.06999993e+00 2.10800004e+00
    2.10899997e+00 2.12100005e+00 1.93700004e+00 1.94299996e+00
    1.94900000e+00 1.94200003e+00 1.93700004e+00 1.93700004e+00
    1.93700004e+00 1.93700004e+00 1.93700004e+00 1.93700004e+00
    1.93700004e+00 1.93700004e+00 1.93700004e+00 1.93700004e+00
    1.93700004e+00 1.96000004e+00 1.98699999e+00 1.98699999e+00
    1.99800003e+00 2.03500009e+00 2.05699992e+00 2.06399989e+00
    2.03699994e+00 1.99899995e+00 1.97099996e+00 1.95200002e+00
    1.95899999e+00 1.97800004e+00 2.00600004e+00 2.06599998e+00
    2.13400006e+00 2.13400006e+00 2.12400007e+00 2.08599997e+00
    2.06599998e+00 2.06599998e+00 2.09999990e+00 2.14700007e+00
    2.15599990e+00 2.17000008e+00 1.93700004e+00 1.96000004e+00
    1.98300004e+00 1.95500004e+00 1.93700004e+00 1.93700004e+00
    1.93700004e+00 1.93700004e+00 1.93700004e+00 1.93700004e+00
    1.93700004e+00 1.93700004e+00 1.93700004e+00 1.93700004e+00
    1.93700004e+00 1.94400001e+00 1.95099998e+00 1.95099998e+00
    1.96200001e+00 1.99800003e+00 2.03099990e+00 2.05999994e+00
    2.03699994e+00 2. 1.99199998e+00 1.99300003e+00 2.02300000e+00
    2.04099989e+00 2.04900002e+00 2.08699989e+00 2.13400006e+00
    2.13400006e+00 2.12400007e+00 2.08599997e+00 2.06599998e+00
    2.06599998e+00 2.11700010e+00 2.18600011e+00 2.21799994e+00
    2.24499989e+00 1.95899999e+00 1.97899997e+00 1.99800003e+00
    1.97399998e+00 1.95899999e+00 1.95899999e+00 1.95899999e+00
    1.95899999e+00 1.95899999e+00 1.95899999e+00 1.95899999e+00
    1.95899999e+00 1.95899999e+00 1.94500005e+00 1.91999996e+00
    1.91499996e+00 1.91600001e+00 1.92799997e+00 1.94700003e+00
    1.98300004e+00 2.01999998e+00 2.05800009e+00 2.03699994e+00 2. 2.
    2.00999999e+00 2.04800010e+00 2.07299995e+00 2.08599997e+00
    2.10899997e+00 2.13400006e+00 2.13400006e+00 2.13100004e+00
    2.11899996e+00 2.11299992e+00 2.11299992e+00 2.16100001e+00
    2.22600007e+00 2.25399995e+00 2.27500010e+00 1.99399996e+00
    1.99699998e+00 2. 1.99699998e+00 1.99399996e+00 1.99399996e+00
    1.99399996e+00 1.99399996e+00 1.99399996e+00 1.99399996e+00
    1.99399996e+00 1.99399996e+00 1.99399996e+00 1.95799994e+00
    1.89300001e+00 1.88000000e+00 1.88100004e+00 1.91400003e+00
    1.94700003e+00 1.98300004e+00 2.01999998e+00 2.05800009e+00
    2.03699994e+00 2. 2. 2.00999999e+00 2.04800010e+00 2.08400011e+00
    2.11899996e+00 2.13100004e+00 2.13400006e+00 2.13400006e+00
    2.14199996e+00 2.17400002e+00 2.19099998e+00 2.19099998e+00
    2.22399998e+00 2.26799989e+00 2.27200007e+00 2.27500010e+00
    1.85899997e+00 2.04900002e+00 2.03200006e+00 2.03200006e+00
    2.03200006e+00 2.03200006e+00 2.03200006e+00 2.03200006e+00
    2.03200006e+00 2.03099990e+00 2.01200008e+00 2. 2. 1.96000004e+00
    1.88800001e+00 1.87399995e+00 1.87600005e+00 1.91199994e+00
    1.94200003e+00 1.96099997e+00 1.99899995e+00 2.05399990e+00
    2.03699994e+00 2. 2. 2.01500010e+00 2.07100010e+00 2.10899997e+00
    2.12899995e+00 2.13400006e+00 2.13400006e+00 2.15300012e+00
    2.17700005e+00 2.21700001e+00 2.23799992e+00 2.23799992e+00
    2.25300002e+00 2.27500010e+00 2.27500010e+00 2.27500010e+00
    1.48099995e+00 1.85500002e+00 1.82200003e+00 1.82200003e+00
