<?xml version="1.0"?>
<opencv_storage>
<Depth type_id="opencv-matrix">
  <rows>40</rows>
  <cols>40</cols>
  <dt>f</dt>
  <data>
    0. 0. 0. 0. 0. 0. 0. 0. 0. 0. 0. 0. 0. 0. 0. 0. 0. 0. 0. 0. 0. 0. 0.
    0. 0. 0. 0. 0. 0. 0. 0. 0. 0. 0. 0. 0. 0. 0. 0. 0. 0. 0. 0. 0. 0. 0.
    0. 0. 0. 0. 0. 0. 0. 0. 0. 0. 0. 0. 0. 0. 0. 0. 0. 0. 0. 0. 0. 0. 0.
    0. 0. 0. 0. 0. 0. 0. 0. 0. 0. 0. 0. 0. 0. 0. 0. 0. 0. 0. 0. 0. 0. 0.
    0. 0. 0. 0. 0. 0. 0. 0. 0. 0. 0. 0. 0. 0. 0. 0. 0. 0. 0. 0. 0. 0. 0.
    0. 0. 0. 0. 0. 0. 0. 0. 0. 0. 0. 0. 0. 0. 0. 0. 0. 0. 0. 0. 0. 0. 0.
    0. 0. 0. 0. 0. 0. 0. 0. 0. 0. 0. 0. 0. 0. 0. 0. 0. 0. 0. 0. 0. 0. 0.
    0. 0. 0. 0. 0. 0. 0. 0. 0. 0. 0. 0. 0. 0. 0. 0. 0. 0. 0. 0. 0. 0. 0.
    0. 0. 0. 0. 0. 0. 0. 0. 0. 0. 0. 0. 0. 0. 0. 0. 0. 0. 0. 0. 0. 0. 0.
    0. 0. 0. 0. 0. 0. 0. 0. 0. 0. 0. 0. 0. 0. 0. 0. 0. 0. 0. 0. 0. 0. 0.
    0. 0. 0. 0. 0. 0. 0. 0. 0. 0. 0. 0. 0. 0. 0. 0. 0. 0. 0. 0. 0. 0. 0.
    0. 0. 0. 0. 0. 0. 0. 0. 0. 0. 0. 0. 0. 0. 0. 0. 0. 0. 0. 0. 0. 0. 0.
    0. 0. 0. 0. 0. 0. 0. 0. 0. 0. 0. 0. 0. 0. 0. 0. 0. 0. 0. 0. 0. 0. 0.
    0. 0. 0. 0. 0. 0. 0. 0. 0. 0. 0. 0. 0. 0. 0. 0. 0. 0. 0. 0. 0. 0. 0.
    0. 0. 0. 0. 0. 0. 0. 0. 0. 0. 0. 0. 0. 0. 0. 0. 0. 0. 0. 0. 0. 0. 0.
    0. 0. 0. 0. 0. 0. 0. 0. 0. 0. 0. 0. 0. 0. 0. 0. 0. 0. 0. 0. 0. 0. 0.
    0. 0. 0. 0. 0. 0. 0. 0. 0. 0. 0. 0. 0. 0. 0. 0. 0. 0. 0. 0. 0. 0. 0.
    0. 0. 0. 0. 0. 0. 0. 0. 0. 0. 0. 0. 0. 0. 0. 0. 0. 0. 0. 0. 0. 0. 0.
    0. 0. 0. 0. 0. 0. 0. 0. 0. 0. 0. 0. 0. 0. 0. 0. 0. 0. 0. 0. 0. 0. 0.
    0. 0. 0. 0. 0. 0. 0. 0. 0. 0. 0. 0. 0. 0. 0. 0. 0. 0. 0. 0. 0. 0. 0.
    0. 0. 0. 0. 0. 0. 0. 0. 0. 0. 0. 0. 0. 0. 0. 0. 0. 0. 0. 0. 0. 0. 0.
    0. 0. 0. 0. 0. 0. 0. 0. 0. 0. 0. 0. 0. 0. 0. 0. 0. 0. 0. 0. 0. 0. 0.
    0. 0. 0. 0. 0. 0. 0. 0. 0. 0. 0. 0. 0. 0. 0. 0. 0. 0. 0. 0. 0. 0. 0.
    0. 0. 0. 0. 0. 0. 0. 0. 0. 0. 0. 0. 0. 0. 0. 0. 0. 0. 0. 0. 0. 0. 0.
    0. 0. 0. 0. 0. 0. 0. 0. 0. 0. 0. 0. 1.90799999e+00 1.90799999e+00
    1.90799999e+00 1.92299998e+00 1.96700001e+00 2. 2. 2.00600004e+00
    2.05100012e+00 2.09400010e+00 2.09400010e+00 2.09400010e+00
    2.09400010e+00 2.09400010e+00 2.09400010e+00 2.09400010e+00
    2.06100011e+00 2.01699996e+00 2. 2. 2. 2. 1.98199999e+00
    1.93799996e+00 1.86899996e+00 1.74699998e+00 1.65100002e+00
    1.65100002e+00 1.72099996e+00 2.35400009e+00 2.98200011e+00
    2.98200011e+00 0. 0. 0. 0. 0. 0. 0. 0. 1.92799997e+00 1.92799997e+00
    1.92799997e+00 1.94000006e+00 1.97399998e+00 2. 2. 2.00500011e+00
    2.03999996e+00 2.07399988e+00 2.07399988e+00 2.07399988e+00
    2.07399988e+00 2.07399988e+00 2.07399988e+00 2.07399988e+00
    2.04200006e+00 1.99699998e+00 1.98000002e+00 1.98000002e+00
    1.98000002e+00 1.98000002e+00 1.96599996e+00 1.93200004e+00
    1.86899996e+00 1.74699998e+00 1.65100002e+00 1.65100002e+00
    1.70500004e+00 2.19499993e+00 2.68099999e+00 2.68099999e+00 0. 0. 0.
    0. 0. 0. 0. 0. 1.97099996e+00 1.97099996e+00 1.97099996e+00
    1.97599995e+00 1.99000001e+00 2. 2. 2.00200009e+00 2.01600003e+00
    2.02900004e+00 2.02900004e+00 2.02900004e+00 2.02900004e+00
    2.02900004e+00 2.02900004e+00 2.02900004e+00 1.99699998e+00
    1.95299995e+00 1.93700004e+00 1.93700004e+00 1.93700004e+00
    1.93700004e+00 1.93099999e+00 1.91700006e+00 1.86899996e+00
    1.74699998e+00 1.65100002e+00 1.65100002e+00 1.66999996e+00
    1.84000003e+00 2.00900006e+00 2.00900006e+00 0. 0. 0. 0. 0. 0. 0. 0.
    2. 2. 2. 1.99800003e+00 1.99000001e+00 1.98500001e+00 1.98500001e+00
    1.98500001e+00 1.98500001e+00 1.98500001e+00 1.98500001e+00
    1.98500001e+00 1.99199998e+00 1.99899995e+00 2. 2. 1.96300006e+00
    1.91299999e+00 1.89400005e+00 1.89400005e+00 1.88999999e+00
    1.88300002e+00 1.87899995e+00 1.87899995e+00 1.84500003e+00
    1.73599994e+00 1.65100002e+00 1.65100002e+00 1.64699996e+00
    1.60800004e+00 1.57000005e+00 1.57000005e+00 0. 0. 0. 0. 0. 0. 0. 0.
    2. 2. 2. 1.99000001e+00 1.96200001e+00 1.94099998e+00 1.94099998e+00
    1.94099998e+00 1.94099998e+00 1.94099998e+00 1.94099998e+00
    1.94099998e+00 1.96700001e+00 1.99500000e+00 2. 2. 1.94900000e+00
    1.87800002e+00 1.85200000e+00 1.85200000e+00 1.83800006e+00
    1.81200004e+00 1.79700005e+00 1.79700005e+00 1.77499998e+00
    1.70500004e+00 1.65100002e+00 1.65100002e+00 1.64699996e+00
    1.60800004e+00 1.57000005e+00 1.57000005e+00 0. 0. 0. 0. 0. 0. 0. 0.
    1.98899996e+00 1.98899996e+00 1.98899996e+00 1.97599995e+00
    1.93700004e+00 1.90799999e+00 1.90799999e+00 1.90799999e+00
    1.90799999e+00 1.90799999e+00 1.90799999e+00 1.90799999e+00
    1.94900000e+00 1.99300003e+00 1.99600005e+00 1.99100006e+00
    1.93099999e+00 1.85000002e+00 1.82000005e+00 1.82000005e+00
    1.79900002e+00 1.75800002e+00 1.73199999e+00 1.72800004e+00
    1.71099997e+00 1.66700006e+00 1.63300002e+00 1.63300002e+00
    1.62899995e+00 1.59500003e+00 1.56099999e+00 1.56099999e+00 0. 0. 0.
    0. 0. 0. 0. 0. 1.94599998e+00 1.94599998e+00 1.94599998e+00
    1.93900001e+00 1.92200005e+00 1.90799999e+00 1.90799999e+00
    1.90799999e+00 1.90799999e+00 1.90799999e+00 1.90799999e+00
    1.90799999e+00 1.94900000e+00 1.99300003e+00 1.97899997e+00
    1.95299995e+00 1.90199995e+00 1.84200001e+00 1.82000005e+00
    1.82000005e+00 1.79900002e+00 1.75800002e+00 1.72399998e+00
    1.70099998e+00 1.66600001e+00 1.60500002e+00 1.55700004e+00
    1.55700004e+00 1.55499995e+00 1.53999996e+00 1.52400005e+00
    1.52400005e+00 0. 0. 0. 0. 0. 0. 0. 0. 1.90199995e+00 1.90300000e+00
    1.90600002e+00 1.90799999e+00 1.90799999e+00 1.90799999e+00
    1.90799999e+00 1.90799999e+00 1.90799999e+00 1.90799999e+00
    1.91100001e+00 1.91400003e+00 1.95200002e+00 1.99300003e+00
    1.96399999e+00 1.91999996e+00 1.88000000e+00 1.84000003e+00
    1.82400000e+00 1.82099998e+00 1.79700005e+00 1.75399995e+00
    1.71200001e+00 1.67299998e+00 1.62199998e+00 1.54900002e+00
    1.49100006e+00 1.48899996e+00 1.48699999e+00 1.48699999e+00
    1.48699999e+00 1.48699999e+00 0. 0. 0. 0. 0. 0. 0. 0. 1.86000001e+00
    1.87000000e+00 1.89300001e+00 1.90799999e+00 1.90799999e+00
    1.90799999e+00 1.90799999e+00 1.90799999e+00 1.90799999e+00
    1.90900004e+00 1.93299997e+00 1.95599997e+00 1.97700000e+00
    1.99699998e+00 1.96399999e+00 1.91999996e+00 1.89400005e+00
    1.87500000e+00 1.85399997e+00 1.83099997e+00 1.78699994e+00
    1.72500002e+00 1.67299998e+00 1.63399994e+00 1.59000003e+00
    1.53499997e+00 1.48800004e+00 1.46800005e+00 1.45099998e+00
    1.45099998e+00 1.45099998e+00 1.45099998e+00 0. 0. 0. 0. 0. 0. 0. 0.
    1.82000005e+00 1.83899999e+00 1.88100004e+00 1.90799999e+00
    1.90799999e+00 1.90799999e+00 1.90799999e+00 1.90799999e+00
    1.90799999e+00 1.90999997e+00 1.95299995e+00 1.99699998e+00 2. 2.
    1.96399999e+00 1.91999996e+00 1.90799999e+00 1.90799999e+00
    1.88199997e+00 1.84000003e+00 1.77800000e+00 1.69799995e+00
    1.63499999e+00 1.59599996e+00 1.55799997e+00 1.52100003e+00
    1.48399997e+00 1.44799995e+00 1.41600001e+00 1.41600001e+00
    1.41600001e+00 1.41600001e+00 0. 0. 0. 0. 0. 0. 0. 0. 1.82000005e+00
    1.83899999e+00 1.88100004e+00 1.90799999e+00 1.90799999e+00
    1.90799999e+00 1.90799999e+00 1.90799999e+00 1.90799999e+00
    1.90999997e+00 1.95299995e+00 1.99699998e+00 2. 2. 1.96399999e+00
    1.91999996e+00 1.90799999e+00 1.90799999e+00 1.88199997e+00
    1.84000003e+00 1.77800000e+00 1.69799995e+00 1.63499999e+00
    1.59599996e+00 1.55799997e+00 1.52100003e+00 1.48399997e+00
    1.44799995e+00 1.41600001e+00 1.41600001e+00 1.41600001e+00
    1.41600001e+00 0. 0. 0. 0. 0. 0. 0. 0. 0. 0. 0. 0. 0. 0. 0. 0. 0. 0.
    0. 0. 0. 0. 0. 0. 0. 0. 0. 0. 0. 0. 0. 0. 0. 0. 0. 0. 0. 0. 0. 0. 0.
    0. 0. 0. 0. 0. 0. 0. 0. 0. 0. 0. 0. 0. 0. 0. 0. 0. 0. 0. 0. 0. 0. 0.
    0. 0. 0. 0. 0. 0. 0. 0. 0. 0. 0. 0. 0. 0. 0. 0. 0. 0. 0. 0. 0. 0. 0.
    0. 0. 0. 0. 0. 0. 0. 0. 0. 0. 0. 0. 0. 0. 0. 0. 0. 0. 0. 0. 0. 0. 0.
    0. 0. 0. 0. 0. 0. 0. 0. 0. 0. 0. 0. 0. 0. 0. 0. 0. 0. 0. 0. 0. 0. 0.
    0. 0. 0. 0. 0. 0. 0. 0. 0. 0. 0. 0. 0. 0. 0. 0. 0. 0. 0. 0. 0. 0. 0.
