<?xml version="1.0"?>
<opencv_storage>
<Depth type_id="opencv-matrix">
  <rows>40</rows>
  <cols>40</cols>
  <dt>f</dt>
  <data>
    0. 0. 0. 0. 0. 0. 0. 0. 0. 0. 0. 0. 0. 0. 0. 0. 0. 0. 0. 0. 0. 0. 0.
    0. 0. 0. 0. 0. 0. 0. 0. 0. 0. 0. 0. 0. 0. 0. 0. 0. 0. 0. 0. 0. 0. 0.
    0. 0. 0. 0. 0. 0. 0. 0. 0. 0. 0. 0. 0. 0. 0. 0. 0. 0. 0. 0. 0. 0. 0.
    0. 0. 0. 0. 0. 0. 0. 0. 0. 0. 0. 0. 0. 0. 0. 0. 0. 0. 0. 0. 0. 0. 0.
    0. 0. 0. 0. 0. 0. 0. 0. 0. 0. 0. 0. 0. 0. 0. 0. 0. 0. 0. 0. 0. 0. 0.
    0. 0. 0. 0. 0. 0. 0. 0. 0. 0. 0. 0. 0. 0. 0. 0. 0. 0. 0. 0. 0. 0. 0.
    0. 0. 0. 0. 0. 0. 0. 0. 0. 0. 0. 0. 0. 0. 0. 0. 0. 0. 0. 0. 0. 0. 0.
    0. 0. 0. 0. 0. 0. 0. 0. 0. 0. 0. 0. 0. 0. 0. 0. 0. 0. 0. 0. 0. 0. 0.
    0. 0. 0. 0. 0. 0. 0. 0. 0. 0. 0. 0. 0. 0. 0. 0. 0. 0. 0. 0. 0. 0. 0.
    0. 0. 0. 0. 0. 0. 0. 0. 0. 0. 0. 0. 0. 0. 0. 0. 0. 0. 0. 0. 0. 0. 0.
    0. 0. 0. 0. 0. 0. 0. 0. 0. 0. 0. 0. 0. 0. 0. 0. 0. 0. 0. 0. 0. 0. 0.
    0. 0. 0. 0. 0. 0. 0. 0. 0. 0. 0. 0. 0. 0. 0. 0. 0. 0. 0. 0. 0. 0. 0.
    0. 0. 0. 0. 0. 0. 0. 0. 0. 0. 0. 0. 0. 0. 0. 0. 0. 0. 0. 0. 0. 0. 0.
    0. 0. 0. 0. 0. 0. 0. 0. 0. 0. 0. 0. 0. 0. 0. 0. 0. 0. 0. 0. 0. 0. 0.
    0. 0. 0. 0. 0. 0. 0. 0. 0. 0. 0. 0. 0. 0. 0. 0. 0. 0. 0. 0. 0. 0. 0.
    0. 0. 0. 0. 0. 0. 0. 0. 0. 0. 0. 0. 0. 0. 0. 0. 0. 0. 0. 0. 0. 0. 0.
    0. 0. 0. 0. 0. 0. 0. 0. 0. 0. 0. 0. 0. 0. 0. 0. 0. 0. 0. 0. 0. 0. 0.
    0. 0. 0. 0. 0. 0. 0. 0. 0. 0. 0. 0. 0. 0. 0. 0. 0. 0. 0. 0. 0. 0. 0.
    0. 0. 0. 0. 0. 0. 0. 0. 0. 0. 0. 0. 0. 0. 0. 0. 0. 0. 0. 0. 0. 0. 0.
    0. 0. 0. 2.52900004e+00 2.06699991e+00 2.07699990e+00 2.08500004e+00
    2.11400008e+00 2.10200000e+00 2.10200000e+00 2.10200000e+00
    2.10200000e+00 2.09200001e+00 2.08400011e+00 2.61199999e+00
    2.73699999e+00 2.68899989e+00 2.11899996e+00 2.32299995e+00
    2.72199988e+00 2.73600006e+00 2.73600006e+00 2.71099997e+00
    2.70799994e+00 2.73499990e+00 2.73600006e+00 2.47099996e+00
    2.10100007e+00 2.08999991e+00 2.06999993e+00 2.06699991e+00
    2.12599993e+00 2.73600006e+00 2.73600006e+00 2.73699999e+00
    2.73699999e+00 2.69600010e+00 2.68300009e+00 2.68400002e+00
    2.74399996e+00 2.79299998e+00 1.45099998e+00 0. 2.04800010e+00
    2.06200004e+00 2.06699991e+00 2.07999992e+00 2.09699988e+00
    2.09899998e+00 2.09899998e+00 2.09899998e+00 2.09299994e+00
    2.08500004e+00 2.07299995e+00 2.06699991e+00 2.08100009e+00
    2.08299994e+00 2.09899998e+00 2.09299994e+00 2.07399988e+00
    2.06699991e+00 2.06699991e+00 2.05200005e+00 2.04999995e+00
    2.05299997e+00 2.07200003e+00 2.08299994e+00 2.08100009e+00
    2.08100009e+00 2.06999993e+00 2.06699991e+00 2.06699991e+00
    2.06699991e+00 2.07200003e+00 2.08100009e+00 2.08100009e+00
    2.06999993e+00 2.06699991e+00 2.06699991e+00 2.15799999e+00
    2.64299989e+00 1.36300004e+00 0. 2.00500011e+00 2.02099991e+00
    2.03900003e+00 2.06399989e+00 2.07299995e+00 2.07900000e+00
    2.07900000e+00 2.07900000e+00 2.07900000e+00 2.07900000e+00
    2.07100010e+00 2.06699991e+00 2.06699991e+00 2.06800008e+00
    2.07900000e+00 2.07299995e+00 2.06100011e+00 2.06100011e+00
    2.06100011e+00 2.04600000e+00 2.04399991e+00 2.04600000e+00
    2.06100011e+00 2.07100010e+00 2.06399989e+00 2.06100011e+00
    2.06100011e+00 2.06699991e+00 2.06699991e+00 2.06699991e+00
    2.06500006e+00 2.06100011e+00 2.06100011e+00 2.06100011e+00
    2.06100011e+00 2.05599999e+00 2.05399990e+00 2.04299998e+00
    1.35000002e+00 1.32400000e+00 1.98399997e+00 1.98399997e+00
    1.98399997e+00 2.02699995e+00 2.04900002e+00 2.05900002e+00
    2.05800009e+00 2.04900002e+00 2.04299998e+00 2.04699993e+00
    2.06200004e+00 2.04200006e+00 2.03600001e+00 2.05100012e+00
    2.05100012e+00 2.04800010e+00 2.04200006e+00 2.04200006e+00
    2.04200006e+00 2.02699995e+00 2.02500010e+00 2.03299999e+00
    2.03800011e+00 2.04999995e+00 2.04600000e+00 2.04200006e+00
    2.04200006e+00 2.05100012e+00 2.05900002e+00 2.05699992e+00
    2.04500008e+00 2.03399992e+00 2.03399992e+00 2.03399992e+00
    2.03399992e+00 2.02500010e+00 2.02500010e+00 2.02200007e+00
    2.01600003e+00 2.01600003e+00 1.98399997e+00 1.98399997e+00
    1.98399997e+00 2.01300001e+00 2.02900004e+00 2.01999998e+00
    2.01999998e+00 2.01799989e+00 2.00600004e+00 2.00999999e+00
    2.02200007e+00 2.00500011e+00 2. 2.01300001e+00 2.01300001e+00
    2.01300001e+00 2.01799989e+00 2.01099992e+00 2.00300002e+00
    2.00600004e+00 2.00699997e+00 2.02300000e+00 2.02500010e+00
    2.02699995e+00 2.02300000e+00 2.02300000e+00 2.02300000e+00
    2.02300000e+00 2.02999997e+00 2.03399992e+00 2.01099992e+00
    2.00600004e+00 2.00600004e+00 2.00600004e+00 2.01500010e+00
    2.01600003e+00 2.01600003e+00 2.01600003e+00 2.01200008e+00
    2.00600004e+00 1.98399997e+00 1.98399997e+00 1.98399997e+00
    2.00799990e+00 2.01600003e+00 2. 2.00200009e+00 2.01200008e+00 2. 2.
    2. 2. 2. 1.98800004e+00 1.98800004e+00 1.99199998e+00 2.00799990e+00
    1.99600005e+00 1.98399997e+00 1.99800003e+00 2. 2.00399995e+00
    2.00399995e+00 2.00399995e+00 2.00399995e+00 2.00399995e+00
    2.00399995e+00 2.00399995e+00 2.00500011e+00 2.00699997e+00 2. 2. 2.
    2. 2.01399994e+00 2.01600003e+00 2.01600003e+00 2.01600003e+00
    2.00900006e+00 2. 2.01200008e+00 2.01200008e+00 2.01200008e+00
    2.01500010e+00 2.01600003e+00 2.01399994e+00 2.01399994e+00
    2.01500010e+00 2.01399994e+00 2.01399994e+00 2.01399994e+00
    2.00300002e+00 2. 1.97000003e+00 1.97300005e+00 1.99000001e+00
    2.00799990e+00 2.01300001e+00 2.00099993e+00 2. 2. 2. 2. 2. 2. 2. 2.
    2. 2. 2. 2. 2. 2. 2. 2.00200009e+00 2.00200009e+00 2.00399995e+00
    2.01200008e+00 2.00099993e+00 2. 2.03299999e+00 2.03299999e+00
    2.03299999e+00 2.03299999e+00 2.01799989e+00 2.01600003e+00
    2.01600003e+00 2.01600003e+00 2.01600003e+00 2.01600003e+00
    2.01600003e+00 2.01600003e+00 2.00099993e+00 1.96800005e+00
    1.97200000e+00 1.99000001e+00 2.00799990e+00 2.01600003e+00
    2.00399995e+00 2. 2. 2.00200009e+00 2.01600003e+00 2.01600003e+00
    2.00699997e+00 2. 2. 2. 2. 2. 2. 2. 2. 2. 2. 2. 2. 2. 2. 0.
    2.03299999e+00 2.03299999e+00 2.03299999e+00 2.03299999e+00
    2.03500009e+00 2.02099991e+00 2.02099991e+00 2.02399993e+00
    2.03299999e+00 2.03299999e+00 2.02300000e+00 2.01600003e+00
    2.00300002e+00 2. 2. 2.00099993e+00 2.00900006e+00 2.01600003e+00
    2.01399994e+00 2.00200009e+00 2. 2.01399994e+00 2.01600003e+00
    2.01600003e+00 2.00699997e+00 2. 2. 2. 2. 2. 2. 2. 2. 2. 2. 2. 2. 2.
    2. 1.99899995e+00 2.03800011e+00 2.03800011e+00 2.03800011e+00
    2.03800011e+00 2.04800010e+00 2.04999995e+00 2.04900002e+00
    2.04200006e+00 2.03299999e+00 2.03299999e+00 2.03299999e+00
    2.02300000e+00 2.01600003e+00 2.00399995e+00 2.00399995e+00
    2.00799990e+00 2.01600003e+00 2.01600003e+00 2.00399995e+00 2. 2.
    2.00200009e+00 2.01500010e+00 2.01200008e+00 2.00500011e+00 2. 2. 2.
    2. 2.00300002e+00 2. 2. 2. 2. 2. 2. 2. 2. 2. 1.99100006e+00
    2.04999995e+00 2.04999995e+00 2.04999995e+00 2.04999995e+00
    2.04999995e+00 2.04999995e+00 2.04800010e+00 2.03299999e+00
    2.03299999e+00 2.03299999e+00 2.03299999e+00 2.03299999e+00
    2.01699996e+00 2.01600003e+00 2.01600003e+00 2.01600003e+00
    2.01600003e+00 2.01600003e+00 2.00399995e+00 2. 2. 2.00799990e+00
    2.01099992e+00 2. 2. 2.00399995e+00 2.00699997e+00 2.00699997e+00
    2.00699997e+00 2.01200008e+00 2. 2. 2. 2.00500011e+00 2.00699997e+00
    2. 2. 2. 2. 1.99500000e+00 2.04999995e+00 2.04999995e+00
    2.05599999e+00 2.05900002e+00 2.05100012e+00 2.04999995e+00
    2.03999996e+00 2.03299999e+00 2.03299999e+00 2.03299999e+00
    2.03299999e+00 2.03299999e+00 2.01699996e+00 2.01600003e+00
    2.01600003e+00 2.01600003e+00 2.01600003e+00 2.01600003e+00
    2.01099992e+00 2.00900006e+00 2.00900006e+00 2.01600003e+00
    2.01099992e+00 2. 2. 2.01099992e+00 2.01600003e+00 2.01600003e+00
    2.01600003e+00 2.01200008e+00 2. 2. 2. 2.01200008e+00 2.01600003e+00
    2. 2. 2. 2. 2. 2.04999995e+00 2.04999995e+00 2.05999994e+00
