<?xml version="1.0"?>
<opencv_storage>
<Depth type_id="opencv-matrix">
  <rows>40</rows>
  <cols>40</cols>
  <dt>f</dt>
  <data>
    0. 0. 0. 0. 0. 0. 0. 0. 0. 0. 0. 0. 0. 0. 0. 0. 0. 0. 0. 0. 0. 0. 0.
    0. 0. 0. 0. 0. 0. 0. 0. 0. 0. 0. 0. 0. 0. 0. 0. 0. 0. 0. 0. 0. 0. 0.
    0. 0. 0. 0. 0. 0. 0. 0. 0. 0. 0. 0. 0. 0. 0. 0. 0. 0. 0. 0. 0. 0. 0.
    0. 0. 0. 0. 0. 0. 0. 0. 0. 0. 0. 0. 0. 0. 0. 0. 0. 0. 0. 0. 0. 0. 0.
    0. 0. 0. 0. 0. 0. 0. 0. 0. 0. 0. 0. 0. 0. 0. 0. 0. 0. 0. 0. 0. 0. 0.
    0. 0. 0. 0. 0. 0. 0. 0. 0. 0. 0. 0. 0. 0. 0. 0. 0. 0. 0. 0. 0. 0. 0.
    0. 0. 0. 0. 0. 0. 0. 0. 0. 0. 0. 0. 0. 0. 0. 0. 0. 0. 0. 0. 0. 0. 0.
    0. 0. 0. 0. 0. 0. 0. 0. 0. 0. 0. 0. 0. 0. 0. 0. 0. 0. 0. 0. 0. 0. 0.
    0. 0. 0. 0. 0. 0. 0. 0. 0. 0. 0. 0. 0. 0. 0. 0. 0. 0. 0. 0. 0. 0. 0.
    0. 0. 0. 0. 0. 0. 0. 0. 0. 0. 0. 0. 0. 0. 0. 0. 0. 0. 0. 0. 0. 0. 0.
    0. 0. 0. 0. 0. 0. 0. 0. 0. 0. 0. 0. 0. 0. 0. 0. 0. 0. 0. 0. 0. 0. 0.
    0. 0. 0. 0. 0. 0. 0. 0. 0. 0. 0. 0. 0. 0. 0. 0. 0. 0. 0. 0. 0. 0. 0.
    0. 0. 0. 0. 0. 0. 0. 0. 0. 0. 0. 0. 0. 0. 0. 0. 0. 0. 0. 0. 0. 0. 0.
    0. 0. 0. 0. 0. 0. 0. 0. 0. 0. 0. 0. 0. 0. 0. 0. 0. 0. 0. 0. 0. 0. 0.
    0. 0. 0. 0. 0. 0. 0. 0. 0. 0. 0. 0. 0. 0. 0. 0. 0. 0. 0. 0. 0. 0. 0.
    0. 0. 0. 0. 0. 0. 0. 0. 0. 0. 0. 0. 0. 0. 0. 0. 0. 0. 0. 0. 0. 0. 0.
    0. 0. 0. 0. 0. 0. 0. 0. 0. 0. 0. 0. 0. 0. 0. 0. 0. 0. 0. 0. 0. 0. 0.
    0. 0. 0. 0. 0. 0. 0. 0. 0. 0. 0. 0. 0. 0. 0. 0. 0. 0. 0. 0. 0. 0. 0.
    0. 0. 0. 0. 0. 0. 0. 0. 0. 0. 0. 0. 0. 0. 0. 0. 0. 0. 0. 0. 0. 0. 0.
    0. 0. 0. 0. 0. 0. 0. 0. 0. 0. 0. 0. 0. 0. 0. 0. 0. 0. 0. 0. 0. 0. 0.
    0. 0. 2.04200006e+00 2.02099991e+00 1.98000002e+00 1.98000002e+00
    1.98000002e+00 2.02099991e+00 2.04200006e+00 2.06399989e+00
    2.06399989e+00 2.10800004e+00 2.08500004e+00 2.04200006e+00
    2.04200006e+00 2.06399989e+00 2.13000011e+00 1.49699998e+00 0. 0. 0.
    0. 0. 0. 0. 0. 1.88199997e+00 1.88199997e+00 1.88199997e+00
    1.88199997e+00 0. 0. 0. 0. 0. 0. 0. 0. 0. 0. 0. 0. 2.02099991e+00
    2.02099991e+00 2.02099991e+00 2. 2. 2.02099991e+00 2.04200006e+00
    2.04200006e+00 2.04200006e+00 2.08500004e+00 2.10800004e+00
    2.04200006e+00 2.04200006e+00 2.06399989e+00 2.13000011e+00
    1.49699998e+00 0. 0. 0. 0. 0. 0. 0. 0. 1.86300004e+00 1.86300004e+00
    1.86300004e+00 1.88199997e+00 1.90100002e+00 1.93900001e+00
    1.93900001e+00 1.95899999e+00 1.95899999e+00 1.95899999e+00
    1.95899999e+00 1.95899999e+00 1.95899999e+00 1.95899999e+00
    1.93900001e+00 1.93900001e+00 2. 2.02099991e+00 2.02099991e+00 2. 2.
    2.02099991e+00 2.02099991e+00 2.04200006e+00 2.04200006e+00
    2.08500004e+00 2.10800004e+00 2.10800004e+00 2.13000011e+00
    2.13000011e+00 2.15300012e+00 2.15300012e+00 0. 0. 0. 0.
    1.88199997e+00 1.88199997e+00 1.86300004e+00 1.86300004e+00
    1.86300004e+00 1.86300004e+00 1.86300004e+00 1.88199997e+00
    1.90100002e+00 1.93900001e+00 1.93900001e+00 1.95899999e+00
    1.95899999e+00 1.95899999e+00 1.95899999e+00 1.95899999e+00
    1.93900001e+00 1.93900001e+00 1.93900001e+00 1.93900001e+00
    1.95899999e+00 2.02099991e+00 2.02099991e+00 2.02099991e+00
    2.02099991e+00 2.02099991e+00 2.02099991e+00 2.06399989e+00
    2.06399989e+00 2.08500004e+00 2.10800004e+00 2.10800004e+00
    2.13000011e+00 2.13000011e+00 2.15300012e+00 2.15300012e+00 0. 0. 0.
    0. 1.88199997e+00 1.88199997e+00 1.86300004e+00 1.86300004e+00
    1.86300004e+00 1.86300004e+00 1.88199997e+00 1.88199997e+00
    1.88199997e+00 1.93900001e+00 1.93900001e+00 1.95899999e+00
    1.95899999e+00 1.95899999e+00 1.95899999e+00 1.95899999e+00
    1.93900001e+00 1.93900001e+00 1.95899999e+00 1.95899999e+00
    1.95899999e+00 2.02099991e+00 2.02099991e+00 2.04200006e+00
    2.04200006e+00 2.04200006e+00 2.04200006e+00 2.08500004e+00
    2.08500004e+00 2.08500004e+00 2.10800004e+00 2.10800004e+00
    2.13000011e+00 2.13000011e+00 2.13000011e+00 2.15300012e+00 0. 0. 0.
    0. 1.88199997e+00 1.88199997e+00 1.86300004e+00 1.86300004e+00
    1.86300004e+00 1.86300004e+00 1.88199997e+00 1.88199997e+00
    1.88199997e+00 1.93900001e+00 1.93900001e+00 1.95899999e+00
    1.95899999e+00 1.95899999e+00 1.95899999e+00 1.95899999e+00
    1.95899999e+00 1.95899999e+00 1.95899999e+00 2. 2.02099991e+00
    2.02099991e+00 2.02099991e+00 2.04200006e+00 2.04200006e+00
    2.06399989e+00 2.06399989e+00 2.08500004e+00 2.08500004e+00
    2.10800004e+00 2.10800004e+00 2.10800004e+00 2.10800004e+00
    2.13000011e+00 2.13000011e+00 2.15300012e+00 0. 0. 0. 0.
    1.88199997e+00 1.88199997e+00 1.86300004e+00 1.86300004e+00
    1.86300004e+00 1.86300004e+00 1.88199997e+00 1.90100002e+00
    1.90100002e+00 1.91999996e+00 1.91999996e+00 1.93900001e+00
    1.93900001e+00 1.95899999e+00 1.95899999e+00 1.95899999e+00
    1.95899999e+00 1.98000002e+00 2. 2.02099991e+00 2.02099991e+00
    2.02099991e+00 2.04200006e+00 2.04200006e+00 2.06399989e+00
    2.06399989e+00 2.08500004e+00 2.08500004e+00 2.10800004e+00
    2.10800004e+00 2.10800004e+00 2.10800004e+00 2.10800004e+00
    2.13000011e+00 2.13000011e+00 2.15300012e+00 0. 0. 0. 0.
    1.88199997e+00 1.88199997e+00 1.88199997e+00 1.88199997e+00
    1.88199997e+00 1.88199997e+00 1.90100002e+00 1.90100002e+00
    1.90100002e+00 1.91999996e+00 1.91999996e+00 1.93900001e+00
    1.93900001e+00 1.95899999e+00 1.95899999e+00 1.95899999e+00
    1.95899999e+00 1.98000002e+00 2. 2.02099991e+00 2.02099991e+00
    2.02099991e+00 2.04200006e+00 2.04200006e+00 2.06399989e+00
    2.06399989e+00 2.08500004e+00 2.08500004e+00 2.10800004e+00
    2.10800004e+00 2.08500004e+00 2.08500004e+00 2.10800004e+00
    2.10800004e+00 2.13000011e+00 2.13000011e+00 0. 0. 0. 0.
    1.88199997e+00 1.86300004e+00 1.86300004e+00 1.88199997e+00
    1.88199997e+00 1.88199997e+00 1.90100002e+00 1.90100002e+00
    1.90100002e+00 1.90100002e+00 1.91999996e+00 1.91999996e+00
    1.93900001e+00 1.93900001e+00 1.95899999e+00 1.95899999e+00
    1.95899999e+00 1.98000002e+00 2. 2.02099991e+00 2.02099991e+00
    2.02099991e+00 2.02099991e+00 2.04200006e+00 2.04200006e+00
    2.04200006e+00 2.04200006e+00 2.04200006e+00 2.08500004e+00
    2.10800004e+00 2.08500004e+00 2.08500004e+00 2.10800004e+00
    2.10800004e+00 2.10800004e+00 1.55299997e+00 0. 0. 0. 0.
    1.86300004e+00 1.86300004e+00 1.86300004e+00 1.88199997e+00
    1.88199997e+00 1.88199997e+00 1.88199997e+00 1.88199997e+00
    1.90100002e+00 1.90100002e+00 1.91999996e+00 1.91999996e+00
    1.91999996e+00 1.93900001e+00 1.95899999e+00 1.95899999e+00
    1.95899999e+00 1.98000002e+00 2. 2.02099991e+00 2.02099991e+00
    2.02099991e+00 2.02099991e+00 2.02099991e+00 2.02099991e+00
    2.02099991e+00 2.02099991e+00 2.04200006e+00 2.06399989e+00
    2.06399989e+00 2.08500004e+00 2.08500004e+00 1.55299997e+00
    1.49699998e+00 1.53900003e+00 1.53900003e+00 0. 0. 0. 0.
    1.86300004e+00 1.86300004e+00 1.86300004e+00 1.88199997e+00
    1.88199997e+00 1.88199997e+00 1.88199997e+00 1.88199997e+00
    1.90100002e+00 1.90100002e+00 1.91999996e+00 1.91999996e+00
    1.91999996e+00 1.93900001e+00 1.98000002e+00 1.98000002e+00
    1.98000002e+00 1.98000002e+00 1.98000002e+00 2. 2. 2.02099991e+00
    2.02099991e+00 2. 2. 2.02099991e+00 2.02099991e+00 2.06399989e+00
    2.06399989e+00 2.06399989e+00 2.08500004e+00 2.08500004e+00
    1.55299997e+00 1.49699998e+00 1.48399997e+00 1.48399997e+00 0. 0. 0.
    0. 1.86300004e+00 1.86300004e+00 1.86300004e+00 1.88199997e+00
    1.88199997e+00 1.88199997e+00 1.90100002e+00 1.90100002e+00
    1.90100002e+00 1.90100002e+00 1.91999996e+00 1.91999996e+00
    1.91999996e+00 1.93900001e+00 1.98000002e+00 1.98000002e+00
    1.98000002e+00 1.98000002e+00 1.98000002e+00 2. 2. 2.02099991e+00 2.
    2. 2. 2.02099991e+00 2.02099991e+00 2.08500004e+00 2.06399989e+00
    2.06399989e+00 2.08500004e+00 2.10800004e+00 1.55299997e+00
    1.47000003e+00 1.47000003e+00 1.45700002e+00 0. 0. 0. 0.
    1.86300004e+00 1.86300004e+00 1.88199997e+00 1.88199997e+00
    1.90100002e+00 1.90100002e+00 1.90100002e+00 1.91999996e+00
