<?xml version="1.0"?>
<opencv_storage>
<Depth type_id="opencv-matrix">
  <rows>40</rows>
  <cols>40</cols>
  <dt>f</dt>
  <data>
    0. 0. 0. 0. 0. 0. 0. 0. 0. 0. 0. 0. 0. 0. 2.71000004e+00
    2.20099998e+00 2.15499997e+00 2.15499997e+00 2.15499997e+00
    2.13299990e+00 2.10599995e+00 2.09100008e+00 2.08800006e+00
    2.07299995e+00 2.06200004e+00 2.05999994e+00 2.05999994e+00
    2.05999994e+00 2.05999994e+00 0. 0. 0. 0. 0. 0. 0. 0. 0. 0. 0. 0. 0.
    0. 0. 0. 0. 0. 0. 0. 0. 0. 0. 0. 0. 2.83100009e+00 2.38899994e+00
    2.15400004e+00 2.14499998e+00 2.13800001e+00 2.11999989e+00
    2.10200000e+00 2.09100008e+00 2.09100008e+00 2.08899999e+00
    2.06299996e+00 2.05999994e+00 2.05999994e+00 2.05999994e+00
    2.05999994e+00 0. 0. 0. 0. 0. 0. 0. 0. 0. 0. 0. 0. 0. 0. 0. 0. 0. 0.
    0. 0. 0. 0. 0. 0. 0. 0. 2.73799992e+00 2.15000010e+00 2.12199998e+00
    2.09599996e+00 2.09100008e+00 2.09100008e+00 2.09100008e+00
    2.09100008e+00 2.08999991e+00 2.06699991e+00 2.06399989e+00
    2.06399989e+00 2.06399989e+00 2.06399989e+00 0. 0. 0. 0. 0. 0. 0. 0.
    0. 0. 0. 0. 0. 0. 0. 0. 0. 0. 0. 0. 0. 0. 0. 0. 0. 2.70099998e+00
    2.18700004e+00 2.15000010e+00 2.12199998e+00 2.09599996e+00
    2.09100008e+00 2.09100008e+00 2.09100008e+00 2.09100008e+00
    2.09100008e+00 2.09100008e+00 2.09100008e+00 2.09100008e+00
    2.09100008e+00 2.09100008e+00 0. 0. 0. 0. 0. 0. 0. 0. 0. 0. 0. 0. 0.
    0. 0. 0. 0. 0. 0. 0. 0. 0. 0. 0. 0. 2.68300009e+00 2.15100002e+00
    2.12700009e+00 2.12199998e+00 2.09599996e+00 2.09100008e+00
    2.09100008e+00 2.09100008e+00 2.09100008e+00 2.09100008e+00
    2.09100008e+00 2.09100008e+00 2.09100008e+00 0. 0. 0. 0. 0. 0. 0. 0.
    0. 0. 0. 0. 0. 0. 0. 0. 0. 0. 0. 0. 0. 0. 0. 0. 0. 0. 2.73499990e+00
    2.33800006e+00 2.14499998e+00 2.12199998e+00 2.12199998e+00
    2.09599996e+00 2.09100008e+00 2.07999992e+00 2.06999993e+00
    2.06999993e+00 2.06999993e+00 2.06999993e+00 2.06999993e+00
    2.06999993e+00 1.66299999e+00 1.11099994e+00 0. 0. 0. 0. 0. 0. 0. 0.
    0. 0. 0. 0. 0. 0. 0. 0. 0. 0. 0. 0. 0. 0. 0. 0. 2.52900004e+00
    2.14599991e+00 2.12800002e+00 2.10599995e+00 2.10599995e+00
    2.09400010e+00 2.09100008e+00 2.07500005e+00 2.05999994e+00
    2.05999994e+00 2.05999994e+00 2.05999994e+00 2.05999994e+00
    2.05999994e+00 2.12100005e+00 2.20300007e+00 0. 0. 0. 0. 0. 0. 0. 0.
    0. 0. 0. 0. 0. 0. 0. 0. 0. 0. 0. 0. 0. 0. 0. 0. 2.50999999e+00
    2.11700010e+00 2.10500002e+00 2.08899999e+00 2.07999992e+00
    2.07999992e+00 2.07999992e+00 2.06399989e+00 2.04900002e+00
    2.04900002e+00 2.04999995e+00 2.05900002e+00 2.05999994e+00
    2.08699989e+00 2.14000010e+00 2.18700004e+00 0. 0. 0. 0. 0. 0. 0. 0.
    0. 0. 0. 0. 0. 0. 0. 0. 0. 0. 0. 0. 0. 0. 0. 0. 2.63499999e+00
    2.21900010e+00 2.09100008e+00 2.08699989e+00 2.05999994e+00
    2.05999994e+00 2.05999994e+00 2.04399991e+00 2.02999997e+00
    2.02999997e+00 2.03099990e+00 2.05699992e+00 2.05999994e+00
    2.11899996e+00 1.87899995e+00 1.49699998e+00 0. 0. 0. 0. 0. 0. 0. 0.
    0. 0. 0. 0. 0. 0. 0. 0. 0. 0. 0. 0. 0. 0. 0. 0. 0. 2.65100002e+00
    2.09100008e+00 2.08699989e+00 2.05999994e+00 2.05999994e+00
    2.05999994e+00 2.04500008e+00 2.03099990e+00 2.03099990e+00
    2.03299999e+00 2.05699992e+00 2.05900002e+00 2.05900002e+00 0. 0. 0.
    0. 0. 0. 0. 0. 0. 0. 0. 0. 0. 0. 0. 0. 0. 0. 0. 0. 0. 0. 0. 0. 0. 0.
    0. 2.65100002e+00 2.09100008e+00 2.08699989e+00 2.05999994e+00
    2.05999994e+00 2.05999994e+00 2.05800009e+00 2.05699992e+00
    2.05699992e+00 2.05699992e+00 2.05999994e+00 2.03999996e+00
    2.03299999e+00 0. 0. 0. 0. 0. 0. 0. 0. 0. 0. 0. 0. 0. 0. 0. 0. 0. 0.
    0. 0. 0. 0. 0. 0. 0. 0. 0. 2.64100003e+00 2.06800008e+00
    2.06699991e+00 2.05999994e+00 2.05999994e+00 2.05999994e+00
    2.05999994e+00 2.05999994e+00 2.05999994e+00 2.05900002e+00
    2.03999996e+00 2.01600003e+00 2.00799990e+00 0. 0. 0. 0. 0. 0. 0. 0.
    0. 0. 0. 0. 0. 0. 0. 0. 0. 0. 0. 0. 0. 0. 0. 0. 0. 0. 2.76500010e+00
    2.32200003e+00 2.05999994e+00 2.05500007e+00 2.02600002e+00
    2.02500010e+00 2.04900002e+00 2.05999994e+00 2.05999994e+00
    2.05999994e+00 2.05900002e+00 2.03299999e+00 2.00799990e+00 2. 0. 0.
    0. 0. 0. 0. 0. 0. 0. 0. 0. 0. 0. 0. 0. 0. 0. 0. 0. 0. 0. 0. 0. 0. 0.
    2.76300001e+00 2.30599999e+00 2.07800007e+00 2.06900001e+00
    2.05200005e+00 2.00099993e+00 2. 2.03999996e+00 2.05999994e+00
    2.05100012e+00 2.03500009e+00 2.03399992e+00 2.01900005e+00
    2.00500011e+00 2. 0. 0. 0. 0. 0. 0. 0. 0. 0. 0. 0. 0. 0. 0. 0. 0. 0.
    0. 0. 0. 0. 0. 0. 0. 2.84100008e+00 2.22000003e+00 2.02999997e+00
    2.05800009e+00 2.07699990e+00 2.03800011e+00 2.00099993e+00 2.
    2.03999996e+00 2.05599999e+00 2.03299999e+00 2. 2. 2. 2. 2. 0. 0. 0.
    0. 0. 0. 0. 0. 0. 0. 0. 0. 0. 0. 0. 0. 0. 0. 0. 0. 0. 0. 0. 0.
    2.09100008e+00 2.04699993e+00 2.03299999e+00 2.05800009e+00
    2.06100011e+00 2. 2. 2. 2.03800011e+00 2.04299998e+00 2.01999998e+00
    2.00300002e+00 2.00300002e+00 2. 2. 1.79200006e+00 0. 0. 0. 0. 0. 0.
    0. 0. 0. 0. 0. 0. 0. 0. 0. 0. 0. 0. 0. 0. 0. 0. 0. 0. 2.09100008e+00
    2.06599998e+00 2.05900002e+00 2.05999994e+00 2.04299998e+00 2. 2. 2.
    2.02099991e+00 2.03099990e+00 2.02999997e+00 2.02900004e+00
    2.02699995e+00 2.00300002e+00 2. 0. 0. 0. 0. 0. 0. 0. 0. 0. 0. 0. 0.
    0. 0. 0. 0. 0. 0. 0. 0. 0. 0. 0. 0. 0. 2.82800007e+00 2.24000001e+00
    2.04500008e+00 2.03600001e+00 2.02500010e+00 2. 2. 2. 2.01999998e+00
    2.02999997e+00 2.02999997e+00 2.02999997e+00 2.02999997e+00
    2.02500010e+00 0. 0. 0. 0. 0. 0. 0. 0. 0. 0. 0. 0. 0. 0. 0. 0. 0. 0.
    0. 0. 0. 0. 0. 0. 0. 0. 0. 2.29099989e+00 2.04200006e+00
    2.02999997e+00 2.02099991e+00 2. 2. 2.01600003e+00 2.02699995e+00
    2.01999998e+00 2.01099992e+00 2.01500010e+00 2.02999997e+00
    2.02999997e+00 0. 0. 0. 0. 0. 0. 0. 0. 0. 0. 0. 0. 0. 0. 0. 0. 0. 0.
    0. 0. 0. 0. 0. 0. 0. 0. 0. 2.29500008e+00 2.04200006e+00
    2.02999997e+00 2.02099991e+00 2. 2. 2.01300001e+00 2.01500010e+00
    2.00699997e+00 2. 2.00300002e+00 2.01500010e+00 2.01500010e+00 0. 0.
    0. 0. 0. 0. 0. 0. 0. 0. 0. 0. 0. 0. 0. 0. 0. 0. 0. 0. 0. 0. 0. 0. 0.
    0. 0. 2.53699994e+00 2.15899992e+00 2.01999998e+00 2.01399994e+00 2.
    2. 2. 2. 2. 2. 2. 2. 2. 0. 0. 0. 0. 0. 0. 0. 0. 0. 0. 0. 0. 0. 0. 0.
    0. 0. 0. 0. 0. 0. 0. 0. 0. 0. 0. 2.88100004e+00 2.84899998e+00
    2.32699990e+00 2. 2. 2. 2. 2. 1.99699998e+00 1.99500000e+00
    1.99500000e+00 1.99600005e+00 2. 2. 0. 0. 0. 0. 0. 0. 0. 0. 0. 0. 0.
    0. 0. 0. 0. 0. 0. 0. 0. 0. 0. 0. 0. 0. 0. 0. 2.02999997e+00
    2.02999997e+00 2.01200008e+00 2. 2. 2. 2. 2. 1.98000002e+00
    1.97099996e+00 1.97099996e+00 1.97700000e+00 1.99899995e+00 2. 0. 0.
    0. 0. 0. 0. 0. 0. 0. 0. 0. 0. 0. 0. 0. 0. 0. 0. 0. 0. 0. 0. 0. 0. 0.
    0. 2.02999997e+00 2.02999997e+00 2.01200008e+00 2. 2. 2. 2.
    1.97899997e+00 1.97200000e+00 1.97099996e+00 1.97099996e+00
    1.97200000e+00 1.97599995e+00 1.99699998e+00 0. 0. 0. 0. 0. 0. 0. 0.
    0. 0. 0. 0. 0. 0. 0. 0. 0. 0. 0. 0. 0. 0. 0. 0. 0. 0. 2.02999997e+00
    2.01399994e+00 2.00300002e+00 2. 2. 2. 2. 1.97599995e+00
    1.97099996e+00 1.97099996e+00 1.96399999e+00 1.95000005e+00
    1.84200001e+00 0. 0. 0. 0. 0. 0. 0. 0. 0. 0. 0. 0. 0. 0. 0. 0. 0. 0.
    0. 0. 0. 0. 0. 0. 0. 0. 0. 2.02999997e+00 2.00699997e+00 2.
    1.99300003e+00 1.98399997e+00 1.98399997e+00 1.98399997e+00
    1.97300005e+00 1.97099996e+00 1.97099996e+00 1.96099997e+00
    1.94200003e+00 1.78900003e+00 0. 0. 0. 0. 0. 0. 0. 0. 0. 0. 0. 0. 0.
    0. 0. 0. 0. 0. 0. 0. 0. 0. 0. 0. 0. 0. 0. 2.04200006e+00
    2.00999999e+00 1.99300003e+00 1.98099995e+00 1.97099996e+00
    1.97099996e+00 1.97099996e+00 1.97099996e+00 1.97099996e+00
    1.97099996e+00 1.96099997e+00 1.94200003e+00 1.78900003e+00 0. 0. 0.
    0. 0. 0. 0. 0. 0. 0. 0. 0. 0. 0. 0. 0. 0. 0. 0. 0. 0. 0. 0. 0. 0. 0.
    0. 2.05999994e+00 2.01399994e+00 1.98199999e+00 1.96800005e+00
    1.96399999e+00 1.96500003e+00 1.97099996e+00 1.97099996e+00
    1.97099996e+00 1.97099996e+00 1.96099997e+00 1.94200003e+00
