<?xml version="1.0"?>
<opencv_storage>
<Depth type_id="opencv-matrix">
  <rows>40</rows>
  <cols>40</cols>
  <dt>f</dt>
  <data>
    0. 0. 0. 0. 0. 0. 0. 0. 0. 0. 0. 0. 0. 0. 0. 0. 0. 0. 0. 0. 0. 0. 0.
    0. 0. 0. 0. 0. 0. 0. 0. 0. 0. 0. 0. 0. 0. 0. 0. 0. 0. 0. 0. 0. 0. 0.
    0. 0. 0. 0. 0. 0. 0. 0. 0. 0. 0. 0. 0. 0. 0. 0. 0. 0. 0. 0. 0. 0. 0.
    0. 0. 0. 0. 0. 0. 0. 0. 0. 0. 0. 0. 0. 0. 0. 0. 0. 0. 0. 0. 0. 0. 0.
    0. 0. 0. 0. 0. 0. 0. 0. 0. 0. 0. 0. 0. 0. 0. 0. 0. 0. 0. 0. 0. 0. 0.
    0. 0. 0. 0. 0. 0. 0. 0. 0. 2.89199996e+00 2.04699993e+00
    2.01099992e+00 2. 2. 2. 2. 2. 2. 1.99899995e+00 1.96399999e+00
    1.92999995e+00 1.89600003e+00 1.88600004e+00 1.92299998e+00 0. 0. 0.
    0. 0. 0. 0. 0. 0. 0. 0. 0. 0. 0. 0. 0. 0. 0. 0. 0. 0. 0. 0. 0. 0.
    2.56699991e+00 2.04699993e+00 2.01099992e+00 2. 2. 2. 2. 2. 2.
    1.99899995e+00 1.96399999e+00 1.92999995e+00 1.89600003e+00
    1.88600004e+00 1.90900004e+00 2.74000001e+00 0. 0. 0. 0. 0. 0. 0. 0.
    0. 0. 0. 0. 0. 0. 0. 0. 0. 0. 0. 0. 0. 0. 0. 2.11899996e+00
    2.08299994e+00 2.04699993e+00 2.01200008e+00 2. 2. 2. 2. 2. 2.
    1.99899995e+00 1.96500003e+00 1.92999995e+00 1.89699996e+00
    1.88600004e+00 1.88699996e+00 1.92100000e+00 1.94200003e+00
    1.94200003e+00 2.87199998e+00 0. 0. 0. 0. 0. 0. 0. 0. 0. 0. 0. 0. 0.
    0. 0. 0. 0. 0. 0. 0. 2.11899996e+00 2.08299994e+00 2.05399990e+00
    2.03999996e+00 2.02099991e+00 2. 2. 2. 2. 2. 2. 1.98599994e+00
    1.97200000e+00 1.95899999e+00 1.94000006e+00 1.91999996e+00
    1.93400002e+00 1.94200003e+00 1.94200003e+00 2.32599998e+00
    2.85599995e+00 2.85599995e+00 2.85599995e+00 2.85599995e+00 0. 0. 0.
    0. 0. 0. 0. 0. 0. 0. 0. 0. 0. 0. 0. 0. 2.11899996e+00 2.08299994e+00
    2.05900002e+00 2.05900002e+00 2.03500009e+00 2. 2. 2. 2. 2. 2. 2. 2.
    2. 1.98099995e+00 1.95400000e+00 1.95400000e+00 1.95400000e+00
    1.95400000e+00 1.97300005e+00 2. 2. 2. 2. 2.73000002e+00 0. 0. 0. 0.
    0. 0. 0. 0. 0. 0. 0. 0. 0. 0. 0. 2.11899996e+00 2.08299994e+00
    2.05900002e+00 2.05900002e+00 2.03500009e+00 2. 2. 2. 2. 2. 2. 2. 2.
    2. 1.99500000e+00 1.98899996e+00 1.98899996e+00 1.98899996e+00
    1.98899996e+00 1.99300003e+00 2. 2. 2. 2. 2.17899990e+00
    2.42000008e+00 2.40499997e+00 2.76900005e+00 0. 0. 0. 0. 0. 0. 0. 0.
    0. 0. 0. 2.74699998e+00 2.09500003e+00 2.07299995e+00 2.05900002e+00
    2.05900002e+00 2.03500009e+00 2. 2. 2. 2. 2. 2. 2. 2. 2. 2. 2. 2. 2.
    2. 2. 2. 1.98500001e+00 1.97599995e+00 1.97599995e+00 1.97599995e+00
    1.97599995e+00 1.97599995e+00 2.25200009e+00 2.97700000e+00 0. 0. 0.
    0. 0. 0. 0. 0. 0. 2.11899996e+00 2.09500003e+00 2.05900002e+00
    2.05900002e+00 2.05900002e+00 2.05900002e+00 2.03500009e+00 2. 2. 2.
    2. 2. 2. 2. 2. 2. 2. 2. 2. 2. 2. 2. 1.99800003e+00 1.96399999e+00
    1.94200003e+00 1.94200003e+00 1.94200003e+00 1.94200003e+00
    1.94200003e+00 1.94200003e+00 1.94200003e+00 2.83400011e+00 0. 0. 0.
    0. 0. 0. 0. 0. 2.08299994e+00 2.07299995e+00 2.05900002e+00
    2.05900002e+00 2.05900002e+00 2.05900002e+00 2.03500009e+00 2. 2. 2.
    2. 2. 2. 2. 2. 2. 2. 2. 2. 2. 2. 1.98500001e+00 1.96399999e+00
    1.95099998e+00 1.94200003e+00 1.94200003e+00 1.94200003e+00
    1.94099998e+00 1.92100000e+00 1.90799999e+00 1.90799999e+00
    2.25999999e+00 2.72799993e+00 2.72799993e+00 2.98699999e+00 0. 0. 0.
    0. 0. 2.05900002e+00 2.05900002e+00 2.05900002e+00 2.05900002e+00
    2.05900002e+00 2.05900002e+00 2.03500009e+00 2. 2. 2. 2. 2. 2. 2. 2.
    2. 2. 2. 2. 2. 2. 1.97599995e+00 1.94200003e+00 1.94200003e+00
    1.94200003e+00 1.94200003e+00 1.93700004e+00 1.92900002e+00
    1.90300000e+00 1.88600004e+00 1.88600004e+00 1.88600004e+00
    1.88600004e+00 1.87899995e+00 2.22600007e+00 0. 0. 0. 0. 0.
    2.05900002e+00 2.05900002e+00 2.05900002e+00 2.05900002e+00
    2.05900002e+00 2.05900002e+00 2.03500009e+00 2. 2. 2. 2. 2. 2. 2. 2.
    2. 2. 2. 2. 2. 2. 1.97599995e+00 1.94200003e+00 1.94200003e+00
    1.94200003e+00 1.94200003e+00 1.92299998e+00 1.89600003e+00
    1.88999999e+00 1.88600004e+00 1.88600004e+00 1.88600004e+00
    1.88499999e+00 1.85800004e+00 1.92700005e+00 2.14499998e+00
    2.22399998e+00 2.24900007e+00 0. 0. 2.05900002e+00 2.05900002e+00
    2.05900002e+00 2.05900002e+00 2.05900002e+00 2.05900002e+00
    2.03500009e+00 2. 2. 2. 2. 2. 2. 2. 2. 2. 2. 2. 2. 2. 2.
    1.97599995e+00 1.94200003e+00 1.94200003e+00 1.94200003e+00
    1.94200003e+00 1.91799998e+00 1.88600004e+00 1.88600004e+00
    1.88600004e+00 1.88600004e+00 1.88600004e+00 1.88399994e+00
    1.85200000e+00 1.83200002e+00 1.83200002e+00 1.85500002e+00
    1.88600004e+00 0. 0. 2.05900002e+00 2.05900002e+00 2.05900002e+00
    2.05900002e+00 2.05900002e+00 2.05900002e+00 2.03500009e+00 2. 2. 2.
    2. 2. 2. 2. 2. 2. 2. 2. 2. 2. 2. 1.97599995e+00 1.94299996e+00
    1.94299996e+00 1.94299996e+00 1.94200003e+00 1.91799998e+00
    1.88699996e+00 1.88699996e+00 1.88699996e+00 1.88600004e+00
    1.88600004e+00 1.88399994e+00 1.85200000e+00 1.83299994e+00
    1.83299994e+00 1.85599995e+00 1.88600004e+00 0. 0. 2.05900002e+00
    2.05900002e+00 2.05900002e+00 2.05900002e+00 2.05900002e+00
    2.05900002e+00 2.03500009e+00 2. 2. 2. 2. 2. 2. 2. 2. 2. 2. 2. 2. 2.
    2. 1.99100006e+00 1.97800004e+00 1.97800004e+00 1.97000003e+00
    1.94799995e+00 1.93299997e+00 1.91999996e+00 1.91999996e+00
    1.91199994e+00 1.89199996e+00 1.88600004e+00 1.88499999e+00
    1.87300003e+00 1.86500001e+00 1.86500001e+00 1.87399995e+00
    1.88600004e+00 0. 0. 2.05900002e+00 2.05900002e+00 2.05900002e+00
    2.05900002e+00 2.05900002e+00 2.05900002e+00 2.03500009e+00 2. 2. 2.
    2. 2.00500011e+00 2.01200008e+00 2.00500011e+00 2. 2. 2. 2. 2. 2. 2.
    2. 2. 2. 1.99000001e+00 1.96200001e+00 1.95400000e+00 1.95400000e+00
    1.94700003e+00 1.93200004e+00 1.90600002e+00 1.89800000e+00
    1.89800000e+00 1.88999999e+00 1.88600004e+00 1.88600004e+00
    1.88600004e+00 1.88600004e+00 0. 0. 2.05900002e+00 2.05900002e+00
    2.05900002e+00 2.05900002e+00 2.05900002e+00 2.05900002e+00
    2.03500009e+00 2. 2. 2. 2. 2.01999998e+00 2.04699993e+00
    2.01900005e+00 2. 2. 2. 2. 2. 2. 2. 2. 2. 2. 1.99800003e+00
    1.99100006e+00 1.98899996e+00 1.98800004e+00 1.96000004e+00
    1.94000006e+00 1.93299997e+00 1.93200004e+00 1.92999995e+00
    1.90300000e+00 1.88600004e+00 1.88600004e+00 1.88600004e+00
    1.88600004e+00 0. 0. 2.03399992e+00 2.04399991e+00 2.05900002e+00
    2.05900002e+00 2.05900002e+00 2.05900002e+00 2.04500008e+00
    2.02399993e+00 2.00999999e+00 2. 2. 2.01399994e+00 2.03399992e+00
    2.01300001e+00 2. 2. 2. 2. 2. 2. 2. 2. 2. 2. 2. 2. 2. 1.99800003e+00
    1.96399999e+00 1.94200003e+00 1.94200003e+00 1.94200003e+00
    1.94000006e+00 1.90699995e+00 1.88600004e+00 1.88600004e+00
    1.89600003e+00 1.90900004e+00 0. 0. 2. 2.02399993e+00 2.05900002e+00
    2.05900002e+00 2.05900002e+00 2.05900002e+00 2.05900002e+00
    2.05800009e+00 2.02300000e+00 2. 2. 2. 2. 2. 2. 2. 2. 2. 2. 2. 2. 2.
    2. 2. 2. 2. 2. 1.99800003e+00 1.96399999e+00 1.94200003e+00
    1.94200003e+00 1.94200003e+00 1.93900001e+00 1.90600002e+00
    1.88600004e+00 1.88600004e+00 1.90999997e+00 1.94200003e+00 0. 0. 2.
    2.02399993e+00 2.05900002e+00 2.05900002e+00 2.05900002e+00
    2.05900002e+00 2.04399991e+00 2.02200007e+00 2.00900006e+00 2. 2. 2.
    2. 2. 2. 2. 2. 2. 2. 2. 2. 2. 2. 2. 2. 2. 2. 1.99800003e+00
    1.96399999e+00 1.94200003e+00 1.94200003e+00 1.92700005e+00
    1.90699995e+00 1.89400005e+00 1.88600004e+00 1.88600004e+00
    1.90999997e+00 1.94200003e+00 0. 0. 2. 2.02399993e+00 2.05900002e+00
    2.05900002e+00 2.05900002e+00 2.05900002e+00 2.03500009e+00 2. 2. 2.
    2. 2. 2. 2. 2. 2. 1.99500000e+00 1.98699999e+00 1.98699999e+00
    1.98699999e+00 1.98699999e+00 1.98699999e+00 1.98699999e+00
    1.98699999e+00 1.98699999e+00 1.98699999e+00 1.99300003e+00
    1.99800003e+00 1.96399999e+00 1.94200003e+00 1.94200003e+00
    1.91799998e+00 1.88600004e+00 1.88600004e+00 1.88600004e+00
    1.88600004e+00 1.90999997e+00 1.94200003e+00 0. 0. 2. 2.02399993e+00
