<?xml version="1.0"?>
<opencv_storage>
<Depth type_id="opencv-matrix">
  <rows>40</rows>
  <cols>40</cols>
  <dt>f</dt>
  <data>
    0. 0. 0. 0. 0. 0. 0. 0. 0. 0. 0. 0. 0. 0. 0. 0. 0. 0. 0. 0. 0. 0. 0.
    0. 0. 0. 0. 0. 0. 0. 0. 0. 0. 0. 0. 0. 0. 0. 0. 0. 0. 0. 0. 0. 0. 0.
    0. 0. 0. 0. 0. 0. 0. 0. 0. 0. 0. 0. 0. 0. 0. 0. 0. 0. 0. 0. 0. 0. 0.
    0. 0. 0. 0. 0. 0. 0. 0. 0. 0. 0. 0. 0. 0. 0. 0. 0. 0. 0. 0. 0. 0. 0.
    2.97399998e+00 2.92100000e+00 2.92100000e+00 2.92100000e+00
    2.88400006e+00 2.81200004e+00 2.74000001e+00 2.72000003e+00
    2.72000003e+00 2.72000003e+00 2.65599990e+00 2.58699989e+00
    2.50999999e+00 2.38100004e+00 2.25200009e+00 2.14700007e+00
    2.08699989e+00 2.02699995e+00 2. 0. 0. 0. 0. 0. 0. 0. 0. 0. 0. 0. 0.
    0. 0. 0. 0. 0. 0. 0. 0. 0. 2.97199988e+00 2.92100000e+00
    2.92100000e+00 2.92100000e+00 2.88400006e+00 2.81200004e+00
    2.74000001e+00 2.71799994e+00 2.71600008e+00 2.71300006e+00
    2.65100002e+00 2.58400011e+00 2.50999999e+00 2.38100004e+00
    2.25200009e+00 2.14800000e+00 2.08999991e+00 2.03200006e+00
    2.00600004e+00 0. 0. 0. 0. 0. 0. 0. 0. 0. 0. 0. 0. 0. 0. 0. 0. 0. 0.
    0. 0. 2.99900007e+00 2.95300007e+00 2.92100000e+00 2.92100000e+00
    2.92100000e+00 2.88400006e+00 2.81200004e+00 2.74000001e+00
    2.70000005e+00 2.67300010e+00 2.64599991e+00 2.60500002e+00
    2.56299996e+00 2.50999999e+00 2.38100004e+00 2.25200009e+00
    2.15599990e+00 2.11899996e+00 2.08299994e+00 2.06599998e+00 0. 0. 0.
    0. 0. 0. 0. 0. 0. 0. 0. 0. 0. 0. 0. 0. 0. 0. 2.97399998e+00
    2.97199988e+00 2.95300007e+00 2.93400002e+00 2.92100000e+00
    2.92100000e+00 2.92100000e+00 2.88400006e+00 2.81200004e+00
    2.74000001e+00 2.68199992e+00 2.63000011e+00 2.57800007e+00
    2.55900002e+00 2.54200006e+00 2.50999999e+00 2.38100004e+00
    2.25200009e+00 2.16300011e+00 2.14800000e+00 2.13299990e+00
    2.12599993e+00 0. 0. 0. 0. 0. 0. 0. 0. 0. 0. 0. 0. 0. 0. 0. 0. 0. 0.
    2.92100000e+00 2.92100000e+00 2.92100000e+00 2.92100000e+00
    2.91899991e+00 2.91100001e+00 2.90300012e+00 2.86599994e+00
    2.80200005e+00 2.73799992e+00 2.66499996e+00 2.58800006e+00
    2.51200008e+00 2.50699997e+00 2.50699997e+00 2.49000001e+00
    2.36899996e+00 2.24799991e+00 2.16799998e+00 2.16799998e+00
    2.16799998e+00 2.16799998e+00 0. 0. 0. 0. 0. 0. 0. 0. 0. 0. 0. 0. 0.
    0. 0. 0. 0. 0. 2.92100000e+00 2.92100000e+00 2.92100000e+00
    2.92100000e+00 2.91100001e+00 2.87700009e+00 2.84299994e+00
    2.80699992e+00 2.76900005e+00 2.73099995e+00 2.64800000e+00
    2.54800010e+00 2.44799995e+00 2.44099998e+00 2.44099998e+00
    2.42700005e+00 2.32999992e+00 2.23200011e+00 2.16799998e+00
    2.16799998e+00 2.16799998e+00 2.16799998e+00 0. 0. 0. 0. 0. 0. 0. 0.
    0. 0. 0. 0. 0. 0. 0. 0. 0. 0. 2.92100000e+00 2.92100000e+00
    2.92100000e+00 2.92100000e+00 2.90300012e+00 2.84299994e+00
    2.78399992e+00 2.74799991e+00 2.73600006e+00 2.72300005e+00
    2.63100004e+00 2.50699997e+00 2.38400006e+00 2.37500000e+00
    2.37500000e+00 2.36500001e+00 2.29099989e+00 2.21700001e+00
    2.16799998e+00 2.16799998e+00 2.16799998e+00 2.16799998e+00 0. 0. 0.
    0. 0. 0. 0. 0. 0. 0. 0. 0. 0. 0. 0. 0. 0. 0. 2.92100000e+00
    2.92000008e+00 2.90599990e+00 2.89299989e+00 2.86599994e+00
    2.80699992e+00 2.74799991e+00 2.71300006e+00 2.70099998e+00
    2.68799996e+00 2.59599996e+00 2.47399998e+00 2.35200000e+00
    2.33200002e+00 2.32100010e+00 2.30399990e+00 2.25300002e+00
    2.20199990e+00 2.16400003e+00 2.15300012e+00 2.14199996e+00
    2.13700008e+00 0. 0. 0. 0. 0. 0. 0. 0. 0. 0. 0. 0. 0. 0. 0. 0. 0. 0.
    2.92100000e+00 2.91700006e+00 2.87800002e+00 2.83899999e+00
    2.80200005e+00 2.76900005e+00 2.73600006e+00 2.70099998e+00
    2.66300011e+00 2.62599993e+00 2.54500008e+00 2.44700003e+00
    2.34999990e+00 2.31100011e+00 2.27699995e+00 2.24399996e+00
    2.21499991e+00 2.18700004e+00 2.15700006e+00 2.12400007e+00
    2.09200001e+00 2.07699990e+00 0. 0. 0. 0. 0. 0. 0. 0. 0. 0. 0. 0. 0.
    0. 0. 0. 0. 0. 2.92100000e+00 2.91400003e+00 2.84899998e+00
    2.78500009e+00 2.73799992e+00 2.73099995e+00 2.72300005e+00
    2.68799996e+00 2.62599993e+00 2.56299996e+00 2.49399996e+00
    2.42100000e+00 2.34800005e+00 2.29099989e+00 2.23399997e+00
    2.18499994e+00 2.17799997e+00 2.17199993e+00 2.14899993e+00
    2.09500003e+00 2.04099989e+00 2.01699996e+00 0. 0. 0. 0. 0. 0. 0. 0.
    0. 0. 0. 0. 0. 0. 0. 0. 0. 0. 2.92100000e+00 2.91400003e+00
    2.84200001e+00 2.76999998e+00 2.70900011e+00 2.67400002e+00
    2.63899994e+00 2.58800006e+00 2.51999998e+00 2.45300007e+00
    2.39899993e+00 2.34999990e+00 2.30100012e+00 2.25500011e+00
    2.20799994e+00 2.16599989e+00 2.15000010e+00 2.13499999e+00
    2.10899997e+00 2.06500006e+00 2.01999998e+00 2. 0. 0. 0. 0. 0. 0. 0.
    0. 0. 0. 0. 0. 0. 0. 0. 0. 0. 0. 2.92100000e+00 2.91400003e+00
    2.84200001e+00 2.76999998e+00 2.69400001e+00 2.61100006e+00
    2.52800012e+00 2.45400000e+00 2.38899994e+00 2.32399988e+00
    2.28699994e+00 2.26200008e+00 2.23699999e+00 2.21300006e+00
    2.18899989e+00 2.16300011e+00 2.12599993e+00 2.08899999e+00
    2.05599999e+00 2.03299999e+00 2.00999999e+00 2. 0. 0. 0. 0. 0. 0. 0.
    0. 0. 0. 0. 0. 0. 0. 0. 0. 0. 0. 2.92100000e+00 2.91400003e+00
    2.84200001e+00 2.76999998e+00 2.67899990e+00 2.54800010e+00
    2.41599989e+00 2.31999993e+00 2.25699997e+00 2.19400001e+00
    2.17600012e+00 2.17400002e+00 2.17300010e+00 2.17100000e+00
    2.16899991e+00 2.16000009e+00 2.10100007e+00 2.04299998e+00
    2.00399995e+00 2.00200009e+00 2.00099993e+00 2. 0. 0. 0. 0. 0. 0. 0.
    0. 0. 0. 0. 0. 0. 0. 0. 0. 0. 0. 2.78999996e+00 2.78299999e+00
    2.71300006e+00 2.64299989e+00 2.55999994e+00 2.44899988e+00
    2.33800006e+00 2.26300001e+00 2.22099996e+00 2.18000007e+00
    2.16799998e+00 2.16799998e+00 2.16799998e+00 2.14899993e+00
    2.12899995e+00 2.10700011e+00 2.06699991e+00 2.02600002e+00
    1.99300003e+00 1.97399998e+00 1.95500004e+00 1.94700003e+00 0. 0. 0.
    0. 0. 0. 0. 0. 0. 0. 0. 0. 0. 0. 0. 0. 0. 0. 2.64899993e+00
    2.64199996e+00 2.57399988e+00 2.50600004e+00 2.43300009e+00
    2.34800005e+00 2.26300001e+00 2.21199989e+00 2.19300008e+00
    2.17300010e+00 2.16799998e+00 2.16799998e+00 2.16799998e+00
    2.12899995e+00 2.08800006e+00 2.04900002e+00 2.03099990e+00
    2.01200008e+00 1.98599994e+00 1.94700003e+00 1.90699995e+00
    1.88900006e+00 0. 0. 0. 0. 0. 0. 0. 0. 0. 0. 0. 0. 0. 0. 0. 0. 0. 0.
    2.51799989e+00 2.51099992e+00 2.44600010e+00 2.38000011e+00
    2.31599998e+00 2.25600004e+00 2.19700003e+00 2.16799998e+00
    2.16799998e+00 2.16799998e+00 2.16599989e+00 2.16300011e+00
    2.16000009e+00 2.10700011e+00 2.04900002e+00 2. 2. 2. 1.98000002e+00
    1.92299998e+00 1.86600006e+00 1.84000003e+00 0. 0. 0. 0. 0. 0. 0. 0.
    0. 0. 0. 0. 0. 0. 0. 0. 0. 0. 2.45199990e+00 2.44600010e+00
    2.38100004e+00 2.31599998e+00 2.25999999e+00 2.22300005e+00
    2.18600011e+00 2.16799998e+00 2.16799998e+00 2.16799998e+00
    2.15000010e+00 2.12599993e+00 2.10100007e+00 2.06699991e+00
    2.03099990e+00 2. 2. 2. 1.98000002e+00 1.92299998e+00 1.86600006e+00
    1.84000003e+00 0. 0. 0. 0. 0. 0. 0. 0. 0. 0. 0. 0. 0. 0. 0. 0. 0. 0.
    2.38599992e+00 2.38000011e+00 2.31599998e+00 2.25300002e+00
    2.20499992e+00 2.19000006e+00 2.17499995e+00 2.16799998e+00
    2.16799998e+00 2.16799998e+00 2.13499999e+00 2.08899999e+00
    2.04299998e+00 2.02600002e+00 2.01200008e+00 2. 2. 2. 1.98000002e+00
    1.92299998e+00 1.86600006e+00 1.84000003e+00 0. 0. 0. 0. 0. 0. 0. 0.
    0. 0. 0. 0. 0. 0. 0. 0. 0. 0. 2.34299994e+00 2.33699989e+00
    2.27399993e+00 2.21099997e+00 2.16799998e+00 2.16799998e+00
    2.16799998e+00 2.16799998e+00 2.16799998e+00 2.16799998e+00
    2.12500000e+00 2.06399989e+00 2.00399995e+00 2. 2. 1.99899995e+00
    1.99199998e+00 1.98500001e+00 1.96099997e+00 1.90400004e+00
    1.84700000e+00 1.82099998e+00 0. 0. 0. 0. 0. 0. 0. 0. 0. 0. 0. 0. 0.
    0. 0. 0. 0. 0. 2.34299994e+00 2.33699989e+00 2.27399993e+00
    2.21099997e+00 2.16799998e+00 2.16799998e+00 2.16799998e+00
