<?xml version="1.0"?>
<opencv_storage>
<Depth type_id="opencv-matrix">
  <rows>40</rows>
  <cols>40</cols>
  <dt>f</dt>
  <data>
    0. 0. 0. 0. 0. 0. 0. 0. 0. 0. 0. 0. 0. 0. 0. 0. 0. 0. 0. 0. 0. 0. 0.
    0. 0. 0. 0. 0. 0. 0. 0. 0. 0. 0. 0. 0. 0. 0. 0. 0. 0. 0. 0. 0. 0. 0.
    0. 0. 0. 0. 0. 0. 0. 0. 0. 0. 0. 0. 0. 0. 0. 0. 0. 0. 0. 0. 0. 0. 0.
    0. 0. 0. 0. 0. 0. 0. 0. 0. 0. 0. 0. 0. 0. 0. 0. 0. 0. 0. 0. 0. 0. 0.
    0. 0. 0. 0. 0. 0. 0. 0. 0. 0. 0. 0. 0. 0. 0. 0. 0. 0. 0. 0. 0. 0. 0.
    0. 0. 0. 0. 0. 0. 0. 0. 0. 0. 0. 0. 0. 0. 0. 0. 0. 0. 0. 0. 0. 0. 0.
    0. 0. 0. 0. 0. 0. 0. 0. 0. 0. 0. 0. 0. 0. 0. 0. 0. 0. 0. 0. 0. 0. 0.
    0. 0. 0. 0. 0. 0. 0. 0. 0. 0. 0. 0. 0. 0. 0. 0. 0. 0. 0. 0. 0. 0. 0.
    0. 0. 0. 0. 0. 0. 0. 0. 0. 0. 0. 0. 0. 0. 0. 0. 0. 0. 0. 0. 0. 0. 0.
    0. 0. 0. 0. 0. 0. 0. 0. 0. 0. 0. 0. 0. 0. 0. 0. 0. 0. 0. 0. 0. 0. 0.
    0. 0. 0. 0. 0. 0. 0. 0. 0. 0. 0. 0. 0. 0. 0. 0. 0. 0. 0. 0. 0. 0. 0.
    0. 0. 0. 0. 0. 0. 0. 0. 0. 0. 0. 0. 0. 0. 0. 0. 0. 0. 0. 0. 0. 0. 0.
    0. 0. 0. 0. 0. 0. 0. 0. 0. 0. 0. 0. 0. 0. 0. 0. 0. 0. 0. 0. 0. 0. 0.
    0. 0. 0. 0. 0. 0. 0. 0. 0. 0. 0. 0. 0. 0. 0. 0. 0. 0. 0. 0. 0. 0. 0.
    0. 0. 0. 0. 0. 0. 0. 0. 0. 0. 0. 0. 0. 0. 0. 0. 0. 0. 0. 0. 0. 0. 0.
    0. 0. 0. 0. 0. 0. 0. 0. 0. 0. 0. 0. 0. 0. 0. 0. 0. 0. 0. 0. 0. 0. 0.
    0. 0. 0. 0. 0. 0. 0. 0. 0. 0. 0. 0. 0. 0. 0. 0. 0. 0. 0. 0. 0. 0. 0.
    0. 0. 0. 0. 0. 0. 0. 0. 0. 0. 0. 0. 0. 0. 0. 0. 0. 0. 0. 0. 0. 0. 0.
    0. 0. 0. 0. 0. 0. 0. 0. 0. 0. 0. 0. 0. 0. 0. 0. 0. 0. 0. 0. 0. 0. 0.
    0. 0. 0. 0. 0. 0. 0. 0. 0. 0. 0. 0. 0. 0. 0. 0. 0. 0. 0. 0. 0. 0. 0.
    0. 0. 0. 0. 0. 0. 0. 0. 0. 0. 0. 0. 0. 0. 0. 0. 0. 0. 0. 0. 0. 0. 0.
    0. 0. 0. 0. 0. 0. 0. 0. 0. 0. 0. 0. 0. 0. 0. 0. 0. 0. 0. 0. 0. 0. 0.
    0. 0. 0. 0. 0. 0. 0. 0. 0. 0. 0. 0. 0. 0. 1.71599996e+00
    1.71599996e+00 1.71599996e+00 1.72599995e+00 1.76800001e+00
    1.81099999e+00 1.85399997e+00 1.89699996e+00 1.94200003e+00
    1.98699999e+00 2. 2. 2. 2. 1.98399997e+00 1.93799996e+00
    1.90199995e+00 1.90199995e+00 1.90300000e+00 1.94799995e+00
    1.99300003e+00 2.35700011e+00 2.77999997e+00 2.92100000e+00
    2.92100000e+00 2.92100000e+00 2.92100000e+00 2.78600001e+00
    2.36199999e+00 2. 2. 2. 1.95599997e+00 1.91100001e+00 1.90199995e+00
    1.90199995e+00 1.92999995e+00 1.97500002e+00 2. 0. 1.73300004e+00
    1.73300004e+00 1.73300004e+00 1.74199998e+00 1.77600002e+00
    1.81099999e+00 1.85399997e+00 1.89699996e+00 1.94200003e+00
    1.98699999e+00 1.99399996e+00 1.98500001e+00 1.98099995e+00
    1.98099995e+00 1.96800005e+00 1.93200004e+00 1.90199995e+00
    1.90199995e+00 1.90300000e+00 1.94799995e+00 1.99300003e+00
    2.28200006e+00 2.61599994e+00 2.72799993e+00 2.72799993e+00
    2.72799993e+00 2.72799993e+00 2.61800003e+00 2.27500010e+00
    1.98300004e+00 1.99100006e+00 2. 1.95599997e+00 1.91100001e+00
    1.90199995e+00 1.90199995e+00 1.92999995e+00 1.97500002e+00 2. 0.
    1.77600002e+00 1.77600002e+00 1.77600002e+00 1.77900004e+00
    1.79400003e+00 1.81099999e+00 1.85399997e+00 1.89699996e+00
    1.94200003e+00 1.98699999e+00 1.97899997e+00 1.95000005e+00
    1.93599999e+00 1.93599999e+00 1.93099999e+00 1.91499996e+00
    1.90199995e+00 1.90199995e+00 1.90300000e+00 1.94799995e+00
    1.99300003e+00 2.09999990e+00 2.21900010e+00 2.25900006e+00
    2.25900006e+00 2.25900006e+00 2.25900006e+00 2.21199989e+00
    2.06299996e+00 1.94099998e+00 1.97000003e+00 1.99899995e+00
    1.95599997e+00 1.91100001e+00 1.90199995e+00 1.90199995e+00
    1.92999995e+00 1.97500002e+00 2. 0. 1.81799996e+00 1.81799996e+00
    1.81799996e+00 1.81799996e+00 1.81799996e+00 1.82099998e+00
    1.85899997e+00 1.89800000e+00 1.94200003e+00 1.98699999e+00
    1.96800005e+00 1.92299998e+00 1.90199995e+00 1.90199995e+00
    1.90400004e+00 1.90900004e+00 1.91299999e+00 1.91299999e+00
    1.91299999e+00 1.95400000e+00 1.99399996e+00 1.96200001e+00
    1.91700006e+00 1.90199995e+00 1.90199995e+00 1.90199995e+00
    1.90199995e+00 1.90199995e+00 1.90199995e+00 1.90900004e+00
    1.95400000e+00 1.99899995e+00 1.96099997e+00 1.92100000e+00
    1.91299999e+00 1.91299999e+00 1.93799996e+00 1.97800004e+00 2. 0.
    1.86199999e+00 1.86199999e+00 1.86199999e+00 1.86199999e+00
    1.86199999e+00 1.86300004e+00 1.88100004e+00 1.89999998e+00
    1.94200003e+00 1.98699999e+00 1.96800005e+00 1.92299998e+00
    1.90199995e+00 1.90199995e+00 1.91100001e+00 1.93700004e+00
    1.95799994e+00 1.95799994e+00 1.95799994e+00 1.97800004e+00
    1.99699998e+00 1.96200001e+00 1.91700006e+00 1.90199995e+00
    1.90199995e+00 1.90199995e+00 1.90199995e+00 1.90199995e+00
    1.90199995e+00 1.90900004e+00 1.95400000e+00 1.99899995e+00
    1.98099995e+00 1.96200001e+00 1.95799994e+00 1.95799994e+00
    1.97000003e+00 1.98899996e+00 2. 0. 1.90199995e+00 1.90199995e+00
    1.90199995e+00 1.90199995e+00 1.90199995e+00 1.90199995e+00
    1.90199995e+00 1.90199995e+00 1.94200003e+00 1.98699999e+00
    1.96899998e+00 1.92499995e+00 1.90499997e+00 1.90499997e+00
    1.92100000e+00 1.96500003e+00 2. 2. 2. 2. 2. 1.96200001e+00
    1.91700006e+00 1.90199995e+00 1.90199995e+00 1.90199995e+00
    1.90199995e+00 1.90199995e+00 1.90199995e+00 1.90900004e+00
    1.95400000e+00 1.99899995e+00 2. 2. 2. 2. 2. 2. 2. 0. 1.90199995e+00
    1.90199995e+00 1.90199995e+00 1.90199995e+00 1.90199995e+00
    1.90199995e+00 1.90199995e+00 1.90199995e+00 1.94200003e+00
    1.98699999e+00 1.98399997e+00 1.96099997e+00 1.95000005e+00
    1.95000005e+00 1.95799994e+00 1.98099995e+00 2. 2. 2. 2. 2.
    1.96200001e+00 1.91700006e+00 1.90199995e+00 1.90199995e+00
    1.90199995e+00 1.90199995e+00 1.90199995e+00 1.90199995e+00
    1.90900004e+00 1.95400000e+00 1.99899995e+00 2. 2. 2. 2. 2. 2. 2. 0.
    1.90199995e+00 1.90199995e+00 1.90199995e+00 1.90199995e+00
    1.90199995e+00 1.90199995e+00 1.90199995e+00 1.90199995e+00
    1.94200003e+00 1.98699999e+00 1.99800003e+00 1.99600005e+00
    1.99500000e+00 1.99500000e+00 1.99600005e+00 1.99800003e+00 2. 2. 2.
    2. 2. 1.96200001e+00 1.91700006e+00 1.90199995e+00 1.90199995e+00
    1.90199995e+00 1.90199995e+00 1.90199995e+00 1.90199995e+00
    1.90900004e+00 1.95400000e+00 1.99899995e+00 2. 2. 2. 2. 2. 2. 2. 0.
    1.90199995e+00 1.90199995e+00 1.90199995e+00 1.90199995e+00
    1.90199995e+00 1.90300000e+00 1.92200005e+00 1.94000006e+00
    1.96599996e+00 1.99199998e+00 2. 2. 2. 2. 2. 2. 2. 2. 2. 2. 2.
    1.97800004e+00 1.95099998e+00 1.92999995e+00 1.91100001e+00
    1.90199995e+00 1.90199995e+00 1.90199995e+00 1.90199995e+00
    1.90900004e+00 1.95400000e+00 1.99899995e+00 2. 2. 2. 2. 2. 2. 2. 0.
    1.90199995e+00 1.90199995e+00 1.90199995e+00 1.90199995e+00
    1.90199995e+00 1.90400004e+00 1.94400001e+00 1.98300004e+00
    1.99199998e+00 1.99800003e+00 2. 2. 2. 2. 2. 2. 2. 2. 2. 2. 2.
    1.99500000e+00 1.98899996e+00 1.96099997e+00 1.92200005e+00
    1.90199995e+00 1.90199995e+00 1.90199995e+00 1.90199995e+00
    1.90900004e+00 1.95400000e+00 1.99899995e+00 2. 2. 2. 2. 2. 2. 2. 0.
    1.90199995e+00 1.90199995e+00 1.90199995e+00 1.90199995e+00
    1.90199995e+00 1.90499997e+00 1.95000005e+00 1.99500000e+00
    2.01399994e+00 2.02900004e+00 2.03299999e+00 2.03299999e+00
    2.02500010e+00 2.00999999e+00 2. 2. 2. 2. 2. 2. 2. 2. 2.
    1.98000002e+00 1.95000005e+00 1.92700005e+00 1.91199994e+00
    1.90199995e+00 1.90199995e+00 1.90900004e+00 1.95400000e+00
    1.99899995e+00 2. 2. 1.29900002e+00 0. 0. 0. 0. 0. 1.90199995e+00
    1.90199995e+00 1.90199995e+00 1.90199995e+00 1.90199995e+00
    1.90499997e+00 1.95000005e+00 1.99500000e+00 2.03299999e+00
    2.06900001e+00 2.07999992e+00 2.07999992e+00 2.05999994e+00
    2.02300000e+00 2. 2. 2. 2. 2. 2. 2. 2. 2. 1.99399996e+00
    1.98399997e+00 1.96200001e+00 1.92600000e+00 1.90199995e+00
    1.90199995e+00 1.90900004e+00 1.95400000e+00 1.99899995e+00 2. 2. 0.
    0. 0. 0. 0. 0. 1.90199995e+00 1.90199995e+00 1.90199995e+00
    1.90199995e+00 1.90199995e+00 1.90499997e+00 1.95000005e+00
    1.99500000e+00 2.04099989e+00 2.08800006e+00 2.10100007e+00
