<?xml version="1.0"?>
<opencv_storage>
<Depth type_id="opencv-matrix">
  <rows>40</rows>
  <cols>40</cols>
  <dt>f</dt>
  <data>
    0. 0. 0. 0. 0. 0. 0. 0. 0. 0. 0. 0. 0. 2.04900002e+00 2.04900002e+00
    2.04900002e+00 2.04500008e+00 2.02300000e+00 2.00099993e+00
    1.97899997e+00 1.95799994e+00 1.95299995e+00 1.95299995e+00
    1.96500003e+00 1.98599994e+00 2. 0. 0. 0. 0. 0. 0. 0. 0. 0. 0. 0. 0.
    0. 0. 0. 0. 0. 0. 0. 0. 0. 0. 0. 0. 0. 0. 0. 2.00099993e+00
    2.00099993e+00 2.00099993e+00 2.00099993e+00 2.00099993e+00 2.
    1.99899995e+00 1.99899995e+00 1.99899995e+00 1.99899995e+00
    1.99899995e+00 2. 2. 0. 0. 0. 0. 0. 0. 0. 0. 0. 0. 0. 0. 0. 0. 0. 0.
    0. 0. 0. 0. 0. 0. 0. 0. 0. 0. 0. 2. 2. 2. 2. 2. 2. 2. 2. 2. 2. 2. 2.
    2. 0. 0. 0. 0. 0. 0. 0. 0. 0. 0. 0. 0. 0. 0. 0. 0. 0. 0. 0. 0. 0. 0.
    0. 0. 0. 0. 0. 2. 2. 2. 2. 2. 2. 2. 2. 2. 2. 2. 2. 2. 0. 0. 0. 0. 0.
    0. 0. 0. 0. 0. 0. 0. 0. 0. 0. 0. 0. 0. 0. 0. 0. 0. 0. 0. 0. 0. 0. 2.
    2. 2. 2. 2. 2. 2. 2. 2. 2. 2. 2. 2. 0. 0. 0. 0. 0. 0. 0. 0. 0. 0. 0.
    0. 0. 0. 0. 0. 0. 0. 0. 0. 0. 0. 0. 0. 0. 0. 0. 2. 2. 2. 2. 2. 2. 2.
    2. 2. 2. 2. 2. 2. 0. 0. 0. 0. 0. 0. 0. 0. 0. 0. 0. 0. 0. 0. 0. 0. 0.
    0. 0. 0. 0. 0. 0. 0. 0. 0. 0. 2. 2. 2. 2. 2. 2. 1.98899996e+00
    1.97800004e+00 1.97500002e+00 1.97500002e+00 1.98099995e+00
    1.99199998e+00 2. 0. 0. 0. 0. 0. 0. 0. 0. 0. 0. 0. 0. 0. 0. 0. 0. 0.
    0. 0. 0. 0. 0. 0. 0. 0. 0. 0. 2. 2. 2. 2. 2. 2. 1.96899998e+00
    1.93700004e+00 1.92900002e+00 1.92900002e+00 1.94700003e+00
    1.97899997e+00 2. 0. 0. 0. 0. 0. 0. 0. 0. 0. 0. 0. 0. 0. 0. 0. 0. 0.
    0. 0. 0. 0. 0. 0. 0. 0. 0. 0. 2. 2. 2. 2. 2. 2. 1.95599997e+00
    1.90999997e+00 1.89900005e+00 1.89900005e+00 1.91999996e+00
    1.95899999e+00 1.98500001e+00 0. 0. 0. 0. 0. 0. 0. 0. 0. 0. 0. 0. 0.
    0. 0. 0. 0. 0. 0. 0. 0. 0. 0. 0. 0. 0. 0. 2. 2. 2. 2. 2. 2.
    1.95599997e+00 1.90999997e+00 1.89900005e+00 1.89900005e+00
    1.90900004e+00 1.92700005e+00 1.93900001e+00 0. 0. 0. 0. 0. 0. 0. 0.
    0. 0. 0. 0. 0. 0. 0. 0. 0. 0. 0. 0. 0. 0. 0. 0. 0. 0. 0. 2. 2. 2. 2.
    1.99699998e+00 1.99500000e+00 1.95299995e+00 1.90900004e+00
    1.89900005e+00 1.89900005e+00 1.89900005e+00 1.89900005e+00
    1.89900005e+00 0. 0. 0. 0. 0. 0. 0. 0. 0. 0. 0. 0. 0. 0. 0. 0. 0. 0.
    0. 0. 0. 0. 0. 0. 0. 0. 0. 2. 2. 2. 1.99600005e+00 1.97300005e+00
    1.95000005e+00 1.92700005e+00 1.90400004e+00 1.89900005e+00
    1.89900005e+00 1.89900005e+00 1.89900005e+00 1.89900005e+00 0. 0. 0.
    0. 0. 0. 0. 0. 0. 0. 0. 0. 0. 0. 0. 0. 0. 0. 0. 0. 0. 0. 0. 0. 0. 0.
    0. 2. 2. 2. 1.99199998e+00 1.94799995e+00 1.90400004e+00
    1.90100002e+00 1.89900005e+00 1.89900005e+00 1.89900005e+00
    1.89900005e+00 1.89900005e+00 1.89900005e+00 0. 0. 0. 0. 0. 0. 0. 0.
    0. 0. 0. 0. 0. 0. 0. 0. 0. 0. 0. 0. 0. 0. 0. 0. 0. 0. 0. 2. 2. 2.
    1.99199998e+00 1.94599998e+00 1.89999998e+00 1.89900005e+00
    1.89900005e+00 1.87199998e+00 1.83599997e+00 1.82000005e+00
    1.82000005e+00 1.82000005e+00 0. 0. 0. 0. 0. 0. 0. 0. 0. 0. 0. 0. 0.
    0. 0. 0. 0. 0. 0. 0. 0. 0. 0. 0. 0. 0. 0. 2. 2. 2. 1.99199998e+00
    1.94599998e+00 1.89999998e+00 1.89900005e+00 1.89900005e+00
    1.84200001e+00 1.76699996e+00 1.73300004e+00 1.73300004e+00
    1.73300004e+00 0. 0. 0. 0. 0. 0. 0. 0. 0. 0. 0. 0. 0. 0. 0. 0. 0. 0.
    0. 0. 0. 0. 0. 0. 0. 0. 0. 2.03299999e+00 2.02699995e+00
    2.01200008e+00 1.99199998e+00 1.94599998e+00 1.89999998e+00
    1.89900005e+00 1.89900005e+00 1.83299994e+00 1.74600005e+00
    1.70700002e+00 1.70700002e+00 1.70700002e+00 0. 0. 0. 0. 0. 0. 0. 0.
    0. 0. 0. 0. 0. 0. 0. 0. 0. 0. 0. 0. 0. 0. 0. 0. 0. 0. 0.
    2.08100009e+00 2.06599998e+00 2.02999997e+00 1.99199998e+00
    1.94599998e+00 1.89999998e+00 1.89900005e+00 1.89900005e+00
    1.83299994e+00 1.74600005e+00 1.70700002e+00 1.70700002e+00
    1.70700002e+00 0. 0. 0. 0. 0. 0. 0. 0. 0. 0. 0. 0. 0. 0. 0. 0. 0. 0.
    0. 0. 0. 0. 0. 0. 0. 0. 0. 2.10500002e+00 2.08599997e+00
    2.03900003e+00 1.99399996e+00 1.95799994e+00 1.92200005e+00
    1.91100001e+00 1.90100002e+00 1.83299994e+00 1.74600005e+00
    1.70700002e+00 1.70700002e+00 1.70700002e+00 0. 0. 0. 0. 0. 0. 0. 0.
    0. 0. 0. 0. 0. 0. 0. 0. 0. 0. 0. 0. 0. 0. 0. 0. 0. 0. 0.
    2.10500002e+00 2.08599997e+00 2.03900003e+00 1.99699998e+00
    1.98199999e+00 1.96700001e+00 1.93700004e+00 1.90600002e+00
    1.83299994e+00 1.74600005e+00 1.70700002e+00 1.70700002e+00
    1.70700002e+00 0. 0. 0. 0. 0. 0. 0. 0. 0. 0. 0. 0. 0. 0. 0. 0. 0. 0.
    0. 0. 0. 0. 0. 0. 0. 0. 0. 2.10500002e+00 2.08899999e+00
    2.04699993e+00 2.01300001e+00 2.01300001e+00 2.01300001e+00
    1.96800005e+00 1.92299998e+00 1.85399997e+00 1.77800000e+00
    1.75600004e+00 1.78100002e+00 1.79700005e+00 0. 0. 0. 0. 0. 0. 0. 0.
    0. 0. 0. 0. 0. 0. 0. 0. 0. 0. 0. 0. 0. 0. 0. 0. 0. 0. 0.
    2.10500002e+00 2.09699988e+00 2.07699990e+00 2.05999994e+00
    2.05999994e+00 2.05999994e+00 2.01500010e+00 1.96800005e+00
    1.92900002e+00 1.89199996e+00 1.93799996e+00 2.05299997e+00
    2.13000011e+00 0. 0. 0. 0. 0. 0. 0. 0. 0. 0. 0. 0. 0. 0. 0. 0. 0. 0.
    0. 0. 0. 0. 0. 0. 0. 0. 0. 2.10500002e+00 2.10500002e+00
    2.10500002e+00 2.10500002e+00 2.10500002e+00 2.10500002e+00
    2.06200004e+00 2.01699996e+00 2.00600004e+00 2.00600004e+00
    2.11299992e+00 2.31100011e+00 2.44199991e+00 0. 0. 0. 0. 0. 0. 0. 0.
    0. 0. 0. 0. 0. 0. 0. 0. 0. 0. 0. 0. 0. 0. 0. 0. 0. 0. 0.
    2.10500002e+00 2.10500002e+00 2.10500002e+00 2.10500002e+00
    2.10500002e+00 2.10500002e+00 2.10400009e+00 2.10200000e+00
    2.10200000e+00 2.10200000e+00 2.18600011e+00 2.33999991e+00
    2.44199991e+00 0. 0. 0. 0. 0. 0. 0. 0. 0. 0. 0. 0. 0. 0. 0. 0. 0. 0.
    0. 0. 0. 0. 0. 0. 0. 0. 0. 2.10500002e+00 2.10500002e+00
    2.10500002e+00 2.10500002e+00 2.10500002e+00 2.10500002e+00
    2.14599991e+00 2.18799996e+00 2.19799995e+00 2.19799995e+00
    2.25799990e+00 2.36899996e+00 2.44199991e+00 0. 0. 0. 0. 0. 0. 0. 0.
    0. 0. 0. 0. 0. 0. 0. 0. 0. 0. 0. 0. 0. 0. 0. 0. 0. 0. 0.
    2.14599991e+00 2.14599991e+00 2.14599991e+00 2.14599991e+00
    2.14599991e+00 2.14599991e+00 2.17600012e+00 2.20600009e+00
    2.21300006e+00 2.21300006e+00 2.28099990e+00 2.40599990e+00
    2.48900008e+00 0. 0. 0. 0. 0. 0. 0. 0. 0. 0. 0. 0. 0. 0. 0. 0. 0. 0.
    0. 0. 0. 0. 0. 0. 0. 0. 0. 2.19499993e+00 2.19499993e+00
    2.19499993e+00 2.19499993e+00 2.19499993e+00 2.19499993e+00
    2.20300007e+00 2.21099997e+00 2.21300006e+00 2.21300006e+00
    2.29500008e+00 2.44400001e+00 2.54399991e+00 0. 0. 0. 0. 0. 0. 0. 0.
    0. 0. 0. 0. 0. 0. 0. 0. 0. 0. 0. 0. 0. 0. 0. 0. 0. 0. 0.
    2.18199992e+00 2.18199992e+00 2.18199992e+00 2.18499994e+00
    2.19899988e+00 2.21300006e+00 2.21300006e+00 2.21300006e+00
    2.22399998e+00 2.23900008e+00 2.32399988e+00 2.46799994e+00
    2.56399989e+00 0. 0. 0. 0. 0. 0. 0. 0. 0. 0. 0. 0. 0. 0. 0. 0. 0. 0.
    0. 0. 0. 0. 0. 0. 0. 0. 0. 2.13299990e+00 2.13299990e+00
    2.13299990e+00 2.14000010e+00 2.17600012e+00 2.21199989e+00
    2.21300006e+00 2.21300006e+00 2.24200010e+00 2.27900004e+00
    2.36199999e+00 2.48300004e+00 2.56399989e+00 0. 0. 0. 0. 0. 0. 0. 0.
    0. 0. 0. 0. 0. 0. 0. 0. 0. 0. 0. 0. 0. 0. 0. 0. 0. 0. 0.
    2.10500002e+00 2.10500002e+00 2.10500002e+00 2.11400008e+00
    2.16300011e+00 2.21199989e+00 2.21300006e+00 2.21300006e+00
    2.25200009e+00 2.30299997e+00 2.40300012e+00 2.54500008e+00
    2.63899994e+00 0. 0. 0. 0. 0. 0. 0. 0. 0. 0. 0. 0. 0. 0. 0. 0. 0. 0.
    0. 0. 0. 0. 0. 0. 0. 0. 0. 2.10500002e+00 2.10500002e+00
    2.10500002e+00 2.11400008e+00 2.16300011e+00 2.21199989e+00
    2.21300006e+00 2.21300006e+00 2.25200009e+00 2.30299997e+00
    2.44700003e+00 2.66799998e+00 2.81599998e+00 0. 0. 0. 0. 0. 0. 0. 0.
    0. 0. 0. 0. 0. 0. 0. 0. 0. 0. 0. 0. 0. 0. 0. 0. 0. 0. 0.
    2.10500002e+00 2.10700011e+00 2.11199999e+00 2.12299991e+00
    2.16799998e+00 2.21199989e+00 2.21300006e+00 2.21300006e+00
    2.25500011e+00 2.31200004e+00 2.49300003e+00 2.77900004e+00
    2.96900010e+00 0. 0. 0. 0. 0. 0. 0. 0. 0. 0. 0. 0. 0. 0. 0. 0. 0. 0.
