<?xml version="1.0"?>
<opencv_storage>
<Depth type_id="opencv-matrix">
  <rows>40</rows>
  <cols>40</cols>
  <dt>f</dt>
  <data>
    0. 0. 0. 0. 0. 0. 0. 0. 0. 0. 0. 0. 0. 0. 0. 0. 0. 0. 0. 0. 0. 0. 0.
    0. 0. 0. 0. 0. 0. 0. 0. 0. 0. 0. 0. 0. 0. 0. 0. 0. 0. 0. 0. 0. 0. 0.
    0. 0. 0. 0. 0. 0. 0. 0. 0. 0. 0. 0. 0. 0. 0. 0. 0. 0. 0. 0. 0. 0. 0.
    0. 0. 0. 0. 0. 0. 0. 0. 0. 0. 0. 0. 0. 0. 0. 0. 0. 0. 0. 0. 0. 0. 0.
    0. 0. 0. 0. 0. 0. 0. 0. 0. 0. 0. 0. 0. 0. 0. 0. 0. 0. 0. 0. 0. 0. 0.
    0. 0. 0. 0. 0. 0. 0. 0. 0. 0. 0. 0. 0. 0. 0. 0. 0. 0. 0. 0. 0. 0. 0.
    0. 0. 0. 0. 0. 0. 0. 0. 0. 0. 0. 0. 0. 0. 0. 0. 0. 0. 0. 0. 0. 0. 0.
    0. 0. 0. 0. 0. 0. 0. 0. 0. 0. 0. 0. 0. 0. 0. 0. 0. 0. 0. 0. 0. 0. 0.
    0. 0. 0. 0. 0. 0. 0. 0. 0. 0. 0. 0. 0. 0. 0. 0. 0. 0. 0. 0. 0. 0. 0.
    0. 0. 0. 0. 0. 0. 0. 0. 0. 0. 0. 0. 0. 0. 0. 0. 0. 0. 0. 0. 0. 0. 0.
    0. 0. 0. 0. 0. 0. 0. 0. 0. 0. 0. 0. 0. 0. 0. 0. 0. 0. 0. 0. 0. 0. 0.
    0. 0. 0. 0. 0. 0. 0. 0. 0. 0. 0. 0. 0. 0. 0. 0. 0. 0. 0. 0. 0. 0. 0.
    0. 0. 0. 0. 0. 0. 0. 2.19199991e+00 2.17100000e+00 2.12400007e+00
    2.09400010e+00 2.09400010e+00 1.43200004e+00 0. 0. 0. 0. 0. 0. 0. 0.
    0. 0. 0. 0. 0. 0. 0. 0. 0. 0. 0. 0. 0. 0. 0. 0. 0. 0. 0. 0. 0. 0. 0.
    0. 0. 0. 2.17100000e+00 2.15499997e+00 2.11800003e+00 2.09100008e+00
    2.08100009e+00 1.55299997e+00 0. 0. 0. 0. 0. 0. 0. 0. 0. 0. 0. 0. 0.
    0. 0. 0. 0. 0. 0. 0. 0. 0. 0. 0. 0. 0. 0. 0. 0. 0. 0. 0. 0. 0.
    2.12400007e+00 2.11800003e+00 2.10299993e+00 2.08299994e+00
    2.05299997e+00 1.82299995e+00 0. 0. 0. 0. 0. 0. 0. 0. 0. 0. 0. 0. 0.
    0. 0. 0. 0. 0. 0. 0. 0. 0. 0. 0. 0. 0. 0. 0. 0. 0. 0. 0. 0. 0.
    2.09400010e+00 2.09400010e+00 2.09400010e+00 2.07900000e+00
    2.03399992e+00 2. 2. 2.00500011e+00 2.04299998e+00 1.99399996e+00 0.
    0. 0. 0. 0. 0. 0. 0. 0. 0. 0. 0. 0. 0. 0. 0. 0. 0. 0. 0. 0. 0. 0. 0.
    0. 0. 0. 0. 0. 0. 2.09400010e+00 2.09400010e+00 2.09400010e+00
    2.07900000e+00 2.03399992e+00 2. 2. 2.00200009e+00 2.01799989e+00
    1.99800003e+00 1.01600003e+00 0. 0. 0. 0. 0. 0. 0. 0. 0. 0. 0. 0. 0.
    0. 0. 0. 0. 0. 0. 0. 0. 0. 0. 0. 0. 0. 0. 0. 0. 2.09400010e+00
    2.09400010e+00 2.09400010e+00 2.07900000e+00 2.03399992e+00 2. 2. 2.
    2. 2. 2. 2. 2. 2. 0. 0. 0. 0. 0. 0. 0. 0. 0. 0. 0. 0. 0. 0. 0. 0. 0.
    0. 0. 0. 0. 0. 0. 0. 0. 0. 2.09400010e+00 2.09400010e+00
    2.09400010e+00 2.07900000e+00 2.03399992e+00 2. 2. 2. 2. 2. 2. 2. 2.
    2. 1.11000001e+00 0. 0. 0. 0. 0. 0. 0. 0. 0. 0. 0. 0. 0. 0. 0. 0. 0.
    0. 0. 0. 0. 0. 0. 0. 0. 2.09400010e+00 2.09100008e+00 2.08500004e+00
    2.06699991e+00 2.02500010e+00 1.99399996e+00 1.99399996e+00
    1.99399996e+00 1.99699998e+00 2. 2. 2. 2.00300002e+00 2.00600004e+00
    2.03800011e+00 2.07699990e+00 0. 0. 0. 0. 0. 0. 0. 0. 0. 0. 0. 0. 0.
    0. 0. 0. 0. 0. 0. 0. 0. 0. 0. 0. 2.09400010e+00 2.07200003e+00
    2.02500010e+00 1.98599994e+00 1.96599996e+00 1.95000005e+00
    1.95000005e+00 1.95299995e+00 1.97700000e+00 2. 2. 2. 2.02300000e+00
    2.04699993e+00 2.04800010e+00 2.04399991e+00 1.13399994e+00 0. 0. 0.
    0. 0. 0. 0. 0. 0. 0. 0. 0. 0. 0. 0. 0. 0. 0. 0. 0. 0. 0. 0.
    2.09400010e+00 2.05299997e+00 1.96300006e+00 1.90300000e+00
    1.90300000e+00 1.90400004e+00 1.90600002e+00 1.91400003e+00
    1.95799994e+00 2. 2. 2. 2.04200006e+00 2.08599997e+00 2.05699992e+00
    2.01200008e+00 2. 2. 2. 2. 2. 2. 0. 0. 0. 0. 0. 0. 0. 0. 0. 0. 0. 0.
    0. 0. 0. 0. 0. 0. 2.09400010e+00 2.02699995e+00 1.87899995e+00
    1.78100002e+00 1.78100002e+00 1.79600000e+00 1.85599995e+00
    1.91400003e+00 1.95799994e+00 2. 2. 2. 2.04200006e+00 2.08599997e+00
    2.05699992e+00 2.01200008e+00 2. 2. 2. 2. 2. 2. 1.42999995e+00 0. 0.
    0. 0. 0. 0. 0. 0. 0. 0. 0. 0. 0. 0. 0. 0. 0. 2.09400010e+00
    2.00099993e+00 1.79400003e+00 1.65900004e+00 1.65900004e+00
    1.68799996e+00 1.80599999e+00 1.91400003e+00 1.95799994e+00 2. 2. 2.
    2.04200006e+00 2.08599997e+00 2.05699992e+00 2.01200008e+00 2. 2. 2.
    2. 2. 2. 1.96500003e+00 1.88100004e+00 1.83700001e+00 1.88000000e+00
    1.35000002e+00 0. 0. 0. 0. 0. 0. 0. 0. 0. 0. 0. 0. 0. 0. 0. 0.
    1.65100002e+00 1.65100002e+00 1.68499994e+00 1.82700002e+00
    1.95200002e+00 1.97700000e+00 2. 2. 2. 2.04200006e+00 2.08599997e+00
    2.05699992e+00 2.01200008e+00 2. 2. 2. 2. 2. 2. 2. 2. 2.00799990e+00
    2.03299999e+00 1.72800004e+00 0. 0. 0. 0. 0. 0. 0. 0. 0. 0. 0. 0. 0.
    0. 0. 0. 1.65100002e+00 1.65100002e+00 1.69000006e+00 1.85300004e+00
    1.99300003e+00 1.99699998e+00 2. 2. 2. 2.04200006e+00 2.08599997e+00
    2.05699992e+00 2.01200008e+00 2. 2. 2. 2. 2. 2. 2. 2. 2.00099993e+00
    2.00500011e+00 1.96099997e+00 1.74199998e+00 1.54700005e+00
    1.54700005e+00 1.52800000e+00 0. 0. 0. 0. 0. 0. 0. 0. 0. 0. 0. 0. 0.
    0. 0. 1.00199997e+00 1.99800003e+00 1.98000002e+00 1.96399999e+00
    1.96399999e+00 1.96399999e+00 2.02200007e+00 2.08400011e+00
    2.05699992e+00 2.01200008e+00 2. 2. 2. 2. 2. 2. 2. 2. 2. 2. 2. 2. 2.
    2. 1.98699999e+00 0. 0. 0. 0. 0. 0. 0. 0. 0. 0. 0. 0. 0. 0. 0. 0.
    1.99500000e+00 1.95700002e+00 1.91999996e+00 1.91999996e+00
    1.91999996e+00 1.99699998e+00 2.07999992e+00 2.05699992e+00
    2.01200008e+00 2. 2. 2. 2. 2. 2. 2. 2. 2. 2. 2. 2. 2. 2.
    1.99699998e+00 1.65100002e+00 1.30400002e+00 1.27100003e+00 0. 0. 0.
    0. 0. 0. 0. 0. 0. 0. 0. 0. 0. 2.02399993e+00 1.96500003e+00
    1.90799999e+00 1.90799999e+00 1.90799999e+00 1.99100006e+00
    2.07900000e+00 2.06999993e+00 2.03999996e+00 2.03299999e+00
    2.03299999e+00 2.03299999e+00 2.03299999e+00 2.02399993e+00
    2.00900006e+00 2. 2. 2. 2. 2. 2. 2. 2. 2. 2. 2. 2. 0. 0. 0. 0. 0. 0.
    0. 0. 0. 0. 0. 0. 0. 2.06599998e+00 1.98599994e+00 1.90799999e+00
    1.90799999e+00 1.90799999e+00 1.99100006e+00 2.07900000e+00
    2.08699989e+00 2.07900000e+00 2.07699990e+00 2.07699990e+00
    2.07699990e+00 2.07699990e+00 2.05800009e+00 2.02099991e+00 2. 2. 2.
    2. 2. 2. 2. 2. 2. 2. 2. 2. 0. 0. 0. 0. 0. 0. 0. 0. 0. 0. 0. 0. 0. 0.
    0. 0. 0. 0. 1.07400000e+00 1.94700003e+00 2.09400010e+00
    2.09400010e+00 2.09400010e+00 2.09400010e+00 2.09400010e+00
    2.09400010e+00 2.07800007e+00 2.04600000e+00 2.02200007e+00
    2.00900006e+00 2. 2. 2. 2. 2. 2. 2. 2. 2. 2. 0. 0. 0. 0. 0. 0. 0. 0.
    0. 0. 0. 0. 0. 0. 0. 0. 0. 0. 0. 1.73500001e+00 2.09400010e+00
    2.09400010e+00 2.09400010e+00 2.09400010e+00 2.09400010e+00
    2.09400010e+00 2.08899999e+00 2.07900000e+00 2.05800009e+00
    2.02399993e+00 2. 2. 2. 2. 2. 2. 2. 2. 2. 2. 0. 0. 0. 0. 0. 0. 0. 0.
    0. 0. 0. 0. 0. 0. 0. 0. 0. 0. 0. 0. 0. 0. 1.17100000e+00
    1.86000001e+00 2.11800003e+00 2.11800003e+00 2.11199999e+00
    2.10100007e+00 2.07500005e+00 2.03099990e+00 2. 2. 1.99800003e+00
    1.98699999e+00 1.97599995e+00 1.96599996e+00 1.95500004e+00
    1.95500004e+00 1.95500004e+00 1.95500004e+00 0. 0. 0. 0. 0. 0. 0. 0.
    0. 0. 0. 0. 0. 0. 0. 0. 0. 0. 0. 0. 0. 0. 0. 1.41299999e+00
    2.16499996e+00 2.16499996e+00 2.14700007e+00 2.11400008e+00
    2.07500005e+00 2.03099990e+00 2. 2. 1.99300003e+00 1.96200001e+00
    1.92999995e+00 1.89999998e+00 1.87000000e+00 1.87000000e+00
    1.87000000e+00 1.87000000e+00 0. 0. 0. 0. 0. 0. 0. 0. 0. 0. 0. 0. 0.
    0. 0. 0. 0. 0. 0. 0. 0. 0. 0. 0. 1.02900004e+00 1.02900004e+00
    1.29299998e+00 1.79999995e+00 2.07500005e+00 2.03099990e+00 2. 2.
    1.99100006e+00 1.94700003e+00 1.90300000e+00 1.86199999e+00
    1.82000005e+00 1.82000005e+00 1.82000005e+00 1.82000005e+00 0. 0. 0.
    0. 0. 0. 0. 0. 0. 0. 0. 0. 0. 0. 0. 0. 0. 0. 0. 0. 0. 0. 0. 0. 0. 0.
    0. 1.03400004e+00 2.07500005e+00 2.03099990e+00 2. 2. 1.99100006e+00
    1.94700003e+00 1.90300000e+00 1.86199999e+00 1.82000005e+00
    1.82000005e+00 1.82000005e+00 1.82000005e+00 0. 0. 0. 0. 0. 0. 0. 0.
    0. 0. 0. 0. 0. 0. 0. 0. 0. 0. 0. 0. 0. 0. 0. 0. 0. 0. 0. 0.
    2.07500005e+00 2.03099990e+00 2. 2. 1.99100006e+00 1.94700003e+00
    1.90300000e+00 1.86199999e+00 1.82000005e+00 1.82000005e+00
    1.82000005e+00 1.82000005e+00 0. 0. 0. 0. 0. 0. 0. 0. 0. 0. 0. 0. 0.
