<?xml version="1.0"?>
<opencv_storage>
<Depth type_id="opencv-matrix">
  <rows>40</rows>
  <cols>40</cols>
  <dt>f</dt>
  <data>
    0. 0. 0. 0. 0. 0. 0. 0. 0. 0. 0. 0. 0. 0. 1.37199998e+00
    1.37199998e+00 1.37199998e+00 2.07800007e+00 2.07800007e+00
    2.07900000e+00 2.07999992e+00 2.07999992e+00 2.08299994e+00
    2.08500004e+00 2.08599997e+00 2.08599997e+00 2.23000002e+00
    2.46499991e+00 0. 0. 0. 0. 0. 0. 0. 0. 0. 0. 0. 0. 0. 0. 0. 0. 0. 0.
    0. 0. 0. 0. 0. 0. 0. 0. 1.37199998e+00 1.37199998e+00 1.83399999e+00
    2.07599998e+00 2.07800007e+00 2.07900000e+00 2.08200002e+00
    2.08200002e+00 2.08299994e+00 2.08299994e+00 2.08299994e+00
    2.08299994e+00 2.08800006e+00 2.08800006e+00 0. 0. 0. 0. 0. 0. 0. 0.
    0. 0. 0. 0. 0. 0. 0. 0. 0. 0. 0. 0. 0. 0. 0. 0. 0. 2.88899994e+00
    1.37199998e+00 1.37199998e+00 1.37199998e+00 2.08299994e+00
    2.07900000e+00 2.07900000e+00 2.07900000e+00 2.07999992e+00
    2.08200002e+00 2.08200002e+00 2.08299994e+00 2.08500004e+00
    2.08599997e+00 2.08800006e+00 0. 0. 0. 0. 0. 0. 0. 0. 0. 0. 0. 0. 0.
    0. 0. 0. 0. 0. 0. 0. 0. 0. 0. 0. 0. 2.34999990e+00 1.37199998e+00
    1.37199998e+00 1.90499997e+00 2.10599995e+00 2.10200000e+00
    2.09599996e+00 2.09400010e+00 2.08699989e+00 2.08699989e+00
    2.08400011e+00 2.08400011e+00 2.08299994e+00 2.08500004e+00
    2.08699989e+00 0. 0. 0. 0. 0. 0. 0. 0. 0. 0. 0. 0. 0. 0. 0. 0. 0. 0.
    0. 0. 0. 0. 0. 0. 0. 0. 1.37199998e+00 1.37199998e+00 2.14000010e+00
    2.13499999e+00 1.72099996e+00 2.11299992e+00 2.12299991e+00
    2.11800003e+00 2.11400008e+00 2.10700011e+00 2.10299993e+00
    2.09599996e+00 2.09200001e+00 2.08999991e+00 0. 0. 0. 0. 0. 0. 0. 0.
    0. 0. 0. 0. 0. 0. 0. 0. 0. 0. 0. 0. 0. 0. 0. 0. 0. 1.56599998e+00
    1.37199998e+00 1.37199998e+00 2.16499996e+00 2.16199994e+00
    1.37199998e+00 1.78600001e+00 2.14800000e+00 2.14499998e+00
    2.13899994e+00 2.13400006e+00 2.12700009e+00 2.12400007e+00
    1.79999995e+00 1.37199998e+00 0. 0. 0. 0. 0. 0. 0. 0. 0. 0. 0. 0. 0.
    0. 0. 0. 0. 0. 0. 0. 0. 0. 0. 0. 0. 1.37199998e+00 1.37199998e+00
    1.37199998e+00 1.37199998e+00 2.01300001e+00 2.01300001e+00
    2.01300001e+00 2.12800002e+00 2.16000009e+00 2.13800001e+00
    1.78100002e+00 2.16000009e+00 2.14899993e+00 1.37199998e+00
    1.37199998e+00 0. 0. 0. 0. 0. 0. 0. 0. 0. 0. 0. 0. 0. 0. 0. 0. 0. 0.
    0. 0. 0. 0. 0. 0. 0. 1.37199998e+00 1.37199998e+00 1.37199998e+00
    1.37199998e+00 2.01200008e+00 2.01300001e+00 2.01300001e+00
    2.01399994e+00 2.01500010e+00 2.01799989e+00 2.01900005e+00
    2.01900005e+00 2.02999997e+00 1.71599996e+00 1.37199998e+00 0. 0. 0.
    0. 0. 0. 0. 0. 0. 0. 0. 0. 0. 0. 0. 0. 0. 0. 0. 0. 0. 0. 0. 0. 0.
    1.37199998e+00 1.37199998e+00 1.37199998e+00 1.37199998e+00
    2.00999999e+00 2.01200008e+00 2.01300001e+00 2.01399994e+00
    2.01399994e+00 2.01600003e+00 2.01799989e+00 2.01799989e+00
    2.01799989e+00 2.02099991e+00 1.37199998e+00 0. 0. 0. 0. 0. 0. 0. 0.
    0. 0. 0. 0. 0. 0. 0. 0. 0. 0. 0. 0. 0. 0. 0. 0. 1.37199998e+00
    1.37199998e+00 1.37199998e+00 1.37199998e+00 1.82900000e+00
    2.00900006e+00 2.01099992e+00 2.01300001e+00 2.01300001e+00
    2.01399994e+00 2.01699996e+00 2.01600003e+00 2.01799989e+00
    2.01900005e+00 2.01999998e+00 1.37199998e+00 0. 0. 0. 0. 0. 0. 0. 0.
    0. 0. 0. 0. 0. 0. 0. 0. 0. 0. 0. 0. 0. 0. 0. 0. 1.37199998e+00
    1.37199998e+00 1.37199998e+00 1.37199998e+00 1.82900000e+00
    2.00900006e+00 2.01099992e+00 2.00999999e+00 2.01200008e+00
    2.01399994e+00 2.01300001e+00 2.01399994e+00 2.01600003e+00
    2.01699996e+00 1.83599997e+00 1.37199998e+00 0. 0. 0. 0. 0. 0. 0. 0.
    0. 0. 0. 0. 0. 0. 0. 0. 0. 0. 0. 0. 0. 0. 0. 0. 1.37199998e+00
    1.37199998e+00 1.37199998e+00 1.37199998e+00 2.00699997e+00
    2.00699997e+00 2.00799990e+00 2.00900006e+00 2.00999999e+00
    2.01300001e+00 2.01399994e+00 2.01300001e+00 2.01399994e+00
    2.01799989e+00 1.74199998e+00 1.37199998e+00 0. 0. 0. 0. 0. 0. 0. 0.
    0. 0. 0. 0. 0. 0. 0. 0. 0. 0. 0. 0. 0. 0. 0. 0. 1.37199998e+00
    1.37199998e+00 1.37199998e+00 1.37199998e+00 2.00399995e+00
    2.00600004e+00 2.00799990e+00 2.00900006e+00 2.00900006e+00
    2.00999999e+00 2.01300001e+00 2.01300001e+00 2.01300001e+00
    2.01799989e+00 1.69900000e+00 1.37199998e+00 0. 0. 0. 0. 0. 0. 0. 0.
    0. 0. 0. 0. 0. 0. 0. 0. 0. 0. 0. 0. 0. 0. 0. 0. 1.37199998e+00
    1.37199998e+00 1.37199998e+00 1.37199998e+00 2.00600004e+00
    2.00600004e+00 2.00699997e+00 2.00799990e+00 2.00900006e+00
    2.00900006e+00 2.01200008e+00 2.01200008e+00 2.01200008e+00
    2.01500010e+00 1.68499994e+00 1.37199998e+00 0. 0. 0. 0. 0. 0. 0. 0.
    0. 0. 0. 0. 0. 0. 0. 0. 0. 0. 0. 0. 0. 0. 0. 0. 1.37199998e+00
    1.37199998e+00 1.37199998e+00 1.80299997e+00 2.00399995e+00
    2.00399995e+00 2.00399995e+00 2.00699997e+00 2.00799990e+00
    2.00900006e+00 2.00900006e+00 2.00999999e+00 2.01300001e+00
    2.01399994e+00 1.37199998e+00 1.37199998e+00 0. 0. 0. 0. 0. 0. 0. 0.
    0. 0. 0. 0. 0. 0. 0. 0. 0. 0. 0. 0. 0. 0. 0. 0. 1.37199998e+00
    1.37199998e+00 1.37199998e+00 2.00099993e+00 2.00200009e+00
    2.00300002e+00 2.00399995e+00 2.00500011e+00 2.00699997e+00
    2.00799990e+00 2.00900006e+00 2.00900006e+00 2.01200008e+00
    2.01099992e+00 1.37199998e+00 1.37199998e+00 0. 0. 0. 0. 0. 0. 0. 0.
    0. 0. 0. 0. 0. 0. 0. 0. 0. 0. 0. 0. 0. 0. 0. 0. 1.37199998e+00
    1.37199998e+00 1.37199998e+00 2.00200009e+00 2.00099993e+00
    2.00300002e+00 2.00300002e+00 2.00399995e+00 2.00600004e+00
    2.00699997e+00 2.00799990e+00 2.00799990e+00 2.00900006e+00
    2.00900006e+00 1.37199998e+00 1.37199998e+00 0. 0. 0. 0. 0. 0. 0. 0.
    0. 0. 0. 0. 0. 0. 0. 0. 0. 0. 0. 0. 0. 0. 0. 0. 1.37199998e+00
    1.37199998e+00 1.37199998e+00 2. 2. 2.00200009e+00 2.00300002e+00
    2.00300002e+00 2.00399995e+00 2.00600004e+00 2.00600004e+00
    2.00799990e+00 2.00900006e+00 1.98599994e+00 1.37199998e+00
    1.37199998e+00 0. 0. 0. 0. 0. 0. 0. 0. 0. 0. 0. 0. 0. 0. 0. 0. 0. 0.
    0. 0. 0. 0. 0. 0. 1.37199998e+00 1.37199998e+00 1.37199998e+00
    1.99899995e+00 2. 2. 2.00099993e+00 2.00300002e+00 2.00300002e+00
    2.00399995e+00 2.00399995e+00 2.00500011e+00 2.00799990e+00
    1.90999997e+00 1.37199998e+00 1.37199998e+00 0. 0. 0. 0. 0. 0. 0. 0.
    0. 0. 0. 0. 0. 0. 0. 0. 0. 0. 0. 0. 0. 0. 0. 0. 1.37199998e+00
    1.37199998e+00 2.00300002e+00 1.99899995e+00 2. 1.99899995e+00 2.
    2.00200009e+00 2.00200009e+00 2.00200009e+00 2.00300002e+00
    2.00399995e+00 2.00799990e+00 2.00600004e+00 1.37199998e+00
    1.37199998e+00 0. 0. 0. 0. 0. 0. 0. 0. 0. 0. 0. 0. 0. 0. 0. 0. 0. 0.
    0. 0. 0. 0. 0. 0. 1.37199998e+00 1.37199998e+00 1.99500000e+00
    1.99600005e+00 1.99800003e+00 1.99899995e+00 2. 2. 2.00200009e+00
    2.00200009e+00 2.00300002e+00 2.00300002e+00 2.00600004e+00
    1.37199998e+00 1.37199998e+00 1.37199998e+00 0. 0. 0. 0. 0. 0. 0. 0.
    0. 0. 0. 0. 0. 0. 0. 0. 0. 0. 0. 0. 0. 0. 0. 0. 1.37199998e+00
    1.37199998e+00 1.99300003e+00 1.99500000e+00 1.99600005e+00
    1.99699998e+00 1.99800003e+00 1.99800003e+00 2. 2.00099993e+00
    2.00200009e+00 2.00300002e+00 2.00300002e+00 1.37199998e+00
    1.37199998e+00 1.37199998e+00 0. 0. 0. 0. 0. 0. 0. 0. 0. 0. 0. 0. 0.
    0. 0. 0. 0. 0. 0. 0. 0. 0. 0. 0. 1.37199998e+00 1.37199998e+00
    1.99300003e+00 1.99399996e+00 1.99500000e+00 1.99500000e+00
    1.99699998e+00 1.99899995e+00 1.99899995e+00 1.99899995e+00
    2.00200009e+00 2.00200009e+00 2.00300002e+00 1.37199998e+00
    1.37199998e+00 1.37199998e+00 0. 0. 0. 0. 0. 0. 0. 0. 0. 0. 0. 0. 0.
    0. 0. 0. 0. 0. 0. 0. 0. 0. 0. 0. 1.37199998e+00 1.37199998e+00
    1.99199998e+00 1.99300003e+00 1.99399996e+00 1.99399996e+00
    1.99500000e+00 1.99699998e+00 1.99699998e+00 1.99899995e+00 2.
    2.00200009e+00 2.00300002e+00 1.37199998e+00 1.37199998e+00
    1.37199998e+00 0. 0. 0. 0. 0. 0. 0. 0. 0. 0. 0. 0. 0. 0. 0. 0. 0. 0.
    0. 0. 0. 0. 0. 0. 1.37199998e+00 1.37199998e+00 1.99100006e+00
    1.99199998e+00 1.99399996e+00 1.99399996e+00 1.99399996e+00
