<?xml version="1.0"?>
<opencv_storage>
<Depth type_id="opencv-matrix">
  <rows>40</rows>
  <cols>40</cols>
  <dt>f</dt>
  <data>
    0. 0. 0. 0. 0. 0. 0. 0. 0. 0. 0. 0. 0. 0. 0. 0. 0. 0. 0. 0. 0. 0. 0.
    0. 0. 0. 0. 0. 0. 0. 0. 0. 0. 0. 0. 0. 0. 0. 0. 0. 0. 0. 0. 0. 0. 0.
    0. 0. 0. 0. 0. 0. 0. 0. 0. 0. 0. 0. 0. 0. 0. 0. 0. 0. 0. 0. 0. 0. 0.
    0. 0. 0. 0. 0. 0. 0. 0. 0. 0. 0. 0. 0. 0. 0. 0. 0. 0. 0. 0. 0. 0. 0.
    0. 0. 0. 0. 0. 0. 0. 0. 0. 0. 0. 0. 0. 0. 0. 0. 0. 0. 0. 0. 0. 0. 0.
    0. 0. 0. 0. 0. 0. 0. 0. 0. 0. 0. 0. 0. 0. 0. 0. 0. 0. 0. 0. 0. 0. 0.
    0. 0. 0. 0. 0. 0. 0. 0. 0. 0. 0. 0. 0. 0. 0. 0. 0. 0. 0. 0. 0. 0. 0.
    0. 0. 0. 0. 0. 0. 0. 0. 0. 0. 0. 0. 0. 0. 0. 0. 0. 0. 0. 0. 0. 0. 0.
    0. 0. 0. 0. 0. 0. 0. 0. 0. 0. 0. 0. 0. 0. 0. 0. 0. 0. 0. 0. 0. 0. 0.
    0. 0. 0. 0. 0. 0. 0. 0. 0. 0. 0. 0. 0. 0. 0. 0. 0. 0. 0. 0. 0. 0. 0.
    0. 0. 0. 0. 0. 0. 0. 0. 0. 0. 0. 0. 0. 0. 0. 0. 0. 0. 0. 0. 0. 0. 0.
    0. 0. 0. 0. 0. 0. 0. 0. 0. 0. 0. 0. 0. 0. 0. 0. 0. 0. 0. 0. 0. 0. 0.
    0. 0. 0. 0. 0. 0. 0. 0. 0. 0. 0. 0. 0. 0. 0. 0. 0. 0. 0. 0. 0. 0. 0.
    0. 0. 0. 0. 0. 0. 0. 0. 0. 0. 0. 0. 0. 0. 0. 0. 0. 0. 0. 0. 0. 0. 0.
    0. 0. 0. 0. 0. 0. 0. 0. 0. 0. 0. 0. 0. 0. 0. 0. 0. 0. 0. 0. 0. 0. 0.
    0. 0. 0. 0. 0. 0. 0. 0. 0. 0. 0. 0. 0. 0. 0. 0. 0. 0. 0. 0. 0. 0. 0.
    0. 0. 0. 0. 0. 0. 0. 0. 0. 0. 0. 0. 0. 0. 0. 0. 0. 0. 0. 0. 0. 0. 0.
    0. 0. 0. 0. 0. 0. 0. 0. 0. 0. 0. 0. 0. 0. 0. 0. 0. 0. 0. 0. 0. 0. 0.
    0. 0. 0. 0. 0. 0. 0. 0. 0. 0. 0. 0. 0. 0. 0. 0. 0. 0. 0. 0. 0. 0. 0.
    0. 0. 0. 0. 0. 0. 0. 0. 0. 0. 0. 0. 0. 0. 0. 0. 0. 0. 0. 0. 0. 0. 0.
    0. 0. 0. 0. 0. 0. 0. 0. 0. 0. 0. 0. 0. 0. 0. 0. 0. 0. 0. 0. 0. 0. 0.
    0. 0. 0. 0. 0. 0. 0. 0. 0. 0. 0. 0. 0. 0. 0. 0. 0. 0. 0. 0. 0. 0. 0.
    0. 0. 0. 0. 0. 0. 0. 0. 0. 0. 0. 0. 0. 0. 0. 0. 0. 0. 0. 0. 0. 0. 0.
    0. 0. 0. 0. 0. 0. 0. 0. 0. 0. 0. 0. 0. 0. 0. 0. 0. 0. 0. 0. 0. 0. 0.
    0. 0. 0. 0. 0. 0. 0. 0. 0. 0. 0. 1.86500001e+00 1.93299997e+00 2. 2.
    2. 2. 2. 2. 2.00999999e+00 2.04099989e+00 2.04699993e+00
    2.02600002e+00 1.96399999e+00 1.95400000e+00 1.95400000e+00
    1.95400000e+00 1.95400000e+00 1.95400000e+00 1.95400000e+00 0. 0. 0.
    0. 0. 1.85300004e+00 2.04699993e+00 2.04699993e+00 2.04699993e+00
    2.04699993e+00 2.04699993e+00 2.04699993e+00 2.04699993e+00
    2.37599993e+00 0. 0. 0. 0. 0. 0. 0. 1.86500001e+00 1.89900005e+00
    1.93200004e+00 1.93200004e+00 1.94299996e+00 1.96300006e+00
    1.99399996e+00 2.01300001e+00 2.02900004e+00 2.04399991e+00
    2.04699993e+00 2.02600002e+00 1.96399999e+00 1.95400000e+00
    1.95400000e+00 1.95400000e+00 1.95400000e+00 1.95400000e+00
    1.95400000e+00 0. 0. 0. 0. 0. 1.92700005e+00 2.02300000e+00
    2.02300000e+00 2.02300000e+00 2.02300000e+00 2.03099990e+00
    2.04699993e+00 2.06299996e+00 2.23300004e+00 2.56900001e+00 0. 0. 0.
    0. 0. 0. 1.86500001e+00 1.86500001e+00 1.86500001e+00 1.86500001e+00
    1.88800001e+00 1.92700005e+00 1.98800004e+00 2.02500010e+00
    2.04699993e+00 2.04699993e+00 2.04699993e+00 2.02800012e+00
    1.97099996e+00 1.96200001e+00 1.96200001e+00 1.96200001e+00
    1.96200001e+00 1.96200001e+00 1.96200001e+00 1.98000002e+00
    1.99199998e+00 1.99199998e+00 1.99199998e+00 1.99399996e+00 2. 2. 2.
    2. 2. 2.01500010e+00 2.04600000e+00 2.07800007e+00 2.09500003e+00
    2.09500003e+00 0. 0. 0. 0. 0. 0. 1.86500001e+00 1.86500001e+00
    1.86500001e+00 1.86500001e+00 1.88800001e+00 1.92700005e+00
    1.98800004e+00 2.02500010e+00 2.04699993e+00 2.04699993e+00
    2.04699993e+00 2.03500009e+00 1.99899995e+00 1.99300003e+00
    1.99300003e+00 1.99300003e+00 1.99300003e+00 1.99300003e+00
    1.99300003e+00 1.97399998e+00 1.96099997e+00 1.96099997e+00
    1.96099997e+00 1.97200000e+00 1.99800003e+00 2. 2. 2. 2.
    2.01500010e+00 2.04600000e+00 2.07800007e+00 2.09500003e+00
    2.09500003e+00 0. 0. 0. 0. 0. 0. 1.86500001e+00 1.86500001e+00
    1.86500001e+00 1.86500001e+00 1.87600005e+00 1.89900005e+00
    1.94400001e+00 1.96500003e+00 1.98500001e+00 2.01699996e+00
    2.02200007e+00 2.01699996e+00 2.00200009e+00 2. 2. 2. 2. 2. 2.
    1.97300005e+00 1.95400000e+00 1.95400000e+00 1.95400000e+00
    1.96700001e+00 1.99800003e+00 2.01500010e+00 2.02500010e+00
    2.02500010e+00 2.02500010e+00 2.03900003e+00 2.07100010e+00
    2.10400009e+00 2.12100005e+00 2.12100005e+00 0. 0. 0. 0. 0. 0.
    1.86500001e+00 1.86500001e+00 1.86500001e+00 1.86500001e+00
    1.86500001e+00 1.87199998e+00 1.89600003e+00 1.89999998e+00
    1.91900003e+00 1.98000002e+00 1.99100006e+00 1.99300003e+00
    1.99899995e+00 2. 2. 2. 2. 1.99800003e+00 1.99199998e+00
    1.96899998e+00 1.95400000e+00 1.95400000e+00 1.95400000e+00
    1.96899998e+00 2.00600004e+00 2.03299999e+00 2.04999995e+00
    2.05599999e+00 2.05599999e+00 2.07100010e+00 2.10400009e+00
    2.13100004e+00 2.14499998e+00 2.14499998e+00 0. 0. 0. 0. 0. 0.
    1.86500001e+00 1.86500001e+00 1.86500001e+00 1.86500001e+00
    1.86500001e+00 1.86600006e+00 1.87000000e+00 1.87100005e+00
    1.88999999e+00 1.94900000e+00 1.96000004e+00 1.96899998e+00
    1.99600005e+00 2. 2. 2. 2. 1.99000001e+00 1.96300006e+00
    1.95700002e+00 1.95400000e+00 1.95400000e+00 1.95400000e+00
    1.97800004e+00 2.03600001e+00 2.04500008e+00 2.05900002e+00
    2.08699989e+00 2.08899999e+00 2.10400009e+00 2.13700008e+00
    2.14299989e+00 2.14499998e+00 2.14499998e+00 0. 0. 0. 0. 0. 0.
    1.86500001e+00 1.86500001e+00 1.86500001e+00 1.86500001e+00
    1.86500001e+00 1.86500001e+00 1.86500001e+00 1.86500001e+00
    1.88300002e+00 1.94299996e+00 1.95400000e+00 1.95899999e+00
    1.97300005e+00 1.97500002e+00 1.97500002e+00 1.97500002e+00
    1.99000001e+00 1.98800004e+00 1.95799994e+00 1.95400000e+00
    1.96099997e+00 1.97700000e+00 1.97899997e+00 1.99100006e+00
    2.01999998e+00 2.03800011e+00 2.06100011e+00 2.09299994e+00
    2.09500003e+00 2.11899996e+00 2.17100000e+00 2.17199993e+00
    2.17199993e+00 2.17199993e+00 0. 0. 0. 0. 0. 0. 1.86500001e+00
    1.86500001e+00 1.86300004e+00 1.85699999e+00 1.85599995e+00
    1.85599995e+00 1.85599995e+00 1.86099994e+00 1.88300002e+00
    1.94299996e+00 1.94900000e+00 1.94500005e+00 1.94500005e+00
    1.95000005e+00 1.95400000e+00 1.95400000e+00 1.98099995e+00
    1.99100006e+00 1.96599996e+00 1.96399999e+00 1.97300005e+00
    1.99800003e+00 2. 2. 2. 2.02900004e+00 2.06399989e+00 2.10299993e+00
    2.10500002e+00 2.13299990e+00 2.19400001e+00 2.28399992e+00
    2.33599997e+00 2.34599996e+00 0. 0. 0. 0. 0. 0. 1.86500001e+00
    1.86500001e+00 1.85800004e+00 1.83299994e+00 1.82700002e+00
    1.82700002e+00 1.82700002e+00 1.84700000e+00 1.88300002e+00
    1.94299996e+00 1.93200004e+00 1.91400003e+00 1.91400003e+00
    1.93700004e+00 1.95400000e+00 1.95400000e+00 1.98099995e+00
    1.99899995e+00 1.99500000e+00 1.99399996e+00 1.99600005e+00 2. 2. 2.
    2. 2.02900004e+00 2.07399988e+00 2.13599992e+00 2.13899994e+00
    2.15700006e+00 2.19499993e+00 2.56999993e+00 2.78900003e+00
    2.82999992e+00 0. 0. 0. 0. 0. 0. 0. 0. 1.85699999e+00 1.82799995e+00
    1.82200003e+00 1.82200003e+00 1.82200003e+00 1.84500003e+00
    1.88300002e+00 1.94299996e+00 1.92900002e+00 1.90900004e+00
    1.90900004e+00 1.93400002e+00 1.96000004e+00 1.97700000e+00
    1.99100006e+00 2. 2. 2.01500010e+00 2.02600002e+00 2.02600002e+00
    2.31800008e+00 2.50500011e+00 2.50500011e+00 2.49499989e+00
    2.50099993e+00 2.53099990e+00 2.53200006e+00 2.53900003e+00
    2.55500007e+00 2.74600005e+00 2.86999989e+00 2.91700006e+00 0. 0. 0.
    0. 0. 0. 0. 0. 1.85699999e+00 1.82799995e+00 1.82200003e+00
    1.82200003e+00 1.82200003e+00 1.84500003e+00 1.88300002e+00
    1.94299996e+00 1.92900002e+00 1.90900004e+00 1.90900004e+00
    1.93400002e+00 1.96500003e+00 1.99600005e+00 2. 2. 2. 2.02800012e+00
    2.04699993e+00 2.04699993e+00 2.57699990e+00 2.91700006e+00
    2.91700006e+00 2.87400007e+00 2.84800005e+00 2.84800005e+00
    2.84800005e+00 2.84800005e+00 2.84800005e+00 2.84800005e+00
    2.86999989e+00 2.91700006e+00 0. 0. 0. 0. 0. 0. 0. 0. 0. 0. 0. 0. 0.
