<?xml version="1.0"?>
<opencv_storage>
<Depth type_id="opencv-matrix">
  <rows>40</rows>
  <cols>40</cols>
  <dt>f</dt>
  <data>
    0. 0. 0. 0. 0. 0. 0. 0. 0. 0. 0. 0. 0. 0. 0. 0. 0. 0. 0. 0. 0. 0. 0.
    0. 0. 0. 0. 0. 0. 0. 0. 0. 0. 0. 0. 0. 0. 0. 0. 0. 0. 0. 0. 0. 0. 0.
    0. 0. 0. 0. 0. 0. 0. 0. 0. 0. 0. 0. 0. 0. 0. 0. 0. 0. 0. 0. 0. 0. 0.
    0. 0. 0. 0. 0. 0. 0. 0. 0. 0. 0. 0. 0. 0. 0. 0. 0. 0. 0. 0. 0. 0. 0.
    0. 0. 0. 0. 0. 0. 0. 0. 0. 0. 0. 0. 0. 0. 0. 0. 0. 0. 0. 0. 0. 0. 0.
    0. 0. 0. 0. 0. 0. 0. 0. 0. 0. 0. 0. 0. 0. 0. 0. 0. 0. 0. 0. 0. 0. 0.
    0. 0. 0. 0. 0. 0. 0. 0. 0. 0. 0. 0. 0. 0. 0. 0. 0. 0. 0. 0. 0. 0. 0.
    0. 0. 0. 0. 0. 0. 0. 0. 0. 0. 0. 0. 0. 0. 0. 0. 0. 0. 0. 0. 0. 0. 0.
    0. 0. 0. 0. 0. 0. 0. 0. 0. 0. 0. 0. 0. 0. 0. 0. 0. 0. 0. 0. 0. 0. 0.
    0. 0. 0. 0. 0. 0. 0. 0. 0. 0. 0. 0. 0. 0. 0. 0. 0. 0. 0. 0. 0. 0. 0.
    0. 0. 0. 0. 0. 0. 0. 0. 0. 0. 0. 0. 0. 0. 0. 0. 0. 0. 0. 0. 0. 0. 0.
    0. 0. 0. 0. 0. 0. 0. 0. 0. 0. 0. 0. 0. 0. 0. 0. 0. 0. 0. 0. 0. 0. 0.
    0. 0. 0. 0. 0. 0. 0. 0. 0. 0. 0. 0. 0. 0. 0. 0. 0. 0. 0. 0. 0. 0. 0.
    0. 0. 0. 0. 0. 0. 0. 0. 0. 0. 0. 0. 0. 0. 0. 0. 0. 0. 0. 0. 0. 0. 0.
    0. 0. 0. 0. 0. 0. 0. 0. 0. 0. 0. 0. 0. 0. 0. 0. 0. 0. 0. 0. 0. 0. 0.
    0. 0. 0. 0. 0. 0. 0. 0. 0. 0. 0. 0. 0. 0. 0. 0. 0. 0. 0. 0. 0. 0. 0.
    0. 0. 0. 0. 0. 0. 0. 0. 0. 0. 0. 0. 0. 0. 0. 0. 0. 0. 0. 0. 0. 0. 0.
    0. 0. 0. 0. 0. 0. 0. 0. 0. 0. 0. 0. 0. 0. 0. 0. 0. 0. 0. 0. 0. 0. 0.
    0. 0. 0. 0. 0. 0. 0. 0. 0. 0. 0. 0. 0. 0. 0. 0. 0. 0. 0. 0. 0. 0. 0.
    0. 0. 0. 0. 0. 0. 0. 0. 0. 0. 0. 0. 0. 0. 0. 0. 0. 0. 0. 0. 0. 0. 0.
    0. 0. 0. 0. 0. 0. 0. 0. 0. 0. 0. 0. 0. 0. 0. 0. 0. 0. 0. 0. 0. 0. 0.
    0. 0. 0. 0. 0. 0. 0. 2.95300007e+00 2.23600006e+00 2.05800009e+00
    2.06200004e+00 2.09800005e+00 2.09999990e+00 2.06399989e+00
    2.05800009e+00 2.04500008e+00 1.97599995e+00 1.92600000e+00
    1.89300001e+00 1.88999999e+00 1.88999999e+00 1.88999999e+00
    1.88999999e+00 1.88999999e+00 1.88999999e+00 1.88999999e+00
    1.88999999e+00 1.86699998e+00 1.83599997e+00 1.83599997e+00
    1.83599997e+00 0. 0. 0. 0. 0. 0. 0. 0. 0. 0. 0. 0. 2.87899995e+00
    2.86800003e+00 2.85100007e+00 2.80200005e+00 2.60100007e+00
    2.16599989e+00 2.05800009e+00 2.06200004e+00 2.09800005e+00
    2.09999990e+00 2.06399989e+00 2.04600000e+00 2.02399993e+00
    1.96899998e+00 1.92600000e+00 1.89300001e+00 1.88999999e+00
    1.88999999e+00 1.88999999e+00 1.88999999e+00 1.88999999e+00
    1.88999999e+00 1.88999999e+00 1.88999999e+00 1.86699998e+00
    1.83599997e+00 1.83599997e+00 1.83599997e+00 0. 0. 0. 0. 0. 0. 0. 0.
    0. 0. 0. 0. 2.23900008e+00 2.21300006e+00 2.17400002e+00
    2.13899994e+00 2.10299993e+00 2.06800008e+00 2.05900002e+00
    2.06299996e+00 2.09800005e+00 2.09999990e+00 2.06399989e+00
    2.02900004e+00 1.99399996e+00 1.96000004e+00 1.92700005e+00
    1.89499998e+00 1.89100003e+00 1.88999999e+00 1.88999999e+00
    1.88999999e+00 1.88999999e+00 1.88999999e+00 1.88999999e+00
    1.88999999e+00 1.86699998e+00 1.83599997e+00 1.83599997e+00
    1.83599997e+00 0. 0. 0. 0. 0. 0. 0. 0. 0. 0. 0. 0. 2.20000005e+00
    2.17499995e+00 2.13899994e+00 2.12500000e+00 2.11199999e+00
    2.09899998e+00 2.09500003e+00 2.09699988e+00 2.10999990e+00
    2.09999990e+00 2.06399989e+00 2.02900004e+00 1.99399996e+00
    1.96000004e+00 1.93700004e+00 1.92499995e+00 1.90499997e+00
    1.88999999e+00 1.88999999e+00 1.88999999e+00 1.88999999e+00
    1.88999999e+00 1.88999999e+00 1.88999999e+00 1.86699998e+00
    1.83599997e+00 1.83599997e+00 1.83599997e+00 0. 0. 0. 0. 0. 0. 0. 0.
    0. 0. 0. 0. 2.16300011e+00 2.14400005e+00 2.11700010e+00
    2.11700010e+00 2.11700010e+00 2.11700010e+00 2.11700010e+00
    2.11599994e+00 2.10700011e+00 2.08999991e+00 2.06299996e+00
    2.02900004e+00 1.99399996e+00 1.96000004e+00 1.94400001e+00
    1.94400001e+00 1.92200005e+00 1.90300000e+00 1.90300000e+00
    1.89800000e+00 1.88999999e+00 1.88999999e+00 1.88999999e+00
    1.88999999e+00 1.86699998e+00 1.83599997e+00 1.83599997e+00
    1.83599997e+00 0. 0. 0. 0. 0. 0. 0. 0. 0. 0. 0. 0. 2.12599993e+00
    2.12199998e+00 2.11700010e+00 2.11700010e+00 2.11700010e+00
    2.11700010e+00 2.11700010e+00 2.11400008e+00 2.08299994e+00
    2.06399989e+00 2.05900002e+00 2.02900004e+00 1.99399996e+00
    1.96000004e+00 1.94400001e+00 1.94400001e+00 1.94000006e+00
    1.93599999e+00 1.93599999e+00 1.91900003e+00 1.89100003e+00
    1.88999999e+00 1.88999999e+00 1.88999999e+00 1.86699998e+00
    1.83599997e+00 1.83599997e+00 1.83599997e+00 0. 0. 0. 0. 0. 0. 0. 0.
    0. 0. 0. 0. 2.11700010e+00 2.11700010e+00 2.11700010e+00
    2.11700010e+00 2.11700010e+00 2.11700010e+00 2.11700010e+00
    2.11299992e+00 2.07699990e+00 2.05800009e+00 2.05800009e+00
    2.02900004e+00 1.99699998e+00 1.97800004e+00 1.97000003e+00
    1.97000003e+00 1.95599997e+00 1.94400001e+00 1.94400001e+00
    1.93299997e+00 1.91499996e+00 1.89999998e+00 1.88999999e+00
    1.88999999e+00 1.86699998e+00 1.83599997e+00 1.83599997e+00
    1.83599997e+00 0. 0. 0. 0. 0. 0. 0. 0. 0. 0. 0. 0. 1.99600005e+00
    2.04600000e+00 2.11700010e+00 2.11700010e+00 2.11599994e+00
    2.11400008e+00 2.11299992e+00 2.10899997e+00 2.07599998e+00
    2.05800009e+00 2.05800009e+00 2.02900004e+00 2. 2. 2. 2.
    1.97099996e+00 1.94799995e+00 1.94799995e+00 1.94599998e+00
    1.94400001e+00 1.91400003e+00 1.89300001e+00 1.89100003e+00
    1.86699998e+00 1.83599997e+00 1.83599997e+00 1.83599997e+00 0. 0. 0.
    0. 0. 0. 0. 0. 0. 0. 0. 0. 0. 1.39600003e+00 2.11700010e+00
    2.11700010e+00 2.10700011e+00 2.08299994e+00 2.07699990e+00
    2.07599998e+00 2.06399989e+00 2.05800009e+00 2.05800009e+00
    2.02900004e+00 2. 2. 2. 2. 1.99000001e+00 1.98199999e+00
    1.98199999e+00 1.96800005e+00 1.94500005e+00 1.93400002e+00
    1.91900003e+00 1.89699996e+00 1.86699998e+00 1.83599997e+00
    1.83599997e+00 1.83599997e+00 0. 0. 0. 0. 0. 0. 0. 0. 0. 0. 0. 0. 0.
    1.04900002e+00 2.11700010e+00 2.11700010e+00 2.10299993e+00
    2.06699991e+00 2.05800009e+00 2.05800009e+00 2.05800009e+00
    2.05800009e+00 2.05800009e+00 2.03699994e+00 2.01500010e+00
    2.00500011e+00 2. 2. 2. 2. 2. 1.97899997e+00 1.94500005e+00
    1.94400001e+00 1.93299997e+00 1.89999998e+00 1.86699998e+00
    1.83599997e+00 1.83599997e+00 1.83599997e+00 0. 0. 0. 0. 0. 0. 0. 0.
    0. 0. 0. 0. 0. 1.04900002e+00 2.11700010e+00 2.11700010e+00
    2.10299993e+00 2.06699991e+00 2.05800009e+00 2.05800009e+00
    2.05800009e+00 2.05800009e+00 2.05800009e+00 2.05500007e+00
    2.04600000e+00 2.01500010e+00 2. 2. 2. 2. 2. 1.97899997e+00
    1.94500005e+00 1.94400001e+00 1.93299997e+00 1.89999998e+00
    1.86699998e+00 1.83599997e+00 1.83599997e+00 1.83599997e+00 0. 0. 0.
    0. 0. 0. 0. 0. 0. 0. 0. 0. 0. 1.05499995e+00 2.14599991e+00
    2.12800002e+00 2.10999990e+00 2.09200001e+00 2.08800006e+00
    2.08800006e+00 2.08800006e+00 2.08800006e+00 2.08800006e+00
    2.08800006e+00 2.08100009e+00 2.04600000e+00 2.02900004e+00
    2.02900004e+00 2.02900004e+00 2.02900004e+00 2.02900004e+00
    2.00799990e+00 1.97300005e+00 1.95599997e+00 1.93299997e+00
    1.89999998e+00 1.87899995e+00 1.80799997e+00 0. 0. 0. 0. 0. 0. 0. 0.
    0. 0. 0. 0. 0. 0. 0. 1.06099999e+00 2.17600012e+00 2.13899994e+00
    2.11700010e+00 2.11700010e+00 2.11700010e+00 2.11700010e+00
    2.11700010e+00 2.11700010e+00 2.11700010e+00 2.11700010e+00
    2.10999990e+00 2.07500005e+00 2.05800009e+00 2.05800009e+00
    2.05800009e+00 2.05800009e+00 2.05800009e+00 2.03600001e+00
    2.00099993e+00 1.97099996e+00 1.93799996e+00 1.90199995e+00
    1.88999999e+00 1.77900004e+00 0. 0. 0. 0. 0. 0. 0. 0. 0. 0. 0. 0. 0.
    0. 0. 1.06099999e+00 2.17600012e+00 2.13899994e+00 2.11700010e+00
    2.11700010e+00 2.11700010e+00 2.11700010e+00 2.11700010e+00
    2.11700010e+00 2.11700010e+00 2.11700010e+00 2.10999990e+00
    2.07500005e+00 2.05800009e+00 2.05800009e+00 2.05800009e+00
    2.05800009e+00 2.05800009e+00 2.03600001e+00 2.00099993e+00
    1.99100006e+00 1.96599996e+00 1.90799999e+00 1.88999999e+00
