<?xml version="1.0"?>
<opencv_storage>
<Depth type_id="opencv-matrix">
  <rows>40</rows>
  <cols>40</cols>
  <dt>f</dt>
  <data>
    0. 0. 0. 0. 0. 0. 0. 0. 0. 0. 2.22000003e+00 2.16100001e+00
    2.02200007e+00 0. 0. 0. 0. 0. 0. 0. 0. 0. 0. 0. 0. 0. 0. 0. 0. 0. 0.
    0. 0. 0. 0. 0. 0. 0. 0. 0. 0. 0. 0. 0. 0. 0. 0. 2.77900004e+00
    2.21000004e+00 2.20900011e+00 2.19099998e+00 2.05999994e+00
    2.02099991e+00 2.02099991e+00 2.01399994e+00 0. 0. 0. 0. 0. 0. 0. 0.
    0. 0. 0. 0. 0. 0. 0. 0. 0. 0. 0. 0. 0. 0. 0. 0. 0. 0. 0. 0. 0. 0. 0.
    0. 2.27200007e+00 2.19600010e+00 2.10100007e+00 2.05999994e+00
    2.02099991e+00 2.00900006e+00 2.00900006e+00 2.00799990e+00
    2.00699997e+00 0. 0. 0. 0. 0. 0. 0. 0. 0. 0. 0. 0. 0. 0. 0. 0. 0. 0.
    0. 0. 0. 0. 0. 0. 0. 0. 0. 0. 0. 0. 1.45000005e+00 2.08299994e+00
    2.07200003e+00 2.04600000e+00 2.01600003e+00 2.00799990e+00
    2.00500011e+00 2.00300002e+00 2.00300002e+00 2.00300002e+00
    2.00300002e+00 0. 0. 0. 0. 0. 0. 0. 0. 0. 0. 0. 0. 0. 0. 0. 0. 0. 0.
    0. 0. 0. 0. 0. 0. 0. 0. 0. 0. 2.02099991e+00 2.02399993e+00
    2.02200007e+00 2.01399994e+00 2.00900006e+00 2.00399995e+00 2. 2. 2.
    2. 2. 2. 2.54099989e+00 0. 0. 0. 0. 0. 0. 0. 0. 0. 0. 0. 0. 0. 0. 0.
    0. 0. 0. 0. 0. 0. 0. 0. 0. 0. 0. 0. 2.00699997e+00 2.00600004e+00 2.
    2. 2. 2. 2. 2. 2. 2. 2. 2. 2. 0. 0. 0. 0. 0. 0. 0. 0. 0. 0. 0. 0. 0.
    0. 0. 0. 0. 0. 0. 0. 0. 0. 0. 0. 0. 0. 0. 2.00099993e+00
    2.00099993e+00 1.99500000e+00 1.99800003e+00 2. 1.99399996e+00
    1.99899995e+00 2. 2. 2. 2. 2. 2. 0. 0. 0. 0. 0. 0. 0. 0. 0. 0. 0. 0.
    0. 0. 0. 0. 0. 0. 0. 0. 0. 0. 0. 0. 0. 0. 0. 2. 1.99300003e+00
    1.99300003e+00 1.99500000e+00 1.99600005e+00 1.99300003e+00
    1.99600005e+00 2. 2. 2. 2. 1.99300003e+00 1.99300003e+00
    1.99300003e+00 0. 0. 0. 0. 0. 0. 0. 0. 0. 0. 0. 0. 0. 0. 0. 0. 0. 0.
    0. 0. 0. 0. 0. 0. 0. 0. 1.02699995e+00 1.99300003e+00 1.99300003e+00
    1.99300003e+00 1.99300003e+00 1.99300003e+00 1.99300003e+00 2. 2. 2.
    1.99899995e+00 1.99300003e+00 1.99300003e+00 2.00699997e+00 0. 0. 0.
    0. 0. 0. 0. 0. 0. 0. 0. 0. 0. 0. 0. 0. 0. 0. 0. 0. 0. 0. 0. 0. 0. 0.
    1.97399998e+00 1.99300003e+00 1.99300003e+00 1.99300003e+00
    1.99300003e+00 1.99300003e+00 1.99300003e+00 1.99300003e+00 2. 2.
    1.99500000e+00 1.99300003e+00 2. 2.00699997e+00 2.01399994e+00 0. 0.
    0. 0. 0. 0. 0. 0. 0. 0. 0. 0. 0. 0. 0. 0. 0. 0. 0. 0. 0. 0. 0. 0. 0.
    0. 1.99800003e+00 1.99300003e+00 1.99300003e+00 1.99300003e+00
    1.99300003e+00 1.99300003e+00 1.99300003e+00 1.99300003e+00 2. 2. 2.
    2. 2.00200009e+00 2.00200009e+00 0. 0. 0. 0. 0. 0. 0. 0. 0. 0. 0. 0.
    0. 0. 0. 0. 0. 0. 0. 0. 0. 0. 0. 0. 0. 0. 1.32200003e+00
    1.99300003e+00 1.99300003e+00 1.99300003e+00 1.99300003e+00
    1.99300003e+00 1.99300003e+00 1.99300003e+00 1.99300003e+00
    1.99300003e+00 1.99500000e+00 1.99699998e+00 2. 2. 2. 0. 0. 0. 0. 0.
    0. 0. 0. 0. 0. 0. 0. 0. 0. 0. 0. 0. 0. 0. 0. 0. 0. 0. 0. 0.
    1.69200003e+00 1.93900001e+00 1.99300003e+00 1.99300003e+00
    1.99300003e+00 1.99300003e+00 1.99300003e+00 1.99300003e+00
    1.99300003e+00 1.99300003e+00 1.99300003e+00 1.99300003e+00 2. 2. 2.
    2.62199998e+00 0. 0. 0. 0. 0. 0. 0. 0. 0. 0. 0. 0. 0. 0. 0. 0. 0. 0.
    0. 0. 0. 0. 0. 0. 0. 0. 1.98599994e+00 1.99300003e+00 1.99300003e+00
    1.99300003e+00 1.99300003e+00 1.99300003e+00 1.99300003e+00
    1.99300003e+00 1.99300003e+00 1.99300003e+00 2. 2. 2. 2.63199997e+00
    0. 0. 0. 0. 0. 0. 0. 0. 0. 0. 0. 0. 0. 0. 0. 0. 0. 0. 0. 0. 0. 0. 0.
    0. 0. 0. 1.99600005e+00 1.99300003e+00 1.99300003e+00 1.99300003e+00
    1.99300003e+00 1.99300003e+00 1.99300003e+00 1.99300003e+00
    1.99300003e+00 1.99300003e+00 2. 2. 2. 2. 2.95600009e+00 0. 0. 0. 0.
    0. 0. 0. 0. 0. 0. 0. 0. 0. 0. 0. 0. 0. 0. 0. 0. 0. 0. 0. 0. 0.
    1.35300004e+00 1.53299999e+00 1.99300003e+00 1.99300003e+00
    1.99300003e+00 1.99300003e+00 1.99300003e+00 1.99300003e+00
    1.99300003e+00 1.99300003e+00 2. 2. 2.00699997e+00 2.00300002e+00
    2.00699997e+00 0. 0. 0. 0. 0. 0. 0. 0. 0. 0. 0. 0. 0. 0. 0. 0. 0. 0.
    0. 0. 0. 0. 0. 0. 0. 2.76699996e+00 1.98399997e+00 1.98399997e+00
    1.99199998e+00 1.98599994e+00 1.99300003e+00 1.99300003e+00
    1.99300003e+00 1.99300003e+00 1.99300003e+00 2. 2. 2.00300002e+00
    2.00699997e+00 2.00600004e+00 1.17200005e+00 2.42199993e+00 0. 0. 0.
    0. 0. 0. 0. 0. 0. 0. 0. 0. 0. 0. 0. 0. 0. 0. 0. 0. 0. 0. 0.
    2.76699996e+00 1.97300005e+00 1.97399998e+00 1.98599994e+00
    1.98599994e+00 1.98800004e+00 1.99300003e+00 1.99300003e+00
    1.99300003e+00 1.99300003e+00 2. 2. 2. 2. 2. 2. 0. 0. 0. 0. 0. 0. 0.
    0. 0. 0. 0. 0. 0. 0. 0. 0. 0. 0. 0. 0. 0. 0. 0. 0. 0. 0.
    1.97800004e+00 1.98500001e+00 1.98599994e+00 1.98800004e+00
    1.99300003e+00 1.99300003e+00 1.99300003e+00 1.99300003e+00 2. 2. 2.
    2.00099993e+00 2. 2. 2.47600007e+00 0. 0. 0. 0. 0. 0. 0. 0. 0. 0. 0.
    0. 0. 0. 0. 0. 0. 0. 0. 0. 0. 0. 0. 0. 0. 1.98899996e+00
    1.98699999e+00 1.98599994e+00 1.99300003e+00 1.99300003e+00
    1.99300003e+00 1.99300003e+00 1.99300003e+00 2. 2. 2. 2. 2. 2.
    1.99699998e+00 0. 0. 0. 0. 0. 0. 0. 0. 0. 0. 0. 0. 0. 0. 0. 0. 0. 0.
    0. 0. 0. 0. 0. 0. 2.50399995e+00 2.49799991e+00 1.98599994e+00
    1.98599994e+00 1.99300003e+00 1.99300003e+00 1.99300003e+00
    1.99300003e+00 1.99300003e+00 1.99899995e+00 2. 2. 2. 2. 2.
    1.99399996e+00 2.46000004e+00 0. 0. 0. 0. 0. 0. 0. 0. 0. 0. 0. 0. 0.
    0. 0. 0. 0. 0. 0. 0. 0. 0. 0. 0. 0. 2.69199991e+00 1.98599994e+00
    1.99300003e+00 1.99300003e+00 1.99300003e+00 1.99300003e+00
    1.99300003e+00 1.99300003e+00 1.99800003e+00 2. 2. 2. 2. 2.
    2.46600008e+00 0. 0. 0. 0. 0. 0. 0. 0. 0. 0. 0. 0. 0. 0. 0. 0. 0. 0.
    0. 0. 0. 0. 0. 0. 0. 0. 1.55400002e+00 1.98599994e+00 1.98899996e+00
    1.99300003e+00 1.99300003e+00 1.98599994e+00 1.99300003e+00
    1.99800003e+00 2. 2. 2. 2. 1.99800003e+00 1.99500000e+00 0. 0. 0. 0.
    0. 0. 0. 0. 0. 0. 0. 0. 0. 0. 0. 0. 0. 0. 0. 0. 0. 0. 0. 0. 0. 0.
    2.12800002e+00 1.98399997e+00 1.98000002e+00 1.99100006e+00
    1.99300003e+00 1.98599994e+00 1.99300003e+00 1.99300003e+00
    1.99300003e+00 1.99399996e+00 2. 2. 1.99800003e+00 1.99600005e+00
    1.53400004e+00 0. 0. 0. 0. 0. 0. 0. 0. 0. 0. 0. 0. 0. 0. 0. 0. 0. 0.
    0. 0. 0. 0. 0. 0. 0. 1.66499996e+00 1.98399997e+00 1.98099995e+00
    1.98599994e+00 1.98899996e+00 1.99199998e+00 1.99300003e+00
    1.99300003e+00 1.99199998e+00 1.99399996e+00 2. 2. 2. 1.99899995e+00
    1.99800003e+00 0. 1.93200004e+00 1.05599999e+00 0. 0. 0. 0. 0. 0. 0.
    0. 0. 0. 0. 0. 0. 0. 0. 0. 0. 0. 0. 0. 0. 0. 0. 1.99199998e+00
    1.99199998e+00 1.98599994e+00 1.98699999e+00 1.98599994e+00
    1.99300003e+00 1.98800004e+00 1.98599994e+00 1.99300003e+00 2. 2.
    1.99699998e+00 1.99000001e+00 1.97300005e+00 2.96300006e+00 0. 0. 0.
    0. 0. 0. 0. 0. 0. 0. 0. 0. 0. 0. 0. 0. 0. 0. 0. 0. 0. 0. 0. 0. 0.
    1.98899996e+00 1.98599994e+00 1.98599994e+00 1.98599994e+00
    1.99300003e+00 1.99300003e+00 1.99300003e+00 1.98599994e+00
    1.98599994e+00 1.98899996e+00 1.99399996e+00 1.99600005e+00 2. 2. 0.
    0. 0. 0. 0. 0. 0. 0. 0. 0. 0. 0. 0. 0. 0. 0. 0. 0. 0. 0. 0. 0. 0. 0.
    0. 0. 0. 1.98599994e+00 1.98599994e+00 1.98599994e+00 1.98699999e+00
    1.99100006e+00 1.99100006e+00 1.98599994e+00 1.98599994e+00
    1.98599994e+00 1.99100006e+00 1.99300003e+00 1.99399996e+00 2.
    1.99300003e+00 0. 2.68799996e+00 0. 0. 0. 0. 0. 0. 0. 0. 0. 0. 0. 0.
    0. 0. 0. 0. 0. 0. 0. 0. 0. 0. 0. 0. 2.07599998e+00 1.98000002e+00
    1.98300004e+00 1.98099995e+00 1.98599994e+00 1.98599994e+00
    1.98599994e+00 1.98599994e+00 1.98599994e+00 1.98599994e+00
    1.98899996e+00 1.99300003e+00 1.99899995e+00 2. 2. 2.58599997e+00
    2.57500005e+00 0. 0. 0. 0. 0. 0. 0. 0. 0. 0. 0. 0. 0. 0. 0. 0. 0. 0.
    0. 0. 0. 0. 0. 0. 1.98000002e+00 1.98000002e+00 1.98099995e+00
    1.98599994e+00 1.98800004e+00 1.98599994e+00 1.98599994e+00
    1.98599994e+00 1.98599994e+00 1.98599994e+00 1.99300003e+00
    1.99300003e+00 1.99300003e+00 1.99500000e+00 2.57599998e+00
