<?xml version="1.0"?>
<opencv_storage>
<Depth type_id="opencv-matrix">
  <rows>40</rows>
  <cols>40</cols>
  <dt>f</dt>
  <data>
    0. 0. 0. 0. 0. 0. 0. 0. 0. 0. 0. 0. 0. 0. 0. 0. 0. 0. 0. 0. 0. 0. 0.
    0. 0. 0. 0. 0. 0. 0. 0. 0. 0. 0. 0. 0. 0. 0. 0. 0. 0. 0. 0. 0. 0. 0.
    0. 0. 0. 0. 0. 0. 0. 0. 0. 0. 0. 0. 0. 0. 0. 0. 0. 0. 0. 0. 0. 0. 0.
    0. 0. 0. 0. 0. 0. 0. 0. 0. 0. 0. 0. 0. 0. 0. 0. 0. 0. 0. 0. 0. 0. 0.
    0. 0. 0. 0. 0. 0. 0. 0. 0. 0. 0. 0. 0. 0. 0. 0. 0. 0. 0. 0. 0. 0. 0.
    0. 0. 0. 0. 0. 0. 0. 0. 0. 0. 0. 0. 0. 0. 0. 0. 0. 0. 0. 0. 0. 0. 0.
    0. 0. 0. 0. 0. 0. 0. 0. 0. 0. 0. 0. 0. 0. 0. 0. 0. 0. 0. 0. 0. 0. 0.
    0. 0. 0. 0. 0. 0. 0. 0. 0. 0. 0. 0. 0. 0. 0. 0. 0. 0. 0. 0. 0. 0. 0.
    0. 0. 0. 0. 0. 0. 0. 0. 0. 0. 0. 0. 0. 0. 0. 0. 0. 0. 0. 0. 0. 0. 0.
    0. 0. 0. 0. 0. 0. 0. 0. 0. 0. 0. 0. 0. 0. 0. 0. 0. 0. 0. 0. 0. 0. 0.
    0. 0. 0. 0. 0. 0. 0. 0. 0. 0. 0. 0. 0. 0. 0. 0. 0. 0. 0. 0. 0. 0. 0.
    0. 0. 0. 0. 0. 0. 0. 0. 0. 0. 0. 0. 0. 0. 0. 0. 0. 0. 0. 0. 0. 0. 0.
    0. 0. 0. 0. 0. 0. 0. 0. 0. 0. 0. 0. 0. 0. 0. 0. 0. 0. 0. 0. 0. 0. 0.
    0. 0. 0. 0. 0. 0. 0. 0. 0. 0. 0. 0. 0. 0. 0. 0. 0. 0. 0. 0. 0. 0. 0.
    0. 0. 0. 0. 0. 0. 0. 0. 0. 0. 0. 0. 0. 0. 0. 0. 0. 0. 0. 0. 0. 0. 0.
    0. 0. 0. 0. 0. 0. 0. 0. 0. 0. 0. 0. 0. 0. 0. 0. 0. 0. 0. 0. 0. 0. 0.
    0. 0. 0. 0. 0. 0. 0. 0. 0. 0. 0. 0. 0. 0. 0. 0. 0. 0. 0. 0. 0. 0. 0.
    0. 0. 0. 0. 0. 0. 0. 0. 0. 0. 0. 0. 0. 0. 0. 0. 0. 0. 0. 0. 0. 0. 0.
    0. 0. 0. 0. 0. 0. 0. 0. 0. 0. 0. 0. 0. 0. 0. 0. 0. 0. 0. 0. 0. 0. 0.
    0. 0. 0. 0. 0. 0. 0. 0. 0. 0. 0. 0. 0. 0. 0. 0. 0. 0. 0. 0. 0. 0. 0.
    0. 0. 0. 0. 0. 0. 0. 0. 0. 0. 0. 0. 0. 0. 0. 0. 0. 0. 0. 0. 0. 0. 0.
    0. 0. 0. 0. 2.07500005e+00 2.12500000e+00 2.15300012e+00
    2.15300012e+00 2.15300012e+00 2.12700009e+00 2.09699988e+00
    2.07500005e+00 2.07500005e+00 2.04800010e+00 2.03699994e+00
    2.03699994e+00 2.03699994e+00 2.03699994e+00 2.03699994e+00
    2.03699994e+00 2.03699994e+00 2.03699994e+00 2.03699994e+00
    2.02699995e+00 2. 2. 2. 2. 1.76199996e+00 0. 0. 0. 0. 0. 0. 0. 0. 0.
    0. 0. 0. 0. 0. 0. 2.05100012e+00 2.09999990e+00 2.12800002e+00
    2.12800002e+00 2.12800002e+00 2.11899996e+00 2.10800004e+00
    2.09500003e+00 2.07599998e+00 2.04800010e+00 2.03699994e+00
    2.03699994e+00 2.03699994e+00 2.03699994e+00 2.03699994e+00
    2.03699994e+00 2.03699994e+00 2.03699994e+00 2.03699994e+00
    2.02699995e+00 2. 2. 2. 2. 1.76199996e+00 0. 0. 0. 0. 0. 0. 0. 0. 0.
    0. 0. 0. 0. 0. 0. 2.03699994e+00 2.07599998e+00 2.09899998e+00
    2.09899998e+00 2.09899998e+00 2.09899998e+00 2.10500002e+00
    2.10999990e+00 2.09200001e+00 2.06399989e+00 2.04500008e+00
    2.03699994e+00 2.03699994e+00 2.03699994e+00 2.03699994e+00
    2.03699994e+00 2.03699994e+00 2.03699994e+00 2.03699994e+00
    2.03099990e+00 2.01500010e+00 2.01500010e+00 2.00699997e+00 2.
    1.76199996e+00 0. 0. 0. 0. 0. 0. 0. 0. 0. 0. 0. 0. 0. 0. 0.
    2.03099990e+00 2.05900002e+00 2.07500005e+00 2.07500005e+00
    2.07500005e+00 2.07500005e+00 2.09200001e+00 2.11400008e+00
    2.11400008e+00 2.08699989e+00 2.05800009e+00 2.03699994e+00
    2.03699994e+00 2.03699994e+00 2.03699994e+00 2.03699994e+00
    2.03699994e+00 2.03699994e+00 2.03699994e+00 2.03699994e+00
    2.03699994e+00 2.03699994e+00 2.01699996e+00 2. 1.76199996e+00 0. 0.
    0. 0. 0. 0. 0. 0. 0. 0. 0. 0. 0. 0. 0. 2.00300002e+00 2.04900002e+00
    2.07500005e+00 2.07500005e+00 2.07500005e+00 2.07500005e+00
    2.09200001e+00 2.11400008e+00 2.11400008e+00 2.08699989e+00
    2.05800009e+00 2.03699994e+00 2.03699994e+00 2.03699994e+00
    2.03699994e+00 2.03699994e+00 2.03699994e+00 2.03699994e+00
    2.03699994e+00 2.03699994e+00 2.03699994e+00 2.03699994e+00
    2.01699996e+00 2. 1.76199996e+00 0. 0. 0. 0. 0. 0. 0. 0. 0. 0. 0. 0.
    0. 0. 0. 2. 2.04800010e+00 2.07500005e+00 2.07500005e+00
    2.07500005e+00 2.09200001e+00 2.10700011e+00 2.11400008e+00
    2.11400008e+00 2.08699989e+00 2.05800009e+00 2.03699994e+00
    2.03699994e+00 2.01900005e+00 2.01200008e+00 2.01799989e+00
    2.03699994e+00 2.03699994e+00 2.03699994e+00 2.03699994e+00
    2.03600001e+00 2.01699996e+00 2.00600004e+00 2. 1.76199996e+00 0. 0.
    0. 0. 0. 0. 0. 0. 0. 0. 0. 0. 0. 0. 0. 2.04900002e+00 2.07599998e+00
    2.09200001e+00 2.09400010e+00 2.10700011e+00 2.12299991e+00
    2.13100004e+00 2.13100004e+00 2.13100004e+00 2.09200001e+00
    2.05800009e+00 2.03699994e+00 2.03699994e+00 2.00999999e+00 2.
    2.00900006e+00 2.03699994e+00 2.03699994e+00 2.03699994e+00
    2.03699994e+00 2.03600001e+00 2.00799990e+00 2. 2.00500011e+00
    1.87899995e+00 0. 0. 0. 0. 0. 0. 0. 0. 0. 0. 0. 0. 0. 0. 0.
    2.12100005e+00 2.12100005e+00 2.12100005e+00 2.12599993e+00
    2.15000010e+00 2.15300012e+00 2.15300012e+00 2.15300012e+00
    2.15300012e+00 2.10800004e+00 2.07200003e+00 2.05100012e+00
    2.05100012e+00 2.02900004e+00 2.01699996e+00 2.02099991e+00
    2.04399991e+00 2.04399991e+00 2.03999996e+00 2.03699994e+00
    2.03600001e+00 2.00799990e+00 2. 2.01099992e+00 2.03699994e+00
    2.03699994e+00 0. 0. 0. 0. 0. 0. 0. 0. 0. 0. 0. 0. 0. 0.
    2.15100002e+00 2.15100002e+00 2.15100002e+00 2.15100002e+00
    2.15300012e+00 2.15300012e+00 2.15300012e+00 2.15300012e+00
    2.15300012e+00 2.15000010e+00 2.13100004e+00 2.10999990e+00
    2.10999990e+00 2.10800004e+00 2.08899999e+00 2.07100010e+00
    2.07299995e+00 2.07299995e+00 2.05399990e+00 2.03699994e+00
    2.03600001e+00 2.00799990e+00 2. 2.01099992e+00 2.03699994e+00
    2.03699994e+00 0. 0. 0. 0. 0. 0. 0. 0. 0. 0. 0. 0. 0. 0.
    2.18099999e+00 2.16300011e+00 2.15300012e+00 2.15300012e+00
    2.15300012e+00 2.17199993e+00 2.18099999e+00 2.18099999e+00
    2.18099999e+00 2.16100001e+00 2.14800000e+00 2.14100003e+00
    2.14100003e+00 2.12100005e+00 2.10800004e+00 2.10200000e+00
    2.10200000e+00 2.08100009e+00 2.05500007e+00 2.03699994e+00
    2.03699994e+00 2.02800012e+00 2.02600002e+00 2.02900004e+00
    2.03699994e+00 2.03699994e+00 0. 0. 0. 0. 0. 0. 0. 0. 0. 0. 0. 0. 0.
    0. 2.23099995e+00 2.19300008e+00 2.17100000e+00 2.17100000e+00
    2.17100000e+00 2.18600011e+00 2.19300008e+00 2.19300008e+00
    2.19300008e+00 2.17799997e+00 2.17100000e+00 2.17100000e+00
    2.17100000e+00 2.15599990e+00 2.14100003e+00 2.13199997e+00
    2.13199997e+00 2.10200000e+00 2.07299995e+00 2.05399990e+00
    2.05399990e+00 2.04099989e+00 2.03699994e+00 2.03699994e+00
    2.03699994e+00 2.03699994e+00 0. 0. 0. 0. 0. 0. 0. 0. 0. 0. 0. 0. 0.
    0. 2.27699995e+00 2.23499990e+00 2.21099997e+00 2.21099997e+00
    2.21099997e+00 2.20499992e+00 2.19799995e+00 2.19300008e+00
    2.19300008e+00 2.19300008e+00 2.19300008e+00 2.19499993e+00
    2.20199990e+00 2.20199990e+00 2.18199992e+00 2.16199994e+00
    2.16100001e+00 2.13199997e+00 2.10200000e+00 2.08100009e+00
    2.07399988e+00 2.05100012e+00 2.04500008e+00 2.04500008e+00
    2.04500008e+00 2.04500008e+00 0. 0. 0. 0. 0. 0. 0. 0. 0. 0. 0. 0. 0.
    0. 2.27699995e+00 2.27600002e+00 2.27500010e+00 2.27500010e+00
    2.27500010e+00 2.24699998e+00 2.21600008e+00 2.19300008e+00
    2.19300008e+00 2.19300008e+00 2.19300008e+00 2.20199990e+00
    2.23300004e+00 2.23399997e+00 2.21300006e+00 2.19199991e+00
    2.19199991e+00 2.16100001e+00 2.13199997e+00 2.10200000e+00
    2.07500005e+00 2.07399988e+00 2.07399988e+00 2.07399988e+00
    2.07399988e+00 2.07399988e+00 0. 0. 0. 0. 0. 0. 0. 0. 0. 0. 0. 0. 0.
    0. 0. 2.73300004e+00 2.30800009e+00 2.30399990e+00 2.27999997e+00
    2.24900007e+00 2.21700001e+00 2.19300008e+00 2.19300008e+00
    2.19300008e+00 2.19300008e+00 2.20900011e+00 2.26399994e+00
    2.26600003e+00 2.25999999e+00 2.23900008e+00 2.19300008e+00
    2.16300011e+00 2.13299990e+00 2.10299993e+00 2.07500005e+00
    2.07500005e+00 2.09100008e+00 2.10400009e+00 2.10400009e+00
    2.10400009e+00 0. 0. 0. 0. 0. 0. 0. 0. 0. 0. 0. 0. 0. 0. 0.
    2.90199995e+00 2.31999993e+00 2.31299996e+00 2.28099990e+00
    2.24900007e+00 2.21700001e+00 2.19300008e+00 2.19300008e+00
    2.19300008e+00 2.19300008e+00 2.21099997e+00 2.27500010e+00
