<?xml version="1.0"?>
<opencv_storage>
<Depth type_id="opencv-matrix">
  <rows>40</rows>
  <cols>40</cols>
  <dt>f</dt>
  <data>
    0. 0. 0. 0. 0. 0. 0. 0. 0. 0. 0. 0. 0. 0. 0. 0. 0. 0. 0. 0. 0. 0. 0.
    0. 0. 0. 0. 0. 0. 0. 0. 0. 0. 0. 0. 0. 0. 0. 0. 0. 0. 0. 0. 0. 0. 0.
    0. 0. 0. 0. 0. 0. 0. 0. 0. 0. 0. 0. 0. 0. 0. 0. 0. 0. 0. 0. 0. 0. 0.
    0. 0. 0. 0. 0. 0. 0. 0. 0. 0. 0. 0. 0. 0. 0. 0. 0. 0. 0. 0. 0. 0. 0.
    0. 0. 0. 0. 0. 0. 0. 0. 0. 0. 0. 0. 0. 0. 0. 0. 0. 0. 0. 0. 0. 0. 0.
    0. 0. 0. 0. 0. 0. 0. 0. 0. 0. 0. 0. 0. 0. 0. 0. 0. 0. 0. 0. 0. 0. 0.
    0. 0. 0. 0. 0. 0. 0. 0. 0. 0. 0. 0. 0. 0. 0. 0. 0. 0. 0. 0. 0. 0. 0.
    0. 0. 0. 0. 0. 0. 0. 0. 0. 0. 0. 0. 0. 0. 0. 0. 0. 0. 0. 0. 0. 0. 0.
    0. 0. 0. 0. 0. 0. 0. 0. 0. 0. 0. 0. 0. 0. 0. 0. 0. 0. 0. 0. 0. 0. 0.
    0. 0. 0. 0. 0. 0. 0. 0. 0. 0. 0. 0. 0. 0. 0. 0. 0. 0. 0. 0. 0. 0. 0.
    0. 0. 0. 0. 0. 0. 0. 0. 0. 0. 0. 0. 0. 0. 0. 0. 0. 0. 0. 0. 0. 0. 0.
    0. 0. 0. 0. 0. 0. 0. 0. 0. 0. 0. 0. 0. 0. 0. 0. 0. 0. 0. 0. 0. 0. 0.
    0. 0. 0. 0. 0. 0. 0. 0. 0. 0. 0. 0. 0. 0. 0. 0. 0. 0. 0. 0. 0. 0. 0.
    0. 0. 0. 0. 0. 0. 0. 0. 0. 0. 0. 0. 0. 0. 0. 0. 0. 0. 0. 0. 0. 0. 0.
    0. 0. 0. 0. 0. 0. 0. 0. 0. 0. 0. 0. 0. 0. 0. 0. 0. 0. 0. 0. 0. 0. 0.
    0. 0. 0. 0. 0. 0. 0. 0. 0. 0. 0. 0. 0. 0. 0. 0. 0. 0. 0. 0. 0. 0. 0.
    0. 0. 0. 0. 0. 0. 0. 0. 0. 0. 0. 0. 0. 0. 0. 0. 0. 0. 0. 0. 0. 0. 0.
    0. 0. 0. 0. 0. 0. 0. 0. 0. 0. 0. 0. 0. 0. 0. 0. 0. 0. 0. 0. 0. 0. 0.
    0. 0. 0. 0. 0. 0. 0. 0. 0. 0. 0. 0. 0. 0. 0. 0. 0. 0. 0. 0. 0. 0. 0.
    0. 0. 0. 0. 0. 0. 0. 0. 0. 0. 0. 0. 0. 0. 0. 0. 0. 0. 0. 0. 0. 0. 0.
    0. 0. 0. 0. 0. 0. 0. 0. 0. 0. 0. 0. 0. 0. 0. 0. 0. 0. 0. 0.
    2.19400001e+00 2.15599990e+00 2.12599993e+00 2.12599993e+00
    2.63400006e+00 0. 0. 0. 0. 0. 0. 0. 2.02099991e+00 1.93200004e+00
    1.88100004e+00 1.88100004e+00 1.88100004e+00 1.88100004e+00
    1.85200000e+00 1.82299995e+00 1.82299995e+00 2.26799989e+00 0. 0. 0.
    0. 0. 2.18499994e+00 1.76699996e+00 1.76699996e+00 1.73899996e+00
    1.71300006e+00 1.71300006e+00 2.17100000e+00 0. 2.52099991e+00
    1.50699997e+00 1.50699997e+00 1.82700002e+00 2.73399997e+00
    2.19400001e+00 2.15599990e+00 2.12599993e+00 2.12599993e+00
    2.44199991e+00 0. 0. 0. 0. 0. 0. 2.62400007e+00 2.01300001e+00
    1.94500005e+00 1.90300000e+00 1.90300000e+00 1.88900006e+00
    1.86300004e+00 1.84099996e+00 1.82299995e+00 1.82299995e+00
    2.09400010e+00 2.71600008e+00 2.88499999e+00 2.88499999e+00
    2.88499999e+00 2.68099999e+00 2.02699995e+00 1.76699996e+00
    1.76699996e+00 1.73899996e+00 1.71300006e+00 1.71300006e+00
    1.97599995e+00 2.52699995e+00 2.13800001e+00 1.50600004e+00
    1.48500001e+00 1.66999996e+00 2.23499990e+00 2.19400001e+00
    2.15599990e+00 2.12599993e+00 2.12599993e+00 2.14499998e+00
    2.18000007e+00 2.24799991e+00 2.31200004e+00 2.27099991e+00
    2.20400000e+00 2.09500003e+00 2.03699994e+00 2.00099993e+00
    1.96399999e+00 1.93799996e+00 1.93799996e+00 1.90100002e+00
    1.83500004e+00 1.82400000e+00 1.82299995e+00 1.82299995e+00
    1.82599998e+00 1.83099997e+00 1.83299994e+00 1.83299994e+00
    1.83299994e+00 1.82099998e+00 1.78199995e+00 1.76699996e+00
    1.76699996e+00 1.73899996e+00 1.71300006e+00 1.71300006e+00
    1.67400002e+00 1.59300005e+00 1.54400003e+00 1.50399995e+00
    1.45000005e+00 1.42700005e+00 1.46000004e+00 2.23000002e+00
    2.17300010e+00 2.12599993e+00 2.12599993e+00 2.14800000e+00
    2.19099998e+00 2.22799993e+00 2.25600004e+00 2.21600008e+00
    2.17199993e+00 2.12100005e+00 2.07699990e+00 2.03500009e+00
    1.99899995e+00 1.96800005e+00 1.94799995e+00 1.90199995e+00
    1.83299994e+00 1.82299995e+00 1.82000005e+00 1.80200005e+00
    1.78600001e+00 1.77100003e+00 1.76699996e+00 1.76699996e+00
    1.74899995e+00 1.73699999e+00 1.73699999e+00 1.74800003e+00
    1.76499999e+00 1.73899996e+00 1.71000004e+00 1.69200003e+00
    1.63399994e+00 1.53100002e+00 1.50699997e+00 1.50399995e+00
    1.44799995e+00 1.41199994e+00 1.41199994e+00 2.25999999e+00
    2.19099998e+00 2.13499999e+00 2.13499999e+00 2.17000008e+00
    2.23799992e+00 2.25099993e+00 2.24799991e+00 2.21900010e+00
    2.19899988e+00 2.19400001e+00 2.14000010e+00 2.06500006e+00
    2.03200006e+00 2. 1.97000003e+00 1.91499996e+00 1.84200001e+00
    1.82700002e+00 1.81799996e+00 1.78499997e+00 1.76699996e+00
    1.76699996e+00 1.76699996e+00 1.76600003e+00 1.73500001e+00
    1.71300006e+00 1.71300006e+00 1.72700000e+00 1.75000000e+00
    1.72800004e+00 1.70099998e+00 1.67299998e+00 1.62000000e+00
    1.53900003e+00 1.51699996e+00 1.51100004e+00 1.45799994e+00
    1.42499995e+00 1.42499995e+00 2.25999999e+00 2.21300006e+00
    2.17300010e+00 2.17300010e+00 2.18499994e+00 2.20700002e+00
    2.21099997e+00 2.21300006e+00 2.23000002e+00 2.23000002e+00
    2.20099998e+00 2.14000010e+00 2.06500006e+00 2.05299997e+00
    2.04299998e+00 2.03299999e+00 1.97500002e+00 1.87899995e+00
    1.84399998e+00 1.81799996e+00 1.78499997e+00 1.76699996e+00
    1.76699996e+00 1.76699996e+00 1.76600003e+00 1.73500001e+00
    1.71300006e+00 1.71300006e+00 1.70500004e+00 1.69099998e+00
    1.68099999e+00 1.67299998e+00 1.66400003e+00 1.63699996e+00
    1.59000003e+00 1.56299996e+00 1.54100001e+00 1.50399995e+00
    1.48000002e+00 1.48000002e+00 2.26099992e+00 2.23399997e+00
    2.21300006e+00 2.21300006e+00 2.20600009e+00 2.19400001e+00
    2.19199991e+00 2.19600010e+00 2.23600006e+00 2.24399996e+00
    2.20400000e+00 2.14000010e+00 2.06500006e+00 2.06299996e+00
    2.05999994e+00 2.04900002e+00 2.00200009e+00 1.92799997e+00
    1.89699996e+00 1.87399995e+00 1.85099995e+00 1.83800006e+00
    1.83800006e+00 1.83000004e+00 1.81900001e+00 1.77600002e+00
    1.74000001e+00 1.72099996e+00 1.69400001e+00 1.66199994e+00
    1.65900004e+00 1.65699995e+00 1.64800000e+00 1.63399994e+00
    1.61300004e+00 1.58500004e+00 1.55599999e+00 1.53499997e+00
    1.52199996e+00 1.52199996e+00 2.26200008e+00 2.25600004e+00
    2.25300002e+00 2.25300002e+00 2.23399997e+00 2.19899988e+00
    2.19199991e+00 2.19600010e+00 2.23600006e+00 2.24399996e+00
    2.20400000e+00 2.14000010e+00 2.06500006e+00 2.06299996e+00
    2.05399990e+00 2.02099991e+00 2. 1.98899996e+00 1.98399997e+00
    1.98000002e+00 1.97599995e+00 1.97399998e+00 1.97399998e+00
    1.95200002e+00 1.91999996e+00 1.85500002e+00 1.79299998e+00
    1.73599994e+00 1.69400001e+00 1.66199994e+00 1.65900004e+00
    1.65400004e+00 1.62699997e+00 1.61199999e+00 1.60899997e+00
    1.58500004e+00 1.55700004e+00 1.55400002e+00 1.55200005e+00
    1.55200005e+00 2.26399994e+00 2.25999999e+00 2.25999999e+00
    2.25999999e+00 2.23900008e+00 2.19899988e+00 2.19199991e+00
    2.19600010e+00 2.23600006e+00 2.24399996e+00 2.20400000e+00
    2.14000010e+00 2.06500006e+00 2.06299996e+00 2.05299997e+00
    2.01600003e+00 2. 2. 2. 2.00300002e+00 2.01999998e+00 2.02200007e+00
    2.00500011e+00 1.97399998e+00 1.93900001e+00 1.87000000e+00
    1.80299997e+00 1.73899996e+00 1.69400001e+00 1.66199994e+00
    1.65900004e+00 1.65300000e+00 1.62399995e+00 1.60099995e+00
    1.58700001e+00 1.57200003e+00 1.55599999e+00 1.54200006e+00
    1.53299999e+00 1.53299999e+00 2.26900005e+00 2.26200008e+00
    2.25999999e+00 2.25999999e+00 2.24099994e+00 2.20300007e+00
    2.19600010e+00 2.20000005e+00 2.23699999e+00 2.24399996e+00
    2.20400000e+00 2.14199996e+00 2.06800008e+00 2.06699991e+00
    2.05699992e+00 2.02300000e+00 2.00600004e+00 2.00399995e+00
    2.00399995e+00 2.00900006e+00 2.04299998e+00 2.04699993e+00
    2.00999999e+00 1.97399998e+00 1.93900001e+00 1.87000000e+00
    1.80400002e+00 1.74100006e+00 1.69700003e+00 1.66600001e+00
    1.66100001e+00 1.65300000e+00 1.62399995e+00 1.59399998e+00
    1.56400001e+00 1.55700004e+00 1.55499995e+00 1.52600002e+00
    1.50699997e+00 1.50699997e+00 2.30999994e+00 2.27999997e+00
    2.25999999e+00 2.25999999e+00 2.25300002e+00 2.23900008e+00
    2.23600006e+00 2.23699999e+00 2.25099993e+00 2.24399996e+00
    2.20400000e+00 2.15700006e+00 2.10500002e+00 2.10400009e+00
