<?xml version="1.0"?>
<opencv_storage>
<Depth type_id="opencv-matrix">
  <rows>40</rows>
  <cols>40</cols>
  <dt>f</dt>
  <data>
    0. 0. 0. 0. 0. 0. 0. 0. 0. 0. 0. 0. 0. 0. 0. 0. 0. 0. 0. 0. 0. 0. 0.
    0. 0. 0. 0. 0. 0. 0. 0. 0. 0. 0. 0. 0. 0. 0. 0. 0. 0. 0. 0. 0. 0. 0.
    0. 0. 0. 0. 0. 0. 0. 0. 0. 0. 0. 0. 0. 0. 0. 0. 0. 0. 0. 0. 0. 0. 0.
    0. 0. 0. 0. 0. 0. 0. 0. 0. 0. 0. 0. 0. 0. 0. 0. 0. 0. 0. 0. 0. 0. 0.
    0. 0. 0. 0. 0. 0. 0. 0. 0. 0. 0. 0. 0. 0. 0. 0. 0. 0. 0. 0. 0. 0. 0.
    0. 0. 0. 0. 0. 0. 0. 0. 0. 0. 0. 0. 0. 0. 0. 0. 0. 0. 0. 0. 0. 0. 0.
    0. 0. 0. 0. 0. 0. 0. 0. 0. 0. 0. 0. 0. 0. 0. 0. 0. 0. 0. 0. 0. 0. 0.
    0. 0. 0. 0. 0. 0. 0. 0. 0. 0. 0. 0. 0. 0. 0. 0. 0. 0. 0. 0. 0. 0. 0.
    0. 0. 0. 0. 0. 0. 0. 0. 0. 0. 0. 0. 0. 0. 0. 0. 0. 0. 0. 0. 0. 0. 0.
    0. 0. 0. 0. 0. 0. 0. 0. 0. 0. 0. 0. 0. 0. 0. 0. 0. 0. 0. 0. 0. 0. 0.
    0. 0. 0. 0. 0. 0. 0. 0. 0. 0. 0. 0. 0. 0. 0. 0. 0. 0. 0. 0. 0. 0. 0.
    0. 0. 0. 0. 0. 0. 0. 0. 0. 0. 0. 0. 0. 0. 0. 0. 0. 0. 0. 0. 0. 0. 0.
    0. 0. 0. 0. 0. 0. 0. 0. 0. 0. 0. 0. 0. 0. 0. 0. 0. 0. 0. 0. 0. 0. 0.
    0. 0. 0. 0. 0. 0. 0. 0. 0. 0. 0. 0. 0. 0. 0. 0. 0. 0. 0. 0. 0. 0. 0.
    0. 0. 0. 0. 0. 0. 0. 0. 0. 0. 0. 0. 0. 0. 0. 0. 0. 0. 0. 0. 0. 0. 0.
    0. 0. 0. 0. 0. 0. 0. 0. 0. 0. 0. 0. 0. 0. 0. 0. 0. 0. 0. 0. 0. 0. 0.
    0. 0. 0. 0. 0. 0. 0. 0. 0. 0. 0. 0. 0. 0. 0. 0. 0. 0. 0. 0. 0. 0. 0.
    0. 0. 0. 0. 0. 0. 0. 0. 0. 0. 0. 0. 0. 0. 0. 0. 0. 0. 0. 0. 0. 0. 0.
    0. 0. 0. 0. 0. 0. 0. 0. 0. 0. 0. 0. 0. 0. 0. 0. 0. 0. 0. 0. 0. 0. 0.
    0. 0. 0. 0. 0. 0. 0. 0. 0. 0. 0. 0. 0. 0. 0. 0. 0. 0. 0. 0. 0. 0. 0.
    0. 0. 0. 0. 0. 0. 0. 0. 0. 0. 0. 0. 0. 0. 0. 0. 0. 0. 0. 0. 0. 0. 0.
    0. 0. 0. 0. 0. 0. 0. 0. 0. 0. 0. 0. 0. 0. 0. 0. 0. 0. 0. 0. 0. 0. 0.
    0. 0. 0. 0. 0. 0. 0. 0. 0. 0. 0. 0. 0. 0. 2. 2. 2. 2. 2. 2.
    2.01600003e+00 2.06599998e+00 2.11599994e+00 2.06599998e+00
    2.01699996e+00 1.96800005e+00 1.91999996e+00 1.88699996e+00
    1.88699996e+00 1.88699996e+00 1.93499994e+00 1.98399997e+00 2. 2.
    1.12100005e+00 0. 0. 0. 1.18799996e+00 2.08299994e+00 2.03299999e+00
    2. 2. 2. 1.95200002e+00 1.90400004e+00 1.88699996e+00 1.88699996e+00
    1.90300000e+00 1.95099998e+00 2. 2. 2. 2. 2. 2. 2. 2. 2. 2.
    2.01600003e+00 2.06599998e+00 2.11599994e+00 2.06599998e+00
    2.01699996e+00 1.96800005e+00 1.91999996e+00 1.88699996e+00
    1.88699996e+00 1.88699996e+00 1.93499994e+00 1.98399997e+00 2. 2.
    1.24699998e+00 0. 0. 0. 1.30400002e+00 2.07100010e+00 2.02900004e+00
    2. 2. 2. 1.95200002e+00 1.90400004e+00 1.88699996e+00 1.88699996e+00
    1.90300000e+00 1.95099998e+00 2. 2. 2. 2. 2. 2. 2. 2. 2. 2.
    2.01600003e+00 2.06599998e+00 2.11599994e+00 2.06599998e+00
    2.01699996e+00 1.96800005e+00 1.91999996e+00 1.88699996e+00
    1.88699996e+00 1.88699996e+00 1.93499994e+00 1.98399997e+00 2. 2.
    1.62300003e+00 0. 0. 0. 1.65199995e+00 2.03600001e+00 2.01399994e+00
    2. 2. 2. 1.95200002e+00 1.90400004e+00 1.88699996e+00 1.88699996e+00
    1.90300000e+00 1.95099998e+00 2. 2. 2. 2. 2. 2. 2. 2. 2. 2.
    2.01600003e+00 2.06599998e+00 2.11599994e+00 2.06599998e+00
    2.01699996e+00 1.96800005e+00 1.91999996e+00 1.88699996e+00
    1.88699996e+00 1.88699996e+00 1.93499994e+00 1.98399997e+00 2. 2. 2.
    1.99899995e+00 1.99899995e+00 1.99899995e+00 2. 2. 2. 2. 2. 2.
    1.95200002e+00 1.90400004e+00 1.88699996e+00 1.88699996e+00
    1.90300000e+00 1.95099998e+00 2. 2. 2. 2. 1.95200002e+00
    1.95200002e+00 1.97200000e+00 1.99300003e+00 2.01399994e+00
    2.03500009e+00 2.05900002e+00 2.08699989e+00 2.11599994e+00
    2.06599998e+00 2.01699996e+00 1.98199999e+00 1.95400000e+00
    1.93499994e+00 1.93499994e+00 1.93499994e+00 1.96300006e+00
    1.99100006e+00 2. 2. 2. 2. 2. 2. 2. 2.01399994e+00 2.03500009e+00
    2.04299998e+00 2.02099991e+00 2. 1.97300005e+00 1.94500005e+00
    1.93499994e+00 1.93499994e+00 1.94400001e+00 1.97200000e+00 2. 2. 2.
    2. 1.90300000e+00 1.90300000e+00 1.94500005e+00 1.98599994e+00
    2.02800012e+00 2.07100010e+00 2.10200000e+00 2.10899997e+00
    2.11599994e+00 2.06599998e+00 2.01699996e+00 1.99500000e+00
    1.98800004e+00 1.98399997e+00 1.98399997e+00 1.98399997e+00
    1.99100006e+00 1.99800003e+00 2. 2. 2. 2. 2. 2. 2. 2.02800012e+00
    2.07100010e+00 2.08500004e+00 2.04299998e+00 2. 1.99300003e+00
    1.98599994e+00 1.98399997e+00 1.98399997e+00 1.98599994e+00
    1.99300003e+00 2. 2. 2. 2. 1.88699996e+00 1.88699996e+00
    1.93499994e+00 1.98399997e+00 2.02399993e+00 2.05900002e+00
    2.08299994e+00 2.08299994e+00 2.08299994e+00 2.04800010e+00
    2.01200008e+00 2. 2. 2. 2. 2. 2. 2. 2. 2. 2. 2. 2. 2. 2.
    2.02300000e+00 2.05900002e+00 2.07599998e+00 2.05500007e+00
    2.03299999e+00 2.01900005e+00 2.00500011e+00 2. 2. 2. 2. 2. 2. 2. 2.
    1.88699996e+00 1.88699996e+00 1.93499994e+00 1.98399997e+00
    2.00900006e+00 2.02399993e+00 2.03299999e+00 2.03299999e+00
    2.03299999e+00 2.01900005e+00 2.00500011e+00 2. 2. 2. 2. 2. 2. 2. 2.
    2. 2. 2. 2. 2. 2. 2.00900006e+00 2.02399993e+00 2.03999996e+00
    2.06100011e+00 2.08299994e+00 2.04800010e+00 2.01200008e+00 2. 2. 2.
    2. 2. 2. 2. 2. 1.88699996e+00 1.88699996e+00 1.93499994e+00
    1.98399997e+00 2. 2. 2. 2. 2. 2. 2. 2. 2. 2. 2. 2. 2. 2. 2. 2. 2. 2.
    2. 2. 2. 2. 2. 2.01600003e+00 2.06599998e+00 2.11599994e+00
    2.07399988e+00 2.03099990e+00 2.01699996e+00 2.01699996e+00
    2.01399994e+00 2.00699997e+00 2. 2. 2. 2.06299996e+00 1.88699996e+00
    1.88699996e+00 1.93499994e+00 1.98399997e+00 2. 2. 2. 2. 2. 2. 2. 2.
    2. 2. 2. 2. 2. 2. 2. 2. 2. 2. 2. 2. 2. 2. 2. 2.01600003e+00
    2.06599998e+00 2.11599994e+00 2.09500003e+00 2.07299995e+00
    2.06599998e+00 2.06599998e+00 2.05699992e+00 2.02900004e+00 2. 2. 2.
    2.25399995e+00 1.88699996e+00 1.88699996e+00 1.93499994e+00
    1.98399997e+00 2. 2. 2. 2. 2. 2. 2. 2. 2. 2. 2. 2. 2. 2. 2. 2. 2. 2.
    2. 2. 2. 2. 2. 2.01600003e+00 2.06599998e+00 2.11599994e+00
    2.11599994e+00 2.11599994e+00 2.11599994e+00 2.11599994e+00
    2.09999990e+00 2.04999995e+00 2. 2. 2. 2.44400001e+00 1.93499994e+00
    1.93499994e+00 1.96300006e+00 1.99100006e+00 2. 2. 2. 2. 2. 2. 2. 2.
    2. 2.00699997e+00 2.02800012e+00 2.04999995e+00 2.04999995e+00
    2.04999995e+00 2.04999995e+00 2.04999995e+00 2.04999995e+00
    2.04999995e+00 2.04999995e+00 2.22399998e+00 2.39899993e+00
    2.45900011e+00 2.45900011e+00 2.45000005e+00 2.42300010e+00
    2.39599991e+00 2.34599996e+00 2.29500008e+00 2.27800012e+00
    2.27800012e+00 2.29399991e+00 2.34299994e+00 2.39299989e+00
    2.42100000e+00 2.44899988e+00 2.71300006e+00 1.98399997e+00
    1.98399997e+00 1.99100006e+00 1.99800003e+00 2. 2. 2. 2. 2. 2. 2. 2.
    2. 2.01399994e+00 2.05699992e+00 2.09899998e+00 2.09899998e+00
    2.09899998e+00 2.09899998e+00 2.09899998e+00 2.09899998e+00
    2.09899998e+00 2.09899998e+00 2.44799995e+00 2.79900002e+00
    2.91899991e+00 2.91899991e+00 2.88499999e+00 2.78099990e+00
    2.67799997e+00 2.57599998e+00 2.47399998e+00 2.44000006e+00
    2.44000006e+00 2.48799992e+00 2.63700008e+00 2.78600001e+00
    2.84299994e+00 2.89899993e+00 2.98300004e+00 2. 2. 2. 2. 2. 2. 2. 2.
    2. 2. 2. 2. 2. 2.01600003e+00 2.06599998e+00 2.11599994e+00
    2.11599994e+00 2.11599994e+00 2.11599994e+00 2.11599994e+00
    2.11599994e+00 2.11599994e+00 2.11599994e+00 2.52399993e+00
    2.93400002e+00 0. 0. 0. 2.90100002e+00 2.77200007e+00 2.65300012e+00
    2.53399992e+00 2.49399996e+00 2.49399996e+00 2.55299997e+00
    2.73499990e+00 2.91700006e+00 2.98399997e+00 0. 0. 0. 0. 0. 0. 0. 0.
    0. 0. 0. 0. 0. 0. 0. 0. 0. 0. 0. 0. 0. 0. 0. 0. 0. 0. 0. 0. 0. 0. 0.
    0. 0. 0. 0. 0. 0. 0. 0. 0. 0. 0. 0. 0. 0. 0. 0. 0. 0. 0. 0. 0. 0. 0.
    0. 0. 0. 0. 0. 0. 0. 0. 0. 0. 0. 0. 0. 0. 0. 0. 0. 0. 0. 0. 0. 0. 0.
    0. 0. 0. 0. 0. 0. 0. 0. 0. 0. 0. 0. 0. 0. 0. 0. 0. 0. 0. 0. 0. 0. 0.
    0. 0. 0. 0. 0. 0. 0. 0. 0. 0. 0. 0. 0. 0. 0. 0. 0. 0. 0. 0. 0. 0. 0.
    0. 0. 0. 0. 0. 0. 0. 0. 0. 0. 0. 0. 0. 0. 0. 0. 0. 0. 0. 0. 0. 0. 0.
    0. 0. 0. 0. 0. 0. 0. 0. 0. 0. 0. 0. 0. 0. 0. 0. 0. 0. 0. 0. 0. 0. 0.
