<?xml version="1.0"?>
<opencv_storage>
<Depth type_id="opencv-matrix">
  <rows>40</rows>
  <cols>40</cols>
  <dt>f</dt>
  <data>
    0. 0. 0. 0. 0. 0. 0. 0. 0. 0. 0. 0. 0. 0. 1.94299996e+00
    1.92200005e+00 1.88300002e+00 1.86699998e+00 1.86699998e+00
    1.86000001e+00 1.84899998e+00 1.84599996e+00 1.84599996e+00
    1.85399997e+00 1.86500001e+00 1.86699998e+00 0. 0. 0. 0. 0. 0. 0. 0.
    0. 0. 0. 0. 0. 0. 0. 0. 0. 0. 0. 0. 0. 0. 0. 0. 0. 0. 0. 0.
    1.98300004e+00 1.96200001e+00 1.92200005e+00 1.90600002e+00
    1.90600002e+00 1.88600004e+00 1.85500002e+00 1.84599996e+00
    1.84599996e+00 1.86899996e+00 1.89999998e+00 1.90600002e+00 0. 0. 0.
    0. 0. 0. 0. 0. 0. 0. 0. 0. 0. 0. 0. 0. 0. 0. 0. 0. 0. 0. 0. 0. 0. 0.
    0. 0. 2. 1.97899997e+00 1.93900001e+00 1.92200005e+00 1.92200005e+00
    1.89699996e+00 1.85800004e+00 1.84599996e+00 1.84599996e+00
    1.86699998e+00 1.89400005e+00 1.89900005e+00 0. 0. 0. 0. 0. 0. 0. 0.
    0. 0. 0. 0. 0. 0. 0. 0. 0. 0. 0. 0. 0. 0. 0. 0. 0. 0. 0. 0. 2.
    1.97899997e+00 1.93900001e+00 1.92200005e+00 1.92200005e+00
    1.89699996e+00 1.85800004e+00 1.84599996e+00 1.84599996e+00
    1.85099995e+00 1.85899997e+00 1.86000001e+00 0. 0. 0. 0. 0. 0. 0. 0.
    0. 0. 0. 0. 0. 0. 0. 0. 0. 0. 0. 0. 0. 0. 0. 0. 0. 0. 0. 0.
    1.97399998e+00 1.96000004e+00 1.93299997e+00 1.92200005e+00
    1.92200005e+00 1.90499997e+00 1.87899995e+00 1.86199999e+00
    1.84899998e+00 1.84599996e+00 1.84599996e+00 1.84599996e+00 0. 0. 0.
    0. 0. 0. 0. 0. 0. 0. 0. 0. 0. 0. 0. 0. 0. 0. 0. 0. 0. 0. 0. 0. 0. 0.
    0. 0. 1.93400002e+00 1.93099999e+00 1.92499995e+00 1.92200005e+00
    1.92200005e+00 1.91799998e+00 1.91199994e+00 1.88699996e+00
    1.85399997e+00 1.84599996e+00 1.84599996e+00 1.84599996e+00 0. 0. 0.
    0. 0. 0. 0. 0. 0. 0. 0. 0. 0. 0. 0. 0. 0. 0. 0. 0. 0. 0. 0. 0. 0. 0.
    0. 0. 1.89499998e+00 1.89499998e+00 1.89499998e+00 1.89499998e+00
    1.89499998e+00 1.89499998e+00 1.89499998e+00 1.88699996e+00
    1.87600005e+00 1.87300003e+00 1.87300003e+00 1.87300003e+00 0. 0. 0.
    0. 0. 0. 0. 0. 0. 0. 0. 0. 0. 0. 0. 0. 0. 0. 0. 0. 0. 0. 0. 0. 0. 0.
    0. 0. 1.85500002e+00 1.85500002e+00 1.85500002e+00 1.85500002e+00
    1.85500002e+00 1.85500002e+00 1.85500002e+00 1.87600005e+00
    1.90499997e+00 1.91299999e+00 1.91299999e+00 1.91299999e+00 0. 0. 0.
    0. 0. 0. 0. 0. 0. 0. 0. 0. 0. 0. 0. 0. 0. 0. 0. 0. 0. 0. 0. 0. 0. 0.
    0. 0. 1.84599996e+00 1.84599996e+00 1.84599996e+00 1.84599996e+00
    1.84599996e+00 1.84599996e+00 1.84599996e+00 1.87300003e+00
    1.91299999e+00 1.92200005e+00 1.92200005e+00 1.92200005e+00 0. 0. 0.
    0. 0. 0. 0. 0. 0. 0. 0. 0. 0. 0. 0. 0. 0. 0. 0. 0. 0. 0. 0. 0. 0. 0.
    0. 0. 1.84599996e+00 1.84599996e+00 1.84599996e+00 1.84599996e+00
    1.84599996e+00 1.84599996e+00 1.84599996e+00 1.87300003e+00
    1.91299999e+00 1.92200005e+00 1.92200005e+00 1.92200005e+00 0. 0. 0.
    0. 0. 0. 0. 0. 0. 0. 0. 0. 0. 0. 0. 0. 0. 0. 0. 0. 0. 0. 0. 0. 0. 0.
    0. 0. 1.84599996e+00 1.84599996e+00 1.84599996e+00 1.84599996e+00
    1.84599996e+00 1.85699999e+00 1.87300003e+00 1.89400005e+00
    1.91700006e+00 1.93499994e+00 1.95200002e+00 1.95500004e+00 0. 0. 0.
    0. 0. 0. 0. 0. 0. 0. 0. 0. 0. 0. 0. 0. 0. 0. 0. 0. 0. 0. 0. 0. 0. 0.
    0. 0. 1.84599996e+00 1.84599996e+00 1.84599996e+00 1.84599996e+00
    1.84599996e+00 1.87000000e+00 1.90600002e+00 1.91900003e+00
    1.92100000e+00 1.95000005e+00 1.98800004e+00 1.99500000e+00 0. 0. 0.
    0. 0. 0. 0. 0. 0. 0. 0. 0. 0. 0. 0. 0. 0. 0. 0. 0. 0. 0. 0. 0. 0. 0.
    0. 0. 1.88000000e+00 1.88000000e+00 1.88000000e+00 1.88000000e+00
    1.88000000e+00 1.89400005e+00 1.91600001e+00 1.92200005e+00
    1.92200005e+00 1.95200002e+00 1.99300003e+00 2. 0. 0. 0. 0. 0. 0. 0.
    0. 0. 0. 0. 0. 0. 0. 0. 0. 0. 0. 0. 0. 0. 0. 0. 0. 0. 0. 0. 0.
    1.91900003e+00 1.91900003e+00 1.91900003e+00 1.91900003e+00
    1.91900003e+00 1.91999996e+00 1.92200005e+00 1.92200005e+00
    1.92200005e+00 1.95200002e+00 1.99300003e+00 2. 0. 0. 0. 0. 0. 0. 0.
    0. 0. 0. 0. 0. 0. 0. 0. 0. 0. 0. 0. 0. 0. 0. 0. 0. 0. 0. 0. 0.
    1.95899999e+00 1.94900000e+00 1.92999995e+00 1.92200005e+00
    1.92200005e+00 1.92200005e+00 1.92200005e+00 1.92200005e+00
    1.92200005e+00 1.95200002e+00 1.99300003e+00 2. 0. 0. 0. 0. 0. 0. 0.
    0. 0. 0. 0. 0. 0. 0. 0. 0. 0. 0. 0. 0. 0. 0. 0. 0. 0. 0. 0. 0. 2.
    1.97800004e+00 1.93900001e+00 1.92200005e+00 1.92200005e+00
    1.92200005e+00 1.92200005e+00 1.92200005e+00 1.92200005e+00
    1.95200002e+00 1.99300003e+00 2. 0. 0. 0. 0. 0. 0. 0. 0. 0. 0. 0. 0.
    0. 0. 0. 0. 0. 0. 0. 0. 0. 0. 0. 0. 0. 0. 0. 0. 2. 1.99000001e+00
    1.97000003e+00 1.96200001e+00 1.96200001e+00 1.96200001e+00
    1.96200001e+00 1.96200001e+00 1.96200001e+00 1.97700000e+00
    1.99600005e+00 2. 0. 0. 0. 0. 0. 0. 0. 0. 0. 0. 0. 0. 0. 0. 0. 0. 0.
    0. 0. 0. 0. 0. 0. 0. 0. 0. 0. 0. 2. 2. 2. 2. 2. 2. 2. 2. 2.
    2.00099993e+00 2.00300002e+00 2.00399995e+00 0. 0. 0. 0. 0. 0. 0. 0.
    0. 0. 0. 0. 0. 0. 0. 0. 0. 0. 0. 0. 0. 0. 0. 0. 0. 0. 0. 0. 2. 2. 2.
    2. 2. 2. 2. 2. 2. 2.03399992e+00 2.07999992e+00 2.08800006e+00 0. 0.
    0. 0. 0. 0. 0. 0. 0. 0. 0. 0. 0. 0. 0. 0. 0. 0. 0. 0. 0. 0. 0. 0. 0.
    0. 0. 0. 2. 2. 2. 2. 2. 2. 2. 2. 2. 2.06200004e+00 2.14400005e+00
    2.16000009e+00 0. 0. 0. 0. 0. 0. 0. 0. 0. 0. 0. 0. 0. 0. 0. 0. 0. 0.
    0. 0. 0. 0. 0. 0. 0. 0. 0. 0. 2. 2. 2. 2. 2. 2. 2. 2. 2.
    2.04600000e+00 2.10599995e+00 2.11700010e+00 0. 0. 0. 0. 0. 0. 0. 0.
    0. 0. 0. 0. 0. 0. 0. 0. 0. 0. 0. 0. 0. 0. 0. 0. 0. 0. 0. 0. 2. 2. 2.
    2. 2. 2. 2. 2. 2. 2.02900004e+00 2.06699991e+00 2.07399988e+00 0. 0.
    0. 0. 0. 0. 0. 0. 0. 0. 0. 0. 0. 0. 0. 0. 0. 0. 0. 0. 0. 0. 0. 0. 0.
    0. 0. 0. 2. 2. 2. 2. 2. 2. 2. 2. 2. 2.01300001e+00 2.02999997e+00
    2.03299999e+00 0. 0. 0. 0. 0. 0. 0. 0. 0. 0. 0. 0. 0. 0. 0. 0. 0. 0.
    0. 0. 0. 0. 0. 0. 0. 0. 0. 0. 2. 2. 2. 2. 2. 2. 2. 2. 2. 2. 2. 2. 0.
    0. 0. 0. 0. 0. 0. 0. 0. 0. 0. 0. 0. 0. 0. 0. 0. 0. 0. 0. 0. 0. 0. 0.
    0. 0. 0. 0. 2. 2. 2. 2. 2. 2. 2. 2. 2. 2. 2. 2. 0. 0. 0. 0. 0. 0. 0.
    0. 0. 0. 0. 0. 0. 0. 0. 0. 0. 0. 0. 0. 0. 0. 0. 0. 0. 0. 0. 0. 2. 2.
    2. 2. 2. 2. 2. 2. 2. 2.00399995e+00 2.00999999e+00 2.01099992e+00 0.
    0. 0. 0. 0. 0. 0. 0. 0. 0. 0. 0. 0. 0. 0. 0. 0. 0. 0. 0. 0. 0. 0. 0.
    0. 0. 0. 0. 2. 2. 2. 2. 2. 2. 2. 2. 2. 2.02099991e+00 2.04800010e+00
    2.05299997e+00 0. 0. 0. 0. 0. 0. 0. 0. 0. 0. 0. 0. 0. 0. 0. 0. 0. 0.
    0. 0. 0. 0. 0. 0. 0. 0. 0. 0. 2. 2. 2. 2. 2. 2. 2. 2. 2.
    2.03200006e+00 2.07299995e+00 2.08100009e+00 0. 0. 0. 0. 0. 0. 0. 0.
    0. 0. 0. 0. 0. 0. 0. 0. 0. 0. 0. 0. 0. 0. 0. 0. 0. 0. 0. 0. 2. 2. 2.
    2. 2. 2. 2. 2. 2. 2.03200006e+00 2.07299995e+00 2.08100009e+00 0. 0.
    0. 0. 0. 0. 0. 0. 0. 0. 0. 0. 0. 0. 0. 0. 0. 0. 0. 0. 0. 0. 0. 0. 0.
    0. 0. 0. 2. 2. 2. 2. 2. 2. 2. 2.00600004e+00 2.01399994e+00
    2.04800010e+00 2.08999991e+00 2.09800005e+00 0. 0. 0. 0. 0. 0. 0. 0.
    0. 0. 0. 0. 0. 0. 0. 0. 0. 0. 0. 0. 0. 0. 0. 0. 0. 0. 0. 0. 2. 2. 2.
    2. 2. 2. 2. 2.02099991e+00 2.05100012e+00 2.08999991e+00
    2.13299990e+00 2.14000010e+00 0. 0. 0. 0. 0. 0. 0. 0. 0. 0. 0. 0. 0.
    0. 0. 0. 0. 0. 0. 0. 0. 0. 0. 0. 0. 0. 0. 0. 2. 2. 2. 2. 2. 2. 2.
    2.02200007e+00 2.05500007e+00 2.09500003e+00 2.13700008e+00
    2.14499998e+00 0. 0. 0. 0. 0. 0. 0. 0. 0. 0. 0. 0. 0. 0. 0. 0. 0. 0.
    0. 0. 0. 0. 0. 0. 0. 0. 0. 0. 2. 2. 2. 2. 2. 2. 2. 2.00699997e+00
    2.01799989e+00 2.05200005e+00 2.09400010e+00 2.10200000e+00 0. 0. 0.
    0. 0. 0. 0. 0. 0. 0. 0. 0. 0. 0. 0. 0. 0. 0. 0. 0. 0. 0. 0. 0. 0. 0.
    0. 0. 2.02099991e+00 2.01500010e+00 2.00399995e+00 2. 2. 2. 2. 2. 2.
    2.03200006e+00 2.07299995e+00 2.08100009e+00 0. 0. 0. 0. 0. 0. 0. 0.
    0. 0. 0. 0. 0. 0. 0. 0. 0. 0. 0. 0. 0. 0. 0. 0. 0. 0. 0. 0.
    2.06299996e+00 2.04600000e+00 2.01300001e+00 2. 2. 2. 2. 2. 2.
    2.03200006e+00 2.07299995e+00 2.08100009e+00 0. 0. 0. 0. 0. 0. 0. 0.
    0. 0. 0. 0. 0. 0. 0. 0. 0. 0. 0. 0. 0. 0. 0. 0. 0. 0. 0. 0.
    2.08100009e+00 2.05900002e+00 2.01699996e+00 2. 2. 2. 2.
