<?xml version="1.0"?>
<opencv_storage>
<Depth type_id="opencv-matrix">
  <rows>40</rows>
  <cols>40</cols>
  <dt>f</dt>
  <data>
    0. 0. 0. 0. 0. 0. 0. 0. 0. 0. 0. 0. 0. 0. 0. 0. 0. 0. 0. 0. 0. 0. 0.
    0. 0. 0. 0. 0. 0. 0. 0. 0. 0. 0. 0. 0. 0. 0. 0. 0. 0. 0. 0. 0. 0. 0.
    0. 0. 0. 0. 0. 0. 0. 0. 0. 0. 0. 0. 0. 0. 0. 0. 0. 0. 0. 0. 0. 0. 0.
    0. 0. 0. 0. 0. 0. 0. 0. 0. 0. 0. 0. 0. 0. 0. 0. 0. 0. 0. 0. 0. 0. 0.
    0. 0. 0. 0. 0. 0. 0. 0. 0. 0. 0. 0. 0. 0. 0. 0. 0. 0. 0. 0. 0. 0. 0.
    0. 0. 0. 0. 0. 0. 0. 0. 0. 0. 0. 0. 0. 0. 0. 0. 0. 0. 0. 0. 0. 0. 0.
    0. 0. 0. 0. 0. 0. 0. 0. 0. 0. 0. 0. 0. 0. 0. 0. 0. 0. 0. 0. 0. 0. 0.
    0. 0. 0. 0. 0. 0. 0. 0. 0. 0. 0. 0. 0. 0. 0. 0. 0. 0. 0. 0. 0. 0. 0.
    0. 0. 0. 0. 0. 0. 0. 0. 0. 0. 0. 0. 0. 0. 0. 0. 0. 0. 0. 0. 0. 0. 0.
    0. 0. 0. 0. 0. 0. 0. 0. 0. 0. 0. 0. 0. 0. 0. 0. 0. 0. 0. 0. 0. 0. 0.
    0. 0. 0. 0. 0. 0. 0. 0. 0. 0. 0. 0. 0. 0. 0. 0. 0. 0. 0. 0. 0. 0. 0.
    0. 0. 0. 0. 0. 0. 0. 0. 0. 0. 0. 0. 0. 0. 0. 0. 0. 0. 0. 0. 0. 0. 0.
    0. 0. 0. 0. 0. 0. 0. 0. 0. 0. 0. 0. 0. 0. 0. 0. 0. 0. 0. 0. 0. 0. 0.
    0. 0. 0. 0. 0. 0. 0. 0. 0. 0. 0. 0. 0. 0. 0. 0. 0. 0. 0. 0. 0. 0. 0.
    0. 0. 0. 0. 0. 0. 0. 0. 0. 0. 0. 0. 0. 0. 0. 0. 0. 0. 0. 0. 0. 0. 0.
    0. 0. 0. 0. 0. 0. 0. 0. 0. 0. 0. 0. 0. 0. 0. 0. 0. 0. 0. 0. 0. 0. 0.
    0. 0. 0. 0. 0. 0. 0. 0. 0. 0. 0. 0. 0. 0. 0. 0. 0. 0. 0. 0. 0. 0. 0.
    0. 0. 0. 0. 0. 0. 0. 0. 0. 0. 0. 1.82500005e+00 1.82500005e+00
    1.82500005e+00 1.82500005e+00 1.82500005e+00 1.82500005e+00
    1.82500005e+00 1.81400001e+00 1.75600004e+00 1.69900000e+00
    1.65699995e+00 1.65699995e+00 1.65699995e+00 1.67700005e+00
    1.73500001e+00 1.79200006e+00 1.85099995e+00 1.91100001e+00
    1.97099996e+00 2. 2. 2. 2. 2. 2. 2. 2. 2. 2.04699993e+00
    2.10999990e+00 2.17300010e+00 2.29500008e+00 2.43000007e+00
    2.56500006e+00 2.57800007e+00 0. 0. 0. 0. 0. 1.82500005e+00
    1.82500005e+00 1.82500005e+00 1.82500005e+00 1.82500005e+00
    1.82500005e+00 1.82500005e+00 1.81400001e+00 1.75600004e+00
    1.69900000e+00 1.65699995e+00 1.65699995e+00 1.65699995e+00
    1.67700005e+00 1.73500001e+00 1.79200006e+00 1.85099995e+00
    1.91100001e+00 1.97099996e+00 2. 2. 2. 2. 2. 2. 2. 2. 2.
    2.04600000e+00 2.10899997e+00 2.17100000e+00 2.29200006e+00
    2.42600012e+00 2.55999994e+00 2.57299995e+00 0. 0. 0. 0. 0.
    1.82500005e+00 1.82500005e+00 1.82500005e+00 1.82500005e+00
    1.82500005e+00 1.82500005e+00 1.82500005e+00 1.81400001e+00
    1.75600004e+00 1.69900000e+00 1.65699995e+00 1.65699995e+00
    1.65699995e+00 1.67700005e+00 1.73500001e+00 1.79200006e+00
    1.85099995e+00 1.91100001e+00 1.97099996e+00 2. 2. 2. 2. 2. 2. 2. 2.
    2. 2.02999997e+00 2.07100010e+00 2.11100006e+00 2.20900011e+00
    2.31800008e+00 2.42700005e+00 2.43799996e+00 0. 0. 0. 0. 0.
    1.82500005e+00 1.82500005e+00 1.82500005e+00 1.82500005e+00
    1.82500005e+00 1.82500005e+00 1.82500005e+00 1.81400001e+00
    1.75600004e+00 1.69900000e+00 1.65699995e+00 1.65699995e+00
    1.65699995e+00 1.67700005e+00 1.73500001e+00 1.79200006e+00
    1.85099995e+00 1.91100001e+00 1.97099996e+00 2. 2. 2. 2. 2. 2. 2. 2.
    2. 2.01399994e+00 2.03299999e+00 2.05200005e+00 2.12599993e+00
    2.21000004e+00 2.29500008e+00 2.30299997e+00 0. 0. 0. 0. 0.
    1.82500005e+00 1.82500005e+00 1.82500005e+00 1.82500005e+00
    1.82500005e+00 1.82500005e+00 1.82500005e+00 1.81400001e+00
    1.75899994e+00 1.70400000e+00 1.66400003e+00 1.66400003e+00
    1.66400003e+00 1.68299997e+00 1.73899996e+00 1.79400003e+00
    1.85099995e+00 1.91100001e+00 1.97099996e+00 2. 2. 2. 2. 2. 2. 2. 2.
    2. 2. 2. 2. 2.04999995e+00 2.10999990e+00 2.17100000e+00
    2.17700005e+00 0. 0. 0. 0. 0. 1.82500005e+00 1.82500005e+00
    1.82500005e+00 1.82500005e+00 1.82500005e+00 1.82500005e+00
    1.82500005e+00 1.81799996e+00 1.78299999e+00 1.74699998e+00
    1.72099996e+00 1.72099996e+00 1.72099996e+00 1.73399997e+00
    1.76900005e+00 1.80499995e+00 1.85099995e+00 1.91100001e+00
    1.97099996e+00 2. 2. 2. 2. 2. 2. 2. 2. 2. 2. 2. 2. 2.03200006e+00
    2.07100010e+00 2.10999990e+00 2.11400008e+00 0. 0. 0. 0. 0.
    1.82500005e+00 1.82500005e+00 1.82500005e+00 1.82500005e+00
    1.82500005e+00 1.82500005e+00 1.82500005e+00 1.82200003e+00
    1.80599999e+00 1.78999996e+00 1.77900004e+00 1.77900004e+00
    1.77900004e+00 1.78400004e+00 1.79999995e+00 1.81599998e+00
    1.85099995e+00 1.91100001e+00 1.97099996e+00 2. 2. 2. 2. 2. 2. 2. 2.
    2. 2. 2. 2. 2.01399994e+00 2.03200006e+00 2.04900002e+00
    2.05100012e+00 0. 0. 0. 0. 0. 1.82500005e+00 1.82500005e+00
    1.82500005e+00 1.82500005e+00 1.82500005e+00 1.82500005e+00
    1.82500005e+00 1.82400000e+00 1.82000005e+00 1.81599998e+00
    1.81400001e+00 1.81400001e+00 1.81400001e+00 1.81500006e+00
    1.81900001e+00 1.82299995e+00 1.85099995e+00 1.91100001e+00
    1.97099996e+00 2. 2. 2. 1.99800003e+00 1.99399996e+00 1.99000001e+00
    1.98800004e+00 1.98800004e+00 1.98800004e+00 1.98800004e+00
    1.98800004e+00 1.98800004e+00 1.99199998e+00 1.99600005e+00 2. 2. 0.
    0. 0. 0. 0. 1.82500005e+00 1.82500005e+00 1.82500005e+00
    1.82500005e+00 1.82500005e+00 1.82500005e+00 1.82500005e+00
    1.82000005e+00 1.79700005e+00 1.77300000e+00 1.75600004e+00
    1.75600004e+00 1.75600004e+00 1.76499999e+00 1.78799999e+00
    1.81200004e+00 1.85099995e+00 1.91100001e+00 1.97099996e+00 2. 2. 2.
    1.98599994e+00 1.96099997e+00 1.93599999e+00 1.92799997e+00
    1.92799997e+00 1.92799997e+00 1.92799997e+00 1.92799997e+00
    1.92799997e+00 1.94900000e+00 1.97300005e+00 1.99800003e+00 2. 0. 0.
    0. 0. 0. 1.82500005e+00 1.82500005e+00 1.82500005e+00 1.82500005e+00
    1.82500005e+00 1.82500005e+00 1.82500005e+00 1.81599998e+00
    1.77300000e+00 1.73000002e+00 1.69900000e+00 1.69900000e+00
    1.69900000e+00 1.71399999e+00 1.75699997e+00 1.79999995e+00
    1.85099995e+00 1.91100001e+00 1.97099996e+00 2. 2. 2. 1.97300005e+00
    1.92799997e+00 1.88300002e+00 1.86800003e+00 1.86800003e+00
    1.86800003e+00 1.86800003e+00 1.86800003e+00 1.86800003e+00
    1.90600002e+00 1.95099998e+00 1.99600005e+00 2. 0. 0. 0. 0. 0.
    1.80900002e+00 1.80900002e+00 1.80900002e+00 1.80900002e+00
    1.80999994e+00 1.81500006e+00 1.82099998e+00 1.81400001e+00
    1.75600004e+00 1.69900000e+00 1.65699995e+00 1.65699995e+00
    1.65699995e+00 1.67700005e+00 1.73500001e+00 1.79200006e+00
    1.85099995e+00 1.91100001e+00 1.97099996e+00 2. 2. 2. 1.96500003e+00
    1.90499997e+00 1.84500003e+00 1.82500005e+00 1.82500005e+00
    1.82500005e+00 1.82500005e+00 1.82500005e+00 1.82500005e+00
    1.87399995e+00 1.93400002e+00 1.99399996e+00 2. 0. 0. 0. 0. 0.
    1.75199997e+00 1.75199997e+00 1.75199997e+00 1.75199997e+00
    1.75500000e+00 1.77999997e+00 1.80499995e+00 1.81400001e+00
    1.75600004e+00 1.69900000e+00 1.65699995e+00 1.65699995e+00
    1.65699995e+00 1.67700005e+00 1.73500001e+00 1.79200006e+00
    1.85099995e+00 1.91100001e+00 1.97099996e+00 2. 2. 2. 1.96500003e+00
    1.90499997e+00 1.84500003e+00 1.82500005e+00 1.82500005e+00
    1.82500005e+00 1.82500005e+00 1.82500005e+00 1.82500005e+00
    1.87399995e+00 1.93400002e+00 1.99399996e+00 2. 0. 0. 0. 0. 0.
    1.69400001e+00 1.69400001e+00 1.69400001e+00 1.69400001e+00
    1.69900000e+00 1.74399996e+00 1.78900003e+00 1.81400001e+00
    1.75600004e+00 1.69900000e+00 1.65699995e+00 1.65699995e+00
    1.65699995e+00 1.67700005e+00 1.73500001e+00 1.79200006e+00
    1.85099995e+00 1.91100001e+00 1.97099996e+00 2. 2. 2. 1.96500003e+00
    1.90499997e+00 1.84500003e+00 1.82500005e+00 1.82500005e+00
    1.82500005e+00 1.82500005e+00 1.82500005e+00 1.82500005e+00
    1.87399995e+00 1.93400002e+00 1.99399996e+00 2. 0. 0. 0. 0. 0.
    1.63800001e+00 1.63800001e+00 1.63800001e+00 1.63800001e+00
    1.64400005e+00 1.70200002e+00 1.75899994e+00 1.79499996e+00
    1.74399996e+00 1.69400001e+00 1.65699995e+00 1.65699995e+00
    1.65699995e+00 1.67499995e+00 1.72500002e+00 1.77600002e+00
    1.83000004e+00 1.88999999e+00 1.95000005e+00 1.97899997e+00
