<?xml version="1.0"?>
<opencv_storage>
<Depth type_id="opencv-matrix">
  <rows>40</rows>
  <cols>40</cols>
  <dt>f</dt>
  <data>
    0. 0. 0. 0. 0. 0. 0. 0. 0. 0. 0. 0. 0. 0. 0. 0. 0. 0. 0. 0. 0. 0. 0.
    0. 0. 0. 0. 0. 0. 0. 0. 0. 0. 0. 0. 0. 0. 0. 0. 0. 0. 0. 0. 0. 0. 0.
    0. 0. 0. 0. 0. 0. 0. 0. 0. 0. 0. 0. 0. 0. 0. 0. 0. 0. 0. 0. 0. 0. 0.
    0. 0. 0. 0. 0. 0. 0. 0. 0. 0. 0. 0. 0. 0. 0. 0. 0. 0. 0. 0. 0. 0. 0.
    0. 0. 0. 0. 0. 0. 0. 0. 0. 0. 0. 0. 0. 0. 0. 0. 0. 0. 0. 0. 0. 0. 0.
    0. 0. 0. 0. 0. 0. 0. 0. 0. 0. 0. 0. 0. 0. 0. 0. 0. 0. 0. 0. 0. 0. 0.
    0. 0. 0. 0. 0. 0. 0. 0. 0. 0. 0. 0. 0. 0. 0. 0. 0. 0. 0. 0. 0. 0. 0.
    0. 0. 0. 0. 0. 0. 0. 0. 0. 0. 0. 0. 0. 0. 0. 0. 0. 0. 0. 0. 0. 0. 0.
    0. 0. 0. 0. 0. 0. 0. 0. 0. 0. 0. 0. 0. 0. 0. 0. 0. 0. 0. 0. 0. 0. 0.
    0. 0. 0. 0. 0. 0. 0. 0. 0. 0. 0. 0. 0. 0. 0. 0. 0. 0. 0. 0. 0. 0. 0.
    0. 0. 0. 0. 0. 0. 0. 0. 0. 0. 0. 0. 0. 0. 0. 0. 0. 0. 0. 0. 0. 0. 0.
    0. 0. 0. 0. 0. 0. 0. 0. 0. 0. 0. 0. 0. 0. 0. 0. 0. 0. 0. 0. 0. 0. 0.
    0. 0. 0. 0. 0. 0. 0. 0. 0. 0. 0. 0. 0. 0. 0. 0. 0. 0. 0. 0. 0. 0. 0.
    0. 0. 0. 0. 0. 0. 0. 0. 0. 0. 0. 0. 0. 0. 0. 0. 0. 0. 0. 0. 0. 0. 0.
    0. 0. 0. 0. 0. 0. 0. 0. 0. 0. 0. 0. 0. 0. 0. 0. 0. 0. 0. 0. 0. 0. 0.
    0. 0. 0. 0. 0. 0. 0. 0. 0. 0. 0. 0. 0. 0. 0. 0. 0. 0. 0. 0. 0. 0. 0.
    0. 0. 0. 0. 0. 0. 0. 0. 0. 0. 0. 0. 0. 0. 0. 0. 0. 0. 0. 0. 0. 0. 0.
    0. 0. 0. 0. 0. 0. 0. 0. 0. 0. 0. 0. 0. 0. 0. 0. 0. 0. 0. 0. 0. 0. 0.
    0. 0. 0. 0. 0. 0. 0. 0. 0. 0. 0. 0. 0. 0. 0. 0. 0. 0. 0. 0. 0. 0. 0.
    0. 0. 0. 0. 0. 0. 0. 0. 0. 0. 0. 0. 0. 0. 0. 0. 0. 0. 0. 0. 0. 0. 0.
    0. 0. 0. 0. 0. 0. 0. 0. 0. 0. 0. 0. 0. 0. 0. 0. 0. 0. 0. 0. 0. 0. 0.
    0. 2.70099998e+00 1.95000005e+00 1.95000005e+00 1.95000005e+00
    1.95099998e+00 2.01600003e+00 2.03600001e+00 2.00200009e+00 2.
    1.98800004e+00 1.95500004e+00 1.95000005e+00 1.95000005e+00
    1.95000005e+00 1.99899995e+00 2.05100012e+00 2.05100012e+00
    2.05100012e+00 2.05100012e+00 2.05100012e+00 2.06999993e+00
    2.10200000e+00 2.10200000e+00 2.10200000e+00 2.10200000e+00
    2.10200000e+00 2.10200000e+00 2.10200000e+00 2.13199997e+00
    2.15599990e+00 2.15599990e+00 2.15599990e+00 2.14800000e+00
    2.11299992e+00 2.10200000e+00 2.10200000e+00 2.63199997e+00
    2.65300012e+00 2.67000008e+00 2.64000010e+00 2.34599996e+00
    1.95000005e+00 1.95000005e+00 1.95799994e+00 1.97399998e+00
    2.00900006e+00 2.01900005e+00 2.00099993e+00 2. 1.98800004e+00
    1.95500004e+00 1.95000005e+00 1.95500004e+00 1.97000003e+00 2.
    2.02999997e+00 2.04600000e+00 2.05100012e+00 2.05100012e+00
    2.05100012e+00 2.06999993e+00 2.10100007e+00 2.08599997e+00
    2.07800007e+00 2.07800007e+00 2.09299994e+00 2.10200000e+00
    2.10200000e+00 2.11800003e+00 2.13100004e+00 2.13100004e+00
    2.14299989e+00 2.14800000e+00 2.11299992e+00 2.10200000e+00
    2.10200000e+00 2.03900003e+00 2.03900003e+00 2.02800012e+00
    1.97099996e+00 1.95000005e+00 1.95000005e+00 1.95000005e+00
    1.96599996e+00 1.99399996e+00 1.99399996e+00 1.99399996e+00
    1.99399996e+00 1.99800003e+00 1.98899996e+00 1.96099997e+00
    1.95599997e+00 1.96399999e+00 1.99300003e+00 2. 2.00600004e+00
    2.03500009e+00 2.04800010e+00 2.05100012e+00 2.05500007e+00
    2.07399988e+00 2.10100007e+00 2.06800008e+00 2.05100012e+00
    2.05100012e+00 2.08200002e+00 2.10200000e+00 2.10200000e+00
    2.10200000e+00 2.10200000e+00 2.10200000e+00 2.12899995e+00
    2.14800000e+00 2.11299992e+00 2.10200000e+00 2.10200000e+00
    1.97300005e+00 1.97300005e+00 1.97099996e+00 1.95500004e+00
    1.95000005e+00 1.95000005e+00 1.95000005e+00 1.95400000e+00
    1.96200001e+00 1.96200001e+00 1.96200001e+00 1.96200001e+00
    1.98500001e+00 1.99699998e+00 1.99000001e+00 1.98800004e+00
    1.99100006e+00 1.99800003e+00 2. 2.00200009e+00 2.00900006e+00
    2.02900004e+00 2.05399990e+00 2.07900000e+00 2.09500003e+00
    2.10100007e+00 2.06800008e+00 2.05100012e+00 2.05100012e+00
    2.08200002e+00 2.10200000e+00 2.10200000e+00 2.10200000e+00
    2.10200000e+00 2.10200000e+00 2.12899995e+00 2.14800000e+00
    2.11299992e+00 2.10200000e+00 2.10200000e+00 1.95000005e+00
    1.95000005e+00 1.95000005e+00 1.95000005e+00 1.95000005e+00
    1.95000005e+00 1.95000005e+00 1.95000005e+00 1.95000005e+00
    1.95000005e+00 1.95000005e+00 1.95000005e+00 1.98000002e+00 2. 2. 2.
    2. 2. 2. 2. 2. 2.02200007e+00 2.05299997e+00 2.07299995e+00
    2.08899999e+00 2.10100007e+00 2.08200002e+00 2.07200003e+00
    2.07200003e+00 2.09100008e+00 2.10200000e+00 2.10200000e+00
    2.10200000e+00 2.10200000e+00 2.10200000e+00 2.12899995e+00
    2.15100002e+00 2.13100004e+00 2.12400007e+00 2.12400007e+00
    1.95000005e+00 1.95000005e+00 1.95000005e+00 1.95000005e+00
    1.95000005e+00 1.95000005e+00 1.95000005e+00 1.95000005e+00
    1.95000005e+00 1.95000005e+00 1.95099998e+00 1.95299995e+00
    1.98099995e+00 2.00099993e+00 2.00300002e+00 2.00300002e+00
    2.00300002e+00 2.00099993e+00 2. 2. 2. 2.02200007e+00 2.05100012e+00
    2.05100012e+00 2.06999993e+00 2.10200000e+00 2.10200000e+00
    2.10200000e+00 2.10200000e+00 2.09999990e+00 2.09899998e+00
    2.09899998e+00 2.10100007e+00 2.10200000e+00 2.10200000e+00
    2.12700009e+00 2.15300012e+00 2.15499997e+00 2.15599990e+00
    2.15599990e+00 1.95000005e+00 1.95000005e+00 1.95000005e+00
    1.95000005e+00 1.95000005e+00 1.95000005e+00 1.95000005e+00
    1.95000005e+00 1.95000005e+00 1.95000005e+00 1.96099997e+00
    1.98399997e+00 1.99399996e+00 2.00900006e+00 2.03299999e+00
    2.03600001e+00 2.02900004e+00 2.00600004e+00 2. 2. 2. 2.02200007e+00
    2.05100012e+00 2.05100012e+00 2.06999993e+00 2.10200000e+00
    2.10200000e+00 2.10200000e+00 2.10200000e+00 2.07999992e+00
    2.06599998e+00 2.06599998e+00 2.08599997e+00 2.10200000e+00
    2.10200000e+00 2.10999990e+00 2.12299991e+00 2.14800000e+00
    2.15599990e+00 2.15599990e+00 1.96800005e+00 1.96000004e+00
    1.95000005e+00 1.95000005e+00 1.95000005e+00 1.95000005e+00
    1.95000005e+00 1.95000005e+00 1.95000005e+00 1.95000005e+00
    1.96500003e+00 1.99800003e+00 2. 2.00799990e+00 2.02900004e+00
    2.03299999e+00 2.02600002e+00 2.00500011e+00 2. 2. 2. 2.02200007e+00
    2.05200005e+00 2.06399989e+00 2.07500005e+00 2.08400011e+00
    2.08400011e+00 2.08400011e+00 2.08400011e+00 2.06399989e+00
    2.05100012e+00 2.05100012e+00 2.07999992e+00 2.10200000e+00
    2.10200000e+00 2.10200000e+00 2.10999990e+00 2.14499998e+00
    2.15599990e+00 2.15599990e+00 1.96800005e+00 1.95899999e+00
    1.95000005e+00 1.95000005e+00 1.95000005e+00 1.95000005e+00
    1.95000005e+00 1.95000005e+00 1.95000005e+00 1.95000005e+00
    1.96500003e+00 1.99699998e+00 2. 2. 2. 2. 2. 2. 2. 2. 2.
    2.02200007e+00 2.05500007e+00 2.08800006e+00 2.08299994e+00
    2.05100012e+00 2.05100012e+00 2.05100012e+00 2.05100012e+00
    2.05100012e+00 2.05100012e+00 2.05100012e+00 2.07999992e+00
    2.10200000e+00 2.10200000e+00 2.10200000e+00 2.10999990e+00
    2.14499998e+00 2.15599990e+00 2.15599990e+00 0. 0. 1.95000005e+00
    1.95000005e+00 1.95000005e+00 1.95000005e+00 1.95000005e+00
    1.95000005e+00 1.95000005e+00 1.95000005e+00 1.95500004e+00
    1.96599996e+00 1.98699999e+00 2. 2. 2. 2. 2. 2.01600003e+00
    2.03299999e+00 2.03299999e+00 2.04099989e+00 2.05200005e+00
    2.06399989e+00 2.06200004e+00 2.05100012e+00 2.05100012e+00
    2.05100012e+00 2.05100012e+00 2.05100012e+00 2.05100012e+00
    2.05100012e+00 2.07999992e+00 2.10200000e+00 2.10200000e+00
    2.10200000e+00 2.10500002e+00 2.11700010e+00 2.12100005e+00
    2.12100005e+00 0. 0. 0. 1.66199994e+00 1.95000005e+00 1.95099998e+00
    1.96099997e+00 1.96000004e+00 1.95000005e+00 1.95000005e+00
    1.95000005e+00 1.95000005e+00 1.97099996e+00 1.98899996e+00
    1.99800003e+00 2. 2. 2. 2.02500010e+00 2.05100012e+00 2.05100012e+00
    2.05100012e+00 2.05100012e+00 2.05100012e+00 2.05100012e+00
    2.05100012e+00 2.05100012e+00 2.05100012e+00 2.05100012e+00
    2.05100012e+00 2.05100012e+00 2.05100012e+00 2.07999992e+00
