<?xml version="1.0"?>
<opencv_storage>
<Depth type_id="opencv-matrix">
  <rows>40</rows>
  <cols>40</cols>
  <dt>f</dt>
  <data>
    0. 0. 0. 0. 0. 0. 0. 0. 0. 0. 0. 0. 0. 0. 0. 0. 0. 0. 0. 0. 0. 0. 0.
    0. 0. 0. 0. 0. 0. 0. 0. 0. 0. 0. 0. 0. 0. 0. 0. 0. 0. 0. 0. 0. 0. 0.
    0. 0. 0. 0. 0. 0. 0. 0. 0. 0. 0. 0. 0. 0. 0. 0. 0. 0. 0. 0. 0. 0. 0.
    0. 0. 0. 0. 0. 0. 0. 0. 0. 0. 0. 0. 0. 0. 0. 0. 0. 0. 0. 0. 0. 0. 0.
    0. 0. 0. 0. 0. 0. 0. 0. 0. 0. 0. 0. 0. 0. 0. 0. 0. 0. 0. 0. 0. 0. 0.
    0. 0. 0. 0. 0. 0. 0. 0. 0. 0. 0. 0. 0. 0. 0. 0. 0. 0. 0. 0. 0. 0. 0.
    0. 0. 0. 0. 0. 0. 0. 0. 0. 0. 0. 0. 0. 0. 0. 0. 0. 0. 0. 0. 0. 0. 0.
    0. 0. 0. 0. 0. 0. 0. 0. 0. 1.94400001e+00 1.94400001e+00
    1.94400001e+00 1.94400001e+00 1.95700002e+00 1.99199998e+00 2. 2. 2.
    2. 2. 0. 0. 0. 0. 1.82799995e+00 2.05800009e+00 2.04900002e+00
    2.01399994e+00 2. 0. 0. 0. 0. 0. 0. 0. 0. 0. 0. 0. 0. 0. 0. 0. 0. 0.
    0. 0. 0. 0. 0. 1.96700001e+00 1.95299995e+00 1.95200002e+00
    1.97200000e+00 1.98699999e+00 2. 2. 2. 2. 0. 0. 0. 0. 1.85099995e+00
    2.08200002e+00 2.07299995e+00 2.03800011e+00 2.02399993e+00 0. 0. 0.
    0. 0. 0. 0. 0. 0. 0. 0. 0. 0. 0. 0. 0. 0. 0. 0. 0. 0. 0.
    1.99899995e+00 1.96500003e+00 1.94400001e+00 1.94400001e+00
    1.97000003e+00 2. 2. 2. 2. 0. 0. 0. 0. 1.88900006e+00 2.11700010e+00
    2.10800004e+00 2.07299995e+00 2.05900002e+00 0. 0. 0. 0. 0. 0. 0. 0.
    0. 0. 0. 0. 0. 0. 0. 0. 0. 0. 0. 0. 0. 0. 1.99899995e+00
    1.96500003e+00 1.94400001e+00 1.94400001e+00 1.97000003e+00 2. 2. 2.
    2. 1.35099995e+00 0. 0. 1.19500005e+00 2.03099990e+00 2.11700010e+00
    2.11400008e+00 2.09999990e+00 2.09500003e+00 0. 0. 0. 0. 0. 0. 0. 0.
    0. 0. 0. 0. 0. 0. 0. 0. 0. 0. 0. 0. 0. 0. 1.99899995e+00
    1.97300005e+00 1.95700002e+00 1.95700002e+00 1.97700000e+00 2. 2. 2.
    2. 2.02900004e+00 2.06500006e+00 2.09999990e+00 2.11700010e+00
    2.11700010e+00 2.11700010e+00 2.11700010e+00 2.11700010e+00
    2.11700010e+00 0. 0. 0. 0. 0. 0. 0. 0. 0. 0. 0. 0. 0. 0. 0. 0. 0. 0.
    0. 0. 0. 0. 2. 1.99500000e+00 1.99199998e+00 1.99199998e+00
    1.99500000e+00 2. 2. 2. 2. 2.02900004e+00 2.06500006e+00
    2.09999990e+00 2.11700010e+00 2.11700010e+00 2.11700010e+00
    2.11700010e+00 2.11700010e+00 2.11700010e+00 0. 0. 0. 0. 0. 0. 0. 0.
    0. 0. 0. 0. 0. 0. 0. 0. 0. 0. 0. 0. 0. 0. 2. 2. 2. 2. 2. 2. 2. 2. 2.
    2.01600003e+00 2.04099989e+00 2.09299994e+00 2.11700010e+00
    2.11700010e+00 2.11700010e+00 2.11700010e+00 2.11700010e+00
    2.11700010e+00 0. 0. 0. 0. 0. 0. 0. 0. 0. 0. 0. 0. 0. 0. 0. 0. 0. 0.
    0. 0. 2. 2. 2. 2. 2. 2. 2. 2. 2. 2. 2. 2. 2.01300001e+00
    2.08400011e+00 2.11599994e+00 2.11299992e+00 2.11299992e+00
    2.11299992e+00 2.11299992e+00 2.11299992e+00 0. 0. 0. 0. 0. 0. 0. 0.
    0. 0. 0. 0. 0. 0. 0. 0. 0. 0. 0. 0. 2. 2. 2. 2. 2. 2. 2. 2. 2. 2. 2.
    2. 2.01300001e+00 2.08400011e+00 2.10400009e+00 2.07999992e+00
    2.07699990e+00 2.07699990e+00 2.07699990e+00 2.07699990e+00 0. 0. 0.
    0. 0. 0. 0. 0. 0. 0. 0. 0. 0. 0. 0. 0. 0. 0. 0. 0. 1.98399997e+00
    1.98399997e+00 1.98399997e+00 1.99399996e+00 2. 2. 2. 2. 2. 2. 2. 2.
    2.01099992e+00 2.07200003e+00 2.08599997e+00 2.06100011e+00
    2.04900002e+00 2.04200006e+00 2.04200006e+00 2.04200006e+00 0. 0. 0.
    0. 0. 0. 0. 0. 0. 0. 0. 0. 0. 0. 0. 0. 0. 0. 0. 0. 1.95000005e+00
    1.95000005e+00 1.95099998e+00 1.98199999e+00 2. 2. 2. 2. 2. 2. 2. 2.
    2.00699997e+00 2.04600000e+00 2.06200004e+00 2.05800009e+00
    2.02999997e+00 2.00600004e+00 2.00600004e+00 2.00600004e+00 0. 0. 0.
    0. 0. 0. 0. 0. 0. 0. 0. 0. 0. 0. 0. 0. 0. 0. 0. 0. 1.94400001e+00
    1.94400001e+00 1.94500005e+00 1.97899997e+00 2. 2. 2. 2. 2. 2. 2.
    2.01500010e+00 2.03200006e+00 2.04999995e+00 2.04800010e+00
    2.03099990e+00 2.01300001e+00 2. 2. 2. 0. 0. 0. 0. 0. 0. 0. 0. 0. 0.
    0. 0. 0. 0. 0. 0. 0. 0. 0. 0. 1.93799996e+00 1.93799996e+00
    1.93900001e+00 1.97300005e+00 1.99399996e+00 1.99399996e+00
    1.99699998e+00 2. 2. 2. 2. 2.02900004e+00 2.05800009e+00
    2.05800009e+00 2.03900003e+00 2.00399995e+00 2. 1.92400002e+00
    1.62800002e+00 1.51300001e+00 0. 0. 0. 0. 0. 0. 0. 0. 0. 0. 0. 0. 0.
    0. 0. 0. 0. 0. 0. 0. 1.90499997e+00 1.90499997e+00 1.90600002e+00
    1.94000006e+00 1.96000004e+00 1.96000004e+00 1.97800004e+00 2. 2. 2.
    2. 2.02900004e+00 2.05800009e+00 2.05800009e+00 2.03900003e+00
    2.00399995e+00 2. 1.50899994e+00 0. 0. 0. 0. 0. 0. 0. 0. 0. 0. 0. 0.
    0. 0. 0. 0. 0. 0. 0. 0. 0. 0. 1.88999999e+00 1.88999999e+00
    1.89100003e+00 1.92400002e+00 1.94400001e+00 1.94400001e+00
    1.96099997e+00 1.98300004e+00 1.99399996e+00 2. 2. 2.02900004e+00
    2.05800009e+00 2.05800009e+00 2.04500008e+00 2.02099991e+00
    1.21899998e+00 0. 0. 0. 0. 0. 0. 0. 0. 0. 0. 0. 0. 0. 0. 0. 0. 0. 0.
    0. 0. 0. 0. 0. 1.88999999e+00 1.88999999e+00 1.89100003e+00
    1.92400002e+00 1.94400001e+00 1.94400001e+00 1.94599998e+00
    1.95099998e+00 1.98300004e+00 2. 2. 2.02900004e+00 2.05800009e+00
    2.05800009e+00 2.05699992e+00 2.05500007e+00 0. 0. 0. 0. 0. 0. 0. 0.
    0. 0. 0. 0. 0. 0. 0. 0. 0. 0. 0. 0. 0. 0. 0. 0. 1.88999999e+00
    1.88999999e+00 1.89100003e+00 1.92400002e+00 1.94400001e+00
    1.94400001e+00 1.94400001e+00 1.94799995e+00 1.98199999e+00 2. 2.
    2.02900004e+00 2.05800009e+00 2.05800009e+00 2.06900001e+00
    2.08800006e+00 0. 0. 0. 0. 0. 0. 0. 0. 0. 0. 0. 0. 0. 0. 0. 0. 0. 0.
    0. 0. 0. 0. 0. 0. 1.89800000e+00 1.89800000e+00 1.89900005e+00
    1.92700005e+00 1.94400001e+00 1.94400001e+00 1.94799995e+00
    1.95599997e+00 1.98500001e+00 2. 2. 2.02900004e+00 2.05800009e+00
    2.05800009e+00 2.07699990e+00 2.11299992e+00 2.11700010e+00
    1.41600001e+00 0. 0. 0. 0. 0. 0. 0. 0. 0. 0. 0. 0. 0. 0. 0. 0. 0. 0.
    0. 0. 0. 0. 1.93099999e+00 1.93099999e+00 1.93200004e+00
    1.93900001e+00 1.94400001e+00 1.94400001e+00 1.96399999e+00
    1.98800004e+00 1.99600005e+00 2. 2. 2.02900004e+00 2.05800009e+00
    2.05800009e+00 2.07699990e+00 2.11299992e+00 2.11700010e+00
    1.41600001e+00 0. 0. 0. 0. 0. 0. 0. 0. 0. 0. 0. 0. 0. 0. 0. 0. 0. 0.
    0. 0. 0. 0. 1.94400001e+00 1.94400001e+00 1.94400001e+00
    1.94400001e+00 1.94400001e+00 1.94400001e+00 1.96000004e+00
    1.98099995e+00 1.99300003e+00 2. 2. 2.02900004e+00 2.05800009e+00
    2.05800009e+00 2.07699990e+00 2.11299992e+00 1.19700003e+00 0. 0. 0.
    0. 0. 0. 0. 0. 0. 0. 0. 0. 0. 0. 0. 0. 0. 0. 0. 0. 0. 0. 0.
    1.94400001e+00 1.94400001e+00 1.94400001e+00 1.94400001e+00
    1.94400001e+00 1.94400001e+00 1.94400001e+00 1.94900000e+00
    1.98199999e+00 2. 2. 2.02900004e+00 2.05800009e+00 2.05800009e+00
    2.07699990e+00 2.11299992e+00 0. 0. 0. 0. 0. 0. 0. 0. 0. 0. 0. 0. 0.
    0. 0. 0. 0. 0. 0. 0. 0. 0. 0. 0. 1.94400001e+00 1.94400001e+00
    1.94400001e+00 1.94400001e+00 1.94400001e+00 1.94400001e+00
    1.94400001e+00 1.94799995e+00 1.98199999e+00 2. 2. 2.01200008e+00
    2.02399993e+00 2.02399993e+00 2.04299998e+00 2.07900000e+00 0. 0. 0.
    0. 0. 0. 0. 0. 0. 0. 0. 0. 0. 0. 0. 0. 0. 0. 0. 0. 0. 0. 0. 0.
    1.94400001e+00 1.94400001e+00 1.94400001e+00 1.94400001e+00
    1.94400001e+00 1.94400001e+00 1.94400001e+00 1.94799995e+00
    1.98199999e+00 2. 2. 2. 2. 2. 2.01500010e+00 2.04399991e+00 0. 0. 0.
    0. 0. 0. 0. 0. 0. 0. 0. 0. 0. 0. 0. 0. 0. 0. 0. 0. 0. 0. 0. 0.
    1.94400001e+00 1.94400001e+00 1.94400001e+00 1.94400001e+00
    1.94400001e+00 1.94400001e+00 1.94400001e+00 1.94799995e+00
    1.98199999e+00 2. 2. 2. 2. 2. 2.00399995e+00 2.00999999e+00 0. 0. 0.
    0. 0. 0. 0. 0. 0. 0. 0. 0. 0. 0. 0. 0. 0. 0. 0. 0. 0. 0. 0. 0.
    1.94400001e+00 1.94400001e+00 1.94400001e+00 1.94400001e+00
    1.94400001e+00 1.94400001e+00 1.94400001e+00 1.94799995e+00
    1.98199999e+00 2. 2. 2. 2. 2. 2. 2. 0. 0. 0. 0. 0. 0. 0. 0. 0. 0. 0.
    0. 0. 0. 0. 0. 0. 0. 0. 0. 0. 0. 0. 0. 1.94400001e+00 1.94400001e+00
    1.94400001e+00 1.94400001e+00 1.94400001e+00 1.94400001e+00
    1.94400001e+00 1.94799995e+00 1.98099995e+00 1.99899995e+00
    1.99899995e+00 1.99899995e+00 2. 2. 2. 2. 0. 0. 0. 0. 0. 0. 0. 0. 0.
