<?xml version="1.0"?>
<opencv_storage>
<Depth type_id="opencv-matrix">
  <rows>40</rows>
  <cols>40</cols>
  <dt>f</dt>
  <data>
    0. 0. 0. 0. 0. 0. 0. 0. 0. 0. 0. 0. 0. 0. 0. 0. 0. 0. 0. 0. 0. 0. 0.
    0. 0. 0. 0. 0. 0. 0. 0. 0. 0. 0. 0. 0. 0. 0. 0. 0. 0. 0. 0. 0. 0. 0.
    0. 0. 0. 0. 0. 0. 0. 0. 0. 0. 0. 0. 0. 0. 0. 0. 0. 0. 0. 0. 0. 0. 0.
    0. 0. 0. 0. 0. 0. 0. 0. 0. 0. 0. 0. 0. 0. 0. 0. 0. 0. 0. 0. 0. 0. 0.
    0. 0. 0. 0. 0. 0. 0. 0. 0. 0. 0. 0. 0. 0. 0. 0. 0. 0. 0. 0. 0. 0. 0.
    0. 0. 0. 0. 0. 0. 0. 0. 0. 0. 0. 0. 0. 0. 0. 0. 0. 0. 0. 0. 0. 0. 0.
    0. 0. 0. 0. 0. 0. 0. 0. 0. 0. 0. 0. 0. 0. 0. 0. 0. 0. 0. 0. 0. 0. 0.
    0. 0. 0. 0. 0. 0. 0. 0. 0. 0. 0. 0. 0. 0. 0. 0. 0. 0. 0. 0. 0. 0. 0.
    0. 0. 0. 0. 0. 0. 0. 0. 0. 0. 0. 0. 0. 0. 0. 0. 0. 0. 0. 0. 0. 0. 0.
    0. 0. 0. 0. 0. 0. 0. 0. 0. 0. 0. 0. 0. 0. 0. 0. 0. 0. 0. 0. 0. 0. 0.
    0. 0. 0. 0. 0. 0. 0. 0. 0. 0. 0. 0. 0. 0. 0. 0. 0. 0. 0. 0. 0. 0. 0.
    0. 0. 0. 0. 0. 0. 0. 0. 0. 0. 0. 0. 0. 0. 0. 0. 0. 0. 0. 0. 0. 0. 0.
    0. 0. 0. 0. 0. 0. 0. 0. 0. 0. 0. 0. 0. 0. 0. 0. 0. 0. 0. 0. 0. 0. 0.
    0. 0. 0. 0. 0. 0. 0. 0. 0. 0. 0. 0. 0. 0. 0. 0. 0. 0. 0. 0. 0. 0. 0.
    0. 0. 0. 0. 0. 0. 0. 0. 0. 0. 0. 0. 0. 0. 0. 0. 0. 0. 0. 0. 0. 0. 0.
    0. 0. 0. 0. 0. 0. 0. 0. 0. 0. 0. 0. 0. 0. 0. 0. 0. 0. 0. 0. 0. 0. 0.
    0. 0. 0. 0. 0. 0. 0. 0. 0. 0. 0. 0. 0. 0. 0. 0. 0. 0. 0. 0. 0. 0. 0.
    0. 0. 0. 0. 0. 0. 0. 0. 0. 0. 0. 0. 0. 0. 0. 0. 0. 0. 0. 0. 0. 0. 0.
    0. 0. 0. 0. 0. 0. 0. 0. 0. 0. 0. 0. 0. 0. 0. 0. 0. 0. 0. 0. 0. 0. 0.
    0. 0. 0. 0. 0. 0. 0. 0. 0. 0. 0. 0. 0. 0. 0. 0. 0. 0. 0. 0. 0. 0. 0.
    0. 0. 0. 0. 0. 0. 0. 0. 0. 0. 0. 0. 0. 0. 0. 0. 0. 0. 0. 0. 0. 0. 0.
    0. 0. 0. 0. 0. 0. 0. 0. 0. 0. 0. 0. 0. 0. 0. 0. 0. 0. 0. 0. 0. 0. 0.
    0. 0. 0. 0. 0. 0. 0. 0. 0. 0. 0. 0. 0. 0. 0. 0. 0. 0. 0. 0. 0. 0. 0.
    0. 0. 0. 0. 0. 0. 0. 0. 0. 0. 0. 0. 0. 0. 0. 0. 0. 0. 0. 0. 0. 0. 0.
    0. 0. 0. 0. 0. 0. 0. 0. 0. 0. 0. 0. 0. 0. 0. 0. 0. 0. 0. 0. 0. 0. 0.
    0. 0. 0. 0. 0. 0. 0. 0. 0. 0. 0. 0. 0. 0. 0. 0. 0. 0. 0. 0. 0. 0. 0.
    0. 0. 2.33699989e+00 2.29200006e+00 2.24099994e+00 2.22099996e+00
    2.22099996e+00 2.20199990e+00 2.15199995e+00 2.10800004e+00
    2.10800004e+00 2.10800004e+00 2.19600010e+00 2.29800010e+00
    2.33699989e+00 2.33699989e+00 2.31800008e+00 2.26699996e+00
    2.21499991e+00 2.16499996e+00 2.11500001e+00 2.10800004e+00
    2.10800004e+00 2.13899994e+00 2.18899989e+00 2.18600011e+00
    2.08800006e+00 2. 2. 2. 2.04099989e+00 2.08899999e+00 2.10800004e+00
    2.10800004e+00 2.10800004e+00 2.10800004e+00 2.09800005e+00
    2.00399995e+00 1.90900004e+00 1.89499998e+00 1.89499998e+00
    1.89499998e+00 2.33699989e+00 2.29200006e+00 2.24099994e+00
    2.22099996e+00 2.22099996e+00 2.20199990e+00 2.15199995e+00
    2.10800004e+00 2.10800004e+00 2.10800004e+00 2.19600010e+00
    2.29800010e+00 2.33699989e+00 2.33699989e+00 2.31800008e+00
    2.26699996e+00 2.21499991e+00 2.16499996e+00 2.11500001e+00
    2.10100007e+00 2.09299994e+00 2.11599994e+00 2.15700006e+00
    2.15499997e+00 2.07299995e+00 2. 2. 2. 2.04099989e+00 2.08899999e+00
    2.10800004e+00 2.10800004e+00 2.10800004e+00 2.10800004e+00
    2.09899998e+00 2.01200008e+00 1.92499995e+00 1.90600002e+00
    1.89800000e+00 1.89499998e+00 2.33699989e+00 2.29200006e+00
    2.24099994e+00 2.22099996e+00 2.22099996e+00 2.20199990e+00
    2.15199995e+00 2.10800004e+00 2.10800004e+00 2.10800004e+00
    2.19600010e+00 2.29800010e+00 2.33699989e+00 2.33699989e+00
    2.31800008e+00 2.26699996e+00 2.21499991e+00 2.16499996e+00
    2.11500001e+00 2.08299994e+00 2.05299997e+00 2.05399990e+00
    2.07399988e+00 2.07200003e+00 2.03399992e+00 2. 2. 2. 2.04099989e+00
    2.08899999e+00 2.10800004e+00 2.10800004e+00 2.10800004e+00
    2.10800004e+00 2.10100007e+00 2.03500009e+00 1.96899998e+00
    1.93499994e+00 1.90600002e+00 1.89499998e+00 2.33100009e+00
    2.28800011e+00 2.23900008e+00 2.22099996e+00 2.22099996e+00
    2.20199990e+00 2.15199995e+00 2.10800004e+00 2.10800004e+00
    2.10800004e+00 2.19400001e+00 2.29299998e+00 2.33100009e+00
    2.33100009e+00 2.31299996e+00 2.26399994e+00 2.21499991e+00
    2.16499996e+00 2.11500001e+00 2.06699991e+00 2.01900005e+00 2. 2. 2.
    2. 2. 2. 2. 2.04099989e+00 2.08899999e+00 2.10800004e+00
    2.10800004e+00 2.10800004e+00 2.10800004e+00 2.10299993e+00
    2.05500007e+00 2.00699997e+00 1.96000004e+00 1.91400003e+00
    1.89400005e+00 2.28200006e+00 2.25699997e+00 2.23099995e+00
    2.22099996e+00 2.22099996e+00 2.20199990e+00 2.15199995e+00
    2.10800004e+00 2.10800004e+00 2.10800004e+00 2.17400002e+00
    2.25000000e+00 2.27900004e+00 2.27900004e+00 2.26999998e+00
    2.24399996e+00 2.21499991e+00 2.16499996e+00 2.11500001e+00
    2.06699991e+00 2.01900005e+00 2. 2. 2. 2. 2. 2. 2. 2.04099989e+00
    2.08899999e+00 2.10800004e+00 2.10800004e+00 2.10800004e+00
    2.10800004e+00 2.10299993e+00 2.05500007e+00 2.00699997e+00
    1.96000004e+00 1.91400003e+00 1.88199997e+00 2.23399997e+00
    2.22499990e+00 2.22199988e+00 2.22099996e+00 2.22099996e+00
    2.20199990e+00 2.15199995e+00 2.10800004e+00 2.10800004e+00
    2.10800004e+00 2.15400004e+00 2.20700002e+00 2.22799993e+00
    2.22799993e+00 2.22700000e+00 2.22399998e+00 2.21499991e+00
    2.16499996e+00 2.11500001e+00 2.06699991e+00 2.01900005e+00 2. 2. 2.
    2. 2. 2. 2. 2.04099989e+00 2.08899999e+00 2.10800004e+00
    2.10800004e+00 2.10800004e+00 2.10800004e+00 2.10299993e+00
    2.05500007e+00 2.00699997e+00 1.96000004e+00 1.91400003e+00
    1.87000000e+00 2.22799993e+00 2.22099996e+00 2.22099996e+00
    2.22099996e+00 2.22099996e+00 2.21000004e+00 2.17899990e+00
    2.15199995e+00 2.15199995e+00 2.15199995e+00 2.17799997e+00
    2.20900011e+00 2.22099996e+00 2.22099996e+00 2.22099996e+00
    2.22099996e+00 2.21499991e+00 2.16499996e+00 2.11500001e+00
    2.06699991e+00 2.01900005e+00 2. 2. 2. 2. 2.00200009e+00
    2.02099991e+00 2.03900003e+00 2.05100012e+00 2.06200004e+00
    2.06599998e+00 2.06599998e+00 2.07299995e+00 2.09100008e+00
    2.10299993e+00 2.05500007e+00 2.00699997e+00 1.94599998e+00
    1.88199997e+00 1.83899999e+00 2.22799993e+00 2.22099996e+00
    2.22099996e+00 2.22099996e+00 2.22099996e+00 2.21799994e+00
    2.20900011e+00 2.20199990e+00 2.20199990e+00 2.20199990e+00
    2.20900011e+00 2.21799994e+00 2.22099996e+00 2.22099996e+00
    2.22099996e+00 2.22099996e+00 2.21499991e+00 2.16499996e+00
    2.11500001e+00 2.06699991e+00 2.01900005e+00 2. 2. 2. 2.
    2.00399995e+00 2.04399991e+00 2.08400011e+00 2.06299996e+00
    2.03099990e+00 2.01799989e+00 2.01799989e+00 2.03200006e+00
    2.07200003e+00 2.10299993e+00 2.05500007e+00 2.00699997e+00
    1.92900002e+00 1.84500003e+00 1.80599999e+00 2.22799993e+00
    2.22099996e+00 2.22099996e+00 2.22099996e+00 2.22099996e+00
    2.22099996e+00 2.22099996e+00 2.22099996e+00 2.22099996e+00
    2.22099996e+00 2.22099996e+00 2.22099996e+00 2.22099996e+00
    2.22099996e+00 2.22099996e+00 2.22099996e+00 2.21499991e+00
    2.16499996e+00 2.11500001e+00 2.06699991e+00 2.01900005e+00 2. 2. 2.
    2. 2.00500011e+00 2.05299997e+00 2.10100007e+00 2.06699991e+00
    2.01900005e+00 2. 2. 2.01699996e+00 2.06500006e+00 2.10299993e+00
    2.05500007e+00 2.00699997e+00 1.92200005e+00 1.83099997e+00
    1.79400003e+00 0. 0. 0. 0. 0. 0. 0. 0. 0. 0. 0. 0. 0. 0. 0. 0. 0. 0.
    0. 0. 0. 0. 0. 0. 0. 0. 0. 0. 0. 0. 0. 0. 0. 0. 0. 0. 0. 0. 0. 0. 0.
    0. 0. 0. 0. 0. 0. 0. 0. 0. 0. 0. 0. 0. 0. 0. 0. 0. 0. 0. 0. 0. 0. 0.
    0. 0. 0. 0. 0. 0. 0. 0. 0. 0. 0. 0. 0. 0. 0. 0. 0. 0. 0. 0. 0. 0. 0.
    0. 0. 0. 0. 0. 0. 0. 0. 0. 0. 0. 0. 0. 0. 0. 0. 0. 0. 0. 0. 0. 0. 0.
    0. 0. 0. 0. 0. 0. 0. 0. 0. 0. 0. 0. 0. 0. 0. 0. 0. 0. 0. 0. 0. 0. 0.
    0. 0. 0. 0. 0. 0. 0. 0. 0. 0. 0. 0. 0. 0. 0. 0. 0. 0. 0. 0. 0. 0. 0.
    0. 0. 0. 0. 0. 0. 0. 0. 0. 0. 0. 0. 0. 0. 0. 0. 0. 0. 0. 0. 0. 0. 0.
    0. 0. 0. 0. 0. 0. 0. 0. 0. 0. 0. 0. 0. 0. 0. 0. 0. 0. 0. 0. 0. 0. 0.
    0. 0. 0. 0. 0. 0. 0. 0. 0. 0. 0. 0. 0. 0. 0. 0. 0. 0. 0. 0. 0. 0. 0.
