<?xml version="1.0"?>
<opencv_storage>
<Depth type_id="opencv-matrix">
  <rows>40</rows>
  <cols>40</cols>
  <dt>f</dt>
  <data>
    0. 0. 0. 0. 0. 0. 0. 0. 0. 0. 0. 0. 0. 0. 0. 0. 0. 0. 0. 0. 0. 0. 0.
    0. 0. 0. 0. 0. 0. 0. 0. 0. 0. 0. 0. 0. 0. 0. 0. 0. 0. 0. 0. 0. 0. 0.
    0. 0. 0. 0. 0. 0. 0. 0. 0. 0. 0. 0. 0. 0. 0. 0. 0. 0. 0. 0. 0. 0. 0.
    0. 0. 0. 0. 0. 0. 0. 0. 0. 0. 0. 0. 0. 0. 0. 0. 0. 0. 0. 0. 0. 0. 0.
    0. 0. 0. 0. 0. 0. 0. 0. 0. 0. 0. 0. 0. 0. 0. 0. 0. 0. 0. 0. 0. 0. 0.
    0. 0. 0. 0. 0. 0. 0. 0. 0. 0. 0. 0. 0. 0. 0. 0. 0. 0. 0. 0. 0. 0. 0.
    0. 0. 0. 0. 0. 0. 0. 0. 0. 0. 0. 0. 0. 0. 0. 0. 0. 0. 0. 0. 0. 0. 0.
    0. 0. 0. 0. 0. 0. 0. 0. 0. 0. 0. 0. 0. 0. 0. 0. 0. 0. 0. 0. 0. 0. 0.
    0. 0. 0. 0. 0. 0. 0. 0. 0. 0. 0. 0. 0. 0. 0. 0. 0. 0. 0. 0. 0. 0. 0.
    0. 0. 0. 0. 0. 0. 0. 0. 0. 0. 0. 0. 0. 0. 0. 0. 0. 0. 0. 0. 0. 0. 0.
    0. 0. 0. 0. 0. 0. 0. 0. 0. 0. 0. 0. 0. 0. 0. 0. 0. 0. 0. 0. 0. 0. 0.
    0. 0. 0. 0. 0. 0. 0. 0. 0. 0. 0. 0. 0. 0. 0. 0. 0. 0. 0. 0. 0. 0. 0.
    0. 0. 0. 0. 0. 0. 0. 0. 0. 0. 0. 0. 0. 0. 0. 0. 0. 0. 0. 0. 0. 0. 0.
    0. 0. 0. 0. 0. 0. 0. 0. 0. 0. 0. 0. 0. 0. 0. 0. 0. 0. 0. 0. 0. 0. 0.
    0. 0. 0. 0. 0. 0. 0. 0. 0. 0. 0. 0. 0. 0. 0. 0. 0. 0. 0. 0. 0. 0. 0.
    0. 0. 0. 0. 0. 0. 0. 0. 0. 0. 0. 0. 0. 0. 0. 0. 0. 0. 0. 0. 0. 0. 0.
    0. 0. 0. 0. 0. 0. 0. 0. 0. 0. 0. 0. 0. 0. 0. 0. 0. 0. 0. 0. 0. 0. 0.
    0. 0. 0. 0. 0. 0. 0. 0. 0. 0. 0. 0. 0. 0. 0. 0. 0. 0. 0. 0. 0. 0. 0.
    0. 0. 0. 0. 0. 0. 0. 0. 0. 0. 0. 0. 0. 0. 0. 0. 0. 0. 0. 0. 0. 0. 0.
    0. 0. 0. 0. 0. 0. 0. 0. 0. 0. 0. 0. 0. 0. 0. 0. 0. 0. 0. 0. 0. 0. 0.
    0. 0. 0. 0. 0. 0. 0. 0. 0. 0. 0. 0. 0. 0. 0. 0. 0. 0. 0. 0. 0. 0. 0.
    0. 0. 0. 0. 0. 0. 0. 0. 0. 0. 0. 0. 0. 0. 0. 0. 0. 0. 0. 0. 0. 0. 0.
    0. 0. 0. 0. 0. 0. 0. 0. 0. 0. 0. 0. 0. 0. 0. 0. 0. 0. 2.16300011e+00
    2.11800003e+00 2.08800006e+00 2.08800006e+00 2.08800006e+00
    2.08800006e+00 2.08800006e+00 2.08800006e+00 2.09800005e+00
    2.14400005e+00 2.18000007e+00 2.18000007e+00 2.18000007e+00
    2.18000007e+00 2.18000007e+00 2.18000007e+00 2.18000007e+00
    2.18000007e+00 2.18000007e+00 2.18000007e+00 2.18000007e+00
    2.18000007e+00 2.18000007e+00 2.18000007e+00 2.18000007e+00
    2.13700008e+00 2.09200001e+00 2.04900002e+00 2.00500011e+00
    1.96300006e+00 1.92100000e+00 1.91400003e+00 1.91400003e+00
    2.01900005e+00 2.14899993e+00 0. 0. 0. 0. 0. 2.16300011e+00
    2.11800003e+00 2.08800006e+00 2.08800006e+00 2.08800006e+00
    2.08800006e+00 2.08800006e+00 2.08800006e+00 2.09800005e+00
    2.14400005e+00 2.18000007e+00 2.18000007e+00 2.17799997e+00
    2.16799998e+00 2.15799999e+00 2.15799999e+00 2.15799999e+00
    2.15799999e+00 2.15799999e+00 2.15799999e+00 2.15799999e+00
    2.15799999e+00 2.15799999e+00 2.16899991e+00 2.17899990e+00
    2.13700008e+00 2.09200001e+00 2.04900002e+00 2.00500011e+00
    1.96300006e+00 1.92100000e+00 1.91400003e+00 1.91400003e+00
    2.01900005e+00 2.14899993e+00 0. 0. 0. 0. 1.70899999e+00
    2.16300011e+00 2.11800003e+00 2.08800006e+00 2.08800006e+00
    2.08800006e+00 2.08800006e+00 2.08800006e+00 2.08800006e+00
    2.09800005e+00 2.14400005e+00 2.18000007e+00 2.18000007e+00
    2.17499995e+00 2.14199996e+00 2.11299992e+00 2.11299992e+00
    2.11299992e+00 2.11299992e+00 2.11299992e+00 2.11299992e+00
    2.11299992e+00 2.11299992e+00 2.11299992e+00 2.14499998e+00
    2.17799997e+00 2.13700008e+00 2.09200001e+00 2.04900002e+00
    2.00500011e+00 1.96300006e+00 1.92100000e+00 1.91400003e+00
    1.91400003e+00 2.01900005e+00 2.14899993e+00 1.62800002e+00
    2.18000007e+00 2.18000007e+00 2.17600012e+00 2.16599989e+00
    2.14700007e+00 2.11100006e+00 2.08800006e+00 2.08800006e+00
    2.08800006e+00 2.08800006e+00 2.08800006e+00 2.08800006e+00
    2.09800005e+00 2.14400005e+00 2.18000007e+00 2.18000007e+00
    2.17300010e+00 2.12800002e+00 2.08800006e+00 2.08800006e+00
    2.08800006e+00 2.08800006e+00 2.08800006e+00 2.08800006e+00
    2.08800006e+00 2.08800006e+00 2.08800006e+00 2.13199997e+00
    2.17799997e+00 2.14700007e+00 2.11100006e+00 2.05999994e+00
    2.00699997e+00 1.97099996e+00 1.93799996e+00 1.93299997e+00
    1.93299997e+00 2.02999997e+00 2.15199995e+00 2.20000005e+00
    2.18000007e+00 2.18000007e+00 2.16700006e+00 2.13499999e+00
    2.10999990e+00 2.09699988e+00 2.08800006e+00 2.08800006e+00
    2.08800006e+00 2.08800006e+00 2.08800006e+00 2.08800006e+00
    2.09800005e+00 2.14400005e+00 2.18000007e+00 2.18000007e+00
    2.17300010e+00 2.12800002e+00 2.08800006e+00 2.08800006e+00
    2.08800006e+00 2.08800006e+00 2.08800006e+00 2.08800006e+00
    2.08800006e+00 2.08800006e+00 2.08800006e+00 2.13199997e+00
    2.17799997e+00 2.16799998e+00 2.15499997e+00 2.08500004e+00
    2.00999999e+00 1.98899996e+00 1.97700000e+00 1.97500002e+00
    1.97500002e+00 2.05599999e+00 2.15599990e+00 2.16599989e+00
    2.17600012e+00 2.16700006e+00 2.14700007e+00 2.11100006e+00
    2.08800006e+00 2.08800006e+00 2.08800006e+00 2.08800006e+00
    2.08800006e+00 2.08800006e+00 2.08800006e+00 2.08800006e+00
    2.09599996e+00 2.13199997e+00 2.16100001e+00 2.16100001e+00
    2.15599990e+00 2.11999989e+00 2.08699989e+00 2.07800007e+00
    2.06999993e+00 2.06999993e+00 2.07100010e+00 2.07900000e+00
    2.08800006e+00 2.08800006e+00 2.08800006e+00 2.12299991e+00
    2.15899992e+00 2.16100001e+00 2.16100001e+00 2.10599995e+00
    2.04399991e+00 2.02800012e+00 2.01900005e+00 2.01799989e+00
    2.01799989e+00 2.07399988e+00 2.14499998e+00 2.13400006e+00
    2.16599989e+00 2.13499999e+00 2.11100006e+00 2.09699988e+00
    2.08800006e+00 2.08800006e+00 2.08800006e+00 2.08800006e+00
    2.08800006e+00 2.08800006e+00 2.08800006e+00 2.08800006e+00
    2.09100008e+00 2.10500002e+00 2.11599994e+00 2.11599994e+00
    2.11400008e+00 2.09999990e+00 2.08400011e+00 2.05399990e+00
    2.02699995e+00 2.02699995e+00 2.02900004e+00 2.05900002e+00
    2.08800006e+00 2.08800006e+00 2.08800006e+00 2.10200000e+00
    2.11500001e+00 2.11599994e+00 2.11599994e+00 2.11999989e+00
    2.12400007e+00 2.09699988e+00 2.06599998e+00 2.06100011e+00
    2.06100011e+00 2.08299994e+00 2.10999990e+00 2.10599995e+00
    2.16000009e+00 2.11500001e+00 2.08800006e+00 2.08800006e+00
    2.08800006e+00 2.08800006e+00 2.08800006e+00 2.08800006e+00
    2.08800006e+00 2.08800006e+00 2.08800006e+00 2.08800006e+00
    2.08800006e+00 2.08800006e+00 2.08800006e+00 2.08800006e+00
    2.08800006e+00 2.08800006e+00 2.08299994e+00 2.03900003e+00 2. 2.
    2.00200009e+00 2.04500008e+00 2.08800006e+00 2.08800006e+00
    2.08800006e+00 2.07999992e+00 2.07200003e+00 2.07200003e+00
    2.07200003e+00 2.09800005e+00 2.12700009e+00 2.09899998e+00
    2.06200004e+00 2.06900001e+00 2.08500004e+00 2.08800006e+00
    2.08800006e+00 2.08800006e+00 2.16000009e+00 2.11500001e+00
    2.08800006e+00 2.08800006e+00 2.08800006e+00 2.08800006e+00
    2.08800006e+00 2.08800006e+00 2.08800006e+00 2.08800006e+00
    2.08800006e+00 2.08800006e+00 2.08800006e+00 2.08800006e+00
    2.08800006e+00 2.08800006e+00 2.08800006e+00 2.08800006e+00
    2.08299994e+00 2.03900003e+00 2. 2. 2.00200009e+00 2.04500008e+00
    2.08800006e+00 2.08800006e+00 2.08800006e+00 2.05900002e+00
    2.02999997e+00 2.02900004e+00 2.02900004e+00 2.01600003e+00
    2.00200009e+00 1.98800004e+00 1.97300005e+00 2.01900005e+00
    2.07699990e+00 2.08800006e+00 2.08800006e+00 2.08800006e+00
    2.14499998e+00 2.09999990e+00 2.07299995e+00 2.07299995e+00
    2.07299995e+00 2.07299995e+00 2.07599998e+00 2.08299994e+00
    2.08800006e+00 2.08800006e+00 2.08800006e+00 2.08800006e+00
    2.08800006e+00 2.08800006e+00 2.08800006e+00 2.08800006e+00
    2.08800006e+00 2.08800006e+00 2.08400011e+00 2.04699993e+00
    2.01500010e+00 2.01500010e+00 2.01699996e+00 2.05299997e+00
    2.08800006e+00 2.08800006e+00 2.08800006e+00 2.04600000e+00
    2.00200009e+00 2. 2. 1.96200001e+00 1.91900003e+00 1.91400003e+00
    1.91400003e+00 1.60500002e+00 1.23699999e+00 1.16400003e+00
    1.16400003e+00 1.16400003e+00 2.09999990e+00 2.05599999e+00
