<?xml version="1.0"?>
<opencv_storage>
<Depth type_id="opencv-matrix">
  <rows>40</rows>
  <cols>40</cols>
  <dt>f</dt>
  <data>
    0. 0. 0. 0. 0. 0. 0. 0. 0. 0. 0. 0. 0. 0. 0. 0. 0. 0. 0. 0. 0. 0. 0.
    0. 0. 0. 0. 0. 0. 0. 0. 0. 0. 0. 0. 0. 0. 0. 0. 0. 0. 0. 0. 0. 0. 0.
    0. 0. 0. 0. 0. 0. 0. 0. 0. 0. 0. 0. 0. 0. 0. 0. 0. 0. 0. 0. 0. 0. 0.
    0. 0. 0. 0. 0. 0. 0. 0. 0. 0. 0. 0. 0. 0. 0. 0. 0. 0. 0. 0. 0. 0. 0.
    0. 0. 0. 0. 0. 0. 0. 0. 0. 0. 0. 0. 0. 0. 0. 0. 0. 0. 0. 0. 0. 0. 0.
    0. 0. 0. 0. 0. 0. 0. 0. 0. 0. 0. 0. 0. 0. 0. 0. 0. 0. 0. 0. 0. 0. 0.
    0. 0. 0. 0. 0. 0. 0. 0. 0. 0. 0. 0. 0. 0. 0. 0. 0. 0. 0. 0. 0. 0. 0.
    0. 0. 0. 0. 0. 0. 0. 0. 0. 0. 0. 0. 0. 0. 0. 0. 0. 0. 0. 0. 0. 0. 0.
    0. 0. 0. 0. 0. 0. 0. 0. 0. 0. 0. 0. 0. 0. 0. 0. 0. 0. 0. 0. 0. 0. 0.
    0. 0. 0. 0. 0. 0. 0. 0. 0. 0. 0. 0. 0. 0. 0. 0. 0. 0. 0. 0. 0. 0. 0.
    0. 0. 0. 0. 0. 0. 0. 0. 0. 0. 0. 0. 0. 0. 0. 0. 0. 0. 0. 0. 0. 0. 0.
    0. 0. 0. 0. 0. 0. 0. 0. 0. 0. 0. 0. 0. 0. 0. 0. 0. 0. 0. 0. 0. 0. 0.
    0. 0. 0. 0. 0. 0. 0. 0. 0. 0. 0. 0. 0. 0. 0. 0. 0. 0. 0. 0. 0. 0. 0.
    0. 0. 0. 0. 0. 0. 0. 0. 0. 0. 0. 0. 0. 0. 0. 0. 0. 0. 0. 0. 0. 0. 0.
    0. 0. 0. 0. 0. 0. 0. 0. 0. 0. 0. 0. 0. 0. 0. 0. 0. 0. 0. 0. 0. 0. 0.
    0. 0. 0. 0. 0. 0. 0. 0. 0. 0. 0. 0. 0. 0. 0. 0. 0. 0. 0. 0. 0. 0. 0.
    0. 0. 0. 0. 0. 0. 0. 0. 0. 0. 0. 0. 0. 0. 0. 0. 0. 0. 0. 0. 0. 0. 0.
    0. 0. 0. 0. 0. 0. 0. 0. 0. 0. 0. 0. 0. 0. 0. 0. 0. 0. 0. 0. 0. 0. 0.
    0. 0. 0. 0. 0. 0. 0. 0. 0. 0. 0. 0. 0. 0. 0. 0. 0. 0. 0. 0. 0. 0. 0.
    0. 0. 0. 2.08299994e+00 2.08299994e+00 2.08299994e+00 2.04900002e+00
    2.00699997e+00 2. 2. 2.03600001e+00 2.07900000e+00 2.16199994e+00
    2.25000000e+00 2.25699997e+00 2.25699997e+00 2.34599996e+00
    2.44099998e+00 2.64700007e+00 2.85500002e+00 2.85500002e+00
    2.85500002e+00 2.85500002e+00 2.85200000e+00 2.79699993e+00
    2.74699998e+00 2.74699998e+00 2.74699998e+00 2.74699998e+00
    2.75500011e+00 2.80900002e+00 2.85500002e+00 2.85500002e+00
    2.85500002e+00 2.85500002e+00 2.85500002e+00 2.85500002e+00
    2.85500002e+00 2.85500002e+00 2.85500002e+00 2.85500002e+00
    2.85500002e+00 2.85500002e+00 2.08299994e+00 2.08299994e+00
    2.08299994e+00 2.04900002e+00 2.00699997e+00 2. 2. 2.03600001e+00
    2.07900000e+00 2.14100003e+00 2.20700002e+00 2.21199989e+00
    2.21199989e+00 2.26699996e+00 2.32599998e+00 2.47799993e+00
    2.63199997e+00 2.63199997e+00 2.63299990e+00 2.64400005e+00
    2.65199995e+00 2.61100006e+00 2.57299995e+00 2.56200004e+00
    2.55299997e+00 2.55299997e+00 2.55800009e+00 2.59899998e+00
    2.63199997e+00 2.63199997e+00 2.63499999e+00 2.64499998e+00
    2.65400004e+00 2.65400004e+00 2.67600012e+00 2.76300001e+00
    2.83100009e+00 2.84500003e+00 2.85500002e+00 2.85500002e+00
    2.08299994e+00 2.08299994e+00 2.08299994e+00 2.04900002e+00
    2.00699997e+00 2. 2. 2.03600001e+00 2.07900000e+00 2.10100007e+00
    2.12199998e+00 2.12299991e+00 2.12299991e+00 2.11400008e+00
    2.10299993e+00 2.15100002e+00 2.19899988e+00 2.19899988e+00
    2.20000005e+00 2.23200011e+00 2.26200008e+00 2.24900007e+00
    2.23499990e+00 2.20300007e+00 2.17400002e+00 2.17400002e+00
    2.17600012e+00 2.18799996e+00 2.19899988e+00 2.19899988e+00
    2.20499992e+00 2.23799992e+00 2.26300001e+00 2.26300001e+00
    2.32699990e+00 2.58500004e+00 2.78399992e+00 2.82599998e+00
    2.85500002e+00 2.85500002e+00 2.08299994e+00 2.08299994e+00
    2.08299994e+00 2.04900002e+00 2.00699997e+00 2. 2. 2.03600001e+00
    2.07900000e+00 2.08299994e+00 2.08299994e+00 2.07200003e+00
    2.06100011e+00 2.03099990e+00 2.00099993e+00 2. 2. 2. 2.00099993e+00
    2.04299998e+00 2.08200002e+00 2.07100010e+00 2.05800009e+00
    2.02699995e+00 2. 2. 1.99800003e+00 1.98699999e+00 1.97800004e+00
    1.97800004e+00 1.98599994e+00 2.02800012e+00 2.05999994e+00
    2.05999994e+00 2.12100005e+00 2.36500001e+00 2.55299997e+00
    2.59299994e+00 2.62100005e+00 2.62100005e+00 2.08299994e+00
    2.08299994e+00 2.08299994e+00 2.04900002e+00 2.00699997e+00 2. 2.
    2.03600001e+00 2.07900000e+00 2.08299994e+00 2.08299994e+00
    2.05299997e+00 2.01999998e+00 2.00900006e+00 2. 2. 2. 2.
    2.00099993e+00 2.04299998e+00 2.08100009e+00 2.04800010e+00
    2.01699996e+00 2.00799990e+00 2. 2. 1.99600005e+00 1.96300006e+00
    1.93700004e+00 1.93700004e+00 1.94500005e+00 1.98599994e+00
    2.01799989e+00 2.01799989e+00 2.03600001e+00 2.10999990e+00
    2.16700006e+00 2.17899990e+00 2.18700004e+00 2.18700004e+00
    2.08299994e+00 2.08299994e+00 2.08299994e+00 2.05900002e+00
    2.02900004e+00 2.02399993e+00 2.02399993e+00 2.04999995e+00
    2.07999992e+00 2.08299994e+00 2.08299994e+00 2.04399991e+00
    2.00200009e+00 2. 2. 2. 2. 2. 2.00099993e+00 2.03099990e+00
    2.05699992e+00 2.02699995e+00 2. 2. 2. 2. 1.99399996e+00
    1.95299995e+00 1.91900003e+00 1.91900003e+00 1.92700005e+00
    1.96800005e+00 2. 2. 2. 2. 2. 2. 2. 2. 2.08299994e+00 2.08299994e+00
    2.08299994e+00 2.07599998e+00 2.06699991e+00 2.06599998e+00
    2.06599998e+00 2.07299995e+00 2.08200002e+00 2.08299994e+00
    2.08299994e+00 2.04399991e+00 2.00200009e+00 2. 2. 2. 2. 2. 2.
    2.00900006e+00 2.01699996e+00 2.00799990e+00 2. 2. 2. 2.
    1.99399996e+00 1.95299995e+00 1.91900003e+00 1.91900003e+00
    1.92700005e+00 1.96800005e+00 2. 2. 2. 2. 2. 2. 2. 2. 2.08299994e+00
    2.08299994e+00 2.08299994e+00 2.08299994e+00 2.08299994e+00
    2.07200003e+00 2.05999994e+00 2.05800009e+00 2.05800009e+00
    2.05800009e+00 2.05800009e+00 2.03099990e+00 2.00099993e+00 2. 2. 2.
    2. 2. 2. 2. 2. 2. 1.99899995e+00 1.98699999e+00 1.97599995e+00
    1.97599995e+00 1.97300005e+00 1.95700002e+00 1.94299996e+00
    1.94299996e+00 1.94900000e+00 1.97800004e+00 2. 2. 2. 2. 2. 2. 2. 2.
    2.08299994e+00 2.08299994e+00 2.08299994e+00 2.08299994e+00
    2.08299994e+00 2.05399990e+00 2.01999998e+00 2.01600003e+00
    2.01600003e+00 2.01600003e+00 2.01600003e+00 2.00799990e+00 2. 2. 2.
    2. 2. 2. 2. 2. 2. 2. 1.99699998e+00 1.96399999e+00 1.93499994e+00
    1.93499994e+00 1.93799996e+00 1.96300006e+00 1.98500001e+00
    1.98500001e+00 1.98599994e+00 1.99399996e+00 2. 2. 2. 2. 2. 2. 2. 2.
    2.05699992e+00 2.06699991e+00 2.08100009e+00 2.08299994e+00
    2.08299994e+00 2.04800010e+00 2.00600004e+00 2. 2. 2. 2. 2. 2. 2. 2.
    2. 2. 2. 2. 2. 2. 2. 1.99699998e+00 1.95500004e+00 1.91900003e+00
    1.91900003e+00 1.92299998e+00 1.95099998e+00 1.97399998e+00
    1.97399998e+00 1.97399998e+00 1.97399998e+00 1.97200000e+00
    1.95899999e+00 1.95000005e+00 1.95000005e+00 1.95299995e+00
    1.96599996e+00 1.97399998e+00 1.97399998e+00 2.01500010e+00
    2.04200006e+00 2.07699990e+00 2.08299994e+00 2.08299994e+00
    2.04800010e+00 2.00600004e+00 2. 2. 2. 2. 2. 2. 2. 2. 2. 2. 2. 2. 2.
    2. 2. 1.99699998e+00 1.95500004e+00 1.91900003e+00 1.91900003e+00
    1.91999996e+00 1.92700005e+00 1.93299997e+00 1.93299997e+00
    1.93299997e+00 1.93299997e+00 1.92600000e+00 1.89400005e+00
    1.86899996e+00 1.86899996e+00 1.87800002e+00 1.91100001e+00
    1.93299997e+00 1.93299997e+00 2. 2.03299999e+00 2.07500005e+00
    2.08299994e+00 2.08299994e+00 2.05900002e+00 2.03099990e+00
    2.01500010e+00 2.00099993e+00 2. 2. 2. 2. 2. 2. 2. 2. 2. 2. 2. 2. 2.
    1.99699998e+00 1.95500004e+00 1.91900003e+00 1.91900003e+00
    1.91900003e+00 1.91900003e+00 1.91900003e+00 1.91900003e+00
    1.91900003e+00 1.91900003e+00 1.90999997e+00 1.87100005e+00
    1.84099996e+00 1.84099996e+00 1.85200000e+00 1.89100003e+00
    1.91900003e+00 1.91900003e+00 2. 2.03299999e+00 2.07500005e+00
    2.08299994e+00 2.08299994e+00 2.07699990e+00 2.06999993e+00
    2.03900003e+00 2.00399995e+00 2. 2. 2. 2. 2. 2. 2. 2. 2. 2. 2. 2. 2.
    1.99699998e+00 1.95500004e+00 1.91900003e+00 1.91900003e+00
    1.91900003e+00 1.91900003e+00 1.91900003e+00 1.91900003e+00
    1.91900003e+00 1.91900003e+00 1.90999997e+00 1.87100005e+00
    1.84099996e+00 1.84099996e+00 1.85200000e+00 1.89100003e+00
    1.91900003e+00 1.91900003e+00 2.02800012e+00 2.04999995e+00
