<?xml version="1.0"?>
<opencv_storage>
<Depth type_id="opencv-matrix">
  <rows>40</rows>
  <cols>40</cols>
  <dt>f</dt>
  <data>
    0. 0. 0. 0. 0. 0. 0. 0. 0. 0. 0. 0. 1.89699996e+00 1.87600005e+00
    1.87300003e+00 1.87300003e+00 1.87300003e+00 1.87300003e+00
    1.87300003e+00 1.87000000e+00 1.85699999e+00 1.84300005e+00
    1.84300005e+00 1.84300005e+00 2.52800012e+00 2.96099997e+00 0. 0. 0.
    0. 0. 0. 0. 0. 0. 0. 0. 0. 0. 0. 0. 0. 0. 0. 0. 0. 0. 0. 0. 0. 0. 0.
    1.90100002e+00 1.87699997e+00 1.87300003e+00 1.87300003e+00
    1.87300003e+00 1.87300003e+00 1.87300003e+00 1.87300003e+00
    1.86800003e+00 1.86199999e+00 1.86199999e+00 1.86199999e+00
    2.66700006e+00 0. 0. 0. 0. 0. 0. 0. 0. 0. 0. 0. 0. 0. 0. 0. 0. 0. 0.
    0. 0. 0. 0. 0. 0. 0. 0. 0. 1.90199995e+00 1.88800001e+00
    1.88600004e+00 1.88600004e+00 1.88300002e+00 1.87300003e+00
    1.87300003e+00 1.87300003e+00 1.87300003e+00 1.87300003e+00
    1.87399995e+00 1.88399994e+00 2.67499995e+00 0. 0. 0. 0. 0. 0. 0. 0.
    0. 0. 0. 0. 0. 0. 0. 0. 0. 0. 0. 0. 0. 0. 0. 0. 0. 0. 0.
    1.90400004e+00 1.90400004e+00 1.90400004e+00 1.90400004e+00
    1.89499998e+00 1.87300003e+00 1.87300003e+00 1.87300003e+00
    1.87300003e+00 1.87300003e+00 1.87500000e+00 1.89900005e+00
    2.50200009e+00 2.80999994e+00 2.85700011e+00 0. 0. 0. 0. 0. 0. 0. 0.
    0. 0. 0. 0. 0. 0. 0. 0. 0. 0. 0. 0. 0. 0. 0. 0. 0. 1.90300000e+00
    1.90300000e+00 1.90400004e+00 1.90400004e+00 1.89600003e+00
    1.87399995e+00 1.87300003e+00 1.87300003e+00 1.87300003e+00
    1.87300003e+00 1.87500000e+00 1.89900005e+00 1.90400004e+00
    1.93299997e+00 2.24499989e+00 0. 0. 0. 0. 0. 0. 0. 0. 0. 0. 0. 0. 0.
    0. 0. 0. 0. 0. 0. 0. 0. 0. 0. 0. 0. 1.87800002e+00 1.87800002e+00
    1.89600003e+00 1.90400004e+00 1.90300000e+00 1.89699996e+00
    1.87600005e+00 1.87300003e+00 1.87300003e+00 1.87300003e+00
    1.87500000e+00 1.89900005e+00 1.90400004e+00 1.93299997e+00
    2.25699997e+00 0. 0. 0. 0. 0. 0. 0. 0. 0. 0. 0. 0. 0. 0. 0. 0. 0. 0.
    0. 0. 0. 0. 0. 0. 0. 1.87300003e+00 1.87300003e+00 1.89400005e+00
    1.90400004e+00 1.90400004e+00 1.90300000e+00 1.89400005e+00
    1.89199996e+00 1.89199996e+00 1.89199996e+00 1.89300001e+00
    1.90199995e+00 1.91700006e+00 2.29099989e+00 2.85400009e+00 0. 0. 0.
    0. 0. 0. 0. 0. 0. 0. 0. 0. 0. 0. 0. 0. 0. 0. 0. 0. 0. 0. 0. 0. 0.
    1.88600004e+00 1.88600004e+00 1.89800000e+00 1.90999997e+00
    1.91700006e+00 1.91700006e+00 1.91700006e+00 1.91700006e+00
    1.91700006e+00 1.91700006e+00 1.91700006e+00 1.91700006e+00
    1.92900002e+00 2.27500010e+00 2.82299995e+00 0. 0. 0. 0. 0. 0. 0. 0.
    0. 0. 0. 0. 0. 0. 0. 0. 0. 0. 0. 0. 0. 0. 0. 0. 0. 1.90400004e+00
    1.90400004e+00 1.90400004e+00 1.91900003e+00 1.93700004e+00
    1.94200003e+00 1.94200003e+00 1.94200003e+00 1.93900001e+00
    1.93499994e+00 1.93499994e+00 1.93499994e+00 1.93499994e+00
    1.95000005e+00 2.27699995e+00 0. 0. 0. 0. 0. 0. 0. 0. 0. 0. 0. 0. 0.
    0. 0. 0. 0. 0. 0. 0. 0. 0. 0. 0. 0. 1.86699998e+00 1.89999998e+00
    1.90400004e+00 1.91900003e+00 1.94400001e+00 1.96800005e+00
    1.96800005e+00 1.96800005e+00 1.95299995e+00 1.93499994e+00
    1.93499994e+00 1.93499994e+00 1.93499994e+00 1.95000005e+00
    2.28600001e+00 0. 0. 0. 0. 0. 0. 0. 0. 0. 0. 0. 0. 0. 0. 0. 0. 0. 0.
    0. 0. 0. 0. 0. 0. 0. 0. 1.61800003e+00 1.92900002e+00 1.94500005e+00
    1.97099996e+00 1.99199998e+00 1.97099996e+00 1.96800005e+00
    1.96500003e+00 1.96200001e+00 1.96000004e+00 1.93900001e+00
    1.93499994e+00 1.95000005e+00 2.03600001e+00 2.28500009e+00 0. 0. 0.
    0. 0. 0. 0. 0. 0. 0. 0. 0. 0. 0. 0. 0. 0. 0. 0. 0. 0. 0. 0. 0. 0.
    1.56900001e+00 1.95500004e+00 1.96099997e+00 1.97700000e+00
    1.99800003e+00 1.97200000e+00 1.96800005e+00 1.96800005e+00
    1.96800005e+00 1.96700001e+00 1.95700002e+00 1.95500004e+00
    1.96099997e+00 1.97599995e+00 2.05100012e+00 0. 0. 0. 0. 0. 0. 0. 0.
    0. 0. 0. 0. 0. 0. 0. 0. 0. 0. 0. 0. 0. 0. 0. 0. 0. 1.75000000e+00
    1.97200000e+00 1.96800005e+00 1.97700000e+00 1.99800003e+00
    1.97200000e+00 1.96800005e+00 1.96800005e+00 1.96800005e+00
    1.96800005e+00 1.96800005e+00 1.96800005e+00 1.96800005e+00
    1.97599995e+00 2.05100012e+00 0. 0. 0. 0. 0. 0. 0. 0. 0. 0. 0. 0. 0.
    0. 0. 0. 0. 0. 0. 0. 0. 0. 0. 0. 1.99399996e+00 1.99399996e+00
    1.97599995e+00 1.96800005e+00 1.97700000e+00 1.99800003e+00
    1.97200000e+00 1.96800005e+00 1.96800005e+00 1.96800005e+00
    1.96800005e+00 1.96800005e+00 1.96800005e+00 1.96800005e+00
    1.97599995e+00 2.05100012e+00 0. 0. 0. 0. 0. 0. 0. 0. 0. 0. 0. 0. 0.
    0. 0. 0. 0. 0. 0. 0. 0. 0. 0. 0. 1.96800005e+00 1.96800005e+00
    1.96800005e+00 1.96800005e+00 1.97700000e+00 1.99800003e+00
    1.97200000e+00 1.96800005e+00 1.96800005e+00 1.96800005e+00
    1.96800005e+00 1.96800005e+00 1.96800005e+00 1.96800005e+00
    1.97599995e+00 2.05100012e+00 0. 0. 0. 0. 0. 0. 0. 0. 0. 0. 0. 0. 0.
    0. 0. 0. 0. 0. 0. 0. 0. 0. 0. 0. 1.96800005e+00 1.96800005e+00
    1.96800005e+00 1.96800005e+00 1.97700000e+00 2. 1.99399996e+00
    1.99300003e+00 1.98199999e+00 1.96800005e+00 1.96800005e+00
    1.96800005e+00 1.96800005e+00 1.96800005e+00 1.97599995e+00
    2.05100012e+00 0. 0. 0. 0. 0. 0. 0. 0. 0. 0. 0. 0. 0. 0. 0. 0. 0. 0.
    0. 0. 0. 0. 0. 0. 0. 0. 1.35099995e+00 1.98699999e+00 1.99100006e+00
    2. 2. 2. 1.99399996e+00 1.98199999e+00 1.96800005e+00 1.96800005e+00
    1.96800005e+00 1.96800005e+00 1.97099996e+00 2.03299999e+00 0. 0. 0.
    0. 0. 0. 0. 0. 0. 0. 0. 0. 0. 0. 0. 0. 0. 0. 0. 0. 0. 0. 0. 0. 0. 0.
    0. 1.98800004e+00 1.99100006e+00 2. 2. 2. 2. 1.99500000e+00
    1.98000002e+00 1.97000003e+00 1.96800005e+00 1.96800005e+00
    1.96800005e+00 2.02099991e+00 0. 0. 0. 0. 0. 0. 0. 0. 0. 0. 0. 0. 0.
    0. 0. 0. 0. 0. 0. 0. 0. 0. 0. 0. 0. 0. 0. 1.96800005e+00
    1.97700000e+00 2. 2.00500011e+00 2.00600004e+00 2.00600004e+00
    2.00500011e+00 1.99899995e+00 1.97800004e+00 1.97000003e+00
    1.96800005e+00 1.96800005e+00 2.02099991e+00 0. 0. 0. 0. 0. 0. 0. 0.
    0. 0. 0. 0. 0. 0. 0. 0. 0. 0. 0. 0. 0. 0. 0. 0. 0. 0. 0.
    1.96800005e+00 1.97700000e+00 2.00200009e+00 2.02900004e+00
    2.03299999e+00 2.03299999e+00 2.02500010e+00 2. 2. 1.97899997e+00
    1.96800005e+00 1.96800005e+00 2.02300000e+00 0. 0. 0. 0. 0. 0. 0. 0.
    0. 0. 0. 0. 0. 0. 0. 0. 0. 0. 0. 0. 0. 0. 0. 0. 0. 0. 0.
    1.99300003e+00 2.00200009e+00 2.02500010e+00 2.00999999e+00
    2.00699997e+00 2.01999998e+00 2.02500010e+00 2. 2. 1.99500000e+00
    1.99300003e+00 1.99300003e+00 2.04699993e+00 0. 0. 0. 0. 0. 0. 0. 0.
    0. 0. 0. 0. 0. 0. 0. 0. 0. 0. 0. 0. 0. 0. 0. 0. 0. 0. 0. 0.
    2.02399993e+00 2.03200006e+00 2.00399995e+00 2. 2.01600003e+00
    2.02999997e+00 2.01999998e+00 2.01999998e+00 2.00699997e+00 2.
    2.00500011e+00 2.07299995e+00 0. 0. 0. 0. 0. 0. 0. 0. 0. 0. 0. 0. 0.
    0. 0. 0. 0. 0. 0. 0. 0. 0. 0. 0. 0. 0. 0. 0. 2.04299998e+00
    2.03200006e+00 2.01500010e+00 2.01300001e+00 2.02300000e+00
    2.03399992e+00 2.03399992e+00 2.03399992e+00 2.01200008e+00 2.
    2.01099992e+00 2.09899998e+00 0. 0. 0. 0. 0. 0. 0. 0. 0. 0. 0. 0. 0.
    0. 0. 0. 0. 0. 0. 0. 0. 0. 0. 0. 0. 0. 0. 0. 2.05399990e+00
    2.03399992e+00 2.02900004e+00 2.02800012e+00 2.03099990e+00
    2.03399992e+00 2.03399992e+00 2.03399992e+00 2.01200008e+00 2.
    2.01799989e+00 2.12500000e+00 0. 0. 0. 0. 0. 0. 0. 0. 0. 0. 0. 0. 0.
    0. 0. 0. 0. 0. 0. 0. 0. 0. 0. 0. 0. 0. 0. 0. 2.03500009e+00
    2.03200006e+00 2.00500011e+00 2.00099993e+00 2.01600003e+00
    2.03399992e+00 2.03399992e+00 2.03399992e+00 2.01200008e+00 2.
    2.02500010e+00 2.15100002e+00 0. 0. 0. 0. 0. 0. 0. 0. 0. 0. 0. 0. 0.
    0. 0. 0. 0. 0. 0. 0. 0. 0. 0. 0. 0. 0. 0. 1.63000000e+00
    2.03399992e+00 2.03200006e+00 2.00399995e+00 2. 2.02800012e+00
    2.05999994e+00 2.05900002e+00 2.03800011e+00 2.02900004e+00
    2.02600002e+00 2.03200006e+00 2.10200000e+00 0. 0. 0. 0. 0. 0. 0. 0.
    0. 0. 0. 0. 0. 0. 0. 0. 0. 0. 0. 0. 0. 0. 0. 0. 0. 0. 0.
    2.05200005e+00 2.03399992e+00 2.03299999e+00 2.02099991e+00
