<?xml version="1.0"?>
<opencv_storage>
<Depth type_id="opencv-matrix">
  <rows>40</rows>
  <cols>40</cols>
  <dt>f</dt>
  <data>
    0. 0. 0. 0. 0. 0. 0. 0. 0. 0. 0. 0. 0. 0. 0. 0. 0. 0. 0. 0. 0. 0. 0.
    0. 0. 0. 0. 0. 0. 0. 0. 0. 0. 0. 0. 0. 0. 0. 0. 0. 0. 0. 0. 0. 0. 0.
    0. 0. 0. 0. 0. 0. 0. 0. 0. 0. 0. 0. 0. 0. 0. 0. 0. 0. 0. 0. 0. 0. 0.
    0. 0. 0. 0. 0. 0. 0. 0. 0. 0. 0. 0. 0. 0. 0. 0. 0. 0. 0. 0. 0. 0. 0.
    0. 0. 0. 0. 0. 0. 0. 0. 0. 0. 0. 0. 0. 0. 0. 0. 0. 0. 0. 0. 0. 0. 0.
    0. 0. 0. 0. 0. 0. 0. 0. 0. 0. 0. 0. 0. 0. 0. 0. 0. 0. 0. 0. 0. 0. 0.
    0. 0. 0. 0. 0. 0. 0. 0. 0. 0. 0. 0. 0. 0. 0. 0. 0. 0. 0. 0. 0. 0. 0.
    0. 0. 0. 0. 0. 0. 0. 0. 0. 0. 0. 0. 0. 0. 0. 0. 0. 0. 0. 0. 0. 0. 0.
    0. 0. 0. 0. 0. 0. 0. 0. 0. 0. 0. 0. 0. 0. 0. 0. 0. 0. 0. 0. 0. 0. 0.
    0. 0. 0. 0. 0. 0. 0. 0. 0. 0. 0. 0. 0. 0. 0. 0. 0. 0. 0. 0. 0. 0. 0.
    0. 0. 0. 0. 0. 0. 0. 0. 0. 0. 0. 0. 0. 0. 0. 0. 0. 0. 0. 0. 0. 0. 0.
    0. 0. 0. 0. 0. 0. 0. 0. 0. 0. 0. 0. 0. 0. 0. 0. 0. 0. 0. 0. 0. 0. 0.
    0. 0. 0. 0. 0. 0. 0. 0. 0. 0. 0. 0. 0. 0. 0. 0. 0. 0. 0. 0. 0. 0. 0.
    0. 0. 0. 0. 0. 0. 0. 0. 0. 0. 0. 0. 0. 0. 0. 0. 0. 0. 0. 0. 0. 0. 0.
    0. 0. 0. 0. 0. 0. 0. 0. 0. 0. 0. 0. 0. 0. 0. 0. 0. 0. 0. 0. 0. 0. 0.
    0. 0. 0. 0. 0. 0. 0. 0. 0. 0. 0. 0. 0. 0. 0. 0. 0. 0. 0. 0. 0. 0. 0.
    0. 0. 0. 0. 0. 0. 0. 0. 0. 0. 0. 0. 0. 0. 0. 0. 0. 0. 0. 0. 0. 0. 0.
    0. 0. 0. 0. 0. 0. 0. 0. 0. 0. 0. 0. 0. 0. 0. 0. 0. 0. 0. 0. 0. 0. 0.
    0. 0. 0. 0. 0. 0. 0. 0. 0. 0. 0. 0. 0. 0. 0. 0. 0. 0. 0. 0. 0. 0. 0.
    0. 0. 0. 0. 0. 0. 0. 0. 0. 0. 0. 0. 0. 0. 0. 0. 0. 0. 0. 0. 0.
    1.88999999e+00 2.31399989e+00 2.31399989e+00 2.31399989e+00
    2.31399989e+00 2.31399989e+00 2.31399989e+00 2.29900002e+00
    1.37600005e+00 0. 0. 0. 0. 0. 0. 0. 0. 0. 0. 0. 0. 0. 0. 0. 0. 0. 0.
    0. 0. 0. 0. 0. 0. 0. 0. 0. 0. 0. 0. 1.20899999e+00 1.96599996e+00
    2.31399989e+00 2.31399989e+00 2.31399989e+00 2.31399989e+00
    2.31399989e+00 2.31399989e+00 2.30100012e+00 1.55400002e+00 0. 0. 0.
    0. 0. 0. 0. 0. 0. 0. 0. 0. 0. 0. 0. 0. 0. 0. 0. 0. 1.61099994e+00
    1.61099994e+00 1.61099994e+00 1.61099994e+00 1.61099994e+00
    1.60899997e+00 1.57700002e+00 1.54400003e+00 1.54100001e+00
    1.54100001e+00 1.79499996e+00 2.15100002e+00 2.31399989e+00
    2.31399989e+00 2.31399989e+00 2.31399989e+00 2.31399989e+00
    2.31399989e+00 2.30900002e+00 1.98500001e+00 1.66199994e+00
    1.61099994e+00 1.61099994e+00 1.61099994e+00 1.61099994e+00
    1.61099994e+00 0. 0. 0. 0. 0. 0. 0. 0. 0. 0. 0. 0. 0. 0.
    2.31399989e+00 2.31399989e+00 2.31399989e+00 2.31399989e+00
    2.31399989e+00 2.31100011e+00 2.26099992e+00 2.21199989e+00
    2.20600009e+00 2.20600009e+00 2.23799992e+00 2.28200006e+00
    2.30200005e+00 2.30200005e+00 2.30399990e+00 2.30999994e+00
    2.31399989e+00 2.31399989e+00 2.31399989e+00 2.31399989e+00
    2.31399989e+00 2.31399989e+00 2.31399989e+00 2.31399989e+00
    2.31399989e+00 2.31399989e+00 0. 0. 0. 0. 0. 0. 0. 0. 0. 0. 0. 0. 0.
    0. 2.31399989e+00 2.31399989e+00 2.31399989e+00 2.31399989e+00
    2.31399989e+00 2.31100011e+00 2.26099992e+00 2.21199989e+00
    2.20600009e+00 2.20600009e+00 2.22099996e+00 2.24300003e+00
    2.25200009e+00 2.25200009e+00 2.26300001e+00 2.29099989e+00
    2.31399989e+00 2.31399989e+00 2.31399989e+00 2.31399989e+00
    2.31399989e+00 2.31399989e+00 2.31399989e+00 2.31399989e+00
    2.31399989e+00 2.31399989e+00 0. 0. 0. 0. 0. 0. 0. 0. 0. 0. 0. 0. 0.
    0. 2.31100011e+00 2.31100011e+00 2.31100011e+00 2.31100011e+00
    2.31100011e+00 2.30800009e+00 2.25799990e+00 2.20799994e+00
    2.20300007e+00 2.20300007e+00 2.20300007e+00 2.20300007e+00
    2.20300007e+00 2.20300007e+00 2.22099996e+00 2.27099991e+00
    2.31100011e+00 2.31100011e+00 2.31100011e+00 2.31100011e+00
    2.31100011e+00 2.31100011e+00 2.31100011e+00 2.31200004e+00
    2.31299996e+00 2.31399989e+00 0. 0. 0. 0. 0. 0. 0. 0. 0. 0. 0. 0. 0.
    0. 2.26099992e+00 2.26099992e+00 2.26099992e+00 2.26099992e+00
    2.26099992e+00 2.25799990e+00 2.20900011e+00 2.16000009e+00
    2.15499997e+00 2.15499997e+00 2.15499997e+00 2.15499997e+00
    2.15499997e+00 2.15499997e+00 2.17300010e+00 2.22199988e+00
    2.26099992e+00 2.26099992e+00 2.26099992e+00 2.26099992e+00
    2.26099992e+00 2.26099992e+00 2.26099992e+00 2.27699995e+00
    2.30200005e+00 2.31399989e+00 0. 0. 0. 0. 0. 0. 0. 0. 0. 0. 0. 0. 0.
    0. 2.21199989e+00 2.21199989e+00 2.21199989e+00 2.21199989e+00
    2.21199989e+00 2.20799994e+00 2.16000009e+00 2.11199999e+00
    2.10599995e+00 2.10599995e+00 2.10599995e+00 2.10599995e+00
    2.10599995e+00 2.10599995e+00 2.12400007e+00 2.17199993e+00
    2.21199989e+00 2.21199989e+00 2.21199989e+00 2.21199989e+00
    2.21199989e+00 2.21199989e+00 2.21199989e+00 2.24300003e+00
    2.28999996e+00 2.31399989e+00 0. 0. 0. 0. 0. 0. 0. 0. 0. 0. 0. 0. 0.
    0. 2.16300011e+00 2.17100000e+00 2.19099998e+00 2.20600009e+00
    2.20600009e+00 2.20300007e+00 2.15499997e+00 2.10599995e+00
    2.08400011e+00 2.06500006e+00 2.05999994e+00 2.05999994e+00
    2.05999994e+00 2.05999994e+00 2.07699990e+00 2.12500000e+00
    2.16300011e+00 2.16300011e+00 2.16300011e+00 2.18300009e+00
    2.20300007e+00 2.20600009e+00 2.20600009e+00 2.23900008e+00
    2.28900003e+00 2.31399989e+00 0. 0. 0. 0. 0. 0. 0. 0. 0. 0. 0. 0. 0.
    0. 2.11500001e+00 2.13199997e+00 2.17400002e+00 2.20600009e+00
    2.20600009e+00 2.20300007e+00 2.15499997e+00 2.10599995e+00
    2.06500006e+00 2.02500010e+00 2.01300001e+00 2.01300001e+00
    2.01300001e+00 2.01300001e+00 2.02999997e+00 2.07699990e+00
    2.11500001e+00 2.11500001e+00 2.11500001e+00 2.15700006e+00
    2.19899988e+00 2.20600009e+00 2.20600009e+00 2.23900008e+00
    2.28900003e+00 2.31399989e+00 0. 0. 0. 0. 0. 0. 0. 0. 0. 0. 0. 0. 0.
    0. 2.06800008e+00 2.08699989e+00 2.13499999e+00 2.16799998e+00
    2.15300012e+00 2.13499999e+00 2.08800006e+00 2.04099989e+00
    2.00799990e+00 1.97700000e+00 1.96800005e+00 1.96800005e+00
    1.97599995e+00 1.99100006e+00 2.01099992e+00 2.04299998e+00
    2.07100010e+00 2.08599997e+00 2.10200000e+00 2.13400006e+00
    2.16599989e+00 2.17100000e+00 2.17100000e+00 2.20400000e+00
    2.25399995e+00 2.27800012e+00 0. 0. 0. 0. 0. 0. 0. 0. 0. 0. 0. 0. 0.
    0. 2.02099991e+00 2.04099989e+00 2.08800006e+00 2.11400008e+00
    2.07800007e+00 2.04099989e+00 1.99500000e+00 1.94900000e+00
    1.93499994e+00 1.92600000e+00 1.92299998e+00 1.92299998e+00
    1.94200003e+00 1.97700000e+00 2.00399995e+00 2.01300001e+00
    2.02800012e+00 2.06500006e+00 2.10100007e+00 2.11100006e+00
    2.12199998e+00 2.12299991e+00 2.12299991e+00 2.15599990e+00
    2.20400000e+00 2.22900009e+00 0. 0. 0. 0. 0. 0. 0. 0. 0. 0. 0. 0. 0.
    0. 1.97599995e+00 1.99500000e+00 2.04099989e+00 2.06800008e+00
    2.03299999e+00 1.99699998e+00 1.95200002e+00 1.90699995e+00
    1.90199995e+00 1.90199995e+00 1.90199995e+00 1.90199995e+00
    1.91999996e+00 1.95400000e+00 1.97599995e+00 1.97599995e+00
    1.98399997e+00 2.03099990e+00 2.07599998e+00 2.07599998e+00
    2.07599998e+00 2.08599997e+00 2.09699988e+00 2.12500000e+00
    2.16199994e+00 2.18000007e+00 0. 0. 0. 0. 0. 0. 0. 0. 0. 0. 0. 0. 0.
    0. 1.93099999e+00 1.94900000e+00 1.99500000e+00 2.02600002e+00
    2.01300001e+00 1.99699998e+00 1.95200002e+00 1.90699995e+00
    1.90199995e+00 1.90199995e+00 1.90199995e+00 1.90199995e+00
    1.90900004e+00 1.92200005e+00 1.93099999e+00 1.93099999e+00
    1.93900001e+00 1.98500001e+00 2.02900004e+00 2.02900004e+00
    2.02900004e+00 2.05699992e+00 2.08999991e+00 2.10999990e+00
    2.12400007e+00 2.13199997e+00 0. 0. 0. 0. 0. 0. 0. 0. 0. 0. 0. 0. 0.
    0. 1.90199995e+00 1.92100000e+00 1.96599996e+00 2. 2. 1.99699998e+00
    1.95200002e+00 1.90699995e+00 1.90199995e+00 1.90199995e+00
    1.90199995e+00 1.90199995e+00 1.90199995e+00 1.90199995e+00
    1.90199995e+00 1.90199995e+00 1.91100001e+00 1.95599997e+00 2. 2. 2.
    2.03900003e+00 2.08599997e+00 2.10100007e+00 2.10100007e+00
    2.10100007e+00 0. 0. 0. 0. 0. 0. 0. 0. 0. 0. 0. 0. 0. 0.
