<?xml version="1.0"?>
<opencv_storage>
<Depth type_id="opencv-matrix">
  <rows>40</rows>
  <cols>40</cols>
  <dt>f</dt>
  <data>
    0. 0. 0. 0. 0. 0. 0. 0. 0. 0. 0. 0. 0. 0. 0. 0. 0. 0. 0. 0. 0. 0. 0.
    0. 0. 0. 0. 0. 0. 0. 0. 0. 0. 0. 0. 0. 0. 0. 0. 0. 0. 0. 0. 0. 0. 0.
    0. 0. 0. 0. 0. 0. 0. 0. 0. 0. 0. 0. 0. 0. 0. 0. 0. 0. 0. 0. 0. 0. 0.
    0. 0. 0. 0. 0. 0. 0. 0. 0. 0. 0. 0. 0. 0. 0. 0. 0. 0. 0. 0. 0. 0. 0.
    0. 0. 0. 0. 0. 0. 0. 0. 0. 0. 0. 0. 0. 0. 0. 0. 0. 0. 0. 0. 0. 0. 0.
    0. 0. 0. 0. 0. 0. 0. 0. 0. 0. 0. 0. 0. 0. 0. 0. 0. 0. 0. 0. 0. 0. 0.
    0. 0. 0. 0. 0. 0. 0. 0. 0. 0. 0. 0. 0. 0. 0. 0. 0. 0. 0. 0. 0. 0. 0.
    0. 0. 0. 0. 0. 0. 0. 0. 0. 0. 0. 0. 0. 0. 0. 0. 0. 0. 0. 0. 0. 0. 0.
    0. 0. 0. 0. 0. 0. 0. 0. 0. 0. 0. 0. 0. 0. 0. 0. 0. 0. 0. 0. 0. 0. 0.
    0. 0. 0. 0. 0. 0. 0. 0. 0. 0. 0. 0. 0. 0. 0. 0. 0. 0. 0. 0. 0. 0. 0.
    0. 0. 0. 0. 0. 0. 0. 0. 0. 0. 0. 0. 0. 0. 0. 0. 0. 0. 0. 0. 0. 0. 0.
    0. 0. 0. 0. 0. 0. 0. 0. 0. 0. 0. 0. 0. 0. 0. 0. 0. 0. 0. 0. 0. 0. 0.
    0. 0. 0. 0. 0. 0. 0. 0. 0. 0. 0. 0. 0. 0. 0. 0. 0. 0. 0. 0. 0. 0. 0.
    0. 0. 0. 0. 0. 0. 0. 0. 0. 0. 0. 0. 0. 0. 0. 0. 0. 0. 0. 0. 0. 0. 0.
    0. 0. 0. 0. 0. 0. 0. 0. 0. 0. 0. 0. 0. 0. 0. 0. 0. 0. 0. 0. 0. 0. 0.
    0. 0. 0. 0. 0. 0. 0. 0. 0. 0. 0. 0. 0. 0. 0. 0. 0. 0. 0. 0. 0. 0. 0.
    0. 0. 0. 0. 0. 0. 0. 0. 0. 0. 0. 0. 0. 0. 0. 0. 0. 0. 0. 0. 0. 0. 0.
    0. 0. 0. 0. 0. 0. 0. 0. 0. 0. 0. 0. 0. 0. 0. 0. 0. 0. 0. 0. 0. 0. 0.
    0. 0. 0. 0. 0. 0. 0. 0. 0. 0. 0. 0. 0. 0. 0. 0. 0. 0. 0. 0. 0. 0. 0.
    0. 0. 0. 0. 0. 0. 0. 0. 0. 0. 0. 0. 0. 0. 0. 0. 0. 0. 0. 0. 0. 0. 0.
    0. 0. 0. 0. 0. 0. 0. 0. 0. 0. 0. 0. 0. 0. 0. 0. 0. 0. 0. 0. 0. 0. 0.
    0. 0. 0. 0. 0. 0. 0. 0. 0. 0. 0. 0. 0. 0. 0. 0. 0. 0. 0. 0. 0. 0. 0.
    0. 0. 0. 0. 0. 0. 0. 0. 0. 0. 0. 0. 0. 0. 0. 0. 0. 0. 0.
    2.51999998e+00 2.51999998e+00 2.51999998e+00 2.43499994e+00
    2.37899995e+00 2.37899995e+00 2.37899995e+00 2.37899995e+00
    2.33800006e+00 2.29699993e+00 2.25799990e+00 2.24499989e+00
    2.24399996e+00 2.20600009e+00 2.14299989e+00 2.03399992e+00 2. 2. 2.
    2. 2. 2. 2.00099993e+00 2.03699994e+00 2.05900002e+00 2.05900002e+00
    1.10899997e+00 0. 0. 0. 0. 0. 0. 0. 0. 0. 0. 0. 0. 0. 2.51999998e+00
    2.51999998e+00 2.51999998e+00 2.43499994e+00 2.37899995e+00
    2.37899995e+00 2.36800003e+00 2.35100007e+00 2.32699990e+00
    2.29699993e+00 2.25799990e+00 2.24499989e+00 2.24399996e+00
    2.20600009e+00 2.14299989e+00 2.03399992e+00 2. 2. 2. 2. 2. 2.
    2.00099993e+00 2.02200007e+00 2.03500009e+00 2.03500009e+00
    1.46700001e+00 0. 0. 0. 0. 0. 0. 0. 0. 0. 0. 0. 0. 0. 2.51999998e+00
    2.51999998e+00 2.51900005e+00 2.43499994e+00 2.37899995e+00
    2.37899995e+00 2.35100007e+00 2.31100011e+00 2.31100011e+00
    2.29699993e+00 2.25699997e+00 2.24499989e+00 2.24399996e+00
    2.20600009e+00 2.14299989e+00 2.03399992e+00 2. 2. 2. 2. 2. 2. 2. 2.
    2. 2. 2. 1.94400001e+00 0. 0. 0. 0. 0. 0. 0. 0. 0. 0. 0. 0.
    2.47700000e+00 2.47700000e+00 2.47600007e+00 2.41799998e+00
    2.37899995e+00 2.37899995e+00 2.35100007e+00 2.31100011e+00
    2.28699994e+00 2.25799990e+00 2.21900010e+00 2.19099998e+00
    2.16899991e+00 2.15400004e+00 2.11299992e+00 2.02699995e+00 2. 2. 2.
    1.99199998e+00 1.97099996e+00 1.96500003e+00 1.96599996e+00
    1.98699999e+00 2. 2. 1.98500001e+00 1.94099998e+00 1.38600004e+00
    1.04100001e+00 0. 0. 0. 0. 0. 0. 0. 0. 0. 0. 2.43400002e+00
    2.43400002e+00 2.43400002e+00 2.39199996e+00 2.36500001e+00
    2.36500001e+00 2.34299994e+00 2.31100011e+00 2.27099991e+00
    2.23200011e+00 2.19400001e+00 2.15599990e+00 2.11899996e+00
    2.11899996e+00 2.09400010e+00 2.02200007e+00 2. 2. 2. 1.98699999e+00
    1.95200002e+00 1.94200003e+00 1.94299996e+00 1.97099996e+00
    1.98800004e+00 1.98800004e+00 1.96899998e+00 1.93900001e+00
    1.87300003e+00 1.83200002e+00 0. 0. 0. 0. 0. 0. 0. 0. 0. 0.
    2.39199996e+00 2.39199996e+00 2.39199996e+00 2.35100007e+00
    2.32399988e+00 2.32399988e+00 2.31900001e+00 2.31100011e+00
    2.27099991e+00 2.23200011e+00 2.19400001e+00 2.15599990e+00
    2.11899996e+00 2.11899996e+00 2.09400010e+00 2.02200007e+00 2. 2. 2.
    1.98699999e+00 1.95200002e+00 1.94200003e+00 1.94200003e+00
    1.94900000e+00 1.95299995e+00 1.95299995e+00 1.94799995e+00
    1.93900001e+00 1.87300003e+00 1.83200002e+00 0. 0. 0. 0. 0. 0. 0. 0.
    0. 0. 2.37899995e+00 2.37899995e+00 2.37899995e+00 2.32200003e+00
    2.28399992e+00 2.28399992e+00 2.28399992e+00 2.28399992e+00
    2.24499989e+00 2.21199989e+00 2.18899989e+00 2.15599990e+00
    2.11899996e+00 2.11899996e+00 2.09400010e+00 2.02200007e+00 2. 2.
    2.01500010e+00 2.01099992e+00 1.97599995e+00 1.96599996e+00
    1.96500003e+00 1.95099998e+00 1.93700004e+00 1.92299998e+00
    1.90999997e+00 1.89600003e+00 1.85599995e+00 1.83200002e+00 0. 0. 0.
    0. 0. 0. 0. 0. 0. 0. 2.37899995e+00 2.37899995e+00 2.37899995e+00
    2.29800010e+00 2.24499989e+00 2.24499989e+00 2.24499989e+00
    2.24399996e+00 2.20700002e+00 2.18199992e+00 2.18199992e+00
    2.15599990e+00 2.11899996e+00 2.11899996e+00 2.09299994e+00
    2.02200007e+00 2. 2.00099993e+00 2.03600001e+00 2.04600000e+00
    2.01099992e+00 2. 1.99899995e+00 1.96399999e+00 1.92999995e+00
    1.89600003e+00 1.86300004e+00 1.83200002e+00 1.83200002e+00
    1.83200002e+00 0. 0. 0. 0. 0. 0. 0. 0. 0. 0. 2.37899995e+00
    2.37899995e+00 2.37899995e+00 2.29800010e+00 2.24499989e+00
    2.24499989e+00 2.22900009e+00 2.20700002e+00 2.19199991e+00
    2.17400002e+00 2.15100002e+00 2.11899996e+00 2.08299994e+00
    2.08299994e+00 2.06500006e+00 2.01500010e+00 2. 2.00099993e+00
    2.03600001e+00 2.04600000e+00 2.01099992e+00 2. 1.99899995e+00
    1.96399999e+00 1.92999995e+00 1.89600003e+00 1.86300004e+00
    1.83200002e+00 1.83200002e+00 1.83200002e+00 0. 0. 0. 0. 0. 0. 0. 0.
    0. 0. 1.36699998e+00 1.36699998e+00 1.36899996e+00 1.89699996e+00
    2.24499989e+00 2.24499989e+00 2.21900010e+00 2.18199992e+00
    2.18199992e+00 2.16899991e+00 2.13100004e+00 2.09400010e+00
    2.05900002e+00 2.05900002e+00 2.04600000e+00 2.01099992e+00 2.
    2.00099993e+00 2.03600001e+00 2.04900002e+00 2.02099991e+00
    2.00699997e+00 1.99899995e+00 1.97099996e+00 1.94200003e+00
    1.90799999e+00 1.87500000e+00 1.84300005e+00 1.84300005e+00
    1.84300005e+00 0. 0. 0. 0. 0. 0. 0. 0. 0. 0. 0. 0. 0. 0.
    2.24499989e+00 2.24499989e+00 2.21900010e+00 2.18199992e+00
    2.18199992e+00 2.16899991e+00 2.13100004e+00 2.09400010e+00
    2.05900002e+00 2.05900002e+00 2.04600000e+00 2.01099992e+00 2.
    2.00099993e+00 2.03600001e+00 2.05699992e+00 2.04999995e+00
    2.02800012e+00 2. 1.99300003e+00 1.97599995e+00 1.94099998e+00
    1.90799999e+00 1.87600005e+00 1.87600005e+00 1.87600005e+00 0. 0. 0.
    0. 0. 0. 0. 0. 0. 0. 0. 0. 0. 0. 2.21900010e+00 2.21900010e+00
    2.20400000e+00 2.18199992e+00 2.18199992e+00 2.16899991e+00
    2.13100004e+00 2.09400010e+00 2.05900002e+00 2.05900002e+00
    2.05200005e+00 2.03099990e+00 2.02399993e+00 2.02500010e+00
    2.04600000e+00 2.05900002e+00 2.05900002e+00 2.04399991e+00
    2.02399993e+00 2.00900006e+00 1.99199998e+00 1.97200000e+00
    1.95200002e+00 1.93299997e+00 1.93299997e+00 1.93299997e+00 0. 0. 0.
    0. 0. 0. 0. 0. 0. 0. 0. 0. 0. 0. 2.18199992e+00 2.18199992e+00
    2.18199992e+00 2.18199992e+00 2.18199992e+00 2.16899991e+00
    2.13100004e+00 2.09400010e+00 2.05900002e+00 2.05900002e+00
    2.05900002e+00 2.05900002e+00 2.05900002e+00 2.05900002e+00
    2.05900002e+00 2.05900002e+00 2.05900002e+00 2.05900002e+00
    2.05800009e+00 2.02200007e+00 2. 2. 2. 2. 2. 2. 0. 0. 0. 0. 0. 0. 0.
    0. 0. 0. 0. 0. 0. 0. 0. 0. 0. 0. 0. 0. 0. 0. 0. 0. 0. 0. 0. 0. 0. 0.
    0. 0. 0. 0. 0. 0. 0. 0. 0. 0. 0. 0. 0. 0. 0. 0. 0. 0. 0. 0. 0. 0. 0.
    0. 0. 0. 0. 0. 0. 0. 0. 0. 0. 0. 0. 0. 0. 0. 0. 0. 0. 0. 0. 0. 0. 0.
    0. 0. 0. 0. 0. 0. 0. 0. 0. 0. 0. 0. 0. 0. 0. 0. 0. 0. 0. 0. 0. 0. 0.
    0. 0. 0. 0. 0. 0. 0. 0. 0. 0. 0. 0. 0. 0. 0. 0. 0. 0. 0. 0. 0. 0. 0.
    0. 0. 0. 0. 0. 0. 0. 0. 0. 0. 0. 0. 0. 0. 0. 0. 0. 0. 0. 0. 0. 0. 0.
