<?xml version="1.0"?>
<opencv_storage>
<Depth type_id="opencv-matrix">
  <rows>40</rows>
  <cols>40</cols>
  <dt>f</dt>
  <data>
    0. 0. 0. 0. 0. 0. 0. 0. 0. 1.77199996e+00 1.77199996e+00
    1.77300000e+00 1.77900004e+00 1.80200005e+00 1.82200003e+00
    1.82200003e+00 1.82200003e+00 1.82200003e+00 1.82200003e+00
    1.84599996e+00 1.86699998e+00 1.87300003e+00 2.59699988e+00 0. 0. 0.
    0. 0. 0. 0. 0. 0. 0. 0. 0. 0. 0. 0. 0. 0. 0. 0. 0. 0. 0. 0. 0. 0. 0.
    1.74399996e+00 1.74399996e+00 1.75000000e+00 1.77499998e+00
    1.80200005e+00 1.82200003e+00 1.82200003e+00 1.82200003e+00
    1.82200003e+00 1.82200003e+00 1.84599996e+00 1.87300003e+00
    1.89900005e+00 2.63899994e+00 0. 0. 0. 0. 0. 0. 0. 0. 0. 0. 0. 0. 0.
    0. 0. 0. 0. 0. 0. 0. 0. 0. 0. 0. 0. 0. 1.73800004e+00 1.73800004e+00
    1.75000000e+00 1.79299998e+00 1.81299996e+00 1.82200003e+00
    1.82200003e+00 1.82200003e+00 1.82700002e+00 1.84200001e+00
    1.85599995e+00 1.88000000e+00 1.92600000e+00 2.68300009e+00 0. 0. 0.
    0. 0. 0. 0. 0. 0. 0. 0. 0. 0. 0. 0. 0. 0. 0. 0. 0. 0. 0. 0. 0. 0. 0.
    0. 1.36500001e+00 1.76699996e+00 1.81200004e+00 1.82700002e+00
    1.83099997e+00 1.83099997e+00 1.83099997e+00 1.83599997e+00
    1.85300004e+00 1.85599995e+00 1.87399995e+00 1.92700005e+00
    2.53699994e+00 0. 0. 0. 0. 0. 0. 0. 0. 0. 0. 0. 0. 0. 0. 0. 0. 0. 0.
    0. 0. 0. 0. 0. 0. 0. 0. 0. 0. 1.81400001e+00 1.82000005e+00
    1.84200001e+00 1.86000001e+00 1.86000001e+00 1.86000001e+00
    1.85300004e+00 1.83099997e+00 1.82700002e+00 1.83800006e+00
    1.87100005e+00 1.96700001e+00 2.33400011e+00 0. 0. 0. 0. 0. 0. 0. 0.
    0. 0. 0. 0. 0. 0. 0. 0. 0. 0. 0. 0. 0. 0. 0. 0. 0. 0. 0.
    1.82200003e+00 1.82200003e+00 1.84399998e+00 1.86500001e+00
    1.86500001e+00 1.86500001e+00 1.85599995e+00 1.82700002e+00
    1.82200003e+00 1.83200002e+00 1.86000001e+00 1.89300001e+00
    2.24200010e+00 0. 0. 0. 0. 0. 0. 0. 0. 0. 0. 0. 0. 0. 0. 0. 0. 0. 0.
    0. 0. 0. 0. 0. 0. 0. 0. 0. 1.13000000e+00 1.72000003e+00
    1.86899996e+00 1.88499999e+00 1.88499999e+00 1.87899995e+00
    1.86800003e+00 1.84500003e+00 1.84099996e+00 1.84899998e+00
    1.87100005e+00 1.91999996e+00 2.27600002e+00 0. 0. 0. 0. 0. 0. 0. 0.
    0. 0. 0. 0. 0. 0. 0. 0. 0. 0. 0. 0. 0. 0. 0. 0. 0. 0. 0. 0.
    1.41199994e+00 1.94200003e+00 1.94500005e+00 1.94500005e+00
    1.92299998e+00 1.90300000e+00 1.89999998e+00 1.89999998e+00
    1.90100002e+00 1.90400004e+00 1.93200004e+00 2.28999996e+00 0. 0. 0.
    0. 0. 0. 0. 0. 0. 0. 0. 0. 0. 0. 0. 0. 0. 0. 0. 0. 0. 0. 0. 0. 0. 0.
    0. 0. 1.36300004e+00 1.95400000e+00 1.95400000e+00 1.95400000e+00
    1.92999995e+00 1.90900004e+00 1.90900004e+00 1.90900004e+00
    1.91499996e+00 1.93200004e+00 1.94500005e+00 2.30299997e+00 0. 0. 0.
    0. 0. 0. 0. 0. 0. 0. 0. 0. 0. 0. 0. 0. 0. 0. 0. 0. 0. 0. 0. 0. 0. 0.
    0. 0. 1.37199998e+00 1.96500003e+00 1.96300006e+00 1.95500004e+00
    1.93599999e+00 1.91999996e+00 1.91999996e+00 1.91999996e+00
    1.92700005e+00 1.95000005e+00 1.95400000e+00 2.22700000e+00 0. 0. 0.
    0. 0. 0. 0. 0. 0. 0. 0. 0. 0. 0. 0. 0. 0. 0. 0. 0. 0. 0. 0. 0. 0. 0.
    0. 0. 1.39800000e+00 1.99600005e+00 1.98800004e+00 1.96000004e+00
    1.95200002e+00 1.95000005e+00 1.95000005e+00 1.95000005e+00
    1.95099998e+00 1.95400000e+00 1.95400000e+00 1.98699999e+00
    2.07999992e+00 2.83500004e+00 0. 0. 0. 0. 0. 0. 0. 0. 0. 0. 0. 0. 0.
    0. 0. 0. 0. 0. 0. 0. 0. 0. 0. 0. 0. 0. 1.42499995e+00 2.01300001e+00
    1.99600005e+00 1.98300004e+00 1.96599996e+00 1.95400000e+00
    1.95400000e+00 1.95400000e+00 1.95400000e+00 1.95400000e+00
    1.95400000e+00 1.95400000e+00 1.95400000e+00 2.78099990e+00 0. 0. 0.
    0. 0. 0. 0. 0. 0. 0. 0. 0. 0. 0. 0. 0. 0. 0. 0. 0. 0. 0. 0. 0. 0. 0.
    1.43200004e+00 2.01699996e+00 2. 2. 1.98199999e+00 1.96300006e+00
    1.95500004e+00 1.95400000e+00 1.95400000e+00 1.95400000e+00
    1.95400000e+00 1.95400000e+00 1.95400000e+00 2.57299995e+00 0. 0. 0.
    0. 0. 0. 0. 0. 0. 0. 0. 0. 0. 0. 0. 0. 0. 0. 0. 0. 0. 0. 0. 0. 0. 0.
    1.40499997e+00 2.00200009e+00 2. 2. 1.99800003e+00 1.98800004e+00
    1.95899999e+00 1.95400000e+00 1.95400000e+00 1.95400000e+00
    1.95400000e+00 1.95400000e+00 1.95400000e+00 2.01799989e+00
    2.37400007e+00 0. 0. 0. 0. 0. 0. 0. 0. 0. 0. 0. 0. 0. 0. 0. 0. 0. 0.
    0. 0. 0. 0. 0. 0. 0. 1.35599995e+00 1.94599998e+00 1.95099998e+00
    1.96899998e+00 1.98699999e+00 1.99600005e+00 1.98399997e+00
    1.98099995e+00 1.97500002e+00 1.95700002e+00 1.95400000e+00
    1.95400000e+00 1.95400000e+00 1.95400000e+00 2.30399990e+00 0. 0. 0.
    0. 0. 0. 0. 0. 0. 0. 0. 0. 0. 0. 0. 0. 0. 0. 0. 0. 0. 0. 0. 0. 0.
    1.30499995e+00 1.88600004e+00 1.89900005e+00 1.94500005e+00
    1.97200000e+00 1.99000001e+00 1.99899995e+00 2. 1.99199998e+00
    1.97000003e+00 1.96599996e+00 1.96599996e+00 1.96599996e+00
    1.96599996e+00 2.32200003e+00 0. 0. 0. 0. 0. 0. 0. 0. 0. 0. 0. 0. 0.
    0. 0. 0. 0. 0. 0. 0. 0. 0. 0. 0. 0. 1.25500000e+00 1.82700002e+00
    1.85200000e+00 1.93700004e+00 1.95599997e+00 1.96599996e+00
    1.99500000e+00 2. 1.99899995e+00 1.99699998e+00 1.99699998e+00
    1.99699998e+00 1.99699998e+00 1.99699998e+00 2.34500003e+00 0. 0. 0.
    0. 0. 0. 0. 0. 0. 0. 0. 0. 0. 0. 0. 0. 0. 0. 0. 0. 0. 0. 0. 0. 0.
    1.25100005e+00 1.82200003e+00 1.84800005e+00 1.93599999e+00
    1.95400000e+00 1.96399999e+00 1.99399996e+00 2. 2. 2. 2. 2. 2. 2.
    2.35999990e+00 0. 0. 0. 0. 0. 0. 0. 0. 0. 0. 0. 0. 0. 0. 0. 0. 0. 0.
    0. 0. 0. 0. 0. 0. 0. 1.25100005e+00 1.82200003e+00 1.84000003e+00
    1.90400004e+00 1.93700004e+00 1.96399999e+00 1.99399996e+00 2. 2. 2.
    2. 2. 2. 2. 2.26500010e+00 2.97399998e+00 0. 0. 0. 0. 0. 0. 0. 0. 0.
    0. 0. 0. 0. 0. 0. 0. 0. 0. 0. 0. 0. 0. 0. 0. 1.25100005e+00
    1.82200003e+00 1.82299995e+00 1.82700002e+00 1.89600003e+00
    1.96399999e+00 1.99399996e+00 2. 2. 2. 2. 2. 2. 2. 2.01799989e+00
    2.06500006e+00 2.80399990e+00 0. 0. 0. 0. 0. 0. 0. 0. 0. 0. 0. 0. 0.
    0. 0. 0. 0. 0. 0. 0. 0. 0. 0. 0. 0. 1.82200003e+00 1.82200003e+00
    1.89300001e+00 1.96399999e+00 1.99399996e+00 2. 2. 2. 2. 2. 2.
    2.01699996e+00 2.04500008e+00 2.08599997e+00 2.80800009e+00 0. 0. 0.
    0. 0. 0. 0. 0. 0. 0. 0. 0. 0. 0. 0. 0. 0. 0. 0. 0. 0. 0. 0. 0. 0. 0.
    1.70299995e+00 1.91100001e+00 1.96599996e+00 2.00699997e+00
    2.01399994e+00 2.01399994e+00 2.01399994e+00 2.01399994e+00
    2.01399994e+00 2.01399994e+00 2.03299999e+00 2.07200003e+00
    2.13700008e+00 2.62800002e+00 0. 0. 0. 0. 0. 0. 0. 0. 0. 0. 0. 0. 0.
    0. 0. 0. 0. 0. 0. 0. 0. 0. 0. 0. 0. 0. 1.43400002e+00 1.95200002e+00
    1.97300005e+00 2.03399992e+00 2.04500008e+00 2.04500008e+00
    2.04500008e+00 2.04500008e+00 2.04500008e+00 2.04500008e+00
    2.04600000e+00 2.07200003e+00 2.13700008e+00 2.16799998e+00
    2.52300000e+00 0. 0. 0. 0. 0. 0. 0. 0. 0. 0. 0. 0. 0. 0. 0. 0. 0. 0.
    0. 0. 0. 0. 0. 0. 0. 0. 0. 2.05100012e+00 2.07399988e+00
    2.07800007e+00 2.07800007e+00 2.07800007e+00 2.07800007e+00
    2.08500004e+00 2.10700011e+00 2.10999990e+00 2.12700009e+00
    2.17199993e+00 2.17799997e+00 2.53500009e+00 0. 0. 0. 0. 0. 0. 0. 0.
    0. 0. 0. 0. 0. 0. 0. 0. 0. 0. 0. 0. 0. 0. 0. 0. 0. 0. 0.
    2.12599993e+00 2.12599993e+00 2.11800003e+00 2.10999990e+00
    2.10999990e+00 2.10999990e+00 2.11899996e+00 2.14199996e+00
    2.14499998e+00 2.15799999e+00 2.19199991e+00 2.20499992e+00
    2.47000003e+00 0. 0. 0. 0. 0. 0. 0. 0. 0. 0. 0. 0. 0. 0. 0. 0. 0. 0.
    0. 0. 0. 0. 0. 0. 0. 0. 0. 2.19400001e+00 2.19400001e+00
    2.16700006e+00 2.14400005e+00 2.14400005e+00 2.14400005e+00
    2.14400005e+00 2.14499998e+00 2.14499998e+00 2.15799999e+00
    2.19199991e+00 2.22600007e+00 2.28099990e+00 2.36999989e+00 0. 0. 0.
    0. 0. 0. 0. 0. 0. 0. 0. 0. 0. 0. 0. 0. 0. 0. 0. 0. 0. 0. 0. 0. 0. 0.
    2.22199988e+00 2.20000005e+00 2.16799998e+00 2.14499998e+00
    2.14499998e+00 2.14499998e+00 2.14499998e+00 2.14499998e+00
    2.14499998e+00 2.14899993e+00 2.16100001e+00 2.21300006e+00
    2.27600002e+00 2.34800005e+00 0. 0. 0. 0. 0. 0. 0. 0. 0. 0. 0. 0. 0.
