<?xml version="1.0"?>
<opencv_storage>
<Depth type_id="opencv-matrix">
  <rows>40</rows>
  <cols>40</cols>
  <dt>f</dt>
  <data>
    0. 0. 0. 0. 0. 0. 0. 0. 0. 0. 0. 0. 0. 0. 0. 0. 0. 0. 0. 0. 0. 0. 0.
    0. 0. 0. 0. 0. 0. 0. 0. 0. 0. 0. 0. 0. 0. 0. 0. 0. 0. 0. 0. 0. 0. 0.
    0. 0. 0. 0. 0. 0. 0. 0. 0. 0. 0. 0. 0. 0. 0. 0. 0. 0. 0. 0. 0. 0. 0.
    0. 0. 0. 0. 0. 0. 0. 0. 0. 0. 0. 0. 0. 0. 0. 0. 0. 0. 0. 0. 0. 0. 0.
    0. 0. 0. 0. 0. 0. 0. 0. 0. 0. 0. 0. 0. 0. 0. 0. 0. 0. 0. 0. 0. 0. 0.
    0. 0. 0. 0. 0. 0. 0. 0. 0. 0. 0. 0. 0. 0. 0. 0. 0. 0. 0. 0. 0. 0. 0.
    0. 0. 0. 0. 0. 0. 0. 0. 0. 0. 0. 0. 0. 0. 0. 0. 0. 0. 0. 0. 0. 0. 0.
    0. 0. 0. 0. 0. 0. 0. 0. 0. 0. 0. 0. 0. 0. 0. 0. 0. 0. 0. 0. 0. 0. 0.
    0. 0. 0. 0. 0. 0. 0. 0. 0. 0. 0. 0. 0. 0. 0. 0. 0. 0. 0. 0. 0. 0. 0.
    0. 0. 0. 0. 0. 0. 0. 0. 0. 0. 0. 0. 0. 0. 0. 0. 0. 0. 0. 0. 0. 0. 0.
    0. 0. 0. 0. 0. 0. 0. 0. 0. 0. 0. 0. 0. 0. 0. 0. 0. 0. 0. 0. 0. 0. 0.
    0. 0. 0. 0. 0. 0. 0. 0. 0. 0. 0. 0. 0. 0. 0. 0. 0. 0. 0. 0. 0. 0. 0.
    0. 0. 0. 0. 0. 0. 0. 0. 0. 0. 0. 0. 0. 0. 0. 0. 0. 0. 0. 0. 0. 0. 0.
    0. 0. 0. 0. 0. 0. 0. 0. 0. 0. 0. 0. 0. 0. 0. 0. 0. 0. 0. 0. 0. 0. 0.
    0. 0. 0. 0. 0. 0. 0. 0. 0. 0. 0. 0. 0. 0. 0. 0. 0. 0. 0. 0. 0. 0. 0.
    0. 0. 0. 0. 0. 0. 0. 0. 0. 0. 0. 0. 0. 0. 0. 0. 0. 0. 0. 0.
    1.22700000e+00 1.75300002e+00 1.75300002e+00 1.76900005e+00
    1.81900001e+00 1.86800003e+00 1.96399999e+00 2.06800008e+00
    2.13100004e+00 2.13100004e+00 2.13100004e+00 2.13100004e+00
    2.13100004e+00 2.13100004e+00 2.13100004e+00 2.13100004e+00
    2.13100004e+00 2.13100004e+00 2.13100004e+00 2.13100004e+00
    2.13100004e+00 2.13100004e+00 2.13100004e+00 2.13100004e+00
    2.13100004e+00 2.11500001e+00 1.96200001e+00 1.80900002e+00
    1.75300002e+00 1.75300002e+00 1.75300002e+00 1.75300002e+00 0. 0. 0.
    0. 0. 0. 0. 0. 0. 1.29700005e+00 1.58599997e+00 1.79400003e+00
    1.83800006e+00 1.88199997e+00 1.96800005e+00 2.05999994e+00
    2.11700010e+00 2.11700010e+00 2.11700010e+00 2.12199998e+00
    2.12800002e+00 2.13100004e+00 2.13100004e+00 2.13100004e+00
    2.13100004e+00 2.13100004e+00 2.13100004e+00 2.13100004e+00
    2.13100004e+00 2.13100004e+00 2.13100004e+00 2.13100004e+00
    2.13100004e+00 2.11700010e+00 1.98000002e+00 1.84300005e+00
    1.79400003e+00 1.79400003e+00 1.79400003e+00 1.79400003e+00 0. 0. 0.
    0. 0. 0. 0. 0. 0. 0. 0. 1.88699996e+00 1.91199994e+00 1.93599999e+00
    1.98199999e+00 2.03299999e+00 2.06399989e+00 2.06399989e+00
    2.06399989e+00 2.08899999e+00 2.11599994e+00 2.13100004e+00
    2.13100004e+00 2.13100004e+00 2.13100004e+00 2.13100004e+00
    2.13100004e+00 2.13100004e+00 2.13100004e+00 2.13100004e+00
    2.13100004e+00 2.13100004e+00 2.13100004e+00 2.12299991e+00
    2.04800010e+00 1.97399998e+00 1.94700003e+00 1.94700003e+00
    1.94700003e+00 1.94700003e+00 0. 0. 0. 0. 0. 0. 0. 0. 0. 0. 0.
    1.98099995e+00 1.98500001e+00 1.98899996e+00 1.99699998e+00
    2.00600004e+00 2.01099992e+00 2.01099992e+00 2.01099992e+00
    2.05599999e+00 2.10400009e+00 2.13100004e+00 2.13100004e+00
    2.13100004e+00 2.13100004e+00 2.13100004e+00 2.13100004e+00
    2.13100004e+00 2.13100004e+00 2.13100004e+00 2.13100004e+00
    2.13100004e+00 2.13100004e+00 2.13000011e+00 2.11700010e+00
    2.10400009e+00 2.09999990e+00 2.09999990e+00 2.09999990e+00
    2.09999990e+00 0. 0. 0. 0. 0. 0. 0. 0. 0. 0. 0. 0. 1.01199996e+00
    1.87699997e+00 2. 2. 2. 2. 2. 2.04900002e+00 2.10200000e+00
    2.13100004e+00 2.13100004e+00 2.13100004e+00 2.11400008e+00
    2.09699988e+00 2.08899999e+00 2.08899999e+00 2.08899999e+00
    2.10700011e+00 2.12400007e+00 2.13100004e+00 2.13100004e+00
    2.12899995e+00 2.11199999e+00 2.09500003e+00 2.08899999e+00
    2.08899999e+00 2.08899999e+00 2.08899999e+00 0. 0. 0. 0. 0. 0. 0. 0.
    0. 0. 0. 0. 0. 1.72399998e+00 2. 2. 2. 2. 2. 2.04900002e+00
    2.10200000e+00 2.13100004e+00 2.13100004e+00 2.13100004e+00
    2.09299994e+00 2.05399990e+00 2.03600001e+00 2.03600001e+00
    2.03699994e+00 2.07599998e+00 2.11500001e+00 2.13100004e+00
    2.13100004e+00 2.12700009e+00 2.08800006e+00 2.04999995e+00
    2.03600001e+00 2.03600001e+00 2.03600001e+00 2.03600001e+00 0. 0. 0.
    0. 0. 0. 0. 0. 0. 0. 0. 0. 0. 1.67100000e+00 2. 2. 2. 2. 2.
    2.04900002e+00 2.10200000e+00 2.13100004e+00 2.13100004e+00
    2.13100004e+00 2.07900000e+00 2.02600002e+00 2. 2. 2.00200009e+00
    2.04800010e+00 2.09400010e+00 2.11800003e+00 2.12500000e+00
    2.12500000e+00 2.07200003e+00 2.01900005e+00 2. 2. 2. 2. 0. 0. 0. 0.
    0. 0. 0. 0. 0. 0. 0. 0. 0. 1.82799995e+00 2. 2. 2. 2. 2.
    2.04900002e+00 2.10200000e+00 2.13100004e+00 2.13100004e+00
    2.13100004e+00 2.07900000e+00 2.02600002e+00 2. 2. 2.00099993e+00
    2.02600002e+00 2.04999995e+00 2.07699990e+00 2.10500002e+00
    2.12500000e+00 2.07200003e+00 2.01900005e+00 2. 2. 2. 2. 0. 0. 0. 0.
    0. 0. 0. 0. 0. 0. 0. 1.77699995e+00 1.88100004e+00 1.98500001e+00 2.
    2. 2. 2. 2. 2.04900002e+00 2.10200000e+00 2.13100004e+00
    2.13100004e+00 2.13100004e+00 2.07900000e+00 2.02600002e+00 2. 2. 2.
    2.00300002e+00 2.00600004e+00 2.03600001e+00 2.08599997e+00
    2.12500000e+00 2.07200003e+00 2.01900005e+00 2. 2. 2. 2. 0. 0. 0. 0.
    0. 0. 0. 0. 0. 0. 0. 2.03600001e+00 2.01900005e+00 2.00200009e+00 2.
    2. 2. 2. 2. 2.03200006e+00 2.06599998e+00 2.08500004e+00
    2.08500004e+00 2.08500004e+00 2.06999993e+00 2.05299997e+00
    2.03600001e+00 2.01799989e+00 2. 2. 2. 2.03099990e+00 2.08400011e+00
    2.12500000e+00 2.07200003e+00 2.01900005e+00 2. 2. 2. 2. 0. 0. 0. 0.
    0. 0. 0. 0. 0. 0. 1.48300004e+00 1.94700003e+00 1.97099996e+00
    1.99600005e+00 2. 2. 2. 2. 2. 2.01200008e+00 2.02500010e+00
    2.03200006e+00 2.03200006e+00 2.03200006e+00 2.05900002e+00
    2.08599997e+00 2.07800007e+00 2.03800011e+00 2. 2. 2. 2.03099990e+00
    2.08400011e+00 2.12500000e+00 2.07200003e+00 2.01900005e+00 2. 2. 2.
    2. 0. 0. 0. 0. 0. 2. 1.98699999e+00 1.93599999e+00 1.88499999e+00
    1.87500000e+00 1.87500000e+00 1.89199996e+00 1.94200003e+00
    1.99300003e+00 2. 2. 2. 2. 2. 2. 2. 2. 2. 2. 2.04399991e+00
    2.08899999e+00 2.08699989e+00 2.04299998e+00 2. 2. 2. 2.03099990e+00
    2.08400011e+00 2.12500000e+00 2.07200003e+00 2.01900005e+00 2. 2. 2.
    2. 0. 0. 0. 0. 0. 2. 1.98699999e+00 1.93599999e+00 1.88499999e+00
    1.87500000e+00 1.87500000e+00 1.89199996e+00 1.94200003e+00
    1.99300003e+00 2. 2. 2. 2. 2. 2. 2. 2. 2. 2. 2.02300000e+00
    2.04600000e+00 2.04500008e+00 2.02200007e+00 2. 2. 2. 2.03099990e+00
    2.08400011e+00 2.12500000e+00 2.07200003e+00 2.01900005e+00 2. 2. 2.
    2. 0. 0. 0. 0. 0. 2. 1.98699999e+00 1.93599999e+00 1.88499999e+00
    1.87500000e+00 1.87500000e+00 1.89199996e+00 1.94200003e+00
    1.99300003e+00 2. 2. 2. 2. 2. 2. 2. 2. 2. 2. 2.00200009e+00
    2.00300002e+00 2.00300002e+00 2.00200009e+00 2. 2. 2. 2.03099990e+00
    2.08400011e+00 2.12500000e+00 2.07200003e+00 2.01900005e+00 2. 2. 2.
    2. 0. 0. 0. 0. 0. 1.95299995e+00 1.95000005e+00 1.93700004e+00
    1.92400002e+00 1.92200005e+00 1.92200005e+00 1.93200004e+00
    1.96399999e+00 1.99600005e+00 2. 2. 2. 2. 2. 2. 2. 2. 2. 2. 2. 2. 2.
    2. 2. 2. 2. 2.03099990e+00 2.08400011e+00 2.12500000e+00
    2.07200003e+00 2.01900005e+00 2. 2. 2. 2. 0. 0. 0. 0. 0.
    1.90300000e+00 1.90999997e+00 1.93799996e+00 1.96599996e+00
    1.97200000e+00 1.97200000e+00 1.97599995e+00 1.98699999e+00
    1.99800003e+00 2. 2. 2. 2. 2. 2. 2. 2. 2. 2. 2. 2. 2. 2. 2. 2. 2.
    2.03099990e+00 2.08400011e+00 2.12500000e+00 2.07200003e+00
    2.01900005e+00 2. 2. 2. 2. 0. 0. 0. 0. 0. 1.87500000e+00
    1.88800001e+00 1.93900001e+00 1.99000001e+00 2. 2. 2.00300002e+00
    2.01300001e+00 2.02300000e+00 2.01600003e+00 2.00600004e+00 2. 2. 2.
    2. 2. 2. 2. 2. 2. 2. 2. 2. 2. 2. 2. 2.03099990e+00 2.08400011e+00
    2.12500000e+00 2.07200003e+00 2.01900005e+00 2. 2. 2. 2. 0. 0. 0. 0.
    0. 1.87500000e+00 1.88800001e+00 1.93900001e+00 1.99000001e+00 2. 2.
    2.00999999e+00 2.04099989e+00 2.07299995e+00 2.04999995e+00
