<?xml version="1.0"?>
<opencv_storage>
<Depth type_id="opencv-matrix">
  <rows>40</rows>
  <cols>40</cols>
  <dt>f</dt>
  <data>
    0. 0. 0. 0. 0. 0. 0. 0. 0. 0. 0. 0. 0. 0. 0. 0. 0. 0. 0. 0. 0. 0. 0.
    0. 0. 0. 0. 0. 0. 0. 0. 0. 0. 0. 0. 0. 0. 0. 0. 0. 0. 0. 0. 0. 0. 0.
    0. 0. 0. 0. 0. 0. 0. 0. 0. 0. 0. 0. 0. 0. 0. 0. 0. 0. 0. 0. 0. 0. 0.
    0. 0. 0. 0. 0. 0. 0. 0. 0. 0. 0. 0. 0. 0. 0. 0. 0. 0. 0. 0. 0. 0. 0.
    0. 0. 0. 0. 0. 0. 0. 0. 0. 0. 0. 0. 0. 0. 0. 0. 0. 0. 0. 0. 0. 0. 0.
    0. 0. 0. 0. 0. 0. 0. 0. 0. 0. 0. 0. 0. 0. 0. 0. 0. 0. 0. 0. 0. 0. 0.
    0. 0. 0. 0. 0. 0. 0. 0. 0. 0. 0. 0. 0. 0. 0. 0. 0. 0. 0. 0. 0. 0. 0.
    0. 0. 0. 0. 0. 0. 0. 0. 0. 0. 0. 0. 0. 0. 0. 0. 0. 0. 0. 0. 0. 0. 0.
    0. 0. 0. 0. 0. 0. 0. 0. 0. 0. 0. 0. 0. 0. 0. 0. 0. 0. 0. 0. 0. 0. 0.
    0. 0. 0. 0. 0. 0. 0. 0. 0. 0. 0. 0. 0. 0. 0. 0. 0. 0. 0. 0. 0. 0. 0.
    0. 0. 0. 0. 0. 0. 0. 0. 0. 0. 0. 0. 0. 0. 0. 0. 0. 0. 0. 0. 0. 0. 0.
    0. 0. 0. 0. 0. 0. 0. 0. 0. 0. 0. 0. 0. 0. 0. 0. 0. 0. 0. 0. 0. 0. 0.
    0. 0. 0. 0. 0. 0. 0. 0. 0. 0. 0. 0. 0. 0. 0. 0. 0. 0. 0. 0. 0. 0. 0.
    0. 0. 0. 0. 0. 0. 0. 0. 0. 0. 0. 0. 0. 0. 0. 0. 0. 0. 0. 0. 0. 0. 0.
    0. 0. 0. 2.04200006e+00 2.03200006e+00 2.03200006e+00 2.03200006e+00
    2.03600001e+00 2.04200006e+00 0. 0. 0. 0. 0. 0. 0. 0. 0. 0. 0. 0. 0.
    0. 0. 0. 0. 0. 0. 0. 0. 0. 0. 0. 0. 0. 0. 0. 0. 0. 0. 0.
    2.03900003e+00 2.03200006e+00 2.03200006e+00 2.03200006e+00
    2.03200006e+00 2.03200006e+00 2.03200006e+00 2.02699995e+00 0. 0. 0.
    0. 0. 0. 0. 0. 0. 0. 0. 0. 0. 0. 0. 0. 0. 0. 0. 0. 0. 0. 0. 0. 0. 0.
    0. 0. 0. 0. 0. 1.25600004e+00 2.03200006e+00 2.03200006e+00
    2.03200006e+00 2.03200006e+00 2.03200006e+00 2.03200006e+00
    2.03200006e+00 2.02300000e+00 2.02099991e+00 2.02099991e+00
    2.02099991e+00 2.02099991e+00 2.02999997e+00 0. 0. 0. 0. 0. 0. 0. 0.
    0. 0. 0. 0. 0. 0. 0. 0. 0. 0. 0. 0. 0. 0. 0. 0. 0. 0. 2.03999996e+00
    2.03699994e+00 2.03500009e+00 2.03200006e+00 2.03200006e+00
    2.03200006e+00 2.03200006e+00 2.02999997e+00 2.02200007e+00
    2.02099991e+00 2.02099991e+00 2.02099991e+00 2.02099991e+00
    2.01799989e+00 2.36299992e+00 0. 0. 0. 0. 0. 0. 0. 0. 0. 0. 0. 0. 0.
    0. 0. 0. 0. 0. 0. 0. 0. 0. 0. 0. 2.50000000e+00 2.04399991e+00
    2.04399991e+00 2.03900003e+00 2.03200006e+00 2.03200006e+00
    2.03800011e+00 2.03200006e+00 2.02800012e+00 2.02099991e+00
    2.02099991e+00 2.02099991e+00 2.02099991e+00 2.02099991e+00
    2.01300001e+00 2.01300001e+00 2.02099991e+00 2.55599999e+00
    2.53600001e+00 2.53600001e+00 2.53699994e+00 2.52500010e+00 0. 0. 0.
    0. 0. 0. 0. 0. 0. 0. 0. 0. 0. 0. 0. 0. 0. 0. 2.04399991e+00
    2.04399991e+00 2.04399991e+00 2.03999996e+00 2.03200006e+00
    2.03200006e+00 2.03900003e+00 2.03200006e+00 2.02800012e+00
    2.02099991e+00 2.02099991e+00 2.02099991e+00 2.02099991e+00
    2.01699996e+00 2.01099992e+00 2.01300001e+00 2.01500010e+00
    2.01099992e+00 2.01099992e+00 2.01099992e+00 2. 2.00500011e+00
    2.03299999e+00 0. 0. 0. 0. 0. 0. 0. 0. 0. 0. 0. 0. 0. 0. 0. 0. 0.
    2.05599999e+00 2.04699993e+00 2.04399991e+00 2.04399991e+00
    2.03399992e+00 2.03200006e+00 2.03500009e+00 2.03200006e+00
    2.02399993e+00 2.02099991e+00 2.01500010e+00 2.01500010e+00
    2.01500010e+00 2.01699996e+00 2.01099992e+00 2.01799989e+00
    2.01500010e+00 2.01099992e+00 2.01099992e+00 2.00600004e+00 2. 2. 2.
    1.99699998e+00 2.79600000e+00 0. 0. 0. 0. 0. 0. 0. 0. 0. 0. 0. 0. 0.
    0. 0. 2.05500007e+00 2.04800010e+00 2.04399991e+00 2.04399991e+00
    2.04399991e+00 2.03200006e+00 2.03200006e+00 2.02099991e+00
    2.02099991e+00 2.02099991e+00 2.01099992e+00 2.01099992e+00
    2.01099992e+00 2.01099992e+00 2.01099992e+00 2.01099992e+00
    2.01099992e+00 2.01099992e+00 2.01099992e+00 2.00200009e+00 2. 2. 2.
    1.99500000e+00 1.98899996e+00 1.97899997e+00 1.97899997e+00
    1.97899997e+00 1.97899997e+00 0. 0. 0. 0. 0. 0. 0. 0. 0. 0. 0.
    2.04399991e+00 2.04399991e+00 2.04399991e+00 2.03200006e+00
    2.03800011e+00 2.03200006e+00 2.02500010e+00 2.02099991e+00
    2.02099991e+00 2.02099991e+00 2.01500010e+00 2.01300001e+00
    2.01099992e+00 2.01099992e+00 2.01099992e+00 2.01099992e+00
    2.01099992e+00 2.01099992e+00 2.00600004e+00 2. 1.98899996e+00
    1.99600005e+00 2. 2. 1.99100006e+00 1.98699999e+00 1.97899997e+00
    1.97899997e+00 1.97899997e+00 1.97899997e+00 2.31800008e+00 0. 0. 0.
    0. 0. 0. 0. 0. 0. 2.04399991e+00 2.04399991e+00 2.04399991e+00
    2.03200006e+00 2.03200006e+00 2.03200006e+00 2.03099990e+00
    2.02099991e+00 2.02099991e+00 2.01500010e+00 2.01500010e+00
    2.01999998e+00 2.01900005e+00 2.01900005e+00 2.01900005e+00
    2.01099992e+00 2.01099992e+00 2.01099992e+00 2.00600004e+00 2.
    1.98899996e+00 1.99600005e+00 2. 2. 1.99100006e+00 1.98699999e+00
    1.97899997e+00 1.97899997e+00 1.97899997e+00 1.97899997e+00
    1.98899996e+00 1.98300004e+00 1.98800004e+00 2.48699999e+00
    2.48000002e+00 2.49099994e+00 2.50000000e+00 0. 0. 0. 0.
    2.05699992e+00 2.04600000e+00 2.03299999e+00 2.03200006e+00
    2.03200006e+00 2.02500010e+00 2.02099991e+00 2.02099991e+00
    2.01300001e+00 2.01300001e+00 2.02099991e+00 2.02099991e+00
    2.01999998e+00 2.01900005e+00 2.01099992e+00 2.01099992e+00
    2.01099992e+00 2.01099992e+00 2.00399995e+00 2. 2. 2. 2. 2.
    1.98899996e+00 1.98300004e+00 1.97899997e+00 1.97899997e+00
    1.97899997e+00 1.98899996e+00 1.98300004e+00 1.97899997e+00
    1.97899997e+00 1.97899997e+00 1.98699999e+00 1.98699999e+00 0. 0. 0.
    0. 2.09400010e+00 2.08299994e+00 2.05299997e+00 2.04099989e+00
    2.03900003e+00 2.03200006e+00 2.02800012e+00 2.02099991e+00
    2.01799989e+00 2.01799989e+00 2.02099991e+00 2.02099991e+00
    2.01699996e+00 2.01099992e+00 2.01099992e+00 2.00699997e+00
    2.00399995e+00 2.00699997e+00 2.01099992e+00 2. 2. 2. 2.
    1.99500000e+00 1.98899996e+00 1.98699999e+00 1.98500001e+00
    1.97899997e+00 1.97899997e+00 1.98899996e+00 1.98300004e+00
    1.97899997e+00 1.97899997e+00 1.97899997e+00 1.97899997e+00
    1.97899997e+00 0. 0. 0. 0. 0. 2.12599993e+00 2.11100006e+00
    2.08100009e+00 2.07599998e+00 2.05999994e+00 2.04399991e+00
    2.02800012e+00 2.02099991e+00 2.02099991e+00 2.02099991e+00
    2.02099991e+00 2.01099992e+00 2.01099992e+00 2.01099992e+00
    2.00399995e+00 2. 2. 2. 2. 2. 2. 2. 1.99100006e+00 1.97899997e+00
    1.97899997e+00 1.97899997e+00 1.97899997e+00 1.97899997e+00
    1.98899996e+00 1.98300004e+00 1.97899997e+00 1.97899997e+00
    1.97899997e+00 1.97899997e+00 1.98500001e+00 0. 0. 0. 0. 0.
    2.21399999e+00 2.19099998e+00 2.16700006e+00 2.13899994e+00
    2.10700011e+00 2.09500003e+00 2.06399989e+00 2.05999994e+00
    2.05599999e+00 2.03200006e+00 2.02099991e+00 2.01099992e+00
    2.01099992e+00 2.01099992e+00 2.00399995e+00 2. 1.99800003e+00
    1.99600005e+00 2. 2. 1.98899996e+00 1.98899996e+00 1.98899996e+00
    1.97899997e+00 1.97899997e+00 1.97899997e+00 1.97899997e+00
    1.97899997e+00 1.98399997e+00 1.97899997e+00 1.97899997e+00
    1.97899997e+00 1.97899997e+00 1.98000002e+00 1.99399996e+00 0. 0. 0.
    0. 0. 0. 2.21300006e+00 2.21099997e+00 2.19499993e+00 2.17700005e+00
    2.15799999e+00 2.12700009e+00 2.11999989e+00 2.10700011e+00
    2.08400011e+00 2.04800010e+00 2.02399993e+00 2.01300001e+00
    2.01099992e+00 2.00399995e+00 2. 1.99500000e+00 1.98899996e+00 2.
    1.99500000e+00 1.98899996e+00 1.98899996e+00 1.98899996e+00
    1.97899997e+00 1.97899997e+00 1.97899997e+00 1.97899997e+00
    1.97899997e+00 1.97899997e+00 1.97899997e+00 1.97899997e+00
    1.97899997e+00 1.97899997e+00 1.98699999e+00 2.01600003e+00 0. 0. 0.
    0. 0. 0. 2.85200000e+00 2.33800006e+00 2.21399999e+00 2.21399999e+00
    2.19300008e+00 2.17499995e+00 2.15799999e+00 2.14299989e+00
    2.12599993e+00 2.10800004e+00 2.06100011e+00 2.04900002e+00
    2.02800012e+00 2.02800012e+00 2.02600002e+00 2.01200008e+00
    2.00500011e+00 2.00200009e+00 1.99600005e+00 1.99100006e+00
    1.98899996e+00 1.98899996e+00 1.97899997e+00 1.97899997e+00
