<?xml version="1.0"?>
<opencv_storage>
<Depth type_id="opencv-matrix">
  <rows>40</rows>
  <cols>40</cols>
  <dt>f</dt>
  <data>
    0. 0. 0. 0. 0. 0. 0. 0. 0. 0. 0. 0. 0. 0. 0. 0. 0. 0. 0. 0. 0. 0. 0.
    0. 0. 0. 0. 0. 0. 0. 0. 0. 0. 0. 0. 0. 0. 0. 0. 0. 0. 0. 0. 0. 0. 0.
    0. 0. 0. 0. 0. 0. 0. 0. 0. 0. 0. 0. 0. 0. 0. 0. 0. 0. 0. 0. 0. 0. 0.
    0. 0. 0. 0. 0. 0. 0. 0. 0. 0. 0. 0. 0. 0. 0. 0. 0. 0. 0. 0. 0. 0. 0.
    0. 0. 0. 0. 0. 0. 0. 0. 0. 0. 0. 0. 0. 0. 0. 0. 0. 0. 0. 0. 0. 0. 0.
    0. 0. 0. 0. 0. 0. 0. 0. 0. 0. 0. 0. 0. 0. 0. 0. 0. 0. 0. 0. 0. 0. 0.
    0. 0. 0. 0. 0. 0. 0. 0. 0. 0. 0. 0. 0. 0. 0. 0. 0. 0. 0. 0. 0. 0. 0.
    0. 0. 0. 0. 0. 0. 0. 0. 0. 0. 0. 0. 0. 0. 0. 0. 0. 0. 0. 0. 0. 0. 0.
    0. 0. 0. 0. 0. 0. 0. 0. 0. 0. 0. 0. 0. 0. 0. 0. 0. 0. 0. 0. 0. 0. 0.
    0. 0. 0. 0. 0. 0. 0. 0. 0. 0. 0. 0. 0. 0. 0. 0. 0. 0. 0. 0. 0. 0. 0.
    0. 0. 0. 0. 0. 0. 0. 0. 0. 0. 0. 0. 0. 0. 0. 0. 0. 0. 0. 0. 0. 0. 0.
    0. 0. 0. 0. 0. 0. 0. 0. 0. 0. 0. 0. 0. 0. 0. 0. 0. 0. 0. 0. 0. 0. 0.
    0. 0. 0. 0. 0. 0. 0. 0. 0. 0. 0. 0. 0. 0. 0. 0. 0. 0. 0. 0. 0. 0. 0.
    0. 0. 0. 0. 0. 0. 0. 0. 0. 0. 0. 0. 0. 0. 0. 0. 0. 0. 0. 0. 0. 0. 0.
    0. 0. 0. 0. 0. 0. 0. 0. 0. 0. 0. 0. 0. 0. 0. 0. 0. 0. 0. 0. 0. 0. 0.
    0. 0. 0. 0. 0. 0. 0. 0. 0. 0. 0. 0. 0. 0. 0. 0. 0. 0. 0. 0. 0. 0. 0.
    0. 0. 0. 0. 0. 0. 0. 0. 0. 0. 0. 0. 0. 0. 0. 0. 0. 0. 0. 0. 0. 0. 0.
    0. 0. 0. 0. 0. 0. 0. 0. 0. 0. 0. 0. 0. 0. 0. 0. 0. 0. 0. 0. 0. 0. 0.
    0. 0. 0. 0. 0. 0. 0. 0. 0. 0. 0. 0. 0. 0. 0. 0. 0. 0. 0. 0. 0. 0. 0.
    0. 0. 0. 0. 0. 0. 0. 0. 0. 0. 0. 0. 0. 0. 0. 0. 0. 0. 0. 0. 0. 0. 0.
    0. 0. 0. 0. 0. 0. 0. 0. 0. 0. 0. 0. 0. 0. 0. 0. 0. 0. 0. 0. 0. 0. 0.
    0. 0. 0. 2.96799994e+00 2.50999999e+00 2.10800004e+00 2.10800004e+00
    2.10800004e+00 2.06599998e+00 2.01799989e+00 2. 2. 2. 2. 2. 2. 2. 2.
    2. 2. 2. 2. 2. 1.99500000e+00 1.94799995e+00 1.90100002e+00
    1.89499998e+00 1.89499998e+00 1.89499998e+00 1.89499998e+00
    1.89499998e+00 0. 0. 0. 0. 0. 0. 0. 0. 0. 0. 0. 2.98699999e+00
    2.84100008e+00 2.45000005e+00 2.10700011e+00 2.09899998e+00
    2.09100008e+00 2.05500007e+00 2.01500010e+00 2. 2. 2. 2. 2. 2. 2. 2.
    2. 2. 2. 2. 2. 1.99500000e+00 1.94799995e+00 1.90100002e+00
    1.89499998e+00 1.89499998e+00 1.89499998e+00 1.89499998e+00
    1.89499998e+00 0. 0. 0. 0. 0. 0. 0. 0. 0. 0. 0. 2.57900000e+00
    2.50099993e+00 2.29099989e+00 2.10400009e+00 2.07500005e+00
    2.04600000e+00 2.02600002e+00 2.00699997e+00 2. 2. 2. 2. 2. 2. 2. 2.
    2. 2. 2. 2. 2. 1.99500000e+00 1.94799995e+00 1.90100002e+00
    1.89499998e+00 1.89499998e+00 1.89499998e+00 1.89499998e+00
    1.89499998e+00 0. 0. 0. 0. 0. 0. 0. 0. 0. 0. 0. 2.20900011e+00
    2.19099998e+00 2.14400005e+00 2.09699988e+00 2.05100012e+00
    2.00600004e+00 2. 2. 2. 2. 2. 2. 2. 2. 2. 2. 2. 2. 2. 2. 2.
    1.99500000e+00 1.94799995e+00 1.90100002e+00 1.89499998e+00
    1.89499998e+00 1.89499998e+00 1.89499998e+00 1.89499998e+00 0. 0. 0.
    0. 0. 0. 0. 0. 0. 0. 0. 2.11100006e+00 2.10100007e+00 2.07599998e+00
    2.05100012e+00 2.02699995e+00 2.00300002e+00 2. 2. 2. 2. 2. 2. 2. 2.
    2. 2. 2. 2. 2. 2. 2. 1.99500000e+00 1.94799995e+00 1.90100002e+00
    1.89499998e+00 1.89499998e+00 1.89499998e+00 1.89499998e+00
    1.89499998e+00 0. 0. 0. 0. 0. 0. 0. 0. 0. 0. 0. 2.01300001e+00
    2.01200008e+00 2.00900006e+00 2.00600004e+00 2.00300002e+00 2. 2. 2.
    2. 2. 2. 2. 2. 2. 2. 2. 2. 2. 2. 2. 2. 1.99500000e+00 1.94799995e+00
    1.90100002e+00 1.89499998e+00 1.89499998e+00 1.89499998e+00
    1.89499998e+00 1.89499998e+00 0. 0. 0. 0. 0. 0. 0. 0. 0. 0. 0. 2. 2.
    2. 2. 2. 2. 2. 2. 2. 2. 2. 2. 2. 2. 2. 2. 2. 2. 2. 2. 2.
    1.99699998e+00 1.96800005e+00 1.94000006e+00 1.91999996e+00
    1.90199995e+00 1.89499998e+00 1.89499998e+00 1.89499998e+00 0. 0. 0.
    0. 0. 0. 0. 0. 0. 0. 0. 2. 2. 2. 2. 2. 2. 2. 2. 2. 2. 2. 2. 2. 2. 2.
    2. 2. 2. 2. 2. 2. 1.99899995e+00 1.99100006e+00 1.98300004e+00
    1.94900000e+00 1.90999997e+00 1.89499998e+00 1.89499998e+00
    1.89499998e+00 0. 0. 0. 0. 0. 0. 0. 0. 0. 0. 0. 2. 2. 2. 2. 2. 2. 2.
    2. 1.99199998e+00 1.97899997e+00 1.97099996e+00 1.97099996e+00
    1.97099996e+00 1.97099996e+00 1.97099996e+00 1.97099996e+00
    1.97099996e+00 1.97099996e+00 1.97099996e+00 1.97099996e+00
    1.97099996e+00 1.97099996e+00 1.97099996e+00 1.97099996e+00
    1.94200003e+00 1.90799999e+00 1.89499998e+00 1.89499998e+00
    1.89499998e+00 0. 0. 0. 0. 0. 0. 0. 0. 0. 0. 0. 2. 2. 2. 2. 2. 2. 2.
    2. 1.97899997e+00 1.94599998e+00 1.92400002e+00 1.92400002e+00
    1.92400002e+00 1.92400002e+00 1.92400002e+00 1.92400002e+00
    1.92400002e+00 1.92400002e+00 1.92400002e+00 1.92400002e+00
    1.92400002e+00 1.92400002e+00 1.92400002e+00 1.92400002e+00
    1.91299999e+00 1.89999998e+00 1.89499998e+00 1.89499998e+00
    1.89499998e+00 0. 0. 0. 0. 0. 0. 0. 0. 0. 0. 0. 1.98300004e+00
    1.98300004e+00 1.98300004e+00 1.98300004e+00 1.98300004e+00
    1.98300004e+00 1.98899996e+00 1.99699998e+00 1.97099996e+00
    1.92400002e+00 1.89199996e+00 1.88499999e+00 1.87800002e+00
    1.87800002e+00 1.87800002e+00 1.88499999e+00 1.89199996e+00
    1.88999999e+00 1.88300002e+00 1.87800002e+00 1.87800002e+00
    1.87899995e+00 1.88699996e+00 1.89400005e+00 1.89499998e+00
    1.89499998e+00 1.89499998e+00 1.89499998e+00 1.89499998e+00 0. 0. 0.
    0. 0. 0. 0. 0. 0. 0. 0. 1.93599999e+00 1.93599999e+00 1.93599999e+00
    1.93599999e+00 1.93599999e+00 1.93599999e+00 1.96099997e+00
    1.98899996e+00 1.97099996e+00 1.92400002e+00 1.88499999e+00
    1.85800004e+00 1.83399999e+00 1.83399999e+00 1.83399999e+00
    1.85699999e+00 1.88499999e+00 1.87800002e+00 1.85099995e+00
    1.83399999e+00 1.83399999e+00 1.83700001e+00 1.86399996e+00
    1.89100003e+00 1.89499998e+00 1.89499998e+00 1.89499998e+00
    1.89499998e+00 1.89499998e+00 0. 0. 0. 0. 0. 0. 0. 0. 0. 0. 0.
    1.89499998e+00 1.89499998e+00 1.89499998e+00 1.89499998e+00
    1.89499998e+00 1.89499998e+00 1.93599999e+00 1.98199999e+00
    1.96800005e+00 1.91700006e+00 1.86899996e+00 1.82599998e+00
    1.78900003e+00 1.78900003e+00 1.78900003e+00 1.82599998e+00
    1.86800003e+00 1.86000001e+00 1.82000005e+00 1.79400003e+00
    1.79400003e+00 1.79900002e+00 1.84099996e+00 1.88399994e+00
    1.77300000e+00 1.63699996e+00 1.58399999e+00 1.58399999e+00
    1.58399999e+00 0. 0. 0. 0. 0. 0. 0. 0. 0. 0. 0. 1.89499998e+00
    1.89499998e+00 1.89499998e+00 1.89499998e+00 1.89499998e+00
    1.89499998e+00 1.93599999e+00 1.98199999e+00 1.94400001e+00
    1.85300004e+00 1.78799999e+00 1.76499999e+00 1.74500000e+00
    1.74500000e+00 1.74500000e+00 1.76499999e+00 1.78799999e+00
    1.79600000e+00 1.79499996e+00 1.79400003e+00 1.79400003e+00
    1.79700005e+00 1.81900001e+00 1.84200001e+00 0. 0. 0. 0. 0. 0. 0. 0.
    0. 0. 0. 0. 0. 0. 0. 0. 1.89499998e+00 1.89499998e+00 1.89499998e+00
    1.89499998e+00 1.89499998e+00 1.89499998e+00 1.93599999e+00
    1.98199999e+00 1.91900003e+00 1.78999996e+00 1.70700002e+00
    1.70400000e+00 1.70200002e+00 1.70200002e+00 1.70200002e+00
    1.70400000e+00 1.70700002e+00 1.73099995e+00 1.76999998e+00
    1.79400003e+00 1.79400003e+00 1.79400003e+00 1.79700005e+00
    1.79999995e+00 0. 0. 0. 0. 0. 0. 0. 0. 0. 0. 0. 0. 0. 0. 0. 0.
    1.89499998e+00 1.89499998e+00 1.89499998e+00 1.89499998e+00
    1.89499998e+00 1.89499998e+00 1.93599999e+00 1.98199999e+00
    1.91600001e+00 1.78100002e+00 1.69599998e+00 1.69599998e+00
    1.69599998e+00 1.69599998e+00 1.69599998e+00 1.69599998e+00
    1.69599998e+00 1.72300005e+00 1.76600003e+00 1.79400003e+00
    1.79400003e+00 1.79400003e+00 1.79400003e+00 1.79400003e+00 0. 0. 0.
    0. 0. 0. 0. 0. 0. 0. 0. 0. 0. 0. 0. 0. 0. 0. 0. 0. 0. 0. 0. 0. 0. 0.
    0. 0. 0. 0. 0. 0. 0. 0. 0. 0. 0. 0. 0. 0. 0. 0. 0. 0. 0. 0. 0. 0. 0.
    0. 0. 0. 0. 0. 0. 0. 0. 0. 0. 0. 0. 0. 0. 0. 0. 0. 0. 0. 0. 0. 0. 0.
    0. 0. 0. 0. 0. 0. 0. 0. 0. 0. 0. 0. 0. 0. 0. 0. 0. 0. 0. 0. 0. 0. 0.
    0. 0. 0. 0. 0. 0. 0. 0. 0. 0. 0. 0. 0. 0. 0. 0. 0. 0. 0. 0. 0. 0. 0.
