<?xml version="1.0"?>
<opencv_storage>
<Depth type_id="opencv-matrix">
  <rows>40</rows>
  <cols>40</cols>
  <dt>f</dt>
  <data>
    0. 0. 0. 0. 0. 0. 0. 0. 0. 0. 0. 0. 0. 0. 0. 0. 0. 0. 0. 0. 0. 0. 0.
    0. 0. 0. 0. 0. 0. 0. 0. 0. 0. 0. 0. 0. 0. 0. 0. 0. 0. 0. 0. 0. 0. 0.
    0. 0. 0. 0. 0. 0. 0. 0. 0. 0. 0. 0. 0. 0. 0. 0. 0. 0. 0. 0. 0. 0. 0.
    0. 0. 0. 0. 0. 0. 0. 0. 0. 0. 0. 0. 0. 0. 0. 0. 0. 0. 0. 0. 0. 0. 0.
    0. 0. 0. 0. 0. 0. 0. 0. 0. 0. 0. 0. 0. 0. 0. 0. 0. 0. 0. 0. 0. 0. 0.
    0. 0. 0. 0. 0. 0. 0. 0. 0. 0. 0. 0. 0. 0. 0. 0. 0. 0. 0. 0. 0. 0. 0.
    0. 0. 0. 0. 0. 0. 0. 0. 0. 0. 0. 0. 0. 0. 0. 0. 0. 0. 0. 0. 0. 0. 0.
    0. 0. 0. 0. 0. 0. 0. 0. 0. 0. 0. 0. 0. 0. 0. 0. 0. 0. 0. 0. 0. 0. 0.
    0. 0. 0. 0. 0. 0. 0. 0. 0. 0. 0. 0. 0. 0. 0. 0. 0. 0. 0. 0. 0. 0. 0.
    0. 0. 0. 0. 0. 0. 0. 0. 0. 0. 2.21499991e+00 2.21099997e+00
    2.21600008e+00 0. 0. 0. 0. 0. 0. 0. 0. 0. 0. 0. 0. 0. 0. 0. 0. 0. 0.
    0. 0. 0. 0. 0. 0. 0. 0. 0. 0. 0. 0. 0. 0. 0. 0. 0. 0. 0.
    2.21300006e+00 2.21399999e+00 2.20900011e+00 2.20700002e+00
    2.20099998e+00 2.20300007e+00 2.19899988e+00 0. 0. 0. 0. 0. 0. 0. 0.
    0. 0. 0. 0. 0. 0. 0. 0. 0. 0. 0. 0. 0. 0. 0. 0. 0. 0. 0. 0. 0. 0. 0.
    2.77900004e+00 2.69499993e+00 2.21700001e+00 2.21600008e+00
    2.20600009e+00 2.19000006e+00 2.18499994e+00 2.18600011e+00
    2.18899989e+00 2.17700005e+00 2.83599997e+00 0. 0. 0. 0. 0. 0. 0. 0.
    0. 0. 0. 0. 0. 0. 0. 0. 0. 0. 0. 0. 0. 0. 0. 0. 0. 0. 0. 0.
    2.67000008e+00 2.19899988e+00 2.18400002e+00 2.17400002e+00
    2.26200008e+00 2.01900005e+00 2.02800012e+00 2.11700010e+00
    2.16899991e+00 2.11199999e+00 2.12700009e+00 2.12599993e+00
    2.42199993e+00 0. 0. 0. 0. 0. 0. 0. 0. 0. 0. 0. 0. 0. 0. 0. 0. 0. 0.
    0. 0. 0. 0. 0. 0. 0. 0. 0. 2.33999991e+00 2.19199991e+00
    2.17799997e+00 2.13499999e+00 2.01099992e+00 2. 2. 2.00600004e+00
    2.01900005e+00 2.06100011e+00 2.06100011e+00 2.04500008e+00
    2.00999999e+00 2.00999999e+00 2.15499997e+00 0. 0. 0. 0. 0. 0. 0. 0.
    0. 0. 0. 0. 0. 0. 0. 0. 0. 0. 0. 0. 0. 0. 0. 0. 0. 0. 2.18600011e+00
    2.16599989e+00 2.12700009e+00 2.01200008e+00 2. 2. 2.00300002e+00
    2.00799990e+00 2.01799989e+00 2.01900005e+00 2.02800012e+00
    2.01300001e+00 2.00399995e+00 1.99500000e+00 0. 0. 0. 0. 0. 0. 0. 0.
    0. 0. 0. 0. 0. 0. 0. 0. 0. 0. 0. 0. 0. 0. 0. 0. 0. 2.34599996e+00
    2.19099998e+00 2.13499999e+00 2.03399992e+00 2.00900006e+00
    2.00500011e+00 2.00200009e+00 2. 1.99899995e+00 2.00300002e+00
    2.00900006e+00 2.01300001e+00 2.00399995e+00 2. 1.99300003e+00
    1.98599994e+00 0. 0. 0. 0. 0. 0. 0. 0. 0. 0. 0. 0. 0. 0. 0. 0. 0. 0.
    0. 0. 0. 0. 0. 0. 2.20499992e+00 2.17199993e+00 2.11700010e+00
    2.04299998e+00 2.00999999e+00 2.00600004e+00 2.00500011e+00 2.
    1.99500000e+00 1.99899995e+00 1.99500000e+00 2.00399995e+00 2.
    1.99899995e+00 1.99500000e+00 1.99100006e+00 0. 0. 0. 0. 0. 0. 0. 0.
    0. 0. 0. 0. 0. 0. 0. 0. 0. 0. 0. 0. 0. 0. 0. 0. 2.20499992e+00
    2.17400002e+00 2.09299994e+00 2.02900004e+00 2.00799990e+00
    2.00900006e+00 2.00600004e+00 2. 1.99500000e+00 1.99899995e+00
    1.99500000e+00 2. 1.99899995e+00 1.99500000e+00 1.99500000e+00
    1.99500000e+00 0. 0. 0. 0. 0. 0. 0. 0. 0. 0. 0. 0. 0. 0. 0. 0. 0. 0.
    0. 0. 0. 0. 0. 2.56500006e+00 2.19400001e+00 2.17300010e+00
    2.05399990e+00 2.01300001e+00 2.00500011e+00 2.00600004e+00
    2.00399995e+00 2. 2. 1.99600005e+00 1.99500000e+00 2. 1.99500000e+00
    1.99500000e+00 1.99500000e+00 1.99000001e+00 0. 0. 0. 0. 0. 0. 0. 0.
    0. 0. 0. 0. 0. 0. 0. 0. 0. 0. 0. 0. 0. 0. 0. 2.54900002e+00
    2.18600011e+00 2.14700007e+00 2.05200005e+00 2.00900006e+00
    2.00500011e+00 2.00300002e+00 2. 1.99699998e+00 1.99500000e+00
    1.99800003e+00 1.99500000e+00 2. 1.99500000e+00 1.99500000e+00
    1.99500000e+00 1.99500000e+00 0. 0. 0. 0. 0. 0. 0. 0. 0. 0. 0. 0. 0.
    0. 0. 0. 0. 0. 0. 0. 0. 0. 0. 2.20400000e+00 2.17300010e+00
    2.09500003e+00 2.03500009e+00 2.00600004e+00 2. 2. 2. 2. 2. 2. 2. 2.
    1.99500000e+00 1.99500000e+00 1.99199998e+00 1.99199998e+00 0. 0. 0.
    0. 0. 0. 0. 0. 0. 0. 0. 0. 0. 0. 0. 0. 0. 0. 0. 0. 0. 0.
    2.78699994e+00 2.19899988e+00 2.16799998e+00 2.06399989e+00
    2.01999998e+00 2.00399995e+00 2. 2. 2. 1.99600005e+00 2. 2. 2.
    1.99500000e+00 1.99500000e+00 1.99500000e+00 1.99000001e+00
    1.45400000e+00 0. 0. 0. 0. 0. 0. 0. 0. 0. 0. 0. 0. 0. 0. 0. 0. 0. 0.
    0. 0. 0. 0. 2.78600001e+00 2.18799996e+00 2.14700007e+00
    2.04500008e+00 2.01300001e+00 2.00500011e+00 2.00399995e+00
    2.00500011e+00 2. 1.99500000e+00 2. 2. 2. 1.99500000e+00
    1.99500000e+00 1.99500000e+00 1.99000001e+00 1.45400000e+00 0. 0. 0.
    0. 0. 0. 0. 0. 0. 0. 0. 0. 0. 0. 0. 0. 0. 0. 0. 0. 0. 0.
    2.78699994e+00 2.18199992e+00 2.13299990e+00 2.03399992e+00
    2.01300001e+00 2.00500011e+00 2.00500011e+00 2.00300002e+00 2.
    1.99500000e+00 2. 2. 1.99500000e+00 1.99500000e+00 1.99500000e+00
    1.99000001e+00 1.99000001e+00 2.41000009e+00 0. 0. 0. 0. 0. 0. 0. 0.
    0. 0. 0. 0. 0. 0. 0. 0. 0. 0. 0. 0. 0. 0. 2.20700002e+00
    2.17700005e+00 2.12100005e+00 2.03299999e+00 2.01300001e+00 2. 2. 2.
    2. 1.99500000e+00 1.99500000e+00 1.99500000e+00 1.99500000e+00
    1.99500000e+00 1.99399996e+00 1.98899996e+00 1.98599994e+00 0. 0. 0.
    0. 0. 0. 0. 0. 0. 0. 0. 0. 0. 0. 0. 0. 0. 0. 0. 0. 0. 0.
    2.92199993e+00 2.20000005e+00 2.18700004e+00 2.11199999e+00
    2.02800012e+00 2.00900006e+00 2.00399995e+00 2. 1.99500000e+00 2.
    1.99699998e+00 1.99500000e+00 1.99500000e+00 1.99500000e+00
    1.99500000e+00 1.99000001e+00 1.99000001e+00 1.74300003e+00 0. 0. 0.
    0. 0. 0. 0. 0. 0. 0. 0. 0. 0. 0. 0. 0. 0. 0. 0. 0. 0. 0.
    2.38299990e+00 2.19099998e+00 2.17499995e+00 2.04699993e+00
    2.02500010e+00 2. 2. 2. 1.99500000e+00 1.99500000e+00 1.99500000e+00
    1.99899995e+00 1.99500000e+00 1.99500000e+00 1.99500000e+00
    1.99399996e+00 1.99000001e+00 2.87299991e+00 0. 0. 0. 0. 0. 0. 0. 0.
    0. 0. 0. 0. 0. 0. 0. 0. 0. 0. 0. 0. 0. 0. 0. 2.18300009e+00
    2.17400002e+00 2.04399991e+00 2.01200008e+00 1.99899995e+00
    1.99500000e+00 1.99500000e+00 1.99500000e+00 1.99500000e+00
    1.99500000e+00 1.99699998e+00 1.99500000e+00 1.99500000e+00
    1.99500000e+00 1.99300003e+00 1.99199998e+00 2.27999997e+00 0. 0. 0.
    0. 0. 0. 0. 0. 0. 0. 0. 0. 0. 0. 0. 0. 0. 0. 0. 0. 0. 0.
    2.19400001e+00 2.18499994e+00 2.16400003e+00 2.03800011e+00
    2.00999999e+00 2. 2. 1.99800003e+00 1.99500000e+00 1.99500000e+00
    1.99500000e+00 1.99500000e+00 1.99500000e+00 1.99500000e+00
    1.99300003e+00 1.99000001e+00 1.99300003e+00 0. 0. 0. 0. 0. 0. 0. 0.
    0. 0. 0. 0. 0. 0. 0. 0. 0. 0. 0. 0. 0. 0. 0. 2.19300008e+00
    2.17899990e+00 2.11500001e+00 2.02200007e+00 2.00500011e+00 2. 2. 2.
    1.99500000e+00 1.99500000e+00 1.99500000e+00 1.99500000e+00
    1.99500000e+00 1.99000001e+00 1.99000001e+00 1.99000001e+00
    2.59400010e+00 0. 0. 0. 0. 0. 0. 0. 0. 0. 0. 0. 0. 0. 0. 0. 0. 0. 0.
    0. 0. 0. 0. 0. 2.18799996e+00 2.15799999e+00 2.07299995e+00
    2.01300001e+00 2.00200009e+00 2. 2. 1.99500000e+00 1.99500000e+00
    1.99500000e+00 1.99699998e+00 1.99500000e+00 1.99500000e+00
    1.99000001e+00 1.99000001e+00 1.99000001e+00 2.58200002e+00 0. 0. 0.
    0. 0. 0. 0. 0. 0. 0. 0. 0. 0. 0. 0. 0. 0. 0. 0. 0. 0. 0. 0.
    2.18199992e+00 2.13499999e+00 2.07500005e+00 2.01099992e+00 2.
    2.00099993e+00 1.99899995e+00 1.99500000e+00 1.99500000e+00
    1.99500000e+00 1.99500000e+00 1.99000001e+00 1.99100006e+00
    1.99000001e+00 1.99000001e+00 1.98699999e+00 0. 0. 0. 0. 0. 0. 0. 0.
    0. 0. 0. 0. 0. 0. 0. 0. 0. 0. 0. 0. 0. 0. 0. 2.19199991e+00
    2.17799997e+00 2.12500000e+00 2.03299999e+00 2.00600004e+00 2.
    1.99600005e+00 1.99600005e+00 1.99500000e+00 1.99500000e+00
    1.99500000e+00 1.99500000e+00 1.99199998e+00 1.99000001e+00
    1.99000001e+00 1.98699999e+00 1.98599994e+00 0. 0. 0. 0. 0. 0. 0. 0.
    0. 0. 0. 0. 0. 0. 0. 0. 0. 0. 0. 0. 0. 0. 0. 2.18700004e+00
    2.16799998e+00 2.08999991e+00 2.02300000e+00 2.00500011e+00 2.
