<?xml version="1.0"?>
<opencv_storage>
<Depth type_id="opencv-matrix">
  <rows>40</rows>
  <cols>40</cols>
  <dt>f</dt>
  <data>
    0. 0. 0. 0. 0. 0. 0. 0. 0. 0. 0. 0. 0. 0. 0. 0. 0. 0. 0. 0. 0. 0. 0.
    0. 0. 0. 0. 0. 0. 0. 0. 0. 0. 0. 0. 0. 0. 0. 0. 0. 0. 0. 0. 0. 0. 0.
    0. 0. 0. 0. 0. 0. 0. 0. 0. 0. 0. 0. 0. 0. 0. 0. 0. 0. 0. 0. 0. 0. 0.
    0. 0. 0. 0. 0. 0. 0. 0. 0. 0. 0. 0. 0. 0. 0. 0. 0. 0. 0. 0. 0. 0. 0.
    0. 0. 0. 0. 0. 0. 0. 0. 0. 0. 0. 0. 0. 0. 0. 0. 0. 0. 0. 0. 0. 0. 0.
    0. 0. 0. 0. 0. 0. 0. 0. 0. 0. 0. 0. 0. 0. 0. 0. 0. 0. 0. 0. 0. 0. 0.
    0. 0. 0. 0. 0. 0. 0. 0. 0. 0. 0. 0. 0. 0. 0. 0. 0. 0. 0. 0. 0. 0. 0.
    0. 0. 0. 0. 0. 0. 0. 0. 0. 0. 0. 0. 0. 0. 0. 0. 0. 0. 0. 0. 0. 0. 0.
    0. 0. 0. 0. 0. 0. 0. 0. 0. 0. 0. 0. 0. 0. 0. 0. 0. 0. 0. 0. 0. 0. 0.
    0. 0. 0. 0. 0. 0. 0. 0. 0. 0. 0. 0. 0. 0. 0. 0. 0. 0. 0. 0. 0. 0. 0.
    0. 0. 0. 0. 0. 0. 0. 0. 0. 0. 0. 0. 0. 0. 0. 0. 0. 0. 0. 0. 0. 0. 0.
    0. 0. 0. 0. 0. 0. 0. 0. 0. 0. 0. 0. 0. 0. 0. 0. 0. 0. 0. 0. 0. 0. 0.
    0. 0. 0. 0. 0. 0. 0. 0. 0. 0. 0. 0. 0. 0. 0. 0. 0. 0. 0. 0. 0. 0. 0.
    0. 0. 0. 0. 0. 0. 0. 0. 0. 0. 0. 0. 0. 0. 0. 0. 0. 0. 0. 0. 0. 0. 0.
    0. 0. 0. 0. 0. 0. 0. 0. 0. 0. 0. 0. 0. 0. 0. 0. 0. 0. 0. 0. 0. 0. 0.
    0. 0. 0. 0. 0. 0. 0. 0. 0. 0. 0. 0. 0. 0. 0. 0. 0. 0. 0. 0. 0. 0. 0.
    0. 0. 0. 0. 0. 0. 0. 0. 0. 0. 0. 0. 0. 0. 0. 0. 0. 0. 0. 0. 0. 0. 0.
    0. 0. 0. 0. 0. 0. 0. 0. 0. 0. 0. 0. 0. 0. 0. 0. 0. 0. 0. 0. 0. 0. 0.
    0. 0. 0. 0. 0. 0. 0. 0. 0. 0. 0. 0. 0. 0. 0. 0. 0. 0. 0. 0. 0. 0. 0.
    0. 0. 0. 0. 0. 0. 0. 0. 0. 0. 0. 0. 0. 0. 0. 0. 0. 0. 0. 0. 0. 0. 0.
    0. 0. 0. 0. 0. 0. 0. 0. 0. 0. 0. 0. 0. 0. 0. 0. 0. 0. 0. 0. 0. 0. 0.
    0. 0. 0. 2. 1.99500000e+00 1.96899998e+00 1.94400001e+00
    1.91900003e+00 1.90499997e+00 1.36099994e+00 0. 0. 0. 0. 0. 0. 0. 0.
    0. 2.03200006e+00 2.03200006e+00 2.03200006e+00 2.05299997e+00
    2.06599998e+00 2.07399988e+00 2.10100007e+00 2.13000011e+00 0. 0. 0.
    0. 0. 1.53699994e+00 0. 0. 0. 0. 0. 0. 0. 0. 0. 1.50500000e+00 2.
    1.99500000e+00 1.96899998e+00 1.94400001e+00 1.91900003e+00
    1.90499997e+00 1.75300002e+00 1.02499998e+00 0. 1.01400006e+00 0. 0.
    0. 0. 0. 0. 2.03200006e+00 2.03200006e+00 2.03200006e+00
    2.03800011e+00 2.05200005e+00 2.07399988e+00 2.10100007e+00
    2.13000011e+00 1.75600004e+00 1.56400001e+00 1.57599998e+00
    1.57799995e+00 1.59899998e+00 2.00999999e+00 1.72099996e+00
    1.19500005e+00 0. 0. 0. 0. 0. 0. 1.63600004e+00 1.94200003e+00 2.
    1.99300003e+00 1.95400000e+00 1.94000006e+00 1.92799997e+00
    1.92100000e+00 1.92900002e+00 1.96599996e+00 1.96700001e+00
    1.98599994e+00 1.37100005e+00 0. 0. 0. 0. 1.06299996e+00
    2.03200006e+00 2.03200006e+00 2.03200006e+00 2.03200006e+00
    2.04699993e+00 2.07399988e+00 2.10100007e+00 2.13000011e+00
    2.13499999e+00 2.14299989e+00 2.15199995e+00 2.15400004e+00
    2.18300009e+00 2.18799996e+00 2.21399999e+00 2.23799992e+00
    2.06800008e+00 0. 1.85599995e+00 1.87500000e+00 1.87500000e+00
    1.87500000e+00 1.87500000e+00 1.93599999e+00 1.99000001e+00
    1.98199999e+00 1.93900001e+00 1.93599999e+00 1.94099998e+00
    1.94599998e+00 1.94900000e+00 1.96599996e+00 1.96700001e+00
    1.97399998e+00 1.98000002e+00 1.98599994e+00 2.01099992e+00
    2.01999998e+00 2.02200007e+00 2.02600002e+00 2.03200006e+00
    2.03200006e+00 2.03200006e+00 2.03200006e+00 2.04699993e+00
    2.07399988e+00 2.10100007e+00 2.11999989e+00 2.12400007e+00
    2.12400007e+00 2.12400007e+00 2.12700009e+00 2.16400003e+00
    2.17000008e+00 2.19899988e+00 2.22399998e+00 2.20600009e+00
    2.20600009e+00 1.84599996e+00 1.87699997e+00 1.88199997e+00
    1.88199997e+00 1.88199997e+00 1.92600000e+00 1.96300006e+00
    1.95899999e+00 1.93700004e+00 1.93599999e+00 1.95099998e+00
    1.96500003e+00 1.96700001e+00 1.96700001e+00 1.96700001e+00
    1.94900000e+00 1.93599999e+00 1.94200003e+00 1.96700001e+00
    1.99300003e+00 2. 2.01300001e+00 2.03200006e+00 2.03200006e+00
    2.03200006e+00 2.03200006e+00 2.04699993e+00 2.07399988e+00
    2.09999990e+00 2.09999990e+00 2.09999990e+00 2.09999990e+00
    2.09999990e+00 2.10500002e+00 2.16100001e+00 2.17000008e+00
    2.18700004e+00 2.20600009e+00 2.20600009e+00 2.20600009e+00
    1.84599996e+00 1.89300001e+00 1.93099999e+00 1.93099999e+00
    1.93099999e+00 1.93499994e+00 1.93799996e+00 1.93799996e+00
    1.93599999e+00 1.93599999e+00 1.93700004e+00 1.94900000e+00
    1.96700001e+00 1.96700001e+00 1.96700001e+00 1.94900000e+00
    1.93599999e+00 1.94200003e+00 1.96700001e+00 1.99300003e+00 2.
    2.01300001e+00 2.03200006e+00 2.03200006e+00 2.03200006e+00
    2.03200006e+00 2.04699993e+00 2.07399988e+00 2.09999990e+00
    2.09999990e+00 2.09999990e+00 2.09999990e+00 2.09999990e+00
    2.10500002e+00 2.16100001e+00 2.17000008e+00 2.18700004e+00
    2.20600009e+00 2.20600009e+00 2.20600009e+00 1.84599996e+00
    1.88699996e+00 1.91299999e+00 1.91299999e+00 1.91299999e+00
    1.91299999e+00 1.91299999e+00 1.91299999e+00 1.91299999e+00
    1.91299999e+00 1.91299999e+00 1.92499995e+00 1.94799995e+00
    1.96599996e+00 1.96700001e+00 1.96200001e+00 1.95899999e+00
    1.96500003e+00 1.99100006e+00 1.99800003e+00 2.01399994e+00
    2.02699995e+00 2.03200006e+00 2.03200006e+00 2.05200005e+00
    2.05699992e+00 2.06100011e+00 2.06800008e+00 2.07500005e+00
    2.07500005e+00 2.09100008e+00 2.09999990e+00 2.09999990e+00
    2.10500002e+00 2.16100001e+00 2.17000008e+00 2.18700004e+00
    2.20600009e+00 2.20600009e+00 2.20600009e+00 1.86199999e+00
    1.87899995e+00 1.89100003e+00 1.90400004e+00 1.90499997e+00
    1.90499997e+00 1.90499997e+00 1.90499997e+00 1.90499997e+00
    1.90499997e+00 1.90499997e+00 1.90999997e+00 1.92499995e+00
    1.95000005e+00 1.96300006e+00 1.96700001e+00 1.96700001e+00
    1.97300005e+00 2. 2. 2.00900006e+00 2.01500010e+00 2.01900005e+00
    2.03200006e+00 2.04500008e+00 2.05900002e+00 2.06599998e+00
    2.06599998e+00 2.06599998e+00 2.06599998e+00 2.08800006e+00
    2.09999990e+00 2.10500002e+00 2.12199998e+00 2.16300011e+00
    2.17000008e+00 2.18700004e+00 2.20600009e+00 2.20600009e+00
    2.20600009e+00 1.87500000e+00 1.87500000e+00 1.87699997e+00
    1.89300001e+00 1.89499998e+00 1.89499998e+00 1.89499998e+00
    1.89499998e+00 1.89499998e+00 1.90199995e+00 1.90499997e+00
    1.90499997e+00 1.90999997e+00 1.93499994e+00 1.96000004e+00
    1.96700001e+00 1.96700001e+00 1.97300005e+00 2. 2. 2. 2.
    2.00699997e+00 2.03200006e+00 2.03200006e+00 2.05299997e+00
    2.06599998e+00 2.06599998e+00 2.06599998e+00 2.07599998e+00
    2.09200001e+00 2.10500002e+00 2.11800003e+00 2.13700008e+00
    2.16499996e+00 2.17000008e+00 2.18099999e+00 2.20099998e+00
    2.21900010e+00 2.21900010e+00 1.87100005e+00 1.87100005e+00
    1.87100005e+00 1.87500000e+00 1.87500000e+00 1.87500000e+00
    1.87500000e+00 1.87500000e+00 1.87500000e+00 1.89800000e+00
    1.90499997e+00 1.90499997e+00 1.90900004e+00 1.93099999e+00
    1.95599997e+00 1.96300006e+00 1.96300006e+00 1.96800005e+00
    1.99100006e+00 1.99100006e+00 1.99600005e+00 2.00200009e+00
    2.01099992e+00 2.03200006e+00 2.03200006e+00 2.05299997e+00
    2.06599998e+00 2.06599998e+00 2.06699991e+00 2.09500003e+00
    2.09999990e+00 2.11400008e+00 2.13100004e+00 2.13700008e+00
    2.16100001e+00 2.16799998e+00 2.17000008e+00 2.18899989e+00
    2.23799992e+00 2.24200010e+00 1.84700000e+00 1.84700000e+00
    1.85000002e+00 1.87300003e+00 1.87500000e+00 1.87500000e+00
    1.87500000e+00 1.87500000e+00 1.87500000e+00 1.89800000e+00
    1.90499997e+00 1.90499997e+00 1.90499997e+00 1.90699995e+00
    1.93099999e+00 1.93799996e+00 1.93799996e+00 1.93799996e+00
    1.93900001e+00 1.93900001e+00 1.97599995e+00 2.01200008e+00
    2.03099990e+00 2.03200006e+00 2.03200006e+00 2.05299997e+00
    2.06599998e+00 2.06599998e+00 2.06699991e+00 2.09500003e+00
    2.09999990e+00 2.10100007e+00 2.10999990e+00 2.13499999e+00
    2.13700008e+00 2.15899992e+00 2.17000008e+00 2.18099999e+00
    2.21099997e+00 2.23900008e+00 1.81200004e+00 1.83000004e+00
