<?xml version="1.0"?>
<opencv_storage>
<Depth type_id="opencv-matrix">
  <rows>40</rows>
  <cols>40</cols>
  <dt>f</dt>
  <data>
    0. 0. 0. 0. 0. 0. 0. 0. 0. 0. 0. 0. 0. 0. 0. 0. 0. 0. 0. 0. 0. 0. 0.
    0. 0. 0. 0. 0. 0. 0. 0. 0. 0. 0. 0. 0. 0. 0. 0. 0. 0. 0. 0. 0. 0. 0.
    0. 0. 0. 0. 0. 0. 0. 0. 0. 0. 0. 0. 0. 0. 0. 0. 0. 0. 0. 0. 0. 0. 0.
    0. 0. 0. 0. 0. 0. 0. 0. 0. 0. 0. 0. 0. 0. 0. 0. 0. 0. 0. 0. 0. 0. 0.
    0. 0. 0. 0. 0. 0. 0. 0. 0. 0. 0. 0. 0. 0. 0. 0. 0. 0. 0. 0. 0. 0. 0.
    0. 0. 0. 0. 0. 0. 0. 0. 0. 0. 0. 0. 0. 0. 0. 0. 0. 0. 0. 0. 0. 0. 0.
    0. 0. 0. 0. 0. 0. 0. 0. 0. 0. 0. 0. 0. 0. 0. 0. 0. 0. 0. 0. 0. 0. 0.
    0. 0. 0. 0. 0. 0. 0. 0. 0. 0. 0. 0. 0. 0. 0. 0. 0. 0. 0. 0. 0. 0. 0.
    0. 0. 0. 0. 0. 0. 0. 0. 0. 0. 0. 0. 0. 0. 0. 0. 0. 0. 0. 0. 0. 0. 0.
    0. 0. 0. 0. 0. 0. 0. 0. 0. 0. 0. 0. 0. 0. 0. 0. 0. 0. 0. 0. 0. 0. 0.
    0. 0. 0. 0. 0. 0. 0. 0. 0. 0. 0. 0. 0. 0. 0. 0. 0. 0. 0. 0. 0. 0. 0.
    0. 0. 0. 0. 0. 0. 0. 0. 0. 0. 0. 0. 0. 0. 0. 0. 0. 0. 0. 0. 0. 0. 0.
    0. 0. 0. 0. 0. 0. 0. 0. 0. 0. 0. 0. 0. 0. 0. 0. 0. 0. 0. 0. 0. 0. 0.
    0. 0. 0. 0. 0. 0. 0. 0. 0. 0. 0. 0. 0. 0. 0. 0. 0. 0. 0. 0. 0. 0. 0.
    0. 0. 0. 0. 0. 0. 0. 0. 0. 0. 0. 0. 0. 0. 0. 0. 0. 0. 0. 0. 0. 0. 0.
    0. 0. 0. 0. 0. 0. 0. 0. 0. 0. 0. 0. 0. 0. 0. 0. 0. 0. 0. 0. 0. 0. 0.
    0. 1.64100003e+00 1.64100003e+00 1.64100003e+00 1.64100003e+00
    1.64100003e+00 1.64100003e+00 1.64100003e+00 1.64100003e+00
    1.64100003e+00 1.64100003e+00 1.64300001e+00 1.70200002e+00
    1.75999999e+00 1.81599998e+00 1.81599998e+00 1.81599998e+00
    1.81599998e+00 1.81599998e+00 1.81599998e+00 1.81599998e+00
    1.81599998e+00 0. 0. 0. 0. 0. 0. 0. 0. 0. 0. 0. 0. 0. 0. 0. 0. 0. 0.
    0. 1.64100003e+00 1.64100003e+00 1.64100003e+00 1.64100003e+00
    1.64100003e+00 1.64100003e+00 1.64100003e+00 1.64100003e+00
    1.64100003e+00 1.64100003e+00 1.64300001e+00 1.70200002e+00
    1.75999999e+00 1.81599998e+00 1.81599998e+00 1.81599998e+00
    1.81599998e+00 1.81599998e+00 1.81599998e+00 1.81599998e+00
    1.81599998e+00 0. 0. 0. 0. 0. 0. 0. 0. 0. 0. 0. 0. 0. 0. 0. 0. 0. 0.
    0. 1.70000005e+00 1.70000005e+00 1.70000005e+00 1.70000005e+00
    1.70000005e+00 1.70000005e+00 1.70000005e+00 1.70000005e+00
    1.70000005e+00 1.70000005e+00 1.70099998e+00 1.74000001e+00
    1.77900004e+00 1.81700003e+00 1.83800006e+00 1.85800004e+00
    1.87699997e+00 1.85599995e+00 1.83500004e+00 1.81599998e+00
    1.81599998e+00 0. 0. 0. 0. 0. 0. 0. 0. 0. 0. 0. 0. 0. 0. 0. 0. 0. 0.
    0. 1.75800002e+00 1.75800002e+00 1.75800002e+00 1.75800002e+00
    1.75800002e+00 1.75800002e+00 1.75800002e+00 1.75800002e+00
    1.75800002e+00 1.75800002e+00 1.75899994e+00 1.77800000e+00
    1.79799998e+00 1.81799996e+00 1.85899997e+00 1.89999998e+00
    1.93700004e+00 1.89600003e+00 1.85500002e+00 1.81599998e+00
    1.81599998e+00 0. 0. 0. 0. 0. 0. 0. 0. 0. 0. 0. 0. 0. 0. 0. 0. 0. 0.
    0. 1.81599998e+00 1.81599998e+00 1.81599998e+00 1.81599998e+00
    1.81599998e+00 1.81599998e+00 1.81700003e+00 1.81700003e+00
    1.81700003e+00 1.81700003e+00 1.81700003e+00 1.81700003e+00
    1.81700003e+00 1.82000005e+00 1.88100004e+00 1.94200003e+00
    1.99699998e+00 1.93499994e+00 1.87399995e+00 1.81700003e+00
    1.81700003e+00 0. 0. 0. 0. 0. 0. 0. 0. 0. 0. 0. 0. 0. 0. 0. 0. 0. 0.
    0. 1.81599998e+00 1.81599998e+00 1.81599998e+00 1.81599998e+00
    1.81599998e+00 1.83700001e+00 1.85800004e+00 1.87800002e+00
    1.87800002e+00 1.87800002e+00 1.87800002e+00 1.87800002e+00
    1.87800002e+00 1.88000000e+00 1.92100000e+00 1.96200001e+00
    1.99800003e+00 1.95700002e+00 1.91600001e+00 1.87800002e+00
    1.87800002e+00 0. 0. 0. 0. 0. 0. 0. 0. 0. 0. 0. 0. 0. 0. 0. 0. 0. 0.
    0. 1.81599998e+00 1.81599998e+00 1.81599998e+00 1.81599998e+00
    1.81700003e+00 1.85800004e+00 1.89999998e+00 1.94000006e+00
    1.94000006e+00 1.94000006e+00 1.94000006e+00 1.94000006e+00
    1.94000006e+00 1.94099998e+00 1.96099997e+00 1.98099995e+00
    1.99899995e+00 1.97899997e+00 1.95899999e+00 1.94000006e+00
    1.94000006e+00 0. 0. 0. 0. 0. 0. 0. 0. 0. 0. 0. 0. 0. 0. 0. 0. 0. 0.
    0. 1.81799996e+00 1.81799996e+00 1.81799996e+00 1.81799996e+00
    1.81799996e+00 1.87899995e+00 1.94099998e+00 2. 2. 2. 2. 2. 2. 2. 2.
    2. 2. 2. 2. 2. 2. 0. 0. 0. 0. 0. 0. 0. 0. 0. 0. 0. 0. 0. 0. 0. 0. 0.
    0. 0. 1.87899995e+00 1.87899995e+00 1.87899995e+00 1.87899995e+00
    1.88000000e+00 1.91999996e+00 1.96099997e+00 2. 2. 2. 2. 2. 2. 2. 2.
    2. 2. 2. 2. 2. 2. 0. 0. 0. 0. 0. 0. 0. 0. 0. 0. 0. 0. 0. 0. 0. 0. 0.
    0. 0. 1.94099998e+00 1.94099998e+00 1.94099998e+00 1.94099998e+00
    1.94099998e+00 1.96099997e+00 1.98099995e+00 2. 2. 2. 2. 2. 2. 2. 2.
    2. 2. 2. 2. 2. 2. 0. 0. 0. 0. 0. 0. 0. 0. 0. 0. 0. 0. 0. 0. 0. 0. 0.
    0. 0. 2. 2. 2. 2. 2. 2. 2. 2. 2. 2. 2. 2. 2. 2. 2. 2. 2.
    2.00099993e+00 2.00200009e+00 2.00200009e+00 2.00200009e+00 0. 0. 0.
    0. 0. 0. 0. 0. 0. 0. 0. 0. 0. 0. 0. 0. 0. 0. 0. 2. 2. 2. 2. 2. 2. 2.
    2. 2. 2. 2. 2. 2. 2. 2. 2. 2.00099993e+00 2.02399993e+00
    2.04600000e+00 2.06699991e+00 2.06699991e+00 0. 0. 0. 0. 0. 0. 0. 0.
    0. 0. 0. 0. 0. 0. 0. 0. 0. 0. 0. 2. 2. 2. 2. 2. 2. 2. 2. 2. 2. 2. 2.
    2. 2. 2. 2. 2.00200009e+00 2.04600000e+00 2.08999991e+00
    2.13100004e+00 2.13100004e+00 0. 0. 0. 0. 0. 0. 0. 0. 0. 0. 0. 0. 0.
    0. 0. 0. 0. 0. 0. 2. 2. 2. 2. 2. 2.00099993e+00 2.00200009e+00
    2.00300002e+00 2.00300002e+00 2.00300002e+00 2.00300002e+00
    2.00200009e+00 2.00099993e+00 2. 2. 2. 2.00399995e+00 2.06699991e+00
    2.13100004e+00 2.19000006e+00 2.19000006e+00 0. 0. 0. 0. 0. 0. 0. 0.
    0. 0. 0. 0. 0. 0. 0. 0. 0. 0. 0. 2. 2. 2. 2. 2. 2.02300000e+00
    2.04500008e+00 2.06699991e+00 2.06699991e+00 2.06699991e+00
    2.06699991e+00 2.04399991e+00 2.02200007e+00 2. 2. 2. 2.00200009e+00
    2.04399991e+00 2.08599997e+00 2.12599993e+00 2.12599993e+00 0. 0. 0.
    0. 0. 0. 0. 0. 0. 0. 0. 0. 0. 0. 0. 0. 0. 0. 0. 2. 2. 2. 2.
    2.00099993e+00 2.04500008e+00 2.08899999e+00 2.13199997e+00
    2.13199997e+00 2.13199997e+00 2.13000011e+00 2.08599997e+00
    2.04200006e+00 2. 2. 2. 2.00099993e+00 2.02200007e+00 2.04200006e+00
    2.06100011e+00 2.06100011e+00 0. 0. 0. 0. 0. 0. 0. 0. 0. 0. 0. 0. 0.
    0. 0. 0. 0. 0. 0. 1.99699998e+00 1.99699998e+00 1.99800003e+00
    1.99899995e+00 2.00099993e+00 2.06599998e+00 2.13000011e+00
    2.19300008e+00 2.19300008e+00 2.19300008e+00 2.19099998e+00
    2.12599993e+00 2.06200004e+00 2. 2. 2. 2. 2. 2. 2. 2. 0. 0. 0. 0. 0.
    0. 0. 0. 0. 0. 0. 0. 0. 0. 0. 0. 0. 0. 0. 1.93499994e+00
    1.93499994e+00 1.95700002e+00 1.97899997e+00 2.00099993e+00
    2.06599998e+00 2.13000011e+00 2.19300008e+00 2.19300008e+00
    2.19300008e+00 2.19099998e+00 2.12599993e+00 2.06200004e+00 2. 2. 2.
    2. 2. 2. 2. 2. 0. 0. 0. 0. 0. 0. 0. 0. 0. 0. 0. 0. 0. 0. 0. 0. 0. 0.
    0. 1.87399995e+00 1.87399995e+00 1.91600001e+00 1.95799994e+00
    2.00099993e+00 2.06599998e+00 2.13000011e+00 2.19300008e+00
    2.19300008e+00 2.19300008e+00 2.19099998e+00 2.12599993e+00
    2.06200004e+00 2. 2. 2. 2. 2. 2. 2. 2. 0. 0. 0. 0. 0. 0. 0. 0. 0. 0.
    0. 0. 0. 0. 0. 0. 0. 0. 0. 1.81599998e+00 1.81599998e+00
    1.87800002e+00 1.93900001e+00 2.00099993e+00 2.06599998e+00
    2.13000011e+00 2.19300008e+00 2.19300008e+00 2.19300008e+00
    2.19099998e+00 2.12599993e+00 2.06200004e+00 2. 2. 2. 2. 2. 2. 2. 2.
    0. 0. 0. 0. 0. 0. 0. 0. 0. 0. 0. 0. 0. 0. 0. 0. 0. 0. 0.
    1.81599998e+00 1.81599998e+00 1.87800002e+00 1.93900001e+00
    2.00099993e+00 2.06599998e+00 2.13000011e+00 2.19300008e+00
    2.19300008e+00 2.19300008e+00 2.19099998e+00 2.12599993e+00
    2.06200004e+00 2. 2. 2. 2. 2. 2. 2. 2. 0. 0. 0. 0. 0. 0. 0. 0. 0. 0.
    0. 0. 0. 0. 0. 0. 0. 0. 0. 0. 0. 0. 0. 0. 0. 0. 0. 0. 0. 0. 0. 0. 0.
    0. 0. 0. 0. 0. 0. 0. 0. 0. 0. 0. 0. 0. 0. 0. 0. 0. 0. 0. 0. 0. 0. 0.
    0. 0. 0. 0. 0. 0. 0. 0. 0. 0. 0. 0. 0. 0. 0. 0. 0. 0. 0. 0. 0. 0. 0.
    0. 0. 0. 0. 0. 0. 0. 0. 0. 0. 0. 0. 0. 0. 0. 0. 0. 0. 0. 0. 0. 0. 0.
    0. 0. 0. 0. 0. 0. 0. 0. 0. 0. 0. 0. 0. 0. 0. 0. 0. 0. 0. 0. 0. 0. 0.
