<?xml version="1.0"?>
<opencv_storage>
<Depth type_id="opencv-matrix">
  <rows>40</rows>
  <cols>40</cols>
  <dt>f</dt>
  <data>
    0. 0. 0. 0. 0. 0. 0. 1.25800002e+00 1.25800002e+00 1.25800002e+00
    1.25800002e+00 0. 1.25800002e+00 1.25800002e+00 1.59300005e+00
    2.05699992e+00 2.05500007e+00 2.03699994e+00 2.03600001e+00
    2.04600000e+00 2.04299998e+00 2.04299998e+00 2.03900003e+00
    2.03699994e+00 2.03699994e+00 2.03600001e+00 2.02600002e+00
    1.47099996e+00 1.25800002e+00 1.25800002e+00 1.25800002e+00
    1.25800002e+00 0. 0. 0. 0. 0. 0. 0. 0. 0. 0. 0. 0. 0. 0. 0.
    1.25800002e+00 0. 0. 0. 1.85599995e+00 1.25800002e+00 1.25800002e+00
    2.05900002e+00 2.07800007e+00 2.07299995e+00 2.03200006e+00
    2.03399992e+00 2.07599998e+00 2.06599998e+00 2.06399989e+00
    2.06100011e+00 2.04099989e+00 2.05100012e+00 2.05399990e+00
    1.33099997e+00 1.25800002e+00 1.25800002e+00 1.25800002e+00
    1.25800002e+00 1.25800002e+00 0. 0. 0. 0. 0. 0. 0. 0. 0. 0. 0. 0. 0.
    0. 0. 0. 0. 0. 0. 0. 1.25800002e+00 1.25800002e+00 2.10899997e+00
    2.10400009e+00 2.09599996e+00 2.03200006e+00 2.10299993e+00
    2.09400010e+00 2.08999991e+00 2.08599997e+00 2.08599997e+00
    2.04099989e+00 2.07500005e+00 1.49699998e+00 1.25800002e+00
    1.25800002e+00 1.25800002e+00 1.25800002e+00 1.25800002e+00
    1.25800002e+00 0. 0. 0. 0. 0. 0. 0. 0. 0. 0. 0. 0. 0. 0. 0. 0. 0. 0.
    1.99699998e+00 1.51699996e+00 1.25800002e+00 1.25800002e+00
    2.09899998e+00 2.10599995e+00 2.09100008e+00 2.03099990e+00
    2.08100009e+00 2.11500001e+00 2.11299992e+00 2.10400009e+00
    2.06800008e+00 2.03900003e+00 1.25800002e+00 1.25800002e+00
    1.25800002e+00 1.25800002e+00 1.25800002e+00 1.25800002e+00
    1.25800002e+00 1.25800002e+00 0. 0. 0. 0. 0. 0. 0. 0. 0. 0. 0. 0. 0.
    0. 0. 1.25800002e+00 1.25800002e+00 1.99699998e+00 1.99699998e+00
    1.99899995e+00 2. 1.99899995e+00 2.00200009e+00 2.00500011e+00
    2.02600002e+00 1.85399997e+00 1.85500002e+00 1.85500002e+00
    2.13000011e+00 2.10400009e+00 2.06800008e+00 2.03900003e+00
    1.25800002e+00 1.25800002e+00 1.25800002e+00 1.25800002e+00
    1.25800002e+00 1.25800002e+00 1.25800002e+00 1.25800002e+00 0. 0. 0.
    0. 0. 0. 0. 0. 0. 0. 0. 0. 0. 0. 0. 1.25800002e+00 1.25800002e+00
    1.99600005e+00 1.99699998e+00 1.99800003e+00 1.99899995e+00
    2.00099993e+00 2.00399995e+00 2.00500011e+00 2.00500011e+00
    2.00699997e+00 2.00999999e+00 2.00999999e+00 2.00799990e+00
    2.01300001e+00 2.02099991e+00 2.02500010e+00 1.66199994e+00
    1.43900001e+00 1.25800002e+00 1.25800002e+00 1.25800002e+00
    1.25800002e+00 1.25800002e+00 1.25800002e+00 0. 0. 0. 0. 0. 0. 0. 0.
    0. 0. 0. 0. 0. 0. 0. 1.25800002e+00 1.26199996e+00 1.99600005e+00
    1.99600005e+00 1.99699998e+00 1.99699998e+00 2. 2.00200009e+00
    2.00500011e+00 2.00500011e+00 2.00699997e+00 2.00699997e+00
    2.00900006e+00 2.01200008e+00 2.01300001e+00 2.01500010e+00
    2.01500010e+00 2.01699996e+00 2.01999998e+00 2.01999998e+00
    2.01900005e+00 2.01999998e+00 2.01799989e+00 1.59399998e+00
    1.25800002e+00 0. 0. 0. 0. 0. 0. 0. 0. 0. 0. 0. 0. 0. 0. 0.
    1.25800002e+00 1.25800002e+00 1.99300003e+00 1.99399996e+00
    1.99699998e+00 1.99800003e+00 1.99699998e+00 2.00200009e+00
    2.00399995e+00 2.00500011e+00 2.00500011e+00 2.00699997e+00
    2.00799990e+00 2.01099992e+00 2.01200008e+00 2.01300001e+00
    2.01300001e+00 2.01500010e+00 2.01900005e+00 2.01999998e+00
    2.02200007e+00 2.02300000e+00 2.02399993e+00 2.02500010e+00
    2.02699995e+00 0. 0. 0. 0. 0. 0. 0. 0. 0. 0. 0. 0. 0. 0. 0.
    1.25800002e+00 1.25800002e+00 1.99199998e+00 1.99199998e+00
    1.99600005e+00 1.99699998e+00 1.99899995e+00 2. 2.00200009e+00
    2.00399995e+00 2.00399995e+00 2.00699997e+00 2.00699997e+00
    2.00999999e+00 2.01200008e+00 2.01200008e+00 2.01300001e+00
    2.01699996e+00 2.01999998e+00 2.01999998e+00 2.02200007e+00
    2.02200007e+00 2.02200007e+00 2.02399993e+00 2.02500010e+00 0. 0. 0.
    0. 0. 0. 0. 0. 0. 0. 0. 0. 0. 0. 0. 1.25800002e+00 1.36699998e+00
    1.99199998e+00 1.99199998e+00 1.99399996e+00 1.99699998e+00
    1.99699998e+00 2. 2.00200009e+00 2.00399995e+00 2.00399995e+00
    2.00500011e+00 2.00600004e+00 2.00799990e+00 2.00799990e+00
    2.01099992e+00 2.01300001e+00 2.01500010e+00 2.01699996e+00
    2.01900005e+00 2.01999998e+00 2.01999998e+00 2.02200007e+00
    2.02399993e+00 2.02200007e+00 0. 0. 0. 0. 0. 0. 0. 0. 0. 0. 0. 0. 0.
    0. 0. 1.25800002e+00 1.93400002e+00 1.99100006e+00 1.99199998e+00
    1.99399996e+00 1.99600005e+00 1.99699998e+00 2. 2.00200009e+00
    2.00200009e+00 2.00200009e+00 2.00500011e+00 2.00699997e+00
    2.00799990e+00 2.00799990e+00 2.00999999e+00 2.01200008e+00
    2.01300001e+00 2.01699996e+00 2.01699996e+00 2.01999998e+00
    2.01999998e+00 2.02200007e+00 2.02300000e+00 2.02200007e+00 0. 0. 0.
    0. 0. 0. 0. 0. 0. 0. 0. 0. 0. 0. 0. 1.25800002e+00 1.93799996e+00
    1.99199998e+00 1.99199998e+00 1.99199998e+00 1.99600005e+00
    1.99600005e+00 1.99899995e+00 2. 2.00200009e+00 2.00399995e+00
    2.00500011e+00 2.00600004e+00 2.00699997e+00 2.00799990e+00
    2.00900006e+00 2.01200008e+00 2.01300001e+00 2.01500010e+00
    2.01699996e+00 2.01900005e+00 2.01999998e+00 2.01999998e+00
    2.02200007e+00 1.97099996e+00 0. 0. 0. 0. 0. 0. 0. 0. 0. 0. 0. 0. 0.
    0. 0. 1.25800002e+00 1.99100006e+00 1.99100006e+00 1.99199998e+00
    1.99199998e+00 1.99399996e+00 1.99600005e+00 1.99899995e+00 2.
    2.00200009e+00 2.00200009e+00 2.00500011e+00 2.00500011e+00
    2.00699997e+00 2.00699997e+00 2.00699997e+00 2.01200008e+00
    2.01300001e+00 2.01300001e+00 2.01500010e+00 2.01699996e+00
    2.01699996e+00 2.01999998e+00 2.02099991e+00 2.01699996e+00 0. 0. 0.
    0. 0. 0. 0. 0. 0. 0. 0. 0. 0. 0. 0. 1.25800002e+00 1.98899996e+00
    1.99000001e+00 1.99100006e+00 1.99199998e+00 1.99300003e+00
    1.99600005e+00 1.99699998e+00 1.99899995e+00 2. 2.00200009e+00
    2.00300002e+00 2.00500011e+00 2.00699997e+00 2.00699997e+00
    2.00699997e+00 2.00999999e+00 2.01200008e+00 2.01200008e+00
    2.01500010e+00 2.01799989e+00 2.01799989e+00 2.01799989e+00
    2.02200007e+00 1.25800002e+00 0. 0. 0. 0. 0. 0. 0. 0. 0. 0. 0. 0. 0.
    0. 0. 1.25800002e+00 1.98899996e+00 1.98899996e+00 1.99100006e+00
    1.99199998e+00 1.99199998e+00 1.99399996e+00 1.99699998e+00
    1.99899995e+00 1.99899995e+00 2. 2.00200009e+00 2.00200009e+00
    2.00500011e+00 2.00699997e+00 2.00699997e+00 2.00999999e+00
    2.01200008e+00 2.01300001e+00 2.01300001e+00 2.01500010e+00
    2.01600003e+00 2.01500010e+00 2.01799989e+00 1.25800002e+00 0. 0. 0.
    0. 0. 0. 0. 0. 0. 0. 0. 0. 0. 0. 0. 1.37600005e+00 1.98800004e+00
    1.98899996e+00 1.99100006e+00 1.99199998e+00 1.99199998e+00
    1.99500000e+00 1.99699998e+00 1.99899995e+00 1.99899995e+00 2.
    2.00099993e+00 2.00200009e+00 2.00500011e+00 2.00399995e+00
    2.00699997e+00 2.00799990e+00 2.01200008e+00 2.01300001e+00
    2.01300001e+00 2.01500010e+00 2.01500010e+00 2.01500010e+00
    2.01799989e+00 1.25800002e+00 0. 0. 0. 0. 0. 0. 0. 0. 0. 0. 0. 0. 0.
    0. 0. 1.48199999e+00 1.98800004e+00 1.98899996e+00 1.98899996e+00
    1.99100006e+00 1.99199998e+00 1.99399996e+00 1.99699998e+00
    1.99899995e+00 1.99899995e+00 2. 2. 2.00399995e+00 2.00399995e+00
    2.00500011e+00 2.00500011e+00 2.00799990e+00 2.01099992e+00
    2.01200008e+00 2.01300001e+00 2.01399994e+00 2.01500010e+00
    2.01500010e+00 2.01600003e+00 1.25800002e+00 0. 0. 0. 0. 0. 0. 0. 0.
    0. 0. 0. 0. 0. 0. 0. 1.86399996e+00 1.98899996e+00 1.98800004e+00
    1.98800004e+00 1.99100006e+00 1.99199998e+00 1.99399996e+00
    1.99699998e+00 1.99699998e+00 1.99699998e+00 2. 2. 2.00200009e+00
    2.00399995e+00 2.00500011e+00 2.00500011e+00 2.00699997e+00
    2.00999999e+00 2.01099992e+00 2.01300001e+00 2.01300001e+00
    2.01300001e+00 2.01500010e+00 2.01500010e+00 1.25800002e+00 0. 0. 0.
    0. 0. 0. 0. 0. 0. 0. 0. 0. 0. 0. 0. 1.98599994e+00 1.98699999e+00
    1.98800004e+00 1.99000001e+00 1.99100006e+00 1.99199998e+00
