<?xml version="1.0"?>
<opencv_storage>
<Depth type_id="opencv-matrix">
  <rows>40</rows>
  <cols>40</cols>
  <dt>f</dt>
  <data>
    0. 0. 0. 0. 0. 0. 0. 0. 0. 0. 0. 0. 0. 0. 1.87199998e+00
    1.87199998e+00 1.87199998e+00 1.87199998e+00 1.87399995e+00
    1.90199995e+00 1.91400003e+00 1.91400003e+00 1.91400003e+00
    1.91400003e+00 1.91499996e+00 1.91499996e+00 1.93799996e+00
    1.95599997e+00 0. 0. 0. 0. 0. 0. 0. 0. 0. 0. 0. 0. 0. 0. 0. 0. 0. 0.
    0. 0. 0. 0. 0. 0. 0. 0. 1.90100002e+00 1.90100002e+00 1.90100002e+00
    1.90100002e+00 1.90100002e+00 1.91100001e+00 1.91499996e+00
    1.91499996e+00 1.91499996e+00 1.91499996e+00 1.91499996e+00
    1.91499996e+00 1.92299998e+00 1.92900002e+00 0. 0. 0. 0. 0. 0. 0. 0.
    0. 0. 0. 0. 0. 0. 0. 0. 0. 0. 0. 0. 0. 0. 0. 0. 0. 0. 0.
    1.82400000e+00 1.91499996e+00 1.91499996e+00 1.91499996e+00
    1.91499996e+00 1.91499996e+00 1.91499996e+00 1.91499996e+00
    1.91499996e+00 1.91499996e+00 1.91499996e+00 1.91499996e+00
    1.91499996e+00 0. 0. 0. 0. 0. 0. 0. 0. 0. 0. 0. 0. 0. 0. 0. 0. 0. 0.
    0. 0. 0. 0. 0. 0. 0. 0. 0. 1.65999997e+00 1.91499996e+00
    1.91499996e+00 1.91499996e+00 1.91499996e+00 1.91499996e+00
    1.91499996e+00 1.91499996e+00 1.91499996e+00 1.91499996e+00
    1.91499996e+00 1.91600001e+00 1.91700006e+00 0. 0. 0. 0. 0. 0. 0. 0.
    0. 0. 0. 0. 0. 0. 0. 0. 0. 0. 0. 0. 0. 0. 0. 0. 0. 0. 0.
    1.65999997e+00 1.91499996e+00 1.91499996e+00 1.91499996e+00
    1.91499996e+00 1.91499996e+00 1.91499996e+00 1.91499996e+00
    1.91499996e+00 1.91499996e+00 1.91499996e+00 1.93299997e+00
    1.94599998e+00 0. 0. 0. 0. 0. 0. 0. 0. 0. 0. 0. 0. 0. 0. 0. 0. 0. 0.
    0. 0. 0. 0. 0. 0. 0. 0. 0. 1.76900005e+00 1.91499996e+00
    1.91499996e+00 1.91499996e+00 1.91499996e+00 1.91499996e+00
    1.91700006e+00 1.92999995e+00 1.92400002e+00 1.91499996e+00
    1.91499996e+00 1.93900001e+00 1.95700002e+00 0. 0. 0. 0. 0. 0. 0. 0.
    0. 0. 0. 0. 0. 0. 0. 0. 0. 0. 0. 0. 0. 0. 0. 0. 1.71700001e+00
    1.75899994e+00 1.82000005e+00 1.89600003e+00 1.91100001e+00
    1.91499996e+00 1.91499996e+00 1.91900003e+00 1.92100000e+00
    1.92400002e+00 1.95000005e+00 1.93900001e+00 1.92100000e+00
    1.92100000e+00 1.94500005e+00 1.96300006e+00 0. 0. 0. 0. 0. 0. 0. 0.
    0. 0. 0. 0. 0. 0. 0. 0. 0. 0. 0. 0. 0. 0. 0. 0. 1.71700001e+00
    1.75899994e+00 1.80700004e+00 1.84300005e+00 1.88999999e+00
    1.91499996e+00 1.91600001e+00 1.94000006e+00 1.95000005e+00
    1.95099998e+00 1.95599997e+00 1.95400000e+00 1.95000005e+00
    1.95000005e+00 1.97500002e+00 1.99300003e+00 0. 0. 0. 0. 0. 0. 0. 0.
    0. 0. 0. 0. 0. 0. 0. 0. 0. 0. 0. 0. 0. 0. 0. 0. 0. 0. 1.81900001e+00
    1.83200002e+00 1.88399994e+00 1.92200005e+00 1.93799996e+00
    1.95099998e+00 1.95700002e+00 1.95700002e+00 1.95700002e+00
    1.96800005e+00 1.98399997e+00 2. 2.51600003e+00 2.89100003e+00 0. 0.
    0. 0. 0. 0. 0. 0. 0. 0. 0. 0. 0. 0. 0. 0. 0. 0. 0. 0. 0. 0. 0. 0. 0.
    0. 1.84200001e+00 1.84200001e+00 1.89400005e+00 1.93499994e+00
    1.95700002e+00 1.95700002e+00 1.95700002e+00 1.95700002e+00
    1.95700002e+00 1.97800004e+00 2.00799990e+00 2.03900003e+00
    2.98300004e+00 0. 0. 0. 0. 0. 0. 0. 0. 0. 0. 0. 0. 0. 0. 0. 0. 0. 0.
    0. 0. 0. 0. 0. 0. 0. 0. 0. 1.87000000e+00 1.87000000e+00
    1.92200005e+00 1.95500004e+00 1.95700002e+00 1.95700002e+00
    1.95700002e+00 1.95700002e+00 1.95700002e+00 1.97800004e+00
    2.00799990e+00 2.03900003e+00 2.94700003e+00 0. 0. 0. 0. 0. 0. 0. 0.
    0. 0. 0. 0. 0. 0. 0. 0. 0. 0. 0. 0. 0. 0. 0. 0. 0. 0. 0.
    1.89900005e+00 1.89900005e+00 1.93499994e+00 1.95700002e+00
    1.95700002e+00 1.95700002e+00 1.95700002e+00 1.95700002e+00
    1.95700002e+00 1.99100006e+00 2.03500009e+00 2.06599998e+00
    2.95499992e+00 0. 0. 0. 0. 0. 0. 0. 0. 0. 0. 0. 0. 0. 0. 0. 0. 0. 0.
    0. 0. 0. 0. 0. 0. 0. 0. 0. 1.91499996e+00 1.91499996e+00
    1.94099998e+00 1.95700002e+00 1.95700002e+00 1.95700002e+00
    1.95700002e+00 1.95700002e+00 1.95700002e+00 1.99300003e+00
    2.04099989e+00 2.08200002e+00 2.96199989e+00 0. 0. 0. 0. 0. 0. 0. 0.
    0. 0. 0. 0. 0. 0. 0. 0. 0. 0. 0. 0. 0. 0. 0. 0. 0. 0. 0.
    1.91499996e+00 1.91499996e+00 1.94099998e+00 1.95700002e+00
    1.95700002e+00 1.95700002e+00 1.95700002e+00 1.95700002e+00
    1.95700002e+00 1.97800004e+00 2.01699996e+00 2.07800007e+00
    2.96199989e+00 0. 0. 0. 0. 0. 0. 0. 0. 0. 0. 0. 0. 0. 0. 0. 0. 0. 0.
    0. 0. 0. 0. 0. 0. 0. 0. 0. 1.91499996e+00 1.91499996e+00
    1.94099998e+00 1.95700002e+00 1.95700002e+00 1.95700002e+00
    1.95700002e+00 1.95700002e+00 1.95700002e+00 1.96300006e+00
    1.98099995e+00 2.01999998e+00 2.93600011e+00 0. 0. 0. 0. 0. 0. 0. 0.
    0. 0. 0. 0. 0. 0. 0. 0. 0. 0. 0. 0. 0. 0. 0. 0. 0. 0. 0.
    1.93099999e+00 1.93099999e+00 1.94700003e+00 1.95700002e+00
    1.95700002e+00 1.95700002e+00 1.95700002e+00 1.95500004e+00
    1.94400001e+00 1.94099998e+00 1.94900000e+00 1.97800004e+00
    2.54500008e+00 2.95600009e+00 0. 0. 0. 0. 0. 0. 0. 0. 0. 0. 0. 0. 0.
    0. 0. 0. 0. 0. 0. 0. 0. 0. 0. 0. 0. 0. 1.95700002e+00 1.95700002e+00
    1.95700002e+00 1.95700002e+00 1.95700002e+00 1.95700002e+00
    1.95700002e+00 1.95299995e+00 1.92400002e+00 1.91499996e+00
    1.92299998e+00 1.95200002e+00 1.95700002e+00 1.95700002e+00 0. 0. 0.
    0. 0. 0. 0. 0. 0. 0. 0. 0. 0. 0. 0. 0. 0. 0. 0. 0. 0. 0. 0. 0. 0. 0.
    1.95700002e+00 1.95700002e+00 1.95700002e+00 1.95700002e+00
    1.95700002e+00 1.95700002e+00 1.95700002e+00 1.95299995e+00
    1.92400002e+00 1.91499996e+00 1.92299998e+00 1.95200002e+00
    1.95700002e+00 1.95700002e+00 0. 0. 0. 0. 0. 0. 0. 0. 0. 0. 0. 0. 0.
    0. 0. 0. 0. 0. 0. 0. 0. 0. 0. 0. 0. 0. 0. 1.83399999e+00
    1.95700002e+00 1.96399999e+00 1.97800004e+00 1.97800004e+00
    1.97800004e+00 1.97500002e+00 1.96000004e+00 1.95599997e+00
    1.96000004e+00 1.97500002e+00 1.99000001e+00 1.99899995e+00 0. 0. 0.
    0. 0. 0. 0. 0. 0. 0. 0. 0. 0. 0. 0. 0. 0. 0. 0. 0. 0. 0. 0. 0. 0. 0.
    0. 1.74500000e+00 1.95700002e+00 1.97099996e+00 2. 2. 2.
    2.00099993e+00 2.00600004e+00 2.00799990e+00 2.00799990e+00
    2.00799990e+00 2.02900004e+00 2.04399991e+00 0. 0. 0. 0. 0. 0. 0. 0.
    0. 0. 0. 0. 0. 0. 0. 0. 0. 0. 0. 0. 0. 0. 0. 0. 0. 0. 1.62899995e+00
    1.92799997e+00 1.95700002e+00 1.97099996e+00 2. 2. 2. 2.00399995e+00
    2.02999997e+00 2.03800011e+00 2.03800011e+00 2.03800011e+00
    2.04200006e+00 2.04399991e+00 0. 0. 0. 0. 0. 0. 0. 0. 0. 0. 0. 0. 0.
    0. 0. 0. 0. 0. 0. 0. 0. 0. 0. 0. 0. 0. 2.02900004e+00 1.98500001e+00
    1.98099995e+00 1.98699999e+00 2. 2.01799989e+00 2.02500010e+00
    2.02699995e+00 2.03999996e+00 2.04399991e+00 2.04399991e+00
    2.04399991e+00 2.04399991e+00 2.04399991e+00 0. 0. 0. 0. 0. 0. 0. 0.
    0. 0. 0. 0. 0. 0. 0. 0. 0. 0. 0. 0. 0. 0. 0. 0. 0. 0. 2.02500010e+00
    2.00200009e+00 2. 2.00399995e+00 2.01200008e+00 2.03500009e+00
    2.04399991e+00 2.04399991e+00 2.04399991e+00 2.04999995e+00
    2.05599999e+00 2.05599999e+00 2.05599999e+00 2.05599999e+00 0. 0. 0.
    0. 0. 0. 0. 0. 0. 0. 0. 0. 0. 0. 0. 0. 0. 0. 0. 0. 0. 0. 0. 0. 0. 0.
    2.00200009e+00 2. 2. 2.01399994e+00 2.04200006e+00 2.04299998e+00
    2.04399991e+00 2.04399991e+00 2.04399991e+00 2.06500006e+00
    2.08699989e+00 2.08699989e+00 2.08699989e+00 2.08699989e+00 0. 0. 0.
    0. 0. 0. 0. 0. 0. 0. 0. 0. 0. 0. 0. 0. 0. 0. 0. 0. 0. 0. 0. 0. 0. 0.
    2. 2. 2. 2.01399994e+00 2.04399991e+00 2.04399991e+00 2.04399991e+00
    2.04399991e+00 2.04399991e+00 2.06599998e+00 2.08899999e+00
    2.08899999e+00 2.08899999e+00 2.08899999e+00 0. 0. 0. 0. 0. 0. 0. 0.
    0. 0. 0. 0. 0. 0. 0. 0. 0. 0. 0. 0. 0. 0. 0. 0. 0. 0. 1.98899996e+00
    1.99899995e+00 2.00900006e+00 2.02399993e+00 2.04399991e+00
    2.04399991e+00 2.04399991e+00 2.04399991e+00 2.04399991e+00
    2.06599998e+00 2.08899999e+00 2.08899999e+00 2.37100005e+00
    2.57699990e+00 0. 0. 0. 0. 0. 0. 0. 0. 0. 0. 0. 0. 0. 0. 0. 0. 0. 0.
    0. 0. 0. 0. 0. 0. 1.91499996e+00 1.93799996e+00 1.96700001e+00
    1.99699998e+00 2.02800012e+00 2.04399991e+00 2.04399991e+00
