<?xml version="1.0"?>
<opencv_storage>
<Depth type_id="opencv-matrix">
  <rows>40</rows>
  <cols>40</cols>
  <dt>f</dt>
  <data>
    0. 0. 0. 0. 0. 0. 0. 0. 0. 0. 0. 0. 0. 0. 0. 0. 0. 0. 0. 0. 0. 0. 0.
    0. 0. 0. 0. 0. 0. 0. 0. 0. 0. 0. 0. 0. 0. 0. 0. 0. 0. 0. 0. 0. 0. 0.
    0. 0. 0. 0. 0. 0. 0. 0. 0. 0. 0. 0. 0. 0. 0. 0. 0. 0. 0. 0. 0. 0. 0.
    0. 0. 0. 0. 0. 0. 0. 0. 0. 0. 0. 0. 0. 0. 0. 0. 0. 0. 0. 0. 0. 0. 0.
    0. 0. 0. 0. 0. 0. 0. 0. 0. 0. 0. 0. 0. 0. 0. 0. 0. 0. 0. 0. 0. 0. 0.
    0. 0. 0. 0. 0. 0. 0. 0. 0. 0. 0. 0. 0. 0. 0. 0. 0. 0. 0. 0. 0. 0. 0.
    0. 0. 0. 0. 0. 0. 0. 0. 0. 0. 0. 0. 0. 0. 0. 0. 0. 0. 0. 0. 0. 0. 0.
    0. 0. 0. 0. 0. 0. 0. 0. 0. 0. 0. 0. 0. 0. 0. 0. 0. 0. 0. 0. 0. 0. 0.
    0. 0. 0. 0. 0. 0. 0. 0. 0. 0. 0. 0. 0. 0. 0. 0. 0. 0. 0. 0. 0. 0. 0.
    0. 0. 0. 0. 0. 0. 0. 0. 0. 0. 0. 0. 0. 0. 0. 0. 0. 0. 0. 0. 0. 0. 0.
    0. 0. 0. 0. 0. 0. 0. 0. 0. 0. 0. 0. 0. 0. 0. 0. 0. 0. 0. 0. 0. 0. 0.
    0. 0. 0. 0. 0. 0. 0. 0. 0. 0. 0. 0. 0. 0. 0. 0. 0. 0. 0. 0. 0. 0. 0.
    0. 0. 0. 0. 0. 0. 0. 0. 0. 0. 0. 0. 0. 0. 0. 0. 0. 0. 0. 0. 0. 0. 0.
    0. 0. 0. 0. 0. 0. 0. 0. 0. 0. 0. 0. 0. 0. 0. 0. 0. 0. 0. 0. 0. 0. 0.
    0. 0. 0. 0. 0. 0. 0. 0. 0. 0. 0. 0. 0. 0. 0. 0. 0. 0. 0. 0. 0. 0. 0.
    0. 0. 0. 0. 0. 0. 0. 0. 0. 0. 0. 0. 0. 0. 0. 0. 0. 0. 0. 0. 0. 0. 0.
    0. 0. 0. 0. 0. 0. 0. 0. 0. 0. 0. 0. 0. 0. 0. 0. 0. 0. 0. 0. 0. 0. 0.
    0. 0. 0. 0. 0. 0. 0. 0. 0. 0. 0. 0. 0. 0. 0. 0. 0. 0. 1.85200000e+00
    1.85200000e+00 1.85200000e+00 1.85200000e+00 1.85200000e+00
    1.85200000e+00 1.85200000e+00 1.85200000e+00 1.85200000e+00
    1.85200000e+00 1.85200000e+00 1.85200000e+00 1.87699997e+00
    1.93299997e+00 1.98800004e+00 2.04500008e+00 2.10200000e+00
    2.15400004e+00 2.15400004e+00 2.15400004e+00 2.15400004e+00 0. 0. 0.
    0. 0. 0. 0. 0. 0. 0. 0. 0. 0. 0. 0. 0. 0. 0. 0. 1.85200000e+00
    1.85200000e+00 1.85200000e+00 1.85200000e+00 1.85200000e+00
    1.85200000e+00 1.85200000e+00 1.85200000e+00 1.85200000e+00
    1.85200000e+00 1.85200000e+00 1.85200000e+00 1.87699997e+00
    1.93299997e+00 1.98800004e+00 2.04200006e+00 2.09599996e+00
    2.14499998e+00 2.14899993e+00 2.15199995e+00 2.15400004e+00 0. 0. 0.
    0. 0. 0. 0. 0. 0. 0. 0. 0. 0. 0. 0. 0. 0. 0. 0. 1.85200000e+00
    1.85200000e+00 1.85200000e+00 1.85200000e+00 1.85200000e+00
    1.85200000e+00 1.85200000e+00 1.85200000e+00 1.85200000e+00
    1.85200000e+00 1.85200000e+00 1.85200000e+00 1.87699997e+00
    1.93299997e+00 1.98800004e+00 2.02500010e+00 2.05800009e+00
    2.08999991e+00 2.11500001e+00 2.14000010e+00 2.15400004e+00 0. 0. 0.
    0. 0. 0. 0. 0. 0. 0. 0. 0. 0. 0. 0. 0. 0. 0. 0. 1.85200000e+00
    1.85200000e+00 1.85200000e+00 1.85200000e+00 1.85200000e+00
    1.85200000e+00 1.85200000e+00 1.85200000e+00 1.85200000e+00
    1.85200000e+00 1.85200000e+00 1.85200000e+00 1.87699997e+00
    1.93299997e+00 1.98800004e+00 2.00900006e+00 2.01999998e+00
    2.03399992e+00 2.08100009e+00 2.12700009e+00 2.15400004e+00 0. 0. 0.
    0. 0. 0. 0. 0. 0. 0. 0. 0. 0. 0. 0. 0. 0. 0. 0. 1.87899995e+00
    1.87699997e+00 1.86699998e+00 1.85699999e+00 1.85200000e+00
    1.85200000e+00 1.85200000e+00 1.86000001e+00 1.87000000e+00
    1.87899995e+00 1.87899995e+00 1.87899995e+00 1.89999998e+00
    1.94500005e+00 1.99000001e+00 2. 2. 2.00600004e+00 2.06399989e+00
    2.12100005e+00 2.15400004e+00 0. 0. 0. 0. 0. 0. 0. 0. 0. 0. 0. 0. 0.
    0. 0. 0. 0. 0. 0. 1.93400002e+00 1.92900002e+00 1.89800000e+00
    1.86800003e+00 1.85200000e+00 1.85200000e+00 1.85200000e+00
    1.87699997e+00 1.90799999e+00 1.93400002e+00 1.93400002e+00
    1.93400002e+00 1.94500005e+00 1.97000003e+00 1.99500000e+00 2. 2.
    2.00600004e+00 2.06399989e+00 2.12100005e+00 2.15400004e+00 0. 0. 0.
    0. 0. 0. 0. 0. 0. 0. 0. 0. 0. 0. 0. 0. 0. 0. 0. 1.98899996e+00
    1.98099995e+00 1.92999995e+00 1.87800002e+00 1.85200000e+00
    1.85200000e+00 1.85200000e+00 1.89400005e+00 1.94500005e+00
    1.98899996e+00 1.98899996e+00 1.98899996e+00 1.99100006e+00
    1.99500000e+00 1.99899995e+00 2. 2. 2.00600004e+00 2.06399989e+00
    2.12100005e+00 2.15400004e+00 0. 0. 0. 0. 0. 0. 0. 0. 0. 0. 0. 0. 0.
    0. 0. 0. 0. 0. 0. 2. 1.99399996e+00 1.95500004e+00 1.91700006e+00
    1.89699996e+00 1.89699996e+00 1.89699996e+00 1.92799997e+00
    1.96700001e+00 2. 2. 2. 2. 2. 2. 2. 2. 2.00600004e+00 2.06399989e+00
    2.12100005e+00 2.15400004e+00 0. 0. 0. 0. 0. 0. 0. 0. 0. 0. 0. 0. 0.
    0. 0. 0. 0. 0. 0. 2. 1.99699998e+00 1.97899997e+00 1.96099997e+00
    1.95200002e+00 1.95200002e+00 1.95200002e+00 1.96700001e+00
    1.98399997e+00 2. 2. 2. 2. 2. 2. 2. 2. 2.00600004e+00 2.06399989e+00
    2.12100005e+00 2.15400004e+00 0. 0. 0. 0. 0. 0. 0. 0. 0. 0. 0. 0. 0.
    0. 0. 0. 0. 0. 0. 2. 2. 2. 2. 2. 2. 2. 2. 2. 2. 2. 2. 2. 2. 2. 2. 2.
    2.00600004e+00 2.05999994e+00 2.11500001e+00 2.14599991e+00 0. 0. 0.
    0. 0. 0. 0. 0. 0. 0. 0. 0. 0. 0. 0. 0. 0. 0. 0. 2. 2. 2. 2. 2. 2. 2.
    2. 2. 2. 2. 2. 2. 2. 2. 2. 2. 2.00300002e+00 2.03699994e+00
    2.06999993e+00 2.08899999e+00 0. 0. 0. 0. 0. 0. 0. 0. 0. 0. 0. 0. 0.
    0. 0. 0. 0. 0. 0. 2. 2. 2. 2. 2. 2. 2. 2. 2. 2. 2. 2. 2. 2. 2. 2. 2.
    2.00099993e+00 2.01300001e+00 2.02500010e+00 2.03099990e+00 0. 0. 0.
    0. 0. 0. 0. 0. 0. 0. 0. 0. 0. 0. 0. 0. 0. 0. 0. 2.02600002e+00
    2.02600002e+00 2.02600002e+00 2.02600002e+00 2.02600002e+00
    2.02600002e+00 2.02600002e+00 2.02600002e+00 2.02600002e+00
    2.02500010e+00 2.01500010e+00 2.00500011e+00 2. 2. 2. 2. 2. 2. 2. 2.
    2. 0. 0. 0. 0. 0. 0. 0. 0. 0. 0. 0. 0. 0. 0. 0. 0. 0. 0. 0.
    2.08400011e+00 2.08400011e+00 2.08400011e+00 2.08400011e+00
    2.08400011e+00 2.08400011e+00 2.08400011e+00 2.08400011e+00
    2.08400011e+00 2.07999992e+00 2.04800010e+00 2.01699996e+00 2. 2. 2.
    2. 2. 2. 2. 2. 2. 0. 0. 0. 0. 0. 0. 0. 0. 0. 0. 0. 0. 0. 0. 0. 0. 0.
    0. 0. 2.14100003e+00 2.14100003e+00 2.14100003e+00 2.14100003e+00
    2.14100003e+00 2.14100003e+00 2.14100003e+00 2.14100003e+00
    2.14100003e+00 2.13400006e+00 2.08200002e+00 2.02900004e+00 2. 2. 2.
    2. 2. 2. 2. 2. 2. 0. 0. 0. 0. 0. 0. 0. 0. 0. 0. 0. 0. 0. 0. 0. 0. 0.
    0. 0. 2.15400004e+00 2.15400004e+00 2.15400004e+00 2.15400004e+00
    2.14599991e+00 2.12899995e+00 2.11199999e+00 2.10899997e+00
    2.10899997e+00 2.10599995e+00 2.08200002e+00 2.05800009e+00
    2.04500008e+00 2.04500008e+00 2.04500008e+00 2.04500008e+00
    2.04500008e+00 2.04500008e+00 2.04500008e+00 2.04500008e+00
    2.04500008e+00 0. 0. 0. 0. 0. 0. 0. 0. 0. 0. 0. 0. 0. 0. 0. 0. 0. 0.
    0. 2.15400004e+00 2.15400004e+00 2.15400004e+00 2.15400004e+00
    2.13499999e+00 2.09699988e+00 2.05900002e+00 2.05200005e+00
    2.05200005e+00 2.05399990e+00 2.07299995e+00 2.09200001e+00
    2.10200000e+00 2.10200000e+00 2.10200000e+00 2.10200000e+00
    2.10200000e+00 2.10200000e+00 2.10200000e+00 2.10200000e+00
    2.10200000e+00 0. 0. 0. 0. 0. 0. 0. 0. 0. 0. 0. 0. 0. 0. 0. 0. 0. 0.
    0. 2.15400004e+00 2.15400004e+00 2.15400004e+00 2.15400004e+00
    2.12599993e+00 2.06900001e+00 2.01099992e+00 2. 2. 2.00799990e+00
    2.06500006e+00 2.12299991e+00 2.15400004e+00 2.15400004e+00
    2.15400004e+00 2.15400004e+00 2.15400004e+00 2.15400004e+00
    2.15400004e+00 2.15400004e+00 2.15400004e+00 0. 0. 0. 0. 0. 0. 0. 0.
    0. 0. 0. 0. 0. 0. 0. 0. 0. 0. 0. 2.15400004e+00 2.15400004e+00
    2.15400004e+00 2.15400004e+00 2.12599993e+00 2.06900001e+00
    2.01099992e+00 2. 2. 2.00799990e+00 2.06500006e+00 2.12299991e+00
    2.15400004e+00 2.15400004e+00 2.15400004e+00 2.15400004e+00
    2.15400004e+00 2.15400004e+00 2.15400004e+00 2.15400004e+00
    2.15400004e+00 0. 0. 0. 0. 0. 0. 0. 0. 0. 0. 0. 0. 0. 0. 0. 0. 0. 0.
    0. 0. 0. 0. 0. 0. 0. 0. 0. 0. 0. 0. 0. 0. 0. 0. 0. 0. 0. 0. 0. 0. 0.
    0. 0. 0. 0. 0. 0. 0. 0. 0. 0. 0. 0. 0. 0. 0. 0. 0. 0. 0. 0. 0. 0. 0.
    0. 0. 0. 0. 0. 0. 0. 0. 0. 0. 0. 0. 0. 0. 0. 0. 0. 0. 0. 0. 0. 0. 0.
    0. 0. 0. 0. 0. 0. 0. 0. 0. 0. 0. 0. 0. 0. 0. 0. 0. 0. 0. 0. 0. 0. 0.
    0. 0. 0. 0. 0. 0. 0. 0. 0. 0. 0. 0. 0. 0. 0. 0. 0. 0. 0. 0. 0. 0. 0.
