<?xml version="1.0"?>
<opencv_storage>
<Depth type_id="opencv-matrix">
  <rows>40</rows>
  <cols>40</cols>
  <dt>f</dt>
  <data>
    0. 0. 0. 0. 0. 0. 0. 0. 0. 0. 0. 0. 0. 0. 0. 0. 0. 0. 0. 0. 0. 0. 0.
    0. 0. 0. 0. 0. 0. 0. 0. 0. 0. 0. 0. 0. 0. 0. 0. 0. 0. 0. 0. 0. 0. 0.
    0. 0. 0. 0. 0. 0. 0. 0. 0. 0. 0. 0. 0. 0. 0. 0. 0. 0. 0. 0. 0. 0. 0.
    0. 0. 0. 0. 0. 0. 0. 0. 0. 0. 0. 0. 0. 0. 0. 0. 0. 0. 0. 0. 0. 0. 0.
    0. 0. 0. 0. 0. 0. 0. 0. 0. 0. 0. 0. 0. 0. 0. 0. 0. 0. 0. 0. 0. 0. 0.
    0. 0. 0. 0. 0. 0. 0. 0. 0. 0. 0. 0. 0. 0. 0. 0. 0. 0. 0. 0. 0. 0. 0.
    0. 0. 0. 0. 0. 0. 0. 0. 0. 0. 0. 0. 0. 0. 0. 0. 0. 0. 0. 0. 0. 0. 0.
    0. 0. 0. 0. 0. 0. 0. 0. 0. 0. 0. 0. 0. 0. 0. 0. 0. 0. 0. 0. 0. 0. 0.
    0. 0. 0. 0. 0. 0. 0. 0. 0. 0. 0. 0. 0. 0. 0. 0. 0. 0. 0. 0. 0. 0. 0.
    0. 0. 0. 0. 0. 0. 0. 0. 0. 0. 0. 0. 0. 0. 0. 0. 0. 0. 0. 0. 0. 0. 0.
    0. 0. 0. 0. 0. 0. 0. 0. 0. 0. 0. 0. 0. 0. 0. 0. 0. 0. 0. 0. 0. 0. 0.
    0. 0. 0. 0. 0. 0. 0. 0. 0. 0. 0. 0. 0. 0. 0. 0. 0. 0. 0. 0. 0. 0. 0.
    0. 0. 0. 0. 0. 0. 0. 0. 0. 0. 0. 0. 0. 0. 0. 0. 0. 0. 0. 0. 0. 0. 0.
    0. 0. 0. 0. 0. 0. 0. 0. 0. 0. 0. 0. 0. 0. 0. 0. 0. 0. 0. 0. 0. 0. 0.
    0. 0. 0. 0. 0. 0. 0. 0. 0. 0. 0. 0. 0. 0. 0. 0. 0. 0. 0. 0. 0. 0. 0.
    0. 0. 0. 0. 0. 0. 0. 0. 0. 0. 0. 0. 0. 0. 0. 0. 0. 0. 0. 0. 0. 0. 0.
    0. 0. 0. 0. 0. 0. 0. 0. 0. 0. 0. 0. 0. 0. 0. 0. 0. 0. 0. 0. 0. 0. 0.
    0. 0. 0. 0. 0. 0. 0. 0. 0. 0. 0. 0. 0. 0. 0. 0. 0. 0. 0. 0. 0. 0. 0.
    0. 0. 0. 0. 0. 0. 0. 0. 0. 0. 0. 0. 0. 0. 0. 0. 0. 0. 0. 0. 0. 0. 0.
    0. 0. 0. 2.19700003e+00 2.19700003e+00 2.19700003e+00 2.19700003e+00
    2.18499994e+00 2.14499998e+00 2.12899995e+00 2.12899995e+00
    2.46600008e+00 2.82100010e+00 2.87199998e+00 2.90300012e+00
    2.90300012e+00 2.90300012e+00 2.90300012e+00 2.90300012e+00
    2.90300012e+00 2.90300012e+00 2.88000011e+00 2.82900000e+00
    2.81500006e+00 2.81500006e+00 2.81500006e+00 2.81500006e+00
    2.81500006e+00 2.78900003e+00 2.73900008e+00 2.69099998e+00
    2.64599991e+00 2.64599991e+00 2.64599991e+00 2.64599991e+00
    2.64599991e+00 2.64599991e+00 2.64599991e+00 2.64599991e+00
    2.64599991e+00 2.64599991e+00 2.64599991e+00 2.64599991e+00
    2.17199993e+00 2.17199993e+00 2.17199993e+00 2.17199993e+00
    2.16400003e+00 2.13899994e+00 2.12100005e+00 2.10700011e+00
    2.31900001e+00 2.54399991e+00 2.57599998e+00 2.58999991e+00
    2.57699990e+00 2.57200003e+00 2.57200003e+00 2.76699996e+00
    2.89400005e+00 2.67000008e+00 2.53500009e+00 2.50200009e+00
    2.50300002e+00 2.51699996e+00 2.68799996e+00 2.81500006e+00
    2.81500006e+00 2.75300002e+00 2.63599992e+00 2.58800006e+00
    2.56200004e+00 2.59500003e+00 2.61599994e+00 2.61599994e+00
    2.61599994e+00 2.61599994e+00 2.63100004e+00 2.64599991e+00
    2.64599991e+00 2.64599991e+00 2.64599991e+00 2.64599991e+00
    2.13299990e+00 2.13299990e+00 2.13299990e+00 2.13299990e+00
    2.13199997e+00 2.13000011e+00 2.10800004e+00 2.07200003e+00
    2.08599997e+00 2.10599995e+00 2.10899997e+00 2.09699988e+00
    2.06299996e+00 2.05100012e+00 2.05100012e+00 2.55200005e+00
    2.87899995e+00 2.30299997e+00 1.99000001e+00 1.98699999e+00
    2.01200008e+00 2.04600000e+00 2.48799992e+00 2.81500006e+00
    2.81500006e+00 2.69600010e+00 2.47399998e+00 2.42700005e+00
    2.43000007e+00 2.51399994e+00 2.56999993e+00 2.56999993e+00
    2.56999993e+00 2.56999993e+00 2.60800004e+00 2.64599991e+00
    2.64599991e+00 2.64599991e+00 2.64599991e+00 2.64599991e+00
    2.12899995e+00 2.12899995e+00 2.12800002e+00 2.10800004e+00
    2.09500003e+00 2.09500003e+00 2.08400011e+00 2.06599998e+00
    2.06299996e+00 2.06299996e+00 2.06299996e+00 2.04900002e+00
    2.01300001e+00 2. 2. 2.25399995e+00 2.41700006e+00 2.10500002e+00
    1.93700004e+00 1.93700004e+00 1.95000005e+00 1.96700001e+00
    2.19199991e+00 2.35800004e+00 2.35800004e+00 2.37400007e+00
    2.40499997e+00 2.34299994e+00 2.26699996e+00 2.30999994e+00
    2.33100009e+00 2.31100011e+00 2.26999998e+00 2.21399999e+00
    2.22600007e+00 2.27399993e+00 2.48099995e+00 2.60400009e+00
    2.60400009e+00 2.63700008e+00 2.12899995e+00 2.12899995e+00
    2.12700009e+00 2.08899999e+00 2.06299996e+00 2.06299996e+00
    2.06299996e+00 2.06299996e+00 2.06299996e+00 2.06299996e+00
    2.06299996e+00 2.04999995e+00 2.01699996e+00 2.00600004e+00
    2.00600004e+00 2.00300002e+00 1.99399996e+00 1.96099997e+00
    1.94299996e+00 1.94299996e+00 1.94099998e+00 1.93700004e+00
    1.93700004e+00 1.93700004e+00 1.93700004e+00 2.07200003e+00
    2.32599998e+00 2.25900006e+00 2.12199998e+00 2.11899996e+00
    2.10400009e+00 2.06599998e+00 1.99000001e+00 1.88999999e+00
    1.87399995e+00 1.92100000e+00 2.27999997e+00 2.50900006e+00
    2.55100012e+00 2.62299991e+00 2.12899995e+00 2.12899995e+00
    2.12700009e+00 2.08899999e+00 2.06299996e+00 2.06299996e+00
    2.06299996e+00 2.06299996e+00 2.06299996e+00 2.06299996e+00
    2.06299996e+00 2.05800009e+00 2.04699993e+00 2.04299998e+00
    2.04299998e+00 2.01999998e+00 1.99800003e+00 1.98599994e+00
    1.98000002e+00 1.98000002e+00 1.96200001e+00 1.93700004e+00
    1.93700004e+00 1.93700004e+00 1.93700004e+00 2.00999999e+00
    2.14800000e+00 2.13400006e+00 2.08299994e+00 2.05800009e+00
    2.02900004e+00 1.99199998e+00 1.94299996e+00 1.88399994e+00
    1.85699999e+00 1.85500002e+00 1.98399997e+00 2.17899990e+00
    2.47099996e+00 2.58599997e+00 2.12899995e+00 2.12899995e+00
    2.12800002e+00 2.09899998e+00 2.07699990e+00 2.06699991e+00
    2.06299996e+00 2.06299996e+00 2.06299996e+00 2.06299996e+00
    2.06299996e+00 2.06299996e+00 2.06299996e+00 2.06299996e+00
    2.06299996e+00 2.02900004e+00 2. 2. 2. 2. 1.98000002e+00
    1.95299995e+00 1.95299995e+00 1.95299995e+00 1.95299995e+00
    1.98199999e+00 2.03600001e+00 2.04699993e+00 2.04500008e+00
    2.00799990e+00 1.97500002e+00 1.94799995e+00 1.91100001e+00
    1.86800003e+00 1.84000003e+00 1.81799996e+00 1.81799996e+00
    1.95000005e+00 2.27200007e+00 2.38199997e+00 2.12899995e+00
    2.12899995e+00 2.12899995e+00 2.12199998e+00 2.10800004e+00
    2.07599998e+00 2.06299996e+00 2.06299996e+00 2.06299996e+00
    2.06299996e+00 2.06299996e+00 2.06299996e+00 2.06299996e+00
    2.06299996e+00 2.06299996e+00 2.02900004e+00 2. 2. 2. 2.
    1.99600005e+00 1.98899996e+00 1.98899996e+00 1.98899996e+00
    1.98899996e+00 1.99600005e+00 2.00799990e+00 2.01099992e+00
    2.00799990e+00 1.97200000e+00 1.94599998e+00 1.93900001e+00
    1.89900005e+00 1.83599997e+00 1.82299995e+00 1.81799996e+00
    1.81799996e+00 1.84800005e+00 1.92100000e+00 1.96399999e+00
    2.12899995e+00 2.12899995e+00 2.12899995e+00 2.12899995e+00
    2.12199998e+00 2.09899998e+00 2.08100009e+00 2.06500006e+00
    2.06299996e+00 2.06299996e+00 2.06299996e+00 2.06299996e+00
    2.06299996e+00 2.06299996e+00 2.06299996e+00 2.02900004e+00 2. 2. 2.
    2. 2. 2. 2. 2. 2. 2. 2. 1.98800004e+00 1.97300005e+00 1.95099998e+00
    1.93200004e+00 1.91799998e+00 1.88000000e+00 1.82500005e+00
    1.81799996e+00 1.81799996e+00 1.81799996e+00 1.81799996e+00
    1.81799996e+00 1.84099996e+00 2.12899995e+00 2.12899995e+00
    2.12899995e+00 2.12899995e+00 2.12899995e+00 2.12800002e+00
    2.10599995e+00 2.06900001e+00 2.06299996e+00 2.06299996e+00
    2.06299996e+00 2.06299996e+00 2.06299996e+00 2.06299996e+00
    2.06299996e+00 2.02900004e+00 2. 2. 2. 2. 2. 2. 2. 2. 2. 2. 2.
    1.97099996e+00 1.93799996e+00 1.93700004e+00 1.92600000e+00
    1.89100003e+00 1.85699999e+00 1.82200003e+00 1.81799996e+00
    1.81799996e+00 1.81799996e+00 1.81799996e+00 1.81799996e+00
    1.84099996e+00 2.13400006e+00 2.12899995e+00 2.12899995e+00
    2.12899995e+00 2.12899995e+00 2.12899995e+00 2.11899996e+00
    2.10299993e+00 2.08200002e+00 2.06299996e+00 2.06299996e+00
    2.06299996e+00 2.06299996e+00 2.06299996e+00 2.06299996e+00
    2.02900004e+00 1.99199998e+00 1.95200002e+00 1.93099999e+00
    1.93099999e+00 1.94500005e+00 1.96399999e+00 1.96500003e+00
    1.97000003e+00 1.99000001e+00 2. 2. 1.97099996e+00 1.93599999e+00
