<?xml version="1.0"?>
<opencv_storage>
<Depth type_id="opencv-matrix">
  <rows>40</rows>
  <cols>40</cols>
  <dt>f</dt>
  <data>
    0. 0. 0. 0. 0. 0. 0. 0. 0. 0. 0. 0. 0. 0. 0. 0. 0. 0. 0. 0. 0. 0. 0.
    0. 0. 0. 0. 0. 0. 0. 0. 0. 0. 0. 0. 0. 0. 0. 0. 0. 0. 0. 0. 0. 0. 0.
    0. 0. 0. 0. 0. 0. 0. 0. 0. 0. 0. 0. 0. 0. 0. 0. 0. 0. 0. 0. 0. 0. 0.
    0. 0. 0. 0. 0. 0. 0. 0. 0. 0. 0. 0. 0. 0. 0. 0. 0. 0. 0. 0. 0. 0. 0.
    0. 0. 0. 0. 0. 0. 0. 0. 0. 0. 0. 0. 0. 0. 0. 0. 0. 0. 0. 0. 0. 0. 0.
    0. 0. 0. 0. 0. 0. 0. 0. 0. 0. 0. 0. 0. 0. 0. 0. 0. 0. 0. 0. 0. 0. 0.
    0. 0. 0. 0. 0. 0. 0. 0. 0. 0. 0. 0. 0. 0. 0. 0. 0. 0. 0. 0. 0. 0. 0.
    0. 0. 0. 0. 0. 0. 0. 0. 0. 0. 0. 0. 0. 0. 0. 0. 0. 0. 0. 0. 0. 0. 0.
    0. 0. 0. 0. 0. 0. 0. 0. 0. 0. 0. 0. 0. 0. 0. 0. 0. 0. 0. 0. 0. 0. 0.
    0. 0. 0. 0. 0. 0. 0. 0. 0. 0. 0. 0. 0. 0. 0. 0. 0. 0. 0. 0. 0. 0. 0.
    0. 0. 0. 0. 0. 0. 0. 0. 0. 0. 0. 0. 0. 0. 0. 0. 0. 0. 0. 0. 0. 0. 0.
    0. 0. 0. 0. 0. 0. 0. 0. 0. 0. 0. 0. 0. 0. 0. 0. 0. 0. 0. 0. 0. 0. 0.
    0. 0. 0. 0. 0. 0. 0. 0. 0. 0. 0. 0. 0. 0. 0. 0. 0. 0. 0. 0. 0. 0. 0.
    0. 0. 0. 0. 0. 0. 0. 0. 0. 0. 0. 0. 0. 0. 0. 0. 0. 0. 0. 0. 0. 0. 0.
    0. 0. 0. 0. 0. 0. 0. 0. 0. 0. 0. 0. 0. 0. 0. 0. 0. 0. 0. 0. 0. 0. 0.
    0. 0. 0. 0. 0. 0. 0. 0. 0. 0. 0. 0. 0. 0. 0. 0. 0. 0. 0. 0. 0. 0. 0.
    0. 0. 0. 0. 0. 0. 0. 0. 0. 0. 0. 0. 0. 0. 0. 0. 0. 0. 0. 0. 0. 0. 0.
    0. 0. 0. 0. 0. 0. 0. 0. 0. 0. 0. 0. 0. 0. 0. 0. 0. 0. 0. 0. 0. 0. 0.
    0. 0. 0. 0. 0. 0. 0. 0. 0. 0. 0. 0. 0. 0. 0. 0. 0. 0. 0. 0. 0. 0. 0.
    0. 0. 0. 0. 0. 0. 0. 0. 0. 0. 0. 0. 0. 0. 0. 0. 0. 0. 0. 0. 0. 0. 0.
    0. 0. 0. 0. 0. 0. 0. 0. 0. 0. 0. 0. 0. 0. 0. 0. 0. 0. 0. 0.
    1.76400006e+00 1.86800003e+00 1.05200005e+00 0. 0. 0. 0. 0. 0. 0. 0.
    0. 0. 0. 0. 0. 0. 0. 0. 0. 0. 0. 0. 0. 0. 0. 0. 0. 0. 0. 0. 0. 0. 0.
    0. 0. 0. 0. 0. 0. 1.80400002e+00 1.88399994e+00 1.36600006e+00 0. 0.
    0. 0. 0. 0. 0. 0. 0. 0. 0. 0. 0. 0. 0. 0. 0. 0. 0. 0. 0. 0. 0. 0. 0.
    0. 0. 0. 0. 0. 0. 0. 0. 0. 0. 0. 0. 1.86899996e+00 1.90999997e+00
    1.87000000e+00 1.66900003e+00 1.58500004e+00 1.58500004e+00
    1.61199999e+00 1.64499998e+00 1.67999995e+00 1.70400000e+00
    1.70400000e+00 1.66600001e+00 1.59800005e+00 1.58500004e+00
    1.58500004e+00 1.58500004e+00 1.58500004e+00 1.58500004e+00
    1.58500004e+00 1.58500004e+00 1.58500004e+00 1.58599997e+00
    1.61899996e+00 1.65199995e+00 1.68700004e+00 0. 0. 0. 0. 0. 0. 0. 0.
    0. 0. 0. 0. 0. 0. 0. 1.87699997e+00 1.91299999e+00 1.93700004e+00
    1.93700004e+00 1.93700004e+00 1.93700004e+00 1.96700001e+00
    2.00099993e+00 2.01999998e+00 2.03299999e+00 2.03299999e+00
    2.00300002e+00 1.94799995e+00 1.93700004e+00 1.93700004e+00
    1.93700004e+00 1.93700004e+00 1.93700004e+00 1.93700004e+00
    1.93700004e+00 1.93700004e+00 1.93799996e+00 1.97399998e+00
    2.00999999e+00 2.04800010e+00 1.35800004e+00 0. 0. 0. 0. 0. 0. 0. 0.
    0. 0. 0. 0. 0. 0. 1.88100004e+00 1.91499996e+00 1.93700004e+00
    1.93700004e+00 1.93700004e+00 1.93700004e+00 1.96700001e+00 2. 2. 2.
    2. 1.98000002e+00 1.94400001e+00 1.93700004e+00 1.93700004e+00
    1.93700004e+00 1.93700004e+00 1.93700004e+00 1.93700004e+00
    1.93700004e+00 1.93900001e+00 1.94200003e+00 1.97500002e+00
    2.00900006e+00 2.04500008e+00 2.06200004e+00 2.06200004e+00 0. 0. 0.
    0. 0. 0. 0. 0. 0. 0. 0. 0. 0. 1.91499996e+00 1.92799997e+00
    1.93700004e+00 1.93700004e+00 1.93700004e+00 1.93700004e+00
    1.96700001e+00 2. 2. 2. 2. 1.98000002e+00 1.94400001e+00
    1.93700004e+00 1.93700004e+00 1.93700004e+00 1.93700004e+00
    1.93700004e+00 1.93700004e+00 1.93700004e+00 1.95500004e+00
    1.97700000e+00 1.99000001e+00 2.00399995e+00 2.01799989e+00
    2.02399993e+00 2.02399993e+00 1.26699996e+00 0. 0. 0. 0. 0. 0. 0. 0.
    0. 0. 0. 0. 1.92499995e+00 1.93200004e+00 1.93700004e+00
    1.93700004e+00 1.93700004e+00 1.93700004e+00 1.96700001e+00 2. 2. 2.
    2. 1.98000002e+00 1.94400001e+00 1.93700004e+00 1.93700004e+00
    1.93700004e+00 1.93900001e+00 1.94599998e+00 1.95000005e+00
    1.95000005e+00 1.97200000e+00 2. 2. 2. 2. 2. 2. 2. 2. 2.
    2.01699996e+00 2.08500004e+00 2.12400007e+00 2.13199997e+00
    2.13400006e+00 2.13400006e+00 2.17300010e+00 2.18499994e+00
    2.10700011e+00 2.06599998e+00 1.89100003e+00 1.91900003e+00
    1.93700004e+00 1.93700004e+00 1.93700004e+00 1.93700004e+00
    1.96700001e+00 2. 2. 2. 2. 1.98000002e+00 1.94400001e+00
    1.93700004e+00 1.93700004e+00 1.93700004e+00 1.94500005e+00
    1.97300005e+00 1.98599994e+00 1.98599994e+00 1.99199998e+00 2. 2. 2.
    2. 2. 2. 2. 2. 2. 2.01200008e+00 2.05800009e+00 2.09599996e+00
    2.12599993e+00 2.13400006e+00 2.13400006e+00 2.17300010e+00
    2.18499994e+00 2.10700011e+00 2.06599998e+00 1.87699997e+00
    1.91299999e+00 1.93700004e+00 1.93700004e+00 1.93700004e+00
    1.93700004e+00 1.95599997e+00 1.97899997e+00 1.99199998e+00 2. 2.
    1.98699999e+00 1.96300006e+00 1.95899999e+00 1.95899999e+00
    1.95899999e+00 1.96500003e+00 1.98899996e+00 1.99300003e+00
    1.98099995e+00 1.97800004e+00 1.97800004e+00 1.97800004e+00
    1.98199999e+00 1.99399996e+00 2. 2. 2.00999999e+00 2.02300000e+00
    2.02300000e+00 2.02900004e+00 2.05299997e+00 2.09200001e+00
    2.14400005e+00 2.15799999e+00 2.15799999e+00 2.18300009e+00
    2.19099998e+00 2.14000010e+00 2.11299992e+00 1.87699997e+00
    1.91299999e+00 1.93700004e+00 1.93700004e+00 1.93700004e+00
    1.93700004e+00 1.94000006e+00 1.94500005e+00 1.97800004e+00 2. 2.
    1.99800003e+00 1.99500000e+00 1.99399996e+00 1.99399996e+00
    1.99399996e+00 1.99500000e+00 1.99899995e+00 1.98199999e+00
    1.95000005e+00 1.94299996e+00 1.94299996e+00 1.94299996e+00
    1.95099998e+00 1.98399997e+00 2. 2. 2.02600002e+00 2.05999994e+00
    2.05999994e+00 2.06100011e+00 2.06399989e+00 2.10299993e+00
    2.17700005e+00 2.19700003e+00 2.19700003e+00 2.20000005e+00
    2.20099998e+00 2.19499993e+00 2.19099998e+00 0. 1.07700002e+00
    1.93700004e+00 1.93700004e+00 1.93700004e+00 1.93700004e+00
    1.93700004e+00 1.93900001e+00 1.97500002e+00 2. 2. 1.99000001e+00
    1.97300005e+00 1.97000003e+00 1.97000003e+00 1.97000003e+00
    1.97000003e+00 1.97000003e+00 1.96000004e+00 1.94099998e+00
    1.93700004e+00 1.93700004e+00 1.93700004e+00 1.94700003e+00
    1.98300004e+00 2. 2. 2.02900004e+00 2.06599998e+00 2.06599998e+00
    2.06599998e+00 2.06599998e+00 2.10400009e+00 2.18199992e+00
    2.20300007e+00 2.20300007e+00 2.20300007e+00 2.20300007e+00
    2.20300007e+00 2.20300007e+00 0. 0. 1.69900000e+00 1.69900000e+00
    1.69900000e+00 1.69900000e+00 1.81200004e+00 1.94299996e+00
    1.97700000e+00 2. 2. 1.98000002e+00 1.94400001e+00 1.93700004e+00
    1.93700004e+00 1.93700004e+00 1.93700004e+00 1.93700004e+00
    1.93700004e+00 1.93700004e+00 1.93700004e+00 1.93700004e+00
    1.93700004e+00 1.94700003e+00 1.98300004e+00 2. 2. 2.02999997e+00
    2.06900001e+00 2.06699991e+00 2.06599998e+00 2.06599998e+00
    2.10400009e+00 2.18199992e+00 2.20300007e+00 2.20300007e+00
    2.20300007e+00 2.20300007e+00 2.20300007e+00 2.20300007e+00 0. 0. 0.
    0. 0. 0. 0. 1.97700000e+00 1.99100006e+00 2. 2. 1.98000002e+00
    1.94400001e+00 1.93700004e+00 1.93700004e+00 1.93700004e+00
    1.93700004e+00 1.93700004e+00 1.93700004e+00 1.93700004e+00
    1.93700004e+00 1.93700004e+00 1.93700004e+00 1.94700003e+00
    1.98300004e+00 2. 2. 2.04699993e+00 2.10800004e+00 2.08400011e+00
    2.06599998e+00 2.06599998e+00 2.10400009e+00 2.18199992e+00
    2.20300007e+00 2.20300007e+00 2.20300007e+00 2.20300007e+00
    2.20300007e+00 2.20300007e+00 0. 0. 0. 0. 0. 0. 0. 1.10300004e+00
    1.10300004e+00 1.10300004e+00 1.10300004e+00 1.08700001e+00
    1.05799997e+00 1.05200005e+00 1.07500005e+00 1.58000004e+00
    1.93700004e+00 1.93700004e+00 1.66700006e+00 1.16299999e+00
    1.05200005e+00 1.05200005e+00 1.05200005e+00 1.05999994e+00
    1.08899999e+00 1.10300004e+00 1.10300004e+00 1.14999998e+00
    1.21099997e+00 1.17999995e+00 1.29100001e+00 1.83099997e+00
    2.13700008e+00 2.20000005e+00 2.21700001e+00 2.21700001e+00
