<?xml version="1.0"?>
<opencv_storage>
<Depth type_id="opencv-matrix">
  <rows>40</rows>
  <cols>40</cols>
  <dt>f</dt>
  <data>
    0. 0. 0. 0. 0. 0. 0. 0. 0. 0. 0. 0. 0. 0. 0. 0. 0. 0. 0. 0. 0. 0. 0.
    0. 0. 0. 0. 0. 0. 0. 0. 0. 0. 0. 0. 0. 0. 0. 0. 0. 2.21199989e+00
    2.21300006e+00 2.21300006e+00 2.29099989e+00 2.39499998e+00
    2.44199991e+00 2.44199991e+00 2.49900007e+00 2.67000008e+00
    2.81999993e+00 2.81999993e+00 2.81999993e+00 2.93400002e+00 0. 0. 0.
    0. 0. 0. 0. 0. 0. 0. 0. 0. 0. 0. 0. 0. 0. 0. 0. 0. 0. 0. 0. 0. 0. 0.
    0. 2.19300008e+00 2.20199990e+00 2.21099997e+00 2.28399992e+00
    2.37899995e+00 2.42100000e+00 2.42100000e+00 2.46799994e+00
    2.60899997e+00 2.73300004e+00 2.74300003e+00 2.75200009e+00
    2.89400005e+00 0. 0. 0. 0. 0. 0. 0. 0. 0. 0. 0. 0. 0. 0. 0. 0. 0. 0.
    0. 0. 0. 0. 0. 0. 0. 0. 0. 2.14400005e+00 2.17499995e+00
    2.20600009e+00 2.26600003e+00 2.33699989e+00 2.36899996e+00
    2.36899996e+00 2.39000010e+00 2.45300007e+00 2.51300001e+00
    2.54600000e+00 2.57900000e+00 2.79299998e+00 0. 0. 0. 0. 0. 0. 0. 0.
    0. 0. 0. 0. 0. 0. 0. 0. 0. 0. 0. 0. 0. 0. 0. 0. 0. 0. 0.
    2.10500002e+00 2.15199995e+00 2.20099998e+00 2.24900007e+00
    2.29500008e+00 2.31699991e+00 2.31699991e+00 2.31500006e+00
    2.31100011e+00 2.31399989e+00 2.36199999e+00 2.41000009e+00
    2.66100001e+00 2.93300009e+00 0. 0. 0. 0. 0. 0. 0. 0. 0. 0. 0. 0. 0.
    0. 0. 0. 0. 0. 0. 0. 0. 0. 0. 0. 0. 0. 2.10500002e+00 2.15199995e+00
    2.20099998e+00 2.23099995e+00 2.25500011e+00 2.26600003e+00
    2.26600003e+00 2.25699997e+00 2.23099995e+00 2.21099997e+00
    2.23499990e+00 2.25999999e+00 2.38700008e+00 2.52500010e+00
    2.78099990e+00 0. 0. 0. 0. 0. 0. 0. 0. 0. 0. 0. 0. 0. 0. 0. 0. 0. 0.
    0. 0. 0. 0. 0. 0. 0. 2.10500002e+00 2.15199995e+00 2.20099998e+00
    2.21399999e+00 2.21399999e+00 2.21499991e+00 2.21499991e+00
    2.19899988e+00 2.15000010e+00 2.10800004e+00 2.10899997e+00
    2.10999990e+00 2.11299992e+00 2.11700010e+00 2.47300005e+00
    2.98300004e+00 0. 0. 0. 0. 0. 0. 0. 0. 0. 0. 0. 0. 0. 0. 0. 0. 0. 0.
    0. 0. 0. 0. 0. 0. 2.10500002e+00 2.15199995e+00 2.20099998e+00
    2.21300006e+00 2.21300006e+00 2.20099998e+00 2.18000007e+00
    2.15700006e+00 2.12899995e+00 2.10200000e+00 2.08200002e+00
    2.06100011e+00 2.05900002e+00 2.05900002e+00 2.26099992e+00
    2.54999995e+00 2.78600001e+00 2.96600008e+00 0. 0. 0. 0. 0. 0. 0. 0.
    0. 0. 0. 0. 0. 0. 0. 0. 0. 0. 0. 0. 0. 0. 2.10500002e+00
    2.15199995e+00 2.20099998e+00 2.21300006e+00 2.21300006e+00
    2.18899989e+00 2.14599991e+00 2.11500001e+00 2.10999990e+00
    2.09999990e+00 2.05800009e+00 2.01500010e+00 2.01200008e+00
    2.01200008e+00 2.05100012e+00 2.10700011e+00 2.34699988e+00
    2.78099990e+00 0. 0. 0. 0. 0. 0. 0. 0. 0. 0. 0. 0. 0. 0. 0. 0. 0. 0.
    0. 0. 0. 0. 2.10500002e+00 2.15199995e+00 2.20099998e+00
    2.21300006e+00 2.21300006e+00 2.18600011e+00 2.13800001e+00
    2.10500002e+00 2.10500002e+00 2.09899998e+00 2.05200005e+00
    2.00399995e+00 2. 2. 2. 2. 2.16599989e+00 2.50799990e+00
    2.75699997e+00 2.75699997e+00 2.77500010e+00 0. 0. 0. 0. 0. 0. 0. 0.
    0. 0. 0. 0. 0. 0. 0. 0. 0. 0. 0. 2.10500002e+00 2.15199995e+00
    2.20099998e+00 2.21300006e+00 2.21300006e+00 2.18600011e+00
    2.13800001e+00 2.10500002e+00 2.10500002e+00 2.09899998e+00
    2.05200005e+00 2.00399995e+00 2. 2. 2. 2. 2.06800008e+00
    2.20700002e+00 2.30900002e+00 2.30900002e+00 2.33899999e+00
    2.83100009e+00 0. 0. 0. 0. 0. 0. 0. 0. 0. 0. 0. 0. 0. 0. 0. 0. 0. 0.
    2.11100006e+00 2.16700006e+00 2.20400000e+00 2.20400000e+00
    2.19199991e+00 2.16599989e+00 2.13000011e+00 2.10500002e+00
    2.10500002e+00 2.09899998e+00 2.05200005e+00 2.00399995e+00 2. 2.
    2.00799990e+00 2.01999998e+00 2.04299998e+00 2.07900000e+00
    2.10500002e+00 2.10500002e+00 2.13199997e+00 2.57200003e+00 0. 0. 0.
    0. 0. 0. 0. 0. 0. 0. 0. 0. 0. 0. 0. 0. 0. 0. 2.12100005e+00
    2.19499993e+00 2.20900011e+00 2.18700004e+00 2.15300012e+00
    2.13000011e+00 2.11500001e+00 2.10500002e+00 2.10500002e+00
    2.09899998e+00 2.05200005e+00 2.00399995e+00 2. 2. 2.02300000e+00
    2.05599999e+00 2.07999992e+00 2.09500003e+00 2.10500002e+00
    2.10500002e+00 2.11599994e+00 2.29200006e+00 2.46799994e+00
    2.88400006e+00 0. 0. 0. 0. 0. 0. 0. 0. 0. 0. 0. 0. 0. 0. 0. 0.
    1.21599996e+00 1.28699994e+00 1.28699994e+00 1.56700003e+00
    1.93700004e+00 2.10500002e+00 2.10500002e+00 2.10500002e+00
    2.10500002e+00 2.09899998e+00 2.05200005e+00 2.00399995e+00 2. 2.
    2.03299999e+00 2.08100009e+00 2.10500002e+00 2.10500002e+00
    2.10299993e+00 2.09599996e+00 2.08899999e+00 2.08899999e+00
    2.08899999e+00 2.66199994e+00 0. 0. 0. 0. 0. 0. 0. 0. 0. 0. 0. 0. 0.
    0. 0. 0. 0. 0. 0. 0. 1.36600006e+00 2.10500002e+00 2.10500002e+00
    2.10500002e+00 2.10500002e+00 2.09899998e+00 2.05200005e+00
    2.00399995e+00 2. 2. 2.03299999e+00 2.08100009e+00 2.10500002e+00
    2.10500002e+00 2.09699988e+00 2.06900001e+00 2.04200006e+00
    2.04200006e+00 2.04200006e+00 2.66199994e+00 0. 0. 0. 0. 0. 0. 0. 0.
    0. 0. 0. 0. 0. 0. 0. 0. 0. 0. 0. 0. 0. 1.85599995e+00 2.00500011e+00
    2.10500002e+00 2.10500002e+00 2.09999990e+00 2.05500007e+00
    2.00999999e+00 2.00600004e+00 2.00600004e+00 2.03699994e+00
    2.08200002e+00 2.10500002e+00 2.10500002e+00 2.09200001e+00
    2.04500008e+00 2. 2. 2. 2.62599993e+00 0. 0. 0. 0. 0. 0. 0. 0. 0. 0.
    0. 0. 0. 0. 0. 0. 0. 0. 0. 0. 0. 0. 1.18299997e+00 2.10500002e+00
    2.10500002e+00 2.10200000e+00 2.07900000e+00 2.05500007e+00
    2.05299997e+00 2.05299997e+00 2.06999993e+00 2.09299994e+00
    2.10500002e+00 2.10500002e+00 2.09200001e+00 2.04500008e+00 2. 2. 2.
    2.32699990e+00 2.71199989e+00 2.82800007e+00 2.79099989e+00
    2.92000008e+00 0. 0. 0. 0. 0. 0. 0. 0. 0. 0. 0. 0. 0. 0. 0. 0. 0. 0.
    0. 2.10500002e+00 2.10500002e+00 2.10500002e+00 2.10299993e+00
    2.10100007e+00 2.10100007e+00 2.10100007e+00 2.10200000e+00
    2.10400009e+00 2.10500002e+00 2.10500002e+00 2.09200001e+00
    2.04500008e+00 2. 2. 2. 2.02699995e+00 2.05900002e+00 2.06900001e+00
    2.06599998e+00 2.35100007e+00 0. 0. 0. 0. 0. 0. 0. 0. 0. 0. 0. 0. 0.
    0. 0. 0. 0. 0. 0. 0. 0. 0. 0. 2.00300002e+00 2.10500002e+00
    2.10500002e+00 2.11899996e+00 2.13899994e+00 2.14000010e+00
    2.11999989e+00 2.09200001e+00 2.04500008e+00 2. 2. 2. 2. 2. 2. 2.
    2.17600012e+00 2.59100008e+00 2.96399999e+00 0. 0. 0. 0. 0. 0. 0. 0.
    0. 0. 0. 0. 0. 0. 0. 0. 0. 0. 0. 0. 0. 1.88999999e+00 2.10500002e+00
    2.10500002e+00 2.13400006e+00 2.17600012e+00 2.17799997e+00
    2.13599992e+00 2.09200001e+00 2.04500008e+00 2. 2. 2. 2. 2. 2. 2.
    2.04099989e+00 2.13800001e+00 2.32699990e+00 2.86299992e+00 0. 0. 0.
    0. 0. 0. 0. 0. 0. 0. 0. 0. 0. 0. 0. 0. 0. 0. 0. 0. 1.85599995e+00
    2.10500002e+00 2.10500002e+00 2.13899994e+00 2.18799996e+00
    2.18899989e+00 2.14100003e+00 2.09200001e+00 2.04500008e+00 2. 2. 2.
    2. 2. 2. 2. 2. 2. 2.09200001e+00 2.52500010e+00 2.95799994e+00
    2.95799994e+00 2.95799994e+00 2.95799994e+00 2.95799994e+00 0. 0. 0.
    0. 0. 0. 0. 0. 0. 0. 0. 0. 0. 0. 0. 1.85599995e+00 2.10500002e+00
    2.10500002e+00 2.13899994e+00 2.18799996e+00 2.18899989e+00
    2.14100003e+00 2.09200001e+00 2.04500008e+00 2. 2. 2. 2. 2. 2. 2. 2.
    2. 2.03099990e+00 2.17899990e+00 2.32599998e+00 2.32599998e+00
    2.32599998e+00 2.32599998e+00 2.32599998e+00 2.56500006e+00
    2.98000002e+00 0. 0. 0. 0. 0. 0. 0. 0. 0. 0. 0. 0. 0. 0.
    1.34599996e+00 1.96500003e+00 2.18000007e+00 2.21799994e+00
    2.21399999e+00 2.16499996e+00 2.11599994e+00 2.06800008e+00
    2.02200007e+00 2.01200008e+00 2.00200009e+00 2. 2. 2.00699997e+00
    2.01699996e+00 2.02300000e+00 2.02300000e+00 2.02099991e+00
    2.00999999e+00 2. 2. 2. 2. 2. 2.25300002e+00 2.69199991e+00 0. 0. 0.
    0. 0. 0. 0. 0. 0. 0. 0. 0. 0. 0. 0. 1.67700005e+00 2.26399994e+00
    2.28099990e+00 2.26399994e+00 2.21399999e+00 2.16400003e+00
    2.11599994e+00 2.06900001e+00 2.03699994e+00 2.00500011e+00 2. 2.
