<?xml version="1.0"?>
<opencv_storage>
<Depth type_id="opencv-matrix">
  <rows>40</rows>
  <cols>40</cols>
  <dt>f</dt>
  <data>
    0. 0. 0. 0. 0. 0. 0. 0. 0. 0. 0. 0. 0. 0. 0. 1.26199996e+00 0. 0.
    2.05399990e+00 1.42999995e+00 1.16900003e+00 1.97200000e+00
    1.97099996e+00 1.25899994e+00 2.19300008e+00 2.17899990e+00
    1.53699994e+00 0. 0. 0. 0. 0. 0. 0. 0. 0. 0. 0. 0. 0. 0. 0. 0. 0. 0.
    0. 0. 0. 0. 0. 0. 0. 0. 2.94700003e+00 1.97700000e+00 1.98699999e+00
    1.99300003e+00 2.00699997e+00 1.86899996e+00 1.44500005e+00
    1.93700004e+00 1.97200000e+00 1.97000003e+00 1.96300006e+00
    1.96300006e+00 1.16900003e+00 0. 0. 0. 0. 0. 0. 0. 0. 0. 0. 0. 0. 0.
    0. 0. 0. 0. 0. 0. 0. 0. 0. 0. 0. 0. 0. 1.96099997e+00 1.96099997e+00
    1.96300006e+00 1.96099997e+00 1.99500000e+00 2. 1.97800004e+00
    1.97099996e+00 1.97000003e+00 1.96899998e+00 1.96500003e+00
    1.96500003e+00 1.50999999e+00 1.16900003e+00 1.16900003e+00 0. 0. 0.
    0. 0. 0. 0. 0. 0. 0. 0. 0. 0. 0. 0. 0. 0. 0. 0. 0. 0. 0. 0. 0. 0.
    1.96300006e+00 1.96300006e+00 1.96300006e+00 1.96099997e+00
    1.96300006e+00 1.96500003e+00 1.96500003e+00 1.96500003e+00
    1.96500003e+00 1.96500003e+00 1.96500003e+00 1.96500003e+00
    1.16900003e+00 1.16900003e+00 1.16900003e+00 0. 0. 0. 0. 0. 0. 0. 0.
    0. 0. 0. 0. 0. 0. 0. 0. 0. 0. 0. 0. 0. 0. 0. 0. 0. 1.96500003e+00
    1.96500003e+00 1.96500003e+00 1.96500003e+00 1.96700001e+00
    1.96500003e+00 1.96899998e+00 1.96500003e+00 1.96500003e+00
    1.96500003e+00 1.96500003e+00 1.96500003e+00 1.16900003e+00
    1.16900003e+00 1.16900003e+00 0. 0. 0. 0. 0. 0. 0. 0. 0. 0. 0. 0. 0.
    0. 0. 0. 0. 0. 0. 0. 0. 0. 0. 0. 0. 1.96899998e+00 1.96700001e+00
    1.96500003e+00 1.96599996e+00 1.96899998e+00 1.96700001e+00
    1.96899998e+00 1.96899998e+00 1.96899998e+00 1.96899998e+00
    1.97099996e+00 1.96899998e+00 1.16900003e+00 1.16900003e+00
    1.16900003e+00 0. 0. 0. 0. 0. 0. 0. 0. 0. 0. 0. 0. 0. 0. 0. 0. 0. 0.
    0. 0. 0. 0. 0. 0. 0. 1.96899998e+00 1.96899998e+00 1.96800005e+00
    1.96899998e+00 1.97099996e+00 1.97000003e+00 1.97099996e+00
    1.97099996e+00 1.97099996e+00 1.97099996e+00 1.97200000e+00
    1.97099996e+00 1.16900003e+00 1.16900003e+00 1.16900003e+00 0. 0. 0.
    0. 0. 0. 0. 0. 0. 0. 0. 0. 0. 0. 0. 0. 0. 0. 0. 0. 0. 0. 0. 0. 0.
    1.97000003e+00 1.97000003e+00 1.97099996e+00 1.97099996e+00
    1.97200000e+00 1.97200000e+00 1.97200000e+00 1.97200000e+00
    1.97200000e+00 1.97200000e+00 1.97200000e+00 1.97700000e+00
    1.29600000e+00 1.16900003e+00 1.16900003e+00 0. 0. 0. 0. 0. 0. 0. 0.
    0. 0. 0. 0. 0. 0. 0. 0. 0. 0. 0. 0. 0. 0. 0. 0. 0. 1.97099996e+00
    1.97099996e+00 1.97200000e+00 1.97099996e+00 1.97200000e+00
    1.97500002e+00 1.97200000e+00 1.97399998e+00 1.97599995e+00
    1.97399998e+00 1.97500002e+00 1.97599995e+00 1.17799997e+00
    1.16900003e+00 1.16900003e+00 0. 0. 0. 0. 0. 0. 0. 0. 0. 0. 0. 0. 0.
    0. 0. 0. 0. 0. 0. 0. 0. 0. 0. 0. 0. 1.97599995e+00 1.97399998e+00
    1.97500002e+00 1.97399998e+00 1.97599995e+00 1.97800004e+00
    1.97599995e+00 1.97599995e+00 1.97800004e+00 1.97800004e+00
    1.97800004e+00 1.97500002e+00 1.16900003e+00 1.16900003e+00
    1.16900003e+00 0. 0. 0. 0. 0. 0. 0. 0. 0. 0. 0. 0. 0. 0. 0. 0. 0. 0.
    0. 0. 0. 0. 0. 0. 0. 1.97800004e+00 1.97599995e+00 1.97700000e+00
    1.97599995e+00 1.97800004e+00 1.97800004e+00 1.98000002e+00
    1.97899997e+00 1.98000002e+00 1.97800004e+00 1.98000002e+00
    1.98000002e+00 1.16900003e+00 1.16900003e+00 1.16900003e+00 0. 0. 0.
    0. 0. 0. 0. 0. 0. 0. 0. 0. 0. 0. 0. 0. 0. 0. 0. 0. 0. 0. 0. 0. 0.
    1.97899997e+00 1.97800004e+00 1.97800004e+00 1.97800004e+00
    1.98000002e+00 1.98000002e+00 1.98000002e+00 1.98099995e+00
    1.98099995e+00 1.98000002e+00 1.98099995e+00 1.98399997e+00
    1.16900003e+00 1.16900003e+00 1.16900003e+00 0. 0. 0. 0. 0. 0. 0. 0.
    0. 0. 0. 0. 0. 0. 0. 0. 0. 0. 0. 0. 0. 0. 0. 0. 0. 1.98000002e+00
    1.98000002e+00 1.97899997e+00 1.98000002e+00 1.98199999e+00
    1.98399997e+00 1.98199999e+00 1.98199999e+00 1.98399997e+00
    1.98399997e+00 1.98500001e+00 1.98399997e+00 1.16900003e+00
    1.16900003e+00 1.16900003e+00 0. 0. 0. 0. 0. 0. 0. 0. 0. 0. 0. 0. 0.
    0. 0. 0. 0. 0. 0. 0. 0. 0. 0. 0. 0. 1.98399997e+00 1.98399997e+00
    1.98399997e+00 1.98199999e+00 1.98399997e+00 1.98599994e+00
    1.98599994e+00 1.98599994e+00 1.98599994e+00 1.98599994e+00
    1.98599994e+00 1.98800004e+00 1.16900003e+00 1.16900003e+00
    1.16900003e+00 0. 0. 0. 0. 0. 0. 0. 0. 0. 0. 0. 0. 0. 0. 0. 0. 0. 0.
    0. 0. 0. 0. 0. 0. 0. 1.98599994e+00 1.98599994e+00 1.98500001e+00
    1.98500001e+00 1.98599994e+00 1.98699999e+00 1.98699999e+00
    1.98699999e+00 1.98800004e+00 1.98800004e+00 1.98800004e+00
    1.98899996e+00 1.20799994e+00 1.16900003e+00 1.16900003e+00 0. 0. 0.
    0. 0. 0. 0. 0. 0. 0. 0. 0. 0. 0. 0. 0. 0. 0. 0. 0. 0. 0. 0. 0. 0.
    1.98800004e+00 1.98699999e+00 1.98699999e+00 1.98599994e+00
    1.98899996e+00 1.98899996e+00 1.98800004e+00 1.98899996e+00
    1.98800004e+00 1.98800004e+00 1.99000001e+00 1.99300003e+00
    1.62899995e+00 1.16900003e+00 1.16900003e+00 0. 0. 0. 0. 0. 0. 0. 0.
    0. 0. 0. 0. 0. 0. 0. 0. 0. 0. 0. 0. 0. 0. 0. 0. 0. 1.98599994e+00
    1.99000001e+00 1.99000001e+00 1.99000001e+00 1.99000001e+00
    1.99199998e+00 1.99199998e+00 1.99199998e+00 1.99199998e+00
    1.99000001e+00 1.99199998e+00 1.99399996e+00 1.16900003e+00
    1.16900003e+00 1.16900003e+00 0. 0. 0. 0. 0. 0. 0. 0. 0. 0. 0. 0. 0.
    0. 0. 0. 0. 0. 0. 0. 0. 0. 0. 0. 0. 1.27699995e+00 1.99199998e+00
    1.99199998e+00 1.99199998e+00 1.99399996e+00 1.99399996e+00
    1.99399996e+00 1.99399996e+00 1.99399996e+00 1.99399996e+00
    1.99399996e+00 1.99399996e+00 1.16900003e+00 1.16900003e+00
    1.16900003e+00 0. 0. 0. 0. 0. 0. 0. 0. 0. 0. 0. 0. 0. 0. 0. 0. 0. 0.
    0. 0. 0. 0. 0. 0. 0. 1.84200001e+00 1.99399996e+00 1.99399996e+00
    1.99199998e+00 1.99600005e+00 1.99600005e+00 1.99600005e+00
    1.99600005e+00 1.99600005e+00 1.99600005e+00 1.99600005e+00
    1.99800003e+00 1.16900003e+00 1.16900003e+00 1.16900003e+00 0. 0. 0.
    0. 0. 0. 0. 0. 0. 0. 0. 0. 0. 0. 0. 0. 0. 0. 0. 0. 0. 0. 0. 0. 0.
    1.26300001e+00 1.99600005e+00 1.99500000e+00 1.99500000e+00
    1.99600005e+00 1.99699998e+00 1.99699998e+00 1.99800003e+00
    1.99699998e+00 1.99800003e+00 1.99800003e+00 2. 1.16900003e+00
    1.16900003e+00 1.16900003e+00 0. 0. 0. 0. 0. 0. 0. 0. 0. 0. 0. 0. 0.
    0. 0. 0. 0. 0. 0. 0. 0. 0. 0. 0. 0. 1.23199999e+00 1.99899995e+00
    1.99899995e+00 1.99800003e+00 2. 2.00099993e+00 2.00200009e+00
    1.99899995e+00 2. 2.00099993e+00 2. 2.00200009e+00 1.29999995e+00
    1.16900003e+00 1.16900003e+00 0. 0. 0. 0. 0. 0. 0. 0. 0. 0. 0. 0. 0.
    0. 0. 0. 0. 0. 0. 0. 0. 0. 0. 0. 0. 1.26400006e+00 2.00200009e+00 2.
    2. 2.00200009e+00 2.00200009e+00 2.00399995e+00 2.00200009e+00
    2.00200009e+00 2.00200009e+00 2.00399995e+00 2.00500011e+00
    1.30100000e+00 1.16900003e+00 0. 0. 0. 0. 0. 0. 0. 0. 0. 0. 0. 0. 0.
    0. 0. 0. 0. 0. 0. 0. 0. 0. 0. 0. 0. 0. 1.26400006e+00 2.00200009e+00
    2.00200009e+00 2.00200009e+00 2.00399995e+00 2.00399995e+00
    2.00399995e+00 2.00399995e+00 2.00399995e+00 2.00399995e+00
    2.00399995e+00 2.00600004e+00 1.29999995e+00 1.16900003e+00
    1.16900003e+00 0. 0. 0. 0. 0. 0. 0. 0. 0. 0. 0. 0. 0. 0. 0. 0. 0. 0.
    0. 0. 0. 0. 0. 0. 0. 1.26400006e+00 2.00399995e+00 2.00300002e+00
    2.00399995e+00 2.00600004e+00 2.00500011e+00 2.00500011e+00
    2.00600004e+00 2.00600004e+00 2.00699997e+00 2.00699997e+00
    2.00999999e+00 1.25600004e+00 1.16900003e+00 1.16900003e+00 0. 0. 0.
    0. 0. 0. 0. 0. 0. 0. 0. 0. 0. 0. 0. 0. 0. 0. 0. 0. 0. 0. 0. 0. 0.
    1.26499999e+00 2.00699997e+00 2.00699997e+00 2.00600004e+00
    2.00799990e+00 2.00900006e+00 2.00900006e+00 2.00799990e+00
    2.00900006e+00 2.00999999e+00 2.00900006e+00 2.00999999e+00
    1.30100000e+00 1.16900003e+00 1.16900003e+00 0. 0. 0. 0. 0. 0. 0. 0.
    0. 0. 0. 0. 0. 0. 0. 0. 0. 0. 0. 0. 0. 0. 0. 0. 0. 1.16900003e+00
