<?xml version="1.0"?>
<opencv_storage>
<Depth type_id="opencv-matrix">
  <rows>40</rows>
  <cols>40</cols>
  <dt>f</dt>
  <data>
    0. 0. 0. 0. 0. 0. 0. 0. 0. 0. 0. 0. 0. 2.19199991e+00 2.19199991e+00
    2.19199991e+00 2.17600012e+00 2.12899995e+00 2.08299994e+00
    2.03800011e+00 2. 2. 2. 2. 2. 2. 0. 0. 0. 0. 0. 0. 0. 0. 0. 0. 0. 0.
    0. 0. 0. 0. 0. 0. 0. 0. 0. 0. 0. 0. 0. 0. 0. 2.19199991e+00
    2.19199991e+00 2.19199991e+00 2.17600012e+00 2.12899995e+00
    2.08299994e+00 2.03800011e+00 2. 2. 2. 2. 2. 2. 0. 0. 0. 0. 0. 0. 0.
    0. 0. 0. 0. 0. 0. 0. 0. 0. 0. 0. 0. 0. 0. 0. 0. 0. 0. 0. 0.
    2.21700001e+00 2.21199989e+00 2.20000005e+00 2.17600012e+00
    2.12899995e+00 2.08599997e+00 2.05200005e+00 2.02200007e+00
    2.01099992e+00 2. 2. 2. 2. 0. 0. 0. 0. 0. 0. 0. 0. 0. 0. 0. 0. 0. 0.
    0. 0. 0. 0. 0. 0. 0. 0. 0. 0. 0. 0. 0. 2.26500010e+00 2.25000000e+00
    2.21499991e+00 2.17600012e+00 2.12899995e+00 2.09100008e+00
    2.07900000e+00 2.06399989e+00 2.03099990e+00 2. 2. 2. 2. 0. 0. 0. 0.
    0. 0. 0. 0. 0. 0. 0. 0. 0. 0. 0. 0. 0. 0. 0. 0. 0. 0. 0. 0. 0. 0. 0.
    2.29299998e+00 2.27099991e+00 2.22300005e+00 2.17600012e+00
    2.12899995e+00 2.09400010e+00 2.09400010e+00 2.08899999e+00
    2.05299997e+00 2.01900005e+00 2.01900005e+00 2.01900005e+00
    2.01900005e+00 0. 0. 0. 0. 0. 0. 0. 0. 0. 0. 0. 0. 0. 0. 0. 0. 0. 0.
    0. 0. 0. 0. 0. 0. 0. 0. 0. 2.29299998e+00 2.27099991e+00
    2.22300005e+00 2.17600012e+00 2.12899995e+00 2.09400010e+00
    2.09400010e+00 2.09200001e+00 2.07699990e+00 2.06299996e+00
    2.06299996e+00 2.06299996e+00 2.06299996e+00 0. 0. 0. 0. 0. 0. 0. 0.
    0. 0. 0. 0. 0. 0. 0. 0. 0. 0. 0. 0. 0. 0. 0. 0. 0. 0. 0.
    2.27800012e+00 2.25900006e+00 2.21900010e+00 2.17600012e+00
    2.12899995e+00 2.09400010e+00 2.09400010e+00 2.09400010e+00
    2.09400010e+00 2.09400010e+00 2.09400010e+00 2.09400010e+00
    2.09400010e+00 0. 0. 0. 0. 0. 0. 0. 0. 0. 0. 0. 0. 0. 0. 0. 0. 0. 0.
    0. 0. 0. 0. 0. 0. 0. 0. 0. 2.23000002e+00 2.22199988e+00
    2.20400000e+00 2.17600012e+00 2.12899995e+00 2.09400010e+00
    2.09400010e+00 2.09400010e+00 2.09400010e+00 2.09400010e+00
    2.09400010e+00 2.09400010e+00 2.09400010e+00 0. 0. 0. 0. 0. 0. 0. 0.
    0. 0. 0. 0. 0. 0. 0. 0. 0. 0. 0. 0. 0. 0. 0. 0. 0. 0. 0.
    2.19199991e+00 2.19000006e+00 2.18499994e+00 2.16799998e+00
    2.12599993e+00 2.09400010e+00 2.09400010e+00 2.09400010e+00
    2.09400010e+00 2.09400010e+00 2.09400010e+00 2.09400010e+00
    2.09400010e+00 0. 0. 0. 0. 0. 0. 0. 0. 0. 0. 0. 0. 0. 0. 0. 0. 0. 0.
    0. 0. 0. 0. 0. 0. 0. 0. 0. 2.19199991e+00 2.18000007e+00
    2.15300012e+00 2.12899995e+00 2.10899997e+00 2.09400010e+00
    2.09400010e+00 2.09400010e+00 2.09400010e+00 2.09400010e+00
    2.09400010e+00 2.09400010e+00 2.09400010e+00 0. 0. 0. 0. 0. 0. 0. 0.
    0. 0. 0. 0. 0. 0. 0. 0. 0. 0. 0. 0. 0. 0. 0. 0. 0. 0. 0.
    2.19700003e+00 2.17499995e+00 2.12599993e+00 2.09400010e+00
    2.09400010e+00 2.09299994e+00 2.09100008e+00 2.08899999e+00
    2.08899999e+00 2.08899999e+00 2.09100008e+00 2.09400010e+00
    2.09400010e+00 0. 0. 0. 0. 0. 0. 0. 0. 0. 0. 0. 0. 0. 0. 0. 0. 0. 0.
    0. 0. 0. 0. 0. 0. 0. 0. 0. 2.24499989e+00 2.21300006e+00
    2.14100003e+00 2.09400010e+00 2.09400010e+00 2.08800006e+00
    2.06500006e+00 2.04399991e+00 2.04399991e+00 2.04500008e+00
    2.06900001e+00 2.09200001e+00 2.09400010e+00 0. 0. 0. 0. 0. 0. 0. 0.
    0. 0. 0. 0. 0. 0. 0. 0. 0. 0. 0. 0. 0. 0. 0. 0. 0. 0. 0.
    2.29299998e+00 2.25099993e+00 2.15599990e+00 2.09400010e+00
    2.09400010e+00 2.08299994e+00 2.03800011e+00 2. 2. 2.00099993e+00
    2.03600001e+00 2.06999993e+00 2.07299995e+00 0. 0. 0. 0. 0. 0. 0. 0.
    0. 0. 0. 0. 0. 0. 0. 0. 0. 0. 0. 0. 0. 0. 0. 0. 0. 0. 0.
    2.29299998e+00 2.25099993e+00 2.15599990e+00 2.08699989e+00
    2.06500006e+00 2.04299998e+00 2.01999998e+00 2. 2. 1.95299995e+00 0.
    0. 0. 0. 0. 0. 0. 0. 0. 0. 0. 0. 0. 0. 0. 0. 0. 0. 0. 0. 0. 0. 0. 0.
    0. 0. 0. 0. 0. 0. 2.29299998e+00 2.25099993e+00 2.15599990e+00
    2.07900000e+00 2.03699994e+00 2.00399995e+00 2.00200009e+00 2. 2.
    1.90600002e+00 0. 0. 0. 0. 0. 0. 0. 0. 0. 0. 0. 0. 0. 0. 0. 0. 0. 0.
    0. 0. 0. 0. 0. 0. 0. 0. 0. 0. 0. 0. 2.29299998e+00 2.25099993e+00
    2.15599990e+00 2.07900000e+00 2.03399992e+00 2. 2. 2.00300002e+00
    2.02200007e+00 1.94099998e+00 0. 0. 0. 0. 0. 0. 0. 0. 0. 0. 0. 0. 0.
    0. 0. 0. 0. 0. 0. 0. 0. 0. 0. 0. 0. 0. 0. 0. 0. 0. 2.29299998e+00
    2.25099993e+00 2.15599990e+00 2.07900000e+00 2.03399992e+00 2. 2.
    2.00600004e+00 2.04600000e+00 1.98500001e+00 0. 0. 0. 0. 0. 0. 0. 0.
    0. 0. 0. 0. 0. 0. 0. 0. 0. 0. 0. 0. 0. 0. 0. 0. 0. 0. 0. 0. 0. 0.
    2.25399995e+00 2.22000003e+00 2.14400005e+00 2.08400011e+00
    2.05699992e+00 2.03600001e+00 2.03600001e+00 2.03999996e+00
    2.06699991e+00 1.99300003e+00 0. 0. 0. 0. 0. 0. 0. 0. 0. 0. 0. 0. 0.
    0. 0. 0. 0. 0. 0. 0. 0. 0. 0. 0. 0. 0. 0. 0. 0. 0. 2.20600009e+00
    2.18199992e+00 2.12899995e+00 2.09200001e+00 2.08500004e+00
    2.08100009e+00 2.08100009e+00 2.08100009e+00 2.08800006e+00
    1.99300003e+00 0. 0. 0. 0. 0. 0. 0. 0. 0. 0. 0. 0. 0. 0. 0. 0. 0. 0.
    0. 0. 0. 0. 0. 0. 0. 0. 0. 0. 0. 0. 2.12800002e+00 2.11400008e+00
    2.08299994e+00 2.06299996e+00 2.06299996e+00 2.06299996e+00
    2.06299996e+00 2.06500006e+00 2.07999992e+00 2.02699995e+00 0. 0. 0.
    0. 0. 0. 0. 0. 0. 0. 0. 0. 0. 0. 0. 0. 0. 0. 0. 0. 0. 0. 0. 0. 0. 0.
    0. 0. 0. 0. 2.03699994e+00 2.03299999e+00 2.02399993e+00
    2.01799989e+00 2.01799989e+00 2.01799989e+00 2.01799989e+00
    2.02300000e+00 2.05900002e+00 2.07500005e+00 1.55100000e+00
    1.02800000e+00 0. 0. 0. 0. 0. 0. 0. 0. 0. 0. 0. 0. 0. 0. 0. 0. 0. 0.
    0. 0. 0. 0. 0. 0. 0. 0. 0. 0. 2. 2. 2. 2. 2. 2. 2. 2.00799990e+00
    2.06599998e+00 2.12199998e+00 2.12199998e+00 2.12199998e+00
    2.12199998e+00 0. 0. 0. 0. 0. 0. 0. 0. 0. 0. 0. 0. 0. 0. 0. 0. 0. 0.
    0. 0. 0. 0. 0. 0. 0. 0. 0. 2. 2. 2. 2. 2. 2. 2. 2.01099992e+00
    2.09100008e+00 2.16799998e+00 2.16799998e+00 2.16799998e+00
    2.16799998e+00 0. 0. 0. 0. 0. 0. 0. 0. 0. 0. 0. 0. 0. 0. 0. 0. 0. 0.
    0. 0. 0. 0. 0. 0. 0. 0. 0. 2.04500008e+00 2.03999996e+00
    2.02900004e+00 2.02200007e+00 2.02200007e+00 2.02500010e+00
    2.03600001e+00 2.05500007e+00 2.12500000e+00 2.19199991e+00
    2.20400000e+00 2.21499991e+00 2.21600008e+00 0. 0. 0. 0. 0. 0. 0. 0.
    0. 0. 0. 0. 0. 0. 0. 0. 0. 0. 0. 0. 0. 0. 0. 0. 0. 0. 0.
    2.13599992e+00 2.12100005e+00 2.08800006e+00 2.06699991e+00
    2.06699991e+00 2.07500005e+00 2.10800004e+00 2.14000010e+00
    2.16700006e+00 2.19300008e+00 2.22700000e+00 2.26099992e+00
    2.26399994e+00 0. 0. 0. 0. 0. 0. 0. 0. 0. 0. 0. 0. 0. 0. 0. 0. 0. 0.
    0. 0. 0. 0. 0. 0. 0. 0. 0. 2.19199991e+00 2.17499995e+00
    2.13700008e+00 2.11199999e+00 2.11199999e+00 2.12100005e+00
    2.15899992e+00 2.19199991e+00 2.19199991e+00 2.19300008e+00
    2.23300004e+00 2.27200007e+00 2.27399993e+00 0. 0. 0. 0. 0. 0. 0. 0.
    0. 0. 0. 0. 0. 0. 0. 0. 0. 0. 0. 0. 0. 0. 0. 0. 0. 0. 0.
    2.19199991e+00 2.18499994e+00 2.16899991e+00 2.15899992e+00
    2.15899992e+00 2.16300011e+00 2.17799997e+00 2.19199991e+00
    2.19199991e+00 2.19300008e+00 2.20900011e+00 2.22499990e+00
    2.22600007e+00 0. 0. 0. 0. 0. 0. 0. 0. 0. 0. 0. 0. 0. 0. 0. 0. 0. 0.
    0. 0. 0. 0. 0. 0. 0. 0. 0. 2.19199991e+00 2.18899989e+00
    2.18300009e+00 2.17899990e+00 2.17899990e+00 2.17899990e+00
    2.17899990e+00 2.17899990e+00 2.17899990e+00 2.17899990e+00
    2.17899990e+00 2.17899990e+00 2.17899990e+00 0. 0. 0. 0. 0. 0. 0. 0.
    0. 0. 0. 0. 0. 0. 0. 0. 0. 0. 0. 0. 0. 0. 0. 0. 0. 0. 0.
    2.19199991e+00 2.17899990e+00 2.15100002e+00 2.13199997e+00
    2.13199997e+00 2.13199997e+00 2.13199997e+00 2.13199997e+00
    2.13199997e+00 2.13199997e+00 2.13199997e+00 2.13199997e+00
    2.13199997e+00 0. 0. 0. 0. 0. 0. 0. 0. 0. 0. 0. 0. 0. 0. 0. 0. 0. 0.
    0. 0. 0. 0. 0. 0. 0. 0. 0. 2.19199991e+00 2.17100000e+00
    2.12400007e+00 2.09400010e+00 2.09400010e+00 2.09400010e+00
