<?xml version="1.0"?>
<opencv_storage>
<Depth type_id="opencv-matrix">
  <rows>40</rows>
  <cols>40</cols>
  <dt>f</dt>
  <data>
    0. 0. 0. 0. 0. 0. 0. 0. 0. 0. 0. 0. 0. 0. 0. 0. 0. 0. 0. 0. 0. 0. 0.
    0. 0. 0. 0. 0. 0. 0. 0. 0. 0. 0. 0. 0. 0. 0. 0. 0. 0. 0. 0. 0. 0. 0.
    0. 0. 0. 0. 0. 0. 0. 0. 0. 0. 0. 0. 0. 0. 0. 0. 0. 0. 0. 0. 0. 0. 0.
    0. 0. 0. 0. 0. 0. 0. 0. 0. 0. 0. 0. 0. 0. 0. 0. 0. 0. 0. 0. 0. 0. 0.
    0. 0. 0. 0. 0. 0. 0. 0. 0. 0. 0. 0. 0. 0. 0. 0. 0. 0. 0. 0. 0. 0. 0.
    0. 0. 0. 0. 0. 0. 0. 0. 0. 0. 0. 0. 0. 0. 0. 0. 0. 0. 0. 0. 0. 0. 0.
    0. 0. 0. 0. 0. 0. 0. 0. 0. 0. 0. 0. 0. 0. 0. 0. 0. 0. 0. 0. 0. 0. 0.
    0. 0. 0. 0. 0. 0. 0. 0. 0. 0. 0. 0. 0. 0. 0. 0. 0. 0. 0. 0. 0. 0. 0.
    0. 0. 0. 0. 0. 0. 0. 0. 0. 0. 0. 0. 0. 0. 0. 0. 0. 0. 0. 0. 0. 0. 0.
    0. 0. 1.81599998e+00 1.81599998e+00 1.87800002e+00 1.93900001e+00 2.
    2. 2. 2.00200009e+00 2.06599998e+00 2.13100004e+00 2.19499993e+00
    2.26300001e+00 2.32999992e+00 2.40100002e+00 2.54600000e+00
    2.69199991e+00 2.82999992e+00 2.82999992e+00 2.82999992e+00
    2.82999992e+00 2.82999992e+00 0. 0. 0. 0. 0. 0. 0. 0. 0. 0. 0. 0. 0.
    0. 0. 0. 0. 0. 0. 1.81599998e+00 1.81700003e+00 1.87800002e+00
    1.93900001e+00 2. 2. 2. 2.00200009e+00 2.06599998e+00 2.13100004e+00
    2.19499993e+00 2.26200008e+00 2.32900000e+00 2.40000010e+00
    2.54600000e+00 2.69199991e+00 2.82900000e+00 2.82900000e+00
    2.82900000e+00 2.82900000e+00 2.82900000e+00 0. 0. 0. 0. 0. 0. 0. 0.
    0. 0. 0. 0. 0. 0. 0. 0. 0. 0. 0. 1.87800002e+00 1.87800002e+00
    1.91900003e+00 1.96000004e+00 2. 2. 2. 2.00099993e+00 2.04399991e+00
    2.08699989e+00 2.13000011e+00 2.19700003e+00 2.26300001e+00
    2.33200002e+00 2.45099998e+00 2.57100010e+00 2.68300009e+00
    2.68300009e+00 2.68300009e+00 2.68300009e+00 2.68300009e+00 0. 0. 0.
    0. 0. 0. 0. 0. 0. 0. 0. 0. 0. 0. 0. 0. 0. 0. 0. 1.93900001e+00
    1.93900001e+00 1.96000004e+00 1.98000002e+00 2. 2. 2. 2.00099993e+00
    2.02200007e+00 2.04299998e+00 2.06599998e+00 2.13100004e+00
    2.19700003e+00 2.26300001e+00 2.35700011e+00 2.45000005e+00
    2.53800011e+00 2.53800011e+00 2.53800011e+00 2.53800011e+00
    2.53800011e+00 0. 0. 0. 0. 0. 0. 0. 0. 0. 0. 0. 0. 0. 0. 0. 0. 0. 0.
    0. 1.99899995e+00 1.99899995e+00 1.99899995e+00 2. 2. 2. 2. 2. 2. 2.
    2.00200009e+00 2.06699991e+00 2.13100004e+00 2.19600010e+00
    2.26300001e+00 2.32999992e+00 2.39299989e+00 2.39299989e+00
    2.39400005e+00 2.39400005e+00 2.39400005e+00 0. 0. 0. 0. 0. 0. 0. 0.
    0. 0. 0. 0. 0. 0. 0. 0. 0. 0. 0. 1.93799996e+00 1.93799996e+00
    1.95899999e+00 1.97899997e+00 2. 2. 2. 2. 2. 2. 2.00200009e+00
    2.06699991e+00 2.13100004e+00 2.19499993e+00 2.23900008e+00
    2.28399992e+00 2.32699990e+00 2.34999990e+00 2.37299991e+00
    2.39400005e+00 2.39400005e+00 0. 0. 0. 0. 0. 0. 0. 0. 0. 0. 0. 0. 0.
    0. 0. 0. 0. 0. 0. 1.87600005e+00 1.87600005e+00 1.91799998e+00
    1.95899999e+00 2. 2. 2. 2. 2. 2. 2.00200009e+00 2.06699991e+00
    2.13100004e+00 2.19400001e+00 2.21600008e+00 2.23799992e+00
    2.26099992e+00 2.30599999e+00 2.35200000e+00 2.39400005e+00
    2.39400005e+00 0. 0. 0. 0. 0. 0. 0. 0. 0. 0. 0. 0. 0. 0. 0. 0. 0. 0.
    0. 1.81599998e+00 1.81599998e+00 1.87800002e+00 1.93900001e+00 2. 2.
    2. 2. 2. 2. 2.00200009e+00 2.06699991e+00 2.13100004e+00
    2.19300008e+00 2.19300008e+00 2.19300008e+00 2.19700003e+00
    2.26399994e+00 2.33100009e+00 2.39400005e+00 2.39400005e+00 0. 0. 0.
    0. 0. 0. 0. 0. 0. 0. 0. 0. 0. 0. 0. 0. 0. 0. 0. 1.81599998e+00
    1.81599998e+00 1.87800002e+00 1.93900001e+00 2. 2. 2. 2. 2. 2.
    2.00200009e+00 2.06699991e+00 2.13100004e+00 2.19300008e+00
    2.19300008e+00 2.19300008e+00 2.19700003e+00 2.26399994e+00
    2.33100009e+00 2.39400005e+00 2.39400005e+00 0. 0. 0. 0. 0. 0. 0. 0.
    0. 0. 0. 0. 0. 0. 0. 0. 0. 0. 0. 1.81599998e+00 1.81599998e+00
    1.87800002e+00 1.93900001e+00 2. 2. 2. 2. 2. 2. 2.00200009e+00
    2.06699991e+00 2.13100004e+00 2.19300008e+00 2.19300008e+00
    2.19300008e+00 2.19700003e+00 2.26399994e+00 2.33100009e+00
    2.39400005e+00 2.39400005e+00 0. 0. 0. 0. 0. 0. 0. 0. 0. 0. 0. 0. 0.
    0. 0. 0. 0. 0. 0. 1.81599998e+00 1.81599998e+00 1.87800002e+00
    1.93900001e+00 2. 2. 2. 2. 2. 2. 2.00200009e+00 2.06699991e+00
    2.13100004e+00 2.19300008e+00 2.19300008e+00 2.19300008e+00
    2.19700003e+00 2.26399994e+00 2.33100009e+00 2.39400005e+00
    2.39400005e+00 0. 0. 0. 0. 0. 0. 0. 0. 0. 0. 0. 0. 0. 0. 0. 0. 0. 0.
    0. 1.81599998e+00 1.81599998e+00 1.87800002e+00 1.93900001e+00 2. 2.
    2. 2. 2. 2. 2.00200009e+00 2.06699991e+00 2.13100004e+00
    2.19300008e+00 2.19300008e+00 2.19300008e+00 2.19700003e+00
    2.26399994e+00 2.33100009e+00 2.39400005e+00 2.39400005e+00 0. 0. 0.
    0. 0. 0. 0. 0. 0. 0. 0. 0. 0. 0. 0. 0. 0. 0. 0. 1.81599998e+00
    1.81599998e+00 1.87800002e+00 1.93900001e+00 2. 2. 2. 2. 2. 2.
    2.00200009e+00 2.06699991e+00 2.13100004e+00 2.19300008e+00
    2.19300008e+00 2.19300008e+00 2.19700003e+00 2.26399994e+00
    2.33100009e+00 2.39400005e+00 2.39400005e+00 0. 0. 0. 0. 0. 0. 0. 0.
    0. 0. 0. 0. 0. 0. 0. 0. 0. 0. 0. 1.81599998e+00 1.81599998e+00
    1.87800002e+00 1.93900001e+00 2. 2. 2. 2. 2. 2. 2.00200009e+00
    2.06699991e+00 2.13100004e+00 2.19300008e+00 2.19300008e+00
    2.19300008e+00 2.19700003e+00 2.26399994e+00 2.33100009e+00
    2.39400005e+00 2.39400005e+00 0. 0. 0. 0. 0. 0. 0. 0. 0. 0. 0. 0. 0.
    0. 0. 0. 0. 0. 0. 1.81599998e+00 1.81599998e+00 1.87800002e+00
    1.93900001e+00 2. 2. 2. 2. 2. 2. 2.00200009e+00 2.06699991e+00
    2.13100004e+00 2.19300008e+00 2.19300008e+00 2.19300008e+00
    2.19700003e+00 2.26399994e+00 2.33100009e+00 2.39400005e+00
    2.39400005e+00 0. 0. 0. 0. 0. 0. 0. 0. 0. 0. 0. 0. 0. 0. 0. 0. 0. 0.
    0. 1.81599998e+00 1.81599998e+00 1.87800002e+00 1.93900001e+00 2. 2.
    2. 2. 2. 2. 2.00200009e+00 2.06699991e+00 2.13100004e+00
    2.19300008e+00 2.19300008e+00 2.19300008e+00 2.19700003e+00
    2.26399994e+00 2.33100009e+00 2.39400005e+00 2.39400005e+00 0. 0. 0.
    0. 0. 0. 0. 0. 0. 0. 0. 0. 0. 0. 0. 0. 0. 0. 0. 1.81599998e+00
    1.81599998e+00 1.87800002e+00 1.93900001e+00 2. 2. 2. 2. 2. 2.
    2.00200009e+00 2.06699991e+00 2.13100004e+00 2.19300008e+00
    2.19300008e+00 2.19300008e+00 2.19700003e+00 2.26399994e+00
    2.33100009e+00 2.39400005e+00 2.39400005e+00 0. 0. 0. 0. 0. 0. 0. 0.
    0. 0. 0. 0. 0. 0. 0. 0. 0. 0. 0. 1.81599998e+00 1.81599998e+00
    1.87800002e+00 1.93900001e+00 2. 2. 2. 2. 2. 2. 2.00200009e+00
    2.06699991e+00 2.13100004e+00 2.19300008e+00 2.19300008e+00
    2.19300008e+00 2.19700003e+00 2.26399994e+00 2.33100009e+00
    2.39400005e+00 2.39400005e+00 0. 0. 0. 0. 0. 0. 0. 0. 0. 0. 0. 0. 0.
    0. 0. 0. 0. 0. 0. 1.81599998e+00 1.81599998e+00 1.87800002e+00
    1.93900001e+00 2. 2. 2. 2. 2. 2. 2.00200009e+00 2.06699991e+00
    2.13100004e+00 2.19300008e+00 2.19300008e+00 2.19300008e+00
    2.19700003e+00 2.26399994e+00 2.33100009e+00 2.39400005e+00
    2.39400005e+00 0. 0. 0. 0. 0. 0. 0. 0. 0. 0. 0. 0. 0. 0. 0. 0. 0. 0.
    0. 1.81599998e+00 1.81599998e+00 1.87800002e+00 1.93900001e+00 2. 2.
    2. 2. 2. 2. 2.00200009e+00 2.06699991e+00 2.13100004e+00
    2.19300008e+00 2.19300008e+00 2.19300008e+00 2.19700003e+00
    2.26200008e+00 2.32800007e+00 2.39000010e+00 2.39000010e+00 0. 0. 0.
    0. 0. 0. 0. 0. 0. 0. 0. 0. 0. 0. 0. 0. 0. 0. 0. 1.81599998e+00
    1.81599998e+00 1.87800002e+00 1.93900001e+00 2. 2. 2. 2. 2. 2.
    2.00200009e+00 2.06699991e+00 2.13100004e+00 2.19300008e+00
    2.19300008e+00 2.19300008e+00 2.19499993e+00 2.23900008e+00
    2.28200006e+00 2.32200003e+00 2.32200003e+00 0. 0. 0. 0. 0. 0. 0. 0.
    0. 0. 0. 0. 0. 0. 0. 0. 0. 0. 0. 1.81599998e+00 1.81599998e+00
    1.87800002e+00 1.93900001e+00 2. 2. 2. 2. 2. 2. 2.00200009e+00
    2.06699991e+00 2.13100004e+00 2.19300008e+00 2.19300008e+00
    2.19300008e+00 2.19400001e+00 2.21499991e+00 2.23600006e+00
    2.25500011e+00 2.25500011e+00 0. 0. 0. 0. 0. 0. 0. 0. 0. 0. 0. 0. 0.
    0. 0. 0. 0. 0. 0. 1.81200004e+00 1.81200004e+00 1.87300003e+00
