<?xml version="1.0"?>
<opencv_storage>
<Depth type_id="opencv-matrix">
  <rows>40</rows>
  <cols>40</cols>
  <dt>f</dt>
  <data>
    0. 0. 0. 0. 0. 0. 0. 0. 0. 0. 0. 0. 0. 0. 0. 0. 0. 0. 0. 0. 0. 0. 0.
    0. 0. 0. 0. 0. 0. 0. 0. 0. 0. 0. 0. 0. 0. 0. 0. 0. 0. 0. 0. 0. 0. 0.
    0. 0. 0. 0. 0. 0. 0. 0. 0. 0. 0. 0. 0. 0. 0. 0. 0. 0. 0. 0. 0. 0. 0.
    0. 0. 0. 0. 0. 0. 0. 0. 0. 0. 0. 0. 0. 0. 0. 0. 0. 0. 0. 0. 0. 0. 0.
    0. 0. 0. 0. 0. 0. 0. 0. 0. 0. 0. 0. 0. 0. 0. 0. 0. 0. 0. 0. 0. 0. 0.
    0. 0. 0. 0. 0. 0. 0. 0. 0. 0. 0. 0. 0. 0. 0. 0. 0. 0. 0. 0. 0. 0. 0.
    0. 0. 0. 0. 0. 0. 0. 0. 0. 0. 0. 0. 0. 0. 0. 0. 0. 0. 0. 0. 0. 0. 0.
    0. 0. 0. 0. 0. 0. 0. 0. 0. 0. 0. 0. 0. 0. 0. 0. 0. 0. 0. 0. 0. 0. 0.
    0. 0. 0. 0. 0. 0. 0. 0. 0. 0. 0. 0. 0. 0. 0. 0. 0. 0. 0. 0. 0. 0. 0.
    0. 0. 0. 0. 0. 0. 0. 0. 0. 0. 0. 0. 0. 0. 0. 0. 0. 0. 0. 0. 0. 0. 0.
    0. 0. 0. 0. 0. 0. 0. 0. 0. 0. 0. 0. 0. 0. 0. 0. 0. 0. 0. 0. 0. 0. 0.
    0. 0. 0. 0. 0. 0. 0. 0. 0. 0. 0. 0. 0. 0. 0. 0. 0. 0. 0. 0. 0. 0. 0.
    0. 0. 0. 0. 0. 0. 0. 0. 0. 0. 0. 0. 0. 0. 0. 0. 0. 0. 0. 0. 0. 0. 0.
    0. 0. 0. 0. 0. 0. 0. 0. 0. 0. 0. 0. 0. 0. 0. 0. 0. 0. 0. 0. 0. 0. 0.
    0. 0. 0. 0. 0. 0. 0. 0. 0. 0. 0. 0. 0. 0. 0. 0. 0. 0. 0. 0. 0. 0. 0.
    0. 0. 0. 0. 0. 0. 0. 0. 0. 0. 0. 0. 0. 0. 0. 0. 0. 0. 0. 0. 0. 0. 0.
    0. 0. 0. 0. 0. 0. 0. 0. 0. 0. 0. 0. 0. 0. 0. 0. 0. 0. 0. 0. 0. 0. 0.
    0. 0. 0. 0. 0. 0. 0. 0. 0. 0. 0. 0. 0. 0. 0. 0. 0. 0. 0. 0. 0. 0. 0.
    0. 0. 0. 0. 0. 0. 0. 0. 0. 0. 0. 0. 0. 0. 0. 0. 0. 0. 0. 0. 0. 0. 0.
    0. 0. 0. 0. 0. 0. 0. 0. 0. 0. 0. 0. 0. 0. 0. 0. 0. 0. 0. 0.
    1.49199998e+00 1.74000001e+00 1.74000001e+00 1.74000001e+00
    1.74000001e+00 1.74000001e+00 1.74000001e+00 1.74000001e+00
    1.74000001e+00 1.74000001e+00 1.74000001e+00 1.74000001e+00
    1.71500003e+00 1.68200004e+00 0. 0. 0. 0. 0. 0. 0. 0. 0. 0. 0. 0. 0.
    0. 0. 0. 0. 0. 0. 0. 0. 0. 0. 1.04200006e+00 1.04200006e+00
    1.19200003e+00 1.59000003e+00 1.76100004e+00 1.76100004e+00
    1.76100004e+00 1.76100004e+00 1.75000000e+00 1.74000001e+00
    1.74000001e+00 1.74000001e+00 1.74000001e+00 1.74000001e+00
    1.74000001e+00 1.71500003e+00 1.68200004e+00 0. 0. 0. 0. 0. 0. 0. 0.
    0. 0. 0. 0. 0. 0. 0. 0. 0. 0. 0. 0. 0. 0. 1.20099998e+00
    1.62000000e+00 1.62000000e+00 1.65600002e+00 1.75399995e+00
    1.79600000e+00 1.79600000e+00 1.79600000e+00 1.79600000e+00
    1.76600003e+00 1.74000001e+00 1.74000001e+00 1.74000001e+00
    1.74000001e+00 1.74000001e+00 1.74000001e+00 1.71500003e+00
    1.68200004e+00 0. 0. 0. 0. 0. 0. 0. 0. 0. 0. 0. 0. 0. 0. 0. 0. 0. 0.
    0. 1.13199997e+00 1.18200004e+00 1.18200004e+00 1.48699999e+00
    1.74000001e+00 1.74000001e+00 1.75300002e+00 1.78799999e+00
    1.80299997e+00 1.80299997e+00 1.80299997e+00 1.80299997e+00
    1.78400004e+00 1.76800001e+00 1.76800001e+00 1.77300000e+00
    1.78799999e+00 1.78699994e+00 1.77199996e+00 1.74300003e+00
    1.70899999e+00 0. 0. 0. 0. 0. 0. 0. 0. 0. 0. 0. 0. 0. 0. 0. 0. 0. 0.
    1.11000001e+00 1.67700005e+00 1.79499996e+00 1.79499996e+00
    1.76499999e+00 1.74000001e+00 1.74000001e+00 1.75300002e+00
    1.78799999e+00 1.80299997e+00 1.80299997e+00 1.80299997e+00
    1.80299997e+00 1.80299997e+00 1.80299997e+00 1.80299997e+00
    1.81500006e+00 1.84899998e+00 1.84599996e+00 1.81200004e+00
    1.77699995e+00 1.74199998e+00 0. 0. 0. 0. 0. 0. 0. 0. 0. 0. 0. 0. 0.
    0. 0. 0. 0. 1.37000000e+00 1.51300001e+00 1.75300002e+00
    1.80299997e+00 1.80299997e+00 1.78699994e+00 1.78499997e+00
    1.84500003e+00 1.88800001e+00 1.90400004e+00 1.87699997e+00
    1.81700003e+00 1.80299997e+00 1.80299997e+00 1.82099998e+00
    1.83700001e+00 1.83700001e+00 1.85000002e+00 1.88600004e+00
    1.89300001e+00 1.87800002e+00 1.86199999e+00 1.84599996e+00 0. 0. 0.
    0. 0. 0. 0. 0. 0. 0. 0. 0. 0. 0. 0. 0. 0. 1.86600006e+00
    1.84700000e+00 1.81599998e+00 1.80900002e+00 1.80900002e+00
    1.81299996e+00 1.83399999e+00 1.93200004e+00 1.99500000e+00
    1.99800003e+00 1.94599998e+00 1.85200000e+00 1.83000004e+00
    1.83000004e+00 1.85599995e+00 1.87899995e+00 1.87899995e+00
    1.89100003e+00 1.92400002e+00 1.93900001e+00 1.93900001e+00
    1.93599999e+00 1.93200004e+00 0. 0. 0. 0. 0. 0. 0. 0. 0. 0. 0. 0. 0.
    0. 0. 0. 0. 1.86600006e+00 1.85899997e+00 1.84700000e+00
    1.84399998e+00 1.84399998e+00 1.86800003e+00 1.89400005e+00
    1.93200004e+00 1.96500003e+00 1.98899996e+00 1.99300003e+00
    1.98000002e+00 1.97700000e+00 1.97700000e+00 1.96500003e+00
    1.95400000e+00 1.95400000e+00 1.95799994e+00 1.97099996e+00
    1.97599995e+00 1.97599995e+00 1.95799994e+00 1.93400002e+00 0. 0. 0.
    0. 0. 0. 0. 0. 0. 0. 0. 0. 0. 0. 0. 0. 0. 1.85300004e+00
    1.85300004e+00 1.85300004e+00 1.85899997e+00 1.86600006e+00
    1.90199995e+00 1.93200004e+00 1.93200004e+00 1.94599998e+00
    1.98399997e+00 2.01699996e+00 2.04800010e+00 2.05500007e+00
    2.05500007e+00 2.01799989e+00 1.98599994e+00 1.98599994e+00
    1.98599994e+00 1.98599994e+00 1.99000001e+00 1.99800003e+00
    1.97800004e+00 1.94799995e+00 0. 0. 0. 0. 0. 0. 0. 0. 0. 0. 0. 0. 0.
    0. 0. 0. 0. 1.81799996e+00 1.81799996e+00 1.81799996e+00
    1.83899999e+00 1.86600006e+00 1.90199995e+00 1.93200004e+00
    1.93200004e+00 1.94599998e+00 1.98399997e+00 2.00500011e+00
    2.01399994e+00 2.01600003e+00 2.01600003e+00 1.98000002e+00
    1.94799995e+00 1.94799995e+00 1.94799995e+00 1.94799995e+00
    1.96399999e+00 1.99199998e+00 1.99300003e+00 1.98399997e+00 0. 0. 0.
    0. 0. 0. 0. 0. 0. 0. 0. 0. 0. 0. 0. 0. 0. 1.80299997e+00
    1.80299997e+00 1.80299997e+00 1.83099997e+00 1.86600006e+00
    1.90199995e+00 1.93200004e+00 1.93200004e+00 1.94200003e+00
    1.96700001e+00 1.97899997e+00 1.97899997e+00 1.97899997e+00
    1.97899997e+00 1.94299996e+00 1.91100001e+00 1.91100001e+00
    1.91499996e+00 1.92700005e+00 1.77600002e+00 1.48800004e+00
    1.41299999e+00 1.41299999e+00 0. 0. 0. 0. 0. 0. 0. 0. 0. 0. 0. 0. 0.
    0. 0. 0. 0. 1.80299997e+00 1.80299997e+00 1.80299997e+00
    1.83099997e+00 1.86600006e+00 1.90199995e+00 1.93200004e+00
    1.93200004e+00 1.93400002e+00 1.93900001e+00 1.94099998e+00
    1.94099998e+00 1.94099998e+00 1.94099998e+00 1.90600002e+00
    1.87500000e+00 1.87500000e+00 1.88600004e+00 1.91700006e+00
    1.46599996e+00 0. 0. 0. 0. 0. 0. 0. 0. 0. 0. 0. 0. 0. 0. 0. 0. 0. 0.
    0. 0. 1.83000004e+00 1.83000004e+00 1.83000004e+00 1.84599996e+00
    1.86600006e+00 1.88699996e+00 1.90400004e+00 1.90400004e+00
    1.90400004e+00 1.90400004e+00 1.90400004e+00 1.90400004e+00
    1.90400004e+00 1.90400004e+00 1.88399994e+00 1.86600006e+00
    1.86600006e+00 1.87899995e+00 1.91499996e+00 1.38999999e+00 0. 0. 0.
    0. 0. 0. 0. 0. 0. 0. 0. 0. 0. 0. 0. 0. 0. 0. 0. 0. 1.86500001e+00
    1.86500001e+00 1.86500001e+00 1.86500001e+00 1.86600006e+00
    1.86699998e+00 1.86699998e+00 1.86699998e+00 1.86699998e+00
    1.86699998e+00 1.86699998e+00 1.86699998e+00 1.86699998e+00
    1.86699998e+00 1.86699998e+00 1.86600006e+00 1.86600006e+00
    1.87899995e+00 1.91499996e+00 1.38499999e+00 0. 0. 0. 0. 0. 0. 0. 0.
    0. 0. 0. 0. 0. 0. 0. 0. 0. 0. 0. 0. 1.86600006e+00 1.86600006e+00
    1.86600006e+00 1.86600006e+00 1.86600006e+00 1.86600006e+00
    1.86600006e+00 1.86600006e+00 1.86600006e+00 1.86600006e+00
    1.86600006e+00 1.86600006e+00 1.86600006e+00 1.86600006e+00
    1.88499999e+00 1.82299995e+00 1.32000005e+00 0. 0. 0. 0. 0. 0. 0. 0.
    0. 0. 0. 0. 0. 0. 0. 0. 0. 0. 0. 0. 0. 0. 0. 1.87199998e+00
    1.87199998e+00 1.87199998e+00 1.87199998e+00 1.87199998e+00
    1.86899996e+00 1.86600006e+00 1.86600006e+00 1.83700001e+00
    1.76100004e+00 1.72800004e+00 1.72800004e+00 1.72800004e+00
    1.72800004e+00 1.75999999e+00 1.65400004e+00 0. 0. 0. 0. 0. 0. 0. 0.
    0. 0. 0. 0. 0. 0. 0. 0. 0. 0. 0. 0. 0. 0. 0. 0. 1.90799999e+00
    1.90799999e+00 1.90799999e+00 1.90799999e+00 1.90799999e+00
    1.88499999e+00 1.86600006e+00 1.86600006e+00 1.65100002e+00
    1.07900000e+00 0. 0. 0. 0. 0. 0. 0. 0. 0. 0. 0. 0. 0. 0. 0. 0. 0. 0.
