<?xml version="1.0"?>
<opencv_storage>
<Depth type_id="opencv-matrix">
  <rows>40</rows>
  <cols>40</cols>
  <dt>f</dt>
  <data>
    0. 0. 0. 0. 0. 0. 0. 0. 0. 0. 0. 0. 1.65499997e+00 1.65300000e+00
    1.64999998e+00 1.64999998e+00 1.65100002e+00 1.65400004e+00
    1.65499997e+00 1.65499997e+00 1.67499995e+00 1.70299995e+00
    1.70700002e+00 1.71700001e+00 1.74600005e+00 1.75999999e+00
    1.75999999e+00 1.75999999e+00 0. 0. 0. 0. 0. 0. 0. 0. 0. 0. 0. 0. 0.
    0. 0. 0. 0. 0. 0. 0. 0. 0. 0. 0. 1.68599999e+00 1.67299998e+00
    1.65199995e+00 1.64999998e+00 1.65400004e+00 1.67499995e+00
    1.68599999e+00 1.68599999e+00 1.69400001e+00 1.70400000e+00
    1.72500002e+00 1.74399996e+00 1.75500000e+00 1.75999999e+00
    1.75999999e+00 1.75999999e+00 0. 0. 0. 0. 0. 0. 0. 0. 0. 0. 0. 0. 0.
    0. 0. 0. 0. 0. 0. 0. 0. 0. 0. 0. 0. 0. 1.60399997e+00 1.66400003e+00
    1.66900003e+00 1.70000005e+00 1.71800005e+00 1.71800005e+00
    1.71200001e+00 1.70400000e+00 1.72800004e+00 1.74800003e+00
    1.75600004e+00 1.75999999e+00 1.75999999e+00 1.75999999e+00 0. 0. 0.
    0. 0. 0. 0. 0. 0. 0. 0. 0. 0. 0. 0. 0. 0. 0. 0. 0. 0. 0. 0. 0. 0. 0.
    1.49100006e+00 1.69500005e+00 1.70000005e+00 1.73199999e+00
    1.75100005e+00 1.75100005e+00 1.73199999e+00 1.70500004e+00
    1.70899999e+00 1.72000003e+00 1.74699998e+00 1.75999999e+00
    1.75999999e+00 1.75999999e+00 0. 0. 0. 0. 0. 0. 0. 0. 0. 0. 0. 0. 0.
    0. 0. 0. 0. 0. 0. 0. 0. 0. 0. 0. 0. 0. 1.55799997e+00 1.71599996e+00
    1.73000002e+00 1.74899995e+00 1.75999999e+00 1.75999999e+00
    1.73699999e+00 1.70500004e+00 1.70400000e+00 1.71200001e+00
    1.74399996e+00 1.75999999e+00 1.75999999e+00 1.75999999e+00 0. 0. 0.
    0. 0. 0. 0. 0. 0. 0. 0. 0. 0. 0. 0. 0. 0. 0. 0. 0. 0. 0. 0. 0.
    1.63999999e+00 1.66299999e+00 1.70000005e+00 1.73300004e+00
    1.75899994e+00 1.75999999e+00 1.75999999e+00 1.75999999e+00
    1.73699999e+00 1.70500004e+00 1.70400000e+00 1.71200001e+00
    1.74399996e+00 1.75999999e+00 1.75999999e+00 1.75999999e+00 0. 0. 0.
    0. 0. 0. 0. 0. 0. 0. 0. 0. 0. 0. 0. 0. 0. 0. 0. 0. 0. 0. 0. 0.
    1.70400000e+00 1.70400000e+00 1.70400000e+00 1.73300004e+00
    1.75999999e+00 1.75999999e+00 1.76800001e+00 1.78699994e+00
    1.76900005e+00 1.73599994e+00 1.73599994e+00 1.74399996e+00
    1.77600002e+00 1.79299998e+00 1.79299998e+00 1.79299998e+00 0. 0. 0.
    0. 0. 0. 0. 0. 0. 0. 0. 0. 0. 0. 0. 0. 0. 0. 0. 0. 0. 0. 0. 0.
    1.70400000e+00 1.70700002e+00 1.71099997e+00 1.73699999e+00
    1.76100004e+00 1.76499999e+00 1.78100002e+00 1.80999994e+00
    1.79799998e+00 1.76900005e+00 1.76800001e+00 1.77499998e+00
    1.80400002e+00 1.81799996e+00 1.81799996e+00 1.81799996e+00 0. 0. 0.
    0. 0. 0. 0. 0. 0. 0. 0. 0. 0. 0. 0. 0. 0. 0. 0. 0. 0. 0. 0. 0.
    1.70400000e+00 1.71899998e+00 1.74199998e+00 1.75199997e+00
    1.76400006e+00 1.78799999e+00 1.80599999e+00 1.81500006e+00
    1.81099999e+00 1.80200005e+00 1.80200005e+00 1.80400002e+00
    1.81299996e+00 1.81799996e+00 1.81799996e+00 1.81799996e+00 0. 0. 0.
    0. 0. 0. 0. 0. 0. 0. 0. 0. 0. 0. 0. 0. 0. 0. 0. 0. 0. 0. 0. 0.
    1.72099996e+00 1.73500001e+00 1.75800002e+00 1.76900005e+00
    1.78299999e+00 1.81599998e+00 1.83500004e+00 1.83500004e+00
    1.83500004e+00 1.83500004e+00 1.83500004e+00 1.83299994e+00
    1.82299995e+00 1.81799996e+00 1.81799996e+00 1.81799996e+00 0. 0. 0.
    0. 0. 0. 0. 0. 0. 0. 0. 0. 0. 0. 0. 0. 0. 0. 0. 0. 0. 0. 0. 0.
    1.75300002e+00 1.75500000e+00 1.75999999e+00 1.78600001e+00
    1.81599998e+00 1.85000002e+00 1.86899996e+00 1.86899996e+00
    1.86899996e+00 1.86899996e+00 1.86899996e+00 1.86199999e+00
    1.83299994e+00 1.81799996e+00 1.81799996e+00 1.81799996e+00 0. 0. 0.
    0. 0. 0. 0. 0. 0. 0. 0. 0. 0. 0. 0. 0. 0. 0. 0. 0. 0. 0. 0. 0.
    1.78600001e+00 1.78600001e+00 1.78600001e+00 1.81700003e+00
    1.84800005e+00 1.86600006e+00 1.87699997e+00 1.87699997e+00
    1.88800001e+00 1.90400004e+00 1.88900006e+00 1.87199998e+00
    1.85399997e+00 1.84500003e+00 1.84500003e+00 1.84500003e+00 0. 0. 0.
    0. 0. 0. 0. 0. 0. 0. 0. 0. 0. 0. 0. 0. 0. 0. 0. 0. 0. 0. 0. 0.
    1.81799996e+00 1.81799996e+00 1.81799996e+00 1.84899998e+00
    1.87699997e+00 1.87800002e+00 1.87899995e+00 1.87899995e+00
    1.90199995e+00 1.93599999e+00 1.90400004e+00 1.87899995e+00
    1.87899995e+00 1.87899995e+00 1.87899995e+00 1.87899995e+00 0. 0. 0.
    0. 0. 0. 0. 0. 0. 0. 0. 0. 0. 0. 0. 0. 0. 0. 0. 0. 0. 0. 0. 0.
    1.81799996e+00 1.81799996e+00 1.81799996e+00 1.84899998e+00
    1.88100004e+00 1.90199995e+00 1.91299999e+00 1.91299999e+00
    1.92299998e+00 1.93700004e+00 1.92400002e+00 1.91299999e+00
    1.91299999e+00 1.91299999e+00 1.91299999e+00 1.91299999e+00 0. 0. 0.
    0. 0. 0. 0. 0. 0. 0. 0. 0. 0. 0. 0. 0. 0. 0. 0. 0. 0. 0. 0. 0.
    1.80700004e+00 1.80700004e+00 1.80700004e+00 1.84399998e+00
    1.88300002e+00 1.91799998e+00 1.93700004e+00 1.93700004e+00
    1.93700004e+00 1.93700004e+00 1.93700004e+00 1.93700004e+00
    1.93700004e+00 1.93700004e+00 1.93700004e+00 1.93700004e+00 0. 0. 0.
    0. 0. 0. 0. 0. 0. 0. 0. 0. 0. 0. 0. 0. 0. 0. 0. 0. 0. 0. 0. 0.
    1.77400005e+00 1.77400005e+00 1.77400005e+00 1.82799995e+00
    1.88300002e+00 1.91799998e+00 1.93700004e+00 1.93700004e+00
    1.93700004e+00 1.93700004e+00 1.93700004e+00 1.93700004e+00
    1.93700004e+00 1.93700004e+00 1.93700004e+00 1.93700004e+00 0. 0. 0.
    0. 0. 0. 0. 0. 0. 0. 0. 0. 0. 0. 0. 0. 0. 0. 0. 0. 0. 0. 0. 0.
    1.75999999e+00 1.75999999e+00 1.75999999e+00 1.82099998e+00
    1.88300002e+00 1.91799998e+00 1.93700004e+00 1.93700004e+00
    1.93700004e+00 1.93700004e+00 1.93700004e+00 1.93700004e+00
    1.93700004e+00 1.93700004e+00 1.93700004e+00 1.93700004e+00 0. 0. 0.
    0. 0. 0. 0. 0. 0. 0. 0. 0. 0. 0. 0. 0. 0. 0. 0. 0. 0. 0. 0. 0.
    1.75999999e+00 1.75999999e+00 1.75999999e+00 1.82099998e+00
    1.88300002e+00 1.91799998e+00 1.93700004e+00 1.93700004e+00
    1.93700004e+00 1.93700004e+00 1.93700004e+00 1.93700004e+00
    1.93700004e+00 1.93700004e+00 1.93700004e+00 1.93700004e+00 0. 0. 0.
    0. 0. 0. 0. 0. 0. 0. 0. 0. 0. 0. 0. 0. 0. 0. 0. 0. 0. 0. 0. 0.
    1.78900003e+00 1.78900003e+00 1.78900003e+00 1.83500004e+00
    1.88300002e+00 1.91799998e+00 1.93700004e+00 1.93700004e+00
    1.93700004e+00 1.93700004e+00 1.93700004e+00 1.93700004e+00
    1.93700004e+00 1.93700004e+00 1.93700004e+00 1.93700004e+00 0. 0. 0.
    0. 0. 0. 0. 0. 0. 0. 0. 0. 0. 0. 0. 0. 0. 0. 0. 0. 0. 0. 0. 0.
    1.82599998e+00 1.82599998e+00 1.82599998e+00 1.85500002e+00
    1.88699996e+00 1.92200005e+00 1.94099998e+00 1.94099998e+00
    1.94099998e+00 1.94099998e+00 1.94099998e+00 1.94099998e+00
    1.94099998e+00 1.94099998e+00 1.94099998e+00 1.94099998e+00 0. 0. 0.
    0. 0. 0. 0. 0. 0. 0. 0. 0. 0. 0. 0. 0. 0. 0. 0. 0. 0. 0. 0. 0.
    1.89499998e+00 1.89499998e+00 1.89499998e+00 1.90600002e+00
    1.92200005e+00 1.95799994e+00 1.97800004e+00 1.97800004e+00
    1.97800004e+00 1.97800004e+00 1.97800004e+00 1.97800004e+00
    1.97800004e+00 1.97800004e+00 1.97800004e+00 1.97800004e+00 0. 0. 0.
    0. 0. 0. 0. 0. 0. 0. 0. 0. 0. 0. 0. 0. 0. 0. 0. 0. 0. 0. 0. 0.
    1.95099998e+00 1.95099998e+00 1.95099998e+00 1.95099998e+00
    1.95599997e+00 1.98399997e+00 2. 2. 2. 2. 2. 2.00200009e+00
    2.00999999e+00 2.11599994e+00 2.31699991e+00 2.36100006e+00 0. 0. 0.
    0. 0. 0. 0. 0. 0. 0. 0. 0. 0. 0. 0. 0. 0. 0. 0. 0. 0. 0. 0. 0.
    1.98699999e+00 1.98699999e+00 1.98699999e+00 1.98699999e+00
    1.98899996e+00 1.99600005e+00 2. 2. 2. 2. 2. 2.00699997e+00
    2.03600001e+00 2.41700006e+00 0. 0. 0. 0. 0. 0. 0. 0. 0. 0. 0. 0. 0.
    0. 0. 0. 0. 0. 0. 0. 0. 0. 0. 0. 0. 0. 2. 2. 2. 2. 2. 2.
    2.00600004e+00 2.01999998e+00 2.02399993e+00 2.02399993e+00
    2.02399993e+00 2.03299999e+00 2.06999993e+00 2.37199998e+00
    2.92899990e+00 0. 0. 0. 0. 0. 0. 0. 0. 0. 0. 0. 0. 0. 0. 0. 0. 0. 0.
    0. 0. 0. 0. 0. 0. 0. 2. 2. 2. 2. 2. 2. 2.01500010e+00 2.04999995e+00
    2.05999994e+00 2.05999994e+00 2.05999994e+00 2.06900001e+00
