<?xml version="1.0"?>
<opencv_storage>
<Depth type_id="opencv-matrix">
  <rows>40</rows>
  <cols>40</cols>
  <dt>f</dt>
  <data>
    0. 0. 0. 0. 0. 0. 0. 0. 0. 0. 0. 0. 0. 0. 0. 0. 0. 0. 0. 0. 0. 0. 0.
    0. 0. 0. 0. 0. 0. 0. 0. 0. 0. 0. 0. 0. 0. 0. 0. 0. 0. 0. 0. 0. 0. 0.
    0. 0. 0. 0. 0. 0. 0. 0. 0. 0. 0. 0. 0. 0. 0. 0. 0. 0. 0. 0. 0. 0. 0.
    0. 0. 0. 0. 0. 0. 0. 0. 0. 0. 0. 0. 0. 0. 0. 0. 0. 0. 0. 0. 0. 0. 0.
    0. 0. 0. 0. 0. 0. 0. 0. 0. 0. 0. 0. 0. 0. 0. 0. 0. 0. 0. 0. 0. 0. 0.
    0. 0. 0. 0. 0. 0. 0. 0. 0. 0. 0. 0. 0. 0. 0. 0. 0. 0. 0. 0. 0. 0. 0.
    0. 0. 0. 0. 0. 0. 0. 0. 0. 0. 0. 0. 0. 0. 0. 0. 0. 0. 0. 0. 0. 0. 0.
    0. 0. 0. 0. 0. 0. 0. 0. 0. 0. 0. 0. 0. 0. 0. 0. 0. 0. 0. 0. 0. 0. 0.
    0. 0. 0. 0. 0. 0. 0. 0. 0. 0. 0. 0. 0. 0. 0. 0. 0. 0. 0. 0. 0. 0. 0.
    0. 0. 0. 0. 0. 0. 0. 0. 0. 0. 0. 0. 0. 0. 0. 0. 0. 0. 0. 0. 0. 0. 0.
    0. 0. 0. 0. 0. 0. 0. 0. 0. 0. 0. 0. 0. 0. 0. 0. 0. 0. 0. 0. 0. 0. 0.
    0. 0. 0. 0. 0. 0. 0. 0. 0. 0. 0. 0. 0. 0. 0. 0. 0. 0. 0. 0. 0. 0. 0.
    0. 0. 0. 0. 0. 0. 0. 0. 0. 0. 0. 0. 0. 0. 0. 0. 0. 0. 0. 0. 0. 0. 0.
    0. 0. 0. 0. 0. 0. 0. 0. 0. 0. 0. 0. 0. 0. 0. 0. 0. 0. 0. 0. 0. 0. 0.
    0. 0. 0. 0. 0. 0. 2.35800004e+00 2.33200002e+00 2.28900003e+00
    2.28200006e+00 2.28200006e+00 2.28200006e+00 2.28200006e+00
    2.28200006e+00 2.24200010e+00 2.16100001e+00 2.13700008e+00
    2.13700008e+00 2.13700008e+00 2.14899993e+00 2.23099995e+00
    2.25200009e+00 2.17000008e+00 2.11400008e+00 2.07500005e+00
    2.03699994e+00 1.98800004e+00 1.57599998e+00 1.26699996e+00 0. 0. 0.
    0. 0. 0. 0. 0. 0. 0. 0. 0. 0. 0. 0. 0. 0. 2.35800004e+00
    2.33200002e+00 2.28900003e+00 2.28200006e+00 2.28099990e+00
    2.25300002e+00 2.22900009e+00 2.21499991e+00 2.17600012e+00
    2.10899997e+00 2.08999991e+00 2.08999991e+00 2.08999991e+00
    2.09999990e+00 2.16700006e+00 2.18899989e+00 2.13499999e+00
    2.09800005e+00 2.07299995e+00 2.04800010e+00 2.01500010e+00
    1.74500000e+00 1.54100001e+00 0. 0. 0. 0. 0. 0. 0. 0. 0. 0. 0. 0. 0.
    0. 0. 0. 0. 2.35800004e+00 2.33200002e+00 2.28900003e+00
    2.28200006e+00 2.27800012e+00 2.20499992e+00 2.14100003e+00
    2.10599995e+00 2.06800008e+00 2.02500010e+00 2.01300001e+00
    2.01300001e+00 2.01300001e+00 2.01900005e+00 2.06200004e+00
    2.08599997e+00 2.07800007e+00 2.07200003e+00 2.06900001e+00
    2.06500006e+00 2.05999994e+00 2.02099991e+00 1.99100006e+00 0. 0. 0.
    0. 0. 0. 0. 0. 0. 0. 0. 0. 0. 0. 0. 0. 0. 2.28900003e+00
    2.27500010e+00 2.25200009e+00 2.21700001e+00 2.18000007e+00
    2.13700008e+00 2.09400010e+00 2.05599999e+00 2.01799989e+00
    1.98000002e+00 1.96899998e+00 1.96899998e+00 1.98500001e+00
    2.00300002e+00 2.02300000e+00 2.04299998e+00 2.06100011e+00
    2.06800008e+00 2.06800008e+00 2.06800008e+00 2.05999994e+00
    1.80299997e+00 1.61000001e+00 0. 0. 0. 0. 0. 0. 0. 0. 0. 0. 0. 0. 0.
    0. 0. 0. 0. 2.20499992e+00 2.20499992e+00 2.20499992e+00
    2.14100003e+00 2.06800008e+00 2.06699991e+00 2.05599999e+00
    2.01900005e+00 1.98199999e+00 1.94500005e+00 1.93400002e+00
    1.93400002e+00 1.96800005e+00 1.99800003e+00 1.99899995e+00
    2.01399994e+00 2.05200005e+00 2.06800008e+00 2.06800008e+00
    2.06800008e+00 2.05200005e+00 1.49899995e+00 1.08399999e+00 0. 0. 0.
    0. 0. 0. 0. 0. 0. 0. 0. 0. 0. 0. 0. 0. 0. 2.12599993e+00
    2.12599993e+00 2.12599993e+00 2.09899998e+00 2.06699991e+00
    2.04399991e+00 2.02399993e+00 2.00799990e+00 1.98199999e+00
    1.94500005e+00 1.93400002e+00 1.93400002e+00 1.94799995e+00
    1.96399999e+00 1.98599994e+00 2.01399994e+00 2.05200005e+00
    2.06800008e+00 2.06800008e+00 2.06800008e+00 2.05100012e+00
    1.48500001e+00 1.05999994e+00 0. 0. 0. 0. 0. 0. 0. 0. 0. 0. 0. 0. 0.
    0. 0. 0. 0. 2.04800010e+00 2.05100012e+00 2.05699992e+00
    2.05800009e+00 2.05599999e+00 2.02399993e+00 2. 2. 1.98500001e+00
    1.95299995e+00 1.94000006e+00 1.93400002e+00 1.93400002e+00
    1.94000006e+00 1.97700000e+00 2.01399994e+00 2.05200005e+00
    2.06800008e+00 2.06800008e+00 2.06800008e+00 2.05100012e+00
    1.46700001e+00 1.02900004e+00 0. 0. 0. 0. 0. 0. 0. 0. 0. 0. 0. 0. 0.
    0. 0. 0. 0. 1.97200000e+00 1.98899996e+00 2.01500010e+00
    2.01900005e+00 2.01900005e+00 2.00799990e+00 2. 2. 1.99500000e+00
    1.98399997e+00 1.96200001e+00 1.93599999e+00 1.93400002e+00
    1.94000006e+00 1.97700000e+00 2.01399994e+00 2.05200005e+00
    2.06800008e+00 2.06800008e+00 2.06800008e+00 2.04999995e+00
    1.44000006e+00 0. 0. 0. 0. 0. 0. 0. 0. 0. 0. 0. 0. 0. 0. 0. 0. 0. 0.
    1.91700006e+00 1.94500005e+00 1.99199998e+00 2. 2. 2. 2. 2. 2. 2.
    1.98099995e+00 1.95400000e+00 1.95200002e+00 1.95599997e+00
    1.98300004e+00 2.00999999e+00 2.03800011e+00 2.05500007e+00
    2.06599998e+00 2.05900002e+00 2.03099990e+00 1.41799998e+00 0. 0. 0.
    0. 0. 0. 0. 0. 0. 0. 0. 0. 0. 0. 0. 0. 0. 0. 1.88100004e+00
    1.92200005e+00 1.98899996e+00 2. 2. 2. 2. 2. 2. 2. 1.99600005e+00
    1.99000001e+00 1.98899996e+00 1.99000001e+00 1.99600005e+00
    2.00200009e+00 2.00900006e+00 2.02999997e+00 2.06200004e+00
    2.04200006e+00 1.99300003e+00 1.40199995e+00 0. 0. 0. 0. 0. 0. 0. 0.
    0. 0. 0. 0. 0. 0. 0. 0. 0. 0. 1.87100005e+00 1.91499996e+00
    1.98800004e+00 2. 2. 2. 2. 2. 2. 2. 2. 2. 2. 2. 2. 2. 2.
    2.02300000e+00 2.06100011e+00 2.03699994e+00 1.98300004e+00
    1.39699996e+00 0. 0. 0. 0. 0. 0. 0. 0. 0. 0. 0. 0. 0. 0. 0. 0. 0. 0.
    1.87100005e+00 1.91499996e+00 1.98800004e+00 2. 2. 2. 2. 2. 2. 2. 2.
    2. 2. 2. 2. 2. 2. 2.02300000e+00 2.06100011e+00 2.03699994e+00
    1.98300004e+00 1.39699996e+00 0. 0. 0. 0. 0. 0. 0. 0. 0. 0. 0. 0. 0.
    0. 0. 0. 0. 0. 1.87100005e+00 1.89199996e+00 1.92700005e+00
    1.93299997e+00 1.93299997e+00 1.93299997e+00 1.93799996e+00
    1.95599997e+00 1.96599996e+00 1.96599996e+00 1.97899997e+00
    1.99899995e+00 2. 2.00300002e+00 2.02300000e+00 2.03600001e+00
    2.03600001e+00 2.04600000e+00 2.06500006e+00 2.03699994e+00
    1.99199998e+00 1.71200001e+00 1.50199997e+00 0. 0. 0. 0. 0. 0. 0. 0.
    0. 0. 0. 0. 0. 0. 0. 0. 0. 1.87100005e+00 1.87100005e+00
    1.87100005e+00 1.87100005e+00 1.87100005e+00 1.87100005e+00
    1.88100004e+00 1.91600001e+00 1.93400002e+00 1.93400002e+00
    1.96000004e+00 1.99699998e+00 2. 2.00600004e+00 2.04399991e+00
    2.06699991e+00 2.06399989e+00 2.05900002e+00 2.05299997e+00
    2.02300000e+00 1.98899996e+00 1.99199998e+00 1.99399996e+00 0. 0. 0.
    0. 0. 0. 0. 0. 0. 0. 0. 0. 0. 0. 0. 0. 0. 1.87100005e+00
    1.87100005e+00 1.87100005e+00 1.87100005e+00 1.87100005e+00
    1.87100005e+00 1.88100004e+00 1.91600001e+00 1.93400002e+00
    1.93400002e+00 1.96000004e+00 1.99699998e+00 2. 2.00600004e+00
    2.04399991e+00 2.05900002e+00 2.03399992e+00 1.99600005e+00
    1.95000005e+00 1.92999995e+00 1.91700006e+00 1.94000006e+00
    1.95700002e+00 0. 0. 0. 0. 0. 0. 0. 0. 0. 0. 0. 0. 0. 0. 0. 0. 0.
    1.87100005e+00 1.87100005e+00 1.87100005e+00 1.87699997e+00
    1.88399994e+00 1.88399994e+00 1.89199996e+00 1.91999996e+00
    1.93400002e+00 1.93400002e+00 1.95500004e+00 1.98399997e+00
    1.97899997e+00 1.97800004e+00 2.00799990e+00 2.01900005e+00
    1.99600005e+00 1.94799995e+00 1.88300002e+00 1.87100005e+00
    1.87199998e+00 1.90699995e+00 1.93400002e+00 0. 0. 0. 0. 0. 0. 0. 0.
    0. 0. 0. 0. 0. 0. 0. 0. 0. 1.87100005e+00 1.87100005e+00
    1.87100005e+00 1.89400005e+00 1.91900003e+00 1.91900003e+00
    1.92200005e+00 1.92999995e+00 1.93400002e+00 1.93400002e+00
    1.94000006e+00 1.94900000e+00 1.92400002e+00 1.90199995e+00
    1.91100001e+00 1.92299998e+00 1.94200003e+00 1.92299998e+00
    1.87899995e+00 1.87100005e+00 1.87199998e+00 1.90699995e+00
    1.93400002e+00 0. 0. 0. 0. 0. 0. 0. 0. 0. 0. 0. 0. 0. 0. 0. 0. 0.
    1.43599999e+00 1.58500004e+00 1.82900000e+00 1.89999998e+00
    1.93299997e+00 1.92200005e+00 1.91299999e+00 1.91299999e+00
    1.92499995e+00 1.94900000e+00 1.93900001e+00 1.91499996e+00
    1.88000000e+00 1.85000002e+00 1.85000002e+00 1.86800003e+00
    1.91499996e+00 1.91999996e+00 1.89600003e+00 1.89199996e+00
