<?xml version="1.0"?>
<opencv_storage>
<Depth type_id="opencv-matrix">
  <rows>40</rows>
  <cols>40</cols>
  <dt>f</dt>
  <data>
    0. 0. 0. 0. 0. 0. 0. 0. 0. 0. 0. 0. 0. 0. 0. 0. 0. 0. 0. 0. 0. 0. 0.
    0. 0. 0. 0. 0. 0. 0. 0. 0. 0. 0. 0. 0. 0. 0. 0. 0. 0. 0. 0. 0. 0. 0.
    0. 0. 0. 0. 0. 0. 0. 0. 0. 0. 0. 0. 0. 0. 0. 0. 0. 0. 0. 0. 0. 0. 0.
    0. 0. 0. 0. 0. 0. 0. 0. 0. 0. 0. 0. 0. 0. 0. 0. 0. 0. 0. 0. 0. 0. 0.
    0. 0. 0. 0. 0. 0. 0. 0. 0. 0. 0. 0. 0. 0. 0. 0. 0. 0. 0. 0. 0. 0. 0.
    0. 0. 0. 0. 0. 0. 0. 0. 0. 0. 0. 0. 0. 0. 0. 0. 0. 0. 0. 0. 0. 0. 0.
    0. 0. 0. 0. 0. 0. 0. 0. 0. 0. 0. 0. 0. 0. 0. 0. 0. 0. 0. 0. 0. 0. 0.
    0. 0. 0. 0. 0. 0. 0. 0. 0. 0. 0. 0. 0. 0. 0. 0. 0. 0. 0. 0. 0. 0. 0.
    0. 0. 0. 0. 0. 0. 0. 0. 0. 0. 0. 0. 0. 0. 0. 0. 0. 0. 0. 0. 0. 0. 0.
    0. 0. 0. 0. 0. 0. 0. 0. 0. 0. 0. 0. 0. 0. 0. 0. 0. 0. 0. 0. 0. 0. 0.
    0. 0. 0. 0. 0. 0. 0. 0. 0. 0. 0. 0. 0. 0. 0. 0. 0. 0. 0. 0. 0. 0. 0.
    0. 0. 0. 0. 0. 0. 0. 0. 0. 0. 0. 0. 0. 0. 0. 0. 0. 0. 0. 0. 0. 0. 0.
    0. 0. 0. 0. 0. 0. 0. 0. 0. 0. 0. 0. 0. 0. 0. 0. 0. 0. 0. 0. 0. 0. 0.
    0. 0. 0. 0. 0. 0. 0. 0. 0. 0. 0. 0. 0. 0. 0. 0. 0. 0. 0. 0. 0. 0. 0.
    0. 0. 0. 0. 0. 0. 0. 0. 0. 0. 0. 0. 0. 0. 0. 0. 0. 0. 0. 0. 0. 0. 0.
    0. 0. 0. 0. 0. 0. 0. 0. 0. 0. 0. 0. 0. 0. 0. 0. 0. 0. 0. 0. 0. 0. 0.
    0. 0. 0. 0. 0. 0. 0. 0. 0. 0. 0. 0. 0. 0. 0. 0. 0. 0. 0. 0. 0. 0. 0.
    0. 0. 0. 0. 0. 0. 0. 0. 0. 0. 0. 0. 0. 0. 0. 0. 0. 0. 0. 0. 0. 0. 0.
    0. 0. 0. 0. 0. 0. 0. 0. 0. 0. 0. 0. 0. 0. 0. 0. 0. 0. 0. 0. 0. 0. 0.
    0. 0. 0. 0. 0. 0. 0. 0. 0. 0. 0. 0. 0. 0. 0. 0. 0. 0. 0. 0. 0. 0. 0.
    0. 0. 0. 0. 0. 0. 0. 0. 0. 0. 0. 0. 0. 0. 0. 0. 0. 0. 0. 0. 0. 0. 0.
    0. 0. 0. 0. 0. 0. 0. 0. 0. 0. 0. 0. 0. 0. 0. 0. 0. 0. 0. 0. 0. 0. 0.
    0. 0. 0. 0. 0. 0. 0. 0. 0. 0. 0. 0. 0. 0. 2.22499990e+00
    2.21499991e+00 2.18600011e+00 2.17700005e+00 2.17700005e+00
    2.17700005e+00 2.16199994e+00 2.12599993e+00 2.11700010e+00
    2.11999989e+00 2.14800000e+00 2.16700006e+00 2.17600012e+00
    2.17700005e+00 2.18400002e+00 2.22300005e+00 2.23499990e+00
    2.22600007e+00 0. 0. 0. 0. 0. 0. 0. 0. 0. 0. 0. 0. 0. 0. 0. 0. 0. 0.
    0. 0. 0. 0. 2.18700004e+00 2.18499994e+00 2.17899990e+00
    2.17700005e+00 2.17700005e+00 2.17700005e+00 2.16199994e+00
    2.12599993e+00 2.11700010e+00 2.11800003e+00 2.12299991e+00
    2.14100003e+00 2.17199993e+00 2.17700005e+00 2.18400002e+00
    2.22300005e+00 2.22199988e+00 2.19000006e+00 1.77199996e+00
    1.43299997e+00 1.43299997e+00 1.43299997e+00 1.43299997e+00 0. 0. 0.
    0. 0. 0. 0. 0. 0. 0. 0. 0. 0. 0. 0. 0. 0. 2.17700005e+00
    2.17700005e+00 2.17700005e+00 2.17700005e+00 2.17700005e+00
    2.17700005e+00 2.16199994e+00 2.12599993e+00 2.11700010e+00
    2.11700010e+00 2.11700010e+00 2.13400006e+00 2.17100000e+00
    2.17700005e+00 2.18099999e+00 2.20199990e+00 2.20000005e+00
    2.17899990e+00 2.12899995e+00 2.08999991e+00 2.08999991e+00
    2.08999991e+00 2.08999991e+00 0. 0. 0. 0. 0. 0. 0. 0. 0. 0. 0. 0. 0.
    0. 0. 0. 0. 2.17700005e+00 2.17700005e+00 2.17700005e+00
    2.17700005e+00 2.17700005e+00 2.17700005e+00 2.16199994e+00
    2.12599993e+00 2.11700010e+00 2.11700010e+00 2.11700010e+00
    2.13400006e+00 2.17100000e+00 2.17700005e+00 2.17700005e+00
    2.17400002e+00 2.17300010e+00 2.17300010e+00 2.10999990e+00
    2.05699992e+00 2.05500007e+00 2.05399990e+00 2.05399990e+00
    2.05399990e+00 2.04299998e+00 2.00999999e+00 1.97599995e+00
    1.94200003e+00 1.90999997e+00 1.88999999e+00 1.88999999e+00 0. 0. 0.
    0. 0. 0. 0. 0. 0. 2.17700005e+00 2.17700005e+00 2.17700005e+00
    2.17700005e+00 2.17700005e+00 2.17700005e+00 2.16199994e+00
    2.12599993e+00 2.11700010e+00 2.11700010e+00 2.11700010e+00
    2.13400006e+00 2.17100000e+00 2.17700005e+00 2.17199993e+00
    2.14800000e+00 2.13599992e+00 2.13599992e+00 2.09299994e+00
    2.05200005e+00 2.02800012e+00 2.01900005e+00 2.01900005e+00
    2.01900005e+00 2.01500010e+00 2.00399995e+00 1.97599995e+00
    1.94200003e+00 1.90999997e+00 1.88999999e+00 1.88999999e+00
    1.25899994e+00 0. 0. 0. 0. 0. 0. 0. 0. 2.17700005e+00 2.17700005e+00
    2.17700005e+00 2.17700005e+00 2.17700005e+00 2.17700005e+00
    2.16700006e+00 2.14000010e+00 2.12599993e+00 2.11700010e+00
    2.11700010e+00 2.12899995e+00 2.15599990e+00 2.16899991e+00
    2.17000008e+00 2.13400006e+00 2.11100006e+00 2.10100007e+00
    2.07699990e+00 2.04900002e+00 2.01300001e+00 2. 2. 2. 2. 2.
    1.98300004e+00 1.95799994e+00 1.92499995e+00 1.90499997e+00
    1.90499997e+00 1.92299998e+00 1.94400001e+00 1.94400001e+00
    1.03699994e+00 0. 0. 1.94400001e+00 1.94400001e+00 1.94400001e+00
    2.17700005e+00 2.17700005e+00 2.17700005e+00 2.17700005e+00
    2.17700005e+00 2.17700005e+00 2.17499995e+00 2.17199993e+00
    2.14599991e+00 2.11700010e+00 2.11700010e+00 2.11899996e+00
    2.12299991e+00 2.15100002e+00 2.17000008e+00 2.13400006e+00
    2.09999990e+00 2.06699991e+00 2.06100011e+00 2.04900002e+00
    2.01300001e+00 2. 2. 2. 2. 2. 1.99699998e+00 1.99199998e+00
    1.95799994e+00 1.93799996e+00 1.93799996e+00 1.94099998e+00
    1.94400001e+00 1.94400001e+00 1.80799997e+00 1.52499998e+00
    1.71500003e+00 1.94400001e+00 1.94400001e+00 1.94400001e+00
    2.41300011e+00 2.20900011e+00 2.20900011e+00 2.19499993e+00
    2.17700005e+00 2.17700005e+00 2.17700005e+00 2.17700005e+00
    2.14899993e+00 2.11700010e+00 2.11700010e+00 2.11700010e+00
    2.11700010e+00 2.14700007e+00 2.17000008e+00 2.13400006e+00
    2.09699988e+00 2.06100011e+00 2.05800009e+00 2.05299997e+00
    2.03600001e+00 2.02900004e+00 2.02900004e+00 2.01200008e+00 2. 2. 2.
    1.99899995e+00 1.98199999e+00 1.96500003e+00 1.94799995e+00
    1.94400001e+00 1.94400001e+00 1.94400001e+00 1.94400001e+00
    1.94400001e+00 1.94400001e+00 1.94400001e+00 1.94400001e+00
    1.94400001e+00 2.72300005e+00 2.35400009e+00 2.33599997e+00
    2.30699992e+00 2.27399993e+00 2.26799989e+00 2.26500010e+00
    2.26500010e+00 2.24000001e+00 2.21099997e+00 2.21099997e+00
    2.21099997e+00 2.21099997e+00 2.24799991e+00 2.26399994e+00
    2.15799999e+00 2.09299994e+00 2.06100011e+00 2.05800009e+00
    2.05800009e+00 2.05800009e+00 2.05800009e+00 2.05800009e+00
    2.02699995e+00 2.00500011e+00 2.00099993e+00 2. 2. 2. 1.98599994e+00
    1.95200002e+00 1.94400001e+00 1.94400001e+00 1.94400001e+00
    1.94400001e+00 1.94400001e+00 1.94400001e+00 1.94400001e+00
    1.94400001e+00 1.94400001e+00 0. 2.98399997e+00 2.86400008e+00
    2.81900001e+00 2.80699992e+00 2.76900005e+00 2.74699998e+00
    2.74699998e+00 2.73900008e+00 2.73000002e+00 2.73000002e+00
    2.73000002e+00 2.73000002e+00 2.80200005e+00 2.78099990e+00
    2.29500008e+00 2.06900001e+00 2.05900002e+00 2.05800009e+00
    2.05800009e+00 2.05800009e+00 2.05800009e+00 2.05800009e+00
    2.04800010e+00 2.03299999e+00 2.00799990e+00 2. 2. 2. 1.98599994e+00
    1.95200002e+00 1.94400001e+00 1.94400001e+00 1.94400001e+00
    1.94400001e+00 1.94400001e+00 1.94400001e+00 1.94400001e+00
    1.94400001e+00 1.94400001e+00 0. 0. 0. 0. 0. 0. 2.99000001e+00
    2.97300005e+00 2.96900010e+00 2.96900010e+00 2.96900010e+00
    2.98499990e+00 0. 0. 2.85100007e+00 1.29900002e+00 1.08500004e+00
    1.99000001e+00 2.07699990e+00 2.07699990e+00 2.07699990e+00
    2.06999993e+00 2.05800009e+00 2.05800009e+00 2.04600000e+00
    2.01099992e+00 2. 2. 2. 1.99100006e+00 1.96800005e+00 1.95400000e+00
    1.94400001e+00 1.94400001e+00 1.94400001e+00 1.94400001e+00
    1.94400001e+00 1.94400001e+00 1.94400001e+00 1.94400001e+00 0. 0. 0.
    0. 0. 0. 0. 2.98099995e+00 2.96900010e+00 2.96900010e+00
    2.96900010e+00 0. 0. 0. 2.54099989e+00 0. 0. 1.86300004e+00
    2.11299992e+00 2.11299992e+00 2.11299992e+00 2.09200001e+00
    2.05900002e+00 2.05800009e+00 2.04600000e+00 2.01099992e+00 2. 2. 2.
    1.99899995e+00 1.99699998e+00 1.97200000e+00 1.94400001e+00
    1.94400001e+00 1.94400001e+00 1.94400001e+00 1.94400001e+00
    1.94400001e+00 1.94400001e+00 1.94400001e+00 0. 0. 0. 0. 0. 0.
    2.99900007e+00 2.97499990e+00 2.94799995e+00 2.92400002e+00
