<?xml version="1.0"?>
<opencv_storage>
<Depth type_id="opencv-matrix">
  <rows>40</rows>
  <cols>40</cols>
  <dt>f</dt>
  <data>
    0. 0. 0. 0. 0. 0. 0. 0. 0. 0. 0. 0. 0. 0. 0. 0. 0. 0. 0. 0. 0. 0. 0.
    0. 0. 0. 0. 0. 0. 0. 0. 0. 0. 0. 0. 0. 0. 0. 0. 0. 0. 0. 0. 0. 0. 0.
    0. 0. 0. 0. 0. 0. 0. 0. 0. 0. 0. 0. 0. 0. 0. 0. 0. 0. 0. 0. 0. 0. 0.
    0. 0. 0. 0. 0. 0. 0. 0. 0. 0. 0. 0. 0. 0. 0. 0. 0. 0. 0. 0. 0. 0. 0.
    0. 0. 0. 0. 0. 0. 0. 0. 0. 0. 0. 0. 0. 0. 0. 0. 0. 0. 0. 0. 0. 0. 0.
    0. 0. 0. 0. 0. 0. 0. 0. 0. 0. 0. 0. 0. 0. 0. 0. 0. 0. 0. 0. 0. 0. 0.
    0. 0. 0. 0. 0. 0. 0. 0. 0. 0. 0. 0. 0. 0. 0. 0. 0. 0. 0. 0. 0. 0. 0.
    0. 0. 0. 0. 0. 0. 0. 0. 0. 0. 0. 0. 0. 0. 0. 0. 0. 0. 0. 0. 0. 0. 0.
    0. 0. 0. 0. 0. 0. 0. 0. 0. 0. 0. 0. 0. 0. 0. 0. 0. 0. 0. 0. 0. 0. 0.
    0. 0. 0. 0. 0. 0. 0. 0. 0. 0. 0. 0. 0. 0. 0. 0. 0. 0. 0. 0. 0. 0. 0.
    0. 0. 0. 0. 0. 0. 0. 0. 0. 0. 0. 0. 0. 0. 0. 0. 0. 0. 0. 0. 0. 0. 0.
    0. 0. 0. 0. 0. 0. 0. 0. 0. 0. 0. 0. 0. 0. 0. 0. 0. 0. 0. 0. 0. 0. 0.
    0. 0. 0. 0. 0. 0. 0. 0. 0. 0. 0. 0. 0. 0. 0. 0. 0. 0. 0. 0. 0. 0. 0.
    0. 0. 0. 0. 0. 0. 0. 0. 0. 0. 0. 0. 0. 0. 0. 0. 0. 0. 0. 0. 0. 0. 0.
    0. 0. 0. 0. 0. 0. 0. 0. 0. 0. 0. 0. 0. 0. 0. 0. 0. 0. 0. 0. 0. 0. 0.
    0. 0. 0. 0. 0. 0. 0. 0. 0. 0. 0. 0. 0. 0. 0. 0. 0. 0. 0. 0. 0. 0. 0.
    0. 0. 0. 0. 0. 0. 0. 0. 0. 0. 0. 0. 0. 0. 0. 0. 0. 0. 0. 0. 0. 0. 0.
    0. 0. 0. 0. 0. 0. 0. 0. 0. 0. 0. 0. 0. 0. 0. 0. 0. 0. 0. 0. 0. 0. 0.
    0. 0. 0. 0. 0. 0. 0. 0. 0. 0. 0. 0. 0. 0. 0. 0. 0. 0. 0. 0. 0. 0. 0.
    0. 0. 0. 0. 0. 0. 0. 0. 0. 0. 0. 0. 0. 0. 0. 0. 0. 0. 0. 0. 0. 0. 0.
    0. 0. 0. 0. 0. 0. 0. 0. 0. 0. 0. 0. 0. 0. 0. 0. 0. 0. 0. 0. 0. 0. 0.
    0. 0. 0. 0. 0. 0. 0. 0. 0. 0. 0. 0. 0. 0. 0. 0. 0. 0. 0. 0. 0. 0. 0.
    0. 0. 0. 0. 0. 0. 0. 0. 0. 0. 0. 0. 0. 0. 2.78999996e+00
    2.78999996e+00 2.78999996e+00 2.78999996e+00 2.78999996e+00
    2.35100007e+00 1.85699999e+00 1.71599996e+00 1.71599996e+00
    1.76199996e+00 1.84800005e+00 1.90199995e+00 1.90199995e+00
    1.90199995e+00 1.90199995e+00 1.90400004e+00 1.99500000e+00
    2.08699989e+00 2.10100007e+00 2.10100007e+00 2.06999993e+00
    2.02399993e+00 2. 2. 2. 2. 2. 2. 2. 2. 2. 1.92999995e+00
    1.84099996e+00 1.80799997e+00 1.80799997e+00 1.84700000e+00
    1.93599999e+00 2.01300001e+00 2.05900002e+00 2.09599996e+00
    2.62100005e+00 2.62100005e+00 2.62100005e+00 2.62100005e+00
    2.62100005e+00 2.25099993e+00 1.83500004e+00 1.71599996e+00
    1.71599996e+00 1.76199996e+00 1.84800005e+00 1.90199995e+00
    1.90199995e+00 1.90199995e+00 1.90199995e+00 1.90400004e+00
    1.99500000e+00 2.08699989e+00 2.09400010e+00 2.08500004e+00
    2.05699992e+00 2.01900005e+00 2. 2. 2. 2. 2. 2. 2. 2. 2.
    1.94299996e+00 1.87199998e+00 1.84399998e+00 1.84399998e+00
    1.87600005e+00 1.94799995e+00 2.00999999e+00 2.04800010e+00
    2.07800007e+00 2.21300006e+00 2.21300006e+00 2.21300006e+00
    2.21300006e+00 2.21300006e+00 2.00999999e+00 1.78100002e+00
    1.71599996e+00 1.71599996e+00 1.76199996e+00 1.84800005e+00
    1.90199995e+00 1.90199995e+00 1.90199995e+00 1.90199995e+00
    1.90400004e+00 1.99500000e+00 2.08699989e+00 2.07599998e+00
    2.04500008e+00 2.02500010e+00 2.00799990e+00 2. 2. 2. 2. 2. 2. 2. 2.
    2. 1.97500002e+00 1.94400001e+00 1.93299997e+00 1.93299997e+00
    1.94700003e+00 1.97700000e+00 2.00399995e+00 2.02099991e+00
    2.03399992e+00 1.90100002e+00 1.89600003e+00 1.89199996e+00
    1.89199996e+00 1.89199996e+00 1.82799995e+00 1.75699997e+00
    1.73599994e+00 1.73599994e+00 1.77800000e+00 1.85399997e+00
    1.90400004e+00 1.90900004e+00 1.91299999e+00 1.91299999e+00
    1.91400003e+00 2.00099993e+00 2.08699989e+00 2.06200004e+00
    2.01500010e+00 2. 2. 2. 2. 2. 2. 2. 2. 2. 2. 2. 2. 2. 2. 2. 2. 2. 2.
    2. 2. 1.89600003e+00 1.87199998e+00 1.84800005e+00 1.84800005e+00
    1.84800005e+00 1.83800006e+00 1.82500005e+00 1.82200003e+00
    1.82200003e+00 1.84200001e+00 1.87899995e+00 1.91100001e+00
    1.93700004e+00 1.95799994e+00 1.95799994e+00 1.95899999e+00
    2.02500010e+00 2.09100008e+00 2.06200004e+00 2.01500010e+00 2. 2. 2.
    2. 2. 2. 2. 2. 2. 2. 2. 2. 2. 2. 2. 2. 2. 2. 2. 1.99800003e+00
    1.89199996e+00 1.84800005e+00 1.80799997e+00 1.80799997e+00
    1.80799997e+00 1.84599996e+00 1.88999999e+00 1.90199995e+00
    1.90199995e+00 1.90199995e+00 1.90199995e+00 1.91799998e+00
    1.96399999e+00 2. 2. 2.00099993e+00 2.04699993e+00 2.09400010e+00
    2.06200004e+00 2.01500010e+00 2. 2. 2. 2. 2. 2. 2. 2. 2. 2. 2. 2. 2.
    2. 2. 2. 2. 2. 2. 1.99600005e+00 1.89199996e+00 1.84800005e+00
    1.80799997e+00 1.80799997e+00 1.80799997e+00 1.84599996e+00
    1.88999999e+00 1.90199995e+00 1.90199995e+00 1.90199995e+00
    1.90199995e+00 1.91799998e+00 1.96399999e+00 2. 2. 2.00099993e+00
    2.04699993e+00 2.09400010e+00 2.06200004e+00 2.01500010e+00 2. 2. 2.
    2. 2. 2. 2. 2. 2. 2. 2. 2. 2. 2. 2. 2. 2. 2. 2. 1.99600005e+00
    1.89199996e+00 1.84800005e+00 1.80799997e+00 1.80799997e+00
    1.80799997e+00 1.84599996e+00 1.88999999e+00 1.90199995e+00
    1.90199995e+00 1.90199995e+00 1.90199995e+00 1.91799998e+00
    1.96399999e+00 2. 2. 2.00099993e+00 2.04699993e+00 2.09400010e+00
    2.06200004e+00 2.01500010e+00 2. 2. 2. 2. 2. 2. 2. 2. 2. 2. 2. 2. 2.
    2. 2. 2. 2. 2. 2. 1.99600005e+00 1.89199996e+00 1.84800005e+00
    1.80799997e+00 1.80799997e+00 1.80799997e+00 1.84599996e+00
    1.88999999e+00 1.90199995e+00 1.90199995e+00 1.90199995e+00
    1.90199995e+00 1.91799998e+00 1.96399999e+00 2. 2. 2.00099993e+00
    2.04699993e+00 2.09400010e+00 2.06200004e+00 2.01500010e+00 2. 2. 2.
    2. 2. 2. 2. 2. 2. 1.98199999e+00 1.96399999e+00 1.96000004e+00
    1.96000004e+00 1.96000004e+00 1.96000004e+00 1.96800005e+00
    1.98699999e+00 2. 2. 1.99600005e+00 1.89199996e+00 1.84800005e+00
    1.80799997e+00 1.80799997e+00 1.80799997e+00 1.84599996e+00
    1.88999999e+00 1.90199995e+00 1.90199995e+00 1.90199995e+00
    1.90199995e+00 1.91799998e+00 1.96399999e+00 2. 2. 2.00099993e+00
    2.04699993e+00 2.09400010e+00 2.06200004e+00 2.01500010e+00 2. 2. 2.
    2. 2. 2. 2. 2. 2. 1.96200001e+00 1.92299998e+00 1.91499996e+00
    1.91499996e+00 1.91499996e+00 1.91499996e+00 1.93200004e+00
    1.97099996e+00 2. 2. 1.99600005e+00 1.89199996e+00 1.84800005e+00
    1.80799997e+00 1.80799997e+00 1.80799997e+00 1.84599996e+00
    1.88999999e+00 1.90199995e+00 1.90199995e+00 1.90199995e+00
    1.90199995e+00 1.91799998e+00 1.96399999e+00 2.00300002e+00
    2.01799989e+00 2.03399992e+00 2.06500006e+00 2.09599996e+00
    2.07500005e+00 2.04399991e+00 2.03299999e+00 2.03299999e+00
    2.03299999e+00 2.03299999e+00 2.03299999e+00 2.03299999e+00
    2.03099990e+00 2.01600003e+00 2. 1.95599997e+00 1.91100001e+00
    1.90199995e+00 1.90199995e+00 1.90199995e+00 1.90199995e+00
    1.92200005e+00 1.96700001e+00 1.99600005e+00 1.98099995e+00
    1.96500003e+00 1.89199996e+00 1.84800005e+00 1.80799997e+00
    1.80799997e+00 1.80799997e+00 1.84599996e+00 1.88999999e+00
    1.90199995e+00 1.90199995e+00 1.90199995e+00 1.90199995e+00
    1.91799998e+00 1.96399999e+00 2.00699997e+00 2.04399991e+00
    2.07999992e+00 2.08999991e+00 2.09899998e+00 2.09299994e+00
    2.08299994e+00 2.07999992e+00 2.07999992e+00 2.07999992e+00
    2.07999992e+00 2.07999992e+00 2.07999992e+00 2.07399988e+00
    2.03800011e+00 2.00099993e+00 1.95599997e+00 1.91100001e+00
    1.90199995e+00 1.90199995e+00 1.90199995e+00 1.90199995e+00
    1.92200005e+00 1.96700001e+00 1.99000001e+00 1.95500004e+00
    1.92200005e+00 1.89199996e+00 1.84800005e+00 1.80799997e+00
    1.80799997e+00 1.80799997e+00 1.84599996e+00 1.88999999e+00
    1.90199995e+00 1.90199995e+00 1.90199995e+00 1.90199995e+00
    1.91799998e+00 1.96399999e+00 2.00900006e+00 2.05500007e+00
    2.10100007e+00 2.10100007e+00 2.10100007e+00 2.10100007e+00
    2.10100007e+00 2.10100007e+00 2.10100007e+00 2.10100007e+00
    2.10100007e+00 2.10100007e+00 2.10100007e+00 2.09400010e+00
    2.04800010e+00 2.00099993e+00 1.95599997e+00 1.91100001e+00
