<?xml version="1.0"?>
<opencv_storage>
<Depth type_id="opencv-matrix">
  <rows>40</rows>
  <cols>40</cols>
  <dt>f</dt>
  <data>
    0. 0. 0. 0. 0. 0. 0. 0. 0. 0. 0. 0. 0. 0. 0. 0. 0. 0. 0. 0. 0. 0. 0.
    0. 0. 0. 0. 0. 0. 0. 0. 0. 0. 0. 0. 0. 0. 0. 0. 0. 0. 0. 0. 0. 0. 0.
    0. 0. 0. 0. 0. 0. 0. 0. 0. 0. 0. 0. 0. 0. 0. 0. 0. 0. 0. 0. 0. 0. 0.
    0. 0. 0. 0. 0. 0. 0. 0. 0. 0. 0. 0. 0. 0. 0. 0. 0. 0. 0. 0. 0. 0. 0.
    0. 0. 0. 0. 0. 0. 0. 0. 0. 0. 0. 0. 0. 0. 0. 0. 0. 0. 0. 0. 0. 0. 0.
    0. 0. 0. 0. 0. 0. 0. 0. 0. 0. 0. 0. 0. 0. 0. 0. 0. 0. 0. 0. 0. 0. 0.
    0. 0. 0. 0. 0. 0. 0. 0. 0. 0. 0. 0. 0. 0. 0. 0. 0. 0. 0. 0. 0. 0. 0.
    0. 0. 0. 0. 0. 0. 0. 0. 0. 0. 0. 0. 0. 0. 0. 0. 0. 0. 0. 0. 0. 0. 0.
    0. 0. 0. 0. 0. 0. 0. 0. 0. 0. 0. 0. 0. 0. 0. 0. 0. 0. 0. 0. 0. 0. 0.
    0. 0. 0. 0. 0. 0. 0. 0. 0. 0. 0. 0. 0. 0. 0. 0. 0. 0. 0. 0. 0. 0. 0.
    0. 0. 0. 0. 0. 0. 0. 0. 0. 0. 0. 0. 0. 0. 0. 0. 0. 0. 0. 0. 0. 0. 0.
    0. 0. 0. 0. 0. 0. 0. 0. 0. 0. 0. 0. 0. 0. 0. 0. 0. 0. 0. 0. 0. 0. 0.
    0. 0. 0. 0. 0. 0. 0. 0. 0. 0. 0. 0. 0. 0. 0. 0. 0. 0. 2.19799995e+00
    2.19899988e+00 2.20300007e+00 0. 0. 2.43600011e+00 0. 0. 0. 0. 0. 0.
    0. 0. 0. 0. 0. 0. 0. 0. 0. 0. 0. 0. 0. 0. 0. 0. 0. 0. 0. 0. 0. 0. 0.
    0. 0. 0. 0. 2.19600010e+00 2.19600010e+00 2.19899988e+00
    2.20000005e+00 2.19700003e+00 2.19600010e+00 2.19000006e+00
    2.17600012e+00 2.16199994e+00 0. 0. 0. 0. 0. 0. 0. 0. 0. 0. 0. 0. 0.
    0. 0. 0. 0. 0. 0. 0. 0. 0. 0. 0. 0. 0. 0. 0. 0. 0. 2.20600009e+00
    2.19199991e+00 2.18899989e+00 2.19300008e+00 2.19000006e+00
    2.18499994e+00 2.18499994e+00 2.17400002e+00 2.15100002e+00
    2.13599992e+00 2.12500000e+00 1.23199999e+00 0. 0. 0. 0. 0. 0. 0. 0.
    0. 0. 0. 0. 0. 0. 0. 0. 0. 0. 0. 0. 0. 0. 0. 0. 0. 0. 0.
    1.96300006e+00 2.19600010e+00 2.18000007e+00 2.15599990e+00
    2.13000011e+00 2.12599993e+00 1.50300002e+00 1.22899997e+00
    2.15400004e+00 2.15199995e+00 2.11700010e+00 2.09999990e+00
    2.08599997e+00 2.08500004e+00 0. 0. 0. 0. 0. 0. 0. 0. 0. 0. 0. 0. 0.
    0. 0. 0. 0. 0. 0. 0. 0. 0. 0. 0. 0. 0. 2.21199989e+00 2.18799996e+00
    2.17600012e+00 2.14800000e+00 2.11299992e+00 2.09500003e+00
    2.00099993e+00 1.22899997e+00 1.22899997e+00 1.22899997e+00
    2.07399988e+00 2.06599998e+00 2.05900002e+00 2.05599999e+00
    2.01399994e+00 2.01200008e+00 2.00999999e+00 1.22899997e+00 0. 0. 0.
    0. 0. 0. 0. 0. 0. 0. 0. 0. 0. 0. 0. 0. 0. 0. 0. 0. 0. 0.
    2.20700002e+00 2.17899990e+00 2.16199994e+00 2.11899996e+00
    2.10700011e+00 2.06699991e+00 2.06100011e+00 2.05200005e+00
    1.22899997e+00 1.49399996e+00 2.06699991e+00 2.05599999e+00
    2.03900003e+00 2.02900004e+00 2.01200008e+00 2.00799990e+00
    2.00300002e+00 2. 0. 0. 0. 0. 0. 0. 0. 0. 0. 0. 0. 0. 0. 0. 0. 0. 0.
    0. 0. 0. 0. 0. 2.11899996e+00 2.18000007e+00 2.15599990e+00
    2.11199999e+00 2.09699988e+00 2.05800009e+00 2.00699997e+00
    1.99600005e+00 1.99600005e+00 1.99500000e+00 2.02500010e+00
    2.02999997e+00 2.03399992e+00 2.02099991e+00 2.00999999e+00
    2.00399995e+00 2.00300002e+00 2.00200009e+00 0. 0. 0. 0. 0. 0. 0. 0.
    0. 0. 0. 0. 0. 0. 0. 0. 0. 0. 0. 0. 0. 0. 1.46099997e+00
    2.18099999e+00 2.12800002e+00 2.10599995e+00 2.06500006e+00
    2.04800010e+00 2.00500011e+00 1.99399996e+00 1.99500000e+00
    1.99399996e+00 1.99699998e+00 2.00099993e+00 1.99899995e+00
    2.00200009e+00 2.00300002e+00 2.00300002e+00 2.00500011e+00
    2.00500011e+00 0. 0. 0. 0. 0. 0. 0. 0. 0. 0. 0. 0. 0. 0. 0. 0. 0. 0.
    0. 0. 0. 0. 2.21399999e+00 2.18400002e+00 2.15400004e+00
    2.10800004e+00 2.06399989e+00 2.04200006e+00 2.02200007e+00
    1.99500000e+00 1.99500000e+00 1.99699998e+00 2. 2. 2.00200009e+00
    2.00200009e+00 2.00300002e+00 2.00300002e+00 2.00500011e+00
    2.00300002e+00 0. 0. 0. 0. 0. 0. 0. 0. 0. 0. 0. 0. 0. 0. 0. 0. 0. 0.
    0. 0. 0. 0. 2.20600009e+00 2.18000007e+00 2.15100002e+00
    2.10999990e+00 2.06299996e+00 2.03900003e+00 2.01699996e+00
    1.99500000e+00 1.99500000e+00 1.99800003e+00 1.99899995e+00 2.
    2.00200009e+00 2.00300002e+00 2.00500011e+00 2.00500011e+00
    2.00600004e+00 2.00600004e+00 0. 0. 0. 0. 0. 0. 0. 0. 0. 0. 0. 0. 0.
    0. 0. 0. 0. 0. 0. 0. 0. 0. 2.21300006e+00 2.18400002e+00
    2.16199994e+00 2.10800004e+00 2.06599998e+00 2.03900003e+00
    2.01699996e+00 1.99800003e+00 1.99600005e+00 1.99800003e+00 2.
    2.00200009e+00 2.00300002e+00 2.00500011e+00 2.00500011e+00
    2.00699997e+00 2.00699997e+00 2.00699997e+00 0. 0. 0. 0. 0. 0. 0. 0.
    0. 0. 0. 0. 0. 0. 0. 0. 0. 0. 0. 0. 0. 0. 2.21000004e+00
    2.18799996e+00 2.15799999e+00 2.10800004e+00 2.10700011e+00
    2.03699994e+00 2.01600003e+00 1.99899995e+00 1.99800003e+00
    1.99800003e+00 2.00200009e+00 2.00300002e+00 2.00500011e+00
    2.00500011e+00 2.00500011e+00 2.00600004e+00 2.00900006e+00
    2.00999999e+00 0. 0. 0. 0. 0. 0. 0. 0. 0. 0. 0. 0. 0. 0. 0. 0. 0. 0.
    0. 0. 0. 0. 2.21000004e+00 2.18199992e+00 2.15700006e+00
    2.12199998e+00 2.06500006e+00 2.03800011e+00 2.01699996e+00 2. 2. 2.
    2.00500011e+00 2.00500011e+00 2.00699997e+00 2.00699997e+00
    2.00699997e+00 2.00799990e+00 2.00900006e+00 2.00200009e+00 0. 0. 0.
    0. 0. 0. 0. 0. 0. 0. 0. 0. 0. 0. 0. 0. 0. 0. 0. 0. 0. 0.
    2.20700002e+00 2.18000007e+00 2.13299990e+00 2.11500001e+00
    2.06599998e+00 2.03600001e+00 2.01799989e+00 2.00300002e+00
    2.00099993e+00 2.00300002e+00 2.00500011e+00 2.00699997e+00
    2.00699997e+00 2.00699997e+00 2.00900006e+00 2.00999999e+00
    2.00999999e+00 1.64699996e+00 0. 0. 0. 0. 0. 0. 0. 0. 0. 0. 0. 0. 0.
    0. 0. 0. 0. 0. 0. 0. 0. 0. 2.20600009e+00 2.18700004e+00
    2.13100004e+00 2.11500001e+00 2.06699991e+00 2.03600001e+00
    2.01900005e+00 2.00300002e+00 2.00500011e+00 2.00500011e+00
    2.00699997e+00 2.00699997e+00 2.00900006e+00 2.00900006e+00
    2.00999999e+00 2.01200008e+00 2.01399994e+00 2.01399994e+00 0. 0. 0.
    0. 0. 0. 0. 0. 0. 0. 0. 0. 0. 0. 0. 0. 0. 0. 0. 0. 0. 0.
    2.21399999e+00 2.18799996e+00 2.13199997e+00 2.11500001e+00
    2.07200003e+00 2.03600001e+00 2.01099992e+00 2.00500011e+00
    2.00500011e+00 2.00600004e+00 2.00699997e+00 2.00900006e+00
    2.00999999e+00 2.01099992e+00 2.01200008e+00 2.01300001e+00
    2.01399994e+00 1.68700004e+00 0. 0. 0. 0. 0. 0. 0. 0. 0. 0. 0. 0. 0.
    0. 0. 0. 0. 0. 0. 0. 0. 0. 2.21399999e+00 2.18899989e+00
    2.12899995e+00 2.11700010e+00 2.06900001e+00 2.03699994e+00
    2.00699997e+00 2.00500011e+00 2.00699997e+00 2.00699997e+00
    2.00900006e+00 2.01200008e+00 2.01200008e+00 2.01200008e+00
    2.01200008e+00 2.01399994e+00 2.01399994e+00 1.22899997e+00 0. 0. 0.
    0. 0. 0. 0. 0. 0. 0. 0. 0. 0. 0. 0. 0. 0. 0. 0. 0. 0. 0.
    2.21300006e+00 2.18799996e+00 2.17199993e+00 2.11800003e+00
    2.06900001e+00 2.03299999e+00 2.00999999e+00 2.00699997e+00
    2.00699997e+00 2.00900006e+00 2.01099992e+00 2.01200008e+00
    2.01200008e+00 2.01300001e+00 2.01399994e+00 2.01600003e+00
    2.01799989e+00 1.22899997e+00 0. 0. 0. 0. 0. 0. 0. 0. 0. 0. 0. 0. 0.
    0. 0. 0. 0. 0. 0. 0. 0. 0. 2.21700001e+00 2.19400001e+00
    2.14000010e+00 2.12500000e+00 2.07200003e+00 2.03500009e+00
    2.00900006e+00 2.00900006e+00 2.00900006e+00 2.01200008e+00
    2.01200008e+00 2.01300001e+00 2.01399994e+00 2.01399994e+00
    2.01399994e+00 2.01600003e+00 2.01900005e+00 1.22899997e+00 0. 0. 0.
    0. 0. 0. 0. 0. 0. 0. 0. 0. 0. 0. 0. 0. 0. 0. 0. 0. 0. 0.
    2.21600008e+00 2.18899989e+00 2.13599992e+00 2.12400007e+00
    2.06800008e+00 2.03800011e+00 2.01200008e+00 2.00999999e+00
    2.00900006e+00 2.01200008e+00 2.01200008e+00 2.01399994e+00
    2.01600003e+00 2.01600003e+00 2.01799989e+00 2.01900005e+00
    2.01900005e+00 1.22899997e+00 0. 0. 0. 0. 0. 0. 0. 0. 0. 0. 0. 0. 0.
    0. 0. 0. 0. 0. 0. 0. 0. 0. 2.22000003e+00 2.18700004e+00
    2.13599992e+00 2.09699988e+00 2.07500005e+00 2.03900003e+00
    2.01200008e+00 2.01099992e+00 2.00999999e+00 2.01399994e+00
    2.01399994e+00 2.01399994e+00 2.01600003e+00 2.01699996e+00
    2.01799989e+00 2.01900005e+00 2.02099991e+00 1.22899997e+00 0. 0. 0.
