<?xml version="1.0"?>
<opencv_storage>
<Depth type_id="opencv-matrix">
  <rows>40</rows>
  <cols>40</cols>
  <dt>f</dt>
  <data>
    0. 0. 0. 0. 0. 0. 0. 0. 0. 0. 0. 0. 0. 0. 0. 0. 0. 0. 0. 0. 0. 0. 0.
    0. 0. 0. 0. 0. 0. 0. 0. 0. 0. 0. 0. 0. 0. 0. 0. 0. 0. 0. 0. 0. 0. 0.
    0. 0. 0. 0. 0. 0. 0. 0. 0. 0. 0. 0. 0. 0. 0. 0. 0. 0. 0. 0. 0. 0. 0.
    0. 0. 0. 0. 0. 0. 0. 0. 0. 0. 0. 0. 0. 0. 0. 0. 0. 0. 0. 0. 0. 0. 0.
    0. 0. 0. 0. 0. 0. 0. 0. 0. 0. 0. 0. 0. 0. 0. 0. 0. 0. 0. 0. 0. 0. 0.
    0. 0. 0. 0. 0. 0. 0. 0. 0. 0. 0. 0. 0. 0. 0. 0. 0. 0. 0. 0. 0. 0. 0.
    0. 0. 0. 0. 0. 0. 0. 0. 0. 0. 0. 0. 0. 0. 0. 0. 0. 0. 0. 0. 0. 0. 0.
    0. 0. 0. 0. 0. 0. 0. 0. 0. 0. 0. 0. 0. 0. 0. 0. 0. 0. 0. 0. 0. 0. 0.
    0. 0. 0. 0. 0. 0. 0. 0. 0. 0. 0. 0. 0. 0. 0. 0. 0. 0. 0. 0. 0. 0. 0.
    0. 0. 0. 0. 0. 0. 0. 0. 0. 0. 0. 0. 0. 0. 0. 0. 0. 0. 0. 0. 0. 0. 0.
    0. 0. 0. 0. 0. 0. 0. 0. 0. 0. 0. 0. 0. 0. 0. 0. 0. 0. 0. 0. 0. 0. 0.
    0. 0. 0. 0. 0. 0. 0. 0. 0. 0. 0. 0. 0. 0. 0. 0. 0. 0. 0. 0. 0. 0. 0.
    0. 0. 0. 0. 0. 0. 0. 0. 0. 0. 0. 0. 0. 0. 0. 0. 0. 0. 0. 0. 0. 0. 0.
    0. 0. 0. 0. 0. 0. 0. 0. 0. 0. 0. 0. 0. 0. 0. 0. 0. 0. 0. 0. 0. 0. 0.
    0. 0. 0. 0. 0. 0. 0. 0. 0. 0. 0. 0. 0. 0. 0. 0. 0. 0. 0. 0. 0. 0. 0.
    0. 0. 0. 0. 0. 0. 0. 0. 0. 0. 0. 0. 0. 0. 0. 0. 0. 0. 0. 0. 0. 0. 0.
    0. 0. 0. 0. 0. 0. 0. 0. 0. 0. 0. 0. 0. 0. 0. 0. 0. 0. 0. 0. 0. 0. 0.
    0. 0. 0. 0. 0. 0. 0. 0. 0. 0. 0. 0. 0. 0. 0. 0. 0. 0. 0. 0. 0. 0. 0.
    0. 0. 0. 0. 0. 0. 0. 0. 0. 0. 0. 0. 0. 0. 0. 0. 0. 0. 0. 0. 0. 0. 0.
    0. 0. 0. 0. 0. 0. 0. 0. 0. 0. 0. 0. 0. 0. 0. 0. 0. 0. 0. 0. 0. 0. 0.
    0. 0. 0. 0. 0. 0. 0. 0. 0. 0. 0. 0. 0. 0. 0. 0. 0. 0. 0. 0. 0.
    2.55599999e+00 2. 2. 2. 2. 2. 2.06699991e+00 2.16300011e+00
    2.18899989e+00 2.14100003e+00 2.10500002e+00 2.10500002e+00
    2.10200000e+00 2.05500007e+00 2.00699997e+00 2. 2. 2. 2. 2. 2. 2. 2.
    2. 2. 2. 2. 2. 2. 2. 2. 2. 2. 2. 2. 2. 2. 2. 2. 2.99300003e+00
    2.46399999e+00 2. 2. 2. 2. 2. 2.06100011e+00 2.14899993e+00
    2.17400002e+00 2.13400006e+00 2.10500002e+00 2.10500002e+00
    2.10200000e+00 2.05500007e+00 2.00699997e+00 2. 2. 2. 2. 2. 2. 2. 2.
    2. 2. 2. 2. 2. 2. 2. 2. 2. 2. 2. 2. 2. 2. 2. 2. 2.49600005e+00
    2.23200011e+00 2. 2. 2. 2. 2. 2.04600000e+00 2.11100006e+00
    2.13599992e+00 2.11800003e+00 2.10500002e+00 2.10500002e+00
    2.10200000e+00 2.05500007e+00 2.00699997e+00 2. 2. 2. 2. 2. 2. 2. 2.
    2. 2. 2. 2. 2. 2. 2. 2. 2. 2. 2. 2. 2. 2. 2. 2. 2.08999991e+00
    2.04699993e+00 2.00799990e+00 2.00399995e+00 2. 2. 2. 2.03299999e+00
    2.08100009e+00 2.10500002e+00 2.10500002e+00 2.10400009e+00
    2.09999990e+00 2.09400010e+00 2.04999995e+00 2.00699997e+00 2. 2. 2.
    2. 2. 2. 2. 2. 2. 2. 2. 2. 2. 2. 2. 2. 2. 2. 2. 2. 2. 2. 2. 2.
    2.09800005e+00 2.07599998e+00 2.05299997e+00 2.02800012e+00
    2.00200009e+00 2. 2. 2.03299999e+00 2.08100009e+00 2.10500002e+00
    2.10500002e+00 2.09800005e+00 2.07299995e+00 2.04800010e+00
    2.02500010e+00 2.00300002e+00 2. 2. 2. 2. 2. 2. 2. 2. 2. 2. 2. 2. 2.
    2. 2. 2. 2. 2. 2. 2. 2. 2. 2. 2. 2.10500002e+00 2.10400009e+00
    2.09800005e+00 2.05100012e+00 2.00399995e+00 2. 2. 2.03299999e+00
    2.08100009e+00 2.10500002e+00 2.10500002e+00 2.09200001e+00
    2.04500008e+00 2.00099993e+00 2.00099993e+00 2. 2. 2. 2. 2. 2. 2. 2.
    2. 2. 2. 2. 2. 2. 2. 2. 2. 2. 2. 2. 2. 2. 2. 2. 2. 2.09800005e+00
    2.07699990e+00 2.05599999e+00 2.02900004e+00 2.00200009e+00
    2.01900005e+00 2.03999996e+00 2.06500006e+00 2.09100008e+00
    2.10500002e+00 2.10500002e+00 2.09200001e+00 2.04500008e+00 2. 2. 2.
    2. 2. 2. 2. 2. 2. 2. 2. 2. 2. 2. 2. 2. 2. 2. 2. 2. 2. 2. 2.
    1.98099995e+00 1.96099997e+00 1.95599997e+00 1.95599997e+00
    2.09100008e+00 2.04900002e+00 2.01099992e+00 2.00600004e+00 2.
    2.03800011e+00 2.08100009e+00 2.09699988e+00 2.10200000e+00
    2.10500002e+00 2.10500002e+00 2.09200001e+00 2.04500008e+00 2. 2. 2.
    2. 2. 2. 2. 2. 2. 2. 2. 2. 2. 2. 2. 2. 2. 2. 2. 2. 2. 2. 2.
    1.96200001e+00 1.92100000e+00 1.90999997e+00 1.90999997e+00
    2.08899999e+00 2.04200006e+00 2. 2. 2. 2.04299998e+00 2.09100008e+00
    2.10500002e+00 2.10500002e+00 2.10500002e+00 2.10500002e+00
    2.09200001e+00 2.04500008e+00 2. 2. 2. 2. 2. 2. 2. 2. 2. 2. 2. 2. 2.
    2. 2. 2. 2. 2. 2. 2. 2. 2. 2. 1.95700002e+00 1.91100001e+00
    1.89900005e+00 1.89900005e+00 2.08899999e+00 2.04200006e+00 2. 2. 2.
    2.04299998e+00 2.09100008e+00 2.10500002e+00 2.10500002e+00
    2.10500002e+00 2.10500002e+00 2.09200001e+00 2.04500008e+00 2. 2. 2.
    2. 2. 2. 2. 2. 2. 2. 2. 2. 2. 2. 2. 2. 2. 2. 2. 2. 2. 2. 2.
    1.95700002e+00 1.91100001e+00 1.89900005e+00 1.89900005e+00
    2.09299994e+00 2.05699992e+00 2.02600002e+00 2.02600002e+00
    2.02600002e+00 2.05800009e+00 2.09400010e+00 2.10500002e+00
    2.10500002e+00 2.10500002e+00 2.10500002e+00 2.08899999e+00
    2.02999997e+00 1.97500002e+00 1.97500002e+00 1.97500002e+00
    1.97500002e+00 1.97500002e+00 1.97500002e+00 1.97500002e+00
    1.98000002e+00 1.99100006e+00 2. 2. 2. 2. 2. 2. 2. 2. 2. 2. 2. 2. 2.
    2. 1.96800005e+00 1.93299997e+00 1.92400002e+00 1.92400002e+00
    2.09999990e+00 2.08599997e+00 2.07299995e+00 2.07299995e+00
    2.07299995e+00 2.08599997e+00 2.10100007e+00 2.10500002e+00
    2.10500002e+00 2.10500002e+00 2.10500002e+00 2.08299994e+00
    2.00399995e+00 1.92900002e+00 1.92900002e+00 1.92900002e+00
    1.92900002e+00 1.92900002e+00 1.92900002e+00 1.92900002e+00
    1.94299996e+00 1.97500002e+00 2. 2. 2. 2. 2. 2. 2. 2. 2. 2. 2. 2. 2.
    2. 1.98699999e+00 1.97300005e+00 1.97000003e+00 1.97000003e+00
    2.10500002e+00 2.10500002e+00 2.10400009e+00 2.09699988e+00
    2.08999991e+00 2.08899999e+00 2.08899999e+00 2.09400010e+00
    2.10100007e+00 2.10500002e+00 2.10500002e+00 2.07999992e+00
    1.98699999e+00 1.89900005e+00 1.89900005e+00 1.89900005e+00
    1.89900005e+00 1.89900005e+00 1.89900005e+00 1.89900005e+00
    1.91799998e+00 1.96399999e+00 2. 2. 2. 2. 2. 2. 2. 2.00399995e+00
    2.01099992e+00 2.01600003e+00 2.01600003e+00 2.01600003e+00
    2.01600003e+00 2.01600003e+00 2.00900006e+00 2.00200009e+00 2. 2.
    2.10500002e+00 2.10500002e+00 2.10200000e+00 2.07299995e+00
    2.04399991e+00 2.04200006e+00 2.04200006e+00 2.06200004e+00
    2.08999991e+00 2.10500002e+00 2.10500002e+00 2.07999992e+00
    1.98699999e+00 1.89900005e+00 1.89900005e+00 1.89900005e+00
    1.89900005e+00 1.89900005e+00 1.89900005e+00 1.89900005e+00
    1.91799998e+00 1.96399999e+00 2. 2. 2. 2. 2. 2. 2. 2.01600003e+00
    2.04500008e+00 2.06299996e+00 2.06299996e+00 2.06299996e+00
    2.06299996e+00 2.06299996e+00 2.03600001e+00 2.00799990e+00 2. 2.
    2.10500002e+00 2.10500002e+00 2.09899998e+00 2.05200005e+00
    2.00399995e+00 2. 2. 2.03299999e+00 2.08100009e+00 2.10500002e+00
    2.10500002e+00 2.07999992e+00 1.98699999e+00 1.89900005e+00
    1.89900005e+00 1.89900005e+00 1.89900005e+00 1.89900005e+00
    1.89900005e+00 1.89900005e+00 1.91799998e+00 1.96399999e+00 2. 2. 2.
    2. 2. 2. 2. 2.02699995e+00 2.07500005e+00 2.10500002e+00
    2.10500002e+00 2.10500002e+00 2.10500002e+00 2.10500002e+00
    2.05999994e+00 2.01300001e+00 2. 2. 0. 0. 0. 0. 0. 0. 0. 0. 0. 0. 0.
    0. 0. 0. 0. 0. 0. 0. 0. 0. 0. 0. 0. 0. 0. 0. 0. 0. 0. 0. 0. 0. 0. 0.
    0. 0. 0. 0. 0. 0. 0. 0. 0. 0. 0. 0. 0. 0. 0. 0. 0. 0. 0. 0. 0. 0. 0.
    0. 0. 0. 0. 0. 0. 0. 0. 0. 0. 0. 0. 0. 0. 0. 0. 0. 0. 0. 0. 0. 0. 0.
    0. 0. 0. 0. 0. 0. 0. 0. 0. 0. 0. 0. 0. 0. 0. 0. 0. 0. 0. 0. 0. 0. 0.
    0. 0. 0. 0. 0. 0. 0. 0. 0. 0. 0. 0. 0. 0. 0. 0. 0. 0. 0. 0. 0. 0. 0.
    0. 0. 0. 0. 0. 0. 0. 0. 0. 0. 0. 0. 0. 0. 0. 0. 0. 0. 0. 0. 0. 0. 0.
    0. 0. 0. 0. 0. 0. 0. 0. 0. 0. 0. 0. 0. 0. 0. 0. 0. 0. 0. 0. 0. 0. 0.
    0. 0. 0. 0. 0. 0. 0. 0. 0. 0. 0. 0. 0. 0. 0. 0. 0. 0. 0. 0. 0. 0. 0.
    0. 0. 0. 0. 0. 0. 0. 0. 0. 0. 0. 0. 0. 0. 0. 0. 0. 0. 0. 0. 0. 0. 0.
    0. 0. 0. 0. 0. 0. 0. 0. 0. 0. 0. 0. 0. 0. 0. 0. 0. 0. 0. 0. 0. 0. 0.
    0. 0. 0. 0. 0. 0. 0. 0. 0. 0. 0. 0. 0. 0. 0. 0. 0. 0. 0. 0. 0. 0. 0.
