<?xml version="1.0"?>
<opencv_storage>
<Depth type_id="opencv-matrix">
  <rows>40</rows>
  <cols>40</cols>
  <dt>f</dt>
  <data>
    0. 0. 0. 0. 0. 0. 0. 0. 0. 0. 0. 0. 0. 0. 0. 0. 0. 0. 0. 0. 0. 0. 0.
    0. 0. 0. 0. 0. 0. 0. 0. 0. 0. 0. 0. 0. 0. 0. 0. 0. 0. 0. 0. 0. 0. 0.
    0. 0. 0. 0. 0. 0. 0. 0. 0. 0. 0. 0. 0. 0. 0. 0. 0. 0. 0. 0. 0. 0. 0.
    0. 0. 0. 0. 0. 0. 0. 0. 0. 0. 0. 0. 0. 0. 0. 0. 0. 0. 0. 0. 0. 0. 0.
    0. 0. 0. 0. 0. 0. 0. 0. 0. 0. 0. 0. 0. 0. 0. 0. 0. 0. 0. 0. 0. 0. 0.
    0. 0. 0. 0. 0. 0. 0. 0. 0. 0. 0. 0. 0. 0. 0. 0. 0. 0. 0. 0. 0. 0. 0.
    0. 0. 0. 0. 0. 0. 0. 0. 0. 0. 0. 0. 0. 0. 0. 0. 0. 0. 0. 0. 0. 0. 0.
    0. 0. 0. 0. 0. 0. 0. 0. 0. 0. 0. 0. 0. 0. 0. 0. 0. 0. 0. 0. 0. 0. 0.
    0. 0. 0. 0. 0. 0. 0. 0. 0. 0. 0. 0. 0. 0. 0. 0. 0. 0. 0. 0. 0. 0. 0.
    0. 0. 0. 0. 0. 0. 0. 0. 0. 0. 0. 0. 0. 0. 0. 0. 0. 0. 0. 0. 0. 0. 0.
    0. 0. 0. 0. 0. 0. 0. 0. 0. 0. 0. 0. 0. 0. 0. 0. 0. 0. 0. 0. 0. 0. 0.
    0. 0. 0. 0. 0. 0. 0. 0. 0. 0. 0. 0. 0. 0. 0. 0. 0. 0. 0. 0. 0. 0. 0.
    0. 0. 0. 0. 0. 0. 0. 0. 0. 0. 0. 0. 0. 0. 0. 0. 0. 0. 0. 0. 0. 0. 0.
    0. 0. 0. 0. 0. 0. 0. 0. 0. 0. 0. 0. 0. 0. 0. 0. 0. 0. 0. 0. 0. 0. 0.
    0. 0. 0. 0. 0. 0. 0. 0. 0. 0. 0. 0. 0. 0. 0. 0. 0. 0. 0. 0. 0. 0. 0.
    0. 0. 0. 0. 0. 0. 0. 0. 0. 0. 0. 0. 0. 0. 0. 0. 0. 0. 0. 0. 0. 0. 0.
    0. 0. 0. 0. 0. 0. 0. 0. 0. 0. 0. 0. 0. 0. 0. 0. 0. 0. 0. 0. 0. 0. 0.
    0. 0. 0. 0. 0. 0. 0. 0. 0. 0. 0. 0. 0. 0. 0. 0. 0. 0. 0. 0. 0. 0. 0.
    0. 0. 0. 0. 0. 0. 0. 0. 0. 0. 0. 0. 0. 0. 0. 0. 0. 0. 0. 0. 0. 0. 0.
    0. 0. 0. 0. 0. 0. 0. 0. 0. 0. 0. 0. 0. 0. 0. 0. 0. 0. 0. 0. 0. 0. 0.
    0. 0. 0. 0. 0. 0. 0. 0. 0. 0. 0. 0. 0. 0. 0. 0. 0. 0. 0. 0. 0. 0. 0.
    0. 0. 0. 0. 0. 0. 0. 0. 0. 0. 0. 0. 0. 0. 0. 0. 0. 0. 0. 0. 0. 0. 0.
    0. 0. 0. 0. 0. 0. 0. 0. 0. 0. 0. 0. 0. 0. 2. 2. 2. 2. 2.04200006e+00
    2.08800006e+00 2.09800005e+00 2.09800005e+00 2.09800005e+00
    2.09800005e+00 2.09800005e+00 2.09800005e+00 2.09800005e+00
    2.09800005e+00 2.09800005e+00 2.09800005e+00 2.09800005e+00
    2.09800005e+00 2.09800005e+00 2.09800005e+00 2.09800005e+00
    2.09800005e+00 2.09800005e+00 2.06699991e+00 2.02099991e+00
    1.97700000e+00 1.93299997e+00 1.90600002e+00 1.90600002e+00
    1.90600002e+00 1.90600002e+00 1.90600002e+00 1.90600002e+00
    1.90600002e+00 1.90600002e+00 1.90600002e+00 1.94299996e+00
    1.98699999e+00 2.03200006e+00 2.07800007e+00 1.98899996e+00
    1.98099995e+00 1.98099995e+00 1.98099995e+00 2.01399994e+00
    2.05100012e+00 2.05900002e+00 2.05900002e+00 2.06500006e+00
    2.07399988e+00 2.07800007e+00 2.07800007e+00 2.08200002e+00
    2.09100008e+00 2.09800005e+00 2.09800005e+00 2.09699988e+00
    2.08800006e+00 2.07900000e+00 2.07800007e+00 2.07800007e+00
    2.08599997e+00 2.09500003e+00 2.06699991e+00 2.02099991e+00
    1.98099995e+00 1.94599998e+00 1.92100000e+00 1.91299999e+00
    1.90600002e+00 1.90600002e+00 1.90600002e+00 1.90600002e+00
    1.90600002e+00 1.90600002e+00 1.90600002e+00 1.94299996e+00
    1.98699999e+00 2.03200006e+00 2.07800007e+00 1.96500003e+00
    1.93700004e+00 1.93700004e+00 1.93700004e+00 1.95099998e+00
    1.96599996e+00 1.96899998e+00 1.96899998e+00 1.98800004e+00
    2.01799989e+00 2.03200006e+00 2.03200006e+00 2.04399991e+00
    2.07399988e+00 2.09800005e+00 2.09800005e+00 2.09500003e+00
    2.06500006e+00 2.03399992e+00 2.03200006e+00 2.03200006e+00
    2.05699992e+00 2.08800006e+00 2.06699991e+00 2.02099991e+00
    1.99199998e+00 1.97800004e+00 1.95700002e+00 1.92799997e+00
    1.90600002e+00 1.90600002e+00 1.90600002e+00 1.90600002e+00
    1.90600002e+00 1.90600002e+00 1.90600002e+00 1.94299996e+00
    1.98699999e+00 2.03200006e+00 2.07800007e+00 1.94799995e+00
    1.90600002e+00 1.90600002e+00 1.90600002e+00 1.90600002e+00
    1.90600002e+00 1.90600002e+00 1.90600002e+00 1.92999995e+00
    1.96800005e+00 1.98699999e+00 1.98699999e+00 2.00399995e+00
    2.04900002e+00 2.08500004e+00 2.08500004e+00 2.08100009e+00
    2.04200006e+00 2.00200009e+00 2. 2. 2.03200006e+00 2.07200003e+00
    2.05800009e+00 2.01799989e+00 2. 2. 1.98500001e+00 1.94700003e+00
    1.91900003e+00 1.91900003e+00 1.91900003e+00 1.91900003e+00
    1.91900003e+00 1.91900003e+00 1.91900003e+00 1.95599997e+00 2.
    2.04099989e+00 2.08100009e+00 1.94799995e+00 1.90600002e+00
    1.90600002e+00 1.90600002e+00 1.90600002e+00 1.90600002e+00
    1.90600002e+00 1.90600002e+00 1.91700006e+00 1.93400002e+00
    1.94299996e+00 1.94299996e+00 1.95899999e+00 2.00399995e+00
    2.03900003e+00 2.03900003e+00 2.03699994e+00 2.01900005e+00
    2.00099993e+00 2. 2. 2.01500010e+00 2.03299999e+00 2.02699995e+00
    2.00799990e+00 2. 2. 1.99300003e+00 1.97599995e+00 1.96300006e+00
    1.96300006e+00 1.96300006e+00 1.96300006e+00 1.96300006e+00
    1.96300006e+00 1.96300006e+00 2.00099993e+00 2.04600000e+00
    2.07200003e+00 2.08999991e+00 1.95099998e+00 1.91299999e+00
    1.90900004e+00 1.90600002e+00 1.90600002e+00 1.90600002e+00
    1.90600002e+00 1.90600002e+00 1.90600002e+00 1.90600002e+00
    1.90600002e+00 1.90600002e+00 1.92200005e+00 1.96599996e+00 2. 2. 2.
    2. 2. 2. 2. 2. 2. 2. 2. 2. 2. 2. 2. 2. 2. 2. 2. 2. 2. 2.
    2.03900003e+00 2.08500004e+00 2.09800005e+00 2.09800005e+00
    1.97599995e+00 1.95599997e+00 1.93200004e+00 1.90799999e+00
    1.90600002e+00 1.90600002e+00 1.90600002e+00 1.90600002e+00
    1.90600002e+00 1.90600002e+00 1.90600002e+00 1.90600002e+00
    1.92200005e+00 1.96599996e+00 2. 2. 2. 2. 2. 2. 2. 2. 2. 2. 2. 2. 2.
    2. 2. 2. 2. 2. 2. 2. 2. 2. 2.03900003e+00 2.08500004e+00
    2.09800005e+00 2.09800005e+00 2. 1.99800003e+00 1.95400000e+00
    1.90999997e+00 1.90600002e+00 1.90600002e+00 1.90600002e+00
    1.90499997e+00 1.90499997e+00 1.90499997e+00 1.90499997e+00
    1.90499997e+00 1.92100000e+00 1.96500003e+00 1.99899995e+00
    1.99899995e+00 1.99899995e+00 2. 2. 2. 2. 2. 2. 2. 2. 2. 2. 2. 2. 2.
    2. 2. 2. 2. 2. 2. 2.03800011e+00 2.08400011e+00 2.09699988e+00
    2.09699988e+00 2. 1.99800003e+00 1.95400000e+00 1.90999997e+00
    1.90600002e+00 1.90600002e+00 1.88999999e+00 1.87000000e+00
    1.86199999e+00 1.86199999e+00 1.86199999e+00 1.86199999e+00
    1.87800002e+00 1.92100000e+00 1.95500004e+00 1.95500004e+00
    1.95700002e+00 1.97800004e+00 1.99899995e+00 2. 2. 2. 2. 2. 2. 2. 2.
    2. 2. 2. 2. 2. 2. 2. 2. 2. 2.01999998e+00 2.04399991e+00
    2.05100012e+00 2.05100012e+00 2. 1.99800003e+00 1.95400000e+00
    1.90999997e+00 1.90600002e+00 1.90600002e+00 1.87500000e+00
    1.83399999e+00 1.81900001e+00 1.81900001e+00 1.81900001e+00
    1.81900001e+00 1.83500004e+00 1.87800002e+00 1.91100001e+00
    1.91100001e+00 1.91499996e+00 1.95599997e+00 1.99800003e+00 2. 2. 2.
    2. 2. 2. 2. 2. 2. 2. 2. 2. 2. 2. 2. 2. 2. 2.00200009e+00
    2.00500011e+00 2.00600004e+00 2.00600004e+00 2. 1.99800003e+00
    1.95400000e+00 1.90999997e+00 1.90600002e+00 1.90600002e+00
    1.87300003e+00 1.83000004e+00 1.81400001e+00 1.81400001e+00
    1.81400001e+00 1.81400001e+00 1.83000004e+00 1.87300003e+00
    1.90600002e+00 1.90600002e+00 1.90999997e+00 1.95400000e+00
    1.99800003e+00 2. 2. 2. 2. 2. 2. 2. 2. 2. 2. 2. 2. 2. 2. 2. 2. 2. 2.
    2. 1.98699999e+00 1.96899998e+00 2. 1.99800003e+00 1.95400000e+00
    1.90999997e+00 1.90600002e+00 1.90600002e+00 1.87300003e+00
    1.83000004e+00 1.81400001e+00 1.81400001e+00 1.81400001e+00
    1.81400001e+00 1.83000004e+00 1.87300003e+00 1.90600002e+00
    1.90600002e+00 1.90999997e+00 1.95400000e+00 1.99800003e+00 2. 2. 2.
    2. 2. 2. 2. 2. 2. 2. 2. 2. 2. 2. 2. 2. 2. 2. 2. 1.97300005e+00
    1.93400002e+00 2. 1.99800003e+00 1.95400000e+00 1.90999997e+00
    1.90600002e+00 1.90600002e+00 1.87300003e+00 1.83000004e+00
    1.81400001e+00 1.81400001e+00 1.81400001e+00 1.81400001e+00
    1.83000004e+00 1.87300003e+00 1.90600002e+00 1.90600002e+00
    1.90999997e+00 1.95400000e+00 1.99800003e+00 2. 2. 2. 2. 2. 2. 2. 2.
    2. 2. 2. 2. 2. 2. 2. 2. 2. 2. 2. 1.96899998e+00 1.92499995e+00 0. 0.
    0. 0. 0. 0. 0. 0. 0. 0. 0. 0. 0. 0. 0. 0. 0. 0. 0. 0. 0. 0. 0. 0. 0.
