<?xml version="1.0"?>
<opencv_storage>
<Depth type_id="opencv-matrix">
  <rows>40</rows>
  <cols>40</cols>
  <dt>f</dt>
  <data>
    0. 0. 0. 0. 0. 0. 0. 0. 0. 0. 0. 0. 0. 0. 0. 0. 0. 0. 0. 0. 0. 0. 0.
    0. 0. 0. 0. 0. 0. 0. 0. 0. 0. 0. 0. 0. 0. 0. 0. 0. 0. 0. 0. 0. 0. 0.
    0. 0. 0. 0. 0. 0. 0. 0. 0. 0. 0. 0. 0. 0. 0. 0. 0. 0. 0. 0. 0. 0. 0.
    0. 0. 0. 0. 0. 0. 0. 0. 0. 0. 0. 0. 0. 0. 0. 0. 0. 0. 0. 0. 0. 0. 0.
    0. 0. 0. 0. 0. 0. 0. 0. 0. 0. 0. 0. 0. 0. 0. 0. 0. 0. 0. 0. 0. 0. 0.
    0. 0. 0. 0. 0. 0. 0. 0. 0. 0. 0. 0. 0. 0. 0. 0. 0. 0. 0. 0. 0. 0. 0.
    0. 0. 0. 0. 0. 0. 0. 0. 0. 0. 0. 0. 0. 0. 0. 0. 0. 0. 0. 0. 0. 0. 0.
    0. 0. 0. 0. 0. 0. 0. 0. 0. 0. 0. 0. 0. 0. 0. 0. 0. 0. 0. 0. 0. 0. 0.
    0. 0. 0. 0. 0. 0. 0. 0. 0. 0. 0. 0. 0. 0. 0. 0. 0. 0. 0. 0. 0. 0. 0.
    0. 0. 0. 0. 0. 0. 0. 0. 0. 0. 0. 0. 0. 0. 0. 0. 0. 0. 0. 0. 0. 0. 0.
    0. 0. 0. 0. 0. 0. 0. 0. 0. 0. 0. 0. 0. 0. 0. 0. 0. 0. 0. 0. 0. 0. 0.
    0. 0. 0. 0. 0. 0. 0. 0. 0. 0. 0. 0. 0. 0. 0. 0. 0. 0. 0. 0. 0. 0. 0.
    0. 0. 0. 0. 0. 0. 0. 0. 0. 0. 0. 0. 0. 0. 0. 0. 0. 0. 0. 0. 0. 0. 0.
    0. 0. 0. 0. 0. 0. 0. 0. 0. 0. 0. 0. 0. 0. 0. 0. 0. 0. 0. 0. 0. 0. 0.
    0. 0. 0. 0. 0. 0. 0. 0. 0. 0. 0. 0. 0. 0. 0. 0. 0. 0. 0. 0. 0. 0. 0.
    0. 0. 0. 0. 0. 0. 0. 0. 0. 0. 0. 0. 0. 0. 0. 0. 0. 0. 0. 0. 0. 0. 0.
    0. 0. 0. 0. 0. 0. 0. 0. 0. 0. 0. 0. 0. 0. 0. 0. 0. 0. 0. 0. 0. 0. 0.
    0. 0. 0. 0. 0. 0. 0. 0. 0. 0. 0. 0. 0. 0. 0. 0. 0. 0. 0. 0. 0. 0. 0.
    0. 0. 0. 0. 0. 0. 0. 0. 0. 0. 0. 0. 0. 0. 0. 0. 0. 0. 0. 0. 0. 0. 0.
    0. 0. 0. 0. 0. 0. 0. 0. 0. 0. 0. 0. 0. 0. 0. 0. 0. 0. 0. 0. 0. 0. 0.
    0. 0. 0. 0. 0. 0. 0. 0. 0. 0. 0. 0. 0. 0. 0. 0. 0. 0. 0. 0. 0. 0. 0.
    0. 0. 0. 0. 0. 0. 0. 0. 0. 0. 0. 0. 0. 0. 0. 0. 2.05399990e+00
    2.01699996e+00 2. 2. 2. 2. 2. 2. 2. 2.01999998e+00 2.05800009e+00
    2.06599998e+00 2.06599998e+00 2.06599998e+00 2.06599998e+00
    2.06599998e+00 2.06599998e+00 2.06599998e+00 2.09500003e+00
    2.13400006e+00 2.13400006e+00 0. 0. 0. 0. 0. 0. 0. 0. 0. 0. 0. 0. 0.
    0. 0. 0. 0. 0. 0. 2.05399990e+00 2.01699996e+00 2. 2. 2. 2. 2. 2. 2.
    2.01999998e+00 2.05800009e+00 2.06599998e+00 2.06599998e+00
    2.06599998e+00 2.06599998e+00 2.06599998e+00 2.06599998e+00
    2.06599998e+00 2.09500003e+00 2.13400006e+00 2.13400006e+00 0. 0. 0.
    0. 0. 0. 0. 0. 0. 0. 0. 0. 1.70400000e+00 1.70400000e+00 0. 0. 0.
    1.77800000e+00 1.94900000e+00 2.05399990e+00 2.01699996e+00 2. 2. 2.
    2. 2. 2. 2. 2.01999998e+00 2.05800009e+00 2.06599998e+00
    2.06599998e+00 2.06599998e+00 2.06599998e+00 2.06599998e+00
    2.06599998e+00 2.06599998e+00 2.09500003e+00 2.13400006e+00
    2.13400006e+00 0. 0. 0. 0. 0. 0. 0. 0. 0. 0. 0. 1.09800005e+00
    2.00200009e+00 2.00200009e+00 1.21500003e+00 0. 0. 2.06800008e+00
    2.06699991e+00 2.05999994e+00 2.04099989e+00 2.02200007e+00
    2.00399995e+00 2. 2. 2. 2.00500011e+00 2.02399993e+00 2.04299998e+00
    2.06200004e+00 2.06599998e+00 2.06599998e+00 2.08599997e+00
    2.09999990e+00 2.09999990e+00 2.09999990e+00 2.09999990e+00
    2.11400008e+00 2.13400006e+00 2.13400006e+00 0. 0. 0. 0. 0.
    1.99000001e+00 1.99399996e+00 1.99600005e+00 1.99600005e+00
    1.99600005e+00 1.99300003e+00 1.95899999e+00 1.93700004e+00
    1.93700004e+00 1.95799994e+00 1.99399996e+00 2. 2.00200009e+00
    2.03800011e+00 2.06200004e+00 2.06200004e+00 2.04200006e+00
    2.00699997e+00 2. 2. 2. 2.01099992e+00 2.04900002e+00 2.06900001e+00
    2.07399988e+00 2.07500005e+00 2.07599998e+00 2.11199999e+00
    2.13800001e+00 2.13499999e+00 2.13400006e+00 2.13400006e+00
    2.13400006e+00 2.13400006e+00 2.13400006e+00 0. 0. 0. 0.
    1.24899995e+00 1.89800000e+00 1.94200003e+00 1.96000004e+00
    1.96000004e+00 1.96000004e+00 1.95899999e+00 1.94599998e+00
    1.93700004e+00 1.93700004e+00 1.95799994e+00 1.99399996e+00 2.
    2.00099993e+00 2.01500010e+00 2.02399993e+00 2.02399993e+00
    2.01699996e+00 2.00300002e+00 2. 2. 2. 2.01099992e+00 2.04900002e+00
    2.09200001e+00 2.14199996e+00 2.15300012e+00 2.15300012e+00
    2.16700006e+00 2.17100000e+00 2.14599991e+00 2.13400006e+00
    2.13400006e+00 2.13400006e+00 2.13400006e+00 2.13400006e+00
    1.77199996e+00 1.79799998e+00 1.80799997e+00 1.81400001e+00
    1.81400001e+00 1.83599997e+00 1.89900005e+00 1.92900002e+00
    1.93599999e+00 1.93700004e+00 1.93700004e+00 1.93700004e+00
    1.93700004e+00 1.93700004e+00 1.95799994e+00 1.99399996e+00 2. 2. 2.
    2. 2. 2. 2. 2. 2. 2.00799990e+00 2.02200007e+00 2.05200005e+00
    2.10800004e+00 2.18600011e+00 2.20300007e+00 2.20300007e+00
    2.20300007e+00 2.19499993e+00 2.16300011e+00 2.14800000e+00
    2.14800000e+00 2.14199996e+00 2.13400006e+00 2.13400006e+00
    1.75999999e+00 1.76699996e+00 1.79100001e+00 1.81400001e+00
    1.81400001e+00 1.82900000e+00 1.87100005e+00 1.90499997e+00
    1.93299997e+00 1.93700004e+00 1.93700004e+00 1.93700004e+00
    1.93700004e+00 1.93700004e+00 1.95799994e+00 1.99399996e+00 2. 2. 2.
    2. 2. 2. 2. 2. 2.00099993e+00 2.02999997e+00 2.05299997e+00
    2.06200004e+00 2.10800004e+00 2.18600011e+00 2.20300007e+00
    2.20300007e+00 2.20300007e+00 2.20099998e+00 2.19199991e+00
    2.18700004e+00 2.18700004e+00 2.16400003e+00 2.13400006e+00
    2.13400006e+00 1.75500000e+00 1.75500000e+00 1.77400005e+00
    1.79400003e+00 1.79400003e+00 1.80599999e+00 1.84000003e+00
    1.87500000e+00 1.90999997e+00 1.92600000e+00 1.93700004e+00
    1.93700004e+00 1.93700004e+00 1.93700004e+00 1.95799994e+00
    1.99399996e+00 2. 2. 2. 2. 2. 2. 2. 2. 2.00200009e+00 2.03900003e+00
    2.06999993e+00 2.08299994e+00 2.12400007e+00 2.18899989e+00
    2.20300007e+00 2.20300007e+00 2.20300007e+00 2.20300007e+00
    2.20300007e+00 2.20300007e+00 2.20300007e+00 2.24000001e+00
    2.28399992e+00 1.25300002e+00 1.75500000e+00 1.75500000e+00
    1.75800002e+00 1.75999999e+00 1.75999999e+00 1.77199996e+00
    1.80599999e+00 1.84000003e+00 1.87399995e+00 1.90699995e+00
    1.93700004e+00 1.93700004e+00 1.93700004e+00 1.93700004e+00
    1.95799994e+00 1.99399996e+00 2. 2. 2. 2. 2. 2. 2. 2. 2.00200009e+00
    2.03900003e+00 2.07599998e+00 2.11199999e+00 2.15100002e+00
    2.19400001e+00 2.20300007e+00 2.20300007e+00 2.20300007e+00
    2.20300007e+00 2.20300007e+00 2.20300007e+00 2.20300007e+00
    2.34999990e+00 2.53399992e+00 0. 1.75500000e+00 1.75500000e+00
    1.75500000e+00 1.75500000e+00 1.75500000e+00 1.76100004e+00
    1.77900004e+00 1.81599998e+00 1.86600006e+00 1.90400004e+00
    1.93700004e+00 1.93700004e+00 1.93700004e+00 1.93700004e+00
    1.94799995e+00 1.96599996e+00 1.97000003e+00 1.97000003e+00
    1.97000003e+00 1.97500002e+00 1.99199998e+00 2. 2. 2. 2.00200009e+00
    2.03900003e+00 2.07699990e+00 2.11599994e+00 2.15499997e+00
    2.19400001e+00 2.21799994e+00 2.23799992e+00 2.23799992e+00
    2.23799992e+00 2.23799992e+00 2.23799992e+00 2.23799992e+00
    2.38700008e+00 2.57299995e+00 0. 1.75500000e+00 1.75500000e+00
    1.75500000e+00 1.75500000e+00 1.75500000e+00 1.75500000e+00
    1.75500000e+00 1.79600000e+00 1.86399996e+00 1.90400004e+00
    1.93700004e+00 1.93700004e+00 1.93700004e+00 1.93700004e+00
    1.93700004e+00 1.93700004e+00 1.93700004e+00 1.93700004e+00
    1.93700004e+00 1.94799995e+00 1.98399997e+00 1.99899995e+00
    1.99699998e+00 1.99699998e+00 1.99899995e+00 2.03800011e+00
    2.07699990e+00 2.11599994e+00 2.07800007e+00 1.97399998e+00
    1.98199999e+00 2.01999998e+00 2.01999998e+00 2.01999998e+00
    2.01999998e+00 2.01999998e+00 2.01999998e+00 2.14599991e+00
    2.30299997e+00 0. 1.75500000e+00 1.75500000e+00 1.75500000e+00
    1.75500000e+00 1.75500000e+00 1.75500000e+00 1.75500000e+00
    1.79600000e+00 1.86399996e+00 1.90400004e+00 1.93700004e+00
    1.93700004e+00 1.93700004e+00 1.93700004e+00 1.93700004e+00
    1.93700004e+00 1.93700004e+00 1.93700004e+00 1.93700004e+00
    1.94799995e+00 1.98399997e+00 1.98800004e+00 1.96500003e+00
    1.96099997e+00 1.96399999e+00 2.02399993e+00 2.07699990e+00
    2.11599994e+00 1.22399998e+00 0. 0. 0. 0. 0. 0. 0. 0. 0. 0. 0.
