<?xml version="1.0"?>
<opencv_storage>
<Depth type_id="opencv-matrix">
  <rows>40</rows>
  <cols>40</cols>
  <dt>f</dt>
  <data>
    0. 0. 0. 0. 0. 0. 0. 0. 0. 0. 0. 0. 0. 0. 0. 0. 0. 0. 0. 0. 0. 0. 0.
    0. 0. 0. 0. 0. 0. 0. 0. 0. 0. 0. 0. 0. 0. 0. 0. 0. 0. 0. 0. 0. 0. 0.
    0. 0. 0. 0. 0. 0. 0. 0. 0. 0. 0. 0. 0. 0. 0. 0. 0. 0. 0. 0. 0. 0. 0.
    0. 0. 0. 0. 0. 0. 0. 0. 0. 0. 0. 0. 0. 0. 0. 0. 0. 0. 0. 0. 0. 0. 0.
    0. 0. 0. 0. 0. 0. 0. 0. 0. 0. 0. 0. 0. 0. 0. 0. 0. 0. 0. 0. 0. 0. 0.
    0. 0. 0. 0. 0. 0. 0. 0. 0. 0. 0. 0. 0. 0. 0. 0. 0. 0. 0. 0. 0. 0. 0.
    0. 0. 0. 0. 0. 0. 0. 0. 0. 0. 0. 0. 0. 0. 0. 0. 0. 0. 0. 0. 0. 0. 0.
    0. 0. 0. 0. 0. 0. 0. 0. 0. 0. 0. 0. 0. 0. 0. 0. 0. 0. 0. 0. 0. 0. 0.
    0. 0. 0. 0. 0. 0. 0. 0. 0. 0. 0. 0. 0. 0. 0. 0. 0. 0. 0. 0. 0. 0. 0.
    0. 0. 0. 0. 0. 0. 0. 0. 0. 0. 0. 0. 0. 0. 0. 0. 0. 0. 0. 0. 0. 0. 0.
    0. 0. 0. 0. 0. 0. 0. 0. 0. 0. 0. 0. 0. 0. 0. 0. 0. 0. 0. 0. 0. 0. 0.
    0. 0. 0. 0. 0. 0. 0. 0. 0. 0. 0. 0. 0. 0. 0. 0. 0. 0. 0. 0. 0. 0. 0.
    0. 0. 0. 0. 0. 0. 0. 0. 0. 0. 0. 0. 0. 0. 0. 0. 0. 0. 0. 0. 0. 0. 0.
    0. 0. 0. 0. 0. 0. 0. 0. 0. 0. 0. 0. 0. 0. 0. 0. 0. 0. 0. 0. 0. 0. 0.
    0. 0. 0. 0. 0. 0. 0. 0. 0. 0. 0. 0. 0. 0. 0. 0. 0. 0. 0. 0. 0. 0. 0.
    0. 0. 0. 0. 0. 0. 0. 0. 0. 0. 0. 0. 0. 0. 0. 0. 0. 0. 0. 0. 0.
    1.87800002e+00 1.87800002e+00 1.87800002e+00 1.87800002e+00
    1.87800002e+00 1.87800002e+00 1.87800002e+00 1.87800002e+00
    1.87800002e+00 1.87800002e+00 1.87800002e+00 1.87800002e+00
    1.87800002e+00 1.87800002e+00 1.87800002e+00 1.87800002e+00
    1.91600001e+00 1.96599996e+00 2. 2. 2. 0. 0. 0. 0. 0. 0. 0. 0. 0. 0.
    0. 0. 0. 0. 0. 0. 0. 0. 0. 1.87800002e+00 1.87800002e+00
    1.87800002e+00 1.87800002e+00 1.87800002e+00 1.87800002e+00
    1.87800002e+00 1.87800002e+00 1.87800002e+00 1.88399994e+00
    1.88999999e+00 1.89300001e+00 1.89300001e+00 1.89300001e+00
    1.89300001e+00 1.89300001e+00 1.92600000e+00 1.97000003e+00
    2.00200009e+00 2.00799990e+00 2.01399994e+00 0. 0. 0. 0. 0. 0. 0. 0.
    0. 0. 0. 0. 0. 0. 0. 0. 0. 0. 0. 1.87800002e+00 1.87800002e+00
    1.87800002e+00 1.87800002e+00 1.87800002e+00 1.87800002e+00
    1.87800002e+00 1.87800002e+00 1.87899995e+00 1.90499997e+00
    1.93200004e+00 1.94299996e+00 1.94299996e+00 1.94299996e+00
    1.94299996e+00 1.94299996e+00 1.96099997e+00 1.98399997e+00
    2.00900006e+00 2.03699994e+00 2.06399989e+00 0. 0. 0. 0. 0. 0. 0. 0.
    0. 0. 0. 0. 0. 0. 0. 0. 0. 0. 0. 1.87800002e+00 1.87800002e+00
    1.87800002e+00 1.87800002e+00 1.87800002e+00 1.87800002e+00
    1.87800002e+00 1.87800002e+00 1.87899995e+00 1.92700005e+00
    1.97399998e+00 1.99300003e+00 1.99300003e+00 1.99300003e+00
    1.99300003e+00 1.99300003e+00 1.99500000e+00 1.99800003e+00
    2.01600003e+00 2.06500006e+00 2.11400008e+00 0. 0. 0. 0. 0. 0. 0. 0.
    0. 0. 0. 0. 0. 0. 0. 0. 0. 0. 0. 1.87800002e+00 1.88300002e+00
    1.90100002e+00 1.91900003e+00 1.92200005e+00 1.92200005e+00
    1.92200005e+00 1.92200005e+00 1.92200005e+00 1.95500004e+00
    1.98699999e+00 2. 2. 2. 2. 2. 2. 2. 2.02399993e+00 2.09400010e+00
    2.16499996e+00 0. 0. 0. 0. 0. 0. 0. 0. 0. 0. 0. 0. 0. 0. 0. 0. 0. 0.
    0. 1.87800002e+00 1.88900006e+00 1.92799997e+00 1.96700001e+00
    1.97200000e+00 1.97200000e+00 1.97200000e+00 1.97200000e+00
    1.97200000e+00 1.98399997e+00 1.99500000e+00 2. 2. 2. 2. 2. 2. 2.
    2.03099990e+00 2.12400007e+00 2.21700001e+00 1.72300005e+00
    1.17100000e+00 0. 0. 0. 0. 0. 0. 0. 0. 0. 0. 0. 0. 0. 0. 0. 0. 0.
    1.85699999e+00 1.87399995e+00 1.93299997e+00 1.99199998e+00 2. 2. 2.
    2. 2. 2. 2. 2. 2. 2. 2. 2. 2.00699997e+00 2.01699996e+00
    2.05500007e+00 2.15100002e+00 2.24699998e+00 2.25600004e+00
    2.25600004e+00 1.27199996e+00 0. 0. 0. 0. 0. 0. 0. 0. 0. 0. 0. 0. 0.
    0. 0. 0. 1.80900002e+00 1.83200002e+00 1.91100001e+00 1.98899996e+00
    2. 2. 2. 2. 2. 2. 2. 2. 2. 2. 2. 2. 2.02300000e+00 2.05399990e+00
    2.09899998e+00 2.17400002e+00 2.24900007e+00 2.25600004e+00
    2.25600004e+00 1.75600004e+00 0. 0. 0. 0. 0. 0. 0. 0. 0. 0. 0. 0. 0.
    0. 0. 0. 1.76199996e+00 1.78999996e+00 1.88800001e+00 1.98599994e+00
    1.99899995e+00 1.99899995e+00 1.99899995e+00 2. 2. 2. 2. 2. 2. 2. 2.
    2. 2.03900003e+00 2.08999991e+00 2.14199996e+00 2.19600010e+00
    2.25000000e+00 2.25500011e+00 2.25500011e+00 2.22900009e+00
    2.17499995e+00 2.12500000e+00 2.12500000e+00 0. 0. 0. 0. 0. 0. 0. 0.
    0. 0. 0. 0. 0. 1.76199996e+00 1.78400004e+00 1.86099994e+00
    1.93799996e+00 1.94900000e+00 1.94900000e+00 1.95799994e+00
    1.97899997e+00 2. 2. 2. 2. 2. 2. 2. 2. 2.02300000e+00 2.05200005e+00
    2.08999991e+00 2.14299989e+00 2.19600010e+00 2.20099998e+00
    2.20099998e+00 2.18600011e+00 2.15400004e+00 2.12500000e+00
    2.12500000e+00 0. 0. 0. 0. 0. 0. 0. 0. 0. 0. 0. 0. 0. 1.76199996e+00
    1.77800000e+00 1.83399999e+00 1.89100003e+00 1.89800000e+00
    1.89800000e+00 1.91700006e+00 1.95899999e+00 2. 2. 2. 2. 2. 2. 2. 2.
    2.00600004e+00 2.01500010e+00 2.03800011e+00 2.08999991e+00
    2.14199996e+00 2.14700007e+00 2.14700007e+00 2.14199996e+00
    2.13299990e+00 2.12500000e+00 2.12500000e+00 0. 0. 0. 0. 0. 0. 0. 0.
    0. 0. 0. 0. 0. 1.70700002e+00 1.72800004e+00 1.79799998e+00
    1.86899996e+00 1.87800002e+00 1.87800002e+00 1.89499998e+00
    1.93299997e+00 1.97000003e+00 1.97000003e+00 1.97000003e+00
    1.97700000e+00 1.99000001e+00 2. 2. 2. 2. 2. 2.01699996e+00
    2.06900001e+00 2.11999989e+00 2.12500000e+00 2.12500000e+00
    2.12500000e+00 2.12500000e+00 2.12500000e+00 2.12500000e+00 0. 0. 0.
    0. 0. 0. 0. 0. 0. 0. 0. 0. 0. 1.61600006e+00 1.64699996e+00
    1.75500000e+00 1.86399996e+00 1.87800002e+00 1.87800002e+00
    1.88600004e+00 1.90300000e+00 1.91900003e+00 1.91900003e+00
    1.91900003e+00 1.93900001e+00 1.97300005e+00 2. 2. 2. 2. 2.
    2.01699996e+00 2.06900001e+00 2.11999989e+00 2.12500000e+00
    2.12500000e+00 2.12500000e+00 2.12500000e+00 2.12500000e+00
    2.12500000e+00 0. 0. 0. 0. 0. 0. 0. 0. 0. 0. 0. 0. 0. 1.57400000e+00
    1.61099994e+00 1.73599994e+00 1.86099994e+00 1.87800002e+00
    1.87800002e+00 1.87800002e+00 1.87800002e+00 1.87800002e+00
    1.87800002e+00 1.87800002e+00 1.90799999e+00 1.95899999e+00 2. 2. 2.
    2. 2. 2.01600003e+00 2.06399989e+00 2.11199999e+00 2.11599994e+00
    2.11599994e+00 2.11599994e+00 2.11599994e+00 2.11599994e+00
    2.11599994e+00 0. 0. 0. 0. 0. 0. 0. 0. 0. 0. 0. 0. 0. 1.76400006e+00
    1.77800000e+00 1.82500005e+00 1.87199998e+00 1.87800002e+00
    1.87800002e+00 1.87800002e+00 1.87800002e+00 1.87800002e+00
    1.87800002e+00 1.87800002e+00 1.90799999e+00 1.95899999e+00 2. 2. 2.
    2. 2. 2.00900006e+00 2.03500009e+00 2.06200004e+00 2.06399989e+00
    2.06399989e+00 2.06399989e+00 2.06399989e+00 2.06399989e+00
    2.06399989e+00 0. 0. 0. 0. 0. 0. 0. 0. 0. 0. 0. 0. 0. 1.95299995e+00
    1.94400001e+00 1.91299999e+00 1.88199997e+00 1.87800002e+00
    1.87800002e+00 1.87800002e+00 1.87800002e+00 1.87800002e+00
    1.87800002e+00 1.87800002e+00 1.90799999e+00 1.95899999e+00 2. 2. 2.
    2. 2. 2.00200009e+00 2.00699997e+00 2.01200008e+00 2.01300001e+00
    2.01300001e+00 2.01300001e+00 2.01300001e+00 2.01300001e+00
    2.01300001e+00 0. 0. 0. 0. 0. 0. 0. 0. 0. 0. 0. 0. 0. 1.92600000e+00
    1.92499995e+00 1.92100000e+00 1.91700006e+00 1.90199995e+00
    1.88699996e+00 1.87800002e+00 1.87800002e+00 1.87800002e+00
    1.87800002e+00 1.87800002e+00 1.90799999e+00 1.95899999e+00 2. 2. 2.
    2. 2. 2. 2. 2. 2. 2. 2. 2. 2. 2. 0. 0. 0. 0. 0. 0. 0. 0. 0. 0. 0. 0.
    0. 1.82799995e+00 1.84399998e+00 1.90100002e+00 1.95899999e+00
    1.93499994e+00 1.89800000e+00 1.87800002e+00 1.87800002e+00
    1.87800002e+00 1.87800002e+00 1.87800002e+00 1.90799999e+00
    1.95899999e+00 2. 2. 2. 2. 2. 2. 2. 2. 2. 2. 2. 2. 2. 2. 0. 0. 0. 0.
    0. 0. 0. 0. 0. 0. 0. 0. 0. 1.74699998e+00 1.77499998e+00
    1.87199998e+00 1.97000003e+00 1.95200002e+00 1.91499996e+00
    1.89199996e+00 1.88499999e+00 1.87800002e+00 1.87800002e+00
    1.87800002e+00 1.90799999e+00 1.95899999e+00 2. 2. 2. 2. 2. 2. 2. 2.
