<?xml version="1.0"?>
<opencv_storage>
<Depth type_id="opencv-matrix">
  <rows>40</rows>
  <cols>40</cols>
  <dt>f</dt>
  <data>
    0. 0. 0. 0. 0. 0. 0. 0. 0. 0. 0. 0. 0. 0. 0. 0. 0. 0. 0. 0. 0. 0. 0.
    0. 0. 0. 0. 0. 0. 0. 0. 0. 0. 0. 0. 0. 0. 0. 0. 0. 0. 0. 0. 0. 0. 0.
    0. 0. 0. 0. 0. 0. 0. 0. 0. 0. 0. 0. 0. 0. 0. 0. 0. 0. 0. 0. 0. 0. 0.
    0. 0. 0. 0. 0. 0. 0. 0. 0. 0. 0. 0. 0. 0. 0. 0. 0. 0. 0. 0. 0. 0. 0.
    0. 0. 0. 0. 0. 0. 0. 0. 0. 0. 0. 0. 0. 0. 0. 0. 0. 0. 0. 0. 0. 0. 0.
    0. 0. 0. 0. 0. 0. 0. 0. 0. 0. 0. 0. 0. 0. 0. 0. 0. 0. 0. 0. 0. 0. 0.
    0. 0. 0. 0. 0. 0. 0. 0. 0. 0. 0. 0. 0. 0. 0. 0. 0. 0. 0. 0. 0. 0. 0.
    0. 0. 0. 0. 0. 0. 0. 0. 0. 0. 0. 0. 0. 0. 0. 0. 0. 0. 0. 0. 0. 0. 0.
    0. 0. 0. 0. 0. 0. 0. 0. 0. 0. 0. 0. 0. 0. 0. 0. 0. 0. 0. 0. 0. 0. 0.
    0. 0. 0. 0. 0. 0. 0. 0. 0. 0. 0. 0. 0. 0. 0. 0. 0. 0. 0. 0. 0. 0. 0.
    0. 0. 0. 0. 0. 0. 0. 0. 0. 0. 0. 0. 0. 0. 0. 0. 0. 0. 0. 0. 0. 0. 0.
    0. 0. 0. 0. 0. 0. 0. 0. 0. 0. 0. 0. 0. 0. 0. 0. 0. 0. 0. 0. 0. 0. 0.
    0. 0. 0. 0. 0. 0. 0. 0. 0. 0. 0. 0. 0. 0. 0. 0. 0. 0. 0. 0. 0. 0. 0.
    0. 0. 0. 0. 0. 0. 0. 0. 0. 0. 0. 0. 0. 0. 0. 0. 0. 0. 0. 0. 0. 0. 0.
    0. 0. 0. 0. 0. 0. 0. 0. 0. 0. 0. 0. 0. 0. 0. 0. 0. 0. 0.
    2.62299991e+00 2.39199996e+00 2.38800001e+00 2.34999990e+00
    2.33200002e+00 2.33200002e+00 2.33200002e+00 2.34800005e+00
    2.38599992e+00 2.39199996e+00 2.39199996e+00 0. 0. 0. 0. 0. 0. 0. 0.
    0. 0. 0. 0. 0. 0. 0. 0. 0. 0. 0. 0. 0. 0. 0. 0. 0. 0. 0.
    2.96300006e+00 2.88199997e+00 2.51699996e+00 2.39199996e+00
    2.38800001e+00 2.34999990e+00 2.33200002e+00 2.33200002e+00
    2.33200002e+00 2.34800005e+00 2.38599992e+00 2.37700009e+00
    2.36400008e+00 0. 0. 0. 0. 0. 0. 0. 0. 0. 0. 0. 0. 0. 0. 0. 0. 0. 0.
    0. 0. 0. 0. 0. 0. 0. 2.70600009e+00 2.42899990e+00 2.38000011e+00
    2.39199996e+00 2.39199996e+00 2.38899994e+00 2.38299990e+00
    2.34800005e+00 2.33200002e+00 2.33200002e+00 2.33200002e+00
    2.34599996e+00 2.38100004e+00 2.35700011e+00 2.33200002e+00 0. 0. 0.
    0. 0. 0. 0. 0. 0. 0. 0. 0. 0. 0. 0. 0. 0. 0. 0. 0. 0. 0. 0. 0. 0. 0.
    1.80700004e+00 2.30599999e+00 2.39199996e+00 2.39199996e+00
    2.37299991e+00 2.34699988e+00 2.33699989e+00 2.33200002e+00
    2.33200002e+00 2.33200002e+00 2.33599997e+00 2.34599996e+00
    2.33899999e+00 2.33200002e+00 0. 0. 0. 0. 0. 0. 0. 0. 0. 0. 0. 0. 0.
    0. 0. 0. 0. 0. 0. 0. 0. 0. 2.67700005e+00 1.36800003e+00 0. 0.
    1.78199995e+00 2.23099995e+00 2.30299997e+00 2.30299997e+00
    2.30599999e+00 2.30800009e+00 2.29399991e+00 2.28699994e+00
    2.28699994e+00 2.28699994e+00 2.29299998e+00 2.30699992e+00
    2.30999994e+00 2.30999994e+00 0. 0. 0. 0. 0. 0. 0. 0. 0. 0. 0. 0. 0.
    0. 0. 0. 0. 0. 0. 0. 0. 0. 1.51600003e+00 0. 0. 2.11700010e+00
    2.15100002e+00 2.15799999e+00 2.15799999e+00 2.15799999e+00
    2.20499992e+00 2.26699996e+00 2.23099995e+00 2.21399999e+00
    2.21499991e+00 2.21499991e+00 2.23000002e+00 2.26600003e+00
    2.27200007e+00 2.27200007e+00 0. 0. 0. 0. 0. 0. 0. 0. 0. 0. 0. 0. 0.
    0. 0. 0. 0. 0. 0. 0. 0. 0. 0. 0. 1.45099998e+00 2.10899997e+00
    2.12100005e+00 2.12299991e+00 2.12299991e+00 2.12299991e+00
    2.15499997e+00 2.19600010e+00 2.18400002e+00 2.19099998e+00
    2.21399999e+00 2.21499991e+00 2.22000003e+00 2.23300004e+00
    2.23499990e+00 2.23499990e+00 0. 0. 0. 0. 0. 0. 0. 0. 0. 0. 0. 0. 0.
    0. 0. 0. 0. 0. 0. 0. 0. 0. 0. 1.77800000e+00 2.01200008e+00
    2.05800009e+00 2.05800009e+00 2.07299995e+00 2.08899999e+00
    2.08899999e+00 2.11800003e+00 2.15899992e+00 2.15899992e+00
    2.17199993e+00 2.19700003e+00 2.20900011e+00 2.21499991e+00
    2.21499991e+00 2.21499991e+00 2.21499991e+00 0. 0. 0. 0. 0. 0. 0. 0.
    0. 0. 0. 0. 0. 0. 0. 0. 0. 0. 0. 0. 0. 2.23399997e+00 1.77800000e+00
    1.93400002e+00 1.95400000e+00 1.95799994e+00 1.95799994e+00
    2.00600004e+00 2.05399990e+00 2.05399990e+00 2.09800005e+00
    2.15899992e+00 2.15899992e+00 2.16000009e+00 2.16199994e+00
    2.19499993e+00 2.21499991e+00 2.21499991e+00 2.21499991e+00
    2.21499991e+00 0. 0. 0. 0. 0. 0. 0. 0. 0. 0. 0. 0. 0. 0. 0. 0.
    1.55799997e+00 0. 0. 2.97799993e+00 2.49099994e+00 2.13700008e+00
    1.94900000e+00 1.94900000e+00 1.94900000e+00 1.94900000e+00
    1.94900000e+00 1.98500001e+00 2.02600002e+00 2.04500008e+00
    2.09699988e+00 2.15899992e+00 2.15899992e+00 2.15899992e+00
    2.15899992e+00 2.19400001e+00 2.20600009e+00 2.18600011e+00
    2.18199992e+00 2.18199992e+00 0. 0. 0. 0. 0. 0. 0. 0. 0. 0. 0. 0. 0.
    0. 0. 0. 0. 2.94600010e+00 2.94600010e+00 2.55500007e+00
    1.91700006e+00 1.93099999e+00 1.93799996e+00 1.93799996e+00
    1.94400001e+00 1.94900000e+00 1.94900000e+00 1.97500002e+00
    2.00600004e+00 2.03099990e+00 2.08500004e+00 2.14800000e+00
    2.15499997e+00 2.16300011e+00 2.17100000e+00 2.19899988e+00
    2.20000005e+00 2.16400003e+00 2.15899992e+00 2.15899992e+00 0. 0. 0.
    0. 0. 0. 0. 0. 0. 0. 0. 0. 0. 0. 0. 0. 0. 2.00799990e+00
    2.00799990e+00 1.93799996e+00 1.82599998e+00 1.87800002e+00
    1.90600002e+00 1.90600002e+00 1.93099999e+00 1.94900000e+00
    1.94900000e+00 1.97500002e+00 2.00099993e+00 2.00600004e+00
    2.05200005e+00 2.11500001e+00 2.14499998e+00 2.17499995e+00
    2.20600009e+00 2.21199989e+00 2.20000005e+00 2.16400003e+00
    2.15899992e+00 2.15899992e+00 0. 0. 0. 0. 0. 0. 0. 0. 0. 0. 0. 0. 0.
    0. 0. 0. 0. 1.80400002e+00 1.80400002e+00 1.80400002e+00
    1.80499995e+00 1.85099995e+00 1.88199997e+00 1.89800000e+00
    1.92799997e+00 1.94900000e+00 1.94900000e+00 1.96200001e+00
    1.97399998e+00 1.97399998e+00 2.01799989e+00 2.07999992e+00
    2.09699988e+00 2.13299990e+00 2.18499994e+00 2.20400000e+00
    1.62899995e+00 0. 0. 0. 0. 0. 0. 0. 0. 0. 0. 0. 0. 0. 0. 0. 0. 0. 0.
    0. 0. 1.79799998e+00 1.79799998e+00 1.79999995e+00 1.80499995e+00
    1.83500004e+00 1.86500001e+00 1.89600003e+00 1.92799997e+00
    1.94900000e+00 1.94900000e+00 1.94900000e+00 1.94900000e+00
    1.94900000e+00 1.99199998e+00 2.05100012e+00 2.05100012e+00
    2.08800006e+00 2.15700006e+00 2.19400001e+00 1.06099999e+00 0. 0. 0.
    0. 0. 0. 0. 0. 0. 0. 0. 0. 0. 0. 0. 0. 0. 0. 0. 1.29700005e+00
    1.76800001e+00 1.76800001e+00 1.78199995e+00 1.80499995e+00
    1.83500004e+00 1.86500001e+00 1.89600003e+00 1.92799997e+00
    1.94900000e+00 1.94900000e+00 1.94900000e+00 1.94900000e+00
    1.94900000e+00 1.99199998e+00 2.05100012e+00 2.05100012e+00
    2.08800006e+00 2.15700006e+00 2.19400001e+00 1.06099999e+00 0. 0. 0.
    0. 0. 0. 0. 0. 0. 0. 0. 0. 0. 0. 0. 0. 0. 0. 1.75800002e+00
    1.75800002e+00 1.75800002e+00 1.75800002e+00 1.77499998e+00
    1.80499995e+00 1.83500004e+00 1.86500001e+00 1.89600003e+00
    1.92799997e+00 1.94900000e+00 1.94900000e+00 1.93799996e+00
    1.92799997e+00 1.92799997e+00 1.98000002e+00 1.94099998e+00 0. 0. 0.
    0. 0. 0. 0. 0. 0. 0. 0. 0. 0. 0. 0. 0. 0. 0. 0. 0. 0. 0. 0.
    1.75800002e+00 1.75800002e+00 1.75800002e+00 1.75800002e+00
    1.77499998e+00 1.80499995e+00 1.83500004e+00 1.86500001e+00
    1.89600003e+00 1.92600000e+00 1.94599998e+00 1.94599998e+00
    1.92200005e+00 1.89900005e+00 1.89900005e+00 1.85300004e+00
    1.54499996e+00 0. 0. 0. 0. 0. 0. 0. 0. 0. 0. 0. 0. 0. 0. 0. 0. 0. 0.
    0. 0. 0. 0. 0. 1.75800002e+00 1.75800002e+00 1.75800002e+00
    1.75800002e+00 1.77499998e+00 1.80499995e+00 1.83500004e+00
    1.86500001e+00 1.89600003e+00 1.90799999e+00 1.91400003e+00
    1.91400003e+00 1.90600002e+00 1.89900005e+00 1.89900005e+00 0. 0. 0.
    0. 0. 0. 0. 0. 0. 0. 0. 0. 0. 0. 0. 0. 0. 0. 0. 0. 0. 0. 0. 0. 0.
    1.75800002e+00 1.75800002e+00 1.75800002e+00 1.75800002e+00
    1.77499998e+00 1.80499995e+00 1.83500004e+00 1.85599995e+00
    1.86600006e+00 1.86699998e+00 1.87000000e+00 1.88000000e+00
    1.88300002e+00 1.88300002e+00 1.88300002e+00 0. 0. 0. 0. 0. 0. 0. 0.
    0. 0. 0. 0. 0. 0. 0. 0. 0. 0. 0. 0. 0. 0. 0. 0. 0. 1.75800002e+00
    1.75800002e+00 1.75800002e+00 1.75800002e+00 1.77499998e+00
    1.80499995e+00 1.83500004e+00 1.83700001e+00 1.80799997e+00
