<?xml version="1.0"?>
<opencv_storage>
<Depth type_id="opencv-matrix">
  <rows>40</rows>
  <cols>40</cols>
  <dt>f</dt>
  <data>
    0. 0. 0. 0. 0. 0. 0. 0. 0. 0. 0. 0. 0. 0. 0. 0. 0. 0. 0. 0. 0. 0. 0.
    0. 0. 0. 0. 0. 0. 0. 0. 0. 0. 0. 0. 0. 0. 0. 0. 0. 0. 0. 0. 0. 0. 0.
    0. 0. 0. 0. 0. 0. 0. 0. 0. 0. 0. 0. 0. 0. 0. 0. 0. 0. 0. 0. 0. 0. 0.
    0. 0. 0. 0. 0. 0. 0. 0. 0. 0. 0. 0. 0. 0. 0. 0. 0. 0. 0. 0. 0. 0. 0.
    0. 0. 0. 0. 0. 0. 0. 0. 0. 0. 0. 0. 0. 0. 0. 0. 0. 0. 0. 0. 0. 0. 0.
    0. 0. 0. 0. 0. 0. 0. 0. 0. 0. 0. 0. 0. 0. 0. 0. 0. 0. 0. 0. 0. 0. 0.
    0. 0. 0. 0. 0. 0. 0. 0. 0. 0. 0. 0. 0. 0. 0. 0. 0. 0. 0. 0. 0. 0. 0.
    0. 0. 0. 0. 0. 0. 0. 0. 0. 0. 0. 0. 0. 0. 0. 0. 0. 0. 0. 0. 0. 0. 0.
    0. 0. 0. 0. 0. 0. 0. 0. 0. 0. 0. 0. 0. 0. 0. 0. 0. 0. 0. 0. 0. 0. 0.
    0. 0. 0. 0. 0. 0. 0. 0. 0. 0. 0. 0. 0. 0. 0. 0. 0. 0. 0. 0. 0. 0. 0.
    0. 0. 0. 0. 0. 0. 0. 0. 0. 0. 0. 0. 0. 0. 0. 0. 0. 0. 0. 0. 0. 0. 0.
    0. 0. 0. 0. 0. 0. 0. 0. 0. 0. 0. 0. 0. 0. 0. 0. 0. 0. 0. 0. 0. 0. 0.
    0. 0. 0. 0. 0. 0. 0. 0. 0. 0. 0. 0. 0. 0. 0. 0. 0. 0. 0. 0. 0. 0. 0.
    0. 0. 0. 0. 0. 0. 0. 0. 0. 0. 0. 0. 0. 0. 0. 0. 0. 0. 0. 0. 0. 0. 0.
    0. 0. 0. 0. 0. 0. 0. 0. 0. 0. 0. 0. 0. 0. 0. 0. 0. 0. 0. 0. 0. 0. 0.
    0. 0. 0. 0. 0. 0. 0. 0. 0. 0. 0. 0. 0. 0. 0. 0. 0. 0. 0. 0. 0. 0. 0.
    0. 0. 0. 0. 0. 0. 0. 0. 0. 0. 0. 0. 0. 0. 0. 0. 0. 0. 0. 0. 0. 0. 0.
    0. 0. 0. 0. 0. 0. 0. 0. 0. 0. 0. 0. 0. 0. 0. 0. 0. 0. 0. 0. 0. 0. 0.
    0. 0. 0. 0. 0. 0. 0. 0. 0. 0. 0. 0. 0. 0. 0. 0. 0. 0. 0. 0. 0. 0. 0.
    0. 0. 0. 0. 0. 0. 0. 0. 0. 0. 0. 0. 0. 0. 0. 0. 0. 0. 0. 0. 0. 0. 0.
    0. 0. 0. 0. 0. 0. 0. 0. 0. 0. 0. 0. 0. 0. 0. 0. 0. 0. 0. 0. 0. 0.
    2.03299999e+00 2.03299999e+00 2.03299999e+00 2.03299999e+00
    2.03299999e+00 2.03299999e+00 2.03299999e+00 2.03299999e+00
    2.04600000e+00 2.24699998e+00 2.86100006e+00 2.16499996e+00
    2.03299999e+00 2.01699996e+00 2. 1.99699998e+00 1.97200000e+00
    1.96899998e+00 1.96899998e+00 1.98000002e+00 2. 2. 2. 2.01999998e+00
    2.03299999e+00 2.03299999e+00 2.03299999e+00 2.03299999e+00
    2.03299999e+00 2.03299999e+00 2.32599998e+00 0. 0. 2.72499990e+00
    2.55599999e+00 2.51600003e+00 0. 0. 0. 0. 2.03299999e+00
    2.01600003e+00 2.00900006e+00 2.00900006e+00 2.01300001e+00
    2.03200006e+00 2.03299999e+00 2.03299999e+00 2.03699994e+00
    2.09299994e+00 2.26500010e+00 2.04999995e+00 2.00900006e+00
    2.00500011e+00 2. 1.99699998e+00 1.97200000e+00 1.96899998e+00
    1.96899998e+00 1.98000002e+00 2. 2. 2. 2.00600004e+00 2.01900005e+00
    2.03299999e+00 2.03299999e+00 2.03299999e+00 2.01699996e+00
    1.99899995e+00 2.06299996e+00 2.25000000e+00 2.25000000e+00
    2.14299989e+00 2.08999991e+00 2.07900000e+00 0. 0. 0. 0.
    2.03299999e+00 2.00900006e+00 2. 2. 2.00500011e+00 2.03200006e+00
    2.03299999e+00 2.03299999e+00 2.03299999e+00 2.02900004e+00
    2.01500010e+00 2.00200009e+00 2. 2.00799990e+00 2.01799989e+00
    2.01600003e+00 2.00399995e+00 1.97800004e+00 1.96899998e+00
    1.98000002e+00 2. 2. 2. 2. 2.01399994e+00 2.03299999e+00
    2.03200006e+00 2.01799989e+00 1.98300004e+00 1.95299995e+00
    1.93200004e+00 1.92200005e+00 1.92200005e+00 1.91199994e+00
    1.90799999e+00 1.90799999e+00 0. 0. 0. 0. 1.72899997e+00
    1.70500004e+00 1.69500005e+00 1.80400002e+00 2.01500010e+00
    2.03200006e+00 2.03299999e+00 2.03299999e+00 2.03299999e+00
    2.02600002e+00 2. 2. 2. 2.01600003e+00 2.03299999e+00 2.03299999e+00
    2.03299999e+00 1.98699999e+00 1.96899998e+00 1.98000002e+00 2. 2. 2.
    2. 2.01399994e+00 2.03299999e+00 2.03200006e+00 2.00500011e+00
    1.95899999e+00 1.92400002e+00 1.90799999e+00 1.90799999e+00
    1.90799999e+00 1.89999998e+00 1.89800000e+00 1.89800000e+00 0. 0. 0.
    0. 1.14999998e+00 1.12500000e+00 1.11500001e+00 1.43099999e+00
    2.03299999e+00 2.03299999e+00 2.03299999e+00 2.03299999e+00
    2.03099990e+00 2.02200007e+00 2. 2. 2. 2.01600003e+00 2.03299999e+00
    2.03299999e+00 2.03299999e+00 1.99000001e+00 1.97399998e+00
    1.98300004e+00 2. 2. 2. 2. 2.01399994e+00 2.03200006e+00
    2.02699995e+00 2.00399995e+00 1.96200001e+00 1.92600000e+00
    1.90799999e+00 1.90799999e+00 1.90799999e+00 1.88600004e+00
    1.87800002e+00 1.87800002e+00 0. 0. 0. 0. 1.14999998e+00
    1.12500000e+00 1.11500001e+00 1.43099999e+00 2.03299999e+00
    2.03299999e+00 2.03299999e+00 2.03299999e+00 2.01999998e+00
    2.00099993e+00 2. 2. 2. 2.01600003e+00 2.03299999e+00 2.03299999e+00
    2.03299999e+00 2.00799990e+00 1.99899995e+00 1.99899995e+00 2. 2. 2.
    2. 2.01399994e+00 2.02600002e+00 2.00099993e+00 2. 1.97899997e+00
    1.94000006e+00 1.90799999e+00 1.90799999e+00 1.90799999e+00
    1.88600004e+00 1.87800002e+00 1.87800002e+00 0. 0. 0. 0.
    1.16299999e+00 1.13800001e+00 1.12800002e+00 1.44900000e+00
    2.05800009e+00 2.05800009e+00 2.05800009e+00 2.04299998e+00
    2.01999998e+00 2. 2. 2. 2. 2.00300002e+00 2.00699997e+00
    2.00699997e+00 2.00699997e+00 2.00200009e+00 2. 2. 2. 2. 2. 2.
    2.01399994e+00 2.02600002e+00 2. 2. 1.97899997e+00 1.94000006e+00
    1.90799999e+00 1.90799999e+00 1.90799999e+00 1.90300000e+00
    1.90100002e+00 1.90100002e+00 0. 0. 0. 0. 1.17799997e+00
    1.15999997e+00 1.15300000e+00 1.46099997e+00 2.04600000e+00
    2.04600000e+00 2.06100011e+00 2.04600000e+00 2.02800012e+00
    2.01999998e+00 2.01999998e+00 2.01999998e+00 2.01999998e+00
    2.00999999e+00 2. 2. 2. 2. 2. 2.00699997e+00 2.01999998e+00
    2.01999998e+00 2.01999998e+00 2.01999998e+00 2.02500010e+00
    2.02999997e+00 2.01900005e+00 2.00300002e+00 1.99199998e+00
    1.95799994e+00 1.92600000e+00 1.92400002e+00 1.90999997e+00
    1.90799999e+00 1.90799999e+00 1.90799999e+00 0. 0. 0. 0.
    1.17799997e+00 1.17499995e+00 1.17400002e+00 1.47000003e+00
    2.03299999e+00 2.03299999e+00 2.05800009e+00 2.05399990e+00
    2.04099989e+00 2.03299999e+00 2.03299999e+00 2.03299999e+00
    2.03299999e+00 2.02399993e+00 2.01300001e+00 2.01300001e+00
    2.01300001e+00 2.01300001e+00 2.01300001e+00 2.01999998e+00
    2.03299999e+00 2.03299999e+00 2.03299999e+00 2.03299999e+00
    2.03299999e+00 2.02999997e+00 2.01900005e+00 2.00300002e+00 2.
    1.97099996e+00 1.93799996e+00 1.93599999e+00 1.92200005e+00
    1.91100001e+00 1.90799999e+00 1.90799999e+00 0. 0. 0. 0.
    1.16700006e+00 1.17999995e+00 1.18700004e+00 1.47700000e+00
    2.02600002e+00 2.02600002e+00 2.05599999e+00 2.06500006e+00
    2.05200005e+00 2.03299999e+00 2.03299999e+00 2.03299999e+00
    2.03299999e+00 2.03299999e+00 2.03299999e+00 2.03299999e+00
    2.03299999e+00 2.03299999e+00 2.03299999e+00 2.03299999e+00
    2.03299999e+00 2.03299999e+00 2.03299999e+00 2.03299999e+00
    2.03299999e+00 2.02600002e+00 2. 2. 2. 1.97099996e+00 1.93799996e+00
    1.93799996e+00 1.93799996e+00 1.91600001e+00 1.90799999e+00
    1.90799999e+00 0. 0. 0. 0. 1.16700006e+00 1.17999995e+00
    1.19400001e+00 1.46800005e+00 1.97700000e+00 1.99899995e+00
    2.04999995e+00 2.06399989e+00 2.05200005e+00 2.03399992e+00
    2.03299999e+00 2.03299999e+00 2.03200006e+00 2.03200006e+00
    2.03200006e+00 2.03299999e+00 2.03299999e+00 2.03299999e+00
    2.03299999e+00 2.03299999e+00 2.03299999e+00 2.03299999e+00
    2.03299999e+00 2.03299999e+00 2.03299999e+00 2.02600002e+00 2. 2. 2.
    1.97099996e+00 1.93799996e+00 1.93799996e+00 1.93799996e+00
    1.91600001e+00 1.90799999e+00 1.90799999e+00 0. 0. 0. 0.
    1.16700006e+00 1.16900003e+00 1.17900002e+00 1.23500001e+00
    1.43200004e+00 1.98000002e+00 2.02999997e+00 2.03800011e+00
    2.04699993e+00 2.05399990e+00 2.03299999e+00 2.03299999e+00
    2.01500010e+00 2.00500011e+00 2.01300001e+00 2.03299999e+00
    2.03299999e+00 2.03299999e+00 2.03299999e+00 2.03299999e+00
    2.03299999e+00 2.03299999e+00 2.03299999e+00 2.03299999e+00
    2.03299999e+00 2.02600002e+00 2. 2. 2. 1.97099996e+00 1.93799996e+00
    1.93799996e+00 1.93799996e+00 1.91600001e+00 1.90799999e+00
    1.90799999e+00 0. 0. 0. 0. 1.16700006e+00 1.16700006e+00
    1.16999996e+00 1.17100000e+00 1.21099997e+00 1.43200004e+00
