<?xml version="1.0"?>
<opencv_storage>
<Depth type_id="opencv-matrix">
  <rows>40</rows>
  <cols>40</cols>
  <dt>f</dt>
  <data>
    0. 0. 0. 0. 0. 0. 0. 0. 0. 0. 0. 0. 0. 0. 0. 0. 0. 0. 0. 0. 0. 0. 0.
    0. 0. 0. 0. 0. 0. 0. 0. 0. 0. 0. 0. 0. 0. 0. 0. 0. 0. 0. 0. 0. 0. 0.
    0. 0. 0. 0. 0. 0. 0. 0. 0. 0. 0. 0. 0. 0. 0. 0. 0. 0. 0. 0. 0. 0. 0.
    0. 0. 0. 0. 0. 0. 0. 0. 0. 0. 0. 0. 0. 0. 0. 0. 0. 0. 0. 0. 0. 0. 0.
    0. 0. 0. 0. 0. 0. 0. 0. 0. 0. 0. 0. 0. 0. 0. 0. 0. 0. 0. 0. 0. 0. 0.
    0. 0. 0. 0. 0. 0. 0. 0. 0. 0. 0. 0. 0. 0. 0. 0. 0. 0. 0. 0. 0. 0. 0.
    0. 0. 0. 0. 0. 0. 0. 0. 0. 0. 0. 0. 0. 0. 0. 0. 0. 0. 0. 0. 0. 0. 0.
    0. 0. 0. 0. 0. 0. 0. 0. 0. 0. 0. 0. 0. 0. 0. 0. 0. 0. 0. 0. 0. 0. 0.
    0. 0. 0. 0. 0. 0. 0. 0. 0. 0. 0. 0. 0. 0. 0. 0. 0. 0. 0. 0. 0. 0. 0.
    0. 0. 0. 0. 0. 0. 0. 0. 0. 0. 0. 0. 0. 0. 0. 0. 0. 0. 0. 0. 0. 0. 0.
    0. 0. 0. 0. 0. 0. 0. 0. 0. 0. 0. 0. 0. 0. 0. 0. 0. 0. 0. 0. 0. 0. 0.
    0. 0. 0. 0. 0. 0. 0. 0. 0. 0. 0. 0. 0. 0. 0. 0. 0. 0. 0. 0. 0. 0. 0.
    0. 0. 0. 0. 0. 0. 0. 0. 0. 0. 0. 0. 0. 0. 0. 0. 0. 0. 0. 0. 0. 0. 0.
    0. 0. 0. 0. 0. 0. 0. 0. 0. 0. 0. 0. 0. 0. 0. 0. 0. 0. 0. 0. 0. 0. 0.
    0. 0. 0. 0. 0. 0. 0. 0. 0. 0. 0. 0. 0. 0. 0. 0. 0. 0. 0. 0. 0. 0. 0.
    0. 0. 0. 0. 0. 0. 0. 0. 0. 0. 0. 0. 0. 0. 0. 0. 0. 0. 0. 0. 0. 0. 0.
    0. 0. 0. 0. 0. 0. 0. 0. 0. 0. 0. 0. 0. 0. 0. 0. 0. 0. 0. 0. 0. 0. 0.
    0. 0. 0. 0. 0. 0. 0. 0. 0. 0. 0. 0. 0. 0. 0. 0. 0. 0. 0. 0. 0. 0. 0.
    0. 0. 0. 0. 0. 0. 0. 0. 0. 0. 0. 0. 0. 0. 0. 0. 0. 0. 0. 0. 0. 0. 0.
    0. 0. 0. 0. 1.36199999e+00 1.36199999e+00 1.36500001e+00
    1.36800003e+00 1.36800003e+00 2.08899999e+00 2.09500003e+00
    2.10899997e+00 2.10800004e+00 2.10700011e+00 2.50000000e+00
    2.54299998e+00 2.54299998e+00 2.56299996e+00 2.56100011e+00
    2.56200004e+00 2.80699992e+00 2.87800002e+00 2.87800002e+00
    2.87800002e+00 2.87800002e+00 2.90199995e+00 2.87599993e+00
    2.84599996e+00 2.83400011e+00 2.81800008e+00 2.81800008e+00
    2.82100010e+00 2.82100010e+00 2.82100010e+00 2.81999993e+00
    2.81800008e+00 2.79600000e+00 2.79099989e+00 2.78500009e+00
    2.76500010e+00 2.74699998e+00 2.71799994e+00 0. 0. 1.36800003e+00
    1.36800003e+00 1.36699998e+00 1.36600006e+00 1.52100003e+00
    2.07100010e+00 2.07599998e+00 2.08699989e+00 2.08299994e+00
    2.07800007e+00 2.08500004e+00 2.08500004e+00 2.08400011e+00
    2.24000001e+00 2.23200011e+00 2.10599995e+00 2.11800003e+00
    2.66400003e+00 2.65499997e+00 2.65000010e+00 2.64800000e+00
    2.65199995e+00 2.87400007e+00 2.82100010e+00 2.80900002e+00
    2.79299998e+00 2.79299998e+00 2.81299996e+00 2.81999993e+00
    2.81100011e+00 2.79500008e+00 2.78600001e+00 2.77900004e+00
    2.75200009e+00 2.75200009e+00 2.74300003e+00 2.71600008e+00
    2.70600009e+00 0. 0. 1.36800003e+00 1.36699998e+00 1.36300004e+00
    1.36099994e+00 1.93200004e+00 2.05500007e+00 2.05500007e+00
    2.05800009e+00 2.06399989e+00 2.06399989e+00 2.05599999e+00
    2.05399990e+00 2.04500008e+00 2.04200006e+00 2.06200004e+00
    2.06599998e+00 2.06500006e+00 2.08299994e+00 2.05599999e+00
    2.03800011e+00 2.02999997e+00 2.03800011e+00 2.49200010e+00
    2.46499991e+00 2.45799994e+00 2.43700004e+00 2.43400002e+00
    2.43400002e+00 2.81699991e+00 2.66599989e+00 2.41899991e+00
    2.41899991e+00 2.40599990e+00 2.70099998e+00 2.70400000e+00
    2.71300006e+00 2.69700003e+00 2.68700004e+00 0. 0. 1.36800003e+00
    1.36300004e+00 1.36099994e+00 1.64900005e+00 2.01600003e+00
    2.04600000e+00 2.04600000e+00 2.04600000e+00 2.04600000e+00
    2.03900003e+00 2.03600001e+00 2.03500009e+00 2.01999998e+00
    2.02699995e+00 2.02999997e+00 2.00600004e+00 2.00099993e+00
    2.02800012e+00 2.02699995e+00 2.03800011e+00 2.03299999e+00
    2.02999997e+00 2.02900004e+00 2.02200007e+00 2.01699996e+00
    2.00200009e+00 2. 2. 2.28999996e+00 2.18300009e+00 1.99000001e+00
    1.99000001e+00 1.98199999e+00 2.21399999e+00 2.20799994e+00
    2.21499991e+00 2.20900011e+00 2.58400011e+00 0. 0. 1.36199999e+00
    1.36099994e+00 1.63100004e+00 2.04200006e+00 2.07800007e+00
    2.07200003e+00 2.05699992e+00 2.04600000e+00 2.04600000e+00
    2.03399992e+00 2.02999997e+00 2.02900004e+00 2.01500010e+00
    2.01600003e+00 2.01600003e+00 1.99100006e+00 1.98500001e+00 2.
    2.00200009e+00 2.00099993e+00 1.99399996e+00 1.99300003e+00
    1.99399996e+00 2.00300002e+00 2.00200009e+00 1.99199998e+00
    1.98800004e+00 1.98800004e+00 1.97300005e+00 1.97300005e+00
    1.97300005e+00 1.97300005e+00 1.97000003e+00 1.94000006e+00
    1.92700005e+00 1.92700005e+00 1.91999996e+00 2.02699995e+00 0. 0.
    1.36099994e+00 1.56299996e+00 2.10800004e+00 2.09999990e+00
    2.09400010e+00 2.07800007e+00 2.05900002e+00 2.04600000e+00
    2.04600000e+00 2.03399992e+00 2.02999997e+00 2.01500010e+00
    2.01500010e+00 2.01500010e+00 2.01500010e+00 2.00300002e+00 2. 2.
    1.99500000e+00 1.98500001e+00 1.97399998e+00 1.95700002e+00
    1.95500004e+00 1.95500004e+00 1.95500004e+00 1.96399999e+00
    1.95799994e+00 1.95500004e+00 1.95299995e+00 1.94099998e+00
    1.94799995e+00 1.95500004e+00 1.95500004e+00 1.94000006e+00
    1.92700005e+00 1.92700005e+00 1.91900003e+00 1.90199995e+00 0. 0.
    1.34500003e+00 1.55299997e+00 2.10999990e+00 2.09999990e+00
    2.09400010e+00 2.09400010e+00 2.07299995e+00 2.04800010e+00
    2.04600000e+00 2.03699994e+00 2.02999997e+00 2.01699996e+00
    2.01500010e+00 2.02200007e+00 2.02099991e+00 2.00300002e+00 2. 2.
    1.99500000e+00 1.98500001e+00 1.97599995e+00 1.95700002e+00
    1.95400000e+00 1.94099998e+00 1.94099998e+00 1.94099998e+00
    1.94099998e+00 1.92700005e+00 1.91299999e+00 1.91199994e+00
    1.91100001e+00 1.91900003e+00 1.92200005e+00 1.91999996e+00
    1.91900003e+00 1.90999997e+00 1.88600004e+00 1.85800004e+00 0. 0.
    1.62399995e+00 1.75199997e+00 2.10999990e+00 2.10299993e+00
    2.09500003e+00 2.09400010e+00 2.07500005e+00 2.05800009e+00
    2.05200005e+00 2.04800010e+00 2.03699994e+00 2.02900004e+00
    2.01999998e+00 2.02500010e+00 2.02399993e+00 2.00799990e+00 2. 2.
    1.99500000e+00 1.98500001e+00 1.98500001e+00 1.95799994e+00
    1.95400000e+00 1.94500005e+00 1.94099998e+00 1.94099998e+00
    1.94099998e+00 1.92700005e+00 1.91299999e+00 1.90799999e+00
    1.89600003e+00 1.89400005e+00 1.88999999e+00 1.88000000e+00
    1.87300003e+00 1.85800004e+00 1.83700001e+00 1.83200002e+00 0. 0.
    2.13499999e+00 2.11899996e+00 2.11500001e+00 2.10999990e+00
    2.09699988e+00 2.09400010e+00 2.07500005e+00 2.06200004e+00
    2.06200004e+00 2.05699992e+00 2.04699993e+00 2.03800011e+00
    2.02999997e+00 2.02999997e+00 2.02999997e+00 2.01799989e+00
    2.00799990e+00 2.00699997e+00 1.99800003e+00 1.99300003e+00
    1.98699999e+00 1.96500003e+00 1.96300006e+00 1.95899999e+00
    1.94900000e+00 1.94900000e+00 1.94299996e+00 1.93499994e+00
    1.92100000e+00 1.91600001e+00 1.89499998e+00 1.88499999e+00
    1.87399995e+00 1.86399996e+00 1.85800004e+00 1.85200000e+00
    1.83700001e+00 1.83200002e+00 0. 0. 2.14199996e+00 2.12700009e+00
    2.11899996e+00 2.10999990e+00 2.09699988e+00 2.09400010e+00
    2.07699990e+00 2.06900001e+00 2.06200004e+00 2.06200004e+00
    2.05800009e+00 2.04500008e+00 2.02999997e+00 2.02999997e+00
    2.02999997e+00 2.02699995e+00 2.01500010e+00 2.00399995e+00 2. 2.
    1.99699998e+00 1.98199999e+00 1.98000002e+00 1.96599996e+00
    1.95500004e+00 1.95500004e+00 1.94400001e+00 1.94099998e+00
    1.92700005e+00 1.92200005e+00 1.90400004e+00 1.88800001e+00
    1.88199997e+00 1.85800004e+00 1.85800004e+00 1.85200000e+00
    1.83700001e+00 1.83200002e+00 0. 0. 2.14199996e+00 2.12299991e+00
    2.11100006e+00 2.10100007e+00 2.09400010e+00 2.09400010e+00
    2.07800007e+00 2.07699990e+00 2.06100011e+00 2.04800010e+00
    2.04800010e+00 2.03099990e+00 2.02999997e+00 2.02999997e+00
    2.02999997e+00 2.02999997e+00 2.01500010e+00 2. 2. 1.99300003e+00
    1.98599994e+00 1.98500001e+00 1.98500001e+00 1.97599995e+00
    1.95500004e+00 1.95500004e+00 1.94400001e+00 1.94099998e+00
