<?xml version="1.0"?>
<opencv_storage>
<Depth type_id="opencv-matrix">
  <rows>40</rows>
  <cols>40</cols>
  <dt>f</dt>
  <data>
    0. 0. 0. 0. 0. 0. 0. 0. 0. 0. 2.70900011e+00 2.25699997e+00
    2.25699997e+00 2.23200011e+00 2.18700004e+00 2.11800003e+00
    2.03200006e+00 2. 2. 2.02699995e+00 2.06900001e+00 2.05500007e+00
    2.01200008e+00 2. 2. 2. 2. 2. 2. 2. 2. 2. 0. 0. 0. 0. 0. 0. 0. 0. 0.
    0. 0. 0. 0. 0. 0. 0. 0. 0. 2.70900011e+00 2.25699997e+00
    2.25699997e+00 2.23200011e+00 2.18700004e+00 2.12500000e+00
    2.04999995e+00 2.02200007e+00 2.02200007e+00 2.04200006e+00
    2.07299995e+00 2.06200004e+00 2.03099990e+00 2.02200007e+00
    2.02200007e+00 2.01399994e+00 2.00300002e+00 2. 2. 2. 2. 2. 0. 0. 0.
    0. 0. 0. 0. 0. 0. 0. 0. 0. 0. 0. 0. 0. 0. 0. 2.70900011e+00
    2.25699997e+00 2.25699997e+00 2.23200011e+00 2.18700004e+00
    2.13700008e+00 2.08400011e+00 2.06399989e+00 2.06399989e+00
    2.06999993e+00 2.07999992e+00 2.07599998e+00 2.06699991e+00
    2.06399989e+00 2.06399989e+00 2.03999996e+00 2.00799990e+00 2. 2. 2.
    2. 2. 0. 0. 0. 0. 0. 0. 0. 0. 0. 0. 0. 0. 0. 0. 0. 0. 0. 0.
    2.69899988e+00 2.25699997e+00 2.25699997e+00 2.23200011e+00
    2.18700004e+00 2.15000010e+00 2.11899996e+00 2.10700011e+00
    2.10700011e+00 2.09899998e+00 2.08699989e+00 2.08299994e+00
    2.08299994e+00 2.07500005e+00 2.06299996e+00 2.03800011e+00
    2.00699997e+00 2. 2. 2. 2. 2. 0. 0. 0. 0. 0. 0. 0. 0. 0. 0. 0. 0. 0.
    0. 0. 0. 0. 0. 2.68000007e+00 2.25699997e+00 2.25699997e+00
    2.23200011e+00 2.18700004e+00 2.16300011e+00 2.15400004e+00
    2.15000010e+00 2.15000010e+00 2.12800002e+00 2.09400010e+00
    2.08299994e+00 2.08299994e+00 2.05999994e+00 2.02699995e+00
    2.01099992e+00 2.00200009e+00 2. 2. 2. 2. 2. 0. 0. 0. 0. 0. 0. 0. 0.
    0. 0. 0. 0. 0. 0. 0. 0. 0. 0. 2.67199993e+00 2.25699997e+00
    2.25699997e+00 2.23200011e+00 2.18700004e+00 2.16899991e+00
    2.16899991e+00 2.16899991e+00 2.16899991e+00 2.13299990e+00
    2.07699990e+00 2.05900002e+00 2.05900002e+00 2.03800011e+00
    2.00799990e+00 2. 2. 2. 2. 2. 2. 2. 0. 0. 0. 0. 0. 0. 0. 0. 0. 0. 0.
    0. 0. 0. 0. 0. 0. 0. 2.67199993e+00 2.25699997e+00 2.25699997e+00
    2.23200011e+00 2.18700004e+00 2.16899991e+00 2.16899991e+00
    2.16899991e+00 2.16899991e+00 2.11899996e+00 2.04200006e+00
    2.01699996e+00 2.01699996e+00 2.01099992e+00 2.00200009e+00 2. 2. 2.
    2. 2. 2. 2. 0. 0. 0. 0. 0. 0. 0. 0. 0. 0. 0. 0. 0. 0. 0. 0. 0. 0.
    2.64299989e+00 2.20400000e+00 2.20400000e+00 2.19400001e+00
    2.17600012e+00 2.16899991e+00 2.16899991e+00 2.16899991e+00
    2.16899991e+00 2.11299992e+00 2.02800012e+00 2. 2. 2. 2. 2. 2. 2. 2.
    2. 2. 2. 0. 0. 0. 0. 0. 0. 0. 0. 0. 0. 0. 0. 0. 0. 0. 0. 0. 0.
    2.59400010e+00 2.11599994e+00 2.11599994e+00 2.13100004e+00
    2.15799999e+00 2.16899991e+00 2.16899991e+00 2.16899991e+00
    2.16899991e+00 2.11299992e+00 2.02800012e+00 2. 2. 2. 2. 2. 2. 2. 2.
    2. 2. 2. 0. 0. 0. 0. 0. 0. 0. 0. 0. 0. 0. 0. 0. 0. 0. 0. 0. 0.
    2.57599998e+00 2.08299994e+00 2.08299994e+00 2.10800004e+00
    2.15100002e+00 2.16899991e+00 2.16899991e+00 2.16000009e+00
    2.14700007e+00 2.10400009e+00 2.04500008e+00 2.02600002e+00
    2.02600002e+00 2.01699996e+00 2.00399995e+00 2. 2. 2. 2. 2. 2. 2. 0.
    0. 0. 0. 0. 0. 0. 0. 0. 0. 0. 0. 0. 0. 0. 0. 0. 0. 2.57599998e+00
    2.08299994e+00 2.08299994e+00 2.10800004e+00 2.15100002e+00
    2.16899991e+00 2.16899991e+00 2.14700007e+00 2.11100006e+00
    2.08800006e+00 2.07299995e+00 2.06800008e+00 2.06800008e+00
    2.04399991e+00 2.00900006e+00 2. 2. 2. 2. 2. 2. 2. 0. 0. 0. 0. 0. 0.
    0. 0. 0. 0. 0. 0. 0. 0. 0. 0. 0. 0. 2.41400003e+00 2.09100008e+00
    2.10500002e+00 2.12800002e+00 2.15700006e+00 2.16000009e+00
    2.14599991e+00 2.12199998e+00 2.09299994e+00 2.08299994e+00
    2.08299994e+00 2.08299994e+00 2.08299994e+00 2.05299997e+00
    2.01099992e+00 2. 2. 2. 2. 2. 2. 2. 0. 0. 0. 0. 0. 0. 0. 0. 0. 0. 0.
    0. 0. 0. 0. 0. 2.43000007e+00 2.33999991e+00 2.16400003e+00
    2.10299993e+00 2.13899994e+00 2.15899992e+00 2.16599989e+00
    2.14700007e+00 2.11100006e+00 2.09299994e+00 2.08599997e+00
    2.08299994e+00 2.08299994e+00 2.08299994e+00 2.08299994e+00
    2.05299997e+00 2.01099992e+00 2. 2. 2. 2. 2. 2. 2. 0. 0. 0. 0. 0. 0.
    0. 0. 0. 0. 0. 0. 0. 0. 0. 0. 2.08299994e+00 2.08299994e+00
    2.08299994e+00 2.10700011e+00 2.15000010e+00 2.16899991e+00
    2.16899991e+00 2.14299989e+00 2.09899998e+00 2.08299994e+00
    2.08299994e+00 2.08299994e+00 2.08299994e+00 2.07299995e+00
    2.05900002e+00 2.03500009e+00 2.00699997e+00 2. 2. 2. 2. 2. 2. 2. 0.
    0. 0. 0. 0. 0. 0. 0. 0. 0. 0. 0. 0. 0. 0. 0. 2.08299994e+00
    2.08299994e+00 2.08299994e+00 2.10700011e+00 2.15000010e+00
    2.16899991e+00 2.16899991e+00 2.14299989e+00 2.09899998e+00
    2.08299994e+00 2.08299994e+00 2.08299994e+00 2.08299994e+00
    2.05900002e+00 2.02300000e+00 2.00799990e+00 2.00200009e+00 2. 2. 2.
    2. 2. 2. 2. 0. 0. 0. 0. 0. 0. 0. 0. 0. 0. 0. 0. 0. 0. 0. 0.
    2.11400008e+00 2.11400008e+00 2.11400008e+00 2.12899995e+00
    2.15700006e+00 2.16899991e+00 2.16899991e+00 2.14299989e+00
    2.09899998e+00 2.08299994e+00 2.08299994e+00 2.08299994e+00
    2.08299994e+00 2.05500007e+00 2.01200008e+00 2. 2. 2. 2. 2. 2. 2. 2.
    2. 0. 0. 0. 0. 0. 0. 0. 0. 0. 0. 0. 0. 0. 0. 0. 0. 2.15700006e+00
    2.15700006e+00 2.15700006e+00 2.16000009e+00 2.16599989e+00
    2.16899991e+00 2.16899991e+00 2.14299989e+00 2.09899998e+00
    2.08299994e+00 2.08299994e+00 2.08299994e+00 2.08299994e+00
    2.05500007e+00 2.01200008e+00 2. 2. 2. 2. 2. 2. 2. 2. 2. 0. 0. 0. 0.
    0. 0. 0. 0. 0. 0. 0. 0. 0. 0. 0. 0. 2.20199990e+00 2.20199990e+00
    2.20199990e+00 2.19300008e+00 2.17600012e+00 2.16899991e+00
    2.16899991e+00 2.15300012e+00 2.12500000e+00 2.10500002e+00
    2.08899999e+00 2.07299995e+00 2.05699992e+00 2.03399992e+00
    2.00799990e+00 2. 2. 2. 2. 1.98800004e+00 1.97300005e+00
    1.97000003e+00 1.97000003e+00 1.97000003e+00 0. 0. 0. 0. 0. 0. 0. 0.
    0. 0. 0. 0. 0. 0. 0. 0. 2.24600005e+00 2.24600005e+00 2.24600005e+00
    2.22499990e+00 2.18600011e+00 2.16899991e+00 2.16899991e+00
    2.16599989e+00 2.16000009e+00 2.13499999e+00 2.09599996e+00
    2.05900002e+00 2.02200007e+00 2.00699997e+00 2.00200009e+00 2. 2. 2.
    2. 1.97300005e+00 1.93700004e+00 1.92900002e+00 1.92900002e+00
    1.92900002e+00 0. 0. 0. 0. 0. 0. 0. 0. 0. 0. 0. 0. 0. 0. 0. 0.
    2.22300005e+00 2.22300005e+00 2.22300005e+00 2.20799994e+00
    2.18099999e+00 2.16899991e+00 2.16899991e+00 2.16899991e+00
    2.16899991e+00 2.14199996e+00 2.09800005e+00 2.05599999e+00
    2.01399994e+00 2. 2. 2. 2. 2. 2. 1.96899998e+00 1.92799997e+00
    1.91900003e+00 1.91900003e+00 1.91900003e+00 0. 0. 0. 0. 0. 0. 0. 0.
    0. 0. 0. 0. 0. 0. 0. 0. 2.17899990e+00 2.17899990e+00 2.17899990e+00
    2.17600012e+00 2.17100000e+00 2.16899991e+00 2.16899991e+00
    2.16899991e+00 2.16899991e+00 2.14199996e+00 2.09800005e+00
    2.05599999e+00 2.01399994e+00 2. 2. 2. 2. 2. 2. 1.96899998e+00
    1.92799997e+00 1.91900003e+00 1.91900003e+00 1.91900003e+00 0. 0. 0.
    0. 0. 0. 0. 0. 0. 0. 0. 0. 0. 0. 0. 0. 2.16899991e+00 2.16899991e+00
    2.16899991e+00 2.16899991e+00 2.16899991e+00 2.16899991e+00
    2.16899991e+00 2.16899991e+00 2.16899991e+00 2.14199996e+00
    2.09800005e+00 2.05599999e+00 2.01399994e+00 2. 2. 2. 2. 2. 2.
    1.96899998e+00 1.92799997e+00 1.91900003e+00 1.91900003e+00
    1.91900003e+00 0. 0. 0. 0. 0. 0. 0. 0. 0. 0. 0. 0. 0. 0. 0. 0.
    2.16899991e+00 2.16899991e+00 2.16899991e+00 2.16899991e+00
    2.16899991e+00 2.16899991e+00 2.16899991e+00 2.16899991e+00
    2.16899991e+00 2.14199996e+00 2.09800005e+00 2.05599999e+00
    2.01399994e+00 2. 2. 2. 2. 2. 2. 1.96899998e+00 1.92799997e+00
    1.91900003e+00 1.91900003e+00 1.91900003e+00 0. 0. 0. 0. 0. 0. 0. 0.
    0. 0. 0. 0. 0. 0. 0. 0. 2.20499992e+00 2.19600010e+00 2.17700005e+00
    2.16899991e+00 2.16899991e+00 2.16899991e+00 2.16899991e+00
    2.15799999e+00 2.14000010e+00 2.11800003e+00 2.09200001e+00
