<?xml version="1.0"?>
<opencv_storage>
<Depth type_id="opencv-matrix">
  <rows>40</rows>
  <cols>40</cols>
  <dt>f</dt>
  <data>
    0. 0. 0. 0. 0. 0. 0. 0. 0. 0. 0. 0. 0. 0. 0. 0. 0. 0. 0. 0. 0. 0. 0.
    0. 0. 0. 0. 0. 0. 0. 0. 0. 0. 0. 0. 0. 0. 0. 0. 0. 0. 0. 0. 0. 0. 0.
    0. 0. 0. 0. 0. 0. 0. 0. 0. 0. 0. 0. 0. 0. 0. 0. 0. 0. 0. 0. 0. 0. 0.
    0. 0. 0. 0. 0. 0. 0. 0. 0. 0. 0. 0. 0. 0. 0. 0. 0. 0. 0. 0. 0. 0. 0.
    0. 0. 0. 0. 0. 0. 0. 0. 0. 0. 0. 0. 0. 0. 0. 0. 0. 0. 0. 0. 0. 0. 0.
    0. 0. 0. 0. 0. 0. 0. 0. 0. 0. 0. 0. 0. 0. 0. 0. 0. 0. 0. 0. 0. 0. 0.
    0. 0. 0. 0. 0. 0. 0. 0. 0. 0. 0. 0. 0. 0. 0. 0. 0. 0. 0. 0. 0. 0. 0.
    0. 0. 0. 0. 0. 0. 0. 0. 0. 0. 0. 0. 0. 0. 0. 0. 0. 0. 0. 0. 0. 0. 0.
    0. 0. 0. 0. 0. 0. 0. 0. 0. 0. 0. 0. 0. 0. 0. 0. 0. 0. 0. 0. 0. 0. 0.
    0. 0. 0. 0. 0. 0. 0. 0. 0. 0. 0. 0. 0. 0. 0. 0. 0. 0. 0. 0. 0. 0. 0.
    0. 0. 0. 0. 0. 0. 0. 0. 0. 0. 0. 0. 0. 0. 0. 0. 0. 0. 0. 0. 0. 0. 0.
    0. 0. 0. 0. 0. 0. 0. 0. 0. 0. 0. 0. 0. 0. 0. 0. 0. 0. 0. 0. 0. 0. 0.
    0. 0. 0. 0. 0. 0. 0. 0. 0. 0. 0. 0. 0. 0. 0. 0. 0. 0. 0. 0. 0. 0. 0.
    0. 0. 0. 0. 0. 0. 0. 0. 0. 0. 0. 0. 0. 0. 0. 0. 0. 0. 0. 0. 0. 0. 0.
    0. 0. 0. 0. 0. 0. 0. 0. 0. 0. 0. 0. 0. 0. 0. 0. 0. 0. 0. 0. 0. 0. 0.
    0. 0. 0. 0. 0. 0. 0. 0. 0. 0. 0. 0. 0. 0. 0. 0. 0. 0. 0. 0. 0. 0. 0.
    0. 0. 0. 0. 0. 0. 0. 0. 0. 0. 0. 0. 0. 0. 0. 0. 0. 0. 0. 0. 0. 0. 0.
    0. 0. 0. 0. 0. 0. 0. 0. 0. 0. 1.89499998e+00 1.89499998e+00
    1.89499998e+00 1.90100002e+00 1.94700003e+00 1.99399996e+00 2. 2. 2.
    2. 2.01799989e+00 2.06599998e+00 2.10800004e+00 2.10800004e+00
    2.10800004e+00 2.24300003e+00 2.39899993e+00 2.49300003e+00
    2.54900002e+00 2.60500002e+00 2.66300011e+00 2.72199988e+00
    2.78200006e+00 2.84299994e+00 2.85100007e+00 2.85100007e+00
    2.85100007e+00 2.85100007e+00 2.87299991e+00 2.93600011e+00
    2.99200010e+00 2.99200010e+00 2.99200010e+00 2.99200010e+00
    2.99200010e+00 2.99200010e+00 2.99200010e+00 2.99200010e+00 0. 0.
    1.89499998e+00 1.89499998e+00 1.89499998e+00 1.90100002e+00
    1.94700003e+00 1.99399996e+00 2. 2. 2. 2. 2.01799989e+00
    2.06599998e+00 2.10800004e+00 2.10800004e+00 2.10800004e+00
    2.22799993e+00 2.36599994e+00 2.44300008e+00 2.48099995e+00
    2.52300000e+00 2.57100010e+00 2.61999989e+00 2.67000008e+00
    2.72000003e+00 2.72099996e+00 2.71300006e+00 2.70900011e+00
    2.70900011e+00 2.72499990e+00 2.76999998e+00 2.80999994e+00
    2.80999994e+00 2.80999994e+00 2.80999994e+00 2.80999994e+00
    2.86500001e+00 2.95700002e+00 0. 0. 0. 1.89499998e+00 1.89499998e+00
    1.89499998e+00 1.90100002e+00 1.94700003e+00 1.99399996e+00 2. 2. 2.
    2. 2.01799989e+00 2.06599998e+00 2.10800004e+00 2.10800004e+00
    2.10800004e+00 2.18700004e+00 2.27900004e+00 2.30800009e+00
    2.29900002e+00 2.30200005e+00 2.32399988e+00 2.34699988e+00
    2.37100005e+00 2.39400005e+00 2.37199998e+00 2.34299994e+00
    2.33100009e+00 2.33100009e+00 2.32999992e+00 2.32599998e+00
    2.32200003e+00 2.32200003e+00 2.32200003e+00 2.32200003e+00
    2.32200003e+00 2.52600002e+00 2.86400008e+00 0. 0. 0. 1.89499998e+00
    1.89499998e+00 1.89499998e+00 1.90100002e+00 1.94700003e+00
    1.99399996e+00 2. 2. 2. 2. 2.01699996e+00 2.06200004e+00
    2.10200000e+00 2.10500002e+00 2.10800004e+00 2.14700007e+00
    2.19199991e+00 2.18000007e+00 2.13199997e+00 2.10200000e+00
    2.10200000e+00 2.10200000e+00 2.10200000e+00 2.10200000e+00
    2.06299996e+00 2.01799989e+00 1.99800003e+00 1.99600005e+00
    1.97800004e+00 1.93400002e+00 1.89499998e+00 1.89499998e+00
    1.89499998e+00 1.89300001e+00 1.88999999e+00 2.20600009e+00
    2.72799993e+00 0. 0. 0. 1.89499998e+00 1.89499998e+00 1.89499998e+00
    1.90100002e+00 1.94700003e+00 1.99399996e+00 2. 2. 2. 2.
    2.00900006e+00 2.03299999e+00 2.05699992e+00 2.08100009e+00
    2.10500002e+00 2.10899997e+00 2.10999990e+00 2.09500003e+00
    2.06999993e+00 2.05399990e+00 2.05399990e+00 2.05399990e+00
    2.05399990e+00 2.05399990e+00 2.03299999e+00 2.00900006e+00
    1.98599994e+00 1.96300006e+00 1.93900001e+00 1.91600001e+00
    1.89499998e+00 1.89499998e+00 1.89499998e+00 1.87600005e+00
    1.85300004e+00 2.01200008e+00 2.28900003e+00 2.46900010e+00 0. 0.
    1.89499998e+00 1.89499998e+00 1.89499998e+00 1.90100002e+00
    1.94700003e+00 1.99399996e+00 2. 2. 2. 2. 2.00099993e+00
    2.00399995e+00 2.01099992e+00 2.05699992e+00 2.10200000e+00
    2.07100010e+00 2.02900004e+00 2.01099992e+00 2.00799990e+00
    2.00600004e+00 2.00600004e+00 2.00600004e+00 2.00600004e+00
    2.00600004e+00 2.00399995e+00 2.00099993e+00 1.97300005e+00
    1.92900002e+00 1.89999998e+00 1.89699996e+00 1.89499998e+00
    1.89499998e+00 1.89499998e+00 1.85899997e+00 1.81599998e+00
    1.81900001e+00 1.85000002e+00 1.87100005e+00 0. 0. 1.89499998e+00
    1.89499998e+00 1.89499998e+00 1.90100002e+00 1.94700003e+00
    1.99399996e+00 2. 2. 2. 2. 2. 2. 2.00300002e+00 2.03299999e+00
    2.06200004e+00 2.04099989e+00 2.01099992e+00 2. 2. 2. 2. 2. 2. 2. 2.
    2. 1.97200000e+00 1.92499995e+00 1.89499998e+00 1.89499998e+00
    1.89499998e+00 1.89499998e+00 1.89499998e+00 1.85699999e+00
    1.81200004e+00 1.79400003e+00 1.79400003e+00 1.79400003e+00 0. 0.
    1.89499998e+00 1.89499998e+00 1.89499998e+00 1.90100002e+00
    1.94700003e+00 1.99399996e+00 2. 2. 2. 2. 2. 2. 2.00099993e+00
    2.00900006e+00 2.01699996e+00 2.01099992e+00 2.00300002e+00 2. 2. 2.
    2. 2. 2. 2. 2. 2. 1.97200000e+00 1.92499995e+00 1.89499998e+00
    1.89499998e+00 1.89499998e+00 1.89499998e+00 1.89499998e+00
    1.85699999e+00 1.81200004e+00 1.79400003e+00 1.79400003e+00
    1.79400003e+00 0. 0. 1.86699998e+00 1.87199998e+00 1.88399994e+00
    1.90100002e+00 1.94700003e+00 1.99399996e+00 2. 2. 2. 2. 2. 2. 2. 2.
    2. 2. 2. 2. 2. 2. 2. 2. 2. 2. 2. 2. 1.97899997e+00 1.94599998e+00
    1.91900003e+00 1.90600002e+00 1.89499998e+00 1.89499998e+00
    1.89499998e+00 1.86699998e+00 1.83500004e+00 1.82200003e+00
    1.82200003e+00 1.82200003e+00 0. 0. 1.82200003e+00 1.83399999e+00
    1.86699998e+00 1.90100002e+00 1.94700003e+00 1.99399996e+00 2. 2. 2.
    2. 2. 2. 2. 2. 2. 2. 2. 2. 2. 2. 2. 2. 2. 2. 2. 2. 1.99199998e+00
    1.97899997e+00 1.95899999e+00 1.92499995e+00 1.89499998e+00
    1.89499998e+00 1.89499998e+00 1.88399994e+00 1.87199998e+00
    1.86699998e+00 1.86699998e+00 1.86699998e+00 0. 0. 1.79400003e+00
    1.81099999e+00 1.85599995e+00 1.90199995e+00 1.95599997e+00
    2.01099992e+00 2.01799989e+00 2.01799989e+00 2.00399995e+00
    1.98099995e+00 1.96599996e+00 1.96599996e+00 1.96700001e+00
    1.97399998e+00 1.98199999e+00 1.98899996e+00 1.99699998e+00 2. 2. 2.
    2. 2. 2. 2. 2. 2. 2. 2. 1.98300004e+00 1.93700004e+00 1.89499998e+00
    1.89499998e+00 1.89499998e+00 1.89499998e+00 1.89499998e+00
    1.89499998e+00 1.89499998e+00 1.89499998e+00 0. 0. 1.79400003e+00
    1.81099999e+00 1.85599995e+00 1.90400004e+00 1.98000002e+00
    2.05599999e+00 2.06599998e+00 2.06599998e+00 2.01300001e+00
    1.92799997e+00 1.87500000e+00 1.87500000e+00 1.87800002e+00
    1.90499997e+00 1.93299997e+00 1.96099997e+00 1.98899996e+00 2. 2. 2.
    2. 2. 2. 2. 2. 2. 2. 2. 1.98300004e+00 1.93700004e+00 1.89499998e+00
    1.89499998e+00 1.89499998e+00 1.89499998e+00 1.89499998e+00
    1.89499998e+00 1.89499998e+00 1.89499998e+00 0. 0. 1.88100004e+00
    1.89699996e+00 1.93900001e+00 1.98800004e+00 2.07699990e+00
    2.16700006e+00 2.14499998e+00 2.10599995e+00 2.00999999e+00
    1.87699997e+00 1.79400003e+00 1.79400003e+00 1.79900002e+00
    1.84399998e+00 1.88900006e+00 1.93299997e+00 1.97700000e+00
    1.99600005e+00 1.99800003e+00 2. 2. 2. 2.00300002e+00 2.00500011e+00
    2.00300002e+00 2.00099993e+00 2. 2. 1.98399997e+00 1.94000006e+00
    1.89999998e+00 1.89999998e+00 1.89999998e+00 1.89999998e+00
    1.89999998e+00 1.89999998e+00 1.89999998e+00 1.89999998e+00 0. 0.
    2.61800003e+00 2.62700009e+00 2.64899993e+00 2.67499995e+00
    2.72300005e+00 2.76999998e+00 2.45700002e+00 2.09100008e+00
    1.90900004e+00 1.83800006e+00 1.79400003e+00 1.79400003e+00
