<?xml version="1.0"?>
<opencv_storage>
<Depth type_id="opencv-matrix">
  <rows>40</rows>
  <cols>40</cols>
  <dt>f</dt>
  <data>
    0. 0. 0. 0. 0. 0. 0. 0. 0. 0. 0. 0. 2. 2. 2. 1.99800003e+00
    1.93599999e+00 1.87500000e+00 1.81599998e+00 1.81599998e+00
    1.81599998e+00 1.81599998e+00 1.81599998e+00 1.81599998e+00
    1.81599998e+00 1.81599998e+00 1.81599998e+00 1.81500006e+00
    1.79499996e+00 1.77499998e+00 1.75699997e+00 1.75699997e+00
    1.75699997e+00 1.75699997e+00 1.75699997e+00 0. 0. 0. 0. 0. 0. 0. 0.
    0. 0. 0. 0. 0. 0. 0. 0. 0. 2. 2. 2. 1.99800003e+00 1.93599999e+00
    1.87500000e+00 1.81599998e+00 1.81599998e+00 1.81599998e+00
    1.81599998e+00 1.81599998e+00 1.81599998e+00 1.81599998e+00
    1.81599998e+00 1.81599998e+00 1.81299996e+00 1.77400005e+00
    1.73500001e+00 1.69900000e+00 1.69900000e+00 1.69900000e+00
    1.69900000e+00 1.69900000e+00 0. 0. 0. 0. 0. 0. 0. 0. 0. 0. 0. 0. 0.
    0. 0. 0. 0. 2.00099993e+00 2.00099993e+00 2.00099993e+00
    1.99899995e+00 1.93700004e+00 1.87500000e+00 1.81599998e+00
    1.81599998e+00 1.81599998e+00 1.81599998e+00 1.81599998e+00
    1.81599998e+00 1.81599998e+00 1.81599998e+00 1.81599998e+00
    1.81200004e+00 1.75300002e+00 1.69500005e+00 1.64100003e+00
    1.64100003e+00 1.64100003e+00 1.64100003e+00 1.64100003e+00 0. 0. 0.
    0. 0. 0. 0. 0. 0. 0. 0. 0. 0. 0. 0. 0. 0. 2.06599998e+00
    2.06599998e+00 2.06599998e+00 2.06299996e+00 1.97899997e+00
    1.89600003e+00 1.81599998e+00 1.81599998e+00 1.81599998e+00
    1.81599998e+00 1.81599998e+00 1.81599998e+00 1.81599998e+00
    1.81599998e+00 1.81599998e+00 1.81200004e+00 1.75300002e+00
    1.69500005e+00 1.64100003e+00 1.64100003e+00 1.64100003e+00
    1.64100003e+00 1.64100003e+00 0. 0. 0. 0. 0. 0. 0. 0. 0. 0. 0. 0. 0.
    0. 0. 0. 0. 2.13000011e+00 2.13000011e+00 2.13000011e+00
    2.12599993e+00 2.02099991e+00 1.91600001e+00 1.81599998e+00
    1.81599998e+00 1.81599998e+00 1.81599998e+00 1.81599998e+00
    1.81599998e+00 1.81599998e+00 1.81599998e+00 1.81599998e+00
    1.81200004e+00 1.75300002e+00 1.69500005e+00 1.64100003e+00
    1.64100003e+00 1.64100003e+00 1.64100003e+00 1.64100003e+00 0. 0. 0.
    0. 0. 0. 0. 0. 0. 0. 0. 0. 0. 0. 0. 0. 0. 2.19300008e+00
    2.19300008e+00 2.19300008e+00 2.18899989e+00 2.06299996e+00
    1.93700004e+00 1.81799996e+00 1.81799996e+00 1.81799996e+00
    1.81799996e+00 1.81700003e+00 1.81599998e+00 1.81599998e+00
    1.81599998e+00 1.81599998e+00 1.81200004e+00 1.75399995e+00
    1.69599998e+00 1.64300001e+00 1.64300001e+00 1.64400005e+00
    1.64400005e+00 1.64400005e+00 0. 0. 0. 0. 0. 0. 0. 0. 0. 0. 0. 0. 0.
    0. 0. 0. 0. 2.19300008e+00 2.19300008e+00 2.19300008e+00
    2.18899989e+00 2.08400011e+00 1.97899997e+00 1.87899995e+00
    1.87899995e+00 1.87899995e+00 1.87800002e+00 1.85699999e+00
    1.83599997e+00 1.81599998e+00 1.81599998e+00 1.81599998e+00
    1.81299996e+00 1.77499998e+00 1.73599994e+00 1.70299995e+00
    1.72399998e+00 1.74500000e+00 1.76400006e+00 1.76400006e+00 0. 0. 0.
    0. 0. 0. 0. 0. 0. 0. 0. 0. 0. 0. 0. 0. 0. 2.19300008e+00
    2.19300008e+00 2.19300008e+00 2.19000006e+00 2.10599995e+00
    2.02099991e+00 1.94099998e+00 1.94099998e+00 1.94099998e+00
    1.93799996e+00 1.89699996e+00 1.85500002e+00 1.81599998e+00
    1.81599998e+00 1.81599998e+00 1.81500006e+00 1.79600000e+00
    1.77699995e+00 1.76300001e+00 1.80499995e+00 1.84599996e+00
    1.88399994e+00 1.88399994e+00 0. 0. 0. 0. 0. 0. 0. 0. 0. 0. 0. 0. 0.
    0. 0. 0. 0. 2.19300008e+00 2.19199991e+00 2.19099998e+00
    2.18799996e+00 2.12500000e+00 2.06100011e+00 2. 2. 2. 1.99699998e+00
    1.93599999e+00 1.87500000e+00 1.81799996e+00 1.81799996e+00
    1.81799996e+00 1.81799996e+00 1.81799996e+00 1.81799996e+00
    1.82299995e+00 1.88399994e+00 1.94500005e+00 2. 2. 0. 0. 0. 0. 0. 0.
    0. 0. 0. 0. 0. 0. 0. 0. 0. 0. 0. 2.19199991e+00 2.17000008e+00
    2.14800000e+00 2.12500000e+00 2.08200002e+00 2.03999996e+00 2. 2. 2.
    1.99800003e+00 1.95799994e+00 1.91700006e+00 1.88000000e+00
    1.88000000e+00 1.88000000e+00 1.88000000e+00 1.88000000e+00
    1.88000000e+00 1.88300002e+00 1.92299998e+00 1.96399999e+00 2. 2. 0.
    0. 0. 0. 0. 0. 0. 0. 0. 0. 0. 0. 0. 0. 0. 0. 1.33800006e+00
    2.19199991e+00 2.14800000e+00 2.10400009e+00 2.06100011e+00
    2.03999996e+00 2.01999998e+00 2. 2. 2. 1.99899995e+00 1.97899997e+00
    1.96000004e+00 1.94099998e+00 1.94099998e+00 1.94099998e+00
    1.94099998e+00 1.94099998e+00 1.94099998e+00 1.94299996e+00
    1.96300006e+00 1.98199999e+00 2. 2. 0. 0. 0. 0. 0. 0. 0. 0. 0. 0. 0.
    0. 0. 0. 2.19300008e+00 2.19199991e+00 2.19099998e+00 2.18799996e+00
    2.12500000e+00 2.06100011e+00 2. 2. 2. 2. 2. 2. 2. 2. 2. 2. 2. 2. 2.
    2.00099993e+00 2.00200009e+00 2.00399995e+00 2.01200008e+00
    2.01999998e+00 2.02800012e+00 2.02800012e+00 0. 0. 0. 0. 0. 0. 0. 0.
    0. 0. 0. 0. 0. 0. 2.19300008e+00 2.17000008e+00 2.14800000e+00
    2.12400007e+00 2.08200002e+00 2.04099989e+00 2. 2. 2. 2. 2. 2. 2. 2.
    2. 2. 2. 2. 2.00200009e+00 2.02399993e+00 2.04699993e+00
    2.08400011e+00 2.27800012e+00 2.47199988e+00 2.64700007e+00
    2.64700007e+00 0. 0. 0. 0. 0. 0. 0. 0. 0. 0. 0. 0. 0. 0.
    2.19199991e+00 2.14800000e+00 2.10400009e+00 2.05999994e+00
    2.03999996e+00 2.01999998e+00 2. 2. 2. 2. 2. 2. 2. 2. 2. 2. 2. 2.
    2.00300002e+00 2.04699993e+00 2.09200001e+00 2.16400003e+00
    2.54399991e+00 2.92300010e+00 0. 0. 0. 0. 0. 0. 0. 0. 0. 0. 0. 0. 0.
    0. 0. 0. 2.18799996e+00 2.12500000e+00 2.06200004e+00 2. 2. 2. 2. 2.
    2. 2. 2. 2. 2. 2. 2. 2. 2.00099993e+00 2.00200009e+00 2.00900006e+00
    2.08299994e+00 2.15599990e+00 2.26999998e+00 2.81500006e+00 0. 0. 0.
    0. 0. 0. 0. 0. 0. 0. 0. 0. 0. 0. 0. 0. 0. 2.12400007e+00
    2.08200002e+00 2.04099989e+00 2. 2. 2. 2. 2. 2. 2. 2. 2. 2. 2. 2.
    2.00099993e+00 2.02399993e+00 2.04699993e+00 2.08599997e+00
    2.32399988e+00 2.56100011e+00 2.80900002e+00 0. 0. 0. 0. 0. 0. 0. 0.
    0. 0. 0. 0. 0. 0. 0. 0. 0. 1.21500003e+00 2.05999994e+00
    2.03999996e+00 2.01999998e+00 2. 2. 2. 2. 2. 2. 2. 2. 2. 2. 2. 2.
    2.00300002e+00 2.04699993e+00 2.09200001e+00 2.16300011e+00
    2.56399989e+00 2.96600008e+00 0. 0. 0. 0. 0. 0. 0. 0. 0. 0. 0. 0. 0.
    0. 0. 2. 2. 2. 2. 2. 2. 2. 2. 2. 2. 2. 2. 2. 2. 2. 2. 2. 2. 2.
    2.00399995e+00 2.06999993e+00 2.13599992e+00 2.23900008e+00
    2.79200006e+00 0. 0. 0. 0. 0. 0. 0. 0. 0. 0. 0. 0. 0. 0. 0. 0. 2. 2.
    2. 2. 2. 2. 2. 2. 2. 2. 2. 2. 2. 2. 2. 2. 2. 2. 2. 2.00600004e+00
    2.09400010e+00 2.18300009e+00 2.30500007e+00 2.83500004e+00 0. 0. 0.
    0. 0. 0. 0. 0. 0. 0. 0. 0. 0. 0. 0. 0. 2. 2. 2. 2. 2. 2. 2. 2. 2. 2.
    2. 2. 2. 2. 2. 2. 2. 2. 2. 2.00699997e+00 2.11800003e+00
    2.22900009e+00 2.36999989e+00 2.87800002e+00 0. 0. 0. 0. 0. 0. 0. 0.
    0. 0. 0. 0. 0. 0. 0. 0. 2. 2. 2. 2. 2. 2. 2. 2. 2. 2. 2. 2. 2. 2. 2.
    2. 2. 2.00200009e+00 2.00300002e+00 2.01399994e+00 2.15400004e+00
    2.29399991e+00 2.46000004e+00 2.93499994e+00 0. 0. 0. 0. 0. 0. 0. 0.
    0. 0. 0. 0. 0. 0. 0. 0. 2. 2. 2. 2. 2. 2. 2. 2. 2. 2. 2. 2. 2. 2. 2.
    2. 2.00099993e+00 2.02500010e+00 2.04800010e+00 2.08599997e+00
    2.33599997e+00 2.58699989e+00 2.84200001e+00 0. 0. 0. 2.49900007e+00
    1.34399998e+00 0. 0. 0. 0. 0. 0. 0. 0. 0. 0. 0. 0. 2. 2. 2. 2. 2. 2.
    2. 2. 2. 2. 2. 2. 2. 2. 2. 2. 2.00200009e+00 2.04699993e+00
    2.09200001e+00 2.15799999e+00 2.51900005e+00 2.87899995e+00 0. 0. 0.
    0. 1.24100006e+00 0. 0. 0. 0. 0. 0. 0. 0. 0. 0. 0. 0. 0.
    1.99500000e+00 1.99500000e+00 1.99699998e+00 1.99800003e+00 2. 2. 2.
    2. 2. 2. 2. 2. 2. 2. 2.00200009e+00 2.00399995e+00 2.00900006e+00
    2.07599998e+00 2.14299989e+00 2.23399997e+00 2.68799996e+00 0. 0. 0.
    0. 0. 0. 0. 0. 0. 0. 0. 0. 0. 0. 0. 0. 0. 0. 0. 1.93299997e+00
    1.93299997e+00 1.95599997e+00 1.97800004e+00 2. 2. 2. 2. 2. 2. 2. 2.
    2. 2.00099993e+00 2.02399993e+00 2.04800010e+00 2.07500005e+00
    2.16700006e+00 2.25799990e+00 2.36599994e+00 2.71600008e+00 0. 0. 0.
    0. 0. 1.33200002e+00 0. 0. 0. 0. 0. 0. 0. 0. 0. 0. 0. 0. 0.
