<?xml version="1.0"?>
<opencv_storage>
<Depth type_id="opencv-matrix">
  <rows>40</rows>
  <cols>40</cols>
  <dt>f</dt>
  <data>
    0. 0. 0. 0. 0. 1.68599999e+00 1.70200002e+00 1.74600005e+00
    1.78699994e+00 1.78699994e+00 1.78699994e+00 1.82200003e+00
    1.86800003e+00 1.89199996e+00 1.89199996e+00 1.90100002e+00
    1.94799995e+00 1.99500000e+00 2.40400004e+00 2.85400009e+00 0. 0. 0.
    0. 0. 0. 0. 0. 0. 0. 0. 0. 0. 0. 0. 0. 0. 0. 0. 0. 0. 0. 0. 0. 0.
    1.68599999e+00 1.70200002e+00 1.74600005e+00 1.78699994e+00
    1.78699994e+00 1.78699994e+00 1.82200003e+00 1.86800003e+00
    1.89199996e+00 1.89199996e+00 1.89800000e+00 1.92900002e+00
    1.96000004e+00 2.27600002e+00 2.62400007e+00 2.87400007e+00 0. 0. 0.
    0. 0. 0. 0. 0. 0. 0. 0. 0. 0. 0. 0. 0. 0. 0. 0. 0. 0. 0. 0. 0.
    1.68599999e+00 1.70200002e+00 1.74600005e+00 1.78699994e+00
    1.78699994e+00 1.78699994e+00 1.82200003e+00 1.86800003e+00
    1.89199996e+00 1.89199996e+00 1.89400005e+00 1.90499997e+00
    1.91499996e+00 2.10999990e+00 2.32599998e+00 2.61599994e+00
    2.95400000e+00 0. 0. 0. 0. 0. 0. 0. 0. 0. 0. 0. 0. 0. 0. 0. 0. 0. 0.
    0. 0. 0. 0. 0. 0. 0. 1.24699998e+00 1.78699994e+00 1.78699994e+00
    1.78699994e+00 1.82200003e+00 1.86800003e+00 1.89199996e+00
    1.89199996e+00 1.89199996e+00 1.89199996e+00 1.89199996e+00
    2.01399994e+00 2.15100002e+00 2.46399999e+00 2.89199996e+00 0. 0. 0.
    0. 0. 0. 0. 0. 0. 0. 0. 0. 0. 0. 0. 0. 0. 0. 0. 0. 0. 0. 0. 0. 0. 0.
    1.78699994e+00 1.78699994e+00 1.78699994e+00 1.82200003e+00
    1.86800003e+00 1.89199996e+00 1.89199996e+00 1.89199996e+00
    1.89199996e+00 1.89199996e+00 1.99500000e+00 2.10899997e+00
    2.42600012e+00 2.87700009e+00 0. 0. 0. 0. 0. 0. 0. 0. 0. 0. 0. 0. 0.
    0. 0. 0. 0. 0. 0. 0. 0. 0. 0. 0. 0. 0. 1.31400001e+00 1.52999997e+00
    1.74600005e+00 1.82799995e+00 1.87000000e+00 1.89199996e+00
    1.89199996e+00 1.89199996e+00 1.89199996e+00 1.89199996e+00
    1.97500002e+00 2.06699991e+00 2.39299989e+00 2.87100005e+00 0. 0. 0.
    0. 0. 0. 0. 0. 0. 0. 0. 0. 0. 0. 0. 0. 0. 0. 0. 0. 0. 0. 0. 0. 0. 0.
    0. 0. 1.52900004e+00 1.85800004e+00 1.88100004e+00 1.89199996e+00
    1.89199996e+00 1.89199996e+00 1.89199996e+00 1.89199996e+00
    1.95599997e+00 2.02600002e+00 2.37500000e+00 2.90499997e+00 0. 0. 0.
    0. 0. 0. 0. 0. 0. 0. 0. 0. 0. 0. 0. 0. 0. 0. 0. 0. 0. 0. 0. 0. 0. 0.
    0. 0. 1.31099999e+00 1.88900006e+00 1.89100003e+00 1.89199996e+00
    1.89199996e+00 1.89199996e+00 1.89199996e+00 1.89199996e+00
    1.93599999e+00 1.98599994e+00 2.35700011e+00 2.93899989e+00 0. 0. 0.
    0. 0. 0. 0. 0. 0. 0. 0. 0. 0. 0. 0. 0. 0. 0. 0. 0. 0. 0. 0. 0. 0. 0.
    0. 0. 1.28900003e+00 1.89199996e+00 1.89199996e+00 1.89199996e+00
    1.89199996e+00 1.89199996e+00 1.89199996e+00 1.89199996e+00
    1.90199995e+00 1.91199994e+00 2.13299990e+00 2.49099994e+00
    2.79800010e+00 2.99399996e+00 0. 0. 0. 0. 0. 0. 0. 0. 0. 0. 0. 0. 0.
    0. 0. 0. 0. 0. 0. 0. 0. 0. 0. 0. 0. 0. 1.28900003e+00 1.89199996e+00
    1.89199996e+00 1.89199996e+00 1.89199996e+00 1.89199996e+00
    1.89199996e+00 1.89199996e+00 1.86500001e+00 1.83599997e+00
    1.88499999e+00 1.98599994e+00 2.21000004e+00 2.70400000e+00 0. 0. 0.
    0. 0. 0. 0. 0. 0. 0. 0. 0. 0. 0. 0. 0. 0. 0. 0. 0. 0. 0. 0. 0. 0. 0.
    1.31400001e+00 1.92100000e+00 1.92100000e+00 1.91499996e+00
    1.90199995e+00 1.89199996e+00 1.89199996e+00 1.89199996e+00
    1.85099995e+00 1.80499995e+00 1.78699994e+00 1.78699994e+00
    1.97800004e+00 2.58899999e+00 0. 0. 0. 0. 0. 0. 0. 0. 0. 0. 0. 0. 0.
    0. 0. 0. 0. 0. 0. 0. 0. 0. 0. 0. 0. 0. 1.35699999e+00 1.96800005e+00
    1.96800005e+00 1.95200002e+00 1.91900003e+00 1.89199996e+00
    1.89199996e+00 1.89199996e+00 1.85099995e+00 1.80499995e+00
    1.78699994e+00 1.78699994e+00 1.97800004e+00 2.58899999e+00 0. 0. 0.
    0. 0. 0. 0. 0. 0. 0. 0. 0. 0. 0. 0. 0. 0. 0. 0. 0. 0. 0. 0. 0. 0. 0.
    1.37300003e+00 1.98500001e+00 1.98500001e+00 1.96599996e+00
    1.92499995e+00 1.89199996e+00 1.89199996e+00 1.89199996e+00
    1.85099995e+00 1.80499995e+00 1.78699994e+00 1.78699994e+00
    1.97800004e+00 2.58899999e+00 0. 0. 0. 0. 0. 0. 0. 0. 0. 0. 0. 0. 0.
    0. 0. 0. 0. 0. 0. 0. 0. 0. 0. 0. 0. 0. 1.33000004e+00 1.93799996e+00
    1.93799996e+00 1.92799997e+00 1.90799999e+00 1.89199996e+00
    1.89199996e+00 1.89199996e+00 1.85099995e+00 1.80499995e+00
    1.78699994e+00 1.78699994e+00 1.97800004e+00 2.58899999e+00 0. 0. 0.
    0. 0. 0. 0. 0. 0. 0. 0. 0. 0. 0. 0. 0. 0. 0. 0. 0. 0. 0. 0. 0. 0. 0.
    1.28900003e+00 1.89199996e+00 1.89199996e+00 1.89199996e+00
    1.89199996e+00 1.89199996e+00 1.89199996e+00 1.89199996e+00
    1.85099995e+00 1.80599999e+00 1.78799999e+00 1.78799999e+00
    1.97899997e+00 2.58899999e+00 0. 0. 0. 0. 0. 0. 0. 0. 0. 0. 0. 0. 0.
    0. 0. 0. 0. 0. 0. 0. 0. 0. 0. 0. 0. 0. 1.28900003e+00 1.89199996e+00
    1.89199996e+00 1.89199996e+00 1.89199996e+00 1.89199996e+00
    1.89199996e+00 1.89199996e+00 1.86899996e+00 1.84399998e+00
    1.83399999e+00 1.83399999e+00 2.01900005e+00 2.60899997e+00 0. 0. 0.
    0. 0. 0. 0. 0. 0. 0. 0. 0. 0. 0. 0. 0. 0. 0. 0. 0. 0. 0. 0. 0. 0. 0.
    1.28900003e+00 1.89199996e+00 1.89199996e+00 1.89199996e+00
    1.89199996e+00 1.89199996e+00 1.89199996e+00 1.89199996e+00
    1.88699996e+00 1.88199997e+00 1.88000000e+00 1.88000000e+00
    2.05800009e+00 2.62800002e+00 0. 0. 0. 0. 0. 0. 0. 0. 0. 0. 0. 0. 0.
    0. 0. 0. 0. 0. 0. 0. 0. 0. 0. 0. 0. 0. 0. 0. 1.45500004e+00
    1.89199996e+00 1.89199996e+00 1.89199996e+00 1.89199996e+00
    1.89199996e+00 1.89199996e+00 1.89199996e+00 1.89199996e+00
    1.89199996e+00 2.01300001e+00 2.39700007e+00 2.77800012e+00
    2.95799994e+00 0. 0. 0. 0. 0. 0. 0. 0. 0. 0. 0. 0. 0. 0. 0. 0. 0. 0.
    0. 0. 0. 0. 0. 0. 0. 0. 0. 1.89199996e+00 1.89199996e+00
    1.89199996e+00 1.89199996e+00 1.89199996e+00 1.89199996e+00
    1.89199996e+00 1.89199996e+00 1.89199996e+00 1.93499994e+00
    2.07399988e+00 2.21799994e+00 2.64499998e+00 0. 0. 0. 0. 0. 0. 0. 0.
    0. 0. 0. 0. 0. 0. 0. 0. 0. 0. 0. 0. 0. 0. 0. 0. 0. 0. 0.
    1.89199996e+00 1.89199996e+00 1.89400005e+00 1.90300000e+00
    1.91199994e+00 1.91299999e+00 1.91299999e+00 1.90699995e+00
    1.89800000e+00 1.89199996e+00 1.89199996e+00 1.90199995e+00
    2.36800003e+00 2.83299994e+00 0. 0. 0. 0. 0. 0. 0. 0. 0. 0. 0. 0. 0.
    0. 0. 0. 0. 0. 0. 0. 0. 0. 0. 0. 0. 0. 1.89199996e+00 1.89199996e+00
    1.89800000e+00 1.92700005e+00 1.95700002e+00 1.96000004e+00
    1.96000004e+00 1.94200003e+00 1.91199994e+00 1.89199996e+00
    1.89199996e+00 1.89699996e+00 2.13700008e+00 2.37700009e+00
    2.67899990e+00 0. 0. 0. 0. 0. 0. 0. 0. 0. 0. 0. 0. 0. 0. 0. 0. 0. 0.
    0. 0. 0. 0. 0. 0. 0. 1.58700001e+00 1.75899994e+00 1.90699995e+00
    1.95099998e+00 1.99500000e+00 2. 2. 1.97300005e+00 1.92900002e+00
    1.89900005e+00 1.89900005e+00 1.89999998e+00 1.94400001e+00
    1.98800004e+00 2.38100004e+00 2.90300012e+00 0. 0. 0. 0. 0. 0. 0. 0.
    0. 0. 0. 0. 0. 0. 0. 0. 0. 0. 0. 0. 0. 0. 0. 0. 0. 0. 1.95000005e+00
    1.97399998e+00 1.99800003e+00 2. 2. 1.98599994e+00 1.96200001e+00
    1.94599998e+00 1.94599998e+00 1.94700003e+00 1.97000003e+00
    1.99399996e+00 2.40300012e+00 2.95600009e+00 0. 0. 0. 0. 0. 0. 0. 0.
    0. 0. 0. 0. 0. 0. 0. 0. 0. 0. 0. 0. 0. 0. 0. 0. 0. 0. 1.99399996e+00
    1.99699998e+00 2. 2. 2. 1.99800003e+00 1.99500000e+00 1.99300003e+00
    1.99300003e+00 1.99300003e+00 1.99600005e+00 1.99899995e+00
    2.42600012e+00 0. 0. 0. 0. 0. 0. 0. 0. 0. 0. 0. 0. 0. 0. 0. 0. 0. 0.
    0. 0. 0. 0. 0. 0. 0. 0. 0. 0. 0. 1.93700004e+00 2.04200006e+00
    2.04200006e+00 2.04200006e+00 2.04200006e+00 2.03600001e+00
    2.01799989e+00 2. 2. 2. 2.26900005e+00 2.63700008e+00 2.90899992e+00
    0. 0. 0. 0. 0. 0. 0. 0. 0. 0. 0. 0. 0. 0. 0. 0. 0. 0. 0. 0. 0. 0. 0.
    0. 0. 0. 0. 1.86199999e+00 2.09100008e+00 2.09100008e+00
    2.09100008e+00 2.09100008e+00 2.07900000e+00 2.03900003e+00 2. 2. 2.
    2.08200002e+00 2.19300008e+00 2.43400002e+00 2.83999991e+00 0. 0. 0.
