<?xml version="1.0"?>
<opencv_storage>
<Depth type_id="opencv-matrix">
  <rows>40</rows>
  <cols>40</cols>
  <dt>f</dt>
  <data>
    0. 0. 0. 0. 0. 0. 0. 0. 0. 0. 0. 0. 0. 0. 0. 0. 0. 0. 0. 0. 0. 0. 0.
    0. 0. 0. 0. 0. 0. 0. 0. 0. 0. 0. 0. 0. 0. 0. 0. 0. 0. 0. 0. 0. 0. 0.
    0. 0. 0. 0. 0. 0. 0. 0. 0. 0. 0. 0. 0. 0. 0. 0. 0. 0. 0. 0. 0. 0. 0.
    0. 0. 0. 0. 0. 0. 0. 0. 0. 0. 0. 0. 0. 0. 0. 0. 0. 0. 0. 0. 0. 0. 0.
    0. 0. 0. 0. 0. 0. 0. 0. 0. 0. 0. 0. 0. 0. 0. 0. 0. 0. 0. 0. 0. 0. 0.
    0. 0. 0. 0. 0. 0. 0. 0. 0. 0. 0. 0. 0. 0. 0. 0. 0. 0. 0. 0. 0. 0. 0.
    0. 0. 0. 0. 0. 0. 0. 0. 0. 0. 0. 0. 0. 0. 0. 0. 0. 0. 0. 0. 0. 0. 0.
    0. 0. 0. 0. 0. 0. 0. 0. 0. 0. 0. 0. 0. 0. 0. 0. 0. 0. 0. 0. 0. 0. 0.
    0. 0. 0. 0. 0. 0. 0. 0. 0. 0. 0. 0. 0. 0. 0. 0. 0. 0. 0. 0. 0. 0. 0.
    0. 0. 0. 0. 0. 0. 0. 0. 0. 0. 0. 0. 0. 0. 0. 0. 0. 0. 0. 0. 0. 0. 0.
    0. 0. 0. 0. 0. 0. 0. 0. 0. 0. 0. 0. 0. 0. 0. 0. 0. 0. 0. 0. 0. 0. 0.
    0. 0. 0. 0. 0. 0. 0. 0. 0. 0. 0. 0. 0. 0. 0. 0. 0. 0. 0. 0. 0. 0. 0.
    0. 0. 0. 0. 0. 0. 0. 0. 0. 0. 0. 0. 0. 0. 0. 0. 0. 0. 0. 0. 0. 0. 0.
    0. 2.64199996e+00 2.14899993e+00 2.14899993e+00 2.14899993e+00
    2.14899993e+00 2.14899993e+00 2.14899993e+00 2.14899993e+00
    1.40699995e+00 0. 0. 0. 0. 0. 0. 0. 0. 0. 0. 0. 0. 0. 0. 0. 0. 0. 0.
    0. 0. 0. 0. 0. 0. 0. 0. 0. 0. 0. 2.52600002e+00 2.37599993e+00
    2.25300002e+00 2.14899993e+00 2.14899993e+00 2.14899993e+00
    2.14899993e+00 2.10800004e+00 2.10100007e+00 2.10100007e+00
    1.37899995e+00 0. 0. 0. 0. 0. 0. 0. 0. 0. 0. 0. 0. 0. 0. 0. 0. 0. 0.
    0. 0. 0. 0. 0. 0. 0. 0. 0. 0. 2.51200008e+00 2.17600012e+00
    2.12299991e+00 2.12899995e+00 2.12899995e+00 2.12899995e+00
    2.12700009e+00 2.10999990e+00 2.07500005e+00 2.06900001e+00
    2.06900001e+00 1.36399996e+00 0. 0. 0. 0. 0. 0. 0. 0. 0. 0. 0. 0. 0.
    0. 0. 0. 0. 0. 0. 0. 0. 0. 0. 0. 2.83999991e+00 2.61100006e+00
    2.60299993e+00 2.52699995e+00 2.09100008e+00 2.08500004e+00
    2.09800005e+00 2.10299993e+00 2.10299993e+00 2.09899998e+00
    2.08599997e+00 2.07299995e+00 2.05999994e+00 2.05800009e+00
    2.07500005e+00 1.74500000e+00 1.02699995e+00 0. 0. 0. 0. 0. 0. 0. 0.
    0. 0. 0. 0. 0. 0. 0. 0. 0. 0. 2.97099996e+00 2.69700003e+00
    2.69700003e+00 2.72300005e+00 2.71499991e+00 2.39199996e+00
    2.10299993e+00 2.08699989e+00 2.05800009e+00 2.05800009e+00
    2.07399988e+00 2.07699990e+00 2.07699990e+00 2.07699990e+00
    2.06900001e+00 2.04699993e+00 2.04699993e+00 2.05599999e+00
    2.05800009e+00 2.09200001e+00 2.11800003e+00 1.81700003e+00 0. 0. 0.
    0. 0. 0. 0. 0. 0. 0. 0. 0. 0. 0. 0. 0. 0. 2.93600011e+00
    2.62400007e+00 2.05100012e+00 2.05100012e+00 2.05100012e+00
    2.06699991e+00 2.07500005e+00 2.06599998e+00 2.04999995e+00
    2.04500008e+00 2.04500008e+00 2.04500008e+00 2.04900002e+00
    2.05100012e+00 2.05100012e+00 2.04600000e+00 2.02900004e+00
    2.02900004e+00 2.05299997e+00 2.05800009e+00 2.09200001e+00
    2.11800003e+00 2.12700009e+00 1.90199995e+00 0. 0. 0. 0. 0. 0. 0. 0.
    0. 0. 0. 0. 2.96900010e+00 2.90000010e+00 2.88199997e+00
    2.90499997e+00 2.59500003e+00 2.02399993e+00 2.02399993e+00
    2.02600002e+00 2.02600002e+00 2.02600002e+00 2.02600002e+00
    2.02600002e+00 2.01999998e+00 2. 2. 2. 2.01799989e+00 2.02600002e+00
    2.02699995e+00 2.02900004e+00 2.02900004e+00 2.02900004e+00
    2.05299997e+00 2.05999994e+00 2.09299994e+00 2.11800003e+00
    2.12700009e+00 1.92299998e+00 0. 0. 0. 0. 0. 0. 0. 0. 0. 0. 0. 0.
    2.96900010e+00 2.22399998e+00 2.02500010e+00 2.02600002e+00
    2.00799990e+00 1.97500002e+00 1.97700000e+00 2. 2.00200009e+00
    2.00200009e+00 2.00200009e+00 2.00200009e+00 2.00099993e+00 2. 2. 2.
    2.00099993e+00 2.00200009e+00 2.01300001e+00 2.02900004e+00
    2.02900004e+00 2.02900004e+00 2.05299997e+00 2.07800007e+00
    2.10400009e+00 2.11800003e+00 2.12700009e+00 2.13599992e+00
    2.05500007e+00 2.05500007e+00 0. 0. 0. 0. 0. 0. 0. 0. 0. 0.
    2.14199996e+00 1.99000001e+00 1.94900000e+00 1.94900000e+00
    1.94900000e+00 1.94900000e+00 1.95000005e+00 1.95500004e+00
    1.95500004e+00 1.95500004e+00 1.95500004e+00 1.95500004e+00
    1.96000004e+00 1.98000002e+00 1.99899995e+00 2. 2. 2. 2.01200008e+00
    2.02900004e+00 2.02900004e+00 2.02900004e+00 2.05299997e+00
    2.07900000e+00 2.09100008e+00 2.10400009e+00 2.11999989e+00
    2.12400007e+00 2.12400007e+00 2.14499998e+00 1.90300000e+00
    1.82099998e+00 1.83099997e+00 0. 0. 0. 0. 0. 0. 0. 1.90799999e+00
    1.90799999e+00 1.90799999e+00 1.90799999e+00 1.90799999e+00
    1.91199994e+00 1.92799997e+00 1.94299996e+00 1.92900002e+00
    1.92600000e+00 1.92600000e+00 1.92600000e+00 1.93299997e+00
    1.95599997e+00 1.98000002e+00 1.99699998e+00 2. 2. 2.00399995e+00
    2.01500010e+00 2.02900004e+00 2.02900004e+00 2.05299997e+00
    2.07900000e+00 2.08800006e+00 2.10100007e+00 2.11800003e+00
    2.11800003e+00 2.11800003e+00 2.14499998e+00 2.14899993e+00
    2.16700006e+00 2.18000007e+00 0. 0. 0. 0. 0. 0. 0. 1.88999999e+00
    1.87899995e+00 1.87600005e+00 1.87600005e+00 1.88100004e+00
    1.89300001e+00 1.90499997e+00 1.92799997e+00 1.91900003e+00
    1.91700006e+00 1.90999997e+00 1.90300000e+00 1.91299999e+00
    1.94700003e+00 1.97099996e+00 1.99500000e+00 2. 2. 2. 2.00799990e+00
    2.02900004e+00 2.02900004e+00 2.05299997e+00 2.06800008e+00
    2.08100009e+00 2.09400010e+00 2.10700011e+00 2.11800003e+00
    2.11800003e+00 2.14499998e+00 2.14899993e+00 2.16700006e+00
    2.18000007e+00 0. 0. 0. 0. 0. 0. 0. 1.88000000e+00 1.86699998e+00
    1.86399996e+00 1.86399996e+00 1.87000000e+00 1.88199997e+00
    1.89199996e+00 1.91600001e+00 1.91700006e+00 1.91700006e+00
    1.90300000e+00 1.88999999e+00 1.90300000e+00 1.94700003e+00
    1.97099996e+00 1.99500000e+00 2. 2. 2. 2.00799990e+00 2.02900004e+00
    2.02900004e+00 2.05299997e+00 2.05800009e+00 2.07500005e+00
    2.08800006e+00 2.09599996e+00 2.11800003e+00 2.11800003e+00
    2.13400006e+00 2.14599991e+00 1.43200004e+00 0. 0. 0. 0. 0. 0. 0. 0.
    1.85800004e+00 1.85800004e+00 1.86199999e+00 1.86399996e+00
    1.86399996e+00 1.86800003e+00 1.88699996e+00 1.91499996e+00
    1.91700006e+00 1.91700006e+00 1.90600002e+00 1.89699996e+00
    1.90799999e+00 1.94700003e+00 1.97099996e+00 1.98899996e+00
    1.99800003e+00 2. 2. 2.00600004e+00 2.02200007e+00 2.02200007e+00
    2.04600000e+00 2.05100012e+00 2.06800008e+00 2.08400011e+00
    2.09400010e+00 2.11100006e+00 2.11100006e+00 2.11700010e+00
    1.56500006e+00 0. 0. 0. 0. 0. 0. 0. 0. 0. 1.83800006e+00
    1.83800006e+00 1.85500002e+00 1.86399996e+00 1.86399996e+00
    1.86399996e+00 1.86800003e+00 1.91199994e+00 1.91400003e+00
    1.91600001e+00 1.91700006e+00 1.91700006e+00 1.92400002e+00
    1.94700003e+00 1.97099996e+00 1.97200000e+00 1.99100006e+00 2. 2. 2.
    2. 2. 2.02399993e+00 2.02900004e+00 2.04399991e+00 2.06800008e+00
    2.08599997e+00 2.08800006e+00 2.08800006e+00 1.82200003e+00 0. 0. 0.
    0. 0. 0. 0. 0. 0. 0. 1.83800006e+00 1.83800006e+00 1.85500002e+00
    1.86399996e+00 1.86399996e+00 1.86399996e+00 1.86600006e+00
    1.88999999e+00 1.89100003e+00 1.90799999e+00 1.91700006e+00
    1.91700006e+00 1.92400002e+00 1.94700003e+00 1.97099996e+00
    1.97200000e+00 1.99100006e+00 2. 2. 2. 2. 2. 2.02399993e+00
    2.02900004e+00 2.02999997e+00 2.04200006e+00 2.06699991e+00
    2.08800006e+00 2.08800006e+00 0. 0. 0. 0. 0. 0. 0. 0. 0. 0. 0. 0.
    1.64800000e+00 1.85500002e+00 1.86399996e+00 1.86399996e+00
    1.86399996e+00 1.86600006e+00 1.88900006e+00 1.88999999e+00
    1.90799999e+00 1.91700006e+00 1.91700006e+00 1.92400002e+00
    1.94500005e+00 1.94900000e+00 1.96800005e+00 1.97500002e+00
    1.97700000e+00 1.98599994e+00 2. 2. 2. 2.00399995e+00 2.00500011e+00
    2.01799989e+00 2.04099989e+00 1.32700002e+00 0. 0. 0. 0. 0. 0. 0. 0.
    0. 0. 0. 0. 0. 0. 1.60699999e+00 1.84300005e+00 1.84599996e+00
    1.84599996e+00 1.84599996e+00 1.84800005e+00 1.87100005e+00
    1.88699996e+00 1.89600003e+00 1.90799999e+00 1.91700006e+00
