<?xml version="1.0"?>
<opencv_storage>
<Depth type_id="opencv-matrix">
  <rows>40</rows>
  <cols>40</cols>
  <dt>f</dt>
  <data>
    0. 0. 0. 0. 0. 0. 0. 0. 0. 0. 0. 0. 0. 0. 0. 0. 0. 0. 0. 0. 0. 0. 0.
    0. 0. 0. 0. 0. 0. 0. 0. 0. 0. 0. 0. 0. 0. 0. 0. 0. 0. 0. 0. 0. 0. 0.
    0. 0. 0. 0. 0. 0. 0. 0. 0. 0. 0. 0. 0. 0. 0. 0. 0. 0. 0. 0. 0. 0. 0.
    0. 0. 0. 0. 0. 0. 0. 0. 0. 0. 0. 0. 0. 0. 0. 0. 0. 0. 0. 0. 0. 0. 0.
    0. 0. 0. 0. 0. 0. 0. 0. 0. 0. 0. 0. 0. 0. 0. 0. 0. 0. 0. 0. 0. 0. 0.
    0. 0. 0. 0. 0. 0. 0. 0. 0. 0. 0. 0. 0. 0. 0. 0. 0. 0. 0. 0. 0. 0. 0.
    0. 0. 0. 0. 0. 0. 0. 0. 0. 0. 0. 0. 0. 0. 0. 0. 0. 0. 0. 0. 0. 0. 0.
    0. 0. 0. 0. 0. 0. 0. 0. 0. 0. 0. 0. 0. 0. 0. 0. 0. 0. 0. 0. 0. 0. 0.
    0. 0. 0. 0. 0. 0. 0. 0. 0. 0. 0. 0. 0. 0. 0. 0. 0. 0. 0. 0. 0. 0. 0.
    0. 0. 0. 0. 0. 0. 0. 0. 0. 0. 0. 0. 0. 0. 0. 0. 0. 0. 0. 0. 0. 0. 0.
    0. 0. 0. 0. 0. 0. 0. 0. 0. 0. 0. 0. 0. 0. 0. 0. 0. 0. 0. 0. 0. 0. 0.
    0. 0. 0. 0. 0. 0. 0. 0. 0. 0. 0. 0. 0. 0. 0. 0. 0. 0. 0. 0. 0. 0. 0.
    0. 0. 0. 0. 0. 0. 0. 0. 0. 0. 0. 0. 0. 0. 0. 0. 0. 0. 0. 0. 0. 0. 0.
    0. 0. 0. 0. 0. 0. 0. 0. 0. 0. 0. 0. 0. 0. 0. 0. 0. 0. 0. 0. 0. 0. 0.
    0. 0. 0. 0. 0. 0. 0. 0. 0. 0. 0. 0. 0. 0. 0. 0. 0. 0. 0. 0. 0. 0. 0.
    0. 0. 0. 0. 0. 0. 0. 0. 0. 0. 0. 0. 0. 0. 0. 0. 0. 0. 0. 0. 0. 0. 0.
    0. 0. 0. 0. 0. 0. 0. 0. 0. 0. 0. 0. 0. 0. 0. 0. 0. 0. 0. 0. 0. 0. 0.
    0. 0. 0. 0. 0. 0. 0. 0. 0. 0. 0. 0. 0. 0. 0. 0. 0. 0. 0. 0. 0. 0. 0.
    0. 0. 0. 0. 0. 0. 0. 0. 0. 0. 0. 0. 0. 0. 0. 0. 0. 0. 0. 0. 0. 0. 0.
    0. 0. 0. 0. 0. 0. 0. 0. 0. 0. 0. 0. 0. 0. 0. 0. 0. 0. 0. 0. 0. 0. 0.
    0. 0. 0. 0. 0. 0. 0. 0. 0. 0. 0. 0. 0. 0. 0. 0. 0. 0. 0. 0. 0. 0. 0.
    0. 0. 0. 0. 0. 0. 0. 0. 0. 0. 0. 0. 0. 0. 0. 0. 0. 0. 0. 0. 0. 0. 0.
    0. 0. 0. 0. 0. 0. 0. 0. 0. 0. 0. 0. 0. 0. 2.06800008e+00
    2.03200006e+00 2. 2. 2. 2. 2. 2. 2. 1.99899995e+00 1.96200001e+00
    1.93400002e+00 1.93400002e+00 1.93400002e+00 1.93400002e+00
    1.96000004e+00 1.99699998e+00 2. 2.00500011e+00 2.04299998e+00
    2.05500007e+00 2.01600003e+00 2. 2. 2.02999997e+00 2.06800008e+00
    2.06800008e+00 2.07699990e+00 2.11599994e+00 2.13700008e+00
    2.13700008e+00 2.13700008e+00 2.13700008e+00 2.13700008e+00
    2.11700010e+00 1.93200004e+00 1.80799997e+00 1.80799997e+00
    2.02699995e+00 2.42499995e+00 2.06800008e+00 2.03200006e+00 2. 2. 2.
    2. 2. 2. 2. 1.99899995e+00 1.96200001e+00 1.93400002e+00
    1.93400002e+00 1.93400002e+00 1.93400002e+00 1.95099998e+00
    1.97500002e+00 1.97700000e+00 1.98199999e+00 2.01999998e+00
    2.03600001e+00 2.01099992e+00 2. 2. 2.01999998e+00 2.04500008e+00
    2.04500008e+00 2.05100012e+00 2.07599998e+00 2.08999991e+00
    2.08999991e+00 2.08200002e+00 2.06900001e+00 2.04600000e+00
    2.01099992e+00 1.88900006e+00 1.80799997e+00 1.80799997e+00
    1.95200002e+00 2.21399999e+00 2.06800008e+00 2.03200006e+00 2. 2. 2.
    2. 2. 2. 2. 1.99899995e+00 1.96200001e+00 1.93400002e+00
    1.93400002e+00 1.93400002e+00 1.93400002e+00 1.93599999e+00
    1.94000006e+00 1.94000006e+00 1.94500005e+00 1.98199999e+00
    2.00500011e+00 2.00200009e+00 2. 2. 2.00300002e+00 2.00600004e+00
    2.00600004e+00 2.00699997e+00 2.01099992e+00 2.01300001e+00
    2.01300001e+00 1.99100006e+00 1.95700002e+00 1.89600003e+00
    1.83700001e+00 1.82000005e+00 1.80799997e+00 1.80799997e+00
    1.82900000e+00 1.86699998e+00 2.06800008e+00 2.03200006e+00 2. 2. 2.
    2. 2. 2. 2. 1.99899995e+00 1.98000002e+00 1.96000004e+00
    1.94299996e+00 1.93400002e+00 1.93400002e+00 1.93400002e+00
    1.93400002e+00 1.93400002e+00 1.93900001e+00 1.97599995e+00 2. 2. 2.
    2. 1.98599994e+00 1.96899998e+00 1.96899998e+00 1.96899998e+00
    1.96899998e+00 1.96200001e+00 1.94500005e+00 1.92700005e+00
    1.90699995e+00 1.85599995e+00 1.80799997e+00 1.80799997e+00
    1.80799997e+00 1.80799997e+00 1.80799997e+00 1.80799997e+00
    2.06599998e+00 2.03200006e+00 2. 2. 2. 2. 2. 2. 2. 2. 2.
    1.99100006e+00 1.95400000e+00 1.93400002e+00 1.93400002e+00
    1.93400002e+00 1.93400002e+00 1.93400002e+00 1.93900001e+00
    1.97599995e+00 2. 2. 2. 2. 1.97099996e+00 1.93400002e+00
    1.93400002e+00 1.93400002e+00 1.93400002e+00 1.91799998e+00
    1.88300002e+00 1.87100005e+00 1.87100005e+00 1.84000003e+00
    1.80799997e+00 1.80799997e+00 1.80799997e+00 1.80799997e+00
    1.80799997e+00 1.80799997e+00 2.02800012e+00 2.01300001e+00 2. 2. 2.
    2. 2. 2. 2. 2. 2. 1.99100006e+00 1.95400000e+00 1.93400002e+00
    1.93400002e+00 1.93400002e+00 1.93400002e+00 1.93400002e+00
    1.93900001e+00 1.97599995e+00 2. 2. 2. 2. 1.97099996e+00
    1.93400002e+00 1.93400002e+00 1.93400002e+00 1.93400002e+00
    1.91799998e+00 1.88300002e+00 1.87100005e+00 1.87100005e+00
    1.84000003e+00 1.80799997e+00 1.80799997e+00 1.80799997e+00
    1.80799997e+00 1.80799997e+00 1.80799997e+00 2. 2. 2. 2. 2. 2. 2. 2.
    2. 2. 2. 1.99199998e+00 1.96099997e+00 1.94400001e+00 1.94400001e+00
    1.94400001e+00 1.94400001e+00 1.94400001e+00 1.94799995e+00
    1.98000002e+00 2. 2. 2. 2. 1.97500002e+00 1.94400001e+00
    1.93799996e+00 1.93400002e+00 1.93400002e+00 1.91999996e+00
    1.88999999e+00 1.87699997e+00 1.87199998e+00 1.84399998e+00
    1.81700003e+00 1.81200004e+00 1.80799997e+00 1.80799997e+00
    1.80799997e+00 1.80799997e+00 2. 2. 2. 2. 2. 2. 2. 2. 2. 2. 2.
    1.99699998e+00 1.98699999e+00 1.98099995e+00 1.98099995e+00
    1.98099995e+00 1.98099995e+00 1.98099995e+00 1.98199999e+00
    1.99300003e+00 2. 2. 2. 2. 1.99199998e+00 1.98099995e+00
    1.95400000e+00 1.93400002e+00 1.93400002e+00 1.92900002e+00
    1.91900003e+00 1.89900005e+00 1.87399995e+00 1.86199999e+00
    1.85000002e+00 1.82500005e+00 1.80799997e+00 1.80799997e+00
    1.80799997e+00 1.80799997e+00 2. 2. 2. 2. 2.00399995e+00
    2.01399994e+00 2.01300001e+00 2.00200009e+00 2. 2. 2.01099992e+00
    2.01600003e+00 2.00600004e+00 2. 2. 2. 2. 2. 2.00099993e+00
    2.01200008e+00 2.01900005e+00 2.01900005e+00 2.01300001e+00
    2.00200009e+00 2. 2. 1.97300005e+00 1.95000005e+00 1.94000006e+00
    1.93400002e+00 1.93400002e+00 1.90999997e+00 1.87500000e+00
    1.86199999e+00 1.85099995e+00 1.82500005e+00 1.80799997e+00
    1.80799997e+00 1.80799997e+00 1.80799997e+00 2. 2. 2. 2.
    2.01200008e+00 2.04399991e+00 2.03800011e+00 2.00600004e+00 2.
    2.00099993e+00 2.03299999e+00 2.04900002e+00 2.01699996e+00 2. 2. 2.
    2. 2. 2.00399995e+00 2.03600001e+00 2.05699992e+00 2.05699992e+00
    2.03900003e+00 2.00699997e+00 2. 2. 1.99399996e+00 1.98199999e+00
    1.95099998e+00 1.93400002e+00 1.93400002e+00 1.90999997e+00
    1.87500000e+00 1.84500003e+00 1.81799996e+00 1.81200004e+00
    1.80799997e+00 1.80799997e+00 1.80799997e+00 1.80799997e+00
    2.04299998e+00 2.02699995e+00 2.02699995e+00 2.02699995e+00
    2.03600001e+00 2.05900002e+00 2.04500008e+00 2.00699997e+00 2.
    2.00200009e+00 2.05500007e+00 2.08599997e+00 2.04699993e+00
    2.02699995e+00 2.02699995e+00 2.01699996e+00 2.00099993e+00 2.
    2.00500011e+00 2.04299998e+00 2.07900000e+00 2.11100006e+00
    2.08400011e+00 2.01500010e+00 2. 2. 1.98500001e+00 1.96899998e+00
    1.94599998e+00 1.94099998e+00 1.95500004e+00 1.91700006e+00
    1.85300004e+00 1.81500006e+00 1.78400004e+00 1.78400004e+00
    1.78900003e+00 1.80200005e+00 1.80799997e+00 1.80799997e+00
    2.10299993e+00 2.06500006e+00 2.06500006e+00 2.06500006e+00
    2.06599998e+00 2.06699991e+00 2.04500008e+00 2.00699997e+00 2.
    2.00200009e+00 2.07800007e+00 2.12500000e+00 2.08599997e+00
    2.06500006e+00 2.06500006e+00 2.03999996e+00 2.00300002e+00 2.
    2.00500011e+00 2.04299998e+00 2.09500003e+00 2.17100000e+00
    2.13800001e+00 2.02399993e+00 2. 2. 1.96399999e+00 1.93599999e+00
    1.93499994e+00 1.95000005e+00 1.98599994e+00 1.92700005e+00
    1.82200003e+00 1.77999997e+00 1.75000000e+00 1.75000000e+00
    1.76100004e+00 1.79299998e+00 1.80799997e+00 1.80799997e+00 0. 0. 0.
    1.41100001e+00 2.43700004e+00 2.43700004e+00 2.47499990e+00
    2.53999996e+00 2.55299997e+00 2.55399990e+00 2.59100008e+00
