<?xml version="1.0"?>
<opencv_storage>
<Depth type_id="opencv-matrix">
  <rows>40</rows>
  <cols>40</cols>
  <dt>f</dt>
  <data>
    0. 0. 0. 0. 0. 0. 0. 0. 0. 0. 0. 0. 0. 0. 0. 0. 0. 0. 0. 0. 0. 0. 0.
    0. 0. 0. 0. 0. 0. 0. 0. 0. 0. 0. 0. 0. 0. 0. 0. 0. 0. 0. 0. 0. 0. 0.
    0. 0. 0. 0. 0. 0. 0. 0. 0. 0. 0. 0. 0. 0. 0. 0. 0. 0. 0. 0. 0. 0. 0.
    0. 0. 0. 0. 0. 0. 0. 0. 0. 0. 0. 0. 0. 0. 0. 0. 0. 0. 0. 0. 0. 0. 0.
    0. 0. 0. 0. 0. 0. 0. 0. 0. 0. 0. 0. 0. 0. 0. 0. 0. 0. 0. 0. 0. 0. 0.
    0. 0. 0. 0. 0. 0. 0. 0. 0. 0. 0. 0. 0. 0. 0. 0. 0. 0. 0. 0. 0. 0. 0.
    0. 0. 0. 0. 0. 0. 0. 0. 0. 0. 0. 0. 0. 0. 0. 0. 0. 0. 0. 0. 0. 0. 0.
    0. 0. 0. 0. 0. 0. 0. 0. 0. 0. 0. 0. 0. 0. 0. 0. 0. 0. 0. 0. 0. 0. 0.
    0. 0. 0. 0. 0. 0. 0. 0. 0. 0. 0. 0. 0. 0. 0. 0. 0. 0. 0. 0. 0. 0. 0.
    0. 0. 0. 0. 0. 0. 0. 0. 0. 0. 0. 0. 0. 0. 0. 0. 0. 0. 0. 0. 0. 0. 0.
    0. 0. 0. 0. 0. 0. 0. 0. 0. 0. 0. 0. 0. 0. 0. 0. 0. 0. 0. 0. 0. 0. 0.
    0. 0. 0. 0. 0. 0. 0. 0. 0. 0. 0. 0. 0. 0. 0. 0. 0. 0. 0. 0. 0. 0. 0.
    0. 0. 0. 0. 0. 0. 0. 0. 0. 0. 0. 0. 0. 0. 0. 0. 0. 0. 0. 0. 0. 0. 0.
    0. 0. 0. 0. 0. 0. 0. 0. 0. 0. 0. 0. 0. 0. 0. 0. 0. 0. 0. 0. 0. 0. 0.
    0. 0. 0. 0. 0. 0. 0. 0. 0. 0. 0. 0. 0. 0. 0. 0. 0. 0. 0. 0. 0. 0. 0.
    0. 0. 0. 0. 0. 0. 0. 0. 0. 0. 0. 0. 0. 0. 0. 0. 0. 0. 0. 0. 0. 0. 0.
    1.71099997e+00 1.71099997e+00 1.71099997e+00 1.71099997e+00
    1.71099997e+00 1.71099997e+00 1.71099997e+00 1.79799998e+00
    1.90600002e+00 2. 2. 2. 2.02600002e+00 2.08400011e+00 2.14100003e+00
    2.10899997e+00 2.05200005e+00 2. 2. 2. 1.95400000e+00 1.84599996e+00
    1.73800004e+00 1.71099997e+00 0. 0. 0. 0. 0. 0. 0. 0. 0. 0. 0. 0. 0.
    0. 0. 0. 1.29400003e+00 1.32000005e+00 1.47500002e+00 1.63100004e+00
    1.71099997e+00 1.71099997e+00 1.71099997e+00 1.79600000e+00
    1.89999998e+00 1.99100006e+00 1.99500000e+00 1.99800003e+00
    2.02500010e+00 2.07900000e+00 2.13299990e+00 2.10299993e+00
    2.04800010e+00 2. 2. 2. 1.95700002e+00 1.85500002e+00 1.75399995e+00
    1.72800004e+00 0. 0. 0. 0. 0. 0. 0. 0. 0. 0. 0. 0. 0. 0. 0. 0. 0. 0.
    0. 1.13600004e+00 1.71099997e+00 1.71099997e+00 1.71099997e+00
    1.77900004e+00 1.86300004e+00 1.93900001e+00 1.96300006e+00
    1.98699999e+00 2.01500010e+00 2.04699993e+00 2.07999992e+00
    2.06200004e+00 2.02900004e+00 2. 2. 2. 1.97399998e+00 1.91299999e+00
    1.85200000e+00 1.83599997e+00 0. 0. 0. 0. 0. 0. 0. 0. 0. 0. 0. 0. 0.
    0. 0. 0. 0. 0. 0. 0. 1.71099997e+00 1.71099997e+00 1.71099997e+00
    1.76199996e+00 1.82599998e+00 1.88600004e+00 1.93099999e+00
    1.97599995e+00 2.00500011e+00 2.01600003e+00 2.02699995e+00
    2.02099991e+00 2.00999999e+00 2. 2. 2. 1.99100006e+00 1.97000003e+00
    1.95000005e+00 1.94400001e+00 0. 0. 0. 0. 0. 0. 0. 0. 0. 0. 0. 0. 0.
    0. 0. 0. 0. 0. 0. 0. 1.73699999e+00 1.73699999e+00 1.73699999e+00
    1.77100003e+00 1.81500006e+00 1.85899997e+00 1.91499996e+00
    1.97000003e+00 2. 2. 2. 2. 2. 2. 2. 2. 2. 2. 2. 2. 0. 0. 0. 0. 0. 0.
    0. 0. 0. 0. 0. 0. 0. 0. 0. 0. 0. 0. 0. 0. 1.78900003e+00
    1.78900003e+00 1.78900003e+00 1.80799997e+00 1.83200002e+00
    1.85899997e+00 1.91499996e+00 1.97000003e+00 2. 2. 2. 2. 2. 2. 2. 2.
    2. 2. 2. 2. 0. 0. 0. 0. 0. 0. 0. 0. 0. 0. 0. 0. 0. 0. 0. 0. 0. 0. 0.
    0. 1.84200001e+00 1.84200001e+00 1.84200001e+00 1.84500003e+00
    1.84899998e+00 1.85899997e+00 1.91499996e+00 1.97000003e+00 2. 2. 2.
    2. 2. 2. 2. 2. 2. 2. 2. 2. 0. 0. 0. 0. 0. 0. 0. 0. 0. 0. 0. 0. 0. 0.
    0. 0. 0. 0. 0. 1.04900002e+00 1.98300004e+00 1.96500003e+00
    1.94700003e+00 1.92900002e+00 1.91199994e+00 1.90199995e+00
    1.94000006e+00 1.97899997e+00 2. 2. 2. 2. 2. 2. 2. 2. 2. 2. 2. 2. 0.
    0. 0. 0. 0. 0. 0. 0. 0. 0. 0. 0. 0. 0. 0. 0. 0. 0. 0. 1.72599995e+00
    2.14499998e+00 2.10400009e+00 2.06399989e+00 2.02500010e+00
    1.98599994e+00 1.95400000e+00 1.97200000e+00 1.99000001e+00 2. 2. 2.
    2. 2. 2. 2. 2. 2. 2. 2. 2. 0. 0. 0. 0. 0. 0. 0. 0. 0. 0. 0. 0. 0. 0.
    0. 0. 2.30599999e+00 2.30599999e+00 2.30599999e+00 2.30599999e+00
    2.27800012e+00 2.22199988e+00 2.16499996e+00 2.10700011e+00
    2.04999995e+00 2. 2. 2. 1.99899995e+00 1.99600005e+00 1.99300003e+00
    1.99300003e+00 1.99300003e+00 1.99300003e+00 1.99300003e+00
    1.99300003e+00 1.99300003e+00 1.99300003e+00 1.99300003e+00
    1.99300003e+00 0. 0. 0. 0. 0. 0. 0. 0. 0. 0. 0. 0. 0. 0. 0. 0.
    2.24600005e+00 2.24600005e+00 2.24600005e+00 2.24600005e+00
    2.23000002e+00 2.19499993e+00 2.16100001e+00 2.10700011e+00
    2.04999995e+00 2. 2. 2. 1.98899996e+00 1.96599996e+00 1.94299996e+00
    1.93700004e+00 1.93700004e+00 1.93700004e+00 1.93700004e+00
    1.93700004e+00 1.93700004e+00 1.93700004e+00 1.93700004e+00
    1.93700004e+00 0. 0. 0. 0. 0. 0. 0. 0. 0. 0. 0. 0. 0. 0. 0. 0.
    2.18600011e+00 2.18600011e+00 2.18600011e+00 2.18600011e+00
    2.18099999e+00 2.16799998e+00 2.15599990e+00 2.10700011e+00
    2.04999995e+00 2. 2. 2. 1.98000002e+00 1.93599999e+00 1.89199996e+00
    1.88199997e+00 1.88199997e+00 1.88199997e+00 1.88199997e+00
    1.88199997e+00 1.88199997e+00 1.88199997e+00 1.88199997e+00
    1.88199997e+00 0. 0. 0. 0. 0. 0. 0. 0. 0. 0. 0. 0. 0. 0. 0. 0.
    2.15400004e+00 2.15400004e+00 2.15400004e+00 2.15400004e+00
    2.15400004e+00 2.15400004e+00 2.15400004e+00 2.10700011e+00
    2.04999995e+00 2. 2. 2. 1.97500002e+00 1.91900003e+00 1.86399996e+00
    1.85200000e+00 1.85200000e+00 1.85200000e+00 1.85200000e+00
    1.85200000e+00 1.85200000e+00 1.85200000e+00 1.85200000e+00
    1.85200000e+00 0. 0. 0. 0. 0. 0. 0. 0. 0. 0. 0. 0. 0. 0. 0. 0.
    2.15400004e+00 2.15400004e+00 2.15400004e+00 2.15400004e+00
    2.15400004e+00 2.15400004e+00 2.15400004e+00 2.10700011e+00
    2.04999995e+00 2. 2. 2. 1.97500002e+00 1.91900003e+00 1.86399996e+00
    1.85200000e+00 1.85200000e+00 1.85200000e+00 1.85200000e+00
    1.85200000e+00 1.85200000e+00 1.85200000e+00 1.85200000e+00
    1.85200000e+00 0. 0. 0. 0. 0. 0. 0. 0. 0. 0. 0. 0. 0. 0. 0. 0.
    2.15400004e+00 2.15400004e+00 2.15400004e+00 2.15400004e+00
    2.15400004e+00 2.15400004e+00 2.15400004e+00 2.10700011e+00
    2.04999995e+00 2. 2. 2. 1.97500002e+00 1.91900003e+00 1.86399996e+00
    1.85200000e+00 1.85200000e+00 1.85200000e+00 1.85200000e+00
    1.85200000e+00 1.85200000e+00 1.85200000e+00 1.85200000e+00
    1.85200000e+00 0. 0. 0. 0. 0. 0. 0. 0. 0. 0. 0. 0. 0. 0. 0. 0.
    2.15400004e+00 2.15100002e+00 2.13499999e+00 2.11800003e+00
    2.10899997e+00 2.10899997e+00 2.10899997e+00 2.07599998e+00
    2.03500009e+00 2. 2. 2. 1.97500002e+00 1.91900003e+00 1.86399996e+00
    1.85200000e+00 1.85200000e+00 1.85200000e+00 1.85200000e+00
    1.85200000e+00 1.85200000e+00 1.85200000e+00 1.85200000e+00
    1.85200000e+00 0. 0. 0. 0. 0. 0. 0. 0. 0. 0. 0. 0. 0. 0. 0. 0.
    2.15400004e+00 2.14800000e+00 2.10999990e+00 2.07100010e+00
    2.05200005e+00 2.05200005e+00 2.05200005e+00 2.03600001e+00
    2.01699996e+00 2. 2. 2. 1.97500002e+00 1.91900003e+00 1.86399996e+00
    1.85200000e+00 1.85200000e+00 1.85200000e+00 1.85200000e+00
    1.85200000e+00 1.85200000e+00 1.85200000e+00 1.85200000e+00
    1.85200000e+00 0. 0. 0. 0. 0. 0. 0. 0. 0. 0. 0. 0. 0. 0. 0. 0.
    2.15400004e+00 2.14499998e+00 2.08699989e+00 2.02999997e+00
    1.99899995e+00 1.99699998e+00 1.99500000e+00 1.99399996e+00
    1.99399996e+00 1.99399996e+00 1.99399996e+00 1.99399996e+00
    1.97000003e+00 1.91700006e+00 1.86399996e+00 1.85200000e+00
    1.85200000e+00 1.85200000e+00 1.85399997e+00 1.85699999e+00
    1.81299996e+00 1.70899999e+00 1.60599995e+00 1.58000004e+00 0. 0. 0.
    0. 0. 0. 0. 0. 0. 0. 0. 0. 0. 0. 0. 0. 2.15400004e+00 2.14499998e+00
    2.08699989e+00 2.02999997e+00 1.98899996e+00 1.96599996e+00
    1.94299996e+00 1.93900001e+00 1.93900001e+00 1.93900001e+00
    1.93900001e+00 1.93900001e+00 1.92400002e+00 1.89199996e+00
    1.85899997e+00 1.85200000e+00 1.85200000e+00 1.85399997e+00
    1.87699997e+00 1.89999998e+00 1.44000006e+00 0. 0. 0. 0. 0. 0. 0. 0.
    0. 0. 0. 0. 0. 0. 0. 0. 0. 0. 0. 2.15400004e+00 2.14499998e+00
