<?xml version="1.0"?>
<opencv_storage>
<Depth type_id="opencv-matrix">
  <rows>40</rows>
  <cols>40</cols>
  <dt>f</dt>
  <data>
    0. 0. 0. 0. 0. 0. 0. 0. 0. 0. 0. 0. 0. 0. 0. 0. 0. 0. 0. 0. 0. 0. 0.
    0. 0. 0. 0. 0. 0. 0. 0. 0. 0. 0. 0. 0. 0. 0. 0. 0. 0. 0. 0. 0. 0. 0.
    0. 0. 0. 0. 0. 0. 2.10100007e+00 2.10100007e+00 2.10100007e+00
    2.10100007e+00 2.07800007e+00 2.04999995e+00 2.04999995e+00
    2.02900004e+00 2. 2. 2. 2.00200009e+00 2.03500009e+00 2.04999995e+00
    2.04999995e+00 0. 0. 0. 0. 0. 0. 0. 0. 0. 0. 0. 0. 0. 0. 0. 0. 0. 0.
    0. 0. 0. 0. 0. 0. 0. 2.10100007e+00 2.10100007e+00 2.10100007e+00
    2.10100007e+00 2.07800007e+00 2.04699993e+00 2.03200006e+00
    2.01500010e+00 2. 2. 2. 2.00200009e+00 2.03500009e+00 2.04999995e+00
    2.04999995e+00 0. 0. 0. 0. 0. 0. 0. 0. 0. 0. 0. 0. 0. 0. 0. 0. 0. 0.
    0. 0. 0. 0. 0. 0. 0. 2.10100007e+00 2.10100007e+00 2.10100007e+00
    2.10100007e+00 2.07800007e+00 2.04500008e+00 2.01200008e+00 2. 2. 2.
    2. 2.00200009e+00 2.02999997e+00 2.04299998e+00 2.04299998e+00 0. 0.
    0. 0. 0. 0. 0. 0. 0. 0. 0. 0. 0. 0. 0. 0. 0. 0. 0. 0. 0. 0. 0. 0. 0.
    2.10100007e+00 2.10100007e+00 2.10100007e+00 2.10100007e+00
    2.07800007e+00 2.04500008e+00 2.01200008e+00 2. 2. 2. 2. 2.
    2.00699997e+00 2.00999999e+00 2.00999999e+00 0. 0. 0. 0. 0. 0. 0. 0.
    0. 0. 0. 0. 0. 0. 0. 0. 0. 0. 0. 0. 0. 0. 0. 0. 0. 2.14800000e+00
    2.13700008e+00 2.12100005e+00 2.10599995e+00 2.07800007e+00
    2.04699993e+00 2.02900004e+00 2.02300000e+00 2.02300000e+00
    2.02300000e+00 2.00500011e+00 1.97700000e+00 1.96300006e+00
    1.95700002e+00 1.95700002e+00 0. 0. 0. 0. 0. 0. 0. 0. 0. 0. 0. 0. 0.
    0. 0. 0. 0. 0. 0. 0. 0. 0. 0. 0. 0. 2.21199989e+00 2.18300009e+00
    2.14499998e+00 2.11100006e+00 2.07800007e+00 2.04999995e+00
    2.04999995e+00 2.04999995e+00 2.04999995e+00 2.04999995e+00
    2.01200008e+00 1.95000005e+00 1.91900003e+00 1.90499997e+00
    1.90499997e+00 0. 0. 0. 0. 0. 0. 0. 0. 0. 0. 0. 0. 0. 0. 0. 0. 0. 0.
    0. 0. 0. 0. 0. 0. 0. 2.24699998e+00 2.20099998e+00 2.14499998e+00
    2.11100006e+00 2.07800007e+00 2.04999995e+00 2.04999995e+00
    2.04999995e+00 2.04999995e+00 2.04999995e+00 2.01200008e+00
    1.95000005e+00 1.91900003e+00 1.90499997e+00 1.90499997e+00 0. 0. 0.
    0. 0. 0. 0. 0. 0. 0. 0. 0. 0. 0. 0. 0. 0. 0. 0. 0. 0. 0. 0. 0. 0.
    2.25999999e+00 2.21900010e+00 2.16400003e+00 2.11599994e+00
    2.07800007e+00 2.04999995e+00 2.04999995e+00 2.04999995e+00
    2.04800010e+00 2.03500009e+00 1.99899995e+00 1.95000005e+00
    1.91900003e+00 1.90499997e+00 1.90499997e+00 0. 0. 0. 0. 0. 0. 0. 0.
    0. 0. 0. 0. 0. 0. 0. 0. 0. 0. 0. 0. 0. 0. 0. 0. 0. 2.25999999e+00
    2.23399997e+00 2.19099998e+00 2.12199998e+00 2.07800007e+00
    2.04999995e+00 2.04999995e+00 2.04999995e+00 2.04600000e+00
    2.01300001e+00 1.98300004e+00 1.95400000e+00 1.92499995e+00
    1.91199994e+00 1.91199994e+00 0. 0. 0. 0. 0. 0. 0. 0. 0. 0. 0. 0. 0.
    0. 0. 0. 0. 0. 0. 0. 0. 0. 0. 0. 0. 2.25999999e+00 2.23399997e+00
    2.19099998e+00 2.12199998e+00 2.07800007e+00 2.04999995e+00
    2.04999995e+00 2.04999995e+00 2.04600000e+00 2.01300001e+00
    1.99500000e+00 1.98699999e+00 1.97800004e+00 1.97399998e+00
    1.97399998e+00 0. 0. 0. 0. 0. 0. 0. 0. 0. 0. 0. 0. 0. 0. 0. 0. 0. 0.
    0. 0. 0. 0. 0. 0. 0. 2.23900008e+00 2.21300006e+00 2.17300010e+00
    2.11800003e+00 2.07800007e+00 2.04999995e+00 2.04999995e+00
    2.04999995e+00 2.04600000e+00 2.01300001e+00 2. 2. 2. 2.42400002e+00
    0. 0. 0. 0. 0. 0. 0. 0. 0. 0. 0. 0. 0. 0. 0. 0. 0. 0. 0. 0. 0. 0. 0.
    0. 0. 0. 2.20400000e+00 2.17899990e+00 2.14499998e+00 2.11100006e+00
    2.07800007e+00 2.04999995e+00 2.04999995e+00 2.04999995e+00
    2.04600000e+00 2.01500010e+00 2.00099993e+00 2. 2. 0. 0. 0. 0. 0. 0.
    0. 0. 0. 0. 0. 0. 0. 0. 0. 0. 0. 0. 0. 0. 0. 0. 0. 0. 0. 0. 0.
    2.16799998e+00 2.16000009e+00 2.14499998e+00 2.11100006e+00
    2.07800007e+00 2.04999995e+00 2.04999995e+00 2.04999995e+00
    2.04900002e+00 2.03900003e+00 2.02099991e+00 2. 2. 2.32999992e+00
    2.93000007e+00 0. 0. 0. 0. 0. 0. 0. 0. 0. 0. 0. 0. 0. 0. 0. 0. 0. 0.
    0. 0. 0. 0. 0. 0. 0. 2.15199995e+00 2.15199995e+00 2.14499998e+00
    2.11100006e+00 2.07800007e+00 2.04999995e+00 2.04999995e+00
    2.04999995e+00 2.04999995e+00 2.04999995e+00 2.03099990e+00 2. 2. 2.
    2. 0. 0. 0. 0. 0. 0. 0. 0. 0. 0. 0. 0. 0. 0. 0. 0. 0. 0. 0. 0. 0. 0.
    0. 0. 0. 2.15199995e+00 2.15199995e+00 2.14499998e+00 2.11100006e+00
    2.07800007e+00 2.04999995e+00 2.04999995e+00 2.04999995e+00
    2.04900002e+00 2.04900002e+00 2.03099990e+00 2.00099993e+00
    2.00099993e+00 2.00099993e+00 2.00099993e+00 0. 0. 0. 0. 0. 0. 0. 0.
    0. 0. 0. 0. 0. 0. 0. 0. 0. 0. 0. 0. 0. 0. 0. 0. 0. 2.15199995e+00
    2.15199995e+00 2.14499998e+00 2.11100006e+00 2.07800007e+00
    2.04999995e+00 2.04999995e+00 2.03600001e+00 2.01699996e+00
    2.01699996e+00 2.02300000e+00 2.03299999e+00 2.03299999e+00
    2.03299999e+00 2.03299999e+00 0. 0. 0. 0. 0. 0. 0. 0. 0. 0. 0. 0. 0.
    0. 0. 0. 0. 0. 0. 0. 0. 0. 0. 0. 0. 2.15199995e+00 2.15199995e+00
    2.14499998e+00 2.11100006e+00 2.07800007e+00 2.04999995e+00
    2.04999995e+00 2.02900004e+00 2. 2. 2.01900005e+00 2.04999995e+00
    2.04999995e+00 2.04999995e+00 2.04999995e+00 0. 0. 0. 0. 0. 0. 0. 0.
    0. 0. 0. 0. 0. 0. 0. 0. 0. 0. 0. 0. 0. 0. 0. 0. 0. 2.15199995e+00
    2.15199995e+00 2.14499998e+00 2.11100006e+00 2.07800007e+00
    2.04999995e+00 2.04999995e+00 2.02900004e+00 2. 2. 2.01900005e+00
    2.04999995e+00 2.04999995e+00 2.04999995e+00 2.04999995e+00 0. 0. 0.
    0. 0. 0. 0. 0. 0. 0. 0. 0. 0. 0. 0. 0. 0. 0. 0. 0. 0. 0. 0. 0. 0.
    2.18600011e+00 2.17000008e+00 2.14499998e+00 2.11100006e+00
    2.07800007e+00 2.04999995e+00 2.04999995e+00 2.02900004e+00 2. 2.
    2.01900005e+00 2.04999995e+00 2.04999995e+00 2.04999995e+00
    2.04999995e+00 0. 0. 0. 0. 0. 0. 0. 0. 0. 0. 0. 0. 0. 0. 0. 0. 0. 0.
    0. 0. 0. 0. 0. 0. 0. 2.19000006e+00 2.17199993e+00 2.14499998e+00
    2.11100006e+00 2.07800007e+00 2.04999995e+00 2.04999995e+00
    2.02900004e+00 2. 2. 2.01900005e+00 2.04999995e+00 2.04999995e+00
    2.04999995e+00 2.04999995e+00 0. 0. 0. 0. 0. 0. 0. 0. 0. 0. 0. 0. 0.
    0. 0. 0. 0. 0. 0. 0. 0. 0. 0. 0. 0. 2.15499997e+00 2.15400004e+00
    2.14499998e+00 2.11100006e+00 2.07800007e+00 2.04999995e+00
    2.04999995e+00 2.02900004e+00 2. 2. 2.01900005e+00 2.04999995e+00
    2.04999995e+00 2.04999995e+00 2.04999995e+00 0. 0. 0. 0. 0. 0. 0. 0.
    0. 0. 0. 0. 0. 0. 0. 0. 0. 0. 0. 0. 0. 0. 0. 0. 0. 2.15199995e+00
    2.15199995e+00 2.14499998e+00 2.11100006e+00 2.07800007e+00
    2.04999995e+00 2.04999995e+00 2.04200006e+00 2.02999997e+00
    2.02999997e+00 2.03800011e+00 2.04999995e+00 2.04999995e+00
    2.04999995e+00 2.04999995e+00 0. 0. 0. 0. 0. 0. 0. 0. 0. 0. 0. 0. 0.
    0. 0. 0. 0. 0. 0. 0. 0. 0. 0. 0. 0. 2.16599989e+00 2.15300012e+00
    2.13400006e+00 2.10899997e+00 2.07800007e+00 2.04999995e+00
    2.04999995e+00 2.04999995e+00 2.04999995e+00 2.04999995e+00
    2.04999995e+00 2.04999995e+00 2.04999995e+00 2.04999995e+00
    2.04999995e+00 0. 0. 0. 0. 0. 0. 0. 0. 0. 0. 0. 0. 0. 0. 0. 0. 0. 0.
    0. 0. 0. 0. 0. 0. 0. 2.20099998e+00 2.15499997e+00 2.10500002e+00
    2.10200000e+00 2.07800007e+00 2.04999995e+00 2.04999995e+00
    2.04999995e+00 2.04999995e+00 2.04999995e+00 2.04999995e+00
    2.04999995e+00 2.04999995e+00 2.04999995e+00 2.04999995e+00 0. 0. 0.
    0. 0. 0. 0. 0. 0. 0. 0. 0. 0. 0. 0. 0. 0. 0. 0. 0. 0. 0. 0. 0. 0.
    2.20600009e+00 2.15499997e+00 2.10100007e+00 2.10100007e+00
    2.07800007e+00 2.04999995e+00 2.04999995e+00 2.04999995e+00
    2.04999995e+00 2.04999995e+00 2.04999995e+00 2.04999995e+00
    2.04999995e+00 2.04999995e+00 2.04999995e+00 0. 0. 0. 0. 0. 0. 0. 0.
    0. 0. 0. 0. 0. 0. 0. 0. 0. 0. 0. 0. 0. 0. 0. 0. 0. 2.20600009e+00
    2.15000010e+00 2.08899999e+00 2.08899999e+00 2.07200003e+00
    2.04999995e+00 2.04999995e+00 2.04999995e+00 2.04999995e+00
    2.04999995e+00 2.04600000e+00 2.03900003e+00 2.03900003e+00
