<?xml version="1.0"?>
<opencv_storage>
<Depth type_id="opencv-matrix">
  <rows>40</rows>
  <cols>40</cols>
  <dt>f</dt>
  <data>
    0. 0. 0. 0. 0. 0. 0. 0. 0. 0. 0. 0. 0. 0. 0. 0. 0. 0. 0. 0. 0. 0. 0.
    0. 0. 0. 0. 0. 0. 0. 0. 0. 0. 0. 0. 0. 0. 0. 0. 0. 0. 0. 0. 0. 0. 0.
    0. 0. 0. 0. 0. 0. 0. 0. 0. 0. 0. 0. 0. 0. 0. 0. 0. 0. 0. 0. 0. 0. 0.
    0. 0. 0. 0. 0. 0. 0. 0. 0. 0. 0. 0. 0. 0. 0. 0. 0. 0. 0. 0. 0. 0. 0.
    0. 0. 0. 0. 0. 0. 0. 0. 0. 0. 0. 0. 0. 0. 0. 0. 0. 0. 0. 0. 0. 0. 0.
    0. 0. 0. 0. 0. 0. 0. 0. 0. 0. 0. 0. 0. 0. 0. 0. 0. 0. 0. 0. 0. 0. 0.
    0. 0. 0. 0. 0. 0. 0. 0. 0. 0. 0. 0. 0. 0. 0. 0. 0. 0. 0. 0. 0. 0. 0.
    0. 0. 0. 0. 0. 0. 0. 0. 0. 0. 0. 0. 0. 0. 0. 0. 0. 0. 0. 0. 0. 0. 0.
    0. 0. 0. 0. 0. 0. 0. 0. 0. 0. 0. 0. 0. 0. 0. 0. 0. 0. 0. 0. 0. 0. 0.
    0. 0. 0. 0. 0. 0. 0. 0. 0. 0. 0. 0. 0. 0. 0. 0. 0. 0. 0. 0. 0. 0. 0.
    0. 0. 0. 0. 0. 0. 0. 0. 0. 0. 0. 0. 0. 0. 0. 0. 0. 0. 0. 0. 0. 0. 0.
    0. 0. 0. 0. 0. 0. 0. 0. 0. 0. 0. 0. 0. 0. 0. 0. 0. 0. 0. 0. 0. 0. 0.
    0. 0. 0. 0. 0. 0. 0. 0. 0. 0. 0. 0. 0. 0. 0. 0. 0. 0. 0. 0. 0. 0. 0.
    0. 0. 0. 0. 0. 0. 0. 0. 0. 0. 0. 0. 0. 0. 0. 0. 0. 0. 0. 0. 0. 0. 0.
    0. 0. 0. 0. 0. 0. 0. 0. 0. 0. 0. 0. 0. 0. 0. 0. 0. 0. 0. 0. 0. 0. 0.
    0. 0. 0. 0. 0. 0. 0. 0. 0. 0. 0. 0. 0. 0. 0. 0. 0. 0. 0. 0. 0. 0. 0.
    0. 0. 0. 0. 0. 0. 0. 0. 0. 0. 0. 0. 0. 0. 0. 0. 0. 0. 0. 0. 0. 0. 0.
    0. 0. 0. 0. 0. 0. 0. 0. 0. 0. 0. 1.37899995e+00 2.91100001e+00
    2.91100001e+00 2.91100001e+00 2.93899989e+00 2.94600010e+00
    2.94600010e+00 2.94600010e+00 2.92000008e+00 2.92300010e+00
    2.94600010e+00 2.94600010e+00 2.94600010e+00 2.94499993e+00
    2.94499993e+00 2.94499993e+00 2.94499993e+00 2.92700005e+00
    2.91599989e+00 2.91499996e+00 2.93300009e+00 2.65100002e+00
    2.58299994e+00 2.59800005e+00 2.59500003e+00 2.55100012e+00
    2.55100012e+00 2.55100012e+00 2.55299997e+00 2.55399990e+00
    2.55500007e+00 2.32299995e+00 2.09599996e+00 2.49099994e+00
    2.76200008e+00 2.80500007e+00 2.79299998e+00 2.17499995e+00 0.
    1.11000001e+00 2.90799999e+00 2.91000009e+00 2.91100001e+00
    2.91100001e+00 2.93899989e+00 2.94600010e+00 2.86999989e+00
    2.86299992e+00 2.13299990e+00 2.21399999e+00 2.86500001e+00
    2.88400006e+00 2.93499994e+00 2.88299990e+00 2.83299994e+00
    2.83200002e+00 2.82900000e+00 2.31599998e+00 1.98699999e+00
    1.98099995e+00 2.49900007e+00 2.13000011e+00 2.05399990e+00
    2.53999996e+00 2.50600004e+00 1.97899997e+00 1.96300006e+00
    1.98099995e+00 2.03500009e+00 2.05100012e+00 2.08500004e+00
    2.09699988e+00 2.09599996e+00 2.52200007e+00 2.76999998e+00
    2.79299998e+00 2.21799994e+00 2.09200001e+00 0. 1.25399995e+00
    2.75300002e+00 2.76799989e+00 2.77900004e+00 2.77900004e+00
    2.80200005e+00 2.80500007e+00 2.13199997e+00 2.07299995e+00
    2.08999991e+00 2.08899999e+00 2.08400011e+00 2.25300002e+00
    2.79299998e+00 2.52900004e+00 2.08400011e+00 2.07299995e+00
    2.04299998e+00 2.00699997e+00 1.98899996e+00 1.98399997e+00
    2.01200008e+00 2.05200005e+00 2.02099991e+00 2. 1.99899995e+00
    1.98199999e+00 1.96899998e+00 1.97700000e+00 2.00600004e+00
    2.03900003e+00 2.08200002e+00 2.10299993e+00 2.09200001e+00
    2.07399988e+00 2.07100010e+00 2.06999993e+00 2.05900002e+00
    2.05699992e+00 2.09200001e+00 2.08999991e+00 2.08699989e+00
    2.07500005e+00 2.06800008e+00 2.06800008e+00 2.06100011e+00
    2.04600000e+00 2.04800010e+00 2.05299997e+00 2.05299997e+00
    2.04900002e+00 2.01900005e+00 2.01900005e+00 2.03399992e+00
    2.06800008e+00 2.06100011e+00 2.05100012e+00 2.03200006e+00
    2.00999999e+00 2.00399995e+00 2.00399995e+00 2.01600003e+00
    2.04500008e+00 2.02099991e+00 2.00399995e+00 2.00399995e+00
    2.00399995e+00 2.00300002e+00 2. 2.00600004e+00 2.02999997e+00
    2.05900002e+00 2.08400011e+00 2.08699989e+00 2.06599998e+00
    2.04399991e+00 2.03800011e+00 2.04999995e+00 2.05299997e+00
    2.07399988e+00 2.06200004e+00 2.04900002e+00 2.03800011e+00
    2.03299999e+00 2.03299999e+00 2.00699997e+00 2. 2.01699996e+00
    2.03200006e+00 2.03299999e+00 2.03099990e+00 2.01900005e+00
    2.01900005e+00 2.02300000e+00 2.03299999e+00 2.02999997e+00
    2.01999998e+00 2.01399994e+00 2.01399994e+00 2.01699996e+00
    2.01500010e+00 2.01399994e+00 2.01399994e+00 2.00900006e+00
    2.00799990e+00 2.01399994e+00 2.01399994e+00 2.00999999e+00
    1.99500000e+00 1.99899995e+00 2.00799990e+00 2.02999997e+00
    2.07100010e+00 2.07900000e+00 2.05599999e+00 2.03699994e+00
    2.03699994e+00 2.03800011e+00 2.03800011e+00 2.05500007e+00
    2.03800011e+00 2.02500010e+00 2.01500010e+00 2.01200008e+00
    2.01200008e+00 1.99699998e+00 1.99300003e+00 2.00500011e+00
    2.00600004e+00 2.00600004e+00 2.01200008e+00 2.01200008e+00
    2.01200008e+00 2.01399994e+00 2.01699996e+00 2.00399995e+00
    1.99300003e+00 1.99699998e+00 2. 2.01300001e+00 2.00500011e+00 2.
    1.99399996e+00 1.98199999e+00 1.98099995e+00 2. 2. 1.99600005e+00
    1.98099995e+00 1.98099995e+00 1.98099995e+00 2.01200008e+00
    2.04999995e+00 2.02900004e+00 2.01200008e+00 2.01699996e+00
    2.03299999e+00 2.03800011e+00 2.03800011e+00 2.00999999e+00
    2.00300002e+00 2.00300002e+00 1.99699998e+00 1.99199998e+00
    1.99199998e+00 1.98300004e+00 1.98099995e+00 1.98099995e+00
    1.98099995e+00 1.98199999e+00 2. 2. 2. 2.00300002e+00 2.00699997e+00
    1.99199998e+00 1.98099995e+00 1.99199998e+00 2. 2.00799990e+00
    2.00300002e+00 2. 1.98300004e+00 1.98099995e+00 1.98099995e+00 2. 2.
    1.99800003e+00 1.98899996e+00 1.98899996e+00 1.98899996e+00
    2.01099992e+00 2.03399992e+00 2.01300001e+00 2. 2.01300001e+00
    2.03299999e+00 2.03800011e+00 2.04500008e+00 1.98099995e+00
    1.98099995e+00 1.98099995e+00 1.98099995e+00 1.98099995e+00
    1.98099995e+00 1.98099995e+00 1.98099995e+00 1.98099995e+00
    1.98099995e+00 1.98199999e+00 2. 2. 2. 2. 2. 1.99600005e+00
    1.99000001e+00 1.99600005e+00 2. 2. 2. 2. 1.98300004e+00
    1.98099995e+00 1.99000001e+00 2.00099993e+00 2.00900006e+00
    2.00900006e+00 2.00699997e+00 2. 2.00300002e+00 2.02200007e+00
    2.02800012e+00 2.01300001e+00 2.00900006e+00 2.01600003e+00
    2.03299999e+00 2.03800011e+00 2.04699993e+00 1.98099995e+00
    1.98099995e+00 1.98099995e+00 1.98099995e+00 1.98099995e+00
    1.98099995e+00 1.98099995e+00 1.98099995e+00 1.98099995e+00
    1.98099995e+00 1.98199999e+00 2. 2. 2. 2. 2. 2. 2. 2. 2. 2. 2. 2.
    1.99199998e+00 1.99100006e+00 2. 2.00099993e+00 2.01799989e+00
    2.00900006e+00 2.00699997e+00 2. 2.00699997e+00 2.02699995e+00
    2.03399992e+00 2.02900004e+00 2.02900004e+00 2.02900004e+00
    2.03600001e+00 2.03800011e+00 2.03800011e+00 1.99199998e+00
    1.99199998e+00 1.99199998e+00 1.99199998e+00 1.99199998e+00
    1.99199998e+00 1.98300004e+00 1.98099995e+00 1.98099995e+00
    1.98099995e+00 1.98199999e+00 2. 2. 2. 2. 2. 2. 2. 2. 2. 2. 2. 2. 2.
    2. 2. 2.00099993e+00 2.01699996e+00 2. 2.00300002e+00 2.01099992e+00
    2.01399994e+00 2.02699995e+00 2.03800011e+00 2.03800011e+00
    2.03800011e+00 2.03800011e+00 2.03800011e+00 2.03800011e+00
    2.04800010e+00 2. 2. 2. 2. 2. 2. 1.99500000e+00 1.99399996e+00
    1.99399996e+00 1.99399996e+00 1.99399996e+00 2. 2. 2. 2. 2. 2. 2. 2.
    2.00799990e+00 2.01300001e+00 2.00300002e+00 2. 2. 2. 2.01300001e+00
    2.01300001e+00 2.01699996e+00 2. 2.00500011e+00 2.01900005e+00
    2.01900005e+00 2.02699995e+00 2.03800011e+00 2.03800011e+00
    2.03800011e+00 2.03800011e+00 2.03800011e+00 2.03800011e+00
    2.05500007e+00 2. 2. 2.00699997e+00 2.01399994e+00 2.01399994e+00
    2.01399994e+00 2.00300002e+00 2. 2. 2. 2. 2.00200009e+00
    2.01099992e+00 2. 2. 2. 2. 2.00699997e+00 2.01399994e+00
    2.01699996e+00 2.01900005e+00 2.01500010e+00 2.01399994e+00
    2.01399994e+00 2.01399994e+00 2.01900005e+00 2.01900005e+00
    2.01799989e+00 2.01399994e+00 2.01500010e+00 2.01900005e+00
    2.01900005e+00 2.02699995e+00 2.03800011e+00 2.03800011e+00
    2.03800011e+00 2.03800011e+00 2.03800011e+00 2.04900002e+00
