<?xml version="1.0"?>
<opencv_storage>
<Depth type_id="opencv-matrix">
  <rows>40</rows>
  <cols>40</cols>
  <dt>f</dt>
  <data>
    0. 0. 0. 0. 0. 0. 0. 0. 0. 0. 0. 0. 0. 0. 0. 0. 0. 0. 0. 0. 0. 0. 0.
    0. 0. 0. 0. 0. 0. 0. 0. 0. 0. 0. 0. 0. 0. 0. 0. 0. 0. 0. 0. 0. 0. 0.
    0. 0. 0. 0. 0. 0. 0. 0. 0. 0. 0. 0. 0. 0. 0. 0. 0. 0. 0. 0. 0. 0. 0.
    0. 0. 0. 0. 0. 0. 0. 0. 0. 0. 0. 0. 0. 0. 0. 0. 0. 0. 0. 0. 0. 0. 0.
    0. 0. 0. 0. 0. 0. 0. 0. 0. 0. 0. 0. 0. 0. 0. 0. 0. 0. 0. 0. 0. 0. 0.
    0. 0. 0. 0. 0. 0. 0. 0. 0. 0. 0. 0. 0. 0. 0. 0. 0. 0. 0. 0. 0. 0. 0.
    0. 0. 0. 0. 0. 0. 0. 0. 0. 0. 0. 0. 0. 0. 0. 0. 0. 0. 0. 0. 0. 0. 0.
    0. 0. 0. 0. 0. 0. 0. 0. 0. 0. 0. 0. 0. 0. 0. 0. 0. 0. 0. 0. 0. 0. 0.
    0. 0. 0. 0. 0. 0. 0. 0. 0. 0. 0. 0. 0. 0. 0. 0. 0. 0. 0. 0. 0. 0. 0.
    0. 0. 0. 0. 0. 0. 0. 0. 0. 0. 0. 0. 0. 0. 0. 0. 0. 0. 0. 0. 0. 0. 0.
    0. 0. 0. 0. 0. 0. 0. 0. 0. 0. 0. 0. 0. 0. 0. 0. 0. 0. 0. 0. 0. 0. 0.
    0. 0. 0. 0. 0. 0. 0. 0. 0. 0. 0. 0. 0. 0. 0. 0. 0. 0. 0. 0. 0. 0. 0.
    0. 0. 0. 0. 0. 0. 0. 0. 0. 0. 0. 0. 0. 0. 0. 0. 0. 0. 0. 0. 0. 0. 0.
    0. 0. 0. 0. 0. 0. 0. 0. 0. 0. 0. 0. 0. 0. 0. 0. 0. 0. 0. 0. 0. 0. 0.
    0. 0. 0. 0. 0. 0. 0. 0. 0. 0. 0. 0. 0. 0. 0. 0. 0. 0. 0. 0. 0. 0. 0.
    0. 0. 0. 0. 0. 0. 0. 0. 0. 0. 0. 0. 0. 0. 0. 0. 0. 0. 1.53799999e+00
    1.53799999e+00 1.53799999e+00 1.53799999e+00 1.53799999e+00
    1.53799999e+00 1.53799999e+00 1.56500006e+00 1.61800003e+00
    1.67100000e+00 1.68599999e+00 1.68599999e+00 1.68599999e+00
    1.68599999e+00 1.68599999e+00 1.70099998e+00 1.81400001e+00
    1.92600000e+00 2. 2. 2. 2. 2. 2. 2. 2. 2. 2. 2. 2.00999999e+00
    2.06999993e+00 2.13000011e+00 2.16799998e+00 2.16799998e+00 0. 0. 0.
    0. 0. 0. 1.53799999e+00 1.53799999e+00 1.53799999e+00 1.53799999e+00
    1.53900003e+00 1.54100001e+00 1.54299998e+00 1.57000005e+00
    1.62100005e+00 1.67200005e+00 1.68700004e+00 1.69000006e+00
    1.69200003e+00 1.69200003e+00 1.69200003e+00 1.70700002e+00
    1.81700003e+00 1.92700005e+00 2. 2. 2. 1.99899995e+00 1.99699998e+00
    1.99500000e+00 1.99399996e+00 1.99399996e+00 1.99399996e+00
    1.99600005e+00 1.99800003e+00 2.00999999e+00 2.06800008e+00
    2.12599993e+00 2.16199994e+00 2.16199994e+00 0. 0. 0. 0. 0. 0.
    1.53799999e+00 1.53799999e+00 1.53799999e+00 1.53799999e+00
    1.54400003e+00 1.56500006e+00 1.58599997e+00 1.61300004e+00
    1.64499998e+00 1.67700005e+00 1.70200002e+00 1.72399998e+00
    1.74500000e+00 1.74699998e+00 1.74699998e+00 1.75899994e+00
    1.85000002e+00 1.94000006e+00 2. 2. 2. 1.98800004e+00 1.96500003e+00
    1.94200003e+00 1.93700004e+00 1.93700004e+00 1.93700004e+00
    1.95899999e+00 1.98099995e+00 2.00600004e+00 2.04299998e+00
    2.07900000e+00 2.10200000e+00 2.10200000e+00 0. 0. 0. 0. 0. 0.
    1.53799999e+00 1.53799999e+00 1.53799999e+00 1.53799999e+00
    1.54999995e+00 1.59000003e+00 1.63000000e+00 1.65600002e+00
    1.66900003e+00 1.68200004e+00 1.71599996e+00 1.75800002e+00
    1.79900002e+00 1.80200005e+00 1.80200005e+00 1.81200004e+00
    1.88199997e+00 1.95299995e+00 2. 2. 2. 1.97599995e+00 1.93299997e+00
    1.88999999e+00 1.88000000e+00 1.88000000e+00 1.88000000e+00
    1.92100000e+00 1.96399999e+00 2.00300002e+00 2.01699996e+00
    2.03200006e+00 2.04200006e+00 2.04200006e+00 0. 0. 0. 0. 0. 0.
    1.53799999e+00 1.53799999e+00 1.53799999e+00 1.53799999e+00
    1.55400002e+00 1.60699999e+00 1.65999997e+00 1.68599999e+00
    1.68599999e+00 1.68599999e+00 1.72599995e+00 1.78100002e+00
    1.83599997e+00 1.84000003e+00 1.84000003e+00 1.84800005e+00
    1.90499997e+00 1.96200001e+00 1.99800003e+00 1.99100006e+00
    1.98500001e+00 1.95400000e+00 1.90300000e+00 1.85200000e+00
    1.84000003e+00 1.84000003e+00 1.84000003e+00 1.89499998e+00
    1.95200002e+00 2. 2. 2. 2. 2. 0. 0. 0. 0. 0. 0. 1.53799999e+00
    1.53799999e+00 1.53799999e+00 1.53799999e+00 1.55400002e+00
    1.60699999e+00 1.65999997e+00 1.68599999e+00 1.68599999e+00
    1.68599999e+00 1.72599995e+00 1.78100002e+00 1.83599997e+00
    1.84000003e+00 1.84000003e+00 1.84800005e+00 1.90499997e+00
    1.96200001e+00 1.99100006e+00 1.96399999e+00 1.93700004e+00
    1.90799999e+00 1.87800002e+00 1.84700000e+00 1.84000003e+00
    1.84000003e+00 1.84000003e+00 1.89499998e+00 1.95200002e+00 2. 2. 2.
    2. 2. 0. 0. 0. 0. 0. 0. 1.53799999e+00 1.53799999e+00 1.53799999e+00
    1.53799999e+00 1.55400002e+00 1.60699999e+00 1.65999997e+00
    1.68599999e+00 1.68599999e+00 1.68599999e+00 1.72599995e+00
    1.78100002e+00 1.83599997e+00 1.84000003e+00 1.84000003e+00
    1.84800005e+00 1.90499997e+00 1.96200001e+00 1.98399997e+00
    1.93599999e+00 1.88900006e+00 1.86199999e+00 1.85200000e+00
    1.84200001e+00 1.84000003e+00 1.84000003e+00 1.84000003e+00
    1.89499998e+00 1.95200002e+00 2. 2. 2. 2. 2. 0. 0. 0. 0. 0. 0.
    1.56500006e+00 1.56500006e+00 1.56500006e+00 1.56500006e+00
    1.57900000e+00 1.62199998e+00 1.66499996e+00 1.68599999e+00
    1.68599999e+00 1.68599999e+00 1.72599995e+00 1.78100002e+00
    1.83599997e+00 1.84000003e+00 1.84000003e+00 1.84800005e+00
    1.90499997e+00 1.96200001e+00 1.98000002e+00 1.92299998e+00
    1.86600006e+00 1.84000003e+00 1.84000003e+00 1.84000003e+00
    1.84000003e+00 1.84000003e+00 1.84000003e+00 1.89499998e+00
    1.95200002e+00 2.00200009e+00 2.01300001e+00 2.02399993e+00
    2.03099990e+00 2.03099990e+00 0. 0. 0. 0. 0. 0. 1.61800003e+00
    1.61800003e+00 1.61800003e+00 1.61800003e+00 1.62600005e+00
    1.64999998e+00 1.67400002e+00 1.68599999e+00 1.68599999e+00
    1.68599999e+00 1.72599995e+00 1.78100002e+00 1.83599997e+00
    1.84000003e+00 1.84000003e+00 1.84800005e+00 1.90499997e+00
    1.96200001e+00 1.98000002e+00 1.92299998e+00 1.86600006e+00
    1.84000003e+00 1.84000003e+00 1.84000003e+00 1.84000003e+00
    1.84000003e+00 1.84000003e+00 1.89499998e+00 1.95200002e+00
    2.00600004e+00 2.03800011e+00 2.07100010e+00 2.09100008e+00
    2.09100008e+00 0. 0. 0. 0. 0. 0. 1.67100000e+00 1.67100000e+00
    1.67100000e+00 1.67100000e+00 1.67299998e+00 1.67799997e+00
    1.68299997e+00 1.68599999e+00 1.68599999e+00 1.68599999e+00
    1.72599995e+00 1.78100002e+00 1.83599997e+00 1.84000003e+00
    1.84000003e+00 1.84800005e+00 1.90499997e+00 1.96200001e+00
    1.98000002e+00 1.92299998e+00 1.86600006e+00 1.84000003e+00
    1.84000003e+00 1.84000003e+00 1.84000003e+00 1.84000003e+00
    1.84000003e+00 1.89499998e+00 1.95200002e+00 2.00900006e+00
    2.06299996e+00 2.11800003e+00 2.15100002e+00 2.15100002e+00 0. 0. 0.
    0. 0. 0. 1.72599995e+00 1.72399998e+00 1.71000004e+00 1.69599998e+00
    1.68599999e+00 1.68599999e+00 1.68599999e+00 1.68599999e+00
    1.68599999e+00 1.68599999e+00 1.72599995e+00 1.78100002e+00
    1.83599997e+00 1.84000003e+00 1.84000003e+00 1.84800005e+00
    1.90499997e+00 1.96200001e+00 1.98000002e+00 1.92299998e+00
    1.86600006e+00 1.84000003e+00 1.84000003e+00 1.84000003e+00
    1.84000003e+00 1.84000003e+00 1.84000003e+00 1.89499998e+00
    1.95200002e+00 2.00999999e+00 2.06999993e+00 2.13000011e+00
    2.16799998e+00 2.16799998e+00 0. 0. 0. 0. 0. 0. 1.78100002e+00
    1.77699995e+00 1.74300003e+00 1.70899999e+00 1.68599999e+00
    1.68599999e+00 1.68599999e+00 1.68599999e+00 1.68599999e+00
    1.68599999e+00 1.72599995e+00 1.78100002e+00 1.83599997e+00
    1.84000003e+00 1.84000003e+00 1.84800005e+00 1.90499997e+00
    1.96200001e+00 1.98000002e+00 1.92299998e+00 1.86600006e+00
    1.84000003e+00 1.84000003e+00 1.84000003e+00 1.84000003e+00
    1.84000003e+00 1.84000003e+00 1.89499998e+00 1.95200002e+00
    2.00999999e+00 2.06999993e+00 2.13000011e+00 2.16799998e+00
    2.16799998e+00 0. 0. 0. 0. 0. 0. 1.83599997e+00 1.83099997e+00
    1.77699995e+00 1.72300005e+00 1.68599999e+00 1.68599999e+00
    1.68599999e+00 1.68599999e+00 1.68599999e+00 1.68599999e+00
    1.72599995e+00 1.78100002e+00 1.83599997e+00 1.84000003e+00
    1.84000003e+00 1.84800005e+00 1.90499997e+00 1.96200001e+00
    1.98000002e+00 1.92299998e+00 1.86600006e+00 1.84000003e+00
    1.84000003e+00 1.84000003e+00 1.84000003e+00 1.84000003e+00
