<?xml version="1.0"?>
<opencv_storage>
<Depth type_id="opencv-matrix">
  <rows>40</rows>
  <cols>40</cols>
  <dt>f</dt>
  <data>
    0. 0. 0. 0. 0. 0. 0. 0. 0. 0. 0. 0. 0. 0. 0. 0. 0. 0. 0. 0. 0. 0. 0.
    0. 0. 0. 0. 0. 0. 0. 0. 0. 0. 0. 0. 0. 0. 0. 0. 0. 0. 0. 0. 0. 0. 0.
    0. 0. 0. 0. 0. 0. 0. 0. 0. 0. 0. 0. 0. 0. 0. 0. 0. 0. 0. 0. 0. 0. 0.
    0. 0. 0. 0. 0. 0. 0. 0. 0. 0. 0. 0. 0. 0. 0. 0. 0. 0. 0. 0. 0. 0. 0.
    0. 0. 0. 0. 0. 0. 0. 0. 0. 0. 0. 0. 0. 0. 0. 0. 0. 0. 0. 0. 0. 0. 0.
    0. 0. 0. 0. 0. 0. 0. 0. 0. 0. 0. 0. 0. 0. 0. 0. 0. 0. 0. 0. 0. 0. 0.
    0. 0. 0. 0. 0. 0. 0. 0. 0. 0. 0. 0. 0. 0. 0. 0. 0. 0. 0. 0. 0. 0. 0.
    0. 0. 0. 0. 0. 0. 0. 0. 0. 0. 0. 0. 0. 0. 0. 0. 0. 0. 0. 0. 0. 0. 0.
    0. 0. 0. 0. 0. 0. 0. 0. 0. 0. 0. 0. 0. 0. 0. 0. 0. 0. 0. 0. 0. 0. 0.
    0. 0. 0. 0. 0. 0. 0. 0. 0. 0. 0. 0. 0. 0. 0. 0. 0. 0. 0. 0. 0. 0. 0.
    0. 0. 0. 0. 0. 0. 0. 0. 0. 0. 0. 0. 0. 0. 0. 0. 0. 0. 0. 0. 0. 0. 0.
    0. 0. 0. 0. 0. 0. 0. 0. 0. 0. 0. 0. 0. 0. 0. 0. 0. 0. 0. 0. 0. 0. 0.
    0. 0. 0. 0. 0. 0. 0. 0. 0. 0. 0. 0. 0. 0. 0. 0. 0. 0. 0. 0.
    1.10300004e+00 2. 2. 2. 2.11199999e+00 2.23200011e+00 2.30399990e+00
    2.18400002e+00 2.06399989e+00 2. 2. 2. 2. 0. 0. 0. 0. 0. 0. 0. 0. 0.
    0. 0. 0. 0. 0. 0. 0. 0. 0. 0. 0. 0. 0. 0. 0. 0. 0. 0. 1.14699996e+00
    2. 2. 2. 2.11199999e+00 2.23200011e+00 2.30500007e+00 2.19099998e+00
    2.07699990e+00 2.01300001e+00 2.00699997e+00 2.00200009e+00 2. 0. 0.
    0. 0. 0. 0. 0. 0. 0. 0. 0. 0. 0. 0. 0. 0. 0. 0. 0. 0. 0. 0. 0. 0. 0.
    0. 0. 1.47500002e+00 2. 2. 2. 2.11199999e+00 2.23200011e+00
    2.31399989e+00 2.24399996e+00 2.17400002e+00 2.11299992e+00
    2.06299996e+00 2.01300001e+00 2. 0. 0. 0. 0. 0. 0. 0. 0. 0. 0. 0. 0.
    0. 0. 0. 0. 0. 0. 0. 0. 0. 0. 0. 0. 0. 0. 1.21399999e+00
    1.80299997e+00 2. 2. 2. 2.11199999e+00 2.23200011e+00 2.32299995e+00
    2.29600000e+00 2.26999998e+00 2.21199989e+00 2.11899996e+00
    2.02500010e+00 2. 0. 0. 0. 0. 0. 0. 0. 0. 0. 0. 0. 0. 0. 0. 0. 0. 0.
    0. 0. 0. 0. 2.09999990e+00 2.09500003e+00 2.05900002e+00
    2.02200007e+00 2. 2. 2. 2. 2. 2. 2.10299993e+00 2.21399999e+00
    2.30299997e+00 2.30299997e+00 2.30299997e+00 2.25600004e+00
    2.15300012e+00 2.05100012e+00 2.02300000e+00 0. 0. 0. 0. 0. 0. 0. 0.
    0. 0. 0. 0. 0. 0. 0. 0. 0. 0. 0. 0. 0. 2.35200000e+00 2.33500004e+00
    2.20600009e+00 2.07699990e+00 2. 2. 2. 2. 2. 2. 2.08200002e+00
    2.17100000e+00 2.24200010e+00 2.24200010e+00 2.24200010e+00
    2.21499991e+00 2.15599990e+00 2.09800005e+00 2.08200002e+00 0. 0. 0.
    0. 0. 0. 0. 0. 0. 0. 0. 0. 0. 0. 0. 0. 0. 0. 0. 0. 0. 2.60299993e+00
    2.57399988e+00 2.35299993e+00 2.13199997e+00 2. 2. 2. 2. 2. 2.
    2.06200004e+00 2.12800002e+00 2.18099999e+00 2.18099999e+00
    2.18099999e+00 2.17400002e+00 2.15899992e+00 2.14400005e+00
    2.14000010e+00 0. 0. 0. 0. 0. 0. 0. 0. 0. 0. 0. 0. 0. 0. 0. 0. 0. 0.
    0. 0. 0. 2.68700004e+00 2.65499997e+00 2.41799998e+00 2.18099999e+00
    2.03900003e+00 2.03900003e+00 2.03900003e+00 2.03900003e+00
    2.03900003e+00 2.03900003e+00 2.07999992e+00 2.12400007e+00
    2.16000009e+00 2.16000009e+00 2.16000009e+00 2.16000009e+00
    2.16000009e+00 2.16000009e+00 2.16000009e+00 0. 0. 0. 0. 0. 0. 0. 0.
    0. 0. 0. 0. 0. 0. 0. 0. 0. 0. 0. 0. 0. 2.68700004e+00 2.65799999e+00
    2.44300008e+00 2.22700000e+00 2.09699988e+00 2.09699988e+00
    2.09699988e+00 2.09699988e+00 2.09699988e+00 2.09699988e+00
    2.11899996e+00 2.14199996e+00 2.16000009e+00 2.16000009e+00
    2.16000009e+00 2.16000009e+00 2.16000009e+00 2.16000009e+00
    2.16000009e+00 0. 0. 0. 0. 0. 0. 0. 0. 0. 0. 0. 0. 0. 0. 0. 0. 0. 0.
    0. 0. 0. 2.68700004e+00 2.66100001e+00 2.46700001e+00 2.27300000e+00
    2.15599990e+00 2.15599990e+00 2.15599990e+00 2.15599990e+00
    2.15599990e+00 2.15599990e+00 2.15700006e+00 2.15899992e+00
    2.16000009e+00 2.16000009e+00 2.16000009e+00 2.16000009e+00
    2.16000009e+00 2.16000009e+00 2.16000009e+00 0. 0. 0. 0. 0. 0. 0. 0.
    0. 0. 0. 0. 0. 0. 0. 0. 0. 0. 0. 0. 0. 2.50699997e+00 2.49000001e+00
    2.36299992e+00 2.23600006e+00 2.16000009e+00 2.16000009e+00
    2.16000009e+00 2.14700007e+00 2.12700009e+00 2.10700011e+00
    2.10500002e+00 2.10500002e+00 2.10500002e+00 2.10500002e+00
    2.10500002e+00 2.11500001e+00 2.13499999e+00 2.15499997e+00
    2.16000009e+00 0. 0. 0. 0. 0. 0. 0. 0. 0. 0. 0. 0. 0. 0. 0. 0. 0. 0.
    0. 0. 0. 2.31500006e+00 2.30699992e+00 2.25099993e+00 2.19400001e+00
    2.16000009e+00 2.16000009e+00 2.16000009e+00 2.13199997e+00
    2.09100008e+00 2.04999995e+00 2.04699993e+00 2.04699993e+00
    2.04699993e+00 2.04699993e+00 2.04699993e+00 2.06599998e+00
    2.10700011e+00 2.14899993e+00 2.16000009e+00 0. 0. 0. 0. 0. 0. 0. 0.
    0. 0. 0. 0. 0. 0. 0. 0. 0. 0. 0. 0. 0. 2.18499994e+00 2.18400002e+00
    2.17499995e+00 2.16499996e+00 2.16000009e+00 2.16000009e+00
    2.16000009e+00 2.12100005e+00 2.06299996e+00 2.00399995e+00 2. 2. 2.
    2. 2. 2.02500010e+00 2.07900000e+00 2.13400006e+00 2.14800000e+00 0.
    0. 0. 0. 0. 0. 0. 0. 0. 0. 0. 0. 0. 0. 0. 0. 0. 0. 0. 0. 0.
    2.30999994e+00 2.30299997e+00 2.24799991e+00 2.19300008e+00
    2.16000009e+00 2.16000009e+00 2.16000009e+00 2.12100005e+00
    2.06299996e+00 2.00399995e+00 2. 2. 2. 2. 2. 2.01500010e+00
    2.04800010e+00 2.08100009e+00 2.08999991e+00 0. 0. 0. 0. 0. 0. 0. 0.
    0. 0. 0. 0. 0. 0. 0. 0. 0. 0. 0. 0. 0. 2.43600011e+00 2.42199993e+00
    2.32100010e+00 2.22099996e+00 2.16000009e+00 2.16000009e+00
    2.16000009e+00 2.12100005e+00 2.06299996e+00 2.00399995e+00 2. 2. 2.
    2. 2. 2.00500011e+00 2.01699996e+00 2.02800012e+00 2.03099990e+00 0.
    0. 0. 0. 0. 0. 0. 0. 0. 0. 0. 0. 0. 0. 0. 0. 0. 0. 0. 0. 0.
    2.47300005e+00 2.45799994e+00 2.34299994e+00 2.22900009e+00
    2.16000009e+00 2.16000009e+00 2.16000009e+00 2.12800002e+00
    2.07900000e+00 2.02999997e+00 2.02699995e+00 2.02699995e+00
    2.02699995e+00 2.02699995e+00 2.02699995e+00 2.03200006e+00
    2.04200006e+00 2.05299997e+00 2.05599999e+00 0. 0. 0. 0. 0. 0. 0. 0.
    0. 0. 0. 0. 0. 0. 0. 0. 0. 0. 0. 0. 0. 2.40899992e+00 2.39700007e+00
    2.30599999e+00 2.21499991e+00 2.16000009e+00 2.16000009e+00
    2.16000009e+00 2.14199996e+00 2.11500001e+00 2.08800006e+00
    2.08599997e+00 2.08599997e+00 2.08599997e+00 2.08599997e+00
    2.08599997e+00 2.10100007e+00 2.13400006e+00 2.16700006e+00
    2.17600012e+00 0. 0. 0. 0. 0. 0. 0. 0. 0. 0. 0. 0. 0. 0. 0. 0. 0. 0.
    0. 0. 0. 2.34500003e+00 2.33599997e+00 2.26799989e+00 2.20099998e+00
    2.16000009e+00 2.16000009e+00 2.16000009e+00 2.15599990e+00
    2.15000010e+00 2.14499998e+00 2.14400005e+00 2.14400005e+00
    2.14400005e+00 2.14400005e+00 2.14400005e+00 2.17000008e+00
    2.22499990e+00 2.28099990e+00 2.29600000e+00 0. 0. 0. 0. 0. 0. 0. 0.
    0. 0. 0. 0. 0. 0. 0. 0. 0. 0. 0. 0. 0. 2.32800007e+00 2.31999993e+00
    2.25799990e+00 2.19700003e+00 2.16000009e+00 2.16000009e+00
    2.16000009e+00 2.16000009e+00 2.16000009e+00 2.16000009e+00
    2.17499995e+00 2.19199991e+00 2.20499992e+00 2.20499992e+00
    2.20499992e+00 2.22600007e+00 2.27099991e+00 2.31599998e+00
    2.32800007e+00 0. 0. 0. 0. 0. 0. 0. 0. 0. 0. 0. 0. 0. 0. 0. 0. 0. 0.
    0. 0. 0. 2.32800007e+00 2.31999993e+00 2.25799990e+00 2.19700003e+00
    2.16000009e+00 2.16000009e+00 2.16000009e+00 2.16000009e+00
    2.16000009e+00 2.16000009e+00 2.19600010e+00 2.23499990e+00
    2.26600003e+00 2.26600003e+00 2.26600003e+00 2.27699995e+00
    2.29900002e+00 2.32200003e+00 2.32800007e+00 0. 0. 0. 0. 0. 0. 0. 0.
    0. 0. 0. 0. 0. 0. 0. 0. 0. 0. 0. 0. 0. 2.32800007e+00 2.31999993e+00
    2.25799990e+00 2.19700003e+00 2.16000009e+00 2.16000009e+00
    2.16000009e+00 2.16000009e+00 2.16000009e+00 2.16000009e+00
    2.21700001e+00 2.27900004e+00 2.32800007e+00 2.32800007e+00
    2.32800007e+00 2.32800007e+00 2.32800007e+00 2.32800007e+00
    2.32800007e+00 0. 0. 0. 0. 0. 0. 0. 0. 0. 0. 0. 0. 0. 0. 0. 0. 0. 0.
    0. 0. 0. 2.32800007e+00 2.32299995e+00 2.28399992e+00 2.24499989e+00
    2.22099996e+00 2.22099996e+00 2.22099996e+00 2.23699999e+00
