<?xml version="1.0"?>
<opencv_storage>
<Depth type_id="opencv-matrix">
  <rows>40</rows>
  <cols>40</cols>
  <dt>f</dt>
  <data>
    0. 0. 0. 0. 0. 0. 0. 0. 0. 0. 0. 0. 0. 0. 0. 0. 0. 0. 0. 0. 0. 0. 0.
    0. 0. 0. 0. 0. 0. 0. 0. 0. 0. 0. 0. 0. 0. 0. 0. 0. 0. 0. 0. 0. 0. 0.
    0. 0. 0. 0. 0. 0. 0. 0. 0. 0. 0. 0. 0. 0. 0. 0. 0. 0. 0. 0. 0. 0. 0.
    0. 0. 0. 0. 0. 0. 0. 0. 0. 0. 0. 0. 0. 0. 0. 0. 0. 0. 0. 0. 0. 0. 0.
    0. 0. 0. 0. 0. 0. 0. 0. 0. 0. 0. 0. 0. 0. 0. 0. 0. 0. 0. 0. 0. 0. 0.
    0. 0. 0. 0. 0. 0. 0. 0. 0. 0. 0. 0. 0. 0. 0. 0. 0. 0. 0. 0. 0. 0. 0.
    0. 0. 0. 0. 0. 0. 0. 0. 0. 0. 0. 0. 0. 0. 0. 0. 0. 0. 0. 0. 0. 0. 0.
    0. 0. 0. 0. 0. 0. 0. 0. 0. 0. 0. 0. 0. 0. 0. 0. 0. 0. 0. 0. 0. 0. 0.
    0. 0. 0. 0. 0. 0. 0. 0. 0. 0. 0. 0. 0. 0. 0. 0. 0. 0. 0. 0. 0. 0. 0.
    0. 0. 0. 0. 0. 0. 0. 0. 0. 0. 0. 0. 0. 0. 0. 0. 0. 0. 0. 0. 0. 0. 0.
    0. 0. 0. 0. 0. 0. 0. 0. 0. 0. 0. 0. 0. 0. 0. 0. 0. 0. 0. 0. 0. 0. 0.
    0. 0. 0. 0. 0. 0. 0. 0. 0. 0. 0. 0. 0. 0. 0. 0. 0. 0. 0. 0. 0. 0. 0.
    0. 0. 0. 0. 0. 0. 0. 0. 0. 0. 0. 0. 0. 0. 0. 0. 0. 0. 0. 0. 0. 0. 0.
    0. 0. 0. 0. 0. 0. 0. 0. 0. 0. 0. 0. 0. 0. 0. 0. 0. 0. 0. 0. 0. 0. 0.
    0. 0. 0. 0. 0. 0. 0. 0. 0. 0. 0. 0. 0. 0. 2.97099996e+00
    2.94899988e+00 2.94899988e+00 2.82200003e+00 2.59999990e+00
    2.49000001e+00 2.49000001e+00 2.56100011e+00 2.72399998e+00
    2.82699990e+00 2.82699990e+00 2.82699990e+00 2.82699990e+00
    2.71499991e+00 2.23099995e+00 1.82599998e+00 1.82599998e+00
    1.83000004e+00 1.87100005e+00 1.91100001e+00 1.86899996e+00
    1.82799995e+00 1.82599998e+00 1.82599998e+00 0. 0. 0. 0. 0. 0. 0. 0.
    0. 0. 0. 0. 0. 0. 0. 2.94600010e+00 2.80599999e+00 2.75000000e+00
    2.74000001e+00 2.63700008e+00 2.46499991e+00 2.38000011e+00
    2.38000011e+00 2.43099999e+00 2.54699993e+00 2.62100005e+00
    2.62100005e+00 2.62100005e+00 2.62100005e+00 2.53200006e+00
    2.14800000e+00 1.82599998e+00 1.82599998e+00 1.83000004e+00
    1.87100005e+00 1.91100001e+00 1.86899996e+00 1.82799995e+00
    1.82599998e+00 1.82599998e+00 0. 0. 0. 0. 0. 0. 0. 0. 0.
    2.96799994e+00 2.90799999e+00 2.89899993e+00 2.89899993e+00
    2.93199992e+00 2.97300005e+00 2.76399994e+00 2.45300007e+00
    2.32200003e+00 2.28999996e+00 2.23900008e+00 2.17499995e+00
    2.14299989e+00 2.14299989e+00 2.15000010e+00 2.16799998e+00
    2.17899990e+00 2.17899990e+00 2.17899990e+00 2.17899990e+00
    2.13899994e+00 1.96899998e+00 1.82599998e+00 1.82599998e+00
    1.83000004e+00 1.87100005e+00 1.91100001e+00 1.86899996e+00
    1.82799995e+00 1.82599998e+00 1.82599998e+00 0. 0. 0. 0.
    2.90100002e+00 2.85200000e+00 2.80299997e+00 2.80299997e+00
    2.80299997e+00 2.75900006e+00 2.71099997e+00 2.69700003e+00
    2.68799996e+00 2.72300005e+00 2.77099991e+00 2.53999996e+00
    2.19700003e+00 2.05100012e+00 2.01500010e+00 2. 2. 1.99600005e+00
    1.98800004e+00 1.96800005e+00 1.93400002e+00 1.91199994e+00
    1.91199994e+00 1.91199994e+00 1.91199994e+00 1.90400004e+00
    1.87100005e+00 1.84300005e+00 1.84300005e+00 1.84599996e+00
    1.87899995e+00 1.91100001e+00 1.86899996e+00 1.82799995e+00
    1.82599998e+00 1.82599998e+00 0. 0. 2.99900007e+00 2.72900009e+00
    2.47300005e+00 2.45400000e+00 2.43400002e+00 2.43400002e+00
    2.43400002e+00 2.41599989e+00 2.39700007e+00 2.36800003e+00
    2.33699989e+00 2.34599996e+00 2.36500001e+00 2.25300002e+00
    2.08899999e+00 2.02099991e+00 2.00600004e+00 2. 2. 1.98500001e+00
    1.95700002e+00 1.93499994e+00 1.92100000e+00 1.91199994e+00
    1.91199994e+00 1.91199994e+00 1.91199994e+00 1.90900004e+00
    1.89499998e+00 1.88399994e+00 1.88399994e+00 1.88499999e+00
    1.89900005e+00 1.91100001e+00 1.86899996e+00 1.82799995e+00
    1.82599998e+00 1.82599998e+00 2.96700001e+00 2.89299989e+00
    2.78900003e+00 2.47099996e+00 2.17100000e+00 2.17100000e+00
    2.17100000e+00 2.17100000e+00 2.17100000e+00 2.17100000e+00
    2.17100000e+00 2.13299990e+00 2.08699989e+00 2.07699990e+00
    2.07699990e+00 2.05100012e+00 2.01300001e+00 2. 2. 2. 2.
    1.97899997e+00 1.93599999e+00 1.91199994e+00 1.91199994e+00
    1.91199994e+00 1.91199994e+00 1.91199994e+00 1.91199994e+00
    1.91199994e+00 1.91199994e+00 1.91100001e+00 1.90400004e+00
    1.89800000e+00 1.89800000e+00 1.89699996e+00 1.86199999e+00
    1.82799995e+00 1.82599998e+00 1.82599998e+00 2.67700005e+00
    2.56100011e+00 2.43899989e+00 2.27800012e+00 2.12599993e+00
    2.12599993e+00 2.12599993e+00 2.12599993e+00 2.12599993e+00
    2.12599993e+00 2.12599993e+00 2.08800006e+00 2.04299998e+00
    2.03299999e+00 2.03299999e+00 2.02200007e+00 2.00600004e+00 2. 2. 2.
    2. 1.97899997e+00 1.93599999e+00 1.91199994e+00 1.91199994e+00
    1.91199994e+00 1.91199994e+00 1.91199994e+00 1.91199994e+00
    1.91199994e+00 1.91199994e+00 1.90799999e+00 1.88100004e+00
    1.85699999e+00 1.85699999e+00 1.85599995e+00 1.84200001e+00
    1.82700002e+00 1.82599998e+00 1.82599998e+00 2.41499996e+00
    2.28699994e+00 2.16899991e+00 2.13000011e+00 2.09200001e+00
    2.09200001e+00 2.09200001e+00 2.09200001e+00 2.09200001e+00
    2.09200001e+00 2.09200001e+00 2.05399990e+00 2.00999999e+00 2. 2. 2.
    2. 2. 2. 2. 2. 1.98099995e+00 1.94400001e+00 1.92100000e+00
    1.91499996e+00 1.91199994e+00 1.91199994e+00 1.91199994e+00
    1.91199994e+00 1.91199994e+00 1.91199994e+00 1.90499997e+00
    1.86399996e+00 1.82599998e+00 1.82599998e+00 1.82599998e+00
    1.82599998e+00 1.82599998e+00 1.82599998e+00 1.82599998e+00
    2.23699999e+00 2.17899990e+00 2.12700009e+00 2.10899997e+00
    2.09200001e+00 2.09200001e+00 2.09200001e+00 2.09200001e+00
    2.09200001e+00 2.09200001e+00 2.09200001e+00 2.05399990e+00
    2.00999999e+00 2. 2. 2. 2. 2. 2. 2. 2. 1.99199998e+00 1.97500002e+00
    1.95400000e+00 1.92799997e+00 1.91199994e+00 1.91199994e+00
    1.91199994e+00 1.91199994e+00 1.91199994e+00 1.91199994e+00
    1.90499997e+00 1.86399996e+00 1.82599998e+00 1.82599998e+00
    1.82599998e+00 1.82599998e+00 1.82599998e+00 1.82599998e+00
    1.82599998e+00 2.08400011e+00 2.08800006e+00 2.09200001e+00
    2.09200001e+00 2.09200001e+00 2.09200001e+00 2.09200001e+00
    2.09200001e+00 2.09200001e+00 2.09200001e+00 2.09200001e+00
    2.05399990e+00 2.00999999e+00 2. 2. 2. 2. 2. 2. 2. 2. 2. 2.
    1.98300004e+00 1.94500005e+00 1.91900003e+00 1.91499996e+00
    1.91199994e+00 1.91199994e+00 1.91199994e+00 1.91199994e+00
    1.90600002e+00 1.86800003e+00 1.83399999e+00 1.83000004e+00
    1.82599998e+00 1.82599998e+00 1.82599998e+00 1.82200003e+00
    1.81900001e+00 2.04399991e+00 2.06999993e+00 2.09200001e+00
    2.09200001e+00 2.09200001e+00 2.09200001e+00 2.09200001e+00
    2.09200001e+00 2.09200001e+00 2.09200001e+00 2.09200001e+00
    2.05399990e+00 2.00999999e+00 2. 2. 2. 2. 2. 2. 2. 2. 2. 2.
    1.99199998e+00 1.97399998e+00 1.95400000e+00 1.92900002e+00
    1.91199994e+00 1.91199994e+00 1.91199994e+00 1.91199994e+00
    1.90900004e+00 1.89199996e+00 1.87300003e+00 1.84899998e+00
    1.82599998e+00 1.82599998e+00 1.82599998e+00 1.80400002e+00
    1.78100002e+00 2.00900006e+00 2.05299997e+00 2.09200001e+00
    2.09200001e+00 2.09200001e+00 2.09200001e+00 2.09200001e+00
    2.09200001e+00 2.09200001e+00 2.09200001e+00 2.09200001e+00
    2.05399990e+00 2.00999999e+00 2. 2. 2. 2. 2. 2. 2. 2. 2. 2. 2. 2.
    1.98399997e+00 1.94200003e+00 1.91199994e+00 1.91199994e+00
    1.91199994e+00 1.91199994e+00 1.91199994e+00 1.91199994e+00
    1.90799999e+00 1.86399996e+00 1.82099998e+00 1.82099998e+00
    1.82099998e+00 1.78499997e+00 1.74699998e+00 2.00900006e+00
    2.05299997e+00 2.09200001e+00 2.09200001e+00 2.09200001e+00
    2.09200001e+00 2.09200001e+00 2.09200001e+00 2.09200001e+00
    2.09200001e+00 2.09200001e+00 2.05399990e+00 2.00999999e+00 2. 2. 2.
    2. 2. 2. 2. 2. 2. 2. 2. 2. 1.98399997e+00 1.94200003e+00
    1.91199994e+00 1.91199994e+00 1.91199994e+00 1.91199994e+00
    1.91199994e+00 1.91199994e+00 1.90600002e+00 1.84300005e+00
    1.78100002e+00 1.78100002e+00 1.78100002e+00 1.76300001e+00
    1.74500000e+00 2.00799990e+00 2.05200005e+00 2.08999991e+00
