<?xml version="1.0"?>
<opencv_storage>
<Depth type_id="opencv-matrix">
  <rows>40</rows>
  <cols>40</cols>
  <dt>f</dt>
  <data>
    0. 0. 0. 0. 0. 0. 0. 0. 0. 0. 0. 0. 0. 0. 0. 0. 0. 0. 0. 0. 0. 0. 0.
    0. 0. 0. 0. 0. 0. 0. 0. 0. 0. 0. 0. 0. 0. 0. 0. 0. 0. 0. 0. 0. 0. 0.
    0. 0. 0. 0. 0. 0. 0. 0. 0. 0. 0. 0. 0. 0. 0. 0. 0. 0. 0. 0. 0. 0. 0.
    0. 0. 0. 0. 0. 0. 0. 0. 0. 0. 0. 0. 0. 0. 0. 0. 0. 0. 0. 0. 0. 0. 0.
    0. 0. 0. 0. 0. 0. 0. 0. 0. 0. 0. 0. 0. 0. 0. 0. 0. 0. 0. 0. 0. 0. 0.
    0. 0. 0. 0. 0. 0. 0. 0. 0. 0. 0. 0. 0. 0. 0. 0. 0. 0. 0. 0. 0. 0. 0.
    0. 0. 0. 0. 0. 0. 0. 0. 0. 0. 0. 0. 0. 0. 0. 0. 0. 0. 0. 0. 0. 0. 0.
    0. 0. 0. 0. 0. 0. 0. 0. 0. 0. 0. 0. 0. 0. 0. 0. 0. 0. 0. 0. 0. 0. 0.
    0. 0. 0. 0. 0. 0. 0. 0. 0. 0. 0. 0. 0. 0. 0. 0. 0. 0. 0. 0. 0. 0. 0.
    0. 0. 0. 0. 0. 0. 0. 0. 0. 0. 0. 0. 0. 0. 0. 0. 0. 0. 0. 0. 0. 0. 0.
    0. 0. 0. 0. 0. 0. 0. 0. 0. 0. 0. 0. 0. 0. 0. 0. 0. 0. 0. 0. 0. 0. 0.
    0. 0. 0. 0. 0. 0. 0. 0. 0. 0. 0. 0. 0. 0. 0. 0. 0. 0. 0. 0. 0. 0. 0.
    0. 0. 0. 0. 0. 0. 0. 0. 0. 0. 0. 0. 0. 0. 0. 0. 0. 0. 0. 0. 0. 0. 0.
    0. 0. 0. 0. 0. 0. 0. 0. 0. 0. 0. 0. 0. 0. 0. 0. 0. 0. 0. 0. 0. 0. 0.
    0. 0. 0. 0. 0. 0. 0. 0. 0. 0. 0. 0. 0. 0. 0. 0. 0. 0. 0. 0. 0. 0. 0.
    0. 0. 0. 0. 0. 0. 0. 0. 0. 0. 0. 0. 0. 0. 0. 0. 0. 0. 0. 0. 0. 0. 0.
    0. 0. 0. 0. 0. 0. 0. 0. 0. 0. 0. 0. 0. 0. 0. 0. 0. 0. 0. 0. 0. 0. 0.
    0. 0. 0. 0. 0. 0. 0. 0. 0. 0. 0. 0. 0. 0. 0. 0. 0. 0. 0. 0. 0. 0. 0.
    0. 0. 0. 0. 0. 0. 0. 0. 0. 0. 0. 0. 0. 0. 0. 0. 0. 0. 0. 0. 0. 0. 0.
    0. 0. 0. 0. 0. 0. 0. 0. 0. 0. 0. 0. 0. 0. 0. 0. 0. 0. 0. 0. 0. 0. 0.
    0. 0. 0. 0. 0. 0. 0. 0. 0. 0. 0. 0. 0. 0. 0. 0. 0. 0. 0. 0. 0. 0. 0.
    0. 0. 0. 0. 0. 0. 0. 0. 0. 0. 0. 0. 0. 0. 0. 0. 0. 0. 0. 0. 0. 0. 0.
    0. 0. 0. 0. 0. 0. 0. 0. 0. 0. 0. 0. 0. 0. 0. 0. 0. 0. 0.
    2.10500002e+00 2.10500002e+00 2.10500002e+00 2.10500002e+00
    2.10500002e+00 2.10500002e+00 2.15199995e+00 2.20099998e+00
    2.25200009e+00 2.30299997e+00 2.35500002e+00 2.40700006e+00
    2.42499995e+00 2.37199998e+00 2.32599998e+00 2.32599998e+00
    2.32599998e+00 2.23499990e+00 2.13499999e+00 2.10500002e+00
    2.10500002e+00 2.10500002e+00 2.10500002e+00 2.11800003e+00
    2.16700006e+00 2.21900010e+00 2.32299995e+00 2.42600012e+00
    2.44199991e+00 0. 0. 0. 0. 0. 0. 0. 0. 0. 0. 0. 2.10500002e+00
    2.10500002e+00 2.10500002e+00 2.10500002e+00 2.10500002e+00
    2.10500002e+00 2.14400005e+00 2.18400002e+00 2.22600007e+00
    2.26799989e+00 2.31500006e+00 2.36700010e+00 2.38700008e+00
    2.34400010e+00 2.30500007e+00 2.29600000e+00 2.28699994e+00
    2.20400000e+00 2.11400008e+00 2.08599997e+00 2.08599997e+00
    2.08599997e+00 2.08599997e+00 2.09699988e+00 2.13700008e+00
    2.18199992e+00 2.30299997e+00 2.42400002e+00 2.44199991e+00 0. 0. 0.
    0. 0. 0. 0. 0. 0. 0. 0. 2.10500002e+00 2.10500002e+00 2.10500002e+00
    2.10500002e+00 2.10500002e+00 2.10500002e+00 2.12299991e+00
    2.14100003e+00 2.15899992e+00 2.17799997e+00 2.21399999e+00
    2.26399994e+00 2.29099989e+00 2.27200007e+00 2.25099993e+00
    2.22000003e+00 2.19000006e+00 2.12599993e+00 2.05900002e+00
    2.03900003e+00 2.03900003e+00 2.03900003e+00 2.03900003e+00
    2.04399991e+00 2.06200004e+00 2.08899999e+00 2.25300002e+00
    2.41700006e+00 2.44199991e+00 0. 0. 0. 0. 0. 0. 0. 0. 0. 0. 0.
    2.09599996e+00 2.09599996e+00 2.09599996e+00 2.09599996e+00
    2.09599996e+00 2.09599996e+00 2.09599996e+00 2.09599996e+00
    2.09599996e+00 2.09599996e+00 2.12299991e+00 2.17199993e+00
    2.20400000e+00 2.20400000e+00 2.19899988e+00 2.15400004e+00
    2.10899997e+00 2.06200004e+00 2.01399994e+00 2. 2. 2. 2. 2. 2.
    2.01099992e+00 2.19400001e+00 2.37800002e+00 2.40599990e+00 0. 0. 0.
    0. 0. 0. 0. 0. 0. 0. 0. 2.04900002e+00 2.04900002e+00 2.04900002e+00
    2.04900002e+00 2.04900002e+00 2.04900002e+00 2.04900002e+00
    2.04900002e+00 2.04900002e+00 2.04900002e+00 2.07500005e+00
    2.12299991e+00 2.15499997e+00 2.15499997e+00 2.15300012e+00
    2.13000011e+00 2.10700011e+00 2.06200004e+00 2.01399994e+00 2. 2. 2.
    2. 2. 2. 2.00600004e+00 2.09899998e+00 2.19199991e+00 2.20600009e+00
    0. 0. 0. 0. 0. 0. 0. 0. 0. 0. 0. 2.00099993e+00 2.00099993e+00
    2.00099993e+00 2.00099993e+00 2.00099993e+00 2.00099993e+00
    2.00099993e+00 2.00099993e+00 2.00099993e+00 2.00099993e+00
    2.02699995e+00 2.07500005e+00 2.10599995e+00 2.10599995e+00
    2.10599995e+00 2.10599995e+00 2.10500002e+00 2.06200004e+00
    2.01399994e+00 2. 2. 2. 2. 2. 2. 2. 2.00300002e+00 2.00600004e+00
    2.00600004e+00 0. 0. 0. 0. 0. 0. 0. 0. 0. 0. 0. 2. 2. 2. 2. 2. 2. 2.
    2. 2. 2. 2.01500010e+00 2.04099989e+00 2.05900002e+00 2.05900002e+00
    2.05900002e+00 2.05900002e+00 2.05900002e+00 2.03500009e+00
    2.00799990e+00 2. 2. 2. 2. 1.98899996e+00 1.95000005e+00
    1.91299999e+00 1.91299999e+00 1.91299999e+00 1.91299999e+00 0. 0. 0.
    0. 0. 0. 0. 0. 0. 0. 0. 2. 2. 2. 2. 2. 2. 2. 2. 2. 2. 2.00300002e+00
    2.00799990e+00 2.01200008e+00 2.01200008e+00 2.01200008e+00
    2.01200008e+00 2.01200008e+00 2.00699997e+00 2.00200009e+00 2. 2. 2.
    2. 1.97800004e+00 1.89800000e+00 1.82299995e+00 1.82299995e+00
    1.82299995e+00 1.82299995e+00 0. 0. 0. 0. 0. 0. 0. 0. 0. 0. 0.
    1.96500003e+00 1.95899999e+00 1.94400001e+00 1.93200004e+00
    1.93200004e+00 1.93200004e+00 1.94700003e+00 1.96200001e+00
    1.96500003e+00 1.96500003e+00 1.96500003e+00 1.96500003e+00
    1.97099996e+00 1.98599994e+00 2. 2. 2. 2.01500010e+00 2.03099990e+00
    2.02500010e+00 2.00799990e+00 2. 2. 1.97500002e+00 1.88600004e+00
    1.80100000e+00 1.80100000e+00 1.80100000e+00 1.80100000e+00 0. 0. 0.
    0. 0. 0. 0. 0. 0. 0. 0. 1.91999996e+00 1.90600002e+00 1.87100005e+00
    1.84200001e+00 1.84200001e+00 1.84200001e+00 1.87600005e+00
    1.91100001e+00 1.91999996e+00 1.91999996e+00 1.91999996e+00
    1.91999996e+00 1.93200004e+00 1.96800005e+00 2. 2. 2. 2.03399992e+00
    2.07200003e+00 2.05699992e+00 2.01900005e+00 2. 2. 1.97500002e+00
    1.88600004e+00 1.80100000e+00 1.80100000e+00 1.80100000e+00
    1.80100000e+00 0. 0. 0. 0. 0. 0. 0. 0. 0. 0. 0. 1.87500000e+00
    1.86199999e+00 1.82799995e+00 1.80100000e+00 1.80100000e+00
    1.80100000e+00 1.84399998e+00 1.88800001e+00 1.89100003e+00
    1.88000000e+00 1.87500000e+00 1.87500000e+00 1.89400005e+00
    1.95000005e+00 2. 2. 2. 2.04299998e+00 2.09100008e+00 2.07200003e+00
    2.02399993e+00 2. 2. 1.97800004e+00 1.89900005e+00 1.82500005e+00
    1.82500005e+00 1.82500005e+00 1.82500005e+00 0. 0. 0. 0. 0. 0. 0. 0.
    0. 0. 0. 1.83099997e+00 1.82500005e+00 1.81200004e+00 1.80100000e+00
    1.80100000e+00 1.80100000e+00 1.84399998e+00 1.88800001e+00
    1.87600005e+00 1.84500003e+00 1.83099997e+00 1.83099997e+00
    1.85599995e+00 1.93299997e+00 2. 2. 2. 2.04299998e+00 2.09100008e+00
    2.07200003e+00 2.02399993e+00 2. 2. 1.98399997e+00 1.92499995e+00
    1.86899996e+00 1.86899996e+00 1.86899996e+00 1.86899996e+00 0. 0. 0.
    0. 0. 0. 0. 0. 0. 0. 0. 1.80100000e+00 1.80100000e+00 1.80100000e+00
    1.80100000e+00 1.80100000e+00 1.80100000e+00 1.84399998e+00
    1.88800001e+00 1.86500001e+00 1.82099998e+00 1.80100000e+00
    1.80100000e+00 1.83099997e+00 1.92100000e+00 2. 2. 2. 2.04299998e+00
    2.09100008e+00 2.07200003e+00 2.02399993e+00 2. 2. 1.98800004e+00
    1.94200003e+00 1.89900005e+00 1.89900005e+00 1.89900005e+00
    1.89900005e+00 0. 0. 0. 0. 0. 0. 0. 0. 0. 0. 0. 0. 0. 0. 0. 0. 0. 0.
    0. 0. 0. 0. 0. 0. 0. 0. 0. 0. 0. 0. 0. 0. 0. 0. 0. 0. 0. 0. 0. 0. 0.
    0. 0. 0. 0. 0. 0. 0. 0. 0. 0. 0. 0. 0. 0. 0. 0. 0. 0. 0. 0. 0. 0. 0.
    0. 0. 0. 0. 0. 0. 0. 0. 0. 0. 0. 0. 0. 0. 0. 0. 0. 0. 0. 0. 0. 0. 0.
    0. 0. 0. 0. 0. 0. 0. 0. 0. 0. 0. 0. 0. 0. 0. 0. 0. 0. 0. 0. 0. 0. 0.
    0. 0. 0. 0. 0. 0. 0. 0. 0. 0. 0. 0. 0. 0. 0. 0. 0. 0. 0. 0. 0. 0. 0.
    0. 0. 0. 0. 0. 0. 0. 0. 0. 0. 0. 0. 0. 0. 0. 0. 0. 0. 0. 0. 0. 0. 0.
    0. 0. 0. 0. 0. 0. 0. 0. 0. 0. 0. 0. 0. 0. 0. 0. 0. 0. 0. 0. 0. 0. 0.
    0. 0. 0. 0. 0. 0. 0. 0. 0. 0. 0. 0. 0. 0. 0. 0. 0. 0. 0. 0. 0. 0. 0.
