<?xml version="1.0"?>
<opencv_storage>
<Depth type_id="opencv-matrix">
  <rows>40</rows>
  <cols>40</cols>
  <dt>f</dt>
  <data>
    0. 0. 0. 0. 0. 0. 0. 0. 0. 0. 0. 0. 0. 0. 1.87800002e+00
    1.87800002e+00 1.87800002e+00 1.87800002e+00 1.87800002e+00
    1.87800002e+00 1.87800002e+00 1.87800002e+00 1.87800002e+00
    1.87800002e+00 1.87800002e+00 1.87800002e+00 0. 0. 0. 0. 0. 0. 0. 0.
    0. 0. 0. 0. 0. 0. 0. 0. 0. 0. 0. 0. 0. 0. 0. 0. 0. 0. 0. 0.
    1.87800002e+00 1.87800002e+00 1.87800002e+00 1.87800002e+00
    1.87800002e+00 1.87800002e+00 1.87800002e+00 1.87800002e+00
    1.87800002e+00 1.87800002e+00 1.87800002e+00 1.87800002e+00 0. 0. 0.
    0. 0. 0. 0. 0. 0. 0. 0. 0. 0. 0. 0. 0. 0. 0. 0. 0. 0. 0. 0. 0. 0. 0.
    0. 0. 1.87800002e+00 1.87800002e+00 1.87800002e+00 1.87800002e+00
    1.87800002e+00 1.87800002e+00 1.87800002e+00 1.87800002e+00
    1.87800002e+00 1.87100005e+00 1.86500001e+00 1.86199999e+00 0. 0. 0.
    0. 0. 0. 0. 0. 0. 0. 0. 0. 0. 0. 0. 0. 0. 0. 0. 0. 0. 0. 0. 0. 0. 0.
    0. 0. 1.87800002e+00 1.87800002e+00 1.87800002e+00 1.87800002e+00
    1.87800002e+00 1.87800002e+00 1.87800002e+00 1.87800002e+00
    1.87699997e+00 1.85099995e+00 1.82500005e+00 1.81400001e+00 0. 0. 0.
    0. 0. 0. 0. 0. 0. 0. 0. 0. 0. 0. 0. 0. 0. 0. 0. 0. 0. 0. 0. 0. 0. 0.
    0. 0. 1.87800002e+00 1.87800002e+00 1.87800002e+00 1.87800002e+00
    1.87800002e+00 1.87800002e+00 1.87800002e+00 1.87800002e+00
    1.87699997e+00 1.83099997e+00 1.78499997e+00 1.76600003e+00 0. 0. 0.
    0. 0. 0. 0. 0. 0. 0. 0. 0. 0. 0. 0. 0. 0. 0. 0. 0. 0. 0. 0. 0. 0. 0.
    0. 0. 1.87800002e+00 1.87800002e+00 1.87800002e+00 1.87800002e+00
    1.87800002e+00 1.87800002e+00 1.87000000e+00 1.85200000e+00
    1.83399999e+00 1.80400002e+00 1.77400005e+00 1.76199996e+00 0. 0. 0.
    0. 0. 0. 0. 0. 0. 0. 0. 0. 0. 0. 0. 0. 0. 0. 0. 0. 0. 0. 0. 0. 0. 0.
    0. 0. 1.87800002e+00 1.87800002e+00 1.87800002e+00 1.87800002e+00
    1.87800002e+00 1.87800002e+00 1.86099994e+00 1.82400000e+00
    1.78600001e+00 1.77600002e+00 1.76600003e+00 1.76199996e+00 0. 0. 0.
    0. 0. 0. 0. 0. 0. 0. 0. 0. 0. 0. 0. 0. 0. 0. 0. 0. 0. 0. 0. 0. 0. 0.
    0. 0. 1.87800002e+00 1.87800002e+00 1.87800002e+00 1.87800002e+00
    1.87800002e+00 1.87800002e+00 1.85699999e+00 1.80900002e+00
    1.76199996e+00 1.75199997e+00 1.74300003e+00 1.73899996e+00 0. 0. 0.
    0. 0. 0. 0. 0. 0. 0. 0. 0. 0. 0. 0. 0. 0. 0. 0. 0. 0. 0. 0. 0. 0. 0.
    0. 0. 1.87800002e+00 1.87800002e+00 1.87800002e+00 1.87800002e+00
    1.87800002e+00 1.87800002e+00 1.85699999e+00 1.80900002e+00
    1.76100004e+00 1.73300004e+00 1.70400000e+00 1.69299996e+00 0. 0. 0.
    0. 0. 0. 0. 0. 0. 0. 0. 0. 0. 0. 0. 0. 0. 0. 0. 0. 0. 0. 0. 0. 0. 0.
    0. 0. 1.87800002e+00 1.87800002e+00 1.87800002e+00 1.87800002e+00
    1.87899995e+00 1.88000000e+00 1.85899997e+00 1.80999994e+00
    1.76100004e+00 1.71399999e+00 1.66799998e+00 1.64900005e+00 0. 0. 0.
    0. 0. 0. 0. 0. 0. 0. 0. 0. 0. 0. 0. 0. 0. 0. 0. 0. 0. 0. 0. 0. 0. 0.
    0. 0. 1.87800002e+00 1.87800002e+00 1.87800002e+00 1.87800002e+00
    1.89699996e+00 1.91900003e+00 1.90100002e+00 1.83099997e+00
    1.76100004e+00 1.71399999e+00 1.66799998e+00 1.64900005e+00 0. 0. 0.
    0. 0. 0. 0. 0. 0. 0. 0. 0. 0. 0. 0. 0. 0. 0. 0. 0. 0. 0. 0. 0. 0. 0.
    0. 0. 1.87800002e+00 1.87800002e+00 1.87800002e+00 1.87800002e+00
    1.91499996e+00 1.95799994e+00 1.94200003e+00 1.85099995e+00
    1.76100004e+00 1.71399999e+00 1.66799998e+00 1.64900005e+00 0. 0. 0.
    0. 0. 0. 0. 0. 0. 0. 0. 0. 0. 0. 0. 0. 0. 0. 0. 0. 0. 0. 0. 0. 0. 0.
    0. 0. 1.90999997e+00 1.90999997e+00 1.90999997e+00 1.90999997e+00
    1.94200003e+00 1.97899997e+00 1.96200001e+00 1.87600005e+00
    1.79200006e+00 1.74500000e+00 1.69799995e+00 1.67900002e+00 0. 0. 0.
    0. 0. 0. 0. 0. 0. 0. 0. 0. 0. 0. 0. 0. 0. 0. 0. 0. 0. 0. 0. 0. 0. 0.
    0. 0. 1.96099997e+00 1.96099997e+00 1.96099997e+00 1.96099997e+00
    1.97500002e+00 1.99100006e+00 1.97099996e+00 1.90499997e+00
    1.84000003e+00 1.79200006e+00 1.74500000e+00 1.72599995e+00 0. 0. 0.
    0. 0. 0. 0. 0. 0. 0. 0. 0. 0. 0. 0. 0. 0. 0. 0. 0. 0. 0. 0. 0. 0. 0.
    0. 0. 2. 2. 2. 2. 2. 2. 1.97800004e+00 1.92700005e+00 1.87699997e+00
    1.82900000e+00 1.78100002e+00 1.76199996e+00 0. 0. 0. 0. 0. 0. 0. 0.
    0. 0. 0. 0. 0. 0. 0. 0. 0. 0. 0. 0. 0. 0. 0. 0. 0. 0. 0. 0. 2. 2. 2.
    2. 2. 2. 1.97800004e+00 1.92700005e+00 1.87699997e+00 1.82900000e+00
    1.78100002e+00 1.76199996e+00 0. 0. 0. 0. 0. 0. 0. 0. 0. 0. 0. 0. 0.
    0. 0. 0. 0. 0. 0. 0. 0. 0. 0. 0. 0. 0. 0. 0. 2. 2. 2. 2. 2. 2.
    1.97800004e+00 1.92700005e+00 1.87699997e+00 1.82900000e+00
    1.78100002e+00 1.76199996e+00 0. 0. 0. 0. 0. 0. 0. 0. 0. 0. 0. 0. 0.
    0. 0. 0. 0. 0. 0. 0. 0. 0. 0. 0. 0. 0. 0. 0. 2. 2. 2. 2. 2. 2.
    1.97800004e+00 1.92700005e+00 1.87699997e+00 1.84500003e+00
    1.81299996e+00 1.79999995e+00 0. 0. 0. 0. 0. 0. 0. 0. 0. 0. 0. 0. 0.
    0. 0. 0. 0. 0. 0. 0. 0. 0. 0. 0. 0. 0. 0. 0. 2. 2. 2. 2. 2. 2.
    1.97800004e+00 1.92700005e+00 1.87800002e+00 1.86500001e+00
    1.85300004e+00 1.84800005e+00 0. 0. 0. 0. 0. 0. 0. 0. 0. 0. 0. 0. 0.
    0. 0. 0. 0. 0. 0. 0. 0. 0. 0. 0. 0. 0. 0. 0. 1.98099995e+00
    1.98300004e+00 1.99100006e+00 1.99899995e+00 2. 2. 1.98099995e+00
    1.93900001e+00 1.89699996e+00 1.89699996e+00 1.89699996e+00
    1.89699996e+00 0. 0. 0. 0. 0. 0. 0. 0. 0. 0. 0. 0. 0. 0. 0. 0. 0. 0.
    0. 0. 0. 0. 0. 0. 0. 0. 0. 0. 1.93099999e+00 1.93900001e+00
    1.96800005e+00 1.99600005e+00 2. 2. 1.99000001e+00 1.96899998e+00
    1.94700003e+00 1.94700003e+00 1.94700003e+00 1.94700003e+00 0. 0. 0.
    0. 0. 0. 0. 0. 0. 0. 0. 0. 0. 0. 0. 0. 0. 0. 0. 0. 0. 0. 0. 0. 0. 0.
    0. 0. 1.88000000e+00 1.89499998e+00 1.94400001e+00 1.99300003e+00 2.
    2. 2. 1.99899995e+00 1.99800003e+00 1.99800003e+00 1.99800003e+00
    1.99800003e+00 0. 0. 0. 0. 0. 0. 0. 0. 0. 0. 0. 0. 0. 0. 0. 0. 0. 0.
    0. 0. 0. 0. 0. 0. 0. 0. 0. 0. 1.78799999e+00 1.81299996e+00
    1.90100002e+00 1.98800004e+00 2. 2. 2. 2. 2. 2. 2. 2. 0. 0. 0. 0. 0.
    0. 0. 0. 0. 0. 0. 0. 0. 0. 0. 0. 0. 0. 0. 0. 0. 0. 0. 0. 0. 0. 0. 0.
    1.69299996e+00 1.73000002e+00 1.85699999e+00 1.98300004e+00 2. 2. 2.
    2. 2. 2. 2. 2. 0. 0. 0. 0. 0. 0. 0. 0. 0. 0. 0. 0. 0. 0. 0. 0. 0. 0.
    0. 0. 0. 0. 0. 0. 0. 0. 0. 0. 1.64900005e+00 1.69099998e+00
    1.83599997e+00 1.98099995e+00 2. 2. 2. 2. 2. 2. 2. 2. 0. 0. 0. 0. 0.
    0. 0. 0. 0. 0. 0. 0. 0. 0. 0. 0. 0. 0. 0. 0. 0. 0. 0. 0. 0. 0. 0. 0.
    1.64900005e+00 1.69099998e+00 1.83599997e+00 1.98099995e+00 2. 2. 2.
    2. 2. 2. 2. 2. 0. 0. 0. 0. 0. 0. 0. 0. 0. 0. 0. 0. 0. 0. 0. 0. 0. 0.
    0. 0. 0. 0. 0. 0. 0. 0. 0. 0. 1.66499996e+00 1.70500004e+00
    1.84300005e+00 1.98099995e+00 1.99800003e+00 1.99600005e+00
    1.99500000e+00 1.99500000e+00 1.99500000e+00 1.99699998e+00
    1.99899995e+00 2. 0. 0. 0. 0. 0. 0. 0. 0. 0. 0. 0. 0. 0. 0. 0. 0. 0.
    0. 0. 0. 0. 0. 0. 0. 0. 0. 0. 0. 1.80900002e+00 1.83200002e+00
    1.91100001e+00 1.98899996e+00 1.98000002e+00 1.95700002e+00
    1.94400001e+00 1.94400001e+00 1.94500005e+00 1.96800005e+00
    1.99100006e+00 2. 0. 0. 0. 0. 0. 0. 0. 0. 0. 0. 0. 0. 0. 0. 0. 0. 0.
    0. 0. 0. 0. 0. 0. 0. 0. 0. 0. 0. 1.95400000e+00 1.96000004e+00
    1.97899997e+00 1.99699998e+00 1.96200001e+00 1.91799998e+00
    1.89400005e+00 1.89400005e+00 1.89499998e+00 1.93900001e+00
    1.98199999e+00 2. 0. 0. 0. 0. 0. 0. 0. 0. 0. 0. 0. 0. 0. 0. 0. 0. 0.
    0. 0. 0. 0. 0. 0. 0. 0. 0. 0. 0. 2. 2. 2. 2. 1.95599997e+00
    1.90600002e+00 1.87800002e+00 1.87800002e+00 1.87899995e+00
    1.92900002e+00 1.98000002e+00 2. 0. 0. 0. 0. 0. 0. 0. 0. 0. 0. 0. 0.
    0. 0. 0. 0. 0. 0. 0. 0. 0. 0. 0. 0. 0. 0. 0. 0. 2. 2. 2. 2.
    1.95599997e+00 1.90600002e+00 1.87800002e+00 1.87800002e+00
    1.87899995e+00 1.92900002e+00 1.98000002e+00 2. 0. 0. 0. 0. 0. 0. 0.
    0. 0. 0. 0. 0. 0. 0. 0. 0. 0. 0. 0. 0. 0. 0. 0. 0. 0. 0. 0. 0. 2. 2.
    2. 2. 1.96099997e+00 1.91600001e+00 1.89100003e+00 1.89100003e+00
    1.89199996e+00 1.93700004e+00 1.98199999e+00 2. 0. 0. 0. 0. 0. 0. 0.
