<?xml version="1.0"?>
<opencv_storage>
<Depth type_id="opencv-matrix">
  <rows>40</rows>
  <cols>40</cols>
  <dt>f</dt>
  <data>
    0. 0. 0. 0. 0. 0. 0. 0. 0. 0. 0. 0. 0. 0. 0. 0. 0. 0. 0. 0. 0. 0. 0.
    0. 0. 0. 0. 0. 0. 0. 0. 0. 0. 0. 0. 0. 0. 0. 0. 0. 0. 0. 0. 0. 0. 0.
    0. 0. 0. 0. 0. 0. 0. 0. 0. 0. 0. 0. 0. 0. 0. 0. 0. 0. 0. 0. 0. 0. 0.
    0. 0. 0. 0. 0. 0. 0. 0. 0. 0. 0. 0. 0. 0. 0. 0. 0. 0. 0. 0. 0. 0. 0.
    0. 0. 0. 0. 0. 0. 0. 0. 0. 0. 0. 0. 0. 0. 0. 0. 0. 0. 0. 0. 0. 0. 0.
    0. 0. 0. 0. 0. 0. 0. 0. 0. 0. 0. 0. 0. 0. 0. 0. 0. 0. 0. 0. 0. 0. 0.
    0. 0. 0. 0. 0. 0. 0. 0. 0. 0. 0. 0. 0. 0. 0. 0. 0. 0. 0. 0. 0. 0. 0.
    0. 0. 0. 0. 0. 0. 0. 0. 0. 0. 0. 0. 0. 0. 0. 0. 0. 0. 0. 0. 0. 0. 0.
    0. 0. 0. 0. 0. 0. 0. 0. 0. 0. 0. 0. 0. 0. 0. 0. 2.14100003e+00
    2.10899997e+00 2.06999993e+00 2.06900001e+00 2.07599998e+00
    2.11599994e+00 2.07100010e+00 1.88300002e+00 1.80299997e+00
    1.80299997e+00 1.80299997e+00 1.80299997e+00 1.98300004e+00
    2.21399999e+00 2.68400002e+00 2.99000001e+00 2.99000001e+00 0. 0. 0.
    0. 0. 0. 0. 0. 0. 0. 0. 0. 0. 0. 0. 0. 0. 0. 0. 0. 0. 0. 0.
    2.11700010e+00 2.09599996e+00 2.06900001e+00 2.06900001e+00
    2.07399988e+00 2.10100007e+00 2.06999993e+00 1.94500005e+00
    1.89100003e+00 1.89100003e+00 1.89100003e+00 1.89100003e+00
    2.01099992e+00 2.16599989e+00 2.48000002e+00 2.68499994e+00
    2.68499994e+00 2.69899988e+00 2.72399998e+00 2.07500005e+00
    1.18799996e+00 0. 0. 0. 0. 0. 0. 0. 0. 0. 0. 0. 0. 0. 0. 0. 0. 0. 0.
    0. 2.07699990e+00 2.07399988e+00 2.06900001e+00 2.06900001e+00
    2.06999993e+00 2.07399988e+00 2.06900001e+00 2.04800010e+00
    2.03800011e+00 2.03800011e+00 2.03800011e+00 2.03800011e+00
    2.05900002e+00 2.08599997e+00 2.14000010e+00 2.17499995e+00
    2.17499995e+00 2.16000009e+00 2.13299990e+00 0. 0. 0. 0. 0. 0. 0. 0.
    0. 0. 0. 0. 0. 0. 0. 0. 0. 0. 0. 0. 0. 2.06900001e+00 2.06900001e+00
    2.06900001e+00 2.06900001e+00 2.06900001e+00 2.06900001e+00
    2.07599998e+00 2.09299994e+00 2.10100007e+00 2.10100007e+00
    2.08699989e+00 2.06999993e+00 2.05299997e+00 2.03900003e+00
    2.03900003e+00 2.03900003e+00 2.03900003e+00 2.02699995e+00
    2.00600004e+00 0. 0. 0. 0. 0. 0. 0. 0. 0. 0. 0. 0. 0. 0. 0. 0. 0. 0.
    0. 0. 0. 2.06900001e+00 2.06900001e+00 2.06900001e+00 2.06900001e+00
    2.06900001e+00 2.06900001e+00 2.08400011e+00 2.12299991e+00
    2.14000010e+00 2.14000010e+00 2.10999990e+00 2.07100010e+00
    2.03299999e+00 2.00099993e+00 2.00099993e+00 2.00099993e+00
    2.00099993e+00 2. 2. 0. 0. 0. 0. 0. 0. 0. 0. 0. 0. 0. 0. 0. 0. 0. 0.
    0. 0. 0. 0. 0. 2.06900001e+00 2.06900001e+00 2.06900001e+00
    2.06900001e+00 2.06900001e+00 2.06900001e+00 2.07599998e+00
    2.09400010e+00 2.10200000e+00 2.10200000e+00 2.08800006e+00
    2.06999993e+00 2.03200006e+00 2. 2. 2. 2. 2. 2. 1.11699998e+00 0. 0.
    0. 0. 0. 0. 0. 0. 0. 0. 0. 0. 0. 0. 0. 0. 0. 0. 0. 0. 2.06999993e+00
    2.06900001e+00 2.06900001e+00 2.06900001e+00 2.06900001e+00
    2.06900001e+00 2.06900001e+00 2.06900001e+00 2.06900001e+00
    2.06900001e+00 2.06900001e+00 2.06900001e+00 2.03200006e+00 2. 2. 2.
    2. 2. 2. 2.02500010e+00 2.05999994e+00 0. 0. 0. 0. 0. 0. 0. 0. 0. 0.
    0. 0. 0. 0. 0. 0. 0. 0. 0. 2.07399988e+00 2.06900001e+00
    2.06900001e+00 2.06900001e+00 2.06900001e+00 2.06900001e+00
    2.06900001e+00 2.06900001e+00 2.06900001e+00 2.06900001e+00
    2.06900001e+00 2.06900001e+00 2.03200006e+00 2. 2. 2. 2. 2. 2.
    2.00999999e+00 2.02300000e+00 1.16999996e+00 0. 0. 0. 0. 0. 0. 0. 0.
    0. 0. 0. 0. 0. 0. 0. 0. 0. 0. 2.09200001e+00 2.08400011e+00
    2.08400011e+00 2.07599998e+00 2.06900001e+00 2.06900001e+00
    2.06900001e+00 2.06900001e+00 2.06900001e+00 2.06900001e+00
    2.06900001e+00 2.06900001e+00 2.03200006e+00 2. 2. 2. 2. 2. 2. 2. 2.
    2.02800012e+00 2.05100012e+00 2.02099991e+00 2. 2. 0. 0. 0. 0. 0. 0.
    0. 0. 0. 0. 0. 0. 0. 0. 2.13199997e+00 2.12400007e+00 2.12400007e+00
    2.09400010e+00 2.06900001e+00 2.06900001e+00 2.06900001e+00
    2.06900001e+00 2.06900001e+00 2.06900001e+00 2.06900001e+00
    2.06900001e+00 2.03200006e+00 2. 2. 2. 2. 2. 2. 2. 2. 2.00799990e+00
    2.01500010e+00 2.00600004e+00 2. 2. 1.68499994e+00 1.07599998e+00 0.
    0. 0. 0. 0. 0. 0. 0. 0. 0. 0. 0. 2.17499995e+00 2.16400003e+00
    2.16400003e+00 2.12500000e+00 2.08899999e+00 2.07699990e+00
    2.06900001e+00 2.06900001e+00 2.06900001e+00 2.06900001e+00
    2.06900001e+00 2.06900001e+00 2.03200006e+00 2. 2. 2. 2. 2. 2. 2. 2.
    2. 1.99800003e+00 1.98699999e+00 1.97899997e+00 1.97899997e+00
    1.99199998e+00 2.01799989e+00 2.02600002e+00 2.02600002e+00 0. 0. 0.
    0. 0. 0. 0. 0. 0. 0. 2.22099996e+00 2.20499992e+00 2.20499992e+00
    2.16499996e+00 2.12500000e+00 2.09100008e+00 2.06900001e+00
    2.06900001e+00 2.06900001e+00 2.06900001e+00 2.06900001e+00
    2.06900001e+00 2.03200006e+00 2. 2. 2. 2. 2. 2. 2. 2. 2.
    1.99600005e+00 1.96300006e+00 1.94099998e+00 1.94099998e+00
    1.94299996e+00 1.94799995e+00 1.95000005e+00 1.95000005e+00
    1.62899995e+00 1.32099998e+00 1.42200005e+00 0. 0. 0. 0. 0. 0. 0.
    2.36299992e+00 2.30399990e+00 2.24699998e+00 2.18899989e+00
    2.13700008e+00 2.11400008e+00 2.09999990e+00 2.09999990e+00
    2.09999990e+00 2.09999990e+00 2.08699989e+00 2.06999993e+00
    2.04800010e+00 2.02900004e+00 2.02900004e+00 2.02900004e+00
    2.02900004e+00 2.01999998e+00 2.00399995e+00 2. 2. 2. 1.99500000e+00
    1.95799994e+00 1.93200004e+00 1.93200004e+00 1.93200004e+00
    1.93200004e+00 1.93200004e+00 1.93200004e+00 1.93200004e+00
    1.94200003e+00 2.04099989e+00 1.64100003e+00 0. 0. 0. 0. 0. 0.
    2.53500009e+00 2.42100000e+00 2.28999996e+00 2.20799994e+00
    2.14100003e+00 2.14000010e+00 2.13899994e+00 2.13899994e+00
    2.13899994e+00 2.13899994e+00 2.10999990e+00 2.07100010e+00
    2.06800008e+00 2.06699991e+00 2.06699991e+00 2.06699991e+00
    2.06699991e+00 2.04699993e+00 2.00999999e+00 2. 2. 2. 1.99500000e+00
    1.95799994e+00 1.93200004e+00 1.93200004e+00 1.93200004e+00
    1.93200004e+00 1.93200004e+00 1.93200004e+00 1.93200004e+00
    1.94000006e+00 2.01699996e+00 2.05200005e+00 1.99100006e+00 0. 0. 0.
    0. 0. 2.72799993e+00 2.65199995e+00 2.56100011e+00 2.47000003e+00
    2.38599992e+00 2.33599997e+00 2.29600000e+00 2.27200007e+00
    2.23600006e+00 2.19000006e+00 2.14899993e+00 2.10899997e+00
    2.08699989e+00 2.06900001e+00 2.06900001e+00 2.06900001e+00
    2.06900001e+00 2.05900002e+00 2.04099989e+00 2.02200007e+00
    2.00099993e+00 2. 1.99500000e+00 1.95799994e+00 1.93200004e+00
    1.93200004e+00 1.93200004e+00 1.93200004e+00 1.93200004e+00
    1.93200004e+00 1.93200004e+00 1.93599999e+00 1.97099996e+00
    1.99600005e+00 1.99600005e+00 1.37199998e+00 0. 0. 0. 0.
    2.89199996e+00 2.85400009e+00 2.80699992e+00 2.71600008e+00
    2.62400007e+00 2.52999997e+00 2.45400000e+00 2.40899992e+00
    2.33999991e+00 2.25399995e+00 2.19700003e+00 2.14899993e+00
    2.10899997e+00 2.07500005e+00 2.07100010e+00 2.06900001e+00
    2.06900001e+00 2.06900001e+00 2.06900001e+00 2.04099989e+00
    2.00300002e+00 2. 1.99500000e+00 1.95799994e+00 1.93200004e+00
    1.93200004e+00 1.93200004e+00 1.93200004e+00 1.93200004e+00
    1.93200004e+00 1.93200004e+00 1.93200004e+00 1.93200004e+00
    1.93200004e+00 1.93200004e+00 1.93200004e+00 1.93200004e+00
    1.93200004e+00 1.93200004e+00 1.96200001e+00 2.89199996e+00
    2.87700009e+00 2.85800004e+00 2.82299995e+00 2.77500010e+00
    2.67600012e+00 2.59599996e+00 2.54800010e+00 2.47600007e+00
    2.38599992e+00 2.28900003e+00 2.19199991e+00 2.14899993e+00
    2.11100006e+00 2.08599997e+00 2.06900001e+00 2.06900001e+00
    2.06900001e+00 2.06900001e+00 2.04099989e+00 2.00300002e+00 2.
    1.99500000e+00 1.95799994e+00 1.93200004e+00 1.93200004e+00
    1.93200004e+00 1.93200004e+00 1.93200004e+00 1.93200004e+00
    1.93200004e+00 1.93200004e+00 1.93200004e+00 1.93200004e+00
    1.93200004e+00 1.93200004e+00 1.93200004e+00 1.93200004e+00
    1.93200004e+00 1.94400001e+00 2.89199996e+00 2.89199996e+00
