<?xml version="1.0"?>
<opencv_storage>
<Depth type_id="opencv-matrix">
  <rows>40</rows>
  <cols>40</cols>
  <dt>f</dt>
  <data>
    0. 0. 0. 0. 0. 0. 0. 0. 0. 0. 0. 0. 0. 0. 0. 0. 0. 0. 0. 0. 0. 0. 0.
    0. 0. 0. 0. 0. 0. 0. 0. 0. 0. 0. 0. 0. 0. 0. 0. 0. 0. 0. 0. 0. 0. 0.
    0. 0. 0. 0. 0. 0. 0. 0. 0. 0. 0. 0. 0. 0. 0. 0. 0. 0. 0. 0. 0. 0. 0.
    0. 0. 0. 0. 0. 0. 0. 0. 0. 0. 0. 0. 0. 0. 0. 0. 0. 0. 0. 0. 0. 0. 0.
    0. 0. 0. 0. 0. 0. 0. 0. 0. 0. 0. 0. 0. 0. 0. 0. 0. 0. 0. 0. 0. 0. 0.
    0. 0. 0. 0. 0. 0. 0. 0. 0. 0. 0. 0. 0. 0. 0. 0. 0. 0. 0. 0. 0. 0. 0.
    0. 0. 0. 0. 0. 0. 0. 0. 0. 0. 0. 0. 0. 0. 0. 0. 0. 0. 0. 0. 0. 0. 0.
    0. 0. 0. 0. 0. 0. 0. 0. 0. 0. 0. 0. 0. 0. 0. 0. 0. 0. 0. 0. 0. 0. 0.
    0. 0. 0. 0. 0. 0. 0. 0. 0. 0. 0. 0. 0. 0. 0. 0. 0. 0. 0. 0. 0. 0. 0.
    0. 0. 0. 0. 0. 0. 0. 0. 0. 0. 0. 0. 0. 0. 0. 0. 0. 0. 0. 0. 0. 0. 0.
    0. 0. 0. 0. 0. 0. 0. 0. 0. 0. 0. 0. 0. 0. 0. 0. 2.68700004e+00
    2.68700004e+00 2.68700004e+00 2.68700004e+00 2.68700004e+00
    2.68700004e+00 2.68700004e+00 2.73399997e+00 2.80500007e+00
    2.87500000e+00 2.52800012e+00 2.14899993e+00 1.84599996e+00
    1.84599996e+00 1.84599996e+00 1.82099998e+00 1.76699996e+00
    1.71300006e+00 1.69799995e+00 1.69799995e+00 1.69799995e+00
    1.69799995e+00 1.69799995e+00 1.71200001e+00 1.76600003e+00
    1.82099998e+00 1.84599996e+00 0. 0. 0. 0. 0. 0. 0. 0. 0. 0. 0. 0. 0.
    2.65400004e+00 2.65400004e+00 2.65400004e+00 2.65400004e+00
    2.65499997e+00 2.65799999e+00 2.66000009e+00 2.70400000e+00
    2.76799989e+00 2.83299994e+00 2.49900007e+00 2.13700008e+00
    1.84599996e+00 1.84599996e+00 1.84599996e+00 1.82200003e+00
    1.77100003e+00 1.71899998e+00 1.70500004e+00 1.70500004e+00
    1.70500004e+00 1.70500004e+00 1.70500004e+00 1.71899998e+00
    1.76999998e+00 1.82200003e+00 1.84599996e+00 0. 0. 0. 0. 0. 0. 0. 0.
    0. 0. 0. 0. 0. 2.40199995e+00 2.40199995e+00 2.40199995e+00
    2.40199995e+00 2.41199994e+00 2.43600011e+00 2.46000004e+00
    2.48000002e+00 2.49699998e+00 2.51399994e+00 2.28699994e+00
    2.04200006e+00 1.84599996e+00 1.84599996e+00 1.84599996e+00
    1.83099997e+00 1.79999995e+00 1.76800001e+00 1.75899994e+00
    1.75899994e+00 1.75899994e+00 1.75899994e+00 1.75899994e+00
    1.76800001e+00 1.79900002e+00 1.83099997e+00 1.84599996e+00 0. 0. 0.
    0. 0. 0. 0. 0. 0. 0. 0. 0. 0. 2.15100002e+00 2.15100002e+00
    2.15100002e+00 2.15100002e+00 2.16899991e+00 2.21499991e+00
    2.26099992e+00 2.25600004e+00 2.22600007e+00 2.19499993e+00
    2.07500005e+00 1.94799995e+00 1.84599996e+00 1.84599996e+00
    1.84599996e+00 1.84000003e+00 1.82900000e+00 1.81700003e+00
    1.81299996e+00 1.81299996e+00 1.81299996e+00 1.81299996e+00
    1.81299996e+00 1.81700003e+00 1.82900000e+00 1.84000003e+00
    1.84599996e+00 0. 0. 0. 0. 0. 0. 0. 0. 0. 0. 0. 0. 0. 1.97800004e+00
    1.97800004e+00 1.97800004e+00 1.97800004e+00 1.99699998e+00
    2.04699993e+00 2.09699988e+00 2.08599997e+00 2.04500008e+00
    2.00300002e+00 1.95500004e+00 1.90699995e+00 1.86699998e+00
    1.85899997e+00 1.85000002e+00 1.84599996e+00 1.84599996e+00
    1.84599996e+00 1.84599996e+00 1.84599996e+00 1.84599996e+00
    1.84599996e+00 1.84599996e+00 1.84599996e+00 1.84599996e+00
    1.84599996e+00 1.84599996e+00 0. 0. 0. 0. 0. 0. 0. 0. 0. 0. 0. 0. 0.
    1.92100000e+00 1.92100000e+00 1.92100000e+00 1.92100000e+00
    1.93299997e+00 1.96099997e+00 1.99000001e+00 1.99899995e+00 2. 2.
    1.97399998e+00 1.94700003e+00 1.91900003e+00 1.88999999e+00
    1.86099994e+00 1.84599996e+00 1.84599996e+00 1.84599996e+00
    1.84599996e+00 1.84599996e+00 1.84599996e+00 1.84599996e+00
    1.84599996e+00 1.84599996e+00 1.84599996e+00 1.84599996e+00
    1.84599996e+00 0. 0. 0. 0. 0. 0. 0. 0. 0. 0. 0. 0. 0. 1.86500001e+00
    1.86500001e+00 1.86500001e+00 1.86500001e+00 1.86800003e+00
    1.87500000e+00 1.88199997e+00 1.91299999e+00 1.95500004e+00
    1.99699998e+00 1.99399996e+00 1.98699999e+00 1.97099996e+00
    1.92200005e+00 1.87199998e+00 1.84599996e+00 1.84599996e+00
    1.84599996e+00 1.84599996e+00 1.84599996e+00 1.84599996e+00
    1.84599996e+00 1.84599996e+00 1.84599996e+00 1.84599996e+00
    1.84599996e+00 1.84599996e+00 0. 0. 0. 0. 0. 0. 0. 0. 0. 0. 0. 0. 0.
    1.84599996e+00 1.84599996e+00 1.84599996e+00 1.84599996e+00
    1.84599996e+00 1.84599996e+00 1.84599996e+00 1.88300002e+00
    1.94000006e+00 1.99600005e+00 2. 2. 1.98899996e+00 1.93299997e+00
    1.87600005e+00 1.84599996e+00 1.84599996e+00 1.84599996e+00
    1.84599996e+00 1.84599996e+00 1.84599996e+00 1.84599996e+00
    1.84599996e+00 1.84599996e+00 1.84599996e+00 1.84599996e+00
    1.84599996e+00 0. 0. 0. 0. 0. 0. 0. 0. 0. 0. 0. 0. 0. 1.84599996e+00
    1.84599996e+00 1.84599996e+00 1.84599996e+00 1.84599996e+00
    1.84599996e+00 1.84599996e+00 1.88300002e+00 1.94000006e+00
    1.99600005e+00 2. 2. 1.98899996e+00 1.93299997e+00 1.87600005e+00
    1.84599996e+00 1.84599996e+00 1.84599996e+00 1.84599996e+00
    1.84599996e+00 1.84599996e+00 1.84599996e+00 1.84599996e+00
    1.84599996e+00 1.84599996e+00 1.84599996e+00 1.84599996e+00 0. 0. 0.
    0. 0. 0. 0. 0. 0. 0. 0. 0. 0. 1.84599996e+00 1.84599996e+00
    1.84599996e+00 1.84599996e+00 1.84599996e+00 1.84599996e+00
    1.84599996e+00 1.88300002e+00 1.94000006e+00 1.99600005e+00 2. 2.
    1.98899996e+00 1.93299997e+00 1.87600005e+00 1.84599996e+00
    1.84599996e+00 1.84599996e+00 1.84599996e+00 1.84599996e+00
    1.84599996e+00 1.84599996e+00 1.84599996e+00 1.84599996e+00
    1.84599996e+00 1.84599996e+00 1.84599996e+00 0. 0. 0. 0. 0. 0. 0. 0.
    0. 0. 0. 0. 0. 1.84599996e+00 1.84599996e+00 1.84599996e+00
    1.84599996e+00 1.84599996e+00 1.84599996e+00 1.84599996e+00
    1.88300002e+00 1.94000006e+00 1.99600005e+00 2. 2. 1.99300003e+00
    1.95599997e+00 1.91799998e+00 1.88999999e+00 1.87000000e+00
    1.85099995e+00 1.84599996e+00 1.84599996e+00 1.84599996e+00
    1.84599996e+00 1.84599996e+00 1.84599996e+00 1.84599996e+00
    1.84599996e+00 1.84599996e+00 0. 0. 0. 0. 0. 0. 0. 0. 0. 0. 0. 0. 0.
    1.84599996e+00 1.84599996e+00 1.84599996e+00 1.84599996e+00
    1.84599996e+00 1.84599996e+00 1.84599996e+00 1.88300002e+00
    1.94000006e+00 1.99600005e+00 2. 2. 1.99699998e+00 1.98000002e+00
    1.96399999e+00 1.93599999e+00 1.89699996e+00 1.85699999e+00
    1.84599996e+00 1.84599996e+00 1.84599996e+00 1.84599996e+00
    1.84599996e+00 1.84599996e+00 1.84599996e+00 1.84599996e+00
    1.84599996e+00 0. 0. 0. 0. 0. 0. 0. 0. 0. 0. 0. 0. 0. 1.84599996e+00
    1.84599996e+00 1.84599996e+00 1.84599996e+00 1.84800005e+00
    1.85200000e+00 1.85599995e+00 1.89199996e+00 1.94400001e+00
    1.99600005e+00 2. 2. 2. 2. 2. 1.97399998e+00 1.91799998e+00
    1.86099994e+00 1.84599996e+00 1.84599996e+00 1.84599996e+00
    1.84599996e+00 1.84599996e+00 1.84599996e+00 1.84599996e+00
    1.84599996e+00 1.84599996e+00 0. 0. 0. 0. 0. 0. 0. 0. 0. 0. 0. 0. 0.
    1.84599996e+00 1.84599996e+00 1.84599996e+00 1.84599996e+00
    1.85599995e+00 1.88100004e+00 1.90499997e+00 1.93499994e+00
    1.96599996e+00 1.99800003e+00 2. 2. 2. 2. 2. 1.97399998e+00
    1.91799998e+00 1.86099994e+00 1.84599996e+00 1.84599996e+00
    1.84599996e+00 1.84599996e+00 1.84599996e+00 1.84599996e+00
    1.84599996e+00 1.84599996e+00 1.84599996e+00 0. 0. 0. 0. 0. 0. 0. 0.
    0. 0. 0. 0. 0. 1.84599996e+00 1.84599996e+00 1.84599996e+00
    1.84599996e+00 1.86399996e+00 1.90900004e+00 1.95500004e+00
    1.97700000e+00 1.98800004e+00 1.99899995e+00 2. 2. 2. 2. 2.
    1.97399998e+00 1.91799998e+00 1.86099994e+00 1.84599996e+00
    1.84599996e+00 1.84599996e+00 1.84599996e+00 1.84599996e+00
    1.84599996e+00 1.84599996e+00 1.84599996e+00 1.84599996e+00 0. 0. 0.
    0. 0. 0. 0. 0. 0. 0. 0. 0. 0. 1.84599996e+00 1.84599996e+00
    1.84599996e+00 1.84599996e+00 1.86500001e+00 1.91100001e+00
    1.95799994e+00 1.97399998e+00 1.97399998e+00 1.97399998e+00
    1.97399998e+00 1.97399998e+00 1.97399998e+00 1.97399998e+00
    1.97399998e+00 1.95200002e+00 1.90499997e+00 1.85899997e+00
