<?xml version="1.0"?>
<opencv_storage>
<Depth type_id="opencv-matrix">
  <rows>40</rows>
  <cols>40</cols>
  <dt>f</dt>
  <data>
    0. 0. 0. 0. 0. 0. 0. 0. 0. 0. 0. 0. 0. 0. 0. 0. 0. 0. 0. 0. 0. 0. 0.
    0. 0. 0. 0. 0. 0. 0. 0. 0. 0. 0. 0. 0. 0. 0. 0. 0. 0. 0. 0. 0. 0. 0.
    0. 0. 0. 0. 0. 0. 0. 0. 0. 0. 0. 0. 0. 0. 0. 0. 0. 0. 0. 0. 0. 0. 0.
    0. 0. 0. 0. 0. 0. 0. 0. 0. 0. 0. 0. 0. 0. 0. 0. 0. 0. 0. 0. 0. 0. 0.
    0. 0. 0. 0. 0. 0. 0. 0. 0. 0. 0. 0. 0. 0. 0. 0. 0. 0. 0. 0. 0. 0. 0.
    0. 0. 0. 0. 0. 0. 0. 0. 0. 0. 0. 0. 0. 0. 0. 0. 0. 0. 0. 0. 0. 0. 0.
    0. 0. 0. 0. 0. 0. 0. 0. 0. 0. 0. 0. 0. 0. 0. 0. 0. 0. 0. 0. 0. 0. 0.
    0. 0. 0. 0. 0. 0. 0. 0. 0. 0. 0. 0. 0. 0. 0. 0. 0. 0. 0. 0. 0. 0. 0.
    0. 0. 0. 0. 0. 0. 0. 0. 0. 0. 0. 0. 0. 0. 0. 0. 0. 0. 0. 0. 0. 0. 0.
    0. 0. 0. 0. 0. 0. 0. 0. 0. 0. 0. 0. 0. 0. 0. 0. 0. 0. 0. 0. 0. 0. 0.
    0. 0. 0. 0. 0. 0. 0. 0. 0. 0. 0. 0. 0. 0. 0. 0. 0. 0. 0. 0. 0. 0. 0.
    0. 0. 0. 0. 0. 0. 0. 0. 0. 0. 0. 0. 0. 0. 0. 0. 0. 0. 0. 0. 0. 0. 0.
    0. 0. 0. 0. 0. 0. 0. 0. 0. 0. 0. 0. 0. 0. 0. 0. 0. 0. 0. 0. 0. 0. 0.
    0. 0. 0. 0. 0. 0. 0. 0. 0. 0. 0. 0. 0. 0. 0. 0. 0. 0. 0. 0. 0. 0. 0.
    0. 0. 0. 0. 0. 0. 0. 0. 0. 0. 0. 0. 0. 0. 0. 0. 0. 0. 0. 0. 0. 0. 0.
    0. 0. 0. 0. 0. 0. 0. 0. 0. 0. 0. 0. 0. 0. 0. 0. 0. 0. 0. 0. 0. 0. 0.
    0. 0. 0. 0. 0. 0. 0. 0. 0. 0. 0. 0. 0. 0. 0. 0. 0. 0. 0. 0. 0. 0. 0.
    0. 0. 0. 0. 0. 0. 0. 0. 0. 0. 0. 0. 0. 0. 0. 0. 0. 0. 0. 0. 0. 0. 0.
    0. 0. 0. 0. 0. 0. 0. 0. 0. 0. 0. 0. 0. 0. 0. 0. 0. 0. 0. 0. 0. 0. 0.
    0. 0. 0. 0. 0. 0. 0. 0. 0. 0. 0. 0. 0. 0. 0. 0. 0. 0. 0. 0. 0. 0. 0.
    0. 0. 0. 0. 0. 0. 0. 0. 0. 0. 0. 0. 0. 0. 0. 0. 0. 0. 0. 0. 0. 0. 0.
    0. 0. 0. 0. 0. 0. 0. 0. 0. 0. 0. 0. 0. 0. 0. 0. 0. 0. 0. 0. 0. 0. 0.
    0. 0. 0. 0. 0. 0. 0. 0. 0. 0. 0. 0. 0. 0. 2.28200006e+00
    2.28200006e+00 2.31699991e+00 2.35599995e+00 2.31299996e+00
    2.28200006e+00 2.28200006e+00 2.30299997e+00 2.34599996e+00
    2.29900002e+00 2.21499991e+00 2.17100000e+00 2.13700008e+00
    2.13700008e+00 2.12299991e+00 2.08400011e+00 2.06800008e+00
    2.06800008e+00 2.09899998e+00 2.13700008e+00 2.13700008e+00
    2.12700009e+00 2.08899999e+00 2.04999995e+00 2.01200008e+00
    1.97399998e+00 1.93700004e+00 1.90199995e+00 1.87100005e+00
    1.87100005e+00 1.88300002e+00 1.91900003e+00 1.93400002e+00
    1.93400002e+00 1.96300006e+00 2. 2.03900003e+00 2.06800008e+00
    2.06800008e+00 2.08500004e+00 2.23200011e+00 2.23200011e+00
    2.25600004e+00 2.28099990e+00 2.25300002e+00 2.23600006e+00
    2.25000000e+00 2.27099991e+00 2.29900002e+00 2.26799989e+00
    2.21300006e+00 2.17100000e+00 2.13700008e+00 2.13700008e+00
    2.12299991e+00 2.08400011e+00 2.06800008e+00 2.06800008e+00
    2.08899999e+00 2.11299992e+00 2.11299992e+00 2.10700011e+00
    2.08200002e+00 2.04999995e+00 2.01200008e+00 1.97399998e+00
    1.93700004e+00 1.90199995e+00 1.87100005e+00 1.87100005e+00
    1.88300002e+00 1.91900003e+00 1.93400002e+00 1.93400002e+00
    1.96300006e+00 2. 2.03900003e+00 2.06800008e+00 2.06800008e+00
    2.07900000e+00 2.15100002e+00 2.15100002e+00 2.15400004e+00
    2.15799999e+00 2.15400004e+00 2.16100001e+00 2.19700003e+00
    2.21799994e+00 2.22199988e+00 2.21799994e+00 2.21000004e+00
    2.17100000e+00 2.13700008e+00 2.13700008e+00 2.12299991e+00
    2.08400011e+00 2.06800008e+00 2.06800008e+00 2.07100010e+00
    2.07500005e+00 2.07500005e+00 2.07399988e+00 2.06999993e+00
    2.04999995e+00 2.01200008e+00 1.97399998e+00 1.93700004e+00
    1.90199995e+00 1.87100005e+00 1.87100005e+00 1.88300002e+00
    1.91900003e+00 1.93400002e+00 1.93400002e+00 1.96300006e+00 2.
    2.03900003e+00 2.06800008e+00 2.06800008e+00 2.06999993e+00
    2.13700008e+00 2.13700008e+00 2.13700008e+00 2.13700008e+00
    2.13700008e+00 2.14299989e+00 2.16400003e+00 2.17499995e+00
    2.17499995e+00 2.17499995e+00 2.17499995e+00 2.15499997e+00
    2.13700008e+00 2.13700008e+00 2.12299991e+00 2.08400011e+00
    2.06800008e+00 2.06800008e+00 2.06800008e+00 2.06800008e+00
    2.06800008e+00 2.06800008e+00 2.06800008e+00 2.04999995e+00
    2.01200008e+00 1.98599994e+00 1.96700001e+00 1.94799995e+00
    1.93099999e+00 1.93099999e+00 1.93799996e+00 1.95700002e+00
    1.96500003e+00 1.96500003e+00 1.98000002e+00 2. 2.03900003e+00
    2.06800008e+00 2.06800008e+00 2.06800008e+00 2.13899994e+00
    2.13899994e+00 2.13800001e+00 2.13700008e+00 2.13700008e+00
    2.13700008e+00 2.13700008e+00 2.13700008e+00 2.13700008e+00
    2.13700008e+00 2.13700008e+00 2.13700008e+00 2.13700008e+00
    2.13700008e+00 2.12299991e+00 2.08400011e+00 2.06800008e+00
    2.06800008e+00 2.06800008e+00 2.06800008e+00 2.06699991e+00
    2.06599998e+00 2.06599998e+00 2.04900002e+00 2.01200008e+00 2. 2. 2.
    2. 2.00099993e+00 2.00200009e+00 2. 2. 2. 2. 2. 2.03699994e+00
    2.06599998e+00 2.06599998e+00 2.06599998e+00 2.17899990e+00
    2.17899990e+00 2.16000009e+00 2.13700008e+00 2.13700008e+00
    2.13700008e+00 2.13700008e+00 2.13700008e+00 2.13700008e+00
    2.13700008e+00 2.13700008e+00 2.13700008e+00 2.13700008e+00
    2.13700008e+00 2.12299991e+00 2.08400011e+00 2.06800008e+00
    2.06800008e+00 2.06800008e+00 2.06699991e+00 2.04500008e+00
    2.02800012e+00 2.02800012e+00 2.02099991e+00 2.00500011e+00 2. 2. 2.
    2.00300002e+00 2.02500010e+00 2.03200006e+00 2.00999999e+00 2. 2. 2.
    2. 2.01600003e+00 2.02800012e+00 2.02800012e+00 2.01799989e+00
    2.20900011e+00 2.20900011e+00 2.18099999e+00 2.14800000e+00
    2.14100003e+00 2.13700008e+00 2.13700008e+00 2.13700008e+00
    2.13700008e+00 2.13700008e+00 2.13700008e+00 2.13700008e+00
    2.13700008e+00 2.13700008e+00 2.12299991e+00 2.08400011e+00
    2.06800008e+00 2.06800008e+00 2.06800008e+00 2.06699991e+00
    2.02900004e+00 2. 2. 2. 2. 2. 2. 2. 2.00500011e+00 2.04299998e+00
    2.05500007e+00 2.01600003e+00 2. 2. 2. 2. 1.99399996e+00
    1.99000001e+00 1.99000001e+00 1.97300005e+00 2.20900011e+00
    2.20900011e+00 2.19899988e+00 2.18700004e+00 2.15799999e+00
    2.13700008e+00 2.13700008e+00 2.13700008e+00 2.13700008e+00
    2.13700008e+00 2.13700008e+00 2.13700008e+00 2.13700008e+00
    2.13700008e+00 2.12299991e+00 2.08400011e+00 2.06800008e+00
    2.06800008e+00 2.06800008e+00 2.06699991e+00 2.02900004e+00 2. 2. 2.
    2. 2. 2. 2. 2.00500011e+00 2.04299998e+00 2.05500007e+00
    2.01600003e+00 2. 2. 2. 2. 1.97300005e+00 1.95299995e+00
    1.95299995e+00 1.93700004e+00 2.22199988e+00 2.21099997e+00
    2.20900011e+00 2.20700002e+00 2.16700006e+00 2.13700008e+00
    2.13700008e+00 2.13700008e+00 2.13700008e+00 2.13700008e+00
    2.13700008e+00 2.13700008e+00 2.13700008e+00 2.13700008e+00
    2.12299991e+00 2.08400011e+00 2.06800008e+00 2.06800008e+00
    2.06800008e+00 2.06699991e+00 2.02900004e+00 2. 2. 2. 2. 2. 2. 2.
    2.00500011e+00 2.04299998e+00 2.05500007e+00 2.01600003e+00 2. 2. 2.
    2. 1.96300006e+00 1.93400002e+00 1.93400002e+00 1.91799998e+00
    2.24900007e+00 2.21499991e+00 2.20900011e+00 2.20700002e+00
    2.16700006e+00 2.13700008e+00 2.13700008e+00 2.13700008e+00
    2.13700008e+00 2.13700008e+00 2.13700008e+00 2.13700008e+00
    2.13700008e+00 2.13700008e+00 2.12299991e+00 2.08400011e+00
    2.06800008e+00 2.06800008e+00 2.06800008e+00 2.06699991e+00
    2.02900004e+00 2. 2. 2. 2. 2. 2. 2. 2.00500011e+00 2.04299998e+00
    2.05500007e+00 2.01600003e+00 2. 2. 2. 2. 1.96300006e+00
    1.93400002e+00 1.93400002e+00 1.91799998e+00 2.28699994e+00
    2.24499989e+00 2.22499990e+00 2.20700002e+00 2.16700006e+00
    2.13700008e+00 2.13700008e+00 2.13700008e+00 2.13700008e+00
    2.13700008e+00 2.13700008e+00 2.13700008e+00 2.13700008e+00
    2.13700008e+00 2.12299991e+00 2.08400011e+00 2.06800008e+00
    2.06800008e+00 2.06800008e+00 2.06599998e+00 2.01300001e+00
    1.97399998e+00 1.97399998e+00 1.98099995e+00 1.99500000e+00 2. 2.
    2.01399994e+00 2.02999997e+00 2.05299997e+00 2.05500007e+00
    2.01600003e+00 2. 2. 2. 2. 1.97700000e+00 1.71500003e+00 0. 0.
    2.32900000e+00 2.28600001e+00 2.24600005e+00 2.20700002e+00
