<?xml version="1.0"?>
<opencv_storage>
<Depth type_id="opencv-matrix">
  <rows>40</rows>
  <cols>40</cols>
  <dt>f</dt>
  <data>
    0. 0. 0. 0. 0. 0. 0. 0. 0. 0. 0. 0. 0. 0. 0. 0. 0. 0. 0. 0. 0. 0. 0.
    0. 0. 0. 0. 0. 0. 0. 0. 0. 0. 0. 0. 0. 0. 0. 0. 0. 0. 0. 0. 0. 0. 0.
    0. 0. 0. 0. 0. 0. 0. 0. 0. 0. 0. 0. 0. 0. 0. 0. 0. 0. 0. 0. 0. 0. 0.
    0. 0. 0. 0. 0. 0. 0. 0. 0. 0. 0. 0. 0. 0. 0. 0. 0. 0. 0. 0. 0. 0. 0.
    0. 0. 0. 0. 0. 0. 0. 0. 0. 0. 0. 0. 0. 0. 0. 0. 0. 0. 0. 0. 0. 0. 0.
    0. 0. 0. 0. 0. 0. 0. 0. 0. 0. 0. 0. 0. 0. 0. 0. 0. 0. 0. 0. 0. 0. 0.
    0. 0. 0. 0. 0. 0. 0. 0. 0. 0. 0. 0. 0. 0. 0. 0. 0. 0. 0. 0. 0. 0. 0.
    0. 0. 0. 0. 0. 0. 0. 0. 0. 0. 0. 0. 0. 0. 0. 0. 0. 0. 0. 0. 0. 0. 0.
    0. 0. 0. 0. 0. 0. 0. 0. 0. 0. 0. 0. 0. 0. 0. 0. 0. 0. 0. 0. 0. 0. 0.
    0. 0. 0. 0. 0. 0. 0. 0. 0. 0. 0. 0. 0. 0. 0. 0. 0. 0. 0. 0. 0. 0. 0.
    0. 0. 0. 0. 0. 0. 0. 0. 0. 0. 0. 0. 0. 0. 0. 0. 0. 0. 0. 0. 0. 0. 0.
    0. 0. 0. 0. 0. 0. 0. 0. 0. 0. 0. 0. 0. 0. 0. 0. 0. 0. 0. 0. 0. 0. 0.
    0. 0. 0. 0. 0. 0. 0. 0. 0. 0. 0. 0. 0. 0. 0. 0. 0. 0. 0. 0. 0. 0. 0.
    0. 0. 0. 0. 0. 0. 0. 0. 0. 0. 0. 0. 0. 0. 0. 0. 0. 0. 0. 0. 0. 0. 0.
    0. 0. 0. 0. 0. 0. 0. 0. 0. 0. 0. 0. 0. 0. 0. 0. 0. 0. 0. 0. 0. 0. 0.
    0. 0. 0. 0. 0. 0. 0. 0. 0. 0. 0. 0. 0. 0. 0. 0. 0. 0. 0. 0. 0. 0. 0.
    0. 0. 0. 0. 0. 0. 0. 0. 0. 0. 0. 0. 0. 0. 0. 0. 0. 0. 0. 0. 0. 0. 0.
    0. 0. 0. 0. 0. 0. 0. 0. 0. 0. 0. 0. 0. 1.77300000e+00 1.79400003e+00
    1.82599998e+00 1.79600000e+00 1.77300000e+00 1.77300000e+00
    1.75399995e+00 1.72200000e+00 1.71899998e+00 1.71899998e+00
    1.71899998e+00 1.75399995e+00 1.81799996e+00 1.85500002e+00
    1.88300002e+00 1.88300002e+00 1.95200002e+00 2.09400010e+00
    2.15300012e+00 2.18600011e+00 2.18600011e+00 1.81599998e+00 0. 0. 0.
    0. 0. 0. 0. 0. 0. 0. 0. 0. 0. 0. 0. 0. 0. 0. 1.79400003e+00
    1.81500006e+00 1.84800005e+00 1.81700003e+00 1.79400003e+00
    1.79400003e+00 1.78199995e+00 1.76300001e+00 1.76100004e+00
    1.76100004e+00 1.76100004e+00 1.78199995e+00 1.82099998e+00
    1.86699998e+00 1.90600002e+00 1.90600002e+00 1.95400000e+00
    2.05500007e+00 2.12700009e+00 2.18799996e+00 2.20300007e+00
    1.83500004e+00 0. 0. 0. 0. 0. 0. 0. 0. 0. 0. 0. 0. 0. 0. 0. 0. 0. 0.
    1.82599998e+00 1.84800005e+00 1.88100004e+00 1.85000002e+00
    1.82599998e+00 1.82599998e+00 1.82599998e+00 1.82500005e+00
    1.82500005e+00 1.82500005e+00 1.82500005e+00 1.82599998e+00
    1.82700002e+00 1.88399994e+00 1.94000006e+00 1.94000006e+00
    1.95799994e+00 1.99500000e+00 2.08899999e+00 2.19000006e+00
    2.22900009e+00 1.86500001e+00 0. 0. 0. 0. 0. 0. 0. 0. 0. 0. 0. 0. 0.
    0. 0. 0. 0. 0. 1.85899997e+00 1.86899996e+00 1.88300002e+00
    1.85099995e+00 1.82700002e+00 1.82700002e+00 1.83800006e+00
    1.85800004e+00 1.85899997e+00 1.85899997e+00 1.85899997e+00
    1.87000000e+00 1.88999999e+00 1.91700006e+00 1.94099998e+00
    1.94099998e+00 1.95799994e+00 1.99300003e+00 2.08800006e+00
    2.18799996e+00 2.20400000e+00 2.04999995e+00 1.66400003e+00
    1.56299996e+00 1.53699994e+00 1.05400002e+00 0. 0. 0. 0. 0. 0. 0. 0.
    0. 0. 0. 0. 0. 0. 1.87399995e+00 1.87399995e+00 1.87399995e+00
    1.84700000e+00 1.82700002e+00 1.82700002e+00 1.84700000e+00
    1.88000000e+00 1.88300002e+00 1.88300002e+00 1.88300002e+00
    1.90199995e+00 1.93599999e+00 1.94599998e+00 1.95200002e+00
    1.95799994e+00 1.97800004e+00 2.01399994e+00 2.09899998e+00
    2.18600011e+00 2.18600011e+00 2.18600011e+00 2.18600011e+00
    2.18600011e+00 2.14899993e+00 1.44000006e+00 0. 0. 0. 0. 0. 0. 0. 0.
    0. 0. 0. 0. 0. 0. 1.84000003e+00 1.84000003e+00 1.84000003e+00
    1.83299994e+00 1.82700002e+00 1.82700002e+00 1.84700000e+00
    1.88000000e+00 1.88300002e+00 1.88300002e+00 1.88300002e+00
    1.90199995e+00 1.93599999e+00 1.96399999e+00 1.99100006e+00
    2.01799989e+00 2.04900002e+00 2.08599997e+00 2.13700008e+00
    2.18600011e+00 2.18600011e+00 2.18600011e+00 2.18600011e+00
    2.18600011e+00 2.17499995e+00 1.97200000e+00 1.84399998e+00
    1.84399998e+00 1.40100002e+00 0. 0. 0. 0. 0. 0. 0. 0. 0. 0. 0.
    1.82700002e+00 1.82700002e+00 1.82700002e+00 1.82700002e+00
    1.83000004e+00 1.84200001e+00 1.86000001e+00 1.88100004e+00
    1.88300002e+00 1.88600004e+00 1.89800000e+00 1.91600001e+00
    1.93799996e+00 1.98199999e+00 2.02500010e+00 2.04800010e+00
    2.07200003e+00 2.09599996e+00 2.13000011e+00 2.16499996e+00
    2.17799997e+00 2.18600011e+00 2.18600011e+00 2.18600011e+00
    2.18600011e+00 2.18600011e+00 2.19099998e+00 2.20499992e+00
    1.84500003e+00 1.30900002e+00 1.30599999e+00 1.30599999e+00 0. 0. 0.
    0. 0. 0. 0. 0. 1.82700002e+00 1.82700002e+00 1.82700002e+00
    1.82700002e+00 1.83599997e+00 1.86699998e+00 1.88100004e+00
    1.88300002e+00 1.88300002e+00 1.88999999e+00 1.92299998e+00
    1.93900001e+00 1.94099998e+00 2. 2.05699992e+00 2.05900002e+00
    2.06100011e+00 2.06299996e+00 2.09299994e+00 2.13000011e+00
    2.16599989e+00 2.18600011e+00 2.18600011e+00 2.18600011e+00
    2.18600011e+00 2.18600011e+00 2.20000005e+00 2.23699999e+00
    2.24499989e+00 2.23900008e+00 2.23900008e+00 2.23900008e+00 0. 0. 0.
    0. 0. 0. 0. 0. 1.82700002e+00 1.82700002e+00 1.82700002e+00
    1.82700002e+00 1.83599997e+00 1.87000000e+00 1.89400005e+00
    1.91299999e+00 1.91400003e+00 1.92200005e+00 1.95700002e+00
    1.97300005e+00 1.97300005e+00 2.00099993e+00 2.02800012e+00
    2.02800012e+00 2.03699994e+00 2.05599999e+00 2.08999991e+00
    2.12700009e+00 2.16400003e+00 2.18600011e+00 2.18600011e+00
    2.18600011e+00 2.18600011e+00 2.18600011e+00 2.20000005e+00
    2.23900008e+00 2.30999994e+00 2.39599991e+00 2.39599991e+00
    2.39599991e+00 0. 0. 0. 0. 0. 0. 0. 0. 1.82700002e+00 1.83299994e+00
    1.84200001e+00 1.84200001e+00 1.85200000e+00 1.88499999e+00
    1.91900003e+00 1.95400000e+00 1.95299995e+00 1.95599997e+00
    1.98599994e+00 2. 2. 2. 2. 2. 2.01699996e+00 2.05299997e+00
    2.08999991e+00 2.12700009e+00 2.16400003e+00 2.18600011e+00
    2.18600011e+00 2.19000006e+00 2.19499993e+00 2.19499993e+00
    2.20900011e+00 2.24900007e+00 2.34200001e+00 2.46000004e+00
    2.46099997e+00 2.46099997e+00 0. 0. 0. 0. 0. 0. 0. 0. 1.82700002e+00
    1.85899997e+00 1.90900004e+00 1.90999997e+00 1.91999996e+00
    1.95400000e+00 1.98899996e+00 2.02500010e+00 2.00399995e+00
    1.98599994e+00 1.99600005e+00 2. 2. 2. 2. 2. 2.01699996e+00
    2.05299997e+00 2.08999991e+00 2.12700009e+00 2.16400003e+00
    2.18600011e+00 2.18600011e+00 2.20700002e+00 2.23399997e+00
    2.23399997e+00 2.24900007e+00 2.28900003e+00 2.36599994e+00
    2.46000004e+00 2.46099997e+00 2.46099997e+00 0. 0. 0. 0. 0. 0. 0. 0.
    1.82700002e+00 1.87899995e+00 1.95799994e+00 1.96000004e+00
    1.97000003e+00 2.00500011e+00 2.04099989e+00 2.07699990e+00
    2.05800009e+00 2.03900003e+00 2.03900003e+00 2.03900003e+00
    2.03900003e+00 2.03900003e+00 2.03900003e+00 2.03900003e+00
    2.05100012e+00 2.07500005e+00 2.09999990e+00 2.12899995e+00
    2.17799997e+00 2.20700002e+00 2.20700002e+00 2.23600006e+00
    2.27399993e+00 2.27399993e+00 2.28399992e+00 2.31100011e+00
    2.36800003e+00 2.43700004e+00 2.45199990e+00 2.46099997e+00 0. 0. 0.
    0. 0. 0. 0. 0. 1.82700002e+00 1.89199996e+00 1.99199998e+00
    1.99500000e+00 2.00500011e+00 2.04099989e+00 2.07699990e+00
    2.11400008e+00 2.11500001e+00 2.11199999e+00 2.11199999e+00
    2.11199999e+00 2.11199999e+00 2.11199999e+00 2.11199999e+00
    2.11199999e+00 2.11400008e+00 2.11700010e+00 2.11999989e+00
    2.13100004e+00 2.20400000e+00 2.24600005e+00 2.24600005e+00
    2.27600002e+00 2.31399989e+00 2.31399989e+00 2.31500006e+00
    2.31900001e+00 2.34999990e+00 2.39499998e+00 2.43400002e+00
    2.46099997e+00 0. 0. 0. 0. 0. 0. 0. 0. 1.85500002e+00 1.91199994e+00
    1.99800003e+00 2. 2.00999999e+00 2.04600000e+00 2.08200002e+00
    2.11999989e+00 2.12299991e+00 2.12299991e+00 2.12299991e+00
    2.12299991e+00 2.12299991e+00 2.12299991e+00 2.12299991e+00
    2.12299991e+00 2.13199997e+00 2.15100002e+00 2.17100000e+00
