<?xml version="1.0"?>
<opencv_storage>
<Depth type_id="opencv-matrix">
  <rows>40</rows>
  <cols>40</cols>
  <dt>f</dt>
  <data>
    0. 0. 0. 0. 0. 0. 0. 0. 0. 0. 0. 0. 0. 0. 0. 0. 0. 0. 0. 0. 0. 0. 0.
    0. 0. 0. 0. 0. 0. 0. 0. 0. 0. 0. 0. 0. 0. 0. 0. 0. 0. 0. 0. 0. 0. 0.
    0. 0. 0. 0. 0. 0. 0. 0. 0. 0. 0. 0. 0. 0. 0. 0. 0. 0. 0. 0. 0. 0. 0.
    0. 0. 0. 0. 0. 0. 0. 0. 0. 0. 0. 0. 0. 0. 0. 0. 0. 0. 0. 0. 0. 0. 0.
    0. 0. 0. 0. 0. 0. 0. 0. 0. 0. 0. 0. 0. 0. 0. 0. 0. 0. 0. 0. 0. 0. 0.
    0. 0. 0. 0. 0. 0. 0. 0. 0. 0. 0. 0. 0. 0. 0. 0. 0. 0. 0. 0. 0. 0. 0.
    0. 0. 0. 0. 0. 0. 0. 0. 0. 0. 0. 0. 0. 0. 0. 0. 0. 0. 0. 0. 0. 0. 0.
    0. 0. 0. 0. 0. 0. 0. 0. 0. 0. 0. 0. 0. 0. 0. 0. 0. 0. 0. 0. 0. 0. 0.
    0. 0. 0. 0. 0. 0. 0. 0. 0. 0. 0. 0. 0. 0. 0. 0. 0. 0. 0. 0. 0. 0. 0.
    0. 0. 0. 0. 0. 0. 0. 0. 0. 0. 0. 0. 0. 0. 0. 0. 0. 0. 0. 0. 0. 0. 0.
    0. 0. 0. 0. 0. 0. 0. 0. 0. 0. 0. 0. 0. 0. 0. 0. 0. 0. 0. 0. 0. 0. 0.
    0. 0. 0. 0. 0. 0. 0. 0. 0. 0. 0. 0. 0. 0. 0. 0. 0. 0. 0. 0. 0. 0. 0.
    0. 0. 0. 0. 0. 0. 0. 0. 0. 0. 0. 0. 0. 0. 0. 0. 0. 0. 0. 0. 0. 0. 0.
    0. 0. 0. 0. 0. 0. 0. 0. 0. 0. 0. 0. 0. 0. 0. 0. 0. 0. 0. 0. 0. 0. 0.
    0. 0. 0. 0. 0. 0. 0. 0. 0. 0. 0. 0. 0. 0. 0. 0. 0. 0. 0. 0. 0. 0. 0.
    0. 0. 0. 0. 0. 0. 0. 0. 0. 0. 0. 0. 0. 0. 0. 0. 0. 0. 0. 0. 0. 0. 0.
    0. 0. 0. 0. 0. 0. 0. 0. 0. 0. 0. 0. 0. 0. 0. 0. 0. 0. 0. 0. 0. 0. 0.
    0. 0. 0. 0. 0. 0. 0. 0. 0. 0. 0. 0. 0. 0. 0. 0. 0. 0. 0. 0. 0. 0. 0.
    0. 0. 0. 0. 0. 0. 0. 0. 0. 0. 0. 0. 0. 0. 0. 0. 0. 0. 0. 0. 0. 0. 0.
    0. 0. 0. 0. 0. 0. 0. 0. 0. 0. 0. 0. 0. 0. 0. 0. 0. 0. 0. 0. 0. 0. 0.
    0. 0. 0. 0. 0. 0. 0. 0. 0. 0. 0. 0. 0. 0. 0. 0. 0. 0. 0. 0. 0. 0. 0.
    0. 1.86399996e+00 1.86399996e+00 1.86399996e+00 1.86399996e+00
    1.89800000e+00 1.95099998e+00 2.00399995e+00 2.05900002e+00
    2.11400008e+00 2.11299992e+00 2.05800009e+00 2.00300002e+00 2. 2.
    2.04200006e+00 2.15400004e+00 2.26699996e+00 2.33699989e+00
    2.39700007e+00 2.44300008e+00 2.44300008e+00 2.44300008e+00
    2.44300008e+00 2.44300008e+00 2.44300008e+00 2.44300008e+00
    2.44300008e+00 2.41100001e+00 2.35100007e+00 2.29099989e+00
    2.28900003e+00 0. 0. 0. 0. 0. 0. 0. 0. 0. 1.87500000e+00
    1.87500000e+00 1.87500000e+00 1.87500000e+00 1.90699995e+00
    1.95500004e+00 2.00399995e+00 2.05900002e+00 2.11400008e+00
    2.11299992e+00 2.05800009e+00 2.00300002e+00 2. 2. 2.03999996e+00
    2.14800000e+00 2.25500011e+00 2.32500005e+00 2.38400006e+00
    2.43000007e+00 2.43000007e+00 2.43000007e+00 2.43000007e+00
    2.43000007e+00 2.43000007e+00 2.43000007e+00 2.43000007e+00
    2.40100002e+00 2.34599996e+00 2.29099989e+00 2.28900003e+00 0. 0. 0.
    0. 0. 0. 0. 0. 0. 1.92799997e+00 1.92799997e+00 1.92799997e+00
    1.92799997e+00 1.94599998e+00 1.97399998e+00 2.00399995e+00
    2.05900002e+00 2.11400008e+00 2.11299992e+00 2.05800009e+00
    2.00300002e+00 2. 2. 2.03200006e+00 2.11700010e+00 2.20199990e+00
    2.26600003e+00 2.32500005e+00 2.36999989e+00 2.36999989e+00
    2.36999989e+00 2.36999989e+00 2.36999989e+00 2.36999989e+00
    2.36999989e+00 2.36999989e+00 2.35299993e+00 2.32200003e+00
    2.28999996e+00 2.28900003e+00 0. 0. 0. 0. 0. 0. 0. 0. 0.
    1.98099995e+00 1.98099995e+00 1.98099995e+00 1.98099995e+00
    1.98599994e+00 1.99300003e+00 2.00399995e+00 2.05900002e+00
    2.11400008e+00 2.11299992e+00 2.05800009e+00 2.00300002e+00 2. 2.
    2.02300000e+00 2.08599997e+00 2.14899993e+00 2.20799994e+00
    2.26600003e+00 2.30999994e+00 2.30999994e+00 2.30999994e+00
    2.30999994e+00 2.30999994e+00 2.30999994e+00 2.30999994e+00
    2.30999994e+00 2.30599999e+00 2.29800010e+00 2.28900003e+00
    2.28900003e+00 0. 0. 0. 0. 0. 0. 0. 0. 0. 2. 2. 2. 2. 2.00900006e+00
    2.02300000e+00 2.03900003e+00 2.07999992e+00 2.12100005e+00
    2.11999989e+00 2.07900000e+00 2.03800011e+00 2.03600001e+00
    2.03600001e+00 2.05100012e+00 2.09200001e+00 2.13299990e+00
    2.17600012e+00 2.21900010e+00 2.25200009e+00 2.25200009e+00
    2.25200009e+00 2.25200009e+00 2.25200009e+00 2.25000000e+00
    2.23699999e+00 2.22300005e+00 2.21600008e+00 2.21600008e+00
    2.21600008e+00 2.21600008e+00 0. 0. 0. 0. 0. 0. 0. 0. 0. 2. 2. 2. 2.
    2.02300000e+00 2.05800009e+00 2.09200001e+00 2.11199999e+00
    2.13100004e+00 2.13100004e+00 2.11100006e+00 2.09200001e+00
    2.08999991e+00 2.08999991e+00 2.09800005e+00 2.11700010e+00
    2.13700008e+00 2.15799999e+00 2.17799997e+00 2.19400001e+00
    2.19400001e+00 2.19400001e+00 2.19400001e+00 2.19400001e+00
    2.19099998e+00 2.15499997e+00 2.11999989e+00 2.10400009e+00
    2.10400009e+00 2.10400009e+00 2.10400009e+00 0. 0. 0. 0. 0. 0. 0. 0.
    0. 2.00399995e+00 2.00399995e+00 2.00399995e+00 2.00399995e+00
    2.03900003e+00 2.09200001e+00 2.14100003e+00 2.14100003e+00
    2.14100003e+00 2.14100003e+00 2.14100003e+00 2.14100003e+00
    2.14100003e+00 2.14100003e+00 2.14000010e+00 2.13899994e+00
    2.13700008e+00 2.13700008e+00 2.13700008e+00 2.13700008e+00
    2.13899994e+00 2.14000010e+00 2.14100003e+00 2.14100003e+00
    2.13599992e+00 2.08100009e+00 2.02600002e+00 2. 2. 2. 2. 0. 0. 0. 0.
    0. 0. 0. 0. 0. 2.05900002e+00 2.05900002e+00 2.05900002e+00
    2.05900002e+00 2.07999992e+00 2.11199999e+00 2.14100003e+00
    2.14100003e+00 2.14100003e+00 2.14100003e+00 2.14100003e+00
    2.14100003e+00 2.14100003e+00 2.14100003e+00 2.13199997e+00
    2.10899997e+00 2.08599997e+00 2.08200002e+00 2.08200002e+00
    2.08699989e+00 2.10999990e+00 2.13299990e+00 2.14100003e+00
    2.14100003e+00 2.13599992e+00 2.08100009e+00 2.02600002e+00 2. 2. 2.
    2. 0. 0. 0. 0. 0. 0. 0. 0. 0. 2.11400008e+00 2.11400008e+00
    2.11400008e+00 2.11400008e+00 2.12100005e+00 2.13100004e+00
    2.14100003e+00 2.14100003e+00 2.14100003e+00 2.14100003e+00
    2.14100003e+00 2.14100003e+00 2.14100003e+00 2.14100003e+00
    2.12400007e+00 2.07999992e+00 2.03600001e+00 2.02699995e+00
    2.02699995e+00 2.03699994e+00 2.08200002e+00 2.12599993e+00
    2.14100003e+00 2.14100003e+00 2.13599992e+00 2.08100009e+00
    2.02600002e+00 2. 2. 2. 2. 0. 0. 0. 0. 0. 0. 0. 0. 0. 2.17000008e+00
    2.17000008e+00 2.17000008e+00 2.17000008e+00 2.17000008e+00
    2.17000008e+00 2.16899991e+00 2.15799999e+00 2.14700007e+00
    2.14100003e+00 2.14100003e+00 2.14100003e+00 2.13100004e+00
    2.11999989e+00 2.09699988e+00 2.05299997e+00 2.00900006e+00 2. 2.
    2.00999999e+00 2.05399990e+00 2.09800005e+00 2.11299992e+00
    2.11299992e+00 2.10899997e+00 2.06500006e+00 2.02099991e+00 2. 2. 2.
    2. 0. 0. 0. 0. 0. 0. 0. 0. 0. 2.22799993e+00 2.22799993e+00
    2.22799993e+00 2.22799993e+00 2.22799993e+00 2.22799993e+00
    2.22499990e+00 2.19099998e+00 2.15799999e+00 2.14100003e+00
    2.14100003e+00 2.14100003e+00 2.11100006e+00 2.07800007e+00
    2.04999995e+00 2.02699995e+00 2.00399995e+00 2. 2. 2.00500011e+00
    2.02800012e+00 2.05100012e+00 2.05800009e+00 2.05800009e+00
    2.05599999e+00 2.03299999e+00 2.01099992e+00 2. 2. 2. 2. 0. 0. 0. 0.
    0. 0. 0. 0. 0. 2.28600001e+00 2.28600001e+00 2.28600001e+00
    2.28600001e+00 2.28600001e+00 2.28600001e+00 2.28099990e+00
    2.22499990e+00 2.16899991e+00 2.14100003e+00 2.14100003e+00
    2.14100003e+00 2.09100008e+00 2.03699994e+00 2.00300002e+00
    2.00200009e+00 2. 2. 2. 2. 2.00200009e+00 2.00300002e+00
    2.00300002e+00 2.00300002e+00 2.00300002e+00 2.00200009e+00
    2.00099993e+00 2. 2. 2. 2. 0. 0. 0. 0. 0. 0. 0. 0. 0. 2.46600008e+00
    2.46600008e+00 2.46600008e+00 2.46600008e+00 2.45000005e+00
    2.42600012e+00 2.39599991e+00 2.29399991e+00 2.19099998e+00
    2.13100004e+00 2.11100006e+00 2.09100008e+00 2.03800011e+00
    1.98399997e+00 1.95000005e+00 1.95000005e+00 1.95000005e+00
    1.95000005e+00 1.95000005e+00 1.95500004e+00 1.97399998e+00
    1.99399996e+00 2. 2. 2. 2. 2. 2. 2. 2. 2. 0. 0. 0. 0. 0. 0. 0. 0. 0.
    2.65300012e+00 2.65300012e+00 2.65300012e+00 2.65300012e+00
    2.62100005e+00 2.57200003e+00 2.51500010e+00 2.36500001e+00
    2.21499991e+00 2.11999989e+00 2.07800007e+00 2.03699994e+00
