<?xml version="1.0"?>
<opencv_storage>
<Depth type_id="opencv-matrix">
  <rows>40</rows>
  <cols>40</cols>
  <dt>f</dt>
  <data>
    0. 0. 0. 0. 0. 0. 0. 0. 0. 0. 0. 0. 0. 0. 0. 0. 0. 0. 0. 0. 0. 0. 0.
    0. 0. 0. 0. 0. 0. 0. 0. 0. 0. 0. 0. 0. 0. 0. 0. 0. 0. 0. 0. 0. 0. 0.
    0. 0. 0. 0. 2.17100000e+00 2.13800001e+00 2.13499999e+00
    2.13499999e+00 2.13499999e+00 2.13499999e+00 2.11599994e+00
    2.08400011e+00 2.05299997e+00 2.04399991e+00 2.03600001e+00
    2.00500011e+00 2. 2. 2. 2. 2. 2.00200009e+00 2.03299999e+00
    2.06399989e+00 2.08899999e+00 0. 0. 0. 0. 0. 0. 0. 0. 0. 0. 0. 0. 0.
    0. 0. 0. 0. 0. 2.78999996e+00 2.17700005e+00 2.16199994e+00
    2.14400005e+00 2.13499999e+00 2.13499999e+00 2.13499999e+00
    2.11599994e+00 2.08400011e+00 2.05299997e+00 2.04399991e+00
    2.03600001e+00 2.00500011e+00 2. 2. 2. 2.01600003e+00 2.02399993e+00
    2.02500010e+00 2.03900003e+00 2.05299997e+00 2.06500006e+00 0. 0. 0.
    0. 0. 0. 0. 0. 0. 0. 0. 0. 0. 0. 0. 0. 0. 2.23000002e+00
    2.20400000e+00 2.18199992e+00 2.18199992e+00 2.16000009e+00
    2.14599991e+00 2.14599991e+00 2.14599991e+00 2.12299991e+00
    2.08500004e+00 2.06200004e+00 2.04399991e+00 2.02699995e+00
    2.00399995e+00 2. 2. 2. 2.02900004e+00 2.04399991e+00 2.04399991e+00
    2.04399991e+00 2.04399991e+00 2.04399991e+00 0. 0. 0. 0. 0. 0. 0. 0.
    0. 0. 0. 0. 0. 0. 0. 0. 0. 2.23000002e+00 2.20400000e+00
    2.18199992e+00 2.18199992e+00 2.18000007e+00 2.17899990e+00
    2.17899990e+00 2.17899990e+00 2.14199996e+00 2.08899999e+00
    2.08699989e+00 2.04500008e+00 2.00200009e+00 2. 2. 2. 2.
    2.02900004e+00 2.04399991e+00 2.04399991e+00 2.04399991e+00
    2.04399991e+00 2.04399991e+00 0. 0. 0. 0. 0. 0. 0. 0. 0. 0. 0. 0. 0.
    0. 0. 0. 0. 2.23000002e+00 2.20400000e+00 2.18199992e+00
    2.18199992e+00 2.18199992e+00 2.18199992e+00 2.18199992e+00
    2.18199992e+00 2.14400005e+00 2.08899999e+00 2.08899999e+00
    2.04500008e+00 2. 2. 2. 2. 2. 2.02900004e+00 2.04399991e+00
    2.04399991e+00 2.04399991e+00 2.03200006e+00 2.01600003e+00 0. 0. 0.
    0. 0. 0. 0. 0. 0. 0. 0. 0. 0. 0. 0. 0. 0. 2.23000002e+00
    2.20400000e+00 2.18199992e+00 2.18199992e+00 2.18199992e+00
    2.18199992e+00 2.18199992e+00 2.17100000e+00 2.13499999e+00
    2.08899999e+00 2.08899999e+00 2.05200005e+00 2.01200008e+00
    2.00200009e+00 2. 2. 2. 2.02900004e+00 2.04399991e+00 2.04399991e+00
    2.04399991e+00 2.02500010e+00 2. 0. 0. 0. 0. 0. 0. 0. 0. 0. 0. 0. 0.
    0. 0. 0. 0. 0. 2.23000002e+00 2.20400000e+00 2.18300009e+00
    2.18199992e+00 2.18199992e+00 2.18199992e+00 2.18000007e+00
    2.14800000e+00 2.11599994e+00 2.08899999e+00 2.08899999e+00
    2.06699991e+00 2.03600001e+00 2.00500011e+00 2. 2. 2. 2.02900004e+00
    2.04399991e+00 2.04399991e+00 2.04299998e+00 2.02399993e+00 2. 0. 0.
    0. 0. 0. 0. 0. 0. 0. 0. 0. 0. 0. 0. 0. 0. 0. 2.23000002e+00
    2.22300005e+00 2.20799994e+00 2.18400002e+00 2.18199992e+00
    2.17100000e+00 2.14800000e+00 2.13899994e+00 2.11599994e+00
    2.08899999e+00 2.08899999e+00 2.06699991e+00 2.03600001e+00
    2.00500011e+00 2. 2. 2. 2.02900004e+00 2.04399991e+00 2.04200006e+00
    2.02099991e+00 2.00699997e+00 2. 0. 0. 0. 0. 0. 0. 0. 0. 0. 0. 0. 0.
    0. 0. 0. 0. 0. 2.25000000e+00 2.23900008e+00 2.21900010e+00
    2.18499994e+00 2.18199992e+00 2.16700006e+00 2.13499999e+00
    2.13499999e+00 2.11599994e+00 2.08899999e+00 2.08899999e+00
    2.06699991e+00 2.03600001e+00 2.00500011e+00 2. 2. 2. 2.02900004e+00
    2.04399991e+00 2.04200006e+00 2.01099992e+00 2. 2. 0. 0. 0. 0. 0. 0.
    0. 0. 0. 0. 0. 0. 0. 0. 0. 0. 0. 2.27999997e+00 2.25300002e+00
    2.22000003e+00 2.19000006e+00 2.18400002e+00 2.16700006e+00
    2.13499999e+00 2.13499999e+00 2.11599994e+00 2.08899999e+00
    2.08899999e+00 2.06699991e+00 2.03600001e+00 2.00500011e+00 2. 2. 2.
    2.02900004e+00 2.04399991e+00 2.04200006e+00 2.01099992e+00 2. 2. 0.
    0. 0. 0. 0. 0. 0. 0. 0. 0. 0. 0. 0. 0. 0. 0. 0. 2.27999997e+00
    2.25300002e+00 2.22799993e+00 2.22099996e+00 2.19600010e+00
    2.16700006e+00 2.13499999e+00 2.13499999e+00 2.11599994e+00
    2.08899999e+00 2.08899999e+00 2.06699991e+00 2.03600001e+00
    2.00500011e+00 2. 2. 2. 2.02900004e+00 2.04399991e+00 2.04200006e+00
    2.01099992e+00 2. 2. 0. 0. 0. 0. 0. 0. 0. 0. 0. 0. 0. 0. 0. 0. 0. 0.
    0. 2.27999997e+00 2.26600003e+00 2.24900007e+00 2.23200011e+00
    2.20000005e+00 2.17400002e+00 2.15799999e+00 2.14199996e+00
    2.10700011e+00 2.06699991e+00 2.06699991e+00 2.04500008e+00
    2.01799989e+00 2.00300002e+00 2. 2. 2. 2.02900004e+00 2.04399991e+00
    2.04200006e+00 2.01099992e+00 2. 2. 0. 0. 0. 0. 0. 0. 0. 0. 0. 0. 0.
    0. 0. 0. 0. 0. 0. 2.27999997e+00 2.27999997e+00 2.26799989e+00
    2.23300004e+00 2.20000005e+00 2.17899990e+00 2.17300010e+00
    2.14599991e+00 2.09800005e+00 2.04299998e+00 2.03699994e+00
    2.01799989e+00 2. 2. 2. 2. 2. 2.02900004e+00 2.04399991e+00
    2.04200006e+00 2.01099992e+00 2. 2. 0. 0. 0. 0. 0. 0. 0. 0. 0. 0. 0.
    0. 0. 0. 0. 0. 0. 2.27999997e+00 2.27999997e+00 2.26799989e+00
    2.23300004e+00 2.20000005e+00 2.16899991e+00 2.14000010e+00
    2.13700008e+00 2.09800005e+00 2.03999996e+00 2.01300001e+00
    2.00300002e+00 2. 2. 2. 2. 2. 2.02900004e+00 2.04399991e+00
    2.04200006e+00 2.01099992e+00 2. 2. 0. 0. 0. 0. 0. 0. 0. 0. 0. 0. 0.
    0. 0. 0. 0. 0. 0. 2.27999997e+00 2.26399994e+00 2.24600005e+00
    2.23099995e+00 2.20000005e+00 2.16700006e+00 2.13499999e+00
    2.11599994e+00 2.08200002e+00 2.03900003e+00 2.00900006e+00 2. 2. 2.
    2. 2. 2. 2.02900004e+00 2.03500009e+00 2.01799989e+00 2.00500011e+00
    2. 2. 0. 0. 0. 0. 0. 0. 0. 0. 0. 0. 0. 0. 0. 0. 0. 0. 0.
    2.27999997e+00 2.25300002e+00 2.23000002e+00 2.23000002e+00
    2.20000005e+00 2.16700006e+00 2.13400006e+00 2.10200000e+00
    2.07100010e+00 2.03900003e+00 2.00900006e+00 2. 2. 2. 2. 2. 2.
    2.02900004e+00 2.02800012e+00 2. 2. 2. 2. 0. 0. 0. 0. 0. 0. 0. 0. 0.
    0. 0. 0. 0. 0. 0. 0. 0. 2.27999997e+00 2.25300002e+00 2.23000002e+00
    2.23000002e+00 2.20000005e+00 2.16700006e+00 2.13400006e+00
    2.10200000e+00 2.07100010e+00 2.03900003e+00 2.00900006e+00 2. 2. 2.
    2. 2. 2. 2.02900004e+00 2.02800012e+00 2. 2. 2. 2. 0. 0. 0. 0. 0. 0.
    0. 0. 0. 0. 0. 0. 0. 0. 0. 0. 0. 2.21499991e+00 2.20600009e+00
    2.19799995e+00 2.19799995e+00 2.16799998e+00 2.13599992e+00
    2.10400009e+00 2.07200003e+00 2.04099989e+00 2.01300001e+00
    2.00300002e+00 2. 2. 2. 2. 2. 2. 2.02900004e+00 2.02800012e+00 2. 2.
    2.01300001e+00 2.02900004e+00 0. 0. 0. 0. 0. 0. 0. 0. 0. 0. 0. 0. 0.
    0. 0. 0. 0. 2.18199992e+00 2.18199992e+00 2.18199992e+00
    2.18199992e+00 2.15300012e+00 2.11999989e+00 2.08800006e+00
    2.05699992e+00 2.02600002e+00 2. 2. 2. 2. 2. 2. 2. 2. 2.02900004e+00
    2.02800012e+00 2. 2. 2.41000009e+00 2.92799997e+00 0. 0. 0. 0. 0. 0.
    0. 0. 0. 0. 0. 0. 0. 0. 0. 0. 0. 2.18199992e+00 2.18199992e+00
    2.18199992e+00 2.18199992e+00 2.15300012e+00 2.11999989e+00
    2.08800006e+00 2.05699992e+00 2.02600002e+00 2. 2. 2. 2. 2. 2. 2. 2.
    2.02800012e+00 2.02699995e+00 2. 2. 0. 0. 0. 0. 0. 0. 0. 0. 0. 0. 0.
    0. 0. 0. 0. 0. 0. 0. 0. 2.18199992e+00 2.18199992e+00 2.18199992e+00
    2.18199992e+00 2.15300012e+00 2.11999989e+00 2.08800006e+00
    2.05699992e+00 2.02600002e+00 2. 2. 2. 2. 2. 2. 2. 2. 2.00699997e+00
    2.00699997e+00 2. 2. 0. 0. 0. 0. 0. 0. 0. 0. 0. 0. 0. 0. 0. 0. 0. 0.
    0. 0. 0. 2.18199992e+00 2.18199992e+00 2.18199992e+00 2.18199992e+00
    2.15300012e+00 2.11999989e+00 2.08800006e+00 2.05699992e+00
    2.02600002e+00 2. 2. 2. 2. 2. 2. 2. 2. 2. 2. 2. 2. 0. 0. 0. 0. 0. 0.
    0. 0. 0. 0. 0. 0. 0. 0. 0. 0. 0. 0. 0. 2.18199992e+00 2.18199992e+00
    2.18199992e+00 2.18199992e+00 2.15300012e+00 2.11999989e+00
    2.08800006e+00 2.06100011e+00 2.02999997e+00 2. 2. 2. 2. 2. 2. 2. 2.
    2. 2. 2. 2. 0. 0. 0. 0. 0. 0. 0. 0. 0. 0. 0. 0. 0. 0. 0. 0. 0. 0. 0.
    2.18199992e+00 2.18199992e+00 2.18199992e+00 2.18199992e+00
    2.15300012e+00 2.11999989e+00 2.08899999e+00 2.08400011e+00
