<?xml version="1.0"?>
<opencv_storage>
<Depth type_id="opencv-matrix">
  <rows>40</rows>
  <cols>40</cols>
  <dt>f</dt>
  <data>
    0. 0. 0. 0. 0. 0. 0. 0. 0. 0. 0. 0. 0. 0. 0. 0. 0. 0. 0. 0. 0. 0. 0.
    0. 0. 0. 0. 0. 0. 0. 0. 0. 0. 0. 0. 0. 0. 0. 0. 0. 0. 0. 0. 0. 0. 0.
    0. 0. 0. 0. 0. 0. 0. 0. 0. 0. 0. 0. 0. 0. 0. 0. 0. 0. 0. 0. 0. 0. 0.
    0. 0. 0. 0. 0. 0. 0. 0. 0. 0. 0. 0. 0. 0. 0. 0. 0. 0. 0. 0. 0. 0. 0.
    0. 0. 0. 0. 0. 0. 0. 0. 0. 0. 0. 0. 0. 0. 0. 0. 0. 0. 0. 0. 0. 0. 0.
    0. 0. 0. 0. 0. 0. 0. 0. 0. 0. 0. 0. 0. 0. 0. 0. 0. 0. 0. 0. 0. 0. 0.
    0. 0. 0. 0. 0. 0. 0. 0. 0. 0. 0. 0. 0. 0. 0. 0. 0. 0. 0. 0. 0. 0. 0.
    0. 0. 0. 0. 0. 0. 0. 0. 0. 0. 0. 0. 0. 0. 0. 0. 0. 0. 0. 0. 0. 0. 0.
    0. 0. 0. 0. 0. 0. 0. 0. 0. 0. 0. 0. 0. 0. 0. 0. 0. 0. 0. 0. 0. 0. 0.
    0. 0. 0. 0. 0. 0. 0. 0. 0. 0. 0. 0. 0. 0. 0. 0. 0. 0. 0. 0. 0. 0. 0.
    0. 0. 0. 0. 0. 0. 0. 0. 0. 0. 0. 0. 0. 0. 0. 0. 0. 0. 0. 0. 0. 0. 0.
    0. 0. 0. 0. 0. 0. 0. 0. 0. 0. 0. 0. 0. 0. 0. 0. 0. 0. 0. 0. 0. 0. 0.
    0. 0. 0. 0. 0. 0. 0. 0. 0. 0. 0. 0. 0. 0. 0. 0. 0. 0. 0. 0. 0. 0. 0.
    0. 0. 0. 0. 0. 0. 0. 0. 0. 0. 0. 0. 0. 0. 0. 0. 0. 0. 0. 0. 0. 0. 0.
    0. 0. 0. 0. 0. 0. 0. 0. 0. 0. 0. 0. 0. 0. 0. 0. 0. 0. 0. 0. 0. 0. 0.
    0. 0. 0. 0. 0. 0. 0. 0. 0. 0. 0. 0. 0. 0. 0. 0. 0. 0. 0. 0. 0. 0. 0.
    0. 0. 0. 0. 0. 0. 0. 0. 0. 0. 0. 0. 0. 0. 0. 0. 0. 0. 0. 0. 0. 0. 0.
    0. 0. 0. 0. 0. 0. 0. 0. 0. 0. 0. 0. 0. 0. 0. 0. 0. 0. 0. 0. 0. 0. 0.
    0. 0. 0. 0. 0. 0. 0. 0. 0. 0. 0. 0. 0. 0. 0. 0. 0. 0. 0. 0. 0. 0. 0.
    0. 0. 0. 0. 0. 0. 0. 0. 0. 0. 0. 0. 0. 0. 0. 0. 0. 0. 0. 0. 0. 0. 0.
    0. 0. 0. 0. 0. 0. 0. 0. 0. 0. 0. 0. 0. 0. 0. 0. 0. 0. 0. 0. 0. 0. 0.
    0. 0. 0. 0. 0. 0. 0. 0. 0. 0. 0. 0. 0. 0. 0. 0. 0. 0. 0. 0. 0. 0. 0.
    0. 0. 0. 0. 0. 0. 0. 0. 0. 0. 0. 0. 0. 0. 0. 0. 0. 0. 0. 0. 0. 0. 0.
    0. 0. 0. 0. 0. 0. 0. 0. 0. 0. 0. 0. 0. 0. 0. 0. 0. 0. 0. 0. 0. 0. 0.
    0. 0. 0. 0. 0. 0. 0. 0. 0. 1.90499997e+00 1.92799997e+00
    1.95200002e+00 1.95200002e+00 1.95200002e+00 1.94700003e+00
    1.91600001e+00 1.86699998e+00 1.81400001e+00 1.81400001e+00
    1.84899998e+00 1.90499997e+00 1.90499997e+00 1.92200005e+00
    1.95299995e+00 1.98399997e+00 2.03299999e+00 2.09899998e+00
    2.10100007e+00 2.08599997e+00 2.05299997e+00 2.04999995e+00
    2.04999995e+00 2.04999995e+00 2.02200007e+00 2. 2. 2.11100006e+00
    2.20600009e+00 2.20600009e+00 2.41499996e+00 2.64100003e+00
    2.72799993e+00 2.78600001e+00 2.83100009e+00 2.87800002e+00
    2.89400005e+00 0. 0. 0. 1.90499997e+00 1.91700006e+00 1.92900002e+00
    1.92900002e+00 1.92900002e+00 1.92700005e+00 1.91100001e+00
    1.88499999e+00 1.85800004e+00 1.85800004e+00 1.86800003e+00
    1.88300002e+00 1.88300002e+00 1.90699995e+00 1.95299995e+00
    1.98399997e+00 2.01699996e+00 2.05100012e+00 2.05200005e+00
    2.05200005e+00 2.04999995e+00 2.04999995e+00 2.04999995e+00
    2.04999995e+00 2.02200007e+00 2. 2. 2.09699988e+00 2.18000007e+00
    2.18000007e+00 2.28800011e+00 2.39599991e+00 2.40899992e+00
    2.43000007e+00 2.50600004e+00 2.79800010e+00 2.89400005e+00 0. 0. 0.
    1.90499997e+00 1.90499997e+00 1.90499997e+00 1.90499997e+00
    1.90499997e+00 1.90499997e+00 1.90499997e+00 1.90499997e+00
    1.90499997e+00 1.90499997e+00 1.88699996e+00 1.85899997e+00
    1.85899997e+00 1.89199996e+00 1.95299995e+00 1.98399997e+00 2. 2. 2.
    2.01200008e+00 2.04099989e+00 2.04699993e+00 2.05200005e+00
    2.05699992e+00 2.02900004e+00 2.00699997e+00 2.00699997e+00
    2.08100009e+00 2.14499998e+00 2.14499998e+00 2.14499998e+00
    2.13000011e+00 2.06699991e+00 2.04999995e+00 2.14299989e+00
    2.61400008e+00 2.76900005e+00 0. 0. 0. 1.90499997e+00 1.90499997e+00
    1.90499997e+00 1.90499997e+00 1.90499997e+00 1.90499997e+00
    1.90499997e+00 1.90499997e+00 1.90499997e+00 1.90499997e+00
    1.88699996e+00 1.85899997e+00 1.85899997e+00 1.89199996e+00
    1.95299995e+00 1.98399997e+00 2. 2. 2. 2.00300002e+00 2.00999999e+00
    2.03399992e+00 2.05999994e+00 2.08699989e+00 2.06200004e+00
    2.03999996e+00 2.03999996e+00 2.07800007e+00 2.11100006e+00
    2.11100006e+00 2.11100006e+00 2.10200000e+00 2.06100011e+00
    2.04999995e+00 2.06699991e+00 2.15400004e+00 2.18300009e+00 0. 0. 0.
    1.88399994e+00 1.88399994e+00 1.88699996e+00 1.90100002e+00
    1.90499997e+00 1.90499997e+00 1.90499997e+00 1.90499997e+00
    1.90499997e+00 1.90499997e+00 1.89499998e+00 1.88000000e+00
    1.88000000e+00 1.89800000e+00 1.93200004e+00 1.97700000e+00 2. 2. 2.
    2. 2. 2.01699996e+00 2.03999996e+00 2.07399988e+00 2.06200004e+00
    2.05500007e+00 2.06999993e+00 2.08800006e+00 2.10100007e+00
    2.10100007e+00 2.10100007e+00 2.09299994e+00 2.05900002e+00
    2.04999995e+00 2.04399991e+00 2.01099992e+00 2. 0. 0. 0.
    1.85399997e+00 1.85399997e+00 1.86099994e+00 1.89499998e+00
    1.90300000e+00 1.89999998e+00 1.89999998e+00 1.90199995e+00
    1.90499997e+00 1.90499997e+00 1.90499997e+00 1.90499997e+00
    1.90499997e+00 1.90499997e+00 1.90600002e+00 1.96800005e+00 2. 2. 2.
    2. 2. 2. 2.01300001e+00 2.04600000e+00 2.04999995e+00 2.06200004e+00
    2.09500003e+00 2.10100007e+00 2.10100007e+00 2.10100007e+00
    2.10100007e+00 2.09400010e+00 2.06399989e+00 2.05500007e+00
    2.04999995e+00 2.01999998e+00 2.01099992e+00 0. 0. 0. 1.82500005e+00
    1.82500005e+00 1.83599997e+00 1.88900006e+00 1.88900006e+00
    1.87000000e+00 1.87000000e+00 1.88499999e+00 1.90499997e+00
    1.90499997e+00 1.90499997e+00 1.90499997e+00 1.90499997e+00
    1.90499997e+00 1.90600002e+00 1.96800005e+00 2. 2. 2. 2. 2. 2.
    2.01300001e+00 2.04600000e+00 2.04999995e+00 2.06200004e+00
    2.09500003e+00 2.10100007e+00 2.10100007e+00 2.10100007e+00
    2.10100007e+00 2.09899998e+00 2.09100008e+00 2.08899999e+00
    2.08699989e+00 2.07999992e+00 2.07699990e+00 0. 0. 0. 1.81400001e+00
    1.81400001e+00 1.82700002e+00 1.88600004e+00 1.88399994e+00
    1.85899997e+00 1.85899997e+00 1.87800002e+00 1.90499997e+00
    1.90499997e+00 1.90499997e+00 1.90499997e+00 1.90499997e+00
    1.90499997e+00 1.90600002e+00 1.96800005e+00 2. 2. 2. 2. 2. 2.
    2.01300001e+00 2.04600000e+00 2.04999995e+00 2.06200004e+00
    2.09500003e+00 2.10100007e+00 2.10100007e+00 2.10100007e+00
    2.10100007e+00 2.10400009e+00 2.11800003e+00 2.12199998e+00
    2.12199998e+00 2.12199998e+00 2.12199998e+00 0. 0. 0. 1.51999998e+00
    1.66600001e+00 1.83299994e+00 1.88800001e+00 1.88600004e+00
    1.86199999e+00 1.86199999e+00 1.88000000e+00 1.90499997e+00
    1.90499997e+00 1.90499997e+00 1.90499997e+00 1.90499997e+00
    1.90600002e+00 1.90999997e+00 1.97000003e+00 2.00099993e+00
    2.00399995e+00 2.00099993e+00 2. 2. 2. 2.01300001e+00 2.04600000e+00
    2.04999995e+00 2.06200004e+00 2.09500003e+00 2.10100007e+00
    2.10100007e+00 2.10100007e+00 2.10299993e+00 2.11199999e+00
    2.14299989e+00 2.15199995e+00 2.15199995e+00 2.15199995e+00
    2.15199995e+00 0. 0. 0. 0. 0. 1.88399994e+00 1.89999998e+00
    1.89900005e+00 1.89300001e+00 1.89300001e+00 1.89800000e+00
    1.90499997e+00 1.90499997e+00 1.90499997e+00 1.90499997e+00
    1.90499997e+00 1.91700006e+00 1.94000006e+00 1.98000002e+00
    2.01200008e+00 2.03600001e+00 2.01300001e+00 2. 2. 2. 2.01300001e+00
    2.04600000e+00 2.04999995e+00 2.06200004e+00 2.09500003e+00
    2.10100007e+00 2.10100007e+00 2.10100007e+00 2.11999989e+00
    2.14000010e+00 2.14899993e+00 2.15199995e+00 2.15199995e+00
    2.15199995e+00 2.15199995e+00 0. 0. 0. 0. 0. 0. 1.60399997e+00
    1.91499996e+00 1.90499997e+00 1.90499997e+00 1.90499997e+00
    1.90400004e+00 1.89199996e+00 1.88699996e+00 1.88800001e+00
    1.89999998e+00 1.92200005e+00 1.95299995e+00 1.99699998e+00
    2.02900004e+00 2.04900002e+00 2.01799989e+00 2. 2. 2.01200008e+00
    2.02699995e+00 2.04699993e+00 2.06100011e+00 2.08100009e+00
    2.11500001e+00 2.13199997e+00 2.15000010e+00 2.17799997e+00
    2.18899989e+00 2.19000006e+00 2.17700005e+00 2.17300010e+00
    2.20400000e+00 2.35999990e+00 2.41100001e+00 0. 0. 0. 0. 0. 0.
    1.12600005e+00 1.93099999e+00 1.90499997e+00 1.90499997e+00
