<?xml version="1.0"?>
<opencv_storage>
<Depth type_id="opencv-matrix">
  <rows>40</rows>
  <cols>40</cols>
  <dt>f</dt>
  <data>
    0. 0. 0. 0. 0. 0. 0. 0. 0. 0. 0. 0. 0. 0. 0. 0. 0. 0. 0. 0. 0. 0. 0.
    0. 0. 0. 0. 0. 0. 0. 0. 0. 0. 0. 0. 0. 0. 0. 0. 0. 0. 0. 0. 0. 0. 0.
    0. 0. 0. 0. 0. 0. 0. 0. 0. 0. 0. 0. 0. 0. 0. 0. 0. 0. 0. 0. 0. 0. 0.
    0. 0. 0. 0. 0. 0. 0. 0. 0. 0. 0. 0. 0. 0. 0. 0. 0. 0. 0. 0. 0. 0. 0.
    0. 0. 0. 0. 0. 0. 0. 0. 0. 0. 0. 0. 0. 0. 0. 0. 0. 0. 0. 0. 0. 0. 0.
    0. 0. 0. 0. 0. 0. 0. 0. 0. 0. 0. 0. 0. 0. 0. 0. 0. 0. 0. 0. 0. 0. 0.
    0. 0. 0. 0. 0. 0. 0. 0. 0. 0. 0. 0. 0. 0. 0. 0. 0. 0. 0. 0. 0. 0. 0.
    0. 0. 0. 0. 0. 0. 0. 0. 0. 0. 0. 0. 0. 0. 0. 0. 0. 0. 0. 0. 0. 0. 0.
    0. 0. 0. 0. 0. 0. 0. 0. 0. 0. 0. 0. 0. 0. 0. 0. 0. 0. 0. 0. 0. 0. 0.
    0. 0. 0. 0. 0. 0. 0. 0. 0. 0. 0. 0. 0. 0. 0. 0. 0. 0. 0. 0. 0. 0. 0.
    0. 0. 0. 0. 0. 0. 0. 0. 0. 0. 0. 0. 0. 0. 0. 0. 0. 0. 0. 0. 0. 0. 0.
    0. 0. 0. 0. 0. 0. 0. 0. 0. 0. 0. 0. 0. 0. 0. 0. 0. 0. 0. 0. 0. 0. 0.
    0. 0. 0. 0. 0. 0. 0. 0. 0. 0. 0. 0. 0. 0. 0. 0. 0. 0. 0. 0. 0. 0. 0.
    0. 0. 0. 0. 0. 0. 0. 0. 0. 0. 0. 0. 0. 0. 0. 0. 0. 0. 0. 0. 0. 0. 0.
    0. 0. 0. 0. 0. 0. 0. 0. 0. 0. 0. 0. 0. 0. 0. 0. 0. 0. 0. 0. 0. 0. 0.
    0. 0. 0. 0. 0. 0. 0. 0. 0. 0. 0. 0. 0. 0. 0. 0. 0. 0. 0. 0. 0. 0.
    2.10100007e+00 2.08200002e+00 2.03500009e+00 2. 2. 2. 2. 2. 2. 2.
    2.03299999e+00 2.07999992e+00 2.07599998e+00 2.02900004e+00 2. 2. 2.
    2. 2.00099993e+00 2.04699993e+00 2.09400010e+00 0. 0. 0. 0. 0. 0. 0.
    0. 0. 0. 0. 0. 0. 0. 0. 0. 0. 0. 0. 2.10100007e+00 2.08200002e+00
    2.03500009e+00 2. 2. 2. 2. 2. 2. 2. 2.02699995e+00 2.06500006e+00
    2.06100011e+00 2.02399993e+00 2. 2. 2. 2. 2.00099993e+00
    2.03800011e+00 2.07599998e+00 0. 0. 0. 0. 0. 0. 0. 0. 0. 0. 0. 0. 0.
    0. 0. 0. 0. 0. 0. 2.10100007e+00 2.08200002e+00 2.03500009e+00 2. 2.
    2. 2. 2. 2. 2. 2.01200008e+00 2.02800012e+00 2.02699995e+00
    2.00999999e+00 2. 2. 2. 2. 2. 2.01699996e+00 2.03299999e+00
    1.23000002e+00 0. 0. 0. 0. 0. 0. 0. 0. 0. 0. 0. 0. 0. 0. 0. 0. 0. 0.
    2.10100007e+00 2.08400011e+00 2.04299998e+00 2.01099992e+00
    2.01099992e+00 2.01099992e+00 2.00600004e+00 2.00099993e+00 2. 2. 2.
    2. 2.00300002e+00 2.00799990e+00 2.01099992e+00 2.01099992e+00
    2.01099992e+00 2.01099992e+00 2.01099992e+00 2.00600004e+00
    2.00099993e+00 2. 2. 0. 0. 0. 0. 0. 0. 0. 0. 0. 0. 0. 0. 0. 0. 0. 0.
    0. 2.10100007e+00 2.09299994e+00 2.07299995e+00 2.05800009e+00
    2.05800009e+00 2.05599999e+00 2.02900004e+00 2.00300002e+00 2. 2. 2.
    2. 2.01399994e+00 2.04099989e+00 2.05800009e+00 2.05800009e+00
    2.05800009e+00 2.05800009e+00 2.05699992e+00 2.03099990e+00
    2.00399995e+00 2. 2. 0. 0. 0. 0. 0. 0. 0. 0. 0. 0. 0. 0. 0. 0. 0. 0.
    0. 2.10400009e+00 2.10299993e+00 2.10200000e+00 2.10100007e+00
    2.10100007e+00 2.09800005e+00 2.05200005e+00 2.00500011e+00 2. 2. 2.
    2. 2.02500010e+00 2.07200003e+00 2.10100007e+00 2.10100007e+00
    2.10100007e+00 2.10299993e+00 2.10299993e+00 2.05800009e+00
    2.01300001e+00 2.00399995e+00 2.00099993e+00 0. 0. 0. 0. 0. 0. 0. 0.
    0. 0. 0. 0. 0. 0. 0. 0. 0. 2.15199995e+00 2.14299989e+00
    2.11899996e+00 2.10100007e+00 2.10100007e+00 2.09800005e+00
    2.05200005e+00 2.00500011e+00 2. 2. 2. 2. 2.02500010e+00
    2.07200003e+00 2.10100007e+00 2.10100007e+00 2.10599995e+00
    2.12899995e+00 2.15199995e+00 2.12800002e+00 2.10500002e+00
    2.06200004e+00 2.01500010e+00 0. 0. 0. 0. 0. 0. 0. 0. 0. 0. 0. 0. 0.
    0. 0. 0. 0. 2.20099998e+00 2.18199992e+00 2.13599992e+00
    2.10100007e+00 2.10100007e+00 2.09800005e+00 2.05200005e+00
    2.00500011e+00 2. 2. 2. 2. 2.02500010e+00 2.07200003e+00
    2.10100007e+00 2.10100007e+00 2.10999990e+00 2.15599990e+00
    2.20099998e+00 2.19799995e+00 2.19600010e+00 2.11999989e+00
    2.02999997e+00 0. 0. 0. 0. 0. 0. 0. 0. 0. 0. 0. 0. 0. 0. 0. 0. 0.
    2.25000000e+00 2.23799992e+00 2.21000004e+00 2.18799996e+00
    2.18799996e+00 2.18300009e+00 2.09599996e+00 2.00999999e+00 2. 2. 2.
    2. 2.01500010e+00 2.04200006e+00 2.05999994e+00 2.05999994e+00
    2.06500006e+00 2.09400010e+00 2.12199998e+00 2.12199998e+00
    2.12199998e+00 2.07500005e+00 2.01900005e+00 0. 0. 0. 0. 0. 0. 0. 0.
    0. 0. 0. 0. 0. 0. 0. 0. 0. 2.29999995e+00 2.29699993e+00
    2.29099989e+00 2.28600001e+00 2.28600001e+00 2.27800012e+00
    2.14599991e+00 2.01500010e+00 2. 2. 2. 2. 2.00300002e+00
    2.00900006e+00 2.01300001e+00 2.01300001e+00 2.01399994e+00
    2.02099991e+00 2.02699995e+00 2.02699995e+00 2.02699995e+00
    2.01699996e+00 2.00399995e+00 1.73899996e+00 1.34800005e+00
    1.14999998e+00 0. 0. 0. 0. 0. 0. 0. 0. 0. 0. 0. 0. 0. 0.
    2.35100007e+00 1.96099997e+00 1.01400006e+00 0. 0. 0. 1.14499998e+00
    1.94500005e+00 2.03299999e+00 2.03299999e+00 2.03299999e+00
    2.03299999e+00 2.02500010e+00 2.00999999e+00 2. 2. 2. 2. 2. 2. 2. 2.
    2. 1.97000003e+00 1.92499995e+00 1.90199995e+00 0. 0. 0. 0. 0. 0. 0.
    0. 0. 0. 0. 0. 0. 0. 2.40300012e+00 1.46599996e+00 0. 0. 0. 0. 0.
    1.84500003e+00 2.07999992e+00 2.07999992e+00 2.07999992e+00
    2.07999992e+00 2.05999994e+00 2.02300000e+00 2. 2. 2. 2. 2. 2. 2. 2.
    2. 1.97000003e+00 1.92499995e+00 1.90199995e+00 0. 0. 0. 0. 0. 0. 0.
    0. 0. 0. 0. 0. 0. 0. 2.42700005e+00 1.23899996e+00 0. 0. 0. 0. 0.
    1.79900002e+00 2.10100007e+00 2.10100007e+00 2.10100007e+00
    2.10100007e+00 2.07599998e+00 2.02900004e+00 2. 2. 1.99800003e+00
    1.98699999e+00 1.97599995e+00 1.97599995e+00 1.97599995e+00
    1.97599995e+00 1.97599995e+00 1.96099997e+00 1.93799996e+00
    1.92600000e+00 0. 0. 0. 0. 0. 0. 0. 0. 0. 0. 0. 0. 0. 0.
    2.42700005e+00 1.23899996e+00 0. 0. 0. 0. 0. 1.79900002e+00
    2.10100007e+00 2.10100007e+00 2.10100007e+00 2.10100007e+00
    2.07599998e+00 2.02900004e+00 2. 2. 1.99399996e+00 1.96200001e+00
    1.93099999e+00 1.93099999e+00 1.93099999e+00 1.93099999e+00
    1.93099999e+00 1.94299996e+00 1.96200001e+00 1.97099996e+00 0. 0. 0.
    0. 0. 0. 0. 0. 0. 0. 0. 0. 0. 0. 1.37399995e+00 0. 0. 0. 0. 0. 0. 0.
    1.10300004e+00 1.10300004e+00 1.10300004e+00 1.10300004e+00
    1.32599998e+00 1.73800004e+00 2. 2. 1.99100006e+00 1.94599998e+00
    1.90199995e+00 1.90199995e+00 1.90199995e+00 1.90199995e+00
    1.90199995e+00 1.93200004e+00 1.97700000e+00 2. 0. 0. 0. 0. 0. 0. 0.
    0. 0. 0. 0. 0. 0. 0. 0. 0. 0. 0. 0. 0. 0. 0. 0. 0. 0. 0. 0. 0. 2. 2.
    1.99100006e+00 1.94599998e+00 1.90199995e+00 1.90199995e+00
    1.90199995e+00 1.90199995e+00 1.90199995e+00 1.93200004e+00
    1.97700000e+00 2. 0. 0. 0. 0. 0. 0. 0. 0. 0. 0. 0. 0. 0. 0. 0. 0. 0.
    0. 0. 0. 0. 0. 0. 0. 0. 0. 0. 0. 2. 2. 1.99100006e+00 1.94599998e+00
    1.90199995e+00 1.90199995e+00 1.90199995e+00 1.90499997e+00
    1.90900004e+00 1.93799996e+00 1.97899997e+00 2. 0. 0. 0. 0. 0. 0. 0.
    0. 0. 0. 0. 0. 0. 0. 0. 0. 0. 0. 0. 0. 0. 0. 0. 0. 0. 0. 0. 0. 2. 2.
    1.99100006e+00 1.94599998e+00 1.90199995e+00 1.90199995e+00
    1.90199995e+00 1.92299998e+00 1.94700003e+00 1.96899998e+00
    1.99000001e+00 2. 0. 0. 0. 0. 0. 0. 0. 0. 0. 0. 0. 0. 0. 0. 0. 0. 0.
    0. 0. 0. 0. 0. 0. 0. 0. 0. 0. 0. 1.96300006e+00 1.98300004e+00
    1.99100006e+00 1.94700003e+00 1.90300000e+00 1.90300000e+00
    1.90300000e+00 1.94000006e+00 1.98500001e+00 2. 2. 2. 0. 0. 0. 0. 0.
    0. 0. 0. 0. 0. 0. 0. 0. 0. 0. 0. 0. 0. 0. 0. 0. 0. 0. 0. 0. 0. 0. 0.
    0. 0. 1.99500000e+00 1.97099996e+00 1.94799995e+00 1.94799995e+00
    1.94799995e+00 1.96800005e+00 1.99199998e+00 2. 2. 2. 0. 0. 0. 0. 0.
    0. 0. 0. 0. 0. 0. 0. 0. 0. 0. 0. 0. 0. 0. 0. 0. 0. 0. 0. 0. 0. 0. 0.
    0. 0. 1.99899995e+00 1.99600005e+00 1.99300003e+00 1.99300003e+00
    1.99300003e+00 1.99600005e+00 1.99899995e+00 2. 2. 2. 0. 0. 0. 0. 0.
    0. 0. 0. 0. 0. 0. 0. 0. 0. 0. 0. 0. 0. 0. 0. 0. 0. 0. 0. 0. 0. 0. 0.
    0. 0. 2. 2. 2. 2. 2. 2. 2. 2. 2. 2. 0. 0. 0. 0. 0. 0. 0. 0. 0. 0. 0.
    0. 0. 0. 0. 0. 0. 0. 0. 0. 0. 0. 0. 0. 0. 0. 0. 0. 0. 0. 0. 0. 0. 0.
    0. 0. 0. 0. 0. 0. 0. 0. 0. 0. 0. 0. 0. 0. 0. 0. 0. 0. 0. 0. 0. 0. 0.
