<?xml version="1.0"?>
<opencv_storage>
<Depth type_id="opencv-matrix">
  <rows>40</rows>
  <cols>40</cols>
  <dt>f</dt>
  <data>
    0. 0. 0. 0. 0. 0. 0. 0. 0. 0. 0. 0. 0. 0. 0. 0. 0. 0. 0. 0. 0. 0. 0.
    0. 0. 0. 0. 0. 0. 0. 0. 0. 0. 0. 0. 0. 0. 0. 0. 0. 0. 0. 0. 0. 0. 0.
    0. 0. 0. 0. 0. 0. 0. 0. 0. 0. 0. 0. 0. 0. 0. 0. 0. 0. 0. 0. 0. 0. 0.
    0. 0. 0. 0. 0. 0. 0. 0. 0. 0. 0. 0. 0. 0. 0. 0. 0. 0. 0. 0. 0. 0. 0.
    0. 0. 0. 0. 0. 0. 0. 0. 0. 0. 0. 0. 0. 0. 0. 0. 0. 0. 0. 0. 0. 0. 0.
    0. 0. 0. 0. 0. 0. 0. 0. 0. 0. 0. 0. 0. 0. 0. 0. 0. 0. 0. 0. 0. 0. 0.
    0. 0. 0. 0. 0. 0. 0. 0. 0. 0. 0. 0. 0. 0. 0. 0. 0. 0. 0. 0. 0. 0. 0.
    0. 0. 0. 0. 0. 0. 0. 0. 0. 0. 0. 0. 0. 0. 0. 0. 0. 0. 0. 0. 0. 0. 0.
    0. 0. 0. 0. 0. 0. 0. 0. 0. 0. 0. 0. 0. 0. 0. 0. 0. 0. 0. 0. 0. 0. 0.
    0. 0. 0. 0. 0. 0. 0. 0. 0. 0. 0. 0. 0. 0. 0. 0. 0. 0. 0. 0. 0. 0. 0.
    0. 0. 0. 0. 0. 0. 0. 0. 0. 0. 0. 0. 0. 0. 0. 0. 0. 0. 0. 0. 2. 2. 2.
    1.99199998e+00 1.94599998e+00 1.89999998e+00 1.89900005e+00
    1.89900005e+00 1.93400002e+00 1.97899997e+00 2. 2. 1.98500001e+00
    1.93900001e+00 1.82400000e+00 1.20500004e+00 0. 0. 0. 0. 0. 0. 0. 0.
    0. 0. 0. 0. 0. 0. 0. 0. 0. 0. 0. 0. 0. 0. 0. 0. 2. 2. 2.
    1.99199998e+00 1.94599998e+00 1.89999998e+00 1.89900005e+00
    1.89900005e+00 1.92700005e+00 1.96500003e+00 1.97800004e+00
    1.97000003e+00 1.95200002e+00 1.91499996e+00 1.81900001e+00
    1.30299997e+00 0. 0. 0. 0. 0. 0. 0. 0. 0. 0. 0. 0. 0. 0. 0. 0. 0. 0.
    0. 0. 0. 0. 0. 0. 2. 2. 2. 1.99199998e+00 1.94599998e+00
    1.89999998e+00 1.89900005e+00 1.89900005e+00 1.91199994e+00
    1.92900002e+00 1.92100000e+00 1.89300001e+00 1.86899996e+00
    1.85200000e+00 1.80599999e+00 1.55100000e+00 1.29499996e+00
    1.27199996e+00 1.27199996e+00 1.27199996e+00 0. 0. 0. 0. 0. 0. 0. 0.
    0. 0. 0. 0. 0. 0. 0. 0. 0. 0. 0. 0. 2. 2. 2. 1.99199998e+00
    1.95000005e+00 1.90900004e+00 1.90699995e+00 1.90699995e+00
    1.90400004e+00 1.90100002e+00 1.87500000e+00 1.83099997e+00
    1.79999995e+00 1.79600000e+00 1.78900003e+00 1.75000000e+00
    1.71099997e+00 1.70700002e+00 1.70700002e+00 1.70700002e+00 0. 0. 0.
    0. 0. 0. 0. 0. 0. 0. 0. 0. 0. 0. 0. 0. 0. 0. 0. 0. 2. 2. 2.
    1.99600005e+00 1.97500002e+00 1.95400000e+00 1.95299995e+00
    1.95299995e+00 1.93400002e+00 1.90999997e+00 1.87500000e+00
    1.83099997e+00 1.79299998e+00 1.77100003e+00 1.74800003e+00
    1.72899997e+00 1.70899999e+00 1.70700002e+00 1.70700002e+00
    1.70700002e+00 0. 0. 0. 0. 0. 0. 0. 0. 0. 0. 0. 0. 0. 0. 0. 0. 0. 0.
    0. 0. 2. 2. 2. 2. 1.99899995e+00 1.99899995e+00 1.99899995e+00
    1.99899995e+00 1.96500003e+00 1.91900003e+00 1.87500000e+00
    1.83099997e+00 1.78699994e+00 1.74500000e+00 1.70799994e+00
    1.70799994e+00 1.70700002e+00 1.70700002e+00 1.70700002e+00
    1.70700002e+00 0. 0. 0. 0. 0. 0. 0. 0. 0. 0. 0. 0. 0. 0. 0. 0. 0. 0.
    0. 0. 2.04600000e+00 2.04600000e+00 2.04600000e+00 2.04600000e+00
    2.04600000e+00 2.04600000e+00 2.02600002e+00 2.00500011e+00
    1.96500003e+00 1.91999996e+00 1.87500000e+00 1.83099997e+00
    1.78699994e+00 1.74399996e+00 1.70500004e+00 1.68700004e+00
    1.66799998e+00 1.66700006e+00 1.66700006e+00 1.66700006e+00 0. 0. 0.
    0. 0. 0. 0. 0. 0. 0. 0. 0. 0. 0. 0. 0. 0. 0. 0. 0. 2.09299994e+00
    2.09299994e+00 2.09299994e+00 2.09299994e+00 2.09299994e+00
    2.09299994e+00 2.05299997e+00 2.00999999e+00 1.96500003e+00
    1.91999996e+00 1.87500000e+00 1.83099997e+00 1.78699994e+00
    1.74399996e+00 1.70299995e+00 1.66499996e+00 1.62800002e+00
    1.62500000e+00 1.62500000e+00 1.62500000e+00 0. 0. 0. 0. 0. 0. 0. 0.
    0. 0. 0. 0. 0. 0. 0. 0. 0. 0. 0. 0. 2.10500002e+00 2.10500002e+00
    2.10500002e+00 2.10500002e+00 2.10500002e+00 2.10500002e+00
    2.05900002e+00 2.01200008e+00 1.97700000e+00 1.94700003e+00
    1.90900004e+00 1.86399996e+00 1.82000005e+00 1.77699995e+00
    1.73199999e+00 1.67600000e+00 1.62000000e+00 1.61500001e+00
    1.61500001e+00 1.61500001e+00 0. 0. 0. 0. 0. 0. 0. 0. 0. 0. 0. 0. 0.
    0. 0. 0. 0. 0. 0. 0. 2.10500002e+00 2.10500002e+00 2.10500002e+00
    2.10500002e+00 2.10500002e+00 2.10500002e+00 2.05900002e+00
    2.01200008e+00 1.99300003e+00 1.98399997e+00 1.95400000e+00
    1.90900004e+00 1.86399996e+00 1.82000005e+00 1.77300000e+00
    1.69700003e+00 1.62199998e+00 1.61500001e+00 1.61500001e+00
    1.61500001e+00 0. 0. 0. 0. 0. 0. 0. 0. 0. 0. 0. 0. 0. 0. 0. 0. 0. 0.
    0. 0. 2.10500002e+00 2.10500002e+00 2.10500002e+00 2.10500002e+00
    2.10500002e+00 2.10500002e+00 2.05900002e+00 2.01200008e+00 2. 2.
    1.97500002e+00 1.92900002e+00 1.88399994e+00 1.84000003e+00
    1.79100001e+00 1.70700002e+00 1.62300003e+00 1.61500001e+00
    1.61500001e+00 1.61500001e+00 0. 0. 0. 0. 0. 0. 0. 0. 0. 0. 0. 0. 0.
    0. 0. 0. 0. 0. 0. 0. 2.10500002e+00 2.10500002e+00 2.10500002e+00
    2.10500002e+00 2.10500002e+00 2.10500002e+00 2.05900002e+00
    2.01200008e+00 2. 2. 1.97500002e+00 1.92900002e+00 1.88399994e+00
    1.84000003e+00 1.79100001e+00 1.70700002e+00 1.62300003e+00
    1.61500001e+00 1.61500001e+00 1.61500001e+00 0. 0. 0. 0. 0. 0. 0. 0.
    0. 0. 0. 0. 0. 0. 0. 0. 0. 0. 0. 0. 2.10500002e+00 2.10500002e+00
    2.10500002e+00 2.10500002e+00 2.10500002e+00 2.10500002e+00
    2.05900002e+00 2.01200008e+00 2. 2. 1.97899997e+00 1.94000006e+00
    1.89900005e+00 1.85500002e+00 1.80599999e+00 1.72099996e+00
    1.63699996e+00 1.62300003e+00 1.61699998e+00 1.61500001e+00 0. 0. 0.
    0. 0. 0. 0. 0. 0. 0. 0. 0. 0. 0. 0. 0. 0. 0. 0. 0. 2.10500002e+00
    2.10500002e+00 2.10500002e+00 2.10500002e+00 2.10500002e+00
    2.10500002e+00 2.05900002e+00 2.01200008e+00 2. 2. 1.99000001e+00
    1.97200000e+00 1.94500005e+00 1.89999998e+00 1.85000002e+00
    1.76400006e+00 1.67799997e+00 1.64800000e+00 1.62300003e+00
    1.61500001e+00 0. 0. 0. 0. 0. 0. 0. 0. 0. 0. 0. 0. 0. 0. 0. 0. 0. 0.
    0. 0. 2.10500002e+00 2.10500002e+00 2.10500002e+00 2.10500002e+00
    2.10500002e+00 2.10500002e+00 2.06100011e+00 2.01699996e+00
    2.00399995e+00 2.00099993e+00 2. 2. 1.98599994e+00 1.94200003e+00
    1.89400005e+00 1.80400002e+00 1.71500003e+00 1.66900003e+00
    1.62800002e+00 1.61500001e+00 0. 0. 0. 0. 0. 0. 0. 0. 0. 0. 0. 0. 0.
    0. 0. 0. 0. 0. 0. 0. 2.10500002e+00 2.10500002e+00 2.10500002e+00
    2.10500002e+00 2.10500002e+00 2.10500002e+00 2.08200002e+00
    2.05900002e+00 2.03500009e+00 2.01099992e+00 2. 2. 1.99199998e+00
    1.97000003e+00 1.93700004e+00 1.82700002e+00 1.71700001e+00
    1.66900003e+00 1.62800002e+00 1.61500001e+00 0. 0. 0. 0. 0. 0. 0. 0.
    0. 0. 0. 0. 0. 0. 0. 0. 0. 0. 0. 0. 2.10500002e+00 2.10500002e+00
    2.10500002e+00 2.10500002e+00 2.10500002e+00 2.10500002e+00
    2.10299993e+00 2.10100007e+00 2.06599998e+00 2.02099991e+00 2. 2.
    1.99899995e+00 1.99699998e+00 1.98000002e+00 1.84899998e+00
    1.71899998e+00 1.66900003e+00 1.62800002e+00 1.61500001e+00 0. 0. 0.
    0. 0. 0. 0. 0. 0. 0. 0. 0. 0. 0. 0. 0. 0. 0. 0. 0. 2.10500002e+00
    2.10500002e+00 2.10500002e+00 2.10500002e+00 2.10500002e+00
    2.10500002e+00 2.10500002e+00 2.10500002e+00 2.08400011e+00
    2.05599999e+00 2.03299999e+00 2.01300001e+00 2. 2. 1.99100006e+00
    1.91299999e+00 1.83399999e+00 1.64499998e+00 1.44400001e+00
    1.38300002e+00 0. 0. 0. 0. 0. 0. 0. 0. 0. 0. 0. 0. 0. 0. 0. 0. 0. 0.
    0. 0. 2.10500002e+00 2.10500002e+00 2.10500002e+00 2.10500002e+00
    2.10500002e+00 2.10500002e+00 2.10500002e+00 2.10500002e+00
    2.09999990e+00 2.09400010e+00 2.06800008e+00 2.02699995e+00 2. 2.
    1.99800003e+00 1.98000002e+00 1.96099997e+00 1.61800003e+00
    1.24199998e+00 1.12699997e+00 0. 0. 0. 0. 0. 0. 0. 0. 0. 0. 0. 0. 0.
    0. 0. 0. 0. 0. 0. 0. 2.13899994e+00 2.13299990e+00 2.11800003e+00
    2.10500002e+00 2.10500002e+00 2.10500002e+00 2.10500002e+00
    2.10500002e+00 2.10500002e+00 2.10500002e+00 2.07900000e+00
    2.03200006e+00 2. 2. 2.00200009e+00 2.01699996e+00 2.03200006e+00
    1.62000000e+00 1.16499996e+00 1.02699995e+00 0. 0. 0. 0. 0. 0. 0. 0.
    0. 0. 0. 0. 0. 0. 0. 0. 0. 0. 0. 0. 2.18799996e+00 2.17300010e+00
