<?xml version="1.0"?>
<opencv_storage>
<Depth type_id="opencv-matrix">
  <rows>40</rows>
  <cols>40</cols>
  <dt>f</dt>
  <data>
    0. 0. 0. 0. 0. 0. 0. 0. 0. 0. 0. 0. 0. 0. 0. 0. 0. 0. 0. 0. 0. 0. 0.
    0. 0. 0. 0. 0. 0. 0. 0. 0. 0. 0. 0. 0. 0. 0. 0. 0. 0. 0. 0. 0. 0. 0.
    0. 0. 0. 0. 0. 0. 0. 0. 0. 0. 0. 0. 0. 0. 0. 0. 0. 0. 0. 0. 0. 0. 0.
    0. 0. 0. 0. 0. 0. 0. 0. 0. 0. 0. 0. 0. 0. 0. 0. 0. 0. 0. 0. 0. 0. 0.
    0. 0. 0. 0. 0. 0. 0. 0. 0. 0. 0. 0. 0. 0. 0. 0. 0. 0. 0. 0. 0. 0. 0.
    0. 0. 0. 0. 0. 0. 0. 0. 0. 0. 0. 0. 0. 0. 0. 0. 0. 0. 0. 0. 0. 0. 0.
    0. 0. 0. 0. 0. 0. 0. 0. 0. 0. 0. 0. 0. 0. 0. 0. 0. 0. 0. 0. 0. 0. 0.
    0. 0. 0. 0. 0. 0. 0. 0. 0. 0. 0. 0. 0. 0. 0. 0. 0. 0. 0. 0. 0. 0. 0.
    0. 0. 0. 0. 0. 0. 0. 0. 0. 0. 0. 0. 0. 0. 0. 0. 0. 0. 0. 0. 0. 0. 0.
    0. 0. 0. 0. 0. 0. 0. 0. 0. 0. 0. 0. 0. 0. 0. 0. 0. 0. 0. 0. 0. 0. 0.
    0. 0. 0. 0. 0. 0. 0. 0. 0. 0. 0. 0. 0. 0. 0. 0. 0. 0. 0. 0. 0. 0. 0.
    0. 0. 0. 0. 0. 0. 0. 0. 0. 0. 0. 0. 0. 0. 0. 0. 0. 0. 0. 0. 0. 0. 0.
    0. 0. 0. 0. 0. 0. 0. 0. 0. 0. 0. 0. 0. 0. 0. 0. 0. 0. 0. 0. 0. 0. 0.
    0. 0. 0. 0. 0. 0. 0. 0. 0. 0. 0. 0. 0. 0. 0. 0. 0. 0. 0. 0. 0. 0. 0.
    0. 0. 0. 0. 0. 0. 0. 0. 0. 0. 0. 0. 0. 0. 0. 0. 0. 0. 0. 0. 0. 0. 0.
    0. 0. 0. 0. 0. 0. 0. 0. 0. 0. 0. 0. 0. 0. 0. 0. 0. 0. 0. 0. 0. 0. 0.
    0. 0. 0. 0. 0. 0. 0. 0. 0. 0. 0. 0. 0. 0. 0. 0. 0. 0. 0. 0. 0. 0. 0.
    0. 0. 0. 0. 0. 0. 0. 0. 0. 0. 0. 0. 0. 0. 0. 0. 0. 0. 0. 0. 0. 0. 0.
    0. 0. 0. 0. 0. 0. 0. 0. 0. 0. 0. 0. 0. 0. 0. 0. 0. 0. 0. 0. 0. 0. 0.
    0. 0. 0. 0. 0. 0. 0. 0. 0. 0. 0. 2.14100003e+00 2.12899995e+00
    2.07399988e+00 2.01900005e+00 2. 2. 2. 2. 2. 0. 0. 0. 0. 0. 0. 0. 0.
    0. 0. 0. 0. 0. 0. 0. 0. 0. 0. 0. 0. 0. 0. 0. 0. 0. 0. 0. 0. 0. 0. 0.
    2.14100003e+00 2.13000011e+00 2.07999992e+00 2.02999997e+00
    2.00900006e+00 2.00399995e+00 2. 2. 2. 0. 0. 0. 0. 0. 0. 0. 0. 0. 0.
    0. 0. 0. 0. 0. 0. 0. 0. 0. 0. 0. 0. 0. 0. 0. 0. 0. 0. 0. 0. 0.
    2.14100003e+00 2.13499999e+00 2.10599995e+00 2.07699990e+00
    2.04999995e+00 2.02399993e+00 2. 2. 2. 1.27999997e+00 0. 0. 0. 0. 0.
    0. 0. 0. 0. 0. 0. 0. 0. 0. 0. 0. 0. 0. 0. 0. 0. 0. 0. 0. 0. 0. 0. 0.
    0. 0. 2.14100003e+00 2.13899994e+00 2.13199997e+00 2.12400007e+00
    2.09100008e+00 2.04399991e+00 2. 2. 2. 1.81200004e+00 1.44400001e+00
    1.07500005e+00 1.09800005e+00 1.14499998e+00 1.15699995e+00
    1.11000001e+00 1.06299996e+00 1.05299997e+00 1.05299997e+00
    1.07599998e+00 1.17299998e+00 1.26999998e+00 1.30299997e+00 0. 0. 0.
    0. 0. 0. 0. 0. 0. 0. 0. 0. 0. 0. 0. 0. 0. 2.10500002e+00
    2.10500002e+00 2.10500002e+00 2.10500002e+00 2.07900000e+00
    2.03800011e+00 2. 2. 2. 2. 2. 2. 2.05200005e+00 2.10700011e+00
    2.12100005e+00 2.06599998e+00 2.01099992e+00 2. 2. 2.02300000e+00
    2.12100005e+00 2.21900010e+00 2.25200009e+00 0. 0. 0. 0. 0. 0. 0. 0.
    0. 0. 0. 0. 0. 0. 0. 0. 0. 2.05100012e+00 2.05100012e+00
    2.05100012e+00 2.05100012e+00 2.03800011e+00 2.01799989e+00 2. 2. 2.
    2. 2. 2. 2.05200005e+00 2.10700011e+00 2.12100005e+00 2.06599998e+00
    2.01099992e+00 2. 2. 2.01799989e+00 2.09299994e+00 2.16899991e+00
    2.19400001e+00 0. 0. 0. 0. 0. 0. 0. 0. 0. 0. 0. 0. 0. 0. 0. 0. 0. 2.
    2. 2. 2. 2. 2. 2. 2. 2. 2. 2. 2. 2.05200005e+00 2.10700011e+00
    2.12100005e+00 2.06800008e+00 2.01500010e+00 2.00399995e+00
    2.00399995e+00 2.01699996e+00 2.06999993e+00 2.12299991e+00
    2.14100003e+00 0. 0. 0. 0. 0. 0. 0. 0. 0. 0. 0. 0. 0. 0. 0. 0. 0. 2.
    2. 2. 2. 2. 2. 2. 2. 2. 2. 2. 2. 2.05200005e+00 2.10700011e+00
    2.12899995e+00 2.09699988e+00 2.06500006e+00 2.05900002e+00
    2.05900002e+00 2.06699991e+00 2.09899998e+00 2.13000011e+00
    2.14100003e+00 0. 0. 0. 0. 0. 0. 0. 0. 0. 0. 0. 0. 0. 0. 0. 0. 0. 2.
    2. 2. 2. 2. 2. 2. 2. 2. 2. 2. 2. 2.05200005e+00 2.10700011e+00
    2.13700008e+00 2.12700009e+00 2.11599994e+00 2.11400008e+00
    2.11400008e+00 2.11700010e+00 2.12700009e+00 2.13800001e+00
    2.14100003e+00 0. 0. 0. 0. 0. 0. 0. 0. 0. 0. 0. 0. 0. 0. 0. 0. 0.
    1.97300005e+00 1.97300005e+00 1.97300005e+00 1.97300005e+00
    1.98000002e+00 1.99000001e+00 2.00099993e+00 2.01200008e+00
    2.02300000e+00 2.02800012e+00 2.02800012e+00 2.02800012e+00
    2.07999992e+00 2.13599992e+00 2.16599989e+00 2.15499997e+00
    2.14299989e+00 2.14100003e+00 2.14100003e+00 2.14100003e+00
    2.14100003e+00 2.14100003e+00 2.14100003e+00 0. 0. 0. 0. 0. 0. 0. 0.
    0. 0. 0. 0. 0. 0. 0. 0. 0. 1.91999996e+00 1.91999996e+00
    1.91999996e+00 1.91999996e+00 1.94000006e+00 1.97099996e+00
    2.00300002e+00 2.03500009e+00 2.06699991e+00 2.08299994e+00
    2.08299994e+00 2.08299994e+00 2.13599992e+00 2.19300008e+00
    2.21499991e+00 2.18199992e+00 2.14800000e+00 2.14100003e+00
    2.14100003e+00 2.14100003e+00 2.14100003e+00 2.14100003e+00
    2.14100003e+00 0. 0. 0. 0. 0. 0. 0. 0. 0. 0. 0. 0. 0. 0. 0. 0. 0.
    1.86699998e+00 1.86699998e+00 1.86699998e+00 1.86699998e+00
    1.90100002e+00 1.95200002e+00 2.00399995e+00 2.05800009e+00
    2.11100006e+00 2.13800001e+00 2.13800001e+00 2.13800001e+00
    2.19199991e+00 2.25000000e+00 2.26500010e+00 2.20799994e+00
    2.15199995e+00 2.14100003e+00 2.14100003e+00 2.14100003e+00
    2.14100003e+00 2.14100003e+00 2.14100003e+00 0. 0. 0. 0. 0. 0. 0. 0.
    0. 0. 0. 0. 0. 0. 0. 0. 0. 1.86399996e+00 1.86399996e+00
    1.86399996e+00 1.86399996e+00 1.89800000e+00 1.95099998e+00
    2.00399995e+00 2.05900002e+00 2.11400008e+00 2.14100003e+00
    2.14100003e+00 2.14100003e+00 2.19499993e+00 2.25300002e+00
    2.26799989e+00 2.21000004e+00 2.15199995e+00 2.14100003e+00
    2.14100003e+00 2.14100003e+00 2.14100003e+00 2.14100003e+00
    2.14100003e+00 0. 0. 0. 0. 0. 0. 0. 0. 0. 0. 0. 0. 0. 0. 0. 0. 0.
    1.86399996e+00 1.86399996e+00 1.86399996e+00 1.86399996e+00
    1.89800000e+00 1.95099998e+00 2.00399995e+00 2.05900002e+00
    2.11400008e+00 2.14100003e+00 2.14100003e+00 2.14100003e+00
    2.19499993e+00 2.25300002e+00 2.26799989e+00 2.21000004e+00
    2.15199995e+00 2.14100003e+00 2.14100003e+00 2.14100003e+00
    2.14100003e+00 2.14100003e+00 2.14100003e+00 0. 0. 0. 0. 0. 0. 0. 0.
    0. 0. 0. 0. 0. 0. 0. 0. 0. 1.86399996e+00 1.86399996e+00
    1.86399996e+00 1.86399996e+00 1.90300000e+00 1.96399999e+00
    2.02399993e+00 2.07100010e+00 2.11800003e+00 2.14100003e+00
    2.14100003e+00 2.14100003e+00 2.20300007e+00 2.26999998e+00
    2.28999996e+00 2.23200011e+00 2.17400002e+00 2.16199994e+00
    2.16199994e+00 2.16100001e+00 2.15199995e+00 2.14400005e+00
    2.14100003e+00 0. 0. 0. 0. 0. 0. 0. 0. 0. 0. 0. 0. 0. 0. 0. 0. 0.
    1.86399996e+00 1.86399996e+00 1.86399996e+00 1.86399996e+00
    1.91700006e+00 2. 2.07699990e+00 2.10299993e+00 2.12800002e+00
    2.14100003e+00 2.14100003e+00 2.14100003e+00 2.22499990e+00
    2.31500006e+00 2.34899998e+00 2.28999996e+00 2.23200011e+00
    2.22000003e+00 2.22000003e+00 2.21300006e+00 2.18199992e+00
    2.15100002e+00 2.14100003e+00 0. 0. 0. 0. 0. 0. 0. 0. 0. 0. 0. 0. 0.
    0. 0. 0. 0. 1.86399996e+00 1.86399996e+00 1.86399996e+00
    1.86399996e+00 1.93099999e+00 2.03500009e+00 2.13100004e+00
    2.13499999e+00 2.13899994e+00 2.14100003e+00 2.14100003e+00
    2.14100003e+00 2.24699998e+00 2.35999990e+00 2.40899992e+00
    2.34899998e+00 2.28900003e+00 2.27800012e+00 2.27800012e+00
    2.26500010e+00 2.21199989e+00 2.15899992e+00 2.14100003e+00 0. 0. 0.
    0. 0. 0. 0. 0. 0. 0. 0. 0. 0. 0. 0. 0. 0. 1.86399996e+00
    1.86399996e+00 1.86399996e+00 1.86399996e+00 1.93400002e+00
    2.04200006e+00 2.14100003e+00 2.14100003e+00 2.14100003e+00
    2.14100003e+00 2.14100003e+00 2.14100003e+00 2.25200009e+00
    2.36899996e+00 2.42100000e+00 2.36100006e+00 2.30100012e+00
    2.28900003e+00 2.28900003e+00 2.27500010e+00 2.21799994e+00
    2.16000009e+00 2.14100003e+00 0. 0. 0. 0. 0. 0. 0. 0. 0. 0. 0. 0. 0.
    0. 0. 0. 0. 0. 0. 0. 0. 0. 0. 0. 0. 0. 0. 0. 0. 0. 0. 0. 0. 0. 0. 0.
    0. 0. 0. 0. 0. 0. 0. 0. 0. 0. 0. 0. 0. 0. 0. 0. 0. 0. 0. 0. 0. 0. 0.
    0. 0. 0. 0. 0. 0. 0. 0. 0. 0. 0. 0. 0. 0. 0. 0. 0. 0. 0. 0. 0. 0. 0.
