<?xml version="1.0"?>
<opencv_storage>
<Depth type_id="opencv-matrix">
  <rows>40</rows>
  <cols>40</cols>
  <dt>f</dt>
  <data>
    0. 0. 0. 0. 0. 0. 0. 0. 0. 0. 0. 0. 0. 0. 0. 0. 0. 0. 0. 0. 0. 0. 0.
    0. 0. 0. 0. 0. 0. 0. 0. 0. 0. 0. 0. 0. 0. 0. 0. 0. 0. 0. 0. 0. 0. 0.
    0. 0. 0. 0. 0. 0. 0. 0. 0. 0. 0. 0. 0. 0. 0. 0. 0. 0. 0. 0. 0. 0. 0.
    0. 0. 0. 0. 0. 0. 0. 0. 0. 0. 0. 0. 0. 0. 0. 0. 2.12199998e+00
    2.11599994e+00 2.11599994e+00 2.11599994e+00 2.11599994e+00
    2.31500006e+00 2.55399990e+00 0. 0. 0. 0. 0. 0. 0. 0. 0. 0. 0. 0. 0.
    0. 0. 0. 0. 0. 0. 0. 0. 0. 0. 0. 0. 0. 0. 0. 0. 0. 0. 0.
    2.57500005e+00 2.11599994e+00 2.11400008e+00 2.11199999e+00
    2.11199999e+00 2.11199999e+00 2.10999990e+00 2.10100007e+00
    2.31999993e+00 2.45300007e+00 0. 0. 0. 0. 0. 0. 0. 0. 0. 0.
    2.98399997e+00 0. 0. 0. 0. 0. 0. 0. 0. 0. 0. 0. 0. 0. 0. 0. 0. 0. 0.
    0. 0. 2.11199999e+00 2.10999990e+00 2.10999990e+00 2.10599995e+00
    2.10599995e+00 2.10100007e+00 2.09500003e+00 2.09299994e+00
    2.09500003e+00 2.08800006e+00 2.80699992e+00 2.92700005e+00
    2.92700005e+00 0. 0. 0. 0. 0. 0. 0. 0. 0. 0. 0. 0. 0. 0. 0. 0. 0. 0.
    0. 0. 0. 0. 0. 0. 0. 0. 0. 2.09699988e+00 2.10100007e+00
    2.10100007e+00 2.10299993e+00 2.09699988e+00 2.09299994e+00
    2.09299994e+00 2.09299994e+00 2.08899999e+00 2.08299994e+00
    2.08200002e+00 2.08200002e+00 2.08200002e+00 2.07900000e+00 0. 0. 0.
    0. 0. 0. 0. 0. 0. 0. 0. 0. 0. 0. 0. 0. 0. 0. 0. 0. 0. 0. 0. 0.
    2.51999998e+00 2.08899999e+00 2.08899999e+00 2.09899998e+00
    2.09800005e+00 2.09200001e+00 2.08999991e+00 2.09299994e+00
    2.08999991e+00 2.08800006e+00 2.08400011e+00 2.07900000e+00
    2.07299995e+00 2.07699990e+00 2.07800007e+00 2.07200003e+00
    2.07200003e+00 2.42400002e+00 2.42199993e+00 0. 0. 0. 0. 0. 0. 0. 0.
    0. 0. 0. 0. 0. 0. 0. 0. 0. 0. 0. 0. 0. 2.52399993e+00 2.09299994e+00
    2.08800006e+00 2.09299994e+00 2.09200001e+00 2.08599997e+00
    2.08200002e+00 2.08500004e+00 2.07999992e+00 2.07999992e+00
    2.07900000e+00 2.07699990e+00 2.07100010e+00 2.07100010e+00
    2.07100010e+00 2.06599998e+00 2.06599998e+00 2.06599998e+00
    2.06599998e+00 2.06599998e+00 2.11999989e+00 0. 0. 0. 0. 0. 0. 0. 0.
    0. 0. 0. 0. 0. 0. 0. 0. 0. 0. 0. 2.09299994e+00 2.08800006e+00
    2.08200002e+00 2.08299994e+00 2.08699989e+00 2.07999992e+00
    2.07500005e+00 2.07100010e+00 2.07100010e+00 2.07100010e+00
    2.07100010e+00 2.07100010e+00 2.07100010e+00 2.06599998e+00
    2.06599998e+00 2.06100011e+00 2.06100011e+00 2.06100011e+00
    2.06100011e+00 2.05800009e+00 2.05200005e+00 2.04999995e+00
    2.04999995e+00 0. 0. 0. 0. 0. 0. 0. 0. 0. 0. 0. 0. 0. 0. 0.
    2.53699994e+00 1.61800003e+00 1.92900002e+00 2.07699990e+00
    2.07699990e+00 2.07599998e+00 2.07100010e+00 2.07100010e+00
    2.07100010e+00 2.06900001e+00 2.06599998e+00 2.06599998e+00
    2.06599998e+00 2.06599998e+00 2.06500006e+00 2.06500006e+00
    2.05500007e+00 2.05399990e+00 2.05399990e+00 2.05500007e+00
    2.04999995e+00 2.04999995e+00 2.04999995e+00 2.04999995e+00
    2.04900002e+00 2.04500008e+00 2.04900002e+00 2.04900002e+00
    2.07299995e+00 0. 0. 0. 0. 0. 0. 0. 0. 0. 0. 0. 0. 0. 2.06999993e+00
    2.07100010e+00 2.07100010e+00 2.07100010e+00 2.06599998e+00
    2.06900001e+00 2.06500006e+00 2.06500006e+00 2.06500006e+00
    2.06100011e+00 2.06100011e+00 2.06100011e+00 2.05500007e+00
    2.05399990e+00 2.04999995e+00 2.04999995e+00 2.04900002e+00
    2.04800010e+00 2.04500008e+00 2.04500008e+00 2.04699993e+00
    2.04500008e+00 2.04399991e+00 2.04399991e+00 2.04099989e+00
    2.04399991e+00 2.04399991e+00 2.03399992e+00 2.03399992e+00
    2.03399992e+00 2.73499990e+00 0. 0. 0. 0. 0. 0. 0. 0. 1.01400006e+00
    2.06599998e+00 2.07100010e+00 2.06900001e+00 2.06599998e+00
    2.06599998e+00 2.06500006e+00 2.05999994e+00 2.05900002e+00
    2.05900002e+00 2.05399990e+00 2.05900002e+00 2.05500007e+00
    2.05100012e+00 2.04900002e+00 2.04900002e+00 2.04500008e+00
    2.04299998e+00 2.03999996e+00 2.04099989e+00 2.04099989e+00
    2.03800011e+00 2.03800011e+00 2.02999997e+00 2.03200006e+00
    2.03500009e+00 2.03399992e+00 2.03299999e+00 2.03299999e+00
    2.03299999e+00 2.03299999e+00 2.03200006e+00 2.03099990e+00
    2.96700001e+00 0. 0. 0. 0. 2.56100011e+00 0. 1.77900004e+00
    2.06599998e+00 2.06900001e+00 2.06599998e+00 2.05900002e+00
    2.05900002e+00 2.05900002e+00 2.05699992e+00 2.05299997e+00
    2.05100012e+00 2.04999995e+00 2.04999995e+00 2.04900002e+00
    2.04500008e+00 2.04299998e+00 2.04299998e+00 2.03800011e+00
    2.03699994e+00 2.03399992e+00 2.03399992e+00 2.03099990e+00
    2.02900004e+00 2.02900004e+00 2.02900004e+00 2.02900004e+00
    2.03200006e+00 2.02900004e+00 2.02900004e+00 2.02699995e+00
    2.02699995e+00 2.02900004e+00 2.02699995e+00 2.02699995e+00
    2.02300000e+00 2.01900005e+00 2.02300000e+00 0. 0. 2.43199992e+00 0.
    2.06200004e+00 2.06299996e+00 2.06399989e+00 2.06299996e+00
    2.04999995e+00 2.04999995e+00 2.04999995e+00 2.04999995e+00
    2.04800010e+00 2.04500008e+00 2.04699993e+00 2.04299998e+00
    2.04299998e+00 2.03999996e+00 2.03699994e+00 2.03200006e+00
    2.03099990e+00 2.02900004e+00 2.02900004e+00 2.02800012e+00
    2.02699995e+00 2.02399993e+00 2.02399993e+00 2.02399993e+00
    2.02399993e+00 2.02699995e+00 2.02699995e+00 2.02399993e+00
    2.02399993e+00 2.02399993e+00 2.02200007e+00 2.01699996e+00
    2.01699996e+00 2.01699996e+00 2.01900005e+00 2.01500010e+00
    2.01399994e+00 2.01399994e+00 1.41700006e+00 1.41700006e+00
    2.05500007e+00 2.05800009e+00 2.05200005e+00 2.04699993e+00
    2.04999995e+00 2.04900002e+00 2.04500008e+00 2.04500008e+00
    2.04200006e+00 2.04200006e+00 2.04500008e+00 2.03900003e+00
    2.03699994e+00 2.03699994e+00 2.03099990e+00 2.02900004e+00
    2.02900004e+00 2.02900004e+00 2.02399993e+00 2.02399993e+00
    2.02399993e+00 2.02399993e+00 2.02399993e+00 2.02200007e+00
    2.01999998e+00 2.01900005e+00 2.01900005e+00 2.01900005e+00
    2.02099991e+00 2.01900005e+00 2.01600003e+00 2.01399994e+00
    2.01399994e+00 2.01399994e+00 2.01099992e+00 2.01099992e+00
    2.01099992e+00 2.01399994e+00 2.04500008e+00 2.04699993e+00
    2.04999995e+00 2.04999995e+00 2.04500008e+00 2.04200006e+00
    2.04200006e+00 2.04399991e+00 2.04200006e+00 2.04099989e+00
    2.03399992e+00 2.03699994e+00 2.04099989e+00 2.03600001e+00
    2.03200006e+00 2.02900004e+00 2.02900004e+00 2.02600002e+00
    2.02600002e+00 2.02399993e+00 2.01999998e+00 2.01900005e+00
    2.01900005e+00 2.01699996e+00 2.01600003e+00 2.01200008e+00
    2.01300001e+00 2.01399994e+00 2.01600003e+00 2.01399994e+00
    2.01399994e+00 2.01399994e+00 2.01099992e+00 2.01399994e+00
    2.01399994e+00 2.00999999e+00 2.00600004e+00 2.00600004e+00
    2.00600004e+00 2.00799990e+00 2.04500008e+00 2.04500008e+00
    2.04699993e+00 2.04500008e+00 2.04500008e+00 2.03999996e+00
    2.03999996e+00 2.03299999e+00 2.03099990e+00 2.03200006e+00
    2.03099990e+00 2.03200006e+00 2.03399992e+00 2.02900004e+00
    2.02900004e+00 2.02500010e+00 2.02399993e+00 2.02099991e+00
    2.02099991e+00 2.01999998e+00 2.01900005e+00 2.01399994e+00
    2.01099992e+00 2.01099992e+00 2.00999999e+00 2.00900006e+00
    2.01300001e+00 2.01099992e+00 2.01099992e+00 2.00900006e+00
    2.00999999e+00 2.00900006e+00 2.00900006e+00 2.00900006e+00
    2.00900006e+00 2.00600004e+00 2.00099993e+00 2.00099993e+00
    2.00099993e+00 2.00099993e+00 2.03600001e+00 2.04099989e+00
    2.04099989e+00 2.03999996e+00 2.03200006e+00 2.03399992e+00
    2.03500009e+00 2.02999997e+00 2.02900004e+00 2.02500010e+00
    2.02500010e+00 2.02399993e+00 2.02399993e+00 2.01999998e+00
    2.01999998e+00 2.01999998e+00 2.01900005e+00 2.01900005e+00
    2.00999999e+00 2.00900006e+00 2.00900006e+00 2.00999999e+00
    2.00900006e+00 2.00500011e+00 2.00200009e+00 2.00300002e+00
    2.00799990e+00 2.00500011e+00 2.00900006e+00 2.00399995e+00
    2.00500011e+00 2.00500011e+00 2.00099993e+00 2.00099993e+00
