<?xml version="1.0"?>
<opencv_storage>
<Depth type_id="opencv-matrix">
  <rows>40</rows>
  <cols>40</cols>
  <dt>f</dt>
  <data>
    0. 0. 0. 0. 0. 0. 0. 0. 0. 0. 0. 0. 0. 0. 0. 0. 0. 0. 0. 0. 0. 0. 0.
    0. 0. 0. 0. 0. 0. 0. 0. 0. 0. 0. 0. 0. 0. 0. 0. 0. 0. 0. 0. 0. 0. 0.
    0. 0. 0. 0. 0. 0. 0. 0. 0. 0. 0. 0. 0. 0. 0. 0. 0. 0. 0. 0. 0. 0. 0.
    0. 0. 0. 0. 0. 0. 0. 0. 0. 0. 0. 0. 0. 0. 0. 0. 0. 0. 0. 0. 0.
    1.72700000e+00 0. 1.64900005e+00 1.64900005e+00 0. 2.44400001e+00
    1.63300002e+00 2.69099998e+00 0. 2.11400008e+00 2.02200007e+00
    2.02200007e+00 2.02300000e+00 2.63899994e+00 0. 0. 0. 0. 0. 0. 0. 0.
    0. 0. 0. 0. 0. 0. 0. 0. 0. 0. 0. 0. 0. 0. 0. 0. 0. 2.51999998e+00 0.
    0. 0. 0. 1.04900002e+00 1.98699999e+00 2.00099993e+00 2.01200008e+00
    2.01099992e+00 2.01600003e+00 2.01900005e+00 2.02099991e+00
    2.02099991e+00 2.01699996e+00 0. 0. 0. 0. 0. 0. 0. 0. 0. 0. 0. 0. 0.
    0. 0. 0. 0. 0. 0. 0. 0. 0. 0. 0. 1.54999995e+00 1.84099996e+00
    2.12199998e+00 0. 0. 1.70000005e+00 2. 2.00200009e+00 2.00600004e+00
    2.00999999e+00 2.01099992e+00 2.01300001e+00 2.01500010e+00
    2.01699996e+00 2.01799989e+00 2.01699996e+00 2.23799992e+00 0. 0. 0.
    0. 0. 0. 0. 0. 0. 0. 0. 0. 0. 0. 0. 0. 0. 0. 0. 0. 0. 0. 0.
    2.18700004e+00 2.15300012e+00 2.11599994e+00 2.05900002e+00
    2.02699995e+00 2.00600004e+00 2. 2.00300002e+00 2.00300002e+00
    2.00999999e+00 2.01099992e+00 2.01300001e+00 2.01300001e+00
    2.01300001e+00 2.01799989e+00 2.01300001e+00 1.03400004e+00
    1.39100003e+00 0. 0. 0. 0. 0. 0. 0. 0. 0. 0. 0. 0. 0. 0. 0. 0. 0. 0.
    0. 0. 0. 0. 2.19000006e+00 2.16599989e+00 2.11599994e+00
    2.05399990e+00 2.03800011e+00 2.00999999e+00 2. 2. 2.00399995e+00
    2.00999999e+00 2.00999999e+00 2.00999999e+00 2.01300001e+00
    2.01300001e+00 2.01900005e+00 2.01099992e+00 1.65600002e+00
    2.80299997e+00 0. 0. 0. 0. 0. 0. 0. 0. 0. 0. 0. 0. 0. 0. 0. 0. 0. 0.
    0. 0. 0. 0. 2.19000006e+00 2.17499995e+00 2.11700010e+00
    2.07999992e+00 2.04299998e+00 2.01200008e+00 2. 2.00300002e+00
    2.00600004e+00 2.00999999e+00 2.00999999e+00 2.00999999e+00
    2.00999999e+00 2.01300001e+00 2.01399994e+00 2.01699996e+00 0. 0. 0.
    0. 0. 0. 0. 0. 0. 0. 0. 0. 0. 0. 0. 0. 0. 0. 0. 0. 0. 0. 0. 0.
    2.19700003e+00 2.18099999e+00 2.13800001e+00 2.09500003e+00
    2.05800009e+00 2.02099991e+00 1.99800003e+00 1.99600005e+00
    1.99899995e+00 2.00799990e+00 2.00999999e+00 2.00999999e+00
    2.00999999e+00 2.01300001e+00 2.01300001e+00 2.01300001e+00
    1.65799999e+00 0. 0. 0. 0. 0. 0. 0. 0. 0. 0. 0. 0. 0. 0. 0. 0. 0. 0.
    0. 0. 0. 0. 0. 2.22600007e+00 2.19600010e+00 2.14800000e+00
    2.09800005e+00 2.06399989e+00 2.02900004e+00 2. 1.99600005e+00 2.
    2.00600004e+00 2.00999999e+00 2.00999999e+00 2.00999999e+00
    2.00999999e+00 2.01300001e+00 2.01300001e+00 2.01300001e+00 0.
    1.94200003e+00 0. 0. 0. 0. 0. 0. 0. 0. 0. 0. 0. 0. 0. 0. 0. 0. 0. 0.
    0. 0. 0. 2.52600002e+00 2.20099998e+00 2.16000009e+00 2.11500001e+00
    2.07999992e+00 2.03500009e+00 2.00300002e+00 1.99600005e+00
    1.99800003e+00 2.00500011e+00 2.00799990e+00 2.00799990e+00
    2.00999999e+00 2.01300001e+00 2.01200008e+00 2.01300001e+00
    2.01200008e+00 0. 0. 0. 0. 0. 0. 0. 0. 0. 0. 0. 0. 0. 0. 0. 0. 0. 0.
    0. 0. 0. 0. 0. 2.54999995e+00 2.20499992e+00 2.17700005e+00
    2.12700009e+00 2.07699990e+00 2.04500008e+00 2.00600004e+00
    1.99600005e+00 1.99800003e+00 2.00600004e+00 2.00600004e+00
    2.00999999e+00 2.00999999e+00 2.00999999e+00 2.01200008e+00
    2.01300001e+00 2.01300001e+00 1.13800001e+00 1.95000005e+00 0. 0. 0.
    0. 0. 0. 0. 0. 0. 0. 0. 0. 0. 0. 0. 0. 0. 0. 0. 0. 0. 0.
    2.21300006e+00 2.18600011e+00 2.14100003e+00 2.08899999e+00
    2.05399990e+00 2.00900006e+00 1.99600005e+00 1.99899995e+00
    2.00300002e+00 2.00300002e+00 2.00600004e+00 2.00799990e+00
    2.00799990e+00 2.00999999e+00 2.01099992e+00 2.01399994e+00
    1.55900002e+00 1.41900003e+00 0. 0. 0. 0. 0. 0. 0. 0. 0. 0. 0. 0. 0.
    0. 0. 0. 0. 0. 0. 0. 0. 0. 2.20400000e+00 2.18700004e+00
    2.14800000e+00 2.09699988e+00 2.06399989e+00 2.02300000e+00
    1.99600005e+00 1.99600005e+00 2.00300002e+00 2.00600004e+00
    2.00600004e+00 2.00999999e+00 2.00600004e+00 2.00999999e+00
    2.00999999e+00 2.01099992e+00 2.01600003e+00 0. 0. 0. 0. 0. 0. 0. 0.
    0. 0. 0. 0. 0. 0. 0. 0. 0. 0. 0. 0. 0. 0. 0. 2.20400000e+00
    2.19099998e+00 2.14299989e+00 2.10500002e+00 2.06800008e+00
    2.02800012e+00 2. 1.99600005e+00 2.00200009e+00 2.00300002e+00
    2.00300002e+00 2.00300002e+00 2.00600004e+00 2.00999999e+00
    2.00999999e+00 2.01099992e+00 2.01300001e+00 1.37500000e+00 0. 0. 0.
    0. 0. 0. 0. 0. 0. 0. 0. 0. 0. 0. 0. 0. 0. 0. 0. 0. 0. 0. 0.
    2.20300007e+00 2.16700006e+00 2.11700010e+00 2.08200002e+00
    2.03999996e+00 2.00300002e+00 1.99600005e+00 2. 2. 2.00300002e+00
    2.00300002e+00 2.00600004e+00 2.00999999e+00 2.00999999e+00
    2.00999999e+00 2.00999999e+00 1.63399994e+00 0. 0. 0. 0. 0. 0. 0. 0.
    0. 0. 0. 0. 0. 0. 0. 0. 0. 0. 0. 0. 0. 0. 0. 2.20600009e+00
    2.17300010e+00 2.12500000e+00 2.09100008e+00 2.04699993e+00
    2.00999999e+00 1.99699998e+00 1.99899995e+00 2. 2. 2.00099993e+00
    2.00600004e+00 2.00699997e+00 2.00900006e+00 2.00900006e+00
    2.00999999e+00 2.00300002e+00 1.19200003e+00 0. 0. 0. 0. 0. 0. 0. 0.
    0. 0. 0. 0. 0. 0. 0. 0. 0. 0. 0. 0. 0. 2.95000005e+00 2.19600010e+00
    2.18000007e+00 2.13299990e+00 2.09899998e+00 2.04900002e+00
    2.01600003e+00 1.99899995e+00 1.99600005e+00 2. 2. 2. 2.00500011e+00
    2.00699997e+00 2.00900006e+00 2.00600004e+00 2.00999999e+00
    2.00900006e+00 1.19299996e+00 1.73899996e+00 0. 0. 0. 0. 0. 0. 0. 0.
    0. 0. 0. 0. 0. 0. 0. 0. 0. 0. 0. 0. 0. 2.36400008e+00 2.19799995e+00
    2.14499998e+00 2.11100006e+00 2.06299996e+00 2.02099991e+00 2. 2.
    1.99800003e+00 2. 2. 2. 2.00600004e+00 2.00999999e+00 2.00999999e+00
    2.00999999e+00 2.01200008e+00 1.19400001e+00 1.73899996e+00 0. 0. 0.
    0. 0. 0. 0. 0. 0. 0. 0. 0. 0. 0. 0. 0. 0. 0. 0. 0. 0. 1.57799995e+00
    2.20199990e+00 2.15700006e+00 2.11700010e+00 2.07200003e+00
    2.02999997e+00 2.00399995e+00 2. 2. 2. 2. 2. 2.00399995e+00
    2.00600004e+00 2.00600004e+00 2.00900006e+00 2.00699997e+00
    1.19400001e+00 1.73199999e+00 0. 0. 0. 0. 0. 0. 0. 0. 0. 0. 0. 0. 0.
    0. 0. 0. 0. 0. 0. 0. 2.38599992e+00 0. 2.20400000e+00 2.16599989e+00
    2.12599993e+00 2.09100008e+00 2.03800011e+00 2.00900006e+00 2. 2. 2.
    2. 2. 2.00600004e+00 2.00300002e+00 2.00600004e+00 2.00600004e+00
    2.00600004e+00 1.78499997e+00 1.72099996e+00 0. 0. 0. 0. 0. 0. 0. 0.
    0. 0. 0. 0. 0. 0. 0. 0. 0. 0. 0. 0. 2.95000005e+00 0. 1.39699996e+00
    2.17000008e+00 2.12899995e+00 2.09800005e+00 2.05299997e+00
    2.01500010e+00 2. 1.99600005e+00 2. 2. 2. 2.00500011e+00
    2.00300002e+00 2.00399995e+00 2.00600004e+00 2.00600004e+00
    1.19299996e+00 1.12500000e+00 0. 0. 0. 0. 0. 0. 0. 0. 0. 0. 0. 0. 0.
    0. 0. 0. 0. 0. 0. 0. 1.69599998e+00 0. 0. 2.18300009e+00
    2.14199996e+00 2.10200000e+00 2.05999994e+00 2.01900005e+00
    2.00300002e+00 1.99600005e+00 1.99600005e+00 2. 2. 2.00300002e+00
    2.00300002e+00 2.00600004e+00 2.00999999e+00 2.00699997e+00
    2.00600004e+00 0. 0. 0. 0. 0. 0. 0. 0. 0. 0. 0. 0. 0. 0. 0. 0. 0. 0.
    0. 0. 0. 0. 2.04099989e+00 0. 1.85599995e+00 2.15400004e+00
    2.11700010e+00 2.06699991e+00 2.03099990e+00 2.00600004e+00
    1.99600005e+00 1.99600005e+00 2. 2. 2.00300002e+00 2.00300002e+00
    2.00600004e+00 2.00600004e+00 2.00600004e+00 2.00699997e+00
    2.00999999e+00 0. 0. 0. 0. 0. 0. 0. 0. 0. 0. 0. 0. 0. 0. 0. 0. 0. 0.
    0. 0. 0. 0. 0. 2.19300008e+00 2.16000009e+00 2.12599993e+00
    2.07699990e+00 2.04200006e+00 2.01399994e+00 1.99600005e+00
    1.99699998e+00 1.99699998e+00 1.99899995e+00 1.99899995e+00 2.
    2.00300002e+00 2.00500011e+00 2.00600004e+00 2.00799990e+00
    2.00999999e+00 0. 0. 0. 0. 0. 0. 0. 0. 0. 0. 0. 0. 0. 0. 0. 0. 0. 0.
    0. 0. 0. 0. 0. 2.19400001e+00 2.16899991e+00 2.13599992e+00
