<?xml version="1.0"?>
<opencv_storage>
<Depth type_id="opencv-matrix">
  <rows>40</rows>
  <cols>40</cols>
  <dt>f</dt>
  <data>
    0. 0. 0. 0. 0. 0. 0. 0. 0. 0. 0. 0. 0. 0. 0. 0. 0. 0. 0. 0. 0. 0. 0.
    0. 0. 0. 0. 0. 0. 0. 0. 0. 0. 0. 0. 0. 0. 0. 0. 0. 0. 0. 0. 0. 0. 0.
    0. 0. 0. 0. 0. 0. 0. 0. 0. 0. 0. 0. 0. 0. 0. 0. 0. 0. 0. 0. 0. 0. 0.
    0. 0. 0. 0. 0. 0. 0. 0. 0. 0. 0. 0. 0. 0. 0. 0. 0. 0. 0. 0. 0. 0. 0.
    0. 0. 0. 0. 0. 0. 0. 0. 0. 0. 0. 0. 0. 0. 0. 0. 0. 0. 0. 0. 0. 0. 0.
    0. 0. 0. 0. 0. 0. 0. 0. 0. 0. 0. 0. 0. 0. 0. 0. 0. 0. 0. 0. 0. 0. 0.
    0. 0. 0. 0. 0. 0. 0. 0. 0. 0. 0. 0. 0. 0. 0. 0. 0. 0. 0. 0. 0. 0. 0.
    0. 0. 0. 0. 0. 0. 0. 0. 0. 0. 0. 0. 0. 0. 0. 0. 0. 0. 0. 0. 0. 0. 0.
    0. 0. 0. 0. 0. 0. 0. 0. 0. 0. 0. 0. 0. 0. 0. 0. 0. 0. 0. 0. 0. 0. 0.
    0. 0. 0. 0. 0. 0. 0. 0. 0. 0. 0. 0. 0. 0. 0. 0. 0. 0. 0. 0. 0. 0. 0.
    0. 0. 0. 0. 0. 0. 0. 0. 0. 0. 0. 0. 0. 0. 0. 0. 0. 0. 0. 0. 0. 0. 0.
    0. 0. 0. 0. 0. 0. 0. 0. 0. 0. 0. 0. 0. 0. 0. 0. 0. 0. 0. 0. 0. 0. 0.
    0. 0. 0. 0. 0. 0. 0. 0. 0. 0. 0. 0. 0. 0. 0. 0. 0. 0. 0. 0. 0. 0. 0.
    0. 0. 0. 0. 0. 0. 0. 0. 0. 0. 0. 0. 0. 0. 0. 0. 0. 0. 0. 0. 0. 0. 0.
    0. 0. 0. 0. 0. 0. 0. 0. 0. 0. 0. 0. 0. 0. 0. 0. 0. 0. 0. 0. 0. 0. 0.
    0. 0. 0. 0. 0. 0. 0. 0. 0. 0. 0. 0. 0. 0. 0. 0. 0. 0. 0. 0. 0. 0. 0.
    0. 0. 0. 0. 0. 0. 0. 0. 0. 0. 0. 0. 0. 0. 0. 0. 0. 0. 0. 0. 0. 0. 0.
    0. 0. 0. 0. 0. 0. 0. 0. 0. 0. 0. 1.84200001e+00 0. 0. 0. 0. 0. 0. 0.
    0. 0. 0. 0. 0. 0. 0. 0. 0. 2.98300004e+00 2.98300004e+00
    2.98300004e+00 2.98300004e+00 2.82999992e+00 2.05900002e+00
    1.87300003e+00 1.88199997e+00 1.91199994e+00 1.91499996e+00
    1.90199995e+00 1.87300003e+00 1.87300003e+00 1.87300003e+00
    1.87000000e+00 1.84200001e+00 1.83299994e+00 1.83299994e+00
    1.83299994e+00 0. 0. 0. 0. 0. 1.99000001e+00 0. 0. 0. 0. 0. 0. 0. 0.
    0. 0. 0. 2.88800001e+00 2.57900000e+00 2.50799990e+00 2.48399997e+00
    2.47399998e+00 2.47399998e+00 2.47399998e+00 2.46300006e+00
    2.36999989e+00 1.97000003e+00 1.87300003e+00 1.88199997e+00
    1.91199994e+00 1.91499996e+00 1.90900004e+00 1.89600003e+00
    1.89600003e+00 1.88699996e+00 1.87000000e+00 1.84200001e+00
    1.83299994e+00 1.83299994e+00 1.83299994e+00 0. 0. 0. 0. 0. 0.
    2.42499995e+00 0. 0. 0. 0. 0. 0. 0. 0. 2.99200010e+00 2.99200010e+00
    2.44400001e+00 2.04399991e+00 2.04399991e+00 2.04399991e+00
    2.04399991e+00 2.04399991e+00 2.04399991e+00 2.02500010e+00
    1.98500001e+00 1.91100001e+00 1.89300001e+00 1.89800000e+00
    1.91299999e+00 1.91499996e+00 1.91499996e+00 1.91499996e+00
    1.91499996e+00 1.90199995e+00 1.87899995e+00 1.85099995e+00
    1.84300005e+00 1.84300005e+00 1.84300005e+00 0. 0. 0. 0. 0. 0. 0.
    2.18899989e+00 0. 0. 0. 0. 0. 0. 2.72900009e+00 2.16899991e+00
    2.16899991e+00 2.09699988e+00 2.04399991e+00 2.04399991e+00
    2.04399991e+00 2.04399991e+00 2.04399991e+00 2.04399991e+00
    2.02500010e+00 1.99300003e+00 1.95899999e+00 1.95099998e+00
    1.94299996e+00 1.91799998e+00 1.91499996e+00 1.91499996e+00
    1.91499996e+00 1.91499996e+00 1.91400003e+00 1.90900004e+00
    1.87899995e+00 1.87000000e+00 1.87000000e+00 1.87000000e+00 0. 0. 0.
    0. 0. 0. 0. 1.63900006e+00 2.52999997e+00 2.53099990e+00
    2.55100012e+00 2.55900002e+00 2.55900002e+00 2.55900002e+00
    2.32699990e+00 2.08899999e+00 2.08899999e+00 2.07900000e+00
    2.07200003e+00 2.07200003e+00 2.05399990e+00 2.04399991e+00
    2.04299998e+00 2.02300000e+00 2.00900006e+00 1.99399996e+00
    1.96399999e+00 1.95700002e+00 1.94799995e+00 1.91799998e+00
    1.91499996e+00 1.91499996e+00 1.91499996e+00 1.91499996e+00
    1.91499996e+00 1.91400003e+00 1.90300000e+00 1.88699996e+00
    1.87300003e+00 1.87300003e+00 0. 0. 0. 0. 0. 0. 0. 1.36099994e+00
    2.08899999e+00 2.08999991e+00 2.11100006e+00 2.11999989e+00
    2.11999989e+00 2.11999989e+00 2.10500002e+00 2.08899999e+00
    2.08899999e+00 2.08899999e+00 2.08899999e+00 2.08899999e+00
    2.05900002e+00 2.04399991e+00 2.04200006e+00 2.01099992e+00 2.
    1.99399996e+00 1.96399999e+00 1.95700002e+00 1.95099998e+00
    1.93099999e+00 1.91999996e+00 1.91499996e+00 1.91499996e+00
    1.91499996e+00 1.91499996e+00 1.91499996e+00 1.91499996e+00
    1.89499998e+00 1.87300003e+00 1.87300003e+00 0. 0. 0. 0. 0. 0. 0.
    1.36099994e+00 2.08899999e+00 2.08899999e+00 2.08899999e+00
    2.08899999e+00 2.08899999e+00 2.08899999e+00 2.08899999e+00
    2.08899999e+00 2.08899999e+00 2.08899999e+00 2.08899999e+00
    2.08899999e+00 2.05999994e+00 2.04500008e+00 2.04200006e+00
    2.01099992e+00 2. 1.99300003e+00 1.96399999e+00 1.95700002e+00
    1.95700002e+00 1.95700002e+00 1.93099999e+00 1.91499996e+00
    1.91499996e+00 1.91600001e+00 1.91499996e+00 1.91499996e+00
    1.91499996e+00 1.89499998e+00 1.87300003e+00 1.87300003e+00 0. 0. 0.
    0. 0. 0. 0. 1.36399996e+00 2.08899999e+00 2.08899999e+00
    2.08899999e+00 2.08899999e+00 2.08899999e+00 2.08899999e+00
    2.08899999e+00 2.08899999e+00 2.08899999e+00 2.08899999e+00
    2.08899999e+00 2.08899999e+00 2.07999992e+00 2.06500006e+00
    2.04200006e+00 2.01099992e+00 1.98599994e+00 1.96800005e+00
    1.95899999e+00 1.95700002e+00 1.95700002e+00 1.95700002e+00
    1.93099999e+00 1.91499996e+00 1.91499996e+00 1.93599999e+00
    1.93299997e+00 1.91499996e+00 1.91499996e+00 1.89499998e+00
    1.87300003e+00 1.87300003e+00 0. 0. 0. 0. 0. 0. 0. 1.65999997e+00
    2.08899999e+00 2.08899999e+00 2.08899999e+00 2.08899999e+00
    2.08699989e+00 2.07399988e+00 2.07100010e+00 2.07399988e+00
    2.08699989e+00 2.08899999e+00 2.08899999e+00 2.08899999e+00
    2.07699990e+00 2.05500007e+00 2.02399993e+00 1.99300003e+00
    1.97099996e+00 1.95700002e+00 1.95700002e+00 1.95700002e+00
    1.95700002e+00 1.95700002e+00 1.94200003e+00 1.93200004e+00
    1.93200004e+00 1.94900000e+00 1.94099998e+00 1.91400003e+00
    1.90199995e+00 1.87800002e+00 1.85699999e+00 1.85699999e+00 0. 0. 0.
    0. 1.29600000e+00 2.08899999e+00 2.08899999e+00 2.08599997e+00
    2.08400011e+00 2.08400011e+00 2.08400011e+00 2.08400011e+00
    2.07999992e+00 2.05200005e+00 2.04399991e+00 2.05200005e+00
    2.07999992e+00 2.08699989e+00 2.08899999e+00 2.08899999e+00
    2.05900002e+00 2.02800012e+00 1.99800003e+00 1.96800005e+00
    1.95700002e+00 1.95700002e+00 1.95700002e+00 1.95700002e+00
    1.95700002e+00 1.95700002e+00 1.95700002e+00 1.95700002e+00
    1.95700002e+00 1.96000004e+00 1.94500005e+00 1.91499996e+00
    1.88300002e+00 1.85399997e+00 1.83299994e+00 1.83299994e+00 0. 0. 0.
    1.69799995e+00 1.90999997e+00 2.08899999e+00 2.08899999e+00
    2.06599998e+00 2.05299997e+00 2.05299997e+00 2.05299997e+00
    2.05299997e+00 2.05200005e+00 2.04600000e+00 2.04399991e+00
    2.04600000e+00 2.05200005e+00 2.07399988e+00 2.08899999e+00
    2.08899999e+00 2.05900002e+00 2.02800012e+00 1.99800003e+00
    1.96800005e+00 1.95700002e+00 1.95700002e+00 1.95700002e+00
    1.95700002e+00 1.95700002e+00 1.95700002e+00 1.95700002e+00
    1.95700002e+00 1.95700002e+00 1.98099995e+00 1.97399998e+00
    1.94200003e+00 1.88900006e+00 1.85399997e+00 1.83299994e+00
    1.83299994e+00 0. 0. 0. 2.08899999e+00 2.08899999e+00 2.08899999e+00
    2.08899999e+00 2.06100011e+00 2.04399991e+00 2.04399991e+00
    2.04399991e+00 2.04399991e+00 2.04399991e+00 2.04399991e+00
    2.04399991e+00 2.04399991e+00 2.04399991e+00 2.05699992e+00
    2.07299995e+00 2.08800006e+00 2.05900002e+00 2.02800012e+00
    1.99899995e+00 1.98399997e+00 1.96899998e+00 1.95700002e+00
    1.95700002e+00 1.95700002e+00 1.95700002e+00 1.95700002e+00
    1.95700002e+00 1.96399999e+00 1.97800004e+00 1.99300003e+00
    1.99100006e+00 1.96399999e+00 1.85000002e+00 1.80499995e+00
    1.80100000e+00 1.82799995e+00 0. 0. 0. 2.08899999e+00 2.08899999e+00
    2.08899999e+00 2.08899999e+00 2.06100011e+00 2.04399991e+00
    2.04399991e+00 2.04399991e+00 2.04399991e+00 2.04399991e+00
    2.04399991e+00 2.03600001e+00 2.02800012e+00 2.02800012e+00
    2.03200006e+00 2.04800010e+00 2.07900000e+00 2.05599999e+00
