<?xml version="1.0"?>
<opencv_storage>
<Depth type_id="opencv-matrix">
  <rows>40</rows>
  <cols>40</cols>
  <dt>f</dt>
  <data>
    0. 0. 0. 0. 0. 0. 0. 0. 0. 0. 0. 0. 0. 0. 0. 0. 0. 0. 0. 0. 0. 0. 0.
    0. 0. 0. 0. 0. 0. 0. 0. 0. 0. 0. 0. 0. 0. 0. 0. 0. 0. 0. 0. 0. 0. 0.
    0. 0. 0. 0. 0. 0. 0. 0. 0. 0. 0. 0. 0. 0. 0. 0. 0. 0. 0. 0. 0. 0. 0.
    0. 0. 0. 0. 0. 0. 0. 0. 0. 0. 0. 0. 0. 0. 0. 0. 0. 0. 0. 0. 0. 0. 0.
    0. 0. 0. 0. 0. 0. 0. 0. 0. 0. 0. 0. 0. 0. 0. 0. 0. 0. 0. 0. 0. 0. 0.
    0. 0. 0. 0. 0. 0. 0. 0. 0. 0. 0. 0. 0. 0. 0. 0. 0. 0. 0. 0. 0. 0. 0.
    0. 0. 0. 0. 0. 0. 0. 0. 0. 0. 0. 0. 0. 0. 0. 0. 0. 0. 0. 0. 0. 0. 0.
    0. 0. 0. 0. 0. 0. 0. 0. 0. 0. 0. 0. 0. 0. 0. 0. 0. 0. 0. 0. 0. 0. 0.
    0. 0. 0. 0. 0. 0. 0. 0. 0. 0. 0. 0. 0. 0. 0. 0. 0. 0. 0. 0. 0. 0. 0.
    0. 0. 0. 0. 0. 0. 0. 0. 0. 0. 0. 0. 0. 0. 0. 0. 0. 0. 0. 0. 0. 0. 0.
    0. 0. 0. 0. 0. 0. 0. 0. 0. 0. 0. 0. 0. 0. 0. 0. 0. 0. 0. 0. 0. 0. 0.
    0. 0. 0. 0. 0. 0. 0. 0. 0. 0. 0. 0. 0. 0. 0. 0. 0. 0. 0. 0. 0. 0. 0.
    0. 0. 0. 0. 0. 0. 0. 0. 0. 0. 0. 0. 0. 0. 0. 0. 0. 0. 0. 0. 0. 0. 0.
    0. 0. 0. 0. 0. 0. 0. 0. 0. 0. 0. 0. 0. 0. 0. 0. 0. 0. 0. 0. 0. 0. 0.
    0. 0. 0. 0. 0. 0. 0. 0. 0. 0. 0. 0. 0. 0. 0. 0. 0. 0. 0. 0. 0. 0. 0.
    0. 0. 0. 0. 0. 0. 0. 0. 0. 0. 0. 0. 0. 0. 0. 0. 0. 0. 0. 0. 0. 0. 0.
    0. 0. 0. 0. 0. 0. 0. 0. 0. 0. 0. 0. 0. 0. 0. 0. 0. 0. 0. 0. 0. 0. 0.
    0. 0. 0. 0. 0. 0. 0. 0. 0. 0. 0. 0. 0. 0. 0. 0. 0. 0. 0. 0. 0. 0. 0.
    0. 0. 0. 0. 0. 0. 0. 0. 0. 0. 0. 0. 0. 0. 0. 0. 0. 0. 0. 0. 0. 0. 0.
    0. 0. 0. 0. 0. 0. 0. 0. 0. 0. 0. 0. 0. 0. 0. 0. 0. 0. 0. 0. 0. 0. 0.
    0. 0. 0. 0. 0. 0. 0. 0. 0. 0. 0. 0. 0. 0. 0. 0. 0. 0. 0. 0. 0. 0. 0.
    0. 0. 0. 0. 0. 0. 0. 0. 0. 0. 0. 0. 0. 0. 0. 0. 0. 0. 0. 0. 0. 0. 0.
    0. 0. 0. 0. 0. 0. 0. 0. 0. 0. 0. 0. 0. 0. 2.16799998e+00
    2.35800004e+00 2.55599999e+00 2.72000003e+00 2.72000003e+00
    2.72000003e+00 2.72000003e+00 2.72000003e+00 2.72000003e+00
    2.60500002e+00 2.40700006e+00 2.21000004e+00 2.16799998e+00
    2.16799998e+00 2.16799998e+00 2.23000002e+00 2.29299998e+00
    2.34299994e+00 2.34299994e+00 2.34299994e+00 2.31699991e+00
    2.25500011e+00 2.19199991e+00 2.16799998e+00 2.16799998e+00
    2.16799998e+00 2.11899996e+00 2.05800009e+00 2. 2. 2. 2. 2. 2. 2. 2.
    2. 1.96300006e+00 1.90600002e+00 1.84800005e+00 2.16799998e+00
    2.35100007e+00 2.54099989e+00 2.70000005e+00 2.70000005e+00
    2.70000005e+00 2.70000005e+00 2.70000005e+00 2.70000005e+00
    2.58899999e+00 2.39899993e+00 2.20799994e+00 2.16799998e+00
    2.16799998e+00 2.16799998e+00 2.22799993e+00 2.28800011e+00
    2.33699989e+00 2.33699989e+00 2.33699989e+00 2.31200004e+00
    2.25200009e+00 2.19099998e+00 2.16700006e+00 2.16400003e+00
    2.16199994e+00 2.11400008e+00 2.05599999e+00 2. 2. 2. 2. 2. 2. 2. 2.
    2. 1.96300006e+00 1.90600002e+00 1.84800005e+00 2.16799998e+00
    2.28299999e+00 2.40300012e+00 2.50200009e+00 2.50200009e+00
    2.50200009e+00 2.50200009e+00 2.50200009e+00 2.50200009e+00
    2.43199992e+00 2.31299996e+00 2.19300008e+00 2.16799998e+00
    2.16799998e+00 2.16799998e+00 2.20600009e+00 2.24399996e+00
    2.27399993e+00 2.27399993e+00 2.27399993e+00 2.25799990e+00
    2.22099996e+00 2.18300009e+00 2.15300012e+00 2.13000011e+00
    2.10599995e+00 2.07200003e+00 2.03500009e+00 2. 2. 2. 2. 2. 2. 2. 2.
    2. 1.96300006e+00 1.90600002e+00 1.84800005e+00 2.16799998e+00
    2.21499991e+00 2.26399994e+00 2.30399990e+00 2.30399990e+00
    2.30399990e+00 2.30399990e+00 2.30399990e+00 2.30399990e+00
    2.27600002e+00 2.22700000e+00 2.17799997e+00 2.16799998e+00
    2.16799998e+00 2.16799998e+00 2.18300009e+00 2.19899988e+00
    2.21099997e+00 2.21099997e+00 2.21099997e+00 2.20499992e+00
    2.18899989e+00 2.17400002e+00 2.14000010e+00 2.09500003e+00
    2.04999995e+00 2.02900004e+00 2.01399994e+00 2. 2. 2. 2. 2. 2. 2. 2.
    2. 1.96300006e+00 1.90600002e+00 1.84800005e+00 2.16799998e+00
    2.16799998e+00 2.16799998e+00 2.16799998e+00 2.16799998e+00
    2.16799998e+00 2.16799998e+00 2.16799998e+00 2.16799998e+00
    2.16799998e+00 2.16799998e+00 2.16799998e+00 2.16799998e+00
    2.16799998e+00 2.16799998e+00 2.16799998e+00 2.16799998e+00
    2.16700006e+00 2.16000009e+00 2.15300012e+00 2.14899993e+00
    2.14899993e+00 2.14899993e+00 2.11599994e+00 2.06299996e+00
    2.00999999e+00 2. 2. 2. 2. 2. 2. 2. 2. 2. 2. 2. 1.96300006e+00
    1.90600002e+00 1.84800005e+00 2.16799998e+00 2.16799998e+00
    2.16799998e+00 2.16799998e+00 2.16799998e+00 2.16799998e+00
    2.16799998e+00 2.16799998e+00 2.16799998e+00 2.16799998e+00
    2.16799998e+00 2.16799998e+00 2.16799998e+00 2.16799998e+00
    2.16799998e+00 2.16799998e+00 2.16799998e+00 2.16199994e+00
    2.13400006e+00 2.10599995e+00 2.08899999e+00 2.08899999e+00
    2.08899999e+00 2.06999993e+00 2.03800011e+00 2.00600004e+00 2. 2. 2.
    2. 2. 2. 2. 2. 2. 2. 2. 1.96300006e+00 1.90600002e+00 1.84800005e+00
    2.16799998e+00 2.16799998e+00 2.16799998e+00 2.16799998e+00
    2.16799998e+00 2.16799998e+00 2.16799998e+00 2.16799998e+00
    2.16799998e+00 2.16799998e+00 2.16799998e+00 2.16799998e+00
    2.16799998e+00 2.16799998e+00 2.16799998e+00 2.16799998e+00
    2.16799998e+00 2.15799999e+00 2.10800004e+00 2.05900002e+00
    2.02900004e+00 2.02900004e+00 2.02900004e+00 2.02300000e+00
    2.01200008e+00 2.00200009e+00 2. 2. 2. 2. 2. 2. 2. 2. 2. 2. 2.
    1.96300006e+00 1.90600002e+00 1.84800005e+00 2.16799998e+00
    2.16799998e+00 2.16799998e+00 2.16799998e+00 2.16799998e+00
    2.16799998e+00 2.16799998e+00 2.16799998e+00 2.16799998e+00
    2.16799998e+00 2.16799998e+00 2.16799998e+00 2.16799998e+00
    2.16799998e+00 2.16799998e+00 2.16799998e+00 2.16799998e+00
    2.15599990e+00 2.09599996e+00 2.03600001e+00 2. 2. 2. 2. 2. 2. 2. 2.
    2. 2. 2. 2. 2. 2. 2. 2. 2. 1.97000003e+00 1.92299998e+00
    1.87600005e+00 2.16899991e+00 2.16799998e+00 2.16799998e+00
    2.16799998e+00 2.16799998e+00 2.16799998e+00 2.16799998e+00
    2.16799998e+00 2.16799998e+00 2.16799998e+00 2.16799998e+00
    2.16799998e+00 2.16799998e+00 2.16799998e+00 2.16799998e+00
    2.16799998e+00 2.16799998e+00 2.15599990e+00 2.09599996e+00
    2.03600001e+00 2. 2. 2. 2. 2. 2. 2. 2. 2. 2. 2. 2. 2. 2. 2. 2. 2.
    1.98300004e+00 1.95700002e+00 1.93099999e+00 2.17000008e+00
    2.16799998e+00 2.16799998e+00 2.16799998e+00 2.16799998e+00
    2.16799998e+00 2.16799998e+00 2.16799998e+00 2.16799998e+00
    2.16799998e+00 2.16799998e+00 2.16799998e+00 2.16799998e+00
    2.16799998e+00 2.16799998e+00 2.16799998e+00 2.16799998e+00
    2.15599990e+00 2.09599996e+00 2.03600001e+00 2. 2. 2. 2. 2. 2. 2. 2.
    2. 2. 2. 2. 2. 2. 2. 2. 2. 1.99600005e+00 1.99100006e+00
    1.98500001e+00 2.17000008e+00 2.16799998e+00 2.16799998e+00
    2.16799998e+00 2.16799998e+00 2.16799998e+00 2.16799998e+00
    2.16799998e+00 2.16799998e+00 2.16799998e+00 2.16799998e+00
    2.16799998e+00 2.15599990e+00 2.14000010e+00 2.12500000e+00
    2.12500000e+00 2.12500000e+00 2.11899996e+00 2.08999991e+00
    2.06100011e+00 2.04299998e+00 2.04299998e+00 2.04299998e+00
    2.04299998e+00 2.04299998e+00 2.04299998e+00 2.04299998e+00
    2.04299998e+00 2.04299998e+00 2.02699995e+00 2.01200008e+00 2. 2. 2.
    2.00699997e+00 2.02200007e+00 2.03800011e+00 2.04299998e+00
    2.04299998e+00 2.04299998e+00 2.17000008e+00 2.16799998e+00
    2.16799998e+00 2.16799998e+00 2.16799998e+00 2.16799998e+00
    2.16799998e+00 2.16799998e+00 2.16799998e+00 2.16799998e+00
    2.16799998e+00 2.16799998e+00 2.13899994e+00 2.10200000e+00
    2.06500006e+00 2.06399989e+00 2.06399989e+00 2.06699991e+00
    2.08100009e+00 2.09500003e+00 2.10400009e+00 2.10400009e+00
    2.10400009e+00 2.10400009e+00 2.10400009e+00 2.10400009e+00
    2.10400009e+00 2.10400009e+00 2.10299993e+00 2.06500006e+00
    2.02800012e+00 2. 2. 2. 2.01600003e+00 2.05299997e+00 2.09100008e+00
    2.10400009e+00 2.10400009e+00 2.10400009e+00 2.17000008e+00
    2.16799998e+00 2.16799998e+00 2.16799998e+00 2.16799998e+00
    2.16799998e+00 2.16799998e+00 2.16799998e+00 2.16799998e+00
