<?xml version="1.0"?>
<opencv_storage>
<Depth type_id="opencv-matrix">
  <rows>40</rows>
  <cols>40</cols>
  <dt>f</dt>
  <data>
    0. 0. 0. 0. 0. 0. 0. 0. 0. 0. 0. 0. 0. 0. 0. 0. 0. 0. 0. 0. 0. 0. 0.
    0. 0. 0. 0. 0. 0. 0. 0. 0. 0. 0. 0. 0. 0. 0. 0. 0. 0. 0. 0. 0. 0. 0.
    0. 0. 0. 0. 0. 0. 0. 0. 0. 0. 0. 0. 0. 0. 0. 0. 0. 0. 0. 0. 0. 0. 0.
    0. 0. 0. 0. 0. 0. 0. 0. 0. 0. 0. 0. 0. 0. 0. 0. 0. 0. 0. 0. 0. 0. 0.
    0. 0. 0. 0. 0. 0. 0. 0. 0. 0. 0. 0. 0. 0. 0. 0. 0. 0. 0. 0. 0. 0. 0.
    0. 0. 0. 0. 0. 0. 0. 0. 0. 0. 0. 0. 0. 0. 0. 0. 0. 0. 0. 0. 0. 0. 0.
    0. 0. 0. 0. 0. 0. 0. 0. 0. 0. 0. 0. 0. 0. 0. 0. 0. 0. 0. 0. 0. 0. 0.
    0. 0. 0. 0. 0. 0. 0. 0. 0. 0. 0. 0. 0. 0. 0. 0. 0. 0. 0. 0. 0. 0. 0.
    0. 0. 0. 0. 0. 0. 0. 0. 0. 0. 0. 0. 0. 0. 0. 0. 0. 0. 0. 0. 0. 0. 0.
    0. 0. 2.04200006e+00 2.04099989e+00 2.03900003e+00 2.63199997e+00
    1.77300000e+00 0. 0. 0. 0. 0. 0. 0. 0. 0. 0. 0. 0. 0. 0. 0. 0. 0. 0.
    0. 0. 0. 0. 0. 0. 0. 0. 0. 0. 0. 0. 0. 0. 0. 2.20499992e+00
    2.02900004e+00 2.02800012e+00 2.03099990e+00 2.03399992e+00
    2.02200007e+00 2.01999998e+00 2.02200007e+00 2.02099991e+00
    2.01699996e+00 0. 0. 0. 0. 0. 0. 0. 0. 0. 0. 0. 0. 2.07900000e+00
    2.07200003e+00 2.07200003e+00 0. 0. 0. 0. 0. 0. 0. 0. 0. 0. 0. 0. 0.
    0. 0. 1.52300000e+00 2.02800012e+00 2.02900004e+00 2.02500010e+00
    2.02200007e+00 2.02200007e+00 2.02200007e+00 2.02099991e+00
    2.01900005e+00 2.01699996e+00 2.01600003e+00 2.01399994e+00
    2.01200008e+00 2.01200008e+00 2.01099992e+00 2.00900006e+00
    2.00799990e+00 2.00900006e+00 2.00900006e+00 2.00600004e+00
    2.00399995e+00 2.00600004e+00 2.04099989e+00 2.05699992e+00
    2.07500005e+00 0. 0. 0. 0. 0. 0. 0. 0. 0. 0. 0. 0. 0. 0. 0.
    1.04400003e+00 2.02800012e+00 2.02900004e+00 2.02500010e+00
    2.02200007e+00 2.02200007e+00 2.02099991e+00 2.01900005e+00
    2.01900005e+00 2.01699996e+00 2.01699996e+00 2.01200008e+00
    2.01099992e+00 2.01099992e+00 2.00799990e+00 2.00799990e+00
    2.00300002e+00 2.00600004e+00 2.00300002e+00 2.00300002e+00 2. 2. 2.
    1.99699998e+00 1.99199998e+00 0. 0. 0. 0. 0. 0. 0. 0. 0. 0. 0. 0. 0.
    0. 0. 1.93200004e+00 2.02500010e+00 2.02600002e+00 2.02200007e+00
    2.02200007e+00 2.02200007e+00 2.01900005e+00 2.01900005e+00
    2.01900005e+00 2.01699996e+00 2.01699996e+00 2.01399994e+00
    2.01099992e+00 2.01099992e+00 2.00799990e+00 2.00799990e+00
    2.00300002e+00 2.00300002e+00 2.00300002e+00 2.00300002e+00 2.
    1.99800003e+00 1.99600005e+00 1.99500000e+00 1.99199998e+00 0. 0. 0.
    0. 0. 0. 0. 0. 0. 0. 0. 0. 0. 0. 0. 2.02800012e+00 2.02500010e+00
    2.02399993e+00 2.02200007e+00 2.02200007e+00 2.01900005e+00
    2.01900005e+00 2.01799989e+00 2.01699996e+00 2.01699996e+00
    2.01399994e+00 2.01200008e+00 2.00900006e+00 2.00799990e+00
    2.00799990e+00 2.00300002e+00 2.00200009e+00 2.00300002e+00
    2.00300002e+00 2.00200009e+00 2. 1.99800003e+00 1.99500000e+00
    1.99199998e+00 1.99199998e+00 0. 0. 0. 0. 0. 0. 0. 0. 0. 0. 0. 0. 0.
    0. 0. 1.93299997e+00 2.02300000e+00 2.02200007e+00 2.01999998e+00
    2.02200007e+00 2.01900005e+00 2.01900005e+00 2.01799989e+00
    2.01699996e+00 2.01699996e+00 2.01399994e+00 2.00900006e+00
    2.00799990e+00 2.00799990e+00 2.00799990e+00 2.00300002e+00
    2.00300002e+00 2.00300002e+00 2.00300002e+00 2. 2. 1.99800003e+00
    1.99500000e+00 1.99199998e+00 1.99199998e+00 0. 0. 0. 0. 0. 0. 0. 0.
    0. 0. 0. 0. 0. 0. 0. 1.92400002e+00 2.01900005e+00 2.02200007e+00
    2.02200007e+00 2.01900005e+00 2.01900005e+00 2.01900005e+00
    2.01900005e+00 2.01699996e+00 2.01300001e+00 2.01099992e+00
    2.00900006e+00 2.00799990e+00 2.00799990e+00 2.00600004e+00
    2.00399995e+00 2.00300002e+00 2.00300002e+00 2. 2. 2. 1.99800003e+00
    1.99500000e+00 1.99199998e+00 1.99000001e+00 0. 0. 0. 0. 0. 0. 0. 0.
    0. 0. 0. 0. 0. 0. 0. 1.04400003e+00 2.01900005e+00 2.02200007e+00
    2.01900005e+00 2.01900005e+00 2.01699996e+00 2.01799989e+00
    2.01799989e+00 2.01399994e+00 2.01099992e+00 2.00999999e+00
    2.00799990e+00 2.00799990e+00 2.00799990e+00 2.00600004e+00
    2.00300002e+00 2.00200009e+00 2. 1.99899995e+00 2. 1.99899995e+00
    1.99600005e+00 1.99300003e+00 1.99199998e+00 1.99100006e+00 0. 0. 0.
    0. 0. 0. 0. 0. 0. 0. 0. 0. 0. 0. 0. 1.04400003e+00 2.01900005e+00
    2.02200007e+00 2.01900005e+00 2.01900005e+00 2.01699996e+00
    2.01699996e+00 2.01399994e+00 2.01099992e+00 2.01099992e+00
    2.00799990e+00 2.00600004e+00 2.00600004e+00 2.00600004e+00
    2.00500011e+00 2. 2.00200009e+00 2. 1.99800003e+00 1.99899995e+00
    1.99800003e+00 1.99300003e+00 1.99199998e+00 1.99199998e+00
    1.98899996e+00 0. 0. 0. 0. 0. 0. 0. 0. 0. 0. 0. 0. 0. 0. 0.
    1.92400002e+00 2.01900005e+00 2.01900005e+00 2.01900005e+00
    2.01699996e+00 2.01399994e+00 2.01099992e+00 2.01099992e+00
    2.01099992e+00 2.01099992e+00 2.00799990e+00 2.00600004e+00
    2.00600004e+00 2.00600004e+00 2. 2. 2.00200009e+00 2. 2. 2.
    1.99800003e+00 1.99300003e+00 1.99199998e+00 1.99199998e+00
    1.99000001e+00 0. 0. 0. 0. 0. 0. 0. 0. 0. 0. 0. 0. 0. 0. 0.
    1.92499995e+00 2.01799989e+00 2.01900005e+00 2.01699996e+00
    2.01500010e+00 2.01699996e+00 2.01399994e+00 2.01399994e+00
    2.01399994e+00 2.01099992e+00 2.00799990e+00 2.00799990e+00
    2.00699997e+00 2.00500011e+00 2.00200009e+00 2. 2. 2. 1.99899995e+00
    1.99800003e+00 1.99800003e+00 1.99199998e+00 1.99199998e+00
    1.99199998e+00 1.98899996e+00 0. 0. 0. 0. 0. 0. 0. 0. 0. 0. 0. 0. 0.
    0. 0. 1.92200005e+00 2.01699996e+00 2.01900005e+00 2.01900005e+00
    2.01500010e+00 2.01200008e+00 2.01200008e+00 2.01300001e+00
    2.01099992e+00 2.01099992e+00 2.00799990e+00 2.00699997e+00
    2.00500011e+00 2.00399995e+00 2. 2. 2. 2. 2. 1.99800003e+00
    1.99800003e+00 1.99199998e+00 1.99199998e+00 1.99000001e+00
    1.99000001e+00 0. 0. 0. 0. 0. 0. 0. 0. 0. 0. 0. 0. 0. 0. 0.
    1.92200005e+00 2.01699996e+00 2.01900005e+00 2.01699996e+00
    2.01399994e+00 2.01099992e+00 2.01099992e+00 2.01099992e+00
    2.00999999e+00 2.00799990e+00 2.00799990e+00 2.00600004e+00
    2.00399995e+00 2.00200009e+00 1.99899995e+00 1.99800003e+00 2. 2.
    1.99800003e+00 1.99500000e+00 1.99199998e+00 1.99199998e+00
    1.99100006e+00 1.99000001e+00 1.99000001e+00 0. 0. 0. 0. 0. 0. 0. 0.
    0. 0. 0. 0. 0. 0. 0. 1.92299998e+00 2.01699996e+00 2.01900005e+00
    2.01699996e+00 2.01399994e+00 2.01399994e+00 2.01099992e+00
    2.00999999e+00 2.00999999e+00 2.00799990e+00 2.00799990e+00
    2.00399995e+00 2. 2. 2. 1.99800003e+00 1.99899995e+00 2.
    1.99600005e+00 1.99199998e+00 1.99199998e+00 1.99199998e+00
    1.99000001e+00 1.99000001e+00 1.99000001e+00 0. 0. 0. 0. 0. 0. 0. 0.
    0. 0. 0. 0. 0. 0. 0. 1.04400003e+00 2.01699996e+00 2.01699996e+00
    2.01399994e+00 2.01399994e+00 2.01099992e+00 2.01099992e+00
    2.00799990e+00 2.00799990e+00 2.00799990e+00 2.00600004e+00 2. 2. 2.
    1.99800003e+00 1.99800003e+00 2. 1.99800003e+00 1.99500000e+00
    1.99399996e+00 1.99000001e+00 1.99000001e+00 1.99000001e+00
    1.99000001e+00 1.98899996e+00 0. 0. 0. 0. 0. 0. 0. 0. 0. 0. 0. 0. 0.
    0. 0. 1.99699998e+00 2.01699996e+00 2.01900005e+00 2.01099992e+00
    2.01099992e+00 2.01099992e+00 2.01099992e+00 2.00900006e+00
    2.00600004e+00 2.00399995e+00 2.00300002e+00 2. 2. 2. 1.99800003e+00
    1.99600005e+00 2. 1.99899995e+00 1.99600005e+00 1.99300003e+00
    1.99000001e+00 1.99000001e+00 1.99000001e+00 1.99000001e+00
    1.99000001e+00 0. 0. 0. 0. 0. 0. 0. 0. 0. 0. 0. 0. 0. 0. 0.
    2.01699996e+00 2.01699996e+00 2.01500010e+00 2.01200008e+00
    2.01099992e+00 2.01099992e+00 2.01099992e+00 2.00799990e+00
    2.00600004e+00 2.00500011e+00 2.00300002e+00 2. 2. 1.99800003e+00
    1.99699998e+00 1.99300003e+00 1.99699998e+00 1.99800003e+00
    1.99699998e+00 1.99199998e+00 1.99100006e+00 1.99000001e+00
    1.99000001e+00 1.99000001e+00 1.98899996e+00 0. 0. 0. 0. 0. 0. 0. 0.
    0. 0. 0. 0. 0. 0. 0. 2.01699996e+00 2.01399994e+00 2.01500010e+00
    2.01099992e+00 2.01099992e+00 2.00999999e+00 2.00799990e+00
