<?xml version="1.0"?>
<opencv_storage>
<Depth type_id="opencv-matrix">
  <rows>40</rows>
  <cols>40</cols>
  <dt>f</dt>
  <data>
    0. 0. 0. 0. 0. 0. 0. 0. 0. 0. 0. 0. 0. 0. 0. 0. 0. 0. 0. 0. 0. 0. 0.
    0. 0. 0. 0. 0. 0. 0. 0. 0. 0. 0. 0. 0. 0. 0. 0. 0. 0. 0. 0. 0. 0. 0.
    0. 0. 0. 0. 0. 0. 0. 0. 0. 0. 0. 0. 0. 0. 0. 0. 0. 0. 0. 0. 0. 0. 0.
    0. 0. 0. 0. 0. 0. 0. 0. 0. 0. 0. 0. 0. 0. 0. 0. 0. 0. 0. 0. 0. 0. 0.
    0. 0. 0. 0. 0. 0. 0. 0. 0. 0. 0. 0. 0. 0. 0. 0. 0. 0. 0. 0. 0. 0. 0.
    0. 0. 0. 0. 0. 0. 0. 0. 0. 0. 0. 0. 0. 0. 0. 0. 0. 0. 0. 0. 0. 0. 0.
    0. 0. 0. 0. 0. 0. 0. 0. 0. 0. 0. 0. 0. 0. 0. 0. 0. 0. 0. 0. 0. 0. 0.
    0. 0. 0. 0. 0. 0. 0. 0. 0. 0. 0. 0. 0. 0. 0. 0. 0. 0. 0. 0. 0. 0. 0.
    0. 0. 0. 0. 0. 0. 0. 0. 0. 0. 0. 0. 0. 0. 0. 0. 0. 0. 0. 0. 0. 0. 0.
    0. 0. 0. 0. 0. 0. 0. 0. 0. 0. 0. 0. 0. 0. 0. 0. 0. 0. 0. 0. 0. 0. 0.
    0. 0. 0. 0. 0. 0. 0. 0. 0. 0. 0. 0. 0. 0. 0. 0. 0. 0. 0. 0. 0. 0. 0.
    0. 0. 0. 0. 0. 0. 0. 0. 0. 0. 0. 0. 0. 0. 0. 0. 0. 0. 0. 0. 0. 0. 0.
    0. 0. 0. 0. 0. 0. 0. 0. 0. 0. 0. 0. 0. 0. 0. 0. 0. 0. 0. 0. 0. 0. 0.
    0. 0. 0. 0. 0. 0. 0. 0. 0. 0. 0. 0. 0. 0. 0. 0. 0. 0. 0. 0. 0. 0. 0.
    0. 0. 0. 0. 0. 0. 0. 0. 0. 0. 0. 0. 0. 0. 0. 0. 0. 0. 0. 0. 0. 0. 0.
    0. 0. 0. 0. 0. 0. 0. 0. 0. 0. 0. 0. 0. 0. 0. 0. 0. 0. 0. 0. 0. 0. 0.
    0. 0. 0. 0. 0. 0. 0. 0. 0. 0. 0. 0. 0. 0. 0. 0. 0. 0. 0. 0. 0. 0. 0.
    0. 0. 0. 0. 0. 0. 0. 0. 0. 0. 0. 0. 0. 0. 0. 0. 0. 0. 0. 0. 0. 0. 0.
    0. 0. 0. 0. 0. 0. 0. 0. 0. 0. 0. 0. 0. 0. 0. 0. 0. 0. 0. 0. 0. 0. 0.
    0. 0. 0. 0. 0. 0. 0. 0. 0. 0. 0. 0. 0. 0. 0. 0. 0. 0. 0. 0. 0. 0. 0.
    0. 0. 0. 0. 0. 0. 0. 0. 0. 0. 0. 0. 0. 0. 0. 0. 0. 0. 0. 0. 0. 0.
    1.31299996e+00 1.29400003e+00 1.29400003e+00 1.75600004e+00
    2.11800003e+00 2.11199999e+00 2.11500001e+00 2.11400008e+00
    2.11299992e+00 2.11199999e+00 2.10100007e+00 2.09500003e+00
    2.09500003e+00 2.09299994e+00 2.07500005e+00 2.05699992e+00
    2.03800011e+00 2.00799990e+00 2. 2.03299999e+00 2.45700002e+00
    2.28699994e+00 2.01600003e+00 2.01600003e+00 2.01600003e+00
    2.01500010e+00 2.01500010e+00 2.00900006e+00 1.99100006e+00
    1.96399999e+00 1.94200003e+00 1.92499995e+00 1.92400002e+00
    1.92400002e+00 1.92400002e+00 0. 0. 0. 0. 0. 1.31500006e+00
    1.32099998e+00 1.39699996e+00 1.84500003e+00 2.09100008e+00
    2.08100009e+00 2.10700011e+00 2.08999991e+00 2.08400011e+00
    2.06500006e+00 2.05599999e+00 2.05999994e+00 2.06399989e+00
    2.05900002e+00 2.05200005e+00 2.04299998e+00 2.03600001e+00
    2.00900006e+00 2. 2.00399995e+00 2.01200008e+00 2.01399994e+00
    2.01399994e+00 2.01200008e+00 2.01200008e+00 1.99600005e+00
    1.99600005e+00 1.99100006e+00 1.97300005e+00 1.95599997e+00
    1.94099998e+00 1.92799997e+00 1.92799997e+00 1.92700005e+00
    1.92100000e+00 0. 0. 0. 0. 0. 1.31500006e+00 1.39400005e+00
    1.83399999e+00 2.11299992e+00 2.08899999e+00 2.08100009e+00
    2.07399988e+00 2.05699992e+00 2.04600000e+00 2.03099990e+00
    2.02600002e+00 2.03900003e+00 2.04500008e+00 2.02699995e+00
    2.00500011e+00 1.99399996e+00 2.01500010e+00 2.00699997e+00 2.
    2.00300002e+00 1.99199998e+00 1.99199998e+00 1.99500000e+00
    1.99399996e+00 1.97800004e+00 1.96599996e+00 1.96599996e+00
    1.96500003e+00 1.95299995e+00 1.93599999e+00 1.93299997e+00
    1.93299997e+00 1.92100000e+00 1.91100001e+00 1.88800001e+00 0. 0. 0.
    0. 0. 1.31500006e+00 1.50999999e+00 2.12400007e+00 2.09800005e+00
    2.08599997e+00 2.08100009e+00 2.06399989e+00 2.04500008e+00
    2.02699995e+00 2.01600003e+00 2.01600003e+00 2.02200007e+00
    2.00799990e+00 1.99899995e+00 1.98899996e+00 1.98399997e+00
    1.98800004e+00 1.99800003e+00 1.99199998e+00 1.98300004e+00
    1.97399998e+00 1.96899998e+00 1.96800005e+00 1.96200001e+00
    1.92799997e+00 1.92200005e+00 1.92200005e+00 1.92700005e+00
    1.92700005e+00 1.91600001e+00 1.91600001e+00 1.91600001e+00
    1.88699996e+00 1.87100005e+00 1.84500003e+00 0. 0. 0. 0. 0.
    1.36000001e+00 1.93799996e+00 2.11599994e+00 2.10299993e+00
    2.08599997e+00 2.08100009e+00 2.06399989e+00 2.04699993e+00
    2.03800011e+00 2.02699995e+00 2.01999998e+00 2.01600003e+00 2.
    1.99800003e+00 1.98399997e+00 1.98399997e+00 1.98399997e+00
    1.99600005e+00 1.98500001e+00 1.97300005e+00 1.96899998e+00
    1.96899998e+00 1.96099997e+00 1.94299996e+00 1.91299999e+00
    1.90900004e+00 1.90900004e+00 1.90999997e+00 1.90600002e+00
    1.89900005e+00 1.89900005e+00 1.89900005e+00 1.88000000e+00
    1.86199999e+00 1.83899999e+00 0. 0. 0. 0. 0. 1.37800002e+00
    2.11500001e+00 2.11500001e+00 2.10599995e+00 2.08599997e+00
    2.08100009e+00 2.06399989e+00 2.05900002e+00 2.04699993e+00
    2.04600000e+00 2.04399991e+00 2.03200006e+00 2.01399994e+00
    1.99800003e+00 1.98399997e+00 1.98399997e+00 1.99199998e+00
    1.99899995e+00 1.98500001e+00 1.96899998e+00 1.96899998e+00
    1.96899998e+00 1.96099997e+00 1.94299996e+00 1.92400002e+00
    1.92200005e+00 1.90900004e+00 1.90900004e+00 1.90199995e+00
    1.89499998e+00 1.89499998e+00 1.89499998e+00 1.87899995e+00
    1.86300004e+00 1.84599996e+00 0. 0. 0. 0. 0. 1.37899995e+00
    2.12899995e+00 2.11500001e+00 2.10599995e+00 2.08599997e+00
    2.08100009e+00 2.06399989e+00 2.06399989e+00 2.06399989e+00
    2.05599999e+00 2.04800010e+00 2.03500009e+00 2.01699996e+00
    2.01399994e+00 2. 2. 2. 2. 1.98500001e+00 1.98399997e+00
    1.98399997e+00 1.97899997e+00 1.96099997e+00 1.95400000e+00
    1.92900002e+00 1.92400002e+00 1.90900004e+00 1.90900004e+00
    1.90199995e+00 1.89499998e+00 1.88399994e+00 1.88100004e+00
    1.88100004e+00 1.87699997e+00 1.86099994e+00 0. 0. 0. 0. 0.
    1.51600003e+00 2.13000011e+00 2.11700010e+00 2.10700011e+00
    2.09899998e+00 2.08299994e+00 2.06399989e+00 2.06399989e+00
    2.06399989e+00 2.05699992e+00 2.05100012e+00 2.04900002e+00
    2.04800010e+00 2.02999997e+00 2.01600003e+00 2.00999999e+00
    2.00099993e+00 2. 1.98800004e+00 1.98699999e+00 1.99000001e+00
    1.99399996e+00 1.96800005e+00 1.95400000e+00 1.94099998e+00
    1.92700005e+00 1.92200005e+00 1.91199994e+00 1.90600002e+00
    1.89699996e+00 1.88600004e+00 1.88399994e+00 1.88300002e+00
    1.88100004e+00 1.86899996e+00 0. 0. 0. 0. 0. 2.13299990e+00
    2.13299990e+00 2.12599993e+00 2.11500001e+00 2.10299993e+00
    2.08299994e+00 2.06399989e+00 2.06399989e+00 2.06399989e+00
    2.06399989e+00 2.06399989e+00 2.05500007e+00 2.04800010e+00
    2.03099990e+00 2.01999998e+00 2.01600003e+00 2.00600004e+00 2. 2. 2.
    2. 1.99399996e+00 1.96800005e+00 1.95400000e+00 1.94099998e+00
    1.93900001e+00 1.92900002e+00 1.92900002e+00 1.92700005e+00
    1.90799999e+00 1.89600003e+00 1.89499998e+00 1.89300001e+00
    1.88100004e+00 1.86899996e+00 0. 0. 0. 0. 0. 2.13400006e+00
    2.13899994e+00 2.12899995e+00 2.11899996e+00 2.10299993e+00
    2.09100008e+00 2.06399989e+00 2.06399989e+00 2.06100011e+00
    2.05599999e+00 2.06100011e+00 2.05800009e+00 2.04800010e+00
    2.03900003e+00 2.02699995e+00 2.01600003e+00 2.00600004e+00 2. 2. 2.
    2. 1.99399996e+00 1.96800005e+00 1.95400000e+00 1.94799995e+00
    1.94599998e+00 1.93900001e+00 1.93900001e+00 1.93200004e+00
    1.91400003e+00 1.89800000e+00 1.89499998e+00 1.89300001e+00
    1.88100004e+00 1.86899996e+00 0. 0. 0. 0. 0. 2.13299990e+00
    2.13700008e+00 2.13299990e+00 2.12299991e+00 2.10299993e+00
    2.09800005e+00 2.06200004e+00 1.52999997e+00 1.52800000e+00
    1.52199996e+00 1.52300000e+00 1.52100003e+00 2.03200006e+00
    2.03600001e+00 2.01999998e+00 2.01600003e+00 2.01300001e+00
    2.00300002e+00 2. 2. 1.99800003e+00 1.98699999e+00 1.96800005e+00
    1.95400000e+00 1.95400000e+00 1.95400000e+00 1.93900001e+00
    1.93900001e+00 1.93200004e+00 1.92100000e+00 1.89999998e+00
    1.89499998e+00 1.88499999e+00 1.87800002e+00 1.86800003e+00 0. 0. 0.
    0. 0. 2.13299990e+00 2.13000011e+00 2.11800003e+00 2.11700010e+00
    2.10299993e+00 2.09800005e+00 1.39999998e+00 1.24699998e+00
    1.24699998e+00 1.24399996e+00 1.23599994e+00 1.23000002e+00
