<?xml version="1.0"?>
<opencv_storage>
<Depth type_id="opencv-matrix">
  <rows>40</rows>
  <cols>40</cols>
  <dt>f</dt>
  <data>
    0. 0. 0. 0. 0. 0. 0. 0. 0. 0. 0. 0. 0. 0. 0. 0. 0. 0. 0. 0. 0. 0. 0.
    0. 0. 0. 0. 0. 0. 0. 0. 0. 0. 0. 0. 0. 0. 0. 0. 0. 0. 0. 0. 0. 0. 0.
    0. 0. 0. 0. 0. 0. 0. 0. 0. 0. 0. 0. 0. 0. 0. 0. 0. 0. 0. 0. 0. 0. 0.
    0. 0. 0. 0. 0. 0. 0. 0. 0. 0. 0. 0. 0. 0. 0. 0. 0. 0. 0. 0. 0. 0. 0.
    0. 0. 0. 0. 0. 0. 0. 0. 0. 0. 0. 0. 0. 0. 0. 0. 0. 0. 0. 0. 0. 0. 0.
    0. 0. 0. 0. 0. 0. 0. 0. 0. 0. 0. 0. 0. 0. 0. 0. 0. 0. 0. 0. 0. 0. 0.
    0. 0. 0. 0. 0. 0. 0. 0. 0. 0. 0. 0. 0. 0. 0. 0. 0. 0. 0. 0. 0. 0. 0.
    0. 0. 0. 0. 0. 0. 0. 0. 0. 0. 0. 0. 0. 0. 0. 0. 0. 0. 0. 0. 0. 0. 0.
    0. 0. 0. 0. 0. 0. 0. 0. 0. 0. 0. 0. 0. 0. 0. 0. 0. 0. 0. 0. 0. 0. 0.
    0. 0. 0. 0. 0. 0. 0. 0. 0. 0. 0. 0. 0. 0. 0. 0. 0. 0. 0. 0. 0. 0. 0.
    0. 0. 0. 0. 0. 0. 0. 0. 0. 0. 0. 0. 0. 0. 0. 0. 0. 0. 0. 0. 0. 0. 0.
    0. 0. 0. 0. 0. 0. 0. 0. 0. 0. 0. 0. 0. 0. 0. 0. 0. 0. 0. 0. 0. 0. 0.
    0. 0. 0. 0. 0. 0. 0. 0. 0. 0. 0. 0. 0. 0. 0. 0. 0. 0. 0. 0. 0. 0. 0.
    0. 0. 0. 0. 0. 0. 0. 0. 0. 0. 0. 0. 0. 0. 0. 0. 0. 0. 0. 0. 0. 0. 0.
    0. 0. 0. 0. 0. 0. 0. 0. 0. 0. 0. 0. 0. 0. 0. 0. 0. 0. 0. 0. 0. 0. 0.
    0. 0. 0. 0. 0. 0. 0. 0. 0. 0. 0. 0. 0. 0. 0. 0. 0. 0. 0. 0. 0. 0. 0.
    0. 0. 0. 0. 0. 0. 0. 0. 0. 0. 0. 0. 0. 0. 0. 0. 0. 0. 0. 0. 0. 0. 0.
    0. 0. 0. 0. 0. 0. 0. 0. 0. 0. 0. 0. 0. 0. 0. 0. 0. 0. 0. 0. 0. 0. 0.
    0. 0. 0. 0. 0. 0. 0. 0. 0. 0. 0. 0. 0. 0. 0. 0. 0. 0. 0. 0. 0. 0. 0.
    0. 0. 0. 0. 0. 0. 0. 0. 0. 0. 0. 0. 0. 0. 0. 0. 0. 2.74499989e+00 2.
    2. 1.99899995e+00 1.95400000e+00 1.90900004e+00 1.90199995e+00
    1.90199995e+00 1.90199995e+00 1.90199995e+00 1.90199995e+00
    1.90199995e+00 1.88800001e+00 1.84500003e+00 1.80200005e+00
    1.75999999e+00 1.71700001e+00 1.71599996e+00 1.71599996e+00
    1.68400002e+00 1.64300001e+00 1.62800002e+00 1.62800002e+00
    1.62800002e+00 1.62800002e+00 1.16600001e+00 0. 0. 0. 0. 0. 0. 0. 0.
    0. 0. 0. 0. 0. 0. 2.60400009e+00 2. 2. 1.99899995e+00 1.96300006e+00
    1.92600000e+00 1.91299999e+00 1.90499997e+00 1.89699996e+00
    1.88800001e+00 1.88399994e+00 1.88399994e+00 1.87300003e+00
    1.83800006e+00 1.80200005e+00 1.75999999e+00 1.71700001e+00
    1.71599996e+00 1.71599996e+00 1.68400002e+00 1.64300001e+00
    1.62800002e+00 1.62800002e+00 1.62800002e+00 1.62800002e+00
    1.16600001e+00 0. 0. 0. 0. 0. 0. 0. 0. 0. 0. 0. 2.75099993e+00
    2.72099996e+00 2.58400011e+00 2.26099992e+00 2. 2. 2. 1.98399997e+00
    1.96800005e+00 1.94099998e+00 1.91199994e+00 1.88300002e+00
    1.85500002e+00 1.84099996e+00 1.84099996e+00 1.83599997e+00
    1.82099998e+00 1.80200005e+00 1.75999999e+00 1.71700001e+00
    1.71599996e+00 1.71599996e+00 1.68400002e+00 1.64300001e+00
    1.62800002e+00 1.62800002e+00 1.62800002e+00 1.62800002e+00
    1.16600001e+00 0. 0. 0. 0. 0. 0. 0. 0. 0. 0. 2.48499990e+00
    2.06800008e+00 2.02600002e+00 2. 2. 2. 2. 2. 2. 2. 1.96200001e+00
    1.91700006e+00 1.87300003e+00 1.83000004e+00 1.80799997e+00
    1.80799997e+00 1.80799997e+00 1.80799997e+00 1.80200005e+00
    1.75999999e+00 1.71700001e+00 1.71599996e+00 1.71599996e+00
    1.68400002e+00 1.64300001e+00 1.62800002e+00 1.62800002e+00
    1.62800002e+00 1.62800002e+00 1.21700001e+00 0. 0. 0. 0.
    2.98000002e+00 2.98900008e+00 2.99799991e+00 2.99900007e+00
    2.99900007e+00 2.68499994e+00 2.24600005e+00 2.03299999e+00
    2.01300001e+00 2. 2. 2. 2. 2. 2. 2. 1.96200001e+00 1.91700006e+00
    1.87300003e+00 1.83000004e+00 1.80799997e+00 1.80799997e+00
    1.80799997e+00 1.80799997e+00 1.80200005e+00 1.75999999e+00
    1.71700001e+00 1.71599996e+00 1.71599996e+00 1.68400002e+00
    1.64300001e+00 1.62800002e+00 1.62800002e+00 1.62800002e+00
    1.62800002e+00 1.42900002e+00 0. 0. 0. 2.95400000e+00 2.20000005e+00
    2.15300012e+00 2.10599995e+00 2.10100007e+00 2.10100007e+00
    2.06800008e+00 2.02099991e+00 2. 2. 2. 2. 2. 2. 2. 2. 2.
    1.96200001e+00 1.91700006e+00 1.87399995e+00 1.83200002e+00
    1.81099999e+00 1.81099999e+00 1.80999994e+00 1.80700004e+00
    1.79900002e+00 1.75800002e+00 1.71700001e+00 1.71599996e+00
    1.71599996e+00 1.68400002e+00 1.64300001e+00 1.62800002e+00
    1.62800002e+00 1.62800002e+00 1.62800002e+00 1.62800002e+00 0. 0.
    2.97199988e+00 2.54999995e+00 2.15300012e+00 2.12800002e+00
    2.10400009e+00 2.10100007e+00 2.10100007e+00 2.06800008e+00
    2.02099991e+00 2. 2. 2. 2. 2. 2. 2. 2. 2. 1.96200001e+00
    1.91700006e+00 1.88699996e+00 1.86500001e+00 1.85399997e+00
    1.85399997e+00 1.84099996e+00 1.79900002e+00 1.75999999e+00
    1.73800004e+00 1.71700001e+00 1.71599996e+00 1.71599996e+00
    1.68400002e+00 1.64300001e+00 1.62800002e+00 1.62800002e+00
    1.62800002e+00 1.62800002e+00 1.62800002e+00 2.27900004e+00
    2.23300004e+00 2.18799996e+00 2.14599991e+00 2.10599995e+00
    2.10400009e+00 2.10100007e+00 2.10100007e+00 2.10100007e+00
    2.06800008e+00 2.02099991e+00 2. 2. 2. 2. 2. 2. 2. 2. 2.
    1.96200001e+00 1.91700006e+00 1.90100002e+00 1.89800000e+00
    1.89699996e+00 1.89699996e+00 1.87100005e+00 1.78999996e+00
    1.72000003e+00 1.71800005e+00 1.71599996e+00 1.71599996e+00
    1.71599996e+00 1.68400002e+00 1.64300001e+00 1.62800002e+00
    1.62800002e+00 1.62800002e+00 1.62800002e+00 1.62800002e+00
    2.18600011e+00 2.13800001e+00 2.10100007e+00 2.10100007e+00
    2.10100007e+00 2.10100007e+00 2.10100007e+00 2.10100007e+00
    2.10100007e+00 2.08100009e+00 2.05399990e+00 2.04099989e+00
    2.04099989e+00 2.03399992e+00 2.01500010e+00 2. 2. 2. 2. 2.
    1.97800004e+00 1.95099998e+00 1.92999995e+00 1.91100001e+00
    1.89300001e+00 1.87600005e+00 1.84200001e+00 1.77400005e+00
    1.71399999e+00 1.69700003e+00 1.68099999e+00 1.67999995e+00
    1.67999995e+00 1.66100001e+00 1.63699996e+00 1.62800002e+00
    1.62800002e+00 1.62800002e+00 1.62800002e+00 1.62800002e+00
    2.18600011e+00 2.13800001e+00 2.10100007e+00 2.10100007e+00
    2.10100007e+00 2.10100007e+00 2.10100007e+00 2.10100007e+00
    2.10100007e+00 2.09699988e+00 2.09100008e+00 2.08800006e+00
    2.08800006e+00 2.07299995e+00 2.03299999e+00 2. 2. 2. 2. 2.
    1.99500000e+00 1.98899996e+00 1.96099997e+00 1.92200005e+00
    1.88300002e+00 1.84599996e+00 1.80499995e+00 1.75699997e+00
    1.71099997e+00 1.67600000e+00 1.64100003e+00 1.63999999e+00
    1.63999999e+00 1.63499999e+00 1.63000000e+00 1.62800002e+00
    1.62800002e+00 1.62800002e+00 1.62800002e+00 1.62800002e+00
    2.18600011e+00 2.13800001e+00 2.10100007e+00 2.10100007e+00
    2.10100007e+00 2.10100007e+00 2.10100007e+00 2.10100007e+00
    2.10100007e+00 2.10100007e+00 2.10100007e+00 2.10100007e+00
    2.10100007e+00 2.08400011e+00 2.03800011e+00 2. 2. 2. 2. 2. 2. 2.
    1.97000003e+00 1.92499995e+00 1.88100004e+00 1.83700001e+00
    1.78999996e+00 1.73500001e+00 1.68299997e+00 1.65600002e+00
    1.62899995e+00 1.62800002e+00 1.62800002e+00 1.62800002e+00
    1.62800002e+00 1.63600004e+00 1.64999998e+00 1.65699995e+00
    1.65699995e+00 1.65699995e+00 2.18600011e+00 2.13800001e+00
    2.10100007e+00 2.10100007e+00 2.10100007e+00 2.10100007e+00
    2.10100007e+00 2.10100007e+00 2.10100007e+00 2.10100007e+00
    2.10100007e+00 2.10100007e+00 2.10100007e+00 2.08400011e+00
    2.03800011e+00 2. 2. 2. 2. 2. 2. 2. 1.97000003e+00 1.92499995e+00
    1.88100004e+00 1.83700001e+00 1.78400004e+00 1.71000004e+00
    1.64499998e+00 1.63699996e+00 1.62800002e+00 1.62800002e+00
    1.62800002e+00 1.62800002e+00 1.62800002e+00 1.64800000e+00
    1.67999995e+00 1.69700003e+00 1.69700003e+00 1.69700003e+00
    2.18600011e+00 2.13800001e+00 2.10100007e+00 2.10100007e+00
    2.10100007e+00 2.10100007e+00 2.10100007e+00 2.10100007e+00
    2.10100007e+00 2.10100007e+00 2.10100007e+00 2.10100007e+00
    2.10100007e+00 2.08400011e+00 2.03800011e+00 2. 2. 2. 2.01200008e+00
    2.02300000e+00 2.01500010e+00 2.00399995e+00 1.97700000e+00
    1.94400001e+00 1.89999998e+00 1.84500003e+00 1.78199995e+00
    1.69900000e+00 1.62800002e+00 1.62800002e+00 1.62800002e+00
