<?xml version="1.0"?>
<opencv_storage>
<Depth type_id="opencv-matrix">
  <rows>40</rows>
  <cols>40</cols>
  <dt>f</dt>
  <data>
    0. 0. 0. 0. 0. 0. 0. 0. 0. 0. 0. 0. 0. 0. 0. 0. 0. 0. 0. 0. 0. 0. 0.
    0. 0. 0. 0. 0. 0. 0. 0. 0. 0. 0. 0. 0. 0. 0. 0. 0. 0. 0. 0. 0. 0. 0.
    0. 0. 0. 0. 0. 0. 0. 0. 0. 0. 0. 0. 0. 0. 0. 0. 0. 0. 0. 0. 0. 0. 0.
    0. 0. 0. 0. 0. 0. 0. 0. 0. 0. 0. 0. 0. 0. 0. 0. 0. 0. 0. 0. 0. 0. 0.
    0. 0. 0. 0. 0. 0. 0. 0. 0. 0. 0. 0. 0. 0. 0. 0. 0. 0. 0. 0. 0. 0. 0.
    0. 0. 0. 0. 0. 0. 0. 0. 0. 0. 0. 0. 0. 0. 0. 0. 0. 0. 0. 0. 0. 0. 0.
    0. 0. 0. 0. 0. 0. 0. 0. 0. 0. 0. 0. 0. 0. 0. 0. 0. 0. 0. 0. 0. 0. 0.
    0. 0. 0. 0. 0. 0. 0. 0. 0. 0. 0. 0. 0. 0. 0. 0. 0. 0. 0. 0. 0. 0. 0.
    0. 0. 0. 0. 0. 0. 0. 0. 0. 0. 0. 0. 0. 0. 0. 0. 0. 0. 0. 0. 0. 0. 0.
    0. 0. 0. 0. 0. 0. 0. 0. 0. 0. 0. 0. 0. 0. 0. 0. 0. 0. 0. 0. 0. 0. 0.
    0. 0. 0. 0. 0. 0. 0. 0. 0. 0. 0. 0. 0. 0. 0. 0. 0. 0. 0. 0. 0. 0. 0.
    0. 0. 0. 0. 0. 0. 0. 0. 0. 0. 0. 0. 0. 0. 0. 0. 0. 0. 0. 0. 0. 0. 0.
    0. 0. 0. 0. 0. 0. 0. 0. 0. 0. 0. 0. 0. 0. 0. 0. 0. 0. 0. 0. 0. 0. 0.
    0. 0. 0. 0. 0. 0. 0. 0. 0. 0. 0. 0. 0. 0. 0. 0. 0. 0. 0. 0. 0. 0. 0.
    0. 0. 0. 0. 0. 0. 0. 0. 0. 0. 0. 0. 0. 0. 0. 0. 0. 0. 0. 0. 0. 0. 0.
    0. 0. 0. 0. 0. 0. 0. 0. 0. 0. 0. 0. 0. 0. 0. 0. 0. 0. 0. 0. 0. 0. 0.
    0. 0. 0. 0. 0. 0. 0. 1.70899999e+00 0. 0. 0. 0. 0. 0. 0. 0. 0. 0. 0.
    0. 0. 0. 2.04600000e+00 2.04600000e+00 2.04600000e+00 2.04600000e+00
    1.52499998e+00 0. 0. 0. 0. 0. 0. 0. 0. 0. 2.40400004e+00 0. 0. 0. 0.
    0. 0. 0. 0. 0. 0. 0. 1.89199996e+00 0. 0. 0. 0. 0. 0. 0. 0. 0.
    1.68299997e+00 1.68299997e+00 1.71500003e+00 2.03699994e+00
    2.04600000e+00 2.04600000e+00 2.04600000e+00 2.04600000e+00
    1.51999998e+00 0. 0. 0. 0. 0. 0. 0. 0. 0. 0. 0. 0. 0. 0. 0. 0. 0. 0.
    0. 0. 0. 0. 1.93599999e+00 0. 0. 0. 0. 0. 1.34099996e+00
    2.03699994e+00 2.03999996e+00 2.03699994e+00 2.03699994e+00
    2.03699994e+00 2.03699994e+00 2.03800011e+00 2.04600000e+00
    2.04600000e+00 2.04600000e+00 1.51999998e+00 0. 0. 0. 0. 0. 0. 0. 0.
    0. 0. 0. 0. 0. 0. 0. 0. 0. 0. 0. 0. 0. 0. 0. 0. 0. 0. 0.
    1.79900002e+00 2.01600003e+00 2.03699994e+00 2.03699994e+00
    2.03699994e+00 2.03699994e+00 2.03699994e+00 2.03699994e+00
    2.03800011e+00 2.04600000e+00 2.04600000e+00 2.04600000e+00
    1.51400006e+00 0. 0. 0. 0. 0. 0. 0. 0. 0. 0. 0. 0. 0. 0. 0. 0. 0. 0.
    0. 0. 0. 0. 0. 0. 0. 0. 2.01799989e+00 2.02699995e+00 2.03200006e+00
    2.03699994e+00 2.03500009e+00 2.03299999e+00 2.03699994e+00
    2.03699994e+00 2.03999996e+00 2.04500008e+00 2.03699994e+00
    2.03699994e+00 2.03699994e+00 2.04600000e+00 0. 0. 0. 0. 0. 0. 0. 0.
    0. 0. 0. 0. 0. 0. 0. 0. 0. 0. 0. 0. 0. 2.30800009e+00 2.22900009e+00
    1.90400004e+00 1.90100002e+00 2.00500011e+00 2.02699995e+00
    2.02800012e+00 2.03200006e+00 2.03699994e+00 2.03299999e+00
    2.02800012e+00 2.03200006e+00 2.02900004e+00 2.03699994e+00
    2.03699994e+00 2.04299998e+00 2.04500008e+00 2.04500008e+00
    2.04600000e+00 0. 0. 0. 0. 0. 0. 0. 0. 0. 0. 0. 0. 0. 0. 0. 0. 0. 0.
    0. 0. 2.01399994e+00 2.01099992e+00 2.00900006e+00 2.00900006e+00
    2.00999999e+00 2.01699996e+00 2.01900005e+00 2.01399994e+00
    2.01600003e+00 2.01900005e+00 2.02999997e+00 2.03299999e+00
    2.03200006e+00 2.03299999e+00 2.03699994e+00 2.03699994e+00
    2.03699994e+00 2.03900003e+00 2.04999995e+00 2.05100012e+00
    1.26100004e+00 0. 0. 0. 0. 0. 0. 0. 0. 0. 0. 0. 0. 0. 0. 0. 2. 2. 2.
    2.00500011e+00 2.00900006e+00 2.00900006e+00 2.00900006e+00
    2.00900006e+00 2.00900006e+00 2.00900006e+00 2.00900006e+00
    2.00900006e+00 2.00900006e+00 2.00900006e+00 2.02800012e+00
    2.02800012e+00 2.02800012e+00 2.03699994e+00 2.03699994e+00
    2.03699994e+00 2.03699994e+00 2.03699994e+00 2.05100012e+00
    2.04600000e+00 2.04600000e+00 0. 0. 0. 0. 0. 0. 0. 0. 0. 0. 0. 0. 0.
    0. 2.00200009e+00 2. 2. 2. 2.00699997e+00 2.00900006e+00
    2.00900006e+00 2.00900006e+00 2.00900006e+00 2.00900006e+00
    2.00900006e+00 2.00900006e+00 2.00900006e+00 2.01500010e+00
    2.01799989e+00 2.02800012e+00 2.02800012e+00 2.02800012e+00
    2.02800012e+00 2.03500009e+00 2.03699994e+00 2.03699994e+00
    2.03699994e+00 2.04399991e+00 2.04600000e+00 2.04600000e+00 0. 0. 0.
    0. 0. 0. 0. 0. 2.95300007e+00 2.93300009e+00 2.96099997e+00
    2.13199997e+00 2.00500011e+00 2. 2. 2. 2. 2.00099993e+00
    2.00900006e+00 2.00900006e+00 2.00900006e+00 2. 2. 2.00300002e+00
    2.00900006e+00 2.00900006e+00 2.00900006e+00 2.01200008e+00
    2.01699996e+00 2.02699995e+00 2.02800012e+00 2.01799989e+00
    2.02699995e+00 2.02800012e+00 2.03699994e+00 2.03699994e+00
    2.03600001e+00 2.04299998e+00 2.04500008e+00 2.04699993e+00 0. 0. 0.
    0. 0. 0. 0. 0. 2.26500010e+00 1.99199998e+00 1.99199998e+00
    1.99899995e+00 2.00200009e+00 2. 2. 2. 2. 2. 2.00399995e+00
    2.00399995e+00 2.00099993e+00 1.99899995e+00 1.99500000e+00
    2.00099993e+00 2.00799990e+00 2.00900006e+00 2.00900006e+00
    2.00900006e+00 2.00900006e+00 2.01500010e+00 2.02200007e+00
    2.01799989e+00 2.01900005e+00 2.02800012e+00 2.03600001e+00
    2.02099991e+00 2.01900005e+00 2.02800012e+00 2.03099990e+00
    1.13800001e+00 0. 0. 0. 0. 0. 0. 0. 0. 1.98500001e+00 1.99100006e+00
    1.99000001e+00 1.99100006e+00 1.99399996e+00 1.99899995e+00 2. 2.
    1.99899995e+00 1.99899995e+00 1.99800003e+00 1.99800003e+00
    1.99899995e+00 1.99800003e+00 1.99199998e+00 2. 2.00799990e+00
    2.00900006e+00 2.00900006e+00 2.00900006e+00 2.00900006e+00
    2.00900006e+00 2.01799989e+00 2.02800012e+00 2.02800012e+00
    2.02800012e+00 2.03600001e+00 2.01699996e+00 2.01200008e+00 0. 0. 0.
    0. 0. 0. 0. 0. 0. 0. 0. 1.98899996e+00 1.98699999e+00 1.98300004e+00
    1.98500001e+00 1.98599994e+00 1.99100006e+00 1.99100006e+00
    1.98800004e+00 1.98699999e+00 1.98599994e+00 1.98599994e+00
    1.98300004e+00 1.99000001e+00 2. 2. 2.00099993e+00 2.00300002e+00
    2.00500011e+00 2.00900006e+00 2.01300001e+00 2.00900006e+00
    2.01200008e+00 2.01799989e+00 2.02800012e+00 2.02800012e+00
    2.02800012e+00 2.03699994e+00 2.03399992e+00 0. 0. 0. 0. 0. 0. 0. 0.
    0. 0. 0. 0. 1.99199998e+00 1.98500001e+00 1.98300004e+00
    1.98300004e+00 1.98099995e+00 1.98099995e+00 1.97399998e+00
    1.96500003e+00 1.97000003e+00 1.98399997e+00 1.99100006e+00
    1.98500001e+00 1.98899996e+00 2. 2. 2.00099993e+00 2. 2.00300002e+00
    2.00900006e+00 2.01600003e+00 2.01600003e+00 2.00900006e+00
    2.01799989e+00 1.81700003e+00 1.65600002e+00 1.65600002e+00 0. 0. 0.
    0. 0. 0. 0. 0. 0. 0. 0. 0. 0. 0. 1.99800003e+00 1.98899996e+00
    1.98099995e+00 1.97599995e+00 1.96700001e+00 1.96700001e+00
    1.96700001e+00 1.97200000e+00 1.97300005e+00 1.98399997e+00
    1.99100006e+00 1.99100006e+00 1.99100006e+00 2. 2.00500011e+00
    2.00799990e+00 2.00699997e+00 2.00799990e+00 2.00900006e+00
    2.00900006e+00 2.00900006e+00 2.00900006e+00 2.01799989e+00
    1.03900003e+00 0. 0. 0. 0. 0. 0. 0. 0. 0. 0. 0. 0. 0. 0. 0. 0.
    1.94799995e+00 1.95500004e+00 1.96399999e+00 1.96500003e+00
    1.94799995e+00 1.95599997e+00 1.96500003e+00 1.97399998e+00
    1.98399997e+00 1.99100006e+00 1.99100006e+00 1.99100006e+00
    1.99100006e+00 2. 2.00699997e+00 2.00799990e+00 2.00099993e+00 2.
    2.00799990e+00 2.00900006e+00 2.00900006e+00 0. 0. 0. 0. 0. 0. 0. 0.
    0. 0. 0. 0. 0. 0. 0. 0. 0. 0. 0. 1.92499995e+00 1.93200004e+00
    1.95299995e+00 1.96399999e+00 1.96200001e+00 1.97000003e+00
    1.98000002e+00 1.98099995e+00 1.98699999e+00 1.99100006e+00
    1.98699999e+00 1.98399997e+00 1.98899996e+00 2. 2.00099993e+00
    2.00099993e+00 2. 2. 0. 0. 0. 0. 0. 0. 0. 0. 0. 0. 0. 0. 0. 0. 0. 0.
    0. 0. 0. 0. 0. 0. 2.16700006e+00 1.93200004e+00 1.96000004e+00
    1.97099996e+00 1.96800005e+00 1.97399998e+00 1.98300004e+00
    1.98300004e+00 1.98300004e+00 1.98300004e+00 1.98300004e+00
    1.98300004e+00 1.98899996e+00 1.99100006e+00 1.99500000e+00
    1.50500000e+00 0. 0. 0. 0. 0. 0. 0. 0. 0. 0. 0. 1.58099997e+00 0. 0.
