<?xml version="1.0"?>
<opencv_storage>
<Depth type_id="opencv-matrix">
  <rows>40</rows>
  <cols>40</cols>
  <dt>f</dt>
  <data>
    0. 0. 0. 0. 0. 0. 0. 0. 0. 0. 0. 0. 0. 0. 0. 0. 0. 0. 0. 0. 0. 0. 0.
    0. 0. 0. 0. 0. 0. 0. 0. 0. 0. 0. 0. 0. 0. 0. 0. 0. 0. 0. 0. 0. 0. 0.
    0. 0. 0. 0. 0. 0. 0. 0. 0. 0. 0. 0. 0. 0. 0. 0. 0. 0. 0. 0. 0. 0. 0.
    0. 0. 0. 0. 0. 0. 0. 0. 0. 0. 0. 0. 0. 0. 0. 0. 0. 0. 0. 0. 0. 0. 0.
    0. 0. 0. 0. 0. 0. 0. 0. 0. 0. 0. 0. 0. 0. 0. 0. 0. 0. 0. 0. 0. 0. 0.
    0. 0. 0. 0. 0. 0. 0. 0. 0. 0. 0. 0. 0. 0. 0. 0. 0. 0. 0. 0. 0. 0. 0.
    0. 0. 0. 0. 0. 0. 0. 0. 0. 0. 0. 0. 0. 0. 0. 0. 0. 0. 0. 0. 0. 0. 0.
    0. 0. 0. 0. 0. 0. 0. 0. 0. 0. 0. 0. 0. 0. 0. 0. 0. 0. 0. 0. 0. 0.
    2.69499993e+00 2.69700003e+00 2.69899988e+00 2.70000005e+00
    2.18799996e+00 2.08200002e+00 2.07399988e+00 2.11599994e+00 0. 0. 0.
    0. 0. 0. 0. 0. 0. 0. 0. 0. 0. 0. 0. 0. 0. 0. 0. 0. 0. 0. 0.
    2.07399988e+00 2.07500005e+00 2.07599998e+00 2.07100010e+00 0.
    2.06800008e+00 2.07100010e+00 2.07200003e+00 2.07200003e+00
    2.07500005e+00 2.07699990e+00 2.07900000e+00 2.07599998e+00
    2.05699992e+00 2.04900002e+00 2.04200006e+00 1.21099997e+00
    1.51999998e+00 0. 0. 0. 0. 0. 0. 0. 0. 0. 0. 0. 0. 0. 0. 0. 0.
    2.00699997e+00 2.00699997e+00 2.01799989e+00 2.05500007e+00
    2.05500007e+00 2.05599999e+00 2.05599999e+00 2.05800009e+00
    2.06200004e+00 2.05299997e+00 2.01600003e+00 2.01600003e+00
    2.01600003e+00 2.00699997e+00 2.00699997e+00 2.01600003e+00
    2.01300001e+00 2.00699997e+00 2.00699997e+00 2.00699997e+00
    2.00300002e+00 2.00300002e+00 2.00300002e+00 0. 0. 0. 0. 0. 0. 0. 0.
    0. 0. 0. 0. 0. 0. 0. 0. 1.99699998e+00 1.99699998e+00 2.00500011e+00
    2.00699997e+00 2.01200008e+00 2.00900006e+00 2.00300002e+00
    2.00300002e+00 2. 2.00300002e+00 2.00200009e+00 2.00500011e+00
    2.00500011e+00 2.00500011e+00 2.00300002e+00 2.00300002e+00
    2.00500011e+00 2.00500011e+00 2.00600004e+00 2.00300002e+00
    2.00300002e+00 2.00200009e+00 2. 1.99899995e+00 0. 0. 0. 0. 0. 0. 0.
    0. 0. 0. 0. 0. 0. 0. 0. 0. 2. 2. 2. 1.99899995e+00 2. 1.99699998e+00
    2. 1.99699998e+00 1.99899995e+00 2. 2. 2. 2. 2. 2.00099993e+00
    2.00200009e+00 2.00300002e+00 2.00300002e+00 2.00300002e+00
    2.00300002e+00 2.00300002e+00 2.00099993e+00 2.00300002e+00
    1.99500000e+00 0. 0. 0. 0. 0. 0. 0. 0. 0. 0. 0. 0. 0. 0. 0. 0. 2.
    2.00300002e+00 2. 1.99699998e+00 2. 1.99699998e+00 2. 1.99699998e+00
    1.99699998e+00 1.99800003e+00 2.00099993e+00 2. 2.00200009e+00
    2.00200009e+00 2.00099993e+00 2.00200009e+00 2.00300002e+00
    2.00300002e+00 2.00300002e+00 2.00300002e+00 2.00300002e+00 2.
    2.00099993e+00 2. 0. 0. 0. 0. 0. 0. 0. 0. 0. 0. 0. 0. 0. 0. 0. 0. 2.
    2. 1.99699998e+00 1.99699998e+00 1.99899995e+00 1.99899995e+00 2.
    1.99899995e+00 1.99800003e+00 2. 2. 2. 2.00200009e+00 2. 2.
    2.00300002e+00 2.00300002e+00 2.00300002e+00 2.00099993e+00 2.
    2.00200009e+00 2.00200009e+00 2. 1.99699998e+00 0. 0. 0. 0. 0. 0. 0.
    0. 0. 0. 0. 0. 0. 0. 0. 0. 1.99600005e+00 1.99699998e+00
    1.99699998e+00 1.99699998e+00 1.99899995e+00 1.99699998e+00
    1.99699998e+00 1.99699998e+00 1.99699998e+00 2. 2. 1.99699998e+00
    1.99699998e+00 2. 2. 2.00300002e+00 2.00300002e+00 2.00300002e+00
    2.00300002e+00 2.00300002e+00 2.00300002e+00 2.00300002e+00 2. 2. 0.
    0. 0. 0. 0. 0. 0. 0. 0. 0. 0. 0. 0. 0. 0. 0. 1.99500000e+00
    1.99699998e+00 1.99699998e+00 1.99899995e+00 1.99699998e+00
    1.99699998e+00 1.99699998e+00 2. 1.99699998e+00 1.99800003e+00 2.
    1.99899995e+00 2. 2. 2. 2.00300002e+00 2.00300002e+00 2.00300002e+00
    2.00200009e+00 2.00300002e+00 2.00300002e+00 2.00099993e+00 2.
    2.00099993e+00 1.45599997e+00 0. 0. 0. 0. 0. 0. 0. 0. 0. 0. 0. 0. 0.
    0. 0. 1.99500000e+00 1.99699998e+00 1.99699998e+00 1.99699998e+00
    1.99800003e+00 1.99699998e+00 1.99699998e+00 1.99699998e+00 2. 2. 2.
    2. 2. 1.99899995e+00 2. 2.00300002e+00 2.00300002e+00 2.
    2.00300002e+00 2.00200009e+00 2.00099993e+00 1.99800003e+00 2. 2.
    1.75899994e+00 0. 0. 0. 0. 0. 0. 0. 0. 0. 0. 0. 0. 0. 0. 0.
    1.99699998e+00 1.99699998e+00 1.99699998e+00 1.99699998e+00
    1.99800003e+00 1.99699998e+00 1.99899995e+00 2. 2. 2. 2.
    1.99699998e+00 2. 2. 2. 2. 2.00300002e+00 2.00200009e+00
    2.00300002e+00 2.00200009e+00 2.00099993e+00 2. 2. 1.99800003e+00
    1.11600006e+00 0. 0. 0. 0. 0. 0. 0. 0. 0. 0. 0. 0. 0. 0. 0.
    1.99399996e+00 1.99699998e+00 1.99899995e+00 1.99699998e+00
    1.99699998e+00 1.99699998e+00 1.99699998e+00 2. 1.99800003e+00 2.
    2.00099993e+00 1.99800003e+00 2. 2. 2. 2.00300002e+00 2.00300002e+00
    2.00300002e+00 2.00300002e+00 2.00300002e+00 2. 2. 2.00099993e+00 2.
    1.75899994e+00 0. 0. 0. 0. 0. 0. 0. 0. 0. 0. 0. 0. 0. 0. 0.
    1.99699998e+00 1.99699998e+00 1.99699998e+00 1.99699998e+00 2.
    1.99699998e+00 2. 2. 1.99699998e+00 1.99800003e+00 2. 2.
    2.00300002e+00 2.00099993e+00 2.00300002e+00 2.00300002e+00
    2.00300002e+00 2.00300002e+00 2. 2.00099993e+00 2.00300002e+00
    2.00200009e+00 2.00300002e+00 2.00300002e+00 1.75999999e+00 0. 0. 0.
    0. 0. 0. 0. 0. 0. 0. 0. 0. 0. 0. 0. 1.99500000e+00 1.99699998e+00
    1.99699998e+00 1.99699998e+00 1.99800003e+00 2.00099993e+00 2. 2.
    1.99800003e+00 2. 2.00200009e+00 2.00099993e+00 2. 2.00099993e+00 2.
    2. 2. 2.00300002e+00 2.00200009e+00 2.00200009e+00 2.00300002e+00
    2.00300002e+00 2. 2.00099993e+00 1.76199996e+00 0. 0. 0. 0. 0. 0. 0.
    0. 0. 0. 0. 0. 0. 0. 0. 1.95000005e+00 1.99699998e+00 2.
    1.99899995e+00 1.99800003e+00 2. 2. 2. 2. 1.99699998e+00
    1.99699998e+00 2.00099993e+00 2.00300002e+00 2.00200009e+00
    2.00099993e+00 2.00300002e+00 2.00300002e+00 2.00300002e+00
    2.00300002e+00 2.00300002e+00 2.00300002e+00 2.00200009e+00
    1.99899995e+00 2. 1.76400006e+00 0. 0. 0. 0. 0. 0. 0. 0. 0. 0. 0. 0.
    0. 0. 0. 1.79400003e+00 1.99699998e+00 1.99800003e+00 2. 2. 2.
    2.00200009e+00 2. 2. 2. 1.99899995e+00 2. 2.00099993e+00
    2.00200009e+00 2.00300002e+00 2.00300002e+00 2.00300002e+00
    2.00300002e+00 2.00300002e+00 2.00300002e+00 2.00300002e+00 2.
    1.99899995e+00 2. 1.75999999e+00 0. 0. 0. 0. 0. 0. 0. 0. 0. 0. 0. 0.
    0. 0. 0. 1.99800003e+00 1.99699998e+00 2. 2. 2. 2.00300002e+00 2. 2.
    2.00099993e+00 2. 2.00200009e+00 2.00300002e+00 2.00099993e+00
    2.00200009e+00 2.00300002e+00 2.00300002e+00 2.00200009e+00
    2.00300002e+00 2.00300002e+00 2.00300002e+00 2.00300002e+00 2.
    2.00099993e+00 2.00300002e+00 1.75999999e+00 0. 0. 0. 0. 0. 0. 0. 0.
    0. 0. 0. 0. 0. 0. 0. 1.79700005e+00 1.99899995e+00 1.99699998e+00
    1.99899995e+00 2. 2.00300002e+00 2. 2. 2.00300002e+00 2. 2.
    2.00300002e+00 2.00300002e+00 2.00200009e+00 2.00300002e+00
    2.00300002e+00 2.00300002e+00 2.00300002e+00 2.00300002e+00
    2.00300002e+00 2.00300002e+00 2.00300002e+00 2.00300002e+00
    2.00300002e+00 1.76199996e+00 0. 0. 0. 0. 0. 0. 0. 0. 0. 0. 0. 0. 0.
    0. 0. 1.79700005e+00 2. 1.99899995e+00 2. 2. 2. 2.00300002e+00
    2.00300002e+00 2.00300002e+00 2. 2.00300002e+00 2.00200009e+00 2.
    2.00200009e+00 2.00300002e+00 2.00300002e+00 2.00300002e+00
    2.00300002e+00 2.00300002e+00 2.00300002e+00 2.00300002e+00
    2.00300002e+00 2.00300002e+00 2.00300002e+00 1.76199996e+00 0. 0. 0.
    0. 0. 0. 0. 0. 0. 0. 0. 0. 0. 0. 0. 1.95700002e+00 2.00300002e+00
    2.00300002e+00 2. 2.00200009e+00 2.00200009e+00 2.00300002e+00
    2.00300002e+00 2.00099993e+00 2. 2.00300002e+00 2.00300002e+00
    2.00300002e+00 2.00300002e+00 2.00300002e+00 2.00300002e+00
    2.00300002e+00 2.00300002e+00 2.00300002e+00 2.00300002e+00
    2.00300002e+00 2.00300002e+00 2.00300002e+00 2. 1.58200002e+00 0. 0.
    0. 0. 0. 0. 0. 0. 0. 0. 0. 0. 0. 0. 0. 0. 2.00099993e+00
    2.00300002e+00 2. 2. 2. 2.00300002e+00 2.00300002e+00 2.00300002e+00
    2.00200009e+00 2.00300002e+00 2.00300002e+00 2.00300002e+00 2.
    2.00300002e+00 2.00399995e+00 2.00300002e+00 2.00300002e+00
    2.00300002e+00 2.00300002e+00 2.00300002e+00 2.00300002e+00
