<?xml version="1.0"?>
<opencv_storage>
<Depth type_id="opencv-matrix">
  <rows>40</rows>
  <cols>40</cols>
  <dt>f</dt>
  <data>
    0. 0. 0. 0. 0. 0. 0. 0. 0. 0. 0. 0. 0. 0. 0. 0. 0. 0. 0. 0. 0. 0. 0.
    0. 0. 0. 0. 0. 0. 0. 0. 0. 0. 0. 0. 0. 0. 0. 0. 0. 0. 0. 0. 0. 0. 0.
    0. 0. 0. 0. 0. 0. 0. 0. 0. 0. 0. 0. 0. 0. 0. 0. 0. 0. 0. 0. 0. 0. 0.
    0. 0. 0. 0. 0. 0. 0. 0. 0. 0. 0. 0. 0. 0. 0. 0. 0. 0. 0. 0. 0. 0. 0.
    0. 0. 0. 0. 0. 0. 0. 0. 0. 0. 0. 0. 0. 0. 0. 0. 0. 0. 0. 0. 0. 0. 0.
    0. 0. 0. 0. 0. 0. 0. 0. 0. 0. 0. 0. 0. 0. 0. 0. 0. 0. 0. 0. 0. 0. 0.
    0. 0. 0. 0. 0. 0. 0. 0. 0. 0. 0. 0. 0. 0. 0. 0. 0. 0. 0. 0. 0. 0. 0.
    0. 0. 0. 0. 0. 0. 0. 0. 0. 0. 0. 0. 0. 0. 0. 0. 0. 0. 0. 0. 0. 0. 0.
    0. 0. 0. 0. 0. 0. 0. 0. 0. 0. 0. 0. 0. 0. 0. 0. 0. 0. 0. 0. 0. 0. 0.
    0. 0. 0. 0. 0. 0. 0. 0. 0. 0. 0. 0. 0. 0. 0. 0. 0. 0. 0. 0. 0. 0. 0.
    0. 0. 0. 0. 0. 0. 0. 0. 0. 0. 0. 0. 0. 0. 0. 0. 0. 0. 0. 0. 0. 0. 0.
    0. 0. 0. 0. 0. 0. 0. 0. 0. 0. 0. 0. 0. 0. 0. 0. 0. 0. 0. 0. 0. 0. 0.
    0. 0. 0. 0. 0. 0. 0. 0. 0. 0. 0. 0. 0. 0. 0. 0. 0. 0. 0. 0. 0. 0. 0.
    0. 0. 0. 0. 0. 0. 0. 0. 0. 0. 0. 0. 0. 0. 0. 0. 0. 0. 0. 0. 0. 0. 0.
    0. 0. 0. 0. 0. 0. 0. 0. 0. 2.58400011e+00 2.58400011e+00
    2.58400011e+00 2.57699990e+00 2.52200007e+00 2.46600008e+00
    2.41199994e+00 2.35800004e+00 2.33699989e+00 2.33699989e+00
    2.33699989e+00 2.33699989e+00 2.33699989e+00 2.33699989e+00
    2.33699989e+00 2.33699989e+00 2.33699989e+00 2.33699989e+00 0. 0. 0.
    0. 0. 0. 0. 0. 0. 0. 0. 0. 0. 0. 0. 0. 0. 0. 0. 0. 0. 0.
    2.56299996e+00 2.56299996e+00 2.56299996e+00 2.55800009e+00
    2.51099992e+00 2.46499991e+00 2.41199994e+00 2.35800004e+00
    2.33699989e+00 2.33699989e+00 2.33699989e+00 2.33699989e+00
    2.33699989e+00 2.33699989e+00 2.33699989e+00 2.33699989e+00
    2.33699989e+00 2.33699989e+00 0. 0. 0. 0. 0. 0. 0. 0. 0. 0. 0. 0. 0.
    0. 0. 0. 0. 0. 0. 0. 0. 0. 2.50799990e+00 2.50799990e+00
    2.50799990e+00 2.50500011e+00 2.48300004e+00 2.46199989e+00
    2.41199994e+00 2.35800004e+00 2.33699989e+00 2.33699989e+00
    2.33699989e+00 2.33699989e+00 2.33699989e+00 2.33699989e+00
    2.33699989e+00 2.33699989e+00 2.33699989e+00 2.33699989e+00 0. 0. 0.
    0. 0. 0. 0. 0. 0. 0. 0. 0. 0. 0. 0. 0. 0. 0. 0. 0. 0. 0.
    2.45199990e+00 2.45099998e+00 2.44799995e+00 2.44600010e+00
    2.44600010e+00 2.44600010e+00 2.40100002e+00 2.34999990e+00
    2.33100009e+00 2.33100009e+00 2.33100009e+00 2.33100009e+00
    2.33100009e+00 2.33100009e+00 2.33100009e+00 2.33100009e+00
    2.33100009e+00 2.33100009e+00 0. 0. 0. 0. 0. 0. 0. 0. 0. 0. 0. 0. 0.
    0. 0. 0. 0. 0. 0. 0. 0. 0. 2.39800000e+00 2.38899994e+00
    2.36299992e+00 2.33999991e+00 2.33999991e+00 2.33999991e+00
    2.31699991e+00 2.28900003e+00 2.27900004e+00 2.27900004e+00
    2.27900004e+00 2.27900004e+00 2.27900004e+00 2.27900004e+00
    2.27900004e+00 2.27900004e+00 2.27900004e+00 2.27900004e+00 0. 0. 0.
    0. 0. 0. 0. 0. 0. 0. 0. 0. 0. 0. 0. 0. 0. 0. 0. 0. 0. 0.
    2.34400010e+00 2.32599998e+00 2.27699995e+00 2.23499990e+00
    2.23499990e+00 2.23499990e+00 2.23200011e+00 2.22900009e+00
    2.22799993e+00 2.22799993e+00 2.22799993e+00 2.22799993e+00
    2.22799993e+00 2.22799993e+00 2.22799993e+00 2.22799993e+00
    2.22799993e+00 2.22799993e+00 0. 0. 0. 0. 0. 0. 0. 0. 0. 0. 0. 0. 0.
    0. 0. 0. 0. 0. 0. 0. 0. 0. 2.29200006e+00 2.27999997e+00
    2.24900007e+00 2.22099996e+00 2.22099996e+00 2.22099996e+00
    2.22099996e+00 2.22099996e+00 2.22099996e+00 2.22099996e+00
    2.22099996e+00 2.22099996e+00 2.22099996e+00 2.22099996e+00
    2.22099996e+00 2.20400000e+00 2.18499994e+00 2.17700005e+00 0. 0. 0.
    0. 0. 0. 0. 0. 0. 0. 0. 0. 0. 0. 0. 0. 0. 0. 0. 0. 0. 0.
    2.24099994e+00 2.23699999e+00 2.22900009e+00 2.22099996e+00
    2.22099996e+00 2.22099996e+00 2.22099996e+00 2.22099996e+00
    2.22099996e+00 2.22099996e+00 2.22099996e+00 2.22099996e+00
    2.22099996e+00 2.22099996e+00 2.22099996e+00 2.18499994e+00
    2.14299989e+00 2.12700009e+00 0. 0. 0. 0. 0. 0. 0. 0. 0. 0. 0. 0. 0.
    0. 0. 0. 0. 0. 0. 0. 0. 0. 2.22099996e+00 2.22099996e+00
    2.22099996e+00 2.22099996e+00 2.22099996e+00 2.22099996e+00
    2.20900011e+00 2.19499993e+00 2.19000006e+00 2.19000006e+00
    2.19000006e+00 2.19000006e+00 2.19000006e+00 2.19000006e+00
    2.19000006e+00 2.15799999e+00 2.12199998e+00 2.10800004e+00 0. 0. 0.
    0. 0. 0. 0. 0. 0. 0. 0. 0. 0. 0. 0. 0. 0. 0. 0. 0. 0. 0.
    2.22099996e+00 2.22099996e+00 2.22099996e+00 2.22099996e+00
    2.22099996e+00 2.22099996e+00 2.19000006e+00 2.15300012e+00
    2.14000010e+00 2.14000010e+00 2.14000010e+00 2.14000010e+00
    2.14000010e+00 2.14000010e+00 2.14000010e+00 2.12700009e+00
    2.11299992e+00 2.10800004e+00 0. 0. 0. 0. 0. 0. 0. 0. 0. 0. 0. 0. 0.
    0. 0. 0. 0. 0. 0. 0. 0. 0. 2.22099996e+00 2.22099996e+00
    2.22099996e+00 2.21900010e+00 2.20300007e+00 2.18700004e+00
    2.14800000e+00 2.10599995e+00 2.08999991e+00 2.08999991e+00
    2.08999991e+00 2.08999991e+00 2.09100008e+00 2.09899998e+00
    2.10700011e+00 2.10800004e+00 2.10800004e+00 2.10800004e+00 0. 0. 0.
    0. 0. 0. 0. 0. 0. 0. 0. 0. 0. 0. 0. 0. 0. 0. 0. 0. 0. 0.
    2.22099996e+00 2.22099996e+00 2.22099996e+00 2.21399999e+00
    2.15400004e+00 2.09400010e+00 2.06900001e+00 2.04999995e+00
    2.04200006e+00 2.04200006e+00 2.04200006e+00 2.04200006e+00
    2.04600000e+00 2.07500005e+00 2.10400009e+00 2.10800004e+00
    2.10800004e+00 2.10800004e+00 0. 0. 0. 0. 0. 0. 0. 0. 0. 0. 0. 0. 0.
    0. 0. 0. 0. 0. 0. 0. 0. 0. 2.22099996e+00 2.22099996e+00
    2.22099996e+00 2.20900011e+00 2.11100006e+00 2.01300001e+00 2. 2. 2.
    2. 2. 2. 2.00500011e+00 2.05100012e+00 2.09599996e+00 2.10500002e+00
    2.10700011e+00 2.10800004e+00 0. 0. 0. 0. 0. 0. 0. 0. 0. 0. 0. 0. 0.
    0. 0. 0. 0. 0. 0. 0. 0. 0. 2.22099996e+00 2.22099996e+00
    2.22099996e+00 2.20900011e+00 2.11100006e+00 2.01300001e+00 2. 2. 2.
    2. 2. 2. 2.00300002e+00 2.02699995e+00 2.05100012e+00 2.07500005e+00
    2.09899998e+00 2.10800004e+00 0. 0. 0. 0. 0. 0. 0. 0. 0. 0. 0. 0. 0.
    0. 0. 0. 0. 0. 0. 0. 0. 0. 2.22099996e+00 2.22099996e+00
    2.22099996e+00 2.20900011e+00 2.11100006e+00 2.01300001e+00 2. 2. 2.
    2. 2. 2. 2. 2.00300002e+00 2.00600004e+00 2.04600000e+00
    2.09100008e+00 2.10800004e+00 0. 0. 0. 0. 0. 0. 0. 0. 0. 0. 0. 0. 0.
    0. 0. 0. 0. 0. 0. 0. 0. 0. 2.22099996e+00 2.22099996e+00
    2.22099996e+00 2.21399999e+00 2.15300012e+00 2.09299994e+00
    2.08500004e+00 2.08500004e+00 2.06200004e+00 2.02399993e+00 2. 2. 2.
    2. 2. 2.02600002e+00 2.05500007e+00 2.06599998e+00 0. 0. 0. 0. 0. 0.
    0. 0. 0. 0. 0. 0. 0. 0. 0. 0. 0. 0. 0. 0. 0. 0. 2.22099996e+00
    2.22099996e+00 2.22099996e+00 2.21900010e+00 2.20199990e+00
    2.18499994e+00 2.18300009e+00 2.18300009e+00 2.13299990e+00
    2.05100012e+00 2. 2. 2. 2. 2. 2.00699997e+00 2.01500010e+00
    2.01799989e+00 0. 0. 0. 0. 0. 0. 0. 0. 0. 0. 0. 0. 0. 0. 0. 0. 0. 0.
    0. 0. 0. 0. 2.22099996e+00 2.21600008e+00 2.20199990e+00
    2.19000006e+00 2.19000006e+00 2.19000006e+00 2.19000006e+00
    2.19000006e+00 2.14599991e+00 2.07500005e+00 2.02500010e+00
    2.01200008e+00 2. 2. 2. 2. 2. 2. 0. 0. 0. 0. 0. 0. 0. 0. 0. 0. 0. 0.
    0. 0. 0. 0. 0. 0. 0. 0. 0. 0. 2.22099996e+00 2.20799994e+00
    2.17199993e+00 2.14000010e+00 2.14000010e+00 2.14000010e+00
    2.14000010e+00 2.14000010e+00 2.12299991e+00 2.09500003e+00
    2.06500006e+00 2.02999997e+00 2. 2. 2. 2. 2. 2. 0. 0. 0. 0. 0. 0. 0.
    0. 0. 0. 0. 0. 0. 0. 0. 0. 0. 0. 0. 0. 0. 0. 2.20300007e+00
    2.18700004e+00 2.14499998e+00 2.10800004e+00 2.10800004e+00
    2.10800004e+00 2.10100007e+00 2.09299994e+00 2.09100008e+00
    2.09100008e+00 2.07599998e+00 2.03500009e+00 2. 2. 2. 2. 2. 2. 0. 0.
    0. 0. 0. 0. 0. 0. 0. 0. 0. 0. 0. 0. 0. 0. 0. 0. 0. 0. 0. 0.
    2.15300012e+00 2.14499998e+00 2.12500000e+00 2.10800004e+00
    2.10800004e+00 2.10800004e+00 2.08299994e+00 2.05399990e+00
    2.04299998e+00 2.04299998e+00 2.03600001e+00 2.01699996e+00 2. 2. 2.
