<?xml version="1.0"?>
<opencv_storage>
<Depth type_id="opencv-matrix">
  <rows>40</rows>
  <cols>40</cols>
  <dt>f</dt>
  <data>
    0. 0. 0. 0. 0. 0. 0. 0. 0. 0. 0. 0. 0. 0. 0. 0. 0. 0. 0. 0. 0. 0. 0.
    0. 0. 0. 0. 0. 0. 0. 0. 0. 0. 0. 0. 0. 0. 0. 0. 0. 0. 0. 0. 0. 0. 0.
    0. 0. 0. 0. 0. 0. 0. 0. 0. 0. 0. 0. 0. 0. 0. 0. 0. 0. 0. 0. 0. 0. 0.
    0. 0. 0. 0. 0. 0. 0. 0. 0. 0. 0. 0. 0. 0. 0. 0. 0. 0. 0. 0. 0. 0. 0.
    0. 0. 0. 0. 0. 0. 0. 0. 0. 0. 0. 0. 0. 0. 0. 0. 0. 0. 0. 0. 0. 0. 0.
    0. 0. 0. 0. 0. 0. 0. 0. 0. 0. 0. 0. 0. 0. 0. 0. 0. 0. 0. 0. 0. 0. 0.
    0. 0. 0. 0. 0. 0. 0. 0. 0. 0. 0. 0. 0. 0. 0. 0. 0. 0. 0. 0. 0. 0. 0.
    0. 0. 0. 0. 0. 0. 0. 0. 0. 0. 0. 0. 0. 0. 0. 0. 0. 0. 0. 0. 0. 0. 0.
    0. 0. 0. 0. 0. 0. 0. 0. 0. 0. 0. 0. 0. 0. 0. 0. 0. 0. 2.63000011e+00
    2.65000010e+00 2.71099997e+00 2.77099991e+00 2.77099991e+00
    2.77099991e+00 2.73099995e+00 2.67000008e+00 2.63000011e+00
    2.63000011e+00 2.63000011e+00 2.63000011e+00 2.63000011e+00
    2.59100008e+00 2.53299999e+00 2.49399996e+00 2.49399996e+00
    2.49399996e+00 2.43799996e+00 2.38199997e+00 2.29299998e+00
    2.18700004e+00 2.09999990e+00 2.04999995e+00 2. 2. 2. 1.96800005e+00
    1.91999996e+00 1.87199998e+00 1.82599998e+00 1.77900004e+00
    1.77900004e+00 1.77900004e+00 1.77900004e+00 0. 0. 0. 0. 0.
    2.63000011e+00 2.65000010e+00 2.71099997e+00 2.77099991e+00
    2.76200008e+00 2.75399995e+00 2.71600008e+00 2.66499996e+00
    2.63000011e+00 2.63000011e+00 2.63000011e+00 2.62199998e+00
    2.61299992e+00 2.57699990e+00 2.52699995e+00 2.49099994e+00
    2.48300004e+00 2.47499990e+00 2.42000008e+00 2.36400008e+00
    2.27999997e+00 2.18199992e+00 2.09999990e+00 2.04999995e+00 2.
    1.99300003e+00 1.98599994e+00 1.95599997e+00 1.91499996e+00
    1.87199998e+00 1.82599998e+00 1.77900004e+00 1.77900004e+00
    1.77900004e+00 1.77900004e+00 0. 0. 0. 0. 0. 2.63000011e+00
    2.65000010e+00 2.71099997e+00 2.77099991e+00 2.73699999e+00
    2.70199990e+00 2.67300010e+00 2.64700007e+00 2.63000011e+00
    2.63000011e+00 2.63000011e+00 2.59699988e+00 2.56299996e+00
    2.53600001e+00 2.51099992e+00 2.48300004e+00 2.45099998e+00
    2.41899991e+00 2.36500001e+00 2.30999994e+00 2.24200010e+00
    2.16599989e+00 2.09999990e+00 2.04999995e+00 2. 1.97200000e+00
    1.94500005e+00 1.92200005e+00 1.90100002e+00 1.87199998e+00
    1.82599998e+00 1.77900004e+00 1.77900004e+00 1.77900004e+00
    1.77900004e+00 0. 0. 0. 0. 0. 2.63000011e+00 2.65000010e+00
    2.71099997e+00 2.77099991e+00 2.71099997e+00 2.65000010e+00
    2.63000011e+00 2.63000011e+00 2.63000011e+00 2.63000011e+00
    2.63000011e+00 2.57200003e+00 2.51399994e+00 2.49399996e+00
    2.49399996e+00 2.47499990e+00 2.41899991e+00 2.36299992e+00
    2.30999994e+00 2.25600004e+00 2.20300007e+00 2.15100002e+00
    2.09999990e+00 2.04999995e+00 2. 1.95200002e+00 1.90300000e+00
    1.88699996e+00 1.88699996e+00 1.87199998e+00 1.82599998e+00
    1.77900004e+00 1.77900004e+00 1.77900004e+00 1.77900004e+00 0. 0. 0.
    0. 0. 2.69000006e+00 2.70199990e+00 2.73600006e+00 2.77099991e+00
    2.71099997e+00 2.65000010e+00 2.63000011e+00 2.63000011e+00
    2.63000011e+00 2.63000011e+00 2.63000011e+00 2.57200003e+00
    2.51399994e+00 2.49399996e+00 2.49399996e+00 2.45300007e+00
    2.33100009e+00 2.20799994e+00 2.17700005e+00 2.14599991e+00
    2.10200000e+00 2.05200005e+00 2.00900006e+00 1.98000002e+00
    1.95200002e+00 1.92400002e+00 1.89600003e+00 1.88699996e+00
    1.88699996e+00 1.87199998e+00 1.82599998e+00 1.77900004e+00
    1.77900004e+00 1.77900004e+00 1.77900004e+00 0. 0. 0. 0. 0.
    2.75099993e+00 2.75399995e+00 2.76200008e+00 2.77099991e+00
    2.71099997e+00 2.65000010e+00 2.63000011e+00 2.63000011e+00
    2.63000011e+00 2.63000011e+00 2.63000011e+00 2.57200003e+00
    2.51399994e+00 2.49399996e+00 2.49399996e+00 2.43099999e+00
    2.24200010e+00 2.05299997e+00 2.04399991e+00 2.03699994e+00
    2.00200009e+00 1.95299995e+00 1.91700006e+00 1.90999997e+00
    1.90300000e+00 1.89600003e+00 1.88900006e+00 1.88699996e+00
    1.88699996e+00 1.87199998e+00 1.82599998e+00 1.77900004e+00
    1.77900004e+00 1.77900004e+00 1.77900004e+00 0. 0. 0. 0. 0.
    2.77099991e+00 2.77099991e+00 2.77099991e+00 2.77099991e+00
    2.72799993e+00 2.68499994e+00 2.65899992e+00 2.64199996e+00
    2.63000011e+00 2.63000011e+00 2.63000011e+00 2.54099989e+00
    2.45099998e+00 2.39199996e+00 2.34999990e+00 2.27099991e+00
    2.11899996e+00 1.96800005e+00 1.98199999e+00 1.99500000e+00
    1.96800005e+00 1.91900003e+00 1.88699996e+00 1.88699996e+00
    1.88699996e+00 1.88699996e+00 1.88699996e+00 1.88699996e+00
    1.88699996e+00 1.87199998e+00 1.82599998e+00 1.77900004e+00
    1.74199998e+00 1.70500004e+00 1.69200003e+00 0. 0. 0. 0. 0.
    2.77099991e+00 2.77099991e+00 2.77099991e+00 2.77099991e+00
    2.75399995e+00 2.73600006e+00 2.70199990e+00 2.65899992e+00
    2.63000011e+00 2.63000011e+00 2.63000011e+00 2.49399996e+00
    2.35700011e+00 2.24000001e+00 2.13299990e+00 2.04099989e+00
    1.98000002e+00 1.91999996e+00 1.95400000e+00 1.98800004e+00
    1.96800005e+00 1.91900003e+00 1.88699996e+00 1.88699996e+00
    1.88699996e+00 1.88699996e+00 1.88699996e+00 1.88699996e+00
    1.88699996e+00 1.87199998e+00 1.82599998e+00 1.77900004e+00
    1.68599999e+00 1.59399998e+00 1.56200004e+00 0. 0. 0. 0. 0.
    2.77099991e+00 2.77099991e+00 2.77099991e+00 2.77099991e+00
    2.76200008e+00 2.75399995e+00 2.71600008e+00 2.66499996e+00
    2.63000011e+00 2.63000011e+00 2.63000011e+00 2.46199989e+00
    2.29399991e+00 2.13800001e+00 1.98800004e+00 1.88699996e+00
    1.88699996e+00 1.88699996e+00 1.93499994e+00 1.98399997e+00
    1.96800005e+00 1.91900003e+00 1.88699996e+00 1.88699996e+00
    1.88699996e+00 1.88000000e+00 1.87399995e+00 1.87199998e+00
    1.87199998e+00 1.85399997e+00 1.80200005e+00 1.75000000e+00
    1.62699997e+00 1.50300002e+00 1.46200001e+00 0. 0. 0. 0. 0.
    2.77099991e+00 2.77099991e+00 2.77099991e+00 2.77099991e+00
    2.73699999e+00 2.70199990e+00 2.67300010e+00 2.64700007e+00
    2.63000011e+00 2.63000011e+00 2.63000011e+00 2.46199989e+00
    2.29399991e+00 2.13800001e+00 1.98800004e+00 1.88699996e+00
    1.88699996e+00 1.88699996e+00 1.93499994e+00 1.98399997e+00
    1.96800005e+00 1.91900003e+00 1.88699996e+00 1.88699996e+00
    1.88699996e+00 1.86099994e+00 1.83399999e+00 1.82500005e+00
    1.82500005e+00 1.80200005e+00 1.73199999e+00 1.66199994e+00
    1.55900002e+00 1.45599997e+00 1.42100000e+00 0. 0. 0. 0. 0.
    2.77099991e+00 2.77099991e+00 2.77099991e+00 2.77099991e+00
    2.71099997e+00 2.65000010e+00 2.63000011e+00 2.63000011e+00
    2.63000011e+00 2.63000011e+00 2.63000011e+00 2.46199989e+00
    2.29399991e+00 2.13800001e+00 1.98800004e+00 1.88699996e+00
    1.88699996e+00 1.88699996e+00 1.93499994e+00 1.98399997e+00
    1.96800005e+00 1.91900003e+00 1.88699996e+00 1.88699996e+00
    1.88699996e+00 1.84099996e+00 1.79499996e+00 1.77900004e+00
    1.77900004e+00 1.75000000e+00 1.66199994e+00 1.57400000e+00
    1.49100006e+00 1.40900004e+00 1.38100004e+00 0. 0. 0. 0. 0.
    2.77099991e+00 2.77099991e+00 2.77099991e+00 2.77099991e+00
    2.71099997e+00 2.65000010e+00 2.63000011e+00 2.63000011e+00
    2.61400008e+00 2.56500006e+00 2.51600003e+00 2.37500000e+00
    2.23300004e+00 2.10100007e+00 1.97300005e+00 1.88699996e+00
    1.88699996e+00 1.88699996e+00 1.93499994e+00 1.98399997e+00
    1.96800005e+00 1.91900003e+00 1.88699996e+00 1.88699996e+00
    1.88699996e+00 1.84099996e+00 1.79499996e+00 1.75399995e+00
    1.71599996e+00 1.66299999e+00 1.57700002e+00 1.49100006e+00
    1.42700005e+00 1.36300004e+00 1.34200001e+00 0. 0. 0. 0. 0.
    2.77099991e+00 2.77099991e+00 2.77099991e+00 2.77099991e+00
    2.71099997e+00 2.65000010e+00 2.63000011e+00 2.63000011e+00
    2.59699988e+00 2.50000000e+00 2.40199995e+00 2.28699994e+00
    2.17199993e+00 2.06299996e+00 1.95799994e+00 1.88699996e+00
    1.88699996e+00 1.88699996e+00 1.93499994e+00 1.98399997e+00
    1.96800005e+00 1.91900003e+00 1.88699996e+00 1.88699996e+00
